Time,Price,Price Change,RSI,State,Cash Allocation,Coin Allocation,Cash Balance,Coin Balance,Value
1668394855.0519283,0.047384,0.0,33.34023446,-2.0,1.0,0.0,1000.0,0.0,1000.0
1668394914.887699,0.047227,-0.000157,26.76480166,-1.0,1.0,0.0,1000.0,0.0,1000.0
1668394974.9066916,0.047375,0.000148,34.83737267,2.0,0.0,1.0,0.0,21108.179419525062,1000.0
1668395036.1360576,0.04743,5.499999999999949e-05,37.62530694,2.0,0.0,1.0,0.0,21108.179419525062,1001.1609498680735
1668395095.728759,0.047551,0.000121,43.15914047,2.0,0.0,1.0,0.0,21108.179419525062,1003.7150395778364
1668395155.8646004,0.047512,-3.900000000000431e-05,41.81830986,2.0,0.0,1.0,0.0,21108.179419525062,1002.8918205804748
1668395216.325036,0.047485,-2.6999999999999247e-05,40.87162192,2.0,0.0,1.0,0.0,21108.179419525062,1002.3218997361477
1668395275.7727778,0.04745,-3.500000000000031e-05,39.61952318,2.0,0.0,1.0,0.0,21108.179419525062,1001.5831134564642
1668395335.793073,0.047423,-2.6999999999999247e-05,38.91165314,2.0,0.0,1.0,0.0,21108.179419525062,1001.013192612137
1668395397.066134,0.047441,1.7999999999997185e-05,40.99237669,2.0,0.0,1.0,0.0,21108.179419525062,1001.3931398416884
1668395455.7878718,0.04737,-7.099999999999468e-05,38.69543892,2.0,0.0,1.0,0.0,21108.179419525062,999.8944591029024
1668395515.7894757,0.04746,8.99999999999998e-05,42.98996569,2.0,0.0,1.0,0.0,21108.179419525062,1001.7941952506596
1668395576.1621573,0.047422,-3.800000000000331e-05,41.64146296,2.0,0.0,1.0,0.0,21108.179419525062,1000.9920844327174
1668395635.8733757,0.047381,-4.099999999999937e-05,40.77715434,2.0,0.0,1.0,0.0,21108.179419525062,1000.126649076517
1668395696.1338058,0.04746,7.900000000000268e-05,44.47209558,2.0,0.0,1.0,0.0,21108.179419525062,1001.7941952506596
1668395755.9141483,0.047515,5.499999999999949e-05,47.11615192,2.0,0.0,1.0,0.0,21108.179419525062,1002.9551451187334
1668395815.8135974,0.047334,-0.000181,39.35131307,2.0,0.0,1.0,0.0,21108.179419525062,999.1345646437992
1668395875.754527,0.04733,-4.000000000004e-06,39.23643585,2.0,0.0,1.0,0.0,21108.179419525062,999.0501319261213
1668395935.8485715,0.047332,2.000000000002e-06,39.57352157,2.0,0.0,1.0,0.0,21108.179419525062,999.0923482849604
1668395995.8622768,0.047388,5.6000000000000494e-05,42.90821285,2.0,0.0,1.0,0.0,21108.179419525062,1000.2744063324536
1668396055.9337,0.047497,0.0001089999999999,48.43040855,2.0,0.0,1.0,0.0,21108.179419525062,1002.5751978891818
1668396115.7743666,0.047485,-1.1999999999998123e-05,48.08288887,2.0,0.0,1.0,0.0,21108.179419525062,1002.3218997361477
1668396175.9872956,0.04754,5.499999999999949e-05,50.04408199,2.0,0.0,1.0,0.0,21108.179419525062,1003.4828496042214
1668396235.7383084,0.047579,3.900000000000431e-05,51.54923875,2.0,0.0,1.0,0.0,21108.179419525062,1004.306068601583
1668396296.8459556,0.047678,9.899999999999493e-05,55.08831336,2.0,0.0,1.0,0.0,21108.179419525062,1006.395778364116
1668396355.7572985,0.047423,-0.0002549999999999,45.34943472,2.0,0.0,1.0,0.0,21108.179419525062,1001.013192612137
1668396416.047811,0.047307,-0.0001159999999999,41.66628296,2.0,0.0,1.0,0.0,21108.179419525062,998.5646437994722
1668396476.0481915,0.047324,1.6999999999996185e-05,42.05985589,2.0,0.0,1.0,0.0,21108.179419525062,998.923482849604
1668396535.911911,0.04735,2.6000000000005186e-05,43.29494805,2.0,0.0,1.0,0.0,21108.179419525062,999.4722955145118
1668396595.796981,0.047288,-6.20000000000065e-05,41.10474867,2.0,0.0,1.0,0.0,21108.179419525062,998.1635883905012
1668396655.910892,0.047262,-2.5999999999998247e-05,40.17071876,2.0,0.0,1.0,0.0,21108.179419525062,997.6147757255934
1668396716.0262716,0.04727,8.000000000001062e-06,40.76811618,2.0,0.0,1.0,0.0,21108.179419525062,997.7836411609496
1668396775.8200445,0.047262,-8.000000000001062e-06,40.47597801,2.0,0.0,1.0,0.0,21108.179419525062,997.6147757255934
1668396835.9189858,0.047269,7.000000000000062e-06,40.9183767,2.0,0.0,1.0,0.0,21108.179419525062,997.7625329815302
1668396895.8681617,0.047269,0.0,40.9183767,2.0,0.0,1.0,0.0,21108.179419525062,997.7625329815302
1668396955.8119147,0.047261,-8.000000000001062e-06,40.53262894,2.0,0.0,1.0,0.0,21108.179419525062,997.593667546174
1668397016.152332,0.04728,1.9000000000005124e-05,41.71837346,2.0,0.0,1.0,0.0,21108.179419525062,997.994722955145
1668397076.1482797,0.047236,-4.400000000000237e-05,39.26122646,2.0,0.0,1.0,0.0,21108.179419525062,997.0659630606858
1668397136.130978,0.047274,3.799999999999637e-05,41.77674649,2.0,0.0,1.0,0.0,21108.179419525062,997.8680738786276
1668397195.7245147,0.047278,4.000000000004e-06,42.80881813,2.0,0.0,1.0,0.0,21108.179419525062,997.952506596306
1668397255.777363,0.047278,0.0,42.80881813,2.0,0.0,1.0,0.0,21108.179419525062,997.952506596306
1668397315.970313,0.047278,0.0,42.80881813,2.0,0.0,1.0,0.0,21108.179419525062,997.952506596306
1668397375.916621,0.047278,0.0,42.80881813,2.0,0.0,1.0,0.0,21108.179419525062,997.952506596306
1668397435.8633697,0.047339,6.099999999999856e-05,47.66062976,2.0,0.0,1.0,0.0,21108.179419525062,999.2401055408968
1668397495.8665168,0.047512,0.0001729999999999,58.41942961,2.0,0.0,1.0,0.0,21108.179419525062,1002.8918205804748
1668397555.9637213,0.047444,-6.799999999999862e-05,54.0303371,2.0,0.0,1.0,0.0,21108.179419525062,1001.4564643799472
1668397615.936225,0.047379,-6.500000000000256e-05,49.54572858,2.0,0.0,1.0,0.0,21108.179419525062,1000.0844327176778
1668397675.9596045,0.047373,-5.999999999999062e-06,49.23813804,2.0,0.0,1.0,0.0,21108.179419525062,999.9577836411607
1668397735.7130413,0.04742,4.699999999999843e-05,52.32188694,2.0,0.0,1.0,0.0,21108.179419525062,1000.9498680738784
1668397796.0323577,0.047322,-9.799999999999393e-05,46.0865951,2.0,0.0,1.0,0.0,21108.179419525062,998.881266490765
1668397856.076656,0.047324,1.9999999999950613e-06,46.92981389,2.0,0.0,1.0,0.0,21108.179419525062,998.923482849604
1668397916.0564623,0.047292,-3.199999999999731e-05,44.70163513,2.0,0.0,1.0,0.0,21108.179419525062,998.2480211081792
1668397975.7742715,0.047338,4.599999999999743e-05,48.1017969,2.0,0.0,1.0,0.0,21108.179419525062,999.2189973614774
1668398035.8778963,0.047469,0.0001309999999999,54.81307903,2.0,0.0,1.0,0.0,21108.179419525062,1001.9841688654352
1668398095.9711363,0.047594,0.000125,60.87450248,2.0,0.0,1.0,0.0,21108.179419525062,1004.6226912928756
1668398155.902674,0.047576,-1.7999999999997185e-05,60.4368757,2.0,0.0,1.0,0.0,21108.179419525062,1004.2427440633244
1668398216.25153,0.047516,-5.999999999999756e-05,57.45368915,2.0,0.0,1.0,0.0,21108.179419525062,1002.9762532981528
1668398275.928917,0.047516,0.0,57.45368915,2.0,0.0,1.0,0.0,21108.179419525062,1002.9762532981528
1668398336.0116892,0.047516,0.0,57.45368915,2.0,0.0,1.0,0.0,21108.179419525062,1002.9762532981528
1668398395.952566,0.047527,1.0999999999997123e-05,57.40777056,2.0,0.0,1.0,0.0,21108.179419525062,1003.2084432717676
1668398455.8937166,0.047571,4.400000000000237e-05,60.73672967,2.0,0.0,1.0,0.0,21108.179419525062,1004.1372031662268
1668398515.8881652,0.047571,0.0,60.73672967,2.0,0.0,1.0,0.0,21108.179419525062,1004.1372031662268
1668398576.0313487,0.047405,-0.0001659999999999,47.53076322,2.0,0.0,1.0,0.0,21108.179419525062,1000.6332453825856
1668398636.668882,0.047405,0.0,47.53076322,2.0,0.0,1.0,0.0,21108.179419525062,1000.6332453825856
1668398695.9101958,0.047426,2.1000000000000185e-05,49.0402927,2.0,0.0,1.0,0.0,21108.179419525062,1001.0765171503956
1668398756.040243,0.047426,0.0,49.0402927,2.0,0.0,1.0,0.0,21108.179419525062,1001.0765171503956
1668398815.800866,0.04746,3.399999999999931e-05,51.47446594,2.0,0.0,1.0,0.0,21108.179419525062,1001.7941952506596
1668398876.07152,0.047603,0.0001429999999999,60.21182217,2.0,0.0,1.0,0.0,21108.179419525062,1004.8126649076517
1668398936.0482156,0.047731,0.000128,65.66404018,2.0,0.0,1.0,0.0,21108.179419525062,1007.5145118733508
1668398995.9812608,0.047731,0.0,65.66404018,2.0,0.0,1.0,0.0,21108.179419525062,1007.5145118733508
1668399056.6435158,0.047731,0.0,65.66404018,2.0,0.0,1.0,0.0,21108.179419525062,1007.5145118733508
1668399115.8494267,0.047708,-2.3000000000002185e-05,63.84095986,2.0,0.0,1.0,0.0,21108.179419525062,1007.0290237467016
1668399176.0160036,0.047709,1.000000000001e-06,63.89151078,2.0,0.0,1.0,0.0,21108.179419525062,1007.0501319261213
1668399235.9508772,0.047709,0.0,63.89539345,2.0,0.0,1.0,0.0,21108.179419525062,1007.0501319261213
1668399296.0816529,0.047864,0.0001549999999999,71.14597613,1.0,0.0,1.0,0.0,21108.179419525062,1010.3218997361477
1668399355.9379122,0.047891,2.7000000000006182e-05,72.12122628,1.0,0.0,1.0,0.0,21108.179419525062,1010.8918205804748
1668399415.8192253,0.04789,-1.000000000001e-06,72.01667044,1.0,0.0,1.0,0.0,21108.179419525062,1010.8707124010552
1668399475.876274,0.047929,3.899999999999737e-05,72.13913689,1.0,0.0,1.0,0.0,21108.179419525062,1011.6939313984168
1668399536.141369,0.0482,0.000271,81.46007641,1.0,0.0,1.0,0.0,21108.179419525062,1017.414248021108
1668399596.0167084,0.048326,0.000126,79.87295926,1.0,0.0,1.0,0.0,21108.179419525062,1020.0738786279682
1668399656.0639634,0.048612,0.000286,86.38052288,1.0,0.0,1.0,0.0,21108.179419525062,1026.1108179419523
1668399716.048892,0.048404,-0.0002079999999999,72.55450083,1.0,0.0,1.0,0.0,21108.179419525062,1021.7203166226911
1668399776.0997765,0.04833,-7.400000000000462e-05,68.4535208,1.0,0.0,1.0,0.0,21108.179419525062,1020.1583113456462
1668399836.1520033,0.048424,9.40000000000038e-05,71.66797387,1.0,0.0,1.0,0.0,21108.179419525062,1022.1424802110816
1668399896.0961978,0.048359,-6.500000000000256e-05,69.65757977,1.0,0.0,1.0,0.0,21108.179419525062,1020.7704485488124
1668399956.887442,0.04833,-2.9000000000001247e-05,68.18352389,1.0,0.0,1.0,0.0,21108.179419525062,1020.1583113456462
1668400015.9774334,0.048331,1.000000000001e-06,67.28085194,1.0,0.0,1.0,0.0,21108.179419525062,1020.1794195250658
1668400075.962777,0.048514,0.000183,72.45298687,1.0,0.0,1.0,0.0,21108.179419525062,1024.042216358839
1668400135.9795344,0.04839,-0.0001239999999999,66.20914096,1.0,0.0,1.0,0.0,21108.179419525062,1021.4248021108178
1668400196.0712793,0.048411,2.1000000000000185e-05,67.11705805,1.0,0.0,1.0,0.0,21108.179419525062,1021.8680738786278
1668400255.9320695,0.048457,4.599999999999743e-05,68.67648143,1.0,0.0,1.0,0.0,21108.179419525062,1022.839050131926
1668400316.106838,0.048299,-0.0001579999999999,59.55229172,-2.0,1.0,0.0,1019.503957783641,0.0,1019.503957783641
1668400376.0294554,0.04833,3.099999999999631e-05,60.59242715,-2.0,1.0,0.0,1019.503957783641,0.0,1019.503957783641
1668400436.66039,0.048213,-0.0001169999999999,53.75203391,-2.0,1.0,0.0,1019.503957783641,0.0,1019.503957783641
1668400496.158308,0.048131,-8.199999999999874e-05,49.82120466,-2.0,1.0,0.0,1019.503957783641,0.0,1019.503957783641
1668400555.9674363,0.048231,0.0001,54.16223818,-2.0,1.0,0.0,1019.503957783641,0.0,1019.503957783641
1668400615.9771025,0.04824,8.999999999995123e-06,54.49317277,-2.0,1.0,0.0,1019.503957783641,0.0,1019.503957783641
1668400676.0672443,0.048357,0.0001169999999999,59.40734251,-2.0,1.0,0.0,1019.503957783641,0.0,1019.503957783641
1668400735.9765694,0.048494,0.000137,64.17871093,-2.0,1.0,0.0,1019.503957783641,0.0,1019.503957783641
1668400796.2138147,0.048465,-2.9000000000001247e-05,62.41431315,-2.0,1.0,0.0,1019.503957783641,0.0,1019.503957783641
1668400855.9884894,0.048515,5.000000000000143e-05,64.23973374,-2.0,1.0,0.0,1019.503957783641,0.0,1019.503957783641
1668400917.3233335,0.048477,-3.800000000000331e-05,62.86920452,-2.0,1.0,0.0,1019.503957783641,0.0,1019.503957783641
1668400976.0914023,0.048673,0.000196,69.38637983,-2.0,1.0,0.0,1019.503957783641,0.0,1019.503957783641
1668401035.9742255,0.048748,7.499999999999868e-05,70.08939455,-2.0,1.0,0.0,1019.503957783641,0.0,1019.503957783641
1668401096.052169,0.048728,-1.9999999999999185e-05,67.76906517,-2.0,1.0,0.0,1019.503957783641,0.0,1019.503957783641
1668401156.0804372,0.048812,8.400000000000074e-05,70.01245077,-2.0,1.0,0.0,1019.503957783641,0.0,1019.503957783641
1668401216.0470858,0.048689,-0.0001229999999999,63.16099261,-2.0,1.0,0.0,1019.503957783641,0.0,1019.503957783641
1668401275.9912343,0.048639,-5.000000000000143e-05,60.61895216,-2.0,1.0,0.0,1019.503957783641,0.0,1019.503957783641
1668401335.959381,0.048644,4.9999999999980616e-06,59.92475091,-2.0,1.0,0.0,1019.503957783641,0.0,1019.503957783641
1668401397.338767,0.04857,-7.399999999999768e-05,57.16309312,-2.0,1.0,0.0,1019.503957783641,0.0,1019.503957783641
1668401456.0697434,0.048472,-9.800000000000086e-05,52.33591796,-2.0,1.0,0.0,1019.503957783641,0.0,1019.503957783641
1668401516.0508502,0.048577,0.000105,56.7414589,-2.0,1.0,0.0,1019.503957783641,0.0,1019.503957783641
1668401576.0176797,0.048538,-3.900000000000431e-05,54.71635338,-2.0,1.0,0.0,1019.503957783641,0.0,1019.503957783641
1668401636.7191277,0.048578,4.000000000000531e-05,56.43377588,-2.0,1.0,0.0,1019.503957783641,0.0,1019.503957783641
1668401696.0401044,0.04865,7.199999999999568e-05,59.35657913,-2.0,1.0,0.0,1019.503957783641,0.0,1019.503957783641
1668401756.1482463,0.048467,-0.0001829999999999,50.2387577,-2.0,1.0,0.0,1019.503957783641,0.0,1019.503957783641
1668401816.0946343,0.048467,0.0,50.2387577,-2.0,1.0,0.0,1019.503957783641,0.0,1019.503957783641
1668401877.3682058,0.048486,1.8999999999998185e-05,51.32475475,-2.0,1.0,0.0,1019.503957783641,0.0,1019.503957783641
1668401936.0085282,0.048294,-0.000192,42.10516153,-2.0,1.0,0.0,1019.503957783641,0.0,1019.503957783641
1668401996.0636885,0.048455,0.000161,50.10306653,-2.0,1.0,0.0,1019.503957783641,0.0,1019.503957783641
1668402056.0241616,0.048452,-2.9999999999960614e-06,50.11874082,-2.0,1.0,0.0,1019.503957783641,0.0,1019.503957783641
1668402115.9305134,0.048414,-3.800000000000331e-05,47.95295069,-2.0,1.0,0.0,1019.503957783641,0.0,1019.503957783641
1668402175.9214966,0.048411,-2.9999999999960614e-06,47.75934894,-2.0,1.0,0.0,1019.503957783641,0.0,1019.503957783641
1668402236.0946815,0.048326,-8.500000000000174e-05,43.13027869,-2.0,1.0,0.0,1019.503957783641,0.0,1019.503957783641
1668402296.2389507,0.048268,-5.8000000000002494e-05,40.9488514,-2.0,1.0,0.0,1019.503957783641,0.0,1019.503957783641
1668402356.7920587,0.048268,0.0,40.9488514,-2.0,1.0,0.0,1019.503957783641,0.0,1019.503957783641
1668402416.179891,0.048268,0.0,40.9488514,-2.0,1.0,0.0,1019.503957783641,0.0,1019.503957783641
1668402476.1571517,0.048379,0.0001109999999999,48.28994415,-2.0,1.0,0.0,1019.503957783641,0.0,1019.503957783641
1668402536.3330765,0.048343,-3.600000000000131e-05,46.32512219,-2.0,1.0,0.0,1019.503957783641,0.0,1019.503957783641
1668402596.07506,0.048305,-3.799999999999637e-05,44.28058597,-2.0,1.0,0.0,1019.503957783641,0.0,1019.503957783641
1668402655.9883697,0.048345,3.999999999999837e-05,46.78411298,-2.0,1.0,0.0,1019.503957783641,0.0,1019.503957783641
1668402716.2431805,0.048352,7.000000000000062e-06,47.23760264,-2.0,1.0,0.0,1019.503957783641,0.0,1019.503957783641
1668402776.1098664,0.048351,-1.000000000001e-06,47.1757538,-2.0,1.0,0.0,1019.503957783641,0.0,1019.503957783641
1668402836.7694104,0.048349,-1.9999999999950613e-06,47.05903654,-2.0,1.0,0.0,1019.503957783641,0.0,1019.503957783641
1668402896.189917,0.0483,-4.900000000000043e-05,44.07898484,-2.0,1.0,0.0,1019.503957783641,0.0,1019.503957783641
1668402956.2884605,0.0483,0.0,44.07898484,-2.0,1.0,0.0,1019.503957783641,0.0,1019.503957783641
1668403016.0473044,0.048301,9.999999999940612e-07,44.1567062,-2.0,1.0,0.0,1019.503957783641,0.0,1019.503957783641
1668403076.0677674,0.048396,9.50000000000048e-05,51.1086418,-2.0,1.0,0.0,1019.503957783641,0.0,1019.503957783641
1668403136.0012586,0.048302,-9.40000000000038e-05,44.24016488,-2.0,1.0,0.0,1019.503957783641,0.0,1019.503957783641
1668403196.0374424,0.04826,-4.200000000000037e-05,41.48717615,-2.0,1.0,0.0,1019.503957783641,0.0,1019.503957783641
1668403256.1473773,0.048268,8.000000000001062e-06,42.01060578,-2.0,1.0,0.0,1019.503957783641,0.0,1019.503957783641
1668403317.2472465,0.04817,-9.800000000000086e-05,35.93550117,-2.0,1.0,0.0,1019.503957783641,0.0,1019.503957783641
1668403376.0559292,0.048298,0.000128,46.87722375,-2.0,1.0,0.0,1019.503957783641,0.0,1019.503957783641
1668403436.3425338,0.048281,-1.7000000000003124e-05,45.65702931,-2.0,1.0,0.0,1019.503957783641,0.0,1019.503957783641
1668403496.0925283,0.048349,6.800000000000556e-05,51.21178191,-2.0,1.0,0.0,1019.503957783641,0.0,1019.503957783641
1668403556.3680675,0.048339,-1.0000000000003062e-05,50.46703244,-2.0,1.0,0.0,1019.503957783641,0.0,1019.503957783641
1668403616.0941734,0.048321,-1.7999999999997185e-05,49.19398971,-2.0,1.0,0.0,1019.503957783641,0.0,1019.503957783641
1668403676.1756432,0.048447,0.0001259999999999,57.47750588,-2.0,1.0,0.0,1019.503957783641,0.0,1019.503957783641
1668403736.0448215,0.04847,2.3000000000002185e-05,58.97566964,-2.0,1.0,0.0,1019.503957783641,0.0,1019.503957783641
1668403796.468387,0.048544,7.399999999999768e-05,63.28639719,-2.0,1.0,0.0,1019.503957783641,0.0,1019.503957783641
1668403856.2336822,0.0486,5.6000000000000494e-05,66.08975141,-2.0,1.0,0.0,1019.503957783641,0.0,1019.503957783641
1668403916.1621115,0.048536,-6.399999999999462e-05,59.06810575,-2.0,1.0,0.0,1019.503957783641,0.0,1019.503957783641
1668403976.1072333,0.048509,-2.7000000000006182e-05,57.18586479,-2.0,1.0,0.0,1019.503957783641,0.0,1019.503957783641
1668404036.3742292,0.048612,0.000103,62.20702468,-2.0,1.0,0.0,1019.503957783641,0.0,1019.503957783641
1668404096.485715,0.048599,-1.2999999999999123e-05,61.46263971,-2.0,1.0,0.0,1019.503957783641,0.0,1019.503957783641
1668404156.046177,0.048726,0.0001269999999999,67.18457926,-2.0,1.0,0.0,1019.503957783641,0.0,1019.503957783641
1668404216.2876382,0.048586,-0.00014,55.48215765,-2.0,1.0,0.0,1019.503957783641,0.0,1019.503957783641
1668404276.104905,0.048645,5.900000000000349e-05,58.52073106,-2.0,1.0,0.0,1019.503957783641,0.0,1019.503957783641
1668404336.0715766,0.048541,-0.0001039999999999,52.79268532,-2.0,1.0,0.0,1019.503957783641,0.0,1019.503957783641
1668404396.1005983,0.048628,8.69999999999968e-05,56.72990412,-2.0,1.0,0.0,1019.503957783641,0.0,1019.503957783641
1668404456.3909612,0.048733,0.000105,61.0911415,-2.0,1.0,0.0,1019.503957783641,0.0,1019.503957783641
1668404516.3662016,0.048789,5.6000000000000494e-05,63.16147328,-2.0,1.0,0.0,1019.503957783641,0.0,1019.503957783641
1668404576.3939643,0.048835,4.600000000000437e-05,63.72985918,-2.0,1.0,0.0,1019.503957783641,0.0,1019.503957783641
1668404636.2084153,0.048948,0.0001129999999999,68.17198523,-2.0,1.0,0.0,1019.503957783641,0.0,1019.503957783641
1668404696.14193,0.049004,5.6000000000000494e-05,69.78561154,-2.0,1.0,0.0,1019.503957783641,0.0,1019.503957783641
1668404756.2250144,0.04894,-6.400000000000156e-05,65.03150992,-2.0,1.0,0.0,1019.503957783641,0.0,1019.503957783641
1668404816.2728343,0.049123,0.000183,70.96437817,-2.0,1.0,0.0,1019.503957783641,0.0,1019.503957783641
1668404876.4246864,0.049013,-0.0001099999999999,63.61348779,-2.0,1.0,0.0,1019.503957783641,0.0,1019.503957783641
1668404936.2318132,0.048842,-0.0001709999999999,55.18410479,-2.0,1.0,0.0,1019.503957783641,0.0,1019.503957783641
1668404996.115895,0.048991,0.0001489999999999,61.1821143,-2.0,1.0,0.0,1019.503957783641,0.0,1019.503957783641
1668405056.0637903,0.04893,-6.099999999999856e-05,57.99874984,-2.0,1.0,0.0,1019.503957783641,0.0,1019.503957783641
1668405116.9825754,0.048888,-4.200000000000037e-05,55.87956166,-2.0,1.0,0.0,1019.503957783641,0.0,1019.503957783641
1668405176.270144,0.048832,-5.6000000000000494e-05,53.23846698,-2.0,1.0,0.0,1019.503957783641,0.0,1019.503957783641
1668405236.6221466,0.04888,4.799999999999943e-05,54.94312136,-2.0,1.0,0.0,1019.503957783641,0.0,1019.503957783641
1668405296.4531145,0.048812,-6.799999999999862e-05,51.50523404,-2.0,1.0,0.0,1019.503957783641,0.0,1019.503957783641
1668405356.2909474,0.04888,6.799999999999862e-05,54.68043555,-2.0,1.0,0.0,1019.503957783641,0.0,1019.503957783641
1668405416.2646296,0.048936,5.6000000000000494e-05,57.04198373,-2.0,1.0,0.0,1019.503957783641,0.0,1019.503957783641
1668405476.279456,0.048957,2.1000000000000185e-05,57.96883245,-2.0,1.0,0.0,1019.503957783641,0.0,1019.503957783641
1668405536.0965447,0.048845,-0.000112,51.21595704,-2.0,1.0,0.0,1019.503957783641,0.0,1019.503957783641
1668405596.7440455,0.048855,1.0000000000003062e-05,51.43253164,-2.0,1.0,0.0,1019.503957783641,0.0,1019.503957783641
1668405656.1993928,0.048994,0.000139,58.22935086,-2.0,1.0,0.0,1019.503957783641,0.0,1019.503957783641
1668405716.3533523,0.048785,-0.000209,47.34097549,-2.0,1.0,0.0,1019.503957783641,0.0,1019.503957783641
1668405776.2763116,0.048722,-6.300000000000056e-05,44.32201898,-2.0,1.0,0.0,1019.503957783641,0.0,1019.503957783641
1668405836.4118004,0.048735,1.2999999999999123e-05,44.89540402,-2.0,1.0,0.0,1019.503957783641,0.0,1019.503957783641
1668405896.2886815,0.048641,-9.40000000000038e-05,40.49973932,-2.0,1.0,0.0,1019.503957783641,0.0,1019.503957783641
1668405956.3605783,0.048653,1.2000000000005062e-05,41.29899345,-2.0,1.0,0.0,1019.503957783641,0.0,1019.503957783641
1668406016.2525127,0.048729,7.599999999999968e-05,45.98482752,-2.0,1.0,0.0,1019.503957783641,0.0,1019.503957783641
1668406076.288332,0.048735,5.999999999999062e-06,47.19771197,-2.0,1.0,0.0,1019.503957783641,0.0,1019.503957783641
1668406136.3734894,0.048714,-2.1000000000000185e-05,46.30208848,-2.0,1.0,0.0,1019.503957783641,0.0,1019.503957783641
1668406196.2231398,0.04863,-8.400000000000074e-05,42.60074455,-2.0,1.0,0.0,1019.503957783641,0.0,1019.503957783641
1668406256.1433473,0.048613,-1.6999999999996185e-05,41.87123836,-2.0,1.0,0.0,1019.503957783641,0.0,1019.503957783641
1668406316.2504373,0.048698,8.49999999999948e-05,46.77864877,-2.0,1.0,0.0,1019.503957783641,0.0,1019.503957783641
1668406376.4330585,0.048754,5.6000000000000494e-05,49.63023907,-2.0,1.0,0.0,1019.503957783641,0.0,1019.503957783641
1668406436.515453,0.04884,8.600000000000274e-05,53.78993971,-2.0,1.0,0.0,1019.503957783641,0.0,1019.503957783641
1668406496.4856875,0.048858,1.7999999999997185e-05,54.14234742,-2.0,1.0,0.0,1019.503957783641,0.0,1019.503957783641
1668406556.4333603,0.048807,-5.099999999999549e-05,51.37560631,-2.0,1.0,0.0,1019.503957783641,0.0,1019.503957783641
1668406617.312057,0.048823,1.5999999999995185e-05,52.20199504,-2.0,1.0,0.0,1019.503957783641,0.0,1019.503957783641
1668406677.433074,0.048612,-0.0002109999999999,41.98740147,-2.0,1.0,0.0,1019.503957783641,0.0,1019.503957783641
1668406737.3108237,0.048522,-8.99999999999998e-05,38.66125571,-2.0,1.0,0.0,1019.503957783641,0.0,1019.503957783641
1668406798.203584,0.04849,-3.200000000000425e-05,37.50493839,-2.0,1.0,0.0,1019.503957783641,0.0,1019.503957783641
1668406858.1638725,0.048598,0.000108,43.4537094,-2.0,1.0,0.0,1019.503957783641,0.0,1019.503957783641
1668406918.2235649,0.04856,-3.800000000000331e-05,41.98899757,-2.0,1.0,0.0,1019.503957783641,0.0,1019.503957783641
1668406978.92358,0.048558,-2.000000000002e-06,41.9016196,-2.0,1.0,0.0,1019.503957783641,0.0,1019.503957783641
1668407039.7117922,0.048667,0.000109,48.44194308,-2.0,1.0,0.0,1019.503957783641,0.0,1019.503957783641
1668407098.9131007,0.04855,-0.0001169999999999,42.60177771,-2.0,1.0,0.0,1019.503957783641,0.0,1019.503957783641
1668407159.861942,0.048489,-6.100000000000549e-05,39.8819968,-2.0,1.0,0.0,1019.503957783641,0.0,1019.503957783641
1668407219.7094746,0.048545,5.6000000000000494e-05,42.94106916,-2.0,1.0,0.0,1019.503957783641,0.0,1019.503957783641
1668407279.7958577,0.048521,-2.3999999999996247e-05,41.72821415,-2.0,1.0,0.0,1019.503957783641,0.0,1019.503957783641
1668407340.6163602,0.048516,-5.000000000005e-06,41.94165348,-2.0,1.0,0.0,1019.503957783641,0.0,1019.503957783641
1668407400.5053406,0.048451,-6.499999999999562e-05,38.78860661,-2.0,1.0,0.0,1019.503957783641,0.0,1019.503957783641
1668407460.968742,0.048453,2.000000000002e-06,38.94411506,-2.0,1.0,0.0,1019.503957783641,0.0,1019.503957783641
1668407521.2534516,0.048389,-6.400000000000156e-05,35.86544601,-2.0,1.0,0.0,1019.503957783641,0.0,1019.503957783641
1668407581.8283331,0.048489,9.999999999999593e-05,43.45481794,-2.0,1.0,0.0,1019.503957783641,0.0,1019.503957783641
1668407641.2870026,0.048489,0.0,43.45481794,-2.0,1.0,0.0,1019.503957783641,0.0,1019.503957783641
1668407702.3988218,0.048409,-7.999999999999674e-05,39.32640278,-2.0,1.0,0.0,1019.503957783641,0.0,1019.503957783641
1668407762.4586744,0.048405,-4.000000000004e-06,39.41524172,-2.0,1.0,0.0,1019.503957783641,0.0,1019.503957783641
1668407822.3159711,0.048396,-8.999999999995123e-06,38.94516129,-2.0,1.0,0.0,1019.503957783641,0.0,1019.503957783641
1668407883.1779468,0.048351,-4.500000000000337e-05,36.59506738,-2.0,1.0,0.0,1019.503957783641,0.0,1019.503957783641
1668407943.161145,0.04825,-0.0001009999999999,31.9339979,-1.0,1.0,0.0,1019.503957783641,0.0,1019.503957783641
1668408003.2181854,0.048226,-2.4000000000003185e-05,30.92668607,-1.0,1.0,0.0,1019.503957783641,0.0,1019.503957783641
1668408064.118868,0.0482,-2.5999999999998247e-05,29.79699478,-1.0,1.0,0.0,1019.503957783641,0.0,1019.503957783641
1668408124.7528453,0.047839,-0.000361,19.65218332,-1.0,1.0,0.0,1019.503957783641,0.0,1019.503957783641
1668408184.0477598,0.046861,-0.0009779999999999,10.01616269,-1.0,1.0,0.0,1019.503957783641,0.0,1019.503957783641
1668408245.537053,0.046461,-0.0003999999999999,8.21810525,-1.0,1.0,0.0,1019.503957783641,0.0,1019.503957783641
1668408305.354443,0.04595,-0.000511,18.15880835,-1.0,1.0,0.0,1019.503957783641,0.0,1019.503957783641
1668408365.377074,0.046063,0.000113,24.57388387,-1.0,1.0,0.0,1019.503957783641,0.0,1019.503957783641
1668408426.2732885,0.046538,0.000475,31.07904794,-1.0,1.0,0.0,1019.503957783641,0.0,1019.503957783641
1668408486.3233807,0.046616,7.799999999999474e-05,33.36052168,2.0,0.0,1.0,0.0,21870.258232873715,1019.5039577836412
1668408546.1720057,0.04664,2.4000000000003185e-05,34.68150128,2.0,0.0,1.0,0.0,21870.258232873715,1020.02884398123
1668408608.8203557,0.046416,-0.000224,31.77247829,2.0,0.0,1.0,0.0,21870.258232873715,1015.1299061370664
1668408667.1442242,0.046169,-0.0002469999999999,29.54390618,2.0,0.0,1.0,0.0,21870.258232873715,1009.7279523535466
1668408727.0491514,0.04601,-0.0001589999999999,28.85980475,2.0,0.0,1.0,0.0,21870.258232873715,1006.2505812945196
1668408787.827924,0.0455,-0.00051,24.8144473,2.0,0.0,1.0,0.0,21870.258232873715,995.096749595754
1668408848.120803,0.04558,8.000000000000368e-05,25.63197652,2.0,0.0,1.0,0.0,21870.258232873715,996.846370254384
1668408907.7386675,0.045728,0.0001479999999999,29.09326291,2.0,0.0,1.0,0.0,21870.258232873715,1000.0831684728493
1668408968.946835,0.045859,0.0001309999999999,32.47321113,2.0,0.0,1.0,0.0,21870.258232873715,1002.9481723013556
1668409028.735384,0.04564,-0.0002189999999999,30.19654811,2.0,0.0,1.0,0.0,21870.258232873715,998.1585857483564
1668409089.20221,0.045526,-0.000114,29.32121341,2.0,0.0,1.0,0.0,21870.258232873715,995.6653763098088
1668409149.5608373,0.045222,-0.0003039999999999,26.29854553,2.0,0.0,1.0,0.0,21870.258232873715,989.0168178070152
1668409209.4917912,0.044607,-0.0006149999999999,21.77948949,2.0,0.0,1.0,0.0,21870.258232873715,975.5666089937978
1668409269.4295487,0.045102,0.000495,28.94355994,2.0,0.0,1.0,0.0,21870.258232873715,986.3923868190705
1668409330.249366,0.045365,0.0002629999999999,34.73810015,2.0,0.0,1.0,0.0,21870.258232873715,992.1442647343162
1668409390.47283,0.045285,-8.000000000000368e-05,33.94035652,2.0,0.0,1.0,0.0,21870.258232873715,990.3946440756862
1668409450.3104987,0.045451,0.0001659999999999,38.32887852,2.0,0.0,1.0,0.0,21870.258232873715,994.0251069423432
1668409511.3258069,0.045412,-3.899999999999737e-05,39.2353407,2.0,0.0,1.0,0.0,21870.258232873715,993.1721668712612
1668409571.1612678,0.045588,0.0001759999999999,42.45521463,2.0,0.0,1.0,0.0,21870.258232873715,997.0213323202468
1668409631.9099376,0.045625,3.700000000000231e-05,43.16820311,2.0,0.0,1.0,0.0,21870.258232873715,997.8305318748633
1668409692.022229,0.045641,1.6000000000002124e-05,43.5544187,2.0,0.0,1.0,0.0,21870.258232873715,998.1804560065892
1668409752.0662467,0.04567,2.9000000000001247e-05,44.30993396,2.0,0.0,1.0,0.0,21870.258232873715,998.8146934953428
1668409812.1100848,0.04567,0.0,44.30993396,2.0,0.0,1.0,0.0,21870.258232873715,998.8146934953428
1668409872.9059584,0.04561,-6.0000000000004494e-05,43.5612118,2.0,0.0,1.0,0.0,21870.258232873715,997.5024780013702
1668409932.8424144,0.045904,0.000294,49.6044561,2.0,0.0,1.0,0.0,21870.258232873715,1003.932333921835
1668409992.784089,0.045772,-0.000132,47.18776447,2.0,0.0,1.0,0.0,21870.258232873715,1001.0454598350956
1668410054.0543497,0.045662,-0.0001099999999999,45.32499197,2.0,0.0,1.0,0.0,21870.258232873715,998.6397314294796
1668410114.1761794,0.045731,6.899999999999962e-05,46.81621013,2.0,0.0,1.0,0.0,21870.258232873715,1000.1487792475478
1668410174.7242002,0.04583,9.900000000000186e-05,48.92660201,2.0,0.0,1.0,0.0,21870.258232873715,1002.3139348126024
1668410234.9278977,0.04608,0.00025,53.99835523,2.0,0.0,1.0,0.0,21870.258232873715,1007.7814993708208
1668410294.9165628,0.046039,-4.100000000000631e-05,53.05027954,2.0,0.0,1.0,0.0,21870.258232873715,1006.8848187832727
1668410354.9623034,0.046153,0.000114,55.42876067,2.0,0.0,1.0,0.0,21870.258232873715,1009.3780282218206
1668410415.6881404,0.046215,6.199999999999956e-05,56.76701467,2.0,0.0,1.0,0.0,21870.258232873715,1010.7339842322588
1668410475.751867,0.046064,-0.0001509999999999,52.75269033,2.0,0.0,1.0,0.0,21870.258232873715,1007.4315752390949
1668410535.745328,0.04594,-0.0001239999999999,49.91416447,2.0,0.0,1.0,0.0,21870.258232873715,1004.7196632182186
1668410596.5187504,0.04596,1.9999999999999185e-05,50.37642792,2.0,0.0,1.0,0.0,21870.258232873715,1005.157068382876
1668410656.5355017,0.04574,-0.0002199999999999,45.39369345,2.0,0.0,1.0,0.0,21870.258232873715,1000.3456115716438
1668410716.3821468,0.045485,-0.000255,40.32900744,2.0,0.0,1.0,0.0,21870.258232873715,994.7686957222608
1668410777.5430152,0.045365,-0.0001199999999999,38.19402526,2.0,0.0,1.0,0.0,21870.258232873715,992.1442647343162
1668410837.4340396,0.04485,-0.000515,30.78052091,2.0,0.0,1.0,0.0,21870.258232873715,980.8810817443862
1668410897.6978023,0.04478,-7.000000000000062e-05,30.99033274,2.0,0.0,1.0,0.0,21870.258232873715,979.350163668085
1668410958.2889783,0.044643,-0.0001369999999999,28.32781944,2.0,0.0,1.0,0.0,21870.258232873715,976.3539382901812
1668411018.434299,0.044154,-0.000489,23.43964085,2.0,0.0,1.0,0.0,21870.258232873715,965.659382014306
1668411078.2733624,0.044131,-2.3000000000002185e-05,23.92691555,2.0,0.0,1.0,0.0,21870.258232873715,965.1563660749498
1668411138.899393,0.044225,9.40000000000038e-05,26.41632959,2.0,0.0,1.0,0.0,21870.258232873715,967.21217034884
1668411199.2119596,0.044369,0.0001439999999999,30.19914236,2.0,0.0,1.0,0.0,21870.258232873715,970.361487534374
1668411258.824706,0.044319,-5.000000000000143e-05,29.90844376,2.0,0.0,1.0,0.0,21870.258232873715,969.26797462273
1668411319.9079833,0.044432,0.000113,33.31733491,2.0,0.0,1.0,0.0,21870.258232873715,971.7393138030448
1668411379.8691008,0.044038,-0.0003939999999999,27.89910497,2.0,0.0,1.0,0.0,21870.258232873715,963.1224320592928
1668411439.8812895,0.044042,3.9999999999970615e-06,27.94643474,2.0,0.0,1.0,0.0,21870.258232873715,963.2099130922242
1668411500.8326232,0.044065,2.3000000000002185e-05,29.6505456,2.0,0.0,1.0,0.0,21870.258232873715,963.7129290315804
1668411560.7002728,0.044445,0.0003799999999999,39.85610668,2.0,0.0,1.0,0.0,21870.258232873715,972.0236271600722
1668411620.7431617,0.044373,-7.199999999999568e-05,38.08838005,2.0,0.0,1.0,0.0,21870.258232873715,970.4489685673054
1668411681.7544167,0.044351,-2.2000000000001185e-05,38.13702841,2.0,0.0,1.0,0.0,21870.258232873715,969.967822886182
1668411741.578596,0.044403,5.199999999999649e-05,39.91959771,2.0,0.0,1.0,0.0,21870.258232873715,971.1050763142916
1668411801.4168448,0.044133,-0.0002699999999999,35.01246259,2.0,0.0,1.0,0.0,21870.258232873715,965.2001065914156
1668411862.8487527,0.044079,-5.3999999999998494e-05,34.56471208,2.0,0.0,1.0,0.0,21870.258232873715,964.0191126468404
1668411922.941818,0.043909,-0.00017,31.71545066,2.0,0.0,1.0,0.0,21870.258232873715,960.3011687472518
1668411982.733857,0.043857,-5.199999999999649e-05,31.03769493,2.0,0.0,1.0,0.0,21870.258232873715,959.1639153191426
1668412043.735882,0.044054,0.000197,37.56443255,2.0,0.0,1.0,0.0,21870.258232873715,963.4723561910188
1668412103.8475106,0.044258,0.0002039999999999,43.41497282,2.0,0.0,1.0,0.0,21870.258232873715,967.9338888705248
1668412164.3150952,0.044133,-0.000125,40.68972301,2.0,0.0,1.0,0.0,21870.258232873715,965.2001065914156
1668412225.0100846,0.04413,-2.9999999999960614e-06,40.62802149,2.0,0.0,1.0,0.0,21870.258232873715,965.1344958167172
1668412284.7456162,0.044,-0.00013,37.94298939,2.0,0.0,1.0,0.0,21870.258232873715,962.2913622464434
1668412344.8409393,0.043825,-0.0001749999999999,34.56844558,2.0,0.0,1.0,0.0,21870.258232873715,958.4640670556906
1668412405.6413093,0.044068,0.000243,41.78744608,2.0,0.0,1.0,0.0,21870.258232873715,963.7785398062788
1668412465.6655934,0.044203,0.0001349999999999,45.808211,2.0,0.0,1.0,0.0,21870.258232873715,966.7310246677168
1668412525.6282015,0.044131,-7.200000000000262e-05,44.03482178,2.0,0.0,1.0,0.0,21870.258232873715,965.1563660749498
1668412586.7035143,0.04415,1.9000000000005124e-05,44.69380364,2.0,0.0,1.0,0.0,21870.258232873715,965.5719009813746
1668412647.14491,0.044139,-1.1000000000004062e-05,44.54732637,2.0,0.0,1.0,0.0,21870.258232873715,965.3313281408128
1668412707.2088206,0.044092,-4.699999999999843e-05,42.94429767,2.0,0.0,1.0,0.0,21870.258232873715,964.3034260038678
1668412767.464157,0.044075,-1.6999999999996185e-05,42.59784264,2.0,0.0,1.0,0.0,21870.258232873715,963.9316316139092
1668412827.4740632,0.043951,-0.000124,39.05765756,2.0,0.0,1.0,0.0,21870.258232873715,961.2197195930326
1668412887.5684772,0.0438,-0.0001509999999999,35.31548355,2.0,0.0,1.0,0.0,21870.258232873715,957.9173105998688
1668412948.20416,0.043706,-9.399999999999686e-05,33.09409958,2.0,0.0,1.0,0.0,21870.258232873715,955.8615063259788
1668413008.2109797,0.043728,2.2000000000001185e-05,34.21192589,2.0,0.0,1.0,0.0,21870.258232873715,956.3426520071018
1668413068.1969645,0.043653,-7.500000000000562e-05,32.35948815,2.0,0.0,1.0,0.0,21870.258232873715,954.7023826396362
1668413129.1700654,0.043542,-0.0001109999999999,29.92870984,2.0,0.0,1.0,0.0,21870.258232873715,952.2747839757872
1668413189.1485093,0.043688,0.000146,36.89138025,2.0,0.0,1.0,0.0,21870.258232873715,955.4678416777869
1668413249.993077,0.043761,7.300000000000362e-05,40.7801243,2.0,0.0,1.0,0.0,21870.258232873715,957.0643705287866
1668413309.8614078,0.044027,0.0002659999999999,49.47733076,2.0,0.0,1.0,0.0,21870.258232873715,962.8818592187308
1668413369.9027767,0.043997,-2.9999999999995308e-05,48.54455239,2.0,0.0,1.0,0.0,21870.258232873715,962.2257514717448
1668413429.9267216,0.04403,3.299999999999831e-05,50.06155402,2.0,0.0,1.0,0.0,21870.258232873715,962.9474699934296
1668413490.6871374,0.043938,-9.20000000000018e-05,46.85381053,2.0,0.0,1.0,0.0,21870.258232873715,960.9354062360052
1668413550.6459236,0.0438,-0.0001379999999999,42.42694429,2.0,0.0,1.0,0.0,21870.258232873715,957.9173105998688
1668413610.606134,0.043527,-0.0002729999999999,35.21663198,2.0,0.0,1.0,0.0,21870.258232873715,951.9467301022944
1668413671.9471548,0.043839,0.0003119999999999,45.84956912,2.0,0.0,1.0,0.0,21870.258232873715,958.7702506709508
1668413732.5683408,0.04374,-9.900000000000186e-05,43.4139839,2.0,0.0,1.0,0.0,21870.258232873715,956.6050951058965
1668413791.9975193,0.043639,-0.000101,41.27845329,2.0,0.0,1.0,0.0,21870.258232873715,954.396199024376
1668413912.6332722,0.043851,0.000212,48.09066939,2.0,0.0,1.0,0.0,21870.258232873715,959.0326937697452
1668413972.5561936,0.04388,2.9000000000001247e-05,49.02255167,2.0,0.0,1.0,0.0,21870.258232873715,959.6669312584988
1668414033.4135058,0.044032,0.0001519999999999,53.14963498,2.0,0.0,1.0,0.0,21870.258232873715,962.9912105098956
1668414093.463035,0.043889,-0.000143,49.0422655,2.0,0.0,1.0,0.0,21870.258232873715,959.8637635825944
1668414153.4509916,0.04396,7.100000000000162e-05,51.0441648,2.0,0.0,1.0,0.0,21870.258232873715,961.4165519171283
1668414215.038124,0.04399,3.0000000000002247e-05,51.44262461,2.0,0.0,1.0,0.0,21870.258232873715,962.0726596641148
1668414274.1991994,0.043915,-7.499999999999868e-05,49.55329837,2.0,0.0,1.0,0.0,21870.258232873715,960.4323902966491
1668414334.2219172,0.04409,0.0001749999999999,54.07451231,2.0,0.0,1.0,0.0,21870.258232873715,964.259685487402
1668414395.2088013,0.044123,3.300000000000525e-05,54.85628762,2.0,0.0,1.0,0.0,21870.258232873715,964.981404009087
1668414455.311896,0.04425,0.0001269999999999,57.83947259,2.0,0.0,1.0,0.0,21870.258232873715,967.758926804662
1668414515.204711,0.04429,4.000000000000531e-05,58.87493862,2.0,0.0,1.0,0.0,21870.258232873715,968.6337371339768
1668414575.925308,0.04425,-4.000000000000531e-05,57.31159827,2.0,0.0,1.0,0.0,21870.258232873715,967.758926804662
1668414636.106157,0.04425,0.0,57.26710161,2.0,0.0,1.0,0.0,21870.258232873715,967.758926804662
1668414696.7361498,0.04417,-7.999999999999674e-05,54.44410595,2.0,0.0,1.0,0.0,21870.258232873715,966.009306146032
1668414756.7218122,0.044161,-9.000000000002062e-06,54.05429156,2.0,0.0,1.0,0.0,21870.258232873715,965.812473821936
1668414816.769134,0.044168,7.000000000000062e-06,54.05001386,2.0,0.0,1.0,0.0,21870.258232873715,965.9655656295662
1668414876.780786,0.044177,9.000000000002062e-06,54.29312575,2.0,0.0,1.0,0.0,21870.258232873715,966.162397953662
1668414937.7568316,0.04417,-7.000000000000062e-06,54.06131111,2.0,0.0,1.0,0.0,21870.258232873715,966.009306146032
1668414997.7924876,0.044296,0.000126,58.1734568,2.0,0.0,1.0,0.0,21870.258232873715,968.7649586833742
1668415057.802117,0.04448,0.0001839999999999,63.47813224,2.0,0.0,1.0,0.0,21870.258232873715,972.7890861982228
1668415118.6324155,0.044374,-0.000106,59.61219032,2.0,0.0,1.0,0.0,21870.258232873715,970.4708388255382
1668415179.5331316,0.04454,0.000166,64.19456622,2.0,0.0,1.0,0.0,21870.258232873715,974.1013016921952
1668415238.6112697,0.04452,-2.0000000000006124e-05,63.66481918,2.0,0.0,1.0,0.0,21870.258232873715,973.6638965275378
1668415299.3726077,0.044365,-0.0001549999999999,56.59021068,2.0,0.0,1.0,0.0,21870.258232873715,970.2740065014424
1668415359.407037,0.044381,1.5999999999995185e-05,57.12848289,2.0,0.0,1.0,0.0,21870.258232873715,970.6239306331682
1668415419.3498733,0.044315,-6.599999999999662e-05,54.12176826,2.0,0.0,1.0,0.0,21870.258232873715,969.1804935897987
1668415480.37877,0.044291,-2.4000000000003185e-05,53.26447368,2.0,0.0,1.0,0.0,21870.258232873715,968.6556073922096
1668415540.2284908,0.044192,-9.899999999999493e-05,49.3578047,2.0,0.0,1.0,0.0,21870.258232873715,966.4904518271552
1668415600.3489196,0.044222,2.9999999999995308e-05,50.72397628,2.0,0.0,1.0,0.0,21870.258232873715,967.1465595741414
1668415661.9648745,0.04423,8.000000000001062e-06,51.04345397,2.0,0.0,1.0,0.0,21870.258232873715,967.3215216400044
1668415721.0620067,0.044339,0.000109,55.02310138,2.0,0.0,1.0,0.0,21870.258232873715,969.7053797873878
1668415781.1268692,0.044236,-0.000103,50.64033444,2.0,0.0,1.0,0.0,21870.258232873715,967.4527431894016
1668415842.105268,0.04429,5.400000000000543e-05,52.8354335,2.0,0.0,1.0,0.0,21870.258232873715,968.6337371339768
1668415901.940829,0.044145,-0.000145,46.63870049,2.0,0.0,1.0,0.0,21870.258232873715,965.46254969021
1668415962.0085282,0.04418,3.500000000000031e-05,48.11345648,2.0,0.0,1.0,0.0,21870.258232873715,966.2280087283608
1668416022.704054,0.04421,3.0000000000002247e-05,49.44020024,2.0,0.0,1.0,0.0,21870.258232873715,966.8841164753468
1668416082.6676772,0.04423,1.9999999999999185e-05,50.41950842,2.0,0.0,1.0,0.0,21870.258232873715,967.3215216400044
1668416142.8590612,0.044211,-1.8999999999998185e-05,49.49008354,2.0,0.0,1.0,0.0,21870.258232873715,966.90598673358
1668416204.1730597,0.044225,1.4000000000000123e-05,50.22589778,2.0,0.0,1.0,0.0,21870.258232873715,967.21217034884
1668416263.7047968,0.044244,1.8999999999998185e-05,51.34705831,2.0,0.0,1.0,0.0,21870.258232873715,967.6277052552648
1668416323.75463,0.04421,-3.399999999999931e-05,49.39434214,2.0,0.0,1.0,0.0,21870.258232873715,966.8841164753468
1668416384.6658826,0.044315,0.000105,55.4918244,2.0,0.0,1.0,0.0,21870.258232873715,969.1804935897987
1668416444.6143055,0.044328,1.2999999999999123e-05,56.16684282,2.0,0.0,1.0,0.0,21870.258232873715,969.464806946826
1668416504.541617,0.04443,0.0001019999999999,61.42356485,2.0,0.0,1.0,0.0,21870.258232873715,971.6955732865792
1668416565.7009065,0.044439,9.000000000002062e-06,61.88785859,2.0,0.0,1.0,0.0,21870.258232873715,971.892405610675
1668416625.4990528,0.044552,0.000113,61.2589153,2.0,0.0,1.0,0.0,21870.258232873715,974.3637447909898
1668416685.6263614,0.04464,8.79999999999978e-05,63.57930153,2.0,0.0,1.0,0.0,21870.258232873715,976.2883275154826
1668416747.3466213,0.04458,-5.999999999999756e-05,60.43636182,2.0,0.0,1.0,0.0,21870.258232873715,974.9761120215104
1668416806.6979308,0.044586,5.999999999999062e-06,60.70615067,2.0,0.0,1.0,0.0,21870.258232873715,975.1073335709076
1668416866.7047656,0.04471,0.0001239999999999,64.82273729,2.0,0.0,1.0,0.0,21870.258232873715,977.8192455917838
1668416927.3991926,0.044668,-4.200000000000037e-05,63.51722395,2.0,0.0,1.0,0.0,21870.258232873715,976.9006947460032
1668416987.284901,0.044789,0.000121,67.36961754,1.0,0.0,1.0,0.0,21870.258232873715,979.5469959921808
1668417047.3897789,0.044647,-0.000142,59.86115295,-2.0,1.0,0.0,976.4414193231128,0.0,976.4414193231128
1668417107.9616828,0.04464,-7.000000000000062e-06,59.10548529,-2.0,1.0,0.0,976.4414193231128,0.0,976.4414193231128
1668417167.9331963,0.044659,1.8999999999998185e-05,59.62352699,-2.0,1.0,0.0,976.4414193231128,0.0,976.4414193231128
1668417228.0777123,0.04473,7.100000000000162e-05,62.42484352,-2.0,1.0,0.0,976.4414193231128,0.0,976.4414193231128
1668417289.0294468,0.04468,-5.000000000000143e-05,60.44218188,-2.0,1.0,0.0,976.4414193231128,0.0,976.4414193231128
1668417348.9960375,0.044693,1.2999999999999123e-05,60.54323619,-2.0,1.0,0.0,976.4414193231128,0.0,976.4414193231128
1668417408.9503844,0.04478,8.700000000000374e-05,64.15103367,-2.0,1.0,0.0,976.4414193231128,0.0,976.4414193231128
1668417469.7598264,0.04478,0.0,62.28663666,-2.0,1.0,0.0,976.4414193231128,0.0,976.4414193231128
1668417529.694864,0.044863,8.299999999999974e-05,65.29013177,-2.0,1.0,0.0,976.4414193231128,0.0,976.4414193231128
1668417589.695398,0.044846,-1.7000000000003124e-05,64.43885467,-2.0,1.0,0.0,976.4414193231128,0.0,976.4414193231128
1668417650.889573,0.04475,-9.599999999999886e-05,57.79112185,-2.0,1.0,0.0,976.4414193231128,0.0,976.4414193231128
1668417710.3945763,0.044666,-8.400000000000074e-05,52.67095495,-2.0,1.0,0.0,976.4414193231128,0.0,976.4414193231128
1668417770.406392,0.044752,8.600000000000274e-05,56.6288001,-2.0,1.0,0.0,976.4414193231128,0.0,976.4414193231128
1668417831.4011693,0.044729,-2.3000000000002185e-05,55.28834105,-2.0,1.0,0.0,976.4414193231128,0.0,976.4414193231128
1668417891.2316923,0.044696,-3.299999999999831e-05,53.47227775,-2.0,1.0,0.0,976.4414193231128,0.0,976.4414193231128
1668417951.2162054,0.044653,-4.300000000000137e-05,51.11617115,-2.0,1.0,0.0,976.4414193231128,0.0,976.4414193231128
1668418012.3468754,0.044653,0.0,51.06786712,-2.0,1.0,0.0,976.4414193231128,0.0,976.4414193231128
1668418072.1938531,0.044626,-2.6999999999999247e-05,49.81781264,-2.0,1.0,0.0,976.4414193231128,0.0,976.4414193231128
1668418132.303956,0.044626,0.0,49.81781264,-2.0,1.0,0.0,976.4414193231128,0.0,976.4414193231128
1668418193.1425767,0.044606,-1.9999999999999185e-05,48.72879761,-2.0,1.0,0.0,976.4414193231128,0.0,976.4414193231128
1668418253.610891,0.044589,-1.7000000000003124e-05,47.8398866,-2.0,1.0,0.0,976.4414193231128,0.0,976.4414193231128
1668418313.1244476,0.04469,0.000101,53.55400649,-2.0,1.0,0.0,976.4414193231128,0.0,976.4414193231128
1668418373.7777452,0.044669,-2.1000000000000185e-05,52.12849578,-2.0,1.0,0.0,976.4414193231128,0.0,976.4414193231128
1668418433.7014782,0.0444,-0.0002689999999999,39.7019288,-2.0,1.0,0.0,976.4414193231128,0.0,976.4414193231128
1668418493.6204932,0.04445,5.000000000000143e-05,42.5710515,-2.0,1.0,0.0,976.4414193231128,0.0,976.4414193231128
1668418554.7120771,0.044488,3.799999999999637e-05,44.72374686,-2.0,1.0,0.0,976.4414193231128,0.0,976.4414193231128
1668418614.871914,0.044439,-4.900000000000043e-05,42.54365283,-2.0,1.0,0.0,976.4414193231128,0.0,976.4414193231128
1668418674.712644,0.04444,1.000000000001e-06,43.38189615,-2.0,1.0,0.0,976.4414193231128,0.0,976.4414193231128
1668418735.3499346,0.044437,-3.0000000000030003e-06,43.72855593,-2.0,1.0,0.0,976.4414193231128,0.0,976.4414193231128
1668418795.6220024,0.044376,-6.099999999999856e-05,39.98292206,-2.0,1.0,0.0,976.4414193231128,0.0,976.4414193231128
1668418855.3609023,0.044379,3.0000000000030003e-06,40.19376537,-2.0,1.0,0.0,976.4414193231128,0.0,976.4414193231128
1668418916.1591043,0.044436,5.700000000000149e-05,43.93593253,-2.0,1.0,0.0,976.4414193231128,0.0,976.4414193231128
1668418976.2021666,0.044423,-1.3000000000006062e-05,43.64785709,-2.0,1.0,0.0,976.4414193231128,0.0,976.4414193231128
1668419036.1641572,0.044444,2.1000000000000185e-05,45.03164899,-2.0,1.0,0.0,976.4414193231128,0.0,976.4414193231128
1668419096.9933667,0.0443,-0.0001439999999999,38.11919907,-2.0,1.0,0.0,976.4414193231128,0.0,976.4414193231128
1668419157.041148,0.044401,0.000101,45.19566481,-2.0,1.0,0.0,976.4414193231128,0.0,976.4414193231128
1668419218.2367232,0.04442,1.8999999999998185e-05,46.3032388,-2.0,1.0,0.0,976.4414193231128,0.0,976.4414193231128
1668419277.931232,0.044309,-0.0001109999999999,40.88623794,-2.0,1.0,0.0,976.4414193231128,0.0,976.4414193231128
1668419337.753101,0.044318,9.000000000002062e-06,41.512081,-2.0,1.0,0.0,976.4414193231128,0.0,976.4414193231128
1668419397.817178,0.044268,-5.000000000000143e-05,39.21128851,-2.0,1.0,0.0,976.4414193231128,0.0,976.4414193231128
1668419458.5466497,0.044323,5.499999999999949e-05,42.51270155,-2.0,1.0,0.0,976.4414193231128,0.0,976.4414193231128
1668419518.4096622,0.044381,5.799999999999556e-05,46.44681133,-2.0,1.0,0.0,976.4414193231128,0.0,976.4414193231128
1668419578.644025,0.04429,-9.099999999999386e-05,41.63278839,-2.0,1.0,0.0,976.4414193231128,0.0,976.4414193231128
1668419639.373729,0.044297,7.000000000000062e-06,41.93775393,-2.0,1.0,0.0,976.4414193231128,0.0,976.4414193231128
1668419699.1614811,0.044246,-5.100000000000243e-05,41.30957282,-2.0,1.0,0.0,976.4414193231128,0.0,976.4414193231128
1668419759.2203505,0.044194,-5.200000000000343e-05,38.98619839,-2.0,1.0,0.0,976.4414193231128,0.0,976.4414193231128
1668419820.7803478,0.04415,-4.399999999999543e-05,36.95683193,-2.0,1.0,0.0,976.4414193231128,0.0,976.4414193231128
1668419879.3968391,0.0441,-5.000000000000143e-05,34.84655379,-2.0,1.0,0.0,976.4414193231128,0.0,976.4414193231128
1668419939.4625392,0.044084,-1.6000000000002124e-05,34.54910599,-2.0,1.0,0.0,976.4414193231128,0.0,976.4414193231128
1668419999.398296,0.044239,0.000155,44.62211534,-2.0,1.0,0.0,976.4414193231128,0.0,976.4414193231128
1668420059.4545295,0.044224,-1.5000000000001124e-05,43.86994078,-2.0,1.0,0.0,976.4414193231128,0.0,976.4414193231128
1668420119.4035747,0.044303,7.900000000000268e-05,48.44355921,-2.0,1.0,0.0,976.4414193231128,0.0,976.4414193231128
1668420179.4165268,0.044416,0.0001129999999999,54.5850329,-2.0,1.0,0.0,976.4414193231128,0.0,976.4414193231128
1668420239.376403,0.044347,-6.899999999999962e-05,50.50502757,-2.0,1.0,0.0,976.4414193231128,0.0,976.4414193231128
1668420300.1679666,0.044281,-6.599999999999662e-05,47.7015119,-2.0,1.0,0.0,976.4414193231128,0.0,976.4414193231128
1668420359.431672,0.044372,9.10000000000008e-05,52.19012896,-2.0,1.0,0.0,976.4414193231128,0.0,976.4414193231128
1668420419.4045925,0.044413,4.099999999999937e-05,53.9700723,-2.0,1.0,0.0,976.4414193231128,0.0,976.4414193231128
1668420479.3327491,0.044473,5.999999999999756e-05,56.52112251,-2.0,1.0,0.0,976.4414193231128,0.0,976.4414193231128
1668420539.393814,0.044451,-2.2000000000001185e-05,55.31068093,-2.0,1.0,0.0,976.4414193231128,0.0,976.4414193231128
1668420599.2808318,0.044499,4.799999999999943e-05,57.45169048,-2.0,1.0,0.0,976.4414193231128,0.0,976.4414193231128
1668420659.2681756,0.044436,-6.299999999999362e-05,54.45439414,-2.0,1.0,0.0,976.4414193231128,0.0,976.4414193231128
1668420719.5042682,0.044436,0.0,54.45439414,-2.0,1.0,0.0,976.4414193231128,0.0,976.4414193231128
1668420780.487094,0.044623,0.0001869999999999,62.29193053,-2.0,1.0,0.0,976.4414193231128,0.0,976.4414193231128
1668420839.386825,0.04465,2.6999999999999247e-05,63.30242762,-2.0,1.0,0.0,976.4414193231128,0.0,976.4414193231128
1668420899.3873532,0.04454,-0.0001099999999999,57.57858124,-2.0,1.0,0.0,976.4414193231128,0.0,976.4414193231128
1668420959.4558792,0.04461,6.999999999999368e-05,60.56001215,-2.0,1.0,0.0,976.4414193231128,0.0,976.4414193231128
1668421019.3655214,0.044562,-4.799999999999943e-05,58.04278236,-2.0,1.0,0.0,976.4414193231128,0.0,976.4414193231128
1668421079.4352994,0.044573,1.1000000000004062e-05,58.528104,-2.0,1.0,0.0,976.4414193231128,0.0,976.4414193231128
1668421139.431931,0.0445,-7.300000000000362e-05,53.88869021,-2.0,1.0,0.0,976.4414193231128,0.0,976.4414193231128
1668421199.3276534,0.044547,4.700000000000537e-05,56.45027471,-2.0,1.0,0.0,976.4414193231128,0.0,976.4414193231128
1668421260.0398612,0.044431,-0.000116,49.50864486,-2.0,1.0,0.0,976.4414193231128,0.0,976.4414193231128
1668421319.378708,0.044437,5.999999999999062e-06,49.87920979,-2.0,1.0,0.0,976.4414193231128,0.0,976.4414193231128
1668421379.4198618,0.044437,0.0,49.87920979,-2.0,1.0,0.0,976.4414193231128,0.0,976.4414193231128
1668421439.4858198,0.044426,-1.0999999999997123e-05,49.01238923,-2.0,1.0,0.0,976.4414193231128,0.0,976.4414193231128
1668421499.4489355,0.04446,3.399999999999931e-05,51.32227327,-2.0,1.0,0.0,976.4414193231128,0.0,976.4414193231128
1668421559.5467162,0.04446,0.0,51.32227327,-2.0,1.0,0.0,976.4414193231128,0.0,976.4414193231128
1668421619.4802644,0.04443,-3.0000000000002247e-05,49.15212111,-2.0,1.0,0.0,976.4414193231128,0.0,976.4414193231128
1668421679.420185,0.044272,-0.0001579999999999,39.83686869,-2.0,1.0,0.0,976.4414193231128,0.0,976.4414193231128
1668421740.3930483,0.04437,9.800000000000086e-05,46.78544727,-2.0,1.0,0.0,976.4414193231128,0.0,976.4414193231128
1668421799.4127045,0.04437,0.0,46.78544727,-2.0,1.0,0.0,976.4414193231128,0.0,976.4414193231128
1668421859.4888308,0.04427,-0.0001,41.89088818,-2.0,1.0,0.0,976.4414193231128,0.0,976.4414193231128
1668421919.454004,0.044217,-5.299999999999749e-05,39.4734825,-2.0,1.0,0.0,976.4414193231128,0.0,976.4414193231128
1668421979.4911044,0.044298,8.099999999999774e-05,44.61816847,-2.0,1.0,0.0,976.4414193231128,0.0,976.4414193231128
1668422039.3766396,0.044234,-6.399999999999462e-05,41.78963153,-2.0,1.0,0.0,976.4414193231128,0.0,976.4414193231128
1668422099.3554914,0.044187,-4.700000000000537e-05,40.60310637,-2.0,1.0,0.0,976.4414193231128,0.0,976.4414193231128
1668422159.3498304,0.044156,-3.099999999999631e-05,38.89851175,-2.0,1.0,0.0,976.4414193231128,0.0,976.4414193231128
1668422220.671312,0.044113,-4.300000000000137e-05,36.98068837,-2.0,1.0,0.0,976.4414193231128,0.0,976.4414193231128
1668422279.5108557,0.044113,0.0,36.98068837,-2.0,1.0,0.0,976.4414193231128,0.0,976.4414193231128
1668422339.4451158,0.043983,-0.0001299999999999,32.40854009,-1.0,1.0,0.0,976.4414193231128,0.0,976.4414193231128
1668422399.3427825,0.043989,5.999999999999062e-06,32.49518991,-1.0,1.0,0.0,976.4414193231128,0.0,976.4414193231128
1668422459.427101,0.044004,1.5000000000001124e-05,33.08445416,2.0,0.0,1.0,0.0,22189.83318159969,976.4414193231128
1668422519.380182,0.044011,7.000000000000062e-06,33.68570412,2.0,0.0,1.0,0.0,22189.83318159969,976.596748155384
1668422579.6713302,0.044044,3.299999999999831e-05,37.21911352,2.0,0.0,1.0,0.0,22189.83318159969,977.3290126503769
1668422639.5084252,0.043978,-6.599999999999662e-05,34.34880699,2.0,0.0,1.0,0.0,22189.83318159969,975.8644836603912
1668422700.3854325,0.044084,0.0001059999999999,42.39795893,2.0,0.0,1.0,0.0,22189.83318159969,978.2166059776408
1668422759.631374,0.044003,-8.099999999999774e-05,38.51225027,2.0,0.0,1.0,0.0,22189.83318159969,976.4192294899312
1668422819.5408611,0.04394,-6.300000000000056e-05,35.7666121,2.0,0.0,1.0,0.0,22189.83318159969,975.0212699994904
1668422879.4877691,0.044003,6.300000000000056e-05,41.83356551,2.0,0.0,1.0,0.0,22189.83318159969,976.4192294899312
1668422939.5086458,0.044001,-2.000000000002e-06,42.04883136,2.0,0.0,1.0,0.0,22189.83318159969,976.374849823568
1668422999.4766638,0.04415,0.000149,50.15704333,2.0,0.0,1.0,0.0,22189.83318159969,979.6811349676263
1668423059.5975816,0.044091,-5.900000000000349e-05,47.21864193,2.0,0.0,1.0,0.0,22189.83318159969,978.371934809912
1668423119.4648063,0.044093,2.000000000002e-06,47.33128244,2.0,0.0,1.0,0.0,22189.83318159969,978.4163144762751
1668423180.2483237,0.044051,-4.200000000000037e-05,45.13936659,2.0,0.0,1.0,0.0,22189.83318159969,977.484341482648
1668423239.3920338,0.043989,-6.199999999999956e-05,42.04859852,2.0,0.0,1.0,0.0,22189.83318159969,976.1085718253888
1668423299.4936905,0.04403,4.099999999999937e-05,44.0036882,2.0,0.0,1.0,0.0,22189.83318159969,977.0183549858344
1668423359.7150953,0.04403,0.0,44.0036882,2.0,0.0,1.0,0.0,22189.83318159969,977.0183549858344
1668423419.4771671,0.043953,-7.700000000000068e-05,39.71255544,2.0,0.0,1.0,0.0,22189.83318159969,975.3097378308512
1668423479.5093794,0.043971,1.8000000000004124e-05,41.19747453,2.0,0.0,1.0,0.0,22189.83318159969,975.70915482812
1668423539.594664,0.044,2.8999999999994308e-05,43.45330519,2.0,0.0,1.0,0.0,22189.83318159969,976.3526599903864
1668423599.4723878,0.04409,8.99999999999998e-05,50.28203431,2.0,0.0,1.0,0.0,22189.83318159969,978.3497449767302
1668423660.7170992,0.044023,-6.699999999999762e-05,45.84361347,2.0,0.0,1.0,0.0,22189.83318159969,976.8630261535632
1668423719.512853,0.044009,-1.4000000000000123e-05,45.01336074,2.0,0.0,1.0,0.0,22189.83318159969,976.5523684890208
1668423779.4609914,0.04401,1.000000000001e-06,45.08985708,2.0,0.0,1.0,0.0,22189.83318159969,976.5745583222024
1668423839.4926572,0.044009,-1.000000000001e-06,45.01336074,2.0,0.0,1.0,0.0,22189.83318159969,976.5523684890208
1668423899.5925045,0.044124,0.0001149999999999,53.56144563,2.0,0.0,1.0,0.0,22189.83318159969,979.1041993049048
1668423959.5207603,0.044121,-2.9999999999960614e-06,53.37056564,2.0,0.0,1.0,0.0,22189.83318159969,979.03762980536
1668424019.5216532,0.044121,0.0,53.37056564,2.0,0.0,1.0,0.0,22189.83318159969,979.03762980536
1668424079.545163,0.043997,-0.0001239999999999,45.11594883,2.0,0.0,1.0,0.0,22189.83318159969,976.2860904908416
1668424140.5576444,0.044005,8.000000000001062e-06,45.55301501,2.0,0.0,1.0,0.0,22189.83318159969,976.4636091562944
1668424199.406819,0.044001,-4.000000000004e-06,45.2837259,2.0,0.0,1.0,0.0,22189.83318159969,976.374849823568
1668424259.7330723,0.043999,-1.9999999999950613e-06,45.15260628,2.0,0.0,1.0,0.0,22189.83318159969,976.3304701572048
1668424319.591592,0.043954,-4.500000000000337e-05,42.19236833,2.0,0.0,1.0,0.0,22189.83318159969,975.3319276640328
1668424379.6192396,0.044122,0.000168,54.39928123,2.0,0.0,1.0,0.0,22189.83318159969,979.0598196385416
1668424439.4466476,0.04407,-5.200000000000343e-05,50.95417285,2.0,0.0,1.0,0.0,22189.83318159969,977.9059483130984
1668424499.4951916,0.043999,-7.099999999999468e-05,46.12497988,2.0,0.0,1.0,0.0,22189.83318159969,976.3304701572048
1668424559.5892751,0.043963,-3.600000000000131e-05,43.70245692,2.0,0.0,1.0,0.0,22189.83318159969,975.5316361626672
1668424620.7368083,0.04405,8.69999999999968e-05,50.04768232,2.0,0.0,1.0,0.0,22189.83318159969,977.4621516494664
1668424679.672696,0.044009,-4.099999999999937e-05,47.07990146,2.0,0.0,1.0,0.0,22189.83318159969,976.5523684890208
1668424739.3969166,0.043874,-0.0001349999999999,42.31358273,2.0,0.0,1.0,0.0,22189.83318159969,973.5567410095048
1668424799.380564,0.044036,0.0001619999999999,50.82469156,2.0,0.0,1.0,0.0,22189.83318159969,977.151493984924
1668424859.5096724,0.044101,6.500000000000256e-05,53.73451565,2.0,0.0,1.0,0.0,22189.83318159969,978.593833141728
1668424919.4557648,0.043913,-0.000188,45.48427353,2.0,0.0,1.0,0.0,22189.83318159969,974.4221445035872
1668424979.4806297,0.043993,7.999999999999674e-05,48.87530394,2.0,0.0,1.0,0.0,22189.83318159969,976.197331158115
1668425039.576497,0.043997,4.000000000004e-06,49.00219309,2.0,0.0,1.0,0.0,22189.83318159969,976.2860904908416
1668425100.7546806,0.044057,5.999999999999756e-05,51.52354047,2.0,0.0,1.0,0.0,22189.83318159969,977.6174804817376
1668425159.4889815,0.044183,0.000126,56.37627416,2.0,0.0,1.0,0.0,22189.83318159969,980.413399462619
1668425219.456553,0.04414,-4.300000000000137e-05,53.61403502,2.0,0.0,1.0,0.0,22189.83318159969,979.4592366358104
1668425279.484924,0.04425,0.0001099999999999,57.76297975,2.0,0.0,1.0,0.0,22189.83318159969,981.9001182857862
1668425339.6651769,0.044188,-6.199999999999956e-05,55.40661441,2.0,0.0,1.0,0.0,22189.83318159969,980.524348628527
1668425399.4861772,0.044196,8.000000000001062e-06,55.72907107,2.0,0.0,1.0,0.0,22189.83318159969,980.7018672939798
1668425459.888439,0.044305,0.0001089999999999,60.05079771,2.0,0.0,1.0,0.0,22189.83318159969,983.1205591107744
1668425519.480772,0.044275,-2.9999999999995308e-05,59.13009333,2.0,0.0,1.0,0.0,22189.83318159969,982.4548641153264
1668425580.6879928,0.044271,-4.000000000004e-06,59.00251112,2.0,0.0,1.0,0.0,22189.83318159969,982.3661047825998
1668425639.5500538,0.044337,6.600000000000356e-05,61.87824092,2.0,0.0,1.0,0.0,22189.83318159969,983.8306337725854
1668425699.8975377,0.044346,8.999999999995123e-06,62.24097993,2.0,0.0,1.0,0.0,22189.83318159969,984.0303422712198
1668425759.629228,0.044182,-0.0001639999999999,52.44759314,2.0,0.0,1.0,0.0,22189.83318159969,980.3912096294376
1668425819.6364396,0.044182,0.0,52.44759314,2.0,0.0,1.0,0.0,22189.83318159969,980.3912096294376
1668425879.659248,0.0442,1.8000000000004124e-05,53.31583245,2.0,0.0,1.0,0.0,22189.83318159969,980.7906266267064
1668425939.5409274,0.044256,5.599999999999356e-05,56.00705832,2.0,0.0,1.0,0.0,22189.83318159969,982.0332572848758
1668425999.7386596,0.044376,0.00012,61.51994206,2.0,0.0,1.0,0.0,22189.83318159969,984.6960372666678
1668426060.7496898,0.044333,-4.300000000000137e-05,58.59573531,2.0,0.0,1.0,0.0,22189.83318159969,983.741874439859
1668426119.658614,0.044333,0.0,58.59573531,2.0,0.0,1.0,0.0,22189.83318159969,983.741874439859
1668426179.5956829,0.044351,1.8000000000004124e-05,59.49535154,2.0,0.0,1.0,0.0,22189.83318159969,984.1412914371278
1668426239.6569588,0.044333,-1.8000000000004124e-05,58.08635925,2.0,0.0,1.0,0.0,22189.83318159969,983.741874439859
1668426299.6406596,0.044421,8.800000000000474e-05,61.17172531,2.0,0.0,1.0,0.0,22189.83318159969,985.6945797598398
1668426359.6654766,0.044379,-4.200000000000037e-05,59.42308116,2.0,0.0,1.0,0.0,22189.83318159969,984.7626067662128
1668426419.560919,0.044347,-3.200000000000425e-05,57.0617611,2.0,0.0,1.0,0.0,22189.83318159969,984.0525321044014
1668426479.548902,0.044261,-8.59999999999958e-05,51.2357914,2.0,0.0,1.0,0.0,22189.83318159969,982.144206450784
1668426540.4544983,0.044352,9.10000000000008e-05,56.42922018,2.0,0.0,1.0,0.0,22189.83318159969,984.1634812703096
1668426599.4386866,0.044285,-6.700000000000456e-05,52.71014138,2.0,0.0,1.0,0.0,22189.83318159969,982.6767624471422
1668426659.5453365,0.04444,0.000155,61.15189642,2.0,0.0,1.0,0.0,22189.83318159969,986.1161865902902
1668426719.668447,0.044305,-0.000135,51.82198086,2.0,0.0,1.0,0.0,22189.83318159969,983.1205591107744
1668426779.5714855,0.044293,-1.1999999999998123e-05,51.16780209,2.0,0.0,1.0,0.0,22189.83318159969,982.854281112595
1668426839.5208156,0.04433,3.700000000000231e-05,53.13234197,2.0,0.0,1.0,0.0,22189.83318159969,983.6753049403144
1668426899.5581706,0.044281,-4.900000000000043e-05,50.5394111,2.0,0.0,1.0,0.0,22189.83318159969,982.588003114416
1668426959.668172,0.04426,-2.1000000000000185e-05,49.3066156,2.0,0.0,1.0,0.0,22189.83318159969,982.1220166176024
1668427020.7974515,0.044325,6.500000000000256e-05,53.27326854,2.0,0.0,1.0,0.0,22189.83318159969,983.5643557744064
1668427079.5780108,0.044374,4.899999999999349e-05,56.1931173,2.0,0.0,1.0,0.0,22189.83318159969,984.6516576003046
1668427139.7120855,0.044303,-7.099999999999468e-05,51.20062747,2.0,0.0,1.0,0.0,22189.83318159969,983.0761794444112
1668427199.657201,0.044368,6.499999999999562e-05,55.73386224,2.0,0.0,1.0,0.0,22189.83318159969,984.518518601215
1668427259.9963694,0.044325,-4.299999999999443e-05,52.18871714,2.0,0.0,1.0,0.0,22189.83318159969,983.5643557744064
1668427320.013479,0.044355,2.9999999999995308e-05,54.19752772,2.0,0.0,1.0,0.0,22189.83318159969,984.2300507698542
1668427379.7211337,0.044301,-5.3999999999998494e-05,50.0726407,2.0,0.0,1.0,0.0,22189.83318159969,983.031799778048
1668427439.5050778,0.044508,0.0002069999999999,63.33247492,2.0,0.0,1.0,0.0,22189.83318159969,987.6250952466388
1668427500.341575,0.04454,3.200000000000425e-05,64.81336517,2.0,0.0,1.0,0.0,22189.83318159969,988.3351699084502
1668427559.5619895,0.044696,0.0001559999999999,70.96887988,1.0,0.0,1.0,0.0,22189.83318159969,991.7967838847798
1668427619.7225266,0.044597,-9.900000000000186e-05,63.39003668,-2.0,1.0,0.0,989.5999903998012,0.0,989.5999903998012
1668427679.9088206,0.04469,9.30000000000028e-05,68.43489221,-2.0,1.0,0.0,989.5999903998012,0.0,989.5999903998012
1668427739.9210496,0.0447,9.999999999996125e-06,66.50811052,-2.0,1.0,0.0,989.5999903998012,0.0,989.5999903998012
1668427799.874981,0.04483,0.00013,70.77699497,-2.0,1.0,0.0,989.5999903998012,0.0,989.5999903998012
1668427859.714677,0.04482,-1.0000000000003062e-05,70.50980233,-2.0,1.0,0.0,989.5999903998012,0.0,989.5999903998012
1668427919.7898476,0.044761,-5.899999999999656e-05,65.96028002,-2.0,1.0,0.0,989.5999903998012,0.0,989.5999903998012
1668427979.9163363,0.044688,-7.300000000000362e-05,61.03563616,-2.0,1.0,0.0,989.5999903998012,0.0,989.5999903998012
1668428039.6758103,0.04464,-4.799999999999943e-05,57.93190479,-2.0,1.0,0.0,989.5999903998012,0.0,989.5999903998012
1668428099.712713,0.04469,5.000000000000143e-05,60.22597007,-2.0,1.0,0.0,989.5999903998012,0.0,989.5999903998012
1668428159.7206416,0.04464,-5.000000000000143e-05,57.4420393,-2.0,1.0,0.0,989.5999903998012,0.0,989.5999903998012
1668428219.7544546,0.04467,3.0000000000002247e-05,58.35969376,-2.0,1.0,0.0,989.5999903998012,0.0,989.5999903998012
1668428279.815083,0.044699,2.9000000000001247e-05,59.86240782,-2.0,1.0,0.0,989.5999903998012,0.0,989.5999903998012
1668428339.7937906,0.04469,-9.000000000002062e-06,59.1990453,-2.0,1.0,0.0,989.5999903998012,0.0,989.5999903998012
1668428399.875158,0.04466,-3.0000000000002247e-05,56.88758891,-2.0,1.0,0.0,989.5999903998012,0.0,989.5999903998012
1668428459.7136636,0.04469,3.0000000000002247e-05,59.10044148,-2.0,1.0,0.0,989.5999903998012,0.0,989.5999903998012
1668428520.2067811,0.0447,9.999999999996125e-06,59.55718605,-2.0,1.0,0.0,989.5999903998012,0.0,989.5999903998012
1668428579.7209237,0.044603,-9.699999999999986e-05,51.63761795,-2.0,1.0,0.0,989.5999903998012,0.0,989.5999903998012
1668428639.5587766,0.044627,2.4000000000003185e-05,53.33108017,-2.0,1.0,0.0,989.5999903998012,0.0,989.5999903998012
1668428699.7504115,0.044603,-2.4000000000003185e-05,51.18884388,-2.0,1.0,0.0,989.5999903998012,0.0,989.5999903998012
1668428759.5892146,0.04452,-8.299999999999974e-05,45.42758781,-2.0,1.0,0.0,989.5999903998012,0.0,989.5999903998012
1668428819.6354918,0.04448,-3.999999999999837e-05,42.74775212,-2.0,1.0,0.0,989.5999903998012,0.0,989.5999903998012
1668428879.5740502,0.044349,-0.0001309999999999,36.06485457,-2.0,1.0,0.0,989.5999903998012,0.0,989.5999903998012
1668428939.7310624,0.044349,0.0,36.06485457,-2.0,1.0,0.0,989.5999903998012,0.0,989.5999903998012
1668428999.7742696,0.044349,0.0,37.82360222,-2.0,1.0,0.0,989.5999903998012,0.0,989.5999903998012
1668429059.619634,0.04438,3.100000000000325e-05,40.28990712,-2.0,1.0,0.0,989.5999903998012,0.0,989.5999903998012
1668429119.620277,0.044356,-2.4000000000003185e-05,39.27405007,-2.0,1.0,0.0,989.5999903998012,0.0,989.5999903998012
1668429179.8501637,0.044333,-2.3000000000002185e-05,38.05442124,-2.0,1.0,0.0,989.5999903998012,0.0,989.5999903998012
1668429239.7259758,0.044071,-0.0002619999999999,27.9240083,-1.0,1.0,0.0,989.5999903998012,0.0,989.5999903998012
1668429299.7268786,0.044043,-2.8000000000000247e-05,27.02781753,-1.0,1.0,0.0,989.5999903998012,0.0,989.5999903998012
1668429359.729472,0.044128,8.500000000000174e-05,32.16037772,-1.0,1.0,0.0,989.5999903998012,0.0,989.5999903998012
1668429419.704103,0.04406,-6.799999999999862e-05,27.49592704,-1.0,1.0,0.0,989.5999903998012,0.0,989.5999903998012
1668429480.3963764,0.04406,0.0,27.49592704,-1.0,1.0,0.0,989.5999903998012,0.0,989.5999903998012
1668429539.7314646,0.044114,5.3999999999998494e-05,32.67854826,-1.0,1.0,0.0,989.5999903998012,0.0,989.5999903998012
1668429599.802442,0.04409,-2.4000000000003185e-05,34.10512999,2.0,0.0,1.0,0.0,22444.99864821504,989.5999903998012
1668429659.7604334,0.044091,1.000000000001e-06,34.19284497,2.0,0.0,1.0,0.0,22444.99864821504,989.6224353984494
1668429719.6768496,0.04413,3.900000000000431e-05,38.05093962,2.0,0.0,1.0,0.0,22444.99864821504,990.49779034573
1668429780.0307477,0.044154,2.3999999999996247e-05,41.14840952,2.0,0.0,1.0,0.0,22444.99864821504,991.0364703132868
1668429839.9590206,0.044093,-6.099999999999856e-05,38.64191401,2.0,0.0,1.0,0.0,22444.99864821504,989.6673253957458
1668429899.7833643,0.044128,3.500000000000031e-05,40.12472779,2.0,0.0,1.0,0.0,22444.99864821504,990.4529003484332
1668429960.5126407,0.044195,6.699999999999762e-05,44.38395825,2.0,0.0,1.0,0.0,22444.99864821504,991.9567152578636
1668430019.756434,0.044193,-1.9999999999950613e-06,44.26093975,2.0,0.0,1.0,0.0,22444.99864821504,991.9118252605674
1668430079.624272,0.044091,-0.000102,38.77925506,2.0,0.0,1.0,0.0,22444.99864821504,989.6224353984494
1668430139.8312953,0.044127,3.600000000000131e-05,42.74524949,2.0,0.0,1.0,0.0,22444.99864821504,990.4304553497852
1668430199.7033346,0.044127,0.0,42.74524949,2.0,0.0,1.0,0.0,22444.99864821504,990.4304553497852
1668430259.6442356,0.044127,0.0,42.74524949,2.0,0.0,1.0,0.0,22444.99864821504,990.4304553497852
1668430319.8381605,0.044126,-1.000000000001e-06,42.68553698,2.0,0.0,1.0,0.0,22444.99864821504,990.4080103511368
1668430379.6962783,0.044073,-5.299999999999749e-05,40.03045217,2.0,0.0,1.0,0.0,22444.99864821504,989.2184254227816
1668430440.349703,0.044062,-1.1000000000004062e-05,40.31214204,2.0,0.0,1.0,0.0,22444.99864821504,988.971530437651
1668430500.035544,0.0441,3.800000000000331e-05,42.34851082,2.0,0.0,1.0,0.0,22444.99864821504,989.8244403862832
1668430559.7966936,0.044112,1.1999999999998123e-05,43.4213147,2.0,0.0,1.0,0.0,22444.99864821504,990.0937803700618
1668430619.6671326,0.044119,7.000000000000062e-06,44.03548075,2.0,0.0,1.0,0.0,22444.99864821504,990.2508953605994
1668430679.7337153,0.044118,-1.000000000001e-06,43.94288226,2.0,0.0,1.0,0.0,22444.99864821504,990.2284503619512
1668430739.791673,0.04407,-4.799999999999943e-05,40.23672079,2.0,0.0,1.0,0.0,22444.99864821504,989.1510904268368
1668430799.632288,0.043957,-0.0001129999999999,33.07872686,2.0,0.0,1.0,0.0,22444.99864821504,986.6148055795886
1668430859.8038547,0.044008,5.099999999999549e-05,40.09601844,2.0,0.0,1.0,0.0,22444.99864821504,987.7595005106476
1668430920.4528818,0.044089,8.100000000000468e-05,46.57262029,2.0,0.0,1.0,0.0,22444.99864821504,989.5775454011532
1668430979.9592795,0.04402,-6.900000000000656e-05,42.49768616,2.0,0.0,1.0,0.0,22444.99864821504,988.028840494426
1668431040.5653613,0.044061,4.100000000000631e-05,45.54652833,2.0,0.0,1.0,0.0,22444.99864821504,988.949085439003
1668431100.6689725,0.043994,-6.700000000000456e-05,41.65932318,2.0,0.0,1.0,0.0,22444.99864821504,987.4452705295726
1668431160.414723,0.043901,-9.299999999999586e-05,37.02951759,2.0,0.0,1.0,0.0,22444.99864821504,985.3578856552886
1668431221.5372036,0.043877,-2.4000000000003185e-05,36.89661265,2.0,0.0,1.0,0.0,22444.99864821504,984.8192056877314
1668431281.5572238,0.04408,0.000203,50.05988956,2.0,0.0,1.0,0.0,22444.99864821504,989.3755404133192
1668431341.5730798,0.044118,3.799999999999637e-05,52.06910267,2.0,0.0,1.0,0.0,22444.99864821504,990.2284503619512
1668431402.2643597,0.044261,0.000143,58.39227686,2.0,0.0,1.0,0.0,22444.99864821504,993.438085168646
1668431462.9612248,0.044293,3.199999999999731e-05,59.72612179,2.0,0.0,1.0,0.0,22444.99864821504,994.1563251253888
1668431522.1140006,0.044168,-0.000125,52.97037716,2.0,0.0,1.0,0.0,22444.99864821504,991.350700294362
1668431582.9488502,0.043969,-0.0001989999999999,43.82325639,2.0,0.0,1.0,0.0,22444.99864821504,986.8841455633672
1668431643.1713965,0.043224,-0.000745,25.43118887,2.0,0.0,1.0,0.0,22444.99864821504,970.162621570447
1668431703.0705,0.04259,-0.0006339999999999,18.61129794,2.0,0.0,1.0,0.0,22444.99864821504,955.9324924274788
1668431763.9922478,0.042895,0.0003049999999999,25.66933026,2.0,0.0,1.0,0.0,22444.99864821504,962.7782170151844
1668431824.015276,0.043046,0.0001509999999999,31.55368111,2.0,0.0,1.0,0.0,22444.99864821504,966.1674118110648
1668431884.0256112,0.043049,2.9999999999960614e-06,31.97444684,2.0,0.0,1.0,0.0,22444.99864821504,966.2347468070092
1668431944.9143536,0.042922,-0.0001269999999999,31.31122809,2.0,0.0,1.0,0.0,22444.99864821504,963.384231978686
1668432004.8795705,0.04301,8.79999999999978e-05,33.80460353,2.0,0.0,1.0,0.0,22444.99864821504,965.3593918597288
1668432064.8251224,0.043035,2.4999999999997247e-05,34.78241426,2.0,0.0,1.0,0.0,22444.99864821504,965.9205168259342
1668432125.6342826,0.042901,-0.0001339999999999,31.49069089,2.0,0.0,1.0,0.0,22444.99864821504,962.9128870070736
1668432185.6034389,0.042935,3.399999999999931e-05,32.87824644,2.0,0.0,1.0,0.0,22444.99864821504,963.6760169611129
1668432245.6731973,0.0425,-0.0004349999999999,25.02938544,2.0,0.0,1.0,0.0,22444.99864821504,953.9124425491392
1668432306.6212978,0.042382,-0.000118,24.56103159,2.0,0.0,1.0,0.0,22444.99864821504,951.26393270865
1668432366.7461338,0.042607,0.0002249999999999,32.77305859,2.0,0.0,1.0,0.0,22444.99864821504,956.3140574044984
1668432426.6639977,0.042609,2.000000000002e-06,33.01658473,2.0,0.0,1.0,0.0,22444.99864821504,956.3589474017948
1668432487.5085137,0.042519,-8.99999999999998e-05,31.38820666,2.0,0.0,1.0,0.0,22444.99864821504,954.3388975234552
1668432547.505205,0.042428,-9.10000000000008e-05,29.92746636,2.0,0.0,1.0,0.0,22444.99864821504,952.2964026464678
1668432607.4351776,0.042098,-0.00033,27.63655212,2.0,0.0,1.0,0.0,22444.99864821504,944.8895530925568
1668432668.4645178,0.042169,7.100000000000162e-05,30.07320329,2.0,0.0,1.0,0.0,22444.99864821504,946.48314799658
1668432728.2307873,0.042359,0.00019,36.00759721,2.0,0.0,1.0,0.0,22444.99864821504,950.7476977397408
1668432788.1778417,0.042499,0.00014,40.19611374,2.0,0.0,1.0,0.0,22444.99864821504,953.8899975504912
1668432849.4022586,0.042349,-0.00015,36.84419139,2.0,0.0,1.0,0.0,22444.99864821504,950.5232477532588
1668432909.449995,0.04237,2.1000000000000185e-05,37.19271968,2.0,0.0,1.0,0.0,22444.99864821504,950.9945927248712
1668432969.4854145,0.042324,-4.599999999999743e-05,36.22458634,2.0,0.0,1.0,0.0,22444.99864821504,949.9621227870534
1668433030.2608128,0.042438,0.0001139999999999,39.6603496,2.0,0.0,1.0,0.0,22444.99864821504,952.52085263295
1668433090.235288,0.042593,0.000155,44.98276383,2.0,0.0,1.0,0.0,22444.99864821504,955.9998274234232
1668433150.2689269,0.042563,-3.0000000000002247e-05,44.14330535,2.0,0.0,1.0,0.0,22444.99864821504,955.3264774639767
1668433210.9219646,0.042511,-5.199999999999649e-05,42.67558123,2.0,0.0,1.0,0.0,22444.99864821504,954.1593375342696
1668433270.972889,0.042469,-4.200000000000037e-05,41.37379998,2.0,0.0,1.0,0.0,22444.99864821504,953.2166475910446
1668433331.0154998,0.042392,-7.700000000000068e-05,39.1771062,2.0,0.0,1.0,0.0,22444.99864821504,951.488382695132
1668433391.755369,0.042558,0.0001659999999999,45.86744127,2.0,0.0,1.0,0.0,22444.99864821504,955.2142524707356
1668433451.7256973,0.0426,4.200000000000037e-05,47.41928174,2.0,0.0,1.0,0.0,22444.99864821504,956.1569424139608
1668433511.7373848,0.042604,4.000000000004e-06,47.57540296,2.0,0.0,1.0,0.0,22444.99864821504,956.2467224085538
1668433572.88631,0.042692,8.79999999999978e-05,50.98570089,2.0,0.0,1.0,0.0,22444.99864821504,958.2218822895966
1668433632.681666,0.042521,-0.0001709999999999,44.88769657,2.0,0.0,1.0,0.0,22444.99864821504,954.383787520752
1668433692.9883742,0.042522,9.999999999940612e-07,44.92917759,2.0,0.0,1.0,0.0,22444.99864821504,954.4062325194
1668433753.3825033,0.042707,0.000185,52.10461011,2.0,0.0,1.0,0.0,22444.99864821504,958.55855726932
1668433813.413947,0.043593,0.0008859999999999,71.46399516,1.0,0.0,1.0,0.0,22444.99864821504,978.4448260716384
1668433873.3819902,0.044579,0.000986,80.7251315,1.0,0.0,1.0,0.0,22444.99864821504,1000.5755947387784
1668433934.3074975,0.045404,0.0008249999999999,84.66916262,1.0,0.0,1.0,0.0,22444.99864821504,1019.0927186235556
1668433994.608443,0.044878,-0.0005259999999999,73.39786502,1.0,0.0,1.0,0.0,22444.99864821504,1007.2866493345948
1668434054.1905022,0.044923,4.499999999999643e-05,72.66452902,1.0,0.0,1.0,0.0,22444.99864821504,1008.2966742737642
1668434115.2383122,0.045023,0.0001,73.45680041,1.0,0.0,1.0,0.0,22444.99864821504,1010.5411741385858
1668434175.1964142,0.044982,-4.099999999999937e-05,71.80613477,1.0,0.0,1.0,0.0,22444.99864821504,1009.620929194009
1668434235.338297,0.043681,-0.001301,51.68609696,-2.0,1.0,0.0,980.4199859526811,0.0,980.4199859526811
1668434296.028061,0.044355,0.000674,58.5101618,-2.0,1.0,0.0,980.4199859526811,0.0,980.4199859526811
1668434355.9087267,0.044348,-7.000000000000062e-06,58.0105549,-2.0,1.0,0.0,980.4199859526811,0.0,980.4199859526811
1668434416.1776507,0.044479,0.0001309999999999,59.65180459,-2.0,1.0,0.0,980.4199859526811,0.0,980.4199859526811
1668434477.270541,0.0447,0.0002209999999999,61.70977368,-2.0,1.0,0.0,980.4199859526811,0.0,980.4199859526811
1668434536.6717644,0.044592,-0.0001079999999999,59.99717543,-2.0,1.0,0.0,980.4199859526811,0.0,980.4199859526811
1668434596.8971746,0.044608,1.6000000000002124e-05,60.16226766,-2.0,1.0,0.0,980.4199859526811,0.0,980.4199859526811
1668434658.1768596,0.044504,-0.0001039999999999,58.51903354,-2.0,1.0,0.0,980.4199859526811,0.0,980.4199859526811
1668434718.065333,0.044654,0.0001499999999999,60.7072161,-2.0,1.0,0.0,980.4199859526811,0.0,980.4199859526811
1668434778.0022817,0.044419,-0.0002349999999999,56.17310368,-2.0,1.0,0.0,980.4199859526811,0.0,980.4199859526811
1668434838.9824524,0.044382,-3.700000000000231e-05,55.66352576,-2.0,1.0,0.0,980.4199859526811,0.0,980.4199859526811
1668434899.159718,0.044128,-0.0002539999999999,51.27903186,-2.0,1.0,0.0,980.4199859526811,0.0,980.4199859526811
1668434958.988818,0.044278,0.0001499999999999,53.67863053,-2.0,1.0,0.0,980.4199859526811,0.0,980.4199859526811
1668435020.8280108,0.04419,-8.79999999999978e-05,52.28810373,-2.0,1.0,0.0,980.4199859526811,0.0,980.4199859526811
1668435079.7501204,0.044189,-1.000000000001e-06,52.26742538,-2.0,1.0,0.0,980.4199859526811,0.0,980.4199859526811
1668435139.7994163,0.044256,6.699999999999762e-05,53.0651671,-2.0,1.0,0.0,980.4199859526811,0.0,980.4199859526811
1668435200.6005151,0.044302,4.600000000000437e-05,54.0091151,-2.0,1.0,0.0,980.4199859526811,0.0,980.4199859526811
1668435260.4199235,0.044313,1.0999999999997123e-05,53.78633345,-2.0,1.0,0.0,980.4199859526811,0.0,980.4199859526811
1668435320.5472195,0.044458,0.0001449999999999,56.93199512,-2.0,1.0,0.0,980.4199859526811,0.0,980.4199859526811
1668435381.576071,0.044452,-5.999999999999062e-06,56.84774637,-2.0,1.0,0.0,980.4199859526811,0.0,980.4199859526811
1668435441.4766886,0.044619,0.000167,60.05003583,-2.0,1.0,0.0,980.4199859526811,0.0,980.4199859526811
1668435502.5218394,0.044571,-4.799999999999943e-05,58.68491253,-2.0,1.0,0.0,980.4199859526811,0.0,980.4199859526811
1668435562.3392825,0.044601,3.0000000000002247e-05,59.30755267,-2.0,1.0,0.0,980.4199859526811,0.0,980.4199859526811
1668435622.309213,0.04496,0.0003589999999999,64.20333946,-2.0,1.0,0.0,980.4199859526811,0.0,980.4199859526811
1668435682.2044077,0.04489,-7.000000000000062e-05,62.19858191,-2.0,1.0,0.0,980.4199859526811,0.0,980.4199859526811
1668435743.064331,0.044889,-1.000000000001e-06,61.93336501,-2.0,1.0,0.0,980.4199859526811,0.0,980.4199859526811
1668435803.055725,0.045053,0.000164,65.59119339,-2.0,1.0,0.0,980.4199859526811,0.0,980.4199859526811
1668435862.973071,0.044873,-0.0001799999999999,60.71137256,-2.0,1.0,0.0,980.4199859526811,0.0,980.4199859526811
1668435924.0180929,0.044885,1.1999999999998123e-05,60.02585286,-2.0,1.0,0.0,980.4199859526811,0.0,980.4199859526811
1668435984.4900875,0.045045,0.00016,64.58472879,-2.0,1.0,0.0,980.4199859526811,0.0,980.4199859526811
1668436043.9737282,0.045086,4.099999999999937e-05,65.43147096,-2.0,1.0,0.0,980.4199859526811,0.0,980.4199859526811
1668436104.891314,0.04522,0.000134,66.71231302,-2.0,1.0,0.0,980.4199859526811,0.0,980.4199859526811
1668436164.8243077,0.045113,-0.000107,62.58268479,-2.0,1.0,0.0,980.4199859526811,0.0,980.4199859526811
1668436224.839506,0.045103,-1.0000000000003062e-05,62.20865753,-2.0,1.0,0.0,980.4199859526811,0.0,980.4199859526811
1668436285.5309937,0.044992,-0.0001109999999999,57.41347264,-2.0,1.0,0.0,980.4199859526811,0.0,980.4199859526811
1668436345.5060256,0.04494,-5.199999999999649e-05,56.29359353,-2.0,1.0,0.0,980.4199859526811,0.0,980.4199859526811
1668436405.5727825,0.04516,0.0002199999999999,61.41043398,-2.0,1.0,0.0,980.4199859526811,0.0,980.4199859526811
1668436466.979735,0.045179,1.8999999999998185e-05,60.68861305,-2.0,1.0,0.0,980.4199859526811,0.0,980.4199859526811
1668436526.9223795,0.045244,6.500000000000256e-05,62.92238758,-2.0,1.0,0.0,980.4199859526811,0.0,980.4199859526811
1668436586.9707215,0.045432,0.000188,65.50431488,-2.0,1.0,0.0,980.4199859526811,0.0,980.4199859526811
1668436648.0975296,0.045464,3.199999999999731e-05,66.61878516,-2.0,1.0,0.0,980.4199859526811,0.0,980.4199859526811
1668436707.9543698,0.045636,0.000172,69.55238551,-2.0,1.0,0.0,980.4199859526811,0.0,980.4199859526811
1668436768.121213,0.045634,-2.000000000002e-06,68.40596806,-2.0,1.0,0.0,980.4199859526811,0.0,980.4199859526811
1668436828.8889716,0.045439,-0.000195,62.00759038,-2.0,1.0,0.0,980.4199859526811,0.0,980.4199859526811
1668436888.8724148,0.045444,4.9999999999980616e-06,60.8636327,-2.0,1.0,0.0,980.4199859526811,0.0,980.4199859526811
1668436948.9253304,0.045365,-7.899999999999574e-05,58.02462089,-2.0,1.0,0.0,980.4199859526811,0.0,980.4199859526811
1668437010.06825,0.045415,4.999999999999449e-05,59.68772035,-2.0,1.0,0.0,980.4199859526811,0.0,980.4199859526811
1668437070.7118416,0.04549,7.500000000000562e-05,61.68136674,-2.0,1.0,0.0,980.4199859526811,0.0,980.4199859526811
1668437129.8806849,0.045547,5.699999999999456e-05,63.10470782,-2.0,1.0,0.0,980.4199859526811,0.0,980.4199859526811
1668437190.6628163,0.04555,3.0000000000030003e-06,63.18222315,-2.0,1.0,0.0,980.4199859526811,0.0,980.4199859526811
1668437249.9290876,0.045796,0.000246,68.94404793,-2.0,1.0,0.0,980.4199859526811,0.0,980.4199859526811
1668437309.886619,0.045567,-0.000229,59.58358522,-2.0,1.0,0.0,980.4199859526811,0.0,980.4199859526811
1668437370.0146215,0.045454,-0.000113,55.41169331,-2.0,1.0,0.0,980.4199859526811,0.0,980.4199859526811
1668437429.8326976,0.045222,-0.000232,48.03138399,-2.0,1.0,0.0,980.4199859526811,0.0,980.4199859526811
1668437490.0728934,0.045362,0.00014,52.24565689,-2.0,1.0,0.0,980.4199859526811,0.0,980.4199859526811
1668437549.9531972,0.04525,-0.000112,48.73467702,-2.0,1.0,0.0,980.4199859526811,0.0,980.4199859526811
1668437610.0931983,0.0453,5.000000000000143e-05,50.20056609,-2.0,1.0,0.0,980.4199859526811,0.0,980.4199859526811
1668437670.0509996,0.0453,0.0,50.16405062,-2.0,1.0,0.0,980.4199859526811,0.0,980.4199859526811
1668437729.897924,0.045274,-2.5999999999998247e-05,49.19044794,-2.0,1.0,0.0,980.4199859526811,0.0,980.4199859526811
1668437790.0179586,0.045215,-5.900000000000349e-05,47.34858104,-2.0,1.0,0.0,980.4199859526811,0.0,980.4199859526811
1668437849.9228902,0.045165,-5.000000000000143e-05,45.91706281,-2.0,1.0,0.0,980.4199859526811,0.0,980.4199859526811
1668437909.9448426,0.045127,-3.799999999999637e-05,44.59047076,-2.0,1.0,0.0,980.4199859526811,0.0,980.4199859526811
1668437970.0445237,0.045086,-4.099999999999937e-05,43.24251844,-2.0,1.0,0.0,980.4199859526811,0.0,980.4199859526811
1668438030.019934,0.045099,1.2999999999999123e-05,43.82240071,-2.0,1.0,0.0,980.4199859526811,0.0,980.4199859526811
1668438089.9338903,0.044778,-0.000321,34.38972589,-2.0,1.0,0.0,980.4199859526811,0.0,980.4199859526811
1668438149.9726455,0.044947,0.000169,41.02161804,-2.0,1.0,0.0,980.4199859526811,0.0,980.4199859526811
1668438210.0632508,0.044924,-2.3000000000002185e-05,40.40191609,-2.0,1.0,0.0,980.4199859526811,0.0,980.4199859526811
1668438269.9350731,0.044887,-3.699999999999537e-05,39.30266198,-2.0,1.0,0.0,980.4199859526811,0.0,980.4199859526811
1668438329.9769032,0.045,0.0001129999999999,44.28812304,-2.0,1.0,0.0,980.4199859526811,0.0,980.4199859526811
1668438390.0733886,0.045059,5.900000000000349e-05,46.83846652,-2.0,1.0,0.0,980.4199859526811,0.0,980.4199859526811
1668438450.1738706,0.045,-5.900000000000349e-05,44.38762584,-2.0,1.0,0.0,980.4199859526811,0.0,980.4199859526811
1668438509.9690611,0.045024,2.4000000000003185e-05,45.48852969,-2.0,1.0,0.0,980.4199859526811,0.0,980.4199859526811
1668438569.9161537,0.044981,-4.300000000000137e-05,43.81496568,-2.0,1.0,0.0,980.4199859526811,0.0,980.4199859526811
1668438629.937035,0.044934,-4.699999999999843e-05,41.99360003,-2.0,1.0,0.0,980.4199859526811,0.0,980.4199859526811
1668438689.902519,0.044912,-2.2000000000001185e-05,41.50960827,-2.0,1.0,0.0,980.4199859526811,0.0,980.4199859526811
1668438750.0863771,0.04493,1.7999999999997185e-05,42.51827505,-2.0,1.0,0.0,980.4199859526811,0.0,980.4199859526811
1668438809.9256723,0.045004,7.400000000000462e-05,46.32371482,-2.0,1.0,0.0,980.4199859526811,0.0,980.4199859526811
1668438870.0631795,0.044887,-0.0001169999999999,41.49275796,-2.0,1.0,0.0,980.4199859526811,0.0,980.4199859526811
1668438929.9467084,0.044806,-8.100000000000468e-05,38.58794421,-2.0,1.0,0.0,980.4199859526811,0.0,980.4199859526811
1668438989.92857,0.044851,4.500000000000337e-05,41.05677901,-2.0,1.0,0.0,980.4199859526811,0.0,980.4199859526811
1668439050.051883,0.044848,-3.0000000000030003e-06,41.08097285,-2.0,1.0,0.0,980.4199859526811,0.0,980.4199859526811
1668439110.022958,0.044821,-2.6999999999999247e-05,41.04865202,-2.0,1.0,0.0,980.4199859526811,0.0,980.4199859526811
1668439169.9954703,0.044975,0.000154,48.79882545,-2.0,1.0,0.0,980.4199859526811,0.0,980.4199859526811
1668439230.0212924,0.045005,3.0000000000002247e-05,50.17307925,-2.0,1.0,0.0,980.4199859526811,0.0,980.4199859526811
1668439289.9065776,0.045218,0.0002129999999999,58.19204425,-2.0,1.0,0.0,980.4199859526811,0.0,980.4199859526811
1668439350.6912558,0.045289,7.100000000000162e-05,60.14347384,-2.0,1.0,0.0,980.4199859526811,0.0,980.4199859526811
1668439410.022367,0.045256,-3.300000000000525e-05,59.1037644,-2.0,1.0,0.0,980.4199859526811,0.0,980.4199859526811
1668439470.2538226,0.045365,0.000109,62.68816587,-2.0,1.0,0.0,980.4199859526811,0.0,980.4199859526811
1668439530.075229,0.045408,4.299999999999443e-05,64.17490558,-2.0,1.0,0.0,980.4199859526811,0.0,980.4199859526811
1668439590.054594,0.0454,-7.999999999994123e-06,64.11043743,-2.0,1.0,0.0,980.4199859526811,0.0,980.4199859526811
1668439649.9932594,0.045546,0.000146,67.45836305,-2.0,1.0,0.0,980.4199859526811,0.0,980.4199859526811
1668439710.1207066,0.045621,7.499999999999868e-05,68.86310931,-2.0,1.0,0.0,980.4199859526811,0.0,980.4199859526811
1668439769.9941306,0.04572,9.899999999999493e-05,71.05061408,-2.0,1.0,0.0,980.4199859526811,0.0,980.4199859526811
1668439830.8373144,0.045699,-2.1000000000000185e-05,69.65707414,-2.0,1.0,0.0,980.4199859526811,0.0,980.4199859526811
1668439890.007656,0.04579,9.10000000000008e-05,70.68759788,-2.0,1.0,0.0,980.4199859526811,0.0,980.4199859526811
1668439949.9829872,0.04582,3.0000000000002247e-05,72.36947587,-2.0,1.0,0.0,980.4199859526811,0.0,980.4199859526811
1668440009.8887334,0.04564,-0.0001799999999999,62.16668188,-2.0,1.0,0.0,980.4199859526811,0.0,980.4199859526811
1668440069.9641974,0.045587,-5.299999999999749e-05,59.53403343,-2.0,1.0,0.0,980.4199859526811,0.0,980.4199859526811
1668440130.1898427,0.045568,-1.9000000000005124e-05,58.5898379,-2.0,1.0,0.0,980.4199859526811,0.0,980.4199859526811
1668440190.166125,0.04567,0.000102,60.99159915,-2.0,1.0,0.0,980.4199859526811,0.0,980.4199859526811
1668440250.1226752,0.0455,-0.00017,53.51728393,-2.0,1.0,0.0,980.4199859526811,0.0,980.4199859526811
1668440311.1116562,0.045517,1.7000000000003124e-05,54.15875175,-2.0,1.0,0.0,980.4199859526811,0.0,980.4199859526811
1668440370.0357325,0.04545,-6.700000000000456e-05,51.10095493,-2.0,1.0,0.0,980.4199859526811,0.0,980.4199859526811
1668440430.1408205,0.045338,-0.0001119999999999,46.64332931,-2.0,1.0,0.0,980.4199859526811,0.0,980.4199859526811
1668440489.9976382,0.045288,-5.000000000000143e-05,44.87773612,-2.0,1.0,0.0,980.4199859526811,0.0,980.4199859526811
1668440550.0511208,0.045326,3.799999999999637e-05,46.68221856,-2.0,1.0,0.0,980.4199859526811,0.0,980.4199859526811
1668440610.3035078,0.045467,0.000141,52.45008438,-2.0,1.0,0.0,980.4199859526811,0.0,980.4199859526811
1668440670.0290196,0.045374,-9.30000000000028e-05,48.72562031,-2.0,1.0,0.0,980.4199859526811,0.0,980.4199859526811
1668440729.966019,0.045341,-3.299999999999831e-05,47.20549024,-2.0,1.0,0.0,980.4199859526811,0.0,980.4199859526811
1668440791.0249605,0.045341,0.0,47.25404156,-2.0,1.0,0.0,980.4199859526811,0.0,980.4199859526811
1668440850.1164005,0.045341,0.0,47.25404156,-2.0,1.0,0.0,980.4199859526811,0.0,980.4199859526811
1668440910.0437036,0.045404,6.300000000000056e-05,50.5544598,-2.0,1.0,0.0,980.4199859526811,0.0,980.4199859526811
1668440970.0490146,0.045469,6.500000000000256e-05,53.49020372,-2.0,1.0,0.0,980.4199859526811,0.0,980.4199859526811
1668441030.394302,0.045468,-1.000000000001e-06,53.43102899,-2.0,1.0,0.0,980.4199859526811,0.0,980.4199859526811
1668441090.1351657,0.045481,1.2999999999999123e-05,54.10792727,-2.0,1.0,0.0,980.4199859526811,0.0,980.4199859526811
1668441149.999616,0.045168,-0.000313,39.35212188,-2.0,1.0,0.0,980.4199859526811,0.0,980.4199859526811
1668441210.0576615,0.045262,9.399999999999686e-05,43.72542987,-2.0,1.0,0.0,980.4199859526811,0.0,980.4199859526811
1668441270.218079,0.045228,-3.399999999999931e-05,42.63607549,-2.0,1.0,0.0,980.4199859526811,0.0,980.4199859526811
1668441330.035352,0.045243,1.5000000000001124e-05,43.22512449,-2.0,1.0,0.0,980.4199859526811,0.0,980.4199859526811
1668441390.2320275,0.045145,-9.800000000000086e-05,39.24863212,-2.0,1.0,0.0,980.4199859526811,0.0,980.4199859526811
1668441450.0790684,0.045032,-0.0001129999999999,35.16153623,-2.0,1.0,0.0,980.4199859526811,0.0,980.4199859526811
1668441510.161412,0.045115,8.299999999999974e-05,39.17870847,-2.0,1.0,0.0,980.4199859526811,0.0,980.4199859526811
1668441570.030435,0.045115,0.0,39.17870847,-2.0,1.0,0.0,980.4199859526811,0.0,980.4199859526811
1668441629.960063,0.045115,0.0,39.17870847,-2.0,1.0,0.0,980.4199859526811,0.0,980.4199859526811
1668441690.979973,0.045117,1.9999999999950613e-06,39.83953842,-2.0,1.0,0.0,980.4199859526811,0.0,980.4199859526811
1668441750.185387,0.045235,0.000118,46.69150771,-2.0,1.0,0.0,980.4199859526811,0.0,980.4199859526811
1668441810.2480297,0.045096,-0.000139,40.31879766,-2.0,1.0,0.0,980.4199859526811,0.0,980.4199859526811
1668441870.133103,0.045195,9.900000000000186e-05,45.97454231,-2.0,1.0,0.0,980.4199859526811,0.0,980.4199859526811
1668441930.2366104,0.04505,-0.0001449999999999,39.61572784,-2.0,1.0,0.0,980.4199859526811,0.0,980.4199859526811
1668441990.127288,0.045055,4.9999999999980616e-06,39.80569526,-2.0,1.0,0.0,980.4199859526811,0.0,980.4199859526811
1668442050.2045028,0.045095,4.000000000000531e-05,42.19383813,-2.0,1.0,0.0,980.4199859526811,0.0,980.4199859526811
1668442110.1490655,0.045096,9.999999999940612e-07,42.25111621,-2.0,1.0,0.0,980.4199859526811,0.0,980.4199859526811
1668442170.1242087,0.045103,7.000000000000062e-06,42.67927882,-2.0,1.0,0.0,980.4199859526811,0.0,980.4199859526811
1668442230.1556015,0.04509,-1.2999999999999123e-05,42.05565947,-2.0,1.0,0.0,980.4199859526811,0.0,980.4199859526811
1668442290.155017,0.045346,0.0002559999999999,55.56491613,-2.0,1.0,0.0,980.4199859526811,0.0,980.4199859526811
1668442350.107914,0.045612,0.000266,64.34106379,-2.0,1.0,0.0,980.4199859526811,0.0,980.4199859526811
1668442410.191505,0.04575,0.0001379999999999,68.16715536,-2.0,1.0,0.0,980.4199859526811,0.0,980.4199859526811
1668442470.249065,0.0458,5.000000000000143e-05,69.39641202,-2.0,1.0,0.0,980.4199859526811,0.0,980.4199859526811
1668442530.106339,0.045787,-1.2999999999999123e-05,68.9640263,-2.0,1.0,0.0,980.4199859526811,0.0,980.4199859526811
1668442590.0827005,0.045807,1.9999999999999185e-05,68.72239764,-2.0,1.0,0.0,980.4199859526811,0.0,980.4199859526811
1668442650.193763,0.04618,0.0003729999999999,76.55610588,-2.0,1.0,0.0,980.4199859526811,0.0,980.4199859526811
1668442710.3058443,0.046213,3.299999999999831e-05,77.11866408,-2.0,1.0,0.0,980.4199859526811,0.0,980.4199859526811
1668442770.0726318,0.046361,0.000148,77.99076543,-2.0,1.0,0.0,980.4199859526811,0.0,980.4199859526811
1668442830.4393787,0.046224,-0.0001369999999999,71.04942115,-2.0,1.0,0.0,980.4199859526811,0.0,980.4199859526811
1668442890.285297,0.0462,-2.4000000000003185e-05,68.82498474,-2.0,1.0,0.0,980.4199859526811,0.0,980.4199859526811
1668442950.10524,0.046131,-6.899999999999962e-05,65.4370522,-2.0,1.0,0.0,980.4199859526811,0.0,980.4199859526811
1668443010.1837587,0.04619,5.900000000000349e-05,66.47966731,-2.0,1.0,0.0,980.4199859526811,0.0,980.4199859526811
1668443070.177007,0.045991,-0.000199,59.13715083,-2.0,1.0,0.0,980.4199859526811,0.0,980.4199859526811
1668443130.3643026,0.045994,3.0000000000030003e-06,59.11645837,-2.0,1.0,0.0,980.4199859526811,0.0,980.4199859526811
1668443190.168785,0.046002,8.000000000001062e-06,58.81718037,-2.0,1.0,0.0,980.4199859526811,0.0,980.4199859526811
1668443250.153085,0.045922,-8.000000000000368e-05,55.23242598,-2.0,1.0,0.0,980.4199859526811,0.0,980.4199859526811
1668443310.3716457,0.045999,7.700000000000068e-05,57.89253665,-2.0,1.0,0.0,980.4199859526811,0.0,980.4199859526811
1668443370.0913167,0.045884,-0.0001149999999999,52.74267595,-2.0,1.0,0.0,980.4199859526811,0.0,980.4199859526811
1668443430.1249514,0.045847,-3.700000000000231e-05,51.52351483,-2.0,1.0,0.0,980.4199859526811,0.0,980.4199859526811
1668443490.3024256,0.045848,1.000000000001e-06,51.70705791,-2.0,1.0,0.0,980.4199859526811,0.0,980.4199859526811
1668443550.8113034,0.045899,5.100000000000243e-05,53.57515188,-2.0,1.0,0.0,980.4199859526811,0.0,980.4199859526811
1668443610.1167731,0.04597,7.099999999999468e-05,56.35621728,-2.0,1.0,0.0,980.4199859526811,0.0,980.4199859526811
1668443670.2681794,0.045873,-9.699999999999986e-05,52.08649892,-2.0,1.0,0.0,980.4199859526811,0.0,980.4199859526811
1668443730.174564,0.04579,-8.299999999999974e-05,48.2770251,-2.0,1.0,0.0,980.4199859526811,0.0,980.4199859526811
1668443790.3218248,0.045621,-0.0001689999999999,41.65172119,-2.0,1.0,0.0,980.4199859526811,0.0,980.4199859526811
1668443850.240802,0.04569,6.899999999999962e-05,44.74391466,-2.0,1.0,0.0,980.4199859526811,0.0,980.4199859526811
1668443910.2631853,0.045788,9.800000000000086e-05,49.26431874,-2.0,1.0,0.0,980.4199859526811,0.0,980.4199859526811
1668443970.2574377,0.045784,-4.000000000004e-06,49.07961706,-2.0,1.0,0.0,980.4199859526811,0.0,980.4199859526811
1668444030.163306,0.045758,-2.5999999999998247e-05,47.79033,-2.0,1.0,0.0,980.4199859526811,0.0,980.4199859526811
1668444090.271112,0.04575,-8.000000000001062e-06,47.47268595,-2.0,1.0,0.0,980.4199859526811,0.0,980.4199859526811
1668444150.1970725,0.045798,4.799999999999943e-05,50.01169246,-2.0,1.0,0.0,980.4199859526811,0.0,980.4199859526811
1668444210.210168,0.0457,-9.800000000000086e-05,45.20711765,-2.0,1.0,0.0,980.4199859526811,0.0,980.4199859526811
1668444270.1402724,0.045751,5.100000000000243e-05,48.23253178,-2.0,1.0,0.0,980.4199859526811,0.0,980.4199859526811
1668444330.1943066,0.045889,0.0001379999999999,54.88197904,-2.0,1.0,0.0,980.4199859526811,0.0,980.4199859526811
1668444390.2933435,0.045826,-6.300000000000056e-05,51.62203682,-2.0,1.0,0.0,980.4199859526811,0.0,980.4199859526811
1668444450.408803,0.04579,-3.600000000000131e-05,49.75663184,-2.0,1.0,0.0,980.4199859526811,0.0,980.4199859526811
1668444510.2925076,0.045759,-3.099999999999631e-05,48.04069752,-2.0,1.0,0.0,980.4199859526811,0.0,980.4199859526811
1668444570.181773,0.045849,8.99999999999998e-05,52.3797282,-2.0,1.0,0.0,980.4199859526811,0.0,980.4199859526811
1668444630.263381,0.045736,-0.000113,47.00846285,-2.0,1.0,0.0,980.4199859526811,0.0,980.4199859526811
1668444690.2357185,0.045674,-6.199999999999956e-05,44.22756078,-2.0,1.0,0.0,980.4199859526811,0.0,980.4199859526811
1668444750.2065074,0.045822,0.000148,51.54164112,-2.0,1.0,0.0,980.4199859526811,0.0,980.4199859526811
1668444810.3035023,0.04585,2.8000000000000247e-05,52.89996669,-2.0,1.0,0.0,980.4199859526811,0.0,980.4199859526811
1668444870.3808987,0.04585,0.0,52.89996669,-2.0,1.0,0.0,980.4199859526811,0.0,980.4199859526811
1668444930.3266098,0.04585,0.0,52.89996669,-2.0,1.0,0.0,980.4199859526811,0.0,980.4199859526811
1668444990.293996,0.045892,4.200000000000037e-05,54.94029231,-2.0,1.0,0.0,980.4199859526811,0.0,980.4199859526811
1668445050.3541615,0.045892,0.0,54.94029231,-2.0,1.0,0.0,980.4199859526811,0.0,980.4199859526811
1668445110.2411122,0.045803,-8.89999999999988e-05,49.91233056,-2.0,1.0,0.0,980.4199859526811,0.0,980.4199859526811
1668445170.3423634,0.04582,1.6999999999996185e-05,50.74074094,-2.0,1.0,0.0,980.4199859526811,0.0,980.4199859526811
1668445230.3191798,0.045767,-5.299999999999749e-05,47.82073215,-2.0,1.0,0.0,980.4199859526811,0.0,980.4199859526811
1668445290.374301,0.045781,1.4000000000000123e-05,48.66117869,-2.0,1.0,0.0,980.4199859526811,0.0,980.4199859526811
1668445350.2514808,0.045781,0.0,48.66117869,-2.0,1.0,0.0,980.4199859526811,0.0,980.4199859526811
1668445410.1714578,0.0455,-0.000281,35.91432951,-2.0,1.0,0.0,980.4199859526811,0.0,980.4199859526811
1668445470.2797446,0.045743,0.000243,48.12127135,-2.0,1.0,0.0,980.4199859526811,0.0,980.4199859526811
1668445530.3028157,0.045707,-3.600000000000131e-05,46.45718354,-2.0,1.0,0.0,980.4199859526811,0.0,980.4199859526811
1668445590.299921,0.045632,-7.499999999999868e-05,42.96542104,-2.0,1.0,0.0,980.4199859526811,0.0,980.4199859526811
1668445650.307487,0.045586,-4.599999999999743e-05,41.49190422,-2.0,1.0,0.0,980.4199859526811,0.0,980.4199859526811
1668445710.486497,0.045471,-0.000115,36.66975449,-2.0,1.0,0.0,980.4199859526811,0.0,980.4199859526811
1668445770.522158,0.045468,-2.9999999999960614e-06,36.78483582,-2.0,1.0,0.0,980.4199859526811,0.0,980.4199859526811
1668445830.2741077,0.045495,2.6999999999999247e-05,38.5634132,-2.0,1.0,0.0,980.4199859526811,0.0,980.4199859526811
1668445890.1782038,0.045495,0.0,38.5634132,-2.0,1.0,0.0,980.4199859526811,0.0,980.4199859526811
1668445950.331957,0.045497,2.000000000002e-06,38.99886841,-2.0,1.0,0.0,980.4199859526811,0.0,980.4199859526811
1668446010.1894848,0.045496,-1.000000000001e-06,41.30423027,-2.0,1.0,0.0,980.4199859526811,0.0,980.4199859526811
1668446070.4368298,0.045482,-1.4000000000000123e-05,40.62393186,-2.0,1.0,0.0,980.4199859526811,0.0,980.4199859526811
1668446130.4332457,0.045472,-1.0000000000003062e-05,41.18030387,-2.0,1.0,0.0,980.4199859526811,0.0,980.4199859526811
1668446190.393446,0.045404,-6.799999999999862e-05,38.17143872,-2.0,1.0,0.0,980.4199859526811,0.0,980.4199859526811
1668446250.2881515,0.045448,4.400000000000237e-05,39.99140903,-2.0,1.0,0.0,980.4199859526811,0.0,980.4199859526811
1668446310.3627384,0.045452,3.9999999999970615e-06,40.16550404,-2.0,1.0,0.0,980.4199859526811,0.0,980.4199859526811
1668446370.4199448,0.045496,4.400000000000237e-05,43.59519967,-2.0,1.0,0.0,980.4199859526811,0.0,980.4199859526811
1668446430.3891957,0.045589,9.299999999999586e-05,48.62745616,-2.0,1.0,0.0,980.4199859526811,0.0,980.4199859526811
1668446490.342064,0.045589,0.0,49.37985033,-2.0,1.0,0.0,980.4199859526811,0.0,980.4199859526811
1668446550.228759,0.045589,0.0,49.37985033,-2.0,1.0,0.0,980.4199859526811,0.0,980.4199859526811
1668446610.3430958,0.045476,-0.0001129999999999,43.20482285,-2.0,1.0,0.0,980.4199859526811,0.0,980.4199859526811
1668446670.206232,0.045528,5.199999999999649e-05,46.23871789,-2.0,1.0,0.0,980.4199859526811,0.0,980.4199859526811
1668446730.3670568,0.045555,2.6999999999999247e-05,48.01190906,-2.0,1.0,0.0,980.4199859526811,0.0,980.4199859526811
1668446790.5239282,0.045515,-3.999999999999837e-05,45.66725079,-2.0,1.0,0.0,980.4199859526811,0.0,980.4199859526811
1668446850.4376214,0.045501,-1.4000000000000123e-05,44.96534416,-2.0,1.0,0.0,980.4199859526811,0.0,980.4199859526811
1668446910.219923,0.045482,-1.8999999999998185e-05,46.2632404,-2.0,1.0,0.0,980.4199859526811,0.0,980.4199859526811
1668446970.425576,0.045287,-0.000195,36.66190375,-2.0,1.0,0.0,980.4199859526811,0.0,980.4199859526811
1668447030.481396,0.045268,-1.8999999999998185e-05,35.95205914,-2.0,1.0,0.0,980.4199859526811,0.0,980.4199859526811
1668447090.3454905,0.045326,5.799999999999556e-05,39.99450216,-2.0,1.0,0.0,980.4199859526811,0.0,980.4199859526811
1668447150.24872,0.045325,-1.000000000001e-06,39.95122405,-2.0,1.0,0.0,980.4199859526811,0.0,980.4199859526811
1668447210.3409631,0.0452,-0.000125,34.81980529,-2.0,1.0,0.0,980.4199859526811,0.0,980.4199859526811
1668447270.2298615,0.045094,-0.0001059999999999,31.19511796,-1.0,1.0,0.0,980.4199859526811,0.0,980.4199859526811
1668447330.5169654,0.045153,5.899999999999656e-05,35.14442721,2.0,0.0,1.0,0.0,21713.285627813904,980.4199859526811
1668447390.4013236,0.045193,3.999999999999837e-05,37.82111163,2.0,0.0,1.0,0.0,21713.285627813904,981.2885173777936
1668447450.30393,0.045238,4.500000000000337e-05,40.78694207,2.0,0.0,1.0,0.0,21713.285627813904,982.2656152310454
1668447510.2907648,0.045215,-2.3000000000002185e-05,39.72240705,2.0,0.0,1.0,0.0,21713.285627813904,981.7662096616056
1668447570.492114,0.045219,4.000000000004e-06,40.01000565,2.0,0.0,1.0,0.0,21713.285627813904,981.853062804117
1668447630.2758827,0.045164,-5.499999999999949e-05,38.69926173,2.0,0.0,1.0,0.0,21713.285627813904,980.6588320945872
1668447690.3721762,0.045182,1.7999999999997185e-05,39.89968236,2.0,0.0,1.0,0.0,21713.285627813904,981.0496712358878
1668447750.4410636,0.045228,4.599999999999743e-05,42.97307275,2.0,0.0,1.0,0.0,21713.285627813904,982.0484823747672
1668447810.3965535,0.045199,-2.8999999999994308e-05,41.53115714,2.0,0.0,1.0,0.0,21713.285627813904,981.4187970915608
1668447870.3478248,0.045165,-3.400000000000625e-05,39.84319317,2.0,0.0,1.0,0.0,21713.285627813904,980.6805453802148
1668447930.575626,0.045115,-4.999999999999449e-05,37.43368974,2.0,0.0,1.0,0.0,21713.285627813904,979.5948810988244
1668447990.3798318,0.04519,7.499999999999868e-05,43.00183117,2.0,0.0,1.0,0.0,21713.285627813904,981.2233775209104
1668448050.4148707,0.04503,-0.00016,35.75523433,2.0,0.0,1.0,0.0,21713.285627813904,977.74925182046
1668448110.4003248,0.045182,0.0001519999999999,44.6507839,2.0,0.0,1.0,0.0,21713.285627813904,981.0496712358878
1668448170.24744,0.045182,0.0,44.6507839,2.0,0.0,1.0,0.0,21713.285627813904,981.0496712358878
1668448230.359405,0.045182,0.0,44.6507839,2.0,0.0,1.0,0.0,21713.285627813904,981.0496712358878
1668448290.2776036,0.045126,-5.6000000000000494e-05,41.53122263,2.0,0.0,1.0,0.0,21713.285627813904,979.8337272407302
1668448350.357751,0.045218,9.20000000000018e-05,47.21592493,2.0,0.0,1.0,0.0,21713.285627813904,981.8313495184892
1668448410.4062595,0.045234,1.6000000000002124e-05,48.35423762,2.0,0.0,1.0,0.0,21713.285627813904,982.1787620885342
1668448470.582737,0.045234,0.0,48.35423762,2.0,0.0,1.0,0.0,21713.285627813904,982.1787620885342
1668448530.4839954,0.0452,-3.400000000000625e-05,46.08010524,2.0,0.0,1.0,0.0,21713.285627813904,981.4405103771884
1668448590.41804,0.045158,-4.200000000000037e-05,43.36682951,2.0,0.0,1.0,0.0,21713.285627813904,980.5285523808202
1668448650.5133262,0.0452,4.200000000000037e-05,46.12394415,2.0,0.0,1.0,0.0,21713.285627813904,981.4405103771884
1668448710.3310244,0.045189,-1.0999999999997123e-05,45.34078841,2.0,0.0,1.0,0.0,21713.285627813904,981.2016642352824
1668448771.2244408,0.045207,1.7999999999997185e-05,46.92876962,2.0,0.0,1.0,0.0,21713.285627813904,981.5925033765832
1668448831.2650568,0.0452,-7.000000000000062e-06,46.36463974,2.0,0.0,1.0,0.0,21713.285627813904,981.4405103771884
1668448891.1993496,0.0452,0.0,46.32180638,2.0,0.0,1.0,0.0,21713.285627813904,981.4405103771884
1668448952.0515056,0.0452,0.0,46.32180638,2.0,0.0,1.0,0.0,21713.285627813904,981.4405103771884
1668449012.276882,0.045235,3.500000000000031e-05,49.81672378,2.0,0.0,1.0,0.0,21713.285627813904,982.200475374162
1668449072.1974788,0.045164,-7.099999999999468e-05,43.61328113,2.0,0.0,1.0,0.0,21713.285627813904,980.6588320945872
1668449133.1301076,0.045099,-6.500000000000256e-05,39.02720261,2.0,0.0,1.0,0.0,21713.285627813904,979.2474685287792
1668449193.258101,0.045053,-4.599999999999743e-05,36.11160463,2.0,0.0,1.0,0.0,21713.285627813904,978.2486573899
1668449253.201116,0.045197,0.0001439999999999,48.48756041,2.0,0.0,1.0,0.0,21713.285627813904,981.3753705203052
1668449314.0647748,0.045181,-1.6000000000002124e-05,47.92807395,2.0,0.0,1.0,0.0,21713.285627813904,981.02795795026
1668449374.1330695,0.045181,0.0,47.92807395,2.0,0.0,1.0,0.0,21713.285627813904,981.02795795026
1668449434.0892563,0.045181,0.0,47.92807395,2.0,0.0,1.0,0.0,21713.285627813904,981.02795795026
1668449494.980151,0.045278,9.699999999999986e-05,54.62529276,2.0,0.0,1.0,0.0,21713.285627813904,983.134146656158
1668449555.011062,0.045324,4.600000000000437e-05,57.23371826,2.0,0.0,1.0,0.0,21713.285627813904,984.1329577950374
1668449614.9507563,0.045327,2.9999999999960614e-06,57.40569284,2.0,0.0,1.0,0.0,21713.285627813904,984.1980976519208
1668449676.3513668,0.04527,-5.700000000000149e-05,52.73299025,2.0,0.0,1.0,0.0,21713.285627813904,982.9604403711354
1668449736.313703,0.045437,0.000167,63.86930693,2.0,0.0,1.0,0.0,21713.285627813904,986.5865590709805
1668449796.7067318,0.045301,-0.0001359999999999,54.1888022,2.0,0.0,1.0,0.0,21713.285627813904,983.6335522255976
1668449857.3709164,0.04525,-5.100000000000243e-05,50.01173225,2.0,0.0,1.0,0.0,21713.285627813904,982.5261746585792
1668449917.1841128,0.045154,-9.599999999999886e-05,43.10996541,2.0,0.0,1.0,0.0,21713.285627813904,980.4416992383092
1668449977.2529094,0.045145,-9.000000000002062e-06,42.48181626,2.0,0.0,1.0,0.0,21713.285627813904,980.2462796676588
1668450037.8451722,0.045209,6.400000000000156e-05,47.35345727,2.0,0.0,1.0,0.0,21713.285627813904,981.6359299478388
1668450097.9849756,0.045157,-5.199999999999649e-05,43.62668557,2.0,0.0,1.0,0.0,21713.285627813904,980.5068390951924
1668450158.0055263,0.045146,-1.1000000000004062e-05,42.85828112,2.0,0.0,1.0,0.0,21713.285627813904,980.2679929532864
1668450218.872189,0.045188,4.200000000000037e-05,46.33806597,2.0,0.0,1.0,0.0,21713.285627813904,981.1799509496548
1668450278.7677844,0.0452,1.1999999999998123e-05,47.39285558,2.0,0.0,1.0,0.0,21713.285627813904,981.4405103771884
1668450339.044658,0.045155,-4.499999999999643e-05,43.91657806,2.0,0.0,1.0,0.0,21713.285627813904,980.4634125239368
1668450399.9757397,0.044985,-0.00017,33.83973308,2.0,0.0,1.0,0.0,21713.285627813904,976.7721539672084
1668450459.8649216,0.045091,0.000106,41.16491545,2.0,0.0,1.0,0.0,21713.285627813904,979.0737622437568
1668450519.7133086,0.045081,-9.999999999996125e-06,41.39900581,2.0,0.0,1.0,0.0,21713.285627813904,978.8566293874788
1668450580.497783,0.044872,-0.000209,29.72427748,2.0,0.0,1.0,0.0,21713.285627813904,974.3185526912656
1668450640.6111526,0.045013,0.0001409999999999,41.53088257,2.0,0.0,1.0,0.0,21713.285627813904,977.3801259647872
1668450700.5172656,0.04491,-0.0001029999999999,33.10309313,2.0,0.0,1.0,0.0,21713.285627813904,975.1436575451224
1668450761.3053503,0.04491,0.0,33.10309313,2.0,0.0,1.0,0.0,21713.285627813904,975.1436575451224
1668450821.5441406,0.044947,3.700000000000231e-05,36.89275306,2.0,0.0,1.0,0.0,21713.285627813904,975.9470491133516
1668450881.5128057,0.045,5.299999999999749e-05,41.65473735,2.0,0.0,1.0,0.0,21713.285627813904,977.0978532516256
1668450942.625462,0.044939,-6.099999999999856e-05,37.9314111,2.0,0.0,1.0,0.0,21713.285627813904,975.7733428283292
1668451002.433762,0.044939,0.0,37.9314111,2.0,0.0,1.0,0.0,21713.285627813904,975.7733428283292
1668451062.4283528,0.044861,-7.800000000000168e-05,33.6438333,2.0,0.0,1.0,0.0,21713.285627813904,974.0797065493596
1668451123.4431348,0.0449,3.900000000000431e-05,35.65920264,2.0,0.0,1.0,0.0,21713.285627813904,974.9265246888444
1668451183.180768,0.044784,-0.000116,29.91847777,2.0,0.0,1.0,0.0,21713.285627813904,972.407783556018
1668451243.2380033,0.044862,7.800000000000168e-05,37.23544117,2.0,0.0,1.0,0.0,21713.285627813904,974.1014198349874
1668451304.0316825,0.044941,7.900000000000268e-05,43.74188345,2.0,0.0,1.0,0.0,21713.285627813904,975.8167693995848
1668451364.1145606,0.044967,2.5999999999998247e-05,45.82924123,2.0,0.0,1.0,0.0,21713.285627813904,976.3813148259078
1668451424.155898,0.044987,1.9999999999999185e-05,47.46201252,2.0,0.0,1.0,0.0,21713.285627813904,976.815580538464
1668451485.2097745,0.044985,-2.000000000002e-06,47.32889844,2.0,0.0,1.0,0.0,21713.285627813904,976.7721539672084
1668451545.0984106,0.044949,-3.599999999999437e-05,44.69182595,2.0,0.0,1.0,0.0,21713.285627813904,975.9904756846072
1668451605.1081886,0.044972,2.2999999999995246e-05,46.46384467,2.0,0.0,1.0,0.0,21713.285627813904,976.4898812540468
1668451665.895532,0.04499,1.8000000000004124e-05,48.47808906,2.0,0.0,1.0,0.0,21713.285627813904,976.8807203953476
1668451726.1121724,0.044926,-6.400000000000156e-05,43.04433959,2.0,0.0,1.0,0.0,21713.285627813904,975.4910701151676
1668451785.9958315,0.044865,-6.099999999999856e-05,38.8009144,2.0,0.0,1.0,0.0,21713.285627813904,974.1665596918708
1668451846.8477447,0.044962,9.699999999999986e-05,47.6403375,2.0,0.0,1.0,0.0,21713.285627813904,976.2727483977689
1668451906.836512,0.04499,2.8000000000000247e-05,49.71277884,2.0,0.0,1.0,0.0,21713.285627813904,976.8807203953476
1668451966.8371103,0.044995,4.9999999999980616e-06,50.09270325,2.0,0.0,1.0,0.0,21713.285627813904,976.9892868234866
1668452027.4764018,0.044987,-8.000000000001062e-06,49.44163481,2.0,0.0,1.0,0.0,21713.285627813904,976.815580538464
1668452087.4534423,0.044916,-7.100000000000162e-05,45.04868847,2.0,0.0,1.0,0.0,21713.285627813904,975.2739372588892
1668452147.9881313,0.04494,2.4000000000003185e-05,46.85784191,2.0,0.0,1.0,0.0,21713.285627813904,975.7950561139568
1668452208.5148215,0.04494,0.0,46.85784191,2.0,0.0,1.0,0.0,21713.285627813904,975.7950561139568
1668452268.76018,0.04488,-5.999999999999756e-05,43.04261253,2.0,0.0,1.0,0.0,21713.285627813904,974.492258976288
1668452328.593528,0.04488,0.0,43.04261253,2.0,0.0,1.0,0.0,21713.285627813904,974.492258976288
1668452389.3218577,0.045054,0.0001739999999999,54.58976291,2.0,0.0,1.0,0.0,21713.285627813904,978.2703706755276
1668452449.1102767,0.04495,-0.0001039999999999,48.28837614,2.0,0.0,1.0,0.0,21713.285627813904,976.0121889702348
1668452509.2936456,0.04503,8.000000000000368e-05,53.11642507,2.0,0.0,1.0,0.0,21713.285627813904,977.74925182046
1668452570.3373497,0.04503,0.0,53.11642507,2.0,0.0,1.0,0.0,21713.285627813904,977.74925182046
1668452630.0119152,0.04503,0.0,53.11642507,2.0,0.0,1.0,0.0,21713.285627813904,977.74925182046
1668452691.0436797,0.044974,-5.6000000000000494e-05,49.3740313,2.0,0.0,1.0,0.0,21713.285627813904,976.5333078253026
1668452750.8935294,0.044964,-1.0000000000003062e-05,48.4517741,2.0,0.0,1.0,0.0,21713.285627813904,976.3161749690244
1668452810.8647263,0.044909,-5.499999999999949e-05,44.99837474,2.0,0.0,1.0,0.0,21713.285627813904,975.1219442594946
1668452871.018412,0.045007,9.800000000000086e-05,51.460195,2.0,0.0,1.0,0.0,21713.285627813904,977.2498462510204
1668452931.7103088,0.045021,1.4000000000000123e-05,52.38980064,2.0,0.0,1.0,0.0,21713.285627813904,977.5538322498096
1668452991.8123412,0.045002,-1.8999999999998185e-05,50.85679196,2.0,0.0,1.0,0.0,21713.285627813904,977.1412798228812
1668453052.354648,0.045045,4.300000000000137e-05,54.13612162,2.0,0.0,1.0,0.0,21713.285627813904,978.0749511048772
1668453112.367718,0.0451,5.499999999999949e-05,57.94323706,2.0,0.0,1.0,0.0,21713.285627813904,979.2691818144071
1668453172.475741,0.045116,1.6000000000002124e-05,58.93488074,2.0,0.0,1.0,0.0,21713.285627813904,979.616594384452
1668453233.1540484,0.045266,0.0001499999999999,66.83091844,1.0,0.0,1.0,0.0,21713.285627813904,982.8735872286242
1668453293.348198,0.045242,-2.4000000000003185e-05,65.77808313,-2.0,1.0,0.0,982.3524683735566,0.0,982.3524683735566
1668453353.3785162,0.045288,4.600000000000437e-05,67.88235551,-2.0,1.0,0.0,982.3524683735566,0.0,982.3524683735566
1668453413.4345646,0.045325,3.699999999999537e-05,66.8700875,-2.0,1.0,0.0,982.3524683735566,0.0,982.3524683735566
1668453474.0251112,0.045472,0.000147,72.89338743,-2.0,1.0,0.0,982.3524683735566,0.0,982.3524683735566
1668453534.1665552,0.045409,-6.300000000000056e-05,67.49174185,-2.0,1.0,0.0,982.3524683735566,0.0,982.3524683735566
1668453594.428304,0.04539,-1.8999999999998185e-05,63.71743371,-2.0,1.0,0.0,982.3524683735566,0.0,982.3524683735566
1668453655.377185,0.04558,0.00019,69.84776618,-2.0,1.0,0.0,982.3524683735566,0.0,982.3524683735566
1668453716.519392,0.045554,-2.6000000000005186e-05,68.95116092,-2.0,1.0,0.0,982.3524683735566,0.0,982.3524683735566
1668453775.2337053,0.045447,-0.0001069999999999,61.97216163,-2.0,1.0,0.0,982.3524683735566,0.0,982.3524683735566
1668453835.9289076,0.045308,-0.000139,54.58410093,-2.0,1.0,0.0,982.3524683735566,0.0,982.3524683735566
1668453895.9365604,0.045375,6.699999999999762e-05,57.18758386,-2.0,1.0,0.0,982.3524683735566,0.0,982.3524683735566
1668453956.025426,0.045199,-0.0001759999999999,49.12521525,-2.0,1.0,0.0,982.3524683735566,0.0,982.3524683735566
1668454016.9625823,0.045277,7.799999999999474e-05,52.55983699,-2.0,1.0,0.0,982.3524683735566,0.0,982.3524683735566
1668454076.953501,0.045461,0.000184,59.20830442,-2.0,1.0,0.0,982.3524683735566,0.0,982.3524683735566
1668454136.9929814,0.045355,-0.000106,54.33015235,-2.0,1.0,0.0,982.3524683735566,0.0,982.3524683735566
1668454197.6875062,0.045243,-0.000112,49.7941438,-2.0,1.0,0.0,982.3524683735566,0.0,982.3524683735566
1668454257.5692706,0.045375,0.000132,54.85038602,-2.0,1.0,0.0,982.3524683735566,0.0,982.3524683735566
1668454317.6366768,0.045373,-2.000000000002e-06,54.6817374,-2.0,1.0,0.0,982.3524683735566,0.0,982.3524683735566
1668454378.5150998,0.045489,0.000116,59.0565412,-2.0,1.0,0.0,982.3524683735566,0.0,982.3524683735566
1668454438.2740192,0.045489,0.0,59.0565412,-2.0,1.0,0.0,982.3524683735566,0.0,982.3524683735566
1668454498.4323907,0.045583,9.399999999999686e-05,61.66265863,-2.0,1.0,0.0,982.3524683735566,0.0,982.3524683735566
1668454564.742319,0.045499,-8.400000000000074e-05,57.40889918,-2.0,1.0,0.0,982.3524683735566,0.0,982.3524683735566
1668454619.4845886,0.045543,4.400000000000237e-05,59.00421956,-2.0,1.0,0.0,982.3524683735566,0.0,982.3524683735566
1668454679.4938452,0.045623,7.999999999999674e-05,61.89613436,-2.0,1.0,0.0,982.3524683735566,0.0,982.3524683735566
1668454740.395906,0.045605,-1.7999999999997185e-05,61.30260088,-2.0,1.0,0.0,982.3524683735566,0.0,982.3524683735566
1668454800.4443278,0.045641,3.600000000000131e-05,62.55206343,-2.0,1.0,0.0,982.3524683735566,0.0,982.3524683735566
1668454860.1999235,0.045646,4.9999999999980616e-06,62.64308314,-2.0,1.0,0.0,982.3524683735566,0.0,982.3524683735566
1668454920.9931734,0.045697,5.100000000000243e-05,64.58725207,-2.0,1.0,0.0,982.3524683735566,0.0,982.3524683735566
1668454980.9413018,0.045572,-0.000125,56.74794788,-2.0,1.0,0.0,982.3524683735566,0.0,982.3524683735566
1668455040.9910264,0.045643,7.100000000000162e-05,59.73723304,-2.0,1.0,0.0,982.3524683735566,0.0,982.3524683735566
1668455101.842694,0.0459,0.000257,68.22241492,-2.0,1.0,0.0,982.3524683735566,0.0,982.3524683735566
1668455161.9887838,0.046163,0.0002629999999999,74.25538384,-2.0,1.0,0.0,982.3524683735566,0.0,982.3524683735566
1668455221.8899033,0.046205,4.200000000000037e-05,73.74647938,-2.0,1.0,0.0,982.3524683735566,0.0,982.3524683735566
1668455282.8482928,0.046245,3.999999999999837e-05,71.35243819,-2.0,1.0,0.0,982.3524683735566,0.0,982.3524683735566
1668455341.8683898,0.046177,-6.799999999999862e-05,68.0502869,-2.0,1.0,0.0,982.3524683735566,0.0,982.3524683735566
1668455401.9850037,0.046071,-0.000106,63.12533398,-2.0,1.0,0.0,982.3524683735566,0.0,982.3524683735566
1668455463.059726,0.045909,-0.000162,56.40648343,-2.0,1.0,0.0,982.3524683735566,0.0,982.3524683735566
1668455522.101418,0.045824,-8.500000000000174e-05,53.34894573,-2.0,1.0,0.0,982.3524683735566,0.0,982.3524683735566
1668455581.960093,0.045831,7.000000000000062e-06,53.5831078,-2.0,1.0,0.0,982.3524683735566,0.0,982.3524683735566
1668455642.0119874,0.046233,0.000402,64.5491201,-2.0,1.0,0.0,982.3524683735566,0.0,982.3524683735566
1668455701.985566,0.046309,7.599999999999968e-05,62.99009953,-2.0,1.0,0.0,982.3524683735566,0.0,982.3524683735566
1668455762.657738,0.046729,0.0004199999999999,69.85445868,-2.0,1.0,0.0,982.3524683735566,0.0,982.3524683735566
1668455821.978029,0.047018,0.0002889999999999,73.3145399,-2.0,1.0,0.0,982.3524683735566,0.0,982.3524683735566
1668455882.1310909,0.047253,0.000235,75.84362371,-2.0,1.0,0.0,982.3524683735566,0.0,982.3524683735566
1668455941.9773228,0.046959,-0.000294,70.06465938,-2.0,1.0,0.0,982.3524683735566,0.0,982.3524683735566
1668456002.0106933,0.046963,3.9999999999970615e-06,70.12280872,-2.0,1.0,0.0,982.3524683735566,0.0,982.3524683735566
1668456061.9007988,0.046828,-0.0001349999999999,65.61235285,-2.0,1.0,0.0,982.3524683735566,0.0,982.3524683735566
1668456121.938441,0.046699,-0.000129,61.42503364,-2.0,1.0,0.0,982.3524683735566,0.0,982.3524683735566
1668456182.157705,0.046699,0.0,61.42503364,-2.0,1.0,0.0,982.3524683735566,0.0,982.3524683735566
1668456242.118635,0.04652,-0.0001789999999999,55.70405942,-2.0,1.0,0.0,982.3524683735566,0.0,982.3524683735566
1668456301.9484315,0.046558,3.800000000000331e-05,56.60746604,-2.0,1.0,0.0,982.3524683735566,0.0,982.3524683735566
1668456361.8840954,0.046746,0.000188,60.79426793,-2.0,1.0,0.0,982.3524683735566,0.0,982.3524683735566
1668456422.0389986,0.047066,0.0003199999999999,66.79120627,-2.0,1.0,0.0,982.3524683735566,0.0,982.3524683735566
1668456482.1918316,0.046995,-7.099999999999468e-05,63.76619604,-2.0,1.0,0.0,982.3524683735566,0.0,982.3524683735566
1668456542.2226057,0.046848,-0.000147,59.2050368,-2.0,1.0,0.0,982.3524683735566,0.0,982.3524683735566
1668456602.0032008,0.047203,0.000355,65.57243188,-2.0,1.0,0.0,982.3524683735566,0.0,982.3524683735566
1668456662.0275872,0.046918,-0.000285,59.75581984,-2.0,1.0,0.0,982.3524683735566,0.0,982.3524683735566
1668456722.0218525,0.047089,0.0001709999999999,63.79558588,-2.0,1.0,0.0,982.3524683735566,0.0,982.3524683735566
1668456781.9775066,0.047188,9.900000000000186e-05,65.6221716,-2.0,1.0,0.0,982.3524683735566,0.0,982.3524683735566
1668456841.911622,0.04716,-2.8000000000000247e-05,64.56174553,-2.0,1.0,0.0,982.3524683735566,0.0,982.3524683735566
1668456902.013812,0.046957,-0.000203,57.4812054,-2.0,1.0,0.0,982.3524683735566,0.0,982.3524683735566
1668456962.377359,0.04687,-8.69999999999968e-05,54.69213427,-2.0,1.0,0.0,982.3524683735566,0.0,982.3524683735566
1668457022.0930238,0.046861,-9.000000000002062e-06,54.40234115,-2.0,1.0,0.0,982.3524683735566,0.0,982.3524683735566
1668457082.080914,0.046738,-0.0001229999999999,50.70528188,-2.0,1.0,0.0,982.3524683735566,0.0,982.3524683735566
1668457142.5033083,0.046615,-0.000123,47.02438301,-2.0,1.0,0.0,982.3524683735566,0.0,982.3524683735566
1668457202.0323622,0.0466,-1.4999999999994185e-05,46.35650464,-2.0,1.0,0.0,982.3524683735566,0.0,982.3524683735566
1668457261.9580393,0.04661,9.999999999996125e-06,46.65670988,-2.0,1.0,0.0,982.3524683735566,0.0,982.3524683735566
1668457322.058797,0.04663,1.9999999999999185e-05,47.40961057,-2.0,1.0,0.0,982.3524683735566,0.0,982.3524683735566
1668457382.3070076,0.046689,5.900000000000349e-05,49.21347928,-2.0,1.0,0.0,982.3524683735566,0.0,982.3524683735566
1668457442.1406908,0.04657,-0.000119,45.9138892,-2.0,1.0,0.0,982.3524683735566,0.0,982.3524683735566
1668457504.768593,0.046587,1.7000000000003124e-05,46.33437582,-2.0,1.0,0.0,982.3524683735566,0.0,982.3524683735566
1668457562.130786,0.046583,-4.000000000004e-06,46.20827434,-2.0,1.0,0.0,982.3524683735566,0.0,982.3524683735566
1668457622.2600622,0.046583,0.0,46.20827434,-2.0,1.0,0.0,982.3524683735566,0.0,982.3524683735566
1668457681.9341002,0.046583,0.0,46.20827434,-2.0,1.0,0.0,982.3524683735566,0.0,982.3524683735566
1668457742.084318,0.046729,0.000146,51.32416215,-2.0,1.0,0.0,982.3524683735566,0.0,982.3524683735566
1668457802.0331025,0.04655,-0.0001789999999999,45.59832159,-2.0,1.0,0.0,982.3524683735566,0.0,982.3524683735566
1668457862.264056,0.046575,2.4999999999997247e-05,46.76794538,-2.0,1.0,0.0,982.3524683735566,0.0,982.3524683735566
1668457922.0357888,0.046542,-3.299999999999831e-05,45.67679891,-2.0,1.0,0.0,982.3524683735566,0.0,982.3524683735566
1668457982.2895558,0.046542,0.0,45.67679891,-2.0,1.0,0.0,982.3524683735566,0.0,982.3524683735566
1668458042.2687287,0.046746,0.000204,52.73763735,-2.0,1.0,0.0,982.3524683735566,0.0,982.3524683735566
1668458101.9896474,0.046583,-0.000163,47.44840694,-2.0,1.0,0.0,982.3524683735566,0.0,982.3524683735566
1668458162.2994,0.04664,5.700000000000149e-05,49.32563822,-2.0,1.0,0.0,982.3524683735566,0.0,982.3524683735566
1668458222.193843,0.046681,4.099999999999937e-05,50.59507518,-2.0,1.0,0.0,982.3524683735566,0.0,982.3524683735566
1668458282.2245593,0.046681,0.0,50.59507518,-2.0,1.0,0.0,982.3524683735566,0.0,982.3524683735566
1668458342.009456,0.046546,-0.000135,46.46739733,-2.0,1.0,0.0,982.3524683735566,0.0,982.3524683735566
1668458402.2303011,0.046513,-3.299999999999831e-05,45.4904247,-2.0,1.0,0.0,982.3524683735566,0.0,982.3524683735566
1668458462.064772,0.046557,4.400000000000237e-05,47.08782257,-2.0,1.0,0.0,982.3524683735566,0.0,982.3524683735566
1668458523.156518,0.046593,3.600000000000131e-05,48.31762047,-2.0,1.0,0.0,982.3524683735566,0.0,982.3524683735566
1668458582.1361938,0.046623,2.9999999999995308e-05,49.25915906,-2.0,1.0,0.0,982.3524683735566,0.0,982.3524683735566
1668458642.3171625,0.046623,0.0,49.25915906,-2.0,1.0,0.0,982.3524683735566,0.0,982.3524683735566
1668458702.3104086,0.046623,0.0,49.25915906,-2.0,1.0,0.0,982.3524683735566,0.0,982.3524683735566
1668458776.8257835,0.046702,7.900000000000268e-05,52.39808851,-2.0,1.0,0.0,982.3524683735566,0.0,982.3524683735566
1668458822.2551527,0.046689,-1.2999999999999123e-05,51.82988348,-2.0,1.0,0.0,982.3524683735566,0.0,982.3524683735566
1668458882.3161132,0.046826,0.0001369999999999,57.17865445,-2.0,1.0,0.0,982.3524683735566,0.0,982.3524683735566
1668458942.2732196,0.046837,1.0999999999997123e-05,56.80319471,-2.0,1.0,0.0,982.3524683735566,0.0,982.3524683735566
1668459002.1507847,0.046779,-5.799999999999556e-05,54.09708736,-2.0,1.0,0.0,982.3524683735566,0.0,982.3524683735566
1668459062.576994,0.046654,-0.000125,48.70510324,-2.0,1.0,0.0,982.3524683735566,0.0,982.3524683735566
1668459122.108026,0.0469,0.0002459999999999,58.82135907,-2.0,1.0,0.0,982.3524683735566,0.0,982.3524683735566
1668459182.28656,0.046801,-9.899999999999493e-05,53.90410872,-2.0,1.0,0.0,982.3524683735566,0.0,982.3524683735566
1668459242.201146,0.046814,1.2999999999999123e-05,54.50239774,-2.0,1.0,0.0,982.3524683735566,0.0,982.3524683735566
1668459482.9147315,0.046903,8.89999999999988e-05,57.99060043,-2.0,1.0,0.0,982.3524683735566,0.0,982.3524683735566
1668459542.9584043,0.046903,0.0,57.99060043,-2.0,1.0,0.0,982.3524683735566,0.0,982.3524683735566
1668459604.1482503,0.046784,-0.000119,51.90862939,-2.0,1.0,0.0,982.3524683735566,0.0,982.3524683735566
1668459663.69144,0.046899,0.000115,56.64122413,-2.0,1.0,0.0,982.3524683735566,0.0,982.3524683735566
1668459755.587452,0.046773,-0.000126,51.39373206,-2.0,1.0,0.0,982.3524683735566,0.0,982.3524683735566
1668459784.528126,0.04664,-0.000133,45.1452542,-2.0,1.0,0.0,982.3524683735566,0.0,982.3524683735566
1668459844.5998776,0.046657,1.6999999999996185e-05,46.14410519,-2.0,1.0,0.0,982.3524683735566,0.0,982.3524683735566
1668459906.6531954,0.04674,8.299999999999974e-05,50.36855864,-2.0,1.0,0.0,982.3524683735566,0.0,982.3524683735566
1668459965.3455465,0.046673,-6.699999999999762e-05,47.18846569,-2.0,1.0,0.0,982.3524683735566,0.0,982.3524683735566
1668460025.3316684,0.046542,-0.0001309999999999,41.95374618,-2.0,1.0,0.0,982.3524683735566,0.0,982.3524683735566
1668460085.4196744,0.046673,0.0001309999999999,48.36366165,-2.0,1.0,0.0,982.3524683735566,0.0,982.3524683735566
1668460146.273462,0.04658,-9.299999999999586e-05,44.10194663,-2.0,1.0,0.0,982.3524683735566,0.0,982.3524683735566
1668460206.3457785,0.046528,-5.200000000000343e-05,41.86487,-2.0,1.0,0.0,982.3524683735566,0.0,982.3524683735566
1668460266.1173632,0.046554,2.5999999999998247e-05,43.41052808,-2.0,1.0,0.0,982.3524683735566,0.0,982.3524683735566
1668460326.946699,0.046656,0.000102,49.12517282,-2.0,1.0,0.0,982.3524683735566,0.0,982.3524683735566
1668460386.903859,0.04658,-7.599999999999968e-05,45.44288607,-2.0,1.0,0.0,982.3524683735566,0.0,982.3524683735566
1668460446.767307,0.046608,2.7999999999993308e-05,47.01856016,-2.0,1.0,0.0,982.3524683735566,0.0,982.3524683735566
1668460508.0106251,0.046513,-9.499999999999786e-05,42.23698665,-2.0,1.0,0.0,982.3524683735566,0.0,982.3524683735566
1668460567.8530562,0.0465,-1.2999999999999123e-05,41.61754444,-2.0,1.0,0.0,982.3524683735566,0.0,982.3524683735566
1668460627.922207,0.046375,-0.000125,36.22060916,-2.0,1.0,0.0,982.3524683735566,0.0,982.3524683735566
1668460688.6752064,0.046293,-8.199999999999874e-05,33.12736678,-2.0,1.0,0.0,982.3524683735566,0.0,982.3524683735566
1668460748.6709335,0.046305,1.1999999999998123e-05,34.74564842,-2.0,1.0,0.0,982.3524683735566,0.0,982.3524683735566
1668460809.0347042,0.046354,4.900000000000043e-05,38.44284258,-2.0,1.0,0.0,982.3524683735566,0.0,982.3524683735566
1668460869.639974,0.046282,-7.200000000000262e-05,35.4900512,-2.0,1.0,0.0,982.3524683735566,0.0,982.3524683735566
1668460929.4472494,0.046379,9.699999999999986e-05,40.58856311,-2.0,1.0,0.0,982.3524683735566,0.0,982.3524683735566
1668460989.4788451,0.046401,2.2000000000001185e-05,42.08785289,-2.0,1.0,0.0,982.3524683735566,0.0,982.3524683735566
1668461051.0241456,0.046321,-7.999999999999674e-05,38.23976204,-2.0,1.0,0.0,982.3524683735566,0.0,982.3524683735566
1668461111.0305166,0.046333,1.1999999999998123e-05,39.35350627,-2.0,1.0,0.0,982.3524683735566,0.0,982.3524683735566
1668461170.9870586,0.046337,4.000000000004e-06,41.5256277,-2.0,1.0,0.0,982.3524683735566,0.0,982.3524683735566
1668461231.719942,0.046343,5.999999999999062e-06,41.95517031,-2.0,1.0,0.0,982.3524683735566,0.0,982.3524683735566
1668461291.6653616,0.0463,-4.300000000000137e-05,39.93757066,-2.0,1.0,0.0,982.3524683735566,0.0,982.3524683735566
1668461351.6427948,0.046316,1.6000000000002124e-05,40.76084949,-2.0,1.0,0.0,982.3524683735566,0.0,982.3524683735566
1668461412.5996962,0.046348,3.199999999999731e-05,43.10749174,-2.0,1.0,0.0,982.3524683735566,0.0,982.3524683735566
1668461472.7531953,0.046175,-0.0001729999999999,33.44507941,-2.0,1.0,0.0,982.3524683735566,0.0,982.3524683735566
1668461532.605926,0.04614,-3.500000000000031e-05,31.93445033,-1.0,1.0,0.0,982.3524683735566,0.0,982.3524683735566
1668461593.3084984,0.046189,4.900000000000043e-05,35.18833289,2.0,0.0,1.0,0.0,21268.104275337344,982.3524683735566
1668461655.879192,0.04632,0.0001309999999999,45.35249338,2.0,0.0,1.0,0.0,21268.104275337344,985.1385900336256
1668461713.4538486,0.046289,-3.100000000000325e-05,43.60958192,2.0,0.0,1.0,0.0,21268.104275337344,984.4792788010902
1668461774.4273274,0.046289,0.0,43.60958192,2.0,0.0,1.0,0.0,21268.104275337344,984.4792788010902
1668461834.426678,0.046218,-7.099999999999468e-05,39.83379736,2.0,0.0,1.0,0.0,21268.104275337344,982.9692433975414
1668461894.3302643,0.04619,-2.8000000000000247e-05,38.46276508,2.0,0.0,1.0,0.0,21268.104275337344,982.373736477832
1668461954.9893026,0.046289,9.899999999999493e-05,45.80264744,2.0,0.0,1.0,0.0,21268.104275337344,984.4792788010902
1668462014.3166833,0.046261,-2.8000000000000247e-05,43.69087635,2.0,0.0,1.0,0.0,21268.104275337344,983.8837718813808
1668462074.6251645,0.046256,-4.9999999999980616e-06,43.43355261,2.0,0.0,1.0,0.0,21268.104275337344,983.777431360004
1668462135.384644,0.046201,-5.499999999999949e-05,39.71827992,2.0,0.0,1.0,0.0,21268.104275337344,982.6076856248608
1668462194.7960083,0.046204,3.0000000000030003e-06,39.90446523,2.0,0.0,1.0,0.0,21268.104275337344,982.6714899376868
1668462254.4143062,0.046217,1.2999999999999123e-05,40.73185715,2.0,0.0,1.0,0.0,21268.104275337344,982.947975293266
1668462314.3836453,0.046217,0.0,40.73185715,2.0,0.0,1.0,0.0,21268.104275337344,982.947975293266
1668462374.4520693,0.046223,5.999999999999062e-06,41.38242841,2.0,0.0,1.0,0.0,21268.104275337344,983.075583918918
1668462434.4480145,0.046323,0.0001,50.25803747,2.0,0.0,1.0,0.0,21268.104275337344,985.2023943464518
1668462494.479219,0.046378,5.499999999999949e-05,54.4670338,2.0,0.0,1.0,0.0,21268.104275337344,986.3721400815954
1668462554.273433,0.046372,-6.0000000000060005e-06,53.93369739,2.0,0.0,1.0,0.0,21268.104275337344,986.2445314559432
1668462614.4768126,0.046325,-4.699999999999843e-05,50.58630857,2.0,0.0,1.0,0.0,21268.104275337344,985.2449305550024
1668462674.609159,0.046296,-2.9000000000001247e-05,48.32803902,2.0,0.0,1.0,0.0,21268.104275337344,984.6281555310176
1668462734.8105118,0.046179,-0.0001169999999999,40.32160947,2.0,0.0,1.0,0.0,21268.104275337344,982.1397873308032
1668462794.4613206,0.046177,-1.9999999999950613e-06,40.47465755,2.0,0.0,1.0,0.0,21268.104275337344,982.0972511222526
1668462854.329014,0.046168,-9.000000000002062e-06,39.90009092,2.0,0.0,1.0,0.0,21268.104275337344,981.9058381837746
1668462914.3587422,0.046084,-8.400000000000074e-05,34.72722763,2.0,0.0,1.0,0.0,21268.104275337344,980.1193174246462
1668462974.329851,0.046084,0.0,34.72722763,2.0,0.0,1.0,0.0,21268.104275337344,980.1193174246462
1668463034.4433432,0.046084,0.0,34.72722763,2.0,0.0,1.0,0.0,21268.104275337344,980.1193174246462
1668463094.4486048,0.046052,-3.199999999999731e-05,32.78974557,2.0,0.0,1.0,0.0,21268.104275337344,979.4387380878354
1668463154.4875586,0.04604,-1.2000000000005062e-05,32.06723363,2.0,0.0,1.0,0.0,21268.104275337344,979.1835208365312
1668463214.5571363,0.046096,5.6000000000000494e-05,38.83999754,2.0,0.0,1.0,0.0,21268.104275337344,980.37453467595
1668463274.45928,0.046022,-7.399999999999768e-05,34.0141399,2.0,0.0,1.0,0.0,21268.104275337344,978.8006949595753
1668463336.0186555,0.046109,8.69999999999968e-05,43.00032298,2.0,0.0,1.0,0.0,21268.104275337344,980.6510200315296
1668463394.4046998,0.045828,-0.0002809999999999,30.39484033,2.0,0.0,1.0,0.0,21268.104275337344,974.6746827301598
1668463454.2951474,0.0459,7.200000000000262e-05,35.77817141,2.0,0.0,1.0,0.0,21268.104275337344,976.205986237984
1668463514.5571828,0.045979,7.899999999999574e-05,42.06746401,2.0,0.0,1.0,0.0,21268.104275337344,977.8861664757358
1668463574.546359,0.045973,-5.999999999999062e-06,41.69124397,2.0,0.0,1.0,0.0,21268.104275337344,977.7585578500835
1668463634.894479,0.045988,1.5000000000001124e-05,42.74473891,2.0,0.0,1.0,0.0,21268.104275337344,978.0775794142138
1668463694.7905982,0.045931,-5.700000000000149e-05,39.93873492,2.0,0.0,1.0,0.0,21268.104275337344,976.8652974705196
1668463754.463451,0.045934,3.0000000000030003e-06,40.80790702,2.0,0.0,1.0,0.0,21268.104275337344,976.9291017833456
1668463814.5396104,0.045988,5.3999999999998494e-05,44.58734491,2.0,0.0,1.0,0.0,21268.104275337344,978.0775794142138
1668463874.2832477,0.04602,3.199999999999731e-05,46.87885067,2.0,0.0,1.0,0.0,21268.104275337344,978.7581587510246
1668463934.3858902,0.04602,0.0,46.87885067,2.0,0.0,1.0,0.0,21268.104275337344,978.7581587510246
1668463994.5662878,0.04602,0.0,46.87885067,2.0,0.0,1.0,0.0,21268.104275337344,978.7581587510246
1668464054.289566,0.046034,1.4000000000000123e-05,47.70780777,2.0,0.0,1.0,0.0,21268.104275337344,979.0559122108792
1668464115.1903737,0.046034,0.0,47.70780777,2.0,0.0,1.0,0.0,21268.104275337344,979.0559122108792
1668464174.4491072,0.046034,0.0,47.70780777,2.0,0.0,1.0,0.0,21268.104275337344,979.0559122108792
1668464234.586238,0.046059,2.5000000000004186e-05,49.17659295,2.0,0.0,1.0,0.0,21268.104275337344,979.5876148177628
1668464294.4797757,0.04607,1.0999999999997123e-05,49.82974505,2.0,0.0,1.0,0.0,21268.104275337344,979.8215639647914
1668464354.5112789,0.046055,-1.5000000000001124e-05,48.87642531,2.0,0.0,1.0,0.0,21268.104275337344,979.5025424006614
1668464414.4084506,0.046046,-9.000000000002062e-06,48.78884351,2.0,0.0,1.0,0.0,21268.104275337344,979.3111294621832
1668464474.7618988,0.046034,-1.1999999999998123e-05,48.01150671,2.0,0.0,1.0,0.0,21268.104275337344,979.0559122108792
1668464534.573794,0.046,-3.399999999999931e-05,45.93775782,2.0,0.0,1.0,0.0,21268.104275337344,978.3327966655178
1668464594.9204776,0.046034,3.399999999999931e-05,48.34070376,2.0,0.0,1.0,0.0,21268.104275337344,979.0559122108792
1668464654.535736,0.046091,5.700000000000149e-05,52.17826974,2.0,0.0,1.0,0.0,21268.104275337344,980.2681941545736
1668464714.6938565,0.046091,0.0,52.17826974,2.0,0.0,1.0,0.0,21268.104275337344,980.2681941545736
1668464774.5304017,0.046097,5.999999999999062e-06,52.57761801,2.0,0.0,1.0,0.0,21268.104275337344,980.3958027802256
1668464834.4328463,0.046229,0.000132,60.8959258,2.0,0.0,1.0,0.0,21268.104275337344,983.20319254457
1668464894.466967,0.046097,-0.000132,52.53663382,2.0,0.0,1.0,0.0,21268.104275337344,980.3958027802256
1668464954.6372,0.046196,9.900000000000186e-05,59.45039105,2.0,0.0,1.0,0.0,21268.104275337344,982.501345103484
1668465014.4143956,0.046162,-3.399999999999931e-05,57.32518334,2.0,0.0,1.0,0.0,21268.104275337344,981.7782295581223
1668465074.8819306,0.046162,0.0,57.32518334,2.0,0.0,1.0,0.0,21268.104275337344,981.7782295581223
1668465135.0708182,0.046162,0.0,57.32518334,2.0,0.0,1.0,0.0,21268.104275337344,981.7782295581223
1668465194.5535886,0.046154,-8.000000000001062e-06,56.51325986,2.0,0.0,1.0,0.0,21268.104275337344,981.6080847239198
1668465254.604744,0.046162,8.000000000001062e-06,54.68978693,2.0,0.0,1.0,0.0,21268.104275337344,981.7782295581223
1668465314.4880705,0.046191,2.9000000000001247e-05,57.32448238,2.0,0.0,1.0,0.0,21268.104275337344,982.3950045821072
1668465374.9169216,0.046191,0.0,57.32448238,2.0,0.0,1.0,0.0,21268.104275337344,982.3950045821072
1668465434.8520725,0.046299,0.0001079999999999,64.23476371,2.0,0.0,1.0,0.0,21268.104275337344,984.6919598438436
1668465494.5500274,0.046281,-1.7999999999997185e-05,63.24277109,2.0,0.0,1.0,0.0,21268.104275337344,984.3091339668875
1668465554.795379,0.04626,-2.1000000000000185e-05,61.44199368,2.0,0.0,1.0,0.0,21268.104275337344,983.8625037771056
1668465614.6056411,0.046298,3.799999999999637e-05,63.8728785,2.0,0.0,1.0,0.0,21268.104275337344,984.6706917395684
1668465674.6179285,0.04626,-3.799999999999637e-05,61.44199368,2.0,0.0,1.0,0.0,21268.104275337344,983.8625037771056
1668465734.6092527,0.046412,0.0001519999999999,70.86711397,1.0,0.0,1.0,0.0,21268.104275337344,987.0952556269568
1668465794.5995207,0.046301,-0.0001109999999999,61.55684146,-2.0,1.0,0.0,984.7344960523944,0.0,984.7344960523944
1668465854.572569,0.046308,7.000000000000062e-06,62.02842561,-2.0,1.0,0.0,984.7344960523944,0.0,984.7344960523944
1668465914.60118,0.046374,6.599999999999662e-05,66.27868001,-2.0,1.0,0.0,984.7344960523944,0.0,984.7344960523944
1668465974.597247,0.046297,-7.700000000000068e-05,57.6335353,-2.0,1.0,0.0,984.7344960523944,0.0,984.7344960523944
1668466035.6579516,0.046256,-4.099999999999937e-05,53.90993993,-2.0,1.0,0.0,984.7344960523944,0.0,984.7344960523944
1668466094.542482,0.046181,-7.499999999999868e-05,47.82316023,-2.0,1.0,0.0,984.7344960523944,0.0,984.7344960523944
1668466154.5016737,0.046153,-2.8000000000000247e-05,47.74429327,-2.0,1.0,0.0,984.7344960523944,0.0,984.7344960523944
1668466214.5595143,0.046016,-0.0001369999999999,38.23663023,-2.0,1.0,0.0,984.7344960523944,0.0,984.7344960523944
1668466274.5264802,0.046016,0.0,38.23663023,-2.0,1.0,0.0,984.7344960523944,0.0,984.7344960523944
1668466335.189609,0.046124,0.0001079999999999,46.50040418,-2.0,1.0,0.0,984.7344960523944,0.0,984.7344960523944
1668466394.9260983,0.046124,0.0,46.50040418,-2.0,1.0,0.0,984.7344960523944,0.0,984.7344960523944
1668466454.8331254,0.046053,-7.100000000000162e-05,42.19591325,-2.0,1.0,0.0,984.7344960523944,0.0,984.7344960523944
1668466514.6805103,0.046077,2.4000000000003185e-05,44.27867549,-2.0,1.0,0.0,984.7344960523944,0.0,984.7344960523944
1668466574.660745,0.046044,-3.299999999999831e-05,42.79465904,-2.0,1.0,0.0,984.7344960523944,0.0,984.7344960523944
1668466634.691916,0.045988,-5.6000000000000494e-05,38.60576909,-2.0,1.0,0.0,984.7344960523944,0.0,984.7344960523944
1668466694.6283343,0.045992,3.9999999999970615e-06,39.06379402,-2.0,1.0,0.0,984.7344960523944,0.0,984.7344960523944
1668466754.7240107,0.046005,1.2999999999999123e-05,40.35303297,-2.0,1.0,0.0,984.7344960523944,0.0,984.7344960523944
1668466814.7753155,0.046169,0.000164,53.67000382,-2.0,1.0,0.0,984.7344960523944,0.0,984.7344960523944
1668466874.5544136,0.046071,-9.800000000000086e-05,46.92763287,-2.0,1.0,0.0,984.7344960523944,0.0,984.7344960523944
1668466934.9404905,0.045733,-0.0003379999999999,34.71499169,-2.0,1.0,0.0,984.7344960523944,0.0,984.7344960523944
1668466994.5944912,0.045814,8.099999999999774e-05,38.98371331,-2.0,1.0,0.0,984.7344960523944,0.0,984.7344960523944
1668467054.4552078,0.045934,0.00012,44.8344654,-2.0,1.0,0.0,984.7344960523944,0.0,984.7344960523944
1668467114.611406,0.045911,-2.3000000000002185e-05,43.81886125,-2.0,1.0,0.0,984.7344960523944,0.0,984.7344960523944
1668467174.5140994,0.04587,-4.099999999999937e-05,42.33306386,-2.0,1.0,0.0,984.7344960523944,0.0,984.7344960523944
1668467234.6218212,0.045411,-0.000459,29.84478172,-1.0,1.0,0.0,984.7344960523944,0.0,984.7344960523944
1668467294.7012837,0.0454,-1.0999999999997123e-05,30.45722274,-1.0,1.0,0.0,984.7344960523944,0.0,984.7344960523944
1668467354.5148242,0.0453,-0.0001,30.16849445,-1.0,1.0,0.0,984.7344960523944,0.0,984.7344960523944
1668467414.8208325,0.045247,-5.299999999999749e-05,27.57753632,-1.0,1.0,0.0,984.7344960523944,0.0,984.7344960523944
1668467474.5793262,0.0453,5.299999999999749e-05,30.36014127,-1.0,1.0,0.0,984.7344960523944,0.0,984.7344960523944
1668467534.749676,0.04531,1.0000000000003062e-05,30.8996116,-1.0,1.0,0.0,984.7344960523944,0.0,984.7344960523944
1668467594.4960282,0.045262,-4.800000000000637e-05,29.48540376,-1.0,1.0,0.0,984.7344960523944,0.0,984.7344960523944
1668467654.6910577,0.045385,0.000123,35.15657266,2.0,0.0,1.0,0.0,21697.35586763015,984.7344960523944
1668467714.5978646,0.0453,-8.500000000000174e-05,33.76035941,2.0,0.0,1.0,0.0,21697.35586763015,982.890220803646
1668467774.777259,0.045178,-0.0001219999999999,29.81524629,2.0,0.0,1.0,0.0,21697.35586763015,980.243143387795
1668467835.29925,0.045072,-0.000106,29.96797528,2.0,0.0,1.0,0.0,21697.35586763015,977.9432236658262
1668467894.7774203,0.044951,-0.000121,25.16568344,2.0,0.0,1.0,0.0,21697.35586763015,975.3178436058428
1668467954.7430072,0.044497,-0.0004539999999999,18.74678051,2.0,0.0,1.0,0.0,21697.35586763015,965.4672440419388
1668468015.501046,0.044614,0.0001169999999999,24.43284683,2.0,0.0,1.0,0.0,21697.35586763015,968.0058346784516
1668468074.9167166,0.044636,2.2000000000001185e-05,25.46661203,2.0,0.0,1.0,0.0,21697.35586763015,968.4831765075396
1668468134.8494794,0.044589,-4.700000000000537e-05,24.68953925,2.0,0.0,1.0,0.0,21697.35586763015,967.4634007817608
1668468194.7860096,0.044612,2.3000000000002185e-05,25.25244948,2.0,0.0,1.0,0.0,21697.35586763015,967.9624399667164
1668468254.7276585,0.044687,7.499999999999868e-05,29.63216527,2.0,0.0,1.0,0.0,21697.35586763015,969.5897416567884
1668468314.679721,0.04471,2.3000000000002185e-05,30.83808857,2.0,0.0,1.0,0.0,21697.35586763015,970.088780841744
1668468374.6972222,0.044653,-5.700000000000149e-05,29.40610079,2.0,0.0,1.0,0.0,21697.35586763015,968.8520315572893
1668468434.717517,0.044635,-1.7999999999997185e-05,28.97322251,2.0,0.0,1.0,0.0,21697.35586763015,968.4614791516718
1668468494.631688,0.044752,0.0001169999999999,35.62920291,2.0,0.0,1.0,0.0,21697.35586763015,971.0000697881844
1668468554.7462385,0.044812,5.999999999999756e-05,39.02731531,2.0,0.0,1.0,0.0,21697.35586763015,972.3019111402424
1668468614.6654773,0.044786,-2.5999999999998247e-05,38.36533369,2.0,0.0,1.0,0.0,21697.35586763015,971.737779887684
1668468675.0127118,0.044775,-1.0999999999997123e-05,37.82205601,2.0,0.0,1.0,0.0,21697.35586763015,971.49910897314
1668468734.8421466,0.0447,-7.500000000000562e-05,35.48904602,2.0,0.0,1.0,0.0,21697.35586763015,969.8718072830676
1668468794.9902802,0.044527,-0.0001729999999999,30.35737095,2.0,0.0,1.0,0.0,21697.35586763015,966.1181647179676
1668468854.813853,0.044659,0.000132,36.15554997,2.0,0.0,1.0,0.0,21697.35586763015,968.9822156924948
1668468914.9394464,0.044609,-4.999999999999449e-05,34.91096948,2.0,0.0,1.0,0.0,21697.35586763015,967.8973478991136
1668468974.9200923,0.044596,-1.3000000000006062e-05,34.13079761,2.0,0.0,1.0,0.0,21697.35586763015,967.6152822728342
1668469034.8874094,0.044619,2.3000000000002185e-05,37.8305687,2.0,0.0,1.0,0.0,21697.35586763015,968.1143214577896
1668469094.9834323,0.044659,3.999999999999837e-05,40.20935022,2.0,0.0,1.0,0.0,21697.35586763015,968.9822156924948
1668469155.099718,0.044568,-9.099999999999386e-05,38.31585488,2.0,0.0,1.0,0.0,21697.35586763015,967.0077563085406
1668469215.048993,0.044536,-3.200000000000425e-05,36.54483507,2.0,0.0,1.0,0.0,21697.35586763015,966.3134409207764
1668469275.2864487,0.044601,6.500000000000256e-05,40.29466092,2.0,0.0,1.0,0.0,21697.35586763015,967.7237690521724
1668469335.2502844,0.044611,9.999999999996125e-06,40.83667589,2.0,0.0,1.0,0.0,21697.35586763015,967.9407426108486
1668469394.9831023,0.044598,-1.2999999999999123e-05,40.30947293,2.0,0.0,1.0,0.0,21697.35586763015,967.6586769845694
