Time,Price,Price Change,Momentum,Momentum Change,Cash Allocation,Coin Allocation,Cash Balance,Coin Balance,Total Balance
1668394855.1674745,16164.98,0.0,105.99,0.0,1.0,0.0,1000.0,0.0,1000.0
1668394914.9750528,16196.63,31.64999999999964,135.64,29.64999999999999,0.0,1.0,0.0,0.0617412387638663,1000.0
1668394975.0005453,16170.81,-25.81999999999971,128.35,-7.289999999999992,1.0,0.0,998.4058412151168,0.0,998.4058412151168
1668395036.203343,16161.0,-9.80999999999949,106.68,-21.669999999999987,1.0,0.0,998.4058412151168,0.0,998.4058412151168
1668395095.7825854,16138.4,-22.600000000000364,79.64,-27.040000000000006,1.0,0.0,998.4058412151168,0.0,998.4058412151168
1668395155.9339533,16141.0,2.600000000000364,83.86,4.219999999999999,0.0,1.0,0.0,0.0618552655483004,998.4058412151168
1668395216.3819458,16131.84,-9.159999999999854,73.28,-10.579999999999998,1.0,0.0,997.8392469826942,0.0,997.8392469826942
1668395275.8207676,16143.75,11.909999999999854,77.46,4.179999999999993,0.0,1.0,0.0,0.0618096320237054,997.8392469826942
1668395335.842365,16142.2,-1.5499999999992724,45.92,-31.539999999999992,1.0,0.0,997.7434420530574,0.0,997.7434420530574
1668395397.1401794,16154.0,11.799999999999272,-23.83,-69.75,1.0,0.0,997.7434420530574,0.0,997.7434420530574
1668395455.8398347,16145.98,-8.020000000000437,-51.63,-27.800000000000004,1.0,0.0,997.7434420530574,0.0,997.7434420530574
1668395515.893231,16150.03,4.050000000001091,-35.51,16.120000000000005,0.0,1.0,0.0,0.0617796649327002,997.7434420530574
1668395576.2185872,16159.9,9.86999999999898,-3.2,32.309999999999995,0.0,1.0,0.0,0.0617796649327002,998.353207345942
1668395635.9300406,16153.0,-6.899999999999636,6.69,9.89,0.0,1.0,0.0,0.0617796649327002,997.9269276579064
1668395696.1896946,16154.03,1.0300000000006548,22.84,16.15,0.0,1.0,0.0,0.0617796649327002,997.9905607127872
1668395755.9678702,16161.23,7.199999999998909,31.69,8.850000000000001,0.0,1.0,0.0,0.0617796649327002,998.4353743003024
1668395815.8665423,16166.07,4.8400000000001455,30.84,-0.8500000000000014,1.0,0.0,998.7343878785769,0.0,998.7343878785769
1668395875.8273528,16169.22,3.149999999999636,20.34,-10.5,1.0,0.0,998.7343878785769,0.0,998.7343878785769
1668395935.9100213,16162.49,-6.729999999999563,22.15,1.8099999999999987,0.0,1.0,0.0,0.0617933491608395,998.7343878785769
1668395995.9401572,16128.0,-34.48999999999978,-22.52,-44.67,1.0,0.0,996.6031352660194,0.0,996.6031352660194
1668396056.0013342,16137.1,9.100000000000364,-9.69,12.83,0.0,1.0,0.0,0.0617585027834009,996.6031352660194
1668396115.8630884,16130.33,-6.770000000000437,-27.43,-17.740000000000002,1.0,0.0,996.185030202175,0.0,996.185030202175
1668396176.065491,16129.71,-0.6200000000008004,-21.29,6.140000000000001,0.0,1.0,0.0,0.0617608766804967,996.185030202175
1668396235.7960303,16130.08,0.3700000000008003,-19.03,2.259999999999998,0.0,1.0,0.0,0.0617608766804967,996.2078817265462
1668396296.8977225,16140.63,10.549999999999272,-17.12,1.91,0.0,1.0,0.0,0.0617608766804967,996.8594589755254
1668396355.8145485,16161.0,20.3700000000008,7.06,24.18,0.0,1.0,0.0,0.0617608766804967,998.1175280335073
1668396416.0982945,16160.49,-0.5100000000002183,-6.87,-13.93,1.0,0.0,998.0860299864,0.0,998.0860299864
1668396476.112104,16169.96,9.469999999999343,1.54,8.41,0.0,1.0,0.0,0.061724706182724,998.0860299864
1668396535.977835,16159.83,-10.1299999999992,4.5,2.96,0.0,1.0,0.0,0.061724706182724,997.4607587127688
1668396595.8860216,16166.45,6.6200000000008,39.51,35.01,0.0,1.0,0.0,0.061724706182724,997.8693762676984
1668396655.9788172,16164.88,-1.570000000001528,27.79,-11.72,1.0,0.0,997.7724684789916,0.0,997.7724684789916
1668396716.1062503,16185.2,20.320000000001528,55.79,28.0,0.0,1.0,0.0,0.061647212791871,997.7724684789916
1668396775.8950496,16176.44,-8.760000000000218,46.13,-9.659999999999997,1.0,0.0,997.2324388949336,0.0,997.2324388949336
1668396835.9861524,16186.0,9.55999999999949,59.54,13.409999999999997,0.0,1.0,0.0,0.0616108018593187,997.2324388949336
1668396895.924002,16184.63,-1.3700000000008004,39.67,-19.87,1.0,0.0,997.1480320963852,0.0,997.1480320963852
1668396955.8762496,16185.0,0.3700000000008003,19.57,-20.1,1.0,0.0,997.1480320963852,0.0,997.1480320963852
1668397016.2014992,16169.33,-15.670000000000073,-6.96,-26.53,1.0,0.0,997.1480320963852,0.0,997.1480320963852
1668397076.21336,16178.79,9.460000000000946,11.64,18.6,0.0,1.0,0.0,0.0616330412902562,997.1480320963852
1668397136.194518,16171.67,-7.1200000000008,13.32,1.6799999999999995,0.0,1.0,0.0,0.0616330412902562,996.7092048423976
1668397195.7859416,16169.55,-2.1200000000008004,0.53,-12.79,1.0,0.0,996.578542794862,0.0,996.578542794862
1668397255.8419058,16166.84,-2.709999999999127,-7.53,-8.06,1.0,0.0,996.578542794862,0.0,996.578542794862
1668397316.037567,16174.0,7.159999999999855,-3.71,3.82,0.0,1.0,0.0,0.0616160840110586,996.578542794862
1668397375.9845543,16169.67,-4.329999999999927,-16.23,-12.52,1.0,0.0,996.311745151094,0.0,996.311745151094
1668397435.921474,16161.77,-7.899999999999636,-21.07,-4.84,1.0,0.0,996.311745151094,0.0,996.311745151094
1668397495.9152358,16153.07,-8.700000000000728,-32.48,-11.409999999999997,1.0,0.0,996.311745151094,0.0,996.311745151094
1668397556.0108037,16161.85,8.780000000000655,-11.59,20.89,0.0,1.0,0.0,0.0616458972921474,996.311745151094
1668397615.9880316,16157.32,-4.530000000000655,-26.64,-15.05,1.0,0.0,996.0324892363592,0.0,996.0324892363592
1668397676.0386162,16175.99,18.67000000000008,1.46,28.1,0.0,1.0,0.0,0.0615747468461812,996.0324892363592
1668397735.7870734,16186.0,10.010000000000218,6.01,4.55,0.0,1.0,0.0,0.0615747468461812,996.6488524522888
1668397796.0876377,16196.94,10.94000000000051,29.98,23.97,0.0,1.0,0.0,0.0615747468461812,997.3224801827862
1668397856.1527617,16184.85,-12.090000000000146,17.9,-12.080000000000002,1.0,0.0,996.578041493416,0.0,996.578041493416
1668397916.122182,16177.43,-7.420000000000073,8.24,-9.659999999999998,1.0,0.0,996.578041493416,0.0,996.578041493416
1668397975.8414686,16147.79,-29.63999999999941,-20.65,-28.89,1.0,0.0,996.578041493416,0.0,996.578041493416
1668398035.9316287,16151.44,3.649999999999636,-3.95,16.7,0.0,1.0,0.0,0.061702117055409,996.578041493416
1668398096.0316002,16150.2,-1.2399999999997815,-8.31,-4.36,1.0,0.0,996.5015308682664,0.0,996.5015308682664
1668398155.9503984,16140.26,-9.94000000000051,-15.87,-7.559999999999999,1.0,0.0,996.5015308682664,0.0,996.5015308682664
1668398216.314617,16148.13,7.869999999998981,-21.49,-5.619999999999999,1.0,0.0,996.5015308682664,0.0,996.5015308682664
1668398275.990795,16147.96,-0.1700000000000727,-35.24,-13.750000000000004,1.0,0.0,996.5015308682664,0.0,996.5015308682664
1668398336.0636203,16129.52,-18.43999999999869,-55.95,-20.71,1.0,0.0,996.5015308682664,0.0,996.5015308682664
1668398396.037935,16144.7,15.180000000000293,-44.83,11.120000000000005,0.0,1.0,0.0,0.0617231370584938,996.5015308682664
1668398455.9605408,16135.36,-9.340000000000146,-46.08,-1.25,1.0,0.0,995.9250367681384,0.0,995.9250367681384
1668398515.9508195,16145.63,10.269999999998618,-13.21,32.87,0.0,1.0,0.0,0.0616838758703214,995.9250367681384
1668398576.1069932,16139.47,-6.159999999999855,-16.27,-3.0599999999999987,1.0,0.0,995.545064092776,0.0,995.545064092776
1668398636.7270648,16140.72,1.25,-11.85,4.42,0.0,1.0,0.0,0.0616790988315748,995.545064092776
1668398695.9710774,16123.7,-17.019999999998618,-27.5,-15.65,1.0,0.0,994.4952858306626,0.0,994.4952858306626
1668398756.10595,16127.9,4.199999999998909,-7.18,20.32,0.0,1.0,0.0,0.061663036466661,994.4952858306626
1668398815.87241,16127.44,-0.4599999999991269,-22.4,-15.22,1.0,0.0,994.4669208338872,0.0,994.4669208338872
1668398876.139094,16114.2,-13.239999999999782,-25.82,-3.4200000000000017,1.0,0.0,994.4669208338872,0.0,994.4669208338872
1668398936.106431,16111.98,-2.220000000001164,-24.13,1.6900000000000013,0.0,1.0,0.0,0.0617222042749486,994.4669208338872
1668398996.040636,16105.75,-6.229999999999563,-34.04,-9.91,1.0,0.0,994.0823915012536,0.0,994.0823915012536
1668399056.6994357,16093.44,-12.30999999999949,-47.02,-12.980000000000004,1.0,0.0,994.0823915012536,0.0,994.0823915012536
1668399115.906636,16108.01,14.569999999999707,-31.29,15.730000000000004,0.0,1.0,0.0,0.0617135444726725,994.0823915012536
1668399176.0784414,16102.37,-5.639999999999418,-41.1,-9.810000000000002,1.0,0.0,993.7343271104276,0.0,993.7343271104276
1668399236.0194442,16103.33,0.9599999999991268,-20.64,20.46,0.0,1.0,0.0,0.0617098654197875,993.7343271104276
1668399296.1378586,16097.0,-6.329999999999927,-30.57,-9.93,1.0,0.0,993.3437036623194,0.0,993.3437036623194
1668399355.9956026,16085.83,-11.170000000000073,-42.97,-12.4,1.0,0.0,993.3437036623194,0.0,993.3437036623194
1668399415.8870645,16077.23,-8.600000000000364,-51.23,-8.259999999999998,1.0,0.0,993.3437036623194,0.0,993.3437036623194
1668399475.9396443,16043.57,-33.659999999999854,-70.74,-19.51,1.0,0.0,993.3437036623194,0.0,993.3437036623194
1668399536.1977992,16029.16,-14.409999999999854,-83.25,-12.510000000000003,1.0,0.0,993.3437036623194,0.0,993.3437036623194
1668399596.0748968,15977.2,-51.95999999999913,-130.05,-46.80000000000001,1.0,0.0,993.3437036623194,0.0,993.3437036623194
1668399656.131422,15941.91,-35.29000000000087,-149.49,-19.44,1.0,0.0,993.3437036623194,0.0,993.3437036623194
1668399716.1071844,15960.0,18.090000000000146,-149.78,-0.289999999999992,1.0,0.0,993.3437036623194,0.0,993.3437036623194
1668399776.157484,15972.14,12.139999999999418,-132.55,17.22999999999999,0.0,1.0,0.0,0.0621922737756067,993.3437036623194
1668399836.2408657,15949.27,-22.86999999999898,-151.39,-18.83999999999997,1.0,0.0,991.9213663610708,0.0,991.9213663610708
1668399896.1487994,15985.0,35.72999999999956,-105.94,45.44999999999999,0.0,1.0,0.0,0.0620532603291254,991.9213663610708
1668399956.9398782,15997.81,12.80999999999949,-74.22,31.72,0.0,1.0,0.0,0.0620532603291254,992.7162686258856
1668400016.0456402,15971.0,-26.80999999999949,-83.37,-9.150000000000006,1.0,0.0,991.0526207164618,0.0,991.0526207164618
1668400076.0461302,15980.66,9.659999999999854,-58.03,25.340000000000003,0.0,1.0,0.0,0.0620157503329938,991.0526207164618
1668400136.033111,15965.55,-15.110000000000582,-8.74,49.29,0.0,1.0,0.0,0.0620157503329938,990.1155627289291
1668400196.130306,15965.58,0.0300000000006548,46.53,55.27,0.0,1.0,0.0,0.0620157503329938,990.1174232014392
1668400255.9885955,15955.39,-10.19000000000051,24.98,-21.55,1.0,0.0,989.485482705546,0.0,989.485482705546
1668400316.1795204,15990.62,35.23000000000138,23.54,-1.4400000000000013,1.0,0.0,989.485482705546,0.0,989.485482705546
1668400376.0992322,16000.94,10.319999999999707,30.7,7.16,0.0,1.0,0.0,0.0618392096155317,989.485482705546
1668400436.7118382,16010.37,9.430000000000293,39.12,8.419999999999998,0.0,1.0,0.0,0.0618392096155317,990.0686264522204
1668400496.2410803,16012.57,2.1999999999989086,30.59,-8.529999999999998,1.0,0.0,990.2046727133744,0.0,990.2046727133744
1668400556.0419233,16005.0,-7.569999999999709,20.96,-9.63,1.0,0.0,990.2046727133744,0.0,990.2046727133744
1668400616.0569615,15985.76,-19.23999999999978,13.99,-6.970000000000001,1.0,0.0,990.2046727133744,0.0,990.2046727133744
1668400676.1502,15977.28,-8.479999999999563,25.26,11.27,0.0,1.0,0.0,0.0619757976772876,990.2046727133744
1668400736.0384233,15959.0,-18.28000000000065,-5.82,-31.08,1.0,0.0,989.0717551318328,0.0,989.0717551318328
1668400796.2683136,15965.69,6.690000000000509,21.84,27.66,0.0,1.0,0.0,0.0619498283589267,989.0717551318328
1668400856.044142,15950.02,-15.670000000000073,-31.41,-53.25,1.0,0.0,988.101001321448,0.0,988.101001321448
1668400917.3777075,15968.83,18.80999999999949,-27.58,3.830000000000002,0.0,1.0,0.0,0.06187685643353,988.101001321448
1668400976.1475012,15929.43,-39.39999999999964,-81.41,-53.83,1.0,0.0,985.6630531779658,0.0,985.6630531779658
1668401036.0266263,15916.44,-12.989999999999782,-104.29,-22.88000000000001,1.0,0.0,985.6630531779658,0.0,985.6630531779658
1668401096.1181576,15907.65,-8.790000000000873,-103.11,1.1800000000000068,0.0,1.0,0.0,0.0619615752910056,985.6630531779658
1668401156.1859937,15904.39,-3.2600000000002183,-98.53,4.579999999999998,0.0,1.0,0.0,0.0619615752910056,985.4610584425166
1668401216.1341758,15914.0,9.610000000000582,-69.21,29.320000000000007,0.0,1.0,0.0,0.0619615752910056,986.0565091810632
1668401276.0526326,15927.31,13.30999999999949,-49.73,19.48,0.0,1.0,0.0,0.0619615752910056,986.8812177481864
1668401336.017203,15939.4,12.090000000000146,-24.48,25.25,0.0,1.0,0.0,0.0619615752910056,987.6303331934546
1668401397.3959532,15949.61,10.210000000000946,-14.61,9.87,0.0,1.0,0.0,0.0619615752910056,988.2629608771758
1668401456.127174,15951.0,1.389999999999418,-9.69,4.92,0.0,1.0,0.0,0.0619615752910056,988.3490874668304
1668401516.1085985,15945.42,-5.579999999999927,-16.78,-7.090000000000002,1.0,0.0,988.0033418767064,0.0,988.0033418767064
1668401576.0769594,15943.96,-1.460000000000946,62.5,79.28,0.0,1.0,0.0,0.0619672491574681,988.0033418767064
1668401636.7760434,15942.98,-0.9799999999995634,33.73,-28.770000000000003,1.0,0.0,987.9426139725308,0.0,987.9426139725308
1668401696.1006494,15949.03,6.050000000001091,38.13,4.400000000000006,0.0,1.0,0.0,0.0619437429092885,987.9426139725308
1668401756.2001271,15968.7,19.67000000000008,66.14,28.01,0.0,1.0,0.0,0.0619437429092885,989.1610473955552
1668401816.1509745,15974.4,5.699999999998909,51.59,-14.549999999999995,1.0,0.0,989.5141267301382,0.0,989.5141267301382
1668401877.427124,15970.36,-4.039999999999054,47.37,-4.220000000000006,1.0,0.0,989.5141267301382,0.0,989.5141267301382
1668401936.0655928,15988.39,18.02999999999884,45.91,-1.4600000000000009,1.0,0.0,989.5141267301382,0.0,989.5141267301382
1668401996.118703,15991.81,3.4200000000000728,37.27,-8.639999999999993,1.0,0.0,989.5141267301382,0.0,989.5141267301382
1668402056.092261,15983.68,-8.1299999999992,40.0,2.729999999999997,0.0,1.0,0.0,0.0619077788550658,989.5141267301382
1668402115.9868832,15980.36,-3.319999999999709,30.15,-9.85,1.0,0.0,989.3085929043392,0.0,989.3085929043392
1668402175.9743843,15988.53,8.170000000000073,43.36,13.21,0.0,1.0,0.0,0.0618761445176222,989.3085929043392
1668402236.1832786,15993.0,4.469999999999345,52.74,9.380000000000004,0.0,1.0,0.0,0.0618761445176222,989.585179270332
1668402296.2981126,15996.8,3.799999999999272,41.28,-11.46,1.0,0.0,989.8203086194987,0.0,989.8203086194987
1668402356.8477025,15985.95,-10.849999999998545,12.04,-29.24,1.0,0.0,989.8203086194987,0.0,989.8203086194987
1668402416.2534058,15982.63,-3.320000000001528,12.66,0.620000000000001,0.0,1.0,0.0,0.061931003133996,989.8203086194987
1668402476.2206645,15976.86,-5.769999999998618,-15.51,-28.17,1.0,0.0,989.4629667314152,0.0,989.4629667314152
1668402536.3895528,15995.36,18.5,8.49,24.0,0.0,1.0,0.0,0.0618593746393588,989.4629667314152
1668402596.1314836,15997.03,1.6700000000000728,8.24,-0.25,1.0,0.0,989.566271887062,0.0,989.566271887062
1668402656.0503907,15995.15,-1.8800000000010184,7.71,-0.5300000000000002,1.0,0.0,989.566271887062,0.0,989.566271887062
1668402716.3024497,15988.75,-6.399999999999636,5.19,-2.52,1.0,0.0,989.566271887062,0.0,989.566271887062
1668402776.1717072,15976.21,-12.540000000000871,-16.04,-21.23,1.0,0.0,989.566271887062,0.0,989.566271887062
1668402836.8257382,15986.84,10.63000000000102,-11.76,4.279999999999999,0.0,1.0,0.0,0.0618988037590331,989.566271887062
1668402896.2510917,15974.09,-12.75,-14.02,-2.26,1.0,0.0,988.7770621391332,0.0,988.7770621391332
1668402956.346346,15979.7,5.610000000000582,-7.04,6.98,0.0,1.0,0.0,0.061877072919963,988.7770621391332
1668403016.1111534,15974.11,-5.5900000000001455,-2.27,4.77,0.0,1.0,0.0,0.061877072919963,988.4311693015102
1668403076.131817,15982.51,8.399999999999636,2.12,4.390000000000001,0.0,1.0,0.0,0.061877072919963,988.950936714038
1668403136.0643637,15993.26,10.75,-10.6,-12.72,1.0,0.0,989.6161152479276,0.0,989.6161152479276
1668403196.1058905,16004.0,10.739999999999782,6.18,16.78,0.0,1.0,0.0,0.0618355483159165,989.6161152479276
1668403256.211922,15998.03,-5.969999999999345,9.99,3.810000000000001,0.0,1.0,0.0,0.0618355483159165,989.2469570244816
1668403317.3041575,16002.55,4.519999999998618,17.04,7.049999999999999,0.0,1.0,0.0,0.0618355483159165,989.5264537028696
1668403376.119045,15987.75,-14.799999999999272,-2.35,-19.39,1.0,0.0,988.611287587794,0.0,988.611287587794
1668403436.4098158,16001.63,13.8799999999992,22.84,25.19,0.0,1.0,0.0,0.0617819114420089,988.611287587794
1668403496.1505337,15997.52,-4.109999999998763,19.35,-3.4899999999999984,1.0,0.0,988.357363931766,0.0,988.357363931766
1668403556.430535,15988.7,-8.819999999999709,12.95,-6.400000000000002,1.0,0.0,988.357363931766,0.0,988.357363931766
1668403616.1717048,15977.43,-11.270000000000437,1.18,-11.77,1.0,0.0,988.357363931766,0.0,988.357363931766
1668403676.232164,15971.68,-5.75,-13.42,-14.6,1.0,0.0,988.357363931766,0.0,988.357363931766
1668403736.130145,15969.32,-2.360000000000582,-31.89,-18.47,1.0,0.0,988.357363931766,0.0,988.357363931766
1668403796.5248384,15940.33,-28.98999999999978,-56.38,-24.49,1.0,0.0,988.357363931766,0.0,988.357363931766
1668403856.290526,15941.76,1.430000000000291,-64.07,-7.689999999999991,1.0,0.0,988.357363931766,0.0,988.357363931766
1668403916.2172208,15956.51,14.75,-48.06,16.00999999999999,0.0,1.0,0.0,0.0619406978049564,988.357363931766
1668403976.164542,15959.47,2.959999999999127,-32.82,15.240000000000002,0.0,1.0,0.0,0.0619406978049564,988.5407083972676
1668404036.4432924,15951.2,-8.269999999998618,-49.35,-16.53,1.0,0.0,988.0284588264208,0.0,988.0284588264208
1668404096.5652282,15923.24,-27.960000000000942,-65.98,-16.630000000000003,1.0,0.0,988.0284588264208,0.0,988.0284588264208
1668404156.1066537,15917.85,-5.389999999999418,-66.84,-0.8599999999999994,1.0,0.0,988.0284588264208,0.0,988.0284588264208
1668404216.3606665,15934.24,16.389999999999418,-47.98,18.860000000000007,0.0,1.0,0.0,0.0620066259091378,988.0284588264208
1668404276.1746829,15943.12,8.880000000001019,-22.19,25.79,0.0,1.0,0.0,0.0620066259091378,988.5790776644932
1668404336.1429553,15951.91,8.789999999999054,-13.13,9.06,0.0,1.0,0.0,0.0620066259091378,989.1241159062344
1668404396.1603267,15938.0,-13.909999999999854,-10.52,2.610000000000001,0.0,1.0,0.0,0.0620066259091378,988.2616037398384
1668404456.469272,15920.71,-17.290000000000873,-24.28,-13.760000000000002,1.0,0.0,987.1895091778692,0.0,987.1895091778692
1668404516.4416523,15898.18,-22.52999999999884,-61.24,-36.96,1.0,0.0,987.1895091778692,0.0,987.1895091778692
1668404576.4718852,15878.14,-20.04000000000088,-82.06,-20.82,1.0,0.0,987.1895091778692,0.0,987.1895091778692
1668404636.2696342,15882.0,3.860000000000582,-64.82,17.24000000000001,0.0,1.0,0.0,0.0621577577872981,987.1895091778692
1668404696.1993122,15874.39,-7.610000000000582,-51.28,13.539999999999992,0.0,1.0,0.0,0.0621577577872981,986.716488641107
1668404756.3010256,15893.23,18.840000000000146,-5.03,46.25,0.0,1.0,0.0,0.0621577577872981,987.8875407978198
1668404816.3294768,15832.07,-61.159999999999854,-105.23,-100.2,1.0,0.0,984.0859723315486,0.0,984.0859723315486
1668404876.4806564,15845.46,13.389999999999418,-90.77,14.460000000000008,0.0,1.0,0.0,0.0621052321820602,984.0859723315486
1668404936.2972786,15886.23,40.77000000000044,-63.68,27.09,0.0,1.0,0.0,0.0621052321820602,986.6180026476102
1668404996.1798108,15876.0,-10.229999999999563,-57.09,6.589999999999996,0.0,1.0,0.0,0.0621052321820602,985.9826661223876
1668405056.131356,15889.34,13.340000000000146,-25.3,31.790000000000003,0.0,1.0,0.0,0.0621052321820602,986.8111499196964
1668405117.0686345,15894.96,5.619999999998981,4.9,30.200000000000003,0.0,1.0,0.0,0.0621052321820602,987.1601813245596
1668405176.3715198,15890.47,-4.489999999999782,3.51,-1.3900000000000006,1.0,0.0,986.881328832062,0.0,986.881328832062
1668405236.6851776,15896.0,5.530000000000655,48.73,45.22,0.0,1.0,0.0,0.0620836266250668,986.881328832062
1668405296.5207214,15894.93,-1.069999999999709,24.71,-24.02,1.0,0.0,986.814899351573,0.0,986.814899351573
1668405356.3529997,15868.61,-26.31999999999971,4.46,-20.25,1.0,0.0,986.814899351573,0.0,986.814899351573
1668405416.3229258,15858.93,-9.680000000000293,26.88,22.42,0.0,1.0,0.0,0.0622245573535902,986.814899351573
1668405476.34232,15856.66,-2.270000000000437,-1.41,-28.29,1.0,0.0,986.6736496063796,0.0,986.6736496063796
1668405536.172714,15866.54,9.88000000000102,-8.81,-7.4,1.0,0.0,986.6736496063796,0.0,986.6736496063796
1668405596.807145,15869.58,3.039999999999054,-5.82,2.99,0.0,1.0,0.0,0.0621738980871818,986.6736496063796
1668405656.2669604,15850.54,-19.03999999999905,-36.02,-30.200000000000003,1.0,0.0,985.4898585867988,0.0,985.4898585867988
1668405716.4179842,15894.53,43.98999999999978,0.16,36.18,0.0,1.0,0.0,0.0620018244381431,985.4898585867988
1668405776.3442369,15897.99,3.459999999999127,-2.44,-2.6,1.0,0.0,985.7043848993546,0.0,985.7043848993546
1668405836.476534,15892.0,-5.989999999999782,-3.93,-1.4900000000000002,1.0,0.0,985.7043848993546,0.0,985.7043848993546
1668405896.3718526,15904.94,12.94000000000051,21.09,25.02,0.0,1.0,0.0,0.061974731429314,985.7043848993546
1668405956.4263022,15906.1,1.1599999999998545,35.47,14.38,0.0,1.0,0.0,0.061974731429314,985.7762755878114
1668406016.3154244,15904.37,-1.7299999999995634,45.37,9.9,0.0,1.0,0.0,0.061974731429314,985.6690593024388
1668406076.3610651,15909.61,5.239999999999782,56.8,11.43,0.0,1.0,0.0,0.061974731429314,985.9938068951284
1668406136.470597,15903.49,-6.1200000000008,35.64,-21.16,1.0,0.0,985.6145215387808,0.0,985.6145215387808
1668406196.28054,15935.79,32.30000000000109,72.48,36.84,0.0,1.0,0.0,0.0618491158291356,985.6145215387808
1668406256.2084572,15928.75,-7.040000000000873,46.52,-25.96,1.0,0.0,985.1791037633436,0.0,985.1791037633436
1668406316.3091354,15927.16,-1.5900000000001455,33.68,-12.840000000000003,1.0,0.0,985.1791037633436,0.0,985.1791037633436
1668406376.5298462,15910.34,-16.81999999999971,16.78,-16.9,1.0,0.0,985.1791037633436,0.0,985.1791037633436
1668406436.5812235,15888.34,-22.0,-16.31,-33.09,1.0,0.0,985.1791037633436,0.0,985.1791037633436
1668406496.577582,15892.81,4.469999999999345,-16.81,-0.5,1.0,0.0,985.1791037633436,0.0,985.1791037633436
1668406556.5041263,15901.96,9.149999999999636,-7.75,9.06,0.0,1.0,0.0,0.0619533129100654,985.1791037633436
1668406617.4048567,15910.45,8.4900000000016,7.59,15.34,0.0,1.0,0.0,0.0619533129100654,985.70508738995
1668406677.5051742,15925.35,14.899999999999636,31.83,24.24,0.0,1.0,0.0,0.0619533129100654,986.62819175231
1668406737.3845782,15949.91,24.55999999999949,38.06,6.230000000000004,0.0,1.0,0.0,0.0619533129100654,988.1497651173812
1668406798.2746768,15939.08,-10.829999999999927,11.29,-26.770000000000003,1.0,0.0,987.4788107385652,0.0,987.4788107385652
1668406858.2561977,15917.99,-21.090000000000146,-14.17,-25.46,1.0,0.0,987.4788107385652,0.0,987.4788107385652
1668406918.3070738,15936.0,18.01000000000022,22.79,36.96,0.0,1.0,0.0,0.061965286818434,987.4788107385652
1668406979.0139875,15924.01,-11.989999999999782,25.38,2.59,0.0,1.0,0.0,0.061965286818434,986.7358469496112
1668407039.7709618,15927.57,3.5599999999994907,40.24,14.860000000000005,0.0,1.0,0.0,0.061965286818434,986.9564433706848
1668407098.9930556,15944.48,16.909999999999854,48.66,8.419999999999995,0.0,1.0,0.0,0.061965286818434,988.0042763707844
1668407159.9364552,15944.72,0.2399999999997817,40.23,-8.43,1.0,0.0,988.019148039621,0.0,988.019148039621
1668407219.7845402,15937.25,-7.469999999999345,23.41,-16.819999999999997,1.0,0.0,988.019148039621,0.0,988.019148039621
1668407279.8669858,15952.76,15.510000000000218,11.69,-11.72,1.0,0.0,988.019148039621,0.0,988.019148039621
1668407340.6886656,15954.06,1.2999999999992724,12.65,0.9600000000000009,0.0,1.0,0.0,0.0619290104236552,988.019148039621
1668407400.598572,15957.0,2.9400000000005093,33.77,21.120000000000005,0.0,1.0,0.0,0.0619290104236552,988.201219330266
1668407461.0367472,15963.68,6.680000000000291,28.04,-5.730000000000004,1.0,0.0,988.614905119896,0.0,988.614905119896
1668407521.343067,15957.96,-5.720000000001164,36.54,8.5,0.0,1.0,0.0,0.0619512083699856,988.614905119896
1668407581.897945,15952.41,-5.549999999999272,21.48,-15.06,1.0,0.0,988.271075913442,0.0,988.271075913442
1668407641.376374,15963.51,11.100000000000364,33.53,12.05,0.0,1.0,0.0,0.0619081314769397,988.271075913442
1668407702.4618204,15970.0,6.489999999999782,16.78,-16.75,1.0,0.0,988.6728596867272,0.0,988.6728596867272
1668407762.5319877,15964.43,-5.569999999999709,17.29,0.509999999999998,0.0,1.0,0.0,0.0619297312642372,988.6728596867272
1668407822.3943691,15976.31,11.8799999999992,32.39,15.1,0.0,1.0,0.0,0.0619297312642372,989.4085848941454
1668407883.259652,15976.95,0.6400000000012369,29.53,-2.8599999999999994,1.0,0.0,989.4482199221546,0.0,989.4482199221546
1668407943.251172,15976.9,-0.0500000000010913,18.68,-10.85,1.0,0.0,989.4482199221546,0.0,989.4482199221546
1668408003.289544,15985.22,8.319999999999709,23.01,4.330000000000002,0.0,1.0,0.0,0.0618976917378775,989.4482199221546
1668408064.2027228,15994.95,9.730000000001382,34.57,11.56,0.0,1.0,0.0,0.0618976917378775,990.0504844627636
1668408124.819961,16106.4,111.44999999999892,147.66,113.09,0.0,1.0,0.0,0.0618976917378775,996.9489822069502
1668408184.121042,16252.38,145.97999999999956,290.76,143.1,0.0,1.0,0.0,0.0618976917378775,1005.9848072468454
1668408245.6024787,16356.9,104.52000000000044,389.23,98.47000000000004,0.0,1.0,0.0,0.0618976917378775,1012.4543539872884
1668408305.4256532,16437.78,80.8799999999992,467.63,78.39999999999998,0.0,1.0,0.0,0.0618976917378775,1017.460639295048
1668408365.452293,16426.0,-11.779999999998836,464.16,-3.4699999999999704,1.0,0.0,1016.7314844863758,0.0,1016.7314844863758
1668408426.426809,16331.45,-94.54999999999929,348.12,-116.04000000000002,1.0,0.0,1016.7314844863758,0.0,1016.7314844863758
1668408486.389272,16322.0,-9.450000000000728,348.55,0.4300000000000068,0.0,1.0,0.0,0.0622920894796211,1016.7314844863758
1668408546.26855,16334.67,12.670000000000073,343.74,-4.810000000000002,1.0,0.0,1017.5207252600824,0.0,1017.5207252600824
1668408608.894392,16354.85,20.18000000000029,362.91,19.170000000000016,0.0,1.0,0.0,0.06221522822038,1017.5207252600824
1668408667.2171588,16402.28,47.42999999999847,371.15,8.239999999999952,0.0,1.0,0.0,0.06221522822038,1020.4715935345744
1668408727.1237817,16398.62,-3.659999999999856,191.93,-179.21999999999997,1.0,0.0,1020.243885799288,0.0,1020.243885799288
1668408787.9071076,16529.27,130.65000000000146,285.46,93.52999999999996,0.0,1.0,0.0,0.0617234690823785,1020.243885799288
1668408848.1896389,16507.47,-21.799999999999272,12.97,-272.48999999999995,1.0,0.0,1018.8983141732908,0.0,1018.8983141732908
1668408907.8365848,16489.46,-18.010000000002037,97.89,84.92,0.0,1.0,0.0,0.0617908842480767,1018.8983141732908
1668408969.0144894,16467.41,-22.049999999999272,124.14,26.25,0.0,1.0,0.0,0.0617908842480767,1017.5358251756207
1668409028.8132915,16496.05,28.63999999999941,195.44,71.3,0.0,1.0,0.0,0.0617908842480767,1019.3055161004856
1668409089.2696724,16513.66,17.610000000000582,161.46,-33.97999999999999,1.0,0.0,1020.3936535720944,0.0,1020.3936535720944
1668409149.6342928,16546.2,32.54000000000087,217.23,55.76999999999998,0.0,1.0,0.0,0.0616693653873453,1020.3936535720944
1668409209.5766392,16701.39,155.1899999999987,293.64,76.41,0.0,1.0,0.0,0.0616693653873453,1029.964122386555
1668409269.5095203,16594.21,-107.18000000000028,216.13,-77.50999999999999,1.0,0.0,1023.3543998043392,0.0,1023.3543998043392
1668409330.3303568,16558.33,-35.87999999999738,76.36,-139.76999999999998,1.0,0.0,1023.3543998043392,0.0,1023.3543998043392
1668409390.5402925,16577.45,19.11999999999898,70.57,-5.790000000000006,1.0,0.0,1023.3543998043392,0.0,1023.3543998043392
1668409450.3873863,16539.32,-38.13000000000102,25.18,-45.38999999999999,1.0,0.0,1023.3543998043392,0.0,1023.3543998043392
1668409511.404089,16533.62,-5.700000000000728,61.01,35.83,0.0,1.0,0.0,0.0618953622863195,1023.3543998043392
1668409571.261794,16548.59,14.970000000001164,95.9,34.89000000000001,0.0,1.0,0.0,0.0618953622863195,1024.280973377764
1668409631.9773865,16510.49,-38.09999999999855,5.04,-90.86,1.0,0.0,1021.9227600746552,0.0,1021.9227600746552
1668409692.1030352,16511.91,1.4199999999982538,-117.63,-122.67,1.0,0.0,1021.9227600746552,0.0,1021.9227600746552
1668409752.1591191,16521.22,9.31000000000131,-114.27,3.3599999999999994,0.0,1.0,0.0,0.0618551632430689,1021.9227600746552
1668409812.190676,16508.15,-13.069999999999707,-87.32,26.950000000000003,0.0,1.0,0.0,0.0618551632430689,1021.114313091068
1668409872.9799302,16528.71,20.55999999999767,-21.23,66.08999999999999,0.0,1.0,0.0,0.0618551632430689,1022.3860552473452
1668409932.9232152,16467.96,-60.75,-121.44,-100.21,1.0,0.0,1018.6283540803288,0.0,1018.6283540803288
1668409992.8617532,16509.8,41.84000000000015,-29.67,91.77,0.0,1.0,0.0,0.0616984066481925,1018.6283540803288
1668410054.1347218,16522.35,12.549999999999272,-51.2,-21.53,1.0,0.0,1019.4026690837632,0.0,1019.4026690837632
1668410114.24968,16503.29,-19.05999999999767,-30.44,20.76,0.0,1.0,0.0,0.0617696634479405,1019.4026690837632
1668410174.8002417,16479.63,-23.65999999999985,-30.04,0.4000000000000021,0.0,1.0,0.0,0.0617696634479405,1017.9411988465838
1668410235.007744,16436.4,-43.22999999999956,-75.51,-45.470000000000006,1.0,0.0,1015.2708962957294,0.0,1015.2708962957294
1668410294.9906948,16434.25,-2.150000000001455,-86.97,-11.459999999999994,1.0,0.0,1015.2708962957294,0.0,1015.2708962957294
1668410355.0345166,16408.26,-25.9900000000016,-97.54,-10.570000000000007,1.0,0.0,1015.2708962957294,0.0,1015.2708962957294
1668410415.765679,16387.51,-20.75,-141.59,-44.05,1.0,0.0,1015.2708962957294,0.0,1015.2708962957294
1668410475.8477812,16447.98,60.47000000000117,-19.98,121.61,0.0,1.0,0.0,0.0617261752686791,1015.2708962957294
1668410535.8184943,16462.66,14.680000000000293,-47.14,-27.16,1.0,0.0,1016.1770365486728,0.0,1016.1770365486728
1668410596.5977602,16462.7,0.0400000000008731,-59.65,-12.509999999999998,1.0,0.0,1016.1770365486728,0.0,1016.1770365486728
1668410656.6110575,16484.16,21.459999999999127,-18.02,41.63,0.0,1.0,0.0,0.0616456669037835,1016.1770365486728
1668410716.485605,16532.82,48.659999999999854,53.19,71.21,0.0,1.0,0.0,0.0616456669037835,1019.17671470021
1668410777.6285064,16566.38,33.56000000000131,129.98,76.78999999999999,0.0,1.0,0.0,0.0616456669037835,1021.245543281501
1668410837.5171702,16636.62,70.23999999999796,203.7,73.72,0.0,1.0,0.0,0.0616456669037835,1025.5755349248227
1668410897.827685,16691.44,54.81999999999971,282.15,78.44999999999999,0.0,1.0,0.0,0.0616456669037835,1028.954950384488
1668410958.3653986,16703.05,11.610000000000582,313.77,31.620000000000005,0.0,1.0,0.0,0.0616456669037835,1029.670656577241
1668411018.5151105,16764.86,61.81000000000131,316.88,3.1100000000000136,0.0,1.0,0.0,0.0616456669037835,1033.480975248564
1668411078.367349,16785.15,20.29000000000088,323.63,6.75,0.0,1.0,0.0,0.0616456669037835,1034.7317658300417
1668411138.980863,16756.73,-28.42000000000189,293.0,-30.629999999999995,1.0,0.0,1032.979795976636,0.0,1032.979795976636
1668411199.301603,16716.67,-40.06000000000131,230.76,-62.24000000000001,1.0,0.0,1032.979795976636,0.0,1032.979795976636
1668411258.898965,16736.4,19.7300000000032,203.58,-27.17999999999998,1.0,0.0,1032.979795976636,0.0,1032.979795976636
1668411319.9938576,16715.7,-20.700000000000728,149.39,-54.190000000000026,1.0,0.0,1032.979795976636,0.0,1032.979795976636
1668411379.9547422,16781.56,65.86000000000058,144.93,-4.45999999999998,1.0,0.0,1032.979795976636,0.0,1032.979795976636
1668411439.9615188,16795.75,14.18999999999869,104.31,-40.620000000000005,1.0,0.0,1032.979795976636,0.0,1032.979795976636
1668411500.9127817,16798.67,2.9199999999982538,96.68,-7.6299999999999955,1.0,0.0,1032.979795976636,0.0,1032.979795976636
1668411560.808526,16738.71,-59.95999999999913,-26.89,-123.57,1.0,0.0,1032.979795976636,0.0,1032.979795976636
1668411620.8421142,16739.13,0.4200000000018917,-46.02,-19.130000000000003,1.0,0.0,1032.979795976636,0.0,1032.979795976636
1668411681.8316565,16752.98,13.849999999998545,-3.75,42.27,0.0,1.0,0.0,0.0616594657175401,1032.979795976636
1668411741.6832006,16736.49,-16.489999999997963,19.82,23.57,0.0,1.0,0.0,0.0616594657175401,1031.9630313869527
1668411801.5107336,16781.22,44.72999999999956,42.54,22.72,0.0,1.0,0.0,0.0616594657175401,1034.7210592884985
1668411862.9369876,16807.74,26.52000000000044,89.33,46.79,0.0,1.0,0.0,0.0616594657175401,1036.3562683193277
1668411923.0432754,16825.62,17.87999999999738,44.06,-45.27,1.0,0.0,1037.458739566357,0.0,1037.458739566357
1668411982.8071482,16849.26,23.63999999999941,53.52,9.46,0.0,1.0,0.0,0.0615729557005089,1037.458739566357
1668412043.8088138,16791.12,-58.13999999999942,-8.65,-62.17,1.0,0.0,1033.878887921929,0.0,1033.878887921929
1668412103.9434,16773.92,-17.200000000000728,36.66,45.31,0.0,1.0,0.0,0.0616360926916265,1033.878887921929
1668412164.39757,16775.49,1.570000000003347,38.07,1.4100000000000037,0.0,1.0,0.0,0.0616360926916265,1033.9756565874536
1668412225.0890048,16771.35,-4.140000000003056,18.37,-19.7,1.0,0.0,1033.72048316371,0.0,1033.72048316371
1668412284.840491,16807.2,35.85000000000218,70.71,52.33999999999999,0.0,1.0,0.0,0.0615046220169754,1033.72048316371
1668412344.919449,16856.01,48.80999999999767,72.06,1.3500000000000083,0.0,1.0,0.0,0.0615046220169754,1036.7225237643574
1668412405.7232816,16813.48,-42.52999999999884,4.42,-67.64,1.0,0.0,1034.1067321899754,0.0,1034.1067321899754
1668412465.744809,16788.27,-25.209999999999127,-37.36,-41.78,1.0,0.0,1034.1067321899754,0.0,1034.1067321899754
1668412525.7236652,16795.65,7.380000000001019,-54.88,-17.520000000000003,1.0,0.0,1034.1067321899754,0.0,1034.1067321899754
1668412586.7849653,16805.12,9.469999999997526,14.0,68.88,0.0,1.0,0.0,0.0615352185637457,1034.1067321899754
1668412647.2341146,16803.91,-1.2099999999991269,29.99,15.989999999999998,0.0,1.0,0.0,0.0615352185637457,1034.032274575512
1668412707.304073,16796.07,-7.8400000000001455,19.38,-10.61,1.0,0.0,1033.5498384619725,0.0,1033.5498384619725
1668412767.5500968,16797.12,1.0499999999992724,24.4,5.02,0.0,1.0,0.0,0.0615313719531665,1033.5498384619725
1668412827.552706,16822.96,25.840000000000146,13.54,-10.86,1.0,0.0,1035.139809113242,0.0,1035.139809113242
1668412887.659398,16854.85,31.88999999999941,-0.63,-14.17,1.0,0.0,1035.139809113242,0.0,1035.139809113242
1668412948.286796,16862.92,8.069999999999709,51.03,51.66,0.0,1.0,0.0,0.0613855612855449,1035.139809113242
1668413008.293464,16868.15,5.230000000003201,79.88,28.849999999999994,0.0,1.0,0.0,0.0613855612855449,1035.4608555987645
1668413068.2863722,16883.02,14.86999999999898,87.37,7.490000000000009,0.0,1.0,0.0,0.0613855612855449,1036.3736588950803
1668413129.2592022,16920.51,37.48999999999796,115.38,28.00999999999999,0.0,1.0,0.0,0.0613855612855449,1038.6750035876753
1668413189.2578175,16884.27,-36.23999999999796,79.17,-36.21,1.0,0.0,1036.4503908466872,0.0,1036.4503908466872
1668413250.0559468,16837.14,-47.13000000000102,41.07,-38.1,1.0,0.0,1036.4503908466872,0.0,1036.4503908466872
1668413309.9468718,16803.91,-33.22999999999956,6.79,-34.28,1.0,0.0,1036.4503908466872,0.0,1036.4503908466872
1668413370.0100603,16825.8,21.88999999999941,28.68,21.89,0.0,1.0,0.0,0.0615988773696755,1036.4503908466872
1668413430.0112224,16824.98,-0.819999999999709,-29.87,-58.55,1.0,0.0,1036.399879767243,0.0,1036.399879767243
1668413490.7706823,16838.02,13.040000000000871,-26.54,3.330000000000002,0.0,1.0,0.0,0.0615511728675487,1036.399879767243
1668413550.7318408,16864.0,25.979999999999563,-4.15,22.39,0.0,1.0,0.0,0.0615511728675487,1037.9989792383412
1668413610.6846795,16911.92,47.919999999998254,31.63,35.78,0.0,1.0,0.0,0.0615511728675487,1040.948511442154
1668413672.0370543,16858.63,-53.28999999999724,-61.88,-93.51,1.0,0.0,1037.6684494400429,0.0,1037.6684494400429
1668413732.635331,16876.74,18.110000000000586,-9.24,52.64,0.0,1.0,0.0,0.0614851238710819,1037.6684494400429
1668413792.0837257,16905.11,28.36999999999898,66.42,75.66,0.0,1.0,0.0,0.0614851238710819,1039.4127824042653
1668413912.715634,16857.22,-47.88999999999942,44.91,-21.510000000000005,1.0,0.0,1036.4682598220793,0.0,1036.4682598220793
1668413972.6401644,16849.66,-7.56000000000131,24.68,-20.23,1.0,0.0,1036.4682598220793,0.0,1036.4682598220793
1668414033.5081477,16824.22,-25.43999999999869,-13.8,-38.48,1.0,0.0,1036.4682598220793,0.0,1036.4682598220793
1668414093.5618613,16850.52,26.299999999999272,-13.48,0.3200000000000003,0.0,1.0,0.0,0.0615095712074214,1036.4682598220793
1668414153.5464106,16840.0,-10.520000000000437,-71.92,-58.44,1.0,0.0,1035.8211791329763,0.0,1035.8211791329763
1668414215.1168668,16808.7,-31.299999999999272,-49.93,21.99,0.0,1.0,0.0,0.0616241100818609,1035.8211791329763
1668414274.2963295,16842.21,33.5099999999984,-35.98,13.950000000000005,0.0,1.0,0.0,0.0616241100818609,1037.8862030618184
1668414334.3189757,16820.31,-21.899999999997817,-84.8,-48.82,1.0,0.0,1036.5366350510258,0.0,1036.5366350510258
1668414395.3194368,16808.61,-11.700000000000728,-64.55,20.25,0.0,1.0,0.0,0.061667004889222,1036.5366350510258
1668414455.3954268,16795.9,-12.709999999999129,-59.83,4.719999999999999,0.0,1.0,0.0,0.061667004889222,1035.752847418884
1668414515.3003356,16782.57,-13.330000000001746,-67.09,-7.260000000000005,1.0,0.0,1034.9308262437105,0.0,1034.9308262437105
1668414576.0163372,16784.19,1.6199999999989814,-40.03,27.06,0.0,1.0,0.0,0.0616610528267203,1034.9308262437105
1668414636.2052193,16781.68,-2.5099999999984,-67.68,-27.65000000000001,1.0,0.0,1034.7760570011155,0.0,1034.7760570011155
1668414696.8198702,16807.63,25.950000000000728,-32.37,35.31000000000001,0.0,1.0,0.0,0.0615658517590591,1034.7760570011155
1668414756.8115168,16799.65,-7.979999999999563,-9.05,23.32,0.0,1.0,0.0,0.0615658517590591,1034.284761504077
1668414816.8530655,16794.66,-4.990000000001601,-46.29,-37.24,1.0,0.0,1033.9775479037994,0.0,1033.9775479037994
1668414876.8713443,16798.48,3.819999999999709,-21.83,24.46,0.0,1.0,0.0,0.06155185159037,1033.9775479037994
1668414937.8403354,16797.96,-0.5200000000004366,-10.65,11.179999999999998,0.0,1.0,0.0,0.06155185159037,1033.9455409409716
1668414997.870005,16779.38,-18.57999999999811,-16.53,-5.880000000000001,1.0,0.0,1032.8019075384227,0.0,1032.8019075384227
1668415057.9155073,16737.27,-42.11000000000058,-43.44,-26.91,1.0,0.0,1032.8019075384227,0.0,1032.8019075384227
1668415118.7206922,16756.47,19.200000000000728,-27.72,15.72,0.0,1.0,0.0,0.0616360073176762,1032.8019075384227
1668415179.6186614,16727.73,-28.7400000000016,-53.93,-26.21,1.0,0.0,1031.0304886881115,0.0,1031.0304886881115
1668415238.7056422,16732.48,4.75,-75.15,-21.22000000000001,1.0,0.0,1031.0304886881115,0.0,1031.0304886881115
1668415299.4596522,16756.06,23.580000000001743,-44.98,30.17000000000001,0.0,1.0,0.0,0.0615317973728974,1031.0304886881115
1668415359.5052006,16761.43,5.369999999998981,-31.64,13.339999999999996,0.0,1.0,0.0,0.0615317973728974,1031.3609144400036
1668415419.4424498,16780.42,18.989999999997963,-18.06,13.580000000000002,0.0,1.0,0.0,0.0615317973728974,1032.529403272115
1668415480.4731386,16776.27,-4.149999999997817,-20.04,-1.9800000000000004,1.0,0.0,1032.2740463130174,0.0,1032.2740463130174
1668415540.3084898,16777.36,1.0900000000001455,-2.02,18.02,0.0,1.0,0.0,0.0615277997440012,1032.2740463130174
1668415600.4349797,16770.23,-7.130000000001019,31.17,33.190000000000005,0.0,1.0,0.0,0.0615277997440012,1031.8353531008413
1668415662.048512,16756.32,-13.909999999999854,-0.14,-31.31,1.0,0.0,1030.9795014064025,0.0,1030.9795014064025
1668415721.177385,16743.67,-12.650000000001455,15.94,16.08,0.0,1.0,0.0,0.0615742845747917,1030.9795014064025
1668415781.2087865,16767.93,24.26000000000204,35.45,19.510000000000005,0.0,1.0,0.0,0.0615742845747917,1032.473293550187
1668415842.195362,16751.98,-15.950000000000728,-4.08,-39.53,1.0,0.0,1031.491183711219,0.0,1031.491183711219
1668415902.01939,16796.12,44.13999999999942,34.69,38.77,0.0,1.0,0.0,0.0614124681004433,1031.491183711219
1668415962.0932422,16781.45,-14.669999999998254,2.21,-32.48,1.0,0.0,1030.5902628041842,0.0,1030.5902628041842
1668416022.7936332,16787.83,6.380000000001019,11.51,9.3,0.0,1.0,0.0,0.0613891290776821,1030.5902628041842
1668416082.746426,16775.68,-12.150000000001455,-2.85,-14.36,1.0,0.0,1029.84438488589,0.0,1029.84438488589
1668416142.9518206,16786.4,10.720000000001164,15.06,17.91,0.0,1.0,0.0,0.0613499252302989,1029.84438488589
1668416204.2485538,16778.08,-8.319999999999709,22.99,7.929999999999998,0.0,1.0,0.0,0.0613499252302989,1029.3339535079735
1668416263.7885594,16792.89,14.809999999997672,49.22,26.23,0.0,1.0,0.0,0.0613499252302989,1030.242545900634
1668416323.852902,16798.0,5.110000000000582,33.73,-15.490000000000002,1.0,0.0,1030.556044018561,0.0,1030.556044018561
1668416384.754272,16776.2,-21.799999999999272,12.79,-20.94,1.0,0.0,1030.556044018561,0.0,1030.556044018561
1668416444.706045,16771.67,-4.530000000002474,-13.31,-26.1,1.0,0.0,1030.556044018561,0.0,1030.556044018561
1668416504.6353295,16738.6,-33.06999999999971,-55.78,-42.47,1.0,0.0,1030.556044018561,0.0,1030.556044018561
1668416565.7943928,16702.69,-35.909999999999854,-87.69,-31.91,1.0,0.0,1030.556044018561,0.0,1030.556044018561
1668416625.5805042,16714.86,12.170000000001892,-70.59,17.099999999999994,0.0,1.0,0.0,0.061655080809445,1030.556044018561
1668416685.729331,16720.0,5.139999999999418,-63.84,6.75,0.0,1.0,0.0,0.061655080809445,1030.8729511339204
1668416747.4369135,16715.22,-4.779999999998836,-62.86,0.980000000000004,0.0,1.0,0.0,0.061655080809445,1030.5782398476513
1668416806.7855272,16705.78,-9.440000000002328,-74.41,-11.549999999999995,1.0,0.0,1029.99621588481,0.0,1029.99621588481
1668416866.7995102,16679.35,-26.43000000000029,-118.65,-44.24000000000001,1.0,0.0,1029.99621588481,0.0,1029.99621588481
1668416927.4869978,16703.87,24.52000000000044,-73.93,44.72,0.0,1.0,0.0,0.0616621307448399,1029.99621588481
1668416987.3704565,16685.73,-18.13999999999941,-78.5,-4.569999999999993,1.0,0.0,1028.8776648330977,0.0,1028.8776648330977
1668417047.476823,16710.73,25.0,-47.66,30.840000000000003,0.0,1.0,0.0,0.0615698814374415,1028.8776648330977
1668417108.0583112,16710.7,-0.0299999999988358,-22.63,25.03,0.0,1.0,0.0,0.0615698814374415,1028.8758177366535
1668417168.0422492,16701.01,-9.690000000002328,-0.61,22.02,0.0,1.0,0.0,0.0615698814374415,1028.2792055855248
1668417228.1700003,16704.62,3.610000000000582,-11.02,-10.41,1.0,0.0,1028.501472857514,0.0,1028.501472857514
1668417289.117753,16699.63,-4.989999999997963,-10.0,1.0199999999999996,0.0,1.0,0.0,0.0615882790731,1028.501472857514
1668417349.082743,16679.62,-20.01000000000204,-41.47,-31.47,1.0,0.0,1027.2690913932602,0.0,1027.2690913932602
1668417409.0292735,16692.67,13.049999999999272,-1.53,39.94,0.0,1.0,0.0,0.0615401305718773,1027.2690913932602
1668417469.845199,16683.25,-9.419999999998254,-15.78,-14.25,1.0,0.0,1026.689383363272,0.0,1026.689383363272
1668417529.7922356,16652.78,-30.470000000001164,-32.0,-16.22,1.0,0.0,1026.689383363272,0.0,1026.689383363272
1668417589.7886815,16661.73,8.950000000000728,-43.46,-11.46,1.0,0.0,1026.689383363272,0.0,1026.689383363272
1668417650.9713993,16673.26,11.529999999998836,-45.46,-2.0,1.0,0.0,1026.689383363272,0.0,1026.689383363272
1668417710.4833922,16701.95,28.69000000000233,4.02,49.48,0.0,1.0,0.0,0.0614712284112497,1026.689383363272
1668417770.5030608,16685.64,-16.31000000000131,-12.0,-16.02,1.0,0.0,1025.6867876278843,0.0,1025.6867876278843
1668417831.487166,16693.45,7.81000000000131,-5.61,6.39,0.0,1.0,0.0,0.0614424692096531,1025.6867876278843
1668417891.330594,16689.0,-4.450000000000728,0.65,6.260000000000001,0.0,1.0,0.0,0.0614424692096531,1025.413368639901
1668417951.3158717,16702.39,13.389999999999418,26.33,25.68,0.0,1.0,0.0,0.0614424692096531,1026.2360833026178
1668418012.4378526,16706.51,4.119999999998981,12.47,-13.859999999999998,1.0,0.0,1026.4892262757614,0.0,1026.4892262757614
1668418072.2770588,16703.34,-3.1699999999982538,38.01,25.54,0.0,1.0,0.0,0.0614541299090937,1026.4892262757614
1668418132.3856792,16701.08,-2.2599999999984,57.63,19.620000000000005,0.0,1.0,0.0,0.0614541299090937,1026.3503399421668
1668418193.2318337,16699.69,-1.390000000003056,42.8,-14.830000000000004,1.0,0.0,1026.264918701593,0.0,1026.264918701593
1668418253.6893115,16706.04,6.350000000002183,14.73,-28.07,1.0,0.0,1026.264918701593,0.0,1026.264918701593
1668418313.213205,16697.58,-8.459999999999127,-0.23,-14.96,1.0,0.0,1026.264918701593,0.0,1026.264918701593
1668418373.8767612,16723.68,26.099999999998545,34.69,34.919999999999995,0.0,1.0,0.0,0.0613659743968787,1026.264918701593
1668418433.8038125,16745.15,21.470000000001164,59.62,24.93,0.0,1.0,0.0,0.0613659743968787,1027.5824461718937
1668418493.7153318,16731.7,-13.450000000000728,41.74,-17.879999999999995,1.0,0.0,1026.7570738162551,0.0,1026.7570738162551
1668418554.802591,16726.2,-5.5,26.25,-15.490000000000002,1.0,0.0,1026.7570738162551,0.0,1026.7570738162551
1668418614.955076,16732.37,6.169999999998254,29.12,2.870000000000001,0.0,1.0,0.0,0.0613635171715815,1026.7570738162551
1668418674.804636,16746.87,14.5,41.51,12.389999999999995,0.0,1.0,0.0,0.0613635171715815,1027.646844815243
1668418735.441886,16740.0,-6.869999999998981,36.0,-5.509999999999998,1.0,0.0,1027.2252774522742,0.0,1027.2252774522742
1668418795.7303424,16727.66,-12.340000000000146,17.6,-18.4,1.0,0.0,1027.2252774522742,0.0,1027.2252774522742
1668418855.468215,16722.47,-5.18999999999869,19.53,1.93,0.0,1.0,0.0,0.0614278439400563,1027.2252774522742
1668418916.2758713,16735.53,13.059999999997672,35.46,15.93,0.0,1.0,0.0,0.0614278439400563,1028.0275250941304
1668418976.327264,16735.83,0.3000000000029104,-0.9,-36.36,1.0,0.0,1028.0459534473125,0.0,1028.0459534473125
1668419036.2817936,16735.98,0.1499999999978172,1.43,2.33,0.0,1.0,0.0,0.0614272933791336,1028.0459534473125
1668419097.0840042,16756.51,20.52999999999884,38.91,37.48,0.0,1.0,0.0,0.0614272933791336,1029.3070557803858
1668419157.12814,16747.13,-9.37999999999738,18.22,-20.69,1.0,0.0,1028.7308677684898,0.0,1028.7308677684898
1668419218.3387537,16756.17,9.039999999997235,21.16,2.9400000000000013,0.0,1.0,0.0,0.061394153184677,1028.7308677684898
1668419278.0243864,16755.0,-1.1699999999982538,13.3,-7.859999999999999,1.0,0.0,1028.6590366092632,0.0,1028.6590366092632
1668419337.8609788,16770.6,15.599999999998545,40.28,26.98,0.0,1.0,0.0,0.0613370443877537,1028.6590366092632
1668419397.9223976,16771.5,0.9000000000014552,41.73,1.4499999999999955,0.0,1.0,0.0,0.0613370443877537,1028.714239949211
1668419458.636572,16755.82,-15.680000000000293,30.94,-10.789999999999996,1.0,0.0,1027.7524750932112,0.0,1027.7524750932112
1668419518.4914956,16741.74,-14.079999999998108,6.57,-24.37,1.0,0.0,1027.7524750932112,0.0,1027.7524750932112
1668419578.7612076,16760.28,18.539999999997235,29.2,22.63,0.0,1.0,0.0,0.0613207222727312,1027.7524750932112
1668419639.4669373,16764.87,4.5900000000001455,24.07,-5.129999999999999,1.0,0.0,1028.0339372084431,0.0,1028.0339372084431
1668419699.2554958,16786.0,21.13000000000102,19.73,-4.34,1.0,0.0,1028.0339372084431,0.0,1028.0339372084431
1668419759.341947,16774.43,-11.569999999999707,25.6,5.870000000000001,0.0,1.0,0.0,0.0612857746706411,1028.0339372084431
1668419820.862018,16773.84,-0.5900000000001455,17.8,-7.800000000000001,1.0,0.0,1027.9977786013865,0.0,1027.9977786013865
1668419879.4797988,16779.75,5.909999999999855,21.18,3.379999999999999,0.0,1.0,0.0,0.0612641891924126,1027.9977786013865
1668419939.5376496,16756.55,-23.200000000000728,-8.53,-29.71,1.0,0.0,1026.5764494121213,0.0,1026.5764494121213
1668419999.489203,16749.89,-6.659999999999855,-15.7,-7.17,1.0,0.0,1026.5764494121213,0.0,1026.5764494121213
1668420059.553113,16746.02,-3.869999999998981,1.02,16.72,0.0,1.0,0.0,0.0613027124900197,1026.5764494121213
1668420119.4970317,16732.49,-13.529999999998836,-5.27,-6.289999999999999,1.0,0.0,1025.74702371213,0.0,1025.74702371213
1668420179.49828,16721.16,-11.330000000001746,-38.73,-33.459999999999994,1.0,0.0,1025.74702371213,0.0,1025.74702371213
1668420239.4769373,16748.83,27.67000000000189,-26.82,11.909999999999997,0.0,1.0,0.0,0.061242906144019,1025.74702371213
1668420300.2540748,16755.27,6.43999999999869,-18.12,8.7,0.0,1.0,0.0,0.061242906144019,1026.1414280276972
1668420359.518057,16748.0,-7.270000000000437,-31.74,-13.619999999999996,1.0,0.0,1025.6961921000302,0.0,1025.6961921000302
1668420419.5035312,16740.15,-7.849999999998545,-35.44,-3.6999999999999993,1.0,0.0,1025.6961921000302,0.0,1025.6961921000302
1668420479.4343932,16741.61,1.4599999999991269,-40.22,-4.780000000000001,1.0,0.0,1025.6961921000302,0.0,1025.6961921000302
1668420539.472539,16730.76,-10.850000000002185,-19.02,21.2,0.0,1.0,0.0,0.06130601312194,1025.6961921000302
1668420599.3638787,16720.22,-10.539999999997235,-32.76,-13.739999999999998,1.0,0.0,1025.0500267217235,0.0,1025.0500267217235
1668420659.3516426,16734.17,13.94999999999709,-9.01,23.75,0.0,1.0,0.0,0.0612549069790568,1025.0500267217235
1668420719.584417,16715.34,-18.82999999999811,-11.8,-2.790000000000001,1.0,0.0,1023.8965968233072,0.0,1023.8965968233072
1668420780.564602,16715.2,-0.1399999999994179,-17.45,-5.649999999999999,1.0,0.0,1023.8965968233072,0.0,1023.8965968233072
1668420839.4876788,16716.0,0.7999999999992724,-50.65,-33.2,1.0,0.0,1023.8965968233072,0.0,1023.8965968233072
1668420899.4725802,16721.11,5.110000000000582,-28.43,22.22,0.0,1.0,0.0,0.0612337695776959,1023.8965968233072
1668420959.5583522,16714.01,-7.100000000002183,-24.92,3.509999999999998,0.0,1.0,0.0,0.0612337695776959,1023.4618370593048
1668421019.4453764,16720.61,6.600000000002183,-13.39,11.53,0.0,1.0,0.0,0.0612337695776959,1023.865979938518
1668421079.5120776,16719.7,-0.9099999999998544,-14.76,-1.3699999999999992,1.0,0.0,1023.8102572082022,0.0,1023.8102572082022
1668421139.5191734,16718.78,-0.9200000000018916,-2.16,12.6,0.0,1.0,0.0,0.061237139145811,1023.8102572082022
1668421199.418105,16730.13,11.350000000002185,-1.36,0.8,0.0,1.0,0.0,0.061237139145811,1024.505298737507
1668421260.1184242,16743.0,12.86999999999898,30.17,31.53,0.0,1.0,0.0,0.061237139145811,1025.2934207183137
1668421319.4606357,16741.3,-1.7000000000007276,23.82,-6.350000000000001,1.0,0.0,1025.1893175817656,0.0,1025.1893175817656
1668421379.5118036,16744.47,3.170000000001892,33.66,9.839999999999996,0.0,1.0,0.0,0.0612255459612496,1025.1893175817656
1668421439.5655222,16743.45,-1.0200000000004366,27.09,-6.569999999999997,1.0,0.0,1025.1268675248846,0.0,1025.1268675248846
1668421499.5472646,16722.54,-20.90999999999985,4.36,-22.73,1.0,0.0,1025.1268675248846,0.0,1025.1268675248846
1668421559.695192,16737.47,14.930000000000293,14.54,10.18,0.0,1.0,0.0,0.0612474207586262,1025.1268675248846
1668421619.5900264,16752.63,15.159999999999854,38.33,23.79,0.0,1.0,0.0,0.0612474207586262,1026.0553784235842
1668421679.51468,16747.0,-5.630000000001019,31.08,-7.25,1.0,0.0,1025.710555444713,0.0,1025.710555444713
1668421740.4883742,16753.0,6.0,30.16,-0.9199999999999982,1.0,0.0,1025.710555444713,0.0,1025.710555444713
1668421799.489656,16747.5,-5.5,13.97,-16.189999999999998,1.0,0.0,1025.710555444713,0.0,1025.710555444713
1668421859.5835662,16760.7,13.200000000000728,22.04,8.069999999999999,0.0,1.0,0.0,0.0611973578337845,1025.710555444713
1668421919.528387,16768.57,7.869999999998981,28.03,5.990000000000002,0.0,1.0,0.0,0.0611973578337845,1026.1921786508638
1668421979.570162,16767.35,-1.2200000000011642,24.48,-3.5500000000000007,1.0,0.0,1026.1175178743065,0.0,1026.1175178743065
1668422039.4591506,16777.0,9.650000000001455,38.59,14.110000000000005,0.0,1.0,0.0,0.0611621575892177,1026.1175178743065
1668422099.4331038,16776.65,-0.3499999999985448,56.55,17.959999999999994,0.0,1.0,0.0,0.0611621575892177,1026.096111119149
1668422159.431646,16767.34,-9.31000000000131,20.71,-35.84,1.0,0.0,1025.5266914319934,0.0,1025.5266914319934
1668422220.7574155,16776.03,8.68999999999869,23.1,2.390000000000001,0.0,1.0,0.0,0.0611304755315765,1025.5266914319934
1668422279.5978274,16780.79,4.760000000002037,30.64,7.539999999999999,0.0,1.0,0.0,0.0611304755315765,1025.8176724955238
1668422339.527416,16809.49,28.700000000000728,49.97,19.33,0.0,1.0,0.0,0.0611304755315765,1027.57211714328
1668422399.4311209,16791.05,-18.44000000000233,40.06,-9.909999999999997,1.0,0.0,1026.4448711744776,0.0,1026.4448711744776
1668422459.5099435,16794.21,3.1599999999998545,29.74,-10.320000000000004,1.0,0.0,1026.4448711744776,0.0,1026.4448711744776
1668422519.4842973,16788.0,-6.209999999999127,15.21,-14.529999999999998,1.0,0.0,1026.4448711744776,0.0,1026.4448711744776
1668422579.7836378,16790.6,2.599999999998545,23.11,7.899999999999999,0.0,1.0,0.0,0.0611321138717185,1026.4448711744776
1668422639.5875578,16797.41,6.81000000000131,19.26,-3.849999999999998,1.0,0.0,1026.861180869943,0.0,1026.861180869943
1668422700.4675622,16779.51,-17.900000000001455,0.36,-18.9,1.0,0.0,1026.861180869943,0.0,1026.861180869943
1668422759.7297788,16799.51,20.0,29.5,29.14,0.0,1.0,0.0,0.0611244721346005,1026.861180869943
1668422819.6383305,16811.21,11.700000000000728,34.98,5.479999999999997,0.0,1.0,0.0,0.0611244721346005,1027.5763371939172
1668422879.588441,16795.67,-15.540000000000871,4.85,-30.129999999999995,1.0,0.0,1026.6264628969454,0.0,1026.6264628969454
1668422939.6163423,16792.6,-3.069999999999709,-11.42,-16.27,1.0,0.0,1026.6264628969454,0.0,1026.6264628969454
1668422999.5976577,16752.65,-39.94999999999709,-42.8,-31.379999999999995,1.0,0.0,1026.6264628969454,0.0,1026.6264628969454
1668423059.7000103,16776.85,24.19999999999709,-15.08,27.72,0.0,1.0,0.0,0.0611930405825256,1026.6264628969454
1668423119.556368,16798.36,21.51000000000204,23.57,38.65,0.0,1.0,0.0,0.0611930405825256,1027.9427251998748
1668423180.33518,16788.49,-9.86999999999898,-0.94,-24.51,1.0,0.0,1027.3387498893253,0.0,1027.3387498893253
1668423239.4879415,16790.66,2.1699999999982538,-3.64,-2.7,1.0,0.0,1027.3387498893253,0.0,1027.3387498893253
1668423299.588837,16788.88,-1.7799999999988358,1.12,4.76,0.0,1.0,0.0,0.0611916190889043,1027.3387498893253
1668423359.7956717,16790.65,1.7700000000004366,-14.84,-15.96,1.0,0.0,1027.4470590551111,0.0,1027.4470590551111
1668423419.5769944,16793.77,3.1199999999989814,-21.56,-6.719999999999999,1.0,0.0,1027.4470590551111,0.0,1027.4470590551111
1668423479.589319,16794.34,0.569999999999709,-2.76,18.8,0.0,1.0,0.0,0.0611781742572266,1027.4470590551111
1668423539.6968515,16793.75,-0.5900000000001455,19.99,22.75,0.0,1.0,0.0,0.0611781742572266,1027.4109639322992
1668423599.5545688,16779.23,-14.520000000000437,15.02,-4.969999999999999,1.0,0.0,1026.5226568420844,0.0,1026.5226568420844
1668423660.805117,16791.34,12.110000000000582,4.52,-10.5,1.0,0.0,1026.5226568420844,0.0,1026.5226568420844
1668423719.6103866,16803.0,11.659999999999854,13.86,9.34,0.0,1.0,0.0,0.061091629878122,1026.5226568420844
1668423779.5425084,16798.15,-4.849999999998545,11.09,-2.77,1.0,0.0,1026.226362437175,0.0,1026.226362437175
1668423839.5843017,16797.87,-0.2800000000024738,4.31,-6.78,1.0,0.0,1026.226362437175,0.0,1026.226362437175
1668423899.681151,16774.2,-23.669999999998254,-11.4,-15.71,1.0,0.0,1026.226362437175,0.0,1026.226362437175
1668423959.6348107,16783.5,9.299999999999272,-8.67,2.7300000000000004,0.0,1.0,0.0,0.0611449556074224,1026.226362437175
1668424019.6233842,16787.83,4.330000000001746,-7.89,0.7800000000000002,0.0,1.0,0.0,0.0611449556074224,1026.491120094954
1668424079.647919,16797.31,9.479999999999563,3.6,11.49,0.0,1.0,0.0,0.0611449556074224,1027.0707742741124
1668424140.6513455,16814.97,17.659999999999854,28.4,24.8,0.0,1.0,0.0,0.0611449556074224,1028.1505941901394
1668424199.4860697,16807.42,-7.55000000000291,26.07,-2.3299999999999983,1.0,0.0,1027.6889497753032,0.0,1027.6889497753032
1668424259.815109,16802.56,-4.859999999996944,12.89,-13.18,1.0,0.0,1027.6889497753032,0.0,1027.6889497753032
1668424319.6882029,16799.23,-3.3300000000017462,-2.22,-15.11,1.0,0.0,1027.6889497753032,0.0,1027.6889497753032
1668424379.697446,16795.73,-3.5,-7.91,-5.69,1.0,0.0,1027.6889497753032,0.0,1027.6889497753032
1668424439.524937,16805.15,9.420000000001892,13.98,21.89,0.0,1.0,0.0,0.061153214923717,1027.6889497753032
1668424499.583794,16812.37,7.219999999997526,35.85,21.87,0.0,1.0,0.0,0.061153214923717,1028.130475987052
1668424559.6904116,16817.27,4.900000000001455,33.43,-2.4200000000000017,1.0,0.0,1028.4301267401784,0.0,1028.4301267401784
1668424620.8380327,16818.56,1.2900000000008731,26.62,-6.809999999999999,1.0,0.0,1028.4301267401784,0.0,1028.4301267401784
1668424679.7880566,16828.25,9.68999999999869,23.87,-2.75,1.0,0.0,1028.4301267401784,0.0,1028.4301267401784
1668424739.4986107,16832.35,4.099999999998545,25.37,1.5,0.0,1.0,0.0,0.0610984281303667,1028.4301267401784
1668424799.497022,16798.46,-33.88999999999942,-3.9,-29.27,1.0,0.0,1026.3595010108395,0.0,1026.3595010108395
1668424859.6108575,16770.58,-27.87999999999738,-27.18,-23.28,1.0,0.0,1026.3595010108395,0.0,1026.3595010108395
1668424919.5721269,16824.0,53.419999999998254,36.85,64.03,0.0,1.0,0.0,0.0610056764747289,1026.3595010108395
1668424979.573291,16793.88,-30.11999999999898,-7.36,-44.21,1.0,0.0,1024.5220100354202,0.0,1024.5220100354202
1668425039.6847029,16799.18,5.299999999999272,-18.28,-10.920000000000002,1.0,0.0,1024.5220100354202,0.0,1024.5220100354202
1668425100.8487158,16783.16,-16.020000000000437,-30.01,-11.73,1.0,0.0,1024.5220100354202,0.0,1024.5220100354202
1668425159.5735004,16769.9,-13.2599999999984,-46.26,-16.249999999999996,1.0,0.0,1024.5220100354202,0.0,1024.5220100354202
1668425219.5440586,16764.03,-5.870000000002619,-57.61,-11.35,1.0,0.0,1024.5220100354202,0.0,1024.5220100354202
1668425279.5800169,16759.48,-4.549999999999272,-104.73,-47.120000000000005,1.0,0.0,1024.5220100354202,0.0,1024.5220100354202
1668425339.756127,16782.03,22.549999999999272,-45.78,58.95,0.0,1.0,0.0,0.0610487533412477,1024.5220100354202
1668425399.5684657,16785.27,3.2400000000016007,-2.44,43.34,0.0,1.0,0.0,0.0610487533412477,1024.7198079962448
1668425459.9808085,16776.16,-9.110000000000582,3.98,6.42,0.0,1.0,0.0,0.0610487533412477,1024.163653853306
1668425519.5579898,16764.26,-11.900000000001455,-44.52,-48.5,1.0,0.0,1023.437173688545,0.0,1023.437173688545
1668425580.7779543,16772.23,7.970000000001164,-30.98,13.540000000000004,0.0,1.0,0.0,0.0610197435694922,1023.437173688545
1668425639.643634,16758.89,-13.340000000000146,-28.29,2.6900000000000013,0.0,1.0,0.0,0.0610197435694922,1022.6231703093272
1668425700.0166538,16757.9,-0.9899999999979628,-26.84,1.4499999999999993,0.0,1.0,0.0,0.0610197435694922,1022.5627607631934
1668425759.7074645,16765.4,7.5,3.15,29.99,0.0,1.0,0.0,0.0610197435694922,1023.0204088399646
1668425819.7241108,16784.8,19.399999999997817,25.26,22.110000000000003,0.0,1.0,0.0,0.0610197435694922,1024.2041918652126
1668425879.7516956,16767.13,-17.669999999998254,6.97,-18.290000000000003,1.0,0.0,1023.1259729963398,0.0,1023.1259729963398
1668425939.6499825,16755.73,-11.400000000001455,-22.62,-29.59,1.0,0.0,1023.1259729963398,0.0,1023.1259729963398
1668425999.827428,16746.57,-9.159999999999854,-37.59,-14.970000000000002,1.0,0.0,1023.1259729963398,0.0,1023.1259729963398
1668426060.856809,16749.58,3.0100000000020373,-32.07,5.520000000000003,0.0,1.0,0.0,0.0610836792920383,1023.1259729963398
1668426119.7597108,16750.69,1.109999999996944,-12.2,19.87,0.0,1.0,0.0,0.0610836792920383,1023.193775880353
1668426179.6995573,16753.92,3.2299999999995634,-12.7,-0.5,1.0,0.0,1023.3910761644662,0.0,1023.3910761644662
1668426239.7470694,16766.0,12.080000000001746,10.1,22.8,0.0,1.0,0.0,0.0610396681477076,1023.3910761644662
1668426299.742684,16740.49,-25.5099999999984,-23.58,-33.68,1.0,0.0,1021.8339542300178,0.0,1021.8339542300178
1668426359.7627568,16748.37,7.879999999997381,-28.29,-4.710000000000001,1.0,0.0,1021.8339542300178,0.0,1021.8339542300178
1668426419.651472,16755.78,7.4099999999998545,-18.37,9.919999999999998,0.0,1.0,0.0,0.0609839681727748,1021.8339542300178
1668426479.6378849,16765.52,9.7400000000016,-0.62,17.75,0.0,1.0,0.0,0.0609839681727748,1022.4279380800194
1668426540.5368502,16762.88,-2.639999999999418,5.57,6.19,0.0,1.0,0.0,0.0609839681727748,1022.2669404040432
1668426599.5199184,16751.07,-11.81000000000131,9.62,4.049999999999999,0.0,1.0,0.0,0.0609839681727748,1021.5467197399228
1668426659.6368487,16749.37,-1.7000000000007276,-7.36,-16.98,1.0,0.0,1021.443046994029,0.0,1021.443046994029
1668426719.7739446,16758.61,9.2400000000016,0.61,7.970000000000001,0.0,1.0,0.0,0.0609503441510977,1021.443046994029
1668426779.670646,16758.56,-0.0499999999992724,3.04,2.43,0.0,1.0,0.0,0.0609503441510977,1021.43999947682
1668426839.631081,16764.39,5.829999999998108,1.64,-1.4,1.0,0.0,1021.7953399832209,0.0,1021.7953399832209
1668426899.681019,16756.83,-7.559999999997672,15.56,13.92,0.0,1.0,0.0,0.0609778424668162,1021.7953399832209
1668426959.770578,16761.88,5.049999999999272,13.35,-2.210000000000001,1.0,0.0,1022.1032780876772,0.0,1022.1032780876772
1668427020.8964517,16764.17,2.289999999997235,5.94,-7.409999999999999,1.0,0.0,1022.1032780876772,0.0,1022.1032780876772
1668427079.662551,16756.91,-7.259999999998399,-6.7,-12.64,1.0,0.0,1022.1032780876772,0.0,1022.1032780876772
1668427139.811826,16758.4,1.4900000000016007,6.43,13.13,0.0,1.0,0.0,0.0609905049460376,1022.1032780876772
1668427199.7752538,16749.81,-8.590000000000146,-2.46,-8.89,1.0,0.0,1021.5793696501902,0.0,1021.5793696501902
1668427260.0978818,16752.35,2.539999999997235,3.0,5.46,0.0,1.0,0.0,0.0609812575340289,1021.5793696501902
1668427320.098229,16754.17,1.819999999999709,0.32,-2.68,1.0,0.0,1021.6903555389008,0.0,1021.6903555389008
1668427379.8336108,16739.3,-14.86999999999898,-22.92,-23.24,1.0,0.0,1021.6903555389008,0.0,1021.6903555389008
1668427439.5946178,16720.09,-19.209999999999127,-43.39,-20.47,1.0,0.0,1021.6903555389008,0.0,1021.6903555389008
1668427500.4285986,16717.81,-2.279999999998836,-38.52,4.869999999999997,0.0,1.0,0.0,0.0611138872578944,1021.6903555389008
1668427559.655557,16689.88,-27.93000000000029,-76.74,-38.21999999999999,1.0,0.0,1019.9834446677868,0.0,1019.9834446677868
1668427619.8161528,16710.12,20.239999999997963,-53.61,23.129999999999995,0.0,1.0,0.0,0.0610398635478253,1019.9834446677868
1668427680.004149,16704.19,-5.930000000000291,-60.47,-6.859999999999999,1.0,0.0,1019.6214782769478,0.0,1019.6214782769478
1668427740.0197215,16699.84,-4.349999999998545,-55.63,4.839999999999996,0.0,1.0,0.0,0.0610557633053339,1019.6214782769478
1668427799.9689317,16681.67,-18.17000000000189,-68.13,-12.499999999999991,1.0,0.0,1018.5120950576892,0.0,1018.5120950576892
1668427859.810323,16688.06,6.390000000003056,-63.42,4.709999999999994,0.0,1.0,0.0,0.0610323845346726,1018.5120950576892
1668427919.8841789,16692.49,4.430000000000291,-61.43,1.990000000000002,0.0,1.0,0.0,0.0610323845346726,1018.7824685211772
1668427979.993549,16714.26,21.7699999999968,-6.46,54.97,0.0,1.0,0.0,0.0610323845346726,1020.1111435324968
1668428039.7582078,16714.39,0.1300000000010186,8.01,14.47,0.0,1.0,0.0,0.0610323845346726,1020.1190777424864
1668428099.798769,16697.85,-16.540000000000873,8.71,0.7000000000000011,0.0,1.0,0.0,0.0610323845346726,1019.1096021022828
1668428159.805171,16709.83,11.9800000000032,10.34,1.629999999999999,0.0,1.0,0.0,0.0610323845346726,1019.8407700690084
1668428219.8492076,16697.24,-12.590000000000146,-21.42,-31.76,1.0,0.0,1019.0723723477169,0.0,1019.0723723477169
1668428279.914219,16695.0,-2.2400000000016007,-18.55,2.870000000000001,0.0,1.0,0.0,0.0610405733661405,1019.0723723477169
1668428339.8828423,16701.24,6.240000000001601,12.84,31.39,0.0,1.0,0.0,0.0610405733661405,1019.4532655255204
1668428399.9832623,16695.6,-5.640000000003056,12.09,-0.75,1.0,0.0,1019.1089966917352,0.0,1019.1089966917352
1668428459.8115728,16699.46,3.860000000000582,20.86,8.77,0.0,1.0,0.0,0.0610264641306805,1019.1089966917352
1668428520.2993507,16699.57,0.110000000000582,-1.86,-22.72,1.0,0.0,1019.115709602788,0.0,1019.115709602788
1668428579.830732,16702.05,2.4799999999995634,-7.88,-6.02,1.0,0.0,1019.115709602788,0.0,1019.115709602788
1668428639.650733,16710.76,8.709999999999127,-3.48,4.4,0.0,1.0,0.0,0.0609855990752538,1019.115709602788
1668428699.8545349,16713.92,3.1599999999998545,14.01,17.49,0.0,1.0,0.0,0.0609855990752538,1019.3084240958658
1668428759.7137015,16731.41,17.4900000000016,17.84,3.83,0.0,1.0,0.0,0.0609855990752538,1020.375062223692
1668428819.7393258,16723.88,-7.529999999998836,20.01,2.1700000000000017,0.0,1.0,0.0,0.0609855990752538,1019.9158406626556
1668428879.7003858,16754.67,30.789999999997235,56.01,36.0,0.0,1.0,0.0,0.0609855990752538,1021.7935872581824
1668428939.8492632,16751.98,-2.6899999999986903,50.8,-5.210000000000001,1.0,0.0,1021.62953599667,0.0,1021.62953599667
1668428999.900149,16752.59,0.6100000000005821,60.87,10.07,0.0,1.0,0.0,0.0609833784505363,1021.62953599667
1668429059.710596,16749.89,-2.700000000000728,54.76,-6.109999999999999,1.0,0.0,1021.4648808748534,0.0,1021.4648808748534
1668429119.715511,16746.6,-3.290000000000873,48.98,-5.780000000000001,1.0,0.0,1021.4648808748534,0.0,1021.4648808748534
1668429179.9561331,16758.62,12.020000000000437,50.98,2.0,0.0,1.0,0.0,0.0609516106263435,1021.4648808748534
1668429239.814993,16796.03,37.409999999999854,84.77,33.79,0.0,1.0,0.0,0.0609516106263435,1023.745080628384
1668429299.819286,16820.46,24.43000000000029,109.34,24.570000000000007,0.0,1.0,0.0,0.0609516106263435,1025.2341284759857
1668429359.8736632,16796.26,-24.200000000000728,76.6,-32.74000000000001,1.0,0.0,1023.7590994988282,0.0,1023.7590994988282
1668429419.7865524,16782.04,-14.219999999997526,48.23,-28.37,1.0,0.0,1023.7590994988282,0.0,1023.7590994988282
1668429480.5006306,16785.74,3.700000000000728,30.47,-17.759999999999998,1.0,0.0,1023.7590994988282,0.0,1023.7590994988282
1668429539.8346467,16761.39,-24.350000000002183,12.58,-17.89,1.0,0.0,1023.7590994988282,0.0,1023.7590994988282
1668429599.8980885,16780.42,19.02999999999884,25.09,12.51,0.0,1.0,0.0,0.0610091463443005,1023.7590994988282
1668429659.870196,16792.88,12.460000000002765,47.9,22.81,0.0,1.0,0.0,0.0610091463443005,1024.519273462277
1668429719.7725835,16798.51,5.629999999997381,53.77,5.8700000000000045,0.0,1.0,0.0,0.0610091463443005,1024.8627549561952
1668429780.1196208,16790.29,-8.219999999997526,-6.21,-59.98,1.0,0.0,1024.3612597732454,0.0,1024.3612597732454
1668429840.0512643,16785.57,-4.720000000001164,0.14,6.35,0.0,1.0,0.0,0.0610263017444891,1024.3612597732454
1668429899.887213,16779.85,-5.720000000001164,-27.71,-27.85,1.0,0.0,1024.012189327265,0.0,1024.012189327265
1668429960.6050284,16774.72,-5.129999999997381,-26.77,0.9400000000000012,0.0,1.0,0.0,0.0610449646448504,1024.012189327265
1668430019.8686385,16786.3,11.579999999998108,-2.82,23.95,0.0,1.0,0.0,0.0610449646448504,1024.7190900178523
1668430079.7206454,16811.44,25.13999999999941,32.9,35.72,0.0,1.0,0.0,0.0610449646448504,1026.2537604290235
1668430139.9473004,16806.26,-5.180000000000291,34.64,1.740000000000002,0.0,1.0,0.0,0.0610449646448504,1025.9375475121635
1668430199.8084798,16801.67,-4.5900000000001455,24.31,-10.330000000000002,1.0,0.0,1025.6573511244435,0.0,1025.6573511244435
1668430259.732208,16804.66,2.9900000000016007,19.57,-4.739999999999998,1.0,0.0,1025.6573511244435,0.0,1025.6573511244435
1668430319.9486384,16798.16,-6.5,11.67,-7.9,1.0,0.0,1025.6573511244435,0.0,1025.6573511244435
1668430379.7889378,16803.58,5.420000000001892,13.58,1.91,0.0,1.0,0.0,0.0610380258923659,1025.6573511244435
1668430440.4363697,16799.51,-4.070000000003347,16.44,2.860000000000001,0.0,1.0,0.0,0.0610380258923659,1025.4089263590597
1668430500.1339865,16803.57,4.06000000000131,27.57,11.13,0.0,1.0,0.0,0.0610380258923659,1025.6567407441828
1668430559.8941505,16787.44,-16.13000000000102,11.51,-16.060000000000002,1.0,0.0,1024.672197386539,0.0,1024.672197386539
1668430619.781136,16790.05,2.610000000000582,-11.63,-23.14,1.0,0.0,1024.672197386539,0.0,1024.672197386539
1668430679.8523247,16796.78,6.729999999999563,-2.12,9.510000000000002,0.0,1.0,0.0,0.0610040851512336,1024.672197386539
1668430739.9092226,16801.02,4.240000000001601,-1.98,0.1400000000000001,0.0,1.0,0.0,0.0610040851512336,1024.9308547075789
1668430799.7353957,16821.68,20.65999999999985,23.69,25.67,0.0,1.0,0.0,0.0610040851512336,1026.1911991068032
1668430859.9167497,16820.27,-1.4099999999998545,20.01,-3.68,1.0,0.0,1026.10518334674,0.0,1026.10518334674
1668430920.5484571,16809.0,-11.270000000000437,11.29,-8.720000000000002,1.0,0.0,1026.10518334674,0.0,1026.10518334674
1668430980.0566902,16816.17,7.169999999998254,14.52,3.2300000000000004,0.0,1.0,0.0,0.0610189587371405,1026.10518334674
1668431040.6783135,16806.91,-9.2599999999984,-4.7,-19.22,1.0,0.0,1025.540147788834,0.0,1025.540147788834
1668431100.7838051,16816.62,9.709999999999129,16.96,21.66,0.0,1.0,0.0,0.0609837260869802,1025.540147788834
1668431160.526924,16836.64,20.02000000000044,48.18,31.22,0.0,1.0,0.0,0.0609837260869802,1026.7610419850944
1668431221.6608467,16848.82,12.180000000000293,54.82,6.640000000000001,0.0,1.0,0.0,0.0609837260869802,1027.503823768834
1668431281.652361,16808.98,-39.84000000000015,-0.66,-55.48,1.0,0.0,1025.0742321215284,0.0,1025.0742321215284
1668431341.6653054,16799.99,-8.989999999997963,-8.61,-7.949999999999999,1.0,0.0,1025.0742321215284,0.0,1025.0742321215284
1668431402.367197,16766.83,-33.159999999999854,-56.75,-48.14,1.0,0.0,1025.0742321215284,0.0,1025.0742321215284
1668431463.0717642,16771.8,4.969999999997526,-49.91,6.840000000000003,0.0,1.0,0.0,0.061118915806385,1025.0742321215284
1668431522.232999,16787.14,15.340000000000146,-19.48,30.43,0.0,1.0,0.0,0.061118915806385,1026.0117962899978
1668431583.0659542,16826.26,39.11999999999898,9.83,29.31,0.0,1.0,0.0,0.061118915806385,1028.4027682763435
1668431643.3036127,16914.63,88.37000000000262,101.89,92.06,0.0,1.0,0.0,0.061118915806385,1033.803846866154
1668431703.1761763,17065.13,150.5,227.67,125.78,0.0,1.0,0.0,0.061118915806385,1043.002243695015
1668431764.099446,17026.0,-39.13000000000102,181.87,-45.79999999999998,1.0,0.0,1040.6106605195112,0.0,1040.6106605195112
1668431824.128083,17007.29,-18.709999999999127,151.95,-29.920000000000016,1.0,0.0,1040.6106605195112,0.0,1040.6106605195112
1668431884.1193657,16996.08,-11.209999999999129,191.49,39.54000000000002,0.0,1.0,0.0,0.0612265099081382,1040.6106605195112
1668431945.0142968,17001.52,5.43999999999869,223.79,32.29999999999998,0.0,1.0,0.0,0.0612265099081382,1040.94373273341
1668432004.98098,16999.89,-1.6300000000010186,230.85,7.060000000000002,0.0,1.0,0.0,0.0612265099081382,1040.8439335222597
1668432064.9407687,16999.02,-0.8699999999989814,212.49,-18.359999999999985,1.0,0.0,1040.7906664586394,0.0,1040.7906664586394
1668432125.72786,16996.41,-2.610000000000582,198.39,-14.100000000000025,1.0,0.0,1040.7906664586394,0.0,1040.7906664586394
1668432185.696705,17024.62,28.209999999999127,201.46,3.0700000000000216,0.0,1.0,0.0,0.0611344433214156,1040.7906664586394
1668432245.7706082,17083.34,58.72000000000117,33.01,-168.45000000000002,1.0,0.0,1044.380480970472,0.0,1044.380480970472
1668432306.7409327,17112.15,28.81000000000131,59.48,26.47,0.0,1.0,0.0,0.0610315174288719,1044.380480970472
1668432366.8522522,17074.58,-37.56999999999971,44.57,-14.909999999999997,1.0,0.0,1042.0875268606676,0.0,1042.0875268606676
1668432426.787346,17071.27,-3.3100000000013097,60.69,16.119999999999997,0.0,1.0,0.0,0.0610433510137598,1042.0875268606676
1668432487.6121144,17097.33,26.06000000000131,119.94,59.25,0.0,1.0,0.0,0.0610433510137598,1043.678316588086
1668432547.6050458,17117.18,19.849999999998545,112.15,-7.789999999999992,1.0,0.0,1044.8900271057091,0.0,1044.8900271057091
1668432607.5486336,17155.21,38.02999999999884,146.79,34.639999999999986,0.0,1.0,0.0,0.0609080289373146,1044.8900271057091
1668432668.5761707,17137.51,-17.700000000000728,155.12,8.330000000000013,0.0,1.0,0.0,0.0609080289373146,1043.8119549935182
1668432728.3393486,17120.78,-16.729999999999563,111.32,-43.80000000000001,1.0,0.0,1042.7929636693968,0.0,1042.7929636693968
1668432788.2692478,17098.14,-22.63999999999941,69.85,-41.47,1.0,0.0,1042.7929636693968,0.0,1042.7929636693968
1668432849.5059345,17104.62,6.479999999999563,-9.33,-79.17999999999999,1.0,0.0,1042.7929636693968,0.0,1042.7929636693968
1668432909.5539334,17140.18,35.56000000000131,26.46,35.79,0.0,1.0,0.0,0.0608390905853612,1042.7929636693968
1668432969.604435,17139.09,-1.0900000000001455,54.95,28.49,0.0,1.0,0.0,0.0608390905853612,1042.7266490606582
1668433030.3573482,17113.32,-25.77000000000044,36.65,-18.300000000000004,1.0,0.0,1041.1588256962737,0.0,1041.1588256962737
1668433090.3561194,17077.53,-35.79000000000087,-40.21,-76.86,1.0,0.0,1041.1588256962737,0.0,1041.1588256962737
1668433150.383252,17087.25,9.720000000001164,-83.68,-43.470000000000006,1.0,0.0,1041.1588256962737,0.0,1041.1588256962737
1668433211.021046,17079.57,-7.680000000000291,-68.8,14.88000000000001,0.0,1.0,0.0,0.0609593113700329,1041.1588256962737
1668433271.063106,17096.92,17.349999999998545,-28.34,40.46,0.0,1.0,0.0,0.0609593113700329,1042.2164697485427
1668433331.1212423,17094.57,-2.349999999998545,-31.29,-2.95,1.0,0.0,1042.0732153668234,0.0,1042.0732153668234
1668433391.8505807,17067.2,-27.36999999999898,-46.96,-15.670000000000002,1.0,0.0,1042.0732153668234,0.0,1042.0732153668234
1668433451.841076,17063.25,-3.950000000000728,-63.69,-16.729999999999997,1.0,0.0,1042.0732153668234,0.0,1042.0732153668234
1668433511.8732018,17066.81,3.5600000000013097,-54.85,8.839999999999996,0.0,1.0,0.0,0.0610584646672004,1042.0732153668234
1668433572.9953165,17059.79,-7.020000000000437,-35.29,19.56,0.0,1.0,0.0,0.0610584646672004,1041.6445849448587
1668433632.797969,17071.52,11.729999999999563,-18.04,17.25,0.0,1.0,0.0,0.0610584646672004,1042.360800735405
1668433693.116068,17085.45,13.930000000000293,-4.11,13.93,0.0,1.0,0.0,0.0610584646672004,1043.2113451482192
1668433753.4836512,17050.52,-34.93000000000029,-27.11,-23.0,1.0,0.0,1041.0785729773938,0.0,1041.0785729773938
1668433813.5403605,16831.5,-219.02000000000044,-250.62,-223.51,1.0,0.0,1041.0785729773938,0.0,1041.0785729773938
1668433873.4926734,16715.98,-115.52000000000044,-378.68,-128.06,1.0,0.0,1041.0785729773938,0.0,1041.0785729773938
1668433934.4038353,16523.0,-192.9799999999996,-544.2,-165.52000000000004,1.0,0.0,1041.0785729773938,0.0,1041.0785729773938
1668433994.717054,16664.25,141.25,-399.0,145.20000000000005,0.0,1.0,0.0,0.0624737730757396,1041.0785729773938
1668434054.2900052,16625.81,-38.43999999999869,-441.37,-42.370000000000005,1.0,0.0,1038.6770811403624,0.0,1038.6770811403624
1668434115.3466113,16625.88,0.0699999999997089,-435.71,5.660000000000025,0.0,1.0,0.0,0.062473510042197,1038.6770811403624
1668434175.303176,16636.49,10.610000000000582,-436.52,-0.8100000000000023,1.0,0.0,1039.33992508191,0.0,1039.33992508191
1668434235.4387865,16893.25,256.7599999999984,-194.27,242.25,0.0,1.0,0.0,0.0615239770370952,1039.33992508191
1668434296.1299443,16741.16,-152.09000000000017,-311.92,-117.65,1.0,0.0,1029.9827434143367,0.0,1029.9827434143367
1668434356.0228214,16733.92,-7.240000000001601,-107.81,204.11,0.0,1.0,0.0,0.0615505956413283,1029.9827434143367
1668434416.3026729,16729.9,-4.019999999996799,13.93,121.74,0.0,1.0,0.0,0.0615505956413283,1029.7353100198584
1668434477.3771849,16660.23,-69.67000000000189,134.5,120.57,0.0,1.0,0.0,0.0615505956413283,1025.447080021527
1668434536.763708,16702.09,41.86000000000058,37.84,-96.66,1.0,0.0,1028.023587955073,0.0,1028.023587955073
1668434597.0201738,16705.47,3.380000000001018,79.21,41.36999999999999,0.0,1.0,0.0,0.0615381421746932,1028.023587955073
1668434658.2818675,16722.09,16.61999999999898,96.23,17.02000000000001,0.0,1.0,0.0,0.0615381421746932,1029.0463518780157
1668434718.1594925,16705.94,-16.150000000001455,69.45,-26.78,1.0,0.0,1028.052510881894,0.0,1028.052510881894
1668434778.1109488,16742.99,37.05000000000291,-145.93,-215.38,1.0,0.0,1028.052510881894,0.0,1028.052510881894
1668434839.0823698,16747.2,4.209999999999127,4.35,150.28,0.0,1.0,0.0,0.0613865309354336,1028.052510881894
1668434899.273208,16795.68,48.47999999999956,60.02,55.67,0.0,1.0,0.0,0.0613865309354336,1031.0285299016434
1668434959.094024,16759.66,-36.02000000000044,29.76,-30.26,1.0,0.0,1028.8173870573492,0.0,1028.8173870573492
1668435020.934266,16772.1,12.43999999999869,111.87,82.11,0.0,1.0,0.0,0.0613410000570798,1028.8173870573492
1668435079.8567214,16770.33,-1.7699999999967986,68.24,-43.63000000000001,1.0,0.0,1028.7088134872472,0.0,1028.7088134872472
1668435139.9091375,16746.68,-23.65000000000145,43.08,-25.16,1.0,0.0,1028.7088134872472,0.0,1028.7088134872472
1668435200.7084937,16747.37,0.6899999999986903,23.66,-19.42,1.0,0.0,1028.7088134872472,0.0,1028.7088134872472
1668435260.5310943,16742.49,-4.879999999997381,36.55,12.889999999999995,0.0,1.0,0.0,0.0614430000249214,1028.7088134872472
1668435320.6584551,16718.05,-24.44000000000233,-27.86,-64.41,1.0,0.0,1027.2071465666372,0.0,1027.2071465666372
1668435381.7055478,16729.67,11.61999999999898,-15.67,12.19,0.0,1.0,0.0,0.0614003232918902,1027.2071465666372
1668435441.581582,16690.57,-39.09999999999855,-106.34,-90.67,1.0,0.0,1024.806393925924,0.0,1024.806393925924
1668435502.6193068,16693.25,2.680000000000291,-67.71,38.63000000000001,0.0,1.0,0.0,0.0613904658425366,1024.806393925924
1668435562.4414418,16689.51,-3.7400000000016007,-83.92,-16.210000000000008,1.0,0.0,1024.576793583673,0.0,1024.576793583673
1668435622.4109857,16628.52,-60.98999999999796,-141.81,-57.89,1.0,0.0,1024.576793583673,0.0,1024.576793583673
1668435682.305556,16640.75,12.229999999999563,-105.9,35.91,0.0,1.0,0.0,0.0615703495085061,1024.576793583673
1668435743.1645925,16650.88,10.13000000000102,-96.63,9.27000000000001,0.0,1.0,0.0,0.0615703495085061,1025.200501224194
1668435803.1609392,16616.94,-33.94000000000233,-125.55,-28.92,1.0,0.0,1023.1108035618752,0.0,1023.1108035618752
1668435863.0892298,16639.87,22.93000000000029,-78.47,47.08,0.0,1.0,0.0,0.0614855046080212,1023.1108035618752
1668435924.129884,16635.53,-4.3400000000001455,-96.21,-17.739999999999995,1.0,0.0,1022.8439564718748,0.0,1022.8439564718748
1668435984.6034968,16621.23,-14.299999999999272,-69.34,26.86999999999999,0.0,1.0,0.0,0.0615384033836169,1022.8439564718748
1668436044.09963,16611.46,-9.770000000000437,-81.79,-12.450000000000005,1.0,0.0,1022.2427262708168,0.0,1022.2427262708168
1668436105.0300682,16586.67,-24.79000000000088,-100.68,-18.89,1.0,0.0,1022.2427262708168,0.0,1022.2427262708168
1668436164.9445689,16601.74,15.070000000003349,-28.62,72.06,0.0,1.0,0.0,0.0615744329371991,1022.2427262708168
1668436224.973025,16608.4,6.659999999999855,-32.35,-3.73,1.0,0.0,1022.6528119941776,0.0,1022.6528119941776
1668436285.6491566,16646.91,38.5099999999984,-1.96,30.39,0.0,1.0,0.0,0.0614319902008347,1022.6528119941776
1668436345.6219568,16655.76,8.849999999998545,38.82,40.78,0.0,1.0,0.0,0.0614319902008347,1023.1964851074544
1668436405.7260568,16618.7,-37.05999999999767,-22.62,-61.44,1.0,0.0,1020.9198155506116,0.0,1020.9198155506116
1668436467.1104531,16568.94,-49.76000000000204,-67.83,-45.21,1.0,0.0,1020.9198155506116,0.0,1020.9198155506116
1668436527.063473,16559.02,-9.919999999998254,-62.21,5.619999999999997,0.0,1.0,0.0,0.0616533958863876,1020.9198155506116
1668436587.0900774,16535.57,-23.450000000000728,-78.41,-16.199999999999996,1.0,0.0,1019.4740434170742,0.0,1019.4740434170742
1668436648.2204623,16527.75,-7.819999999999709,-61.24,17.169999999999995,0.0,1.0,0.0,0.0616825667992965,1019.4740434170742
1668436708.0706153,16504.14,-23.610000000000586,-99.58,-38.34,1.0,0.0,1018.0177180149412,0.0,1018.0177180149412
1668436768.2530518,16511.93,7.790000000000873,-96.47,3.1099999999999994,0.0,1.0,0.0,0.0616534661917135,1018.0177180149412
1668436829.000966,16546.24,34.31000000000131,-100.67,-4.200000000000003,1.0,0.0,1020.1330484399778,0.0,1020.1330484399778
1668436888.996089,16530.49,-15.75,-125.27,-24.599999999999994,1.0,0.0,1020.1330484399778,0.0,1020.1330484399778
1668436949.0454006,16553.6,23.109999999996944,-63.77,61.49999999999999,0.0,1.0,0.0,0.0616260540571221,1020.1330484399778
1668437010.2006416,16542.58,-11.0199999999968,-26.36,37.41,0.0,1.0,0.0,0.0616260540571221,1019.4539293242668
1668437070.8373127,16536.01,-6.570000000003347,-24.04,2.3200000000000003,0.0,1.0,0.0,0.0616260540571221,1019.0490461491116
1668437130.0033183,16517.61,-18.399999999997817,-16.02,8.02,0.0,1.0,0.0,0.0616260540571221,1017.9151267544606
1668437190.781634,16523.12,5.509999999998399,-5.97,10.05,0.0,1.0,0.0,0.0616260540571221,1018.2546863123152
1668437250.0227902,16478.87,-44.25,-25.27,-19.3,1.0,0.0,1015.5277334202876,0.0,1015.5277334202876
1668437309.9799278,16520.8,41.93000000000029,7.94,33.21,0.0,1.0,0.0,0.0614696463500731,1015.5277334202876
1668437370.12834,16542.57,21.77000000000044,-4.6,-12.54,1.0,0.0,1016.8659276213288,0.0,1016.8659276213288
1668437429.92128,16567.66,25.090000000000146,38.66,43.26,0.0,1.0,0.0,0.0613765569562224,1016.8659276213288
1668437490.1648526,16570.35,2.6899999999986903,16.75,-21.91,1.0,0.0,1017.0310305595398,0.0,1017.0310305595398
1668437550.0516248,16572.36,2.0100000000020373,29.78,13.03,0.0,1.0,0.0,0.0613691128215619,1017.0310305595398
1668437610.206361,16569.92,-2.4400000000023283,32.64,2.8599999999999994,0.0,1.0,0.0,0.0613691128215619,1016.8812899242548
1668437670.176754,16556.9,-13.0199999999968,39.29,6.649999999999999,0.0,1.0,0.0,0.0613691128215619,1016.0822640753184
1668437730.0117211,16576.0,19.099999999998545,54.43,15.14,0.0,1.0,0.0,0.0613691128215619,1017.25441413021
1668437790.1332312,16580.54,4.540000000000873,101.66,47.23,0.0,1.0,0.0,0.0613691128215619,1017.53302990242
1668437850.0474052,16591.09,10.549999999999272,70.29,-31.36999999999999,1.0,0.0,1018.1804740426874,0.0,1018.1804740426874
1668437910.04512,16609.11,18.02000000000044,65.85,-4.440000000000012,1.0,0.0,1018.1804740426874,0.0,1018.1804740426874
1668437970.1628551,16603.21,-5.900000000001455,37.09,-28.75999999999999,1.0,0.0,1018.1804740426874,0.0,1018.1804740426874
1668438030.1246228,16606.71,3.5,36.12,-0.970000000000006,1.0,0.0,1018.1804740426874,0.0,1018.1804740426874
1668438090.0697691,16657.8,51.09000000000015,83.81,47.690000000000005,0.0,1.0,0.0,0.0611233460626665,1018.1804740426874
1668438150.0653462,16625.23,-32.56999999999971,54.89,-28.92,1.0,0.0,1016.189686661425,0.0,1016.189686661425
1668438210.2005086,16622.43,-2.7999999999992724,62.95,8.060000000000002,0.0,1.0,0.0,0.0611336421125807,1016.189686661425
1668438270.062152,16625.56,3.130000000001018,49.56,-13.39,1.0,0.0,1016.3810349612372,0.0,1016.3810349612372
1668438330.0859506,16617.16,-8.400000000001455,38.2,-11.36,1.0,0.0,1016.3810349612372,0.0,1016.3810349612372
1668438390.17563,16614.59,-2.569999999999709,21.03,-17.17,1.0,0.0,1016.3810349612372,0.0,1016.3810349612372
1668438450.27355,16628.53,13.93999999999869,19.42,-1.6099999999999994,1.0,0.0,1016.3810349612372,0.0,1016.3810349612372
1668438510.0710692,16638.52,9.9900000000016,35.31,15.89,0.0,1.0,0.0,0.0610860241753014,1016.3810349612372
1668438570.018572,16641.68,3.1599999999998545,36.63,1.3200000000000005,0.0,1.0,0.0,0.0610860241753014,1016.5740667976298
1668438630.047332,16631.31,-10.36999999999898,-26.5,-63.13,1.0,0.0,1015.940604726932,0.0,1015.940604726932
1668438690.067314,16634.0,2.6899999999986903,8.77,35.27,0.0,1.0,0.0,0.0610761455288524,1015.940604726932
1668438750.2186084,16618.65,-15.349999999998545,-5.38,-14.15,1.0,0.0,1015.003085893063,0.0,1015.003085893063
1668438810.090068,16619.43,0.7799999999988358,-4.41,0.9699999999999998,0.0,1.0,0.0,0.0610732790410419,1015.003085893063
1668438870.1730578,16636.15,16.720000000001164,17.32,21.73,0.0,1.0,0.0,0.0610732790410419,1016.0242311186292
1668438930.0983348,16662.4,26.25,45.84,28.520000000000003,0.0,1.0,0.0,0.0610732790410419,1017.6274046934568
1668438990.0511255,16663.26,0.8599999999969441,34.73,-11.110000000000008,1.0,0.0,1017.6799277134318,0.0,1017.6799277134318
1668439050.2016394,16665.97,2.710000000002765,27.45,-7.279999999999998,1.0,0.0,1017.6799277134318,0.0,1017.6799277134318
1668439110.1680331,16648.97,-17.0,7.3,-20.15,1.0,0.0,1017.6799277134318,0.0,1017.6799277134318
1668439170.13421,16624.66,-24.31000000000131,-6.65,-13.95,1.0,0.0,1017.6799277134318,0.0,1017.6799277134318
1668439230.1271665,16620.13,-4.529999999998836,-13.87,-7.219999999999999,1.0,0.0,1017.6799277134318,0.0,1017.6799277134318
1668439290.0165102,16578.0,-42.13000000000102,-40.64,-26.770000000000003,1.0,0.0,1017.6799277134318,0.0,1017.6799277134318
1668439350.799488,16592.1,14.099999999998545,-26.18,14.46,0.0,1.0,0.0,0.061335209389615,1017.6799277134318
1668439410.151683,16598.19,6.0900000000001455,-36.96,-10.78,1.0,0.0,1018.0534591386138,0.0,1018.0534591386138
1668439470.371962,16564.31,-33.87999999999738,-98.09,-61.13,1.0,0.0,1018.0534591386138,0.0,1018.0534591386138
1668439530.1833365,16548.97,-15.340000000000146,-114.3,-16.209999999999994,1.0,0.0,1018.0534591386138,0.0,1018.0534591386138
1668439590.180551,16559.49,10.520000000000437,-106.48,7.819999999999993,0.0,1.0,0.0,0.0614785515217324,1018.0534591386138
1668439650.1027102,16511.55,-47.94000000000233,-137.42,-30.939999999999984,1.0,0.0,1015.1061773786604,0.0,1015.1061773786604
1668439710.2431707,16515.44,3.889999999999418,-109.22,28.19999999999999,0.0,1.0,0.0,0.0614640710376871,1015.1061773786604
1668439770.099846,16492.59,-22.849999999998545,-128.63,-19.41,1.0,0.0,1013.7017233554478,0.0,1013.7017233554478
1668439830.9607818,16521.47,28.88000000000102,-51.69,76.94,0.0,1.0,0.0,0.0613566300913567,1013.7017233554478
1668439890.1203406,16492.89,-28.580000000001743,-100.46,-48.77,1.0,0.0,1011.948150867436,0.0,1011.948150867436
1668439950.1047974,16463.69,-29.200000000000728,-134.5,-34.040000000000006,1.0,0.0,1011.948150867436,0.0,1011.948150867436
1668440009.9996047,16509.02,45.33000000000175,-55.29,79.21000000000001,0.0,1.0,0.0,0.0612966821087766,1011.948150867436
1668440070.0758393,16532.49,23.470000000001164,-14.51,40.78,0.0,1.0,0.0,0.0612966821087766,1013.3867839965282
1668440130.3077595,16516.77,-15.720000000001164,-43.85,-29.340000000000003,1.0,0.0,1012.423200153778,0.0,1012.423200153778
1668440190.28201,16495.92,-20.850000000002183,-16.1,27.75,0.0,1.0,0.0,0.0613741579829302,1012.423200153778
1668440250.2330897,16537.15,41.2300000000032,21.71,37.81,0.0,1.0,0.0,0.0613741579829302,1014.9536566874144
1668440311.2236035,16533.2,-3.950000000000728,40.61,18.9,0.0,1.0,0.0,0.0613741579829302,1014.7112287633817
1668440370.1961057,16541.42,8.219999999997526,21.3,-19.31,1.0,0.0,1015.2157243420012,0.0,1015.2157243420012
1668440430.2812707,16550.55,9.13000000000102,57.67,36.370000000000005,0.0,1.0,0.0,0.0613403013399555,1015.2157243420012
1668440490.1074994,16554.35,3.799999999999272,90.66,32.989999999999995,0.0,1.0,0.0,0.0613403013399555,1015.4488174870922
1668440550.2235596,16548.43,-5.919999999998254,39.41,-51.25,1.0,0.0,1015.08568290316,0.0,1015.08568290316
1668440610.4493952,16540.37,-8.06000000000131,7.88,-31.53,1.0,0.0,1015.08568290316,0.0,1015.08568290316
1668440670.14127,16543.9,3.530000000002474,29.07,21.19,0.0,1.0,0.0,0.0613570973532939,1015.08568290316
1668440730.100835,16547.77,3.869999999998981,51.85,22.78,0.0,1.0,0.0,0.0613570973532939,1015.3231348699162
1668440791.1662304,16552.99,5.220000000001164,15.38,-36.47,1.0,0.0,1015.6434189181005,0.0,1015.6434189181005
1668440850.2356725,16556.24,3.25,22.5,7.119999999999999,0.0,1.0,0.0,0.0613450529176975,1015.6434189181005
1668440910.1854746,16534.48,-21.76000000000204,-5.23,-27.73,1.0,0.0,1014.308550566611,0.0,1014.308550566611
1668440970.1945083,16536.21,1.7299999999995634,-14.34,-9.11,1.0,0.0,1014.308550566611,0.0,1014.308550566611
1668441030.5593114,16542.05,5.8400000000001455,-12.3,2.039999999999999,0.0,1.0,0.0,0.0613169800941607,1014.308550566611
1668441090.255075,16538.56,-3.4899999999979627,-11.09,1.2100000000000009,0.0,1.0,0.0,0.0613169800941607,1014.0945543060824
1668441150.1178498,16586.74,48.18000000000029,46.37,57.46,0.0,1.0,0.0,0.0613169800941607,1017.0488064070192
1668441210.1737046,16578.61,-8.130000000001019,34.71,-11.659999999999997,1.0,0.0,1016.5502993588536,0.0,1016.5502993588536
1668441270.340669,16578.79,0.180000000000291,31.02,-3.690000000000001,1.0,0.0,1016.5502993588536,0.0,1016.5502993588536
1668441330.1716108,16584.15,5.360000000000582,31.16,0.1400000000000005,0.0,1.0,0.0,0.061296496917771,1016.5502993588536
1668441390.364671,16594.12,9.969999999997526,40.35,9.19,0.0,1.0,0.0,0.061296496917771,1017.161425433122
1668441450.2002256,16596.02,1.9000000000014552,61.54,21.19,0.0,1.0,0.0,0.061296496917771,1017.2778887772658
1668441510.290834,16594.67,-1.3500000000021828,58.46,-3.0799999999999983,1.0,0.0,1017.1951385064268,0.0,1017.1951385064268
1668441570.1825378,16597.24,2.570000000003347,54.11,-4.350000000000001,1.0,0.0,1017.1951385064268,0.0,1017.1951385064268
1668441630.0667038,16593.77,-3.470000000001164,55.21,1.1000000000000014,0.0,1.0,0.0,0.061299821469529,1017.1951385064268
1668441691.1377923,16580.5,-13.270000000000437,-6.17,-61.38,1.0,0.0,1016.3816898755256,0.0,1016.3816898755256
1668441750.3189783,16567.24,-13.2599999999984,-11.37,-5.199999999999999,1.0,0.0,1016.3816898755256,0.0,1016.3816898755256
1668441810.3851876,16597.78,30.539999999997235,18.99,30.36,0.0,1.0,0.0,0.0612360020361473,1016.3816898755256
1668441870.2569623,16575.4,-22.37999999999738,-10.81,-29.8,1.0,0.0,1015.011228149956,0.0,1015.011228149956
1668441930.3933234,16598.96,23.55999999999767,4.84,15.65,0.0,1.0,0.0,0.0611490857348867,1015.011228149956
1668441990.2479396,16598.67,-0.2900000000008731,2.65,-2.19,1.0,0.0,1014.9934949150916,0.0,1014.9934949150916
1668442050.3383913,16593.09,-5.579999999998108,-2.77,-5.42,1.0,0.0,1014.9934949150916,0.0,1014.9934949150916
1668442110.2690663,16596.67,3.5799999999981083,-0.57,2.2,0.0,1.0,0.0,0.0611564545728204,1014.9934949150916
1668442170.2581365,16594.58,-2.0899999999965075,-1.26,-0.6900000000000001,1.0,0.0,1014.865677925034,0.0,1014.865677925034
1668442230.2747118,16588.09,-6.490000000001601,6.38,7.64,0.0,1.0,0.0,0.0611803817030793,1014.865677925034
1668442290.2753456,16556.24,-31.849999999998545,-9.06,-15.44,1.0,0.0,1012.9170827677898,0.0,1012.9170827677898
1668442350.2407804,16507.74,-48.5,-90.04,-80.98,1.0,0.0,1012.9170827677898,0.0,1012.9170827677898
1668442410.3292365,16488.64,-19.100000000002183,-86.76,3.280000000000001,0.0,1.0,0.0,0.0614312085634588,1012.9170827677898
1668442470.3781097,16477.51,-11.13000000000102,-121.45,-34.69,1.0,0.0,1012.233353416478,0.0,1012.233353416478
1668442530.2274978,16492.81,15.30000000000291,-104.81,16.64,0.0,1.0,0.0,0.0613742202460634,1012.233353416478
1668442590.213493,16470.08,-22.729999999999563,-120.72,-15.909999999999997,1.0,0.0,1010.838317390284,0.0,1010.838317390284
1668442650.317607,16410.45,-59.63000000000102,-185.98,-65.25999999999999,1.0,0.0,1010.838317390284,0.0,1010.838317390284
1668442710.441014,16386.82,-23.63000000000102,-209.06,-23.080000000000013,1.0,0.0,1010.838317390284,0.0,1010.838317390284
1668442770.200528,16386.86,0.0400000000008731,-201.15,7.909999999999997,0.0,1.0,0.0,0.0616859067197915,1010.838317390284
1668442830.6399035,16396.57,9.709999999999129,-158.52,42.63,0.0,1.0,0.0,0.0616859067197915,1011.4372875445316
1668442890.5150037,16419.24,22.67000000000189,-88.5,70.02000000000001,0.0,1.0,0.0,0.0616859067197915,1012.8357070498696
1668442950.24281,16430.31,11.069999999999707,-58.33,30.17,0.0,1.0,0.0,0.0616859067197915,1013.5185700372576
1668443010.3108778,16415.99,-14.319999999999707,-61.39,-3.0600000000000023,1.0,0.0,1012.6352278530302,0.0,1012.6352278530302
1668443070.304923,16441.59,25.599999999998545,-49.86,11.53,0.0,1.0,0.0,0.0615898600958319,1012.6352278530302
1668443130.485656,16438.46,-3.130000000001018,-31.62,18.24,0.0,1.0,0.0,0.0615898600958319,1012.4424515909288
1668443190.3113055,16444.12,5.659999999999855,33.67,65.29,0.0,1.0,0.0,0.0615898600958319,1012.7910501990712
1668443250.2961411,16447.59,3.470000000001164,60.77,27.1,0.0,1.0,0.0,0.0615898600958319,1013.0047670136038
1668443310.5093205,16443.74,-3.849999999998545,55.73,-5.040000000000006,1.0,0.0,1012.7676460522348,0.0,1012.7676460522348
1668443370.2163472,16458.78,15.039999999997235,61.57,5.840000000000003,0.0,1.0,0.0,0.0615335794057782,1012.7676460522348
1668443430.2434533,16468.51,9.729999999999563,46.36,-15.21,1.0,0.0,1013.3663677798522,0.0,1013.3663677798522
1668443490.421773,16461.92,-6.5900000000001455,31.61,-14.75,1.0,0.0,1013.3663677798522,0.0,1013.3663677798522
1668443550.9399362,16452.39,-9.529999999998836,36.4,4.789999999999999,0.0,1.0,0.0,0.0615938698134345,1013.3663677798522
1668443610.2384112,16449.36,-3.029999999998836,7.77,-28.63,1.0,0.0,1013.179738354317,0.0,1013.179738354317
1668443670.3808322,16453.25,3.889999999999418,14.79,7.02,0.0,1.0,0.0,0.0615793073316406,1013.179738354317
1668443730.2849128,16489.56,36.31000000000131,47.26,32.47,0.0,1.0,0.0,0.0615793073316406,1015.4156830035276
1668443790.451545,16505.21,15.649999999997815,57.62,10.36,0.0,1.0,0.0,0.0615793073316406,1016.3793991632676
1668443850.3668604,16491.2,-14.0099999999984,47.46,-10.159999999999997,1.0,0.0,1015.5166730675514,0.0,1015.5166730675514
1668443910.3909483,16462.48,-28.720000000001164,3.7,-43.76,1.0,0.0,1015.5166730675514,0.0,1015.5166730675514
1668443970.3982377,16473.28,10.799999999999272,4.77,1.0699999999999994,0.0,1.0,0.0,0.0616462946703723,1015.5166730675514
1668444030.289374,16471.49,-1.7899999999972351,9.57,4.800000000000001,0.0,1.0,0.0,0.0616462946703723,1015.4063262000908
1668444090.3966494,16471.42,-0.0700000000033469,18.82,9.25,0.0,1.0,0.0,0.0616462946703723,1015.4020109594636
1668444150.324638,16482.39,10.970000000001164,31.46,12.64,0.0,1.0,0.0,0.0616462946703723,1016.0782708119976
1668444210.343959,16486.97,4.580000000001746,33.72,2.259999999999998,0.0,1.0,0.0,0.0616462946703723,1016.360610841588
1668444270.320725,16482.93,-4.040000000000873,-8.21,-41.93,1.0,0.0,1016.1115598111196,0.0,1016.1115598111196
1668444330.318458,16436.4,-46.52999999999884,-68.81,-60.6,1.0,0.0,1016.1115598111196,0.0,1016.1115598111196
1668444390.4444025,16448.48,12.079999999998108,-42.72,26.090000000000003,0.0,1.0,0.0,0.0617754078073548,1016.1115598111196
1668444450.5953822,16492.58,44.10000000000218,30.1,72.82,0.0,1.0,0.0,0.0617754078073548,1018.8358552954236
1668444510.4586916,16483.91,-8.670000000001892,9.16,-20.94,1.0,0.0,1018.3002625097338,0.0,1018.3002625097338
1668444570.3695652,16476.17,-7.740000000001601,3.42,-5.74,1.0,0.0,1018.3002625097338,0.0,1018.3002625097338
1668444630.3823447,16500.59,24.42000000000189,29.17,25.75,0.0,1.0,0.0,0.0617129607189642,1018.3002625097338
1668444690.354813,16495.55,-5.040000000000873,13.16,-16.01,1.0,0.0,1017.9892291877098,0.0,1017.9892291877098
1668444750.348523,16488.55,-7.0,3.79,-9.37,1.0,0.0,1017.9892291877098,0.0,1017.9892291877098
1668444810.436443,16470.77,-17.779999999998836,-12.16,-15.95,1.0,0.0,1017.9892291877098,0.0,1017.9892291877098
1668444870.5198534,16465.74,-5.029999999998836,26.39,38.55,0.0,1.0,0.0,0.0618246874533248,1017.9892291877098
1668444930.4584353,16463.51,-2.2300000000032014,15.03,-11.36,1.0,0.0,1017.8513601346872,0.0,1017.8513601346872
1668444990.4150734,16456.29,-7.219999999997526,-36.29,-51.32,1.0,0.0,1017.8513601346872,0.0,1017.8513601346872
1668445050.5007093,16461.54,5.25,-20.86,15.43,0.0,1.0,0.0,0.0618320861920991,1017.8513601346872
1668445110.4041393,16479.98,18.43999999999869,1.3,22.16,0.0,1.0,0.0,0.0618320861920991,1018.9915438040694
1668445170.474162,16468.53,-11.450000000000728,-32.06,-33.36,1.0,0.0,1018.2835664171696,0.0,1018.2835664171696
1668445230.447443,16470.14,1.610000000000582,-26.98,5.080000000000002,0.0,1.0,0.0,0.0618260419411838,1018.2835664171696
1668445290.514773,16489.84,19.700000000000728,1.58,28.56,0.0,1.0,0.0,0.0618260419411838,1019.5015394434104
1668445350.3766203,16499.6,9.7599999999984,28.83,27.25,0.0,1.0,0.0,0.0618260419411838,1020.104961612756
1668445410.2934775,16510.42,10.819999999999707,44.69,15.86,0.0,1.0,0.0,0.0618260419411838,1020.7739193865598
1668445470.4053762,16470.08,-40.33999999999651,7.99,-36.7,1.0,0.0,1018.2798568546526,0.0,1018.2798568546526
1668445530.431805,16478.42,8.339999999996508,20.79,12.8,0.0,1.0,0.0,0.0617947507621879,1018.2798568546526
1668445590.446039,16471.17,-7.25,9.63,-11.159999999999998,1.0,0.0,1017.8318449116264,0.0,1017.8318449116264
1668445650.440164,16508.34,37.17000000000189,28.36,18.73,0.0,1.0,0.0,0.0616556143689569,1017.8318449116264
1668445710.6419146,16508.66,0.3199999999997089,40.13,11.770000000000003,0.0,1.0,0.0,0.0616556143689569,1017.851574708224
1668445770.6819422,16528.67,20.0099999999984,58.53,18.4,0.0,1.0,0.0,0.0616556143689569,1019.0853035517468
1668445830.4173708,16507.7,-20.96999999999753,17.86,-40.67,1.0,0.0,1017.79238531843,0.0,1017.79238531843
1668445890.3049088,16512.69,4.989999999997963,12.02,-5.84,1.0,0.0,1017.79238531843,0.0,1017.79238531843
1668445950.4568484,16517.95,5.260000000002037,8.59,-3.43,1.0,0.0,1017.79238531843,0.0,1017.79238531843
1668446010.3196132,16516.8,-1.1500000000014552,46.72,38.13,0.0,1.0,0.0,0.0616216449505007,1017.79238531843
1668446070.5595045,16514.06,-2.7399999999979627,35.64,-11.079999999999998,1.0,0.0,1017.6235420112656,0.0,1017.6235420112656
1668446130.560505,16517.04,2.9799999999995634,43.69,8.049999999999997,0.0,1.0,0.0,0.061610527189573,1017.6235420112656
1668446190.5281608,16519.59,2.5499999999992724,13.09,-30.6,1.0,0.0,1017.7806488555984,0.0,1017.7806488555984
1668446250.420747,16519.45,-0.1399999999994179,9.14,-3.9499999999999993,1.0,0.0,1017.7806488555984,0.0,1017.7806488555984
1668446310.483409,16516.32,-3.130000000001018,-12.35,-21.49,1.0,0.0,1017.7806488555984,0.0,1017.7806488555984
1668446370.5450194,16517.55,1.2299999999995634,11.78,24.13,0.0,1.0,0.0,0.061618136397686,1017.7806488555984
1668446430.5286293,16504.31,-13.239999999997965,-10.32,-22.1,1.0,0.0,1016.9648247296932,0.0,1016.9648247296932
1668446490.476056,16495.69,-8.62000000000262,-22.26,-11.94,1.0,0.0,1016.9648247296932,0.0,1016.9648247296932
1668446550.3616614,16498.44,2.75,-17.82,4.440000000000001,0.0,1.0,0.0,0.0616400595892516,1016.9648247296932
1668446610.4800577,16526.8,28.360000000000586,10.39,28.21,0.0,1.0,0.0,0.0616400595892516,1018.7129368196432
1668446670.3756142,16516.53,-10.270000000000437,1.03,-9.36,1.0,0.0,1018.0798934076618,0.0,1018.0798934076618
1668446730.513733,16522.59,6.06000000000131,3.0,1.97,0.0,1.0,0.0,0.0616174518285366,1018.0798934076618
1668446790.6677945,16517.36,-5.229999999999563,-3.68,-6.68,1.0,0.0,1017.7576341345972,0.0,1017.7576341345972
1668446850.6038966,16527.02,9.659999999999854,9.28,12.96,0.0,1.0,0.0,0.0615814365889674,1017.7576341345972
1668446910.387727,16519.1,-7.920000000001892,3.4,-5.879999999999999,1.0,0.0,1017.2699091568112,0.0,1017.2699091568112
1668446970.5603774,16532.21,13.110000000000582,29.93,26.53,0.0,1.0,0.0,0.0615326026681739,1017.2699091568112
1668447030.6205666,16552.13,19.92000000000189,56.44,26.51,0.0,1.0,0.0,0.0615326026681739,1018.4956386019612
1668447090.4754772,16538.88,-13.25,38.21,-18.23,1.0,0.0,1017.680331616608,0.0,1017.680331616608
1668447150.3666418,16558.72,19.840000000000146,33.39,-4.82,1.0,0.0,1017.680331616608,0.0,1017.680331616608
1668447210.4654417,16570.63,11.909999999999854,54.11,20.72,0.0,1.0,0.0,0.061414703702672,1017.680331616608
1668447270.3545911,16584.6,13.969999999997526,60.64,6.530000000000001,0.0,1.0,0.0,0.061414703702672,1018.538295027334
1668447330.6454496,16576.72,-7.879999999997381,57.74,-2.8999999999999986,1.0,0.0,1018.054347162157,0.0,1018.054347162157
1668447390.5294323,16565.0,-11.720000000001164,37.97,-19.770000000000003,1.0,0.0,1018.054347162157,0.0,1018.054347162157
1668447450.4336696,16561.39,-3.610000000000582,40.0,2.030000000000001,0.0,1.0,0.0,0.0614715520353157,1018.054347162157
1668447510.4332917,16565.74,4.350000000002183,32.41,-7.590000000000003,1.0,0.0,1018.3217484135108,0.0,1018.3217484135108
1668447570.6460073,16580.58,14.840000000000146,28.45,-3.959999999999997,1.0,0.0,1018.3217484135108,0.0,1018.3217484135108
1668447630.4085371,16594.66,14.079999999998108,55.78,27.33,0.0,1.0,0.0,0.0613644237612286,1018.3217484135108
1668447690.5033617,16579.07,-15.590000000000146,18.27,-37.510000000000005,1.0,0.0,1017.3650770470724,0.0,1017.3650770470724
1668447750.562692,16576.09,-2.9799999999995634,6.39,-11.88,1.0,0.0,1017.3650770470724,0.0,1017.3650770470724
1668447810.5168607,16581.54,5.450000000000728,-5.92,-12.31,1.0,0.0,1017.3650770470724,0.0,1017.3650770470724
1668447870.4802053,16574.6,-6.940000000002328,-4.35,1.5700000000000005,0.0,1.0,0.0,0.06138097311833,1017.3650770470724
1668447930.7041633,16579.77,5.170000000001892,13.01,17.36,0.0,1.0,0.0,0.06138097311833,1017.682416678094
1668447990.51711,16577.19,-2.5800000000017462,15.8,2.790000000000001,0.0,1.0,0.0,0.06138097311833,1017.5240537674488
1668448050.554756,16589.37,12.180000000000293,23.63,7.829999999999998,0.0,1.0,0.0,0.06138097311833,1018.27167402003
1668448110.5354197,16586.96,-2.4099999999998545,8.38,-15.249999999999998,1.0,0.0,1018.1237458748147,0.0,1018.1237458748147
1668448170.3667407,16575.82,-11.139999999999418,-18.84,-27.22,1.0,0.0,1018.1237458748147,0.0,1018.1237458748147
1668448230.485408,16572.97,-2.849999999998545,-6.1,12.74,0.0,1.0,0.0,0.0614327875978062,1018.1237458748147
1668448290.4090798,16570.49,-2.4799999999995634,-4.43,1.67,0.0,1.0,0.0,0.0614327875978062,1017.971392561572
1668448350.486056,16565.06,-5.430000000000291,-16.48,-12.05,1.0,0.0,1017.6378125249156,0.0,1017.6378125249156
1668448410.544197,16558.12,-6.940000000002328,-16.48,0.0,1.0,0.0,1017.6378125249156,0.0,1017.6378125249156
1668448470.7375488,16575.74,17.62000000000262,-4.03,12.45,0.0,1.0,0.0,0.0613932055235492,1017.6378125249156
1668448530.650953,16579.11,3.3699999999989814,1.92,5.95,0.0,1.0,0.0,0.0613932055235492,1017.8447076275298
1668448590.557964,16567.14,-11.970000000001164,-22.23,-24.15,1.0,0.0,1017.1098309574128,0.0,1017.1098309574128
1668448650.6370084,16571.98,4.8400000000001455,-14.98,7.25,0.0,1.0,0.0,0.0613752750701734,1017.1098309574128
1668448710.469132,16579.37,7.389999999999418,3.55,18.53,0.0,1.0,0.0,0.0613752750701734,1017.5633942401809
1668448771.3565724,16584.58,5.210000000002765,9.31,5.760000000000001,0.0,1.0,0.0,0.0613752750701734,1017.8831594232964
1668448831.4082377,16582.52,-2.0600000000013097,12.03,2.719999999999999,0.0,1.0,0.0,0.0613752750701734,1017.7567263566518
1668448891.329929,16574.86,-7.6599999999998545,9.8,-2.229999999999998,1.0,0.0,1017.2865917496144,0.0,1017.2865917496144
1668448952.178855,16566.46,-8.400000000001455,8.34,-1.4600000000000009,1.0,0.0,1017.2865917496144,0.0,1017.2865917496144
1668449012.3923745,16574.93,8.470000000001164,-2.2,-10.54,1.0,0.0,1017.2865917496144,0.0,1017.2865917496144
1668449072.330368,16580.9,5.970000000001164,1.79,3.99,0.0,1.0,0.0,0.0613529176190444,1017.2865917496144
1668449133.264484,16593.84,12.93999999999869,25.06,23.27,0.0,1.0,0.0,0.0613529176190444,1018.0804985036036
1668449193.4128358,16587.56,-6.279999999998836,13.68,-11.38,1.0,0.0,1017.6952021809562,0.0,1017.6952021809562
1668449253.3385766,16571.4,-16.159999999999854,-6.27,-19.95,1.0,0.0,1017.6952021809562,0.0,1017.6952021809562
1668449314.20006,16573.0,1.5999999999985448,-11.58,-5.3100000000000005,1.0,0.0,1017.6952021809562,0.0,1017.6952021809562
1668449374.2655478,16576.69,3.6899999999986894,-5.83,5.75,0.0,1.0,0.0,0.0613931491860532,1017.6952021809562
1668449434.232573,16569.36,-7.329999999998108,-5.5,0.33,0.0,1.0,0.0,0.0613931491860532,1017.2451903974226
1668449495.127139,16568.74,-0.6199999999989814,4.67,10.17,0.0,1.0,0.0,0.0613931491860532,1017.2071266449271
1668449555.1448848,16551.49,-17.25,-23.44,-28.11,1.0,0.0,1016.1480948214678,0.0,1016.1480948214678
1668449615.088879,16554.96,3.469999999997526,-27.29,-3.849999999999998,1.0,0.0,1016.1480948214678,0.0,1016.1480948214678
1668449676.4852984,16547.1,-7.860000000000582,-45.09,-17.800000000000004,1.0,0.0,1016.1480948214678,0.0,1016.1480948214678
1668449736.4413166,16553.32,6.220000000001164,-34.24,10.85,0.0,1.0,0.0,0.0613863620603883,1016.1480948214678
1668449796.8535645,16563.64,10.319999999999707,-7.76,26.480000000000004,0.0,1.0,0.0,0.0613863620603883,1016.78160207793
1668449857.495518,16566.17,2.529999999998836,-7.98,-0.2200000000000006,1.0,0.0,1016.9369095739428,0.0,1016.9369095739428
1668449917.355976,16574.97,8.80000000000291,-0.09,7.890000000000001,0.0,1.0,0.0,0.0613537707503508,1016.9369095739428
1668449977.383207,16574.65,-0.3199999999997089,5.29,5.38,0.0,1.0,0.0,0.0613537707503508,1016.917276367302
1668450037.9722714,16576.41,1.7599999999983993,7.67,2.38,0.0,1.0,0.0,0.0613537707503508,1017.0252590038224
1668450098.108496,16585.6,9.18999999999869,36.33,28.66,0.0,1.0,0.0,0.0613537707503508,1017.589100157018
1668450158.140269,16576.41,-9.18999999999869,21.45,-14.88,1.0,0.0,1017.0252590038224,0.0,1017.0252590038224
1668450218.9993534,16573.2,-3.209999999999127,26.1,4.650000000000002,0.0,1.0,0.0,0.0613656541285824,1017.0252590038224
1668450278.9156811,16573.18,-0.0200000000004365,19.86,-6.240000000000002,1.0,0.0,1017.0240316907392,0.0,1017.0240316907392
1668450339.179617,16579.25,6.069999999999709,16.37,-3.4899999999999984,1.0,0.0,1017.0240316907392,0.0,1017.0240316907392
1668450400.1134746,16595.96,16.709999999999127,30.15,13.779999999999998,0.0,1.0,0.0,0.0612814222070154,1017.0240316907392
1668450460.008411,16600.62,4.659999999999855,23.89,-6.259999999999998,1.0,0.0,1017.309603118224,0.0,1017.309603118224
1668450519.85326,16596.78,-3.8400000000001455,22.11,-1.7800000000000011,1.0,0.0,1017.309603118224,0.0,1017.309603118224
1668450580.6349864,16641.0,44.22000000000117,63.47,41.36,0.0,1.0,0.0,0.0611327205767816,1017.309603118224
1668450640.7511015,16618.72,-22.27999999999884,34.88,-28.59,1.0,0.0,1015.947566103772,0.0,1015.947566103772
1668450700.6413443,16625.89,7.169999999998254,47.46,12.579999999999998,0.0,1.0,0.0,0.0611063567787211,1015.947566103772
1668450761.449671,16612.54,-13.349999999998545,39.35,-8.11,1.0,0.0,1015.1317962407757,0.0,1015.1317962407757
1668450821.6802113,16621.6,9.059999999997672,48.42,9.07,0.0,1.0,0.0,0.061073049299753,1015.1317962407757
1668450881.6809387,16596.63,-24.96999999999753,17.66,-30.76,1.0,0.0,1013.6068021997596,0.0,1013.6068021997596
1668450942.7944777,16615.54,18.90999999999985,20.99,3.3299999999999983,0.0,1.0,0.0,0.061003542599263,1013.6068021997596
1668451002.5722222,16623.22,7.680000000000291,22.6,1.610000000000003,0.0,1.0,0.0,0.061003542599263,1014.0753094069208
1668451062.564813,16637.04,13.819999999999707,38.6,16.0,0.0,1.0,0.0,0.061003542599263,1014.9183783656424
1668451123.571303,16636.63,-0.4099999999998545,-3.37,-41.97,1.0,0.0,1014.8933669131768,0.0,1014.8933669131768
1668451183.3042088,16626.86,-9.770000000000437,10.22,13.59,0.0,1.0,0.0,0.0610393884902607,1014.8933669131768
1668451243.3877788,16631.71,4.849999999998545,7.71,-2.5100000000000007,1.0,0.0,1015.1894079473536,0.0,1015.1894079473536
1668451304.1820428,16634.02,2.3100000000013097,21.48,13.77,0.0,1.0,0.0,0.0610309118269278,1015.1894079473536
1668451364.2595196,16622.5,-11.520000000000437,9.07,-12.41,1.0,0.0,1014.4863318431072,0.0,1014.4863318431072
1668451424.304333,16624.66,2.1599999999998545,24.65,15.579999999999998,0.0,1.0,0.0,0.0610229822350115,1014.4863318431072
1668451485.3457704,16627.27,2.610000000000582,16.35,-8.299999999999997,1.0,0.0,1014.6456018267396,0.0,1014.6456018267396
1668451545.2274375,16628.48,1.2099999999991269,7.27,-9.080000000000002,1.0,0.0,1014.6456018267396,0.0,1014.6456018267396
1668451605.2580397,16619.13,-9.349999999998545,-2.67,-9.94,1.0,0.0,1014.6456018267396,0.0,1014.6456018267396
1668451666.032162,16623.77,4.639999999999418,-9.85,-7.18,1.0,0.0,1014.6456018267396,0.0,1014.6456018267396
1668451726.2700105,16643.11,19.340000000000146,8.28,18.13,0.0,1.0,0.0,0.0609649039047833,1014.6456018267396
1668451786.163911,16623.94,-19.17000000000189,-13.4,-21.68,1.0,0.0,1013.4769046188832,0.0,1013.4769046188832
1668451846.994787,16617.64,-6.299999999999272,-18.24,-4.839999999999998,1.0,0.0,1013.4769046188832,0.0,1013.4769046188832
1668451906.9796803,16616.63,-1.0099999999983993,-6.82,11.419999999999998,0.0,1.0,0.0,0.0609917236298144,1013.4769046188832
1668451966.9930496,16622.32,5.68999999999869,-2.44,4.380000000000001,0.0,1.0,0.0,0.0609917236298144,1013.8239475263364
1668452027.6062756,16628.38,6.06000000000131,5.95,8.39,0.0,1.0,0.0,0.0609917236298144,1014.1935573715332
1668452087.5798073,16629.46,1.0799999999981085,-3.4,-9.35,1.0,0.0,1014.2594284330534,0.0,1014.2594284330534
1668452148.1142545,16632.42,2.959999999999127,4.32,7.720000000000001,0.0,1.0,0.0,0.0609808691960071,1014.2594284330534
1668452208.6639917,16631.84,-0.5799999999981083,12.83,8.51,0.0,1.0,0.0,0.0609808691960071,1014.2240595289188
1668452268.9226637,16625.64,-6.200000000000728,-1.93,-14.76,1.0,0.0,1013.8459781399034,0.0,1013.8459781399034
1668452328.736675,16621.85,-3.790000000000873,-7.23,-5.300000000000001,1.0,0.0,1013.8459781399034,0.0,1013.8459781399034
1668452389.4476182,16607.64,-14.209999999999129,-15.75,-8.52,1.0,0.0,1013.8459781399034,0.0,1013.8459781399034
1668452449.2433827,16612.81,5.170000000001892,-5.57,10.18,0.0,1.0,0.0,0.0610279644527267,1013.8459781399034
1668452509.437432,16605.99,-6.819999999999709,-19.26,-13.69,1.0,0.0,1013.4297674223352,0.0,1013.4297674223352
1668452570.4931116,16610.68,4.68999999999869,-13.5,5.760000000000002,0.0,1.0,0.0,0.0610107333006436,1013.4297674223352
1668452630.1502366,16615.84,5.159999999999855,-26.23,-12.73,1.0,0.0,1013.744582806166,0.0,1013.744582806166
1668452691.1865091,16615.01,-0.8300000000017462,-18.35,7.879999999999999,0.0,1.0,0.0,0.0610137810814538,1013.744582806166
1668452751.03832,16626.43,11.420000000001892,-9.91,8.440000000000001,0.0,1.0,0.0,0.0610137810814538,1014.4413601861158
1668452810.9991884,16605.89,-20.54000000000088,-23.17,-13.260000000000002,1.0,0.0,1013.1881371227028,0.0,1013.1881371227028
1668452871.1485417,16598.04,-7.849999999998545,-25.38,-2.2099999999999973,1.0,0.0,1013.1881371227028,0.0,1013.1881371227028
1668452931.8528323,16612.76,14.719999999997526,1.93,27.31,0.0,1.0,0.0,0.060988549592163,1013.1881371227028
1668452991.9490178,16609.78,-2.9799999999995634,-3.34,-5.27,1.0,0.0,1013.0063912449172,0.0,1013.0063912449172
1668453052.5073938,16596.16,-13.61999999999898,-15.86,-12.52,1.0,0.0,1013.0063912449172,0.0,1013.0063912449172
1668453112.508041,16587.41,-8.75,-12.38,3.479999999999998,0.0,1.0,0.0,0.0610707995548983,1013.0063912449172
1668453172.6275997,16575.33,-12.079999999998108,-34.31,-21.93,1.0,0.0,1012.2686559862926,0.0,1012.2686559862926
1668453233.2828205,16574.73,-0.6000000000021828,-42.22,-7.909999999999997,1.0,0.0,1012.2686559862926,0.0,1012.2686559862926
1668453293.4832485,16559.7,-15.029999999998836,-59.11,-16.89,1.0,0.0,1012.2686559862926,0.0,1012.2686559862926
1668453353.5293596,16562.72,3.020000000000437,-57.62,1.490000000000002,0.0,1.0,0.0,0.0611172957090557,1012.2686559862926
1668453413.5681496,16552.54,-10.180000000000293,-45.67,11.949999999999996,0.0,1.0,0.0,0.0611172957090557,1011.6464819159728
1668453474.1800482,16530.95,-21.590000000000146,-72.44,-26.77,1.0,0.0,1010.3269595016144,0.0,1010.3269595016144
1668453534.3030205,16538.54,7.5900000000001455,-72.74,-0.2999999999999971,1.0,0.0,1010.3269595016144,0.0,1010.3269595016144
1668453594.564497,16542.85,4.309999999997672,-65.18,7.559999999999988,0.0,1.0,0.0,0.0610733313486862,1010.3269595016144
1668453655.499218,16523.24,-19.609999999996944,-74.34,-9.159999999999997,1.0,0.0,1009.129311473866,0.0,1009.129311473866
1668453716.655335,16519.0,-4.240000000001601,-54.56,19.78,0.0,1.0,0.0,0.0610890072930483,1009.129311473866
1668453775.3707857,16541.18,22.18000000000029,-36.66,17.900000000000006,0.0,1.0,0.0,0.0610890072930483,1010.4842656556248
1668453836.0958426,16541.32,0.1399999999994179,-29.28,7.3799999999999955,0.0,1.0,0.0,0.0610890072930483,1010.4928181166456
1668453896.0689485,16542.27,0.9500000000007276,-29.01,0.2699999999999996,0.0,1.0,0.0,0.0610890072930483,1010.550852673574
1668453956.191048,16563.74,21.470000000001164,18.03,47.040000000000006,0.0,1.0,0.0,0.0610890072930483,1011.862433660156
1668454017.1249387,16547.2,-16.540000000000873,9.64,-8.39,1.0,0.0,1010.852021479529,0.0,1010.852021479529
1668454077.1013105,16534.88,-12.319999999999707,11.07,1.4299999999999995,0.0,1.0,0.0,0.0611345241985142,1010.852021479529
1668454137.1431425,16547.35,12.469999999997526,-5.31,-16.38,1.0,0.0,1011.6143689962838,0.0,1011.6143689962838
1668454197.8318963,16554.49,7.140000000003056,14.95,20.26,0.0,1.0,0.0,0.061108156699257,1011.6143689962838
1668454257.7114756,16557.18,2.6899999999986903,34.75,19.8,0.0,1.0,0.0,0.061108156699257,1011.778749937804
1668454317.7924864,16541.34,-15.840000000000146,23.59,-11.16,1.0,0.0,1010.810796735688,0.0,1010.810796735688
1668454378.7057734,16518.23,-23.110000000000586,-27.24,-50.83,1.0,0.0,1010.810796735688,0.0,1010.810796735688
1668454438.4155917,16532.96,14.729999999999563,-15.45,11.79,0.0,1.0,0.0,0.0611391303635699,1010.810796735688
1668454498.5799944,16501.63,-31.32999999999811,-66.88,-51.42999999999999,1.0,0.0,1008.895307781396,0.0,1008.895307781396
1668454564.9087317,16505.64,4.009999999998399,-44.1,22.78,0.0,1.0,0.0,0.0611242767794157,1008.895307781396
1668454619.6541655,16512.96,7.319999999999709,-25.03,19.07,0.0,1.0,0.0,0.0611242767794157,1009.3427374874202
1668454679.6631532,16513.34,0.3800000000010186,-20.19,4.84,0.0,1.0,0.0,0.0611242767794157,1009.3659647125965
1668454740.5424373,16502.83,-10.5099999999984,-56.77,-36.58,1.0,0.0,1008.7235485636448,0.0,1008.7235485636448
1668454800.5812633,16512.18,9.349999999998545,-43.92,12.85,0.0,1.0,0.0,0.0610896652388506,1008.7235485636448
1668454860.348316,16510.74,-1.4399999999986903,-30.93,12.990000000000002,0.0,1.0,0.0,0.0610896652388506,1008.6355794457004
1668454921.1542273,16504.54,-6.200000000000728,-25.26,5.669999999999998,0.0,1.0,0.0,0.0610896652388506,1008.2568235212192
1668454981.1406112,16510.51,5.969999999997526,-16.55,8.71,0.0,1.0,0.0,0.0610896652388506,1008.6215288226952
1668455041.166272,16499.49,-11.0199999999968,-26.1,-9.55,1.0,0.0,1007.9483207117632,0.0,1007.9483207117632
1668455102.0085628,16470.0,-29.4900000000016,-40.56,-14.46,1.0,0.0,1007.9483207117632,0.0,1007.9483207117632
1668455162.1638627,16406.02,-63.97999999999956,-103.07,-62.50999999999999,1.0,0.0,1007.9483207117632,0.0,1007.9483207117632
1668455222.0436642,16377.97,-28.05000000000109,-140.77,-37.70000000000002,1.0,0.0,1007.9483207117632,0.0,1007.9483207117632
1668455283.021707,16393.34,15.3700000000008,-116.74,24.03000000000001,0.0,1.0,0.0,0.0614852324609727,1007.9483207117632
1668455342.06898,16389.57,-3.770000000000437,-112.8,3.9399999999999977,0.0,1.0,0.0,0.0614852324609727,1007.7165213853845
1668455402.174604,16421.49,31.92000000000189,-86.34,26.46,0.0,1.0,0.0,0.0614852324609727,1009.6791300055388
1668455463.239076,16452.77,31.27999999999884,-60.14,26.200000000000003,0.0,1.0,0.0,0.0614852324609727,1011.6023880769178
1668455522.2585962,16458.76,5.989999999997963,-53.24,6.899999999999999,0.0,1.0,0.0,0.0614852324609727,1011.970684619359
1668455582.093415,16440.63,-18.12999999999738,-60.68,-7.439999999999998,1.0,0.0,1010.8559573548416,0.0,1010.8559573548416
1668455642.2028477,16413.73,-26.90000000000145,-79.26,-18.580000000000005,1.0,0.0,1010.8559573548416,0.0,1010.8559573548416
1668455702.1244736,16364.53,-49.19999999999891,-62.56,16.700000000000003,0.0,1.0,0.0,0.0617711573357036,1010.8559573548416
1668455762.7917607,16246.98,-117.55000000000108,-136.44,-73.88,1.0,0.0,1003.5947578100296,0.0,1003.5947578100296
1668455822.1022608,16217.33,-29.64999999999964,-144.57,-8.129999999999995,1.0,0.0,1003.5947578100296,0.0,1003.5947578100296
1668455882.2665815,16218.96,1.6299999999991996,-150.94,-6.3700000000000045,1.0,0.0,1003.5947578100296,0.0,1003.5947578100296
1668455942.1353962,16242.47,23.51000000000022,-150.33,0.6099999999999852,0.0,1.0,0.0,0.0617883091555674,1003.5947578100296
1668456002.1581705,16243.42,0.9500000000007276,-184.44,-34.109999999999985,1.0,0.0,1003.6534567037266,0.0,1003.6534567037266
1668456062.0407443,16273.88,30.459999999999127,-182.84,1.5999999999999943,0.0,1.0,0.0,0.0616726592984418,1003.6534567037266
1668456122.1044812,16302.49,28.610000000000586,-147.48,35.360000000000014,0.0,1.0,0.0,0.0616726592984418,1005.4179114862544
1668456182.3064926,16298.2,-4.289999999999054,-138.97,8.509999999999991,0.0,1.0,0.0,0.0616726592984418,1005.1533357778642
1668456242.3397305,16327.9,29.69999999999891,-6.9,132.07,0.0,1.0,0.0,0.0616726592984418,1006.9850137590278
1668456302.091428,16303.82,-24.079999999999927,-62.7,-55.8,1.0,0.0,1005.4999361231212,0.0,1005.4999361231212
1668456362.051599,16273.3,-30.52000000000044,23.95,86.65,0.0,1.0,0.0,0.0617883241950385,1005.4999361231212
1668456422.1827922,16214.84,-58.45999999999913,-18.16,-42.11,1.0,0.0,1001.887790690678,0.0,1001.887790690678
1668456482.3353355,16228.85,14.010000000000218,9.49,27.65,0.0,1.0,0.0,0.0617349837290182,1001.887790690678
1668456542.378858,16248.53,19.68000000000029,20.7,11.21,0.0,1.0,0.0,0.0617349837290182,1003.102735170464
1668456602.1482246,16203.65,-44.88000000000102,-54.56,-75.26,1.0,0.0,1000.3320691007058,0.0,1000.3320691007058
1668456662.1612267,16267.73,64.07999999999993,-16.15,38.41,0.0,1.0,0.0,0.0614918042714444,1000.3320691007058
1668456722.178445,16223.84,-43.88999999999942,-54.34,-38.190000000000005,1.0,0.0,997.6331938112304,0.0,997.6331938112304
1668456782.1197965,16212.55,-11.290000000000871,-83.71,-29.36999999999999,1.0,0.0,997.6331938112304,0.0,997.6331938112304
1668456842.10508,16219.73,7.180000000000291,-110.19,-26.480000000000004,1.0,0.0,997.6331938112304,0.0,997.6331938112304
1668456902.1570406,16236.15,16.420000000000073,-72.93,37.25999999999999,0.0,1.0,0.0,0.061445182128228,997.6331938112304
1668456962.5316746,16265.81,29.65999999999985,-9.61,63.32000000000001,0.0,1.0,0.0,0.061445182128228,999.4556579131522
1668457022.2654383,16263.54,-2.2699999999986176,47.53,57.14,0.0,1.0,0.0,0.061445182128228,999.3161773497212
1668457082.2817514,16294.79,31.25,67.58,20.05,0.0,1.0,0.0,0.061445182128228,1001.2363392912284
1668457142.7049518,16289.5,-5.290000000000873,39.47,-28.11,1.0,0.0,1000.91129427777,0.0,1000.91129427777
1668457202.2159576,16300.56,11.05999999999949,76.47,37.0,0.0,1.0,0.0,0.0614034913081372,1000.91129427777
1668457262.1318288,16296.85,-3.709999999999127,40.31,-36.16,1.0,0.0,1000.6834873250158,0.0,1000.6834873250158
1668457322.2156038,16291.24,-5.610000000000582,80.31,40.0,0.0,1.0,0.0,0.0614246360206476,1000.6834873250158
1668457382.4767933,16290.37,-0.8699999999989814,75.68,-4.629999999999996,1.0,0.0,1000.6300478916772,0.0,1000.6300478916772
1668457442.3467014,16304.78,14.409999999999854,94.56,18.879999999999995,0.0,1.0,0.0,0.0613703495472908,1000.6300478916772
1668457504.9679198,16310.17,5.389999999999418,58.56,-36.0,1.0,0.0,1000.960834075736,0.0,1000.960834075736
1668457562.2878904,16304.39,-5.780000000000655,51.98,-6.580000000000005,1.0,0.0,1000.960834075736,0.0,1000.960834075736
1668457622.461132,16303.49,-0.8999999999996362,35.24,-16.739999999999995,1.0,0.0,1000.960834075736,0.0,1000.960834075736
1668457682.0938406,16302.1,-1.389999999999418,23.42,-11.82,1.0,0.0,1000.960834075736,0.0,1000.960834075736
1668457742.287844,16294.29,-7.809999999999491,4.26,-19.160000000000004,1.0,0.0,1000.960834075736,0.0,1000.960834075736
1668457802.2328274,16315.25,20.959999999999127,9.99,5.73,0.0,1.0,0.0,0.0613512409601897,1000.960834075736
1668457862.463137,16325.37,10.1200000000008,21.42,11.43,0.0,1.0,0.0,0.0613512409601897,1001.5817086342522
1668457922.222157,16318.53,-6.8400000000001455,34.91,13.489999999999997,0.0,1.0,0.0,0.0613512409601897,1001.1620661460844
1668457982.4990983,16314.72,-3.8100000000013097,25.13,-9.779999999999998,1.0,0.0,1000.928317918026,0.0,1000.928317918026
1668458042.4942272,16288.62,-26.099999999998545,-11.37,-36.5,1.0,0.0,1000.928317918026,0.0,1000.928317918026
1668458102.145269,16308.82,20.19999999999891,4.28,15.65,0.0,1.0,0.0,0.0613734358413438,1000.928317918026
1668458162.4769282,16304.8,-4.020000000000437,-0.09,-4.37,1.0,0.0,1000.6815967059424,0.0,1000.6815967059424
1668458222.3960986,16302.67,-2.1299999999992,-6.57,-6.48,1.0,0.0,1000.6815967059424,0.0,1000.6815967059424
1668458282.4918697,16317.31,14.639999999999418,6.76,13.33,0.0,1.0,0.0,0.0613263826394143,1000.6815967059424
1668458342.1791232,16325.84,8.530000000000655,38.15,31.39,0.0,1.0,0.0,0.0613263826394143,1001.2047107498556
1668458402.4682045,16330.97,5.1299999999992,13.26,-24.89,1.0,0.0,1001.5193150927956,0.0,1001.5193150927956
1668458462.2497213,16310.76,-20.209999999999127,0.89,-12.37,1.0,0.0,1001.5193150927956,0.0,1001.5193150927956
1668458523.320094,16305.12,-5.639999999999418,-5.86,-6.75,1.0,0.0,1001.5193150927956,0.0,1001.5193150927956
1668458582.3233702,16303.62,-1.5,-8.99,-3.13,1.0,0.0,1001.5193150927956,0.0,1001.5193150927956
1668458642.605733,16305.92,2.2999999999992724,14.93,23.92,0.0,1.0,0.0,0.0614205954090781,1001.5193150927956
1668458702.530655,16306.69,0.7700000000004366,1.91,-13.02,1.0,0.0,1001.5666089512598,0.0,1001.5666089512598
1668458777.0378325,16299.42,-7.270000000000437,-13.47,-15.38,1.0,0.0,1001.5666089512598,0.0,1001.5666089512598
1668458822.448802,16294.56,-4.860000000000582,-18.33,-4.859999999999998,1.0,0.0,1001.5666089512598,0.0,1001.5666089512598
1668458882.53006,16288.05,-6.510000000000218,-33.24,-14.910000000000004,1.0,0.0,1001.5666089512598,0.0,1001.5666089512598
1668458942.4753938,16258.65,-29.39999999999964,-66.76,-33.52,1.0,0.0,1001.5666089512598,0.0,1001.5666089512598
1668459002.3177178,16271.85,13.200000000000728,-55.52,11.240000000000002,0.0,1.0,0.0,0.0615521043367078,1001.5666089512598
1668459062.776757,16288.34,16.48999999999978,-11.24,44.28,0.0,1.0,0.0,0.0615521043367078,1002.5816031517712
1668459122.275309,16254.39,-33.95000000000073,-50.88,-39.64,1.0,0.0,1000.4919092095398,0.0,1000.4919092095398
1668459182.5285764,16284.14,29.75,-22.94,27.94,0.0,1.0,0.0,0.0614396528898388,1000.4919092095398
1668459242.467903,16255.95,-28.18999999999869,-51.64,-28.7,1.0,0.0,998.759925394575,0.0,998.759925394575
1668459483.1126208,16248.52,-7.430000000000291,-11.39,40.25,0.0,1.0,0.0,0.0614677475483659,998.759925394575
1668459543.146635,16258.63,10.109999999998765,-0.04,11.35,0.0,1.0,0.0,0.0614677475483659,999.3813643222882
1668459604.3522367,16285.84,27.210000000000942,5.14,5.18,0.0,1.0,0.0,0.0614677475483659,1001.0539017330792
1668459663.885204,16277.41,-8.430000000000291,14.44,9.3,0.0,1.0,0.0,0.0614677475483659,1000.5357286212466
1668459755.803264,16302.64,25.229999999999563,38.36,23.92,0.0,1.0,0.0,0.0614677475483659,1002.0865598918916
1668459784.7286594,16305.56,2.9200000000000728,41.28,2.9200000000000017,0.0,1.0,0.0,0.0614677475483659,1002.266045714733
1668459844.85635,16315.84,10.280000000000657,60.58,19.3,0.0,1.0,0.0,0.0614677475483659,1002.8979341595302
1668459906.8380864,16307.78,-8.05999999999949,54.39,-6.189999999999998,1.0,0.0,1002.4025041142904,0.0,1002.4025041142904
1668459965.5570111,16311.21,3.429999999998472,48.17,-6.219999999999999,1.0,0.0,1002.4025041142904,0.0,1002.4025041142904
1668460025.548799,16308.62,-2.5899999999983265,51.87,3.699999999999996,0.0,1.0,0.0,0.0614645815595856,1002.4025041142904
1668460085.6158452,16294.68,-13.94000000000051,32.99,-18.879999999999995,1.0,0.0,1001.5456878473484,0.0,1001.5456878473484
1668460146.4848285,16304.48,9.799999999999272,30.92,-2.0700000000000003,1.0,0.0,1001.5456878473484,0.0,1001.5456878473484
1668460206.5142274,16307.55,3.069999999999709,32.72,1.7999999999999972,0.0,1.0,0.0,0.0614160734044874,1001.5456878473484
1668460266.3010335,16303.39,-4.159999999999855,12.71,-20.01,1.0,0.0,1001.2901969819858,0.0,1001.2901969819858
1668460327.1444662,16286.04,-17.349999999998545,-15.04,-27.75,1.0,0.0,1001.2901969819858,0.0,1001.2901969819858
1668460387.0567894,16306.77,20.729999999999563,-13.23,1.8099999999999987,0.0,1.0,0.0,0.0614033433342093,1001.2901969819858
1668460446.9374945,16305.31,-1.460000000000946,-0.88,12.35,0.0,1.0,0.0,0.0614033433342093,1001.2005481007162
1668460508.2015758,16315.57,10.260000000000218,17.11,17.99,0.0,1.0,0.0,0.0614033433342093,1001.8305464033252
1668460568.0235765,16324.4,8.829999999999927,11.46,-5.649999999999999,1.0,0.0,1002.3727379249664,0.0,1002.3727379249664
1668460628.116977,16326.81,2.4099999999998545,22.11,10.65,0.0,1.0,0.0,0.0613942795882947,1002.3727379249664
1668460688.871508,16372.08,45.27000000000044,82.15,60.040000000000006,0.0,1.0,0.0,0.0613942795882947,1005.152056961928
1668460748.8494935,16351.06,-21.02000000000044,47.8,-34.35000000000001,1.0,0.0,1003.861549204982,0.0,1003.861549204982
1668460809.1854718,16346.16,-4.899999999999636,43.36,-4.439999999999998,1.0,0.0,1003.861549204982,0.0,1003.861549204982
1668460869.8137565,16349.85,3.690000000000509,57.16,13.799999999999995,0.0,1.0,0.0,0.0613988231821687,1003.861549204982
1668460929.6562672,16348.91,-0.9400000000005092,46.83,-10.329999999999998,1.0,0.0,1003.8038343111896,0.0,1003.8038343111896
1668460989.6428332,16344.01,-4.899999999999636,41.68,-5.149999999999999,1.0,0.0,1003.8038343111896,0.0,1003.8038343111896
1668461051.231769,16352.79,8.780000000000655,33.53,-8.149999999999999,1.0,0.0,1003.8038343111896,0.0,1003.8038343111896
1668461111.203387,16344.32,-8.470000000001164,29.21,-4.32,1.0,0.0,1003.8038343111896,0.0,1003.8038343111896
1668461171.1770368,16348.86,4.540000000000873,22.17,-7.039999999999999,1.0,0.0,1003.8038343111896,0.0,1003.8038343111896
1668461231.891763,16351.23,2.3699999999989814,-7.71,-29.880000000000003,1.0,0.0,1003.8038343111896,0.0,1003.8038343111896
1668461291.842123,16344.79,-6.43999999999869,-14.15,-6.44,1.0,0.0,1003.8038343111896,0.0,1003.8038343111896
1668461351.823933,16356.06,11.269999999998618,-6.59,7.56,0.0,1.0,0.0,0.0613719828804241,1003.8038343111896
1668461412.7757351,16349.62,-6.43999999999869,-2.42,4.17,0.0,1.0,0.0,0.0613719828804241,1003.4085987414396
1668461472.921116,16372.9,23.27999999999884,28.34,30.76,0.0,1.0,0.0,0.0613719828804241,1004.8373385028956
1668461532.7879834,16375.62,2.720000000001164,27.88,-0.4600000000000008,1.0,0.0,1005.0042702963306,0.0,1005.0042702963306
1668461593.5009134,16376.51,0.8899999999994179,28.5,0.620000000000001,0.0,1.0,0.0,0.0613686475504445,1005.0042702963306
1668461656.0344858,16363.02,-13.489999999999782,9.37,-19.130000000000003,1.0,0.0,1004.1764072408744,0.0,1004.1764072408744
1668461713.6112103,16364.64,1.6199999999989814,1.62,-7.749999999999999,1.0,0.0,1004.1764072408744,0.0,1004.1764072408744
1668461774.620695,16373.79,9.150000000001455,22.56,20.94,0.0,1.0,0.0,0.061328281799197,1004.1764072408744
1668461834.6145208,16373.87,0.0799999999999272,18.45,-4.109999999999999,1.0,0.0,1004.1813135034178,0.0,1004.1813135034178
1668461894.4930396,16378.12,4.25,23.09,4.640000000000001,0.0,1.0,0.0,0.0613123675674264,1004.1813135034178
1668461955.1403182,16367.02,-11.100000000000364,15.85,-7.24,1.0,0.0,1003.5007462234192,0.0,1003.5007462234192
1668462014.5267334,16372.57,5.549999999999272,-2.91,-18.76,1.0,0.0,1003.5007462234192,0.0,1003.5007462234192
1668462074.8023326,16371.34,-1.2299999999995634,-4.28,-1.37,1.0,0.0,1003.5007462234192,0.0,1003.5007462234192
1668462135.5919044,16377.18,5.8400000000001455,1.09,5.37,0.0,1.0,0.0,0.0612743308813494,1003.5007462234192
1668462194.9895213,16378.63,1.4499999999989086,15.61,14.52,0.0,1.0,0.0,0.0612743308813494,1003.5895940031955
1668462254.571307,16383.35,4.720000000001164,18.71,3.1000000000000014,0.0,1.0,0.0,0.0612743308813494,1003.8788088449556
1668462314.540142,16385.07,1.7199999999993452,11.28,-7.4300000000000015,1.0,0.0,1003.9842006940715,0.0,1003.9842006940715
1668462374.626766,16378.6,-6.469999999999345,4.73,-6.549999999999999,1.0,0.0,1003.9842006940715,0.0,1003.9842006940715
1668462434.614259,16366.27,-12.329999999999927,-11.85,-16.58,1.0,0.0,1003.9842006940715,0.0,1003.9842006940715
1668462494.6664245,16362.28,-3.9899999999997817,-4.74,7.109999999999999,0.0,1.0,0.0,0.0613596760777881,1003.9842006940715
1668462554.4575214,16367.63,5.349999999998545,-4.94,-0.2000000000000001,1.0,0.0,1004.3124749610868,0.0,1004.3124749610868
1668462614.6525867,16366.18,-1.4499999999989086,-3.93,1.0100000000000002,0.0,1.0,0.0,0.0613651123818195,1004.3124749610868
1668462674.775291,16364.37,-1.809999999999491,-12.81,-8.88,1.0,0.0,1004.2014041076756,0.0,1004.2014041076756
1668462734.96538,16375.63,11.2599999999984,-3.0,9.81,0.0,1.0,0.0,0.061322917292811,1004.2014041076756
1668462794.677216,16380.39,4.760000000000218,-2.96,0.04,0.0,1.0,0.0,0.061322917292811,1004.4933011939884
1668462854.4838529,16385.91,5.520000000000437,0.18,3.14,0.0,1.0,0.0,0.061322917292811,1004.8318036974448
1668462914.5188234,16401.39,15.479999999999563,15.66,15.48,0.0,1.0,0.0,0.061322917292811,1005.7810824571374
1668462974.487788,16390.92,-10.470000000001164,24.65,8.989999999999998,0.0,1.0,0.0,0.061322917292811,1005.1390315130816
1668463034.5977864,16402.6,11.680000000000293,38.8,14.15,0.0,1.0,0.0,0.061322917292811,1005.8552831870616
1668463094.6046498,16403.87,1.2700000000004366,36.24,-2.559999999999995,1.0,0.0,1005.9331632920236,0.0,1005.9331632920236
1668463154.6815832,16416.58,12.710000000002765,52.57,16.33,0.0,1.0,0.0,0.0612754400302635,1005.9331632920236
1668463214.7641203,16407.87,-8.710000000002765,43.5,-9.07,1.0,0.0,1005.3994542093596,0.0,1005.3994542093596
1668463274.6331432,16393.25,-14.61999999999898,16.74,-26.76,1.0,0.0,1005.3994542093596,0.0,1005.3994542093596
1668463336.1966689,16408.7,15.450000000000728,28.31,11.57,0.0,1.0,0.0,0.0612723405394308,1005.3994542093596
1668463394.595533,16434.35,25.649999999997817,53.96,25.65,0.0,1.0,0.0,0.0612723405394308,1006.9710897441944
1668463454.4621558,16427.93,-6.419999999998254,27.38,-26.58,1.0,0.0,1006.5777213179316,0.0,1006.5777213179316
1668463514.7137282,16437.59,9.659999999999854,44.74,17.360000000000003,0.0,1.0,0.0,0.0612363321702227,1006.5777213179316
1668463574.7055004,16431.44,-6.150000000001455,30.58,-14.160000000000004,1.0,0.0,1006.201117875084,0.0,1006.201117875084
1668463635.111016,16425.99,-5.44999999999709,25.13,-5.449999999999999,1.0,0.0,1006.201117875084,0.0,1006.201117875084
1668463695.087665,16429.05,3.059999999997672,13.48,-11.65,1.0,0.0,1006.201117875084,0.0,1006.201117875084
1668463754.6212783,16441.57,12.520000000000437,35.14,21.66,0.0,1.0,0.0,0.06119860316716,1006.201117875084
1668463814.7271352,16415.35,-26.220000000001164,22.1,-13.04,1.0,0.0,1004.5964905000396,0.0,1004.5964905000396
1668463874.464659,16424.61,9.260000000002035,31.36,9.259999999999998,0.0,1.0,0.0,0.06116410012171,1004.5964905000396
1668463934.5505743,16411.73,-12.88000000000102,3.03,-28.33,1.0,0.0,1003.8086968904717,0.0,1003.8086968904717
1668463994.7303095,16415.41,3.680000000000291,-12.52,-15.55,1.0,0.0,1003.8086968904717,0.0,1003.8086968904717
1668464054.4425862,16414.57,-0.8400000000001455,-21.42,-8.900000000000002,1.0,0.0,1003.8086968904717,0.0,1003.8086968904717
1668464115.3707125,16415.83,1.2600000000020373,-16.18,5.240000000000002,0.0,1.0,0.0,0.0611488238420153,1003.8086968904717
1668464174.6070118,16425.19,9.359999999996944,-6.82,9.36,0.0,1.0,0.0,0.0611488238420153,1004.3810498816312
1668464234.7487917,16414.99,-10.19999999999709,-12.49,-5.67,1.0,0.0,1003.7573318784428,0.0,1003.7573318784428
1668464294.647704,16412.48,-2.5100000000020373,-27.37,-14.88,1.0,0.0,1003.7573318784428,0.0,1003.7573318784428
1668464354.7061007,16421.59,9.110000000000582,5.45,32.82,0.0,1.0,0.0,0.0611242475228307,1003.7573318784428
1668464414.608505,16416.27,-5.319999999999709,0.12,-5.33,1.0,0.0,1003.43215088162,0.0,1003.43215088162
1668464474.943576,16420.2,3.930000000000291,15.54,15.42,0.0,1.0,0.0,0.0611096180851402,1003.43215088162
1668464534.7282474,16423.54,3.340000000000145,8.13,-7.409999999999998,1.0,0.0,1003.6362570060236,0.0,1003.6362570060236
1668464595.1139762,16427.81,4.270000000000437,12.04,3.9099999999999984,0.0,1.0,0.0,0.0610937341621325,1003.6362570060236
1668464654.6899447,16414.35,-13.460000000002765,-3.01,-15.05,1.0,0.0,1002.8139353441996,0.0,1002.8139353441996
1668464714.8668034,16416.62,2.270000000000437,-0.74,2.27,0.0,1.0,0.0,0.0610852864562985,1002.8139353441996
1668464774.6883943,16421.83,5.210000000002765,6.84,7.58,0.0,1.0,0.0,0.0610852864562985,1003.1321896866364
1668464834.5863214,16395.22,-26.610000000000586,-18.72,-25.56,1.0,0.0,1001.5067102140345,0.0,1001.5067102140345
1668464894.6665194,16408.95,13.729999999999563,-4.99,13.73,0.0,1.0,0.0,0.0610341740461171,1001.5067102140345
1668464954.8142607,16402.82,-6.130000000001019,-13.45,-8.459999999999999,1.0,0.0,1001.1325707271304,0.0,1001.1325707271304
1668465014.5845244,16405.46,2.639999999999418,-14.74,-1.290000000000001,1.0,0.0,1001.1325707271304,0.0,1001.1325707271304
1668465075.048859,16405.13,-0.3299999999981082,-15.07,-0.33,1.0,0.0,1001.1325707271304,0.0,1001.1325707271304
1668465135.236268,16407.17,2.039999999997235,-21.6,-6.530000000000001,1.0,0.0,1001.1325707271304,0.0,1001.1325707271304
1668465194.7420511,16381.41,-25.7599999999984,-33.77,-12.170000000000002,1.0,0.0,1001.1325707271304,0.0,1001.1325707271304
1668465254.7597115,16376.66,-4.75,-42.06,-8.29,1.0,0.0,1001.1325707271304,0.0,1001.1325707271304
1668465314.6785388,16388.59,11.930000000000293,-33.24,8.82,0.0,1.0,0.0,0.0610871692273179,1001.1325707271304
1668465375.0832028,16372.68,-15.909999999999854,-49.15,-15.909999999999997,1.0,0.0,1000.1606738647232,0.0,1000.1606738647232
1668465435.044496,16361.74,-10.94000000000051,-39.13,10.019999999999996,0.0,1.0,0.0,0.061128014127148,1000.1606738647232
1668465494.71304,16376.18,14.44000000000051,-26.64,12.490000000000002,0.0,1.0,0.0,0.061128014127148,1001.0433623887186
1668465555.0073714,16374.96,-1.2200000000011642,-29.62,-2.9800000000000004,1.0,0.0,1000.9687862114832,0.0,1000.9687862114832
1668465614.79732,16387.32,12.360000000000582,-23.84,5.780000000000001,0.0,1.0,0.0,0.0610819088302103,1000.9687862114832
1668465674.8211331,16379.13,-8.19000000000051,-32.03,-8.190000000000001,1.0,0.0,1000.4685253781624,0.0,1000.4685253781624
1668465734.764918,16369.95,-9.179999999998472,-10.06,21.97,0.0,1.0,0.0,0.0611161625648314,1000.4685253781624
1668465794.7887268,16377.63,7.679999999998472,-1.26,8.8,0.0,1.0,0.0,0.0611161625648314,1000.9378975066596
1668465854.7647195,16374.76,-2.8699999999989814,-13.83,-12.57,1.0,0.0,1000.7624941200986,0.0,1000.7624941200986
1668465914.7683456,16366.12,-8.639999999999418,-5.25,8.58,0.0,1.0,0.0,0.0611484270016411,1000.7624941200986
1668465974.7734373,16376.11,9.989999999999782,14.37,19.62,0.0,1.0,0.0,0.0611484270016411,1001.3733669058448
1668466035.8259733,16389.47,13.360000000000582,13.29,-1.08,1.0,0.0,1002.1903098905868,0.0,1002.1903098905868
1668466094.712667,16403.2,13.729999999999563,28.24,14.95,0.0,1.0,0.0,0.0610972438238018,1002.1903098905868
1668466154.6745875,16418.55,15.349999999998545,29.57,1.3300000000000018,0.0,1.0,0.0,0.0610972438238018,1003.128152583281
1668466214.7425108,16435.29,16.7400000000016,57.18,27.61,0.0,1.0,0.0,0.0610972438238018,1004.1509204448917
1668466274.7099042,16437.27,1.979999999999564,59.16,1.9799999999999969,0.0,1.0,0.0,0.0610972438238018,1004.2718929876628
1668466335.3556736,16426.38,-10.889999999999418,50.09,-9.069999999999991,1.0,0.0,1003.6065440024216,0.0,1003.6065440024216
1668466395.1052525,16412.28,-14.100000000002185,35.85,-14.240000000000002,1.0,0.0,1003.6065440024216,0.0,1003.6065440024216
1668466454.993472,16433.53,21.25,68.81,32.96,0.0,1.0,0.0,0.0610706612640389,1003.6065440024216
1668466514.872506,16420.31,-13.219999999997526,55.59,-13.22,1.0,0.0,1002.7991898605106,0.0,1002.7991898605106
1668466574.848859,16426.43,6.119999999998981,36.96,-18.630000000000003,1.0,0.0,1002.7991898605106,0.0,1002.7991898605106
1668466634.8638668,16417.95,-8.479999999999563,13.8,-23.16,1.0,0.0,1002.7991898605106,0.0,1002.7991898605106
1668466694.7832503,16418.11,0.1599999999998544,-2.1,-15.9,1.0,0.0,1002.7991898605106,0.0,1002.7991898605106
1668466754.898768,16425.97,7.860000000000582,-7.78,-5.68,1.0,0.0,1002.7991898605106,0.0,1002.7991898605106
1668466814.9449394,16412.36,-13.610000000000582,-18.8,-11.02,1.0,0.0,1002.7991898605106,0.0,1002.7991898605106
1668466874.7285984,16415.09,2.7299999999995634,-16.07,2.7300000000000004,0.0,1.0,0.0,0.061090081739455,1002.7991898605106
1668466935.0954926,16491.2,76.11000000000058,77.56,93.63,0.0,1.0,0.0,0.061090081739455,1007.4487559817004
1668466994.7733824,16470.56,-20.63999999999941,35.4,-42.16,1.0,0.0,1006.187856694598,0.0,1006.187856694598
1668467054.6328728,16464.18,-6.380000000001019,36.32,0.9200000000000016,0.0,1.0,0.0,0.0611137546294196,1006.187856694598
1668467114.777419,16463.71,-0.4700000000011641,35.85,-0.4699999999999988,1.0,0.0,1006.1591332299216,0.0,1006.1591332299216
1668467174.680695,16470.57,6.860000000000582,51.18,15.329999999999998,0.0,1.0,0.0,0.0610883007224353,1006.1591332299216
1668467234.842533,16556.15,85.58000000000175,138.04,86.85999999999999,0.0,1.0,0.0,0.0610883007224353,1011.3870700057472
1668467294.886549,16559.88,3.729999999999563,133.91,-4.129999999999996,1.0,0.0,1011.6149293674418,0.0,1011.6149293674418
1668467354.7293751,16578.54,18.65999999999985,167.98,34.06999999999999,0.0,1.0,0.0,0.0610195426960059,1011.6149293674418
1668467415.0079088,16583.09,4.549999999999272,164.65,-3.329999999999984,1.0,0.0,1011.8925682867084,0.0,1011.8925682867084
1668467474.8362198,16560.91,-22.18000000000029,69.71,-94.94,1.0,0.0,1011.8925682867084,0.0,1011.8925682867084
1668467534.9788284,16564.03,3.1199999999989814,93.47,23.760000000000005,0.0,1.0,0.0,0.061089757039,1011.8925682867084
1668467594.716217,16555.02,-9.0099999999984,89.28,-4.189999999999998,1.0,0.0,1011.3421495757858,0.0,1011.3421495757858
1668467654.9039953,16550.41,-4.610000000000582,90.38,1.0999999999999943,0.0,1.0,0.0,0.0611067731600477,1011.3421495757858
1668467714.7919486,16560.18,9.770000000000437,88.52,-1.86,1.0,0.0,1011.9391627495588,0.0,1011.9391627495588
1668467775.025252,16621.64,61.45999999999913,65.49,-23.03,1.0,0.0,1011.9391627495588,0.0,1011.9391627495588
1668467835.7418852,16612.95,-8.68999999999869,55.09,-10.399999999999991,1.0,0.0,1011.9391627495588,0.0,1011.9391627495588
1668467895.0261164,16614.86,1.9099999999998545,36.32,-18.770000000000003,1.0,0.0,1011.9391627495588,0.0,1011.9391627495588
1668467955.591459,16701.15,86.29000000000087,118.06,81.74000000000001,0.0,1.0,0.0,0.0605909870128439,1011.9391627495588
1668468015.8012009,16685.65,-15.5,122.76,4.700000000000003,0.0,1.0,0.0,0.0605909870128439,1011.0000024508588
1668468075.249363,16675.89,-9.760000000002035,111.86,-10.900000000000006,1.0,0.0,1010.4086344176134,0.0,1010.4086344176134
1668468135.092265,16673.28,-2.610000000000582,118.26,6.400000000000006,0.0,1.0,0.0,0.0606004717978474,1010.4086344176134
1668468195.0673022,16669.49,-3.789999999997235,119.08,0.8199999999999932,0.0,1.0,0.0,0.0606004717978474,1010.1789586294992
1668468254.9277506,16663.44,-6.05000000000291,103.26,-15.819999999999991,1.0,0.0,1009.8123257751222,0.0,1009.8123257751222
1668468314.9003243,16667.95,4.510000000002037,47.83,-55.43000000000001,1.0,0.0,1009.8123257751222,0.0,1009.8123257751222
1668468374.9127376,16677.45,9.5,66.09,18.260000000000005,0.0,1.0,0.0,0.0605495639786131,1009.8123257751222
1668468434.969465,16673.39,-4.06000000000131,58.53,-7.560000000000002,1.0,0.0,1009.5664945453678,0.0,1009.5664945453678
1668468494.88729,16655.94,-17.450000000000728,-42.08,-100.61,1.0,0.0,1009.5664945453678,0.0,1009.5664945453678
1668468554.9939706,16645.68,-10.2599999999984,-37.95,4.129999999999996,0.0,1.0,0.0,0.0606503606067981,1009.5664945453678
1668468614.9161282,16645.68,0.0,-30.37,7.580000000000002,0.0,1.0,0.0,0.0606503606067981,1009.5664945453668
1668468675.3367188,16652.34,6.659999999999855,-19.59,10.78,0.0,1.0,0.0,0.0606503606067981,1009.9704259470084
1668468735.1792266,16673.18,20.840000000000146,1.75,21.34,0.0,1.0,0.0,0.0606503606067981,1011.234379462054
1668468795.283987,16693.73,20.549999999999272,31.86,30.11,0.0,1.0,0.0,0.0606503606067981,1012.4807443725236
1668468855.119993,16683.28,-10.450000000000728,17.14,-14.72,1.0,0.0,1011.8469481041824,0.0,1011.8469481041824
1668468915.3000343,16701.55,18.27000000000044,26.49,9.349999999999998,0.0,1.0,0.0,0.0605840145438107,1011.8469481041824
1668468975.205068,16714.87,13.319999999999707,42.93,16.44,0.0,1.0,0.0,0.0605840145438107,1012.6539271779052
1668469035.1861906,16701.61,-13.2599999999984,29.67,-13.259999999999998,1.0,0.0,1011.8505831450544,0.0,1011.8505831450544
1668469095.3180118,16694.06,-7.549999999999272,39.42,9.75,0.0,1.0,0.0,0.0606114140685402,1011.8505831450544
1668469155.4529722,16708.29,14.229999999999563,60.78,21.36,0.0,1.0,0.0,0.0606114140685402,1012.7130835672496
1668469215.4413111,16697.66,-10.63000000000102,43.2,-17.58,1.0,0.0,1012.068784235701,0.0,1012.068784235701
1668469275.6761742,16700.08,2.420000000001892,26.9,-16.300000000000004,1.0,0.0,1012.068784235701,0.0,1012.068784235701
1668469335.5933878,16700.34,0.2599999999983993,27.16,0.2600000000000015,0.0,1.0,0.0,0.0606016874049091,1012.068784235701
1668469395.3177984,16704.8,4.459999999999127,19.68,-7.48,1.0,0.0,1012.3390677615256,0.0,1012.3390677615256
1668469455.3048117,16711.17,6.369999999998981,9.62,-10.06,1.0,0.0,1012.3390677615256,0.0,1012.3390677615256
1668469515.2106988,16703.98,-7.18999999999869,-10.89,-20.51,1.0,0.0,1012.3390677615256,0.0,1012.3390677615256
1668469575.9039023,16684.0,-19.979999999999563,-6.76,4.130000000000001,0.0,1.0,0.0,0.0606772397363657,1012.3390677615256
1668469635.3716457,16660.68,-23.31999999999971,-26.24,-19.48,1.0,0.0,1010.9240745308732,0.0,1010.9240745308732
1668469695.3756585,16665.91,5.229999999999563,-42.38,-16.140000000000004,1.0,0.0,1010.9240745308732,0.0,1010.9240745308732
1668469755.3743153,16661.82,-4.0900000000001455,-35.84,6.539999999999999,0.0,1.0,0.0,0.0606730882059026,1010.9240745308732
1668469815.316249,16657.38,-4.43999999999869,-41.46,-5.619999999999997,1.0,0.0,1010.654686019238,0.0,1010.654686019238
1668469875.4311905,16653.88,-3.5,-46.33,-4.869999999999997,1.0,0.0,1010.654686019238,0.0,1010.654686019238
1668469935.45069,16634.04,-19.840000000000146,-72.42,-26.090000000000003,1.0,0.0,1010.654686019238,0.0,1010.654686019238
1668469995.3768413,16626.64,-7.400000000001455,-84.53,-12.11,1.0,0.0,1010.654686019238,0.0,1010.654686019238
1668470055.7399552,16631.43,4.790000000000873,-71.18,13.349999999999994,0.0,1.0,0.0,0.0607677563516329,1010.654686019238
1668470115.4436195,16631.13,-0.2999999999992724,-54.34,16.840000000000003,0.0,1.0,0.0,0.0607677563516329,1010.6364556923326
1668470175.3852992,16621.93,-9.200000000000728,-38.75,15.590000000000003,0.0,1.0,0.0,0.0607677563516329,1010.0773923338976
1668470235.4012828,16609.61,-12.319999999999707,-51.07,-12.32,1.0,0.0,1009.3287335756454,0.0,1009.3287335756454
1668470295.310392,16621.78,12.169999999998254,-41.57,9.5,0.0,1.0,0.0,0.0607232639088981,1009.3287335756454
1668470355.5144994,16612.85,-8.930000000000291,-46.19,-4.619999999999997,1.0,0.0,1008.7864748289378,0.0,1008.7864748289378
1668470415.5234935,16617.72,4.870000000002619,-36.16,10.03,0.0,1.0,0.0,0.0607054683090663,1008.7864748289378
1668470475.3087366,16601.94,-15.780000000002474,-34.19,1.9699999999999989,0.0,1.0,0.0,0.0607054683090663,1007.82854253902
1668470535.5142117,16598.14,-3.799999999999272,-27.0,7.189999999999998,0.0,1.0,0.0,0.0607054683090663,1007.5978617594455
1668470595.3488903,16611.8,13.659999999999854,-19.63,7.370000000000001,0.0,1.0,0.0,0.0607054683090663,1008.4270984565476
