Time,Price,Price Change,RSI,State,Cash Allocation,Coin Allocation,Cash Balance,Coin Balance,Value
1668394855.0273106,2.619,0.0,71.03140092,-2.0,1.0,0.0,1000.0,0.0,1000.0
1668394914.862035,2.624,0.0049999999999998,73.0363991,-2.0,1.0,0.0,1000.0,0.0,1000.0
1668394974.877107,2.623,-0.0009999999999998,71.94829456,-2.0,1.0,0.0,1000.0,0.0,1000.0
1668395036.1149826,2.615,-0.008,63.76399598,-2.0,1.0,0.0,1000.0,0.0,1000.0
1668395095.7105076,2.613,-0.0020000000000002,62.00080917,-2.0,1.0,0.0,1000.0,0.0,1000.0
1668395155.8410404,2.61,-0.0030000000000001,59.34976042,-2.0,1.0,0.0,1000.0,0.0,1000.0
1668395216.305396,2.61,0.0,58.67837498,-2.0,1.0,0.0,1000.0,0.0,1000.0
1668395275.7559338,2.614,0.004,61.87733071,-2.0,1.0,0.0,1000.0,0.0,1000.0
1668395335.7582889,2.614,0.0,61.87733071,-2.0,1.0,0.0,1000.0,0.0,1000.0
1668395397.0390697,2.618,0.004,64.57210684,-2.0,1.0,0.0,1000.0,0.0,1000.0
1668395455.7711945,2.613,-0.0049999999999998,59.6524759,-2.0,1.0,0.0,1000.0,0.0,1000.0
1668395515.748633,2.616,0.0030000000000001,61.98101353,-2.0,1.0,0.0,1000.0,0.0,1000.0
1668395576.13567,2.622,0.0059999999999997,66.18438989,-2.0,1.0,0.0,1000.0,0.0,1000.0
1668395635.840299,2.617,-0.0049999999999998,61.5821258,-2.0,1.0,0.0,1000.0,0.0,1000.0
1668395696.1128967,2.621,0.004,64.63914222,-2.0,1.0,0.0,1000.0,0.0,1000.0
1668395755.8956351,2.617,-0.004,61.69631303,-2.0,1.0,0.0,1000.0,0.0,1000.0
1668395815.7921991,2.62,0.0030000000000001,64.22441292,-2.0,1.0,0.0,1000.0,0.0,1000.0
1668395875.7336638,2.62,0.0,64.22441292,-2.0,1.0,0.0,1000.0,0.0,1000.0
1668395935.8282,2.622,0.0019999999999997,65.35483795,-2.0,1.0,0.0,1000.0,0.0,1000.0
1668395995.842452,2.612,-0.0099999999999997,52.58655247,-2.0,1.0,0.0,1000.0,0.0,1000.0
1668396055.909284,2.612,0.0,52.49429477,-2.0,1.0,0.0,1000.0,0.0,1000.0
1668396115.7530534,2.612,0.0,52.73104432,-2.0,1.0,0.0,1000.0,0.0,1000.0
1668396175.9677155,2.61,-0.0020000000000002,50.21566176,-2.0,1.0,0.0,1000.0,0.0,1000.0
1668396235.7193694,2.609,-0.0009999999999998,49.04586589,-2.0,1.0,0.0,1000.0,0.0,1000.0
1668396296.8301537,2.609,0.0,49.04586589,-2.0,1.0,0.0,1000.0,0.0,1000.0
1668396355.7380738,2.623,0.0140000000000002,63.02958337,-2.0,1.0,0.0,1000.0,0.0,1000.0
1668396416.027903,2.615,-0.008,54.35524568,-2.0,1.0,0.0,1000.0,0.0,1000.0
1668396476.02797,2.621,0.0059999999999997,59.72465829,-2.0,1.0,0.0,1000.0,0.0,1000.0
1668396535.885361,2.619,-0.0019999999999997,58.17502992,-2.0,1.0,0.0,1000.0,0.0,1000.0
1668396595.776791,2.619,0.0,57.74554282,-2.0,1.0,0.0,1000.0,0.0,1000.0
1668396655.8913736,2.623,0.004,61.85638245,-2.0,1.0,0.0,1000.0,0.0,1000.0
1668396716.007595,2.621,-0.0020000000000002,58.96223548,-2.0,1.0,0.0,1000.0,0.0,1000.0
1668396775.788047,2.625,0.004,63.70636455,-2.0,1.0,0.0,1000.0,0.0,1000.0
1668396835.8748035,2.629,0.004,67.2538074,-2.0,1.0,0.0,1000.0,0.0,1000.0
1668396895.85145,2.625,-0.004,61.99477575,-2.0,1.0,0.0,1000.0,0.0,1000.0
1668396955.7880447,2.628,0.0030000000000001,64.8302999,-2.0,1.0,0.0,1000.0,0.0,1000.0
1668397016.1341703,2.619,-0.0089999999999998,53.38632998,-2.0,1.0,0.0,1000.0,0.0,1000.0
1668397076.131207,2.624,0.0049999999999998,58.69230823,-2.0,1.0,0.0,1000.0,0.0,1000.0
1668397136.1040113,2.624,0.0,58.69230823,-2.0,1.0,0.0,1000.0,0.0,1000.0
1668397195.7043097,2.621,-0.0030000000000001,54.50399033,-2.0,1.0,0.0,1000.0,0.0,1000.0
1668397255.755348,2.621,0.0,54.50399033,-2.0,1.0,0.0,1000.0,0.0,1000.0
1668397315.9531446,2.626,0.0049999999999998,59.94946715,-2.0,1.0,0.0,1000.0,0.0,1000.0
1668397375.8994172,2.617,-0.0089999999999998,48.95505467,-2.0,1.0,0.0,1000.0,0.0,1000.0
1668397435.843848,2.617,0.0,48.95505467,-2.0,1.0,0.0,1000.0,0.0,1000.0
1668397495.8505871,2.617,0.0,48.95505467,-2.0,1.0,0.0,1000.0,0.0,1000.0
1668397555.947013,2.621,0.004,54.00481786,-2.0,1.0,0.0,1000.0,0.0,1000.0
1668397615.9182415,2.618,-0.0030000000000001,50.31867005,-2.0,1.0,0.0,1000.0,0.0,1000.0
1668397675.9419262,2.628,0.0100000000000002,61.41823434,-2.0,1.0,0.0,1000.0,0.0,1000.0
1668397735.6965206,2.628,0.0,61.41823434,-2.0,1.0,0.0,1000.0,0.0,1000.0
1668397795.9960582,2.628,0.0,61.41823434,-2.0,1.0,0.0,1000.0,0.0,1000.0
1668397856.0482712,2.628,0.0,61.41823434,-2.0,1.0,0.0,1000.0,0.0,1000.0
1668397916.038561,2.627,-0.0010000000000003,59.86702726,-2.0,1.0,0.0,1000.0,0.0,1000.0
1668397975.7535734,2.618,-0.0089999999999998,48.7791338,-2.0,1.0,0.0,1000.0,0.0,1000.0
1668398035.858564,2.616,-0.0019999999999997,46.70883716,-2.0,1.0,0.0,1000.0,0.0,1000.0
1668398095.9497745,2.618,0.0019999999999997,49.03815277,-2.0,1.0,0.0,1000.0,0.0,1000.0
1668398155.8867867,2.616,-0.0019999999999997,46.8882416,-2.0,1.0,0.0,1000.0,0.0,1000.0
1668398216.233651,2.615,-0.0009999999999998,45.82505562,-2.0,1.0,0.0,1000.0,0.0,1000.0
1668398275.911426,2.615,0.0,45.82505562,-2.0,1.0,0.0,1000.0,0.0,1000.0
1668398335.9825785,2.608,-0.0070000000000001,39.010319,-2.0,1.0,0.0,1000.0,0.0,1000.0
1668398395.9366236,2.612,0.004,43.48767016,-2.0,1.0,0.0,1000.0,0.0,1000.0
1668398455.8646705,2.612,0.0,43.48767016,-2.0,1.0,0.0,1000.0,0.0,1000.0
1668398515.8610268,2.61,-0.0020000000000002,41.48725323,-2.0,1.0,0.0,1000.0,0.0,1000.0
1668398576.0157323,2.61,0.0,41.48725323,-2.0,1.0,0.0,1000.0,0.0,1000.0
1668398636.6505127,2.609,-0.0009999999999998,40.48449148,-2.0,1.0,0.0,1000.0,0.0,1000.0
1668398695.8912952,2.608,-0.0009999999999998,39.45742974,-2.0,1.0,0.0,1000.0,0.0,1000.0
1668398756.0160286,2.608,0.0,39.45742974,-2.0,1.0,0.0,1000.0,0.0,1000.0
1668398815.7751813,2.608,0.0,39.45742974,-2.0,1.0,0.0,1000.0,0.0,1000.0
1668398876.0475717,2.608,0.0,39.45742974,-2.0,1.0,0.0,1000.0,0.0,1000.0
1668398936.0247717,2.608,0.0,39.92408828,-2.0,1.0,0.0,1000.0,0.0,1000.0
1668398995.9591577,2.601,-0.0070000000000001,33.41214999,-2.0,1.0,0.0,1000.0,0.0,1000.0
1668399056.6239097,2.6,-0.0009999999999998,32.53298476,-1.0,1.0,0.0,1000.0,0.0,1000.0
1668399115.8293304,2.595,-0.0049999999999998,28.49561272,-1.0,1.0,0.0,1000.0,0.0,1000.0
1668399175.9847405,2.597,0.0019999999999997,32.1241756,-1.0,1.0,0.0,1000.0,0.0,1000.0
1668399235.9302263,2.597,0.0,32.1241756,-1.0,1.0,0.0,1000.0,0.0,1000.0
1668399296.0640614,2.595,-0.0019999999999997,30.4595734,-1.0,1.0,0.0,1000.0,0.0,1000.0
1668399355.9161994,2.594,-0.0010000000000003,32.84706282,-1.0,1.0,0.0,1000.0,0.0,1000.0
1668399415.798996,2.585,-0.0089999999999998,28.11445089,-1.0,1.0,0.0,1000.0,0.0,1000.0
1668399475.847358,2.58,-0.0049999999999998,25.38083553,-1.0,1.0,0.0,1000.0,0.0,1000.0
1668399536.1199882,2.573,-0.0070000000000001,22.16474078,-1.0,1.0,0.0,1000.0,0.0,1000.0
1668399595.9951425,2.553,-0.02,16.09610108,-1.0,1.0,0.0,1000.0,0.0,1000.0
1668399656.029715,2.543,-0.0099999999999997,14.04143306,-1.0,1.0,0.0,1000.0,0.0,1000.0
1668399716.015177,2.558,0.0149999999999996,27.11285674,-1.0,1.0,0.0,1000.0,0.0,1000.0
1668399776.0730493,2.556,-0.0019999999999997,26.38135562,-1.0,1.0,0.0,1000.0,0.0,1000.0
1668399836.1306448,2.559,0.0030000000000001,29.45587007,-1.0,1.0,0.0,1000.0,0.0,1000.0
1668399896.0777037,2.569,0.0099999999999997,38.56276649,2.0,0.0,1.0,0.0,389.2565200467108,1000.0
1668399956.8693535,2.568,-0.0009999999999998,39.65274066,2.0,0.0,1.0,0.0,389.2565200467108,999.6107434799534
1668400015.9546573,2.564,-0.004,37.7339824,2.0,0.0,1.0,0.0,389.2565200467108,998.0537173997666
1668400075.9362,2.562,-0.0020000000000002,36.84259344,2.0,0.0,1.0,0.0,389.2565200467108,997.275204359673
1668400135.9624908,2.56,-0.0019999999999997,38.06043094,2.0,0.0,1.0,0.0,389.2565200467108,996.4966913195796
1668400196.053016,2.563,0.0030000000000001,40.34351934,2.0,0.0,1.0,0.0,389.2565200467108,997.66446087972
1668400255.9151475,2.558,-0.0050000000000003,37.248188,2.0,0.0,1.0,0.0,389.2565200467108,995.7181782794862
1668400316.0763898,2.571,0.0130000000000003,46.6362823,2.0,0.0,1.0,0.0,389.2565200467108,1000.7785130400936
1668400376.008377,2.571,0.0,46.6362823,2.0,0.0,1.0,0.0,389.2565200467108,1000.7785130400936
1668400436.6422317,2.571,0.0,46.6362823,2.0,0.0,1.0,0.0,389.2565200467108,1000.7785130400936
1668400496.131842,2.579,0.008,52.01592687,2.0,0.0,1.0,0.0,389.2565200467108,1003.8925652004672
1668400555.9480336,2.578,-0.0010000000000003,51.36216364,2.0,0.0,1.0,0.0,389.2565200467108,1003.5033086804204
1668400615.9583862,2.566,-0.012,43.67265028,2.0,0.0,1.0,0.0,389.2565200467108,998.83223043986
1668400676.046866,2.56,-0.0059999999999997,40.18406913,2.0,0.0,1.0,0.0,389.2565200467108,996.4966913195796
1668400735.9566402,2.561,0.0009999999999998,40.51601047,2.0,0.0,1.0,0.0,389.2565200467108,996.8859478396264
1668400796.1946957,2.561,0.0,40.51601047,2.0,0.0,1.0,0.0,389.2565200467108,996.8859478396264
1668400855.9678578,2.562,0.0009999999999998,41.42785602,2.0,0.0,1.0,0.0,389.2565200467108,997.275204359673
1668400917.303494,2.557,-0.0049999999999998,38.54591898,2.0,0.0,1.0,0.0,389.2565200467108,995.3289217594396
1668400976.0722144,2.55,-0.0070000000000001,34.55600375,2.0,0.0,1.0,0.0,389.2565200467108,992.6041261191124
1668401035.9573834,2.543,-0.0069999999999996,31.18602264,2.0,0.0,1.0,0.0,389.2565200467108,989.8793304787856
1668401096.0341518,2.547,0.004,35.19785208,2.0,0.0,1.0,0.0,389.2565200467108,991.4363565589724
1668401156.0615532,2.549,0.0019999999999997,37.17021162,2.0,0.0,1.0,0.0,389.2565200467108,992.214869599066
1668401216.0243008,2.543,-0.0059999999999997,33.11853103,2.0,0.0,1.0,0.0,389.2565200467108,989.8793304787856
1668401275.9716215,2.55,0.0069999999999996,39.81875455,2.0,0.0,1.0,0.0,389.2565200467108,992.6041261191124
1668401335.9403286,2.555,0.0050000000000003,44.29543163,2.0,0.0,1.0,0.0,389.2565200467108,994.5504087193464
1668401397.318885,2.56,0.0049999999999998,48.47922767,2.0,0.0,1.0,0.0,389.2565200467108,996.4966913195796
1668401456.0523188,2.559,-0.0009999999999998,47.74855822,2.0,0.0,1.0,0.0,389.2565200467108,996.107434799533
1668401516.0196846,2.557,-0.0020000000000002,46.40638527,2.0,0.0,1.0,0.0,389.2565200467108,995.3289217594396
1668401575.9956105,2.558,0.0009999999999998,47.57083088,2.0,0.0,1.0,0.0,389.2565200467108,995.7181782794862
1668401636.7013462,2.557,-0.0009999999999998,47.00776441,2.0,0.0,1.0,0.0,389.2565200467108,995.3289217594396
1668401696.0184798,2.556,-0.0009999999999998,46.5439135,2.0,0.0,1.0,0.0,389.2565200467108,994.9396652393928
1668401756.129273,2.564,0.008,52.07632002,2.0,0.0,1.0,0.0,389.2565200467108,998.0537173997666
1668401816.0774496,2.566,0.0019999999999997,53.56847541,2.0,0.0,1.0,0.0,389.2565200467108,998.83223043986
1668401877.3506029,2.563,-0.0029999999999996,51.56031689,2.0,0.0,1.0,0.0,389.2565200467108,997.66446087972
1668401935.991153,2.57,0.0069999999999996,56.12777971,2.0,0.0,1.0,0.0,389.2565200467108,1000.3892565200468
1668401996.0413527,2.57,0.0,56.02841612,2.0,0.0,1.0,0.0,389.2565200467108,1000.3892565200468
1668402056.005701,2.57,0.0,55.20678019,2.0,0.0,1.0,0.0,389.2565200467108,1000.3892565200468
1668402115.910775,2.568,-0.0019999999999997,53.65515041,2.0,0.0,1.0,0.0,389.2565200467108,999.6107434799534
1668402175.903096,2.572,0.004,56.01917712,2.0,0.0,1.0,0.0,389.2565200467108,1001.1677695601404
1668402236.078436,2.574,0.0019999999999997,57.28273097,2.0,0.0,1.0,0.0,389.2565200467108,1001.9462826002336
1668402296.218401,2.572,-0.0019999999999997,55.56361344,2.0,0.0,1.0,0.0,389.2565200467108,1001.1677695601404
1668402356.7732902,2.572,0.0,55.56361344,2.0,0.0,1.0,0.0,389.2565200467108,1001.1677695601404
1668402416.144301,2.572,0.0,55.56361344,2.0,0.0,1.0,0.0,389.2565200467108,1001.1677695601404
1668402476.126116,2.566,-0.0060000000000002,50.65241022,2.0,0.0,1.0,0.0,389.2565200467108,998.83223043986
1668402536.3117762,2.568,0.0020000000000002,52.24529862,2.0,0.0,1.0,0.0,389.2565200467108,999.6107434799534
1668402596.055261,2.567,-0.0009999999999998,51.51417109,2.0,0.0,1.0,0.0,389.2565200467108,999.2214869599068
1668402655.9587364,2.568,0.0009999999999998,52.30062696,2.0,0.0,1.0,0.0,389.2565200467108,999.6107434799534
1668402716.2238903,2.57,0.0019999999999997,53.91080296,2.0,0.0,1.0,0.0,389.2565200467108,1000.3892565200468
1668402776.0905752,2.568,-0.0019999999999997,52.15525018,2.0,0.0,1.0,0.0,389.2565200467108,999.6107434799534
1668402836.7522745,2.567,-0.0009999999999998,51.32322542,2.0,0.0,1.0,0.0,389.2565200467108,999.2214869599068
1668402896.1712554,2.56,-0.0070000000000001,45.43069223,2.0,0.0,1.0,0.0,389.2565200467108,996.4966913195796
1668402956.2688775,2.564,0.004,49.16007895,2.0,0.0,1.0,0.0,389.2565200467108,998.0537173997666
1668403016.0279903,2.561,-0.0030000000000001,46.58842263,2.0,0.0,1.0,0.0,389.2565200467108,996.8859478396264
1668403076.0456538,2.56,-0.0009999999999998,46.19283735,2.0,0.0,1.0,0.0,389.2565200467108,996.4966913195796
1668403135.9816077,2.56,0.0,46.19283735,2.0,0.0,1.0,0.0,389.2565200467108,996.4966913195796
1668403196.0132048,2.57,0.0099999999999997,54.61439204,2.0,0.0,1.0,0.0,389.2565200467108,1000.3892565200468
1668403256.1299796,2.572,0.0020000000000002,55.99196361,2.0,0.0,1.0,0.0,389.2565200467108,1001.1677695601404
1668403317.229264,2.569,-0.0030000000000001,53.37493016,2.0,0.0,1.0,0.0,389.2565200467108,1000.0
1668403376.0354955,2.569,0.0,53.37493016,2.0,0.0,1.0,0.0,389.2565200467108,1000.0
1668403436.3185668,2.565,-0.004,49.5204901,2.0,0.0,1.0,0.0,389.2565200467108,998.4429739198132
1668403496.0730548,2.561,-0.004,46.18524876,2.0,0.0,1.0,0.0,389.2565200467108,996.8859478396264
1668403556.345815,2.562,0.0009999999999998,47.14368647,2.0,0.0,1.0,0.0,389.2565200467108,997.275204359673
1668403616.0622988,2.562,0.0,47.21600032,2.0,0.0,1.0,0.0,389.2565200467108,997.275204359673
1668403676.1572106,2.562,0.0,47.21600032,2.0,0.0,1.0,0.0,389.2565200467108,997.275204359673
1668403736.0259924,2.56,-0.0019999999999997,45.34531903,2.0,0.0,1.0,0.0,389.2565200467108,996.4966913195796
1668403796.4518204,2.558,-0.0020000000000002,43.48972915,2.0,0.0,1.0,0.0,389.2565200467108,995.7181782794862
1668403856.2184892,2.558,0.0,43.48972915,2.0,0.0,1.0,0.0,389.2565200467108,995.7181782794862
1668403916.1436465,2.558,0.0,44.19091998,2.0,0.0,1.0,0.0,389.2565200467108,995.7181782794862
1668403976.087904,2.561,0.0030000000000001,47.6501105,2.0,0.0,1.0,0.0,389.2565200467108,996.8859478396264
1668404036.3395772,2.556,-0.0049999999999998,43.26695813,2.0,0.0,1.0,0.0,389.2565200467108,994.9396652393928
1668404096.4584837,2.556,0.0,43.26695813,2.0,0.0,1.0,0.0,389.2565200467108,994.9396652393928
1668404156.0283067,2.542,-0.0140000000000002,33.75100283,2.0,0.0,1.0,0.0,389.2565200467108,989.4900739587388
1668404216.2648993,2.545,0.0030000000000001,37.13157976,2.0,0.0,1.0,0.0,389.2565200467108,990.657843518879
1668404276.0813766,2.55,0.0049999999999998,42.4315259,2.0,0.0,1.0,0.0,389.2565200467108,992.6041261191124
1668404336.0480075,2.556,0.0060000000000002,47.52104297,2.0,0.0,1.0,0.0,389.2565200467108,994.9396652393928
1668404396.0831225,2.556,0.0,47.52104297,2.0,0.0,1.0,0.0,389.2565200467108,994.9396652393928
1668404456.368667,2.553,-0.0030000000000001,44.94594694,2.0,0.0,1.0,0.0,389.2565200467108,993.7718956792528
1668404516.3324475,2.542,-0.0110000000000001,37.19405593,2.0,0.0,1.0,0.0,389.2565200467108,989.4900739587388
1668404576.3689473,2.54,-0.0019999999999997,35.94770665,2.0,0.0,1.0,0.0,389.2565200467108,988.7115609186455
1668404636.1870058,2.541,0.0009999999999998,37.08295077,2.0,0.0,1.0,0.0,389.2565200467108,989.1008174386922
1668404696.1245086,2.534,-0.0070000000000001,35.7108986,2.0,0.0,1.0,0.0,389.2565200467108,986.3760217983652
1668404756.2058115,2.542,0.008,42.82653094,2.0,0.0,1.0,0.0,389.2565200467108,989.4900739587388
1668404816.2549958,2.524,-0.0179999999999997,32.25492974,2.0,0.0,1.0,0.0,389.2565200467108,982.483456597898
1668404876.406027,2.524,0.0,32.77092075,2.0,0.0,1.0,0.0,389.2565200467108,982.483456597898
1668404936.2092652,2.533,0.0089999999999998,40.4618002,2.0,0.0,1.0,0.0,389.2565200467108,985.9867652783184
1668404996.0964289,2.536,0.0030000000000001,42.7000932,2.0,0.0,1.0,0.0,389.2565200467108,987.1545348384586
1668405056.0435069,2.536,0.0,42.7000932,2.0,0.0,1.0,0.0,389.2565200467108,987.1545348384586
1668405116.9630566,2.536,0.0,42.7000932,2.0,0.0,1.0,0.0,389.2565200467108,987.1545348384586
1668405176.2486076,2.537,0.0009999999999998,43.52093012,2.0,0.0,1.0,0.0,389.2565200467108,987.5437913585054
1668405236.6035702,2.54,0.0030000000000001,46.19837712,2.0,0.0,1.0,0.0,389.2565200467108,988.7115609186455
1668405296.424052,2.543,0.0030000000000001,48.51657911,2.0,0.0,1.0,0.0,389.2565200467108,989.8793304787856
1668405356.268763,2.538,-0.0050000000000003,44.59061075,2.0,0.0,1.0,0.0,389.2565200467108,987.933047878552
1668405416.245958,2.532,-0.0059999999999997,40.57643909,2.0,0.0,1.0,0.0,389.2565200467108,985.5975087582718
1668405476.260087,2.532,0.0,40.57643909,2.0,0.0,1.0,0.0,389.2565200467108,985.5975087582718
1668405536.0764968,2.533,0.0009999999999998,42.00104983,2.0,0.0,1.0,0.0,389.2565200467108,985.9867652783184
1668405596.7247868,2.532,-0.0009999999999998,42.08899776,2.0,0.0,1.0,0.0,389.2565200467108,985.5975087582718
1668405656.177719,2.532,0.0,42.08899776,2.0,0.0,1.0,0.0,389.2565200467108,985.5975087582718
1668405716.333858,2.546,0.0139999999999997,53.87148432,2.0,0.0,1.0,0.0,389.2565200467108,991.0471000389256
1668405776.2575457,2.546,0.0,53.87148432,2.0,0.0,1.0,0.0,389.2565200467108,991.0471000389256
1668405836.39204,2.538,-0.008,47.34487534,2.0,0.0,1.0,0.0,389.2565200467108,987.933047878552
1668405896.2698874,2.539,0.0010000000000003,48.07954836,2.0,0.0,1.0,0.0,389.2565200467108,988.3223043985988
1668405956.341968,2.539,0.0,48.07954836,2.0,0.0,1.0,0.0,389.2565200467108,988.3223043985988
1668406016.231974,2.546,0.0069999999999996,53.51702888,2.0,0.0,1.0,0.0,389.2565200467108,991.0471000389256
1668406076.263583,2.546,0.0,53.51702888,2.0,0.0,1.0,0.0,389.2565200467108,991.0471000389256
1668406136.3563442,2.54,-0.0059999999999997,48.7995203,2.0,0.0,1.0,0.0,389.2565200467108,988.7115609186455
1668406196.2054777,2.548,0.008,54.55204475,2.0,0.0,1.0,0.0,389.2565200467108,991.8256130790191
1668406256.1215737,2.55,0.0019999999999997,55.84012437,2.0,0.0,1.0,0.0,389.2565200467108,992.6041261191124
1668406316.2288578,2.552,0.0020000000000002,57.1950072,2.0,0.0,1.0,0.0,389.2565200467108,993.382639159206
1668406376.4137256,2.542,-0.0100000000000002,49.69084135,2.0,0.0,1.0,0.0,389.2565200467108,989.4900739587388
1668406436.496002,2.54,-0.0019999999999997,48.20841847,2.0,0.0,1.0,0.0,389.2565200467108,988.7115609186455
1668406496.4538996,2.54,0.0,48.20841847,2.0,0.0,1.0,0.0,389.2565200467108,988.7115609186455
1668406556.4121993,2.543,0.0030000000000001,50.65959448,2.0,0.0,1.0,0.0,389.2565200467108,989.8793304787856
1668406617.2887192,2.543,0.0,50.65959448,2.0,0.0,1.0,0.0,389.2565200467108,989.8793304787856
1668406677.409097,2.543,0.0,50.65959448,2.0,0.0,1.0,0.0,389.2565200467108,989.8793304787856
1668406737.2882063,2.558,0.0149999999999996,60.67996733,2.0,0.0,1.0,0.0,389.2565200467108,995.7181782794862
1668406798.1837192,2.557,-0.0009999999999998,59.19556267,2.0,0.0,1.0,0.0,389.2565200467108,995.3289217594396
1668406858.1445005,2.548,-0.0089999999999998,52.69100568,2.0,0.0,1.0,0.0,389.2565200467108,991.8256130790191
1668406918.1959229,2.555,0.0070000000000001,56.74607353,2.0,0.0,1.0,0.0,389.2565200467108,994.5504087193464
1668406978.9018524,2.555,0.0,56.74607353,2.0,0.0,1.0,0.0,389.2565200467108,994.5504087193464
1668407039.692798,2.556,0.0009999999999998,57.3090329,2.0,0.0,1.0,0.0,389.2565200467108,994.9396652393928
1668407098.8908098,2.556,0.0,57.3090329,2.0,0.0,1.0,0.0,389.2565200467108,994.9396652393928
1668407159.840587,2.556,0.0,57.3090329,2.0,0.0,1.0,0.0,389.2565200467108,994.9396652393928
1668407219.6879642,2.555,-0.0009999999999998,55.95050789,2.0,0.0,1.0,0.0,389.2565200467108,994.5504087193464
1668407279.7738605,2.56,0.0049999999999998,59.04854754,2.0,0.0,1.0,0.0,389.2565200467108,996.4966913195796
1668407340.5948465,2.559,-0.0009999999999998,58.50192077,2.0,0.0,1.0,0.0,389.2565200467108,996.107434799533
1668407400.4838955,2.553,-0.0060000000000002,53.60547267,2.0,0.0,1.0,0.0,389.2565200467108,993.7718956792528
1668407460.9498513,2.564,0.0110000000000001,60.47024569,2.0,0.0,1.0,0.0,389.2565200467108,998.0537173997666
1668407521.2278535,2.563,-0.0009999999999998,59.54137561,2.0,0.0,1.0,0.0,389.2565200467108,997.66446087972
1668407581.8082883,2.562,-0.0010000000000003,58.57244807,2.0,0.0,1.0,0.0,389.2565200467108,997.275204359673
1668407641.261265,2.562,0.0,58.57244807,2.0,0.0,1.0,0.0,389.2565200467108,997.275204359673
1668407702.3802378,2.562,0.0,58.57244807,2.0,0.0,1.0,0.0,389.2565200467108,997.275204359673
1668407762.4332128,2.562,0.0,58.57244807,2.0,0.0,1.0,0.0,389.2565200467108,997.275204359673
1668407822.2886152,2.569,0.0070000000000001,63.40681936,2.0,0.0,1.0,0.0,389.2565200467108,1000.0
1668407883.1493554,2.569,0.0,63.40681936,2.0,0.0,1.0,0.0,389.2565200467108,1000.0
1668407943.137676,2.569,0.0,62.85832072,2.0,0.0,1.0,0.0,389.2565200467108,1000.0
1668408003.1933792,2.569,0.0,62.85832072,2.0,0.0,1.0,0.0,389.2565200467108,1000.0
1668408064.099857,2.57,0.0009999999999998,63.5891874,2.0,0.0,1.0,0.0,389.2565200467108,1000.3892565200468
1668408124.7324152,2.6,0.0300000000000002,77.61624464,1.0,0.0,1.0,0.0,389.2565200467108,1012.066952121448
1668408184.0235963,2.644,0.044,85.98619485,1.0,0.0,1.0,0.0,389.2565200467108,1029.1942390035035
1668408245.516652,2.689,0.0449999999999999,90.18430015,1.0,0.0,1.0,0.0,389.2565200467108,1046.7107824056054
1668408305.329862,2.695,0.0059999999999997,79.09253861,1.0,0.0,1.0,0.0,389.2565200467108,1049.0463215258856
1668408365.3545234,2.68,-0.0149999999999996,73.43576066,1.0,0.0,1.0,0.0,389.2565200467108,1043.207473725185
1668408426.2487142,2.655,-0.0250000000000003,64.88927912,-2.0,1.0,0.0,1033.476060724017,0.0,1033.476060724017
1668408486.3024592,2.658,0.0030000000000001,64.55498472,-2.0,1.0,0.0,1033.476060724017,0.0,1033.476060724017
1668408546.1483076,2.649,-0.0089999999999998,59.22738237,-2.0,1.0,0.0,1033.476060724017,0.0,1033.476060724017
1668408608.795252,2.665,0.016,62.32631181,-2.0,1.0,0.0,1033.476060724017,0.0,1033.476060724017
1668408667.1226935,2.683,0.0179999999999997,64.70608826,-2.0,1.0,0.0,1033.476060724017,0.0,1033.476060724017
1668408727.0264692,2.684,0.0010000000000003,63.74330272,-2.0,1.0,0.0,1033.476060724017,0.0,1033.476060724017
1668408787.8034644,2.718,0.0339999999999998,68.31062812,-2.0,1.0,0.0,1033.476060724017,0.0,1033.476060724017
1668408848.0972867,2.715,-0.0030000000000001,67.47842252,-2.0,1.0,0.0,1033.476060724017,0.0,1033.476060724017
1668408907.711637,2.7,-0.0149999999999996,63.34297521,-2.0,1.0,0.0,1033.476060724017,0.0,1033.476060724017
1668408968.926648,2.698,-0.0020000000000002,62.64458832,-2.0,1.0,0.0,1033.476060724017,0.0,1033.476060724017
1668409028.708505,2.703,0.0049999999999998,62.75309064,-2.0,1.0,0.0,1033.476060724017,0.0,1033.476060724017
1668409089.1812963,2.709,0.0060000000000002,63.28698179,-2.0,1.0,0.0,1033.476060724017,0.0,1033.476060724017
1668409149.538082,2.732,0.0230000000000001,67.17511322,-2.0,1.0,0.0,1033.476060724017,0.0,1033.476060724017
1668409209.4676647,2.765,0.0329999999999999,71.60397109,-2.0,1.0,0.0,1033.476060724017,0.0,1033.476060724017
1668409269.4046977,2.731,-0.0340000000000002,63.62803602,-2.0,1.0,0.0,1033.476060724017,0.0,1033.476060724017
1668409330.2158604,2.733,0.0020000000000002,63.9477877,-2.0,1.0,0.0,1033.476060724017,0.0,1033.476060724017
1668409390.453561,2.732,-0.0009999999999998,63.37828455,-2.0,1.0,0.0,1033.476060724017,0.0,1033.476060724017
1668409450.2819676,2.722,-0.0100000000000002,60.28604289,-2.0,1.0,0.0,1033.476060724017,0.0,1033.476060724017
1668409511.304074,2.726,0.004,59.88091711,-2.0,1.0,0.0,1033.476060724017,0.0,1033.476060724017
1668409571.1415322,2.725,-0.0009999999999998,59.60449611,-2.0,1.0,0.0,1033.476060724017,0.0,1033.476060724017
1668409631.8882751,2.72,-0.0049999999999998,57.96266316,-2.0,1.0,0.0,1033.476060724017,0.0,1033.476060724017
1668409692.0016758,2.719,-0.0010000000000003,57.21909113,-2.0,1.0,0.0,1033.476060724017,0.0,1033.476060724017
1668409752.0447922,2.71,-0.0089999999999998,55.14046961,-2.0,1.0,0.0,1033.476060724017,0.0,1033.476060724017
1668409812.0835967,2.714,0.004,56.12395376,-2.0,1.0,0.0,1033.476060724017,0.0,1033.476060724017
1668409872.8785715,2.722,0.008,58.10236612,-2.0,1.0,0.0,1033.476060724017,0.0,1033.476060724017
1668409932.816418,2.709,-0.0129999999999999,53.80630955,-2.0,1.0,0.0,1033.476060724017,0.0,1033.476060724017
1668409992.758463,2.717,0.008,56.08048481,-2.0,1.0,0.0,1033.476060724017,0.0,1033.476060724017
1668410054.0284584,2.718,0.0009999999999998,56.35826677,-2.0,1.0,0.0,1033.476060724017,0.0,1033.476060724017
1668410114.1531885,2.721,0.0030000000000001,56.98710808,-2.0,1.0,0.0,1033.476060724017,0.0,1033.476060724017
1668410174.706557,2.71,-0.0110000000000001,52.91582227,-2.0,1.0,0.0,1033.476060724017,0.0,1033.476060724017
1668410234.896616,2.701,-0.0089999999999998,49.71198984,-2.0,1.0,0.0,1033.476060724017,0.0,1033.476060724017
1668410294.886716,2.697,-0.004,48.31803397,-2.0,1.0,0.0,1033.476060724017,0.0,1033.476060724017
1668410354.9419043,2.689,-0.008,45.59055821,-2.0,1.0,0.0,1033.476060724017,0.0,1033.476060724017
1668410415.6659772,2.68,-0.0089999999999998,42.60585159,-2.0,1.0,0.0,1033.476060724017,0.0,1033.476060724017
1668410475.73044,2.694,0.0139999999999997,48.00133621,-2.0,1.0,0.0,1033.476060724017,0.0,1033.476060724017
1668410535.722617,2.696,0.0020000000000002,48.76027704,-2.0,1.0,0.0,1033.476060724017,0.0,1033.476060724017
1668410596.4936638,2.704,0.008,51.92548499,-2.0,1.0,0.0,1033.476060724017,0.0,1033.476060724017
1668410656.5083833,2.711,0.0069999999999996,54.38051262,-2.0,1.0,0.0,1033.476060724017,0.0,1033.476060724017
1668410716.3579764,2.72,0.0090000000000003,57.82009183,-2.0,1.0,0.0,1033.476060724017,0.0,1033.476060724017
1668410777.5186949,2.73,0.0099999999999997,61.33916133,-2.0,1.0,0.0,1033.476060724017,0.0,1033.476060724017
1668410837.4080718,2.752,0.0219999999999997,67.51292546,-2.0,1.0,0.0,1033.476060724017,0.0,1033.476060724017
1668410897.6691625,2.763,0.0110000000000001,70.1334733,-2.0,1.0,0.0,1033.476060724017,0.0,1033.476060724017
1668410958.2673993,2.766,0.0030000000000001,70.80967132,-2.0,1.0,0.0,1033.476060724017,0.0,1033.476060724017
1668411018.4093142,2.79,0.024,75.47405444,-2.0,1.0,0.0,1033.476060724017,0.0,1033.476060724017
1668411078.2442968,2.793,0.0030000000000001,75.34545299,-2.0,1.0,0.0,1033.476060724017,0.0,1033.476060724017
1668411138.8704617,2.785,-0.008,72.66249599,-2.0,1.0,0.0,1033.476060724017,0.0,1033.476060724017
1668411199.186669,2.77,-0.0150000000000001,64.68163686,-2.0,1.0,0.0,1033.476060724017,0.0,1033.476060724017
1668411258.8009725,2.771,0.0009999999999998,63.95874385,-2.0,1.0,0.0,1033.476060724017,0.0,1033.476060724017
1668411319.884826,2.77,-0.0009999999999998,63.47445887,-2.0,1.0,0.0,1033.476060724017,0.0,1033.476060724017
1668411379.8477235,2.789,0.0190000000000001,68.476998,-2.0,1.0,0.0,1033.476060724017,0.0,1033.476060724017
1668411439.8572671,2.799,0.0099999999999997,70.7927279,-2.0,1.0,0.0,1033.476060724017,0.0,1033.476060724017
1668411500.80462,2.795,-0.004,68.55935691,-2.0,1.0,0.0,1033.476060724017,0.0,1033.476060724017
1668411560.673224,2.783,-0.012,62.31839116,-2.0,1.0,0.0,1033.476060724017,0.0,1033.476060724017
1668411620.7130375,2.78,-0.0030000000000001,60.98525078,-2.0,1.0,0.0,1033.476060724017,0.0,1033.476060724017
1668411681.728384,2.782,0.0020000000000002,61.37960284,-2.0,1.0,0.0,1033.476060724017,0.0,1033.476060724017
1668411741.5516636,2.779,-0.0030000000000001,59.89406848,-2.0,1.0,0.0,1033.476060724017,0.0,1033.476060724017
1668411801.3925157,2.793,0.0140000000000002,65.05447427,-2.0,1.0,0.0,1033.476060724017,0.0,1033.476060724017
1668411862.8236165,2.797,0.004,65.04911494,-2.0,1.0,0.0,1033.476060724017,0.0,1033.476060724017
1668411922.907957,2.802,0.0049999999999998,67.39415637,-2.0,1.0,0.0,1033.476060724017,0.0,1033.476060724017
1668411982.7126193,2.811,0.0089999999999998,70.02147763,-2.0,1.0,0.0,1033.476060724017,0.0,1033.476060724017
1668412043.7136674,2.805,-0.0059999999999997,67.90990158,-2.0,1.0,0.0,1033.476060724017,0.0,1033.476060724017
1668412103.815796,2.794,-0.0110000000000001,60.32113911,-2.0,1.0,0.0,1033.476060724017,0.0,1033.476060724017
1668412164.2940862,2.789,-0.0049999999999998,57.62361121,-2.0,1.0,0.0,1033.476060724017,0.0,1033.476060724017
1668412224.9908469,2.793,0.004,59.18135344,-2.0,1.0,0.0,1033.476060724017,0.0,1033.476060724017
1668412284.7206593,2.801,0.008,62.39631899,-2.0,1.0,0.0,1033.476060724017,0.0,1033.476060724017
1668412344.8181098,2.805,0.004,62.6754929,-2.0,1.0,0.0,1033.476060724017,0.0,1033.476060724017
1668412405.614224,2.797,-0.008,57.91099006,-2.0,1.0,0.0,1033.476060724017,0.0,1033.476060724017
1668412465.6376395,2.791,-0.0060000000000002,54.61639545,-2.0,1.0,0.0,1033.476060724017,0.0,1033.476060724017
1668412525.6045315,2.799,0.008,58.40148726,-2.0,1.0,0.0,1033.476060724017,0.0,1033.476060724017
1668412586.6795075,2.791,-0.008,53.28485975,-2.0,1.0,0.0,1033.476060724017,0.0,1033.476060724017
1668412647.1171267,2.798,0.0070000000000001,56.75755262,-2.0,1.0,0.0,1033.476060724017,0.0,1033.476060724017
1668412707.1855135,2.803,0.0049999999999998,58.6293997,-2.0,1.0,0.0,1033.476060724017,0.0,1033.476060724017
1668412767.4412267,2.797,-0.0059999999999997,55.66730335,-2.0,1.0,0.0,1033.476060724017,0.0,1033.476060724017
1668412827.4481428,2.804,0.0069999999999996,59.29193643,-2.0,1.0,0.0,1033.476060724017,0.0,1033.476060724017
1668412887.5377133,2.809,0.0050000000000003,61.48220105,-2.0,1.0,0.0,1033.476060724017,0.0,1033.476060724017
1668412948.178027,2.814,0.0049999999999998,63.24826693,-2.0,1.0,0.0,1033.476060724017,0.0,1033.476060724017
1668413008.1839726,2.814,0.0,62.02924741,-2.0,1.0,0.0,1033.476060724017,0.0,1033.476060724017
1668413068.1725311,2.815,0.0009999999999998,62.57216873,-2.0,1.0,0.0,1033.476060724017,0.0,1033.476060724017
1668413129.1443703,2.822,0.0070000000000001,64.67544783,-2.0,1.0,0.0,1033.476060724017,0.0,1033.476060724017
1668413189.1212518,2.815,-0.0070000000000001,59.97009925,-2.0,1.0,0.0,1033.476060724017,0.0,1033.476060724017
1668413249.9745896,2.808,-0.0070000000000001,55.61285196,-2.0,1.0,0.0,1033.476060724017,0.0,1033.476060724017
1668413309.834574,2.795,-0.0129999999999999,48.4840617,-2.0,1.0,0.0,1033.476060724017,0.0,1033.476060724017
1668413369.8740246,2.802,0.0070000000000001,51.93148743,-2.0,1.0,0.0,1033.476060724017,0.0,1033.476060724017
1668413429.9023888,2.801,-0.0009999999999998,51.40096544,-2.0,1.0,0.0,1033.476060724017,0.0,1033.476060724017
1668413490.6663198,2.808,0.0069999999999996,54.90111501,-2.0,1.0,0.0,1033.476060724017,0.0,1033.476060724017
1668413550.6198456,2.814,0.0060000000000002,57.79064168,-2.0,1.0,0.0,1033.476060724017,0.0,1033.476060724017
1668413610.5809245,2.822,0.008,61.17270737,-2.0,1.0,0.0,1033.476060724017,0.0,1033.476060724017
1668413671.9168706,2.815,-0.0070000000000001,57.05655342,-2.0,1.0,0.0,1033.476060724017,0.0,1033.476060724017
1668413732.548133,2.818,0.0030000000000001,58.24025953,-2.0,1.0,0.0,1033.476060724017,0.0,1033.476060724017
1668413791.9694636,2.822,0.004,59.73156076,-2.0,1.0,0.0,1033.476060724017,0.0,1033.476060724017
1668413912.608806,2.814,-0.008,54.72922429,-2.0,1.0,0.0,1033.476060724017,0.0,1033.476060724017
1668413972.5317402,2.805,-0.0089999999999998,49.44177245,-2.0,1.0,0.0,1033.476060724017,0.0,1033.476060724017
1668414033.3838108,2.803,-0.0020000000000002,48.34284158,-2.0,1.0,0.0,1033.476060724017,0.0,1033.476060724017
1668414093.425573,2.809,0.0060000000000002,51.88644501,-2.0,1.0,0.0,1033.476060724017,0.0,1033.476060724017
1668414153.420731,2.807,-0.0020000000000002,50.70284628,-2.0,1.0,0.0,1033.476060724017,0.0,1033.476060724017
1668414215.0118349,2.799,-0.008,45.84469731,-2.0,1.0,0.0,1033.476060724017,0.0,1033.476060724017
1668414274.169486,2.803,0.004,48.468974,-2.0,1.0,0.0,1033.476060724017,0.0,1033.476060724017
1668414334.1922288,2.797,-0.0059999999999997,45.51129679,-2.0,1.0,0.0,1033.476060724017,0.0,1033.476060724017
1668414395.1810887,2.8,0.0029999999999996,47.50947931,-2.0,1.0,0.0,1033.476060724017,0.0,1033.476060724017
1668414455.2860403,2.789,-0.0109999999999996,41.21937552,-2.0,1.0,0.0,1033.476060724017,0.0,1033.476060724017
1668414515.1753812,2.788,-0.0010000000000003,40.67608993,-2.0,1.0,0.0,1033.476060724017,0.0,1033.476060724017
1668414575.897128,2.787,-0.0009999999999998,40.1068052,-2.0,1.0,0.0,1033.476060724017,0.0,1033.476060724017
1668414636.0732348,2.786,-0.0009999999999998,40.15534492,-2.0,1.0,0.0,1033.476060724017,0.0,1033.476060724017
1668414696.7121737,2.791,0.0049999999999998,43.24828914,-2.0,1.0,0.0,1033.476060724017,0.0,1033.476060724017
1668414756.69957,2.794,0.0030000000000001,45.61394157,-2.0,1.0,0.0,1033.476060724017,0.0,1033.476060724017
1668414816.7460296,2.792,-0.0020000000000002,44.42086695,-2.0,1.0,0.0,1033.476060724017,0.0,1033.476060724017
1668414876.7595985,2.793,0.0010000000000003,45.41030571,-2.0,1.0,0.0,1033.476060724017,0.0,1033.476060724017
1668414937.7281103,2.79,-0.0030000000000001,43.01597172,-2.0,1.0,0.0,1033.476060724017,0.0,1033.476060724017
1668414997.766466,2.783,-0.0070000000000001,38.40136602,-2.0,1.0,0.0,1033.476060724017,0.0,1033.476060724017
1668415057.7684927,2.775,-0.008,33.92248842,-2.0,1.0,0.0,1033.476060724017,0.0,1033.476060724017
1668415118.6047628,2.779,0.004,38.03833905,-2.0,1.0,0.0,1033.476060724017,0.0,1033.476060724017
1668415179.5065024,2.772,-0.0070000000000001,33.36170837,-2.0,1.0,0.0,1033.476060724017,0.0,1033.476060724017
1668415238.5822303,2.776,0.004,37.43601585,-2.0,1.0,0.0,1033.476060724017,0.0,1033.476060724017
1668415299.3483598,2.78,0.004,41.57859942,-2.0,1.0,0.0,1033.476060724017,0.0,1033.476060724017
1668415359.367387,2.782,0.0020000000000002,43.87715723,-2.0,1.0,0.0,1033.476060724017,0.0,1033.476060724017
1668415419.322505,2.786,0.004,46.91828376,-2.0,1.0,0.0,1033.476060724017,0.0,1033.476060724017
1668415480.3511524,2.786,0.0,46.91828376,-2.0,1.0,0.0,1033.476060724017,0.0,1033.476060724017
1668415540.2010312,2.792,0.0059999999999997,52.29513313,-2.0,1.0,0.0,1033.476060724017,0.0,1033.476060724017
1668415600.3232832,2.79,-0.0019999999999997,50.62811085,-2.0,1.0,0.0,1033.476060724017,0.0,1033.476060724017
1668415661.9394758,2.784,-0.0060000000000002,45.43306721,-2.0,1.0,0.0,1033.476060724017,0.0,1033.476060724017
1668415721.0335774,2.78,-0.004,42.13269912,-2.0,1.0,0.0,1033.476060724017,0.0,1033.476060724017
1668415781.0998728,2.783,0.0030000000000001,44.56043246,-2.0,1.0,0.0,1033.476060724017,0.0,1033.476060724017
1668415842.074334,2.785,0.0020000000000002,46.76280259,-2.0,1.0,0.0,1033.476060724017,0.0,1033.476060724017
1668415901.913652,2.786,0.0009999999999998,47.82573133,-2.0,1.0,0.0,1033.476060724017,0.0,1033.476060724017
1668415961.981177,2.787,0.0009999999999998,48.56209757,-2.0,1.0,0.0,1033.476060724017,0.0,1033.476060724017
1668416022.680371,2.794,0.0070000000000001,54.32464988,-2.0,1.0,0.0,1033.476060724017,0.0,1033.476060724017
1668416082.640449,2.79,-0.004,50.63871678,-2.0,1.0,0.0,1033.476060724017,0.0,1033.476060724017
1668416142.827485,2.79,0.0,50.63871678,-2.0,1.0,0.0,1033.476060724017,0.0,1033.476060724017
1668416204.149351,2.791,0.0009999999999998,51.52423976,-2.0,1.0,0.0,1033.476060724017,0.0,1033.476060724017
1668416263.6800854,2.795,0.004,55.18710088,-2.0,1.0,0.0,1033.476060724017,0.0,1033.476060724017
1668416323.725558,2.795,0.0,55.18710088,-2.0,1.0,0.0,1033.476060724017,0.0,1033.476060724017
1668416384.6385276,2.784,-0.0110000000000001,44.59908235,-2.0,1.0,0.0,1033.476060724017,0.0,1033.476060724017
1668416444.5883992,2.789,0.0050000000000003,49.57848515,-2.0,1.0,0.0,1033.476060724017,0.0,1033.476060724017
1668416504.5153792,2.784,-0.0050000000000003,45.39570044,-2.0,1.0,0.0,1033.476060724017,0.0,1033.476060724017
1668416565.676574,2.78,-0.004,42.52550343,-2.0,1.0,0.0,1033.476060724017,0.0,1033.476060724017
1668416625.4728851,2.774,-0.0059999999999997,38.99703008,-2.0,1.0,0.0,1033.476060724017,0.0,1033.476060724017
1668416685.593357,2.775,0.0009999999999998,40.22554368,-2.0,1.0,0.0,1033.476060724017,0.0,1033.476060724017
1668416747.3141906,2.77,-0.0049999999999998,37.15371292,-2.0,1.0,0.0,1033.476060724017,0.0,1033.476060724017
1668416806.669027,2.774,0.004,41.03322752,-2.0,1.0,0.0,1033.476060724017,0.0,1033.476060724017
1668416866.6808262,2.767,-0.0070000000000001,36.71495601,-2.0,1.0,0.0,1033.476060724017,0.0,1033.476060724017
1668416927.370109,2.773,0.0060000000000002,42.29708658,-2.0,1.0,0.0,1033.476060724017,0.0,1033.476060724017
1668416987.2581844,2.768,-0.0050000000000003,38.91633057,-2.0,1.0,0.0,1033.476060724017,0.0,1033.476060724017
1668417047.364946,2.768,0.0,38.86853494,-2.0,1.0,0.0,1033.476060724017,0.0,1033.476060724017
1668417107.9396937,2.771,0.0030000000000001,41.74374337,-2.0,1.0,0.0,1033.476060724017,0.0,1033.476060724017
1668417167.9041076,2.765,-0.0059999999999997,36.77690604,-2.0,1.0,0.0,1033.476060724017,0.0,1033.476060724017
1668417228.0482056,2.765,0.0,37.87254337,-2.0,1.0,0.0,1033.476060724017,0.0,1033.476060724017
1668417289.0045302,2.769,0.004,42.62869456,-2.0,1.0,0.0,1033.476060724017,0.0,1033.476060724017
1668417348.9738495,2.764,-0.0050000000000003,39.18263422,-2.0,1.0,0.0,1033.476060724017,0.0,1033.476060724017
1668417408.928353,2.758,-0.0059999999999997,35.47645057,-2.0,1.0,0.0,1033.476060724017,0.0,1033.476060724017
1668417469.734314,2.764,0.0059999999999997,41.64938861,-2.0,1.0,0.0,1033.476060724017,0.0,1033.476060724017
1668417529.6640186,2.753,-0.0109999999999996,35.20519213,-2.0,1.0,0.0,1033.476060724017,0.0,1033.476060724017
1668417589.6684225,2.75,-0.0030000000000001,33.68807438,-2.0,1.0,0.0,1033.476060724017,0.0,1033.476060724017
1668417650.865995,2.756,0.0059999999999997,38.95036632,-2.0,1.0,0.0,1033.476060724017,0.0,1033.476060724017
1668417710.369884,2.762,0.0060000000000002,44.19907501,-2.0,1.0,0.0,1033.476060724017,0.0,1033.476060724017
1668417770.3845804,2.76,-0.0020000000000002,42.95207185,-2.0,1.0,0.0,1033.476060724017,0.0,1033.476060724017
1668417831.3703015,2.759,-0.0009999999999998,42.27571085,-2.0,1.0,0.0,1033.476060724017,0.0,1033.476060724017
1668417891.198485,2.759,0.0,42.27571085,-2.0,1.0,0.0,1033.476060724017,0.0,1033.476060724017
1668417951.1884956,2.765,0.0060000000000002,47.60668135,-2.0,1.0,0.0,1033.476060724017,0.0,1033.476060724017
1668418012.320338,2.767,0.0019999999999997,49.25114,-2.0,1.0,0.0,1033.476060724017,0.0,1033.476060724017
1668418072.167976,2.763,-0.004,45.94196381,-2.0,1.0,0.0,1033.476060724017,0.0,1033.476060724017
1668418132.2790103,2.766,0.0030000000000001,48.50297653,-2.0,1.0,0.0,1033.476060724017,0.0,1033.476060724017
1668418193.1144114,2.765,-0.0009999999999998,47.56182803,-2.0,1.0,0.0,1033.476060724017,0.0,1033.476060724017
1668418253.5856256,2.765,0.0,47.51636575,-2.0,1.0,0.0,1033.476060724017,0.0,1033.476060724017
1668418313.09801,2.767,0.0019999999999997,49.92118169,-2.0,1.0,0.0,1033.476060724017,0.0,1033.476060724017
1668418373.7460847,2.764,-0.0030000000000001,47.13916299,-2.0,1.0,0.0,1033.476060724017,0.0,1033.476060724017
1668418433.6776638,2.777,0.0130000000000003,58.74579892,-2.0,1.0,0.0,1033.476060724017,0.0,1033.476060724017
1668418493.588784,2.776,-0.0010000000000003,58.00387333,-2.0,1.0,0.0,1033.476060724017,0.0,1033.476060724017
1668418554.6858935,2.772,-0.004,53.83337053,-2.0,1.0,0.0,1033.476060724017,0.0,1033.476060724017
1668418614.8473296,2.776,0.004,57.15120502,-2.0,1.0,0.0,1033.476060724017,0.0,1033.476060724017
1668418674.687643,2.772,-0.004,52.58476223,-2.0,1.0,0.0,1033.476060724017,0.0,1033.476060724017
1668418735.3201413,2.777,0.0050000000000003,56.40375442,-2.0,1.0,0.0,1033.476060724017,0.0,1033.476060724017
1668418795.596177,2.773,-0.004,53.40116549,-2.0,1.0,0.0,1033.476060724017,0.0,1033.476060724017
1668418855.3311763,2.771,-0.0020000000000002,51.42086423,-2.0,1.0,0.0,1033.476060724017,0.0,1033.476060724017
1668418916.1277268,2.779,0.008,58.32480574,-2.0,1.0,0.0,1033.476060724017,0.0,1033.476060724017
1668418976.1745377,2.779,0.0,58.32480574,-2.0,1.0,0.0,1033.476060724017,0.0,1033.476060724017
1668419036.1311228,2.779,0.0,58.32480574,-2.0,1.0,0.0,1033.476060724017,0.0,1033.476060724017
1668419096.9680717,2.78,0.0009999999999998,59.10713497,-2.0,1.0,0.0,1033.476060724017,0.0,1033.476060724017
1668419157.0182812,2.779,-0.0009999999999998,56.63810539,-2.0,1.0,0.0,1033.476060724017,0.0,1033.476060724017
1668419218.2123077,2.78,0.0009999999999998,57.42615685,-2.0,1.0,0.0,1033.476060724017,0.0,1033.476060724017
1668419277.903148,2.781,0.0010000000000003,58.30058514,-2.0,1.0,0.0,1033.476060724017,0.0,1033.476060724017
1668419337.724709,2.787,0.0059999999999997,62.61334183,-2.0,1.0,0.0,1033.476060724017,0.0,1033.476060724017
1668419397.787784,2.783,-0.004,60.05796878,-2.0,1.0,0.0,1033.476060724017,0.0,1033.476060724017
1668419458.5187683,2.785,0.0020000000000002,61.73589951,-2.0,1.0,0.0,1033.476060724017,0.0,1033.476060724017
1668419518.389607,2.78,-0.0050000000000003,56.35134853,-2.0,1.0,0.0,1033.476060724017,0.0,1033.476060724017
1668419578.6145797,2.786,0.0060000000000002,61.47276376,-2.0,1.0,0.0,1033.476060724017,0.0,1033.476060724017
1668419639.344683,2.787,0.0009999999999998,62.59801425,-2.0,1.0,0.0,1033.476060724017,0.0,1033.476060724017
1668419699.1372108,2.791,0.004,65.67497373,-2.0,1.0,0.0,1033.476060724017,0.0,1033.476060724017
1668419759.1935446,2.787,-0.004,62.65674266,-2.0,1.0,0.0,1033.476060724017,0.0,1033.476060724017
1668419820.7569785,2.785,-0.0019999999999997,59.82422033,-2.0,1.0,0.0,1033.476060724017,0.0,1033.476060724017
1668419879.3722825,2.784,-0.0010000000000003,58.50187371,-2.0,1.0,0.0,1033.476060724017,0.0,1033.476060724017
1668419939.4405217,2.78,-0.004,53.41579975,-2.0,1.0,0.0,1033.476060724017,0.0,1033.476060724017
1668419999.3775184,2.78,0.0,53.41579975,-2.0,1.0,0.0,1033.476060724017,0.0,1033.476060724017
1668420059.432171,2.78,0.0,53.41579975,-2.0,1.0,0.0,1033.476060724017,0.0,1033.476060724017
1668420119.3727765,2.775,-0.0049999999999998,47.27424506,-2.0,1.0,0.0,1033.476060724017,0.0,1033.476060724017
1668420179.3906512,2.774,-0.0009999999999998,45.91653341,-2.0,1.0,0.0,1033.476060724017,0.0,1033.476060724017
1668420239.3476748,2.784,0.0099999999999997,58.14788598,-2.0,1.0,0.0,1033.476060724017,0.0,1033.476060724017
1668420300.1446977,2.784,0.0,56.13065921,-2.0,1.0,0.0,1033.476060724017,0.0,1033.476060724017
1668420359.4098089,2.778,-0.0059999999999997,49.87088456,-2.0,1.0,0.0,1033.476060724017,0.0,1033.476060724017
1668420419.3755386,2.778,0.0,49.87088456,-2.0,1.0,0.0,1033.476060724017,0.0,1033.476060724017
1668420479.3090212,2.775,-0.0030000000000001,47.04578374,-2.0,1.0,0.0,1033.476060724017,0.0,1033.476060724017
1668420539.3691175,2.775,0.0,46.97754789,-2.0,1.0,0.0,1033.476060724017,0.0,1033.476060724017
1668420599.259585,2.773,-0.0019999999999997,45.0090521,-2.0,1.0,0.0,1033.476060724017,0.0,1033.476060724017
1668420659.246168,2.776,0.0029999999999996,48.11644546,-2.0,1.0,0.0,1033.476060724017,0.0,1033.476060724017
1668420719.4788225,2.771,-0.0049999999999998,43.49054924,-2.0,1.0,0.0,1033.476060724017,0.0,1033.476060724017
1668420780.462871,2.778,0.0070000000000001,50.74873912,-2.0,1.0,0.0,1033.476060724017,0.0,1033.476060724017
1668420839.3652475,2.774,-0.004,46.47122132,-2.0,1.0,0.0,1033.476060724017,0.0,1033.476060724017
1668420899.3643565,2.778,0.004,51.36959307,-2.0,1.0,0.0,1033.476060724017,0.0,1033.476060724017
1668420959.4315436,2.772,-0.0060000000000002,44.75395457,-2.0,1.0,0.0,1033.476060724017,0.0,1033.476060724017
1668421019.341652,2.78,0.008,53.43537961,-2.0,1.0,0.0,1033.476060724017,0.0,1033.476060724017
1668421079.4083056,2.775,-0.0049999999999998,48.1836751,-2.0,1.0,0.0,1033.476060724017,0.0,1033.476060724017
1668421139.407179,2.774,-0.0009999999999998,47.04096744,-2.0,1.0,0.0,1033.476060724017,0.0,1033.476060724017
1668421199.3003953,2.776,0.0019999999999997,49.61464547,-2.0,1.0,0.0,1033.476060724017,0.0,1033.476060724017
1668421260.0189505,2.779,0.0030000000000001,52.81832619,-2.0,1.0,0.0,1033.476060724017,0.0,1033.476060724017
1668421319.3564155,2.779,0.0,52.73305985,-2.0,1.0,0.0,1033.476060724017,0.0,1033.476060724017
1668421379.3806474,2.78,0.0009999999999998,53.86936677,-2.0,1.0,0.0,1033.476060724017,0.0,1033.476060724017
1668421439.463292,2.78,0.0,53.86936677,-2.0,1.0,0.0,1033.476060724017,0.0,1033.476060724017
1668421499.4223952,2.777,-0.0029999999999996,49.71136676,-2.0,1.0,0.0,1033.476060724017,0.0,1033.476060724017
1668421559.517116,2.777,0.0,49.71136676,-2.0,1.0,0.0,1033.476060724017,0.0,1033.476060724017
1668421619.4496756,2.782,0.0049999999999998,55.66705328,-2.0,1.0,0.0,1033.476060724017,0.0,1033.476060724017
1668421679.397405,2.778,-0.004,51.26658641,-2.0,1.0,0.0,1033.476060724017,0.0,1033.476060724017
1668421740.3687956,2.778,0.0,51.32506322,-2.0,1.0,0.0,1033.476060724017,0.0,1033.476060724017
1668421799.391171,2.781,0.0030000000000001,53.72192472,-2.0,1.0,0.0,1033.476060724017,0.0,1033.476060724017
1668421859.4647443,2.777,-0.004,49.54878085,-2.0,1.0,0.0,1033.476060724017,0.0,1033.476060724017
1668421919.4316075,2.783,0.0059999999999997,55.2108638,-2.0,1.0,0.0,1033.476060724017,0.0,1033.476060724017
1668421979.4707146,2.783,0.0,55.2108638,-2.0,1.0,0.0,1033.476060724017,0.0,1033.476060724017
1668422039.3561215,2.785,0.0020000000000002,57.02862385,-2.0,1.0,0.0,1033.476060724017,0.0,1033.476060724017
1668422099.3299272,2.788,0.0029999999999996,59.53666845,-2.0,1.0,0.0,1033.476060724017,0.0,1033.476060724017
1668422159.3244529,2.788,0.0,59.53666845,-2.0,1.0,0.0,1033.476060724017,0.0,1033.476060724017
1668422220.6505702,2.788,0.0,59.53666845,-2.0,1.0,0.0,1033.476060724017,0.0,1033.476060724017
1668422279.484782,2.793,0.0050000000000003,63.83306619,-2.0,1.0,0.0,1033.476060724017,0.0,1033.476060724017
1668422339.4186056,2.798,0.0049999999999998,67.54430146,-2.0,1.0,0.0,1033.476060724017,0.0,1033.476060724017
1668422399.3072004,2.791,-0.0070000000000001,59.56089498,-2.0,1.0,0.0,1033.476060724017,0.0,1033.476060724017
1668422459.4031394,2.795,0.004,64.69989604,-2.0,1.0,0.0,1033.476060724017,0.0,1033.476060724017
1668422519.3562746,2.794,-0.0009999999999998,63.01003785,-2.0,1.0,0.0,1033.476060724017,0.0,1033.476060724017
1668422579.6418836,2.79,-0.004,57.04983472,-2.0,1.0,0.0,1033.476060724017,0.0,1033.476060724017
1668422639.4824052,2.79,0.0,57.04983472,-2.0,1.0,0.0,1033.476060724017,0.0,1033.476060724017
1668422700.361619,2.793,0.0030000000000001,59.02900863,-2.0,1.0,0.0,1033.476060724017,0.0,1033.476060724017
1668422759.6020362,2.792,-0.0010000000000003,57.42804025,-2.0,1.0,0.0,1033.476060724017,0.0,1033.476060724017
1668422819.516506,2.795,0.0030000000000001,60.41066803,-2.0,1.0,0.0,1033.476060724017,0.0,1033.476060724017
1668422879.460904,2.796,0.0009999999999998,61.38191478,-2.0,1.0,0.0,1033.476060724017,0.0,1033.476060724017
1668422939.4760585,2.795,-0.0009999999999998,60.41066803,-2.0,1.0,0.0,1033.476060724017,0.0,1033.476060724017
1668422999.4347212,2.785,-0.0099999999999997,47.53576387,-2.0,1.0,0.0,1033.476060724017,0.0,1033.476060724017
1668423059.567449,2.788,0.0029999999999996,50.91548457,-2.0,1.0,0.0,1033.476060724017,0.0,1033.476060724017
1668423119.4366448,2.797,0.0090000000000003,58.92200933,-2.0,1.0,0.0,1033.476060724017,0.0,1033.476060724017
1668423180.2208958,2.792,-0.0050000000000003,53.36134098,-2.0,1.0,0.0,1033.476060724017,0.0,1033.476060724017
1668423239.362391,2.798,0.0060000000000002,58.43106452,-2.0,1.0,0.0,1033.476060724017,0.0,1033.476060724017
1668423299.4719388,2.792,-0.0060000000000002,52.30771998,-2.0,1.0,0.0,1033.476060724017,0.0,1033.476060724017
1668423359.689282,2.792,0.0,52.09773396,-2.0,1.0,0.0,1033.476060724017,0.0,1033.476060724017
1668423419.4523084,2.79,-0.0019999999999997,50.14657323,-2.0,1.0,0.0,1033.476060724017,0.0,1033.476060724017
1668423479.490055,2.794,0.004,53.87978986,-2.0,1.0,0.0,1033.476060724017,0.0,1033.476060724017
1668423539.5685258,2.792,-0.0020000000000002,51.79439792,-2.0,1.0,0.0,1033.476060724017,0.0,1033.476060724017
1668423599.446308,2.792,0.0,51.79439792,-2.0,1.0,0.0,1033.476060724017,0.0,1033.476060724017
1668423660.6940598,2.792,0.0,51.79439792,-2.0,1.0,0.0,1033.476060724017,0.0,1033.476060724017
1668423719.4905276,2.79,-0.0019999999999997,49.56932539,-2.0,1.0,0.0,1033.476060724017,0.0,1033.476060724017
1668423779.43646,2.79,0.0,49.56932539,-2.0,1.0,0.0,1033.476060724017,0.0,1033.476060724017
1668423839.4655,2.794,0.004,53.84040847,-2.0,1.0,0.0,1033.476060724017,0.0,1033.476060724017
1668423899.5709972,2.793,-0.0009999999999998,52.64012225,-2.0,1.0,0.0,1033.476060724017,0.0,1033.476060724017
1668423959.4983344,2.794,0.0009999999999998,53.75049363,-2.0,1.0,0.0,1033.476060724017,0.0,1033.476060724017
1668424019.497863,2.798,0.004,57.71595904,-2.0,1.0,0.0,1033.476060724017,0.0,1033.476060724017
1668424079.5175283,2.798,0.0,57.71595904,-2.0,1.0,0.0,1033.476060724017,0.0,1033.476060724017
1668424140.532386,2.796,-0.0020000000000002,55.16891646,-2.0,1.0,0.0,1033.476060724017,0.0,1033.476060724017
1668424199.3845725,2.798,0.0020000000000002,57.2028637,-2.0,1.0,0.0,1033.476060724017,0.0,1033.476060724017
1668424259.7075846,2.798,0.0,57.2028637,-2.0,1.0,0.0,1033.476060724017,0.0,1033.476060724017
1668424319.5622742,2.794,-0.004,51.75629496,-2.0,1.0,0.0,1033.476060724017,0.0,1033.476060724017
1668424379.5971427,2.794,0.0,51.75629496,-2.0,1.0,0.0,1033.476060724017,0.0,1033.476060724017
1668424439.4229598,2.797,0.0030000000000001,55.44624244,-2.0,1.0,0.0,1033.476060724017,0.0,1033.476060724017
1668424499.470104,2.8,0.0029999999999996,58.68710453,-2.0,1.0,0.0,1033.476060724017,0.0,1033.476060724017
1668424559.5594184,2.798,-0.0019999999999997,54.95395853,-2.0,1.0,0.0,1033.476060724017,0.0,1033.476060724017
1668424620.709162,2.796,-0.0020000000000002,52.29317045,-2.0,1.0,0.0,1033.476060724017,0.0,1033.476060724017
1668424679.6466043,2.796,0.0,52.29317045,-2.0,1.0,0.0,1033.476060724017,0.0,1033.476060724017
1668424739.3683083,2.805,0.0090000000000003,58.25652875,-2.0,1.0,0.0,1033.476060724017,0.0,1033.476060724017
1668424799.3516192,2.789,-0.016,45.00484506,-2.0,1.0,0.0,1033.476060724017,0.0,1033.476060724017
1668424859.477708,2.785,-0.004,42.4077019,-2.0,1.0,0.0,1033.476060724017,0.0,1033.476060724017
1668424919.4318044,2.795,0.0099999999999997,50.23130881,-2.0,1.0,0.0,1033.476060724017,0.0,1033.476060724017
1668424979.452711,2.797,0.0020000000000002,51.64028391,-2.0,1.0,0.0,1033.476060724017,0.0,1033.476060724017
1668425039.5439951,2.796,-0.0010000000000003,50.9198111,-2.0,1.0,0.0,1033.476060724017,0.0,1033.476060724017
1668425100.7260506,2.793,-0.0029999999999996,48.58145675,-2.0,1.0,0.0,1033.476060724017,0.0,1033.476060724017
1668425159.463109,2.787,-0.0060000000000002,43.90480574,-2.0,1.0,0.0,1033.476060724017,0.0,1033.476060724017
1668425219.4314475,2.79,0.0030000000000001,46.12489171,-2.0,1.0,0.0,1033.476060724017,0.0,1033.476060724017
1668425279.4619331,2.787,-0.0030000000000001,43.68500219,-2.0,1.0,0.0,1033.476060724017,0.0,1033.476060724017
1668425339.6338727,2.791,0.004,47.84455974,-2.0,1.0,0.0,1033.476060724017,0.0,1033.476060724017
1668425399.4608097,2.79,-0.0009999999999998,46.9564846,-2.0,1.0,0.0,1033.476060724017,0.0,1033.476060724017
1668425459.8595984,2.79,0.0,46.9564846,-2.0,1.0,0.0,1033.476060724017,0.0,1033.476060724017
1668425519.455,2.791,0.0009999999999998,48.0324695,-2.0,1.0,0.0,1033.476060724017,0.0,1033.476060724017
1668425580.6643436,2.786,-0.0049999999999998,43.85015918,-2.0,1.0,0.0,1033.476060724017,0.0,1033.476060724017
1668425639.5258925,2.789,0.0030000000000001,46.26732814,-2.0,1.0,0.0,1033.476060724017,0.0,1033.476060724017
1668425699.8679426,2.789,0.0,46.26732814,-2.0,1.0,0.0,1033.476060724017,0.0,1033.476060724017
1668425759.6066506,2.789,0.0,46.26732814,-2.0,1.0,0.0,1033.476060724017,0.0,1033.476060724017
1668425819.6111448,2.797,0.008,54.09348053,-2.0,1.0,0.0,1033.476060724017,0.0,1033.476060724017
1668425879.6338391,2.789,-0.008,46.55022063,-2.0,1.0,0.0,1033.476060724017,0.0,1033.476060724017
1668425939.516795,2.789,0.0,46.55022063,-2.0,1.0,0.0,1033.476060724017,0.0,1033.476060724017
1668425999.7136545,2.789,0.0,46.55022063,-2.0,1.0,0.0,1033.476060724017,0.0,1033.476060724017
1668426060.720684,2.782,-0.0070000000000001,40.58499724,-2.0,1.0,0.0,1033.476060724017,0.0,1033.476060724017
1668426119.6322591,2.785,0.0030000000000001,42.94343812,-2.0,1.0,0.0,1033.476060724017,0.0,1033.476060724017
1668426179.566616,2.781,-0.004,39.63613365,-2.0,1.0,0.0,1033.476060724017,0.0,1033.476060724017
1668426239.6303144,2.785,0.004,42.94343812,-2.0,1.0,0.0,1033.476060724017,0.0,1033.476060724017
1668426299.5937655,2.78,-0.0050000000000003,39.71361358,-2.0,1.0,0.0,1033.476060724017,0.0,1033.476060724017
1668426359.6412446,2.777,-0.0029999999999996,37.62519356,-2.0,1.0,0.0,1033.476060724017,0.0,1033.476060724017
1668426419.5319097,2.782,0.0049999999999998,43.38042946,-2.0,1.0,0.0,1033.476060724017,0.0,1033.476060724017
1668426479.520907,2.786,0.004,47.54984664,-2.0,1.0,0.0,1033.476060724017,0.0,1033.476060724017
1668426540.4293466,2.792,0.0059999999999997,53.1257938,-2.0,1.0,0.0,1033.476060724017,0.0,1033.476060724017
1668426599.418014,2.788,-0.004,49.55027176,-2.0,1.0,0.0,1033.476060724017,0.0,1033.476060724017
1668426659.5214517,2.788,0.0,49.55027176,-2.0,1.0,0.0,1033.476060724017,0.0,1033.476060724017
1668426719.639443,2.788,0.0,49.55027176,-2.0,1.0,0.0,1033.476060724017,0.0,1033.476060724017
1668426779.5425453,2.787,-0.0009999999999998,48.39755395,-2.0,1.0,0.0,1033.476060724017,0.0,1033.476060724017
1668426839.4914377,2.789,0.0020000000000002,50.72391417,-2.0,1.0,0.0,1033.476060724017,0.0,1033.476060724017
1668426899.5083554,2.79,0.0009999999999998,52.01846895,-2.0,1.0,0.0,1033.476060724017,0.0,1033.476060724017
1668426959.6288617,2.791,0.0009999999999998,53.33862847,-2.0,1.0,0.0,1033.476060724017,0.0,1033.476060724017
1668427020.7680976,2.79,-0.0009999999999998,51.80366694,-2.0,1.0,0.0,1033.476060724017,0.0,1033.476060724017
1668427079.5558772,2.789,-0.0009999999999998,50.24646182,-2.0,1.0,0.0,1033.476060724017,0.0,1033.476060724017
1668427139.6882532,2.786,-0.0030000000000001,45.89540249,-2.0,1.0,0.0,1033.476060724017,0.0,1033.476060724017
1668427199.6222212,2.782,-0.004,41.04124145,-2.0,1.0,0.0,1033.476060724017,0.0,1033.476060724017
1668427259.9522662,2.782,0.0,41.04124145,-2.0,1.0,0.0,1033.476060724017,0.0,1033.476060724017
1668427319.9874806,2.784,0.0019999999999997,44.8390918,-2.0,1.0,0.0,1033.476060724017,0.0,1033.476060724017
1668427379.6959467,2.784,0.0,44.8390918,-2.0,1.0,0.0,1033.476060724017,0.0,1033.476060724017
1668427439.479232,2.772,-0.012,32.68573014,-1.0,1.0,0.0,1033.476060724017,0.0,1033.476060724017
1668427500.3154805,2.77,-0.0019999999999997,31.24007131,-1.0,1.0,0.0,1033.476060724017,0.0,1033.476060724017
1668427559.536539,2.767,-0.0030000000000001,29.15690032,-1.0,1.0,0.0,1033.476060724017,0.0,1033.476060724017
1668427619.6943743,2.772,0.0049999999999998,36.72954052,2.0,0.0,1.0,0.0,372.8268617330509,1033.476060724017
1668427679.8832824,2.769,-0.0029999999999996,34.35655387,2.0,0.0,1.0,0.0,372.8268617330509,1032.357580138818
1668427739.888702,2.765,-0.004,31.34486824,2.0,0.0,1.0,0.0,372.8268617330509,1030.8662726918858
1668427799.8448117,2.763,-0.0020000000000002,29.97862968,2.0,0.0,1.0,0.0,372.8268617330509,1030.1206189684196
1668427859.6898468,2.763,0.0,31.79438216,2.0,0.0,1.0,0.0,372.8268617330509,1030.1206189684196
1668427919.7587445,2.764,0.0009999999999998,33.339395,2.0,0.0,1.0,0.0,372.8268617330509,1030.4934458301527
1668427979.895232,2.769,0.0050000000000003,40.58630988,2.0,0.0,1.0,0.0,372.8268617330509,1032.357580138818
1668428039.6534116,2.769,0.0,40.58630988,2.0,0.0,1.0,0.0,372.8268617330509,1032.357580138818
1668428099.6879773,2.769,0.0,40.58630988,2.0,0.0,1.0,0.0,372.8268617330509,1032.357580138818
1668428159.695704,2.768,-0.0010000000000003,40.72487138,2.0,0.0,1.0,0.0,372.8268617330509,1031.9847532770848
1668428219.7337103,2.769,0.0010000000000003,42.88553088,2.0,0.0,1.0,0.0,372.8268617330509,1032.357580138818
1668428279.7824206,2.77,0.0009999999999998,43.85246736,2.0,0.0,1.0,0.0,372.8268617330509,1032.730407000551
1668428339.7656617,2.769,-0.0009999999999998,42.7349865,2.0,0.0,1.0,0.0,372.8268617330509,1032.357580138818
1668428399.8425736,2.767,-0.0020000000000002,40.66259798,2.0,0.0,1.0,0.0,372.8268617330509,1031.611926415352
1668428459.685992,2.764,-0.0030000000000001,37.70863934,2.0,0.0,1.0,0.0,372.8268617330509,1030.4934458301527
1668428520.1802864,2.763,-0.0009999999999998,36.75026927,2.0,0.0,1.0,0.0,372.8268617330509,1030.1206189684196
1668428579.6897938,2.763,0.0,36.75026927,2.0,0.0,1.0,0.0,372.8268617330509,1030.1206189684196
1668428639.5364876,2.766,0.0030000000000001,41.54965236,2.0,0.0,1.0,0.0,372.8268617330509,1031.2390995536189
1668428699.717495,2.768,0.0019999999999997,44.36408409,2.0,0.0,1.0,0.0,372.8268617330509,1031.9847532770848
1668428759.555088,2.772,0.004,49.59188191,2.0,0.0,1.0,0.0,372.8268617330509,1033.476060724017
1668428819.5986595,2.774,0.0020000000000002,52.34736108,2.0,0.0,1.0,0.0,372.8268617330509,1034.2217144474832
1668428879.537001,2.776,0.0019999999999997,54.60227124,2.0,0.0,1.0,0.0,372.8268617330509,1034.9673681709494
1668428939.6913674,2.778,0.0020000000000002,56.72583475,2.0,0.0,1.0,0.0,372.8268617330509,1035.7130218944155
1668428999.7443252,2.778,0.0,56.72583475,2.0,0.0,1.0,0.0,372.8268617330509,1035.7130218944155
1668429059.5946655,2.781,0.0030000000000001,59.76602012,2.0,0.0,1.0,0.0,372.8268617330509,1036.8315024796148
1668429119.5951765,2.781,0.0,59.76602012,2.0,0.0,1.0,0.0,372.8268617330509,1036.8315024796148
1668429179.801001,2.78,-0.0010000000000003,58.18573305,2.0,0.0,1.0,0.0,372.8268617330509,1036.4586756178817
1668429239.7017324,2.789,0.0090000000000003,66.77364668,1.0,0.0,1.0,0.0,372.8268617330509,1039.8141173734791
1668429299.699998,2.795,0.0059999999999997,71.20023075,1.0,0.0,1.0,0.0,372.8268617330509,1042.051078543877
1668429359.692206,2.798,0.0030000000000001,73.03991279,1.0,0.0,1.0,0.0,372.8268617330509,1043.1695591290766
1668429419.678557,2.794,-0.004,66.27419198,1.0,0.0,1.0,0.0,372.8268617330509,1041.6782516821445
1668429480.3703544,2.792,-0.0020000000000002,64.00005568,-2.0,1.0,0.0,1040.932597958678,0.0,1040.932597958678
1668429539.7047117,2.793,0.0010000000000003,65.52701348,-2.0,1.0,0.0,1040.932597958678,0.0,1040.932597958678
1668429599.7672858,2.794,0.0009999999999998,63.44515322,-2.0,1.0,0.0,1040.932597958678,0.0,1040.932597958678
1668429659.734033,2.795,0.0009999999999998,64.26770288,-2.0,1.0,0.0,1040.932597958678,0.0,1040.932597958678
1668429719.646226,2.797,0.0020000000000002,65.91943139,-2.0,1.0,0.0,1040.932597958678,0.0,1040.932597958678
1668429780.0008054,2.795,-0.0020000000000002,63.49528957,-2.0,1.0,0.0,1040.932597958678,0.0,1040.932597958678
1668429839.9344287,2.798,0.0030000000000001,66.20786917,-2.0,1.0,0.0,1040.932597958678,0.0,1040.932597958678
1668429899.7534409,2.797,-0.0009999999999998,64.48768943,-2.0,1.0,0.0,1040.932597958678,0.0,1040.932597958678
1668429960.4843771,2.797,0.0,64.48768943,-2.0,1.0,0.0,1040.932597958678,0.0,1040.932597958678
1668430019.7332675,2.797,0.0,64.48768943,-2.0,1.0,0.0,1040.932597958678,0.0,1040.932597958678
1668430079.5946136,2.799,0.0019999999999997,66.36964903,-2.0,1.0,0.0,1040.932597958678,0.0,1040.932597958678
1668430139.792151,2.798,-0.0009999999999998,65.45428129,-2.0,1.0,0.0,1040.932597958678,0.0,1040.932597958678
1668430199.6748862,2.798,0.0,65.45428129,-2.0,1.0,0.0,1040.932597958678,0.0,1040.932597958678
1668430259.610637,2.798,0.0,65.45428129,-2.0,1.0,0.0,1040.932597958678,0.0,1040.932597958678
1668430319.8125286,2.798,0.0,65.45428129,-2.0,1.0,0.0,1040.932597958678,0.0,1040.932597958678
1668430379.6673725,2.798,0.0,65.45428129,-2.0,1.0,0.0,1040.932597958678,0.0,1040.932597958678
1668430440.3268402,2.8,0.0019999999999997,67.36735274,-2.0,1.0,0.0,1040.932597958678,0.0,1040.932597958678
1668430500.0092762,2.799,-0.0009999999999998,64.5033782,-2.0,1.0,0.0,1040.932597958678,0.0,1040.932597958678
1668430559.768427,2.799,0.0,64.5033782,-2.0,1.0,0.0,1040.932597958678,0.0,1040.932597958678
1668430619.6365323,2.797,-0.0019999999999997,60.90584187,-2.0,1.0,0.0,1040.932597958678,0.0,1040.932597958678
1668430679.707541,2.799,0.0019999999999997,64.5033782,-2.0,1.0,0.0,1040.932597958678,0.0,1040.932597958678
1668430739.757892,2.801,0.0020000000000002,65.5457951,-2.0,1.0,0.0,1040.932597958678,0.0,1040.932597958678
1668430799.6067626,2.801,0.0,65.5457951,-2.0,1.0,0.0,1040.932597958678,0.0,1040.932597958678
1668430859.75673,2.804,0.0029999999999996,68.61974713,-2.0,1.0,0.0,1040.932597958678,0.0,1040.932597958678
1668430920.425213,2.803,-0.0009999999999998,66.49025385,-2.0,1.0,0.0,1040.932597958678,0.0,1040.932597958678
1668430979.9322896,2.804,0.0009999999999998,67.65441096,-2.0,1.0,0.0,1040.932597958678,0.0,1040.932597958678
1668431040.5410926,2.803,-0.0009999999999998,65.21452529,-2.0,1.0,0.0,1040.932597958678,0.0,1040.932597958678
1668431100.6362083,2.804,0.0009999999999998,66.51501855,-2.0,1.0,0.0,1040.932597958678,0.0,1040.932597958678
1668431160.3890836,2.814,0.0100000000000002,76.12682528,-2.0,1.0,0.0,1040.932597958678,0.0,1040.932597958678
1668431221.499262,2.819,0.0049999999999998,79.32278755,-2.0,1.0,0.0,1040.932597958678,0.0,1040.932597958678
1668431281.5309896,2.799,-0.02,50.23630939,-2.0,1.0,0.0,1040.932597958678,0.0,1040.932597958678
1668431341.545581,2.806,0.0070000000000001,56.08435497,-2.0,1.0,0.0,1040.932597958678,0.0,1040.932597958678
1668431402.2327049,2.791,-0.0150000000000001,43.27100972,-2.0,1.0,0.0,1040.932597958678,0.0,1040.932597958678
1668431462.932148,2.792,0.0009999999999998,43.90334518,-2.0,1.0,0.0,1040.932597958678,0.0,1040.932597958678
1668431522.0733078,2.796,0.004,47.7574585,-2.0,1.0,0.0,1040.932597958678,0.0,1040.932597958678
1668431582.9181154,2.812,0.016,61.09422646,-2.0,1.0,0.0,1040.932597958678,0.0,1040.932597958678
1668431643.1361935,2.839,0.0270000000000001,73.44605443,-2.0,1.0,0.0,1040.932597958678,0.0,1040.932597958678
1668431703.03782,2.867,0.028,78.88301897,-2.0,1.0,0.0,1040.932597958678,0.0,1040.932597958678
1668431763.9686737,2.867,0.0,75.1734917,-2.0,1.0,0.0,1040.932597958678,0.0,1040.932597958678
1668431823.9774065,2.859,-0.008,69.92962742,-2.0,1.0,0.0,1040.932597958678,0.0,1040.932597958678
1668431883.996927,2.849,-0.0099999999999997,64.00518324,-2.0,1.0,0.0,1040.932597958678,0.0,1040.932597958678
1668431944.887881,2.858,0.0089999999999998,65.85042,-2.0,1.0,0.0,1040.932597958678,0.0,1040.932597958678
1668432004.8507457,2.855,-0.0030000000000001,64.18812111,-2.0,1.0,0.0,1040.932597958678,0.0,1040.932597958678
1668432064.782125,2.85,-0.0049999999999998,61.40588493,-2.0,1.0,0.0,1040.932597958678,0.0,1040.932597958678
1668432125.6083438,2.856,0.0059999999999997,63.45306578,-2.0,1.0,0.0,1040.932597958678,0.0,1040.932597958678
1668432185.5790322,2.863,0.0070000000000001,65.71468947,-2.0,1.0,0.0,1040.932597958678,0.0,1040.932597958678
1668432245.648285,2.886,0.0230000000000001,71.92552298,-2.0,1.0,0.0,1040.932597958678,0.0,1040.932597958678
1668432306.5786717,2.884,-0.0020000000000002,70.02203517,-2.0,1.0,0.0,1040.932597958678,0.0,1040.932597958678
1668432366.7221766,2.878,-0.0059999999999997,66.66555008,-2.0,1.0,0.0,1040.932597958678,0.0,1040.932597958678
1668432426.6249397,2.879,0.0009999999999998,66.96034043,-2.0,1.0,0.0,1040.932597958678,0.0,1040.932597958678
1668432487.4771383,2.879,0.0,66.96034043,-2.0,1.0,0.0,1040.932597958678,0.0,1040.932597958678
1668432547.4782493,2.889,0.0099999999999997,70.01383417,-2.0,1.0,0.0,1040.932597958678,0.0,1040.932597958678
1668432607.4079163,2.894,0.0050000000000003,71.34738324,-2.0,1.0,0.0,1040.932597958678,0.0,1040.932597958678
1668432668.4338834,2.895,0.0009999999999998,69.5141177,-2.0,1.0,0.0,1040.932597958678,0.0,1040.932597958678
1668432728.2000363,2.887,-0.008,64.3996561,-2.0,1.0,0.0,1040.932597958678,0.0,1040.932597958678
1668432788.1528246,2.884,-0.0030000000000001,62.52512575,-2.0,1.0,0.0,1040.932597958678,0.0,1040.932597958678
1668432849.3749757,2.88,-0.004,60.05970959,-2.0,1.0,0.0,1040.932597958678,0.0,1040.932597958678
1668432909.4197955,2.892,0.012,65.29476847,-2.0,1.0,0.0,1040.932597958678,0.0,1040.932597958678
1668432969.4328623,2.89,-0.0019999999999997,63.57821194,-2.0,1.0,0.0,1040.932597958678,0.0,1040.932597958678
1668433030.2295847,2.886,-0.004,60.82979965,-2.0,1.0,0.0,1040.932597958678,0.0,1040.932597958678
1668433090.2014868,2.873,-0.0129999999999999,52.8357076,-2.0,1.0,0.0,1040.932597958678,0.0,1040.932597958678
1668433150.244779,2.87,-0.0030000000000001,51.16467261,-2.0,1.0,0.0,1040.932597958678,0.0,1040.932597958678
1668433210.8925188,2.876,0.0059999999999997,54.36438088,-2.0,1.0,0.0,1040.932597958678,0.0,1040.932597958678
1668433270.9442978,2.874,-0.0019999999999997,52.9705714,-2.0,1.0,0.0,1040.932597958678,0.0,1040.932597958678
1668433330.98402,2.88,0.0059999999999997,56.68756627,-2.0,1.0,0.0,1040.932597958678,0.0,1040.932597958678
1668433391.7259598,2.875,-0.0049999999999998,53.19680044,-2.0,1.0,0.0,1040.932597958678,0.0,1040.932597958678
1668433451.6936994,2.875,0.0,53.19680044,-2.0,1.0,0.0,1040.932597958678,0.0,1040.932597958678
1668433511.7091458,2.872,-0.0030000000000001,50.95958808,-2.0,1.0,0.0,1040.932597958678,0.0,1040.932597958678
1668433572.8592105,2.87,-0.0019999999999997,49.43069446,-2.0,1.0,0.0,1040.932597958678,0.0,1040.932597958678
1668433632.6476688,2.876,0.0059999999999997,53.89923244,-2.0,1.0,0.0,1040.932597958678,0.0,1040.932597958678
1668433692.948495,2.881,0.0049999999999998,57.33471048,-2.0,1.0,0.0,1040.932597958678,0.0,1040.932597958678
1668433753.3516116,2.882,0.0010000000000003,57.99864677,-2.0,1.0,0.0,1040.932597958678,0.0,1040.932597958678
1668433813.3547847,2.815,-0.0670000000000001,26.78722545,-1.0,1.0,0.0,1040.932597958678,0.0,1040.932597958678
1668433873.3539107,2.767,-0.048,18.82723848,-1.0,1.0,0.0,1040.932597958678,0.0,1040.932597958678
1668433934.280925,2.721,-0.0459999999999998,15.93104807,-1.0,1.0,0.0,1040.932597958678,0.0,1040.932597958678
1668433994.5787396,2.755,0.0339999999999998,28.70816493,-1.0,1.0,0.0,1040.932597958678,0.0,1040.932597958678
1668434054.16334,2.747,-0.008,27.87440563,-1.0,1.0,0.0,1040.932597958678,0.0,1040.932597958678
1668434115.2069874,2.742,-0.0049999999999998,26.96965852,-1.0,1.0,0.0,1040.932597958678,0.0,1040.932597958678
1668434175.1678936,2.751,0.0089999999999998,30.11630655,-1.0,1.0,0.0,1040.932597958678,0.0,1040.932597958678
1668434235.3103878,2.812,0.0609999999999999,47.54355967,2.0,0.0,1.0,0.0,370.1751770834559,1040.932597958678
1668434295.9991777,2.79,-0.0219999999999997,43.37862958,2.0,0.0,1.0,0.0,370.1751770834559,1032.788744062842
1668434355.8740816,2.785,-0.0049999999999998,42.93458327,2.0,0.0,1.0,0.0,370.1751770834559,1030.937868177425
1668434416.1484573,2.782,-0.0030000000000001,42.18945436,2.0,0.0,1.0,0.0,370.1751770834559,1029.8273426461742
1668434477.2368994,2.761,-0.0209999999999999,38.39615752,2.0,0.0,1.0,0.0,370.1751770834559,1022.0536639274218
1668434536.6446457,2.771,0.0099999999999997,41.10337519,2.0,0.0,1.0,0.0,370.1751770834559,1025.7554156982562
1668434596.8469868,2.767,-0.004,40.04067484,2.0,0.0,1.0,0.0,370.1751770834559,1024.2747149899224
1668434658.1486,2.77,0.0030000000000001,40.86492208,2.0,0.0,1.0,0.0,370.1751770834559,1025.3852405211728
1668434718.0381987,2.767,-0.0030000000000001,40.14518802,2.0,0.0,1.0,0.0,370.1751770834559,1024.2747149899224
1668434777.9714928,2.78,0.0129999999999999,44.2453151,2.0,0.0,1.0,0.0,370.1751770834559,1029.0869922920074
1668434838.95118,2.785,0.0050000000000003,45.8457706,2.0,0.0,1.0,0.0,370.1751770834559,1030.937868177425
1668434899.130718,2.798,0.0129999999999999,50.10856667,2.0,0.0,1.0,0.0,370.1751770834559,1035.7501454795097
1668434958.9618015,2.788,-0.0100000000000002,46.85220135,2.0,0.0,1.0,0.0,370.1751770834559,1032.048393708675
1668435020.7983444,2.792,0.004,48.19911636,2.0,0.0,1.0,0.0,370.1751770834559,1033.5290944170088
1668435079.7200434,2.789,-0.0029999999999996,47.11357083,2.0,0.0,1.0,0.0,370.1751770834559,1032.4185688857583
1668435139.759163,2.782,-0.0070000000000001,44.75986791,2.0,0.0,1.0,0.0,370.1751770834559,1029.8273426461742
1668435200.568474,2.783,0.0009999999999998,45.3319733,2.0,0.0,1.0,0.0,370.1751770834559,1030.1975178232576
1668435260.391745,2.778,-0.0049999999999998,43.57389481,2.0,0.0,1.0,0.0,370.1751770834559,1028.3466419378403
1668435320.519135,2.774,-0.004,41.96006728,2.0,0.0,1.0,0.0,370.1751770834559,1026.8659412295067
1668435381.5293994,2.772,-0.0020000000000002,41.1915292,2.0,0.0,1.0,0.0,370.1751770834559,1026.1255908753396
1668435441.446139,2.764,-0.008,38.3545141,2.0,0.0,1.0,0.0,370.1751770834559,1023.164189458672
1668435502.495314,2.763,-0.0009999999999998,37.95237222,2.0,0.0,1.0,0.0,370.1751770834559,1022.7940142815886
1668435562.3124752,2.763,0.0,38.09925193,2.0,0.0,1.0,0.0,370.1751770834559,1022.7940142815886
1668435622.2820735,2.749,-0.0139999999999997,34.27899595,2.0,0.0,1.0,0.0,370.1751770834559,1017.6115618024204
1668435682.1756544,2.754,0.0049999999999998,38.4750538,2.0,0.0,1.0,0.0,370.1751770834559,1019.4624376878376
1668435743.040381,2.748,-0.0059999999999997,35.05624327,2.0,0.0,1.0,0.0,370.1751770834559,1017.2413866253368
1668435803.028643,2.74,-0.008,32.41973467,2.0,0.0,1.0,0.0,370.1751770834559,1014.2799852086692
1668435862.935558,2.75,0.0099999999999997,38.14038279,2.0,0.0,1.0,0.0,370.1751770834559,1017.9817369795036
1668435923.9867406,2.749,-0.0009999999999998,37.80723646,2.0,0.0,1.0,0.0,370.1751770834559,1017.6115618024204
1668435984.4589703,2.745,-0.004,35.95953394,2.0,0.0,1.0,0.0,370.1751770834559,1016.1308610940864
1668436043.939505,2.743,-0.0020000000000002,35.90118508,2.0,0.0,1.0,0.0,370.1751770834559,1015.3905107399196
1668436104.8493838,2.734,-0.0089999999999998,34.07843197,2.0,0.0,1.0,0.0,370.1751770834559,1012.0589341461684
1668436164.7863152,2.741,0.0070000000000001,38.69255285,2.0,0.0,1.0,0.0,370.1751770834559,1014.6501603857528
1668436224.799437,2.738,-0.0030000000000001,36.73482724,2.0,0.0,1.0,0.0,370.1751770834559,1013.5396348545022
1668436285.4984517,2.744,0.0060000000000002,41.40677962,2.0,0.0,1.0,0.0,370.1751770834559,1015.760685917003
1668436345.4739316,2.751,0.0069999999999996,45.48472229,2.0,0.0,1.0,0.0,370.1751770834559,1018.3519121565872
1668436405.5334222,2.745,-0.0059999999999997,41.77907726,2.0,0.0,1.0,0.0,370.1751770834559,1016.1308610940864
1668436466.9207988,2.732,-0.0129999999999999,36.31975851,2.0,0.0,1.0,0.0,370.1751770834559,1011.3185837920016
1668436526.8849778,2.727,-0.0050000000000003,36.17203135,2.0,0.0,1.0,0.0,370.1751770834559,1009.467707906584
1668436586.9370792,2.715,-0.012,31.29840075,2.0,0.0,1.0,0.0,370.1751770834559,1005.0256057815826
1668436648.0620327,2.712,-0.0029999999999996,31.77406059,2.0,0.0,1.0,0.0,370.1751770834559,1003.9150802503324
1668436707.916088,2.712,0.0,31.77406059,2.0,0.0,1.0,0.0,370.1751770834559,1003.9150802503324
1668436768.0848284,2.714,0.0019999999999997,34.18511911,2.0,0.0,1.0,0.0,370.1751770834559,1004.6554306044992
1668436828.857859,2.721,0.0070000000000001,39.13351325,2.0,0.0,1.0,0.0,370.1751770834559,1007.2466568440836
1668436888.8431723,2.718,-0.0030000000000001,37.94591081,2.0,0.0,1.0,0.0,370.1751770834559,1006.1361313128332
1668436948.8950455,2.725,0.0070000000000001,42.5663176,2.0,0.0,1.0,0.0,370.1751770834559,1008.7273575524172
1668437010.036406,2.72,-0.0049999999999998,39.84190759,2.0,0.0,1.0,0.0,370.1751770834559,1006.876481667
1668437070.677943,2.716,-0.004,37.4474869,2.0,0.0,1.0,0.0,370.1751770834559,1005.3957809586664
1668437129.8489847,2.713,-0.0030000000000001,36.00550444,2.0,0.0,1.0,0.0,370.1751770834559,1004.2852554274158
1668437190.605456,2.717,0.004,39.10647639,2.0,0.0,1.0,0.0,370.1751770834559,1005.7659561357495
1668437249.9011712,2.704,-0.0129999999999999,32.41357511,2.0,0.0,1.0,0.0,370.1751770834559,1000.9536788336648
1668437309.8585773,2.715,0.0109999999999996,41.29354041,2.0,0.0,1.0,0.0,370.1751770834559,1005.0256057815826
1668437369.9871647,2.718,0.0030000000000001,43.65419034,2.0,0.0,1.0,0.0,370.1751770834559,1006.1361313128332
1668437429.807175,2.726,0.008,48.05222082,2.0,0.0,1.0,0.0,370.1751770834559,1009.0975327295008
1668437490.04996,2.727,0.0009999999999998,48.66091515,2.0,0.0,1.0,0.0,370.1751770834559,1009.467707906584
1668437549.928719,2.731,0.004,51.10691733,2.0,0.0,1.0,0.0,370.1751770834559,1010.948408614918
1668437610.060704,2.731,0.0,51.10691733,2.0,0.0,1.0,0.0,370.1751770834559,1010.948408614918
1668437670.0142844,2.729,-0.0019999999999997,49.61736593,2.0,0.0,1.0,0.0,370.1751770834559,1010.2080582607512
1668437729.8708966,2.738,0.0089999999999998,55.98912245,2.0,0.0,1.0,0.0,370.1751770834559,1013.5396348545022
1668437789.980365,2.738,0.0,56.08813695,2.0,0.0,1.0,0.0,370.1751770834559,1013.5396348545022
1668437849.8877091,2.742,0.004,58.69038068,2.0,0.0,1.0,0.0,370.1751770834559,1015.020335562836
1668437909.917974,2.741,-0.0009999999999998,57.02412798,2.0,0.0,1.0,0.0,370.1751770834559,1014.6501603857528
1668437970.0129545,2.74,-0.0009999999999998,55.90376702,2.0,0.0,1.0,0.0,370.1751770834559,1014.2799852086692
1668438029.9884598,2.74,0.0,55.77203093,2.0,0.0,1.0,0.0,370.1751770834559,1014.2799852086692
1668438089.893512,2.755,0.0149999999999996,64.77164545,2.0,0.0,1.0,0.0,370.1751770834559,1019.8326128649207
1668438149.9451454,2.748,-0.0069999999999996,59.30666527,2.0,0.0,1.0,0.0,370.1751770834559,1017.2413866253368
1668438210.02325,2.746,-0.0020000000000002,57.58761286,2.0,0.0,1.0,0.0,370.1751770834559,1016.5010362711698
1668438269.9011073,2.749,0.0030000000000001,59.48467219,2.0,0.0,1.0,0.0,370.1751770834559,1017.6115618024204
1668438329.9236205,2.743,-0.0060000000000002,54.01413985,2.0,0.0,1.0,0.0,370.1751770834559,1015.3905107399196
1668438390.0489798,2.746,0.0030000000000001,56.68420601,2.0,0.0,1.0,0.0,370.1751770834559,1016.5010362711698
1668438450.1442893,2.746,0.0,56.51243928,2.0,0.0,1.0,0.0,370.1751770834559,1016.5010362711698
1668438509.9440002,2.75,0.004,59.49835296,2.0,0.0,1.0,0.0,370.1751770834559,1017.9817369795036
1668438569.8837624,2.751,0.0009999999999998,59.79444103,2.0,0.0,1.0,0.0,370.1751770834559,1018.3519121565872
1668438629.901563,2.751,0.0,58.49498999,2.0,0.0,1.0,0.0,370.1751770834559,1018.3519121565872
1668438689.8490522,2.75,-0.0009999999999998,57.77864159,2.0,0.0,1.0,0.0,370.1751770834559,1017.9817369795036
1668438750.0445893,2.747,-0.0030000000000001,54.72701449,2.0,0.0,1.0,0.0,370.1751770834559,1016.8712114482532
1668438809.88933,2.743,-0.004,50.86919072,2.0,0.0,1.0,0.0,370.1751770834559,1015.3905107399196
1668438870.030066,2.748,0.0050000000000003,55.12730647,2.0,0.0,1.0,0.0,370.1751770834559,1017.2413866253368
1668438929.9033556,2.754,0.0059999999999997,59.64696552,2.0,0.0,1.0,0.0,370.1751770834559,1019.4624376878376
1668438989.892415,2.754,0.0,59.64696552,2.0,0.0,1.0,0.0,370.1751770834559,1019.4624376878376
1668439050.0187058,2.754,0.0,59.64696552,2.0,0.0,1.0,0.0,370.1751770834559,1019.4624376878376
1668439109.991069,2.753,-0.0009999999999998,58.42205832,2.0,0.0,1.0,0.0,370.1751770834559,1019.092262510754
1668439169.958214,2.747,-0.0060000000000002,51.99671118,2.0,0.0,1.0,0.0,370.1751770834559,1016.8712114482532
1668439229.995045,2.744,-0.0029999999999996,49.18774888,2.0,0.0,1.0,0.0,370.1751770834559,1015.760685917003
1668439289.8734672,2.738,-0.0060000000000002,44.06103152,2.0,0.0,1.0,0.0,370.1751770834559,1013.5396348545022
1668439350.66022,2.733,-0.0049999999999998,40.09621642,2.0,0.0,1.0,0.0,370.1751770834559,1011.6887589690848
1668439409.978805,2.736,0.0030000000000001,42.25423978,2.0,0.0,1.0,0.0,370.1751770834559,1012.7992845003354
1668439470.218466,2.726,-0.0100000000000002,35.9472825,2.0,0.0,1.0,0.0,370.1751770834559,1009.0975327295008
1668439530.0448227,2.725,-0.0009999999999998,34.84815539,2.0,0.0,1.0,0.0,370.1751770834559,1008.7273575524172
1668439590.023844,2.725,0.0,35.79630571,2.0,0.0,1.0,0.0,370.1751770834559,1008.7273575524172
1668439649.9626515,2.712,-0.0129999999999999,28.59938556,2.0,0.0,1.0,0.0,370.1751770834559,1003.9150802503324
1668439710.086439,2.713,0.0009999999999998,28.88202812,2.0,0.0,1.0,0.0,370.1751770834559,1004.2852554274158
1668439769.9643168,2.709,-0.004,30.58557562,2.0,0.0,1.0,0.0,370.1751770834559,1002.804554719082
1668439830.805256,2.713,0.004,34.63517299,2.0,0.0,1.0,0.0,370.1751770834559,1004.2852554274158
1668439889.9768832,2.704,-0.0089999999999998,29.35596157,2.0,0.0,1.0,0.0,370.1751770834559,1000.9536788336648
1668439949.9495106,2.695,-0.0090000000000003,25.75913293,2.0,0.0,1.0,0.0,370.1751770834559,997.6221022399136
1668440009.8584323,2.707,0.012,36.22523251,2.0,0.0,1.0,0.0,370.1751770834559,1002.064204364915
1668440069.931732,2.717,0.0100000000000002,43.79583646,2.0,0.0,1.0,0.0,370.1751770834559,1005.7659561357495
1668440130.1442697,2.711,-0.0060000000000002,39.43763228,2.0,0.0,1.0,0.0,370.1751770834559,1003.5449050732489
1668440190.1311617,2.705,-0.0059999999999997,36.23990818,2.0,0.0,1.0,0.0,370.1751770834559,1001.3238540107482
1668440250.0905728,2.723,0.0179999999999997,49.742873,2.0,0.0,1.0,0.0,370.1751770834559,1007.9870071982504
1668440311.087779,2.716,-0.0069999999999996,45.30487069,2.0,0.0,1.0,0.0,370.1751770834559,1005.3957809586664
1668440369.992416,2.72,0.004,48.12907571,2.0,0.0,1.0,0.0,370.1751770834559,1006.876481667
1668440430.0960138,2.719,-0.0010000000000003,47.44894229,2.0,0.0,1.0,0.0,370.1751770834559,1006.5063064899164
1668440489.9645748,2.723,0.004,50.21663665,2.0,0.0,1.0,0.0,370.1751770834559,1007.9870071982504
1668440550.0071764,2.721,-0.0019999999999997,48.77337972,2.0,0.0,1.0,0.0,370.1751770834559,1007.2466568440836
1668440610.263462,2.723,0.0019999999999997,50.31131553,2.0,0.0,1.0,0.0,370.1751770834559,1007.9870071982504
1668440669.9905176,2.722,-0.0009999999999998,49.51093173,2.0,0.0,1.0,0.0,370.1751770834559,1007.6168320211668
1668440729.9157774,2.723,0.0009999999999998,50.36135901,2.0,0.0,1.0,0.0,370.1751770834559,1007.9870071982504
1668440790.9895253,2.73,0.0070000000000001,56.17120119,2.0,0.0,1.0,0.0,370.1751770834559,1010.5782334378346
1668440850.08195,2.73,0.0,56.17120119,2.0,0.0,1.0,0.0,370.1751770834559,1010.5782334378346
1668440910.0028086,2.72,-0.0099999999999997,47.31477876,2.0,0.0,1.0,0.0,370.1751770834559,1006.876481667
1668440970.0090284,2.719,-0.0010000000000003,46.70777371,2.0,0.0,1.0,0.0,370.1751770834559,1006.5063064899164
1668441030.3481617,2.723,0.004,50.14792077,2.0,0.0,1.0,0.0,370.1751770834559,1007.9870071982504
1668441090.103099,2.722,-0.0009999999999998,49.29126217,2.0,0.0,1.0,0.0,370.1751770834559,1007.6168320211668
1668441149.9691691,2.737,0.0150000000000001,60.30208838,2.0,0.0,1.0,0.0,370.1751770834559,1013.1694596774188
1668441210.022174,2.737,0.0,59.23105182,2.0,0.0,1.0,0.0,370.1751770834559,1013.1694596774188
1668441270.1894991,2.738,0.0009999999999998,59.41801324,2.0,0.0,1.0,0.0,370.1751770834559,1013.5396348545022
1668441329.9993622,2.74,0.0020000000000002,60.70385757,2.0,0.0,1.0,0.0,370.1751770834559,1014.2799852086692
1668441390.191951,2.74,0.0,60.70385757,2.0,0.0,1.0,0.0,370.1751770834559,1014.2799852086692
1668441450.0484998,2.74,0.0,59.8532711,2.0,0.0,1.0,0.0,370.1751770834559,1014.2799852086692
1668441510.1278763,2.739,-0.0010000000000003,58.80156743,2.0,0.0,1.0,0.0,370.1751770834559,1013.9098100315856
1668441569.992154,2.739,0.0,58.80156743,2.0,0.0,1.0,0.0,370.1751770834559,1013.9098100315856
1668441629.92477,2.74,0.0010000000000003,59.56668735,2.0,0.0,1.0,0.0,370.1751770834559,1014.2799852086692
1668441690.9410057,2.732,-0.008,51.14703129,2.0,0.0,1.0,0.0,370.1751770834559,1011.3185837920016
1668441750.1486804,2.731,-0.0010000000000003,50.07838645,2.0,0.0,1.0,0.0,370.1751770834559,1010.948408614918
1668441810.2066357,2.737,0.0060000000000002,55.70604666,2.0,0.0,1.0,0.0,370.1751770834559,1013.1694596774188
1668441870.097157,2.736,-0.0009999999999998,54.51931272,2.0,0.0,1.0,0.0,370.1751770834559,1012.7992845003354
1668441930.1955853,2.737,0.0009999999999998,55.5393396,2.0,0.0,1.0,0.0,370.1751770834559,1013.1694596774188
1668441990.0960298,2.741,0.004,57.94345182,2.0,0.0,1.0,0.0,370.1751770834559,1014.6501603857528
1668442050.1647696,2.739,-0.0020000000000002,55.75289303,2.0,0.0,1.0,0.0,370.1751770834559,1013.9098100315856
1668442110.1187806,2.737,-0.0019999999999997,53.57181311,2.0,0.0,1.0,0.0,370.1751770834559,1013.1694596774188
1668442170.0887618,2.742,0.0049999999999998,57.99587142,2.0,0.0,1.0,0.0,370.1751770834559,1015.020335562836
1668442230.1217628,2.742,0.0,57.99587142,2.0,0.0,1.0,0.0,370.1751770834559,1015.020335562836
1668442290.1216698,2.724,-0.0179999999999997,42.05959716,2.0,0.0,1.0,0.0,370.1751770834559,1008.357182375334
1668442350.0663378,2.717,-0.0070000000000001,37.77459715,2.0,0.0,1.0,0.0,370.1751770834559,1005.7659561357495
1668442410.1495893,2.711,-0.0060000000000002,34.5221688,2.0,0.0,1.0,0.0,370.1751770834559,1003.5449050732489
1668442470.2080207,2.711,0.0,35.05448592,2.0,0.0,1.0,0.0,370.1751770834559,1003.5449050732489
1668442530.072747,2.713,0.0020000000000002,37.05944114,2.0,0.0,1.0,0.0,370.1751770834559,1004.2852554274158
1668442590.0444963,2.704,-0.0089999999999998,32.2007932,2.0,0.0,1.0,0.0,370.1751770834559,1000.9536788336648
1668442650.1613286,2.691,-0.0130000000000003,27.44061349,2.0,0.0,1.0,0.0,370.1751770834559,996.1414015315796
1668442710.2692266,2.681,-0.0099999999999997,23.52951771,2.0,0.0,1.0,0.0,370.1751770834559,992.4396497607452
1668442770.0385628,2.681,0.0,24.80754716,2.0,0.0,1.0,0.0,370.1751770834559,992.4396497607452
1668442830.3913608,2.68,-0.0009999999999998,24.45311741,2.0,0.0,1.0,0.0,370.1751770834559,992.0694745836618
1668442890.2458832,2.684,0.004,28.01778899,2.0,0.0,1.0,0.0,370.1751770834559,993.5501752919956
1668442950.0731952,2.685,0.0009999999999998,29.07756764,2.0,0.0,1.0,0.0,370.1751770834559,993.920350469079
1668443010.1489987,2.683,-0.0020000000000002,28.11736272,2.0,0.0,1.0,0.0,370.1751770834559,993.180000114912
1668443070.145391,2.688,0.0050000000000003,35.16206145,2.0,0.0,1.0,0.0,370.1751770834559,995.0308760003296
1668443130.3312163,2.69,0.0019999999999997,36.21577619,2.0,0.0,1.0,0.0,370.1751770834559,995.7712263544964
1668443190.1293454,2.695,0.0049999999999998,41.04548623,2.0,0.0,1.0,0.0,370.1751770834559,997.6221022399136
1668443250.1114204,2.694,-0.0009999999999998,40.08311843,2.0,0.0,1.0,0.0,370.1751770834559,997.25192706283
1668443310.334458,2.698,0.004,44.01957013,2.0,0.0,1.0,0.0,370.1751770834559,998.732627771164
1668443370.0597577,2.701,0.0030000000000001,46.84043998,2.0,0.0,1.0,0.0,370.1751770834559,999.8431533024144
1668443430.089316,2.707,0.0059999999999997,52.22502663,2.0,0.0,1.0,0.0,370.1751770834559,1002.064204364915
1668443490.268781,2.702,-0.0049999999999998,47.72595106,2.0,0.0,1.0,0.0,370.1751770834559,1000.2133284794978
1668443550.7771535,2.692,-0.0099999999999997,40.71152717,2.0,0.0,1.0,0.0,370.1751770834559,996.5115767086633
1668443610.0842712,2.692,0.0,40.24256142,2.0,0.0,1.0,0.0,370.1751770834559,996.5115767086633
1668443670.237311,2.698,0.0059999999999997,45.92252145,2.0,0.0,1.0,0.0,370.1751770834559,998.732627771164
1668443730.1418114,2.705,0.0070000000000001,51.25250078,2.0,0.0,1.0,0.0,370.1751770834559,1001.3238540107482
1668443790.286817,2.714,0.0089999999999998,57.70622188,2.0,0.0,1.0,0.0,370.1751770834559,1004.6554306044992
1668443850.2063713,2.71,-0.004,54.42337239,2.0,0.0,1.0,0.0,370.1751770834559,1003.1747298961654
1668443910.233612,2.708,-0.0019999999999997,52.68735239,2.0,0.0,1.0,0.0,370.1751770834559,1002.4343795419986
1668443970.2158198,2.71,0.0019999999999997,54.00805889,2.0,0.0,1.0,0.0,370.1751770834559,1003.1747298961654
1668444030.129087,2.71,0.0,54.00805889,2.0,0.0,1.0,0.0,370.1751770834559,1003.1747298961654
1668444090.2414317,2.705,-0.0049999999999998,50.23284525,2.0,0.0,1.0,0.0,370.1751770834559,1001.3238540107482
1668444150.1626785,2.711,0.0059999999999997,54.18295562,2.0,0.0,1.0,0.0,370.1751770834559,1003.5449050732489
1668444210.1698549,2.709,-0.0019999999999997,52.60360286,2.0,0.0,1.0,0.0,370.1751770834559,1002.804554719082
1668444270.0885465,2.708,-0.0009999999999998,51.82133098,2.0,0.0,1.0,0.0,370.1751770834559,1002.4343795419986
1668444330.1483965,2.7,-0.008,45.67565445,2.0,0.0,1.0,0.0,370.1751770834559,999.4729781253308
1668444390.2587545,2.705,0.0049999999999998,49.59252636,2.0,0.0,1.0,0.0,370.1751770834559,1001.3238540107482
1668444450.3679838,2.71,0.0049999999999998,53.5115605,2.0,0.0,1.0,0.0,370.1751770834559,1003.1747298961654
1668444510.2425802,2.71,0.0,53.5115605,2.0,0.0,1.0,0.0,370.1751770834559,1003.1747298961654
1668444570.132292,2.71,0.0,53.5115605,2.0,0.0,1.0,0.0,370.1751770834559,1003.1747298961654
1668444630.230726,2.709,-0.0009999999999998,52.27110496,2.0,0.0,1.0,0.0,370.1751770834559,1002.804554719082
1668444690.1995523,2.708,-0.0009999999999998,51.27503392,2.0,0.0,1.0,0.0,370.1751770834559,1002.4343795419986
1668444750.1726687,2.713,0.0049999999999998,55.80936819,2.0,0.0,1.0,0.0,370.1751770834559,1004.2852554274158
1668444810.262111,2.703,-0.0100000000000002,46.49089833,2.0,0.0,1.0,0.0,370.1751770834559,1000.5835036565812
1668444870.3281922,2.703,0.0,46.49089833,2.0,0.0,1.0,0.0,370.1751770834559,1000.5835036565812
1668444930.287134,2.704,0.0010000000000003,47.43606853,2.0,0.0,1.0,0.0,370.1751770834559,1000.9536788336648
1668444990.2632654,2.701,-0.0030000000000001,44.87515864,2.0,0.0,1.0,0.0,370.1751770834559,999.8431533024144
1668445050.3179998,2.701,0.0,44.87515864,2.0,0.0,1.0,0.0,370.1751770834559,999.8431533024144
1668445110.1984782,2.7,-0.0009999999999998,44.02202117,2.0,0.0,1.0,0.0,370.1751770834559,999.4729781253308
1668445170.3044903,2.701,0.0009999999999998,45.14510733,2.0,0.0,1.0,0.0,370.1751770834559,999.8431533024144
1668445230.2769983,2.709,0.008,53.29560679,2.0,0.0,1.0,0.0,370.1751770834559,1002.804554719082
1668445290.3333263,2.711,0.0019999999999997,55.27229796,2.0,0.0,1.0,0.0,370.1751770834559,1003.5449050732489
1668445350.2174814,2.715,0.004,58.65162026,2.0,0.0,1.0,0.0,370.1751770834559,1005.0256057815826
1668445410.140313,2.72,0.0050000000000003,62.68079281,2.0,0.0,1.0,0.0,370.1751770834559,1006.876481667
1668445470.247021,2.71,-0.0100000000000002,51.56192984,2.0,0.0,1.0,0.0,370.1751770834559,1003.1747298961654
1668445530.2687435,2.71,0.0,51.42758803,2.0,0.0,1.0,0.0,370.1751770834559,1003.1747298961654
1668445590.264073,2.709,-0.0009999999999998,50.71744845,2.0,0.0,1.0,0.0,370.1751770834559,1002.804554719082
1668445650.2753165,2.712,0.0030000000000001,52.85847718,2.0,0.0,1.0,0.0,370.1751770834559,1003.9150802503324
1668445710.446497,2.714,0.0019999999999997,54.47639897,2.0,0.0,1.0,0.0,370.1751770834559,1004.6554306044992
1668445770.4890127,2.714,0.0,54.47639897,2.0,0.0,1.0,0.0,370.1751770834559,1004.6554306044992
1668445830.2339602,2.715,0.0009999999999998,55.25600813,2.0,0.0,1.0,0.0,370.1751770834559,1005.0256057815826
1668445890.1458344,2.715,0.0,55.25600813,2.0,0.0,1.0,0.0,370.1751770834559,1005.0256057815826
1668445950.2980416,2.716,0.0010000000000003,56.06626576,2.0,0.0,1.0,0.0,370.1751770834559,1005.3957809586664
1668446010.1581955,2.715,-0.0010000000000003,54.99379181,2.0,0.0,1.0,0.0,370.1751770834559,1005.0256057815826
1668446070.4011254,2.723,0.008,61.34336403,2.0,0.0,1.0,0.0,370.1751770834559,1007.9870071982504
1668446130.400598,2.717,-0.0059999999999997,55.455165,2.0,0.0,1.0,0.0,370.1751770834559,1005.7659561357495
1668446190.354736,2.714,-0.0030000000000001,52.53801239,2.0,0.0,1.0,0.0,370.1751770834559,1004.6554306044992
1668446250.2454588,2.721,0.0070000000000001,58.07925999,2.0,0.0,1.0,0.0,370.1751770834559,1007.2466568440836
1668446310.3257637,2.719,-0.0020000000000002,56.06520337,2.0,0.0,1.0,0.0,370.1751770834559,1006.5063064899164
1668446370.381922,2.72,0.0010000000000003,57.05446287,2.0,0.0,1.0,0.0,370.1751770834559,1006.876481667
1668446430.345939,2.72,0.0,57.05446287,2.0,0.0,1.0,0.0,370.1751770834559,1006.876481667
1668446490.306182,2.715,-0.0050000000000003,52.08707779,2.0,0.0,1.0,0.0,370.1751770834559,1005.0256057815826
1668446550.1955252,2.715,0.0,52.08707779,2.0,0.0,1.0,0.0,370.1751770834559,1005.0256057815826
1668446610.301172,2.723,0.008,58.34313494,2.0,0.0,1.0,0.0,370.1751770834559,1007.9870071982504
1668446670.1679428,2.724,0.0010000000000003,59.0121156,2.0,0.0,1.0,0.0,370.1751770834559,1008.357182375334
1668446730.323363,2.719,-0.0050000000000003,54.31529661,2.0,0.0,1.0,0.0,370.1751770834559,1006.5063064899164
1668446790.4806862,2.721,0.0020000000000002,55.82968682,2.0,0.0,1.0,0.0,370.1751770834559,1007.2466568440836
1668446850.3970065,2.721,0.0,55.82968682,2.0,0.0,1.0,0.0,370.1751770834559,1007.2466568440836
1668446910.1810136,2.717,-0.004,51.77238736,2.0,0.0,1.0,0.0,370.1751770834559,1005.7659561357495
1668446970.3858907,2.721,0.004,55.45587443,2.0,0.0,1.0,0.0,370.1751770834559,1007.2466568440836
1668447030.4412758,2.728,0.0070000000000001,59.88643443,2.0,0.0,1.0,0.0,370.1751770834559,1009.8378830836676
1668447090.3114915,2.721,-0.0070000000000001,53.53368783,2.0,0.0,1.0,0.0,370.1751770834559,1007.2466568440836
1668447150.2142649,2.731,0.0099999999999997,60.09609354,2.0,0.0,1.0,0.0,370.1751770834559,1010.948408614918
1668447210.309108,2.733,0.0020000000000002,60.87799853,2.0,0.0,1.0,0.0,370.1751770834559,1011.6887589690848
1668447270.197348,2.733,0.0,59.07150468,2.0,0.0,1.0,0.0,370.1751770834559,1011.6887589690848
1668447330.486831,2.734,0.0009999999999998,59.92319954,2.0,0.0,1.0,0.0,370.1751770834559,1012.0589341461684
1668447390.3674543,2.735,0.0009999999999998,60.31392051,2.0,0.0,1.0,0.0,370.1751770834559,1012.4291093232516
1668447450.2680986,2.735,0.0,60.13736476,2.0,0.0,1.0,0.0,370.1751770834559,1012.4291093232516
1668447510.257242,2.738,0.0030000000000001,62.30070049,2.0,0.0,1.0,0.0,370.1751770834559,1013.5396348545022
1668447570.453587,2.735,-0.0030000000000001,60.34353437,2.0,0.0,1.0,0.0,370.1751770834559,1012.4291093232516
1668447630.2386343,2.737,0.0020000000000002,61.80463299,2.0,0.0,1.0,0.0,370.1751770834559,1013.1694596774188
1668447690.3377256,2.737,0.0,61.26419774,2.0,0.0,1.0,0.0,370.1751770834559,1013.1694596774188
1668447750.4082146,2.732,-0.0049999999999998,55.16860795,2.0,0.0,1.0,0.0,370.1751770834559,1011.3185837920016
1668447810.3607163,2.732,0.0,55.16860795,2.0,0.0,1.0,0.0,370.1751770834559,1011.3185837920016
1668447870.3119943,2.738,0.0059999999999997,60.33423697,2.0,0.0,1.0,0.0,370.1751770834559,1013.5396348545022
1668447930.540789,2.737,-0.0009999999999998,59.50740445,2.0,0.0,1.0,0.0,370.1751770834559,1013.1694596774188
1668447990.338616,2.736,-0.0009999999999998,58.20088462,2.0,0.0,1.0,0.0,370.1751770834559,1012.7992845003354
1668448050.3783908,2.74,0.004,61.81257146,2.0,0.0,1.0,0.0,370.1751770834559,1014.2799852086692
1668448110.367288,2.74,0.0,61.81257146,2.0,0.0,1.0,0.0,370.1751770834559,1014.2799852086692
1668448170.2120912,2.736,-0.004,56.16877985,2.0,0.0,1.0,0.0,370.1751770834559,1012.7992845003354
1668448230.3185728,2.734,-0.0020000000000002,54.24160274,2.0,0.0,1.0,0.0,370.1751770834559,1012.0589341461684
1668448290.2441037,2.736,0.0020000000000002,56.31032217,2.0,0.0,1.0,0.0,370.1751770834559,1012.7992845003354
1668448350.3266551,2.729,-0.0070000000000001,48.11180729,2.0,0.0,1.0,0.0,370.1751770834559,1010.2080582607512
1668448410.377082,2.734,0.0049999999999998,53.33780256,2.0,0.0,1.0,0.0,370.1751770834559,1012.0589341461684
1668448470.5494504,2.738,0.004,57.06345417,2.0,0.0,1.0,0.0,370.1751770834559,1013.5396348545022
1668448530.4465775,2.738,0.0,57.06345417,2.0,0.0,1.0,0.0,370.1751770834559,1013.5396348545022
1668448590.3868666,2.733,-0.0049999999999998,51.52544694,2.0,0.0,1.0,0.0,370.1751770834559,1011.6887589690848
1668448650.4764748,2.733,0.0,51.52544694,2.0,0.0,1.0,0.0,370.1751770834559,1011.6887589690848
1668448710.2968578,2.731,-0.0020000000000002,49.3056096,2.0,0.0,1.0,0.0,370.1751770834559,1010.948408614918
1668448771.191962,2.733,0.0020000000000002,51.57687213,2.0,0.0,1.0,0.0,370.1751770834559,1011.6887589690848
1668448831.231662,2.732,-0.0009999999999998,50.46689317,2.0,0.0,1.0,0.0,370.1751770834559,1011.3185837920016
1668448891.1616302,2.735,0.0029999999999996,53.61717827,2.0,0.0,1.0,0.0,370.1751770834559,1012.4291093232516
1668448952.0160935,2.735,0.0,53.61717827,2.0,0.0,1.0,0.0,370.1751770834559,1012.4291093232516
1668449012.2405064,2.735,0.0,53.61717827,2.0,0.0,1.0,0.0,370.1751770834559,1012.4291093232516
1668449072.1645322,2.735,0.0,53.61717827,2.0,0.0,1.0,0.0,370.1751770834559,1012.4291093232516
1668449133.0979862,2.738,0.0030000000000001,56.64384488,2.0,0.0,1.0,0.0,370.1751770834559,1013.5396348545022
1668449193.1856282,2.735,-0.0030000000000001,52.55671037,2.0,0.0,1.0,0.0,370.1751770834559,1012.4291093232516
1668449253.1692889,2.735,0.0,52.47195381,2.0,0.0,1.0,0.0,370.1751770834559,1012.4291093232516
1668449314.0288994,2.737,0.0020000000000002,54.36869166,2.0,0.0,1.0,0.0,370.1751770834559,1013.1694596774188
1668449374.0989325,2.737,0.0,54.36869166,2.0,0.0,1.0,0.0,370.1751770834559,1013.1694596774188
1668449434.0533843,2.731,-0.0060000000000002,48.15937092,2.0,0.0,1.0,0.0,370.1751770834559,1010.948408614918
1668449494.944334,2.721,-0.0099999999999997,40.45829301,2.0,0.0,1.0,0.0,370.1751770834559,1007.2466568440836
1668449554.9741957,2.724,0.0030000000000001,43.38326346,2.0,0.0,1.0,0.0,370.1751770834559,1008.357182375334
1668449614.921714,2.725,0.0009999999999998,44.36437104,2.0,0.0,1.0,0.0,370.1751770834559,1008.7273575524172
1668449676.3173006,2.72,-0.0049999999999998,40.47344234,2.0,0.0,1.0,0.0,370.1751770834559,1006.876481667
1668449736.2805622,2.722,0.0019999999999997,42.66149264,2.0,0.0,1.0,0.0,370.1751770834559,1007.6168320211668
1668449796.6660688,2.722,0.0,42.66149264,2.0,0.0,1.0,0.0,370.1751770834559,1007.6168320211668
1668449857.3368108,2.722,0.0,42.66149264,2.0,0.0,1.0,0.0,370.1751770834559,1007.6168320211668
1668449917.1186457,2.725,0.0030000000000001,45.87528698,2.0,0.0,1.0,0.0,370.1751770834559,1008.7273575524172
1668449977.2163315,2.73,0.0049999999999998,50.82261351,2.0,0.0,1.0,0.0,370.1751770834559,1010.5782334378346
1668450037.811546,2.73,0.0,50.82261351,2.0,0.0,1.0,0.0,370.1751770834559,1010.5782334378346
1668450097.948932,2.736,0.0060000000000002,56.01797873,2.0,0.0,1.0,0.0,370.1751770834559,1012.7992845003354
1668450157.971048,2.733,-0.0030000000000001,53.00285861,2.0,0.0,1.0,0.0,370.1751770834559,1011.6887589690848
1668450218.8363607,2.729,-0.004,49.45378156,2.0,0.0,1.0,0.0,370.1751770834559,1010.2080582607512
1668450278.7311933,2.728,-0.0009999999999998,48.51194787,2.0,0.0,1.0,0.0,370.1751770834559,1009.8378830836676
1668450338.9932866,2.733,0.0049999999999998,53.16113815,2.0,0.0,1.0,0.0,370.1751770834559,1011.6887589690848
1668450399.942411,2.736,0.0030000000000001,55.73401637,2.0,0.0,1.0,0.0,370.1751770834559,1012.7992845003354
1668450459.820624,2.74,0.004,58.57443613,2.0,0.0,1.0,0.0,370.1751770834559,1014.2799852086692
1668450519.6750102,2.733,-0.0070000000000001,51.44532093,2.0,0.0,1.0,0.0,370.1751770834559,1011.6887589690848
1668450580.4639444,2.746,0.0129999999999999,59.99963818,2.0,0.0,1.0,0.0,370.1751770834559,1016.5010362711698
1668450640.5775402,2.744,-0.0019999999999997,58.23640369,2.0,0.0,1.0,0.0,370.1751770834559,1015.760685917003
1668450700.4822986,2.751,0.0069999999999996,61.99155509,2.0,0.0,1.0,0.0,370.1751770834559,1018.3519121565872
1668450761.274256,2.748,-0.0029999999999996,58.9201541,2.0,0.0,1.0,0.0,370.1751770834559,1017.2413866253368
1668450821.5068295,2.748,0.0,58.9201541,2.0,0.0,1.0,0.0,370.1751770834559,1017.2413866253368
1668450881.4754262,2.739,-0.0090000000000003,51.442623,2.0,0.0,1.0,0.0,370.1751770834559,1013.9098100315856
1668450942.587989,2.747,0.008,57.03594064,2.0,0.0,1.0,0.0,370.1751770834559,1016.8712114482532
1668451002.398286,2.749,0.0020000000000002,58.3308427,2.0,0.0,1.0,0.0,370.1751770834559,1017.6115618024204
1668451062.3863556,2.748,-0.0009999999999998,57.39932083,2.0,0.0,1.0,0.0,370.1751770834559,1017.2413866253368
1668451123.4077666,2.752,0.0039999999999995,60.26537793,2.0,0.0,1.0,0.0,370.1751770834559,1018.7220873336704
1668451183.1479475,2.756,0.004,62.7486664,2.0,0.0,1.0,0.0,370.1751770834559,1020.2027880420044
1668451243.1858273,2.751,-0.0049999999999998,59.20282045,2.0,0.0,1.0,0.0,370.1751770834559,1018.3519121565872
1668451303.9937897,2.75,-0.0009999999999998,58.17708235,2.0,0.0,1.0,0.0,370.1751770834559,1017.9817369795036
1668451364.0606914,2.752,0.0019999999999997,58.9945993,2.0,0.0,1.0,0.0,370.1751770834559,1018.7220873336704
1668451424.10942,2.753,0.0010000000000003,59.74780346,2.0,0.0,1.0,0.0,370.1751770834559,1019.092262510754
1668451485.1720195,2.754,0.0009999999999998,60.47383639,2.0,0.0,1.0,0.0,370.1751770834559,1019.4624376878376
1668451545.061839,2.754,0.0,60.47383639,2.0,0.0,1.0,0.0,370.1751770834559,1019.4624376878376
1668451605.0736744,2.754,0.0,60.47383639,2.0,0.0,1.0,0.0,370.1751770834559,1019.4624376878376
1668451665.8591802,2.754,0.0,60.47383639,2.0,0.0,1.0,0.0,370.1751770834559,1019.4624376878376
1668451726.0599408,2.748,-0.0059999999999997,53.73003914,2.0,0.0,1.0,0.0,370.1751770834559,1017.2413866253368
1668451785.9560935,2.754,0.0059999999999997,60.47383639,2.0,0.0,1.0,0.0,370.1751770834559,1019.4624376878376
1668451846.8090315,2.747,-0.0070000000000001,52.23640024,2.0,0.0,1.0,0.0,370.1751770834559,1016.8712114482532
1668451906.7900934,2.749,0.0020000000000002,53.91738858,2.0,0.0,1.0,0.0,370.1751770834559,1017.6115618024204
1668451966.7940807,2.749,0.0,53.91738858,2.0,0.0,1.0,0.0,370.1751770834559,1017.6115618024204
1668452027.442364,2.754,0.0049999999999998,57.99262257,2.0,0.0,1.0,0.0,370.1751770834559,1019.4624376878376
1668452087.416787,2.754,0.0,57.99262257,2.0,0.0,1.0,0.0,370.1751770834559,1019.4624376878376
1668452147.9499032,2.754,0.0,57.99262257,2.0,0.0,1.0,0.0,370.1751770834559,1019.4624376878376
1668452208.476065,2.754,0.0,57.99262257,2.0,0.0,1.0,0.0,370.1751770834559,1019.4624376878376
1668452268.711243,2.754,0.0,57.99262257,2.0,0.0,1.0,0.0,370.1751770834559,1019.4624376878376
1668452328.561176,2.751,-0.0030000000000001,54.63080833,2.0,0.0,1.0,0.0,370.1751770834559,1018.3519121565872
1668452389.2799406,2.746,-0.0049999999999998,49.81762169,2.0,0.0,1.0,0.0,370.1751770834559,1016.5010362711698
1668452449.0773876,2.746,0.0,49.81762169,2.0,0.0,1.0,0.0,370.1751770834559,1016.5010362711698
1668452509.2530053,2.75,0.004,53.60973482,2.0,0.0,1.0,0.0,370.1751770834559,1017.9817369795036
1668452570.2946796,2.75,0.0,53.60973482,2.0,0.0,1.0,0.0,370.1751770834559,1017.9817369795036
1668452629.9763937,2.747,-0.0030000000000001,50.52590708,2.0,0.0,1.0,0.0,370.1751770834559,1016.8712114482532
1668452691.0068033,2.749,0.0020000000000002,52.51340324,2.0,0.0,1.0,0.0,370.1751770834559,1017.6115618024204
1668452750.8571005,2.752,0.0029999999999996,55.47918268,2.0,0.0,1.0,0.0,370.1751770834559,1018.7220873336704
1668452810.829098,2.744,-0.0079999999999995,47.11742072,2.0,0.0,1.0,0.0,370.1751770834559,1015.760685917003
1668452870.9840274,2.744,0.0,47.58796612,2.0,0.0,1.0,0.0,370.1751770834559,1015.760685917003
1668452931.669023,2.743,-0.0010000000000003,46.99088723,2.0,0.0,1.0,0.0,370.1751770834559,1015.3905107399196
1668452991.7723954,2.747,0.004,50.57269342,2.0,0.0,1.0,0.0,370.1751770834559,1016.8712114482532
1668453052.312965,2.743,-0.004,46.95851235,2.0,0.0,1.0,0.0,370.1751770834559,1015.3905107399196
1668453112.334727,2.742,-0.0009999999999998,46.05625084,2.0,0.0,1.0,0.0,370.1751770834559,1015.020335562836
1668453172.432869,2.736,-0.0059999999999997,41.29553312,2.0,0.0,1.0,0.0,370.1751770834559,1012.7992845003354
1668453233.106846,2.738,0.0019999999999997,43.87248385,2.0,0.0,1.0,0.0,370.1751770834559,1013.5396348545022
1668453293.314086,2.735,-0.0030000000000001,41.44125721,2.0,0.0,1.0,0.0,370.1751770834559,1012.4291093232516
1668453353.3413122,2.734,-0.0009999999999998,41.8075843,2.0,0.0,1.0,0.0,370.1751770834559,1012.0589341461684
1668453413.3999488,2.73,-0.004,38.51894906,2.0,0.0,1.0,0.0,370.1751770834559,1010.5782334378346
1668453473.9860556,2.723,-0.0070000000000001,33.5733966,2.0,0.0,1.0,0.0,370.1751770834559,1007.9870071982504
1668453534.131235,2.72,-0.0029999999999996,31.86771796,2.0,0.0,1.0,0.0,370.1751770834559,1006.876481667
1668453594.3910074,2.729,0.0089999999999998,41.68485032,2.0,0.0,1.0,0.0,370.1751770834559,1010.2080582607512
1668453655.335759,2.719,-0.0100000000000002,34.12636568,2.0,0.0,1.0,0.0,370.1751770834559,1006.5063064899164
1668453716.4867628,2.721,0.0020000000000002,37.85380769,2.0,0.0,1.0,0.0,370.1751770834559,1007.2466568440836
1668453775.1948023,2.728,0.0070000000000001,44.50872376,2.0,0.0,1.0,0.0,370.1751770834559,1009.8378830836676
1668453835.8896224,2.724,-0.004,41.75700506,2.0,0.0,1.0,0.0,370.1751770834559,1008.357182375334
1668453895.8980095,2.73,0.0059999999999997,47.04556216,2.0,0.0,1.0,0.0,370.1751770834559,1010.5782334378346
1668453955.986956,2.73,0.0,47.19530739,2.0,0.0,1.0,0.0,370.1751770834559,1010.5782334378346
1668454016.9114506,2.721,-0.0089999999999998,41.48700187,2.0,0.0,1.0,0.0,370.1751770834559,1007.2466568440836
1668454076.9166703,2.718,-0.0030000000000001,39.77369717,2.0,0.0,1.0,0.0,370.1751770834559,1006.1361313128332
1668454136.9540384,2.721,0.0030000000000001,43.27703372,2.0,0.0,1.0,0.0,370.1751770834559,1007.2466568440836
1668454197.652156,2.729,0.008,48.86277426,2.0,0.0,1.0,0.0,370.1751770834559,1010.2080582607512
1668454257.5337958,2.726,-0.0030000000000001,46.9479507,2.0,0.0,1.0,0.0,370.1751770834559,1009.0975327295008
1668454317.602365,2.721,-0.0049999999999998,43.83543268,2.0,0.0,1.0,0.0,370.1751770834559,1007.2466568440836
1668454378.4686906,2.72,-0.0009999999999998,44.10409407,2.0,0.0,1.0,0.0,370.1751770834559,1006.876481667
1668454438.2376492,2.718,-0.0020000000000002,43.18395209,2.0,0.0,1.0,0.0,370.1751770834559,1006.1361313128332
1668454498.3935804,2.71,-0.008,38.79690808,2.0,0.0,1.0,0.0,370.1751770834559,1003.1747298961654
1668454564.6887836,2.71,0.0,39.12109413,2.0,0.0,1.0,0.0,370.1751770834559,1003.1747298961654
1668454619.433269,2.71,0.0,39.12109413,2.0,0.0,1.0,0.0,370.1751770834559,1003.1747298961654
1668454679.457385,2.71,0.0,39.12109413,2.0,0.0,1.0,0.0,370.1751770834559,1003.1747298961654
1668454740.3489604,2.71,0.0,39.12109413,2.0,0.0,1.0,0.0,370.1751770834559,1003.1747298961654
1668454800.4038024,2.71,0.0,39.12109413,2.0,0.0,1.0,0.0,370.1751770834559,1003.1747298961654
1668454860.1565278,2.707,-0.0030000000000001,37.55866728,2.0,0.0,1.0,0.0,370.1751770834559,1002.064204364915
1668454920.9493797,2.707,0.0,37.55866728,2.0,0.0,1.0,0.0,370.1751770834559,1002.064204364915
1668454980.8912046,2.713,0.0060000000000002,42.50447706,2.0,0.0,1.0,0.0,370.1751770834559,1004.2852554274158
1668455040.9404998,2.708,-0.0049999999999998,39.68362676,2.0,0.0,1.0,0.0,370.1751770834559,1002.4343795419986
1668455101.7966256,2.7,-0.008,35.61134007,2.0,0.0,1.0,0.0,370.1751770834559,999.4729781253308
1668455161.9433246,2.684,-0.016,29.23599373,2.0,0.0,1.0,0.0,370.1751770834559,993.5501752919956
1668455221.8464987,2.678,-0.0060000000000002,27.90154071,2.0,0.0,1.0,0.0,370.1751770834559,991.3291242294948
1668455282.8075457,2.682,0.004,33.32503577,2.0,0.0,1.0,0.0,370.1751770834559,992.8098249378288
1668455341.832673,2.684,0.0020000000000002,34.8283602,2.0,0.0,1.0,0.0,370.1751770834559,993.5501752919956
1668455401.950838,2.688,0.004,37.54748948,2.0,0.0,1.0,0.0,370.1751770834559,995.0308760003296
1668455462.3029654,2.703,0.0149999999999996,46.55303822,2.0,0.0,1.0,0.0,370.1751770834559,1000.5835036565812
1668455522.061291,2.699,-0.004,44.82915987,2.0,0.0,1.0,0.0,370.1751770834559,999.1028029482474
1668455581.923656,2.702,0.0030000000000001,46.48445804,2.0,0.0,1.0,0.0,370.1751770834559,1000.2133284794978
1668455641.9624374,2.685,-0.0169999999999999,39.290519,2.0,0.0,1.0,0.0,370.1751770834559,993.920350469079
1668455701.949245,2.681,-0.004,38.15984077,2.0,0.0,1.0,0.0,370.1751770834559,992.4396497607452
1668455762.6201744,2.654,-0.0270000000000001,30.0442553,2.0,0.0,1.0,0.0,370.1751770834559,982.4449199794918
1668455821.9427383,2.63,-0.024,25.16500417,2.0,0.0,1.0,0.0,370.1751770834559,973.560715729489
1668455882.0968063,2.633,0.0030000000000001,26.84428746,2.0,0.0,1.0,0.0,370.1751770834559,974.6712412607392
1668455941.9242036,2.641,0.008,31.04959086,2.0,0.0,1.0,0.0,370.1751770834559,977.632642677407
1668456001.969278,2.636,-0.0049999999999998,29.83009432,2.0,0.0,1.0,0.0,370.1751770834559,975.7817667919898
1668456061.8602386,2.654,0.0179999999999997,39.62231106,2.0,0.0,1.0,0.0,370.1751770834559,982.4449199794918
1668456121.9019556,2.653,-0.0009999999999998,39.69231764,2.0,0.0,1.0,0.0,370.1751770834559,982.0747448024084
1668456182.1128829,2.658,0.0049999999999998,42.2246779,2.0,0.0,1.0,0.0,370.1751770834559,983.9256206878256
1668456242.0523264,2.665,0.0070000000000001,45.13839195,2.0,0.0,1.0,0.0,370.1751770834559,986.51684692741
1668456301.909336,2.66,-0.0049999999999998,43.40151689,2.0,0.0,1.0,0.0,370.1751770834559,984.6659710419926
1668456361.8345003,2.65,-0.0100000000000002,40.23376299,2.0,0.0,1.0,0.0,370.1751770834559,980.964219271158
1668456422.0007126,2.635,-0.0150000000000001,35.79173206,2.0,0.0,1.0,0.0,370.1751770834559,975.411591614906
1668456482.155558,2.64,0.0050000000000003,38.81457875,2.0,0.0,1.0,0.0,370.1751770834559,977.2624675003236
1668456542.1827955,2.644,0.004,40.68052481,2.0,0.0,1.0,0.0,370.1751770834559,978.7431682086574
1668456601.9657805,2.627,-0.0170000000000003,35.86843685,2.0,0.0,1.0,0.0,370.1751770834559,972.4501901982384
1668456661.9939554,2.645,0.0180000000000002,43.63304408,2.0,0.0,1.0,0.0,370.1751770834559,979.1133433857408
1668456721.9721987,2.64,-0.0049999999999998,42.48940607,2.0,0.0,1.0,0.0,370.1751770834559,977.2624675003236
1668456781.940035,2.635,-0.0050000000000003,41.04209429,2.0,0.0,1.0,0.0,370.1751770834559,975.411591614906
1668456841.851212,2.636,0.0010000000000003,41.89122123,2.0,0.0,1.0,0.0,370.1751770834559,975.7817667919898
1668456901.9793544,2.639,0.0029999999999996,43.17428119,2.0,0.0,1.0,0.0,370.1751770834559,976.89229232324
1668456962.3323512,2.644,0.0050000000000003,45.39997753,2.0,0.0,1.0,0.0,370.1751770834559,978.7431682086574
1668457022.041541,2.648,0.004,47.07427918,2.0,0.0,1.0,0.0,370.1751770834559,980.2238689169913
1668457082.030223,2.661,0.0129999999999999,52.3750357,2.0,0.0,1.0,0.0,370.1751770834559,985.0361462190762
1668457142.4603083,2.658,-0.0030000000000001,51.5422259,2.0,0.0,1.0,0.0,370.1751770834559,983.9256206878256
1668457201.988988,2.66,0.0020000000000002,52.55886512,2.0,0.0,1.0,0.0,370.1751770834559,984.6659710419926
1668457261.9199955,2.658,-0.0020000000000002,51.5702407,2.0,0.0,1.0,0.0,370.1751770834559,983.9256206878256
1668457322.0211315,2.659,0.0009999999999998,52.05583746,2.0,0.0,1.0,0.0,370.1751770834559,984.2957958649092
1668457382.2596564,2.652,-0.0069999999999996,48.54453278,2.0,0.0,1.0,0.0,370.1751770834559,981.704569625325
1668457442.0878675,2.654,0.0019999999999997,49.65783346,2.0,0.0,1.0,0.0,370.1751770834559,982.4449199794918
1668457504.7094033,2.654,0.0,49.65783346,2.0,0.0,1.0,0.0,370.1751770834559,982.4449199794918
1668457562.0923216,2.654,0.0,49.65783346,2.0,0.0,1.0,0.0,370.1751770834559,982.4449199794918
1668457622.2076578,2.654,0.0,49.65783346,2.0,0.0,1.0,0.0,370.1751770834559,982.4449199794918
1668457681.8966022,2.653,-0.0009999999999998,49.08596913,2.0,0.0,1.0,0.0,370.1751770834559,982.0747448024084
1668457742.0424595,2.654,0.0009999999999998,49.70966725,2.0,0.0,1.0,0.0,370.1751770834559,982.4449199794918
1668457801.9913762,2.659,0.0049999999999998,53.04513622,2.0,0.0,1.0,0.0,370.1751770834559,984.2957958649092
1668457862.2035856,2.657,-0.0019999999999997,51.57170931,2.0,0.0,1.0,0.0,370.1751770834559,983.5554455107424
1668457921.991662,2.664,0.0070000000000001,56.27703391,2.0,0.0,1.0,0.0,370.1751770834559,986.1466717503264
1668457982.235655,2.664,0.0,56.27703391,2.0,0.0,1.0,0.0,370.1751770834559,986.1466717503264
1668458042.1952596,2.657,-0.0070000000000001,50.67446915,2.0,0.0,1.0,0.0,370.1751770834559,983.5554455107424
1668458101.9463522,2.659,0.0019999999999997,52.17969314,2.0,0.0,1.0,0.0,370.1751770834559,984.2957958649092
1668458162.2479932,2.66,0.0010000000000003,52.97067381,2.0,0.0,1.0,0.0,370.1751770834559,984.6659710419926
1668458222.1574848,2.657,-0.0030000000000001,50.3555491,2.0,0.0,1.0,0.0,370.1751770834559,983.5554455107424
1668458282.1712198,2.657,0.0,50.3555491,2.0,0.0,1.0,0.0,370.1751770834559,983.5554455107424
1668458341.9539075,2.657,0.0,50.3555491,2.0,0.0,1.0,0.0,370.1751770834559,983.5554455107424
1668458402.1818092,2.657,0.0,50.3555491,2.0,0.0,1.0,0.0,370.1751770834559,983.5554455107424
1668458462.014675,2.656,-0.0009999999999998,49.3550232,2.0,0.0,1.0,0.0,370.1751770834559,983.1852703336588
1668458523.112629,2.659,0.0029999999999996,52.40996515,2.0,0.0,1.0,0.0,370.1751770834559,984.2957958649092
1668458582.085372,2.657,-0.0019999999999997,50.41600324,2.0,0.0,1.0,0.0,370.1751770834559,983.5554455107424
1668458642.2538495,2.659,0.0019999999999997,52.55672479,2.0,0.0,1.0,0.0,370.1751770834559,984.2957958649092
1668458702.26534,2.657,-0.0019999999999997,50.41600324,2.0,0.0,1.0,0.0,370.1751770834559,983.5554455107424
1668458776.7734635,2.657,0.0,50.41600324,2.0,0.0,1.0,0.0,370.1751770834559,983.5554455107424
1668458822.2085404,2.656,-0.0009999999999998,49.22013588,2.0,0.0,1.0,0.0,370.1751770834559,983.1852703336588
1668458882.268047,2.651,-0.0050000000000003,44.33270576,2.0,0.0,1.0,0.0,370.1751770834559,981.3343944482416
1668458942.2217522,2.643,-0.008,36.98100865,2.0,0.0,1.0,0.0,370.1751770834559,978.372993031574
1668459002.1114542,2.641,-0.0019999999999997,36.15985643,2.0,0.0,1.0,0.0,370.1751770834559,977.632642677407
1668459062.5250278,2.654,0.0129999999999999,50.41182644,2.0,0.0,1.0,0.0,370.1751770834559,982.4449199794918
1668459122.0627084,2.65,-0.004,46.75434747,2.0,0.0,1.0,0.0,370.1751770834559,980.964219271158
1668459182.2375677,2.651,0.0009999999999998,47.79109499,2.0,0.0,1.0,0.0,370.1751770834559,981.3343944482416
1668459242.129623,2.651,0.0,47.79109499,2.0,0.0,1.0,0.0,370.1751770834559,981.3343944482416
1668459482.8612354,2.641,-0.0099999999999997,41.10076906,2.0,0.0,1.0,0.0,370.1751770834559,977.632642677407
1668459542.897603,2.641,0.0,41.10076906,2.0,0.0,1.0,0.0,370.1751770834559,977.632642677407
1668459604.1049235,2.65,0.0089999999999998,49.39799109,2.0,0.0,1.0,0.0,370.1751770834559,980.964219271158
1668459663.6338148,2.651,0.0009999999999998,50.23682,2.0,0.0,1.0,0.0,370.1751770834559,981.3343944482416
1668459755.5358202,2.654,0.0030000000000001,52.87847833,2.0,0.0,1.0,0.0,370.1751770834559,982.4449199794918
1668459784.4741476,2.656,0.0020000000000002,54.4267023,2.0,0.0,1.0,0.0,370.1751770834559,983.1852703336588
1668459844.525793,2.664,0.008,60.07712529,2.0,0.0,1.0,0.0,370.1751770834559,986.1466717503264
1668459906.6073058,2.658,-0.0060000000000002,54.6085168,2.0,0.0,1.0,0.0,370.1751770834559,983.9256206878256
1668459965.2978945,2.657,-0.0009999999999998,53.79242769,2.0,0.0,1.0,0.0,370.1751770834559,983.5554455107424
1668460025.269706,2.661,0.004,56.58715914,2.0,0.0,1.0,0.0,370.1751770834559,985.0361462190762
1668460085.3743804,2.655,-0.0060000000000002,51.36642823,2.0,0.0,1.0,0.0,370.1751770834559,982.8150951565752
1668460146.215993,2.655,0.0,51.36642823,2.0,0.0,1.0,0.0,370.1751770834559,982.8150951565752
1668460206.296738,2.655,0.0,51.36642823,2.0,0.0,1.0,0.0,370.1751770834559,982.8150951565752
1668460266.06764,2.658,0.0030000000000001,53.47549512,2.0,0.0,1.0,0.0,370.1751770834559,983.9256206878256
1668460326.8893244,2.657,-0.0009999999999998,52.84629816,2.0,0.0,1.0,0.0,370.1751770834559,983.5554455107424
1668460386.8563776,2.657,0.0,52.84629816,2.0,0.0,1.0,0.0,370.1751770834559,983.5554455107424
1668460446.720601,2.66,0.0030000000000001,55.30015,2.0,0.0,1.0,0.0,370.1751770834559,984.6659710419926
1668460507.9621923,2.661,0.0009999999999998,56.11986693,2.0,0.0,1.0,0.0,370.1751770834559,985.0361462190762
1668460567.8133512,2.661,0.0,56.11986693,2.0,0.0,1.0,0.0,370.1751770834559,985.0361462190762
1668460627.8691156,2.661,0.0,56.11986693,2.0,0.0,1.0,0.0,370.1751770834559,985.0361462190762
1668460688.6245558,2.672,0.0110000000000001,63.95105673,2.0,0.0,1.0,0.0,370.1751770834559,989.108073166994
1668460748.6181514,2.673,0.0009999999999998,64.57010102,2.0,0.0,1.0,0.0,370.1751770834559,989.4782483440777
1668460808.9935622,2.673,0.0,64.57010102,2.0,0.0,1.0,0.0,370.1751770834559,989.4782483440777
1668460869.5870578,2.673,0.0,64.57010102,2.0,0.0,1.0,0.0,370.1751770834559,989.4782483440777
1668460929.388877,2.656,-0.0169999999999999,48.23814859,2.0,0.0,1.0,0.0,370.1751770834559,983.1852703336588
1668460989.4306276,2.669,0.0129999999999999,57.1613642,2.0,0.0,1.0,0.0,370.1751770834559,987.9975476357438
1668461050.9547362,2.668,-0.0009999999999998,56.35654692,2.0,0.0,1.0,0.0,370.1751770834559,987.6273724586604
1668461110.985608,2.667,-0.0010000000000003,54.39890664,2.0,0.0,1.0,0.0,370.1751770834559,987.2571972815769
1668461170.9341905,2.667,0.0,54.39890664,2.0,0.0,1.0,0.0,370.1751770834559,987.2571972815769
1668461231.6708755,2.665,-0.0019999999999997,52.54772063,2.0,0.0,1.0,0.0,370.1751770834559,986.51684692741
1668461291.6194842,2.663,-0.0020000000000002,51.45548457,2.0,0.0,1.0,0.0,370.1751770834559,985.776496573243
1668461351.6059108,2.664,0.0010000000000003,52.01246511,2.0,0.0,1.0,0.0,370.1751770834559,986.1466717503264
1668461412.557541,2.662,-0.0020000000000002,50.69879592,2.0,0.0,1.0,0.0,370.1751770834559,985.4063213961596
1668461472.6964045,2.678,0.016,59.59724508,2.0,0.0,1.0,0.0,370.1751770834559,991.3291242294948
1668461532.560614,2.677,-0.0009999999999998,59.26553657,2.0,0.0,1.0,0.0,370.1751770834559,990.9589490524114
1668461593.2644744,2.68,0.0030000000000001,60.76862968,2.0,0.0,1.0,0.0,370.1751770834559,992.0694745836618
1668461655.8261669,2.674,-0.0060000000000002,56.29453856,2.0,0.0,1.0,0.0,370.1751770834559,989.848423521161
1668461713.412143,2.674,0.0,56.29453856,2.0,0.0,1.0,0.0,370.1751770834559,989.848423521161
1668461774.3693528,2.676,0.0020000000000002,57.50407994,2.0,0.0,1.0,0.0,370.1751770834559,990.588773875328
1668461834.3739688,2.676,0.0,57.50407994,2.0,0.0,1.0,0.0,370.1751770834559,990.588773875328
1668461894.2879124,2.679,0.0029999999999996,59.0010608,2.0,0.0,1.0,0.0,370.1751770834559,991.6992994065782
1668461954.945579,2.679,0.0,59.0010608,2.0,0.0,1.0,0.0,370.1751770834559,991.6992994065782
1668462014.2537055,2.673,-0.0059999999999997,53.45181135,2.0,0.0,1.0,0.0,370.1751770834559,989.4782483440777
1668462074.5714004,2.672,-0.0009999999999998,52.50219423,2.0,0.0,1.0,0.0,370.1751770834559,989.108073166994
1668462134.5949938,2.671,-0.0010000000000003,51.64583071,2.0,0.0,1.0,0.0,370.1751770834559,988.7378979899106
1668462194.7494533,2.672,0.0010000000000003,52.48054309,2.0,0.0,1.0,0.0,370.1751770834559,989.108073166994
1668462254.3714082,2.678,0.0059999999999997,56.94043018,2.0,0.0,1.0,0.0,370.1751770834559,991.3291242294948
1668462314.338106,2.677,-0.0009999999999998,55.99712641,2.0,0.0,1.0,0.0,370.1751770834559,990.9589490524114
1668462374.409197,2.677,0.0,55.99712641,2.0,0.0,1.0,0.0,370.1751770834559,990.9589490524114
1668462434.406264,2.672,-0.0049999999999998,51.41104321,2.0,0.0,1.0,0.0,370.1751770834559,989.108073166994
1668462494.4215446,2.671,-0.0010000000000003,50.457415,2.0,0.0,1.0,0.0,370.1751770834559,988.7378979899106
1668462554.2324457,2.675,0.004,53.89572714,2.0,0.0,1.0,0.0,370.1751770834559,990.2185986982444
1668462614.4319496,2.675,0.0,53.95717761,2.0,0.0,1.0,0.0,370.1751770834559,990.2185986982444
1668462674.558444,2.674,-0.0009999999999998,53.08168087,2.0,0.0,1.0,0.0,370.1751770834559,989.848423521161
1668462734.767583,2.675,0.0009999999999998,54.02317211,2.0,0.0,1.0,0.0,370.1751770834559,990.2185986982444
1668462794.416848,2.682,0.0070000000000001,60.064298,2.0,0.0,1.0,0.0,370.1751770834559,992.8098249378288
1668462854.2843468,2.683,0.0009999999999998,60.80010804,2.0,0.0,1.0,0.0,370.1751770834559,993.180000114912
1668462914.3115675,2.685,0.0020000000000002,62.2963521,2.0,0.0,1.0,0.0,370.1751770834559,993.920350469079
1668462974.2792926,2.685,0.0,62.2963521,2.0,0.0,1.0,0.0,370.1751770834559,993.920350469079
1668463034.4023018,2.685,0.0,62.2963521,2.0,0.0,1.0,0.0,370.1751770834559,993.920350469079
1668463094.4004023,2.684,-0.0009999999999998,61.04176919,2.0,0.0,1.0,0.0,370.1751770834559,993.5501752919956
1668463154.4343224,2.687,0.0029999999999996,63.42170965,2.0,0.0,1.0,0.0,370.1751770834559,994.660700823246
1668463214.5029595,2.685,-0.0019999999999997,61.86876313,2.0,0.0,1.0,0.0,370.1751770834559,993.920350469079
1668463274.4131255,2.685,0.0,61.86876313,2.0,0.0,1.0,0.0,370.1751770834559,993.920350469079
1668463335.9546778,2.683,-0.0020000000000002,58.96541047,2.0,0.0,1.0,0.0,370.1751770834559,993.180000114912
1668463394.3501186,2.695,0.012,67.72467935,1.0,0.0,1.0,0.0,370.1751770834559,997.6221022399136
1668463454.2476535,2.694,-0.0009999999999998,66.39202286,1.0,0.0,1.0,0.0,370.1751770834559,997.25192706283
1668463514.507759,2.691,-0.0030000000000001,62.42353069,-2.0,1.0,0.0,996.1414015315796,0.0,996.1414015315796
1668463574.4951398,2.691,0.0,62.42353069,-2.0,1.0,0.0,996.1414015315796,0.0,996.1414015315796
1668463634.822271,2.691,0.0,62.42353069,-2.0,1.0,0.0,996.1414015315796,0.0,996.1414015315796
1668463694.7408955,2.691,0.0,62.42353069,-2.0,1.0,0.0,996.1414015315796,0.0,996.1414015315796
1668463754.421068,2.691,0.0,62.42353069,-2.0,1.0,0.0,996.1414015315796,0.0,996.1414015315796
1668463814.4850025,2.69,-0.0009999999999998,60.90782285,-2.0,1.0,0.0,996.1414015315796,0.0,996.1414015315796
1668463874.2440822,2.691,0.0009999999999998,61.90398805,-2.0,1.0,0.0,996.1414015315796,0.0,996.1414015315796
1668463934.341575,2.686,-0.0049999999999998,54.31153124,-2.0,1.0,0.0,996.1414015315796,0.0,996.1414015315796
1668463994.5249777,2.687,0.0009999999999998,55.49756959,-2.0,1.0,0.0,996.1414015315796,0.0,996.1414015315796
1668464054.246292,2.687,0.0,55.49756959,-2.0,1.0,0.0,996.1414015315796,0.0,996.1414015315796
1668464115.1444893,2.687,0.0,55.49756959,-2.0,1.0,0.0,996.1414015315796,0.0,996.1414015315796
1668464174.406584,2.687,0.0,55.49756959,-2.0,1.0,0.0,996.1414015315796,0.0,996.1414015315796
1668464234.5392797,2.688,0.0010000000000003,56.70784991,-2.0,1.0,0.0,996.1414015315796,0.0,996.1414015315796
1668464294.4309692,2.683,-0.0050000000000003,49.46433871,-2.0,1.0,0.0,996.1414015315796,0.0,996.1414015315796
1668464354.462825,2.683,0.0,49.46433871,-2.0,1.0,0.0,996.1414015315796,0.0,996.1414015315796
1668464414.350439,2.683,0.0,49.46433871,-2.0,1.0,0.0,996.1414015315796,0.0,996.1414015315796
1668464474.7062123,2.688,0.0050000000000003,55.98479582,-2.0,1.0,0.0,996.1414015315796,0.0,996.1414015315796
1668464534.5272384,2.684,-0.004,50.38402713,-2.0,1.0,0.0,996.1414015315796,0.0,996.1414015315796
1668464594.8628662,2.689,0.0049999999999998,56.27278924,-2.0,1.0,0.0,996.1414015315796,0.0,996.1414015315796
1668464654.4914317,2.687,-0.0020000000000002,53.29432041,-2.0,1.0,0.0,996.1414015315796,0.0,996.1414015315796
1668464714.645848,2.688,0.0010000000000003,54.43425255,-2.0,1.0,0.0,996.1414015315796,0.0,996.1414015315796
1668464774.4857702,2.684,-0.004,49.25567749,-2.0,1.0,0.0,996.1414015315796,0.0,996.1414015315796
1668464834.3866887,2.68,-0.004,44.36115606,-2.0,1.0,0.0,996.1414015315796,0.0,996.1414015315796
1668464894.419324,2.679,-0.0010000000000003,43.28583115,-2.0,1.0,0.0,996.1414015315796,0.0,996.1414015315796
1668464954.5957294,2.679,0.0,43.28583115,-2.0,1.0,0.0,996.1414015315796,0.0,996.1414015315796
1668465014.3692064,2.681,0.0020000000000002,46.09993931,-2.0,1.0,0.0,996.1414015315796,0.0,996.1414015315796
1668465074.8334098,2.689,0.008,55.59190267,-2.0,1.0,0.0,996.1414015315796,0.0,996.1414015315796
1668465135.0240295,2.684,-0.0049999999999998,49.45892067,-2.0,1.0,0.0,996.1414015315796,0.0,996.1414015315796
1668465194.5103836,2.681,-0.0030000000000001,46.3037919,-2.0,1.0,0.0,996.1414015315796,0.0,996.1414015315796
1668465254.5599022,2.677,-0.004,43.95907249,-2.0,1.0,0.0,996.1414015315796,0.0,996.1414015315796
1668465314.4437697,2.679,0.0019999999999997,46.0674128,-2.0,1.0,0.0,996.1414015315796,0.0,996.1414015315796
1668465374.8721807,2.677,-0.0019999999999997,44.27364843,-2.0,1.0,0.0,996.1414015315796,0.0,996.1414015315796
1668465434.7876792,2.676,-0.0009999999999998,43.42814981,-2.0,1.0,0.0,996.1414015315796,0.0,996.1414015315796
1668465494.4979317,2.678,0.0019999999999997,45.66314586,-2.0,1.0,0.0,996.1414015315796,0.0,996.1414015315796
1668465554.747295,2.678,0.0,45.66314586,-2.0,1.0,0.0,996.1414015315796,0.0,996.1414015315796
1668465614.559101,2.684,0.0060000000000002,51.81359513,-2.0,1.0,0.0,996.1414015315796,0.0,996.1414015315796
1668465674.5628767,2.681,-0.0030000000000001,48.92285559,-2.0,1.0,0.0,996.1414015315796,0.0,996.1414015315796
1668465734.5684953,2.681,0.0,48.92285559,-2.0,1.0,0.0,996.1414015315796,0.0,996.1414015315796
1668465794.5534904,2.678,-0.0030000000000001,45.88258405,-2.0,1.0,0.0,996.1414015315796,0.0,996.1414015315796
1668465854.5164435,2.679,0.0009999999999998,46.90274064,-2.0,1.0,0.0,996.1414015315796,0.0,996.1414015315796
1668465914.5541997,2.677,-0.0019999999999997,44.75927421,-2.0,1.0,0.0,996.1414015315796,0.0,996.1414015315796
1668465974.543714,2.677,0.0,44.75927421,-2.0,1.0,0.0,996.1414015315796,0.0,996.1414015315796
1668466035.611903,2.679,0.0019999999999997,47.53974435,-2.0,1.0,0.0,996.1414015315796,0.0,996.1414015315796
1668466094.4979732,2.679,0.0,47.53974435,-2.0,1.0,0.0,996.1414015315796,0.0,996.1414015315796
1668466154.45131,2.689,0.0100000000000002,58.72610875,-2.0,1.0,0.0,996.1414015315796,0.0,996.1414015315796
1668466214.518783,2.689,0.0,58.37490658,-2.0,1.0,0.0,996.1414015315796,0.0,996.1414015315796
1668466274.4750268,2.687,-0.0020000000000002,55.75117296,-2.0,1.0,0.0,996.1414015315796,0.0,996.1414015315796
1668466335.139004,2.687,0.0,55.75117296,-2.0,1.0,0.0,996.1414015315796,0.0,996.1414015315796
1668466394.8854804,2.683,-0.004,50.83041631,-2.0,1.0,0.0,996.1414015315796,0.0,996.1414015315796
1668466454.7905211,2.686,0.0030000000000001,54.1024188,-2.0,1.0,0.0,996.1414015315796,0.0,996.1414015315796
1668466514.6307044,2.686,0.0,54.1024188,-2.0,1.0,0.0,996.1414015315796,0.0,996.1414015315796
1668466574.6098723,2.685,-0.0009999999999998,52.84017067,-2.0,1.0,0.0,996.1414015315796,0.0,996.1414015315796
1668466634.6466656,2.69,0.0049999999999998,58.10552629,-2.0,1.0,0.0,996.1414015315796,0.0,996.1414015315796
1668466694.579538,2.687,-0.0030000000000001,54.28162856,-2.0,1.0,0.0,996.1414015315796,0.0,996.1414015315796
1668466754.674538,2.685,-0.0019999999999997,51.83264631,-2.0,1.0,0.0,996.1414015315796,0.0,996.1414015315796
1668466814.7248333,2.686,0.0009999999999998,52.5168387,-2.0,1.0,0.0,996.1414015315796,0.0,996.1414015315796
1668466874.4975498,2.686,0.0,52.5168387,-2.0,1.0,0.0,996.1414015315796,0.0,996.1414015315796
1668466934.89719,2.705,0.0190000000000001,67.71645328,-2.0,1.0,0.0,996.1414015315796,0.0,996.1414015315796
1668466994.5481334,2.701,-0.004,65.23350198,-2.0,1.0,0.0,996.1414015315796,0.0,996.1414015315796
1668467054.4063442,2.699,-0.0020000000000002,62.63938741,-2.0,1.0,0.0,996.1414015315796,0.0,996.1414015315796
1668467114.5603068,2.7,0.0010000000000003,63.91013173,-2.0,1.0,0.0,996.1414015315796,0.0,996.1414015315796
1668467174.4717436,2.701,0.0009999999999998,64.73972596,-2.0,1.0,0.0,996.1414015315796,0.0,996.1414015315796
1668467234.569496,2.723,0.0219999999999997,77.20020235,-2.0,1.0,0.0,996.1414015315796,0.0,996.1414015315796
1668467294.648478,2.705,-0.0179999999999997,59.15941948,-2.0,1.0,0.0,996.1414015315796,0.0,996.1414015315796
1668467354.4259927,2.732,0.0270000000000001,69.74193057,-2.0,1.0,0.0,996.1414015315796,0.0,996.1414015315796
1668467414.769618,2.739,0.0069999999999996,72.77894149,-2.0,1.0,0.0,996.1414015315796,0.0,996.1414015315796
1668467474.509529,2.739,0.0,72.77894149,-2.0,1.0,0.0,996.1414015315796,0.0,996.1414015315796
1668467534.69471,2.724,-0.0149999999999996,62.27235367,-2.0,1.0,0.0,996.1414015315796,0.0,996.1414015315796
1668467594.4425335,2.728,0.004,64.06360769,-2.0,1.0,0.0,996.1414015315796,0.0,996.1414015315796
1668467654.6259077,2.728,0.0,64.06360769,-2.0,1.0,0.0,996.1414015315796,0.0,996.1414015315796
1668467714.5460508,2.728,0.0,64.06360769,-2.0,1.0,0.0,996.1414015315796,0.0,996.1414015315796
1668467774.719444,2.745,0.0169999999999999,70.27047643,-2.0,1.0,0.0,996.1414015315796,0.0,996.1414015315796
1668467835.1691945,2.745,0.0,67.95211362,-2.0,1.0,0.0,996.1414015315796,0.0,996.1414015315796
1668467894.7223785,2.744,-0.0009999999999998,67.1660113,-2.0,1.0,0.0,996.1414015315796,0.0,996.1414015315796
1668467954.5825338,2.772,0.0279999999999995,75.14885375,-2.0,1.0,0.0,996.1414015315796,0.0,996.1414015315796
1668468015.4413066,2.764,-0.008,69.70330219,-2.0,1.0,0.0,996.1414015315796,0.0,996.1414015315796
1668468074.8279006,2.764,0.0,69.70330219,-2.0,1.0,0.0,996.1414015315796,0.0,996.1414015315796
1668468134.7812564,2.756,-0.008,64.29953404,-2.0,1.0,0.0,996.1414015315796,0.0,996.1414015315796
1668468194.725285,2.759,0.0030000000000001,66.29834431,-2.0,1.0,0.0,996.1414015315796,0.0,996.1414015315796
1668468254.6636877,2.755,-0.004,63.46548648,-2.0,1.0,0.0,996.1414015315796,0.0,996.1414015315796
1668468314.6155038,2.755,0.0,63.46548648,-2.0,1.0,0.0,996.1414015315796,0.0,996.1414015315796
1668468374.6358483,2.761,0.0060000000000002,65.71540332,-2.0,1.0,0.0,996.1414015315796,0.0,996.1414015315796
1668468434.615096,2.758,-0.0030000000000001,63.72806923,-2.0,1.0,0.0,996.1414015315796,0.0,996.1414015315796
1668468494.5771134,2.752,-0.0060000000000002,58.81955188,-2.0,1.0,0.0,996.1414015315796,0.0,996.1414015315796
1668468554.6769283,2.75,-0.0019999999999997,57.34720357,-2.0,1.0,0.0,996.1414015315796,0.0,996.1414015315796
1668468614.6071882,2.753,0.0030000000000001,59.0048697,-2.0,1.0,0.0,996.1414015315796,0.0,996.1414015315796
1668468674.9195845,2.754,0.0009999999999998,59.6877907,-2.0,1.0,0.0,996.1414015315796,0.0,996.1414015315796
1668468734.7676756,2.758,0.004,61.93717179,-2.0,1.0,0.0,996.1414015315796,0.0,996.1414015315796
1668468794.907127,2.76,0.0019999999999997,63.04743442,-2.0,1.0,0.0,996.1414015315796,0.0,996.1414015315796
1668468854.7355795,2.761,0.0010000000000003,63.6188548,-2.0,1.0,0.0,996.1414015315796,0.0,996.1414015315796
1668468914.850067,2.764,0.0029999999999996,65.43429415,-2.0,1.0,0.0,996.1414015315796,0.0,996.1414015315796
1668468974.8264246,2.768,0.004,67.63985958,-2.0,1.0,0.0,996.1414015315796,0.0,996.1414015315796
1668469034.795143,2.768,0.0,67.63985958,-2.0,1.0,0.0,996.1414015315796,0.0,996.1414015315796
1668469094.8996408,2.762,-0.0059999999999997,60.88179146,-2.0,1.0,0.0,996.1414015315796,0.0,996.1414015315796
1668469155.0086448,2.765,0.0030000000000001,62.87887261,-2.0,1.0,0.0,996.1414015315796,0.0,996.1414015315796
1668469214.9201026,2.768,0.0029999999999996,64.8134163,-2.0,1.0,0.0,996.1414015315796,0.0,996.1414015315796
1668469275.184355,2.771,0.0030000000000001,63.86200913,-2.0,1.0,0.0,996.1414015315796,0.0,996.1414015315796
1668469335.1281734,2.771,0.0,63.86200913,-2.0,1.0,0.0,996.1414015315796,0.0,996.1414015315796
1668469394.8938797,2.77,-0.0009999999999998,62.8349016,-2.0,1.0,0.0,996.1414015315796,0.0,996.1414015315796
1668469454.9239764,2.769,-0.0009999999999998,60.85653886,-2.0,1.0,0.0,996.1414015315796,0.0,996.1414015315796
1668469514.8225389,2.769,0.0,60.85653886,-2.0,1.0,0.0,996.1414015315796,0.0,996.1414015315796
1668469575.4041235,2.772,0.0029999999999996,62.77571387,-2.0,1.0,0.0,996.1414015315796,0.0,996.1414015315796
1668469634.9509325,2.76,-0.012,52.52424364,-2.0,1.0,0.0,996.1414015315796,0.0,996.1414015315796
1668469694.909928,2.761,0.0010000000000003,53.32712873,-2.0,1.0,0.0,996.1414015315796,0.0,996.1414015315796
1668469754.953397,2.756,-0.0050000000000003,49.14275186,-2.0,1.0,0.0,996.1414015315796,0.0,996.1414015315796
1668469814.9307013,2.751,-0.0049999999999998,45.67370368,-2.0,1.0,0.0,996.1414015315796,0.0,996.1414015315796
1668469875.0392048,2.754,0.0030000000000001,48.27410296,-2.0,1.0,0.0,996.1414015315796,0.0,996.1414015315796
1668469934.9615722,2.745,-0.0089999999999998,41.80861049,-2.0,1.0,0.0,996.1414015315796,0.0,996.1414015315796
1668469994.9245214,2.747,0.0019999999999997,43.6158536,-2.0,1.0,0.0,996.1414015315796,0.0,996.1414015315796
1668470055.2966762,2.749,0.0020000000000002,46.14962412,-2.0,1.0,0.0,996.1414015315796,0.0,996.1414015315796
1668470114.9275608,2.75,0.0009999999999998,46.98694734,-2.0,1.0,0.0,996.1414015315796,0.0,996.1414015315796
1668470174.9297812,2.747,-0.0030000000000001,44.73944119,-2.0,1.0,0.0,996.1414015315796,0.0,996.1414015315796
1668470234.907694,2.741,-0.0059999999999997,40.56071477,-2.0,1.0,0.0,996.1414015315796,0.0,996.1414015315796
1668470294.9143226,2.748,0.0070000000000001,46.8033652,-2.0,1.0,0.0,996.1414015315796,0.0,996.1414015315796
1668470355.0613189,2.748,0.0,46.8033652,-2.0,1.0,0.0,996.1414015315796,0.0,996.1414015315796
1668470415.0281675,2.744,-0.004,43.80861281,-2.0,1.0,0.0,996.1414015315796,0.0,996.1414015315796
1668470474.9131064,2.74,-0.004,41.12908525,-2.0,1.0,0.0,996.1414015315796,0.0,996.1414015315796
1668470534.9935596,2.74,0.0,41.12908525,-2.0,1.0,0.0,996.1414015315796,0.0,996.1414015315796
1668470594.994532,2.74,0.0,41.12908525,-2.0,1.0,0.0,996.1414015315796,0.0,996.1414015315796
1668470654.895954,2.753,0.0129999999999999,52.10927926,-2.0,1.0,0.0,996.1414015315796,0.0,996.1414015315796
1668470715.4440591,2.757,0.004,54.91129838,-2.0,1.0,0.0,996.1414015315796,0.0,996.1414015315796
1668470775.1865003,2.751,-0.0060000000000002,49.89339589,-2.0,1.0,0.0,996.1414015315796,0.0,996.1414015315796
1668470835.4418118,2.741,-0.0099999999999997,43.2299991,-2.0,1.0,0.0,996.1414015315796,0.0,996.1414015315796
1668470895.7089686,2.74,-0.0009999999999998,42.6170552,-2.0,1.0,0.0,996.1414015315796,0.0,996.1414015315796
1668470955.3171852,2.74,0.0,42.6170552,-2.0,1.0,0.0,996.1414015315796,0.0,996.1414015315796
1668471015.4653745,2.741,0.0009999999999998,43.54538927,-2.0,1.0,0.0,996.1414015315796,0.0,996.1414015315796
1668471075.4870443,2.743,0.0019999999999997,45.38061166,-2.0,1.0,0.0,996.1414015315796,0.0,996.1414015315796
1668471135.252542,2.746,0.0030000000000001,48.00965364,-2.0,1.0,0.0,996.1414015315796,0.0,996.1414015315796
1668471195.6017969,2.738,-0.008,42.23288015,-2.0,1.0,0.0,996.1414015315796,0.0,996.1414015315796
1668471255.4168582,2.744,0.0060000000000002,47.70652808,-2.0,1.0,0.0,996.1414015315796,0.0,996.1414015315796
1668471315.058057,2.744,0.0,47.70652808,-2.0,1.0,0.0,996.1414015315796,0.0,996.1414015315796
1668471375.1734965,2.744,0.0,47.70652808,-2.0,1.0,0.0,996.1414015315796,0.0,996.1414015315796
1668471434.97207,2.744,0.0,47.70652808,-2.0,1.0,0.0,996.1414015315796,0.0,996.1414015315796
1668471495.3715878,2.744,0.0,47.70652808,-2.0,1.0,0.0,996.1414015315796,0.0,996.1414015315796
1668471555.429665,2.736,-0.008,41.20469734,-2.0,1.0,0.0,996.1414015315796,0.0,996.1414015315796
1668471615.2646716,2.739,0.0029999999999996,45.54167095,-2.0,1.0,0.0,996.1414015315796,0.0,996.1414015315796
1668471675.0530956,2.737,-0.0019999999999997,44.16461838,-2.0,1.0,0.0,996.1414015315796,0.0,996.1414015315796
1668471739.3796604,2.739,0.0019999999999997,46.56816171,-2.0,1.0,0.0,996.1414015315796,0.0,996.1414015315796
1668471795.5730507,2.739,0.0,46.56816171,-2.0,1.0,0.0,996.1414015315796,0.0,996.1414015315796
1668471855.6604545,2.737,-0.0019999999999997,45.09761379,-2.0,1.0,0.0,996.1414015315796,0.0,996.1414015315796
1668471917.1514237,2.74,0.0030000000000001,47.95662691,-2.0,1.0,0.0,996.1414015315796,0.0,996.1414015315796
1668471976.9063349,2.74,0.0,47.95662691,-2.0,1.0,0.0,996.1414015315796,0.0,996.1414015315796
1668472037.059598,2.75,0.0099999999999997,56.15310371,-2.0,1.0,0.0,996.1414015315796,0.0,996.1414015315796
1668472098.3031952,2.75,0.0,56.15310371,-2.0,1.0,0.0,996.1414015315796,0.0,996.1414015315796
1668472157.9605932,2.751,0.0009999999999998,56.99895657,-2.0,1.0,0.0,996.1414015315796,0.0,996.1414015315796
1668472218.1199074,2.752,0.0009999999999998,56.79332499,-2.0,1.0,0.0,996.1414015315796,0.0,996.1414015315796
1668472279.0225174,2.761,0.0090000000000003,64.21988793,-2.0,1.0,0.0,996.1414015315796,0.0,996.1414015315796
1668472339.1486816,2.752,-0.0090000000000003,55.0042248,-2.0,1.0,0.0,996.1414015315796,0.0,996.1414015315796
1668472398.8214262,2.75,-0.0019999999999997,53.17797162,-2.0,1.0,0.0,996.1414015315796,0.0,996.1414015315796
1668472460.4173112,2.736,-0.0139999999999997,42.70690511,-2.0,1.0,0.0,996.1414015315796,0.0,996.1414015315796
1668472519.784979,2.743,0.0069999999999996,48.3024065,-2.0,1.0,0.0,996.1414015315796,0.0,996.1414015315796
1668472580.121261,2.75,0.0070000000000001,53.08300348,-2.0,1.0,0.0,996.1414015315796,0.0,996.1414015315796
1668472640.902746,2.743,-0.0070000000000001,48.27158927,-2.0,1.0,0.0,996.1414015315796,0.0,996.1414015315796
1668472701.0132957,2.743,0.0,48.27158927,-2.0,1.0,0.0,996.1414015315796,0.0,996.1414015315796
1668472760.6611123,2.74,-0.0029999999999996,46.19062933,-2.0,1.0,0.0,996.1414015315796,0.0,996.1414015315796
1668472821.8577533,2.738,-0.0020000000000002,45.2632717,-2.0,1.0,0.0,996.1414015315796,0.0,996.1414015315796
1668472881.5102222,2.743,0.0049999999999998,49.19228044,-2.0,1.0,0.0,996.1414015315796,0.0,996.1414015315796
1668472941.852183,2.749,0.0060000000000002,53.4453508,-2.0,1.0,0.0,996.1414015315796,0.0,996.1414015315796
1668473002.3086789,2.744,-0.0049999999999998,50.0284356,-2.0,1.0,0.0,996.1414015315796,0.0,996.1414015315796
1668473062.336407,2.744,0.0,50.0284356,-2.0,1.0,0.0,996.1414015315796,0.0,996.1414015315796
1668473122.6320643,2.743,-0.0010000000000003,49.34726273,-2.0,1.0,0.0,996.1414015315796,0.0,996.1414015315796
1668473182.8745532,2.742,-0.0009999999999998,48.68439,-2.0,1.0,0.0,996.1414015315796,0.0,996.1414015315796
1668473242.2093832,2.746,0.004,51.49131776,-2.0,1.0,0.0,996.1414015315796,0.0,996.1414015315796
1668473302.2205296,2.746,0.0,51.49131776,-2.0,1.0,0.0,996.1414015315796,0.0,996.1414015315796
1668473362.1805658,2.743,-0.0030000000000001,49.1526974,-2.0,1.0,0.0,996.1414015315796,0.0,996.1414015315796
1668473422.2357025,2.742,-0.0009999999999998,48.36417697,-2.0,1.0,0.0,996.1414015315796,0.0,996.1414015315796
1668473482.3150349,2.744,0.0020000000000002,49.9628593,-2.0,1.0,0.0,996.1414015315796,0.0,996.1414015315796
1668473542.4532037,2.748,0.004,53.32631667,-2.0,1.0,0.0,996.1414015315796,0.0,996.1414015315796
1668473603.035451,2.746,-0.0020000000000002,51.50051885,-2.0,1.0,0.0,996.1414015315796,0.0,996.1414015315796
1668473662.3061302,2.737,-0.0089999999999998,44.15968995,-2.0,1.0,0.0,996.1414015315796,0.0,996.1414015315796
1668473722.3027236,2.738,0.0009999999999998,45.11435966,-2.0,1.0,0.0,996.1414015315796,0.0,996.1414015315796
1668473782.1980357,2.739,0.0009999999999998,46.10661955,-2.0,1.0,0.0,996.1414015315796,0.0,996.1414015315796
1668473842.30235,2.73,-0.0089999999999998,39.232193,-2.0,1.0,0.0,996.1414015315796,0.0,996.1414015315796
1668473902.2423718,2.726,-0.004,36.61894185,-2.0,1.0,0.0,996.1414015315796,0.0,996.1414015315796
1668473962.279555,2.724,-0.0019999999999997,35.92373475,-2.0,1.0,0.0,996.1414015315796,0.0,996.1414015315796
1668474022.3003,2.725,0.0009999999999998,37.05653427,-2.0,1.0,0.0,996.1414015315796,0.0,996.1414015315796
1668474082.7533822,2.729,0.004,41.51080095,-2.0,1.0,0.0,996.1414015315796,0.0,996.1414015315796
1668474142.4401577,2.728,-0.0009999999999998,40.73470603,-2.0,1.0,0.0,996.1414015315796,0.0,996.1414015315796
1668474202.4014328,2.721,-0.0070000000000001,35.70273697,-2.0,1.0,0.0,996.1414015315796,0.0,996.1414015315796
1668474262.5207405,2.735,0.0139999999999997,49.60137932,-2.0,1.0,0.0,996.1414015315796,0.0,996.1414015315796
1668474322.2605038,2.732,-0.0029999999999996,46.81189293,-2.0,1.0,0.0,996.1414015315796,0.0,996.1414015315796
1668474382.288919,2.729,-0.0030000000000001,44.68022043,-2.0,1.0,0.0,996.1414015315796,0.0,996.1414015315796
1668474442.2162688,2.733,0.004,48.32661167,-2.0,1.0,0.0,996.1414015315796,0.0,996.1414015315796
1668474502.1494758,2.736,0.0030000000000001,50.93858557,-2.0,1.0,0.0,996.1414015315796,0.0,996.1414015315796
1668474562.350976,2.739,0.0029999999999996,53.47141766,-2.0,1.0,0.0,996.1414015315796,0.0,996.1414015315796
1668474622.330165,2.743,0.004,56.46791914,-2.0,1.0,0.0,996.1414015315796,0.0,996.1414015315796
1668474682.39317,2.744,0.0010000000000003,57.20984957,-2.0,1.0,0.0,996.1414015315796,0.0,996.1414015315796
1668474742.385249,2.744,0.0,57.20984957,-2.0,1.0,0.0,996.1414015315796,0.0,996.1414015315796
1668474802.4982965,2.744,0.0,57.20984957,-2.0,1.0,0.0,996.1414015315796,0.0,996.1414015315796
1668474862.4513078,2.739,-0.0050000000000003,52.40093077,-2.0,1.0,0.0,996.1414015315796,0.0,996.1414015315796
1668474922.464446,2.739,0.0,52.40093077,-2.0,1.0,0.0,996.1414015315796,0.0,996.1414015315796
1668474982.5078304,2.739,0.0,52.40093077,-2.0,1.0,0.0,996.1414015315796,0.0,996.1414015315796
1668475042.4055226,2.743,0.004,56.02812122,-2.0,1.0,0.0,996.1414015315796,0.0,996.1414015315796
1668475102.314993,2.745,0.0020000000000002,57.67027087,-2.0,1.0,0.0,996.1414015315796,0.0,996.1414015315796
1668475162.3437154,2.745,0.0,57.67027087,-2.0,1.0,0.0,996.1414015315796,0.0,996.1414015315796
1668475222.5425332,2.745,0.0,57.67027087,-2.0,1.0,0.0,996.1414015315796,0.0,996.1414015315796
1668475282.3154304,2.748,0.0030000000000001,59.20739733,-2.0,1.0,0.0,996.1414015315796,0.0,996.1414015315796
1668475342.3738358,2.75,0.0019999999999997,61.53750004,-2.0,1.0,0.0,996.1414015315796,0.0,996.1414015315796
1668475402.323557,2.748,-0.0019999999999997,59.03544633,-2.0,1.0,0.0,996.1414015315796,0.0,996.1414015315796
1668475462.816942,2.746,-0.0020000000000002,56.55892206,-2.0,1.0,0.0,996.1414015315796,0.0,996.1414015315796
1668475522.2977428,2.747,0.0009999999999998,57.51850867,-2.0,1.0,0.0,996.1414015315796,0.0,996.1414015315796
1668475582.3775785,2.758,0.0110000000000001,66.32927079,-2.0,1.0,0.0,996.1414015315796,0.0,996.1414015315796
1668475642.3043106,2.751,-0.0070000000000001,57.75880936,-2.0,1.0,0.0,996.1414015315796,0.0,996.1414015315796
1668475702.3847234,2.75,-0.0009999999999998,56.67954029,-2.0,1.0,0.0,996.1414015315796,0.0,996.1414015315796
1668475762.3907115,2.75,0.0,56.67954029,-2.0,1.0,0.0,996.1414015315796,0.0,996.1414015315796
1668475822.2852054,2.751,0.0009999999999998,57.16468288,-2.0,1.0,0.0,996.1414015315796,0.0,996.1414015315796
1668475882.3325815,2.752,0.0009999999999998,57.1828406,-2.0,1.0,0.0,996.1414015315796,0.0,996.1414015315796
1668475943.0435593,2.75,-0.0019999999999997,54.83743342,-2.0,1.0,0.0,996.1414015315796,0.0,996.1414015315796
1668476002.4612644,2.752,0.0019999999999997,56.55602971,-2.0,1.0,0.0,996.1414015315796,0.0,996.1414015315796
1668476062.3717704,2.758,0.0060000000000002,61.2775888,-2.0,1.0,0.0,996.1414015315796,0.0,996.1414015315796
1668476122.319086,2.758,0.0,61.2775888,-2.0,1.0,0.0,996.1414015315796,0.0,996.1414015315796
1668476183.509086,2.753,-0.0049999999999998,55.83202628,-2.0,1.0,0.0,996.1414015315796,0.0,996.1414015315796
1668476242.2742608,2.752,-0.0010000000000003,54.7834379,-2.0,1.0,0.0,996.1414015315796,0.0,996.1414015315796
1668476302.430124,2.75,-0.0019999999999997,52.80014541,-2.0,1.0,0.0,996.1414015315796,0.0,996.1414015315796
1668476362.3783002,2.757,0.0070000000000001,58.46747588,-2.0,1.0,0.0,996.1414015315796,0.0,996.1414015315796
1668476423.316443,2.759,0.0019999999999997,59.84503144,-2.0,1.0,0.0,996.1414015315796,0.0,996.1414015315796
1668476482.3210294,2.758,-0.0009999999999998,58.79496775,-2.0,1.0,0.0,996.1414015315796,0.0,996.1414015315796
1668476542.3671234,2.759,0.0009999999999998,59.84503144,-2.0,1.0,0.0,996.1414015315796,0.0,996.1414015315796
1668476602.4399204,2.758,-0.0009999999999998,58.63061044,-2.0,1.0,0.0,996.1414015315796,0.0,996.1414015315796
1668476662.3779085,2.763,0.0049999999999998,62.70570979,-2.0,1.0,0.0,996.1414015315796,0.0,996.1414015315796
1668476722.3739803,2.767,0.004,64.21145382,-2.0,1.0,0.0,996.1414015315796,0.0,996.1414015315796
1668476782.3290534,2.763,-0.004,59.83622565,-2.0,1.0,0.0,996.1414015315796,0.0,996.1414015315796
1668476842.3203764,2.772,0.0089999999999998,65.56941123,-2.0,1.0,0.0,996.1414015315796,0.0,996.1414015315796
1668476903.5040188,2.778,0.0060000000000002,67.9804504,-2.0,1.0,0.0,996.1414015315796,0.0,996.1414015315796
1668476962.5434992,2.789,0.0110000000000001,72.65747208,-2.0,1.0,0.0,996.1414015315796,0.0,996.1414015315796
1668477022.6572282,2.783,-0.0060000000000002,67.40830148,-2.0,1.0,0.0,996.1414015315796,0.0,996.1414015315796
1668477082.3204565,2.781,-0.0019999999999997,65.51219787,-2.0,1.0,0.0,996.1414015315796,0.0,996.1414015315796
1668477142.4790485,2.776,-0.0050000000000003,59.8053968,-2.0,1.0,0.0,996.1414015315796,0.0,996.1414015315796
1668477202.381292,2.779,0.0030000000000001,61.49381206,-2.0,1.0,0.0,996.1414015315796,0.0,996.1414015315796
1668477262.4786873,2.772,-0.0070000000000001,57.10057851,-2.0,1.0,0.0,996.1414015315796,0.0,996.1414015315796
1668477322.4470005,2.78,0.008,61.6955543,-2.0,1.0,0.0,996.1414015315796,0.0,996.1414015315796
1668477383.3117282,2.783,0.0030000000000001,62.46200185,-2.0,1.0,0.0,996.1414015315796,0.0,996.1414015315796
1668477442.5091257,2.769,-0.0139999999999997,52.03817218,-2.0,1.0,0.0,996.1414015315796,0.0,996.1414015315796
1668477502.4855976,2.773,0.004,54.6822283,-2.0,1.0,0.0,996.1414015315796,0.0,996.1414015315796
1668477562.388376,2.774,0.0009999999999998,55.30583888,-2.0,1.0,0.0,996.1414015315796,0.0,996.1414015315796
1668477624.817695,2.766,-0.008,49.39366971,-2.0,1.0,0.0,996.1414015315796,0.0,996.1414015315796
1668477684.2274966,2.765,-0.0009999999999998,48.7889389,-2.0,1.0,0.0,996.1414015315796,0.0,996.1414015315796
1668477801.2536542,2.762,-0.0030000000000001,46.78523212,-2.0,1.0,0.0,996.1414015315796,0.0,996.1414015315796
1668477820.7536273,2.768,0.0059999999999997,51.21950523,-2.0,1.0,0.0,996.1414015315796,0.0,996.1414015315796
1668477866.4780838,2.774,0.0060000000000002,55.37780939,-2.0,1.0,0.0,996.1414015315796,0.0,996.1414015315796
1668477927.0880368,2.781,0.0070000000000001,57.92281231,-2.0,1.0,0.0,996.1414015315796,0.0,996.1414015315796
1668477986.3210711,2.778,-0.0030000000000001,55.75995476,-2.0,1.0,0.0,996.1414015315796,0.0,996.1414015315796
1668478046.3006945,2.779,0.0009999999999998,56.30601569,-2.0,1.0,0.0,996.1414015315796,0.0,996.1414015315796
1668478106.457651,2.779,0.0,56.30601569,-2.0,1.0,0.0,996.1414015315796,0.0,996.1414015315796
1668478166.531331,2.775,-0.004,52.54324135,-2.0,1.0,0.0,996.1414015315796,0.0,996.1414015315796
1668478226.3854473,2.783,0.008,58.67245055,-2.0,1.0,0.0,996.1414015315796,0.0,996.1414015315796
1668478286.4064202,2.782,-0.0009999999999998,57.7653618,-2.0,1.0,0.0,996.1414015315796,0.0,996.1414015315796
1668478346.531005,2.774,-0.008,51.24452344,-2.0,1.0,0.0,996.1414015315796,0.0,996.1414015315796
1668478407.200976,2.778,0.004,54.16100956,-2.0,1.0,0.0,996.1414015315796,0.0,996.1414015315796
1668478466.5334115,2.783,0.0049999999999998,57.72253235,-2.0,1.0,0.0,996.1414015315796,0.0,996.1414015315796
1668478526.4807527,2.787,0.004,60.44795243,-2.0,1.0,0.0,996.1414015315796,0.0,996.1414015315796
1668478586.4397545,2.788,0.0009999999999998,61.07527377,-2.0,1.0,0.0,996.1414015315796,0.0,996.1414015315796
1668478646.4991198,2.78,-0.008,53.73290667,-2.0,1.0,0.0,996.1414015315796,0.0,996.1414015315796
1668478706.4489827,2.777,-0.0029999999999996,51.41502127,-2.0,1.0,0.0,996.1414015315796,0.0,996.1414015315796
1668478766.4848533,2.781,0.004,54.24887127,-2.0,1.0,0.0,996.1414015315796,0.0,996.1414015315796
1668478826.5249298,2.781,0.0,54.24887127,-2.0,1.0,0.0,996.1414015315796,0.0,996.1414015315796
1668478886.30197,2.781,0.0,54.24887127,-2.0,1.0,0.0,996.1414015315796,0.0,996.1414015315796
1668478946.5170026,2.781,0.0,54.24887127,-2.0,1.0,0.0,996.1414015315796,0.0,996.1414015315796
1668479006.4253347,2.777,-0.004,50.81164988,-2.0,1.0,0.0,996.1414015315796,0.0,996.1414015315796
1668479066.6918972,2.773,-0.004,47.78404164,-2.0,1.0,0.0,996.1414015315796,0.0,996.1414015315796
1668479126.4499247,2.778,0.0049999999999998,51.88119001,-2.0,1.0,0.0,996.1414015315796,0.0,996.1414015315796
1668479186.3948798,2.783,0.0049999999999998,55.42914689,-2.0,1.0,0.0,996.1414015315796,0.0,996.1414015315796
1668479246.4354494,2.778,-0.0049999999999998,51.35157256,-2.0,1.0,0.0,996.1414015315796,0.0,996.1414015315796
1668479306.710109,2.778,0.0,51.35157256,-2.0,1.0,0.0,996.1414015315796,0.0,996.1414015315796
1668479366.6009178,2.773,-0.0049999999999998,47.58200836,-2.0,1.0,0.0,996.1414015315796,0.0,996.1414015315796
1668479426.4647274,2.773,0.0,47.58200836,-2.0,1.0,0.0,996.1414015315796,0.0,996.1414015315796
1668479486.3995807,2.779,0.0059999999999997,52.12375981,-2.0,1.0,0.0,996.1414015315796,0.0,996.1414015315796
1668479546.583633,2.784,0.0049999999999998,55.34782876,-2.0,1.0,0.0,996.1414015315796,0.0,996.1414015315796
1668479606.655262,2.787,0.0030000000000001,57.20976535,-2.0,1.0,0.0,996.1414015315796,0.0,996.1414015315796
1668479666.520043,2.788,0.0009999999999998,57.68252848,-2.0,1.0,0.0,996.1414015315796,0.0,996.1414015315796
1668479727.0611897,2.784,-0.004,54.34297426,-2.0,1.0,0.0,996.1414015315796,0.0,996.1414015315796
1668479787.0498738,2.784,0.0,54.34297426,-2.0,1.0,0.0,996.1414015315796,0.0,996.1414015315796
1668479847.036181,2.785,0.0010000000000003,55.09673157,-2.0,1.0,0.0,996.1414015315796,0.0,996.1414015315796
1668479907.7849376,2.792,0.0069999999999996,59.74836506,-2.0,1.0,0.0,996.1414015315796,0.0,996.1414015315796
1668479967.837036,2.792,0.0,59.49536106,-2.0,1.0,0.0,996.1414015315796,0.0,996.1414015315796
1668480027.9734535,2.792,0.0,59.11688929,-2.0,1.0,0.0,996.1414015315796,0.0,996.1414015315796
1668480088.5920556,2.793,0.0010000000000003,59.86440943,-2.0,1.0,0.0,996.1414015315796,0.0,996.1414015315796
1668480148.6434052,2.786,-0.0070000000000001,53.1746624,-2.0,1.0,0.0,996.1414015315796,0.0,996.1414015315796
1668480208.682525,2.787,0.0009999999999998,53.73452645,-2.0,1.0,0.0,996.1414015315796,0.0,996.1414015315796
1668480269.625352,2.791,0.004,56.7402971,-2.0,1.0,0.0,996.1414015315796,0.0,996.1414015315796
1668480329.5409925,2.788,-0.0030000000000001,53.77976901,-2.0,1.0,0.0,996.1414015315796,0.0,996.1414015315796
1668480389.5599754,2.788,0.0,53.77976901,-2.0,1.0,0.0,996.1414015315796,0.0,996.1414015315796
1668480450.2319915,2.789,0.0010000000000003,54.52457364,-2.0,1.0,0.0,996.1414015315796,0.0,996.1414015315796
1668480510.3496675,2.79,0.0009999999999998,55.3814254,-2.0,1.0,0.0,996.1414015315796,0.0,996.1414015315796
1668480570.3153772,2.786,-0.004,51.22379977,-2.0,1.0,0.0,996.1414015315796,0.0,996.1414015315796
1668480631.4032938,2.783,-0.0030000000000001,48.49340647,-2.0,1.0,0.0,996.1414015315796,0.0,996.1414015315796
1668480690.9244158,2.789,0.0060000000000002,54.16087479,-2.0,1.0,0.0,996.1414015315796,0.0,996.1414015315796
1668480750.991573,2.789,0.0,54.16087479,-2.0,1.0,0.0,996.1414015315796,0.0,996.1414015315796
1668480811.9731104,2.788,-0.0010000000000003,53.11193199,-2.0,1.0,0.0,996.1414015315796,0.0,996.1414015315796
1668480872.370712,2.788,0.0,53.11193199,-2.0,1.0,0.0,996.1414015315796,0.0,996.1414015315796
1668480933.6085453,2.788,0.0,53.11193199,-2.0,1.0,0.0,996.1414015315796,0.0,996.1414015315796
1668480993.0434422,2.788,0.0,53.11193199,-2.0,1.0,0.0,996.1414015315796,0.0,996.1414015315796
1668481052.8648455,2.788,0.0,53.11193199,-2.0,1.0,0.0,996.1414015315796,0.0,996.1414015315796
1668481113.1371658,2.792,0.004,56.72248039,-2.0,1.0,0.0,996.1414015315796,0.0,996.1414015315796
1668481173.6332953,2.779,-0.0129999999999999,44.62446535,-2.0,1.0,0.0,996.1414015315796,0.0,996.1414015315796
1668481233.8609562,2.79,0.0110000000000001,53.80786078,-2.0,1.0,0.0,996.1414015315796,0.0,996.1414015315796
1668481293.7265666,2.793,0.0030000000000001,55.96080171,-2.0,1.0,0.0,996.1414015315796,0.0,996.1414015315796
1668481354.477522,2.793,0.0,55.96080171,-2.0,1.0,0.0,996.1414015315796,0.0,996.1414015315796
1668481414.4962084,2.795,0.0019999999999997,56.8046099,-2.0,1.0,0.0,996.1414015315796,0.0,996.1414015315796
1668481474.403409,2.794,-0.0009999999999998,55.82253167,-2.0,1.0,0.0,996.1414015315796,0.0,996.1414015315796
1668481535.3100648,2.8,0.0059999999999997,59.90229255,-2.0,1.0,0.0,996.1414015315796,0.0,996.1414015315796
1668481595.4254625,2.802,0.0020000000000002,61.58713961,-2.0,1.0,0.0,996.1414015315796,0.0,996.1414015315796
1668481655.3968792,2.804,0.0019999999999997,62.83934017,-2.0,1.0,0.0,996.1414015315796,0.0,996.1414015315796
1668481716.1512115,2.804,0.0,62.83934017,-2.0,1.0,0.0,996.1414015315796,0.0,996.1414015315796
1668481776.2050123,2.807,0.0030000000000001,64.83361758,-2.0,1.0,0.0,996.1414015315796,0.0,996.1414015315796
1668481836.1251807,2.802,-0.0049999999999998,58.43971781,-2.0,1.0,0.0,996.1414015315796,0.0,996.1414015315796
1668481896.8094788,2.798,-0.004,54.36350507,-2.0,1.0,0.0,996.1414015315796,0.0,996.1414015315796
1668481956.853289,2.797,-0.0009999999999998,53.41513378,-2.0,1.0,0.0,996.1414015315796,0.0,996.1414015315796
1668482016.8301623,2.8,0.0029999999999996,55.90060922,-2.0,1.0,0.0,996.1414015315796,0.0,996.1414015315796
1668482077.8786538,2.799,-0.0009999999999998,54.77091035,-2.0,1.0,0.0,996.1414015315796,0.0,996.1414015315796
1668482137.7393916,2.799,0.0,54.77091035,-2.0,1.0,0.0,996.1414015315796,0.0,996.1414015315796
1668482197.798417,2.8,0.0009999999999998,55.73429174,-2.0,1.0,0.0,996.1414015315796,0.0,996.1414015315796
1668482258.5491447,2.8,0.0,55.73429174,-2.0,1.0,0.0,996.1414015315796,0.0,996.1414015315796
1668482318.637426,2.805,0.0050000000000003,60.28886222,-2.0,1.0,0.0,996.1414015315796,0.0,996.1414015315796
1668482379.048553,2.805,0.0,60.28886222,-2.0,1.0,0.0,996.1414015315796,0.0,996.1414015315796
1668482439.4373045,2.805,0.0,60.28886222,-2.0,1.0,0.0,996.1414015315796,0.0,996.1414015315796
1668482499.5328245,2.799,-0.0060000000000002,52.73712191,-2.0,1.0,0.0,996.1414015315796,0.0,996.1414015315796
1668482559.418306,2.79,-0.0089999999999998,45.34560228,-2.0,1.0,0.0,996.1414015315796,0.0,996.1414015315796
1668482620.4608688,2.796,0.0059999999999997,50.27307742,-2.0,1.0,0.0,996.1414015315796,0.0,996.1414015315796
1668482680.0893788,2.796,0.0,50.27307742,-2.0,1.0,0.0,996.1414015315796,0.0,996.1414015315796
1668482740.1700256,2.792,-0.004,47.21682293,-2.0,1.0,0.0,996.1414015315796,0.0,996.1414015315796
1668482801.2631412,2.8,0.008,53.32800332,-2.0,1.0,0.0,996.1414015315796,0.0,996.1414015315796
1668482861.4590576,2.798,-0.0019999999999997,51.71595226,-2.0,1.0,0.0,996.1414015315796,0.0,996.1414015315796
1668482921.3699248,2.8,0.0019999999999997,53.19734216,-2.0,1.0,0.0,996.1414015315796,0.0,996.1414015315796
1668482981.9938564,2.8,0.0,53.19734216,-2.0,1.0,0.0,996.1414015315796,0.0,996.1414015315796
1668483041.897812,2.801,0.0010000000000003,53.9559491,-2.0,1.0,0.0,996.1414015315796,0.0,996.1414015315796
1668483101.8583715,2.8,-0.0010000000000003,53.11115845,-2.0,1.0,0.0,996.1414015315796,0.0,996.1414015315796
1668483162.7673793,2.801,0.0010000000000003,53.19253467,-2.0,1.0,0.0,996.1414015315796,0.0,996.1414015315796
1668483222.8722718,2.805,0.004,55.99543581,-2.0,1.0,0.0,996.1414015315796,0.0,996.1414015315796
1668483282.978329,2.807,0.0019999999999997,57.38863153,-2.0,1.0,0.0,996.1414015315796,0.0,996.1414015315796
1668483343.2659092,2.81,0.0030000000000001,59.3205158,-2.0,1.0,0.0,996.1414015315796,0.0,996.1414015315796
1668483402.6535006,2.813,0.0030000000000001,61.30659474,-2.0,1.0,0.0,996.1414015315796,0.0,996.1414015315796
1668483462.6852126,2.809,-0.004,57.97236712,-2.0,1.0,0.0,996.1414015315796,0.0,996.1414015315796
1668483523.9368658,2.803,-0.0060000000000002,52.0751031,-2.0,1.0,0.0,996.1414015315796,0.0,996.1414015315796
1668483582.569697,2.808,0.0049999999999998,56.76976934,-2.0,1.0,0.0,996.1414015315796,0.0,996.1414015315796
1668483642.5418706,2.807,-0.0009999999999998,55.6712732,-2.0,1.0,0.0,996.1414015315796,0.0,996.1414015315796
1668483702.6513722,2.807,0.0,55.6712732,-2.0,1.0,0.0,996.1414015315796,0.0,996.1414015315796
1668483762.7853246,2.807,0.0,55.6712732,-2.0,1.0,0.0,996.1414015315796,0.0,996.1414015315796
1668483822.801041,2.805,-0.0019999999999997,53.44389392,-2.0,1.0,0.0,996.1414015315796,0.0,996.1414015315796
1668483882.6704507,2.805,0.0,53.3803859,-2.0,1.0,0.0,996.1414015315796,0.0,996.1414015315796
1668483942.6415029,2.811,0.0059999999999997,58.70271207,-2.0,1.0,0.0,996.1414015315796,0.0,996.1414015315796
1668484002.572898,2.807,-0.004,53.00349814,-2.0,1.0,0.0,996.1414015315796,0.0,996.1414015315796
1668484063.3812478,2.812,0.0049999999999998,57.60209467,-2.0,1.0,0.0,996.1414015315796,0.0,996.1414015315796
1668484122.5772486,2.807,-0.0049999999999998,52.54184206,-2.0,1.0,0.0,996.1414015315796,0.0,996.1414015315796
1668484182.5560107,2.804,-0.0030000000000001,49.79942958,-2.0,1.0,0.0,996.1414015315796,0.0,996.1414015315796
1668484242.729318,2.8,-0.004,46.15209832,-2.0,1.0,0.0,996.1414015315796,0.0,996.1414015315796
1668484302.6923816,2.8,0.0,46.15209832,-2.0,1.0,0.0,996.1414015315796,0.0,996.1414015315796
1668484362.7013612,2.797,-0.0029999999999996,43.42894253,-2.0,1.0,0.0,996.1414015315796,0.0,996.1414015315796
1668484422.5614667,2.796,-0.0010000000000003,42.52815776,-2.0,1.0,0.0,996.1414015315796,0.0,996.1414015315796
1668484482.8403175,2.798,0.0020000000000002,44.74875673,-2.0,1.0,0.0,996.1414015315796,0.0,996.1414015315796
1668484543.12949,2.793,-0.0049999999999998,40.12228656,-2.0,1.0,0.0,996.1414015315796,0.0,996.1414015315796
1668484602.7130427,2.796,0.0029999999999996,42.77577975,-2.0,1.0,0.0,996.1414015315796,0.0,996.1414015315796
1668484662.576252,2.8,0.004,47.73868575,-2.0,1.0,0.0,996.1414015315796,0.0,996.1414015315796
1668484722.825176,2.803,0.0030000000000001,50.93044103,-2.0,1.0,0.0,996.1414015315796,0.0,996.1414015315796
1668484782.749138,2.801,-0.0019999999999997,48.79108456,-2.0,1.0,0.0,996.1414015315796,0.0,996.1414015315796
1668484842.5639026,2.801,0.0,48.79108456,-2.0,1.0,0.0,996.1414015315796,0.0,996.1414015315796
1668484902.558087,2.802,0.0009999999999998,49.92372591,-2.0,1.0,0.0,996.1414015315796,0.0,996.1414015315796
1668484962.6806026,2.801,-0.0009999999999998,48.76223681,-2.0,1.0,0.0,996.1414015315796,0.0,996.1414015315796
1668485022.7438624,2.796,-0.0050000000000003,43.47191079,-2.0,1.0,0.0,996.1414015315796,0.0,996.1414015315796
1668485082.8246856,2.79,-0.0059999999999997,38.21853348,-2.0,1.0,0.0,996.1414015315796,0.0,996.1414015315796
1668485142.7317972,2.796,0.0059999999999997,44.78354755,-2.0,1.0,0.0,996.1414015315796,0.0,996.1414015315796
1668485202.764989,2.796,0.0,44.92961067,-2.0,1.0,0.0,996.1414015315796,0.0,996.1414015315796
1668485262.770545,2.798,0.0020000000000002,47.47610616,-2.0,1.0,0.0,996.1414015315796,0.0,996.1414015315796
1668485322.772002,2.798,0.0,47.47610616,-2.0,1.0,0.0,996.1414015315796,0.0,996.1414015315796
1668485382.645354,2.8,0.0019999999999997,50.05872034,-2.0,1.0,0.0,996.1414015315796,0.0,996.1414015315796
1668485442.6326969,2.8,0.0,50.05872034,-2.0,1.0,0.0,996.1414015315796,0.0,996.1414015315796
1668485502.7505517,2.801,0.0010000000000003,51.39330959,-2.0,1.0,0.0,996.1414015315796,0.0,996.1414015315796
1668485562.8270628,2.803,0.0019999999999997,53.9492185,-2.0,1.0,0.0,996.1414015315796,0.0,996.1414015315796
1668485622.6610944,2.804,0.0009999999999998,54.17482304,-2.0,1.0,0.0,996.1414015315796,0.0,996.1414015315796
1668485682.7581282,2.804,0.0,54.17482304,-2.0,1.0,0.0,996.1414015315796,0.0,996.1414015315796
1668485743.0033166,2.804,0.0,54.17482304,-2.0,1.0,0.0,996.1414015315796,0.0,996.1414015315796
1668485802.835861,2.804,0.0,54.17482304,-2.0,1.0,0.0,996.1414015315796,0.0,996.1414015315796
1668485862.7206702,2.803,-0.0009999999999998,52.78067431,-2.0,1.0,0.0,996.1414015315796,0.0,996.1414015315796
1668485923.5592666,2.8,-0.0030000000000001,48.81847498,-2.0,1.0,0.0,996.1414015315796,0.0,996.1414015315796
1668485982.58712,2.791,-0.0089999999999998,39.41463744,-2.0,1.0,0.0,996.1414015315796,0.0,996.1414015315796
1668486042.6338897,2.795,0.004,44.40738171,-2.0,1.0,0.0,996.1414015315796,0.0,996.1414015315796
1668486102.7409534,2.79,-0.0049999999999998,38.42644464,-2.0,1.0,0.0,996.1414015315796,0.0,996.1414015315796
1668486162.6531415,2.791,0.0009999999999998,39.93997493,-2.0,1.0,0.0,996.1414015315796,0.0,996.1414015315796
1668486222.6517146,2.784,-0.0070000000000001,33.2673813,-2.0,1.0,0.0,996.1414015315796,0.0,996.1414015315796
1668486282.7844212,2.784,0.0,33.84310348,-2.0,1.0,0.0,996.1414015315796,0.0,996.1414015315796
1668486342.8718562,2.788,0.004,39.49253838,-2.0,1.0,0.0,996.1414015315796,0.0,996.1414015315796
1668486403.159413,2.792,0.004,44.90783915,-2.0,1.0,0.0,996.1414015315796,0.0,996.1414015315796
1668486462.8301885,2.792,0.0,44.90783915,-2.0,1.0,0.0,996.1414015315796,0.0,996.1414015315796
1668486522.8325377,2.792,0.0,44.90783915,-2.0,1.0,0.0,996.1414015315796,0.0,996.1414015315796
1668486582.6690078,2.786,-0.0059999999999997,38.88677545,-2.0,1.0,0.0,996.1414015315796,0.0,996.1414015315796
1668486642.8983214,2.783,-0.0030000000000001,37.04760199,-2.0,1.0,0.0,996.1414015315796,0.0,996.1414015315796
1668486703.0205383,2.785,0.0020000000000002,40.0018592,-2.0,1.0,0.0,996.1414015315796,0.0,996.1414015315796
1668486762.92316,2.789,0.004,45.4231878,-2.0,1.0,0.0,996.1414015315796,0.0,996.1414015315796
1668486822.8419034,2.786,-0.0030000000000001,42.38418635,-2.0,1.0,0.0,996.1414015315796,0.0,996.1414015315796
1668486882.7179708,2.787,0.0009999999999998,43.35097356,-2.0,1.0,0.0,996.1414015315796,0.0,996.1414015315796
1668486942.8693497,2.787,0.0,43.7636269,-2.0,1.0,0.0,996.1414015315796,0.0,996.1414015315796
1668487002.7329528,2.787,0.0,43.7636269,-2.0,1.0,0.0,996.1414015315796,0.0,996.1414015315796
1668487063.0852296,2.789,0.0020000000000002,46.65556907,-2.0,1.0,0.0,996.1414015315796,0.0,996.1414015315796
1668487123.013627,2.79,0.0009999999999998,48.2002519,-2.0,1.0,0.0,996.1414015315796,0.0,996.1414015315796
1668487183.1426632,2.788,-0.0020000000000002,45.65305641,-2.0,1.0,0.0,996.1414015315796,0.0,996.1414015315796
1668487243.620737,2.788,0.0,45.97490436,-2.0,1.0,0.0,996.1414015315796,0.0,996.1414015315796
1668487303.0911324,2.789,0.0010000000000003,47.46557019,-2.0,1.0,0.0,996.1414015315796,0.0,996.1414015315796
1668487362.7011323,2.788,-0.0010000000000003,46.11095703,-2.0,1.0,0.0,996.1414015315796,0.0,996.1414015315796
1668487423.0964208,2.788,0.0,46.68286862,-2.0,1.0,0.0,996.1414015315796,0.0,996.1414015315796
1668487482.9134014,2.789,0.0010000000000003,48.12571595,-2.0,1.0,0.0,996.1414015315796,0.0,996.1414015315796
1668487543.1215444,2.785,-0.004,43.08751992,-2.0,1.0,0.0,996.1414015315796,0.0,996.1414015315796
1668487603.2677832,2.785,0.0,43.08751992,-2.0,1.0,0.0,996.1414015315796,0.0,996.1414015315796
1668487664.0070891,2.785,0.0,43.08751992,-2.0,1.0,0.0,996.1414015315796,0.0,996.1414015315796
1668487722.7521324,2.788,0.0029999999999996,47.44636029,-2.0,1.0,0.0,996.1414015315796,0.0,996.1414015315796
1668487783.197226,2.788,0.0,47.44636029,-2.0,1.0,0.0,996.1414015315796,0.0,996.1414015315796
1668487842.8528483,2.788,0.0,47.44636029,-2.0,1.0,0.0,996.1414015315796,0.0,996.1414015315796
1668487902.8937862,2.788,0.0,47.44636029,-2.0,1.0,0.0,996.1414015315796,0.0,996.1414015315796
1668487962.8317306,2.788,0.0,47.44636029,-2.0,1.0,0.0,996.1414015315796,0.0,996.1414015315796
1668488023.0313122,2.788,0.0,47.44636029,-2.0,1.0,0.0,996.1414015315796,0.0,996.1414015315796
1668488083.3662696,2.788,0.0,47.44636029,-2.0,1.0,0.0,996.1414015315796,0.0,996.1414015315796
1668488143.2444546,2.788,0.0,47.44636029,-2.0,1.0,0.0,996.1414015315796,0.0,996.1414015315796
1668488203.3344193,2.788,0.0,47.44636029,-2.0,1.0,0.0,996.1414015315796,0.0,996.1414015315796
1668488262.9489286,2.78,-0.008,37.51006538,-2.0,1.0,0.0,996.1414015315796,0.0,996.1414015315796
1668488323.058326,2.78,0.0,37.51006538,-2.0,1.0,0.0,996.1414015315796,0.0,996.1414015315796
1668488382.8634665,2.78,0.0,37.51006538,-2.0,1.0,0.0,996.1414015315796,0.0,996.1414015315796
1668488442.885206,2.778,-0.0019999999999997,36.5486138,-2.0,1.0,0.0,996.1414015315796,0.0,996.1414015315796
1668488502.8177266,2.782,0.004,41.21188095,-2.0,1.0,0.0,996.1414015315796,0.0,996.1414015315796
1668488562.8545687,2.783,0.0009999999999998,43.16426634,-2.0,1.0,0.0,996.1414015315796,0.0,996.1414015315796
1668488622.9641426,2.783,0.0,43.16426634,-2.0,1.0,0.0,996.1414015315796,0.0,996.1414015315796
1668488682.8422122,2.788,0.0049999999999998,52.12137596,-2.0,1.0,0.0,996.1414015315796,0.0,996.1414015315796
1668488742.9683642,2.792,0.004,57.80790244,-2.0,1.0,0.0,996.1414015315796,0.0,996.1414015315796
1668488803.0975556,2.792,0.0,56.25293006,-2.0,1.0,0.0,996.1414015315796,0.0,996.1414015315796
1668488862.87582,2.78,-0.012,41.77051204,-2.0,1.0,0.0,996.1414015315796,0.0,996.1414015315796
1668488922.95053,2.785,0.0050000000000003,48.15282979,-2.0,1.0,0.0,996.1414015315796,0.0,996.1414015315796
1668488982.9350147,2.785,0.0,48.15282979,-2.0,1.0,0.0,996.1414015315796,0.0,996.1414015315796
1668489042.962851,2.785,0.0,48.15282979,-2.0,1.0,0.0,996.1414015315796,0.0,996.1414015315796
1668489102.9366496,2.785,0.0,48.15282979,-2.0,1.0,0.0,996.1414015315796,0.0,996.1414015315796
1668489162.8398592,2.785,0.0,48.15282979,-2.0,1.0,0.0,996.1414015315796,0.0,996.1414015315796
1668489222.930787,2.785,0.0,48.15282979,-2.0,1.0,0.0,996.1414015315796,0.0,996.1414015315796
1668489282.9294229,2.783,-0.0020000000000002,46.11194252,-2.0,1.0,0.0,996.1414015315796,0.0,996.1414015315796
1668489342.8268862,2.781,-0.0019999999999997,44.09909196,-2.0,1.0,0.0,996.1414015315796,0.0,996.1414015315796
1668489402.9950013,2.781,0.0,44.09909196,-2.0,1.0,0.0,996.1414015315796,0.0,996.1414015315796
1668489462.90703,2.786,0.0049999999999998,49.9012628,-2.0,1.0,0.0,996.1414015315796,0.0,996.1414015315796
1668489522.9998534,2.787,0.0009999999999998,51.07945224,-2.0,1.0,0.0,996.1414015315796,0.0,996.1414015315796
1668489582.874902,2.79,0.0030000000000001,54.09212842,-2.0,1.0,0.0,996.1414015315796,0.0,996.1414015315796
1668489642.8731847,2.79,0.0,54.09212842,-2.0,1.0,0.0,996.1414015315796,0.0,996.1414015315796
1668489702.9290562,2.785,-0.0049999999999998,48.70822926,-2.0,1.0,0.0,996.1414015315796,0.0,996.1414015315796
1668489763.1507454,2.785,0.0,48.70822926,-2.0,1.0,0.0,996.1414015315796,0.0,996.1414015315796
1668489823.2919583,2.784,-0.0010000000000003,47.60909157,-2.0,1.0,0.0,996.1414015315796,0.0,996.1414015315796
1668489883.14542,2.784,0.0,47.60909157,-2.0,1.0,0.0,996.1414015315796,0.0,996.1414015315796
1668489942.8926723,2.784,0.0,47.60909157,-2.0,1.0,0.0,996.1414015315796,0.0,996.1414015315796
1668490003.0710144,2.783,-0.0009999999999998,46.39489411,-2.0,1.0,0.0,996.1414015315796,0.0,996.1414015315796
1668490063.1772556,2.782,-0.0009999999999998,45.15470723,-2.0,1.0,0.0,996.1414015315796,0.0,996.1414015315796
1668490123.1291907,2.78,-0.0020000000000002,42.77964736,-2.0,1.0,0.0,996.1414015315796,0.0,996.1414015315796
1668490183.6972373,2.775,-0.0049999999999998,37.37004699,-2.0,1.0,0.0,996.1414015315796,0.0,996.1414015315796
1668490243.0159245,2.782,0.0070000000000001,46.47076166,-2.0,1.0,0.0,996.1414015315796,0.0,996.1414015315796
1668490303.0076964,2.774,-0.008,37.37599853,-2.0,1.0,0.0,996.1414015315796,0.0,996.1414015315796
1668490363.2742095,2.769,-0.0049999999999998,33.19118746,-2.0,1.0,0.0,996.1414015315796,0.0,996.1414015315796
1668490423.6742494,2.773,0.004,38.34659812,-2.0,1.0,0.0,996.1414015315796,0.0,996.1414015315796
1668490483.257925,2.77,-0.0030000000000001,35.64538635,-2.0,1.0,0.0,996.1414015315796,0.0,996.1414015315796
1668490543.7280908,2.768,-0.0020000000000002,33.88965603,-2.0,1.0,0.0,996.1414015315796,0.0,996.1414015315796
1668490603.5911598,2.773,0.0050000000000003,40.61521885,-2.0,1.0,0.0,996.1414015315796,0.0,996.1414015315796
1668490662.9573984,2.771,-0.0020000000000002,37.39191517,-2.0,1.0,0.0,996.1414015315796,0.0,996.1414015315796
1668490722.9180272,2.767,-0.004,33.47809005,-2.0,1.0,0.0,996.1414015315796,0.0,996.1414015315796
1668490783.0017045,2.77,0.0030000000000001,38.66356107,-2.0,1.0,0.0,996.1414015315796,0.0,996.1414015315796
1668490842.89554,2.765,-0.0049999999999998,33.9180038,-2.0,1.0,0.0,996.1414015315796,0.0,996.1414015315796
1668490903.1759405,2.762,-0.0030000000000001,31.37078716,-1.0,1.0,0.0,996.1414015315796,0.0,996.1414015315796
1668490963.0219088,2.761,-0.0009999999999998,31.6247215,-1.0,1.0,0.0,996.1414015315796,0.0,996.1414015315796
1668491022.9745522,2.763,0.0019999999999997,35.0505618,2.0,0.0,1.0,0.0,360.528918397242,996.1414015315796
1668491082.967489,2.763,0.0,35.0505618,2.0,0.0,1.0,0.0,360.528918397242,996.1414015315796
1668491143.0855784,2.759,-0.004,31.63650187,2.0,0.0,1.0,0.0,360.528918397242,994.6992858579908
1668491203.0017705,2.759,0.0,31.40122491,2.0,0.0,1.0,0.0,360.528918397242,994.6992858579908
1668491262.9096136,2.764,0.0049999999999998,37.02111,2.0,0.0,1.0,0.0,360.528918397242,996.5019304499768
1668491323.1392343,2.762,-0.0019999999999997,33.98713734,2.0,0.0,1.0,0.0,360.528918397242,995.7808726131824
1668491382.917666,2.762,0.0,33.98713734,2.0,0.0,1.0,0.0,360.528918397242,995.7808726131824
1668491442.99669,2.768,0.0059999999999997,45.49443016,2.0,0.0,1.0,0.0,360.528918397242,997.9440461235658
1668491502.9973755,2.763,-0.0049999999999998,39.34006687,2.0,0.0,1.0,0.0,360.528918397242,996.1414015315796
1668491563.0006812,2.76,-0.0030000000000001,36.38669106,2.0,0.0,1.0,0.0,360.528918397242,995.059814776388
1668491622.966308,2.759,-0.0009999999999998,35.43182903,2.0,0.0,1.0,0.0,360.528918397242,994.6992858579908
1668491682.844129,2.759,0.0,35.43182903,2.0,0.0,1.0,0.0,360.528918397242,994.6992858579908
1668491743.0461168,2.759,0.0,38.74562343,2.0,0.0,1.0,0.0,360.528918397242,994.6992858579908
1668491803.063665,2.759,0.0,38.74562343,2.0,0.0,1.0,0.0,360.528918397242,994.6992858579908
1668491862.9804137,2.759,0.0,38.74562343,2.0,0.0,1.0,0.0,360.528918397242,994.6992858579908
1668491923.1516416,2.756,-0.0030000000000001,35.72604085,2.0,0.0,1.0,0.0,360.528918397242,993.617699102799
1668491983.0683851,2.755,-0.0009999999999998,34.75376489,2.0,0.0,1.0,0.0,360.528918397242,993.2571701844016
1668492043.0453308,2.762,0.0070000000000001,45.86082267,2.0,0.0,1.0,0.0,360.528918397242,995.7808726131824
1668492103.445566,2.76,-0.0020000000000002,43.09298018,2.0,0.0,1.0,0.0,360.528918397242,995.059814776388
1668492162.976925,2.76,0.0,43.09298018,2.0,0.0,1.0,0.0,360.528918397242,995.059814776388
1668492223.0161426,2.76,0.0,43.09298018,2.0,0.0,1.0,0.0,360.528918397242,995.059814776388
1668492282.9533985,2.76,0.0,43.09298018,2.0,0.0,1.0,0.0,360.528918397242,995.059814776388
1668492342.8770835,2.771,0.0110000000000001,56.88063397,2.0,0.0,1.0,0.0,360.528918397242,999.0256328787576
1668492403.0267978,2.776,0.0049999999999998,61.47403988,2.0,0.0,1.0,0.0,360.528918397242,1000.8282774707436
1668492463.007497,2.772,-0.004,55.91873754,2.0,0.0,1.0,0.0,360.528918397242,999.3861617971548
1668492522.9813828,2.772,0.0,55.91873754,2.0,0.0,1.0,0.0,360.528918397242,999.3861617971548
1668492583.0657315,2.772,0.0,55.91873754,2.0,0.0,1.0,0.0,360.528918397242,999.3861617971548
1668492642.909475,2.767,-0.0049999999999998,50.37095932,2.0,0.0,1.0,0.0,360.528918397242,997.5835172051686
1668492702.9674425,2.767,0.0,50.37095932,2.0,0.0,1.0,0.0,360.528918397242,997.5835172051686
1668492763.043263,2.768,0.0009999999999998,51.5025053,2.0,0.0,1.0,0.0,360.528918397242,997.9440461235658
1668492823.1237926,2.77,0.0020000000000002,53.507218,2.0,0.0,1.0,0.0,360.528918397242,998.6651039603604
1668492883.1037884,2.77,0.0,53.507218,2.0,0.0,1.0,0.0,360.528918397242,998.6651039603604
1668492943.095302,2.766,-0.004,49.13281156,2.0,0.0,1.0,0.0,360.528918397242,997.2229882867714
1668493003.0454855,2.774,0.008,57.30816921,2.0,0.0,1.0,0.0,360.528918397242,1000.1072196339494
1668493063.1724107,2.768,-0.0060000000000002,50.62275282,2.0,0.0,1.0,0.0,360.528918397242,997.9440461235658
1668493123.0992224,2.768,0.0,50.62275282,2.0,0.0,1.0,0.0,360.528918397242,997.9440461235658
1668493182.9103513,2.768,0.0,50.62275282,2.0,0.0,1.0,0.0,360.528918397242,997.9440461235658
1668493243.0524106,2.768,0.0,50.62275282,2.0,0.0,1.0,0.0,360.528918397242,997.9440461235658
1668493303.0346093,2.771,0.0030000000000001,53.54109103,2.0,0.0,1.0,0.0,360.528918397242,999.0256328787576
1668493363.12153,2.771,0.0,53.54109103,2.0,0.0,1.0,0.0,360.528918397242,999.0256328787576
1668493423.1567843,2.766,-0.0049999999999998,48.26364562,2.0,0.0,1.0,0.0,360.528918397242,997.2229882867714
1668493483.0722315,2.774,0.008,56.32689653,2.0,0.0,1.0,0.0,360.528918397242,1000.1072196339494
1668493543.0646296,2.77,-0.004,52.45823289,2.0,0.0,1.0,0.0,360.528918397242,998.6651039603604
1668493603.1245348,2.769,-0.0009999999999998,51.23629446,2.0,0.0,1.0,0.0,360.528918397242,998.3045750419632
1668493663.2015026,2.769,0.0,51.23629446,2.0,0.0,1.0,0.0,360.528918397242,998.3045750419632
1668493723.0407414,2.769,0.0,51.23629446,2.0,0.0,1.0,0.0,360.528918397242,998.3045750419632
1668493782.987188,2.769,0.0,51.23629446,2.0,0.0,1.0,0.0,360.528918397242,998.3045750419632
1668493843.7372944,2.777,0.008,59.90222649,2.0,0.0,1.0,0.0,360.528918397242,1001.1888063891412
1668493903.8390338,2.771,-0.0060000000000002,53.73594187,2.0,0.0,1.0,0.0,360.528918397242,999.0256328787576
1668493963.8168952,2.773,0.0020000000000002,55.89450649,2.0,0.0,1.0,0.0,360.528918397242,999.7466907155522
1668494024.6326735,2.772,-0.0010000000000003,54.7488763,2.0,0.0,1.0,0.0,360.528918397242,999.3861617971548
1668494084.53299,2.773,0.0010000000000003,55.98023385,2.0,0.0,1.0,0.0,360.528918397242,999.7466907155522
1668494144.6151311,2.772,-0.0010000000000003,54.38644721,2.0,0.0,1.0,0.0,360.528918397242,999.3861617971548
1668494205.6396968,2.77,-0.0019999999999997,51.244101,2.0,0.0,1.0,0.0,360.528918397242,998.6651039603604
1668494265.6606116,2.77,0.0,51.244101,2.0,0.0,1.0,0.0,360.528918397242,998.6651039603604
1668494325.614014,2.77,0.0,51.244101,2.0,0.0,1.0,0.0,360.528918397242,998.6651039603604
1668494386.6573896,2.77,0.0,51.244101,2.0,0.0,1.0,0.0,360.528918397242,998.6651039603604
1668494446.5330043,2.77,0.0,51.244101,2.0,0.0,1.0,0.0,360.528918397242,998.6651039603604
1668494506.7418494,2.767,-0.0030000000000001,46.65167778,2.0,0.0,1.0,0.0,360.528918397242,997.5835172051686
1668494567.4850276,2.77,0.0030000000000001,51.05619533,2.0,0.0,1.0,0.0,360.528918397242,998.6651039603604
1668494627.266935,2.774,0.004,56.8992426,2.0,0.0,1.0,0.0,360.528918397242,1000.1072196339494
1668494687.4915996,2.773,-0.0009999999999998,55.57329681,2.0,0.0,1.0,0.0,360.528918397242,999.7466907155522
1668494748.3445623,2.773,0.0,55.57329681,2.0,0.0,1.0,0.0,360.528918397242,999.7466907155522
1668494808.1529882,2.772,-0.0010000000000003,53.7911782,2.0,0.0,1.0,0.0,360.528918397242,999.3861617971548
1668494868.3957045,2.772,0.0,53.7911782,2.0,0.0,1.0,0.0,360.528918397242,999.3861617971548
1668494928.9634752,2.772,0.0,53.7911782,2.0,0.0,1.0,0.0,360.528918397242,999.3861617971548
1668494989.0493803,2.768,-0.004,47.26241352,2.0,0.0,1.0,0.0,360.528918397242,997.9440461235658
1668495048.9948392,2.77,0.0020000000000002,50.61413359,2.0,0.0,1.0,0.0,360.528918397242,998.6651039603604
1668495109.902444,2.772,0.0019999999999997,53.99604028,2.0,0.0,1.0,0.0,360.528918397242,999.3861617971548
1668495169.7916,2.77,-0.0019999999999997,50.73900746,2.0,0.0,1.0,0.0,360.528918397242,998.6651039603604
1668495229.9031744,2.776,0.0059999999999997,59.90918499,2.0,0.0,1.0,0.0,360.528918397242,1000.8282774707436
1668495291.910173,2.778,0.0020000000000002,60.72533826,2.0,0.0,1.0,0.0,360.528918397242,1001.5493353075384
1668495351.1125052,2.777,-0.0009999999999998,59.06813523,2.0,0.0,1.0,0.0,360.528918397242,1001.1888063891412
1668495410.968902,2.773,-0.004,52.5358444,2.0,0.0,1.0,0.0,360.528918397242,999.7466907155522
1668495471.9092555,2.76,-0.0130000000000003,38.46104935,2.0,0.0,1.0,0.0,360.528918397242,995.059814776388
1668495531.795648,2.771,0.0110000000000001,50.5365419,2.0,0.0,1.0,0.0,360.528918397242,999.0256328787576
1668495592.2254865,2.78,0.0089999999999998,57.82798696,2.0,0.0,1.0,0.0,360.528918397242,1002.2703931443328
1668495652.6534424,2.779,-0.0009999999999998,56.03474108,2.0,0.0,1.0,0.0,360.528918397242,1001.9098642259356
1668495712.657826,2.785,0.0060000000000002,60.09654519,2.0,0.0,1.0,0.0,360.528918397242,1004.0730377363192
1668495773.0342965,2.784,-0.0010000000000003,57.89036911,2.0,0.0,1.0,0.0,360.528918397242,1003.7125088179216
1668495833.476958,2.783,-0.0009999999999998,57.00097732,2.0,0.0,1.0,0.0,360.528918397242,1003.3519798995244
1668495893.4245763,2.779,-0.004,53.70086969,2.0,0.0,1.0,0.0,360.528918397242,1001.9098642259356
1668495953.325161,2.779,0.0,53.70086969,2.0,0.0,1.0,0.0,360.528918397242,1001.9098642259356
1668496014.306583,2.781,0.0020000000000002,55.10058956,2.0,0.0,1.0,0.0,360.528918397242,1002.63092206273
1668496074.287104,2.784,0.0029999999999996,57.23862578,2.0,0.0,1.0,0.0,360.528918397242,1003.7125088179216
1668496134.4015443,2.787,0.0030000000000001,59.27832249,2.0,0.0,1.0,0.0,360.528918397242,1004.7940955731136
1668496195.1586604,2.782,-0.0049999999999998,54.60347291,2.0,0.0,1.0,0.0,360.528918397242,1002.9914509811272
1668496255.1165743,2.783,0.0009999999999998,55.47851012,2.0,0.0,1.0,0.0,360.528918397242,1003.3519798995244
1668496315.206097,2.787,0.004,58.35345739,2.0,0.0,1.0,0.0,360.528918397242,1004.7940955731136
1668496376.043554,2.794,0.0070000000000001,62.78948066,2.0,0.0,1.0,0.0,360.528918397242,1007.3177980018942
1668496435.946818,2.798,0.004,63.14426487,2.0,0.0,1.0,0.0,360.528918397242,1008.7599136754832
1668496495.8981357,2.802,0.004,66.02638383,1.0,0.0,1.0,0.0,360.528918397242,1010.2020293490722
1668496556.7704165,2.805,0.0030000000000001,67.49787743,1.0,0.0,1.0,0.0,360.528918397242,1011.283616104264
1668496616.8677652,2.808,0.0029999999999996,68.98180659,1.0,0.0,1.0,0.0,360.528918397242,1012.3652028594556
1668496676.7311888,2.809,0.0010000000000003,68.16209506,1.0,0.0,1.0,0.0,360.528918397242,1012.725731777853
1668496737.6107054,2.828,0.0189999999999996,77.24262482,1.0,0.0,1.0,0.0,360.528918397242,1019.5757812274004
1668496797.566535,2.827,-0.0009999999999998,77.02636622,1.0,0.0,1.0,0.0,360.528918397242,1019.2152523090032
1668496857.6689982,2.819,-0.008,68.32493608,1.0,0.0,1.0,0.0,360.528918397242,1016.3310209618252
1668496918.3068328,2.821,0.0020000000000002,69.25987147,1.0,0.0,1.0,0.0,360.528918397242,1017.0520787986198
1668496978.4114504,2.823,0.0019999999999997,68.90520168,1.0,0.0,1.0,0.0,360.528918397242,1017.7731366354142
1668497038.3794773,2.817,-0.0059999999999997,63.30045097,-2.0,1.0,0.0,1015.6099631250308,0.0,1015.6099631250308
1668497099.533377,2.815,-0.0020000000000002,61.3943397,-2.0,1.0,0.0,1015.6099631250308,0.0,1015.6099631250308
1668497159.3588648,2.818,0.0030000000000001,63.9038922,-2.0,1.0,0.0,1015.6099631250308,0.0,1015.6099631250308
1668497219.3392267,2.819,0.0009999999999998,62.74977992,-2.0,1.0,0.0,1015.6099631250308,0.0,1015.6099631250308
1668497280.0996983,2.819,0.0,62.74977992,-2.0,1.0,0.0,1015.6099631250308,0.0,1015.6099631250308
1668497340.1469803,2.811,-0.008,55.61792962,-2.0,1.0,0.0,1015.6099631250308,0.0,1015.6099631250308
1668497400.3645298,2.799,-0.012,46.711904,-2.0,1.0,0.0,1015.6099631250308,0.0,1015.6099631250308
1668497461.0517666,2.798,-0.0009999999999998,45.88162041,-2.0,1.0,0.0,1015.6099631250308,0.0,1015.6099631250308
1668497521.2910073,2.795,-0.0030000000000001,43.95154871,-2.0,1.0,0.0,1015.6099631250308,0.0,1015.6099631250308
1668497581.1065428,2.793,-0.0019999999999997,43.1904315,-2.0,1.0,0.0,1015.6099631250308,0.0,1015.6099631250308
1668497641.9046452,2.796,0.0029999999999996,45.8552806,-2.0,1.0,0.0,1015.6099631250308,0.0,1015.6099631250308
1668497701.776356,2.797,0.0010000000000003,46.7314067,-2.0,1.0,0.0,1015.6099631250308,0.0,1015.6099631250308
1668497761.8080938,2.808,0.0109999999999996,55.15925857,-2.0,1.0,0.0,1015.6099631250308,0.0,1015.6099631250308
1668497822.7454686,2.808,0.0,55.15925857,-2.0,1.0,0.0,1015.6099631250308,0.0,1015.6099631250308
1668497882.9243553,2.801,-0.0069999999999996,49.66704065,-2.0,1.0,0.0,1015.6099631250308,0.0,1015.6099631250308
1668497942.8058422,2.801,0.0,49.66704065,-2.0,1.0,0.0,1015.6099631250308,0.0,1015.6099631250308
1668498003.6972318,2.805,0.004,52.78277969,-2.0,1.0,0.0,1015.6099631250308,0.0,1015.6099631250308
1668498063.5989647,2.805,0.0,52.78277969,-2.0,1.0,0.0,1015.6099631250308,0.0,1015.6099631250308
1668498123.6858077,2.81,0.0049999999999998,56.67112974,-2.0,1.0,0.0,1015.6099631250308,0.0,1015.6099631250308
1668498184.459157,2.803,-0.0070000000000001,50.41203036,-2.0,1.0,0.0,1015.6099631250308,0.0,1015.6099631250308
1668498244.5102072,2.806,0.0030000000000001,52.84824609,-2.0,1.0,0.0,1015.6099631250308,0.0,1015.6099631250308
1668498304.4331102,2.807,0.0009999999999998,53.62219347,-2.0,1.0,0.0,1015.6099631250308,0.0,1015.6099631250308
1668498365.421316,2.807,0.0,53.62219347,-2.0,1.0,0.0,1015.6099631250308,0.0,1015.6099631250308
1668498425.308174,2.805,-0.0019999999999997,51.65553124,-2.0,1.0,0.0,1015.6099631250308,0.0,1015.6099631250308
1668498485.3581977,2.801,-0.004,48.01942739,-2.0,1.0,0.0,1015.6099631250308,0.0,1015.6099631250308
1668498546.3458133,2.806,0.0049999999999998,52.8413281,-2.0,1.0,0.0,1015.6099631250308,0.0,1015.6099631250308
1668498606.247023,2.807,0.0009999999999998,53.76509387,-2.0,1.0,0.0,1015.6099631250308,0.0,1015.6099631250308
1668498666.360891,2.81,0.0030000000000001,56.39336127,-2.0,1.0,0.0,1015.6099631250308,0.0,1015.6099631250308
1668498727.1945794,2.809,-0.0009999999999998,54.93579323,-2.0,1.0,0.0,1015.6099631250308,0.0,1015.6099631250308
1668498787.0077996,2.799,-0.0100000000000002,45.13577097,-2.0,1.0,0.0,1015.6099631250308,0.0,1015.6099631250308
1668498847.0455909,2.796,-0.0030000000000001,43.14900303,-2.0,1.0,0.0,1015.6099631250308,0.0,1015.6099631250308
1668498909.1198766,2.8,0.004,46.95837306,-2.0,1.0,0.0,1015.6099631250308,0.0,1015.6099631250308
1668498968.072444,2.805,0.0050000000000003,51.27084357,-2.0,1.0,0.0,1015.6099631250308,0.0,1015.6099631250308
1668499028.0252898,2.808,0.0029999999999996,53.70303502,-2.0,1.0,0.0,1015.6099631250308,0.0,1015.6099631250308
1668499088.909885,2.805,-0.0029999999999996,51.27084357,-2.0,1.0,0.0,1015.6099631250308,0.0,1015.6099631250308
1668499148.753156,2.805,0.0,50.94249803,-2.0,1.0,0.0,1015.6099631250308,0.0,1015.6099631250308
1668499208.9578185,2.805,0.0,50.94249803,-2.0,1.0,0.0,1015.6099631250308,0.0,1015.6099631250308
1668499269.840172,2.805,0.0,50.94249803,-2.0,1.0,0.0,1015.6099631250308,0.0,1015.6099631250308
1668499329.652767,2.804,-0.0010000000000003,49.89093452,-2.0,1.0,0.0,1015.6099631250308,0.0,1015.6099631250308
1668499389.6667206,2.804,0.0,49.89093452,-2.0,1.0,0.0,1015.6099631250308,0.0,1015.6099631250308
1668499450.806836,2.8,-0.004,45.67344391,-2.0,1.0,0.0,1015.6099631250308,0.0,1015.6099631250308
1668499510.7296147,2.8,0.0,45.67344391,-2.0,1.0,0.0,1015.6099631250308,0.0,1015.6099631250308
1668499570.8922207,2.8,0.0,45.67344391,-2.0,1.0,0.0,1015.6099631250308,0.0,1015.6099631250308
1668499631.552236,2.8,0.0,45.67344391,-2.0,1.0,0.0,1015.6099631250308,0.0,1015.6099631250308
1668499691.5611634,2.801,0.0010000000000003,47.12089827,-2.0,1.0,0.0,1015.6099631250308,0.0,1015.6099631250308
1668499751.6758256,2.796,-0.0050000000000003,41.12946132,-2.0,1.0,0.0,1015.6099631250308,0.0,1015.6099631250308
1668499812.4732678,2.796,0.0,43.09222326,-2.0,1.0,0.0,1015.6099631250308,0.0,1015.6099631250308
1668499872.337572,2.805,0.0090000000000003,53.31744624,-2.0,1.0,0.0,1015.6099631250308,0.0,1015.6099631250308
1668499932.29655,2.803,-0.0020000000000002,51.27461136,-2.0,1.0,0.0,1015.6099631250308,0.0,1015.6099631250308
1668499993.2681909,2.804,0.0009999999999998,52.39630438,-2.0,1.0,0.0,1015.6099631250308,0.0,1015.6099631250308
1668500053.249074,2.804,0.0,52.39630438,-2.0,1.0,0.0,1015.6099631250308,0.0,1015.6099631250308
1668500113.377155,2.803,-0.0009999999999998,51.03377533,-2.0,1.0,0.0,1015.6099631250308,0.0,1015.6099631250308
1668500174.1099565,2.803,0.0,51.03377533,-2.0,1.0,0.0,1015.6099631250308,0.0,1015.6099631250308
1668500234.1220791,2.81,0.0070000000000001,59.56919546,-2.0,1.0,0.0,1015.6099631250308,0.0,1015.6099631250308
1668500294.195514,2.811,0.0009999999999998,60.62512305,-2.0,1.0,0.0,1015.6099631250308,0.0,1015.6099631250308
1668500354.965257,2.811,0.0,60.62512305,-2.0,1.0,0.0,1015.6099631250308,0.0,1015.6099631250308
1668500414.9966145,2.814,0.0030000000000001,63.68896473,-2.0,1.0,0.0,1015.6099631250308,0.0,1015.6099631250308
1668500474.8792317,2.814,0.0,63.68896473,-2.0,1.0,0.0,1015.6099631250308,0.0,1015.6099631250308
1668500535.651835,2.824,0.0099999999999997,70.98886062,-2.0,1.0,0.0,1015.6099631250308,0.0,1015.6099631250308
1668500595.7792788,2.843,0.0190000000000001,81.1025853,-2.0,1.0,0.0,1015.6099631250308,0.0,1015.6099631250308
1668500655.7197864,2.837,-0.0059999999999997,73.44046062,-2.0,1.0,0.0,1015.6099631250308,0.0,1015.6099631250308
1668500716.565009,2.839,0.0019999999999997,74.43761579,-2.0,1.0,0.0,1015.6099631250308,0.0,1015.6099631250308
1668500776.5569906,2.831,-0.008,65.74641558,-2.0,1.0,0.0,1015.6099631250308,0.0,1015.6099631250308
1668500836.7449553,2.835,0.004,68.1426146,-2.0,1.0,0.0,1015.6099631250308,0.0,1015.6099631250308
1668500897.5410757,2.838,0.0030000000000001,69.84635204,-2.0,1.0,0.0,1015.6099631250308,0.0,1015.6099631250308
1668500957.55458,2.834,-0.004,64.86522213,-2.0,1.0,0.0,1015.6099631250308,0.0,1015.6099631250308
1668501017.505196,2.836,0.0019999999999997,66.16452704,-2.0,1.0,0.0,1015.6099631250308,0.0,1015.6099631250308
1668501078.2910764,2.833,-0.0029999999999996,62.43480417,-2.0,1.0,0.0,1015.6099631250308,0.0,1015.6099631250308
1668501138.420676,2.836,0.0029999999999996,64.58474454,-2.0,1.0,0.0,1015.6099631250308,0.0,1015.6099631250308
1668501198.2037144,2.835,-0.0009999999999998,63.18672036,-2.0,1.0,0.0,1015.6099631250308,0.0,1015.6099631250308
1668501259.6047003,2.831,-0.004,57.90133756,-2.0,1.0,0.0,1015.6099631250308,0.0,1015.6099631250308
1668501319.595621,2.827,-0.004,53.63141786,-2.0,1.0,0.0,1015.6099631250308,0.0,1015.6099631250308
1668501379.7929096,2.827,0.0,53.63141786,-2.0,1.0,0.0,1015.6099631250308,0.0,1015.6099631250308
1668501440.4725957,2.827,0.0,53.63141786,-2.0,1.0,0.0,1015.6099631250308,0.0,1015.6099631250308
1668501500.5656831,2.831,0.004,57.27315336,-2.0,1.0,0.0,1015.6099631250308,0.0,1015.6099631250308
1668501560.2722335,2.831,0.0,57.04508376,-2.0,1.0,0.0,1015.6099631250308,0.0,1015.6099631250308
1668501621.4489436,2.836,0.0049999999999998,61.26936423,-2.0,1.0,0.0,1015.6099631250308,0.0,1015.6099631250308
1668501681.1055372,2.834,-0.0019999999999997,58.68757307,-2.0,1.0,0.0,1015.6099631250308,0.0,1015.6099631250308
1668501741.178293,2.831,-0.0030000000000001,54.73200834,-2.0,1.0,0.0,1015.6099631250308,0.0,1015.6099631250308
1668501802.2178545,2.833,0.0020000000000002,57.24438539,-2.0,1.0,0.0,1015.6099631250308,0.0,1015.6099631250308
1668501862.1092193,2.833,0.0,57.24438539,-2.0,1.0,0.0,1015.6099631250308,0.0,1015.6099631250308
1668501922.4651284,2.831,-0.0020000000000002,54.3509111,-2.0,1.0,0.0,1015.6099631250308,0.0,1015.6099631250308
1668501983.2694914,2.829,-0.0019999999999997,51.54509771,-2.0,1.0,0.0,1015.6099631250308,0.0,1015.6099631250308
1668502043.3918536,2.836,0.0069999999999996,59.51028262,-2.0,1.0,0.0,1015.6099631250308,0.0,1015.6099631250308
1668502103.1489534,2.838,0.0020000000000002,61.58026836,-2.0,1.0,0.0,1015.6099631250308,0.0,1015.6099631250308
1668502163.8366363,2.836,-0.0020000000000002,59.10449415,-2.0,1.0,0.0,1015.6099631250308,0.0,1015.6099631250308
1668502224.195577,2.83,-0.0059999999999997,50.92051907,-2.0,1.0,0.0,1015.6099631250308,0.0,1015.6099631250308
1668502283.8892145,2.831,0.0009999999999998,52.02845779,-2.0,1.0,0.0,1015.6099631250308,0.0,1015.6099631250308
1668502344.473045,2.832,0.0009999999999998,53.16700846,-2.0,1.0,0.0,1015.6099631250308,0.0,1015.6099631250308
1668502404.8103657,2.83,-0.0019999999999997,50.58133516,-2.0,1.0,0.0,1015.6099631250308,0.0,1015.6099631250308
