time,open,close,macd,mom,rsi
1666568997.8196836,19564.52,19565.75,1.41447993,-6.31,48.99690724
1667948866.013487,1329.22,1326.68,0.96731101,2.95,56.12560708
1667948873.227252,1329.22,1326.68,0.96731101,2.95,56.12560708
1667948883.3177805,1329.22,1326.68,0.96731101,2.95,56.12560708
1667948893.8628197,1328.24,1328.24,1.35258973,11.54,58.78587396
1667948903.4412117,1328.24,1328.24,1.35258973,11.54,58.78587396
1667948913.319425,1328.24,1328.24,1.35258973,11.54,58.78587396
1667948923.2836566,1328.24,1328.06,1.33823075,11.36,58.44166724
1667948934.4671097,1328.24,1328.06,1.33823075,11.36,58.44166724
1667948944.5057957,1328.24,1328.06,1.33823075,11.36,58.44166724
1667948954.4353323,1329.5,1329.5,1.72026557,10.92,60.40977633
1667948964.5070052,1329.5,1329.5,1.72026557,10.92,60.40977633
1667948974.4779444,1329.5,1329.5,1.72026557,10.92,60.40977633
1667948984.4918792,1329.5,1328.69,1.65565019,10.11,58.79900237
1667948994.552282,1329.5,1328.69,1.65565019,10.11,58.79900237
1667949004.5027745,1329.5,1328.69,1.65565019,10.11,58.79900237
1667949014.5448203,1329.2,1329.2,1.86694342,11.88,59.80300662
1667949024.469049,1329.2,1329.2,1.86694342,11.88,59.80300662
1667949034.5665178,1329.2,1329.2,1.86694342,11.88,59.80300662
1667949044.7765963,1329.2,1330.43,1.96506308,13.11,61.51000483
1667949054.6817446,1329.2,1330.43,1.96506308,13.11,61.51000483
1667949064.6068945,1329.2,1330.43,1.96506308,13.11,61.51000483
1667949074.485823,1331.77,1331.77,2.3426377,16.25,63.21195145
1667949084.9117577,1331.77,1331.77,2.3426377,16.25,63.21195145
1667949094.5643618,1331.77,1331.77,2.3426377,16.25,63.21195145
1667949104.5598748,1331.77,1330.25,2.22138414,14.73,59.97248423
1667949115.305476,1331.77,1330.25,2.22138414,14.73,59.97248423
1667949125.2711158,1331.77,1330.25,2.22138414,14.73,59.97248423
1667949135.250564,1330.13,1330.13,2.29617775,11.77,59.73082102
1667949145.1567304,1330.13,1330.13,2.29617775,11.77,59.73082102
1667949155.2260094,1330.13,1330.13,2.29617775,11.77,59.73082102
1667949165.1387146,1330.13,1330.05,2.28979598,11.69,59.55851685
1667949175.1664686,1330.13,1330.05,2.28979598,11.69,59.55851685
1667949185.2456784,1330.13,1330.05,2.28979598,11.69,59.55851685
1667949195.274407,1329.61,1329.61,2.26321681,5.12,58.62673488
1667949205.327824,1329.61,1329.61,2.26321681,5.12,58.62673488
1667949215.4511297,1329.61,1329.61,2.26321681,5.12,58.62673488
1667949225.2854488,1329.61,1330.46,2.33102308,5.97,59.93604786
1667949235.2659523,1329.61,1330.46,2.33102308,5.97,59.93604786
1667949245.6796584,1329.61,1330.46,2.33102308,5.97,59.93604786
1667949255.2807975,1331.32,1331.32,2.48458976,5.85,61.17423425
1667949265.260649,1331.32,1331.32,2.48458976,5.85,61.17423425
1667949275.2877626,1331.32,1331.32,2.48458976,5.85,61.17423425
1667949285.3040462,1331.32,1333.32,2.64413392,7.85,63.96119328
1667949297.0146716,1331.32,1333.32,2.64413392,7.85,63.96119328
1667949306.3623476,1331.32,1333.32,2.64413392,7.85,63.96119328
1667949316.2905607,1331.95,1331.95,2.61314083,3.42,62.08659734
1667949326.379985,1331.95,1331.95,2.61314083,3.42,62.08659734
1667949336.3721728,1331.95,1331.95,2.61314083,3.42,62.08659734
1667949346.4063103,1331.95,1330.91,2.53017787,2.38,59.57017078
1667949356.3011456,1331.95,1330.91,2.53017787,2.38,59.57017078
1667949366.358357,1331.95,1330.91,2.53017787,2.38,59.57017078
1667949376.3731346,1333.19,1333.19,2.81936791,3.98,63.91536671
1667949398.843648,1333.19,1333.19,2.81936791,3.98,63.91536671
1667949408.825034,1333.19,1330.34,2.59201748,1.13,57.12947518
1667949418.7895005,1333.19,1330.34,2.59201748,1.13,57.12947518
1667949428.8081956,1333.19,1330.34,2.59201748,1.13,57.12947518
1667949438.818057,1328.32,1328.32,2.18287758,0.08,53.13132773
1667949448.8474686,1328.32,1328.32,2.18287758,0.08,53.13132773
1667949458.9322174,1328.32,1328.32,2.18287758,0.08,53.13132773
1667949468.8934855,1328.32,1328.53,2.19962972,0.29,53.49569914
1667949478.917292,1328.32,1328.53,2.19962972,0.29,53.49569914
1667949488.8981612,1328.32,1328.53,2.19962972,0.29,53.49569914
1667949499.2374206,1327.51,1327.51,1.84919565,-2.0,51.57271959
1667949513.1909978,1327.51,1327.51,1.84919565,-2.0,51.57271959
1667949518.894609,1327.51,1327.51,1.84919565,-2.0,51.57271959
1667949528.9125783,1327.51,1326.12,1.73831246,-3.39,48.92060344
1667949538.882193,1327.51,1326.12,1.73831246,-3.39,48.92060344
1667949548.910788,1327.51,1326.12,1.73831246,-3.39,48.92060344
1667949559.1356876,1326.16,1326.16,1.42647571,-3.04,48.99310589
1667949568.9383523,1326.16,1326.16,1.42647571,-3.04,48.99310589
1667949579.7081776,1326.16,1326.16,1.42647571,-3.04,48.99310589
1667949589.7575655,1326.16,1326.7,1.46955263,-2.5,50.06895162
1667949599.6955383,1326.16,1326.7,1.46955263,-2.5,50.06895162
1667949609.7264576,1326.16,1326.7,1.46955263,-2.5,50.06895162
1667949619.7245386,1325.51,1325.51,1.07151743,-6.26,47.75455539
1667949629.736101,1325.51,1325.51,1.07151743,-6.26,47.75455539
1667949639.7473085,1325.51,1325.51,1.07151743,-6.26,47.75455539
1667949649.747153,1325.51,1326.92,1.18399606,-4.85,50.6679439
1667949659.8231714,1325.51,1326.92,1.18399606,-4.85,50.6679439
1667949669.737682,1325.51,1326.92,1.18399606,-4.85,50.6679439
1667949679.8622684,1323.6,1323.6,0.55244341,-6.53,44.21591123
1667949690.2165394,1323.6,1323.6,0.55244341,-6.53,44.21591123
1667949699.79949,1323.6,1323.6,0.55244341,-6.53,44.21591123
1667949709.7593577,1323.6,1322.93,0.49899612,-7.2,43.01235454
1667949719.7531822,1323.6,1322.93,0.49899612,-7.2,43.01235454
1667949729.8227248,1323.6,1322.93,0.49899612,-7.2,43.01235454
1667949739.8707452,1324.14,1324.14,0.33455062,-5.48,45.44250557
1667949750.073451,1324.14,1324.14,0.33455062,-5.48,45.44250557
1667949760.8022685,1324.14,1322.55,0.20771301,-7.07,42.46994077
1667949770.792619,1324.14,1322.55,0.20771301,-7.07,42.46994077
1667949780.7073512,1324.14,1322.55,0.20771301,-7.07,42.46994077
1667949790.9180913,1324.14,1322.55,0.20771301,-7.07,42.46994077
1667949800.6956198,1326.26,1326.26,0.41426093,-5.05,50.12872537
1667949810.7286952,1326.26,1326.26,0.41426093,-5.05,50.12872537
1667949820.7227705,1326.26,1327.12,0.48286491,-4.19,51.920533
1667949830.7156491,1326.26,1327.12,0.48286491,-4.19,51.920533
1667949840.715463,1326.26,1327.12,0.48286491,-4.19,51.920533
1667949851.1469553,1326.72,1326.72,0.41639382,-5.24,51.10342226
1667949860.7820926,1326.72,1326.72,0.41639382,-5.24,51.10342226
1667949870.7046192,1326.72,1326.72,0.41639382,-5.24,51.10342226
1667949881.3859715,1326.72,1328.43,0.55280408,-3.53,54.65158998
1667949890.812109,1326.72,1328.43,0.55280408,-3.53,54.65158998
1667949900.7884116,1326.72,1328.43,0.55280408,-3.53,54.65158998
1667949913.567505,1327.77,1327.77,0.53361641,-5.42,53.34019191
1667949920.742655,1327.77,1327.77,0.53361641,-5.42,53.34019191
1667949930.792027,1327.77,1327.77,0.53361641,-5.42,53.34019191
1667949946.7637358,1327.77,1327.71,0.52883009,-5.48,53.19027825
1667949951.4086926,1327.77,1327.71,0.52883009,-5.48,53.19027825
1667949961.4876282,1327.77,1327.71,0.52883009,-5.48,53.19027825
1667949971.4968643,1328.8,1328.8,0.69811437,0.48,55.50002009
1667949981.373623,1328.8,1328.8,0.69811437,0.48,55.50002009
1667949991.5238392,1328.8,1328.8,0.69811437,0.48,55.50002009
1667950001.513185,1328.8,1326.64,0.52580668,-1.68,50.25760276
1667950011.9180353,1328.8,1326.64,0.52580668,-1.68,50.25760276
1667950021.4153626,1328.8,1326.64,0.52580668,-1.68,50.25760276
1667950031.5607018,1326.1,1326.1,0.37361062,-1.41,49.09713443
1667950041.4378674,1326.1,1326.1,0.37361062,-1.41,49.09713443
1667950051.4031646,1326.1,1326.1,0.37361062,-1.41,49.09713443
1667950061.618333,1326.1,1327.02,0.44700093,-0.49,51.16600137
1667950071.4683068,1326.1,1327.02,0.44700093,-0.49,51.16600137
1667950081.444162,1326.1,1327.02,0.44700093,-0.49,51.16600137
1667950091.5162926,1327.62,1327.62,0.49257269,1.46,52.44274305
1667950101.5356522,1327.62,1327.62,0.49257269,1.46,52.44274305
1667950111.457893,1327.62,1327.62,0.49257269,1.46,52.44274305
1667950122.1630435,1327.62,1326.45,0.39923936,0.29,49.74382984
1667950132.2248552,1327.62,1326.45,0.39923936,0.29,49.74382984
1667950142.157166,1327.62,1326.45,0.39923936,0.29,49.74382984
1667950152.2642512,1327.62,1326.45,0.39923936,0.29,49.74382984
1667950162.379148,1328.68,1328.68,0.64064228,3.17,54.6705769
1667950172.5828586,1328.68,1328.68,0.64064228,3.17,54.6705769
1667950182.1228464,1328.68,1328.31,0.61112661,2.8,53.72867556
1667950192.17072,1328.68,1328.31,0.61112661,2.8,53.72867556
1667950202.160082,1328.68,1328.31,0.61112661,2.8,53.72867556
1667950212.1464665,1329.65,1329.65,0.8208476,6.04,56.66949613
1667950222.1288512,1329.65,1329.65,0.8208476,6.04,56.66949613
1667950232.4192753,1329.65,1329.65,0.8208476,6.04,56.66949613
1667950242.1552472,1329.65,1329.66,0.82164532,6.05,56.69069971
1667950252.2766435,1329.65,1329.66,0.82164532,6.05,56.69069971
1667950262.1852806,1329.65,1329.66,0.82164532,6.05,56.69069971
1667950272.1728451,1325.5,1325.5,0.30540088,1.36,47.09985467
1667950288.4543843,1325.5,1325.5,0.30540088,1.36,47.09985467
1667950292.2285032,1325.5,1325.5,0.30540088,1.36,47.09985467
1667950303.3724313,1325.5,1325.53,0.30779404,1.39,47.16930759
1667950313.3672693,1325.5,1325.53,0.30779404,1.39,47.16930759
1667950323.3171945,1325.5,1325.53,0.30779404,1.39,47.16930759
1667950333.3649726,1326.43,1326.43,0.28892051,0.36,49.17130631
1667950343.3939376,1326.43,1326.43,0.28892051,0.36,49.17130631
1667950353.3543546,1326.43,1326.43,0.28892051,0.36,49.17130631
1667950363.3195684,1326.43,1326.14,0.26578661,0.07,48.53310783
1667950373.370337,1326.43,1326.14,0.26578661,0.07,48.53310783
1667950383.3084962,1326.43,1326.14,0.26578661,0.07,48.53310783
1667950393.419674,1326.43,1326.14,0.26578661,0.07,48.53310783
1667950403.3894017,1327.84,1327.84,0.41329668,1.12,52.22731972
1667950413.4362774,1327.84,1327.84,0.41329668,1.12,52.22731972
1667950423.581225,1327.84,1328.23,0.44440779,1.51,53.06738754
1667950433.3721952,1327.84,1328.23,0.44440779,1.51,53.06738754
1667950443.459293,1327.84,1328.23,0.44440779,1.51,53.06738754
1667950453.361498,1330.35,1330.35,0.77396892,2.57,57.15449433
1667950463.4300127,1330.35,1330.35,0.77396892,2.57,57.15449433
1667950473.413468,1330.35,1330.35,0.77396892,2.57,57.15449433
1667950484.0687172,1330.35,1331.7,0.88166123,3.92,59.57940041
1667950494.053456,1330.35,1331.7,0.88166123,3.92,59.57940041
1667950504.2532032,1330.35,1331.7,0.88166123,3.92,59.57940041
1667950514.0944269,1333.23,1333.23,1.29365655,4.44,62.01704896
1667950524.004932,1333.23,1333.23,1.29365655,4.44,62.01704896
1667950534.4583108,1333.23,1333.23,1.29365655,4.44,62.01704896
1667950544.0510366,1333.23,1332.38,1.22585029,3.59,59.91218791
1667950554.1009035,1333.23,1332.38,1.22585029,3.59,59.91218791
1667950564.0370526,1333.23,1332.38,1.22585029,3.59,59.91218791
1667950574.0618129,1335.17,1335.17,1.78407136,9.07,64.89892699
1667950584.0209565,1335.17,1335.17,1.78407136,9.07,64.89892699
1667950594.0833633,1335.17,1335.17,1.78407136,9.07,64.89892699
1667950604.135046,1335.17,1335.71,1.82714829,9.61,65.67950647
1667950614.100331,1335.17,1335.71,1.82714829,9.61,65.67950647
1667950624.124328,1335.17,1335.71,1.82714829,9.61,65.67950647
1667950634.1209104,1333.66,1333.66,1.81387772,6.14,61.01639937
1667950644.1765149,1333.66,1333.66,1.81387772,6.14,61.01639937
1667950654.1902518,1333.66,1333.66,1.81387772,6.14,61.01639937
1667950665.1261048,1333.66,1337.54,2.12339339,10.02,66.56303526
1667950675.0639613,1333.66,1337.54,2.12339339,10.02,66.56303526
1667950685.064107,1333.66,1337.54,2.12339339,10.02,66.56303526
1667950695.7345526,1337.88,1337.88,2.51301729,9.21,66.83384131
1667950705.0651302,1337.88,1337.88,2.51301729,9.21,66.83384131
1667950715.0855544,1337.88,1337.88,2.51301729,9.21,66.83384131
1667950725.364481,1337.88,1337.34,2.46994037,8.67,65.46717551
1667950735.1173663,1337.88,1337.34,2.46994037,8.67,65.46717551
1667950745.132837,1337.88,1337.34,2.46994037,8.67,65.46717551
1667950755.1494467,1336.14,1336.14,2.51678521,6.49,62.61980861
1667950765.1503725,1336.14,1336.14,2.51678521,6.49,62.61980861
1667950775.1639743,1336.14,1336.14,2.51678521,6.49,62.61980861
1667950785.11392,1336.14,1337.99,2.66436356,8.34,65.14675239
1667950795.1759117,1336.14,1337.99,2.66436356,8.34,65.14675239
1667950805.276548,1336.14,1337.99,2.66436356,8.34,65.14675239
1667950815.1243849,1340.59,1340.59,3.22885907,15.09,68.14689338
1667950825.1116369,1340.59,1340.59,3.22885907,15.09,68.14689338
1667950835.4471114,1340.59,1340.59,3.22885907,15.09,68.14689338
1667950846.396537,1340.59,1336.52,2.9041867,11.02,59.48162023
1667950856.4843578,1340.59,1336.52,2.9041867,11.02,59.48162023
1667950866.4366202,1340.59,1336.52,2.9041867,11.02,59.48162023
1667950876.4011238,1338.69,1338.69,3.20261911,12.26,63.80748722
1667950886.83646,1338.69,1338.69,3.20261911,12.26,63.80748722
1667950896.577991,1338.69,1338.69,3.20261911,12.26,63.80748722
1667950906.4504273,1338.69,1338.24,3.16672168,11.81,62.78771654
1667950916.4416904,1338.69,1338.24,3.16672168,11.81,62.78771654
1667950926.48463,1338.69,1338.24,3.16672168,11.81,62.78771654
1667950936.4801793,1337.75,1337.75,3.13204786,9.92,61.71207919
1667950946.4718568,1337.75,1337.75,3.13204786,9.92,61.71207919
1667950956.467412,1337.75,1337.75,3.13204786,9.92,61.71207919
1667950966.473214,1337.75,1338.59,3.19905641,10.76,62.89350372
1667950976.6079984,1337.75,1338.59,3.19905641,10.76,62.89350372
1667950986.4568627,1337.75,1338.59,3.19905641,10.76,62.89350372
1667950996.5086477,1337.73,1337.73,3.09636142,7.37,61.6657161
1667951006.5163634,1337.73,1337.73,3.09636142,7.37,61.6657161
1667951016.5148916,1337.73,1337.73,3.09636142,7.37,61.6657161
1667951027.2856524,1337.73,1341.21,3.37396825,10.85,66.39638039
1667951037.323352,1337.73,1341.21,3.37396825,10.85,66.39638039
1667951047.3724625,1337.73,1341.21,3.37396825,10.85,66.39638039
1667951057.4562707,1339.4,1339.4,3.27044113,6.23,64.09159654
1667951067.2871115,1339.4,1339.4,3.27044113,6.23,64.09159654
1667951077.3171685,1339.4,1339.4,3.27044113,6.23,64.09159654
1667951087.3280656,1339.4,1340.42,3.35180865,7.25,65.52654161
1667951097.3770473,1339.4,1340.42,3.35180865,7.25,65.52654161
1667951107.313344,1339.4,1340.42,3.35180865,7.25,65.52654161
1667951117.5461404,1344.33,1344.33,3.9614854,9.16,70.10665026
1667951127.322989,1344.33,1344.33,3.9614854,9.16,70.10665026
1667951137.5224843,1344.33,1344.33,3.9614854,9.16,70.10665026
1667951147.314773,1344.33,1341.67,3.74929167,6.5,63.89833482
1667951157.3959312,1344.33,1341.67,3.74929167,6.5,63.89833482
1667951167.371483,1344.33,1341.67,3.74929167,6.5,63.89833482
1667951177.3643622,1339.53,1339.53,3.47603059,5.86,59.63016567
1667951187.3425136,1339.53,1339.53,3.47603059,5.86,59.63016567
1667951197.4345574,1339.53,1339.53,3.47603059,5.86,59.63016567
1667951208.215912,1339.53,1335.13,3.12503344,1.46,51.96386689
1667951218.405022,1339.53,1335.13,3.12503344,1.46,51.96386689
1667951228.217186,1339.53,1335.13,3.12503344,1.46,51.96386689
1667951238.5759337,1334.48,1334.48,2.63720175,-3.5,50.99585151
1667951248.42087,1334.48,1334.48,2.63720175,-3.5,50.99585151
1667951258.2186377,1334.48,1334.48,2.63720175,-3.5,50.99585151
1667951268.2433774,1334.48,1332.4,2.47127583,-5.58,47.91854657
1667951278.128683,1334.48,1332.4,2.47127583,-5.58,47.91854657
1667951288.2380264,1334.48,1332.4,2.47127583,-5.58,47.91854657
1667951298.2313583,1333.06,1333.06,2.06545879,-3.09,48.85416647
1667951308.206716,1333.06,1333.06,2.06545879,-3.09,48.85416647
1667951318.2035463,1333.06,1333.06,2.06545879,-3.09,48.85416647
1667951328.228438,1333.06,1332.58,2.02716819,-3.57,48.11831825
1667951338.24677,1333.06,1332.58,2.02716819,-3.57,48.11831825
1667951348.276907,1333.06,1332.58,2.02716819,-3.57,48.11831825
1667951358.2443242,1333.15,1333.15,1.69544593,-7.45,49.00039962
1667951368.2819686,1333.15,1333.15,1.69544593,-7.45,49.00039962
1667951378.270146,1333.15,1333.15,1.69544593,-7.45,49.00039962
1667951389.473914,1333.15,1334.46,1.79994735,-6.14,51.18803696
1667951399.4733274,1333.15,1334.46,1.79994735,-6.14,51.18803696
1667951409.514928,1333.15,1334.46,1.79994735,-6.14,51.18803696
1667951419.4403954,1334.88,1334.88,1.62516065,-3.81,51.85022421
1667951429.7866998,1334.88,1334.88,1.62516065,-3.81,51.85022421
1667951439.467312,1334.88,1334.88,1.62516065,-3.81,51.85022421
1667951449.478413,1334.88,1333.48,1.51347974,-5.21,49.44243838
1667951459.425097,1334.88,1333.48,1.51347974,-5.21,49.44243838
1668159183.0971775,1276.35,1276.7,-0.28690164,3.8,50.67105343
1668159183.4735372,1276.35,1276.7,-0.28690164,3.8,50.67105343
1668159183.8452945,1276.35,1276.7,-0.28690164,3.8,50.67105343
1668159185.0351682,1276.35,1276.7,-0.28690164,3.8,50.67105343
1668159189.383538,1276.35,1276.7,-0.28690164,3.8,50.67105343
1668159190.0830872,1276.35,1276.7,-0.28690164,3.8,50.67105343
1668159191.1807904,1277.01,1277.01,-0.16722159,2.72,51.40634657
1668159191.5347204,1277.01,1277.01,-0.16722159,2.72,51.40634657
1668159191.8402882,1277.01,1277.01,-0.16722159,2.72,51.40634657
1668159192.5178676,1277.01,1277.01,-0.16722159,2.72,51.40634657
1668159192.995372,1277.01,1277.01,-0.16722159,2.72,51.40634657
1668159194.3744717,1277.01,1277.01,-0.16722159,2.72,51.40634657
1668159194.7812412,1277.01,1277.01,-0.16722159,2.72,51.40634657
1668159195.7619686,1277.01,1277.01,-0.16722159,2.72,51.40634657
1668159195.9693742,1277.01,1277.01,-0.16722159,2.72,51.40634657
1668159196.486442,1277.01,1277.01,-0.16722159,2.72,51.40634657
1668159197.4808147,1277.01,1277.01,-0.16722159,2.72,51.40634657
1668159197.7319186,1277.01,1277.01,-0.16722159,2.72,51.40634657
1668159215.3626466,1277.01,1277.01,-0.16722159,2.72,51.40634657
1668159275.3832822,1278.6,1278.6,0.12384209,3.45,55.38701296
1668159335.4100232,1281.86,1281.86,0.71255555,3.65,62.17327717
1668159395.4212797,1287.68,1287.68,1.78403434,11.11,70.75566891
1668159455.3663013,1286.22,1286.22,2.03304487,9.53,66.67344302
1668159515.3782842,1284.99,1284.99,2.12234339,8.59,63.35703776
1668159575.42846,1283.08,1283.08,1.97499238,5.14,58.49160796
1668159635.4551215,1283.05,1283.05,1.95217256,7.75,58.41572771
1668159695.344619,1279.38,1279.38,1.39450555,3.04,49.89083706
1668159755.4549038,1276.54,1276.54,0.76960791,-0.63,44.48584639
1668159815.3625133,1279.4,1279.4,0.85304965,0.8,50.3253545
1668159875.3705163,1276.5,1276.5,0.32001219,-5.37,45.14304614
1668159935.4420564,1277.0,1277.0,0.15129816,-10.68,46.17250964
1668159995.3473785,1274.51,1274.51,-0.36585174,-11.71,41.95040098
1668160055.39338,1274.86,1274.86,-0.5611404,-10.13,42.74732949
1668160115.5332882,1276.61,1276.61,-0.48286503,-6.47,46.66252761
1668160175.5236063,1280.09,1280.09,-0.03285219,-2.96,53.48044081
1668160235.3400762,1279.19,1279.19,-0.02586902,-0.18,51.64237789
1668160295.433525,1277.95,1277.95,-0.13913392,1.42,49.13984927
1668160355.402421,1278.63,1278.63,-0.0520378,-0.76,50.55568684
1668160415.4131749,1279.48,1279.48,0.09445139,2.99,52.34163807
1668160475.432875,1278.01,1278.01,-0.05216577,1.01,49.04082231
1668160535.4548454,1275.23,1275.23,-0.46818074,0.72,43.4617029
1668160595.5854473,1278.21,1278.21,-0.1937742,3.34,50.02493058
1668160655.4614074,1282.4,1282.4,0.42948527,5.79,57.49606174
1668160715.461717,1278.91,1278.91,0.1576716,-1.19,50.69752015
1668160775.4867663,1279.21,1279.21,0.20406322,0.03,51.22903577
1668160835.395892,1279.39,1279.39,0.24477073,1.45,51.56609767
1668160895.4535255,1278.67,1278.67,0.16021878,0.04,50.06878019
1668160955.4147613,1281.77,1281.77,0.57598777,2.29,55.98741835
1668161015.526251,1282.85,1282.85,0.85346681,4.83,57.86811407
1668161075.45479,1283.61,1283.61,1.09984303,8.38,59.18904027
1668161135.549294,1283.35,1283.35,1.19795104,5.14,58.52749365
1668161195.4616091,1281.35,1281.35,0.99406432,-1.05,53.47085361
1668161255.4759486,1279.04,1279.04,0.62144728,0.13,48.28218758
1668161315.422176,1277.74,1277.74,0.28241553,-1.48,45.60594875
1668161375.6653008,1274.69,1274.69,-0.33570731,-4.71,39.98962639
1668161435.4711857,1275.45,1275.45,-0.51749101,-3.22,41.91360864
1668161495.388241,1275.9,1275.9,-0.6385283,-5.88,43.06694347
1668161555.4372451,1274.97,1274.97,-0.88567329,-7.88,41.23344244
1668161615.481895,1273.45,1273.45,-1.22534281,-10.14,38.35767086
1668161675.5127172,1272.1,1272.1,-1.57458267,-11.26,35.97531909
1668161735.3950057,1272.99,1272.99,-1.61883185,-8.36,38.70273565
1668161795.5285628,1271.04,1271.04,-1.96757408,-8.0,35.1981518
1668161855.4647095,1270.82,1270.82,-2.12698342,-6.91,34.79865105
1668161915.4761095,1271.36,1271.36,-2.13693612,-3.33,36.64231646
1668161975.496623,1266.17,1266.17,-2.8884273,-9.29,28.39637629
1668162035.5005918,1267.8,1267.8,-2.88887677,-8.1,33.47413014
1668162096.4145808,1268.92,1268.92,-2.80048042,-6.05,36.7682346
1668162156.4419978,1269.96,1269.96,-2.62229216,-3.5,39.76417033
1668162216.4118433,1269.56,1269.56,-2.57496268,-2.53,39.01165267
1668162277.3370526,1270.3,1270.3,-2.37830383,-2.7,41.26180175
1668162337.7762594,1267.88,1267.88,-2.58485416,-3.15,36.51557071
1668162397.3852775,1270.37,1270.37,-2.21399203,-0.45,43.68890682
1668162458.243953,1270.08,1270.08,-2.0948278,-1.29,43.07668724
1668162518.2691836,1269.05,1269.05,-2.10631225,2.88,40.90196917
1668162578.1793914,1270.61,1270.61,-1.80516561,2.8,45.41801919
1668162639.0439246,1271.18,1271.18,-1.56620041,2.26,47.00575829
1668162699.1114311,1273.3,1273.3,-1.09706476,3.34,52.55057955
1668162759.1728044,1273.32,1273.32,-0.84667785,3.77,52.60096524
1668162820.0937989,1272.68,1272.68,-0.73257901,2.38,50.74403358
1668162880.2633522,1270.6,1271.29,-0.83444432,3.4,47.24147408
1668162940.0915954,1271.83,1271.83,-0.6977843,1.45,48.75587219
1668163001.0688283,1268.32,1268.78,-1.07599943,-1.31,41.96874875
1668163061.2591908,1269.31,1269.32,-1.06496667,0.28,43.50097215
1668163120.9716845,1270.46,1270.46,-0.91677379,-0.16,46.69819272
1668163181.9973657,1270.75,1271.23,-0.7821753,0.05,48.90294756
1668163241.946386,1269.63,1270.71,-0.82471706,-2.59,47.90007831
1668163301.9804063,1273.2,1273.39,-0.38274143,0.07,54.53394097
1668163363.0701847,1274.96,1275.78,0.10086687,3.1,59.57702884
1668163423.173818,1276.99,1276.11,0.48071277,5.52,59.24429244
1668163483.1565702,1276.72,1275.87,0.71563509,4.04,58.39775761
1668163544.0392628,1275.76,1279.49,1.13541094,11.17,65.10081833
1668163604.1536243,1277.63,1279.99,1.38355883,10.68,66.13758099
1668163664.1117382,1278.0,1278.0,1.39776324,7.55,62.6328479
1668163724.951245,1274.0,1274.8,1.01507983,4.06,53.06264117
1668163784.9290872,1275.4,1275.36,1.03592927,5.72,54.24233038
1668163844.9893174,1272.87,1274.64,0.79215404,1.45,52.30453447
1668163906.3121142,1274.97,1275.29,0.81992598,0.32,53.66778572
1668163966.319276,1275.23,1274.77,0.76591401,-2.22,52.35250983
1668164026.4807107,1273.5,1274.31,0.60370357,-2.41,51.26289391
1668164087.198422,1273.29,1275.09,0.5552851,-0.67,53.2359139
1668164147.1987083,1275.91,1278.11,0.85992863,0.48,59.46353875
1668164207.1910222,1277.86,1277.15,0.94495633,-0.86,57.01922547
1668164268.0449612,1277.91,1278.03,1.13405365,4.03,59.3578575
1668164327.9769762,1277.0,1276.46,1.03309415,1.05,54.79256401
1668164387.9770532,1276.8,1277.37,1.09950448,4.49,57.19306382
1668164448.7798605,1277.79,1277.5,1.15399392,2.52,57.19933375
1668164508.794628,1276.79,1275.38,0.94505426,0.15,50.68325682
1668164568.7612152,1273.32,1273.67,0.5516643,0.17,46.51348133
1668164629.999436,1273.75,1273.82,0.38279893,0.42,46.94261266
1668164690.227797,1274.57,1274.1,0.30903866,-1.82,47.77980434
1668164750.5627062,1274.18,1275.34,0.30469745,-2.52,51.4235977
1668164810.906173,1274.65,1272.94,0.05825765,-4.98,44.58140941
1668164870.8321326,1275.02,1279.99,0.59876499,2.98,62.94732619
1668164930.8913164,1283.18,1282.32,1.26714337,5.52,65.45710471
1668164991.8225467,1283.39,1282.79,1.68162339,5.0,66.37960976
1668165051.846676,1282.79,1283.81,2.00106273,7.01,68.0723636
1668165111.800173,1286.36,1288.67,2.77389533,15.34,74.42989736
1668165172.877564,1287.42,1287.67,3.03163673,13.91,73.31478321
1668165232.9528756,1285.35,1286.66,3.05306213,12.09,68.29402982
1668165292.8624668,1287.02,1287.69,3.28439229,13.51,69.75280986
1668165354.1581109,1287.24,1289.48,3.52016551,14.84,72.24862968
1668165413.8200555,1286.58,1285.58,3.20441465,10.56,63.5666021
1668165473.8105235,1284.6,1284.45,2.95063644,1.28,60.13894076
1668165534.7313828,1284.05,1285.68,2.85291486,2.28,62.24389333
1668165594.743517,1286.16,1286.14,2.83756249,3.35,62.99300136
1668165654.6942947,1285.51,1284.55,2.59505808,-1.82,58.00560126
1668165715.924464,1284.95,1285.63,2.52503723,-1.8,60.71496912
1668165775.9752617,1284.37,1283.99,2.2085973,-1.36,56.09525848
1668165835.9518626,1283.88,1283.85,1.99631141,-3.17,55.64017
1668165897.308385,1283.63,1284.14,1.82369952,-3.09,56.35088206
1668165957.0230525,1286.05,1284.73,1.84428477,-1.86,56.5484905
1668166016.8988826,1282.88,1283.13,1.48031869,-1.47,51.87055529
1668166077.7589822,1283.22,1282.41,1.24140575,-1.64,49.76391576
1668166137.761848,1280.27,1280.84,0.77864648,-5.36,46.11283491
1668166197.7501664,1280.35,1280.91,0.515741,-4.6,46.42748006
1668166258.616705,1281.71,1281.26,0.41170084,-3.68,47.48411934
1668166318.6368036,1282.28,1282.97,0.47472902,-1.4,52.30041126
1668166378.7041423,1282.52,1282.9,0.42165085,-0.98,52.18847948
1668166439.9026108,1284.12,1284.55,0.61076515,0.92,56.70340055
1668166500.4040277,1284.48,1284.54,0.66998792,-1.48,56.6893029
1668166559.8917353,1285.6,1287.33,1.00159314,4.45,63.61376429
1668166620.8447173,1289.85,1291.67,1.68391192,8.46,71.21339643
1668166680.7768846,1289.01,1288.04,1.58902543,7.76,61.88853234
1668166740.8946867,1286.64,1283.44,1.21026202,3.09,49.06193481
1668166801.7508197,1279.78,1276.82,0.23246422,-4.89,37.30112515
1668166861.7121434,1277.87,1275.52,-0.34715828,-6.76,35.33065696
1668166921.7168913,1277.0,1276.4,-0.7003435,-6.12,36.50120538
1668166982.8610144,1278.87,1277.71,-0.80555985,-6.42,40.16598395
1668167042.7962666,1276.12,1274.72,-1.36901018,-9.76,35.57792881
1668167102.9025035,1274.81,1275.2,-1.65165067,-10.41,36.76402767
1668167163.777591,1275.7,1276.91,-1.69268992,-12.93,41.2367027
1668167223.781139,1276.51,1273.18,-2.05960494,-15.83,34.84513375
1668167283.7225282,1273.58,1273.44,-2.25260099,-13.21,35.19714874
1668167344.807866,1272.1,1271.43,-2.64601088,-8.34,32.29126311
1668167404.7777958,1270.16,1270.84,-2.96623597,-7.01,32.64747587
1668167464.8425183,1270.27,1271.74,-3.06663362,-5.26,35.44140345
1668167526.2141972,1271.56,1271.93,-3.07126612,-6.93,36.05953488
1668167585.963333,1272.56,1272.93,-2.91006236,-3.19,39.01188523
1668167645.9773564,1272.61,1273.28,-2.78175431,-1.53,40.17469135
1668167706.978541,1273.6,1274.36,-2.52303954,-1.34,43.45990304
1668167766.9798796,1274.12,1273.59,-2.38841214,-2.91,41.49311209
1668167826.995616,1275.35,1274.01,-2.09757228,0.43,43.18300355
1668167887.948001,1274.23,1275.29,-1.8407683,3.19,46.93550833
1668167947.9241018,1275.17,1276.05,-1.57910513,5.9,49.21971891
1668168007.9496694,1275.3,1275.37,-1.44965666,5.1,47.22807551
1668168068.8061535,1275.91,1274.72,-1.30650546,3.17,45.40703307
1668168128.8486297,1274.55,1274.67,-1.22453564,2.12,45.37530016
1668168188.7784965,1274.2,1276.03,-1.05556701,3.43,50.18536957
1668168250.4139853,1276.28,1277.0,-0.78838774,3.4,53.10907977
1668168310.1201484,1277.62,1279.29,-0.36546052,5.18,59.19655537
1668168370.002292,1278.61,1277.93,-0.21906369,2.57,55.0989461
1668168431.167119,1278.62,1277.63,-0.04080346,3.4,53.83723939
1668168490.9386206,1277.5,1278.48,0.1178467,3.31,56.38073637
1668168550.9144983,1273.38,1273.38,-0.51634624,-2.47,41.11816229
1668168611.8567889,1274.24,1274.24,-0.52251813,-0.3,44.10936002
1668168671.8931952,1275.94,1275.94,-0.33421646,1.74,49.56201357
1668168732.0326242,1274.13,1274.13,-0.54561817,-2.16,44.5796381
1668168793.2451143,1272.55,1272.55,-0.81464116,-5.07,40.72873158
1668168853.1177433,1272.11,1272.11,-0.98020579,-6.5,39.70072992
1668168913.0685186,1271.59,1271.59,-1.14475995,-7.03,38.46508144
1668168974.0012548,1272.47,1272.47,-1.10373973,-5.06,41.76817489
1668169033.9919343,1270.7,1270.7,-1.36485021,-4.76,37.43518644
1668169094.0243697,1270.7,1270.52,-1.37920918,-4.94,36.99719722
1668169154.9833877,1271.27,1271.27,-1.42580915,-2.97,40.34873322
1668169214.941882,1272.81,1272.81,-1.19438857,-3.14,45.95313448
1668169274.9572256,1272.99,1272.99,-1.07026886,-1.14,46.58483408
1668169336.1548033,1272.27,1272.27,-1.07447408,-0.29,44.36215304
1668169396.407195,1271.23,1271.23,-1.16691641,-0.88,41.27614143
1668169456.357498,1268.35,1268.35,-1.56878494,-3.24,34.22047518
1668169517.0454843,1271.89,1271.89,-1.18471457,-0.58,46.37652681
1668169577.0718703,1271.05,1271.05,-1.21029641,0.36,44.2852036
1668169637.1367736,1271.55,1271.55,-1.09398169,1.25,45.85282707
1668169697.970821,1270.04,1270.04,-1.23385111,-1.22,42.00341696
1668169757.9671865,1272.43,1272.43,-0.89776884,-0.38,49.25207416
1668169817.9357634,1271.04,1271.04,-0.97070909,-1.95,45.6793439
1668169878.7256894,1273.57,1273.57,-0.57226331,1.31,52.44809739
1668169937.9540248,1275.21,1275.21,-0.17984932,3.98,56.25403233
1668169998.32043,1274.65,1274.65,-0.05200596,6.31,54.64820368
1668170057.9881556,1276.69,1276.69,0.37336896,4.8,59.20861893
1668170118.0530791,1275.41,1275.41,0.39393295,4.36,55.43422309
1668170178.019879,1276.28,1276.28,0.6079148,4.74,57.42747998
1668170238.0124314,1276.14,1276.14,0.69447129,6.09,56.98701088
1668170297.937123,1276.17,1276.17,0.7679787,3.74,57.05211789
1668170358.0051768,1275.55,1275.55,0.72852108,4.52,54.88828886
1668170418.3233683,1275.73,1275.73,0.7522406,2.17,55.42633745
1668170477.9846773,1276.88,1276.88,0.91355959,1.68,58.74583957
1668170538.049538,1277.6,1277.6,1.05943567,2.96,60.71674191
1668170598.0560696,1277.41,1277.41,1.08855329,0.71,59.89042353
1668170658.416187,1278.25,1278.25,1.22958956,2.83,62.29724219
1668170717.996147,1277.77,1277.77,1.20696298,1.49,60.09221876
1668170778.076066,1278.87,1278.87,1.36035454,2.73,63.33749295
1668170838.2864206,1276.77,1276.77,1.09941982,0.59,54.30063034
1668170898.002648,1276.58,1276.58,0.98684485,1.0,53.55609604
1668170958.0499184,1276.97,1276.97,0.95378937,1.23,54.92498176
1668171018.0951278,1279.99,1279.99,1.32018671,3.1,63.80408822
1668171078.056467,1283.89,1283.89,1.95538643,6.28,71.56090092
1668171138.0727434,1283.6,1283.6,2.14601419,6.2,70.34766979
1668171197.99518,1289.26,1289.26,3.08790607,11.02,78.14971976
1668171258.1121068,1288.74,1288.74,3.364651,10.96,76.19446183
1668171318.056524,1289.16,1289.16,3.63992048,10.29,76.46318473
1668171378.11583,1287.39,1287.39,3.53202053,10.62,69.70093809
1668171438.1259615,1290.31,1290.31,3.92940335,13.73,73.81699309
1668171498.200192,1289.94,1289.94,3.96179508,12.98,72.49735818
1668171558.0829575,1289.98,1289.98,3.96896525,9.99,72.56000173
1668171618.0700028,1290.9,1290.9,4.05940602,7.0,73.92596205
1668171678.090093,1296.68,1296.68,4.84357879,13.07,80.49525891
1668171738.080959,1303.0,1303.0,5.93554145,13.75,84.93025196
1668171798.0823586,1299.8,1299.8,5.8760604,11.05,75.51404786
1668171858.0712657,1298.3,1298.3,5.74982444,9.05,71.5125962
1668171918.7569287,1301.91,1301.91,6.18946438,14.52,74.95255946
1668171978.288975,1302.42,1302.42,6.30923222,12.13,75.4050905
1668172038.1328113,1299.68,1299.68,5.91258437,9.75,68.29115241
1668172098.076918,1296.72,1296.72,5.28664024,6.78,61.51526857
1668172158.077658,1290.88,1290.88,4.09543222,-0.02,50.82077307
1668172218.12517,1289.11,1289.11,3.23027252,-7.57,48.09283273
1668172278.0847957,1292.09,1292.09,3.04813793,-10.92,52.69836779
1668172338.0991726,1294.41,1294.41,3.01303166,-5.4,55.96861391
1668172398.4011014,1295.97,1295.97,3.02547597,-2.33,58.07555242
1668172458.046985,1295.44,1295.44,2.829567,-6.47,57.08163811
1668172518.09511,1295.45,1295.45,2.67774465,-6.96,57.10157071
1668172578.080783,1293.45,1293.45,2.24431403,-6.23,53.1063963
1668172638.159859,1299.9,1299.9,2.91656744,3.19,62.26674368
1668172698.1258583,1300.44,1300.44,3.08385439,9.57,62.90998598
1668172758.0794065,1303.4,1303.4,3.56321837,14.3,66.3571213
1668172818.181346,1301.52,1301.52,3.44804698,9.43,62.40851661
1668172878.1556232,1303.5,1303.5,3.71591577,9.08,64.79106332
1668172938.834751,1301.05,1301.05,3.41396668,5.09,59.74368477
1668172998.1384706,1303.21,1303.21,3.59633301,7.76,62.52333053
1668173058.0362358,1305.08,1305.08,3.82696181,9.63,64.78614005
1668173118.1729944,1304.33,1304.33,3.74115496,10.89,63.14114317
1668173178.1632404,1305.2,1305.2,3.8011622,5.3,64.27592567
1668173238.1023428,1300.84,1300.84,3.13415242,0.39,55.12572168
1668173298.151499,1301.05,1301.05,2.86941991,-2.34,55.47261786
1668173358.169071,1301.93,1301.93,2.74934158,0.41,56.89916271
1668173418.349151,1299.74,1299.74,2.25935727,-3.76,52.40490186
1668173478.3318307,1296.45,1296.45,1.52151916,-4.61,46.46701146
1668173538.1193411,1296.38,1296.38,1.12245457,-6.83,46.34395268
1668173598.1937003,1295.66,1295.66,0.70267912,-9.41,45.04377645
1668393238.186842,1187.78,1187.12,0.72197369,3.31,56.78408227
1668393238.6214795,1187.78,1187.12,0.72197369,3.31,56.78408227
1668393239.0519066,1187.78,1187.12,0.72197369,3.31,56.78408227
1668393239.7333326,1187.78,1187.12,0.72197369,3.31,56.78408227
1668393241.2286203,1187.78,1187.12,0.72197369,3.31,56.78408227
1668393242.378006,1187.78,1187.12,0.72197369,3.31,56.78408227
1668393242.772306,1187.78,1187.12,0.72197369,3.31,56.78408227
1668393243.6818595,1187.78,1187.12,0.72197369,3.31,56.78408227
1668393244.3968155,1187.78,1187.12,0.72197369,3.31,56.78408227
1668393244.9833615,1187.78,1187.12,0.72197369,3.31,56.78408227
1668393245.2331035,1187.78,1187.12,0.72197369,3.31,56.78408227
1668393246.5837934,1187.78,1187.12,0.72197369,3.31,56.78408227
1668393247.268691,1187.78,1187.12,0.72197369,3.31,56.78408227
1668393248.0790932,1187.78,1187.12,0.72197369,3.31,56.78408227
1668393248.5207975,1187.78,1187.12,0.72197369,3.31,56.78408227
1668393249.120865,1187.78,1187.12,0.72197369,3.31,56.78408227
1668393249.9928803,1187.78,1187.12,0.72197369,3.31,56.78408227
1668393251.260727,1187.78,1187.12,0.72197369,3.31,56.78408227
1668393251.7152183,1187.78,1187.12,0.72197369,3.31,56.78408227
1668393252.324196,1186.7,1186.7,0.73530908,2.49,55.49906825
1668393252.8603208,1186.7,1186.7,0.73530908,2.49,55.49906825
1668393253.5811207,1186.7,1186.7,0.73530908,2.49,55.49906825
1668393254.7784824,1186.7,1186.7,0.73530908,2.49,55.49906825
1668393255.829456,1186.7,1186.7,0.73530908,2.49,55.49906825
1668393256.3416548,1186.7,1186.7,0.73530908,2.49,55.49906825
1668393260.5815632,1186.7,1186.7,0.73530908,2.49,55.49906825
1668393260.953656,1186.7,1186.7,0.73530908,2.49,55.49906825
1668393261.5956664,1186.7,1186.7,0.73530908,2.49,55.49906825
1668393262.0720105,1186.7,1186.7,0.73530908,2.49,55.49906825
1668393262.9918523,1186.7,1186.7,0.73530908,2.49,55.49906825
1668393263.9320152,1186.7,1186.7,0.73530908,2.49,55.49906825
1668393264.8257926,1186.7,1186.7,0.73530908,2.49,55.49906825
1668393265.609791,1186.7,1186.7,0.73530908,2.49,55.49906825
1668393266.1986406,1186.7,1186.7,0.73530908,2.49,55.49906825
1668393267.0089548,1186.7,1186.7,0.73530908,2.49,55.49906825
1668393267.7922163,1186.7,1186.7,0.73530908,2.49,55.49906825
1668393268.3154693,1186.7,1186.7,0.73530908,2.49,55.49906825
1668393268.740461,1186.7,1186.7,0.73530908,2.49,55.49906825
1668393269.6579182,1186.7,1186.7,0.73530908,2.49,55.49906825
1668393270.1604564,1186.7,1186.7,0.73530908,2.49,55.49906825
1668393270.3950205,1186.7,1186.7,0.73530908,2.49,55.49906825
1668393271.123676,1186.7,1186.7,0.73530908,2.49,55.49906825
1668393316.77764,1186.28,1186.28,0.70425498,1.1,54.17870165
1668393376.7541628,1185.43,1185.43,0.57799082,-0.55,51.50792711
1668393443.0202973,1186.0,1186.0,0.6055644,0.68,53.17707006
1668393496.8901248,1187.0,1187.0,0.72601348,1.93,56.03460677
1668393556.7181218,1186.5,1186.5,0.67893712,2.47,54.25537295
1668393616.6982791,1186.72,1186.72,0.69790714,-0.53,54.92474677
1668393676.763656,1186.5,1186.5,0.65995762,0.14,54.05897085
1668393736.62883,1186.85,1186.85,0.68592186,-0.93,55.25976715
1668393796.789688,1187.95,1187.95,0.83144637,1.25,58.91794979
1668393856.7606273,1188.02,1188.02,0.87774796,1.74,59.12826862
1668393916.7768295,1188.29,1188.29,0.93780513,2.86,60.04563644
1668393976.6509275,1186.61,1186.61,0.71918239,0.62,52.16717098
1668394036.8303745,1183.64,1183.64,0.22546941,-3.35,41.73826229
1668394096.7867963,1183.19,1183.19,-0.04252682,-3.3,40.42010482
1668394156.9373865,1185.75,1185.75,0.138002,-0.98,50.07901657
1668394216.818957,1186.06,1186.06,0.16169295,-0.45,51.11256802
1668394276.7581496,1185.49,1185.49,0.07846013,-1.37,49.09965391
1668394336.8195093,1185.87,1185.87,0.10169755,-2.08,50.49925008
1668394396.789485,1184.03,1184.03,-0.16572813,-4.0,44.17734347
1668394456.9036963,1184.98,1184.98,-0.12405851,-3.32,47.81390741
1668394516.8288853,1185.58,1185.58,-0.06454554,-1.03,50.02911786
1668394576.7181523,1185.44,1185.44,-0.07384845,1.79,49.50103213
1668394636.9078329,1185.76,1185.76,-0.02692546,2.57,50.78301452
1668394696.9216146,1186.28,1186.28,0.06489397,0.53,52.86372355
1668394854.5037742,1193.86,1192.93,1.23018096,7.44,68.507755
1668394914.444589,1194.71,1194.61,1.77003839,8.74,72.95040639
1668394974.419329,1192.54,1191.79,1.70350878,7.77,62.15816379
1668395035.3002608,1191.54,1190.41,1.63586211,5.44,57.48922574
1668395095.2705653,1190.09,1189.85,1.51546385,4.28,55.71208756
1668395155.4445615,1189.4,1190.19,1.42327116,4.75,56.38716212
1668395215.5902565,1189.63,1189.63,1.28439848,3.88,54.92353577
1668395275.3078368,1189.66,1190.1,1.23528929,3.81,56.33934465
1668395335.30198,1190.33,1190.02,1.18802011,1.57,55.7737972
1668395395.2872531,1190.2,1190.82,1.19859212,-3.04,58.44187194
1668395455.3596244,1190.51,1190.19,1.11137562,-4.61,56.06668966
1668395515.3380003,1190.09,1190.45,1.06434399,-2.09,56.91695483
1668395575.7051156,1190.78,1190.36,1.03538686,-1.18,56.04140357
1668395635.3755715,1190.09,1190.18,0.94990305,0.09,55.18357266
1668395695.6257606,1189.79,1190.22,0.86752395,0.82,55.1885243
1668395755.4013069,1190.35,1190.46,0.84462246,0.82,56.13762069
1668395815.3073015,1190.21,1190.93,0.8304088,1.26,57.94976557
1668395875.304236,1190.72,1190.94,0.8133071,0.61,58.05650054
1668395935.3794296,1190.86,1190.41,0.75718333,0.2,55.06743158
1668395995.36423,1189.71,1187.94,0.46943248,-2.56,43.48331284
1668396055.38175,1188.46,1188.41,0.35190653,-1.67,45.31972143
1668396115.354023,1188.92,1188.54,0.26571511,-2.24,46.12512519
1668396175.3623583,1188.54,1188.13,0.12995184,-1.97,44.22864079
1668396235.3086045,1188.4,1188.85,0.09555308,-0.94,48.06200389
1668396296.100154,1188.63,1189.7,0.10613597,-0.65,52.70984845
1668396355.3485065,1190.98,1192.69,0.44308112,2.49,64.25583715
1668396415.534376,1193.54,1193.28,0.72144724,2.57,65.23591287
1668396475.2919345,1195.48,1195.22,1.16845999,4.36,69.95823572
1668396535.3825102,1194.62,1193.6,1.20230896,3.89,61.88243532
1668396595.3497207,1193.36,1193.93,1.26417007,5.47,62.47119537
1668396655.4036038,1194.61,1193.72,1.33835948,4.79,60.19859257
1668396715.6426892,1194.57,1195.52,1.53467506,6.98,66.66462303
1668396775.3659651,1195.21,1194.82,1.54232043,6.43,63.80816067
1668396835.420964,1195.9,1196.53,1.75366183,7.89,69.36781372
1668396895.4512897,1195.6,1196.04,1.736007,5.07,67.35027417
1668396955.3843975,1196.63,1196.44,1.82813802,2.91,67.79216893
1668397015.4943955,1196.0,1195.29,1.72439049,-0.18,61.37093698
1668397075.66994,1196.93,1196.0,1.80736097,1.38,62.79697276
1668397135.4894798,1195.78,1195.93,1.73076151,2.57,62.1700544
1668397195.3215935,1196.99,1195.81,1.72048699,1.2,59.3696295
1668397255.3787286,1195.44,1196.09,1.62612872,1.52,59.83309011
1668397315.452361,1195.81,1196.34,1.55887654,1.14,60.71597355
1668397375.4081097,1196.23,1196.19,1.48780521,0.29,60.14967822
1668397435.3739693,1195.79,1195.5,1.34297945,-0.11,56.60124138
1668397495.424338,1194.52,1194.3,1.08311297,-2.33,51.06157235
1668397555.44422,1194.1,1194.02,0.89375685,-1.99,49.82417112
1668397615.4437132,1193.85,1194.5,0.77491079,-2.42,52.07067114
1668397675.4420712,1195.44,1196.08,0.86691077,0.3,58.24811953
1668397735.387072,1196.49,1197.06,0.97441538,0.07,61.59632673
1668397795.502348,1196.95,1197.97,1.08773104,2.53,64.55188288
1668397855.5159326,1197.98,1196.83,1.080666,1.03,58.51078231
1668397915.4809556,1196.34,1195.07,0.89161228,-1.16,50.79725057
1668397975.4293408,1194.09,1193.14,0.54902257,-2.66,44.05568127
1668398035.458668,1193.81,1193.33,0.39203603,-1.2,44.54485014
1668398095.515469,1193.97,1193.34,0.26292324,-0.77,44.5498903
1668398155.4158115,1193.44,1192.98,0.09622073,-0.87,43.16277105
1668398215.7696311,1192.61,1193.62,-0.01345837,-1.81,46.63764769
1668398275.4367204,1193.85,1193.85,-0.04235682,-2.64,47.61798215
1668398335.4658432,1193.51,1192.69,-0.1936075,-4.26,43.0981092
1668398395.4522605,1193.11,1193.35,-0.20951002,-4.63,45.87941178
1668398455.408987,1193.02,1192.32,-0.34770564,-4.02,41.40291631
1668398515.489479,1193.08,1193.41,-0.298256,-0.67,46.49989673
1668398575.6195571,1193.13,1193.2,-0.33822743,-0.6,45.34939199
1668398636.0557892,1193.43,1193.1,-0.34199211,-0.86,44.96452047
1668398695.510341,1191.83,1192.37,-0.49124762,-1.06,42.58521331
1668398755.5107486,1192.97,1193.22,-0.41906847,0.62,47.2685537
1668398815.396979,1193.21,1192.82,-0.42775749,-1.04,45.28679123
1668398875.554741,1193.09,1192.77,-0.4164155,-0.73,44.93957696
1668398935.5415993,1192.93,1192.61,-0.42194279,-0.5,44.03069754
1668398995.4415414,1192.03,1191.61,-0.54695925,-1.42,39.25047453
1668399055.9679267,1191.16,1190.55,-0.71469786,-2.53,34.87791197
1668399115.4128275,1190.33,1191.49,-0.74779575,-1.63,41.74689793
1668399175.4911168,1192.39,1191.92,-0.66234699,-1.5,44.51200448
1668399235.465303,1191.9,1191.9,-0.64692865,0.07,44.42746311
1668399295.4796338,1191.69,1191.38,-0.68002591,-1.58,42.08351132
1668399355.464302,1190.74,1190.83,-0.76838394,-2.37,39.99421638
1668399415.4146109,1189.63,1190.21,-0.91223039,-2.87,38.89160786
1668399475.4353096,1188.64,1188.38,-1.18284027,-4.55,31.28173396
1668399535.58871,1188.15,1185.62,-1.51820534,-6.41,24.32300479
1668399595.5246656,1182.01,1183.83,-2.11378778,-7.33,27.70405326
1668399655.4956317,1180.35,1183.25,-2.58268005,-7.09,29.83930369
1668399715.4993443,1182.71,1183.9,-2.6932722,-8.49,32.62787455
1668399775.547385,1184.96,1185.5,-2.52193913,-6.4,38.45652871
1668399835.5891907,1185.57,1184.04,-2.53861003,-7.66,35.38737828
1668399895.5824108,1185.34,1185.99,-2.29025223,-4.76,40.63883496
1668399955.9582608,1185.3,1186.21,-2.17577612,-3.43,41.72869348
1668400015.5118108,1185.34,1184.6,-2.20019284,-4.04,36.21947324
1668400075.4847314,1184.28,1185.31,-2.10357052,-2.83,40.02219454
1668400135.5387628,1184.12,1184.88,-2.09087579,2.87,38.67683732
1668400195.5597897,1184.26,1184.04,-2.08854734,3.55,35.03704078
1668400255.5478103,1181.6,1181.89,-2.34534692,-0.82,30.59857855
1668400315.572849,1184.23,1185.49,-1.93664076,0.52,45.33485147
1668400375.547185,1185.81,1186.59,-1.6337659,1.03,48.99675781
1668400435.985229,1187.42,1186.94,-1.31757104,1.59,49.96980774
1668400495.620357,1187.55,1186.44,-1.10902453,1.13,48.25310071
1668400555.5416968,1186.21,1185.54,-1.05832119,0.19,45.52059529
1668400615.531447,1185.54,1183.37,-1.16402534,-0.91,39.58501086
1668400675.5639071,1183.28,1182.64,-1.29859439,-1.49,37.81664141
1668400735.5403426,1182.87,1181.45,-1.46374021,-2.81,35.00592149
1668400795.7044702,1181.56,1181.59,-1.57226311,-0.02,35.3530647
1668400855.5767946,1181.28,1180.16,-1.78065359,-4.07,32.06197288
1668400916.2917757,1180.19,1181.02,-1.8331786,-4.78,35.88290676
1668400975.5345426,1180.61,1178.84,-2.05385403,-8.59,30.162716
1668401035.5394402,1176.75,1178.63,-2.32320253,-8.93,34.17355513
1668401095.6359148,1178.17,1177.77,-2.47530785,-8.43,31.65538042
1668401155.5805314,1177.79,1178.0,-2.5167,-7.55,32.5833452
1668401215.5618668,1179.29,1179.96,-2.28590358,-3.31,40.24593743
1668401275.6001337,1180.17,1179.87,-2.15452483,-3.0,40.21915868
1668401335.5695531,1179.7,1180.34,-2.01314216,-1.23,42.28834321
1668401396.3122833,1180.57,1180.86,-1.81315828,-0.41,44.24881512
1668401455.587371,1181.92,1181.87,-1.50494813,1.68,47.80680584
1668401515.5245693,1180.96,1181.45,-1.40211446,0.83,46.82899537
1668401575.573895,1181.76,1180.7,-1.28942066,3.94,44.58776225
1668401636.252546,1180.46,1179.87,-1.28617591,1.71,42.17924236
1668401695.5506628,1179.88,1181.25,-1.14389111,3.45,47.37638659
1668401755.6507614,1181.9,1182.9,-0.84772092,3.6,52.69702068
1668401815.5840552,1183.49,1183.25,-0.58176831,3.08,53.54547893
1668401876.310478,1182.75,1183.57,-0.40953887,3.87,54.38781517
1668401935.5692637,1185.42,1185.73,0.04756553,5.16,59.95482706
1668401995.6526668,1185.61,1186.19,0.31821804,4.28,61.13695045
1668402055.6176798,1185.29,1184.99,0.38299247,4.04,57.27321824
1668402115.5863776,1185.2,1185.52,0.54208072,3.77,59.07438216
1668402175.5413058,1185.93,1186.33,0.73666252,5.87,61.41666478
1668402235.6235557,1186.78,1186.57,0.90133791,6.7,61.67886026
1668402295.5327013,1187.01,1187.19,1.06914413,5.29,63.82269067
1668402356.0393865,1186.48,1185.53,0.98478165,2.03,56.23258301
1668402415.654168,1185.51,1185.49,0.94803095,2.74,56.04909022
1668402475.6050289,1185.2,1185.6,0.90058851,0.18,56.26618395
1668402535.696228,1185.98,1186.96,1.00254963,1.36,60.99862304
1668402595.643935,1187.6,1187.19,1.10564017,1.91,60.83175904
1668402655.584764,1187.29,1187.15,1.13676861,1.94,60.58119787
1668402715.6243567,1186.53,1186.63,1.06104398,0.7,57.87272506
1668402775.655861,1186.16,1185.44,0.90450641,-1.33,52.25278766
1668402835.950213,1186.73,1186.78,0.98728531,-0.23,58.09354551
1668402895.6526709,1186.26,1185.9,0.85866367,-0.58,53.59391394
1668402955.7846353,1186.41,1186.36,0.84809648,0.84,55.82932556
1668403015.579678,1186.4,1186.33,0.79835724,1.12,55.63190146
1668403075.6466234,1186.48,1187.0,0.81110052,1.02,58.95611367
1668403135.6121688,1187.01,1187.45,0.83959559,-0.16,61.04952476
1668403195.5835469,1187.67,1188.08,0.91429315,0.78,63.7773378
1668403255.6527066,1188.13,1188.56,0.9906428,2.04,65.77687231
1668403316.2015386,1189.27,1188.63,1.08474389,2.48,63.71168877
1668403375.603538,1188.97,1188.24,1.09218805,1.52,60.79341922
1668403435.7756045,1188.53,1188.94,1.13802562,2.68,64.59294489
1668403495.6426578,1188.13,1188.26,1.0387112,1.86,60.50993248
1668403555.8540692,1187.97,1187.95,0.95648171,1.56,58.52594628
1668403615.677394,1187.86,1187.61,0.86724103,1.13,55.85838646
1668403675.6824636,1187.85,1186.87,0.74943124,-0.15,50.25409903
1668403735.599928,1186.43,1187.15,0.62881703,-0.51,52.13187339
1668403795.7062602,1186.44,1185.89,0.41040139,-2.24,44.04021562
1668403855.664893,1186.3,1186.07,0.31857767,-3.19,45.01588659
1668403915.6120756,1186.19,1187.02,0.29931414,-1.95,52.24503675
1668403975.6449306,1187.49,1187.62,0.35136233,-0.91,56.05600769
1668404035.7259052,1187.56,1186.91,0.29841925,-1.22,50.63126247
1668404095.7134004,1185.89,1183.96,-0.04210194,-4.0,35.39494624
1668404155.6107194,1183.93,1182.45,-0.36572542,-5.41,30.25300906
1668404215.780052,1180.33,1183.13,-0.69018544,-4.73,39.67181622
1668404275.672815,1183.49,1185.14,-0.62089739,-1.3,47.45978282
1668404335.657376,1184.2,1185.95,-0.57532463,-0.5,50.50038113
1668404395.6731238,1186.03,1184.78,-0.56334465,-1.53,46.6367999
1668404455.880712,1184.0,1183.01,-0.74115989,-3.17,41.63879049
1668404515.811489,1182.65,1180.78,-1.02458314,-6.72,36.26151849
1668404575.8050804,1179.42,1178.99,-1.43839241,-8.58,32.76124369
1668404635.685984,1180.27,1180.04,-1.49861429,-5.84,36.22871948
1668404695.691721,1177.96,1179.77,-1.75898021,-4.17,38.58015909
1668404755.6934226,1179.17,1181.85,-1.68394554,1.52,45.03973273
1668404815.7337976,1179.5,1176.75,-2.1194178,-6.75,32.41937939
1668404875.7060688,1177.43,1178.23,-2.129013,-5.98,36.51963806
1668404935.7248871,1179.64,1182.53,-1.72553057,-3.5,49.21711772
1668404995.668326,1181.78,1182.02,-1.56536446,-1.99,48.00157501
1668405055.6327367,1182.02,1182.57,-1.33066501,-0.07,49.57046527
1668405116.28673,1182.21,1182.85,-1.13145577,3.43,50.46511142
1668405175.7599962,1182.65,1182.27,-0.99857215,2.0,48.71306185
1668405236.07493,1183.07,1183.78,-0.70085324,5.83,53.37563237
1668405295.7610655,1184.21,1184.19,-0.44980401,5.03,54.53135038
1668405355.7335677,1183.1,1182.5,-0.47805109,3.0,48.90934863
1668405415.7789924,1183.45,1182.01,-0.40717801,4.57,47.22112027
1668405475.767106,1182.51,1182.74,-0.31673117,3.1,49.59259268
1668405535.6711922,1181.56,1182.44,-0.37011683,0.67,48.91043601
1668405595.8009946,1182.44,1182.47,-0.33158279,0.45,49.02107513
1668405655.8077333,1181.6,1180.0,-0.54823427,-2.21,41.25997798
1668405715.814463,1182.89,1184.25,-0.1403256,1.6,55.17678764
1668405775.8106492,1183.58,1183.36,-0.11202614,0.29,52.25801096
1668405835.8767376,1182.5,1182.81,-0.14292938,-1.41,50.31022617
1668405895.7984226,1183.73,1183.95,0.03459952,0.86,54.15024286
1668405955.9033327,1184.86,1184.72,0.23450796,1.28,56.38039028
1668406015.7848508,1184.86,1183.56,0.24643053,1.05,51.7035748
1668406075.7778864,1183.43,1183.1,0.1995205,1.54,49.98511488
1668406135.930869,1181.91,1182.75,0.068031,0.31,49.07439459
1668406195.7732477,1183.0,1184.8,0.21692574,3.2,55.74777356
1668406255.719889,1185.0,1184.7,0.31983417,1.81,55.18565475
1668406315.7695477,1184.49,1183.66,0.28904375,0.08,51.37247726
1668406375.8628924,1182.08,1181.16,-0.02199191,-1.35,43.78458305
1668406436.0503838,1180.3,1178.66,-0.41846303,-5.06,37.66286821
1668406495.988614,1178.05,1178.08,-0.75564905,-6.79,36.52172765
1668406556.0066466,1178.98,1179.38,-0.81271407,-5.47,41.17429602
1668406616.9380603,1179.25,1179.46,-0.90666097,-3.96,41.50807828
1668406677.0108073,1180.0,1181.2,-0.78913068,-0.71,47.60637609
1668406736.9236624,1183.13,1184.43,-0.34651293,1.44,56.490422
1668406797.7072952,1183.65,1182.73,-0.29943585,-2.26,51.61767685
1668406857.7358546,1181.36,1180.01,-0.51113314,-4.48,44.31217647
1668406917.7196448,1182.26,1182.05,-0.28423928,-0.03,49.76770381
1668406978.4536254,1181.06,1180.86,-0.40038638,0.55,46.47278027
1668407039.123908,1181.64,1180.66,-0.39347731,2.62,45.99566386
1668407098.4489582,1180.89,1182.15,-0.29929447,3.16,50.62018973
1668407159.4118264,1183.65,1183.28,-0.05331556,4.03,53.49312798
1668407219.3365252,1183.66,1182.71,0.02357968,2.7,51.59098548
1668407279.3800056,1182.92,1183.81,0.16173088,0.69,54.86094381
1668407340.1651917,1183.75,1183.87,0.25485102,0.22,55.05454621
1668407400.072683,1184.18,1184.26,0.38009912,2.89,56.19733304
1668407460.3262513,1184.45,1184.67,0.49830525,2.4,57.45521626
1668407520.8399131,1184.61,1185.27,0.61691522,4.21,59.37270487
1668407581.3551753,1185.37,1184.58,0.65892005,2.95,56.12974362
1668407640.82577,1185.2,1185.88,0.81871968,5.0,61.08071964
1668407701.8732948,1185.83,1186.2,0.91891152,2.55,62.13331965
1668407761.8599458,1186.39,1185.83,0.97286487,2.18,59.74111053
1668407821.8427176,1186.09,1187.21,1.11826422,4.28,64.76479505
1668407882.7707062,1187.27,1186.98,1.18852622,3.24,63.26049797
1668407942.7374046,1186.64,1187.5,1.24558021,3.31,64.22899489
1668408002.8029633,1188.44,1187.79,1.37898969,3.34,63.38398156
1668408063.6547418,1188.35,1188.68,1.51453607,4.08,67.34320779
1668408123.8660364,1192.97,1197.55,2.54089109,12.17,81.96318439
1668408183.5997856,1203.75,1206.74,4.17213197,21.55,87.90981082
1668408244.9279928,1204.03,1214.79,5.48038249,28.96,90.94403254
1668408304.8968651,1221.07,1216.08,7.10382568,29.68,81.19359527
1668408364.9061,1213.64,1217.16,7.83568438,31.06,78.51827087
1668408425.7960348,1211.42,1210.62,7.5982837,23.34,71.27476662
1668408485.8950634,1208.93,1210.39,7.56076671,23.76,69.55167541
1668408545.7101643,1213.79,1213.94,8.04344199,25.5,71.99719457
1668408608.1781209,1215.39,1219.55,8.6548974,31.2,75.52169068
1668408666.7426465,1223.82,1223.55,9.5273976,30.57,77.2182035
1668408726.6751812,1222.47,1222.57,9.69082985,18.66,75.47178449
1668408787.346969,1229.17,1232.83,11.00827769,28.8,80.31936342
1668408847.4492557,1231.64,1231.2,11.29107306,10.1,79.05866876
1668408907.2789729,1230.57,1229.41,11.2767436,15.78,75.90846758
1668408968.4843168,1227.16,1227.14,10.85733645,15.71,72.16407358
1668409028.311312,1227.07,1230.31,10.79357581,21.39,74.15124948
1668409088.7554617,1230.56,1231.01,10.6962302,17.23,74.5851884
1668409149.076758,1229.64,1232.83,10.54324937,17.44,74.7480704
1668409209.073136,1237.36,1241.05,11.34268998,17.22,79.04474345
1668409269.0323768,1236.84,1234.16,10.72834811,11.68,71.22368218
1668409329.799591,1234.41,1231.26,10.17133129,1.96,66.40414235
1668409390.047993,1229.97,1231.6,9.5510646,-0.04,65.81964115
1668409449.8854263,1233.02,1230.3,9.02126063,-0.27,62.76492762
1668409510.883041,1234.56,1234.56,8.46304407,7.49,66.50907796
1668409570.7724388,1234.56,1232.94,8.3338133,5.87,63.98949115
1668409631.3684487,1230.48,1230.48,7.03911881,0.84,60.39961587
1668409691.5425165,1231.8,1231.8,6.70108893,-5.87,61.6942157
1668409751.608234,1232.7,1232.7,6.40585283,-4.14,62.58384991
1668409811.5481374,1232.07,1232.07,5.95560841,-2.33,61.49829549
1668409872.433425,1233.83,1233.83,5.82315529,3.87,63.40785832
1668409932.3995464,1230.34,1230.34,5.04966655,-2.68,57.33527681
1668409992.3350954,1234.0,1234.0,5.12162073,3.34,61.4995258
1668410053.6369283,1234.95,1234.95,5.02579116,0.38,62.51370245
1668410113.725049,1234.16,1234.16,4.72176116,2.66,61.06221458
1668410174.095344,1231.78,1231.78,4.14206775,1.31,56.78157113
1668410234.4752831,1228.17,1228.17,3.25387618,-3.62,50.97661042
1668410294.4006588,1227.01,1227.01,2.60942675,-5.7,49.24900798
1668410354.5476592,1226.85,1226.85,2.1240356,-5.22,48.99904118
1668410415.203122,1226.89,1226.89,1.73519227,-6.94,49.06863887
1668410475.3198595,1229.12,1229.12,1.72289113,-1.22,52.92671115
1668410535.2695498,1231.07,1231.07,1.83114328,-2.93,56.05445769
1668410596.044452,1231.11,1231.11,1.77824398,-3.85,56.12342831
1668410656.1028826,1232.25,1232.25,1.87580294,-1.91,58.00774929
1668410715.9430406,1235.45,1235.45,2.3113469,3.68,62.85634226
1668410777.071416,1240.03,1240.03,3.0699913,12.28,68.46720177
1668410837.0303965,1245.81,1245.81,4.16334674,18.79,73.83435073
1668410896.959615,1247.26,1247.26,4.81625633,20.41,74.98509136
1668410957.8609924,1248.34,1248.34,5.33496539,21.45,75.83761238
1668411017.9690368,1253.59,1253.59,6.35522675,24.48,79.49406818
1668411077.8056402,1253.02,1253.02,6.67407863,21.94,78.12932835
1668411138.476816,1250.02,1250.02,6.45813891,18.91,71.09384949
1668411198.5210574,1249.04,1249.04,6.26557158,16.78,68.94428119
1668411258.4495418,1250.79,1250.79,6.33961299,15.34,70.68488657
1668411319.4539611,1250.86,1250.86,6.23839749,10.89,70.75487971
1668411379.4975646,1254.91,1254.91,6.65676378,9.11,74.52464105
1668411439.4422076,1257.92,1257.92,7.08043623,10.67,76.93253666
1668411500.356142,1256.07,1256.07,6.88142462,7.74,72.41649448
1668411560.308816,1252.33,1252.33,6.23463639,-1.25,64.24552646
1668411620.2929473,1250.46,1250.46,5.62624374,-2.56,60.56002771
1668411681.1374943,1251.16,1251.16,5.30067799,1.16,61.45244568
1668411741.1099422,1250.67,1250.67,4.87219034,1.63,60.42395627
1668411801.0148475,1253.72,1253.72,4.94336245,3.13,64.41960859
1668411862.3726578,1254.03,1254.03,4.79537247,3.17,64.80946443
1668411922.5575318,1253.86,1253.86,4.58199632,-1.06,64.40467815
1668411982.334493,1254.65,1254.65,4.48552197,-3.27,65.49824781
1668412043.1797009,1250.17,1250.17,3.67613196,-5.89,55.04345478
1668412103.3448322,1250.94,1250.94,3.38893899,-1.39,56.33174695
1668412163.2559245,1251.88,1251.88,3.21005691,1.42,57.91732886
1668412224.5413997,1251.68,1251.68,2.94567827,0.53,57.43894683
1668412284.333022,1254.26,1254.26,3.07664701,3.6,61.83052596
1668412344.3663409,1260.18,1260.18,3.82543854,6.46,69.568888
1668412405.186149,1257.11,1257.11,3.56452399,3.09,62.49322474
1668412465.1973753,1255.32,1255.32,3.25831699,1.46,58.74178014
1668412525.1465807,1254.38,1254.38,2.96027275,-0.28,56.8130425
1668412586.2918491,1256.04,1256.04,2.98643826,5.86,59.35131074
1668412646.7463453,1256.82,1256.82,2.97880251,5.87,60.52645274
1668412706.6697764,1256.54,1256.54,2.8517834,4.65,59.86409277
1668412767.0353792,1256.64,1256.64,2.75077917,4.96,60.0424521
1668412827.0599954,1260.06,1260.06,3.11812255,5.89,65.42059843
1668412887.096119,1261.98,1261.98,3.42743576,1.8,68.04128479
1668412947.7669015,1266.24,1266.24,4.11168943,9.13,72.92359808
1668413007.7772582,1263.94,1263.94,4.01018128,8.62,66.98945114
1668413067.7705872,1266.24,1266.24,4.35384368,11.86,69.65705135
1668413128.7361934,1270.51,1270.51,5.03520419,14.47,73.84160318
1668413188.7198062,1269.48,1269.48,5.09731032,12.67,71.25698659
1668413249.1851687,1267.14,1267.14,4.8214753,10.59,65.6679487
1668413309.4688773,1263.92,1263.92,4.24210625,7.28,58.83479929
1668413369.518272,1263.46,1263.46,3.87606316,3.39,57.90642114
1668413429.423998,1264.94,1264.94,3.78307185,2.96,60.08853245
1668413490.2210174,1264.86,1264.86,3.56267934,-1.36,59.9014623
1668413550.2210252,1267.36,1267.36,3.70843798,3.43,63.58558718
1668413610.1916666,1272.91,1272.91,4.40868802,6.68,70.14370704
1668413671.465376,1267.35,1267.35,3.77422789,-3.18,58.73207247
1668413731.806188,1269.63,1269.63,3.90455216,0.16,61.49012894
1668413791.495639,1271.54,1271.54,4.08904026,4.41,63.69301204
1668413852.1522894,1267.35,1267.35,3.47530062,3.43,56.13107058
1668413912.206649,1265.57,1265.57,2.96509354,2.11,53.23929566
1668413972.1609037,1266.42,1266.42,2.75681659,1.48,54.45682835
1668414032.93578,1264.53,1264.53,2.2475543,-0.32,51.29611976
1668414092.980019,1266.51,1266.51,2.22097733,-0.85,54.31346136
1668414152.9866166,1265.65,1265.65,1.92953299,-7.26,52.78562021
1668414214.168514,1263.33,1263.33,1.40500211,-4.02,48.79622625
1668414273.7493749,1265.14,1265.14,1.38013927,-4.5,51.85179452
1668414333.7593036,1264.73,1264.73,1.17322407,-6.81,51.10769781
1668414394.7603028,1266.44,1266.44,1.26509558,-0.91,54.06826794
1668414454.7039752,1266.0,1266.0,1.15296812,0.43,53.17497642
1668414514.7319005,1264.3,1264.3,0.83917236,-2.02,49.76230707
1668414575.5062172,1263.99,1263.99,0.64680953,-0.53,49.14201063
1668414635.5227003,1264.65,1264.65,0.60140094,-1.85,50.55473235
1668414695.704157,1266.94,1266.94,0.84144128,1.3,55.20427498
1668414756.2871418,1265.99,1265.99,0.7431157,2.67,52.9768851
1668414816.3492844,1264.72,1264.72,0.53621469,-0.43,50.07231413
1668414876.3231344,1265.3,1265.3,0.52937574,0.57,51.3845257
1668414937.3284383,1266.1,1266.1,0.59545009,-0.34,53.20883048
1668414997.317624,1263.67,1263.67,0.24753746,-2.32,47.38985323
1668415057.3435335,1259.54,1259.54,-0.46044291,-4.75,39.48814963
1668415118.1439548,1260.6,1260.6,-0.60191403,-3.39,42.15407882
1668415178.611971,1257.85,1257.85,-1.16150602,-6.8,37.54588751
1668415238.0543485,1257.8,1257.8,-1.42188169,-9.14,37.46761175
1668415298.8896449,1259.99,1259.99,-1.29572621,-6.01,43.20423979
1668415358.9152813,1261.84,1261.84,-1.05809862,-2.87,47.57058872
1668415418.929566,1263.7,1263.7,-0.71317079,-1.59,51.60577573
1668415479.9334822,1262.43,1262.43,-0.7299553,-3.67,48.84177491
1668415539.858688,1262.4,1262.4,-0.6596535,-1.28,48.77528515
1668415599.9166205,1262.42,1262.42,-0.59173819,2.88,48.82461559
1668415661.2371538,1261.23,1260.89,-0.72838768,0.29,45.13384913
1668415720.5800538,1260.18,1259.74,-0.88886622,1.9,42.50291917
1668415780.650089,1260.85,1260.77,-0.8095625,2.98,45.29634432
1668415841.6304576,1260.64,1260.07,-0.87142581,0.07,43.4798593
1668415901.5041354,1262.41,1263.62,-0.47391017,1.78,53.53914054
1668415961.5434108,1262.98,1262.42,-0.43908376,-1.27,50.1462264
1668416022.2806838,1262.88,1262.51,-0.33189947,0.08,50.33097477
1668416082.2562866,1262.4,1262.25,-0.2997813,-0.15,49.47550058
1668416142.3543477,1262.83,1263.26,-0.148034,0.83,52.84851152
1668416203.4114358,1262.63,1262.93,-0.12821721,1.69,51.77605536
1668416263.2535222,1263.24,1263.57,-0.00233323,3.39,54.04143525
1668416323.298794,1264.77,1262.66,0.07764556,1.81,49.97459853
1668416384.199479,1262.54,1262.31,0.02973669,1.67,48.81055796
1668416444.1699648,1261.72,1262.65,-0.00923763,0.23,50.19122366
1668416504.110536,1261.2,1258.88,-0.39346492,-4.1,38.67512185
1668416565.222395,1258.53,1256.36,-0.82197178,-6.51,33.09961444
1668416625.1171072,1255.83,1257.51,-1.06058459,-4.89,38.20895931
1668416685.1309805,1257.75,1257.45,-1.19920035,-5.38,38.34262903
1668416746.7668304,1256.68,1256.92,-1.39884004,-5.72,37.59988691
1668416806.231256,1256.67,1255.6,-1.61249975,-7.64,34.32498886
1668416866.1426184,1255.39,1254.73,-1.82760672,-10.03,32.52415682
1668416926.940915,1256.4,1255.08,-1.83140929,-7.46,34.92515885
1668416986.8821816,1254.14,1254.16,-2.0497931,-7.57,33.17536522
1668417046.9410722,1255.0,1255.86,-1.95080907,-5.34,39.63964265
1668417107.5480978,1256.68,1256.66,-1.78981971,-1.87,42.3663306
1668417167.5418456,1256.37,1256.41,-1.73233637,0.47,41.79649869
1668417227.6354592,1256.32,1256.71,-1.63103542,-1.04,43.04437498
1668417288.5635536,1256.38,1256.01,-1.60238071,-0.67,40.6590286
1668417348.5774722,1255.48,1255.45,-1.61960104,-1.21,39.08592494
1668417408.5202928,1254.82,1256.49,-1.53734093,1.1,44.43511396
1668417469.297492,1256.9,1255.33,-1.48265644,-1.07,41.33566871
1668417529.3134074,1254.51,1253.34,-1.65779147,-0.79,36.49538806
1668417589.2554555,1252.65,1253.98,-1.71630697,-1.02,40.0286008
1668417650.2928228,1253.39,1254.83,-1.66800083,-1.84,43.18620536
1668417710.0186863,1256.93,1259.25,-1.09295432,2.89,55.31518619
1668417769.9973085,1259.28,1258.5,-0.81856928,2.19,53.1535065
1668417830.898894,1259.15,1259.25,-0.49689489,2.86,55.25125333
1668417890.7675028,1258.32,1258.57,-0.39073194,3.1,53.18676122
1668417950.841886,1258.52,1258.97,-0.21614921,4.16,54.34227195
1668418011.8847363,1258.5,1259.82,-0.03492089,2.92,56.8375316
1668418071.7572722,1259.67,1259.71,0.11821045,5.2,56.55110455
1668418131.8523736,1259.72,1259.0,0.19081565,6.35,53.77513992
1668418192.5415754,1258.85,1258.53,0.1975532,5.14,52.00659841
1668418253.070064,1258.98,1258.85,0.26320735,1.93,53.13238726
1668418312.576684,1258.56,1257.76,0.17994962,-1.52,48.77559721
1668418373.2701046,1257.85,1258.5,0.19474282,-0.64,51.72214913
1668418433.2768035,1259.19,1259.45,0.31676956,1.13,55.1520446
1668418493.2195144,1259.19,1259.33,0.34066973,0.81,54.75952099
1668418554.244032,1258.7,1259.19,0.3217834,0.69,54.01612757
1668418614.2833922,1259.72,1259.99,0.43914553,0.33,57.03966876
1668418674.2526474,1261.03,1261.78,0.69918774,2.06,62.95102378
1668418734.8918316,1262.2,1262.76,0.93338579,3.92,65.76236113
1668418795.1623902,1261.8,1261.2,0.89704139,2.23,59.01707825
1668418854.9041505,1261.12,1260.32,0.84260068,1.75,54.74869722
1668418915.677276,1260.9,1261.12,0.89612638,3.27,58.37966182
1668418975.7318208,1261.21,1261.41,0.92026844,2.22,59.51341435
1668419035.6774704,1261.75,1261.77,0.97210452,2.57,60.87563458
1668419096.5914392,1262.42,1262.66,1.0908039,3.95,64.14311528
1668419156.6002977,1263.76,1261.75,1.12714426,2.02,56.69729996
1668419216.5355752,1261.34,1262.42,1.10097598,1.39,58.62276888
1668419277.5038009,1262.51,1262.43,1.10051769,0.24,58.52231031
1668419337.3018527,1262.3,1263.35,1.14799162,1.55,61.44269609
1668419397.3740246,1262.64,1263.14,1.11850648,2.03,60.91028818
1668419458.107074,1262.51,1261.53,0.9604237,0.62,53.37657478
1668419518.0238285,1261.03,1260.24,0.73129817,-0.98,47.66897948
1668419578.1672928,1259.61,1260.78,0.57959059,-0.97,50.30288131
1668419638.864824,1260.57,1261.0,0.49749192,-1.41,51.27930832
1668419698.7731287,1261.48,1262.13,0.56094682,-1.64,55.65167649
1668419758.7892697,1261.26,1260.51,0.39083046,-0.82,48.81530957
1668419819.945002,1260.77,1260.09,0.28936239,-2.42,46.9240259
1668419878.8843422,1259.39,1259.65,0.11334507,-2.66,45.44874216
1668419938.9379454,1259.5,1257.31,-0.1792484,-5.32,36.94423592
1668419998.8474972,1257.32,1257.1,-0.41319781,-5.41,36.29298287
1668420058.940488,1257.31,1256.82,-0.60118489,-4.21,35.35026199
1668420118.9086154,1257.12,1255.56,-0.83616179,-4.06,31.51829106
1668420178.8701804,1253.59,1254.07,-1.27029994,-6.5,29.65369951
1668420238.8550751,1256.59,1257.51,-1.04321253,-3.98,44.35157375
1668420299.3066225,1258.75,1257.63,-0.92557645,-3.63,45.20747358
1668420358.8944795,1257.48,1257.05,-0.95462839,-3.71,43.60842707
1668420418.8870604,1256.39,1255.98,-1.08376679,-3.42,40.81826032
1668420478.879114,1256.02,1256.55,-1.08340961,-2.94,42.9621801
1668420538.8708332,1256.4,1256.37,-1.09688074,-0.94,42.30884308
1668420598.868769,1255.95,1255.83,-1.15512086,-1.48,40.72826198
1668420658.8082902,1257.2,1256.93,-0.98919978,-0.2,45.19036585
1668420718.877022,1255.02,1254.88,-1.21471736,1.29,39.38565
1668420779.4286256,1255.56,1255.77,-1.14468433,-0.82,42.74298836
1668420838.8879037,1255.35,1255.33,-1.18023766,-3.41,41.22595338
1668420898.9004767,1255.37,1255.72,-1.13481831,-1.77,42.97689612
1668420958.954303,1255.5,1255.51,-1.11848706,-0.88,42.02644569
1668421018.9561093,1255.31,1255.06,-1.12865215,-0.96,40.40840422
1668421078.9833028,1254.66,1254.57,-1.17435371,-1.83,38.70606571
1668421138.8779197,1254.34,1254.34,-1.2042904,-1.6,37.90999561
1668421198.8133175,1254.49,1255.66,-1.08572428,-1.53,45.33647142
1668421259.4122572,1255.83,1257.37,-0.84232698,2.36,53.15675631
1668421318.9090164,1257.54,1257.58,-0.62543432,2.02,53.98294455
1668421378.9374087,1257.27,1257.71,-0.4683402,2.36,54.4304694
1668421438.8876302,1257.48,1257.45,-0.35544614,2.08,53.31660684
1668421498.9343562,1257.1,1256.25,-0.36522898,0.74,47.37773966
1668421559.0511868,1255.78,1256.76,-0.33512035,1.46,50.13317277
1668421618.9204798,1257.0,1257.76,-0.18378339,3.1,54.43487211
1668421678.9094734,1257.74,1257.36,-0.11187658,3.02,52.47457805
1668421739.4437351,1257.42,1258.1,0.01033737,3.62,55.7478997
1668421798.8929477,1259.05,1257.46,0.10967801,1.63,51.76990698
1668421858.9451034,1256.99,1257.82,0.12727096,0.28,53.12932737
1668421918.8902948,1258.6,1258.85,0.29917565,1.59,56.67131193
1668421978.8954356,1259.54,1259.43,0.46984,1.96,58.3645684
1668422038.9286923,1259.16,1259.95,0.58054041,2.85,59.79785932
1668422098.9376397,1260.63,1260.14,0.73394369,4.36,59.49735915
1668422158.9288502,1259.92,1258.67,0.67245291,1.67,53.11429864
1668422219.6082184,1259.08,1259.5,0.72182588,1.77,56.2753477
1668422279.0205095,1260.5,1260.94,0.90250398,3.52,60.847787
1668422338.9573147,1261.63,1261.46,1.05649622,2.41,61.96385835
1668422398.888142,1260.52,1259.6,0.91446896,2.6,53.94773785
1668422458.963944,1260.13,1260.58,0.96235092,1.97,57.62611782
1668422518.877873,1260.89,1260.55,0.97309843,1.01,57.03691989
1668422578.978619,1259.17,1259.89,0.81279433,0.72,53.94708248
1668422639.0308404,1260.0,1260.73,0.83797921,0.1,56.78159376
1668422699.2977266,1260.07,1259.12,0.67221277,-0.8,50.55143023
1668422759.1147535,1260.06,1261.35,0.81233961,2.27,59.2682374
1668422819.014174,1261.19,1261.67,0.86917534,1.18,60.41205534
1668422879.00568,1261.56,1261.0,0.85481821,-0.64,57.08650612
1668422938.944039,1260.0,1260.28,0.72166777,-0.23,53.63007332
1668422998.944646,1258.5,1257.34,0.32683715,-2.78,42.42211739
1668423058.8739722,1258.07,1258.69,0.27705877,-2.2,47.67336297
1668423118.9933066,1259.47,1260.77,0.40386807,1.61,55.54650936
1668423179.3145337,1259.83,1259.98,0.32895306,-0.01,52.81638744
1668423238.9662085,1259.91,1260.02,0.32352339,-0.04,53.01292192
1668423298.953508,1260.2,1259.69,0.30534395,-0.37,51.24786266
1668423358.977479,1260.03,1260.87,0.39205888,-0.31,56.6380972
1668423419.035581,1260.7,1260.89,0.42478027,-0.68,56.77928004
1668423479.0436833,1261.3,1261.3,0.51354351,1.29,58.50581072
1668423539.0836408,1261.38,1261.25,0.55317385,2.75,58.00713387
1668423599.003693,1260.57,1259.81,0.41555015,1.75,49.78666524
1668423659.6207595,1260.55,1260.69,0.46189068,1.22,54.60145169
1668423719.0348997,1261.13,1261.87,0.56853077,2.04,60.32705129
1668423778.9867475,1262.22,1261.76,0.63025865,1.86,58.71853754
1668423838.9922297,1262.06,1261.87,0.67619984,1.67,59.33625257
1668423899.0182614,1261.51,1260.01,0.5151983,-0.03,48.13692768
1668423959.0096538,1260.15,1260.52,0.45561752,-0.18,50.88478367
1668424019.0512974,1260.44,1260.55,0.39246119,-0.74,51.08792476
1668424079.0248008,1260.56,1261.02,0.38100009,-0.36,53.79624231
1668424139.4715376,1262.31,1262.63,0.57556338,2.07,61.25716611
1668424198.92061,1261.68,1260.63,0.4233764,0.08,50.16026262
1668424259.168172,1260.51,1261.32,0.40510228,0.18,53.54397904
1668424319.0392354,1260.97,1261.69,0.40286827,-0.53,55.38525999
1668424379.0870512,1261.02,1260.87,0.31109803,-1.18,51.27075925
1668424438.979331,1261.15,1262.11,0.39369035,0.61,57.85665505
1668424499.0011656,1262.58,1262.24,0.47511503,2.09,57.73787654
1668424559.0514057,1262.28,1262.56,0.5333517,2.12,59.34716944
1668424619.4884562,1261.93,1262.3,0.51023297,1.75,57.60102964
1668424679.192495,1262.31,1263.42,0.6162566,1.11,62.81854244
1668424738.95293,1267.31,1263.28,0.91946928,1.59,55.42836348
1668424798.9731398,1262.6,1260.22,0.61682783,-0.28,46.1287107
1668424858.9942713,1258.98,1258.47,0.2004535,-2.51,41.94467836
1668424919.0302615,1257.9,1262.36,0.22403117,1.34,52.70231983
1668424979.005543,1260.86,1259.42,-0.05134018,-1.73,45.780185
1668425039.0555732,1260.13,1259.74,-0.1041123,-2.83,46.43949687
1668425099.6556823,1258.31,1258.26,-0.39415812,-4.03,43.03349354
1668425159.0158648,1258.14,1257.25,-0.61549654,-4.68,40.69722465
1668425219.0156891,1256.22,1256.47,-0.90005604,-5.85,39.38288585
1668425279.0252466,1256.21,1256.26,-1.08051972,-11.05,38.69096821
1668425339.1035366,1255.82,1257.66,-1.10938903,-4.93,44.09170879
1668425398.9993994,1257.47,1257.74,-1.09780136,-1.25,44.40873398
1668425459.259677,1257.45,1256.38,-1.19006349,-1.52,40.57191492
1668425519.0040984,1256.35,1255.1,-1.33400188,-5.76,37.40429448
1668425579.6510797,1255.07,1255.51,-1.39946299,-4.61,39.09494956
1668425639.0355968,1255.02,1254.2,-1.56822353,-4.11,35.1828083
1668425699.357564,1253.8,1253.95,-1.69590127,-4.19,34.95147676
1668425759.1215155,1254.79,1254.36,-1.66716489,-1.86,37.39089373
1668425819.1047144,1255.41,1255.93,-1.48823908,-0.29,43.23671941
1668425879.0921516,1255.96,1255.8,-1.40585808,-0.02,42.83251164
1668425939.1012151,1256.5,1255.8,-1.28281418,-1.66,43.22181012
1668425999.098989,1255.65,1254.5,-1.32972611,-2.95,39.21136886
1668426059.6651316,1254.1,1254.65,-1.35461324,-1.71,40.59277649
1668426119.1115358,1255.4,1255.02,-1.25795715,-0.05,42.44836808
1668426179.0846548,1255.99,1255.58,-1.10972831,0.57,44.60898943
1668426239.1369288,1255.99,1256.74,-0.92378496,2.94,49.13267666
1668426299.072086,1256.14,1255.64,-0.9179037,0.85,44.70775308
1668426359.1254065,1255.36,1255.94,-0.85864944,0.53,46.41974895
1668426419.064216,1256.02,1256.59,-0.72816103,0.64,49.36177749
1668426479.04791,1256.5,1257.17,-0.58251959,0.66,51.95104006
1668426539.5644252,1257.01,1256.63,-0.50784018,0.99,49.48125506
1668426599.0679498,1255.51,1255.18,-0.61943508,1.09,43.5911619
1668426659.089234,1255.3,1254.9,-0.64351289,-0.49,42.44170711
1668426719.113074,1255.22,1255.73,-0.57786487,-0.26,46.48687854
1668426779.107939,1254.72,1254.82,-0.67463554,-1.17,42.23393654
1668426839.0615366,1255.06,1255.47,-0.61299773,-0.67,46.00609874
1668426899.055333,1255.37,1254.39,-0.66502394,-0.97,40.92966149
1668426959.100284,1254.17,1254.73,-0.67837494,-1.29,43.43373312
1668427019.8261204,1255.88,1255.35,-0.54582591,-1.14,46.88411999
1668427079.0782216,1254.99,1254.51,-0.59743723,-2.51,43.38156954
1668427139.1885746,1255.28,1254.58,-0.55555656,-0.92,43.77755806
1668427199.1230743,1253.19,1252.28,-0.83362401,-3.03,35.80565203
1668427259.2570934,1252.34,1253.19,-0.87943672,-2.02,40.53079364
1668427319.3409166,1252.78,1252.8,-0.96541186,-1.91,38.55139018
1668427379.1947308,1252.74,1251.1,-1.13482762,-3.95,32.90143694
1668427439.0817251,1248.99,1248.72,-1.57007571,-6.64,27.29156287
1668427499.6793146,1246.94,1248.29,-1.90587342,-5.87,30.79363325
1668427559.1428552,1245.54,1245.11,-2.45904319,-10.78,21.16434174
1668427619.2529218,1246.17,1247.41,-2.44439571,-7.58,31.37103659
1668427679.326662,1249.66,1249.17,-2.19232649,-6.11,39.14601654
1668427739.333228,1249.37,1249.03,-2.10808555,-4.16,38.75214552
1668427799.317418,1247.81,1246.67,-2.29458835,-5.66,33.43907235
1668427859.1775808,1247.0,1247.94,-2.21729076,-4.83,37.99892705
1668427919.2261298,1247.75,1248.53,-2.1160982,-4.21,40.4126688
1668427979.219947,1249.24,1252.1,-1.67292668,3.1,52.11970777
1668428039.1686416,1252.43,1253.32,-1.23275071,6.38,55.33202336
1668428099.2108011,1254.08,1253.21,-0.85704201,7.67,54.422453
1668428159.1485474,1253.2,1254.44,-0.50228734,8.28,57.52194083
1668428219.169832,1255.16,1253.2,-0.27256887,3.55,53.17630903
1668428279.2144082,1253.86,1252.58,-0.14390837,3.2,51.28008808
1668428339.3178024,1253.0,1253.4,0.0085745,5.59,53.55229113
1668428399.3396907,1254.08,1253.86,0.18089526,6.87,54.58488739
1668428459.1985505,1253.29,1253.94,0.2426185,6.19,54.62196744
1668428519.452239,1254.13,1254.35,0.36824572,5.12,55.73628781
1668428579.1884325,1254.32,1254.69,0.47525906,2.26,56.72603446
1668428639.1295424,1255.34,1255.26,0.6416892,1.19,58.17230899
1668428699.127618,1255.18,1255.96,0.77505903,2.76,60.09644046
1668428759.1473022,1255.23,1257.49,0.95219282,2.33,64.24028871
1668428819.151016,1256.82,1257.55,1.08927613,3.7,64.51251244
1668428879.0967884,1258.32,1260.9,1.54142492,7.91,71.58280946
1668428939.173363,1262.05,1262.38,2.01948939,8.3,73.9525345
1668428999.1892726,1261.68,1261.29,2.16784703,8.0,70.03919389
1668429059.1393974,1261.63,1260.91,2.29376293,6.78,68.18727868
1668429119.140373,1260.19,1260.96,2.30467801,6.65,66.81770693
1668429179.2484915,1260.67,1261.99,2.39627832,6.65,69.05910981
1668429239.244153,1265.06,1264.31,2.83425647,9.13,71.05127828
1668429299.2076993,1264.47,1266.68,3.15213428,11.46,75.03020892
1668429359.1963472,1265.82,1264.59,3.13432987,7.78,68.78685479
1668429419.2174404,1265.42,1263.93,3.13812262,5.61,65.92973289
1668429479.4491148,1264.14,1263.29,3.01471235,1.23,63.35177628
1668429539.2243898,1262.86,1261.34,2.68788746,-0.33,56.39573853
1668429599.277163,1261.55,1262.7,2.54950477,1.08,59.94552053
1668429659.2785747,1262.18,1264.13,2.48096236,3.95,63.31698044
1668429719.2205477,1263.54,1264.6,2.43326723,3.94,64.4415887
1668429779.5547342,1263.67,1263.97,2.29689301,-1.1,63.10277022
1668429839.2525198,1263.45,1263.02,2.11542664,-1.46,59.57900409
1668429899.289402,1262.73,1262.09,1.88835428,-3.72,55.74318786
1668429959.6996706,1261.7,1261.66,1.64935648,-3.77,54.08346703
1668430019.223279,1260.86,1261.47,1.40264128,-2.67,53.205899
1668430079.1721125,1262.07,1263.74,1.46263874,0.89,60.08438373
1668430139.313953,1263.21,1263.92,1.43718432,2.38,60.69127665
1668430199.241117,1263.87,1263.32,1.38180429,1.15,58.14770244
1668430259.2185688,1262.75,1263.81,1.32978418,0.27,59.08458051
1668430319.2312224,1263.49,1263.85,1.29298919,0.19,59.27855202
1668430379.2266414,1264.65,1265.0,1.41044544,1.54,62.566196
1668430439.4486551,1264.95,1263.94,1.34876769,1.22,57.78495746
1668430499.3588552,1265.42,1264.78,1.44698642,3.08,60.57660376
1668430559.299908,1264.34,1262.68,1.21971223,1.83,51.54730313
1668430619.206974,1262.12,1261.84,0.95499006,-0.24,48.53076998
1668430679.271762,1262.45,1262.51,0.86147983,-0.71,50.99185896
1668430739.2694104,1263.25,1262.69,0.80021967,-1.17,51.38665456
1668430799.2371151,1263.31,1264.32,0.86507852,1.58,57.55290324
1668430859.3464684,1264.32,1264.04,0.84557454,0.56,56.22186859
1668430919.7761073,1264.48,1263.64,0.81523251,-1.0,54.05069071
1668430979.3296824,1263.15,1264.11,0.76322456,-0.83,55.6163566
1668431040.070201,1264.3,1263.29,0.69006871,-2.13,51.83596398
1668431100.0500927,1264.19,1264.65,0.77693534,0.32,57.53025742
1668431160.009864,1265.77,1265.38,0.9071046,3.25,59.32521119
1668431221.0418737,1267.45,1268.26,1.285988,5.82,68.22194875
1668431281.1594794,1271.9,1267.66,1.62128976,4.42,58.98964355
1668431341.0959058,1265.0,1263.33,1.12252264,0.03,48.28761473
1668431401.7644942,1261.67,1261.09,0.60735703,-3.23,43.8864827
1668431462.0979145,1260.36,1261.0,0.24591541,-3.47,44.14839129
1668431521.6991153,1262.14,1263.5,0.275191,0.34,49.8399265
1668431582.501987,1264.32,1266.48,0.51072625,2.18,55.71371711
1668431642.6324549,1267.69,1272.96,1.23026505,8.77,65.2907726
1668431702.5411098,1281.65,1281.43,2.91525195,15.66,72.72487365
1668431763.5353808,1279.52,1278.34,3.29492214,10.89,66.78189997
1668431823.524689,1279.06,1277.28,3.63399629,5.28,64.64123244
1668431883.4836116,1277.58,1276.33,3.75654952,11.33,62.74664703
1668431944.4242349,1274.64,1277.11,3.74851692,15.39,62.56146055
1668432004.3829007,1277.3,1277.28,3.83039301,16.91,62.72596339
1668432064.3068311,1277.91,1277.55,3.89997116,15.4,62.70719869
1668432125.1503482,1275.85,1276.89,3.71207099,12.58,60.7930967
1668432185.1702638,1277.95,1279.98,3.94120864,12.29,64.44948502
1668432245.1755984,1279.87,1283.63,4.29334617,1.98,68.31220794
1668432306.15004,1284.94,1285.85,4.78558776,6.33,70.33005543
1668432366.260514,1285.2,1282.95,4.76346339,3.89,64.93562338
1668432426.149164,1283.42,1283.26,4.78553059,5.67,65.53461513
1668432486.999045,1284.25,1285.2,4.93588223,10.56,67.86530281
1668432547.045379,1289.32,1287.63,5.37760164,10.33,68.2100381
1668432606.9284973,1289.77,1287.69,5.54648675,9.77,67.43951156
1668432667.6641524,1288.46,1287.25,5.49417229,11.41,66.31658702
1668432727.7418704,1284.2,1283.99,4.8945412,6.04,59.73372375
1668432787.7200315,1284.34,1281.68,4.3968731,1.82,55.16058593
1668432848.9165976,1283.0,1282.36,4.07052492,-2.58,56.30428113
1668432908.9571357,1283.02,1285.59,3.98364952,0.39,61.49807432
1668432969.0395634,1284.31,1285.58,3.74931302,2.17,61.61836283
1668433029.763329,1284.01,1284.0,3.38026044,-0.26,58.94716827
1668433089.739157,1282.32,1281.3,2.83187199,-7.94,52.71714633
1668433149.8186097,1281.91,1281.88,2.55879707,-7.89,53.99703314
1668433210.471945,1281.93,1281.93,2.0377302,-2.27,54.09223829
1668433270.493247,1281.93,1283.17,2.13664758,-1.03,56.87963797
1668433330.5164948,1282.73,1282.73,1.77121735,-0.27,55.9907597
1668433391.3124545,1280.0,1280.0,1.25205218,-3.01,48.34934272
1668433451.2471936,1279.08,1279.08,0.87035967,-5.22,46.07438441
1668433511.2818286,1279.6,1279.6,0.69302722,-4.4,47.57823782
1668433572.4038806,1279.18,1279.18,0.45432182,-3.13,46.45145467
1668433632.194687,1279.4,1279.4,0.31885809,-2.5,47.15984079
1668433692.2587104,1280.23,1280.23,0.3139137,-1.6,49.84396263
1668433752.9192994,1278.31,1278.31,-0.01806892,-3.63,44.25652123
1668433812.9401958,1264.22,1264.22,-2.14174596,-18.16,23.43706289
1668433872.928802,1257.87,1257.87,-3.80510611,-24.86,19.08316522
1668433933.7613945,1245.93,1245.93,-6.35718272,-34.08,13.8853223
1668433993.8245535,1254.22,1254.22,-6.36484654,-24.85,28.50062759
1668434053.716574,1250.1,1250.1,-7.38531054,-29.5,26.12016039
1668434114.7351809,1250.08,1250.08,-7.86036051,-29.1,26.10880894
1668434174.7011988,1251.64,1251.64,-7.92181433,-27.75,28.71245837
1668434234.7751727,1251.64,1254.91,-7.66095963,-24.48,33.96262831
1668434295.5744672,1258.46,1258.46,-6.15845522,-19.84,41.75030824
1668434355.4161546,1258.54,1258.54,-5.9132259,-5.8,41.82851561
1668434415.4875965,1259.16,1259.16,-5.5704377,1.28,42.46707443
1668434476.752698,1253.94,1253.94,-6.01505256,8.02,38.62293177
1668434536.2232363,1257.12,1257.12,-5.51845395,2.89,42.06580566
1668434596.2224677,1255.33,1255.33,-5.51890484,5.0,40.68380836
1668434657.6646535,1257.24,1257.24,-5.07510405,7.16,42.84250236
1668434717.6213882,1255.61,1255.61,-5.01811493,3.98,41.45244158
1668434777.5457792,1258.94,1258.94,-4.34429258,-9.98,45.34231399
1668434838.4953372,1259.58,1259.58,-3.88451279,1.12,46.08438004
1668434898.5107763,1263.01,1263.01,-3.03514484,4.48,50.00217136
1668434958.4974194,1260.28,1260.28,-2.93538994,1.12,47.07041463
1668435019.878133,1261.08,1261.08,-2.54068494,7.14,48.03290615
1668435079.310218,1261.0,1261.0,-2.26378897,3.87,47.94009376
1668435139.3193796,1258.7,1258.7,-2.34117419,3.37,45.20814908
1668435200.088405,1258.26,1258.26,-2.28617431,1.03,44.6705742
1668435260.0083108,1258.44,1258.44,-2.17157579,2.82,44.92179091
1668435320.0477242,1256.16,1256.16,-2.38997471,-2.78,41.98382709
1668435381.0995195,1257.51,1257.51,-2.20112649,-2.07,44.30550619
1668435441.0592422,1255.48,1255.48,-2.39941551,-7.53,41.61187003
1668435501.5764313,1254.25,1254.25,-2.5781146,-6.03,40.07033795
1668435561.8526096,1255.02,1255.02,-2.49925824,-6.05,41.56979013
1668435621.8234696,1251.98,1251.98,-2.8856203,-9.01,37.56764517
1668435681.7896502,1251.95,1251.95,-2.97030846,-6.74,37.5293072
1668435742.5912578,1253.77,1253.77,-2.7442711,-4.6,41.43562003
1668435802.598141,1252.3,1252.3,-2.8568295,-6.13,39.29152473
1668435862.4937766,1251.79,1251.79,-2.89329634,-4.37,38.55858434
1668435923.4950294,1252.18,1252.18,-2.80126408,-5.32,39.50024276
1668435983.9846857,1250.38,1250.38,-2.97667899,-5.09,36.71658137
1668436043.4989505,1248.46,1248.46,-3.23909785,-5.72,33.9596583
1668436104.3168314,1248.1,1248.1,-3.33866625,-6.91,33.45424145
1668436164.3310604,1249.13,1249.13,-3.20928413,-2.86,36.39410286
1668436224.3007402,1250.43,1250.43,-2.95318747,-1.52,39.97537734
1668436285.056252,1253.41,1253.41,-2.37825151,-0.35,47.31774325
1668436345.0137584,1253.86,1253.86,-2.0239518,1.56,48.34700254
1668436405.055275,1250.87,1250.87,-2.1734752,-0.91,42.41980386
1668436466.405451,1246.04,1246.04,-2.75560251,-6.14,34.95467049
1668436526.4238176,1245.94,1245.94,-2.89941184,-4.43,34.83206199
1668436586.418216,1244.19,1244.19,-3.21955064,-4.26,32.4339581
1668436647.6132498,1243.19,1243.19,-3.46566998,-4.9,31.12192175
1668436707.5493476,1241.97,1241.97,-3.72896646,-7.17,29.55131575
1668436767.644092,1242.77,1242.77,-3.70403406,-7.65,31.97783384
1668436828.4520197,1246.13,1246.13,-3.21606964,-7.28,41.14490518
1668436888.3640835,1245.8,1245.8,-3.05130436,-8.05,40.56086669
1668436948.4403234,1247.39,1247.39,-2.64517584,-3.48,44.57147982
1668437009.492533,1247.19,1247.19,-2.42510213,1.05,44.17103852
1668437069.883556,1246.94,1246.94,-2.24725893,1.01,43.62801728
1668437129.3978157,1245.38,1245.38,-2.28721392,1.19,40.33096213
1668437189.9392624,1245.79,1245.79,-2.13699474,2.6,41.58053688
1668437249.408574,1242.2,1242.2,-2.52806456,0.23,34.7235595
1668437309.4129686,1245.08,1245.08,-2.17784672,2.32,42.87520737
1668437369.4325235,1247.67,1247.67,-1.68814458,1.53,49.02907057
1668437429.3289294,1249.34,1249.34,-1.21166002,3.49,52.5762381
1668437489.5426836,1249.58,1249.58,-0.89436906,2.19,53.07714402
1668437549.464081,1250.21,1250.21,-0.56276945,3.03,54.45410431
1668437609.468342,1249.65,1249.65,-0.41446854,2.71,52.97388091
1668437669.4204247,1249.02,1249.02,-0.34761373,3.64,51.280115
1668437729.3407135,1250.34,1250.34,-0.06530003,4.55,54.55851667
1668437789.4507976,1250.54,1250.54,0.10240325,8.34,55.05203882
1668437849.4241955,1250.89,1250.89,0.26960468,5.87,55.95358394
1668437909.4228225,1252.0,1252.0,0.53318399,4.32,58.76476198
1668437969.4836998,1251.38,1251.38,0.57597165,2.04,56.58516514
1668438029.4258275,1251.81,1251.81,0.70185061,2.22,57.75748632
1668438089.3944137,1254.82,1254.82,1.19234264,4.62,64.87192051
1668438149.4367857,1253.12,1253.12,1.13890585,3.47,58.8156899
1668438209.4239557,1251.75,1251.75,0.9910271,2.73,54.41930027
1668438269.4059408,1251.55,1251.55,0.92185073,1.21,53.79273122
1668438329.3957107,1249.98,1249.98,0.64586038,-0.56,48.99578931
1668438389.5341716,1250.11,1250.11,0.5406447,-0.78,49.39759766
1668438449.657585,1251.76,1251.76,0.67778864,-0.25,54.30926121
1668438509.4578085,1252.48,1252.48,0.77554535,1.1,56.31068916
1668438569.4524872,1253.71,1253.71,0.97155756,1.91,59.56293895
1668438629.4265378,1252.97,1252.97,0.93258297,-1.86,56.82607622
1668438689.3743503,1253.05,1253.05,0.94898732,-0.15,57.05816971
1668438749.4618738,1252.38,1252.38,0.85193722,0.64,54.44967741
1668438809.366896,1251.04,1251.04,0.61925696,-0.51,49.54981065
1668438869.5179677,1251.47,1251.47,0.57319485,1.52,51.0747073
1668438929.464673,1252.72,1252.72,0.68102749,2.61,55.29874082
1668438989.4339733,1252.62,1252.62,0.66549013,0.85,54.89045394
1668439049.4315252,1252.96,1252.96,0.69943035,0.48,56.08047025
1668439109.4711006,1251.79,1251.79,0.53264794,-1.91,51.09507
1668439169.4680967,1249.13,1249.13,0.09238308,-3.83,41.95287861
1668439229.481133,1249.0,1249.0,-0.10635095,-4.04,41.57680411
1668439289.4087014,1246.0,1246.0,-0.67617981,-6.38,33.74055801
1668439349.8633657,1247.16,1247.16,-0.7634422,-3.89,38.55636537
1668439409.4881897,1248.51,1248.51,-0.70415413,-2.95,43.69185084
1668439469.6923144,1246.52,1246.52,-1.01598947,-6.2,38.58466605
1668439529.4743795,1245.82,1245.82,-1.22330643,-6.8,36.94857138
1668439589.5258143,1247.19,1247.19,-1.13437718,-5.76,42.12129963
1668439649.5053267,1243.01,1243.01,-1.72891131,-8.79,33.19739583
1668439709.512535,1242.02,1242.02,-2.0530877,-7.11,31.47439109
1668439769.5367987,1238.97,1238.97,-2.65357203,-10.02,26.91542582
1668439829.9832113,1241.27,1241.27,-2.57679875,-4.73,34.65093911
1668439889.473098,1238.73,1238.73,-2.99010217,-8.43,30.78474869
1668439949.4266057,1236.51,1236.51,-3.43554115,-12.01,27.85979751
1668440009.4344337,1240.2,1240.2,-3.08500389,-6.32,38.34567196
1668440069.4817092,1242.99,1242.99,-2.61081557,-2.83,44.8731446
1668440129.6037898,1240.51,1240.51,-2.73512517,-6.68,40.74828406
1668440189.5456293,1239.72,1239.72,-2.75802684,-3.28,39.50259824
1668440249.5818765,1242.43,1242.43,-2.3120723,0.41,45.64153631
1668440310.140249,1241.96,1241.96,-2.1715274,3.0,44.79123466
1668440369.4530492,1242.84,1242.84,-1.88290246,1.56,46.78543453
1668440429.5659027,1243.43,1243.43,-1.60753492,4.69,48.13734662
1668440489.5114117,1243.66,1243.66,-1.37844886,7.15,48.68757284
1668440549.4956124,1244.23,1244.23,-1.11642993,4.03,50.09590273
1668440609.6913056,1244.28,1244.28,-0.92697819,1.28,50.22495727
1668440669.4978583,1244.54,1244.54,-0.73435421,4.03,50.93550373
1668440729.4567606,1244.5,1244.5,-0.59635773,4.78,50.81301401
1668440789.994845,1245.23,1245.23,-0.37637514,2.8,52.9964602
1668440849.5329623,1245.61,1245.61,-0.19164181,3.64,54.13723856
1668440909.4900167,1244.43,1244.43,-0.23528132,1.58,50.07318848
1668440969.503295,1244.51,1244.51,-0.18234805,1.08,50.3479455
1668441029.5980456,1244.56,1244.56,-0.13610491,0.91,50.52944294
1668441089.479486,1243.53,1243.53,-0.24766772,-0.7,46.74692609
1668441149.4679413,1246.36,1246.36,0.13280326,2.08,56.40765206
1668441209.5163152,1245.3,1245.3,0.10204592,0.76,52.56046667
1668441269.6061163,1245.55,1245.55,0.17961636,1.04,53.35965408
1668441329.5077465,1245.54,1245.54,0.22068052,0.31,53.32065833
1668441389.5951984,1246.17,1246.17,0.34063768,0.56,55.5143333
1668441449.5223105,1245.57,1245.57,0.30592213,1.14,52.95268032
1668441509.5999677,1245.39,1245.39,0.2879074,0.89,52.1715795
1668441569.5176775,1245.84,1245.84,0.34536624,1.28,53.98749559
1668441629.525786,1245.32,1245.32,0.28418978,1.8,51.54742291
1668441690.370119,1243.69,1243.69,0.03448386,-2.67,44.73577279
1668441749.6032815,1241.54,1241.54,-0.36297785,-3.75,37.64704802
1668441809.6682174,1245.54,1245.54,0.0295809,-0.02,52.66016816
1668441869.6054623,1244.46,1244.46,-0.0658654,-1.08,49.21463335
1668441929.598617,1246.64,1246.64,0.23515912,0.46,55.54036715
1668441989.5647533,1247.7,1247.7,0.4819291,2.13,58.26359066
1668442049.580751,1246.27,1246.27,0.4013866,0.87,53.50771397
1668442109.6192648,1246.81,1246.81,0.50004431,0.96,55.00200867
1668442169.560194,1246.34,1246.34,0.47145163,1.02,53.39346721
1668442229.6449082,1245.91,1245.91,0.41226618,2.23,51.89805785
1668442289.586895,1243.1,1243.1,-0.00915619,1.56,43.35302189
1668442349.5433495,1238.65,1238.65,-0.79204966,-6.89,33.84704101
1668442409.6387434,1237.2,1237.2,-1.32449529,-7.26,31.45007117
1668442469.718366,1236.59,1236.59,-1.72092555,-10.04,30.44384089
1668442529.6180797,1237.46,1237.46,-1.8508064,-10.23,33.63773871
1668442589.5852766,1235.49,1235.49,-2.26803627,-10.77,30.36339839
1668442649.7217617,1230.58,1230.58,-3.13692004,-16.23,23.81491526
1668442709.7552452,1229.47,1229.47,-3.63196092,-16.87,22.64153336
1668442769.5960815,1228.68,1228.68,-4.02010961,-17.23,21.81683788
1668442829.745186,1228.78,1228.78,-4.21736336,-14.32,22.18415278
1668442889.6475976,1231.59,1231.59,-3.93037624,-7.07,32.31988857
1668442949.5442183,1231.95,1231.95,-3.78548033,-5.24,33.51053623
1668443009.6496856,1230.44,1230.44,-3.8654007,-6.16,31.04128968
1668443069.61905,1232.65,1232.65,-3.47718088,-4.82,38.21681027
1668443129.7848694,1231.98,1231.98,-3.36253538,-3.46,36.95277274
1668443189.6377065,1233.22,1233.22,-3.01605251,2.64,40.83267051
1668443249.5879457,1233.1,1233.1,-2.81029934,3.63,40.58580701
1668443309.733953,1232.98,1232.98,-2.62652498,4.29,40.31309022
1668443369.5811152,1233.63,1233.63,-2.35198385,4.88,42.5916745
1668443429.6098928,1234.39,1234.39,-2.04328256,2.79,45.21211768
1668443489.669826,1233.09,1233.09,-2.00941724,1.13,41.70101089
1668443550.2291024,1233.99,1233.99,-1.75213466,3.55,44.88373581
1668443609.6382787,1233.71,1233.71,-1.62642368,1.06,44.07500009
1668443669.6460605,1233.97,1233.97,-1.45514332,1.93,45.06484685
1668443729.6674516,1236.67,1236.67,-0.93832173,3.37,54.13443519
1668443789.723463,1238.08,1238.08,-0.49337982,4.99,58.04128896
1668443849.6964085,1237.3,1237.3,-0.33753398,4.33,55.24516608
1668443909.6683304,1235.06,1235.06,-0.47824747,1.42,48.07267785
1668443969.6773248,1236.34,1236.34,-0.26272511,1.94,51.91850621
1668444029.6185856,1235.64,1235.64,-0.26921173,2.54,49.74507579
1668444089.6226375,1235.3,1235.3,-0.2761645,1.31,48.68028271
1668444149.6000786,1236.15,1236.15,-0.13767262,2.44,51.47902057
1668444209.6452725,1236.9,1236.9,0.02653954,2.93,53.85970178
1668444269.570525,1236.42,1236.42,0.04015564,-0.26,52.09192051
1668444329.619181,1232.09,1232.09,-0.53235891,-5.98,39.51306301
1668444389.6728835,1231.65,1231.65,-0.76642012,-5.64,38.49579912
1668444449.8473425,1234.63,1234.63,-0.49230728,-0.44,48.21904485
1668444509.7065806,1234.04,1234.04,-0.54097262,-2.3,46.64471682
1668444569.63421,1233.93,1233.93,-0.55285188,-1.72,46.34808362
1668444629.680137,1237.33,1237.33,-0.06711038,2.03,55.87874033
1668444689.6585774,1236.33,1236.33,-0.04088055,0.19,52.90158181
1668444749.6319945,1234.38,1234.38,-0.2317807,-2.53,47.5810315
1668444809.6975791,1233.65,1233.65,-0.36126648,-2.78,45.7334174
1668444869.6934855,1232.78,1232.78,-0.53533419,0.69,43.55001669
1668444929.6768649,1231.34,1231.34,-0.81541468,-0.31,40.15452094
1668444989.6719666,1230.44,1230.44,-1.06216046,-4.19,38.13392476
1668445049.730516,1230.08,1230.08,-1.23863227,-3.97,37.34680397
1668445109.695925,1231.27,1231.27,-1.17143202,-2.65,41.71988446
1668445169.69021,1230.73,1230.73,-1.25675864,-6.61,40.35835824
1668445229.7221944,1231.31,1231.31,-1.19292299,-5.01,42.54756087
1668445289.7032194,1233.35,1233.35,-0.87780086,-1.04,49.56273544
1668445349.703899,1234.12,1234.12,-0.63893173,0.48,51.94688277
1668445409.6550996,1234.7,1234.7,-0.41063665,1.92,53.7214138
1668445469.6696177,1231.34,1231.34,-0.73893693,0.01,43.67167603
1668445529.6787426,1231.68,1231.68,-0.72904478,1.24,44.79680528
1668445589.694396,1230.1,1230.1,-0.95820478,0.03,40.73902089
1668445649.6929626,1234.41,1234.41,-0.41879577,3.14,53.21627704
1668445709.8099003,1234.42,1234.42,-0.25874346,3.7,53.24087202
1668445769.6987548,1235.89,1235.89,0.07739606,4.58,56.82399367
1668445829.727764,1234.87,1234.87,0.10318224,1.53,53.74190895
1668445889.7128215,1235.43,1235.43,0.2645058,1.31,55.18117786
1668445949.71303,1235.71,1235.71,0.39370726,1.01,55.90921376
1668446009.6443503,1235.66,1235.66,0.46525381,4.33,55.73306213
1668446069.8745086,1235.7,1235.7,0.52417034,4.02,55.8551943
1668446129.7491856,1236.17,1236.17,0.62830603,6.08,57.31952795
1668446189.746822,1236.27,1236.27,0.68812013,1.87,57.64095558
1668446249.725046,1236.96,1236.96,0.81843137,2.54,59.88579828
1668446309.7520895,1236.85,1236.85,0.85190979,0.95,59.33310622
1668446369.7476385,1235.54,1235.54,0.69013012,0.67,53.19536686
1668446429.700926,1234.53,1234.53,0.49523816,-0.89,48.98462197
1668446489.7404995,1233.43,1233.43,0.24514293,-2.29,44.81598085
1668446549.6961834,1233.52,1233.52,0.1272528,-2.14,45.21850606
1668446609.735109,1235.15,1235.15,0.25885037,-0.54,52.16202934
1668446669.6718085,1234.06,1234.06,0.10303564,-2.1,47.79890036
1668446729.809983,1234.64,1234.64,0.12927408,-1.63,50.18526543
1668446789.7851598,1233.89,1233.89,0.00608647,-3.07,47.17751259
1668446849.751583,1233.66,1233.66,-0.07552024,-3.18,46.25883747
1668446909.681076,1233.19,1233.19,-0.19128698,-2.34,44.36404064
1668446969.7635317,1234.3,1234.3,-0.09413629,-0.23,49.61654638
1668447029.845929,1235.23,1235.23,0.04638529,1.79,53.55948626
1668447089.7369864,1234.12,1234.12,-0.05970996,0.6,48.66142186
1668447149.7212026,1235.98,1235.98,0.1895402,0.82,55.93626474
1668447209.7625823,1236.92,1236.92,0.39930244,2.85,59.09242326
1668447269.644064,1239.55,1239.55,0.87337034,4.91,66.32355272
1668447329.893963,1240.36,1240.36,1.18434308,6.47,68.21732873
1668447389.8091652,1239.0,1239.0,1.17222423,5.33,61.98557606
1668447449.781868,1239.12,1239.12,1.25070854,5.93,62.33021071
1668447509.7808845,1239.24,1239.24,1.30740956,4.95,62.67641819
1668447569.7930896,1240.58,1240.58,1.51885999,5.34,66.39097815
1668447629.7496326,1241.06,1241.06,1.6507061,6.94,67.63551928
1668447689.8432858,1241.15,1241.15,1.71792482,5.18,67.87737208
1668447749.8520598,1240.43,1240.43,1.64361472,3.52,63.80671853
1668447809.7765822,1241.26,1241.26,1.7290035,1.7,66.31796678
1668447869.7863853,1240.76,1240.76,1.65426896,0.4,63.48712608
1668447929.7756083,1241.51,1241.51,1.71413581,2.5,65.86431863
1668447989.7760255,1241.17,1241.17,1.64656786,2.05,63.83532016
1668448049.8599873,1242.32,1242.32,1.75868238,3.08,67.48397342
1668448109.7969337,1241.34,1241.34,1.61545388,0.76,61.74740562
1668448169.7253942,1240.21,1240.21,1.38696297,-0.84,55.88780255
1668448229.7327592,1240.37,1240.37,1.28538245,-0.77,56.51910722
1668448289.7884016,1240.0,1240.0,1.12946021,-0.42,54.57014334
1668448349.7866209,1240.01,1240.01,1.0177251,-1.24,54.61909273
1668448409.7936268,1239.2,1239.2,0.80408173,-1.56,50.23530221
1668448469.887993,1240.0,1240.0,0.79063267,-1.51,54.16048743
1668448529.822455,1240.11,1240.11,0.73726088,-1.06,54.68918901
1668448589.9513946,1238.85,1238.85,0.50205186,-3.47,47.87736522
1668448649.8926864,1240.0,1240.0,0.55275021,-1.33,53.56591069
1668448709.7640584,1240.37,1240.37,0.5666108,0.16,55.26013034
1668448770.5773184,1240.78,1240.78,0.60647193,0.41,57.12316263
1668448830.65601,1240.95,1240.95,0.62919763,0.94,57.90586563
1668448890.5968137,1240.58,1240.58,0.57690329,0.58,55.52990799
1668448951.5189471,1240.28,1240.28,0.51068951,1.08,53.60445301
1668449011.636765,1240.7,1240.7,0.53048989,0.71,55.91778427
1668449071.5685987,1240.91,1240.91,0.54400979,0.8,57.04331331
1668449132.5154471,1241.3,1241.3,0.58916833,2.45,59.19278572
1668449192.637814,1240.77,1240.77,0.51977877,0.78,55.20033877
1668449252.611989,1239.66,1239.66,0.33507769,-0.7,47.883739
1668449313.482532,1240.01,1240.01,0.30601753,-0.77,50.12335098
1668449373.5424554,1240.36,1240.36,0.30673928,-0.59,52.33476041
1668449433.3935864,1240.0,1240.0,0.23165973,-0.58,49.88014016
1668449494.3747342,1239.99,1239.99,0.19127383,-0.3,49.8050458
1668449554.421879,1237.95,1237.95,-0.13031088,-2.75,38.09947663
1668449614.4285908,1237.69,1237.69,-0.29065997,-3.23,36.90927952
1668449675.749951,1237.27,1237.27,-0.4554837,-4.02,35.00352493
1668449735.831628,1237.68,1237.68,-0.49522909,-3.1,38.34047125
1668449795.738098,1237.7,1237.7,-0.54476345,-1.96,38.48184844
1668449856.6007674,1238.46,1238.46,-0.46993788,-1.56,44.61141672
1668449916.5662491,1239.27,1239.27,-0.34019535,-1.09,50.27942445
1668449976.615093,1239.45,1239.45,-0.25922269,-0.56,51.46964401
1668450037.3532162,1239.32,1239.32,-0.2224555,-0.68,50.52886842
1668450097.415459,1239.88,1239.88,-0.10382626,1.92,54.39582124
1668450157.4207668,1239.67,1239.67,-0.07438576,1.98,52.73125498
1668450218.208908,1239.47,1239.47,-0.06500384,2.19,51.1206305
1668450278.2014277,1239.72,1239.72,-0.00969702,2.03,53.0535358
1668450338.211985,1239.68,1239.68,0.01246567,1.99,52.69513879
1668450399.3023949,1240.07,1240.07,0.08670298,1.6,55.83407462
1668450459.2187617,1240.54,1240.54,0.18656862,1.28,59.32963579
1668450519.217034,1241.23,1241.23,0.33085014,1.78,63.8527796
1668450579.9565556,1244.09,1244.09,0.80067701,4.77,75.84662742
1668450640.0049615,1243.26,1243.26,0.86358014,3.38,68.7247642
1668450699.961265,1244.39,1244.39,1.11464513,4.72,72.51266623
1668450760.8101876,1243.69,1245.32,1.26033718,5.84,72.36572897
1668450820.966406,1244.37,1244.37,1.26895084,4.65,69.55566642
1668450880.854395,1243.35,1242.85,1.1365372,3.17,58.96301202
1668450941.888792,1243.54,1243.66,1.19070458,3.6,63.53101043
1668451001.7916875,1244.17,1243.67,1.2086583,3.13,61.9224768
1668451061.8204298,1244.11,1245.11,1.31843166,3.88,68.95981099
1668451122.8670428,1245.09,1245.37,1.3814298,1.29,69.90606813
1668451182.594808,1244.98,1244.41,1.31631807,1.16,63.40825803
1668451242.6292312,1245.13,1244.5,1.32620321,0.12,63.24748351
1668451303.4808648,1244.96,1244.46,1.29897562,0.76,62.6347129
1668451363.4542863,1244.18,1244.0,1.17953418,-0.37,58.92762214
1668451423.4903436,1243.95,1243.83,1.0739968,0.48,57.53818228
1668451484.5463445,1243.65,1243.78,0.96712163,0.24,56.9401921
1668451544.4610262,1244.25,1244.17,0.9430588,0.0,59.04058262
1668451604.5002837,1244.12,1243.68,0.84315735,-0.42,54.84575359
1668451665.3302658,1243.37,1243.83,0.75126702,-1.25,55.55622919
1668451725.4638226,1243.83,1244.84,0.77003137,-0.14,61.46383187
1668451785.395156,1244.22,1243.73,0.64922444,-1.4,53.95971851
1668451846.2419517,1243.67,1243.32,0.55014018,-1.64,50.7714117
1668451906.2133932,1243.44,1243.42,0.48411778,-0.75,51.51457226
1668451966.2067122,1243.81,1243.67,0.46334625,-0.28,53.16912022
1668452026.9058514,1243.86,1244.09,0.4626327,0.44,56.4608982
1668452086.9389966,1244.99,1244.14,0.50558745,-0.1,54.84900007
1668452147.2983308,1244.65,1244.78,0.55907048,0.65,59.79810206
1668452207.8979623,1245.47,1244.71,0.59964056,1.33,57.12864706
1668452267.9305103,1244.22,1243.85,0.48206888,0.02,50.99148889
1668452327.9417129,1243.72,1243.41,0.37198803,-0.81,48.08922738
1668452388.583446,1242.55,1242.37,0.15432238,-1.31,42.20235887
1668452448.575386,1243.02,1242.82,0.11232463,-0.61,45.22994747
1668452508.6201208,1242.46,1242.15,-0.03872915,-1.65,41.58304333
1668452569.671671,1242.07,1242.7,-0.09518755,-1.15,45.73285414
1668452629.3462014,1242.56,1243.07,-0.1118277,-1.93,48.33065903
1668452689.8225188,1242.83,1242.92,-0.14221304,-1.73,47.3804486
1668452750.2528117,1243.04,1243.51,-0.0943264,-1.96,51.57262979
1668452810.2833796,1242.71,1242.11,-0.2241957,-2.1,42.21038967
1668452870.2989564,1241.47,1241.88,-0.33178105,-1.83,42.03071866
1668452931.1767898,1241.96,1242.67,-0.30434374,0.12,47.73179074
1668452991.065596,1242.47,1242.3,-0.32559678,-0.73,45.3274022
1668453051.0644374,1242.37,1241.47,-0.38917801,-0.99,40.42499831
1668453111.8055692,1241.72,1240.3,-0.51562708,-1.77,34.67168109
1668453171.884446,1238.29,1238.4,-0.90043432,-4.17,28.76020524
1668453232.2534976,1238.7,1238.81,-1.01423655,-4.02,31.69216482
1668453292.8144543,1237.45,1234.51,-1.53799733,-8.54,20.99374615
1668453352.8379822,1235.67,1234.88,-1.74548024,-7.84,21.5161453
1668453412.7768092,1231.88,1233.13,-2.28500925,-8.34,24.13508003
1668453473.5411353,1231.8,1231.35,-2.71684734,-10.61,16.40075563
1668453533.5733738,1230.82,1232.44,-2.88741282,-10.04,25.33002923
1668453593.5847287,1233.93,1232.51,-2.85766327,-9.85,29.52638052
1668453654.7758155,1232.0,1231.01,-3.04598272,-10.72,26.88577711
1668453715.3406382,1231.02,1230.14,-3.19572547,-8.15,25.42876023
1668453774.6231954,1230.48,1232.92,-3.03516053,-5.79,36.59284983
1668453835.3115785,1233.55,1233.61,-2.80093731,-3.84,39.07049021
1668453895.330843,1234.39,1233.88,-2.55531436,-1.78,40.54230612
1668453955.371849,1234.41,1234.27,-2.31875901,2.4,41.51125958
1668454016.2766843,1233.46,1233.26,-2.27182267,1.45,38.86804134
1668454076.2976744,1232.0,1231.45,-2.37928536,0.63,34.5795573
1668454136.3203423,1231.69,1232.61,-2.25153965,-1.32,39.068742
1668454197.1193612,1233.86,1233.1,-2.02409395,1.1,41.62792557
1668454256.9415326,1233.69,1233.91,-1.7993839,2.89,44.06596816
1668454317.0304494,1232.66,1232.78,-1.80745337,2.31,40.81780092
1668454377.858303,1231.89,1230.97,-1.91425641,-2.59,35.89234468
1668454437.774102,1231.56,1231.94,-1.80739321,-2.46,39.13391095
1668454497.8878374,1231.41,1230.44,-1.89223805,-3.98,34.29177685
1668454564.0933747,1231.1,1230.99,-1.81948983,-2.46,35.73402498
1668454618.931623,1231.29,1232.28,-1.661,0.27,42.19886819
1668454678.9009764,1232.6,1232.2,-1.52332097,0.52,42.22345108
1668454739.8123343,1232.37,1231.73,-1.44449943,-2.13,40.473466
1668454799.855549,1231.59,1232.37,-1.33510158,-1.33,43.98374806
1668454859.665135,1231.77,1232.54,-1.24943514,-0.12,45.06114952
1668454920.415302,1232.84,1232.05,-1.15056548,0.16,43.27776417
1668454980.3658042,1232.42,1232.5,-1.01943971,0.95,45.14881389
1668455040.3764708,1231.61,1229.43,-1.22855384,-1.97,34.17413498
1668455101.2874217,1227.79,1225.78,-1.71494091,-5.31,26.16320179
1668455161.3997724,1221.84,1219.84,-2.69233082,-11.45,18.63222618
1668455221.296075,1218.38,1216.89,-3.50453695,-15.71,16.11849662
1668455282.2866828,1214.45,1217.11,-4.14242453,-15.27,23.73128398
1668455341.3606946,1214.35,1215.63,-4.73054033,-15.96,19.44014375
1668455401.3331072,1215.85,1217.95,-4.76566991,-13.81,27.71730561
1668455461.5362413,1218.62,1221.12,-4.45849936,-11.72,37.1418575
1668455521.2962327,1221.83,1222.97,-4.01822169,-9.46,41.84857521
1668455581.3621097,1222.45,1222.48,-3.74297306,-9.13,40.64390632
1668455641.329762,1222.27,1218.86,-3.75449255,-8.93,34.47912403
1668455701.3262389,1214.7,1217.23,-4.09322625,-4.58,35.62080396
1668455761.5118496,1217.25,1210.7,-4.57103553,-7.68,28.61249573
1668455821.3708982,1213.08,1213.19,-4.54933739,-1.26,31.0820369
1668455881.589439,1213.46,1212.89,-4.63778502,-1.46,31.05399894
1668455941.3717458,1213.45,1214.92,-4.47466717,-0.94,35.52381547
1668456001.3937242,1213.22,1214.67,-4.45489636,-3.96,35.42793457
1668456061.3220851,1216.26,1217.08,-3.99159386,-4.75,41.28740592
1668456121.3728654,1217.86,1219.7,-3.42669104,-2.75,47.06696574
1668456181.3914175,1217.91,1219.48,-3.12035815,-2.78,46.86303963
1668456241.3412976,1218.85,1221.66,-2.59782793,6.96,51.66650015
1668456301.3602026,1222.49,1220.48,-2.16309461,3.22,49.06791791
1668456361.315423,1219.75,1216.61,-2.20401037,3.52,42.28545908
1668456421.3946247,1215.95,1212.07,-2.56751523,-1.38,35.98119993
1668456481.6558511,1213.7,1214.13,-2.51646463,0.69,39.01994854
1668456541.428701,1213.39,1215.46,-2.49038517,2.24,42.39943484
1668456601.394081,1215.22,1212.13,-2.67450429,-4.14,37.25070056
1668456661.4135542,1213.03,1215.65,-2.43829041,-2.2,44.31297123
1668456721.3893917,1214.88,1212.18,-2.60529405,-5.74,38.56278982
1668456781.3783176,1211.39,1211.57,-2.75502428,-7.29,37.90652539
1668456841.36869,1211.61,1212.14,-2.74425469,-10.35,39.29796705
1668456901.3719728,1210.29,1212.99,-2.75256349,-6.75,42.47871773
1668456961.721005,1213.88,1214.72,-2.41988476,-1.23,46.07427559
1668457021.343698,1214.57,1215.49,-2.1357165,1.78,47.72442699
1668457081.3690915,1215.81,1217.75,-1.67936106,4.37,52.2324728
1668457141.7680984,1217.72,1218.67,-1.25051185,3.44,53.99308287
1668457201.408972,1218.12,1218.43,-0.95202897,5.41,53.59357531
1668457261.3717756,1218.91,1218.29,-0.65454642,3.41,53.03908285
1668457321.450246,1218.92,1217.46,-0.47018455,6.06,50.89699908
1668457381.5063202,1216.69,1216.83,-0.45806396,5.22,49.49561719
1668457441.4382389,1217.0,1218.06,-0.28601713,7.76,52.45445602
1668457504.0371146,1217.08,1218.22,-0.20619222,4.34,53.01291448
1668457561.4074547,1217.67,1217.44,-0.17677401,2.88,50.98497495
1668457621.5792637,1217.48,1217.93,-0.07578438,2.13,52.3951678
1668457681.3475072,1218.1,1217.24,-0.04287015,-0.48,50.15881936
1668457741.45691,1217.73,1216.18,-0.08221403,-1.93,46.86889051
1668457801.396,1215.77,1217.17,-0.08899546,-1.73,50.14416649
1668457861.4063177,1216.95,1217.52,-0.05267423,-1.41,51.25440761
1668457921.35444,1216.28,1216.98,-0.12993219,0.29,49.78790404
1668457981.4636078,1216.58,1216.5,-0.17378362,-0.51,48.24011666
1668458041.413679,1216.48,1215.14,-0.29149766,-1.95,43.85462077
1668458101.435478,1215.42,1216.71,-0.23665529,-0.96,49.48405282
1668458161.575834,1216.36,1216.89,-0.21567913,-0.59,50.22322239
1668458221.488756,1216.33,1216.76,-0.21914811,-1.34,49.87802293
1668458281.459852,1217.42,1218.93,0.02938623,1.21,57.37326005
1668458341.3810914,1219.3,1219.72,0.26833072,3.96,59.70724337
1668458401.480847,1220.14,1221.11,0.56610639,4.16,63.53676676
1668458461.3879552,1219.84,1217.83,0.42683303,1.56,51.39028823
1668458522.436814,1216.63,1217.31,0.27683592,0.73,49.82044643
1668458581.4327126,1216.98,1217.04,0.18991398,0.57,48.93919062
1668458641.454755,1217.16,1217.22,0.16139815,1.81,49.60037462
1668458701.5916586,1217.54,1217.67,0.18470792,1.32,51.29550816
1668458776.226271,1216.61,1216.61,0.02207639,-0.81,47.04891076
1668458821.4830194,1216.61,1215.99,-0.0273823,-1.43,44.68861204
1668458881.538591,1215.3,1215.58,-0.19512207,-3.72,43.6409863
1668458941.517692,1213.87,1213.77,-0.52966002,-6.37,37.55888394
1668459001.5640223,1213.51,1214.83,-0.61093236,-5.01,43.05982517
1668459061.828653,1215.59,1215.99,-0.51266679,-0.64,47.73037273
1668459121.458064,1214.65,1213.73,-0.7395264,-3.26,40.18953422
1668459181.5217676,1214.24,1216.4,-0.58006998,-0.76,50.32607576
1668459241.4388866,1215.0,1214.65,-0.70624079,-2.88,43.8135954
1668459301.4386926,1214.47,1213.96,-0.77568305,-3.59,41.41902773
1668459361.535912,1214.36,1215.07,-0.69805751,-1.55,46.23411116
1668459422.1139405,1214.76,1213.82,-0.77185172,-1.47,41.19905024
1668459482.1722052,1214.39,1213.71,-0.77579022,-0.17,40.63524247
1668459542.1576602,1214.85,1215.05,-0.62855209,1.54,46.78739303
1668459603.435412,1215.99,1216.92,-0.37021223,1.34,55.28103413
1668459662.9813788,1215.96,1215.66,-0.38197941,1.01,49.57966324
1668459754.918558,1217.0,1217.0,-0.0539686,1.99,56.03865491
1668459783.8186507,1217.0,1217.84,0.01303995,2.83,59.70805492
1668459843.769286,1219.2,1220.04,0.41629914,5.56,67.0917461
1668459905.9998648,1219.14,1218.84,0.49196663,4.49,62.27423177
1668459964.672221,1218.05,1219.13,0.57637084,4.36,61.83717303
1668460024.6479597,1219.56,1219.01,0.70160108,4.62,60.21686406
1668460084.7116413,1218.13,1217.43,0.58523126,2.58,52.68165176
1668460145.5179484,1217.0,1218.07,0.56757473,2.08,55.01179121
1668460205.693444,1218.13,1218.15,0.58421607,2.19,55.29591859
1668460265.496545,1217.92,1217.76,0.54094454,1.33,53.48969811
1668460326.3286874,1217.12,1216.38,0.3663652,-0.63,47.49103669
1668460386.3087883,1217.48,1218.16,0.47391394,-1.03,55.04910517
1668460446.2125878,1218.17,1218.36,0.50060501,-0.78,55.8852877
1668460507.415315,1219.43,1219.34,0.6605062,1.29,59.37175723
1668460567.272877,1219.35,1220.01,0.76482152,0.46,61.87203054
1668460627.3438432,1220.13,1220.26,0.864543,2.13,62.75673468
1668460688.0693452,1222.16,1223.71,1.31693964,6.7,72.27088398
1668460748.0905266,1223.0,1222.59,1.40517563,4.45,68.21065136
1668460808.2489777,1222.21,1222.15,1.44416356,4.23,65.73393403
1668460868.9774668,1223.18,1222.22,1.55163983,5.09,63.39858542
1668460928.8258803,1222.59,1221.92,1.55201974,4.45,61.64839249
1668460988.8057427,1222.22,1222.44,1.57208025,4.28,64.01490706
1668461050.333721,1222.75,1223.41,1.64759474,3.97,67.09364897
1668461110.405532,1223.21,1223.21,1.60682334,3.08,66.59223903
1668461170.2324638,1223.21,1222.75,1.57012818,2.62,63.48618341
1668461231.0218737,1223.31,1223.31,1.594199,0.31,64.73784487
1668461291.0243793,1223.62,1223.62,1.58907453,1.41,65.83859369
1668461351.0342813,1223.62,1223.34,1.56673835,1.13,63.83715034
1668461411.9331536,1223.12,1223.12,1.40589758,0.53,62.27751772
1668461471.9932108,1224.55,1224.55,1.53317174,2.32,67.9042879
1668461531.9726503,1225.09,1225.09,1.60299329,2.33,69.69247342
1668461592.6854675,1225.26,1225.26,1.62415873,2.49,70.33348545
1668461655.2603722,1224.7,1224.7,1.53744446,1.49,66.18227837
1668461712.7580097,1224.52,1224.52,1.46153966,0.61,64.7404988
1668461773.659303,1225.13,1225.13,1.48227949,1.83,67.34040277
1668461833.7076137,1225.17,1225.17,1.44917546,1.54,67.51260394
1668461893.680154,1225.49,1225.49,1.45008546,2.28,68.89873859
1668461954.3799207,1225.09,1225.09,1.35711249,1.98,65.11898941
1668462013.6654613,1225.44,1225.44,1.34452231,0.89,66.75919432
1668462073.771458,1225.42,1225.42,1.29400896,0.32,66.56086002
1668462133.729036,1225.7,1225.7,1.27990201,0.52,67.99821852
1668462193.7234938,1225.68,1225.68,1.23394576,0.98,67.77880927
1668462253.7686856,1225.99,1225.99,1.22957545,1.47,69.4543549
1668462313.729881,1226.39,1226.39,1.24930932,1.27,71.51283593
1668462373.7170436,1225.91,1225.91,1.15767939,0.75,65.78378898
1668462433.7481024,1224.54,1224.54,0.90902978,-0.95,52.78571986
1668462493.721147,1224.45,1224.45,0.7773771,-0.63,52.05188358
1668462553.6746197,1225.11,1225.11,0.76367062,-0.34,56.77929996
1668462613.7750392,1224.6,1224.6,0.63088459,-0.82,52.47911707
1668462673.7476344,1224.58,1224.58,0.54870787,-1.11,52.31179968
1668462733.9995563,1225.75,1225.75,0.64471543,0.08,60.28831805
1668462793.775036,1226.29,1226.29,0.71579917,0.3,63.33642258
1668462853.694492,1226.4,1226.4,0.74513446,0.01,63.94354767
1668462913.7342272,1227.78,1227.78,0.94721577,1.87,70.53849542
1668462973.6706927,1227.23,1227.23,0.93137343,2.69,65.4474846
1668463033.8083887,1227.76,1227.76,1.01764424,3.3,67.87905469
1668463093.790414,1227.37,1227.37,0.98599804,2.26,64.28687063
1668463153.785315,1228.3,1228.3,1.10518449,3.7,68.60004123
1668463213.843609,1227.5,1227.5,1.01537088,2.92,61.74430019
1668463273.8014145,1225.6,1225.6,0.71421878,-0.15,49.18435104
1668463335.2866824,1226.83,1226.83,0.76275906,0.54,55.49578888
1668463393.746625,1228.39,1228.39,0.93636379,1.99,61.92398996
1668463453.7596662,1226.24,1226.24,0.66027043,-1.53,50.96916532
1668463513.8427842,1227.45,1227.45,0.74123104,0.22,55.72481947
1668463573.8077223,1228.21,1228.21,0.82740985,0.45,58.45251623
1668463633.8007152,1227.57,1227.57,0.74753716,0.19,55.36531986
1668463693.8746834,1227.82,1227.82,0.7524052,-0.48,56.33627185
1668463753.8023794,1228.12,1228.12,0.77442865,0.61,57.53018205
1668463813.8055189,1225.69,1225.69,0.41998149,0.09,46.45971241
1668463873.7020938,1225.23,1225.23,0.22435072,-1.6,44.71085542
1668463933.8016584,1224.39,1224.39,-0.02023178,-4.01,41.6072461
1668463993.786646,1225.08,1225.08,-0.06282689,-1.17,44.96874389
1668464053.730218,1224.86,1224.86,-0.16908255,-2.59,44.08402202
1668464114.0698943,1225.55,1225.55,-0.13973033,-2.65,47.53890511
1668464173.7950668,1225.67,1225.67,-0.14067735,-1.89,48.13838745
1668464233.913318,1224.94,1224.94,-0.25051072,-2.88,44.78561642
1668464293.8664496,1224.98,1224.98,-0.28304446,-3.14,45.01594269
1668464353.800118,1225.9,1225.9,-0.17712977,0.22,50.07690125
1668464413.791198,1226.24,1226.24,-0.10156589,1.02,51.84110322
1668464473.8550577,1225.32,1225.32,-0.19250929,0.92,47.0010724
1668464533.9222684,1225.91,1225.91,-0.12127991,0.84,50.21535481
1668464593.7312343,1226.3,1226.3,-0.04520964,1.44,52.27319087
1668464653.923884,1225.76,1225.76,-0.08642167,0.22,49.24419412
1668464713.8754432,1226.06,1226.06,-0.04094196,0.39,50.94434111
1668464773.865424,1226.13,1226.13,-0.01431352,1.19,51.35826237
1668464833.802786,1223.78,1223.78,-0.32923948,-1.19,39.43262171
1668464893.8308723,1224.06,1224.06,-0.38576902,-1.84,41.18540852
1668464953.9473665,1222.94,1222.94,-0.60148816,-3.3,36.62024591
1668465013.7542512,1223.45,1223.45,-0.62155002,-1.87,39.88772541
1668465073.8529706,1223.38,1223.38,-0.67133902,-2.52,39.58277617
1668465134.379129,1221.92,1221.92,-0.90102485,-4.38,33.81748296
1668465193.8535557,1217.98,1217.98,-1.54018805,-7.77,23.78461114
1668465253.877568,1216.91,1216.91,-1.92842389,-9.15,21.88473681
1668465313.8271394,1219.1,1219.1,-1.83478761,-7.02,33.54952485
1668465374.1163664,1218.33,1218.33,-1.98623961,-5.45,31.74847801
1668465433.8462803,1217.24,1217.24,-2.18760796,-6.82,29.34520751
1668465493.8715594,1218.65,1218.65,-2.05300873,-4.29,36.07901041
1668465553.8843884,1218.81,1218.81,-1.98967275,-4.64,36.81303746
1668465613.8949666,1219.83,1219.83,-1.78319548,-3.56,41.43986975
1668465673.875043,1218.96,1218.96,-1.78784817,-3.03,38.82502185
1668465733.9305785,1217.71,1217.71,-1.89407264,-0.28,35.37431757
1668465793.907073,1218.31,1218.31,-1.79338612,1.39,38.21649338
1668465853.846411,1219.22,1219.22,-1.60229805,0.12,42.35217518
1668465913.8120215,1216.93,1216.93,-1.81492001,-1.4,35.84893753
1668465973.952106,1217.42,1217.42,-1.74781395,0.17,38.05586577
1668466034.0443952,1219.28,1219.28,-1.44301949,0.62,45.6368368
1668466093.9245996,1221.19,1221.19,-1.03464744,2.37,52.12142998
1668466153.8922222,1221.19,1221.96,-0.97322293,3.14,54.48071613
1668466213.880821,1224.2,1224.2,-0.1268051,5.23,60.35676281
1668466273.879254,1223.27,1223.27,0.00307953,5.56,56.93155561
1668466334.4609318,1223.61,1223.61,0.20975278,5.31,57.88425112
1668466394.2144222,1222.92,1222.92,0.25173687,3.7,55.24856311
1668466454.196404,1223.24,1223.24,0.36949724,6.31,56.25512969
1668466513.925125,1223.42,1223.42,0.46299426,5.99,56.83892837
1668466573.9442935,1222.75,1222.75,0.42562375,3.46,53.94952033
1668466633.9570775,1221.94,1221.94,0.3188564,0.75,50.60115935
1668466693.8907576,1221.32,1221.32,0.19331202,-1.89,48.14662774
1668466754.028607,1221.72,1221.72,0.18866773,-2.48,49.8385898
1668466813.9466271,1220.0,1220.0,-0.08464839,-3.28,43.29391857
1668466873.8977032,1221.12,1221.12,-0.03262018,-2.48,48.07060962
1668466934.226429,1228.45,1228.45,0.98825191,5.52,67.0030985
1668466993.9544394,1225.64,1225.64,0.90710267,2.4,58.23199359
1668467053.8445313,1224.92,1224.92,0.90765443,1.5,56.21115116
1668467113.944897,1225.1,1225.1,0.96818796,2.34,56.61807493
1668467173.8957975,1226.04,1226.04,1.12682777,4.09,58.76106651
1668467233.9035726,1234.44,1234.44,2.36573136,13.13,72.1055435
1668467293.9658043,1233.97,1233.97,2.71799541,12.25,70.72821839
1668467353.872244,1235.47,1235.47,3.20690265,15.46,72.47036035
1668467414.0667553,1235.1,1235.1,3.4060913,13.98,71.3033224
1668467473.8468015,1233.14,1233.14,3.26876426,4.47,65.31538669
1668467533.8998473,1233.75,1233.75,3.3326511,8.12,66.26491436
1668467593.874148,1232.88,1232.88,3.18361591,7.96,63.59104118
1668467653.9156048,1232.21,1232.21,2.99084752,7.11,61.52955924
1668467713.9095454,1232.96,1232.96,2.95239005,6.91,62.98928281
1668467774.0098634,1239.32,1239.32,3.74142989,4.89,72.4503695
1668467833.9644952,1237.35,1237.35,3.64100524,3.39,66.75778805
1668467893.979808,1237.61,1237.61,3.68132617,2.11,67.10819704
1668467953.9060884,1242.52,1242.52,4.34756326,7.41,73.1547237
1668468014.0344348,1240.47,1240.47,4.2245743,7.33,67.59252938
1668468073.9946723,1240.47,1239.81,4.17192472,6.67,65.85182086
1668468134.0390074,1239.69,1239.69,3.98799429,6.81,65.27424304
1668468194.0621114,1239.17,1239.17,3.79607319,6.95,63.8071161
1668468253.9770396,1239.1,1239.1,3.62381104,6.15,63.58889333
1668468313.991572,1239.53,1239.53,3.51272074,0.21,64.35426734
1668468373.981796,1239.8,1239.8,3.39757127,2.45,64.8529593
1668468433.9412944,1239.31,1239.31,3.18187729,1.69,63.11419265
1668468493.9513242,1238.83,1238.83,2.94002133,-3.68,61.40536278
1668468553.9702563,1238.48,1238.48,2.69816731,-2.0,60.11329984
1668468613.9543364,1238.73,1238.73,2.53452265,-0.71,60.760926
1668468674.0311654,1239.18,1239.18,2.42479991,-0.51,61.93711158
1668468734.011846,1240.74,1240.74,2.50422746,1.56,65.76201377
1668468793.9924555,1242.4,1242.4,2.67508135,3.31,69.2975829
1668468853.9490364,1242.32,1242.32,2.66339781,2.8,68.92816797
1668468913.980498,1244.72,1244.72,2.96816187,4.92,73.49334133
1668468973.9863222,1246.87,1246.87,3.32704248,7.57,76.78404562
1668469034.0212295,1244.9,1244.9,3.15744373,6.07,68.4043191
1668469094.0150986,1244.65,1244.65,3.07636833,6.16,67.39907563
1668469154.0584536,1245.19,1245.19,3.06975,6.46,68.47667706
1668469214.0554132,1244.69,1244.69,2.92453492,5.52,66.27257931
1668469274.0542324,1245.37,1245.37,2.90481972,4.63,67.77813106
1668469334.1873477,1245.47,1245.47,2.82853157,3.07,68.0040705
1668469394.0733492,1247.41,1247.41,3.00452095,5.09,72.09243564
1668469454.0460434,1247.96,1247.96,3.06466517,3.24,73.14029228
1668469514.0535498,1247.17,1247.17,2.93142656,0.3,69.12176859
1668469574.1493533,1245.4,1245.4,2.59216877,0.5,61.03792683
1668469634.0737402,1244.76,1244.76,2.31759613,0.11,58.37626819
1668469694.0097857,1244.6,1244.6,2.09343636,-0.59,57.69645795
1668469754.086263,1244.2,1244.2,1.8467857,-0.48,55.95064304
1668469814.0655491,1244.58,1244.58,1.71121244,-0.78,57.27332796
1668469874.0766134,1244.99,1244.99,1.61970189,-0.48,58.71380593
1668469934.0837522,1243.39,1243.39,1.27712677,-4.02,51.42794227
1668469994.0745912,1241.96,1241.96,0.89264913,-6.0,45.9422483
1668470054.1733117,1242.61,1242.61,0.76250747,-4.57,48.62578955
1668470114.1202378,1242.46,1242.46,0.59002604,-2.94,48.03319944
1668470174.0062156,1241.98,1241.98,0.389688,-2.79,46.09723545
1668470234.0465682,1241.63,1241.63,0.2094259,-2.98,44.68002578
1668470294.0482018,1242.56,1242.56,0.21914113,-1.64,49.1409646
1668470354.115617,1242.2,1242.2,0.11399953,-2.38,47.54980168
1668470414.0985188,1243.29,1243.29,0.20691851,-1.7,52.57630344
1668470474.132132,1242.72,1242.72,0.12928416,-0.66,49.8856608
1668470534.0594838,1241.57,1241.57,-0.05995595,-0.39,44.88608964
1668470594.1487403,1242.69,1242.69,0.02266268,0.08,50.12831768
1668470654.1128352,1244.91,1244.91,0.33034349,2.45,58.54759007
1668470714.4295268,1246.21,1246.21,0.61390262,4.23,62.51275936
1668470774.207673,1244.4,1244.4,0.49132785,2.76,54.64380579
1668470834.2864993,1241.18,1241.18,0.04763118,-1.39,44.02630047
1668470894.377617,1241.7,1241.7,-0.02578037,-0.49,45.85593587
1668470954.2727425,1242.13,1242.13,-0.05471661,-1.15,47.38744549
1668471014.3599527,1243.95,1243.95,0.15302515,1.23,53.39836806
1668471074.3906436,1243.66,1243.66,0.1605386,2.09,52.37253147
1668471134.2982934,1243.4,1243.4,0.14595723,0.71,51.41438324
1668471194.4095197,1243.09,1243.09,0.10405634,-1.81,50.24019933
1668471254.3743708,1243.98,1243.98,0.21585464,-2.24,53.52374642
1668471314.2048404,1242.65,1242.65,0.05734936,-1.75,48.38537978
1668471374.2445147,1242.06,1242.06,-0.06715289,0.88,46.26094224
1668471434.1620605,1241.06,1241.06,-0.26842899,-0.64,42.83025421
1668471494.1804895,1240.8,1240.8,-0.39794466,-1.33,41.95964621
1668471554.4499943,1240.02,1240.02,-0.58951086,-3.92,39.39433876
1668471614.2410407,1241.63,1241.63,-0.45652795,-2.04,46.68866889
1668471674.243179,1242.45,1242.45,-0.33121842,-0.96,49.9886112
1668471738.4382734,1243.72,1243.72,-0.10098609,0.64,54.66875326
1668471794.713724,1242.66,1242.66,-0.14867239,-1.32,50.42704794
1668471854.77019,1242.59,1242.59,-0.12736918,-0.06,50.14729662
1668471916.1777864,1244.58,1244.58,0.17645009,2.51,57.31459974
1668471976.129686,1243.95,1243.95,0.19903285,2.88,54.63241631
1668472036.202001,1244.92,1244.92,0.39094493,4.12,57.89226361
1668472097.272612,1246.01,1246.01,0.62968378,6.0,61.28033786
1668472157.117567,1246.7,1246.7,0.83896969,5.08,63.28723178
1668472217.1309571,1247.13,1247.13,1.01104043,4.68,64.52136985
1668472277.982639,1251.27,1251.27,1.69208189,7.55,73.69250933
1668472338.1472225,1249.92,1249.92,1.75680022,7.26,67.56224598
1668472397.9917555,1245.47,1245.47,1.24342119,2.87,52.15923936
1668472459.0239096,1246.09,1246.09,1.19341449,1.5,53.73720016
1668472518.8935864,1247.47,1247.47,1.29572494,3.51,57.14506311
1668472578.8386288,1248.07,1248.07,1.35969389,3.14,58.57327995
1668472639.9967003,1246.85,1246.85,1.18497999,0.84,54.59937363
1668472700.09998,1246.09,1246.09,1.00340573,-0.61,52.21699
1668472759.8535817,1244.54,1244.54,0.67871552,-2.59,47.64831901
1668472820.996414,1244.88,1244.88,0.56029052,-6.38,48.70873717
1668472880.842585,1245.52,1245.52,0.53035358,-4.39,50.73482837
1668472941.0283153,1246.31,1246.31,0.57315648,0.84,53.18990604
1668473001.567337,1244.53,1244.53,0.29915999,-1.57,47.4519538
1668473061.6255667,1244.56,1244.56,0.19657112,-2.9,47.55464203
1668473121.800787,1244.66,1244.66,0.12560045,-3.4,47.92277384
1668473182.014685,1243.95,1243.95,-0.0368111,-2.9,45.49050205
1668473241.595492,1243.43,1243.43,-0.19278007,-2.66,43.74093642
1668473301.6064415,1244.11,1244.11,-0.18477983,-0.44,46.62236644
1668473361.5450242,1243.73,1243.73,-0.27323938,-1.14,45.23470398
1668473421.5748096,1243.19,1243.19,-0.3913924,-2.32,43.2414524
1668473481.573272,1242.87,1242.87,-0.49098838,-3.44,42.06318931
1668473541.7825544,1244.24,1244.24,-0.34914177,-0.29,48.52884386
1668473602.0654378,1243.47,1243.47,-0.42666436,-1.09,45.45132751
1668473661.607029,1242.47,1242.47,-0.57889292,-2.18,41.77900876
1668473721.608788,1241.62,1241.62,-0.74921277,-2.34,38.89778788
1668473781.5787797,1241.88,1241.88,-0.7829965,-1.56,40.27070534
1668473841.6256893,1241.68,1241.68,-0.84568956,-2.43,39.5434568
1668473901.536053,1240.89,1240.89,-0.98434703,-2.83,36.72243239
1668473961.6202383,1239.46,1239.46,-1.23392202,-3.73,32.23691204
1668474021.6112874,1241.24,1241.24,-1.07440579,-1.63,41.76424941
1668474081.6242602,1240.48,1240.48,-1.15711023,-3.77,39.2486431
1668474141.5418177,1239.42,1239.42,-1.31044034,-4.09,35.95038072
1668474201.579866,1237.75,1237.75,-1.58484696,-4.71,31.48263854
1668474261.6661491,1240.1,1240.1,-1.34521007,-1.51,42.33509155
1668474321.5747695,1240.37,1240.37,-1.25146126,-1.52,43.43429035
1668474381.6097026,1239.69,1239.69,-1.27613513,-1.99,41.27661158
1668474441.5474603,1239.55,1239.55,-1.25822384,-1.34,40.8249921
1668474501.5967577,1238.59,1238.59,-1.35681919,-0.88,37.78622012
1668474561.6244323,1240.64,1240.64,-1.07005223,-0.61,46.87139554
1668474621.596183,1241.13,1241.13,-0.89079836,0.66,48.79801564
1668474681.619548,1242.55,1242.55,-0.57072077,3.13,54.00455906
1668474741.6301472,1241.91,1241.91,-0.49266505,4.15,51.46368291
1668474801.6590812,1240.98,1240.98,-0.51674741,0.87,47.93166942
1668474861.6926394,1240.43,1240.43,-0.54997633,0.06,45.92588443
1668474921.5708883,1240.43,1240.43,-0.53475223,0.73,45.92965982
1668474981.8242593,1240.47,1240.47,-0.51108505,0.91,46.11640063
1668475041.6284344,1241.82,1241.82,-0.29961959,3.22,52.22122056
1668475101.6769817,1242.73,1242.73,-0.0850206,2.1,55.84047576
1668475161.611135,1243.44,1243.44,0.12694924,2.3,58.50215893
1668475221.7368937,1243.88,1243.88,0.30878472,1.33,60.10387416
1668475281.6481817,1244.85,1244.85,0.55797633,2.94,63.44753076
1668475341.6179595,1244.17,1244.17,0.58948631,3.18,59.65776853
1668475401.6361346,1244.54,1244.54,0.7035005,4.11,60.99045347
1668475462.1414254,1245.15,1245.15,0.84667616,4.71,63.21184259
1668475521.597016,1246.16,1246.16,1.05447851,5.68,66.57091138
1668475581.7057655,1247.25,1247.25,1.2968463,5.44,69.73861737
1668475641.647654,1245.71,1245.71,1.18550905,2.97,60.86944405
1668475701.7072327,1245.26,1245.26,1.11740503,1.82,58.52713835
1668475761.6837234,1245.77,1245.77,1.15153286,1.9,60.3875878
1668475821.694836,1245.39,1245.39,1.07893992,0.54,58.27721112
1668475881.6657054,1244.94,1244.94,0.97053117,0.78,55.81992503
1668475942.1823575,1244.4,1244.4,0.82632439,-0.15,52.9180614
1668476001.7045977,1245.9,1245.9,0.94910263,0.76,59.25736693
1668476061.6719568,1246.41,1246.41,1.01345104,0.25,61.17068855
1668476121.669451,1245.59,1245.59,0.90514108,-1.67,56.56668952
1668476182.7919433,1244.59,1244.59,0.71984586,-1.12,51.47901155
1668476241.6262634,1245.03,1245.03,0.69054217,-0.23,53.46734216
1668476301.7263606,1244.93,1244.93,0.61869388,-0.84,52.93309176
1668476361.709957,1246.77,1246.77,0.82108378,1.39,60.68143732
1668476422.1843276,1248.42,1248.42,1.08915923,3.48,66.04084726
1668476481.6146493,1246.8,1246.8,0.95340549,2.4,57.68304928
1668476541.6607027,1246.83,1246.83,0.94229575,0.94,57.78929176
1668476601.6880732,1247.02,1247.02,0.94783701,0.61,58.49993175
1668476661.6778996,1248.73,1248.73,1.17123184,3.13,64.32173964
1668476721.7085924,1252.67,1252.67,1.78238709,8.07,73.53558524
1668476781.6591878,1250.43,1250.43,1.67800943,5.4,63.4993167
1668476841.679547,1251.8,1251.8,1.91201582,6.86,66.48729331
1668476902.2031014,1255.53,1255.53,2.51459759,8.76,73.03163334
1668476961.8791,1260.93,1260.93,3.48889967,12.5,79.28538472
1668477021.8572142,1259.35,1259.35,3.65162313,12.56,73.86618675
1668477081.6617038,1257.43,1257.43,3.5635914,10.6,67.79003901
1668477141.737054,1257.38,1257.38,3.56756584,10.36,67.65070977
1668477201.6925502,1258.64,1258.64,3.71188132,9.91,69.52776521
1668477261.7517478,1257.35,1257.35,3.52153229,4.69,65.30534731
1668477321.724666,1261.5,1261.5,3.9995366,11.08,71.33094535
1668477382.204192,1260.83,1260.83,3.97375188,9.02,69.23946282
1668477441.7579386,1260.45,1260.45,3.89642217,4.92,68.0212743
1668477501.725459,1259.03,1259.03,3.61506351,-1.91,63.52135044
1668477561.6925054,1258.21,1258.21,3.32501966,-1.15,61.00345946
1668477622.1820598,1258.33,1258.33,3.12810753,0.91,61.24597803
1668477681.9161131,1256.36,1256.36,2.65220875,-1.02,55.21568489
1668477757.5928023,1256.68,1256.68,2.41811397,-1.97,55.97416501
1668477807.9793072,1259.19,1259.19,2.54196954,1.83,61.48432498
1668477865.7427423,1260.39,1260.39,2.62218441,-1.12,63.81739084
1668477926.3215802,1261.83,1261.83,2.78433597,1.0,66.44260843
1668477985.730938,1260.82,1260.82,2.64625618,0.37,62.97861499
1668478045.7062843,1260.67,1260.67,2.55107825,1.63,62.471188
1668478105.7545495,1261.49,1261.49,2.57271961,3.29,64.20497302
1668478165.7988894,1260.59,1260.59,2.38125553,2.27,60.87557619
1668478225.7308955,1263.27,1263.27,2.63921225,6.92,66.45403413
1668478285.781124,1261.7,1261.7,2.42180086,5.02,60.96963162
1668478345.8885565,1261.2,1261.2,2.25130839,2.01,59.29138943
1668478405.9614208,1262.36,1262.36,2.28669006,1.98,61.91249297
1668478465.8176858,1263.81,1263.81,2.42206869,1.98,64.92939447
1668478525.7714777,1265.57,1265.57,2.65808137,4.76,68.25496653
1668478585.7433417,1263.82,1263.82,2.4547007,3.14,61.97975158
1668478645.8526156,1262.92,1262.92,2.24954003,1.42,58.98651432
1668478705.8464663,1261.78,1261.78,1.95950304,1.19,55.34248349
1668478765.8368073,1260.16,1260.16,1.55155275,-3.11,50.55349355
1668478825.8146544,1259.27,1259.27,1.18968863,-2.43,48.09135779
1668478885.7241774,1258.95,1258.95,0.90362361,-2.25,47.19911699
1668478945.8051372,1259.41,1259.41,0.75360248,-2.94,48.66824882
1668479005.7819188,1258.02,1258.02,0.40161696,-5.8,44.62790053
1668479065.8585536,1258.98,1258.98,0.34509118,-6.59,47.85145172
1668479125.86032,1260.37,1260.37,0.43212538,-3.44,52.19069218
1668479185.7304742,1260.04,1260.04,0.36249115,-2.87,51.10485384
1668479245.801438,1260.34,1260.34,0.36683704,-1.45,52.08334482
1668479306.1121335,1260.01,1260.01,0.30004609,-0.15,50.87863961
1668479365.8690012,1260.26,1260.26,0.30150402,0.99,51.78259485
1668479425.8339417,1259.43,1259.43,0.16562959,0.47,48.57193072
1668479485.7458987,1260.3,1260.3,0.2315318,0.89,51.93872094
1668479545.93497,1260.96,1260.96,0.32007572,2.95,54.3766899
1668479605.9040852,1260.95,1260.95,0.34375276,1.96,54.32826329
1668479665.8227198,1263.14,1263.14,0.6685855,2.78,61.77859291
1668479726.399814,1261.58,1261.58,0.5574405,1.54,54.90496185
1668479786.3919222,1261.82,1261.82,0.5954347,1.48,55.72119721
1668479846.3594885,1263.62,1263.62,0.85786926,3.62,61.36887538
1668479907.178306,1264.07,1264.07,1.00420222,3.8,62.65354055
1668479967.1839335,1265.02,1265.02,1.21420123,5.59,65.27447098
1668480027.191048,1264.79,1264.79,1.27238953,4.5,64.08171968
1668480087.9052892,1262.38,1262.38,0.97779477,1.42,53.29780857
1668480147.9257238,1261.98,1261.98,0.82930683,1.02,51.7388659
1668480208.037804,1261.94,1261.94,0.72348962,-1.21,51.57910573
1668480268.9588015,1261.98,1261.98,0.63987808,0.4,51.74544971
1668480328.9976802,1261.0,1261.0,0.42666818,-0.82,47.51535815
1668480388.9378228,1261.05,1261.05,0.3230787,-2.57,47.75020776
1668480449.6309755,1259.25,1259.25,-0.01872451,-4.81,40.68860678
1668480509.737062,1260.03,1260.03,-0.06355292,-4.99,44.51328099
1668480569.6776457,1259.97,1259.97,-0.1564229,-4.81,44.29051561
1668480630.4798453,1260.0,1260.0,-0.21816994,-2.38,44.4565516
1668480690.3632438,1259.63,1259.63,-0.31948099,-2.34,42.85672104
1668480750.4111545,1259.66,1259.66,-0.36722425,-2.28,43.03739959
1668480811.2712674,1260.14,1260.14,-0.33385013,-1.83,45.9852811
1668480871.6932342,1260.0,1260.0,-0.35369736,-1.0,45.24857617
1668480932.6542473,1259.17,1259.17,-0.47503827,-1.88,41.09549701
1668480992.257402,1259.42,1259.42,-0.47746811,0.16,42.80968114
1668481052.2169745,1259.07,1259.07,-0.53902325,-0.97,41.02105425
1668481112.4413736,1258.92,1258.92,-0.58042795,-1.04,40.24856216
1668481172.992016,1258.1,1258.1,-0.71155439,-1.91,36.16758774
1668481232.9747002,1259.35,1259.35,-0.5794681,-0.27,45.21729736
1668481293.010048,1260.02,1260.02,-0.45154867,0.36,49.36942902
1668481353.751515,1261.29,1261.29,-0.20915033,1.14,56.15655089
1668481413.809661,1263.0,1263.0,0.14611778,2.99,63.26314267
1668481473.7317595,1262.51,1262.51,0.24602984,3.35,60.24309928
1668481534.6720862,1263.24,1263.24,0.45532412,3.83,63.07146741
1668481594.7345428,1262.74,1262.74,0.49719047,3.68,59.91009977
1668481654.7463114,1263.37,1263.37,0.64525886,4.46,62.44558465
1668481715.519015,1263.73,1263.73,0.7660452,5.62,63.81857895
1668481775.5302508,1264.78,1264.78,0.97787022,5.44,67.61522836
1668481835.4459229,1264.23,1264.23,0.98868734,4.2,63.83191446
1668481896.1782615,1262.18,1262.18,0.72986091,0.89,52.12433224
1668481956.1945136,1261.56,1261.56,0.55924748,-1.45,49.19485766
1668482016.275047,1261.54,1261.54,0.45513433,-0.97,49.10270579
1668482077.1697447,1262.09,1262.09,0.44800183,-1.15,51.88246701
1668482137.1545582,1261.55,1261.55,0.32659779,-1.18,49.04998334
1668482197.1435254,1261.47,1261.47,0.25019948,-1.9,48.62643775
1668482257.9613569,1261.85,1261.85,0.24559378,-1.89,50.80388984
1668482317.9246016,1261.17,1261.17,0.11931932,-3.62,46.97923865
1668482378.337889,1261.66,1261.66,0.13141885,-2.57,49.9088099
1668482438.7592328,1261.85,1261.85,0.13563501,-0.32,51.03848907
1668482498.9357293,1260.97,1260.97,0.00173458,-0.58,45.87371958
1668482558.77081,1259.58,1259.58,-0.24531223,-1.95,39.14190108
1668482619.7469904,1258.86,1258.86,-0.44851493,-3.23,36.16850107
1668482679.4817903,1258.4,1258.4,-0.62451922,-3.15,34.37642758
1668482739.499197,1259.67,1259.67,-0.54702626,-1.8,42.78704456
1668482800.5010374,1259.13,1259.13,-0.63579767,-2.71,40.41129061
1668482860.7013922,1259.04,1259.04,-0.67831617,-2.12,40.03994558
1668482920.7032368,1259.35,1258.96,-0.68555297,-2.7,40.21394111
1668482981.2923565,1258.38,1258.76,-0.75322106,-3.09,40.30852848
1668483041.2937565,1259.27,1259.17,-0.69791128,-1.81,43.06829328
1668483101.245505,1258.84,1259.64,-0.66194661,0.06,46.57202671
1668483161.9868178,1259.4,1259.63,-0.62055519,0.73,46.61627339
1668483221.9764144,1260.22,1259.96,-0.50277526,1.55,48.55785308
1668483282.0783722,1260.26,1260.39,-0.38948848,0.71,51.05963493
1668483342.5742822,1260.27,1260.39,-0.32181721,1.25,51.11063038
1668483402.0206134,1261.04,1259.25,-0.30977834,0.22,44.5063787
1668483461.8984678,1259.26,1259.02,-0.35393139,-0.32,43.35397528
1668483522.1353824,1258.73,1258.6,-0.4364904,0.21,41.3605661
1668483581.8801231,1258.53,1258.69,-0.47583113,-0.58,42.16675828
1668483641.8854125,1258.69,1258.36,-0.52318087,-0.47,40.43603237
1668483701.9542046,1258.66,1258.02,-0.56296146,-1.38,38.56884484
1668483762.023698,1258.03,1258.26,-0.58670172,-1.97,40.50338151
1668483822.0684085,1258.41,1257.92,-0.61712452,-2.34,38.97899728
1668483881.9513135,1258.06,1258.01,-0.62750007,-2.27,39.42693567
1668483942.011793,1257.34,1258.19,-0.66475049,-2.84,42.84557117
1668484001.9743426,1259.5,1258.83,-0.51212257,-0.44,47.24695791
1668484062.7062066,1257.95,1257.97,-0.59076812,-0.77,43.25500206
1668484121.9799795,1257.32,1257.07,-0.70249077,-1.46,39.38933969
1668484181.9742105,1257.0,1257.0,-0.75191287,-1.69,39.10395319
1668484242.0580478,1255.54,1255.87,-0.95775457,-2.79,35.81749092
1668484302.0266724,1256.33,1255.84,-0.99092428,-2.19,36.78290135
1668484361.9788957,1255.87,1255.87,-1.03012826,-2.54,36.89121416
1668484421.9282343,1254.44,1254.88,-1.21864381,-3.18,34.91140559
1668484482.1658258,1254.67,1255.07,-1.26084742,-2.26,36.24739719
1668484542.2822142,1254.96,1255.8,-1.21495164,-3.7,40.9349097
1668484601.9972842,1256.17,1256.9,-1.04711012,-1.06,47.03147871
1668484661.9303184,1256.62,1256.62,-0.96638379,-0.71,45.56609555
1668484722.081987,1257.06,1257.29,-0.79407681,0.29,49.27763164
1668484782.070883,1257.31,1257.04,-0.69685605,1.5,47.90114343
1668484841.943442,1256.53,1256.75,-0.66729867,0.42,46.64563487
1668484901.9963608,1256.53,1256.49,-0.6389616,0.62,45.09464142
1668484961.9763737,1256.35,1256.04,-0.64025789,1.61,42.63071206
1668485021.9773576,1255.69,1256.04,-0.64740881,1.38,43.39304349
1668485082.0590904,1255.67,1255.72,-0.67269011,0.77,41.18597932
1668485141.9892745,1255.3,1255.44,-0.70928576,-0.73,39.96876381
1668485202.0209222,1256.11,1256.75,-0.55785775,0.13,49.45931151
1668485262.1534925,1257.03,1256.26,-0.49596198,-0.8,46.50885809
1668485322.0729787,1256.85,1257.49,-0.32548301,0.19,54.01990318
1668485382.0107396,1258.41,1258.46,-0.09042435,1.92,59.03398239
1668485442.0325122,1257.76,1259.74,0.09563933,3.2,63.26935883
1668485502.075657,1259.26,1258.67,0.16977184,2.31,57.69239259
1668485562.045258,1258.2,1257.44,0.12822576,1.75,50.91604889
1668485621.9842937,1257.48,1258.13,0.18171117,2.47,54.27629882
1668485682.0369446,1258.21,1258.21,0.22972893,2.91,54.63731808
1668485742.0506456,1259.0,1258.83,0.35723094,2.72,57.14375231
1668485802.1354337,1258.86,1257.9,0.33196474,0.86,51.74458439
1668485862.0169544,1258.07,1257.58,0.29145453,0.73,49.93414969
1668485922.6323297,1257.01,1257.34,0.1915176,-1.08,48.91002216
1668485982.0203574,1257.47,1256.42,0.08127805,-1.34,44.45972399
1668486042.0490644,1257.19,1256.66,0.05242676,-2.61,45.34952502
1668486102.0718005,1256.38,1255.23,-0.15021898,-2.97,38.95103862
1668486162.064551,1256.09,1255.18,-0.2407961,-2.31,38.48886858
1668486222.0809855,1255.34,1255.03,-0.36549378,-3.18,37.79235545
1668486282.0490432,1254.68,1253.73,-0.5936615,-5.26,32.73173692
1668486342.1446347,1253.42,1253.27,-0.79957336,-5.59,31.18725195
1668486402.1249006,1254.64,1254.66,-0.73653558,-3.41,39.87170197
1668486462.233322,1255.15,1255.53,-0.66603763,-1.48,45.01116493
1668486522.082678,1255.45,1254.81,-0.69557691,-2.66,41.60076899
1668486582.00091,1255.16,1252.84,-0.84138781,-4.35,34.021959
1668486642.0985372,1254.2,1255.01,-0.7104292,-1.37,43.92906511
1668486702.102403,1254.59,1254.3,-0.76724479,-1.79,40.05980501
1668486762.20339,1254.97,1255.38,-0.65058659,0.05,46.49386067
1668486822.1533303,1255.36,1255.16,-0.61118906,0.48,45.263037
1668486882.064978,1255.12,1255.13,-0.57758871,1.71,45.11745075
1668486942.1483269,1255.24,1255.09,-0.5385974,0.44,44.96221608
1668487002.0876184,1254.7,1254.74,-0.56072622,-0.4,43.04678173
1668487062.177799,1254.52,1255.1,-0.53213071,-0.35,46.19452418
1668487122.1329024,1254.48,1254.34,-0.5881097,-0.82,40.59074543
1668487182.348858,1254.07,1252.98,-0.71534004,-1.23,33.35435825
1668487242.3981557,1253.31,1253.31,-0.73960455,-1.29,34.88567306
1668487302.1046357,1254.59,1254.94,-0.56257228,-0.02,47.85447383
1668487362.1032794,1254.54,1254.83,-0.53148704,-0.54,47.3018643
1668487422.1936789,1254.62,1255.23,-0.45709195,0.11,50.39335189
1668487482.233032,1254.44,1254.56,-0.4813341,-0.68,45.5092168
1668487542.2862394,1254.57,1254.39,-0.45842178,-0.31,44.24187616
1668487602.1810725,1254.62,1255.24,-0.35390838,0.72,51.55289591
1668487663.1897712,1255.26,1255.99,-0.22131463,1.5,57.224747
1668487722.079805,1256.03,1256.09,-0.10634269,2.07,57.9139889
1668487782.2259154,1256.35,1255.88,-0.01890759,2.56,55.23201852
1668487842.185741,1255.45,1255.85,0.00469335,1.26,54.59964426
1668487902.158255,1255.66,1256.38,0.08182333,1.85,58.26350396
1668487962.2059264,1256.31,1257.34,0.22484012,2.73,63.8486055
1668488022.1849475,1257.54,1257.54,0.3669755,3.09,64.82418341
1668488082.1456175,1256.8,1256.8,0.35704492,2.22,58.53049146
1668488142.1871696,1256.49,1256.9,0.38032948,2.27,58.55168577
1668488202.1259756,1256.72,1257.0,0.409888,1.73,59.23747748
1668488262.1969116,1257.04,1257.43,0.4770158,1.4,61.79762208
1668488322.1888738,1257.62,1257.5,0.53895898,1.16,61.6954193
1668488382.131893,1257.78,1258.47,0.66348141,3.03,67.37795793
1668488442.1744328,1258.13,1257.93,0.67320404,2.26,63.53325821
1668488502.125529,1258.74,1258.82,0.81527578,2.51,69.20788368
1668488562.1308644,1258.74,1258.97,0.87308364,1.43,69.9476455
1668488622.1805449,1259.32,1260.0,1.01714687,3.2,74.54065412
1668488682.15485,1259.69,1260.0,1.07745766,3.51,74.6326453
1668488742.242232,1260.87,1262.47,1.38242652,5.76,82.17504034
1668488802.393407,1261.71,1259.5,1.26811765,2.46,60.62994573
1668488862.1691418,1259.25,1258.27,1.09746529,0.65,52.98220045
1668488922.231536,1259.0,1261.3,1.25416775,3.53,66.66980102
1668488982.255378,1261.35,1261.78,1.35715241,3.64,68.22113005
1668489042.2532165,1261.7,1260.09,1.28074615,1.34,58.05475562
1668489102.1302905,1259.32,1259.82,1.14231609,1.08,56.27610094
1668489162.1833022,1260.01,1260.05,1.09839102,0.73,57.14624269
1668489222.2165668,1260.01,1260.26,1.05387312,0.57,58.03086814
1668489282.2729094,1259.98,1260.05,0.97548701,-0.82,57.13880826
1668489342.179676,1259.71,1259.19,0.83029596,-2.53,52.19935337
1668489402.1911402,1258.56,1259.5,0.71488243,0.25,53.59434826
1668489462.1393232,1259.87,1260.71,0.77438336,1.7,58.69865292
1668489522.2654116,1261.49,1261.38,0.89116401,0.04,60.86416769
1668489582.2416303,1261.54,1261.78,0.9655168,0.07,62.56552415
1668489642.182004,1261.78,1260.92,0.93416346,1.59,57.37740255
1668489702.3150065,1261.19,1261.44,0.95644813,1.43,59.96158904
1668489762.2557614,1261.59,1261.38,0.9505944,1.37,59.23095558
1668489822.424574,1260.76,1261.23,0.87565746,1.25,57.67478842
1668489882.4106789,1260.87,1260.72,0.78348556,1.02,55.08817573
1668489942.2419586,1260.7,1259.85,0.65482469,1.29,49.79924544
1668490002.2831683,1259.87,1259.87,0.54939597,0.01,49.91394586
1668490062.3444889,1260.16,1259.92,0.48237493,-1.57,50.09077133
1668490122.2601311,1259.35,1258.23,0.23569723,-3.31,41.29275216
1668490182.4166102,1257.99,1256.82,-0.05127451,-4.96,35.60256566
1668490242.288818,1256.64,1257.49,-0.21878969,-3.69,40.29015773
1668490302.3090622,1256.81,1256.05,-0.4930438,-5.53,33.31334834
1668490362.447817,1254.52,1255.97,-0.75979607,-4.78,37.41633177
1668490422.676999,1256.5,1254.83,-0.92342938,-6.04,35.02567564
1668490482.3350475,1253.32,1253.12,-1.30426112,-7.59,30.99280553
1668490542.9293487,1253.05,1253.61,-1.45737807,-6.25,33.6721872
1668490602.6357772,1254.75,1254.41,-1.42233659,-5.76,37.89777176
1668490662.291676,1254.6,1255.0,-1.39178018,-4.35,40.286492
1668490722.2595196,1255.99,1255.66,-1.25084597,-2.34,43.35996382
1668490782.264314,1256.42,1256.22,-1.0959412,-0.42,45.49134113
1668490842.2186515,1254.92,1255.78,-1.12413866,-1.03,44.90703695
1668490902.269863,1253.86,1252.3,-1.44804016,-2.23,34.16953996
1668490962.326169,1249.79,1249.15,-1.97180721,-7.35,28.07327225
1668491022.30298,1250.02,1250.11,-2.0726567,-3.2,30.61226225
1668491082.311899,1249.48,1249.07,-2.30418928,-3.99,28.35281121
1668491142.3964071,1249.26,1249.2,-2.39788366,-5.56,28.59318293
1668491202.2709503,1250.26,1250.75,-2.26690698,-3.85,35.88243267
1668491262.2022405,1250.57,1250.38,-2.24592353,-5.6,34.52695144
1668491322.3274164,1250.52,1251.54,-2.09085576,-4.88,39.9824722
1668491382.2977731,1252.86,1253.3,-1.73197233,-1.63,47.22588387
1668491442.2080348,1253.02,1252.89,-1.56475037,-0.98,45.65585315
1668491502.3647673,1253.16,1250.99,-1.53271679,1.2,39.46319061
1668491562.3013835,1251.15,1251.14,-1.48582289,1.12,39.89199368
1668491622.2788055,1250.84,1251.14,-1.46061815,1.66,40.46397768
1668491682.2960708,1251.03,1251.95,-1.34701034,2.69,44.38259863
1668491742.36016,1251.82,1252.0,-1.24040994,1.74,44.67031866
1668491802.3316426,1252.01,1252.11,-1.12461462,1.55,45.22613285
1668491862.287984,1251.94,1251.76,-1.06009126,1.24,43.64954553
1668491922.348734,1251.01,1250.01,-1.17262699,-2.86,37.04877205
1668491982.349708,1249.67,1248.06,-1.37705441,-4.95,31.26833342
1668492042.3684375,1248.39,1249.5,-1.36507897,-3.66,38.27013449
1668492102.85011,1250.84,1250.03,-1.23595452,-1.11,41.67797504
1668492162.3160565,1250.44,1249.33,-1.23442549,-1.5,39.37524822
1668492222.3468657,1250.67,1250.7,-1.05420681,-0.33,44.19014701
1668492282.3185654,1249.89,1249.88,-1.09880584,-1.93,41.17763982
1668492342.2936196,1250.53,1251.58,-0.8961961,-0.43,49.16546457
1668492402.3584666,1252.19,1252.57,-0.65008248,0.63,53.09970354
1668492462.3790112,1251.66,1252.03,-0.58833985,1.02,50.96329955
1668492522.331726,1252.25,1252.07,-0.45902097,2.4,51.03715802
1668492582.327175,1252.24,1252.25,-0.34077639,3.86,51.85384976
1668492642.3449063,1252.45,1252.19,-0.24796928,1.35,51.40627401
1668492702.3462849,1251.77,1251.92,-0.23233763,1.47,50.12523478
1668492762.399883,1252.38,1252.35,-0.12855952,1.69,52.16522291
1668492822.3542018,1250.59,1250.98,-0.29283936,1.08,46.14113876
1668492882.4342058,1250.58,1250.98,-0.3328394,0.46,46.30100983
1668492942.4216638,1250.65,1251.21,-0.33673788,-0.99,47.68604988
1668493002.3943665,1251.28,1250.77,-0.34673424,-0.88,45.52506073
1668493062.4173906,1250.73,1251.34,-0.31074235,-0.91,48.7905882
1668493122.352708,1251.5,1252.15,-0.20327343,-0.1,52.99604352
1668493182.285159,1252.26,1252.14,-0.12077122,-0.31,52.8375115
1668493242.3447316,1252.3,1252.01,-0.06090639,0.24,51.95154354
1668493302.3825097,1252.0,1251.6,-0.05787292,-0.78,49.48673431
1668493362.3794923,1251.04,1251.1,-0.12857934,0.52,46.85093511
1668493422.366081,1250.81,1252.23,-0.07460487,1.66,53.39590996
1668493482.396103,1252.28,1252.52,0.01225539,1.87,54.85895476
1668493542.4298472,1252.41,1252.41,0.06211879,1.14,54.30947153
1668493602.4426749,1252.43,1252.5,0.11576388,1.76,54.82300705
1668493662.5242324,1252.47,1252.51,0.15417429,1.02,54.89785044
1668493722.4072945,1253.06,1253.99,0.33570742,1.74,62.78037089
1668493782.3198156,1254.12,1254.33,0.47610395,2.02,64.31790144
1668493843.1415431,1254.67,1254.13,0.57629603,2.14,61.5127505
1668493903.1582878,1254.15,1254.58,0.66411514,3.55,63.67516291
1668493963.1807644,1254.99,1255.27,0.80502082,4.46,66.60995548
1668494023.971516,1255.06,1255.41,0.87823639,3.14,67.28088171
1668494083.9470563,1254.57,1253.72,0.75340566,1.31,55.2483125
1668494143.9858572,1253.81,1253.03,0.64939297,0.6,50.59676703
1668494205.040946,1253.1,1252.94,0.55200794,0.47,49.97861658
1668494265.0462818,1253.63,1253.95,0.58872657,0.9,56.06918821
1668494324.975448,1253.68,1253.39,0.50511826,-0.74,52.37430953
1668494385.8780868,1253.61,1253.3,0.45834301,-1.36,51.56907828
1668494445.9103863,1252.47,1252.49,0.28574624,-1.65,46.21244376
1668494506.012596,1252.16,1252.59,0.18741643,-2.4,47.39553325
1668494566.6599717,1253.07,1252.83,0.17757513,-2.22,48.99259006
1668494626.6524956,1253.08,1253.52,0.20828164,-1.06,53.66261368
1668494686.599772,1253.88,1254.5,0.31469018,0.69,59.41883301
1668494747.6268337,1254.69,1254.76,0.40503149,1.66,60.77015565
1668494807.5672617,1255.35,1255.35,0.54271585,1.71,63.63426063
1668494867.8013463,1254.61,1254.96,0.53083161,1.29,59.74268365
1668494928.3460083,1254.69,1254.72,0.52593706,1.1,58.49083392
1668494988.387931,1254.73,1254.37,0.50505425,1.91,55.52993756
1668495048.408666,1254.55,1254.51,0.50456685,2.35,56.64080534
1668495109.198064,1254.32,1254.66,0.48806455,1.59,57.39742338
1668495169.1568017,1254.6,1255.34,0.53137292,2.26,61.79710841
1668495229.1762462,1255.57,1255.78,0.61226392,1.9,64.25771351
1668495290.652859,1255.71,1256.05,0.67089904,1.35,65.80178164
1668495350.4063747,1256.05,1255.99,0.7100222,0.63,65.08769587
1668495410.3305888,1256.0,1256.02,0.7349669,1.4,65.32083258
1668495471.103371,1255.53,1255.25,0.65452189,0.55,57.25401978
1668495531.1125803,1255.64,1256.05,0.70248981,1.32,63.72544459
1668495591.5158477,1256.32,1257.04,0.80266991,2.49,69.34781781
1668495651.8917277,1257.0,1257.48,0.88838849,3.15,71.51358257
1668495711.8201032,1257.86,1257.72,0.99046338,3.12,71.44859833
1668495772.200765,1257.09,1257.06,0.94332293,1.49,64.67408532
1668495832.709346,1256.43,1255.87,0.80128335,0.17,54.34305828
1668495892.6927807,1255.83,1256.49,0.767853,0.43,58.18326207
1668495952.6556711,1256.03,1255.92,0.66098399,-0.08,54.446518
1668496013.6420934,1255.72,1255.68,0.56762441,0.14,52.47571514
1668496073.635818,1255.83,1256.6,0.58313047,0.95,59.02868321
1668496133.5966818,1257.64,1258.8,0.81880231,2.48,69.54852609
1668496194.4771194,1257.2,1257.1,0.69371686,0.09,59.9492232
1668496254.4691052,1257.44,1258.0,0.78055371,0.13,64.9621224
1668496314.395978,1257.57,1257.51,0.75411197,0.42,62.15600094
1668496375.413939,1258.57,1261.35,1.12327794,4.92,77.06355138
1668496435.2919197,1261.59,1261.76,1.38032345,5.92,78.02593193
1668496495.2036724,1261.47,1262.36,1.58160025,6.33,78.85575194
1668496556.1366343,1263.69,1263.45,1.90702258,7.72,79.61150826
1668496616.2260375,1264.38,1265.81,2.3026766,9.97,84.81233557
1668496676.1244686,1265.33,1265.53,2.4770215,7.88,84.45226913
1668496736.9953418,1267.65,1270.59,3.14960649,13.4,89.70373668
1668496796.9832728,1269.36,1271.42,3.49800739,13.99,90.35993645
1668496856.9734378,1271.82,1270.09,3.72776229,12.51,80.45582066
1668496917.74007,1270.51,1269.8,3.84178145,11.22,78.71022468
1668496977.725608,1271.79,1270.67,4.05367354,9.08,77.96074127
1668497037.793636,1270.34,1270.01,3.97675766,8.53,74.62138545
1668497098.8106248,1270.07,1270.12,3.90364695,6.44,75.0144164
1668497158.7043557,1271.09,1269.81,3.83252795,5.44,70.14214546
1668497218.748093,1269.57,1269.56,3.63163323,4.23,68.76034657
1668497279.518076,1269.69,1268.96,3.41486927,1.31,65.48259183
1668497339.5427897,1267.64,1267.21,2.97771456,-2.14,58.15773772
1668497399.539755,1266.27,1265.53,2.49062672,-6.3,52.05466848
1668497460.424661,1267.02,1267.52,2.39112854,-2.98,58.34574194
1668497520.4505975,1263.92,1263.94,1.691641,-7.85,46.78762262
1668497580.4678705,1264.6,1265.63,1.5179192,-4.72,52.06026671
1668497641.1977303,1265.21,1266.71,1.38355036,-3.36,55.3027662
1668497701.1875892,1266.44,1266.77,1.27629947,-4.31,55.53618868
1668497761.1651666,1267.54,1269.0,1.42054248,-0.46,61.43317217
1668497822.1585753,1268.78,1268.05,1.37929099,-1.64,58.09859512
1668497882.3046858,1268.2,1267.45,1.30638732,-0.2,55.77019561
1668497942.1656992,1267.12,1266.75,1.14946624,0.49,53.22296802
1668498002.945528,1266.57,1266.54,1.00620947,-0.49,52.47077919
1668498062.981223,1266.05,1266.94,0.89486801,2.91,53.75698209
1668498122.9683156,1267.18,1269.02,1.01001003,4.42,59.96662427
1668498183.7699933,1268.96,1268.62,1.03686589,3.41,58.42504407
1668498243.742339,1268.19,1268.0,0.97452307,1.57,55.97921006
1668498303.7182026,1268.29,1269.23,1.05681306,1.69,59.95493223
1668498364.7536466,1268.86,1270.08,1.13675978,1.31,62.49635694
1668498424.7314136,1269.94,1268.85,1.10343997,0.66,57.18774159
1668498484.716994,1268.13,1269.36,1.06922349,2.24,58.16800879
1668498545.568224,1269.89,1270.65,1.21077936,4.08,61.67955306
1668498605.5785732,1270.68,1270.66,1.2767917,4.62,61.6863883
1668498665.6588,1271.42,1270.63,1.3577419,3.44,60.17519499
1668498726.4639685,1270.0,1269.0,1.18935243,0.05,53.78946732
1668498786.3920422,1268.0,1266.62,0.83178711,-1.57,46.11463227
1668498846.4300404,1266.42,1266.52,0.58312759,-1.76,45.91474806
1668498908.4545274,1266.55,1266.71,0.41179285,-2.15,46.61903892
1668498967.4337597,1267.16,1267.6,0.36908538,-2.35,49.83428075
1668499027.411917,1267.61,1267.57,0.30214197,-0.56,49.71930245
1668499088.232933,1267.74,1267.44,0.24572523,-2.45,49.16903473
1668499148.183223,1267.53,1266.8,0.14320378,-3.87,46.61504302
1668499208.342123,1266.48,1267.45,0.08775764,-3.98,49.56675931
1668499269.1267917,1266.33,1267.53,9.219e-05,-2.48,50.23012296
1668499328.9926283,1266.78,1267.18,-0.07332212,-0.83,48.91367838
1668499389.018695,1267.64,1267.22,-0.05036689,0.81,49.02593651
1668499450.1174474,1266.42,1265.66,-0.23489957,-0.89,42.85887295
1668499510.1189952,1265.34,1265.0,-0.39915845,-2.15,40.53107921
1668499570.2089334,1265.66,1265.34,-0.43491457,-2.27,42.10450312
1668499630.9080176,1265.02,1265.54,-0.50360151,-2.2,43.67126766
1668499690.8993464,1264.73,1264.73,-0.63957999,-1.76,41.09000375
1668499751.0270011,1263.45,1263.45,-0.87045463,-2.88,36.90164148
1668499811.7335846,1263.81,1263.81,-0.91114565,-2.96,38.79528042
1668499871.6946764,1267.22,1267.22,-0.4724714,-0.43,53.11722514
1668499931.6757205,1265.86,1265.86,-0.52938861,-0.56,48.27123568
1668499992.559096,1266.6,1266.6,-0.37771641,1.26,50.89538717
1668500052.582247,1266.85,1266.85,-0.26548945,1.18,51.78526333
1668500112.7544355,1266.01,1266.01,-0.30952209,0.99,48.60341312
1668500173.5262334,1268.17,1268.17,0.01797426,2.16,56.07713832
1668500233.4797466,1269.99,1269.99,0.39663571,5.25,61.1971275
1668500293.5279472,1269.26,1269.26,0.47122813,5.81,58.25472752
1668500354.3283453,1269.6,1269.6,0.61861223,5.8,59.23361071
1668500414.3096611,1270.97,1270.97,0.89883527,3.75,63.00055262
1668500474.2164009,1269.74,1269.74,0.84926493,3.89,57.84670258
1668500535.080059,1271.52,1271.52,1.12924914,4.92,62.62748514
1668500595.081189,1275.12,1275.12,1.73401282,8.27,70.00559597
1668500655.0921197,1275.44,1275.44,2.00768251,9.44,70.58706938
1668500715.9798405,1274.13,1274.13,1.99464773,5.96,65.23189412
1668500775.9589896,1273.1,1273.1,1.89673433,3.11,61.28509576
1668500836.11546,1275.0,1275.0,2.13137865,5.75,65.42535038
1668500896.8534107,1276.22,1276.22,2.34526577,6.62,67.80520102
1668500956.9059894,1278.68,1278.68,2.75761681,7.72,71.99159628
1668501016.8021483,1276.21,1276.21,2.54695984,6.47,63.11459876
1668501077.6255405,1274.86,1274.86,2.31579942,3.34,58.84506355
1668501137.7304077,1275.18,1275.18,2.23729435,0.05,59.54532958
1668501197.5618558,1273.89,1273.89,1.94917475,-1.55,55.46200363
1668501258.935821,1272.78,1272.78,1.62369829,-1.36,52.14200137
1668501318.9531524,1274.23,1274.23,1.62455082,1.14,55.8568219
1668501379.081873,1274.94,1274.94,1.61768935,-0.05,57.58089335
1668501439.6998131,1275.5,1275.5,1.62804171,-0.72,58.9600397
1668501499.9320114,1274.88,1274.88,1.4949549,-3.8,56.77319774
1668501559.6806123,1274.68,1274.68,1.38412527,-1.54,56.05098381
1668501620.5342004,1274.0,1274.0,1.19850873,-0.86,53.55370719
1668501680.508173,1274.19,1274.19,1.1087739,-0.98,54.16456532
1668501740.52944,1274.57,1274.57,1.06643517,0.67,55.44337098
1668501801.4616208,1274.45,1274.45,0.98102238,1.68,54.93342212
1668501861.483463,1274.21,1274.21,0.87649673,-0.01,53.84891147
1668501921.3864765,1273.85,1273.85,0.74810832,-1.1,52.1840787
1668501982.419487,1273.35,1273.35,0.59143723,-2.15,49.88208916
1668502042.5185993,1274.44,1274.44,0.64728406,-0.44,54.59252931
1668502102.4568634,1273.51,1273.51,0.48407068,-1.17,50.25273296
1668502163.1668036,1273.73,1273.73,0.43990475,-0.28,51.24019968
1668502223.626536,1273.13,1273.13,0.30233718,-1.07,48.41405504
1668502283.154289,1274.5,1274.5,0.42165219,-0.06,54.57583638
1668502343.8357484,1273.02,1273.02,0.21610257,-1.43,47.9114433
1668502403.9331198,1272.25,1272.25,0.03562185,-1.96,44.84481943
1668502463.8952827,1271.94,1271.94,-0.10188413,-1.9,43.63393881
1668502525.2635448,1273.14,1273.14,-0.01882993,-0.21,49.33464091
1668502585.1916144,1273.94,1273.94,0.08330532,-0.5,52.76779493
1668502645.1916215,1275.0,1275.0,0.2628461,1.49,56.92964346
1668502705.9655912,1274.37,1274.37,0.24520872,0.64,53.89031168
1668502765.9614968,1274.87,1274.87,0.33803589,1.73,55.90545652
1668502825.961153,1274.31,1274.31,0.29773962,-0.19,53.11207632
1668502887.1365106,1274.62,1274.62,0.34035661,1.59,54.48317836
1668502947.0675466,1274.59,1274.59,0.34687657,2.34,54.32745725
1668503007.144455,1274.22,1274.22,0.29760265,2.28,52.22963026
1668503068.060953,1274.07,1274.07,0.25691077,0.92,51.36482216
1668503128.1844077,1273.43,1273.43,0.14162985,-0.5,47.73159988
1668503188.146867,1274.74,1274.74,0.27488055,-0.26,54.78706501
1668503248.8950655,1274.43,1274.43,0.25045,0.06,52.96505422
1668503308.933011,1274.75,1274.75,0.29306597,-0.11,54.64192833
1668503368.8494897,1274.67,1274.67,0.29242183,0.35,54.1174856
1668503429.7279482,1275.35,1275.35,0.38970208,0.74,57.78532371
1668503489.7457666,1276.25,1276.25,0.54619525,1.66,62.10306351
1668503549.7436132,1277.53,1277.53,0.78664885,3.31,67.27755366
1668503610.5269475,1276.2,1276.2,0.6974464,2.14,58.38569116
1668503670.416314,1276.18,1276.18,0.70053241,2.75,58.27905527
1668503730.5265284,1276.19,1276.19,0.69701466,1.45,58.33058883
1668503791.4480174,1275.43,1275.43,0.57949581,1.0,53.32761683
1668503851.5081685,1275.04,1275.04,0.47317785,0.29,50.90343843
1668503911.448188,1273.33,1273.33,0.16712382,-1.35,41.91920217
1668503972.26483,1272.75,1272.75,-0.05030776,-2.61,39.38146215
1668504032.2293878,1273.21,1273.21,-0.11942628,-3.05,42.36649629
1668504092.228611,1274.9,1274.9,0.03855986,-2.63,51.75115864
1668504153.1894398,1274.95,1274.95,0.06395862,-1.24,51.99194743
1668504213.0327582,1273.36,1273.36,-0.14538726,-2.82,44.19661012
1668504272.963236,1270.41,1270.41,-0.625393,-5.77,34.00845941
1668504333.972353,1269.66,1269.66,-0.91598725,-5.78,31.98945542
1668504394.2048128,1269.85,1269.85,-1.05948872,-5.2,33.07344648
1668504453.9704535,1270.5,1270.5,-1.07921808,-2.84,36.80557228
1668504514.7621646,1268.94,1268.94,-1.34415192,-3.81,32.19803701
1668504574.795088,1270.0,1270.0,-1.28905976,-3.2,37.88784537
1668504634.8268423,1268.99,1268.99,-1.43961591,-5.91,34.88186653
1668504695.63449,1268.41,1268.41,-1.56127378,-6.55,33.28267521
1668504755.592019,1265.23,1265.23,-2.05207141,-8.13,26.09774631
1668504815.7098613,1264.13,1264.13,-2.36995529,-6.28,24.15830304
1668504876.5930662,1262.31,1262.31,-2.77990687,-7.35,21.29153212
1668504936.5940533,1263.63,1263.63,-2.76845069,-6.22,27.92354221
1668504996.5475764,1264.89,1264.89,-2.63231744,-5.62,33.639086
1668505057.6295147,1265.43,1265.43,-2.49931693,-3.51,35.96749442
1668505117.727099,1264.53,1264.53,-2.52698298,-5.47,33.79952964
1668505177.3270717,1263.23,1263.23,-2.64676692,-5.77,30.92331395
1668505238.203679,1259.38,1259.38,-3.17468929,-9.02,24.35693647
1668505298.1603198,1260.99,1260.99,-3.08266734,-4.23,31.00068262
1668505358.1757965,1262.18,1262.18,-2.90846807,-1.94,35.47641009
1668505418.9919682,1261.75,1261.75,-2.8746184,-0.56,34.61958446
1668505478.9861455,1260.58,1260.58,-2.95384905,-3.06,32.28580739
1668505538.9791114,1259.5,1259.5,-3.06180024,-5.4,30.2588765
1668505600.02801,1260.65,1260.65,-2.88140968,-4.77,34.95197652
1668505660.0715113,1257.92,1257.92,-3.16441047,-6.61,29.80279902
1668505719.9938822,1260.84,1260.84,-2.76728691,-2.4,39.96168824
1668505780.997542,1259.16,1257.19,-3.00174358,-2.18,33.20876172
1668505840.8283305,1256.54,1257.12,-3.09183638,-3.88,34.13276057
1668505901.005047,1257.3,1258.04,-3.00146105,-4.14,37.11196237
1668505961.665848,1258.57,1258.99,-2.79865709,-2.75,40.04609391
1668506021.676138,1259.46,1260.61,-2.48282714,0.04,44.86579023
1668506081.6238272,1260.65,1261.11,-2.19412189,1.62,46.32066571
1668506142.490311,1260.59,1261.33,-1.96052621,0.69,47.12047961
1668506202.7977886,1261.71,1261.75,-1.66637501,3.83,48.34656418
1668506262.6796148,1261.16,1260.96,-1.54002364,0.13,46.13682233
1668506323.307257,1260.66,1260.85,-1.41261672,1.7,45.96294543
1668506383.2981448,1260.27,1259.98,-1.38431349,3.45,43.34767231
1668506443.443602,1260.16,1260.16,-1.284043,2.86,43.87184712
1668506504.1711097,1261.65,1261.65,-0.99147032,3.07,49.33356375
1668506564.110379,1261.85,1262.84,-0.7368253,3.37,53.47647754
1668506624.0712895,1263.12,1263.01,-0.51122945,2.35,53.93745723
1668506685.220175,1262.62,1262.01,-0.4499377,1.42,50.11149494
1668506745.1924698,1262.29,1262.98,-0.27716557,1.28,53.72090975
1668506805.3127563,1262.97,1262.51,-0.19363695,1.36,51.72931479
1668506866.0130484,1263.45,1262.52,-0.06791081,1.85,51.38267836
1668506926.147044,1261.47,1261.37,-0.18316585,1.11,47.08477583
1668506986.051351,1260.98,1260.36,-0.30972772,0.2,43.50203027
1668507046.996884,1260.23,1259.65,-0.44625134,-2.0,41.10086695
1668507106.8617988,1259.37,1259.96,-0.53190394,-1.89,42.99144927
1668507167.0958035,1260.74,1259.85,-0.53680864,-3.26,43.21858268
1668507227.6862876,1259.96,1260.25,-0.5445997,-2.36,44.8801165
1668507287.659651,1259.43,1259.84,-0.63458317,-2.45,43.71521297
1668507347.7327905,1260.27,1260.23,-0.58839086,-2.75,45.4665987
1668507408.2614443,1260.93,1261.77,-0.40641657,-1.67,51.96656193
1668507467.5343575,1261.22,1261.01,-0.39808874,-0.46,48.81356412
1668507527.6449385,1259.99,1260.43,-0.46174277,-0.56,46.80848372
1668507587.626792,1260.58,1260.52,-0.42556869,0.29,47.22154957
1668507647.5618932,1260.26,1260.64,-0.40943408,1.26,48.01360159
1668507707.706041,1260.78,1260.78,-0.35607737,0.04,48.66810932
1668507767.508561,1261.19,1261.05,-0.27093433,1.09,49.91744279
1668507827.6039393,1261.37,1261.34,-0.18393029,1.91,51.317126
1668507887.5839405,1260.88,1260.33,-0.24319488,0.05,46.21001594
1668507947.620433,1259.72,1259.28,-0.37943687,-1.66,41.61609233
1668508007.6513124,1259.33,1259.88,-0.39278764,-1.34,45.05340089
1668508067.6143787,1259.25,1259.73,-0.45266418,-0.26,44.50855681
1668508127.5362985,1259.38,1259.7,-0.47960847,-0.89,44.48082557
1668508187.5666823,1259.59,1259.28,-0.51241653,-0.97,42.11353888
1668508247.6929777,1259.12,1258.92,-0.56460382,-1.85,40.26798401
1668508307.594582,1259.02,1259.4,-0.5446075,-1.8,43.71347845
1668508367.661682,1259.85,1259.6,-0.48469846,-1.78,45.33620507
1668508427.6292005,1257.75,1255.07,-0.9362971,-5.81,28.22470333
1668508487.641991,1256.86,1256.65,-0.92814877,-3.07,32.60255539
1668508547.8166904,1256.08,1256.49,-1.06969081,-2.84,33.64288781
1668508607.6985042,1257.22,1258.25,-0.94803579,-1.0,44.29544344
1668508667.662747,1261.0,1261.26,-0.47867115,1.89,56.64622812
1668508727.5717645,1260.8,1262.2,-0.23007482,2.6,59.68402817
1668508787.6283853,1262.57,1261.8,-0.0130543,2.68,57.26811119
1668508847.660254,1262.1,1262.08,0.17542919,3.06,58.49034272
1668508907.569312,1262.55,1263.28,0.4270173,3.42,62.45347545
1668508967.8360374,1263.13,1263.39,0.5888008,5.64,62.84524454
1668509027.7330625,1263.64,1262.94,0.69710347,6.09,59.83526335
1668509087.6458776,1263.05,1265.16,0.94349677,9.07,66.93924462
1668509147.640836,1263.88,1265.99,1.10504712,8.77,69.31756134
1668509207.6983886,1264.78,1263.6,1.03385355,2.61,59.61413302
1668509267.6959484,1264.89,1264.72,1.21133904,3.92,65.36502043
1668509327.7326682,1264.1,1264.2,1.17568241,1.63,62.00377314
1668509387.700768,1263.68,1263.03,1.04897845,0.92,55.50661347
1668509448.0014,1262.2,1261.88,0.82738751,-0.68,49.89002043
1668509507.711027,1262.54,1262.8,0.80902112,-0.33,54.14317094
1668509567.6844103,1263.07,1262.42,0.73171914,-1.21,51.86724014
1668509627.596048,1262.5,1262.35,0.64465955,-0.71,51.46614034
1668509687.7997212,1262.15,1262.86,0.59308556,-1.01,53.96351912
1668509747.737998,1262.77,1263.33,0.59036032,-1.44,56.2139382
1668509807.670896,1263.58,1264.14,0.66651035,-0.75,59.74289113
1668509867.5782175,1264.12,1264.58,0.73681953,0.49,61.60018541
1668509927.6437783,1265.44,1265.66,0.92387986,1.97,65.54972576
1668509987.7048802,1266.98,1266.57,1.16005092,4.36,66.96696156
1668510047.613334,1266.99,1266.61,1.2790407,4.08,66.96613213
1668510107.667296,1266.44,1267.0,1.35145631,3.92,67.75238362
1668510167.7256424,1267.34,1267.98,1.50191736,5.48,70.74119193
1668510227.6323617,1268.99,1270.73,1.86363878,8.57,77.13191258
1668510287.696441,1270.98,1271.12,2.10918493,8.34,77.85578246
1668510347.6461434,1271.05,1271.96,2.32398454,8.38,79.44793541
1668510407.6907508,1270.29,1268.75,2.11125038,4.63,63.58444787
1668510467.648138,1267.5,1267.58,1.85458038,2.14,57.97806559
1668510527.829228,1268.81,1268.49,1.85883308,1.51,60.21920418
1668510587.632697,1268.49,1268.6,1.77350723,1.6,60.57246051
1668510647.617547,1268.81,1269.15,1.74263832,2.71,62.32703383
1668510707.6998775,1268.13,1267.33,1.47747094,0.0,54.11202996
1668510767.6680183,1268.64,1268.64,1.50244078,-0.35,59.66068639
1668510827.624219,1266.76,1264.96,1.01304075,-6.02,44.44072567
1668510887.8855977,1265.84,1265.99,0.8725519,-5.05,48.08956073
1668510947.7330365,1266.27,1267.24,0.81511544,-3.04,53.15745116
1668511007.787428,1264.1,1262.91,0.20327855,-4.58,37.98854181
1668511067.7058403,1262.25,1261.23,-0.25557486,-7.57,33.75166554
1668511127.7487514,1257.14,1257.89,-1.0898817,-10.6,29.42636935
1668511187.7256496,1257.91,1257.55,-1.50138839,-11.25,28.88763329
1668511247.6914806,1258.07,1259.11,-1.6520785,-9.01,34.47823645
1668511307.7685566,1260.05,1260.14,-1.64312797,-8.5,38.27553699
1668511367.929284,1260.24,1261.09,-1.59358144,-5.66,41.82810338
1668511427.894054,1260.58,1259.1,-1.73363495,-6.74,36.30847614
1668511487.6932511,1259.35,1257.91,-1.8712634,-8.37,33.61080809
1668511547.8545065,1258.91,1259.23,-1.80711823,-4.86,37.25104124
1668511607.918133,1259.93,1259.85,-1.70557063,-2.41,39.91345964
1668511667.696699,1259.59,1259.54,-1.69168225,2.4,39.05245309
1668511728.0588412,1259.25,1259.85,-1.63716371,1.94,40.9834244
1668511787.679469,1258.46,1257.16,-1.85849032,-0.9,32.63671119
1668511847.674268,1257.45,1258.57,-1.79411675,-1.48,38.77594129
1668511907.7070425,1258.97,1259.58,-1.63552973,-0.67,43.13694077
1668511967.7610393,1260.4,1261.38,-1.32416394,0.8,49.95187241
1668512027.924935,1261.49,1260.62,-1.16960263,1.27,47.30184991
1668512087.835096,1260.52,1261.15,-1.00654947,2.25,49.33979114
1668512147.773522,1260.8,1260.36,-0.94564816,0.43,46.46298405
1668512208.031776,1259.81,1260.36,-0.89791584,0.78,46.88318568
1668512268.0146437,1260.23,1260.19,-0.83872026,0.93,46.20753791
1668512327.7895885,1259.54,1260.37,-0.80032465,1.91,47.51750287
1668512387.808064,1260.45,1259.0,-0.82423296,1.56,42.69560894
1668512447.8625903,1258.72,1258.1,-0.92761173,-0.87,39.891223
1668512507.7854688,1258.35,1259.12,-0.88377043,-1.27,44.17092771
1668512567.7537518,1259.26,1259.31,-0.8318118,-2.18,44.99572747
1668512627.962096,1259.08,1259.99,-0.74966985,-0.52,48.22002038
1668512687.787322,1259.63,1260.15,-0.67242041,-0.64,49.04696444
1668512747.858546,1260.25,1260.7,-0.53107594,0.88,51.47703752
1668512807.9798255,1260.14,1260.25,-0.49092183,0.03,49.52830106
1668512868.091989,1260.49,1262.1,-0.25650775,2.57,57.60310248
1668512927.766307,1262.9,1263.09,0.04270407,2.64,61.02359992
1668512987.8238378,1262.34,1260.92,0.00858572,2.2,51.00808883
1668513047.825868,1261.73,1261.68,0.13913752,3.33,54.29139016
1668513107.9255862,1261.2,1261.07,0.11036213,1.82,51.36872721
1668513167.8620803,1260.46,1260.57,0.03971909,1.49,49.12494016
1668513227.9170475,1261.3,1261.86,0.16928601,2.24,54.81418734
1668513287.8410568,1262.43,1262.55,0.31277811,2.3,57.50169081
1668513348.016549,1261.88,1261.73,0.27995788,1.59,53.51354419
1668513407.9353712,1261.16,1260.29,0.14356585,-0.2,46.89290827
1668513467.8108056,1260.84,1260.9,0.15260534,-1.99,49.59106498
1668513527.818161,1261.22,1261.11,0.16065071,-1.24,50.56349306
1668513587.8045962,1261.76,1260.88,0.16618464,-0.86,49.15649619
1668513647.820695,1260.37,1260.25,0.04633432,-0.95,46.29145259
1668513707.7691574,1259.72,1258.78,-0.16612667,-1.69,40.20300139
1668513767.8393316,1258.78,1258.47,-0.32291205,-2.83,39.00973549
1668513827.8869755,1258.51,1259.56,-0.3514136,-2.86,45.12441074
1668513887.852161,1259.02,1258.25,-0.51062439,-3.63,39.00592354
1668513947.7392397,1258.25,1259.26,-0.51522357,-1.91,44.89586946
1668514007.8343794,1258.38,1258.41,-0.63496126,-2.43,40.03592076
1668514067.8705938,1258.25,1258.22,-0.69093251,-3.01,39.1165315
1668514127.767166,1258.55,1258.76,-0.65413408,-3.0,42.82860724
1668514187.8320315,1259.41,1261.45,-0.38385305,1.08,57.4928154
1668514247.8753188,1261.63,1262.92,-0.08184116,3.2,63.11678068
1668514307.837513,1262.89,1262.79,0.13904472,4.02,62.19507692
1668514367.8332958,1262.27,1262.64,0.26278521,4.12,60.66165162
1668514427.78403,1261.62,1262.83,0.34281329,3.81,60.4697953
1668514487.9618726,1263.82,1265.16,0.71219049,6.91,67.48778263
1668514547.8264444,1264.48,1264.93,0.87135981,6.55,66.97863761
1668514608.0472834,1265.02,1264.4,0.99127369,6.14,63.60869496
1668514667.8271224,1264.63,1263.74,1.0292021,5.19,59.8243983
1668514727.8353202,1263.58,1263.08,0.97093537,3.67,56.35856244
1668514787.812788,1263.76,1264.2,1.05483023,2.6,61.3584776
1668514847.8491623,1265.99,1265.58,1.2863807,2.61,64.68014398
1668514907.93344,1264.9,1264.56,1.21802127,2.3,59.43230881
1668514967.9149811,1264.63,1265.07,1.23870247,3.44,61.32292123
1668515027.8153205,1264.92,1264.3,1.1657514,0.47,57.42812411
1668515087.8511078,1264.62,1264.56,1.14575159,0.07,58.77078849
1668515147.982219,1264.52,1264.85,1.11768657,-0.17,59.95749576
1668515207.870255,1264.44,1264.37,1.02190937,-0.25,57.58109842
1668515267.997539,1264.87,1264.94,1.03587374,1.36,60.33480521
1668515327.830186,1265.62,1265.34,1.07879113,1.59,61.21808386
1668515387.9112182,1266.16,1267.23,1.25765475,1.25,69.23511103
1668515448.157689,1265.01,1266.26,1.11933951,1.37,62.83813524
1668515507.9835188,1265.61,1266.45,1.11146367,1.82,63.74180222
1668515568.133144,1266.71,1267.27,1.21467817,2.35,66.69798305
1668515627.8938658,1266.26,1264.79,1.00602672,0.16,53.04716645
1668515687.8636613,1264.98,1263.65,0.81435016,-0.88,47.43306183
1668515747.9271371,1263.76,1264.56,0.7217726,0.11,51.76792745
1668515807.9767034,1263.75,1263.7,0.51627283,-1.16,47.61659044
1668515868.0952983,1264.1,1264.8,0.51239533,-0.83,53.39650289
1668515928.074746,1265.18,1264.64,0.48915916,-1.51,52.14172837
1668515988.1862917,1265.08,1265.71,0.55408582,0.69,57.6213002
1668516048.096202,1264.84,1264.87,0.45116384,-0.74,53.28932101
1668516108.031192,1265.48,1267.2,0.64195825,0.49,63.91166631
1668516168.0017283,1266.78,1267.31,0.73014845,1.04,64.44198834
1668516228.0416524,1266.33,1265.97,0.64991006,0.99,56.98119923
1668516287.8798127,1265.89,1265.17,0.57090256,1.42,52.09241271
1668516348.0449312,1265.49,1265.6,0.56213196,1.85,54.56201529
1668516408.0374792,1265.31,1265.28,0.48608212,1.18,52.60732638
1668516467.8939154,1265.47,1267.09,0.59454902,1.91,62.03067868
1668516527.9978032,1268.19,1267.02,0.72304523,1.94,58.84264018
1668516588.0150616,1266.98,1266.74,0.72192982,1.89,57.23118354
1668516647.878178,1266.81,1266.43,0.69491077,0.96,55.37495516
1668516707.966592,1266.01,1265.42,0.55439414,-1.37,49.95088367
1668516767.8996818,1266.69,1266.63,0.6389878,0.29,55.892404
1668516827.9643128,1266.86,1266.83,0.64996972,0.95,56.80477528
1668516887.9280443,1267.09,1267.2,0.68231193,1.71,58.63313763
1668516947.9383442,1267.31,1266.89,0.66504638,1.57,56.22533344
1668517008.0312672,1266.55,1265.89,0.53573669,0.42,50.02576431
1668517067.9751284,1267.19,1267.38,0.64973907,-0.81,58.33708039
1668517127.9021738,1267.22,1266.38,0.56076777,-0.6,51.82899215
1668517187.9649808,1266.05,1267.0,0.52317917,0.19,55.09128074
1668517247.9617734,1267.32,1266.28,0.47066512,0.28,50.62579316
1668517307.9577467,1267.26,1269.05,0.68486946,2.37,64.02144014
1668517368.0518866,1270.83,1270.07,0.97464662,3.2,64.97040898
1668517427.9429424,1270.99,1270.33,1.15796865,3.23,65.65758698
1668517487.998392,1269.88,1270.26,1.19759244,2.95,64.37525559
1668517548.0110624,1269.56,1270.02,1.18084603,3.48,62.93211374
1668517608.0085087,1269.71,1269.98,1.17510944,2.78,62.86491746
1668517667.9520185,1269.33,1268.97,1.05661057,1.74,57.22812605
1668517727.9784758,1270.23,1270.36,1.18021522,4.31,63.57965297
1668517787.964958,1271.01,1273.24,1.45525062,5.92,72.40695804
1668517848.0514274,1272.82,1273.14,1.5790553,5.89,72.22783484
1668517908.0272098,1272.59,1272.22,1.57765898,1.4,67.32942265
1668517967.9330113,1271.98,1270.87,1.46986171,-0.13,59.09424015
1668518028.0346298,1271.66,1271.9,1.51509204,2.01,64.6435861
1668518088.034061,1271.3,1270.31,1.31947145,0.74,55.30499332
1668518148.0482416,1270.95,1270.95,1.27914244,1.24,59.07050454
1668518208.0678544,1270.27,1268.9,0.9875546,-0.44,47.37242204
1668518268.0488338,1268.59,1268.59,0.74652568,-1.64,45.96258145
1668518327.9765058,1270.0,1271.27,0.86856854,0.25,58.02129193
1668518387.9793134,1271.63,1271.17,0.88098399,-1.65,56.92354939
1668518448.9137945,1271.14,1270.4,0.79551537,-2.2,53.11091271
1668518508.767792,1269.05,1269.15,0.53787491,-2.83,47.95727599
1668518568.8488214,1269.7,1270.16,0.52809316,-1.51,52.12767411
1668518629.672908,1269.51,1269.96,0.42467333,-1.34,51.4226969
1668518689.6739917,1268.82,1269.36,0.26135517,-1.59,49.04957211
1668518749.6081936,1268.91,1269.63,0.19487724,-0.64,50.46874514
1668518810.6378102,1268.92,1268.48,0.03385524,-0.11,44.91432768
1668518870.9044435,1268.79,1269.01,0.01244356,-0.98,47.67455046
1668518930.7255712,1269.69,1269.78,0.07946645,-1.85,51.78467103
1668518991.6000853,1269.79,1271.24,0.20628014,0.09,58.82339624
1668519051.571802,1273.45,1285.0,1.53705436,15.95,83.29778431
1668519111.623724,1285.79,1285.8,2.53589265,16.11,83.86248816
1668519172.2921991,1286.84,1286.82,3.38560615,17.31,84.51212254
1668519232.3296604,1289.2,1286.46,4.06623736,17.64,76.58181209
1668519292.2719762,1286.77,1285.58,4.35329225,16.68,73.69379149
1668519353.3353388,1283.65,1271.37,3.25615205,2.45,45.12798579
1668519413.2653863,1274.04,1277.42,3.13084905,8.64,53.72557139
1668519473.391213,1277.87,1278.23,2.91932136,8.55,54.82169154
1668519534.4002037,1279.33,1279.29,2.843884,9.5,56.21587907
1668519594.199456,1276.22,1276.62,2.28585959,3.16,51.82711402
1668519654.3633611,1275.66,1273.58,1.70847587,-12.21,47.11367818
1668519714.8785586,1276.53,1277.9,1.8229465,-8.94,53.90364335
1668519774.92793,1276.0,1278.48,1.63734557,-10.73,54.88063341
1668519834.8991847,1277.68,1278.23,1.52279713,-8.55,54.56360412
1668519896.0072224,1279.31,1278.39,1.54435316,-5.26,54.39518137
1668519955.9954674,1276.65,1278.28,1.36081654,4.18,53.92579987
1668520015.930015,1274.95,1273.0,0.68395954,-4.88,44.87640074
1668520076.7716925,1269.91,1271.13,0.01449012,-8.2,42.87241719
1668520136.6269,1272.01,1272.92,-0.12069806,-3.37,46.12962518
1668520196.695577,1272.63,1273.74,-0.23330282,-1.92,47.69429386
1668520257.4978662,1274.81,1276.71,0.00209156,0.18,52.7753075
1668520317.4998293,1276.85,1274.78,-0.02570931,-1.23,49.32385731
1668520377.537494,1274.47,1273.46,-0.18033064,-4.23,47.11859671
1668520438.2950342,1272.78,1273.6,-0.3095153,-5.71,47.5950979
1668520498.2445376,1271.16,1272.8,-0.57880882,-3.86,46.70423408
1668520558.26275,1273.2,1272.0,-0.66988948,-2.96,45.42280341
1668520619.2769396,1272.19,1272.64,-0.69586749,2.72,46.64723342
1668520679.2383692,1272.1,1274.11,-0.63678427,2.1,49.73086399
1668520739.2984662,1274.34,1275.02,-0.46272909,2.4,51.50506576
1668520800.0196729,1275.49,1277.64,-0.09751235,2.84,56.3115161
1668520859.9944649,1277.85,1277.97,0.20023729,1.13,56.87089664
1668520920.1515188,1277.0,1276.73,0.25882505,2.27,54.12772377
1668520980.807989,1276.51,1276.51,0.33068643,3.72,53.62958549
1668521040.8329787,1274.98,1273.48,0.06165173,2.31,46.99419831
1668521100.7621026,1273.73,1274.03,0.00444753,0.82,48.21726504
1668521161.8061807,1274.96,1275.49,0.11894109,3.29,51.52285385
1668521221.9131832,1276.04,1276.0,0.22248163,3.9,52.61759297
1668521281.7628424,1275.49,1274.53,0.11864194,0.19,48.98073098
1668521342.5417962,1273.75,1274.06,-0.01895646,-1.43,48.01922951
1668521402.6587698,1273.51,1272.99,-0.1957767,-4.87,45.39154992
1668521462.5877993,1273.52,1273.76,-0.20363786,-3.24,47.40056256
1668521523.419803,1273.73,1273.77,-0.24165095,-2.73,47.43942626
1668521583.4312978,1273.96,1273.13,-0.30554049,-1.85,45.59200006
1668521643.3707728,1273.53,1272.49,-0.39103233,-1.23,43.66176815
1668521704.3664513,1271.79,1271.53,-0.59825118,-3.44,41.11052346
1668521764.543697,1271.39,1268.33,-0.97392813,-7.7,33.68087682
1668521824.4074612,1268.86,1269.72,-1.10488698,-5.77,38.0733404
1668521885.160213,1267.76,1267.02,-1.56412532,-6.71,31.0220614
1668521945.1242456,1267.06,1267.64,-1.73168133,-5.87,33.61287293
1668522005.1264665,1268.53,1268.48,-1.72328321,-5.04,37.02960897
1668522066.0011458,1268.93,1270.85,-1.53653897,-2.88,45.7290062
1668522125.9459789,1271.41,1270.97,-1.35739635,-3.0,46.21709053
1668522186.0157273,1270.62,1270.2,-1.31831351,-3.33,44.07207288
1668522247.5055451,1270.99,1270.99,-1.13912744,-0.8,46.51741036
1668522307.483614,1271.93,1273.22,-0.80058675,1.83,53.76514253
1668522367.3068593,1272.47,1273.54,-0.6050151,4.68,54.902181
1668522428.330476,1272.72,1273.66,-0.43833565,5.9,55.46374808
1668522488.3176725,1273.5,1273.5,-0.27474447,6.44,54.95920199
1668522548.2733235,1273.44,1272.94,-0.18181162,4.4,52.56065147
1668522609.078964,1273.66,1273.23,-0.03508418,4.3,53.5102932
1668522669.0789435,1273.47,1273.98,0.10987506,2.58,56.63269534
1668522729.0510578,1273.36,1274.28,0.19169978,3.65,57.82629068
1668522789.8342671,1273.96,1275.22,0.34827435,4.22,61.40190094
1668522850.018838,1274.83,1275.45,0.48068905,3.53,62.32565726
1668522909.9187224,1274.0,1274.34,0.42671742,1.87,56.96124428
1668522970.789029,1274.01,1274.01,0.43668067,0.51,55.53865153
1668523030.8810174,1272.89,1272.89,0.28381122,-0.55,49.28344961
1668523091.043783,1272.89,1272.04,0.21600495,-1.4,45.1318405
1668523151.6276782,1270.78,1270.78,-0.18488166,-2.7,39.96983397
1668523211.58276,1269.1,1269.1,-0.53892982,-4.25,34.13275323
1668523271.5684996,1266.2,1266.2,-1.11512839,-7.76,26.84491414
1668523332.4218054,1263.79,1263.79,-1.71206127,-11.03,22.53585568
1668523392.3328357,1263.03,1263.03,-2.11829476,-10.98,21.37156664
1668523452.3807642,1263.87,1263.87,-2.24680055,-10.16,25.93060705
1668523513.4235833,1264.01,1264.01,-2.35396099,-10.0,26.69281986
1668523573.3906589,1262.69,1262.69,-2.60644124,-10.21,24.16758756
1668523633.4587083,1263.76,1263.76,-2.54140909,-7.57,29.95630762
1668523694.1996036,1262.02,1262.02,-2.77371623,-8.77,26.39413534
1668523754.2475767,1259.62,1259.62,-3.15463481,-9.48,22.45763686
1668523814.225425,1261.37,1261.37,-3.0197419,-4.83,30.58697368
1668523875.5435123,1263.1,1263.1,-2.74384466,-0.71,37.56914793
1668523935.8330498,1263.14,1263.14,-2.59889568,0.11,37.72284704
1668523995.4989803,1264.33,1264.33,-2.29000233,0.47,42.32322829
1668524056.4946744,1264.28,1264.28,-2.10334659,0.27,42.18001603
1668524116.6038306,1262.52,1262.52,-2.17943458,-0.17,37.44915487
1668524176.5007284,1264.5,1264.5,-1.82492988,0.75,44.93460798
1668524237.4936614,1266.46,1266.46,-1.37182473,4.44,51.15894423
1668524297.463439,1266.9,1266.9,-1.0627349,7.28,52.46253521
1668524357.3616762,1267.41,1267.41,-0.76262357,6.04,53.98342677
1668524418.2744684,1267.52,1267.52,-0.53328899,4.41,54.29552926
1668524478.2673008,1265.79,1265.79,-0.60146556,2.64,48.26839008
1668524538.5947838,1268.42,1268.42,-0.16873438,4.08,56.22603211
1668524599.2266903,1268.01,1268.01,-0.05010028,3.72,54.81308406
1668524659.1658533,1267.67,1267.67,0.02222005,5.15,53.61023102
1668524719.1739652,1268.03,1268.03,0.15014339,3.54,54.75237702
1668524780.5400052,1268.78,1268.78,0.33156334,2.31,57.11358456
1668524840.4421675,1266.39,1266.39,0.08643291,-0.5,48.44208982
1668524900.0600128,1263.56,1263.56,-0.35791289,-3.86,40.57977567
1668524960.9128935,1264.78,1264.78,-0.35263248,-2.78,44.74338415
1668525020.8083875,1264.32,1264.32,-0.48513703,-1.47,43.50353605
1668525081.4634025,1263.35,1263.35,-0.69241935,-5.06,40.93209501
1668525142.2510235,1263.69,1263.69,-0.73762555,-4.31,42.22916131
1668525201.7767155,1263.0,1263.0,-0.88466837,-4.68,40.32477315
1668525261.7592597,1262.17,1262.17,-1.06398829,-5.86,38.08772163
1668525322.838245,1262.78,1262.78,-1.05300929,-5.99,40.70590451
1668525382.9658167,1264.37,1264.37,-0.84639073,-2.03,46.96264192
1668525442.9722686,1263.8,1263.8,-0.85543133,0.24,45.13048436
1668525503.63905,1264.99,1264.99,-0.64767894,0.21,49.56866143
1668525563.575569,1265.31,1265.31,-0.50667651,0.98,50.71905847
1668525623.6958628,1264.22,1264.22,-0.56514037,0.87,46.79416813
1668525684.6772397,1263.86,1263.86,-0.5866552,0.16,45.53808388
1668525744.902361,1264.38,1264.38,-0.50082679,1.39,47.71372193
1668525804.6246777,1264.91,1264.91,-0.38607749,2.75,49.91253778
1668525865.6582403,1264.31,1264.31,-0.41033258,1.52,47.48189758
1668525925.6366403,1265.39,1265.39,-0.23324762,1.02,52.01109013
1668525985.640298,1266.49,1266.49,-0.00447346,2.7,56.16703536
1668526046.5847173,1266.99,1266.99,0.17736424,1.99,57.9318444
1668526106.4652195,1267.74,1267.74,0.39133965,2.42,60.53906172
1668526166.465763,1267.79,1267.79,0.515343,3.57,60.71282056
1668526227.2030406,1267.57,1267.57,0.57178313,3.7,59.45726809
1668526287.2822678,1267.6,1267.6,0.62563871,3.21,59.5907368
1668526347.2294216,1267.9,1267.9,0.7037372,2.99,60.84961392
1668526408.0911255,1268.59,1268.59,0.83508005,4.29,63.65710474
1668526468.181923,1269.62,1269.62,1.03157111,4.22,67.40991582
1668526528.331835,1270.13,1270.13,1.1814817,3.64,69.11075076
1668526589.4663477,1270.12,1270.12,1.25218047,3.12,69.03467286
1668526649.4777932,1271.33,1271.33,1.46497499,3.6,72.91924879
1668526709.6253417,1273.64,1273.64,1.86530653,5.85,78.47321266
1668526770.2589378,1274.61,1274.61,2.15168823,7.05,80.24138971
1668526830.277671,1273.83,1273.83,2.18249206,6.27,74.73828027
1668526890.288473,1272.69,1272.69,2.0668508,4.79,67.48247198
1668526951.0477664,1272.55,1272.55,2.00415349,3.97,66.62700965
1668527011.0392516,1274.54,1274.54,2.22225359,4.92,72.0506548
1668527071.314696,1274.44,1274.44,2.22991058,4.31,71.4177161
1668527131.9687936,1275.36,1275.36,2.3467919,5.24,73.68522961
1668527191.9607763,1274.21,1274.21,2.19093013,2.88,66.56192083
1668527252.041865,1271.24,1271.24,1.69587617,-2.39,52.45757797
1668527312.7517853,1270.46,1270.46,1.37020695,-4.16,49.4639317
1668527372.7745166,1268.66,1268.66,0.88748528,-5.21,43.37264871
1668527432.7773914,1269.11,1269.11,0.67466705,-3.58,45.19286779
1668527493.5783844,1263.99,1263.99,-0.25165101,-8.56,32.4413725
1668527554.068887,1263.49,1263.49,-0.72397391,-11.05,31.48354016
1668527613.523647,1263.28,1263.28,-1.08545432,-11.17,31.10435541
1668527674.5607052,1264.85,1264.85,-1.11999072,-10.52,37.58488044
1668527734.5243,1265.54,1265.54,-1.1348789,-8.67,40.23493557
1668527794.4739008,1266.23,1266.23,-1.07920396,-5.01,42.84776764
1668527855.3563702,1266.24,1266.24,-1.0662373,-4.32,42.88976523
1668527915.3878608,1264.85,1264.85,-1.24042124,-3.81,38.90010268
1668527975.4065468,1263.68,1263.68,-1.4412741,-5.42,35.88170399
1668528036.1113122,1264.36,1264.36,-1.41296178,0.38,38.85145291
1668528096.6311386,1265.21,1265.21,-1.29763508,1.71,42.4433261
1668528156.1160629,1262.93,1262.93,-1.56668168,-0.34,36.27174361
1668528217.080299,1260.47,1260.47,-1.96549713,-4.39,31.03769735
1668528277.0625217,1263.25,1263.25,-1.70943998,-2.3,41.3418445
1668528337.107326,1262.1,1262.1,-1.82503506,-4.14,38.75017975
1668528398.1797843,1265.63,1265.63,-1.32391889,-0.6,49.23249895
1668528458.161301,1265.41,1265.41,-1.16794206,0.56,48.67341498
1668528518.159745,1266.0,1266.0,-0.93589026,2.32,50.30539294
1668528579.0260086,1266.47,1266.47,-0.71261132,2.11,51.61919701
1668528639.072231,1265.19,1265.19,-0.73988458,-0.01,47.89603038
1668528698.9827204,1265.41,1265.41,-0.64296259,2.47,48.58274554
1668528759.7588685,1265.23,1265.23,-0.59826948,4.76,48.02241702
1668528819.9008338,1265.45,1265.45,-0.51408598,2.21,48.7972066
1668528880.3771508,1266.84,1267.14,-0.23498021,5.04,54.48409478
1668528941.281711,1266.58,1266.98,-0.14838322,1.35,53.9202528
1668529001.4169464,1267.59,1267.13,0.00569008,1.72,54.01479783
1668529062.0815742,1267.13,1267.55,0.12171752,1.56,55.48196023
1668529122.8225434,1267.37,1267.22,0.17382406,0.74,54.19059695
1668529181.5761852,1267.38,1265.75,0.11650678,0.55,47.92965803
1668529242.124456,1267.48,1267.93,0.34011109,2.53,57.14133444
1668529302.9108944,1268.48,1267.84,0.43061985,2.61,55.84396232
1668529365.4011955,1267.88,1268.5,0.51736239,3.05,58.49930938
1668529423.9088085,1268.6,1268.1,0.55179334,1.25,56.15347385
1668529483.908978,1268.25,1267.43,0.52201314,0.85,52.61477077
1668529543.3138204,1267.37,1265.76,0.34643339,-1.83,45.12548465
1668529603.6345918,1264.89,1264.75,0.07327857,-2.38,41.5089858
1668529666.0933657,1267.0,1268.06,0.31605685,0.69,54.6307994
1668529725.076074,1266.08,1264.49,-0.04469322,-2.89,42.21365378
1668529786.3474498,1265.07,1264.49,-0.16673551,-2.98,42.08056855
1668529845.5657065,1264.45,1265.59,-0.2126575,-2.89,46.83135978
1668529907.4409597,1267.37,1269.01,0.1393636,1.13,57.82187474
1668529964.7802813,1269.67,1269.59,0.38924379,0.98,59.19246991
1668530025.6245265,1269.52,1269.07,0.49415648,0.81,57.14295781
1668530085.621353,1267.89,1267.16,0.34943022,-0.22,50.47939494
1668530145.625335,1269.16,1268.34,0.52250397,3.46,53.716023
1668530206.5587468,1267.64,1268.16,0.47030235,1.16,53.03285934
1668530266.58106,1267.02,1267.07,0.31001317,0.99,49.61930686
1668530326.56506,1267.18,1266.2,0.19014523,1.12,46.70582431
1668530387.41289,1266.11,1266.54,0.10876912,2.1,48.02879652
1668530447.3471344,1266.22,1266.4,0.01913722,-0.97,47.56572203
1668530507.3376622,1266.12,1264.89,-0.16963161,-4.78,42.2418645
1668530568.0859852,1264.37,1263.04,-0.47708389,-6.49,36.88801005
1668530628.1236513,1262.36,1262.31,-0.7807688,-5.58,35.0884828
1668530688.11878,1260.52,1261.48,-1.14375894,-7.67,35.34456136
1668530749.1589906,1260.93,1261.13,-1.36319177,-6.51,33.91665989
1668530809.0920084,1261.03,1262.57,-1.37898055,-4.44,40.4690577
1668530869.1224651,1261.94,1262.96,-1.3764517,-4.22,42.31954114
1668530929.8489618,1262.79,1263.64,-1.27563502,-2.47,45.23646498
1668530989.8311105,1262.42,1262.8,-1.31425028,-3.43,42.24907659
1668531049.841775,1262.28,1263.49,-1.2296371,-2.63,45.69570837
1668531110.6419747,1262.36,1264.31,-1.12040017,-0.07,49.53868546
1668531170.6038384,1263.84,1264.0,-1.00510909,1.64,48.32599023
1668531230.6079946,1263.72,1263.63,-0.92133831,3.11,46.71368483
1668531291.5865223,1264.12,1264.35,-0.74009129,3.39,50.12865165
1668531351.5770657,1264.71,1263.41,-0.6724766,2.39,45.88219008
1668531411.6086495,1263.52,1264.2,-0.56516851,2.26,49.58940166
1668531472.3526049,1264.57,1263.96,-0.47788634,1.17,48.44970441
1668531532.3337884,1264.62,1265.87,-0.23416735,3.46,56.81875617
1668531592.3791163,1265.63,1267.1,0.00153745,4.82,61.41876527
1668531653.172803,1267.85,1266.03,0.16202549,3.66,55.07599981
1668531713.1865127,1267.37,1265.88,0.30960825,2.03,54.00846754
1668531773.2317452,1265.91,1266.9,0.4217893,3.18,57.71122673
1668531834.112273,1266.74,1265.66,0.39360188,1.54,52.32468824
1668531894.6027002,1266.35,1266.52,0.48874943,1.8,55.99731845
1668531954.089265,1266.68,1266.83,0.5485596,3.31,57.21082667
1668532015.1382594,1264.9,1265.76,0.3743266,1.19,52.08258236
1668532075.1161368,1266.62,1265.37,0.37665908,0.75,50.11002084
1668532135.1505392,1266.01,1267.72,0.54671089,2.09,58.47138125
1668532196.2122955,1268.47,1269.34,0.80914504,1.49,63.00591264
1668532256.1817808,1269.52,1268.52,0.90495836,1.15,59.08558261
1668532316.158187,1268.84,1269.22,1.03401233,3.3,61.53017
1668532377.539144,1268.92,1268.84,1.05516493,2.1,60.24766331
1668532437.7110748,1269.2,1269.11,1.12216458,2.75,61.04059785
1668532497.4794464,1268.81,1268.18,1.04546311,1.5,56.36505695
1668532558.7893462,1268.9,1267.6,0.99152328,2.71,53.24645426
1668532618.74943,1268.14,1268.71,1.01352862,2.09,58.05709202
1668532678.723735,1268.55,1268.73,0.97783534,2.73,58.18477724
1668532739.7370818,1268.38,1268.08,0.87531851,-0.38,54.78001182
1668532799.7116957,1268.39,1267.9,0.8122487,-1.62,53.5804288
1668532859.5825632,1268.38,1270.34,0.95778607,1.5,64.78264493
1668532920.4500391,1269.43,1269.17,0.88089987,0.24,59.5924003
1668532980.434556,1269.4,1269.67,0.92155811,0.46,62.4033912
1668533040.4729123,1269.14,1267.01,0.68432423,-1.79,46.46386809
1668533102.4680183,1267.91,1267.56,0.62308941,-1.35,49.06658607
1668533162.6594424,1268.75,1268.77,0.68157993,0.64,55.71555447
1668533222.6315868,1269.01,1269.51,0.71846129,0.96,59.42372933
1668533283.3878255,1269.21,1269.33,0.69195836,0.95,58.60568295
1668533343.4376082,1269.45,1269.48,0.70141491,1.08,59.3920295
1668533403.4023178,1269.91,1270.12,0.77086862,1.74,62.68108216
1668533464.575146,1270.24,1270.27,0.80898097,0.85,63.42168284
1668533524.3954215,1270.32,1270.21,0.82041517,0.82,62.64250943
1668533584.4454467,1268.94,1272.76,0.94148224,3.62,68.71076758
1668533646.948082,1273.37,1273.37,1.19183668,5.46,70.31215337
1668533706.775218,1272.45,1271.27,1.1120919,2.52,58.6937958
1668533766.718386,1271.09,1272.44,1.17607108,3.44,62.22714904
1668533829.254015,1272.8,1272.46,1.24843758,3.25,61.55632555
1668533889.3168817,1271.34,1271.86,1.15156346,2.41,58.26276733
1668533949.2401226,1272.06,1272.66,1.20806097,2.75,60.74948789
1668534010.7826784,1272.55,1272.36,1.19597685,2.12,59.48969028
1668534070.551853,1272.34,1272.34,1.11532434,3.41,58.55967248
1668534130.216634,1272.34,1271.66,1.06107933,2.73,55.41588263
1668534191.05225,1271.15,1271.06,0.9140411,-2.31,52.88505937
1668534251.058173,1270.05,1270.05,0.5701828,-1.03,48.75001444
1668534311.044083,1270.5,1270.5,0.52112924,-2.3,50.67102072
1668534372.3681393,1268.72,1268.72,0.19638318,-2.62,43.69102851
1668534432.247405,1269.21,1269.21,0.12023123,-2.84,45.90030887
1668534492.261964,1270.45,1270.45,0.2044785,-2.1,51.12138159
1668534553.3339014,1270.68,1270.68,0.22254297,-0.92,52.04856499
1668534613.2217913,1269.77,1269.77,0.0917611,-2.57,48.16046809
1668534673.265494,1269.15,1269.15,-0.04314424,-1.99,45.65994033
1668534733.8639083,1269.15,1268.66,-0.08223256,-2.48,43.72759114
1668534793.203591,1266.93,1266.93,-0.5325431,-3.12,37.83116854
1668534853.218184,1267.95,1267.95,-0.51458466,-2.56,42.88016296
1668534913.216146,1267.69,1267.69,-0.59515418,-1.03,41.94503592
1668534973.2228997,1266.75,1266.75,-0.76812693,-2.46,38.66226435
1668535033.3740673,1267.37,1267.37,-0.74849904,-3.09,41.89254649
1668535093.208722,1266.54,1266.54,-0.88067171,-4.14,38.93631366
1668535153.3178403,1265.68,1265.68,-1.04450272,-4.1,36.1219117
1668535213.250489,1267.08,1267.08,-0.90805924,-2.07,43.36564323
1668535273.246582,1266.93,1266.93,-0.89952358,-0.97,42.80426501
1668535333.4881434,1266.78,1266.78,-0.89503955,-0.15,42.21869638
1668535393.2848494,1266.35,1266.35,-0.9333534,-1.6,40.5300817
1668535453.2700837,1264.28,1264.28,-1.21785544,-3.41,33.47755254
1668535513.3810246,1265.86,1265.86,-1.07415052,-0.89,41.78544894
1668535573.2385757,1264.12,1264.12,-1.29404009,-3.25,36.39482179
1668535633.2846632,1263.28,1263.28,-1.46156673,-3.26,34.10724548
1668535693.260256,1263.61,1263.61,-1.47701456,-2.06,35.8140941
1668535753.2998743,1264.76,1264.76,-1.33034346,-2.33,41.50098003
1668535813.2986434,1263.34,1263.34,-1.47349465,-3.6,37.14945712
1668535873.2946117,1264.41,1264.41,-1.32884195,-2.37,42.09777493
1668535933.303615,1263.98,1263.98,-1.3280178,-2.36,40.71507385
1668535993.3225513,1263.26,1263.26,-1.38898282,-1.02,38.50161857
1668536053.3282597,1264.67,1264.67,-1.17409785,-1.19,44.97382592
1668536113.3225849,1263.79,1263.79,-1.20426802,-0.33,42.00031851
1668536173.325202,1262.63,1262.63,-1.32317179,-0.65,38.39721034
1668536233.3136926,1262.88,1262.88,-1.29403609,-0.73,39.58279327
1668536293.3960814,1262.1,1262.1,-1.38234974,-2.66,37.14411479
1668536353.35147,1261.38,1261.38,-1.48881947,-1.95,35.00050842
1668536413.382213,1260.45,1260.45,-1.6423527,-3.95,32.43180238
1668536473.3493383,1260.31,1260.31,-1.70558312,-3.66,32.05081101
1668536533.3595247,1260.49,1260.49,-1.70024971,-2.73,33.17871331
1668536593.3406074,1258.14,1258.14,-2.0213877,-6.53,27.07725458
1668536653.3822336,1257.24,1257.24,-2.23029913,-6.56,25.16399725
1668536713.3513708,1259.07,1259.07,-2.05052814,-3.57,35.28992466
1668536773.4255798,1257.2,1257.2,-2.267536,-5.68,30.77106786
1668536833.2920363,1256.77,1256.77,-2.35501144,-5.33,29.82368209
1668536893.3675468,1253.14,1253.14,-2.88668417,-8.24,23.48783016
1668536953.470282,1251.58,1251.58,-3.26148344,-8.86,21.21276827
1668537013.3155563,1252.09,1252.09,-3.34774262,-8.21,23.6768672
1668537073.4592464,1253.97,1253.97,-3.14267104,-6.53,32.12594912
1668537133.329789,1242.98,1242.98,-4.61911811,-15.15,19.01036474
1668537193.3586404,1242.43,1242.43,-5.11348498,-14.8,18.57795556
1668537253.3966851,1243.99,1243.99,-5.186395,-15.12,23.63653452
1668537320.1314628,1242.85,1242.85,-5.44369147,-14.35,22.53978747
1668537374.199099,1242.84,1242.84,-5.51278895,-13.94,22.52915261
1668537434.2132814,1243.62,1243.62,-5.3932227,-9.47,25.27818175
1668537494.1571066,1240.48,1240.48,-5.73133703,-11.09,21.90709365
1668537554.1240616,1237.34,1237.34,-6.17794094,-14.75,19.15536412
1668537614.1668527,1238.47,1238.47,-6.10207738,-15.51,22.88507629
1668537674.1895783,1234.59,1234.59,-6.59282756,-8.37,19.55596916
1668537734.2001958,1235.3,1235.3,-6.55869611,-7.12,21.81267833
1668537794.1752915,1237.8,1237.8,-6.14756448,-6.2,29.34533323
1668537854.116887,1240.59,1240.59,-5.51848338,-2.26,36.6508542
1668537914.2124844,1239.55,1239.55,-5.28287455,-3.3,35.17522784
1668537974.1432636,1242.35,1242.35,-4.57850349,-1.28,41.90051038
1668538034.1702924,1242.85,1242.85,-4.07816148,2.37,43.03849953
1668538094.1463313,1242.64,1242.64,-3.70000083,5.29,42.65918433
1668538154.2046545,1242.24,1242.24,-3.40560096,3.77,41.90437041
1668538214.2102811,1241.63,1241.63,-3.19736685,7.05,40.72105398
1668538274.3900263,1242.91,1242.91,-2.76639648,7.61,44.35080994
1668538334.1525326,1241.87,1241.87,-2.63673198,4.06,42.17923332
1668538394.1322525,1243.1,1243.1,-2.26683533,2.52,45.5754576
1668538454.1700263,1241.29,1241.29,-2.28269696,1.73,41.68730785
1668538514.189325,1242.51,1242.51,-1.9841492,0.17,45.07834882
1668538574.1596222,1241.36,1241.36,-1.96583321,-1.49,42.55843988
1668538634.2316349,1242.57,1242.57,-1.68678239,-0.08,45.97403166
1668538694.2591689,1244.4,1244.4,-1.26586126,2.16,50.75366934
1668538754.1989863,1242.75,1242.75,-1.26989207,1.12,46.74374942
1668538814.1693473,1243.57,1243.57,-1.03952791,0.46,48.90682289
1668538874.2251756,1243.88,1243.88,-0.8515353,2.01,49.73030399
1668538934.1876085,1241.87,1241.87,-0.99994106,-1.22,44.67996606
1668538994.2137628,1237.38,1237.38,-1.61515253,-3.92,35.92469411
1668539054.1924376,1237.38,1237.68,-1.5912209,-3.62,36.81624152
1668539114.259789,1236.01,1236.01,-2.11914754,-5.36,33.59270672
1668539174.1715364,1237.74,1237.74,-2.0116433,-4.83,38.98625807
1668539234.230963,1238.79,1238.79,-1.86417603,-5.61,42.06284419
1668539294.2485304,1238.95,1238.95,-1.76977631,-3.79,42.53798201
1668539354.3192546,1238.95,1239.76,-1.70516092,-2.98,44.99719961
1668539414.2585764,1240.23,1240.23,-1.46156101,-3.69,47.06046632
1668539474.2658308,1241.81,1241.81,-1.08255584,-0.07,51.2424565
1668539534.2877986,1245.15,1245.15,-0.39864433,7.78,58.65439283
1668539594.2753143,1245.9,1245.9,0.03713439,8.64,60.14217494
1668539654.287953,1245.9,1247.07,0.13046773,9.81,62.3885271
1668539714.3251903,1247.02,1246.44,0.44455775,10.43,60.4618141
1668539774.2445438,1245.92,1245.92,0.78865007,7.14,58.84342231
1668539834.7995408,1245.66,1245.66,0.86337579,6.71,57.98527851
1668539894.218886,1246.01,1246.01,0.97719338,7.96,58.8570259
1668539954.2741578,1246.7,1246.7,1.13213679,6.47,60.57354899
1668540014.2642074,1247.62,1247.62,1.32693321,5.81,62.83445252
1668540074.2875304,1249.76,1249.76,1.70944592,4.59,67.47900784
1668540134.2801206,1250.57,1250.57,1.96979331,4.68,69.05675577
1668540194.3072684,1248.45,1248.45,1.80163332,1.42,60.76873783
1668540254.2850156,1247.07,1247.07,1.5861554,0.82,56.03653217
1668540314.9763434,1249.55,1249.55,1.83671108,3.63,61.78344002
1668540374.2741165,1249.49,1249.49,1.84860372,3.83,61.57372864
1668540434.2809875,1249.49,1249.49,1.84122048,3.49,61.55676232
1668540494.3128955,1249.45,1249.45,1.80878973,2.74,61.39275302
1668540554.3037622,1249.32,1249.32,1.7462659,1.7,60.83614443
1668540614.2822368,1250.13,1250.13,1.79939217,0.37,63.08408598
1668540674.2854917,1250.13,1249.83,1.77546055,0.07,61.69090471
1668540734.3511293,1248.83,1248.83,1.47723284,0.38,57.30348395
1668540795.138008,1249.62,1249.62,1.49255264,2.56,59.81392485
1668540854.329212,1248.73,1248.73,1.31235897,-0.82,55.83118442
1668540914.3630092,1246.4,1246.4,0.88247588,-3.09,47.00668764
1668540974.3155303,1248.29,1248.29,0.94841511,-1.21,53.43586249
1668541034.3702393,1249.0,1249.0,0.97089618,-0.46,55.61661362
1668541094.3143446,1248.71,1248.71,0.89270043,-0.61,54.50145701
1668541154.3278182,1250.17,1250.17,1.04516092,0.05,58.99297545
1668541214.3835397,1250.04,1250.04,1.04369797,1.34,58.45225492
1668541274.8278236,1250.74,1250.74,1.13773646,1.91,60.59686969
1668541334.3425171,1250.28,1250.28,1.08967129,0.66,58.46129512
1668541394.3439016,1253.47,1253.47,1.5186757,4.74,67.11788025
1668541454.4190426,1251.82,1251.82,1.40548692,5.42,60.15125752
1668541514.3512497,1251.55,1251.55,1.3657456,3.26,59.06747624
1668541574.309783,1252.04,1252.04,1.40580357,3.05,60.44211333
1668541634.3676977,1249.22,1249.22,0.9912755,0.51,49.93065246
1668541694.4403758,1249.55,1249.55,0.8774885,-0.61,51.00691665
1668541754.4691975,1249.57,1249.57,0.76055078,-0.47,51.07802668
1668541814.355911,1250.4,1250.4,0.77697153,-0.34,53.954284
1668541874.3821638,1250.45,1250.45,0.73617596,0.17,54.12924299
1668541934.4037964,1251.45,1251.45,0.83467757,-2.01,57.58446033
1668541994.386452,1251.44,1251.44,0.83780108,-0.38,57.53765944
1668542054.3975046,1249.72,1249.72,0.5875663,-1.83,50.01202149
1668542114.3960123,1250.56,1250.56,0.61168611,-1.49,53.22579422
1668542174.681133,1251.35,1251.35,0.68340531,2.13,56.07256989
1668542234.4107668,1256.41,1256.41,1.39648617,6.87,69.1110279
1668542294.3803625,1257.58,1257.58,1.78902506,8.02,71.23555942
1668542354.354705,1258.51,1258.51,2.13452473,8.11,72.83494119
1668542414.3925755,1257.29,1257.29,2.14968762,6.84,67.5108798
1668542474.3297677,1261.49,1261.49,2.80828224,10.03,74.38406056
1668542534.4074671,1261.49,1261.49,3.0291491,10.05,74.38406056
1668542594.4609787,1261.86,1261.86,3.21997684,12.15,74.92758563
1668542654.448631,1264.08,1264.08,3.62287486,13.52,77.95153214
1668542714.4475682,1261.68,1261.68,3.42047144,10.32,68.37257422
1668542774.4776742,1258.68,1258.68,2.94819985,2.28,58.64548367
1668542834.6478102,1257.77,1257.77,2.60344739,0.19,56.04105681
1668542894.5541668,1257.74,1257.74,2.35630693,-0.77,55.95283738
1668542954.423921,1257.31,1257.31,2.07629908,0.03,54.62231386
1668543014.466108,1258.0,1258.0,1.95829807,-3.5,56.40733925
1668543074.59571,1256.86,1256.86,1.63925247,-4.63,52.71758055
1668543134.45341,1255.01,1255.01,1.18033584,-6.85,47.30928636
1668543194.4678502,1255.17,1255.17,0.94557671,-8.9,47.80798915
1668543254.435743,1254.94,1254.94,0.70835953,-6.75,47.11761651
1668543314.4979205,1254.82,1254.82,0.51122862,-3.86,46.74550638
1668543374.56651,1253.65,1253.65,0.19368618,-4.12,43.09842855
1668543434.462969,1252.81,1252.81,-0.10292797,-4.93,40.64925634
1668543494.4253938,1252.43,1252.43,-0.33597908,-4.87,39.57227294
1668543554.7513268,1252.24,1252.24,-0.51722423,-5.76,38.99072742
1668543614.4842255,1253.11,1253.11,-0.51847085,-3.75,43.00923788
1668543674.4734745,1252.81,1252.81,-0.61093826,-2.2,41.99863767
1668543734.4846947,1252.68,1252.68,-0.67480835,-2.49,41.51953968
1668543794.4270637,1254.13,1254.13,-0.50529926,-0.81,48.35587632
1668543854.468469,1253.2,1253.2,-0.58820097,-1.61,44.72972197
1668543914.4731808,1253.46,1253.46,-0.55157054,-0.19,45.94915282
1668543974.458671,1253.93,1253.93,-0.46577937,1.12,48.1750429
1668544034.454484,1254.85,1254.85,-0.29320231,2.43,52.31183631
1668544094.4873805,1254.65,1254.65,-0.24042305,2.41,51.35146938
1668544154.614077,1252.79,1252.79,-0.44676625,-0.32,43.37602931
1668544214.4492962,1253.17,1253.17,-0.433373,0.37,45.24699189
1668544274.469162,1252.52,1252.52,-0.53357641,-0.17,42.6509712
1668544334.5225122,1251.69,1251.69,-0.6827089,-2.43,39.53196487
1668544394.4840045,1251.36,1251.36,-0.78592958,-1.84,38.32901726
1668544454.5529823,1249.81,1249.81,-1.05695604,-3.65,33.22660489
1668544515.4086356,1249.12,1249.12,-1.25853544,-4.82,31.27048995
1668544575.419764,1250.32,1250.32,-1.189357,-4.53,38.20545069
1668544635.4243977,1250.71,1250.71,-1.14023056,-3.94,40.32622789
1668544696.4089503,1250.5,1250.5,-1.14343303,-2.29,39.54589447
1668544756.1599407,1250.64,1250.64,-1.09999587,-2.53,40.37425585
1668544816.1566892,1251.53,1251.53,-0.93698156,-0.99,45.49197388
1668544877.0828836,1252.65,1252.65,-0.6952595,0.96,51.16729948
1668544936.9371612,1252.56,1252.56,-0.58005909,1.19,50.70651335
1668544996.903684,1252.52,1252.52,-0.48938968,2.71,50.51726727
1668545058.0861015,1252.86,1252.86,-0.35658712,3.75,52.33775172
1668545118.1134825,1251.99,1251.99,-0.39271105,1.68,47.52009736
1668545178.0506198,1250.21,1250.21,-0.61378861,-0.51,39.50731228
1668545238.758316,1251.14,1251.14,-0.53728657,0.64,44.74925135
1668545298.8085866,1253.82,1253.82,-0.15111511,3.18,56.46114791
1668545358.73817,1252.56,1252.56,-0.1924433,1.04,50.99299678
1668545419.4953234,1252.56,1252.56,-0.1432555,-0.09,50.99299678
1668545479.4709988,1252.91,1252.91,-0.05299273,0.34,52.46867998
1668545539.5645964,1250.99,1250.99,-0.27620183,-1.44,44.53336387
1668545600.5098977,1251.01,1251.01,-0.32509778,-1.85,44.63090329
1668545660.360652,1251.6,1251.6,-0.27692289,-0.39,47.4575711
1668545720.2783704,1252.13,1252.13,-0.1985917,1.92,49.93379776
1668545781.2707543,1252.13,1252.13,-0.16745769,0.99,49.93379776
1668545841.2942443,1253.11,1253.11,-0.00015774,-0.7,54.47407785
1668545901.2570486,1252.8,1252.8,0.02273176,0.25,52.83486634
1668545962.0163145,1252.43,1252.43,0.00810179,-0.13,50.87523739
1668546022.1279428,1253.62,1253.62,0.18850931,0.7,56.46544715
1668546082.0479116,1253.46,1253.46,0.22947269,2.48,55.54148799
1668546142.785168,1255.27,1255.27,0.52605836,4.27,62.8385707
1668546202.8079154,1254.05,1254.05,0.46683567,2.45,56.13374399
1668546262.7604809,1254.7,1254.7,0.58262606,2.58,58.67824089
1668546323.8173976,1254.42,1254.42,0.58711516,2.29,57.14295111
1668546383.746038,1254.5,1254.5,0.61150944,1.35,57.50248485
1668546443.768081,1252.25,1252.25,0.30121244,-0.54,46.30311881
1668546504.9928508,1250.99,1250.99,0.01717675,-1.44,41.43108984
1668546564.6032174,1251.0,1251.0,-0.12477518,-2.63,41.49612823
1668546624.5560846,1249.65,1249.65,-0.4260426,-3.8,36.70727378
1668546685.3178496,1249.0,1249.0,-0.66535943,-6.28,34.63585975
1668546745.4245045,1248.43,1248.43,-0.88461197,-5.63,32.8811946
1668546805.486282,1246.95,1246.95,-1.22052675,-7.75,28.80609267
1668546866.8765523,1248.42,1248.42,-1.1694966,-6.01,37.1392698
1668546926.8626444,1249.37,1249.37,-1.07376801,-5.12,41.87434215
1668546987.3026297,1249.54,1249.54,-1.0224891,-2.71,42.70975013
1668547047.6752007,1248.2,1248.2,-1.17008667,-2.79,38.0649836
1668547107.6920063,1248.3,1248.3,-1.17450591,-2.71,38.60026019
1668547167.6519809,1248.77,1248.77,-1.10439317,-0.89,41.1735981
1668547228.4843955,1249.54,1249.54,-0.9574015,0.54,45.22400031
1668547288.499041,1249.43,1249.43,-0.89561692,0.99,44.76399837
1668547348.481152,1248.63,1248.63,-0.94259379,1.68,41.35772751
1668547409.2965536,1248.02,1248.02,-1.00427283,-0.4,38.92927114
1668547469.2886202,1248.83,1248.83,-0.88914886,-0.54,43.64237994
1668547529.6853085,1249.24,1249.24,-0.78148523,-0.29,45.92736655
1668547590.2492876,1248.91,1248.91,-0.76111789,0.71,44.38406971
1668547650.3138738,1249.01,1249.01,-0.70171669,0.71,44.99684955
1668547710.293658,1249.35,1249.35,-0.60474222,0.58,47.11414022
1668547771.0852716,1249.17,1249.17,-0.56918441,-0.37,46.11655312
1668547831.098682,1248.42,1248.42,-0.62898625,-1.0,42.05372181
1668547891.1100214,1248.43,1248.43,-0.61976746,-0.2,42.14249192
1668547951.9871478,1247.41,1247.41,-0.75092162,-0.62,37.02851258
1668548012.4852903,1246.71,1246.71,-0.87970857,-2.12,33.97784991
1668548071.9172926,1245.22,1245.22,-1.13932212,-4.02,28.6877642
1668548132.9067323,1242.86,1242.86,-1.56898057,-6.04,22.49834432
1668548192.942952,1244.75,1244.75,-1.47366943,-4.25,34.5334426
1668548252.939065,1246.48,1246.48,-1.25514345,-2.87,43.22136387
1668548313.768551,1246.01,1246.01,-1.2441945,-3.15,41.60593408
1668548373.7885869,1247.46,1247.46,-0.98708704,-0.96,48.05620723
1668548433.752106,1247.06,1247.06,-0.92156997,-1.38,46.52930023
1668548495.0183978,1247.37,1247.37,-0.79153045,-0.04,47.91397262
1668548554.632325,1248.0,1248.0,-0.61093473,1.28,50.70431345
1668548614.613227,1248.12,1248.12,-0.48365042,2.92,51.2336954
1668548675.630899,1246.22,1246.22,-0.65574412,3.36,43.25821327
1668548735.602769,1245.71,1245.71,-0.73582334,0.97,41.38066817
1668548795.8333974,1243.41,1243.41,-1.08343701,-3.07,34.21257448
1668548856.436653,1243.96,1243.96,-1.12193883,-2.05,37.02198175
1668548916.456184,1243.55,1243.55,-1.23103589,-3.91,35.79260494
1668548976.4458628,1244.74,1244.74,-1.10987664,-2.32,41.81065015
1668549037.697663,1244.63,1244.63,-1.09221831,-2.73,41.42676368
1668549097.291629,1245.81,1245.81,-0.89224473,-2.18,47.09699397
1668549157.363865,1245.53,1245.53,-0.83810815,-2.6,45.95379101
1668549218.1454573,1245.16,1245.16,-0.82094662,-1.05,44.42591875
1668549278.2411911,1246.09,1246.09,-0.64355354,0.38,49.01449868
1668549338.112937,1247.48,1247.48,-0.35948298,4.07,54.99847722
1668549399.178297,1247.29,1247.29,-0.24654798,3.33,54.06807406
1668549459.110011,1246.42,1246.42,-0.26635785,2.86,49.89564655
1668549519.5136857,1246.4,1246.4,-0.22667069,1.67,49.80005056
1668549579.9905782,1246.07,1246.07,-0.23777734,1.45,48.16007783
1668549639.9316566,1247.26,1247.26,-0.05616412,1.46,54.03691174
1668549699.979257,1245.46,1245.46,-0.2414364,-0.07,45.60633248
1668549760.809401,1246.11,1245.93,-0.1938156,0.77,47.90238569
1668549820.8136008,1246.3,1246.52,-0.12506783,0.43,50.71582294
1668549880.7814424,1246.95,1247.19,-0.01358988,-0.28,53.83907754
1668549941.7937925,1247.0,1246.33,-0.03203479,-0.95,49.35741589
1668550001.7515287,1246.99,1246.99,0.05842829,0.58,52.88655984
1668550061.7331295,1246.75,1245.61,-0.03747876,-0.79,45.15452195
1668550122.7996805,1246.12,1245.24,-0.09591309,-0.84,43.13284655
1668550182.6092398,1245.55,1246.96,-0.01493478,-0.29,52.84469949
1668550242.5734043,1248.49,1248.91,0.27908491,3.45,60.97074023
1668550303.353806,1249.14,1248.22,0.3691356,2.11,56.64815955
1668550363.3478825,1247.91,1247.37,0.33482319,1.07,52.41493964
1668550423.356418,1247.55,1248.0,0.38421712,1.06,55.26729128
1668550484.324824,1247.74,1247.9,0.38268101,0.89,54.89668492
1668550544.5301807,1249.3,1248.14,0.4993632,1.15,54.45816164
1668550604.3607934,1248.41,1247.79,0.48630001,1.04,52.6388288
1668550665.1584103,1247.7,1247.41,0.41717615,1.3,50.79371234
1668550725.1840909,1248.09,1248.78,0.5156843,3.22,56.92131912
1668550785.1654358,1248.66,1248.77,0.53629809,0.27,56.915112
1668550845.9127965,1248.91,1249.18,0.59455008,0.04,58.71219123
1668550905.911615,1248.41,1247.94,0.47956258,0.02,51.92296909
1668550965.964198,1247.64,1246.77,0.32031262,-0.78,45.98589085
1668551026.762131,1246.59,1245.9,0.13014662,-1.83,42.114912
1668551086.6967597,1246.68,1245.0,-0.03345643,-4.3,38.41690459
1668551146.668383,1246.47,1247.49,0.07916659,-0.92,50.59042308
1668551207.761682,1246.9,1247.05,0.00318951,-0.64,48.24837064
1668551267.7328637,1246.5,1245.68,-0.16204491,-2.41,40.93191245
1668551327.7385862,1245.45,1245.21,-0.30818027,-3.45,38.79337221
1668551388.5806,1245.69,1245.5,-0.35208048,-3.4,40.60726677
1668551448.6175525,1245.23,1244.86,-0.47890532,-3.56,37.55626964
1668551508.5882852,1245.02,1245.55,-0.49228073,-2.1,42.37639382
1668551569.3887515,1245.55,1247.5,-0.35035347,0.9,54.25894507
1668551629.375494,1246.2,1246.24,-0.41636962,-0.44,47.24418541
1668551689.4061415,1247.18,1246.76,-0.282105,0.29,50.37377597
1668551750.3915436,1246.53,1245.86,-0.31964815,-1.04,45.24039053
1668551810.4950123,1245.47,1246.09,-0.33547648,-0.42,47.17655269
1668551870.3901374,1245.71,1245.6,-0.38279736,0.16,44.2424513
1668551931.1991537,1245.09,1244.55,-0.50631585,-1.13,38.99731081
1668551991.196923,1244.8,1244.21,-0.57717886,-1.03,37.31316352
1668552051.1873472,1245.82,1245.9,-0.40777937,0.89,47.66222664
1668552111.9981906,1246.35,1246.73,-0.27711868,1.17,52.63879346
1668552171.9872692,1246.2,1244.32,-0.42585044,-1.88,39.64721449
1668552231.9519246,1245.1,1244.82,-0.4164648,-2.37,41.76077095
1668552292.9819436,1244.61,1243.73,-0.55299141,-2.79,36.67747828
1668552353.0552409,1243.75,1244.99,-0.53877619,-0.49,45.10208799
1668552412.9520624,1244.3,1244.52,-0.60149836,-1.19,42.32819888
1668552473.7899456,1243.99,1245.95,-0.51923826,0.85,51.42437112
1668552534.1214845,1246.34,1246.29,-0.36584562,1.48,53.01521208
1668552593.811916,1246.58,1245.48,-0.31138509,-0.35,48.5150547
1668552654.567791,1244.49,1243.38,-0.51179786,-2.98,39.89535239
1668552714.5616982,1245.21,1246.29,-0.25750315,0.1,52.811311
1668552774.5450363,1246.72,1244.95,-0.24949468,-0.14,46.92113907
1668552835.302704,1244.98,1245.81,-0.19680008,1.21,50.53049239
1668552895.27152,1247.45,1246.72,0.01783758,2.98,53.29904376
1668552955.3714902,1247.84,1246.38,0.12516638,2.07,51.53894864
1668553016.4236171,1247.09,1247.51,0.2723267,3.51,55.77997549
1668553076.8950522,1246.91,1247.47,0.29938414,1.14,55.62640895
1668553136.4224036,1248.18,1248.13,0.45105875,1.54,57.83217923
1668553197.2345252,1246.63,1246.31,0.28343143,1.81,50.16408859
1668553257.1612206,1245.87,1244.91,0.10383803,-0.29,45.02695068
1668553317.2043672,1246.4,1247.94,0.32292651,1.22,56.23351403
1668553378.0018928,1246.42,1248.04,0.31213249,3.06,56.94717962
1668553438.0012364,1246.8,1244.74,0.05611374,-2.7,43.90139102
1668553497.9177363,1244.04,1244.35,-0.14184435,-3.48,43.02082915
1668553559.0473535,1244.2,1245.97,-0.1328223,-1.12,49.88312513
1668553619.1199713,1244.84,1244.25,-0.32042942,-2.65,43.1235429
1668553678.9661417,1244.27,1244.95,-0.33607583,-3.22,46.42299851
1668553739.7416308,1245.4,1245.07,-0.30847524,-1.56,47.02327993
1668553799.9011042,1244.95,1245.44,-0.29057631,-0.43,48.81656015
1668553859.8519585,1245.36,1247.49,-0.10651106,1.09,57.01607724
1668553920.5810182,1247.84,1248.33,0.13186266,1.91,59.77010137
1668553979.769568,1248.34,1249.49,0.38840577,2.68,63.36481793
1668554039.7480366,1248.53,1249.75,0.54720466,5.7,64.33481743
1668554099.7219882,1250.0,1250.05,0.76408754,5.86,65.18901544
1668554159.791682,1250.22,1250.19,0.93131606,5.34,65.50712423
1668554219.7955277,1249.35,1250.4,1.00611355,6.12,64.28379354
1668554279.8693798,1250.37,1250.49,1.11108123,5.08,64.57284876
1668554340.0086105,1251.77,1252.44,1.41630934,7.5,69.87146686
1668554399.8862617,1251.79,1250.93,1.39944393,5.57,63.2379848
1668554459.8118536,1251.35,1251.3,1.46629052,3.47,65.26312204
1668554519.8077314,1251.35,1251.07,1.4598196,2.74,63.75720503
1668554579.9889436,1251.04,1251.65,1.48064968,3.11,65.81557637
1668554639.835575,1251.01,1249.05,1.23390486,-0.95,51.775327
1668554699.7986803,1249.32,1248.29,1.02253608,-1.93,48.01788129
1668554759.7837603,1248.29,1248.99,0.8848715,-0.36,51.4307202
1668554819.8170924,1248.89,1248.3,0.70511296,-2.07,48.07843149
1668554879.8642442,1248.07,1248.5,0.56490459,-3.26,49.25134099
1668554939.8357503,1248.41,1248.57,0.46364876,-3.22,49.65068017
1668554999.8432622,1249.42,1249.78,0.53229364,-1.57,55.39227003
1668555060.1980174,1249.75,1249.46,0.50075077,-1.88,53.58357946
1668555119.8505418,1248.63,1249.51,0.42383379,-1.54,53.53797958
1668555179.7817712,1249.7,1249.82,0.44767227,-1.18,54.89300926
1668555239.8715389,1250.83,1251.28,0.62804612,1.97,60.67559713
1668555299.8208294,1250.81,1250.88,0.63884253,2.59,59.16737612
1668555359.8268914,1250.97,1250.91,0.67732297,2.03,59.12921145
1668555419.8821468,1249.75,1248.75,0.45036607,0.68,47.53450995
1668555479.8763103,1249.2,1250.15,0.47807356,1.73,54.25075657
1668555540.3477626,1249.38,1249.35,0.35559153,-0.06,50.41995922
1668555599.8510206,1249.71,1250.62,0.42656929,0.86,56.91130561
1668555659.8994875,1250.63,1251.29,0.50950583,2.67,59.94613729
1668555719.8537416,1251.13,1250.98,0.53346947,1.28,58.25294803
1668555780.027275,1251.5,1251.54,0.63286427,0.71,61.11186264
1668555839.8873684,1251.29,1251.02,0.61353083,0.2,57.503485
1668555899.870541,1251.13,1251.78,0.67504334,0.8,61.57791853
1668555959.8544018,1252.22,1252.69,0.80897744,2.93,65.54057882
1668556020.479348,1252.15,1252.75,0.84871108,3.56,65.70682212
1668556079.895194,1253.17,1253.18,0.9634642,3.8,67.43209613
1668556139.9446783,1253.18,1252.91,0.99398669,3.21,65.09573998
1668556199.9054933,1252.25,1251.99,0.89315785,1.36,57.95869844
1668556259.8529174,1251.35,1250.7,0.70352418,-0.43,49.60461836
1668556319.8992512,1251.02,1251.02,0.6315441,-0.48,51.5130559
1668556379.932544,1251.09,1251.4,0.58257725,0.12,53.9223869
1668556439.8918543,1251.03,1250.04,0.4019204,-1.09,44.95313179
1668556500.3959997,1249.91,1252.94,0.50287285,0.71,60.54275543
1668556559.955103,1252.7,1252.36,0.52330224,0.2,57.50200165
1668556619.932489,1252.56,1253.07,0.61667575,-0.1,60.95535224
1668556679.9084723,1252.53,1253.12,0.64103388,-0.05,61.27737611
1668556739.8736982,1253.22,1253.44,0.71824849,1.19,62.69847773
1668556799.923377,1253.5,1253.65,0.7847567,2.29,63.64329523
1668556859.964855,1253.22,1252.73,0.72491293,1.71,57.16196452
1668556919.9577174,1252.18,1252.34,0.63164552,1.25,54.45740427
1668556980.1246994,1252.45,1254.2,0.74027527,3.17,63.3487855
1668557039.9707167,1254.0,1253.24,0.72117363,3.32,57.49259198
1668557099.983438,1252.86,1253.36,0.69665766,0.65,57.59368117
1668557159.90563,1253.45,1253.15,0.68205167,0.59,56.11153716
1668557219.9642382,1252.41,1252.31,0.54462516,-0.22,51.40866416
1668557279.8917625,1252.58,1252.95,0.54468143,-0.27,54.73145929
1668557339.927937,1252.8,1252.24,0.45515082,-1.26,50.59501125
1668557399.940205,1253.0,1253.0,0.49725425,-0.23,55.05619292
1668557460.0760305,1252.91,1252.56,0.43581619,0.37,52.00732357
1668557519.980889,1252.67,1252.12,0.36002367,-0.33,48.98931547
1668557579.9113903,1251.7,1250.83,0.16213123,-3.17,41.65042519
1668557640.013032,1251.59,1250.16,0.02484175,-2.7,38.1143346
1668557699.9925148,1250.66,1250.44,-0.07861345,-3.01,39.32949923
1668557759.951079,1250.01,1248.97,-0.33314579,-3.44,32.72813557
1668557820.1760542,1248.41,1248.28,-0.59081187,-4.3,30.25556593
1668557880.0915148,1249.02,1249.99,-0.56959222,-2.8,42.01095815
1668557940.0082808,1250.49,1252.25,-0.38102968,-0.75,53.78915592
1668558000.2739928,1253.63,1254.01,-0.03543439,1.11,60.28072259
1668558060.0134475,1253.85,1254.69,0.19326031,2.03,62.6355698
1668558120.007595,1254.43,1253.15,0.24199707,1.44,55.12704479
1668558179.961835,1252.56,1252.0,0.16621288,0.4,50.09273121
1668558239.95112,1252.18,1251.55,0.11699809,0.9,48.1140093
1668558299.9958022,1251.52,1250.44,-0.02516344,0.43,43.67399141
1668558360.0524082,1249.08,1250.15,-0.24127867,1.73,44.05341274
1668558419.965698,1250.1,1250.26,-0.31715539,1.24,44.55644574
1668558480.08405,1250.65,1251.49,-0.24710786,0.99,49.70796824
1668558540.0218582,1251.6,1251.0,-0.24672444,-2.63,47.7654203
1668558600.011513,1251.14,1250.05,-0.31703223,-3.79,44.16964889
1668558660.0454345,1250.43,1249.61,-0.38957405,-4.82,42.49450768
1668558720.1436665,1250.44,1251.09,-0.29653632,-1.48,48.69352094
1668558780.0261748,1251.36,1250.73,-0.28422729,-1.46,47.13181874
1668558840.0153005,1251.46,1252.4,-0.109423,0.88,54.57271077
1668558900.0365286,1252.52,1251.04,-0.11795398,1.96,48.17961175
1668558960.0323348,1251.44,1251.93,-0.03578521,1.83,52.06797703
1668559020.164811,1252.42,1252.09,0.04632697,1.43,52.49148552
1668559079.9916906,1252.0,1251.68,0.04249839,0.08,50.5108017
1668559140.1083696,1252.24,1252.57,0.14888631,1.42,54.67444191
1668559200.0532005,1252.86,1252.74,0.22758971,2.31,55.24758614
1668559260.0317414,1253.21,1254.43,0.43229576,3.99,62.36561719
1668559320.0379567,1254.11,1252.4,0.37796234,1.04,51.86603792
1668559380.012065,1252.46,1251.89,0.31346358,0.42,49.43424466
1668559440.0635316,1251.86,1252.35,0.2892147,-0.18,51.61805058
1668559500.1735592,1253.18,1253.55,0.41626691,2.11,56.58544176
1668559560.1108348,1253.0,1252.58,0.34855314,0.17,52.02341828
1668559620.0776176,1252.54,1251.84,0.26316779,-0.17,48.38965109
1668559680.0384295,1252.88,1253.7,0.40944235,1.47,57.13879442
1668559740.0507782,1253.99,1255.95,0.65110284,3.09,65.2446855
1668559800.0688808,1255.74,1256.52,0.84681335,3.31,67.01000531
1668559860.1187158,1256.43,1255.84,0.94384334,1.71,63.26462855
1668559920.0486553,1254.83,1255.49,0.92584725,3.02,60.35263728
1668559980.6834595,1255.82,1255.81,1.00954817,3.96,61.36230571
1668560040.0597758,1255.93,1255.75,1.04560069,2.57,60.76283688
1668560100.172511,1255.82,1255.26,1.01965435,2.25,57.92750374
1668560160.0178204,1255.51,1254.86,0.96620394,2.33,55.574067
1668560220.0880916,1254.66,1253.45,0.77290347,0.56,48.4805825
1668560280.136988,1252.41,1253.72,0.58325854,-0.27,50.14443315
1668560340.0706096,1253.12,1253.45,0.43453627,-2.28,49.14313307
1668560400.0374558,1252.72,1252.34,0.21705569,-4.08,44.34615642
1668560460.4278033,1252.29,1252.83,0.12582478,-2.01,46.94994442
1668560520.1116755,1253.16,1253.55,0.13441528,-2.27,50.40601792
1668560580.086315,1252.55,1252.86,0.00173096,-3.07,47.42539875
1668560640.1598856,1253.15,1253.09,-0.00353543,-2.73,48.55298987
1668560700.1082258,1253.53,1253.99,0.07314857,-1.51,52.9733017
1668560760.1003687,1254.83,1254.92,0.23020333,0.27,56.97832287
1668560820.1382697,1254.95,1255.09,0.31477881,2.68,57.7226518
1668560880.089202,1256.28,1257.72,0.65866352,4.6,67.06402679
1668560940.134415,1257.17,1257.88,0.82447213,5.16,67.66665394
1668561000.1172612,1257.98,1257.84,0.98232635,5.55,67.04123793
1668561060.0854857,1257.52,1257.44,1.0363231,4.27,64.51357391
1668561120.0917096,1256.43,1256.28,0.93270119,3.73,57.73846154
1668561180.2171552,1256.76,1256.16,0.9240021,3.01,56.42411141
1668561240.1399238,1256.32,1256.15,0.88571362,2.62,56.29901871
1668561300.141917,1256.59,1256.97,0.9287508,2.15,60.15397007
1668561360.1618042,1257.1,1256.65,0.90685614,1.69,57.75173828
1668561420.282763,1256.17,1256.86,0.85719058,0.57,58.0864761
1668561480.179651,1256.78,1256.89,0.83660094,-0.28,58.24952126
1668561540.1003754,1256.92,1257.37,0.85607381,-0.61,60.46552503
1668561600.2034805,1257.71,1257.72,0.90856049,0.21,61.94807413
1668561660.1310103,1256.97,1257.91,0.88704263,1.48,61.2095003
1668561720.2634797,1257.08,1255.6,0.67217213,-1.16,48.7879212
1668561780.1403663,1256.27,1257.6,0.74760964,1.28,58.88996166
1668561840.1641622,1257.79,1257.85,0.78858886,1.25,59.9359002
1668561900.4188871,1258.16,1258.45,0.8674056,1.34,62.44757995
1668561960.227265,1258.45,1258.22,0.88154013,2.06,60.78367002
1668562020.1104517,1257.58,1257.67,0.79865064,0.89,57.10232085
1668562080.0986805,1258.77,1259.46,0.97514846,2.54,64.49371104
1668562140.1334424,1258.55,1257.7,0.83835365,-0.01,55.06909945
1668562200.120622,1257.59,1257.54,0.75771042,0.57,54.1485919
1668562260.1093044,1257.47,1258.44,0.76086791,1.35,58.47925825
1668562320.1678224,1256.35,1255.49,0.39375335,-0.77,43.32643091
1668562380.157936,1256.99,1258.36,0.55422118,0.57,57.51661544
1668562440.1474564,1257.59,1256.09,0.35137145,-2.08,46.23722101
1668562500.3871522,1257.22,1258.35,0.48583013,-0.11,57.50939896
1668562560.1704123,1259.3,1259.55,0.66987668,1.97,62.25246534
1668562620.14619,1259.45,1259.04,0.69960555,0.27,59.29264716
1668562680.166818,1258.3,1258.69,0.6483025,0.12,56.8303196
1668562740.1225266,1259.02,1258.94,0.68785313,1.35,57.70064309
1668562800.1942854,1258.4,1258.37,0.61102256,0.89,54.51176077
1668562860.2000515,1258.69,1258.8,0.63162511,2.46,56.53446905
1668562920.1880562,1258.32,1257.48,0.48632223,0.49,49.17415477
1668562980.1631289,1257.8,1258.2,0.47345839,0.61,53.00985663
1668563040.231606,1258.04,1258.08,0.41794149,0.87,52.40296734
1668563100.2369528,1257.65,1257.5,0.30755572,-1.8,48.92460447
1668563160.1965003,1257.48,1257.07,0.2089072,-2.37,46.32093614
1668563220.2210083,1256.98,1257.09,0.12592416,-1.21,46.59922542
1668563280.235699,1256.48,1256.1,-0.05143654,-2.93,40.89909495
1668563340.2259312,1256.82,1256.87,-0.0452889,-1.53,45.83701591
1668563400.1962678,1257.65,1257.06,-0.02114277,-1.63,47.33881711
1668563460.3621278,1257.09,1257.02,-0.0527017,-1.31,47.07646107
1668563520.284324,1257.15,1256.72,-0.09462662,-1.08,45.17391191
1668563580.2882972,1256.24,1257.14,-0.13057947,-0.89,48.69601255
1668563640.2478695,1257.37,1256.74,-0.14561875,-0.91,46.38387222
1668563700.2591078,1257.86,1258.49,0.03909031,1.01,56.50591202
1668563760.2369328,1258.67,1259.3,0.18906214,2.33,60.52375433
1668563820.1875932,1259.45,1259.32,0.30337508,2.85,60.26586148
1668563880.6506104,1259.3,1259.8,0.41778809,2.98,62.5546268
1668563940.2577298,1260.16,1259.47,0.50038045,1.81,58.97959326
1668564000.222999,1260.12,1260.99,0.69816564,3.9,67.60663818
1668564060.216287,1261.15,1261.27,0.83549433,4.12,68.70291961
1668564120.2276208,1262.32,1260.74,0.94719843,4.5,60.83047018
1668564180.2514226,1260.71,1260.23,0.91452477,2.87,57.66911834
1668564240.6396153,1259.5,1259.73,0.79554084,1.87,54.71897901
1668564300.294808,1258.89,1258.0,0.54914591,-0.67,46.21897768
1668564360.5240996,1257.74,1257.81,0.37241364,-1.63,45.47177651
1668564420.4501414,1257.94,1259.28,0.36998484,-0.02,52.86060024
1668564480.6197612,1259.81,1259.18,0.38103135,-0.99,51.95344565
1668564540.5218694,1259.09,1259.42,0.36520531,-0.71,53.02188181
1668564601.4492097,1259.66,1259.3,0.35948721,-1.84,52.21526746
1668564661.2888968,1259.13,1259.24,0.32189481,-3.09,51.91917834
1668564721.2728002,1259.0,1259.16,0.27761022,-1.54,51.55009234
1668564782.013521,1259.17,1259.13,0.25235738,-0.36,51.37611092
1668564842.044283,1259.24,1259.17,0.23966236,0.29,51.54897287
1668564902.114344,1259.18,1260.1,0.29429801,2.35,56.72672227
1668564963.1030035,1261.46,1262.0,0.5690798,4.07,64.62002279
1668565023.082482,1261.0,1261.54,0.59459456,1.73,61.89929564
1668565082.9354453,1262.43,1262.49,0.80090719,3.41,65.33118202
1668565143.6900823,1262.86,1262.6,0.92935982,2.95,64.81023894
1668565203.7244911,1262.93,1262.59,1.01642656,3.45,64.3310365
1668565263.6524754,1262.23,1261.66,0.95606352,2.66,58.1862046
1668565324.4652295,1261.33,1261.54,0.88985257,2.38,57.21467899
1668565384.7273068,1262.01,1262.1,0.92146592,2.86,59.67258979
1668565444.4331772,1262.69,1262.58,0.98161234,3.41,61.36455212
1668565505.3836722,1262.9,1262.9,1.02591044,1.44,62.96648628
1668565565.3461044,1263.57,1262.98,1.07657314,1.98,61.43485868
1668565625.4602404,1263.01,1262.6,1.03427306,0.17,58.80310597
1668565686.1630633,1262.95,1262.74,1.02018605,-0.12,59.62419954
1668565746.1971958,1263.09,1263.17,1.03088199,0.23,62.29444279
1668565806.1246943,1263.17,1262.77,0.9743463,0.53,58.9236212
1668565866.9447043,1262.71,1262.52,0.89530076,1.19,56.90289538
1668565926.9346583,1262.78,1263.66,0.93263039,1.66,63.76313898
1668565986.9010034,1264.23,1265.16,1.09038876,2.47,70.09434548
1668566048.4072886,1266.32,1268.39,1.49504652,5.49,78.72673272
1668566108.4427931,1266.52,1265.89,1.40856074,2.32,69.08548003
1668566168.3995535,1265.34,1266.25,1.43584153,3.23,68.35671558
1668566229.2031672,1266.71,1264.74,1.38248706,1.78,57.84617824
1668566289.237439,1264.03,1265.07,1.27878521,1.98,58.29723129
1668566349.175876,1264.53,1263.53,1.07124018,0.35,51.70271203
1668566410.5059774,1263.58,1262.92,0.88583499,0.2,48.99740983
1668566469.982456,1262.91,1263.22,0.75004527,0.45,50.36593517
1668566529.9396489,1263.44,1262.94,0.6269485,-1.29,49.01353583
1668566590.683387,1263.63,1263.63,0.51174389,-2.9,52.20939765
1668566650.7134483,1263.79,1263.79,0.48404818,-1.55,52.95511783
1668566711.0488694,1263.79,1263.58,0.46729604,-1.76,51.82144503
1668566771.6061838,1262.66,1262.66,0.22969716,-1.36,47.14904894
1668566831.6137311,1262.17,1262.17,0.08291828,-2.35,44.77629964
1668566892.037922,1261.02,1261.02,-0.16496646,-2.57,39.72369827
1668566952.344293,1261.23,1261.23,-0.25635356,-1.68,41.03692884
1668567012.3306367,1260.31,1260.31,-0.46820102,-3.13,37.22948073
1668567072.5070715,1260.03,1260.03,-0.61029972,-2.96,36.10013265
1668567133.07776,1260.54,1260.54,-0.624465,-3.09,39.62675336
1668567193.6923766,1261.01,1261.01,-0.59450611,-2.77,42.72326869
1668567253.0222473,1260.24,1260.24,-0.70309882,-3.03,39.18262302
1668567314.0660443,1260.21,1260.21,-0.73627324,-2.45,39.05151051
1668567374.0772846,1260.01,1260.01,-0.78026244,-2.16,38.10411394
1668567434.0702744,1260.59,1260.59,-0.71010399,-0.43,42.5022318
1668567494.8180246,1259.7,1259.7,-0.8091156,-1.52,38.05561771
1668567554.8322132,1260.28,1260.28,-0.74109421,-0.02,42.27635893
1668567614.8484397,1260.23,1260.23,-0.72266433,0.2,42.01483373
1668567675.6595805,1259.45,1259.45,-0.80711814,-1.1,37.98860156
1668567735.6485577,1260.69,1260.69,-0.63880775,-0.32,46.74199314
1668567795.6223102,1260.65,1260.65,-0.58405553,0.42,46.52797466
1668567857.003153,1260.96,1260.96,-0.48693935,0.76,48.60880758
1668567917.3451512,1260.67,1260.67,-0.46568106,0.67,46.77393789
1668567977.0501492,1260.49,1260.49,-0.45166419,-0.11,45.62576017
1668568037.7749712,1261.34,1261.34,-0.30351121,1.63,51.65075336
1668568097.7340777,1261.52,1261.52,-0.21289834,1.25,52.8538668
1668568157.7601757,1262.12,1262.12,-0.06590248,1.9,56.69602344
1668568218.530789,1261.7,1261.7,-0.04561481,2.26,53.42225634
1668568278.5804305,1262.51,1262.51,0.11154424,1.81,58.42099048
1668568338.5152566,1262.94,1262.94,0.24355557,2.3,60.82076911
1668568399.2820096,1263.31,1263.31,0.36901204,2.34,62.84991271
1668568459.2201462,1263.02,1263.02,0.39959484,2.34,60.24798543
1668568519.2649558,1262.95,1262.95,0.42722233,2.46,59.60125015
1668568580.2592318,1262.27,1262.27,0.35162265,0.92,53.64266076
1668568640.200356,1262.69,1262.69,0.39025693,1.18,56.53314976
1668568700.3887403,1262.08,1262.08,0.30359768,-0.03,51.50964725
1668568761.0174246,1261.99,1261.99,0.25764452,0.28,50.79251294
1668568821.1043687,1261.28,1261.28,0.12334689,-1.24,45.44003627
1668568880.9566357,1261.69,1261.69,0.11906464,-1.26,48.80348465
1668568941.8023164,1260.64,1260.64,-0.05846177,-2.67,41.69562913
1668569001.811519,1260.1,1260.1,-0.20883535,-2.93,38.62474341
1668569061.9701755,1259.99,1259.99,-0.30482877,-2.97,37.96552209
1668569122.8176043,1260.52,1260.52,-0.29477549,-1.75,42.74163647
1668569182.836349,1261.0,1261.0,-0.24881955,-1.69,46.73901759
1668569242.8198147,1261.5,1261.5,-0.16992214,-0.58,50.61333589
1668569303.6105635,1261.5,1261.5,-0.13742124,-0.49,50.61333589
1668569363.5993009,1261.98,1261.98,-0.04253752,0.71,54.32185169
1668569423.5439072,1262.0,1262.0,0.00449792,0.32,54.48112602
1668569484.363881,1261.99,1261.99,0.03987507,1.34,54.37525245
1668569544.313147,1262.47,1262.47,0.1349918,2.38,58.29746213
1668569604.2832024,1262.86,1262.86,0.2337226,2.86,61.15582697
1668569665.2453215,1261.46,1261.46,0.08488909,0.93,48.22429839
1668569725.1838202,1262.69,1262.69,0.2293144,1.68,56.83976001
1668569785.2211947,1263.86,1263.86,0.42775869,2.36,63.12887851
1668569845.9844785,1263.31,1263.31,0.42872737,1.81,58.81092611
1668569905.9903054,1263.6,1263.6,0.49934537,1.62,60.38699861
1668569965.975233,1263.76,1263.76,0.55285956,1.77,61.25915164
1668570026.8356628,1263.94,1263.94,0.60455656,1.94,62.2609946
1668570086.8698068,1264.33,1264.33,0.68082003,1.86,64.41657806
1668570146.702852,1265.61,1265.61,0.89063115,2.74,70.37410591
1668570207.4621053,1265.61,1265.61,0.96424819,4.16,70.32007546
1668570267.4592357,1264.79,1264.79,0.89502862,2.1,62.56461091
1668570327.465613,1265.22,1265.22,0.94325746,1.37,64.76030534
1668570388.7487347,1265.89,1265.89,1.03751639,2.57,67.92111387
1668570448.4678218,1264.78,1264.78,0.90138041,1.18,58.58179101
1668570508.469314,1263.64,1263.64,0.69328612,-0.11,50.8120521
1668570569.2710445,1263.83,1263.83,0.6204478,-0.11,51.95012827
1668570629.2938025,1263.79,1263.79,0.53877161,-0.52,51.67269567
1668570689.6978805,1263.69,1263.69,0.45637918,-1.92,50.95390816
1668570750.0633638,1263.24,1263.24,0.32926264,-2.36,47.73593764
1668570810.024727,1263.8,1263.8,0.33382129,-0.98,51.80369557
1668570870.0866115,1264.87,1264.87,0.44922181,-0.35,58.47709586
1668570931.066513,1264.61,1264.61,0.43088728,-1.27,56.43374533
1668570991.0259728,1264.65,1264.65,0.43290068,-0.13,56.6893072
1668571051.539785,1264.51,1264.51,0.40849497,0.86,55.49583531
1668571111.9078424,1264.92,1264.92,0.45080202,1.08,58.32220515
1668571171.9098148,1264.84,1264.84,0.44187744,1.04,57.55868291
1668571232.1062157,1264.86,1264.86,0.43767681,1.17,57.70774708
1668571292.6871512,1264.54,1264.54,0.38229606,1.3,54.40519032
1668571352.678717,1264.08,1264.08,0.29014803,0.27,50.00408546
1668571412.6740112,1263.54,1263.54,0.16705976,-1.33,45.3498393
1668571473.6986473,1263.2,1263.2,0.05440575,-1.41,42.65762064
1668571533.6618938,1262.99,1262.99,-0.04291224,-1.65,41.03716557
1668571593.6587403,1262.93,1262.93,-0.11402636,-1.59,40.56304634
1668571654.547102,1262.56,1262.56,-0.21699725,-2.36,37.67256258
1668571714.4475615,1261.82,1261.82,-0.37606708,-3.02,32.655373
1668571774.4383717,1262.48,1262.48,-0.3581008,-2.38,40.26040077
1668571835.2702434,1261.81,1261.81,-0.47528127,-2.72,35.7629156
1668571895.2252915,1261.99,1261.99,-0.49496902,-2.09,37.76836776
1668571955.210059,1262.15,1262.15,-0.49214423,-1.39,39.59882272
1668572016.0183022,1262.05,1262.05,-0.50908376,-1.15,38.84606191
1668572076.0020933,1261.2,1261.2,-0.63046212,-1.79,33.08831031
1668572136.0740654,1261.12,1261.12,-0.67655879,-1.81,32.59857626
1668572196.993149,1261.7,1261.7,-0.61735825,-0.86,39.61231343
1668572256.9925127,1261.9,1261.9,-0.57315873,0.07,41.8193703
1668572316.9879742,1262.07,1262.07,-0.51984104,-0.4,43.72748455
1668572377.776132,1261.86,1261.86,-0.51245485,0.05,41.89943009
1668572437.803296,1261.5,1261.5,-0.5385936,-0.48,38.8973483
1668572497.7536974,1261.23,1261.23,-0.56921883,-0.93,36.83266765
1668572558.5880656,1259.56,1259.56,-0.80591752,-2.49,27.03492077
1668572618.585364,1259.99,1259.99,-0.81639596,-1.21,32.05090962
1668572678.588422,1258.8,1258.8,-1.01039804,-2.32,26.60086089
1668572739.6427605,1257.99,1257.99,-1.19039279,-3.72,23.65013643
1668572799.5789862,1258.72,1258.72,-1.16465437,-3.17,31.01417544
1668572859.6284356,1258.83,1258.83,-1.16129128,-3.24,32.08727355
1668572920.4027455,1258.71,1257.71,-1.24964873,-4.15,27.14286551
1668572980.420125,1257.91,1257.95,-1.26442941,-3.55,28.28843867
1668573040.375113,1257.73,1257.73,-1.30644081,-3.49,27.23958639
1668573101.217105,1257.63,1258.01,-1.2945314,-1.54,31.26164136
1668573161.4674168,1258.47,1258.89,-1.1656581,-1.1,40.01347946
1668573221.20696,1258.8,1258.8,-1.09163664,0.0,39.21987486
1668573282.369993,1258.48,1258.4,-1.06782011,0.4,36.77875883
1668573342.4577813,1258.15,1258.64,-1.01262811,-0.08,40.2782859
1668573402.225497,1258.7,1258.81,-0.92682184,-0.02,41.92973845
1668573463.0127826,1258.04,1258.22,-0.94602276,-0.48,38.50256174
1668573522.9962718,1258.08,1257.63,-0.95846481,-0.29,34.33434437
1668573582.9582615,1257.43,1257.71,-0.95385157,-0.01,36.28783196
1668573643.8287709,1257.93,1257.41,-0.93724894,-0.21,35.37782534
1668573703.792313,1257.32,1257.7,-0.9103353,-0.76,38.77249016
1668573763.8355918,1257.46,1257.43,-0.90956105,-1.38,36.18065561
1668573824.6789868,1257.6,1257.7,-0.85095536,-0.78,39.03230897
1668573884.6766007,1257.72,1257.72,-0.80252349,-0.44,39.28244996
1668573944.6442206,1257.28,1257.33,-0.8149027,-1.35,36.7789457
1668574005.7013135,1257.23,1257.99,-0.74256546,-0.05,44.46812296
1668574065.8073862,1257.66,1258.21,-0.67332873,0.14,46.90520021
1668574125.6652255,1258.28,1258.68,-0.54898113,1.25,51.29933271
1668574186.6099594,1258.77,1258.15,-0.48579673,0.22,46.61994442
1668574246.9806914,1258.59,1257.87,-0.43224349,0.56,44.12843471
1668574306.5780244,1257.73,1258.25,-0.39116901,0.8,47.97536731
1668574367.3905227,1258.28,1257.89,-0.37265069,0.29,45.12039525
1668574427.36099,1258.22,1258.57,-0.28181635,0.84,50.96219712
1668574487.353175,1258.12,1258.04,-0.29743298,0.75,46.11419232
1668574548.444826,1258.06,1258.0,-0.28072889,0.78,45.72117431
1668574608.4228425,1257.88,1258.02,-0.27024695,0.36,46.23233986
1668574668.4323747,1258.21,1257.88,-0.25154583,-0.4,45.04034553
1668574729.5548208,1257.7,1258.07,-0.24244773,-0.71,47.6015149
1668574789.2087834,1258.4,1258.3,-0.18139343,-0.29,49.81134692
1668574849.1420772,1257.77,1257.39,-0.25797704,-0.34,42.08581737
1668574910.0720782,1257.53,1258.21,-0.20787804,-0.07,49.85712153
1668574970.0738008,1257.59,1257.11,-0.30155888,-1.1,39.79551745
1668575030.0023782,1257.01,1256.31,-0.402121,-1.81,34.22348804
1668575091.079272,1255.94,1256.38,-0.48666497,-1.67,37.02028721
1668575151.2567232,1255.98,1255.29,-0.63582909,-2.6,28.80425717
1668575211.144595,1255.41,1255.38,-0.70650451,-2.83,29.2365983
1668575271.919847,1253.87,1255.46,-0.84732945,-2.23,38.11048835
1668575331.9000225,1255.86,1255.48,-0.82802535,-2.93,39.1490554
1668575391.8903873,1255.48,1255.05,-0.86215076,-2.72,37.05059206
1668575452.7406871,1255.64,1255.99,-0.76836302,-1.54,43.14140708
1668575512.791073,1255.52,1255.7,-0.77569831,-1.88,41.29802806
1668575572.714408,1255.9,1256.29,-0.68322211,-0.72,46.08110032
1668575633.5666337,1255.94,1255.84,-0.67232131,-0.11,42.60494013
1668575693.6662543,1256.16,1255.55,-0.63829416,-0.44,41.02333452
1668575753.6231816,1255.69,1256.09,-0.57327686,0.68,45.55989308
1668575814.5547245,1255.64,1255.94,-0.56422665,2.06,44.55547656
1668575874.5334997,1255.79,1256.44,-0.49192476,0.58,49.26108848
1668575934.551293,1256.85,1257.26,-0.32962281,1.77,55.54828956
1668575995.472387,1257.39,1257.19,-0.22128386,1.55,54.62951503
1668576055.378047,1258.03,1257.52,-0.06394537,2.01,56.00490508
1668576115.4520843,1258.02,1258.18,0.09161535,2.28,61.60005575
1668576176.305893,1258.33,1258.6,0.22331746,2.65,64.26110571
1668576236.173946,1258.07,1258.03,0.23708592,1.87,59.34948423
1668576296.2773616,1257.86,1258.16,0.27757108,2.48,59.85604786
1668576357.2424312,1258.45,1257.98,0.31963827,2.35,56.95887282
1668576417.2291536,1257.84,1258.32,0.34995429,2.54,59.13557053
1668576477.214284,1257.46,1257.55,0.26407574,0.71,52.87154876
1668576538.1420114,1257.68,1258.26,0.31217707,0.87,58.42290947
1668576598.068297,1258.45,1258.24,0.34767162,0.21,57.61909127
1668576658.0800862,1257.76,1258.58,0.35844377,0.55,58.98613695
1668576718.9301944,1259.12,1258.51,0.4192323,0.18,56.9112284
1668576779.092567,1258.13,1258.01,0.36566593,-0.07,53.21384392
1668576838.9045124,1257.85,1257.45,0.28875383,-0.41,49.21885078
1668576899.9875884,1256.75,1257.36,0.18552746,-1.08,49.08596339
1668576959.9952035,1256.59,1256.12,-0.00129542,-1.72,41.22290216
1668577020.053292,1255.66,1256.21,-0.12005435,-1.25,43.07151414
1668577080.956036,1257.04,1256.29,-0.12609529,-1.39,44.3614499
1668577140.9037397,1256.4,1256.13,-0.18601351,-2.31,43.47418911
1668577201.0492969,1256.26,1256.12,-0.23051317,-1.65,43.36337391
1668577261.824925,1256.95,1255.77,-0.24830076,-3.34,42.31772146
1668577321.818113,1256.5,1256.45,-0.21207584,-1.68,45.77268478
1668577381.775253,1255.53,1256.08,-0.31308114,-1.77,44.68693998
1668577442.7816586,1256.37,1255.98,-0.32188084,-0.78,44.38376935
1668577502.656935,1256.44,1257.17,-0.21934652,0.59,51.56156897
1668577562.6332817,1256.31,1255.91,-0.31812813,0.25,43.76152918
1668577623.6837144,1256.46,1257.04,-0.21413809,0.01,51.36428857
1668577683.6522107,1256.62,1256.18,-0.26031167,-0.23,45.38140124
1668577743.6259046,1256.11,1256.15,-0.27396665,-0.12,45.28389334
1668577804.516424,1256.45,1256.68,-0.21578658,-0.27,49.49641708
1668577864.4278293,1256.85,1256.65,-0.17841744,0.15,49.19959177
1668577924.4329772,1256.25,1255.6,-0.26612814,0.07,42.07091172
1668577985.2833312,1254.17,1255.03,-0.44097503,-1.33,41.401836
1668578045.2781105,1255.44,1256.28,-0.35735564,-0.16,49.04950579
1668578105.3620334,1256.38,1256.55,-0.28632172,0.23,50.54705771
1668578166.3902,1256.58,1255.61,-0.30740934,-0.86,45.41859038
1668578226.3431315,1256.35,1256.13,-0.23523524,-0.48,48.02526392
1668578286.9700844,1255.93,1254.72,-0.34642919,-1.38,40.54876077
1668578347.3370051,1255.36,1258.05,-0.11265616,1.6,58.19624775
1668578407.415847,1258.1,1258.11,0.04027434,1.26,58.43817167
1668578467.779724,1257.49,1256.84,0.01762705,0.59,51.46944936
1668578528.1457305,1256.58,1257.03,0.03695045,2.87,52.39039803
1668578588.2879455,1257.39,1258.39,0.19796532,2.94,58.26163261
1668578648.0952892,1258.37,1258.77,0.32845141,2.39,59.79023856
1668578709.2965186,1258.2,1258.72,0.38972092,2.15,59.46123104
1668578769.284453,1259.75,1259.59,0.60236327,3.25,62.25358807
1668578829.2573788,1259.34,1258.73,0.6130978,2.8,57.26024798
1668578890.2818522,1259.97,1259.24,0.74720192,3.89,58.74974846
1668578950.10494,1259.26,1258.84,0.73496183,0.74,56.43006882
1668579010.0674644,1258.36,1257.59,0.58709289,0.09,49.98216645
1668579071.0227995,1255.31,1255.31,0.03005198,-2.07,40.9560028
1668579130.9824424,1255.13,1255.13,-0.14474987,-3.23,40.26508875
1668579190.9347754,1253.89,1253.89,-0.44972694,-4.31,36.03665549
1668579252.59788,1254.75,1254.75,-0.48509788,-5.01,40.67031235
1668579312.6248848,1251.8,1251.8,-0.97743498,-7.54,32.04797177
1668579373.1948884,1251.65,1251.65,-1.19010208,-8.32,31.71227857
1668579433.488045,1252.7,1252.7,-1.18411275,-6.55,37.15759193
1668579493.512172,1252.75,1252.75,-1.22449152,-5.61,37.4099842
1668579553.567563,1253.03,1253.03,-1.20634147,-3.2,38.88445882
1668579614.3799052,1250.93,1250.93,-1.49273495,-4.37,32.59255888
1668579674.3852112,1250.84,1250.84,-1.58096386,-4.39,32.34890721
1668579734.3895173,1246.42,1246.42,-2.25251054,-7.48,23.27647222
1668579795.1497967,1248.23,1248.23,-2.22085851,-6.52,31.74583973
1668579855.124729,1248.11,1248.11,-2.30021357,-3.7,31.47356001
1668579915.3494897,1248.4,1248.4,-2.28829392,-3.24,32.84511383
1668579976.161732,1247.94,1247.94,-2.33602025,-4.77,31.76580481
1668580036.1296318,1246.57,1246.57,-2.51231502,-6.19,28.76494959
1668580096.2221086,1247.08,1247.08,-2.46283816,-5.95,31.39164007
1668580156.999937,1245.92,1245.92,-2.59247884,-5.01,28.82534943
1668580217.0596154,1246.39,1246.39,-2.52494048,-4.46,31.30471845
1668580276.999754,1247.7,1247.7,-2.28744146,1.29,37.80767347
1668580337.78274,1247.71,1247.71,-2.15637564,-0.51,37.85975155
1668580397.7905955,1247.54,1247.54,-2.05376219,-0.57,37.33235048
1668580457.81396,1246.71,1246.71,-2.05542739,-1.68,34.73932365
1668580519.2993014,1246.54,1246.54,-2.00609039,-1.39,34.2197838
1668580578.9203238,1245.36,1245.36,-2.10075745,-1.19,30.77891164
1668580638.8880265,1244.1,1244.1,-2.25473797,-2.98,27.58711087
1668580699.6777072,1244.85,1244.85,-2.16615263,-1.06,32.07268815
1668580759.6708589,1245.55,1245.55,-2.01997445,-0.84,36.08551768
1668580819.6793587,1244.72,1244.72,-2.04226735,-2.98,33.52694787
1668580880.4865844,1244.33,1244.33,-2.04034137,-3.37,32.37705432
1668580940.4964092,1244.31,1244.31,-1.99464902,-3.22,32.35412286
1668581000.4479096,1243.51,1243.51,-2.04733413,-3.21,29.88425
1668581061.8987527,1243.32,1243.32,-2.04275538,-3.22,29.36593653
1668581121.8660362,1243.67,1243.67,-1.95452791,-1.69,31.91869574
1668581181.9949846,1245.06,1245.06,-1.68850187,0.95,41.02027346
1668581242.8778305,1245.1,1245.1,-1.54204543,0.26,41.26814386
1668581302.6955042,1246.0,1246.0,-1.28437593,0.46,46.60311987
1668581362.675925,1246.61,1246.61,-1.03849569,1.88,49.92726074
1668581423.482527,1246.67,1246.67,-0.86303771,2.34,50.25488253
1668581543.4665842,1244.61,1244.61,-0.96698511,1.1,40.34514779
1668581604.36924,1245.1,1245.1,-0.87285461,1.79,43.38329754
1668581664.212223,1247.95,1247.95,-0.41627524,4.29,57.05991069
1668581724.2311037,1248.09,1248.09,-0.21276119,3.04,57.6046637
1668581785.2627037,1247.92,1247.92,-0.08242889,2.83,56.67825021
1668581845.3102372,1248.72,1248.72,0.14371258,2.72,59.99560235
1668581905.2216513,1248.93,1248.93,0.29893773,2.33,60.8400471
1668581966.0710738,1249.01,1249.01,0.41533028,2.34,61.17626144
1668582026.0329328,1248.67,1248.67,0.44872471,3.65,58.86317752
1668582086.2615526,1248.61,1248.61,0.48254285,4.0,58.44322553
1668582146.883693,1248.98,1248.98,0.56020947,3.89,60.29226298
1668582206.8208327,1248.89,1248.89,0.5782028,0.94,59.58794384
1668582266.8387034,1249.54,1249.54,0.68383741,1.46,62.91458339
1668582327.846591,1249.97,1249.97,0.77772685,2.04,65.0292514
1668582387.830785,1251.01,1251.01,0.96319117,2.29,69.48177327
1668582447.9323473,1250.66,1250.66,0.98242919,1.73,66.37896615
1668582508.5407038,1250.71,1250.71,1.01587388,1.7,66.60499388
1668582568.6305218,1250.06,1250.06,0.93548948,1.39,60.87543999
1668582628.5976183,1247.94,1247.94,0.60278559,-0.67,46.74997916
1668582689.519529,1247.58,1247.58,0.41685923,-1.41,44.84695292
1668582749.3079088,1246.84,1246.84,0.18433148,-2.05,41.13980836
1668582809.3307562,1246.91,1246.91,0.05619596,-2.64,41.6313241
1668582870.4759688,1245.0,1245.0,-0.31859693,-4.96,33.42601054
1668582930.500358,1245.28,1245.28,-0.44966091,-5.73,35.43129643
1668582990.506228,1245.81,1245.81,-0.49042477,-4.84,39.14766167
1668583051.297782,1246.89,1246.89,-0.39722661,-3.82,46.02380245
1668583111.6315184,1247.03,1247.03,-0.36739002,-3.03,46.86202901
1668583171.3278918,1247.78,1247.78,-0.24317096,-0.16,51.23549788
1668583232.0608103,1248.31,1248.31,-0.11440466,0.73,54.10707758
1668583292.293876,1247.54,1247.54,-0.15418947,0.7,49.54255828
1668583352.0351346,1248.59,1248.59,0.01356836,1.68,55.08937238
1668583412.8323572,1248.52,1248.52,0.0687031,3.51,54.65775289
1668583472.7974875,1248.5,1248.5,0.11328051,3.21,54.52126121
1668583532.8040943,1248.47,1248.47,0.143299,2.66,54.31029056
1668583593.7796326,1247.83,1247.83,0.07658772,0.94,49.87630916
1668583653.803826,1247.15,1247.15,-0.03206266,0.12,45.61068163
1668583713.943409,1248.69,1248.69,0.14275068,0.92,54.99997835
1668583774.6932096,1248.73,1248.73,0.18687529,0.42,55.22060075
1668583834.5571427,1248.51,1248.51,0.18572558,0.97,53.69536476
1668583894.5638533,1247.44,1247.44,0.04582529,-1.16,46.88476144
1668583955.3160796,1247.3,1247.3,-0.01783761,-1.22,46.07556441
1668584015.3061705,1248.22,1248.22,0.07129984,-0.29,52.03291604
1668584075.296357,1248.6,1248.6,0.13778344,0.13,54.26225028
1668584136.3640032,1249.2,1249.2,0.24936015,1.37,57.62047153
1668584196.3337016,1248.61,1248.61,0.21179163,1.45,53.45354906
1668584256.290724,1248.06,1248.06,0.14031025,-0.63,49.84227186
1668584317.0272117,1248.83,1248.83,0.22469028,0.11,54.49799216
1668584377.0237415,1248.54,1248.54,0.19974469,0.04,52.52876555
1668584437.026815,1247.83,1247.83,0.09568161,0.39,47.93574096
1668584497.8958876,1248.31,1248.31,0.12528895,1.02,51.05180132
1668584557.9186947,1248.6,1248.6,0.15805316,0.39,52.88645216
1668584618.0587358,1249.08,1249.08,0.23165109,0.47,55.83700343
1668584679.41221,1249.27,1249.27,0.2835325,0.06,56.98534438
1668584739.0815527,1248.86,1248.86,0.25111567,0.26,53.73813813
1668584798.913879,1249.86,1249.86,0.38922753,1.79,59.76493043
1668584859.84882,1250.3,1250.3,0.49332418,1.48,62.10256362
1668584919.7259755,1249.89,1249.89,0.48380106,1.35,58.68129509
1668584979.787524,1250.77,1250.77,0.6208503,2.94,63.34846203
1668585041.0586724,1250.94,1250.91,0.68840466,2.6,63.86720537
1668585100.9704762,1250.71,1250.56,0.68199858,1.96,60.69812415
1668585161.5263488,1250.59,1250.59,0.68656419,1.51,60.96150339
1668585221.7672172,1249.02,1248.43,0.41019662,-0.84,45.07524432
1668585281.6912904,1249.23,1249.14,0.39365441,0.28,49.53463536
1668585341.6918423,1249.75,1249.6,0.40047362,-0.25,52.50493035
1668585403.099261,1248.95,1248.95,0.27124219,-1.35,48.09898512
1668585463.0114188,1247.8,1248.16,0.07367718,-1.73,44.06796799
1668585522.8169558,1247.68,1246.21,-0.19581029,-4.56,33.9978957
1668585583.534438,1245.6,1245.23,-0.48983778,-5.72,30.49314317
1668585643.5539854,1245.55,1245.01,-0.67371933,-5.7,29.63732655
1668585703.5484073,1237.73,1239.05,-1.75455297,-11.55,22.97818874
1668585764.3275588,1240.1,1239.66,-2.01242193,-9.35,26.96543161
1668585824.3002124,1241.31,1243.26,-1.86958414,-5.97,40.10461704
