time,open,close,macd,mom,rsi
1666568997.8196836,19564.52,19565.75,1.41447993,-6.31,48.99690724
1667948866.013487,1329.22,1326.68,0.96731101,2.95,56.12560708
1667948873.227252,1329.22,1326.68,0.96731101,2.95,56.12560708
1667948883.3177805,1329.22,1326.68,0.96731101,2.95,56.12560708
1667948893.8628197,1328.24,1328.24,1.35258973,11.54,58.78587396
1667948903.4412117,1328.24,1328.24,1.35258973,11.54,58.78587396
1667948913.319425,1328.24,1328.24,1.35258973,11.54,58.78587396
1667948923.2836566,1328.24,1328.06,1.33823075,11.36,58.44166724
1667948934.4671097,1328.24,1328.06,1.33823075,11.36,58.44166724
1667948944.5057957,1328.24,1328.06,1.33823075,11.36,58.44166724
1667948954.4353323,1329.5,1329.5,1.72026557,10.92,60.40977633
1667948964.5070052,1329.5,1329.5,1.72026557,10.92,60.40977633
1667948974.4779444,1329.5,1329.5,1.72026557,10.92,60.40977633
1667948984.4918792,1329.5,1328.69,1.65565019,10.11,58.79900237
1667948994.552282,1329.5,1328.69,1.65565019,10.11,58.79900237
1667949004.5027745,1329.5,1328.69,1.65565019,10.11,58.79900237
1667949014.5448203,1329.2,1329.2,1.86694342,11.88,59.80300662
1667949024.469049,1329.2,1329.2,1.86694342,11.88,59.80300662
1667949034.5665178,1329.2,1329.2,1.86694342,11.88,59.80300662
1667949044.7765963,1329.2,1330.43,1.96506308,13.11,61.51000483
1667949054.6817446,1329.2,1330.43,1.96506308,13.11,61.51000483
1667949064.6068945,1329.2,1330.43,1.96506308,13.11,61.51000483
1667949074.485823,1331.77,1331.77,2.3426377,16.25,63.21195145
1667949084.9117577,1331.77,1331.77,2.3426377,16.25,63.21195145
1667949094.5643618,1331.77,1331.77,2.3426377,16.25,63.21195145
1667949104.5598748,1331.77,1330.25,2.22138414,14.73,59.97248423
1667949115.305476,1331.77,1330.25,2.22138414,14.73,59.97248423
1667949125.2711158,1331.77,1330.25,2.22138414,14.73,59.97248423
1667949135.250564,1330.13,1330.13,2.29617775,11.77,59.73082102
1667949145.1567304,1330.13,1330.13,2.29617775,11.77,59.73082102
1667949155.2260094,1330.13,1330.13,2.29617775,11.77,59.73082102
1667949165.1387146,1330.13,1330.05,2.28979598,11.69,59.55851685
1667949175.1664686,1330.13,1330.05,2.28979598,11.69,59.55851685
1667949185.2456784,1330.13,1330.05,2.28979598,11.69,59.55851685
1667949195.274407,1329.61,1329.61,2.26321681,5.12,58.62673488
1667949205.327824,1329.61,1329.61,2.26321681,5.12,58.62673488
1667949215.4511297,1329.61,1329.61,2.26321681,5.12,58.62673488
1667949225.2854488,1329.61,1330.46,2.33102308,5.97,59.93604786
1667949235.2659523,1329.61,1330.46,2.33102308,5.97,59.93604786
1667949245.6796584,1329.61,1330.46,2.33102308,5.97,59.93604786
1667949255.2807975,1331.32,1331.32,2.48458976,5.85,61.17423425
1667949265.260649,1331.32,1331.32,2.48458976,5.85,61.17423425
1667949275.2877626,1331.32,1331.32,2.48458976,5.85,61.17423425
1667949285.3040462,1331.32,1333.32,2.64413392,7.85,63.96119328
1667949297.0146716,1331.32,1333.32,2.64413392,7.85,63.96119328
1667949306.3623476,1331.32,1333.32,2.64413392,7.85,63.96119328
1667949316.2905607,1331.95,1331.95,2.61314083,3.42,62.08659734
1667949326.379985,1331.95,1331.95,2.61314083,3.42,62.08659734
1667949336.3721728,1331.95,1331.95,2.61314083,3.42,62.08659734
1667949346.4063103,1331.95,1330.91,2.53017787,2.38,59.57017078
1667949356.3011456,1331.95,1330.91,2.53017787,2.38,59.57017078
1667949366.358357,1331.95,1330.91,2.53017787,2.38,59.57017078
1667949376.3731346,1333.19,1333.19,2.81936791,3.98,63.91536671
1667949398.843648,1333.19,1333.19,2.81936791,3.98,63.91536671
1667949408.825034,1333.19,1330.34,2.59201748,1.13,57.12947518
1667949418.7895005,1333.19,1330.34,2.59201748,1.13,57.12947518
1667949428.8081956,1333.19,1330.34,2.59201748,1.13,57.12947518
1667949438.818057,1328.32,1328.32,2.18287758,0.08,53.13132773
1667949448.8474686,1328.32,1328.32,2.18287758,0.08,53.13132773
1667949458.9322174,1328.32,1328.32,2.18287758,0.08,53.13132773
1667949468.8934855,1328.32,1328.53,2.19962972,0.29,53.49569914
1667949478.917292,1328.32,1328.53,2.19962972,0.29,53.49569914
1667949488.8981612,1328.32,1328.53,2.19962972,0.29,53.49569914
1667949499.2374206,1327.51,1327.51,1.84919565,-2.0,51.57271959
1667949513.1909978,1327.51,1327.51,1.84919565,-2.0,51.57271959
1667949518.894609,1327.51,1327.51,1.84919565,-2.0,51.57271959
1667949528.9125783,1327.51,1326.12,1.73831246,-3.39,48.92060344
1667949538.882193,1327.51,1326.12,1.73831246,-3.39,48.92060344
1667949548.910788,1327.51,1326.12,1.73831246,-3.39,48.92060344
1667949559.1356876,1326.16,1326.16,1.42647571,-3.04,48.99310589
1667949568.9383523,1326.16,1326.16,1.42647571,-3.04,48.99310589
1667949579.7081776,1326.16,1326.16,1.42647571,-3.04,48.99310589
1667949589.7575655,1326.16,1326.7,1.46955263,-2.5,50.06895162
1667949599.6955383,1326.16,1326.7,1.46955263,-2.5,50.06895162
1667949609.7264576,1326.16,1326.7,1.46955263,-2.5,50.06895162
1667949619.7245386,1325.51,1325.51,1.07151743,-6.26,47.75455539
1667949629.736101,1325.51,1325.51,1.07151743,-6.26,47.75455539
1667949639.7473085,1325.51,1325.51,1.07151743,-6.26,47.75455539
1667949649.747153,1325.51,1326.92,1.18399606,-4.85,50.6679439
1667949659.8231714,1325.51,1326.92,1.18399606,-4.85,50.6679439
1667949669.737682,1325.51,1326.92,1.18399606,-4.85,50.6679439
1667949679.8622684,1323.6,1323.6,0.55244341,-6.53,44.21591123
1667949690.2165394,1323.6,1323.6,0.55244341,-6.53,44.21591123
1667949699.79949,1323.6,1323.6,0.55244341,-6.53,44.21591123
1667949709.7593577,1323.6,1322.93,0.49899612,-7.2,43.01235454
1667949719.7531822,1323.6,1322.93,0.49899612,-7.2,43.01235454
1667949729.8227248,1323.6,1322.93,0.49899612,-7.2,43.01235454
1667949739.8707452,1324.14,1324.14,0.33455062,-5.48,45.44250557
1667949750.073451,1324.14,1324.14,0.33455062,-5.48,45.44250557
1667949760.8022685,1324.14,1322.55,0.20771301,-7.07,42.46994077
1667949770.792619,1324.14,1322.55,0.20771301,-7.07,42.46994077
1667949780.7073512,1324.14,1322.55,0.20771301,-7.07,42.46994077
1667949790.9180913,1324.14,1322.55,0.20771301,-7.07,42.46994077
1667949800.6956198,1326.26,1326.26,0.41426093,-5.05,50.12872537
1667949810.7286952,1326.26,1326.26,0.41426093,-5.05,50.12872537
1667949820.7227705,1326.26,1327.12,0.48286491,-4.19,51.920533
1667949830.7156491,1326.26,1327.12,0.48286491,-4.19,51.920533
1667949840.715463,1326.26,1327.12,0.48286491,-4.19,51.920533
1667949851.1469553,1326.72,1326.72,0.41639382,-5.24,51.10342226
1667949860.7820926,1326.72,1326.72,0.41639382,-5.24,51.10342226
1667949870.7046192,1326.72,1326.72,0.41639382,-5.24,51.10342226
1667949881.3859715,1326.72,1328.43,0.55280408,-3.53,54.65158998
1667949890.812109,1326.72,1328.43,0.55280408,-3.53,54.65158998
1667949900.7884116,1326.72,1328.43,0.55280408,-3.53,54.65158998
1667949913.567505,1327.77,1327.77,0.53361641,-5.42,53.34019191
1667949920.742655,1327.77,1327.77,0.53361641,-5.42,53.34019191
1667949930.792027,1327.77,1327.77,0.53361641,-5.42,53.34019191
1667949946.7637358,1327.77,1327.71,0.52883009,-5.48,53.19027825
1667949951.4086926,1327.77,1327.71,0.52883009,-5.48,53.19027825
1667949961.4876282,1327.77,1327.71,0.52883009,-5.48,53.19027825
1667949971.4968643,1328.8,1328.8,0.69811437,0.48,55.50002009
1667949981.373623,1328.8,1328.8,0.69811437,0.48,55.50002009
1667949991.5238392,1328.8,1328.8,0.69811437,0.48,55.50002009
1667950001.513185,1328.8,1326.64,0.52580668,-1.68,50.25760276
1667950011.9180353,1328.8,1326.64,0.52580668,-1.68,50.25760276
1667950021.4153626,1328.8,1326.64,0.52580668,-1.68,50.25760276
1667950031.5607018,1326.1,1326.1,0.37361062,-1.41,49.09713443
1667950041.4378674,1326.1,1326.1,0.37361062,-1.41,49.09713443
1667950051.4031646,1326.1,1326.1,0.37361062,-1.41,49.09713443
1667950061.618333,1326.1,1327.02,0.44700093,-0.49,51.16600137
1667950071.4683068,1326.1,1327.02,0.44700093,-0.49,51.16600137
1667950081.444162,1326.1,1327.02,0.44700093,-0.49,51.16600137
1667950091.5162926,1327.62,1327.62,0.49257269,1.46,52.44274305
1667950101.5356522,1327.62,1327.62,0.49257269,1.46,52.44274305
1667950111.457893,1327.62,1327.62,0.49257269,1.46,52.44274305
1667950122.1630435,1327.62,1326.45,0.39923936,0.29,49.74382984
1667950132.2248552,1327.62,1326.45,0.39923936,0.29,49.74382984
1667950142.157166,1327.62,1326.45,0.39923936,0.29,49.74382984
1667950152.2642512,1327.62,1326.45,0.39923936,0.29,49.74382984
1667950162.379148,1328.68,1328.68,0.64064228,3.17,54.6705769
1667950172.5828586,1328.68,1328.68,0.64064228,3.17,54.6705769
1667950182.1228464,1328.68,1328.31,0.61112661,2.8,53.72867556
1667950192.17072,1328.68,1328.31,0.61112661,2.8,53.72867556
1667950202.160082,1328.68,1328.31,0.61112661,2.8,53.72867556
1667950212.1464665,1329.65,1329.65,0.8208476,6.04,56.66949613
1667950222.1288512,1329.65,1329.65,0.8208476,6.04,56.66949613
1667950232.4192753,1329.65,1329.65,0.8208476,6.04,56.66949613
1667950242.1552472,1329.65,1329.66,0.82164532,6.05,56.69069971
1667950252.2766435,1329.65,1329.66,0.82164532,6.05,56.69069971
1667950262.1852806,1329.65,1329.66,0.82164532,6.05,56.69069971
1667950272.1728451,1325.5,1325.5,0.30540088,1.36,47.09985467
1667950288.4543843,1325.5,1325.5,0.30540088,1.36,47.09985467
1667950292.2285032,1325.5,1325.5,0.30540088,1.36,47.09985467
1667950303.3724313,1325.5,1325.53,0.30779404,1.39,47.16930759
1667950313.3672693,1325.5,1325.53,0.30779404,1.39,47.16930759
1667950323.3171945,1325.5,1325.53,0.30779404,1.39,47.16930759
1667950333.3649726,1326.43,1326.43,0.28892051,0.36,49.17130631
1667950343.3939376,1326.43,1326.43,0.28892051,0.36,49.17130631
1667950353.3543546,1326.43,1326.43,0.28892051,0.36,49.17130631
1667950363.3195684,1326.43,1326.14,0.26578661,0.07,48.53310783
1667950373.370337,1326.43,1326.14,0.26578661,0.07,48.53310783
1667950383.3084962,1326.43,1326.14,0.26578661,0.07,48.53310783
1667950393.419674,1326.43,1326.14,0.26578661,0.07,48.53310783
1667950403.3894017,1327.84,1327.84,0.41329668,1.12,52.22731972
1667950413.4362774,1327.84,1327.84,0.41329668,1.12,52.22731972
1667950423.581225,1327.84,1328.23,0.44440779,1.51,53.06738754
1667950433.3721952,1327.84,1328.23,0.44440779,1.51,53.06738754
1667950443.459293,1327.84,1328.23,0.44440779,1.51,53.06738754
1667950453.361498,1330.35,1330.35,0.77396892,2.57,57.15449433
1667950463.4300127,1330.35,1330.35,0.77396892,2.57,57.15449433
1667950473.413468,1330.35,1330.35,0.77396892,2.57,57.15449433
1667950484.0687172,1330.35,1331.7,0.88166123,3.92,59.57940041
1667950494.053456,1330.35,1331.7,0.88166123,3.92,59.57940041
1667950504.2532032,1330.35,1331.7,0.88166123,3.92,59.57940041
1667950514.0944269,1333.23,1333.23,1.29365655,4.44,62.01704896
1667950524.004932,1333.23,1333.23,1.29365655,4.44,62.01704896
1667950534.4583108,1333.23,1333.23,1.29365655,4.44,62.01704896
1667950544.0510366,1333.23,1332.38,1.22585029,3.59,59.91218791
1667950554.1009035,1333.23,1332.38,1.22585029,3.59,59.91218791
1667950564.0370526,1333.23,1332.38,1.22585029,3.59,59.91218791
1667950574.0618129,1335.17,1335.17,1.78407136,9.07,64.89892699
1667950584.0209565,1335.17,1335.17,1.78407136,9.07,64.89892699
1667950594.0833633,1335.17,1335.17,1.78407136,9.07,64.89892699
1667950604.135046,1335.17,1335.71,1.82714829,9.61,65.67950647
1667950614.100331,1335.17,1335.71,1.82714829,9.61,65.67950647
1667950624.124328,1335.17,1335.71,1.82714829,9.61,65.67950647
1667950634.1209104,1333.66,1333.66,1.81387772,6.14,61.01639937
1667950644.1765149,1333.66,1333.66,1.81387772,6.14,61.01639937
1667950654.1902518,1333.66,1333.66,1.81387772,6.14,61.01639937
1667950665.1261048,1333.66,1337.54,2.12339339,10.02,66.56303526
1667950675.0639613,1333.66,1337.54,2.12339339,10.02,66.56303526
1667950685.064107,1333.66,1337.54,2.12339339,10.02,66.56303526
1667950695.7345526,1337.88,1337.88,2.51301729,9.21,66.83384131
1667950705.0651302,1337.88,1337.88,2.51301729,9.21,66.83384131
1667950715.0855544,1337.88,1337.88,2.51301729,9.21,66.83384131
1667950725.364481,1337.88,1337.34,2.46994037,8.67,65.46717551
1667950735.1173663,1337.88,1337.34,2.46994037,8.67,65.46717551
1667950745.132837,1337.88,1337.34,2.46994037,8.67,65.46717551
1667950755.1494467,1336.14,1336.14,2.51678521,6.49,62.61980861
1667950765.1503725,1336.14,1336.14,2.51678521,6.49,62.61980861
1667950775.1639743,1336.14,1336.14,2.51678521,6.49,62.61980861
1667950785.11392,1336.14,1337.99,2.66436356,8.34,65.14675239
1667950795.1759117,1336.14,1337.99,2.66436356,8.34,65.14675239
1667950805.276548,1336.14,1337.99,2.66436356,8.34,65.14675239
1667950815.1243849,1340.59,1340.59,3.22885907,15.09,68.14689338
1667950825.1116369,1340.59,1340.59,3.22885907,15.09,68.14689338
1667950835.4471114,1340.59,1340.59,3.22885907,15.09,68.14689338
1667950846.396537,1340.59,1336.52,2.9041867,11.02,59.48162023
1667950856.4843578,1340.59,1336.52,2.9041867,11.02,59.48162023
1667950866.4366202,1340.59,1336.52,2.9041867,11.02,59.48162023
1667950876.4011238,1338.69,1338.69,3.20261911,12.26,63.80748722
1667950886.83646,1338.69,1338.69,3.20261911,12.26,63.80748722
1667950896.577991,1338.69,1338.69,3.20261911,12.26,63.80748722
1667950906.4504273,1338.69,1338.24,3.16672168,11.81,62.78771654
1667950916.4416904,1338.69,1338.24,3.16672168,11.81,62.78771654
1667950926.48463,1338.69,1338.24,3.16672168,11.81,62.78771654
1667950936.4801793,1337.75,1337.75,3.13204786,9.92,61.71207919
1667950946.4718568,1337.75,1337.75,3.13204786,9.92,61.71207919
1667950956.467412,1337.75,1337.75,3.13204786,9.92,61.71207919
1667950966.473214,1337.75,1338.59,3.19905641,10.76,62.89350372
1667950976.6079984,1337.75,1338.59,3.19905641,10.76,62.89350372
1667950986.4568627,1337.75,1338.59,3.19905641,10.76,62.89350372
1667950996.5086477,1337.73,1337.73,3.09636142,7.37,61.6657161
1667951006.5163634,1337.73,1337.73,3.09636142,7.37,61.6657161
1667951016.5148916,1337.73,1337.73,3.09636142,7.37,61.6657161
1667951027.2856524,1337.73,1341.21,3.37396825,10.85,66.39638039
1667951037.323352,1337.73,1341.21,3.37396825,10.85,66.39638039
1667951047.3724625,1337.73,1341.21,3.37396825,10.85,66.39638039
1667951057.4562707,1339.4,1339.4,3.27044113,6.23,64.09159654
1667951067.2871115,1339.4,1339.4,3.27044113,6.23,64.09159654
1667951077.3171685,1339.4,1339.4,3.27044113,6.23,64.09159654
1667951087.3280656,1339.4,1340.42,3.35180865,7.25,65.52654161
1667951097.3770473,1339.4,1340.42,3.35180865,7.25,65.52654161
1667951107.313344,1339.4,1340.42,3.35180865,7.25,65.52654161
1667951117.5461404,1344.33,1344.33,3.9614854,9.16,70.10665026
1667951127.322989,1344.33,1344.33,3.9614854,9.16,70.10665026
1667951137.5224843,1344.33,1344.33,3.9614854,9.16,70.10665026
1667951147.314773,1344.33,1341.67,3.74929167,6.5,63.89833482
1667951157.3959312,1344.33,1341.67,3.74929167,6.5,63.89833482
1667951167.371483,1344.33,1341.67,3.74929167,6.5,63.89833482
1667951177.3643622,1339.53,1339.53,3.47603059,5.86,59.63016567
1667951187.3425136,1339.53,1339.53,3.47603059,5.86,59.63016567
1667951197.4345574,1339.53,1339.53,3.47603059,5.86,59.63016567
1667951208.215912,1339.53,1335.13,3.12503344,1.46,51.96386689
1667951218.405022,1339.53,1335.13,3.12503344,1.46,51.96386689
1667951228.217186,1339.53,1335.13,3.12503344,1.46,51.96386689
1667951238.5759337,1334.48,1334.48,2.63720175,-3.5,50.99585151
1667951248.42087,1334.48,1334.48,2.63720175,-3.5,50.99585151
1667951258.2186377,1334.48,1334.48,2.63720175,-3.5,50.99585151
1667951268.2433774,1334.48,1332.4,2.47127583,-5.58,47.91854657
1667951278.128683,1334.48,1332.4,2.47127583,-5.58,47.91854657
1667951288.2380264,1334.48,1332.4,2.47127583,-5.58,47.91854657
1667951298.2313583,1333.06,1333.06,2.06545879,-3.09,48.85416647
1667951308.206716,1333.06,1333.06,2.06545879,-3.09,48.85416647
1667951318.2035463,1333.06,1333.06,2.06545879,-3.09,48.85416647
1667951328.228438,1333.06,1332.58,2.02716819,-3.57,48.11831825
1667951338.24677,1333.06,1332.58,2.02716819,-3.57,48.11831825
1667951348.276907,1333.06,1332.58,2.02716819,-3.57,48.11831825
1667951358.2443242,1333.15,1333.15,1.69544593,-7.45,49.00039962
1667951368.2819686,1333.15,1333.15,1.69544593,-7.45,49.00039962
1667951378.270146,1333.15,1333.15,1.69544593,-7.45,49.00039962
1667951389.473914,1333.15,1334.46,1.79994735,-6.14,51.18803696
1667951399.4733274,1333.15,1334.46,1.79994735,-6.14,51.18803696
1667951409.514928,1333.15,1334.46,1.79994735,-6.14,51.18803696
1667951419.4403954,1334.88,1334.88,1.62516065,-3.81,51.85022421
1667951429.7866998,1334.88,1334.88,1.62516065,-3.81,51.85022421
1667951439.467312,1334.88,1334.88,1.62516065,-3.81,51.85022421
1667951449.478413,1334.88,1333.48,1.51347974,-5.21,49.44243838
1667951459.425097,1334.88,1333.48,1.51347974,-5.21,49.44243838
1668159183.0971775,1276.35,1276.7,-0.28690164,3.8,50.67105343
1668159183.4735372,1276.35,1276.7,-0.28690164,3.8,50.67105343
1668159183.8452945,1276.35,1276.7,-0.28690164,3.8,50.67105343
1668159185.0351682,1276.35,1276.7,-0.28690164,3.8,50.67105343
1668159189.383538,1276.35,1276.7,-0.28690164,3.8,50.67105343
1668159190.0830872,1276.35,1276.7,-0.28690164,3.8,50.67105343
1668159191.1807904,1277.01,1277.01,-0.16722159,2.72,51.40634657
1668159191.5347204,1277.01,1277.01,-0.16722159,2.72,51.40634657
1668159191.8402882,1277.01,1277.01,-0.16722159,2.72,51.40634657
1668159192.5178676,1277.01,1277.01,-0.16722159,2.72,51.40634657
1668159192.995372,1277.01,1277.01,-0.16722159,2.72,51.40634657
1668159194.3744717,1277.01,1277.01,-0.16722159,2.72,51.40634657
1668159194.7812412,1277.01,1277.01,-0.16722159,2.72,51.40634657
1668159195.7619686,1277.01,1277.01,-0.16722159,2.72,51.40634657
1668159195.9693742,1277.01,1277.01,-0.16722159,2.72,51.40634657
1668159196.486442,1277.01,1277.01,-0.16722159,2.72,51.40634657
1668159197.4808147,1277.01,1277.01,-0.16722159,2.72,51.40634657
1668159197.7319186,1277.01,1277.01,-0.16722159,2.72,51.40634657
1668159215.3626466,1277.01,1277.01,-0.16722159,2.72,51.40634657
1668159275.3832822,1278.6,1278.6,0.12384209,3.45,55.38701296
1668159335.4100232,1281.86,1281.86,0.71255555,3.65,62.17327717
1668159395.4212797,1287.68,1287.68,1.78403434,11.11,70.75566891
1668159455.3663013,1286.22,1286.22,2.03304487,9.53,66.67344302
1668159515.3782842,1284.99,1284.99,2.12234339,8.59,63.35703776
1668159575.42846,1283.08,1283.08,1.97499238,5.14,58.49160796
1668159635.4551215,1283.05,1283.05,1.95217256,7.75,58.41572771
1668159695.344619,1279.38,1279.38,1.39450555,3.04,49.89083706
1668159755.4549038,1276.54,1276.54,0.76960791,-0.63,44.48584639
1668159815.3625133,1279.4,1279.4,0.85304965,0.8,50.3253545
1668159875.3705163,1276.5,1276.5,0.32001219,-5.37,45.14304614
1668159935.4420564,1277.0,1277.0,0.15129816,-10.68,46.17250964
1668159995.3473785,1274.51,1274.51,-0.36585174,-11.71,41.95040098
1668160055.39338,1274.86,1274.86,-0.5611404,-10.13,42.74732949
1668160115.5332882,1276.61,1276.61,-0.48286503,-6.47,46.66252761
1668160175.5236063,1280.09,1280.09,-0.03285219,-2.96,53.48044081
1668160235.3400762,1279.19,1279.19,-0.02586902,-0.18,51.64237789
1668160295.433525,1277.95,1277.95,-0.13913392,1.42,49.13984927
1668160355.402421,1278.63,1278.63,-0.0520378,-0.76,50.55568684
1668160415.4131749,1279.48,1279.48,0.09445139,2.99,52.34163807
1668160475.432875,1278.01,1278.01,-0.05216577,1.01,49.04082231
1668160535.4548454,1275.23,1275.23,-0.46818074,0.72,43.4617029
1668160595.5854473,1278.21,1278.21,-0.1937742,3.34,50.02493058
1668160655.4614074,1282.4,1282.4,0.42948527,5.79,57.49606174
1668160715.461717,1278.91,1278.91,0.1576716,-1.19,50.69752015
1668160775.4867663,1279.21,1279.21,0.20406322,0.03,51.22903577
1668160835.395892,1279.39,1279.39,0.24477073,1.45,51.56609767
1668160895.4535255,1278.67,1278.67,0.16021878,0.04,50.06878019
1668160955.4147613,1281.77,1281.77,0.57598777,2.29,55.98741835
1668161015.526251,1282.85,1282.85,0.85346681,4.83,57.86811407
1668161075.45479,1283.61,1283.61,1.09984303,8.38,59.18904027
1668161135.549294,1283.35,1283.35,1.19795104,5.14,58.52749365
1668161195.4616091,1281.35,1281.35,0.99406432,-1.05,53.47085361
1668161255.4759486,1279.04,1279.04,0.62144728,0.13,48.28218758
1668161315.422176,1277.74,1277.74,0.28241553,-1.48,45.60594875
1668161375.6653008,1274.69,1274.69,-0.33570731,-4.71,39.98962639
1668161435.4711857,1275.45,1275.45,-0.51749101,-3.22,41.91360864
1668161495.388241,1275.9,1275.9,-0.6385283,-5.88,43.06694347
1668161555.4372451,1274.97,1274.97,-0.88567329,-7.88,41.23344244
1668161615.481895,1273.45,1273.45,-1.22534281,-10.14,38.35767086
1668161675.5127172,1272.1,1272.1,-1.57458267,-11.26,35.97531909
1668161735.3950057,1272.99,1272.99,-1.61883185,-8.36,38.70273565
1668161795.5285628,1271.04,1271.04,-1.96757408,-8.0,35.1981518
1668161855.4647095,1270.82,1270.82,-2.12698342,-6.91,34.79865105
1668161915.4761095,1271.36,1271.36,-2.13693612,-3.33,36.64231646
1668161975.496623,1266.17,1266.17,-2.8884273,-9.29,28.39637629
1668162035.5005918,1267.8,1267.8,-2.88887677,-8.1,33.47413014
1668162096.4145808,1268.92,1268.92,-2.80048042,-6.05,36.7682346
1668162156.4419978,1269.96,1269.96,-2.62229216,-3.5,39.76417033
1668162216.4118433,1269.56,1269.56,-2.57496268,-2.53,39.01165267
1668162277.3370526,1270.3,1270.3,-2.37830383,-2.7,41.26180175
1668162337.7762594,1267.88,1267.88,-2.58485416,-3.15,36.51557071
1668162397.3852775,1270.37,1270.37,-2.21399203,-0.45,43.68890682
1668162458.243953,1270.08,1270.08,-2.0948278,-1.29,43.07668724
1668162518.2691836,1269.05,1269.05,-2.10631225,2.88,40.90196917
1668162578.1793914,1270.61,1270.61,-1.80516561,2.8,45.41801919
1668162639.0439246,1271.18,1271.18,-1.56620041,2.26,47.00575829
1668162699.1114311,1273.3,1273.3,-1.09706476,3.34,52.55057955
1668162759.1728044,1273.32,1273.32,-0.84667785,3.77,52.60096524
1668162820.0937989,1272.68,1272.68,-0.73257901,2.38,50.74403358
1668162880.2633522,1270.6,1271.29,-0.83444432,3.4,47.24147408
1668162940.0915954,1271.83,1271.83,-0.6977843,1.45,48.75587219
1668163001.0688283,1268.32,1268.78,-1.07599943,-1.31,41.96874875
1668163061.2591908,1269.31,1269.32,-1.06496667,0.28,43.50097215
1668163120.9716845,1270.46,1270.46,-0.91677379,-0.16,46.69819272
1668163181.9973657,1270.75,1271.23,-0.7821753,0.05,48.90294756
1668163241.946386,1269.63,1270.71,-0.82471706,-2.59,47.90007831
1668163301.9804063,1273.2,1273.39,-0.38274143,0.07,54.53394097
1668163363.0701847,1274.96,1275.78,0.10086687,3.1,59.57702884
1668163423.173818,1276.99,1276.11,0.48071277,5.52,59.24429244
1668163483.1565702,1276.72,1275.87,0.71563509,4.04,58.39775761
1668163544.0392628,1275.76,1279.49,1.13541094,11.17,65.10081833
1668163604.1536243,1277.63,1279.99,1.38355883,10.68,66.13758099
1668163664.1117382,1278.0,1278.0,1.39776324,7.55,62.6328479
1668163724.951245,1274.0,1274.8,1.01507983,4.06,53.06264117
1668163784.9290872,1275.4,1275.36,1.03592927,5.72,54.24233038
1668163844.9893174,1272.87,1274.64,0.79215404,1.45,52.30453447
1668163906.3121142,1274.97,1275.29,0.81992598,0.32,53.66778572
1668163966.319276,1275.23,1274.77,0.76591401,-2.22,52.35250983
1668164026.4807107,1273.5,1274.31,0.60370357,-2.41,51.26289391
1668164087.198422,1273.29,1275.09,0.5552851,-0.67,53.2359139
1668164147.1987083,1275.91,1278.11,0.85992863,0.48,59.46353875
1668164207.1910222,1277.86,1277.15,0.94495633,-0.86,57.01922547
1668164268.0449612,1277.91,1278.03,1.13405365,4.03,59.3578575
1668164327.9769762,1277.0,1276.46,1.03309415,1.05,54.79256401
1668164387.9770532,1276.8,1277.37,1.09950448,4.49,57.19306382
1668164448.7798605,1277.79,1277.5,1.15399392,2.52,57.19933375
1668164508.794628,1276.79,1275.38,0.94505426,0.15,50.68325682
1668164568.7612152,1273.32,1273.67,0.5516643,0.17,46.51348133
1668164629.999436,1273.75,1273.82,0.38279893,0.42,46.94261266
1668164690.227797,1274.57,1274.1,0.30903866,-1.82,47.77980434
1668164750.5627062,1274.18,1275.34,0.30469745,-2.52,51.4235977
1668164810.906173,1274.65,1272.94,0.05825765,-4.98,44.58140941
1668164870.8321326,1275.02,1279.99,0.59876499,2.98,62.94732619
1668164930.8913164,1283.18,1282.32,1.26714337,5.52,65.45710471
1668164991.8225467,1283.39,1282.79,1.68162339,5.0,66.37960976
1668165051.846676,1282.79,1283.81,2.00106273,7.01,68.0723636
1668165111.800173,1286.36,1288.67,2.77389533,15.34,74.42989736
1668165172.877564,1287.42,1287.67,3.03163673,13.91,73.31478321
1668165232.9528756,1285.35,1286.66,3.05306213,12.09,68.29402982
1668165292.8624668,1287.02,1287.69,3.28439229,13.51,69.75280986
1668165354.1581109,1287.24,1289.48,3.52016551,14.84,72.24862968
1668165413.8200555,1286.58,1285.58,3.20441465,10.56,63.5666021
1668165473.8105235,1284.6,1284.45,2.95063644,1.28,60.13894076
1668165534.7313828,1284.05,1285.68,2.85291486,2.28,62.24389333
1668165594.743517,1286.16,1286.14,2.83756249,3.35,62.99300136
1668165654.6942947,1285.51,1284.55,2.59505808,-1.82,58.00560126
1668165715.924464,1284.95,1285.63,2.52503723,-1.8,60.71496912
1668165775.9752617,1284.37,1283.99,2.2085973,-1.36,56.09525848
1668165835.9518626,1283.88,1283.85,1.99631141,-3.17,55.64017
1668165897.308385,1283.63,1284.14,1.82369952,-3.09,56.35088206
1668165957.0230525,1286.05,1284.73,1.84428477,-1.86,56.5484905
1668166016.8988826,1282.88,1283.13,1.48031869,-1.47,51.87055529
1668166077.7589822,1283.22,1282.41,1.24140575,-1.64,49.76391576
1668166137.761848,1280.27,1280.84,0.77864648,-5.36,46.11283491
1668166197.7501664,1280.35,1280.91,0.515741,-4.6,46.42748006
1668166258.616705,1281.71,1281.26,0.41170084,-3.68,47.48411934
1668166318.6368036,1282.28,1282.97,0.47472902,-1.4,52.30041126
1668166378.7041423,1282.52,1282.9,0.42165085,-0.98,52.18847948
1668166439.9026108,1284.12,1284.55,0.61076515,0.92,56.70340055
1668166500.4040277,1284.48,1284.54,0.66998792,-1.48,56.6893029
1668166559.8917353,1285.6,1287.33,1.00159314,4.45,63.61376429
1668166620.8447173,1289.85,1291.67,1.68391192,8.46,71.21339643
1668166680.7768846,1289.01,1288.04,1.58902543,7.76,61.88853234
1668166740.8946867,1286.64,1283.44,1.21026202,3.09,49.06193481
1668166801.7508197,1279.78,1276.82,0.23246422,-4.89,37.30112515
1668166861.7121434,1277.87,1275.52,-0.34715828,-6.76,35.33065696
1668166921.7168913,1277.0,1276.4,-0.7003435,-6.12,36.50120538
1668166982.8610144,1278.87,1277.71,-0.80555985,-6.42,40.16598395
1668167042.7962666,1276.12,1274.72,-1.36901018,-9.76,35.57792881
1668167102.9025035,1274.81,1275.2,-1.65165067,-10.41,36.76402767
1668167163.777591,1275.7,1276.91,-1.69268992,-12.93,41.2367027
1668167223.781139,1276.51,1273.18,-2.05960494,-15.83,34.84513375
1668167283.7225282,1273.58,1273.44,-2.25260099,-13.21,35.19714874
1668167344.807866,1272.1,1271.43,-2.64601088,-8.34,32.29126311
1668167404.7777958,1270.16,1270.84,-2.96623597,-7.01,32.64747587
1668167464.8425183,1270.27,1271.74,-3.06663362,-5.26,35.44140345
1668167526.2141972,1271.56,1271.93,-3.07126612,-6.93,36.05953488
1668167585.963333,1272.56,1272.93,-2.91006236,-3.19,39.01188523
1668167645.9773564,1272.61,1273.28,-2.78175431,-1.53,40.17469135
1668167706.978541,1273.6,1274.36,-2.52303954,-1.34,43.45990304
1668167766.9798796,1274.12,1273.59,-2.38841214,-2.91,41.49311209
1668167826.995616,1275.35,1274.01,-2.09757228,0.43,43.18300355
1668167887.948001,1274.23,1275.29,-1.8407683,3.19,46.93550833
1668167947.9241018,1275.17,1276.05,-1.57910513,5.9,49.21971891
1668168007.9496694,1275.3,1275.37,-1.44965666,5.1,47.22807551
1668168068.8061535,1275.91,1274.72,-1.30650546,3.17,45.40703307
1668168128.8486297,1274.55,1274.67,-1.22453564,2.12,45.37530016
1668168188.7784965,1274.2,1276.03,-1.05556701,3.43,50.18536957
1668168250.4139853,1276.28,1277.0,-0.78838774,3.4,53.10907977
1668168310.1201484,1277.62,1279.29,-0.36546052,5.18,59.19655537
1668168370.002292,1278.61,1277.93,-0.21906369,2.57,55.0989461
1668168431.167119,1278.62,1277.63,-0.04080346,3.4,53.83723939
1668168490.9386206,1277.5,1278.48,0.1178467,3.31,56.38073637
1668168550.9144983,1273.38,1273.38,-0.51634624,-2.47,41.11816229
1668168611.8567889,1274.24,1274.24,-0.52251813,-0.3,44.10936002
1668168671.8931952,1275.94,1275.94,-0.33421646,1.74,49.56201357
1668168732.0326242,1274.13,1274.13,-0.54561817,-2.16,44.5796381
1668168793.2451143,1272.55,1272.55,-0.81464116,-5.07,40.72873158
1668168853.1177433,1272.11,1272.11,-0.98020579,-6.5,39.70072992
1668168913.0685186,1271.59,1271.59,-1.14475995,-7.03,38.46508144
1668168974.0012548,1272.47,1272.47,-1.10373973,-5.06,41.76817489
1668169033.9919343,1270.7,1270.7,-1.36485021,-4.76,37.43518644
1668169094.0243697,1270.7,1270.52,-1.37920918,-4.94,36.99719722
1668169154.9833877,1271.27,1271.27,-1.42580915,-2.97,40.34873322
1668169214.941882,1272.81,1272.81,-1.19438857,-3.14,45.95313448
1668169274.9572256,1272.99,1272.99,-1.07026886,-1.14,46.58483408
1668169336.1548033,1272.27,1272.27,-1.07447408,-0.29,44.36215304
1668169396.407195,1271.23,1271.23,-1.16691641,-0.88,41.27614143
1668169456.357498,1268.35,1268.35,-1.56878494,-3.24,34.22047518
1668169517.0454843,1271.89,1271.89,-1.18471457,-0.58,46.37652681
1668169577.0718703,1271.05,1271.05,-1.21029641,0.36,44.2852036
1668169637.1367736,1271.55,1271.55,-1.09398169,1.25,45.85282707
1668169697.970821,1270.04,1270.04,-1.23385111,-1.22,42.00341696
1668169757.9671865,1272.43,1272.43,-0.89776884,-0.38,49.25207416
1668169817.9357634,1271.04,1271.04,-0.97070909,-1.95,45.6793439
1668169878.7256894,1273.57,1273.57,-0.57226331,1.31,52.44809739
1668169937.9540248,1275.21,1275.21,-0.17984932,3.98,56.25403233
1668169998.32043,1274.65,1274.65,-0.05200596,6.31,54.64820368
1668170057.9881556,1276.69,1276.69,0.37336896,4.8,59.20861893
1668170118.0530791,1275.41,1275.41,0.39393295,4.36,55.43422309
1668170178.019879,1276.28,1276.28,0.6079148,4.74,57.42747998
1668170238.0124314,1276.14,1276.14,0.69447129,6.09,56.98701088
1668170297.937123,1276.17,1276.17,0.7679787,3.74,57.05211789
1668170358.0051768,1275.55,1275.55,0.72852108,4.52,54.88828886
1668170418.3233683,1275.73,1275.73,0.7522406,2.17,55.42633745
1668170477.9846773,1276.88,1276.88,0.91355959,1.68,58.74583957
1668170538.049538,1277.6,1277.6,1.05943567,2.96,60.71674191
1668170598.0560696,1277.41,1277.41,1.08855329,0.71,59.89042353
1668170658.416187,1278.25,1278.25,1.22958956,2.83,62.29724219
1668170717.996147,1277.77,1277.77,1.20696298,1.49,60.09221876
1668170778.076066,1278.87,1278.87,1.36035454,2.73,63.33749295
1668170838.2864206,1276.77,1276.77,1.09941982,0.59,54.30063034
1668170898.002648,1276.58,1276.58,0.98684485,1.0,53.55609604
1668170958.0499184,1276.97,1276.97,0.95378937,1.23,54.92498176
1668171018.0951278,1279.99,1279.99,1.32018671,3.1,63.80408822
1668171078.056467,1283.89,1283.89,1.95538643,6.28,71.56090092
1668171138.0727434,1283.6,1283.6,2.14601419,6.2,70.34766979
1668171197.99518,1289.26,1289.26,3.08790607,11.02,78.14971976
1668171258.1121068,1288.74,1288.74,3.364651,10.96,76.19446183
1668171318.056524,1289.16,1289.16,3.63992048,10.29,76.46318473
1668171378.11583,1287.39,1287.39,3.53202053,10.62,69.70093809
1668171438.1259615,1290.31,1290.31,3.92940335,13.73,73.81699309
1668171498.200192,1289.94,1289.94,3.96179508,12.98,72.49735818
1668171558.0829575,1289.98,1289.98,3.96896525,9.99,72.56000173
1668171618.0700028,1290.9,1290.9,4.05940602,7.0,73.92596205
1668171678.090093,1296.68,1296.68,4.84357879,13.07,80.49525891
1668171738.080959,1303.0,1303.0,5.93554145,13.75,84.93025196
1668171798.0823586,1299.8,1299.8,5.8760604,11.05,75.51404786
1668171858.0712657,1298.3,1298.3,5.74982444,9.05,71.5125962
1668171918.7569287,1301.91,1301.91,6.18946438,14.52,74.95255946
1668171978.288975,1302.42,1302.42,6.30923222,12.13,75.4050905
1668172038.1328113,1299.68,1299.68,5.91258437,9.75,68.29115241
1668172098.076918,1296.72,1296.72,5.28664024,6.78,61.51526857
1668172158.077658,1290.88,1290.88,4.09543222,-0.02,50.82077307
1668172218.12517,1289.11,1289.11,3.23027252,-7.57,48.09283273
1668172278.0847957,1292.09,1292.09,3.04813793,-10.92,52.69836779
1668172338.0991726,1294.41,1294.41,3.01303166,-5.4,55.96861391
1668172398.4011014,1295.97,1295.97,3.02547597,-2.33,58.07555242
1668172458.046985,1295.44,1295.44,2.829567,-6.47,57.08163811
1668172518.09511,1295.45,1295.45,2.67774465,-6.96,57.10157071
1668172578.080783,1293.45,1293.45,2.24431403,-6.23,53.1063963
1668172638.159859,1299.9,1299.9,2.91656744,3.19,62.26674368
1668172698.1258583,1300.44,1300.44,3.08385439,9.57,62.90998598
1668172758.0794065,1303.4,1303.4,3.56321837,14.3,66.3571213
1668172818.181346,1301.52,1301.52,3.44804698,9.43,62.40851661
1668172878.1556232,1303.5,1303.5,3.71591577,9.08,64.79106332
1668172938.834751,1301.05,1301.05,3.41396668,5.09,59.74368477
1668172998.1384706,1303.21,1303.21,3.59633301,7.76,62.52333053
1668173058.0362358,1305.08,1305.08,3.82696181,9.63,64.78614005
1668173118.1729944,1304.33,1304.33,3.74115496,10.89,63.14114317
1668173178.1632404,1305.2,1305.2,3.8011622,5.3,64.27592567
1668173238.1023428,1300.84,1300.84,3.13415242,0.39,55.12572168
1668173298.151499,1301.05,1301.05,2.86941991,-2.34,55.47261786
1668173358.169071,1301.93,1301.93,2.74934158,0.41,56.89916271
1668173418.349151,1299.74,1299.74,2.25935727,-3.76,52.40490186
1668173478.3318307,1296.45,1296.45,1.52151916,-4.61,46.46701146
1668173538.1193411,1296.38,1296.38,1.12245457,-6.83,46.34395268
1668173598.1937003,1295.66,1295.66,0.70267912,-9.41,45.04377645
1668393238.186842,1187.78,1187.12,0.72197369,3.31,56.78408227
1668393238.6214795,1187.78,1187.12,0.72197369,3.31,56.78408227
1668393239.0519066,1187.78,1187.12,0.72197369,3.31,56.78408227
1668393239.7333326,1187.78,1187.12,0.72197369,3.31,56.78408227
1668393241.2286203,1187.78,1187.12,0.72197369,3.31,56.78408227
1668393242.378006,1187.78,1187.12,0.72197369,3.31,56.78408227
1668393242.772306,1187.78,1187.12,0.72197369,3.31,56.78408227
1668393243.6818595,1187.78,1187.12,0.72197369,3.31,56.78408227
1668393244.3968155,1187.78,1187.12,0.72197369,3.31,56.78408227
1668393244.9833615,1187.78,1187.12,0.72197369,3.31,56.78408227
1668393245.2331035,1187.78,1187.12,0.72197369,3.31,56.78408227
1668393246.5837934,1187.78,1187.12,0.72197369,3.31,56.78408227
1668393247.268691,1187.78,1187.12,0.72197369,3.31,56.78408227
1668393248.0790932,1187.78,1187.12,0.72197369,3.31,56.78408227
1668393248.5207975,1187.78,1187.12,0.72197369,3.31,56.78408227
1668393249.120865,1187.78,1187.12,0.72197369,3.31,56.78408227
1668393249.9928803,1187.78,1187.12,0.72197369,3.31,56.78408227
1668393251.260727,1187.78,1187.12,0.72197369,3.31,56.78408227
1668393251.7152183,1187.78,1187.12,0.72197369,3.31,56.78408227
1668393252.324196,1186.7,1186.7,0.73530908,2.49,55.49906825
1668393252.8603208,1186.7,1186.7,0.73530908,2.49,55.49906825
1668393253.5811207,1186.7,1186.7,0.73530908,2.49,55.49906825
1668393254.7784824,1186.7,1186.7,0.73530908,2.49,55.49906825
1668393255.829456,1186.7,1186.7,0.73530908,2.49,55.49906825
1668393256.3416548,1186.7,1186.7,0.73530908,2.49,55.49906825
1668393260.5815632,1186.7,1186.7,0.73530908,2.49,55.49906825
1668393260.953656,1186.7,1186.7,0.73530908,2.49,55.49906825
1668393261.5956664,1186.7,1186.7,0.73530908,2.49,55.49906825
1668393262.0720105,1186.7,1186.7,0.73530908,2.49,55.49906825
1668393262.9918523,1186.7,1186.7,0.73530908,2.49,55.49906825
1668393263.9320152,1186.7,1186.7,0.73530908,2.49,55.49906825
1668393264.8257926,1186.7,1186.7,0.73530908,2.49,55.49906825
1668393265.609791,1186.7,1186.7,0.73530908,2.49,55.49906825
1668393266.1986406,1186.7,1186.7,0.73530908,2.49,55.49906825
1668393267.0089548,1186.7,1186.7,0.73530908,2.49,55.49906825
1668393267.7922163,1186.7,1186.7,0.73530908,2.49,55.49906825
1668393268.3154693,1186.7,1186.7,0.73530908,2.49,55.49906825
1668393268.740461,1186.7,1186.7,0.73530908,2.49,55.49906825
1668393269.6579182,1186.7,1186.7,0.73530908,2.49,55.49906825
1668393270.1604564,1186.7,1186.7,0.73530908,2.49,55.49906825
1668393270.3950205,1186.7,1186.7,0.73530908,2.49,55.49906825
1668393271.123676,1186.7,1186.7,0.73530908,2.49,55.49906825
1668393316.77764,1186.28,1186.28,0.70425498,1.1,54.17870165
1668393376.7541628,1185.43,1185.43,0.57799082,-0.55,51.50792711
1668393443.0202973,1186.0,1186.0,0.6055644,0.68,53.17707006
1668393496.8901248,1187.0,1187.0,0.72601348,1.93,56.03460677
1668393556.7181218,1186.5,1186.5,0.67893712,2.47,54.25537295
1668393616.6982791,1186.72,1186.72,0.69790714,-0.53,54.92474677
1668393676.763656,1186.5,1186.5,0.65995762,0.14,54.05897085
1668393736.62883,1186.85,1186.85,0.68592186,-0.93,55.25976715
1668393796.789688,1187.95,1187.95,0.83144637,1.25,58.91794979
1668393856.7606273,1188.02,1188.02,0.87774796,1.74,59.12826862
1668393916.7768295,1188.29,1188.29,0.93780513,2.86,60.04563644
1668393976.6509275,1186.61,1186.61,0.71918239,0.62,52.16717098
1668394036.8303745,1183.64,1183.64,0.22546941,-3.35,41.73826229
1668394096.7867963,1183.19,1183.19,-0.04252682,-3.3,40.42010482
1668394156.9373865,1185.75,1185.75,0.138002,-0.98,50.07901657
1668394216.818957,1186.06,1186.06,0.16169295,-0.45,51.11256802
1668394276.7581496,1185.49,1185.49,0.07846013,-1.37,49.09965391
1668394336.8195093,1185.87,1185.87,0.10169755,-2.08,50.49925008
1668394396.789485,1184.03,1184.03,-0.16572813,-4.0,44.17734347
1668394456.9036963,1184.98,1184.98,-0.12405851,-3.32,47.81390741
1668394516.8288853,1185.58,1185.58,-0.06454554,-1.03,50.02911786
1668394576.7181523,1185.44,1185.44,-0.07384845,1.79,49.50103213
1668394636.9078329,1185.76,1185.76,-0.02692546,2.57,50.78301452
1668394696.9216146,1186.28,1186.28,0.06489397,0.53,52.86372355
1668394854.5037742,1193.86,1192.93,1.23018096,7.44,68.507755
1668394914.444589,1194.71,1194.61,1.77003839,8.74,72.95040639
1668394974.419329,1192.54,1191.79,1.70350878,7.77,62.15816379
1668395035.3002608,1191.54,1190.41,1.63586211,5.44,57.48922574
1668395095.2705653,1190.09,1189.85,1.51546385,4.28,55.71208756
1668395155.4445615,1189.4,1190.19,1.42327116,4.75,56.38716212
1668395215.5902565,1189.63,1189.63,1.28439848,3.88,54.92353577
1668395275.3078368,1189.66,1190.1,1.23528929,3.81,56.33934465
1668395335.30198,1190.33,1190.02,1.18802011,1.57,55.7737972
1668395395.2872531,1190.2,1190.82,1.19859212,-3.04,58.44187194
1668395455.3596244,1190.51,1190.19,1.11137562,-4.61,56.06668966
1668395515.3380003,1190.09,1190.45,1.06434399,-2.09,56.91695483
1668395575.7051156,1190.78,1190.36,1.03538686,-1.18,56.04140357
1668395635.3755715,1190.09,1190.18,0.94990305,0.09,55.18357266
1668395695.6257606,1189.79,1190.22,0.86752395,0.82,55.1885243
1668395755.4013069,1190.35,1190.46,0.84462246,0.82,56.13762069
1668395815.3073015,1190.21,1190.93,0.8304088,1.26,57.94976557
1668395875.304236,1190.72,1190.94,0.8133071,0.61,58.05650054
1668395935.3794296,1190.86,1190.41,0.75718333,0.2,55.06743158
1668395995.36423,1189.71,1187.94,0.46943248,-2.56,43.48331284
1668396055.38175,1188.46,1188.41,0.35190653,-1.67,45.31972143
1668396115.354023,1188.92,1188.54,0.26571511,-2.24,46.12512519
1668396175.3623583,1188.54,1188.13,0.12995184,-1.97,44.22864079
1668396235.3086045,1188.4,1188.85,0.09555308,-0.94,48.06200389
1668396296.100154,1188.63,1189.7,0.10613597,-0.65,52.70984845
1668396355.3485065,1190.98,1192.69,0.44308112,2.49,64.25583715
1668396415.534376,1193.54,1193.28,0.72144724,2.57,65.23591287
1668396475.2919345,1195.48,1195.22,1.16845999,4.36,69.95823572
1668396535.3825102,1194.62,1193.6,1.20230896,3.89,61.88243532
1668396595.3497207,1193.36,1193.93,1.26417007,5.47,62.47119537
1668396655.4036038,1194.61,1193.72,1.33835948,4.79,60.19859257
1668396715.6426892,1194.57,1195.52,1.53467506,6.98,66.66462303
1668396775.3659651,1195.21,1194.82,1.54232043,6.43,63.80816067
1668396835.420964,1195.9,1196.53,1.75366183,7.89,69.36781372
1668396895.4512897,1195.6,1196.04,1.736007,5.07,67.35027417
1668396955.3843975,1196.63,1196.44,1.82813802,2.91,67.79216893
1668397015.4943955,1196.0,1195.29,1.72439049,-0.18,61.37093698
1668397075.66994,1196.93,1196.0,1.80736097,1.38,62.79697276
1668397135.4894798,1195.78,1195.93,1.73076151,2.57,62.1700544
1668397195.3215935,1196.99,1195.81,1.72048699,1.2,59.3696295
1668397255.3787286,1195.44,1196.09,1.62612872,1.52,59.83309011
1668397315.452361,1195.81,1196.34,1.55887654,1.14,60.71597355
1668397375.4081097,1196.23,1196.19,1.48780521,0.29,60.14967822
1668397435.3739693,1195.79,1195.5,1.34297945,-0.11,56.60124138
1668397495.424338,1194.52,1194.3,1.08311297,-2.33,51.06157235
1668397555.44422,1194.1,1194.02,0.89375685,-1.99,49.82417112
1668397615.4437132,1193.85,1194.5,0.77491079,-2.42,52.07067114
1668397675.4420712,1195.44,1196.08,0.86691077,0.3,58.24811953
1668397735.387072,1196.49,1197.06,0.97441538,0.07,61.59632673
1668397795.502348,1196.95,1197.97,1.08773104,2.53,64.55188288
1668397855.5159326,1197.98,1196.83,1.080666,1.03,58.51078231
1668397915.4809556,1196.34,1195.07,0.89161228,-1.16,50.79725057
1668397975.4293408,1194.09,1193.14,0.54902257,-2.66,44.05568127
1668398035.458668,1193.81,1193.33,0.39203603,-1.2,44.54485014
1668398095.515469,1193.97,1193.34,0.26292324,-0.77,44.5498903
1668398155.4158115,1193.44,1192.98,0.09622073,-0.87,43.16277105
1668398215.7696311,1192.61,1193.62,-0.01345837,-1.81,46.63764769
1668398275.4367204,1193.85,1193.85,-0.04235682,-2.64,47.61798215
1668398335.4658432,1193.51,1192.69,-0.1936075,-4.26,43.0981092
1668398395.4522605,1193.11,1193.35,-0.20951002,-4.63,45.87941178
1668398455.408987,1193.02,1192.32,-0.34770564,-4.02,41.40291631
1668398515.489479,1193.08,1193.41,-0.298256,-0.67,46.49989673
1668398575.6195571,1193.13,1193.2,-0.33822743,-0.6,45.34939199
1668398636.0557892,1193.43,1193.1,-0.34199211,-0.86,44.96452047
1668398695.510341,1191.83,1192.37,-0.49124762,-1.06,42.58521331
1668398755.5107486,1192.97,1193.22,-0.41906847,0.62,47.2685537
1668398815.396979,1193.21,1192.82,-0.42775749,-1.04,45.28679123
1668398875.554741,1193.09,1192.77,-0.4164155,-0.73,44.93957696
1668398935.5415993,1192.93,1192.61,-0.42194279,-0.5,44.03069754
1668398995.4415414,1192.03,1191.61,-0.54695925,-1.42,39.25047453
1668399055.9679267,1191.16,1190.55,-0.71469786,-2.53,34.87791197
1668399115.4128275,1190.33,1191.49,-0.74779575,-1.63,41.74689793
1668399175.4911168,1192.39,1191.92,-0.66234699,-1.5,44.51200448
1668399235.465303,1191.9,1191.9,-0.64692865,0.07,44.42746311
1668399295.4796338,1191.69,1191.38,-0.68002591,-1.58,42.08351132
1668399355.464302,1190.74,1190.83,-0.76838394,-2.37,39.99421638
1668399415.4146109,1189.63,1190.21,-0.91223039,-2.87,38.89160786
1668399475.4353096,1188.64,1188.38,-1.18284027,-4.55,31.28173396
1668399535.58871,1188.15,1185.62,-1.51820534,-6.41,24.32300479
1668399595.5246656,1182.01,1183.83,-2.11378778,-7.33,27.70405326
1668399655.4956317,1180.35,1183.25,-2.58268005,-7.09,29.83930369
1668399715.4993443,1182.71,1183.9,-2.6932722,-8.49,32.62787455
1668399775.547385,1184.96,1185.5,-2.52193913,-6.4,38.45652871
1668399835.5891907,1185.57,1184.04,-2.53861003,-7.66,35.38737828
1668399895.5824108,1185.34,1185.99,-2.29025223,-4.76,40.63883496
1668399955.9582608,1185.3,1186.21,-2.17577612,-3.43,41.72869348
1668400015.5118108,1185.34,1184.6,-2.20019284,-4.04,36.21947324
1668400075.4847314,1184.28,1185.31,-2.10357052,-2.83,40.02219454
1668400135.5387628,1184.12,1184.88,-2.09087579,2.87,38.67683732
1668400195.5597897,1184.26,1184.04,-2.08854734,3.55,35.03704078
1668400255.5478103,1181.6,1181.89,-2.34534692,-0.82,30.59857855
1668400315.572849,1184.23,1185.49,-1.93664076,0.52,45.33485147
1668400375.547185,1185.81,1186.59,-1.6337659,1.03,48.99675781
1668400435.985229,1187.42,1186.94,-1.31757104,1.59,49.96980774
1668400495.620357,1187.55,1186.44,-1.10902453,1.13,48.25310071
1668400555.5416968,1186.21,1185.54,-1.05832119,0.19,45.52059529
1668400615.531447,1185.54,1183.37,-1.16402534,-0.91,39.58501086
1668400675.5639071,1183.28,1182.64,-1.29859439,-1.49,37.81664141
1668400735.5403426,1182.87,1181.45,-1.46374021,-2.81,35.00592149
1668400795.7044702,1181.56,1181.59,-1.57226311,-0.02,35.3530647
1668400855.5767946,1181.28,1180.16,-1.78065359,-4.07,32.06197288
1668400916.2917757,1180.19,1181.02,-1.8331786,-4.78,35.88290676
1668400975.5345426,1180.61,1178.84,-2.05385403,-8.59,30.162716
1668401035.5394402,1176.75,1178.63,-2.32320253,-8.93,34.17355513
1668401095.6359148,1178.17,1177.77,-2.47530785,-8.43,31.65538042
1668401155.5805314,1177.79,1178.0,-2.5167,-7.55,32.5833452
1668401215.5618668,1179.29,1179.96,-2.28590358,-3.31,40.24593743
1668401275.6001337,1180.17,1179.87,-2.15452483,-3.0,40.21915868
1668401335.5695531,1179.7,1180.34,-2.01314216,-1.23,42.28834321
1668401396.3122833,1180.57,1180.86,-1.81315828,-0.41,44.24881512
1668401455.587371,1181.92,1181.87,-1.50494813,1.68,47.80680584
1668401515.5245693,1180.96,1181.45,-1.40211446,0.83,46.82899537
1668401575.573895,1181.76,1180.7,-1.28942066,3.94,44.58776225
1668401636.252546,1180.46,1179.87,-1.28617591,1.71,42.17924236
1668401695.5506628,1179.88,1181.25,-1.14389111,3.45,47.37638659
1668401755.6507614,1181.9,1182.9,-0.84772092,3.6,52.69702068
1668401815.5840552,1183.49,1183.25,-0.58176831,3.08,53.54547893
1668401876.310478,1182.75,1183.57,-0.40953887,3.87,54.38781517
1668401935.5692637,1185.42,1185.73,0.04756553,5.16,59.95482706
1668401995.6526668,1185.61,1186.19,0.31821804,4.28,61.13695045
1668402055.6176798,1185.29,1184.99,0.38299247,4.04,57.27321824
1668402115.5863776,1185.2,1185.52,0.54208072,3.77,59.07438216
1668402175.5413058,1185.93,1186.33,0.73666252,5.87,61.41666478
1668402235.6235557,1186.78,1186.57,0.90133791,6.7,61.67886026
1668402295.5327013,1187.01,1187.19,1.06914413,5.29,63.82269067
1668402356.0393865,1186.48,1185.53,0.98478165,2.03,56.23258301
1668402415.654168,1185.51,1185.49,0.94803095,2.74,56.04909022
1668402475.6050289,1185.2,1185.6,0.90058851,0.18,56.26618395
1668402535.696228,1185.98,1186.96,1.00254963,1.36,60.99862304
1668402595.643935,1187.6,1187.19,1.10564017,1.91,60.83175904
1668402655.584764,1187.29,1187.15,1.13676861,1.94,60.58119787
1668402715.6243567,1186.53,1186.63,1.06104398,0.7,57.87272506
1668402775.655861,1186.16,1185.44,0.90450641,-1.33,52.25278766
1668402835.950213,1186.73,1186.78,0.98728531,-0.23,58.09354551
1668402895.6526709,1186.26,1185.9,0.85866367,-0.58,53.59391394
1668402955.7846353,1186.41,1186.36,0.84809648,0.84,55.82932556
1668403015.579678,1186.4,1186.33,0.79835724,1.12,55.63190146
1668403075.6466234,1186.48,1187.0,0.81110052,1.02,58.95611367
1668403135.6121688,1187.01,1187.45,0.83959559,-0.16,61.04952476
1668403195.5835469,1187.67,1188.08,0.91429315,0.78,63.7773378
1668403255.6527066,1188.13,1188.56,0.9906428,2.04,65.77687231
1668403316.2015386,1189.27,1188.63,1.08474389,2.48,63.71168877
1668403375.603538,1188.97,1188.24,1.09218805,1.52,60.79341922
1668403435.7756045,1188.53,1188.94,1.13802562,2.68,64.59294489
1668403495.6426578,1188.13,1188.26,1.0387112,1.86,60.50993248
1668403555.8540692,1187.97,1187.95,0.95648171,1.56,58.52594628
1668403615.677394,1187.86,1187.61,0.86724103,1.13,55.85838646
1668403675.6824636,1187.85,1186.87,0.74943124,-0.15,50.25409903
1668403735.599928,1186.43,1187.15,0.62881703,-0.51,52.13187339
1668403795.7062602,1186.44,1185.89,0.41040139,-2.24,44.04021562
1668403855.664893,1186.3,1186.07,0.31857767,-3.19,45.01588659
1668403915.6120756,1186.19,1187.02,0.29931414,-1.95,52.24503675
1668403975.6449306,1187.49,1187.62,0.35136233,-0.91,56.05600769
1668404035.7259052,1187.56,1186.91,0.29841925,-1.22,50.63126247
1668404095.7134004,1185.89,1183.96,-0.04210194,-4.0,35.39494624
1668404155.6107194,1183.93,1182.45,-0.36572542,-5.41,30.25300906
1668404215.780052,1180.33,1183.13,-0.69018544,-4.73,39.67181622
1668404275.672815,1183.49,1185.14,-0.62089739,-1.3,47.45978282
1668404335.657376,1184.2,1185.95,-0.57532463,-0.5,50.50038113
1668404395.6731238,1186.03,1184.78,-0.56334465,-1.53,46.6367999
1668404455.880712,1184.0,1183.01,-0.74115989,-3.17,41.63879049
1668404515.811489,1182.65,1180.78,-1.02458314,-6.72,36.26151849
1668404575.8050804,1179.42,1178.99,-1.43839241,-8.58,32.76124369
1668404635.685984,1180.27,1180.04,-1.49861429,-5.84,36.22871948
1668404695.691721,1177.96,1179.77,-1.75898021,-4.17,38.58015909
1668404755.6934226,1179.17,1181.85,-1.68394554,1.52,45.03973273
1668404815.7337976,1179.5,1176.75,-2.1194178,-6.75,32.41937939
1668404875.7060688,1177.43,1178.23,-2.129013,-5.98,36.51963806
1668404935.7248871,1179.64,1182.53,-1.72553057,-3.5,49.21711772
1668404995.668326,1181.78,1182.02,-1.56536446,-1.99,48.00157501
1668405055.6327367,1182.02,1182.57,-1.33066501,-0.07,49.57046527
1668405116.28673,1182.21,1182.85,-1.13145577,3.43,50.46511142
1668405175.7599962,1182.65,1182.27,-0.99857215,2.0,48.71306185
1668405236.07493,1183.07,1183.78,-0.70085324,5.83,53.37563237
1668405295.7610655,1184.21,1184.19,-0.44980401,5.03,54.53135038
1668405355.7335677,1183.1,1182.5,-0.47805109,3.0,48.90934863
1668405415.7789924,1183.45,1182.01,-0.40717801,4.57,47.22112027
1668405475.767106,1182.51,1182.74,-0.31673117,3.1,49.59259268
1668405535.6711922,1181.56,1182.44,-0.37011683,0.67,48.91043601
1668405595.8009946,1182.44,1182.47,-0.33158279,0.45,49.02107513
1668405655.8077333,1181.6,1180.0,-0.54823427,-2.21,41.25997798
1668405715.814463,1182.89,1184.25,-0.1403256,1.6,55.17678764
1668405775.8106492,1183.58,1183.36,-0.11202614,0.29,52.25801096
1668405835.8767376,1182.5,1182.81,-0.14292938,-1.41,50.31022617
1668405895.7984226,1183.73,1183.95,0.03459952,0.86,54.15024286
1668405955.9033327,1184.86,1184.72,0.23450796,1.28,56.38039028
1668406015.7848508,1184.86,1183.56,0.24643053,1.05,51.7035748
1668406075.7778864,1183.43,1183.1,0.1995205,1.54,49.98511488
1668406135.930869,1181.91,1182.75,0.068031,0.31,49.07439459
1668406195.7732477,1183.0,1184.8,0.21692574,3.2,55.74777356
1668406255.719889,1185.0,1184.7,0.31983417,1.81,55.18565475
1668406315.7695477,1184.49,1183.66,0.28904375,0.08,51.37247726
1668406375.8628924,1182.08,1181.16,-0.02199191,-1.35,43.78458305
1668406436.0503838,1180.3,1178.66,-0.41846303,-5.06,37.66286821
1668406495.988614,1178.05,1178.08,-0.75564905,-6.79,36.52172765
1668406556.0066466,1178.98,1179.38,-0.81271407,-5.47,41.17429602
1668406616.9380603,1179.25,1179.46,-0.90666097,-3.96,41.50807828
1668406677.0108073,1180.0,1181.2,-0.78913068,-0.71,47.60637609
1668406736.9236624,1183.13,1184.43,-0.34651293,1.44,56.490422
1668406797.7072952,1183.65,1182.73,-0.29943585,-2.26,51.61767685
1668406857.7358546,1181.36,1180.01,-0.51113314,-4.48,44.31217647
1668406917.7196448,1182.26,1182.05,-0.28423928,-0.03,49.76770381
1668406978.4536254,1181.06,1180.86,-0.40038638,0.55,46.47278027
1668407039.123908,1181.64,1180.66,-0.39347731,2.62,45.99566386
1668407098.4489582,1180.89,1182.15,-0.29929447,3.16,50.62018973
1668407159.4118264,1183.65,1183.28,-0.05331556,4.03,53.49312798
1668407219.3365252,1183.66,1182.71,0.02357968,2.7,51.59098548
1668407279.3800056,1182.92,1183.81,0.16173088,0.69,54.86094381
1668407340.1651917,1183.75,1183.87,0.25485102,0.22,55.05454621
1668407400.072683,1184.18,1184.26,0.38009912,2.89,56.19733304
1668407460.3262513,1184.45,1184.67,0.49830525,2.4,57.45521626
1668407520.8399131,1184.61,1185.27,0.61691522,4.21,59.37270487
1668407581.3551753,1185.37,1184.58,0.65892005,2.95,56.12974362
1668407640.82577,1185.2,1185.88,0.81871968,5.0,61.08071964
1668407701.8732948,1185.83,1186.2,0.91891152,2.55,62.13331965
1668407761.8599458,1186.39,1185.83,0.97286487,2.18,59.74111053
1668407821.8427176,1186.09,1187.21,1.11826422,4.28,64.76479505
1668407882.7707062,1187.27,1186.98,1.18852622,3.24,63.26049797
1668407942.7374046,1186.64,1187.5,1.24558021,3.31,64.22899489
1668408002.8029633,1188.44,1187.79,1.37898969,3.34,63.38398156
1668408063.6547418,1188.35,1188.68,1.51453607,4.08,67.34320779
1668408123.8660364,1192.97,1197.55,2.54089109,12.17,81.96318439
1668408183.5997856,1203.75,1206.74,4.17213197,21.55,87.90981082
1668408244.9279928,1204.03,1214.79,5.48038249,28.96,90.94403254
1668408304.8968651,1221.07,1216.08,7.10382568,29.68,81.19359527
1668408364.9061,1213.64,1217.16,7.83568438,31.06,78.51827087
1668408425.7960348,1211.42,1210.62,7.5982837,23.34,71.27476662
1668408485.8950634,1208.93,1210.39,7.56076671,23.76,69.55167541
1668408545.7101643,1213.79,1213.94,8.04344199,25.5,71.99719457
1668408608.1781209,1215.39,1219.55,8.6548974,31.2,75.52169068
1668408666.7426465,1223.82,1223.55,9.5273976,30.57,77.2182035
1668408726.6751812,1222.47,1222.57,9.69082985,18.66,75.47178449
1668408787.346969,1229.17,1232.83,11.00827769,28.8,80.31936342
1668408847.4492557,1231.64,1231.2,11.29107306,10.1,79.05866876
1668408907.2789729,1230.57,1229.41,11.2767436,15.78,75.90846758
1668408968.4843168,1227.16,1227.14,10.85733645,15.71,72.16407358
1668409028.311312,1227.07,1230.31,10.79357581,21.39,74.15124948
1668409088.7554617,1230.56,1231.01,10.6962302,17.23,74.5851884
1668409149.076758,1229.64,1232.83,10.54324937,17.44,74.7480704
1668409209.073136,1237.36,1241.05,11.34268998,17.22,79.04474345
1668409269.0323768,1236.84,1234.16,10.72834811,11.68,71.22368218
1668409329.799591,1234.41,1231.26,10.17133129,1.96,66.40414235
1668409390.047993,1229.97,1231.6,9.5510646,-0.04,65.81964115
1668409449.8854263,1233.02,1230.3,9.02126063,-0.27,62.76492762
1668409510.883041,1234.56,1234.56,8.46304407,7.49,66.50907796
1668409570.7724388,1234.56,1232.94,8.3338133,5.87,63.98949115
1668409631.3684487,1230.48,1230.48,7.03911881,0.84,60.39961587
1668409691.5425165,1231.8,1231.8,6.70108893,-5.87,61.6942157
1668409751.608234,1232.7,1232.7,6.40585283,-4.14,62.58384991
1668409811.5481374,1232.07,1232.07,5.95560841,-2.33,61.49829549
1668409872.433425,1233.83,1233.83,5.82315529,3.87,63.40785832
1668409932.3995464,1230.34,1230.34,5.04966655,-2.68,57.33527681
1668409992.3350954,1234.0,1234.0,5.12162073,3.34,61.4995258
1668410053.6369283,1234.95,1234.95,5.02579116,0.38,62.51370245
1668410113.725049,1234.16,1234.16,4.72176116,2.66,61.06221458
1668410174.095344,1231.78,1231.78,4.14206775,1.31,56.78157113
1668410234.4752831,1228.17,1228.17,3.25387618,-3.62,50.97661042
1668410294.4006588,1227.01,1227.01,2.60942675,-5.7,49.24900798
1668410354.5476592,1226.85,1226.85,2.1240356,-5.22,48.99904118
1668410415.203122,1226.89,1226.89,1.73519227,-6.94,49.06863887
1668410475.3198595,1229.12,1229.12,1.72289113,-1.22,52.92671115
1668410535.2695498,1231.07,1231.07,1.83114328,-2.93,56.05445769
1668410596.044452,1231.11,1231.11,1.77824398,-3.85,56.12342831
1668410656.1028826,1232.25,1232.25,1.87580294,-1.91,58.00774929
1668410715.9430406,1235.45,1235.45,2.3113469,3.68,62.85634226
1668410777.071416,1240.03,1240.03,3.0699913,12.28,68.46720177
1668410837.0303965,1245.81,1245.81,4.16334674,18.79,73.83435073
1668410896.959615,1247.26,1247.26,4.81625633,20.41,74.98509136
1668410957.8609924,1248.34,1248.34,5.33496539,21.45,75.83761238
1668411017.9690368,1253.59,1253.59,6.35522675,24.48,79.49406818
1668411077.8056402,1253.02,1253.02,6.67407863,21.94,78.12932835
1668411138.476816,1250.02,1250.02,6.45813891,18.91,71.09384949
1668411198.5210574,1249.04,1249.04,6.26557158,16.78,68.94428119
1668411258.4495418,1250.79,1250.79,6.33961299,15.34,70.68488657
1668411319.4539611,1250.86,1250.86,6.23839749,10.89,70.75487971
1668411379.4975646,1254.91,1254.91,6.65676378,9.11,74.52464105
1668411439.4422076,1257.92,1257.92,7.08043623,10.67,76.93253666
1668411500.356142,1256.07,1256.07,6.88142462,7.74,72.41649448
1668411560.308816,1252.33,1252.33,6.23463639,-1.25,64.24552646
1668411620.2929473,1250.46,1250.46,5.62624374,-2.56,60.56002771
1668411681.1374943,1251.16,1251.16,5.30067799,1.16,61.45244568
1668411741.1099422,1250.67,1250.67,4.87219034,1.63,60.42395627
1668411801.0148475,1253.72,1253.72,4.94336245,3.13,64.41960859
1668411862.3726578,1254.03,1254.03,4.79537247,3.17,64.80946443
1668411922.5575318,1253.86,1253.86,4.58199632,-1.06,64.40467815
1668411982.334493,1254.65,1254.65,4.48552197,-3.27,65.49824781
1668412043.1797009,1250.17,1250.17,3.67613196,-5.89,55.04345478
1668412103.3448322,1250.94,1250.94,3.38893899,-1.39,56.33174695
1668412163.2559245,1251.88,1251.88,3.21005691,1.42,57.91732886
1668412224.5413997,1251.68,1251.68,2.94567827,0.53,57.43894683
1668412284.333022,1254.26,1254.26,3.07664701,3.6,61.83052596
1668412344.3663409,1260.18,1260.18,3.82543854,6.46,69.568888
1668412405.186149,1257.11,1257.11,3.56452399,3.09,62.49322474
1668412465.1973753,1255.32,1255.32,3.25831699,1.46,58.74178014
1668412525.1465807,1254.38,1254.38,2.96027275,-0.28,56.8130425
1668412586.2918491,1256.04,1256.04,2.98643826,5.86,59.35131074
1668412646.7463453,1256.82,1256.82,2.97880251,5.87,60.52645274
1668412706.6697764,1256.54,1256.54,2.8517834,4.65,59.86409277
1668412767.0353792,1256.64,1256.64,2.75077917,4.96,60.0424521
1668412827.0599954,1260.06,1260.06,3.11812255,5.89,65.42059843
1668412887.096119,1261.98,1261.98,3.42743576,1.8,68.04128479
1668412947.7669015,1266.24,1266.24,4.11168943,9.13,72.92359808
1668413007.7772582,1263.94,1263.94,4.01018128,8.62,66.98945114
1668413067.7705872,1266.24,1266.24,4.35384368,11.86,69.65705135
1668413128.7361934,1270.51,1270.51,5.03520419,14.47,73.84160318
1668413188.7198062,1269.48,1269.48,5.09731032,12.67,71.25698659
1668413249.1851687,1267.14,1267.14,4.8214753,10.59,65.6679487
1668413309.4688773,1263.92,1263.92,4.24210625,7.28,58.83479929
1668413369.518272,1263.46,1263.46,3.87606316,3.39,57.90642114
1668413429.423998,1264.94,1264.94,3.78307185,2.96,60.08853245
1668413490.2210174,1264.86,1264.86,3.56267934,-1.36,59.9014623
1668413550.2210252,1267.36,1267.36,3.70843798,3.43,63.58558718
1668413610.1916666,1272.91,1272.91,4.40868802,6.68,70.14370704
1668413671.465376,1267.35,1267.35,3.77422789,-3.18,58.73207247
1668413731.806188,1269.63,1269.63,3.90455216,0.16,61.49012894
1668413791.495639,1271.54,1271.54,4.08904026,4.41,63.69301204
1668413852.1522894,1267.35,1267.35,3.47530062,3.43,56.13107058
1668413912.206649,1265.57,1265.57,2.96509354,2.11,53.23929566
1668413972.1609037,1266.42,1266.42,2.75681659,1.48,54.45682835
1668414032.93578,1264.53,1264.53,2.2475543,-0.32,51.29611976
1668414092.980019,1266.51,1266.51,2.22097733,-0.85,54.31346136
1668414152.9866166,1265.65,1265.65,1.92953299,-7.26,52.78562021
1668414214.168514,1263.33,1263.33,1.40500211,-4.02,48.79622625
1668414273.7493749,1265.14,1265.14,1.38013927,-4.5,51.85179452
1668414333.7593036,1264.73,1264.73,1.17322407,-6.81,51.10769781
1668414394.7603028,1266.44,1266.44,1.26509558,-0.91,54.06826794
1668414454.7039752,1266.0,1266.0,1.15296812,0.43,53.17497642
1668414514.7319005,1264.3,1264.3,0.83917236,-2.02,49.76230707
1668414575.5062172,1263.99,1263.99,0.64680953,-0.53,49.14201063
1668414635.5227003,1264.65,1264.65,0.60140094,-1.85,50.55473235
1668414695.704157,1266.94,1266.94,0.84144128,1.3,55.20427498
1668414756.2871418,1265.99,1265.99,0.7431157,2.67,52.9768851
1668414816.3492844,1264.72,1264.72,0.53621469,-0.43,50.07231413
1668414876.3231344,1265.3,1265.3,0.52937574,0.57,51.3845257
1668414937.3284383,1266.1,1266.1,0.59545009,-0.34,53.20883048
1668414997.317624,1263.67,1263.67,0.24753746,-2.32,47.38985323
1668415057.3435335,1259.54,1259.54,-0.46044291,-4.75,39.48814963
1668415118.1439548,1260.6,1260.6,-0.60191403,-3.39,42.15407882
1668415178.611971,1257.85,1257.85,-1.16150602,-6.8,37.54588751
1668415238.0543485,1257.8,1257.8,-1.42188169,-9.14,37.46761175
1668415298.8896449,1259.99,1259.99,-1.29572621,-6.01,43.20423979
1668415358.9152813,1261.84,1261.84,-1.05809862,-2.87,47.57058872
1668415418.929566,1263.7,1263.7,-0.71317079,-1.59,51.60577573
1668415479.9334822,1262.43,1262.43,-0.7299553,-3.67,48.84177491
1668415539.858688,1262.4,1262.4,-0.6596535,-1.28,48.77528515
1668415599.9166205,1262.42,1262.42,-0.59173819,2.88,48.82461559
1668415661.2371538,1261.23,1260.89,-0.72838768,0.29,45.13384913
1668415720.5800538,1260.18,1259.74,-0.88886622,1.9,42.50291917
1668415780.650089,1260.85,1260.77,-0.8095625,2.98,45.29634432
1668415841.6304576,1260.64,1260.07,-0.87142581,0.07,43.4798593
1668415901.5041354,1262.41,1263.62,-0.47391017,1.78,53.53914054
1668415961.5434108,1262.98,1262.42,-0.43908376,-1.27,50.1462264
1668416022.2806838,1262.88,1262.51,-0.33189947,0.08,50.33097477
1668416082.2562866,1262.4,1262.25,-0.2997813,-0.15,49.47550058
1668416142.3543477,1262.83,1263.26,-0.148034,0.83,52.84851152
1668416203.4114358,1262.63,1262.93,-0.12821721,1.69,51.77605536
1668416263.2535222,1263.24,1263.57,-0.00233323,3.39,54.04143525
1668416323.298794,1264.77,1262.66,0.07764556,1.81,49.97459853
1668416384.199479,1262.54,1262.31,0.02973669,1.67,48.81055796
1668416444.1699648,1261.72,1262.65,-0.00923763,0.23,50.19122366
1668416504.110536,1261.2,1258.88,-0.39346492,-4.1,38.67512185
1668416565.222395,1258.53,1256.36,-0.82197178,-6.51,33.09961444
1668416625.1171072,1255.83,1257.51,-1.06058459,-4.89,38.20895931
1668416685.1309805,1257.75,1257.45,-1.19920035,-5.38,38.34262903
1668416746.7668304,1256.68,1256.92,-1.39884004,-5.72,37.59988691
1668416806.231256,1256.67,1255.6,-1.61249975,-7.64,34.32498886
1668416866.1426184,1255.39,1254.73,-1.82760672,-10.03,32.52415682
1668416926.940915,1256.4,1255.08,-1.83140929,-7.46,34.92515885
1668416986.8821816,1254.14,1254.16,-2.0497931,-7.57,33.17536522
1668417046.9410722,1255.0,1255.86,-1.95080907,-5.34,39.63964265
1668417107.5480978,1256.68,1256.66,-1.78981971,-1.87,42.3663306
1668417167.5418456,1256.37,1256.41,-1.73233637,0.47,41.79649869
1668417227.6354592,1256.32,1256.71,-1.63103542,-1.04,43.04437498
1668417288.5635536,1256.38,1256.01,-1.60238071,-0.67,40.6590286
1668417348.5774722,1255.48,1255.45,-1.61960104,-1.21,39.08592494
1668417408.5202928,1254.82,1256.49,-1.53734093,1.1,44.43511396
1668417469.297492,1256.9,1255.33,-1.48265644,-1.07,41.33566871
1668417529.3134074,1254.51,1253.34,-1.65779147,-0.79,36.49538806
1668417589.2554555,1252.65,1253.98,-1.71630697,-1.02,40.0286008
1668417650.2928228,1253.39,1254.83,-1.66800083,-1.84,43.18620536
1668417710.0186863,1256.93,1259.25,-1.09295432,2.89,55.31518619
1668417769.9973085,1259.28,1258.5,-0.81856928,2.19,53.1535065
1668417830.898894,1259.15,1259.25,-0.49689489,2.86,55.25125333
1668417890.7675028,1258.32,1258.57,-0.39073194,3.1,53.18676122
1668417950.841886,1258.52,1258.97,-0.21614921,4.16,54.34227195
1668418011.8847363,1258.5,1259.82,-0.03492089,2.92,56.8375316
1668418071.7572722,1259.67,1259.71,0.11821045,5.2,56.55110455
1668418131.8523736,1259.72,1259.0,0.19081565,6.35,53.77513992
1668418192.5415754,1258.85,1258.53,0.1975532,5.14,52.00659841
1668418253.070064,1258.98,1258.85,0.26320735,1.93,53.13238726
1668418312.576684,1258.56,1257.76,0.17994962,-1.52,48.77559721
1668418373.2701046,1257.85,1258.5,0.19474282,-0.64,51.72214913
1668418433.2768035,1259.19,1259.45,0.31676956,1.13,55.1520446
1668418493.2195144,1259.19,1259.33,0.34066973,0.81,54.75952099
1668418554.244032,1258.7,1259.19,0.3217834,0.69,54.01612757
1668418614.2833922,1259.72,1259.99,0.43914553,0.33,57.03966876
1668418674.2526474,1261.03,1261.78,0.69918774,2.06,62.95102378
1668418734.8918316,1262.2,1262.76,0.93338579,3.92,65.76236113
1668418795.1623902,1261.8,1261.2,0.89704139,2.23,59.01707825
1668418854.9041505,1261.12,1260.32,0.84260068,1.75,54.74869722
1668418915.677276,1260.9,1261.12,0.89612638,3.27,58.37966182
1668418975.7318208,1261.21,1261.41,0.92026844,2.22,59.51341435
1668419035.6774704,1261.75,1261.77,0.97210452,2.57,60.87563458
1668419096.5914392,1262.42,1262.66,1.0908039,3.95,64.14311528
1668419156.6002977,1263.76,1261.75,1.12714426,2.02,56.69729996
1668419216.5355752,1261.34,1262.42,1.10097598,1.39,58.62276888
1668419277.5038009,1262.51,1262.43,1.10051769,0.24,58.52231031
1668419337.3018527,1262.3,1263.35,1.14799162,1.55,61.44269609
1668419397.3740246,1262.64,1263.14,1.11850648,2.03,60.91028818
1668419458.107074,1262.51,1261.53,0.9604237,0.62,53.37657478
1668419518.0238285,1261.03,1260.24,0.73129817,-0.98,47.66897948
1668419578.1672928,1259.61,1260.78,0.57959059,-0.97,50.30288131
1668419638.864824,1260.57,1261.0,0.49749192,-1.41,51.27930832
1668419698.7731287,1261.48,1262.13,0.56094682,-1.64,55.65167649
1668419758.7892697,1261.26,1260.51,0.39083046,-0.82,48.81530957
1668419819.945002,1260.77,1260.09,0.28936239,-2.42,46.9240259
1668419878.8843422,1259.39,1259.65,0.11334507,-2.66,45.44874216
1668419938.9379454,1259.5,1257.31,-0.1792484,-5.32,36.94423592
1668419998.8474972,1257.32,1257.1,-0.41319781,-5.41,36.29298287
1668420058.940488,1257.31,1256.82,-0.60118489,-4.21,35.35026199
1668420118.9086154,1257.12,1255.56,-0.83616179,-4.06,31.51829106
1668420178.8701804,1253.59,1254.07,-1.27029994,-6.5,29.65369951
1668420238.8550751,1256.59,1257.51,-1.04321253,-3.98,44.35157375
1668420299.3066225,1258.75,1257.63,-0.92557645,-3.63,45.20747358
1668420358.8944795,1257.48,1257.05,-0.95462839,-3.71,43.60842707
1668420418.8870604,1256.39,1255.98,-1.08376679,-3.42,40.81826032
1668420478.879114,1256.02,1256.55,-1.08340961,-2.94,42.9621801
1668420538.8708332,1256.4,1256.37,-1.09688074,-0.94,42.30884308
1668420598.868769,1255.95,1255.83,-1.15512086,-1.48,40.72826198
1668420658.8082902,1257.2,1256.93,-0.98919978,-0.2,45.19036585
1668420718.877022,1255.02,1254.88,-1.21471736,1.29,39.38565
1668420779.4286256,1255.56,1255.77,-1.14468433,-0.82,42.74298836
1668420838.8879037,1255.35,1255.33,-1.18023766,-3.41,41.22595338
1668420898.9004767,1255.37,1255.72,-1.13481831,-1.77,42.97689612
1668420958.954303,1255.5,1255.51,-1.11848706,-0.88,42.02644569
1668421018.9561093,1255.31,1255.06,-1.12865215,-0.96,40.40840422
1668421078.9833028,1254.66,1254.57,-1.17435371,-1.83,38.70606571
1668421138.8779197,1254.34,1254.34,-1.2042904,-1.6,37.90999561
1668421198.8133175,1254.49,1255.66,-1.08572428,-1.53,45.33647142
1668421259.4122572,1255.83,1257.37,-0.84232698,2.36,53.15675631
1668421318.9090164,1257.54,1257.58,-0.62543432,2.02,53.98294455
1668421378.9374087,1257.27,1257.71,-0.4683402,2.36,54.4304694
1668421438.8876302,1257.48,1257.45,-0.35544614,2.08,53.31660684
1668421498.9343562,1257.1,1256.25,-0.36522898,0.74,47.37773966
1668421559.0511868,1255.78,1256.76,-0.33512035,1.46,50.13317277
1668421618.9204798,1257.0,1257.76,-0.18378339,3.1,54.43487211
1668421678.9094734,1257.74,1257.36,-0.11187658,3.02,52.47457805
1668421739.4437351,1257.42,1258.1,0.01033737,3.62,55.7478997
1668421798.8929477,1259.05,1257.46,0.10967801,1.63,51.76990698
1668421858.9451034,1256.99,1257.82,0.12727096,0.28,53.12932737
1668421918.8902948,1258.6,1258.85,0.29917565,1.59,56.67131193
1668421978.8954356,1259.54,1259.43,0.46984,1.96,58.3645684
1668422038.9286923,1259.16,1259.95,0.58054041,2.85,59.79785932
1668422098.9376397,1260.63,1260.14,0.73394369,4.36,59.49735915
1668422158.9288502,1259.92,1258.67,0.67245291,1.67,53.11429864
1668422219.6082184,1259.08,1259.5,0.72182588,1.77,56.2753477
1668422279.0205095,1260.5,1260.94,0.90250398,3.52,60.847787
1668422338.9573147,1261.63,1261.46,1.05649622,2.41,61.96385835
1668422398.888142,1260.52,1259.6,0.91446896,2.6,53.94773785
1668422458.963944,1260.13,1260.58,0.96235092,1.97,57.62611782
1668422518.877873,1260.89,1260.55,0.97309843,1.01,57.03691989
1668422578.978619,1259.17,1259.89,0.81279433,0.72,53.94708248
1668422639.0308404,1260.0,1260.73,0.83797921,0.1,56.78159376
1668422699.2977266,1260.07,1259.12,0.67221277,-0.8,50.55143023
1668422759.1147535,1260.06,1261.35,0.81233961,2.27,59.2682374
1668422819.014174,1261.19,1261.67,0.86917534,1.18,60.41205534
1668422879.00568,1261.56,1261.0,0.85481821,-0.64,57.08650612
1668422938.944039,1260.0,1260.28,0.72166777,-0.23,53.63007332
1668422998.944646,1258.5,1257.34,0.32683715,-2.78,42.42211739
1668423058.8739722,1258.07,1258.69,0.27705877,-2.2,47.67336297
1668423118.9933066,1259.47,1260.77,0.40386807,1.61,55.54650936
1668423179.3145337,1259.83,1259.98,0.32895306,-0.01,52.81638744
1668423238.9662085,1259.91,1260.02,0.32352339,-0.04,53.01292192
1668423298.953508,1260.2,1259.69,0.30534395,-0.37,51.24786266
1668423358.977479,1260.03,1260.87,0.39205888,-0.31,56.6380972
1668423419.035581,1260.7,1260.89,0.42478027,-0.68,56.77928004
1668423479.0436833,1261.3,1261.3,0.51354351,1.29,58.50581072
1668423539.0836408,1261.38,1261.25,0.55317385,2.75,58.00713387
1668423599.003693,1260.57,1259.81,0.41555015,1.75,49.78666524
1668423659.6207595,1260.55,1260.69,0.46189068,1.22,54.60145169
1668423719.0348997,1261.13,1261.87,0.56853077,2.04,60.32705129
1668423778.9867475,1262.22,1261.76,0.63025865,1.86,58.71853754
1668423838.9922297,1262.06,1261.87,0.67619984,1.67,59.33625257
1668423899.0182614,1261.51,1260.01,0.5151983,-0.03,48.13692768
1668423959.0096538,1260.15,1260.52,0.45561752,-0.18,50.88478367
1668424019.0512974,1260.44,1260.55,0.39246119,-0.74,51.08792476
1668424079.0248008,1260.56,1261.02,0.38100009,-0.36,53.79624231
1668424139.4715376,1262.31,1262.63,0.57556338,2.07,61.25716611
1668424198.92061,1261.68,1260.63,0.4233764,0.08,50.16026262
1668424259.168172,1260.51,1261.32,0.40510228,0.18,53.54397904
1668424319.0392354,1260.97,1261.69,0.40286827,-0.53,55.38525999
1668424379.0870512,1261.02,1260.87,0.31109803,-1.18,51.27075925
1668424438.979331,1261.15,1262.11,0.39369035,0.61,57.85665505
1668424499.0011656,1262.58,1262.24,0.47511503,2.09,57.73787654
1668424559.0514057,1262.28,1262.56,0.5333517,2.12,59.34716944
1668424619.4884562,1261.93,1262.3,0.51023297,1.75,57.60102964
1668424679.192495,1262.31,1263.42,0.6162566,1.11,62.81854244
1668424738.95293,1267.31,1263.28,0.91946928,1.59,55.42836348
1668424798.9731398,1262.6,1260.22,0.61682783,-0.28,46.1287107
1668424858.9942713,1258.98,1258.47,0.2004535,-2.51,41.94467836
1668424919.0302615,1257.9,1262.36,0.22403117,1.34,52.70231983
1668424979.005543,1260.86,1259.42,-0.05134018,-1.73,45.780185
1668425039.0555732,1260.13,1259.74,-0.1041123,-2.83,46.43949687
1668425099.6556823,1258.31,1258.26,-0.39415812,-4.03,43.03349354
1668425159.0158648,1258.14,1257.25,-0.61549654,-4.68,40.69722465
1668425219.0156891,1256.22,1256.47,-0.90005604,-5.85,39.38288585
1668425279.0252466,1256.21,1256.26,-1.08051972,-11.05,38.69096821
1668425339.1035366,1255.82,1257.66,-1.10938903,-4.93,44.09170879
1668425398.9993994,1257.47,1257.74,-1.09780136,-1.25,44.40873398
1668425459.259677,1257.45,1256.38,-1.19006349,-1.52,40.57191492
1668425519.0040984,1256.35,1255.1,-1.33400188,-5.76,37.40429448
1668425579.6510797,1255.07,1255.51,-1.39946299,-4.61,39.09494956
1668425639.0355968,1255.02,1254.2,-1.56822353,-4.11,35.1828083
1668425699.357564,1253.8,1253.95,-1.69590127,-4.19,34.95147676
1668425759.1215155,1254.79,1254.36,-1.66716489,-1.86,37.39089373
1668425819.1047144,1255.41,1255.93,-1.48823908,-0.29,43.23671941
1668425879.0921516,1255.96,1255.8,-1.40585808,-0.02,42.83251164
1668425939.1012151,1256.5,1255.8,-1.28281418,-1.66,43.22181012
1668425999.098989,1255.65,1254.5,-1.32972611,-2.95,39.21136886
1668426059.6651316,1254.1,1254.65,-1.35461324,-1.71,40.59277649
1668426119.1115358,1255.4,1255.02,-1.25795715,-0.05,42.44836808
1668426179.0846548,1255.99,1255.58,-1.10972831,0.57,44.60898943
1668426239.1369288,1255.99,1256.74,-0.92378496,2.94,49.13267666
1668426299.072086,1256.14,1255.64,-0.9179037,0.85,44.70775308
1668426359.1254065,1255.36,1255.94,-0.85864944,0.53,46.41974895
1668426419.064216,1256.02,1256.59,-0.72816103,0.64,49.36177749
1668426479.04791,1256.5,1257.17,-0.58251959,0.66,51.95104006
1668426539.5644252,1257.01,1256.63,-0.50784018,0.99,49.48125506
1668426599.0679498,1255.51,1255.18,-0.61943508,1.09,43.5911619
1668426659.089234,1255.3,1254.9,-0.64351289,-0.49,42.44170711
1668426719.113074,1255.22,1255.73,-0.57786487,-0.26,46.48687854
1668426779.107939,1254.72,1254.82,-0.67463554,-1.17,42.23393654
1668426839.0615366,1255.06,1255.47,-0.61299773,-0.67,46.00609874
1668426899.055333,1255.37,1254.39,-0.66502394,-0.97,40.92966149
1668426959.100284,1254.17,1254.73,-0.67837494,-1.29,43.43373312
1668427019.8261204,1255.88,1255.35,-0.54582591,-1.14,46.88411999
1668427079.0782216,1254.99,1254.51,-0.59743723,-2.51,43.38156954
1668427139.1885746,1255.28,1254.58,-0.55555656,-0.92,43.77755806
1668427199.1230743,1253.19,1252.28,-0.83362401,-3.03,35.80565203
1668427259.2570934,1252.34,1253.19,-0.87943672,-2.02,40.53079364
1668427319.3409166,1252.78,1252.8,-0.96541186,-1.91,38.55139018
1668427379.1947308,1252.74,1251.1,-1.13482762,-3.95,32.90143694
1668427439.0817251,1248.99,1248.72,-1.57007571,-6.64,27.29156287
1668427499.6793146,1246.94,1248.29,-1.90587342,-5.87,30.79363325
1668427559.1428552,1245.54,1245.11,-2.45904319,-10.78,21.16434174
1668427619.2529218,1246.17,1247.41,-2.44439571,-7.58,31.37103659
1668427679.326662,1249.66,1249.17,-2.19232649,-6.11,39.14601654
1668427739.333228,1249.37,1249.03,-2.10808555,-4.16,38.75214552
1668427799.317418,1247.81,1246.67,-2.29458835,-5.66,33.43907235
1668427859.1775808,1247.0,1247.94,-2.21729076,-4.83,37.99892705
1668427919.2261298,1247.75,1248.53,-2.1160982,-4.21,40.4126688
1668427979.219947,1249.24,1252.1,-1.67292668,3.1,52.11970777
1668428039.1686416,1252.43,1253.32,-1.23275071,6.38,55.33202336
1668428099.2108011,1254.08,1253.21,-0.85704201,7.67,54.422453
1668428159.1485474,1253.2,1254.44,-0.50228734,8.28,57.52194083
1668428219.169832,1255.16,1253.2,-0.27256887,3.55,53.17630903
1668428279.2144082,1253.86,1252.58,-0.14390837,3.2,51.28008808
1668428339.3178024,1253.0,1253.4,0.0085745,5.59,53.55229113
1668428399.3396907,1254.08,1253.86,0.18089526,6.87,54.58488739
1668428459.1985505,1253.29,1253.94,0.2426185,6.19,54.62196744
1668428519.452239,1254.13,1254.35,0.36824572,5.12,55.73628781
1668428579.1884325,1254.32,1254.69,0.47525906,2.26,56.72603446
1668428639.1295424,1255.34,1255.26,0.6416892,1.19,58.17230899
1668428699.127618,1255.18,1255.96,0.77505903,2.76,60.09644046
1668428759.1473022,1255.23,1257.49,0.95219282,2.33,64.24028871
1668428819.151016,1256.82,1257.55,1.08927613,3.7,64.51251244
1668428879.0967884,1258.32,1260.9,1.54142492,7.91,71.58280946
1668428939.173363,1262.05,1262.38,2.01948939,8.3,73.9525345
1668428999.1892726,1261.68,1261.29,2.16784703,8.0,70.03919389
1668429059.1393974,1261.63,1260.91,2.29376293,6.78,68.18727868
1668429119.140373,1260.19,1260.96,2.30467801,6.65,66.81770693
1668429179.2484915,1260.67,1261.99,2.39627832,6.65,69.05910981
1668429239.244153,1265.06,1264.31,2.83425647,9.13,71.05127828
1668429299.2076993,1264.47,1266.68,3.15213428,11.46,75.03020892
1668429359.1963472,1265.82,1264.59,3.13432987,7.78,68.78685479
1668429419.2174404,1265.42,1263.93,3.13812262,5.61,65.92973289
1668429479.4491148,1264.14,1263.29,3.01471235,1.23,63.35177628
1668429539.2243898,1262.86,1261.34,2.68788746,-0.33,56.39573853
1668429599.277163,1261.55,1262.7,2.54950477,1.08,59.94552053
1668429659.2785747,1262.18,1264.13,2.48096236,3.95,63.31698044
1668429719.2205477,1263.54,1264.6,2.43326723,3.94,64.4415887
1668429779.5547342,1263.67,1263.97,2.29689301,-1.1,63.10277022
1668429839.2525198,1263.45,1263.02,2.11542664,-1.46,59.57900409
1668429899.289402,1262.73,1262.09,1.88835428,-3.72,55.74318786
1668429959.6996706,1261.7,1261.66,1.64935648,-3.77,54.08346703
1668430019.223279,1260.86,1261.47,1.40264128,-2.67,53.205899
1668430079.1721125,1262.07,1263.74,1.46263874,0.89,60.08438373
1668430139.313953,1263.21,1263.92,1.43718432,2.38,60.69127665
1668430199.241117,1263.87,1263.32,1.38180429,1.15,58.14770244
1668430259.2185688,1262.75,1263.81,1.32978418,0.27,59.08458051
1668430319.2312224,1263.49,1263.85,1.29298919,0.19,59.27855202
1668430379.2266414,1264.65,1265.0,1.41044544,1.54,62.566196
1668430439.4486551,1264.95,1263.94,1.34876769,1.22,57.78495746
1668430499.3588552,1265.42,1264.78,1.44698642,3.08,60.57660376
1668430559.299908,1264.34,1262.68,1.21971223,1.83,51.54730313
1668430619.206974,1262.12,1261.84,0.95499006,-0.24,48.53076998
1668430679.271762,1262.45,1262.51,0.86147983,-0.71,50.99185896
1668430739.2694104,1263.25,1262.69,0.80021967,-1.17,51.38665456
1668430799.2371151,1263.31,1264.32,0.86507852,1.58,57.55290324
1668430859.3464684,1264.32,1264.04,0.84557454,0.56,56.22186859
1668430919.7761073,1264.48,1263.64,0.81523251,-1.0,54.05069071
1668430979.3296824,1263.15,1264.11,0.76322456,-0.83,55.6163566
1668431040.070201,1264.3,1263.29,0.69006871,-2.13,51.83596398
1668431100.0500927,1264.19,1264.65,0.77693534,0.32,57.53025742
1668431160.009864,1265.77,1265.38,0.9071046,3.25,59.32521119
1668431221.0418737,1267.45,1268.26,1.285988,5.82,68.22194875
1668431281.1594794,1271.9,1267.66,1.62128976,4.42,58.98964355
1668431341.0959058,1265.0,1263.33,1.12252264,0.03,48.28761473
1668431401.7644942,1261.67,1261.09,0.60735703,-3.23,43.8864827
1668431462.0979145,1260.36,1261.0,0.24591541,-3.47,44.14839129
1668431521.6991153,1262.14,1263.5,0.275191,0.34,49.8399265
1668431582.501987,1264.32,1266.48,0.51072625,2.18,55.71371711
1668431642.6324549,1267.69,1272.96,1.23026505,8.77,65.2907726
1668431702.5411098,1281.65,1281.43,2.91525195,15.66,72.72487365
1668431763.5353808,1279.52,1278.34,3.29492214,10.89,66.78189997
1668431823.524689,1279.06,1277.28,3.63399629,5.28,64.64123244
1668431883.4836116,1277.58,1276.33,3.75654952,11.33,62.74664703
1668431944.4242349,1274.64,1277.11,3.74851692,15.39,62.56146055
1668432004.3829007,1277.3,1277.28,3.83039301,16.91,62.72596339
1668432064.3068311,1277.91,1277.55,3.89997116,15.4,62.70719869
1668432125.1503482,1275.85,1276.89,3.71207099,12.58,60.7930967
1668432185.1702638,1277.95,1279.98,3.94120864,12.29,64.44948502
1668432245.1755984,1279.87,1283.63,4.29334617,1.98,68.31220794
1668432306.15004,1284.94,1285.85,4.78558776,6.33,70.33005543
1668432366.260514,1285.2,1282.95,4.76346339,3.89,64.93562338
1668432426.149164,1283.42,1283.26,4.78553059,5.67,65.53461513
1668432486.999045,1284.25,1285.2,4.93588223,10.56,67.86530281
1668432547.045379,1289.32,1287.63,5.37760164,10.33,68.2100381
1668432606.9284973,1289.77,1287.69,5.54648675,9.77,67.43951156
1668432667.6641524,1288.46,1287.25,5.49417229,11.41,66.31658702
1668432727.7418704,1284.2,1283.99,4.8945412,6.04,59.73372375
1668432787.7200315,1284.34,1281.68,4.3968731,1.82,55.16058593
1668432848.9165976,1283.0,1282.36,4.07052492,-2.58,56.30428113
1668432908.9571357,1283.02,1285.59,3.98364952,0.39,61.49807432
1668432969.0395634,1284.31,1285.58,3.74931302,2.17,61.61836283
1668433029.763329,1284.01,1284.0,3.38026044,-0.26,58.94716827
1668433089.739157,1282.32,1281.3,2.83187199,-7.94,52.71714633
1668433149.8186097,1281.91,1281.88,2.55879707,-7.89,53.99703314
1668433210.471945,1281.93,1281.93,2.0377302,-2.27,54.09223829
1668433270.493247,1281.93,1283.17,2.13664758,-1.03,56.87963797
1668433330.5164948,1282.73,1282.73,1.77121735,-0.27,55.9907597
1668433391.3124545,1280.0,1280.0,1.25205218,-3.01,48.34934272
1668433451.2471936,1279.08,1279.08,0.87035967,-5.22,46.07438441
1668433511.2818286,1279.6,1279.6,0.69302722,-4.4,47.57823782
1668433572.4038806,1279.18,1279.18,0.45432182,-3.13,46.45145467
1668433632.194687,1279.4,1279.4,0.31885809,-2.5,47.15984079
1668433692.2587104,1280.23,1280.23,0.3139137,-1.6,49.84396263
1668433752.9192994,1278.31,1278.31,-0.01806892,-3.63,44.25652123
1668433812.9401958,1264.22,1264.22,-2.14174596,-18.16,23.43706289
1668433872.928802,1257.87,1257.87,-3.80510611,-24.86,19.08316522
1668433933.7613945,1245.93,1245.93,-6.35718272,-34.08,13.8853223
1668433993.8245535,1254.22,1254.22,-6.36484654,-24.85,28.50062759
1668434053.716574,1250.1,1250.1,-7.38531054,-29.5,26.12016039
1668434114.7351809,1250.08,1250.08,-7.86036051,-29.1,26.10880894
1668434174.7011988,1251.64,1251.64,-7.92181433,-27.75,28.71245837
1668434234.7751727,1251.64,1254.91,-7.66095963,-24.48,33.96262831
1668434295.5744672,1258.46,1258.46,-6.15845522,-19.84,41.75030824
1668434355.4161546,1258.54,1258.54,-5.9132259,-5.8,41.82851561
1668434415.4875965,1259.16,1259.16,-5.5704377,1.28,42.46707443
1668434476.752698,1253.94,1253.94,-6.01505256,8.02,38.62293177
1668434536.2232363,1257.12,1257.12,-5.51845395,2.89,42.06580566
1668434596.2224677,1255.33,1255.33,-5.51890484,5.0,40.68380836
1668434657.6646535,1257.24,1257.24,-5.07510405,7.16,42.84250236
1668434717.6213882,1255.61,1255.61,-5.01811493,3.98,41.45244158
1668434777.5457792,1258.94,1258.94,-4.34429258,-9.98,45.34231399
1668434838.4953372,1259.58,1259.58,-3.88451279,1.12,46.08438004
1668434898.5107763,1263.01,1263.01,-3.03514484,4.48,50.00217136
1668434958.4974194,1260.28,1260.28,-2.93538994,1.12,47.07041463
1668435019.878133,1261.08,1261.08,-2.54068494,7.14,48.03290615
1668435079.310218,1261.0,1261.0,-2.26378897,3.87,47.94009376
1668435139.3193796,1258.7,1258.7,-2.34117419,3.37,45.20814908
1668435200.088405,1258.26,1258.26,-2.28617431,1.03,44.6705742
1668435260.0083108,1258.44,1258.44,-2.17157579,2.82,44.92179091
1668435320.0477242,1256.16,1256.16,-2.38997471,-2.78,41.98382709
1668435381.0995195,1257.51,1257.51,-2.20112649,-2.07,44.30550619
1668435441.0592422,1255.48,1255.48,-2.39941551,-7.53,41.61187003
1668435501.5764313,1254.25,1254.25,-2.5781146,-6.03,40.07033795
1668435561.8526096,1255.02,1255.02,-2.49925824,-6.05,41.56979013
1668435621.8234696,1251.98,1251.98,-2.8856203,-9.01,37.56764517
1668435681.7896502,1251.95,1251.95,-2.97030846,-6.74,37.5293072
1668435742.5912578,1253.77,1253.77,-2.7442711,-4.6,41.43562003
1668435802.598141,1252.3,1252.3,-2.8568295,-6.13,39.29152473
1668435862.4937766,1251.79,1251.79,-2.89329634,-4.37,38.55858434
1668435923.4950294,1252.18,1252.18,-2.80126408,-5.32,39.50024276
1668435983.9846857,1250.38,1250.38,-2.97667899,-5.09,36.71658137
1668436043.4989505,1248.46,1248.46,-3.23909785,-5.72,33.9596583
1668436104.3168314,1248.1,1248.1,-3.33866625,-6.91,33.45424145
1668436164.3310604,1249.13,1249.13,-3.20928413,-2.86,36.39410286
1668436224.3007402,1250.43,1250.43,-2.95318747,-1.52,39.97537734
1668436285.056252,1253.41,1253.41,-2.37825151,-0.35,47.31774325
1668436345.0137584,1253.86,1253.86,-2.0239518,1.56,48.34700254
1668436405.055275,1250.87,1250.87,-2.1734752,-0.91,42.41980386
1668436466.405451,1246.04,1246.04,-2.75560251,-6.14,34.95467049
1668436526.4238176,1245.94,1245.94,-2.89941184,-4.43,34.83206199
1668436586.418216,1244.19,1244.19,-3.21955064,-4.26,32.4339581
1668436647.6132498,1243.19,1243.19,-3.46566998,-4.9,31.12192175
1668436707.5493476,1241.97,1241.97,-3.72896646,-7.17,29.55131575
1668436767.644092,1242.77,1242.77,-3.70403406,-7.65,31.97783384
1668436828.4520197,1246.13,1246.13,-3.21606964,-7.28,41.14490518
1668436888.3640835,1245.8,1245.8,-3.05130436,-8.05,40.56086669
1668436948.4403234,1247.39,1247.39,-2.64517584,-3.48,44.57147982
1668437009.492533,1247.19,1247.19,-2.42510213,1.05,44.17103852
1668437069.883556,1246.94,1246.94,-2.24725893,1.01,43.62801728
1668437129.3978157,1245.38,1245.38,-2.28721392,1.19,40.33096213
1668437189.9392624,1245.79,1245.79,-2.13699474,2.6,41.58053688
1668437249.408574,1242.2,1242.2,-2.52806456,0.23,34.7235595
1668437309.4129686,1245.08,1245.08,-2.17784672,2.32,42.87520737
1668437369.4325235,1247.67,1247.67,-1.68814458,1.53,49.02907057
1668437429.3289294,1249.34,1249.34,-1.21166002,3.49,52.5762381
1668437489.5426836,1249.58,1249.58,-0.89436906,2.19,53.07714402
1668437549.464081,1250.21,1250.21,-0.56276945,3.03,54.45410431
1668437609.468342,1249.65,1249.65,-0.41446854,2.71,52.97388091
1668437669.4204247,1249.02,1249.02,-0.34761373,3.64,51.280115
1668437729.3407135,1250.34,1250.34,-0.06530003,4.55,54.55851667
1668437789.4507976,1250.54,1250.54,0.10240325,8.34,55.05203882
1668437849.4241955,1250.89,1250.89,0.26960468,5.87,55.95358394
1668437909.4228225,1252.0,1252.0,0.53318399,4.32,58.76476198
1668437969.4836998,1251.38,1251.38,0.57597165,2.04,56.58516514
1668438029.4258275,1251.81,1251.81,0.70185061,2.22,57.75748632
1668438089.3944137,1254.82,1254.82,1.19234264,4.62,64.87192051
1668438149.4367857,1253.12,1253.12,1.13890585,3.47,58.8156899
1668438209.4239557,1251.75,1251.75,0.9910271,2.73,54.41930027
1668438269.4059408,1251.55,1251.55,0.92185073,1.21,53.79273122
1668438329.3957107,1249.98,1249.98,0.64586038,-0.56,48.99578931
1668438389.5341716,1250.11,1250.11,0.5406447,-0.78,49.39759766
1668438449.657585,1251.76,1251.76,0.67778864,-0.25,54.30926121
1668438509.4578085,1252.48,1252.48,0.77554535,1.1,56.31068916
1668438569.4524872,1253.71,1253.71,0.97155756,1.91,59.56293895
1668438629.4265378,1252.97,1252.97,0.93258297,-1.86,56.82607622
1668438689.3743503,1253.05,1253.05,0.94898732,-0.15,57.05816971
1668438749.4618738,1252.38,1252.38,0.85193722,0.64,54.44967741
1668438809.366896,1251.04,1251.04,0.61925696,-0.51,49.54981065
1668438869.5179677,1251.47,1251.47,0.57319485,1.52,51.0747073
1668438929.464673,1252.72,1252.72,0.68102749,2.61,55.29874082
1668438989.4339733,1252.62,1252.62,0.66549013,0.85,54.89045394
1668439049.4315252,1252.96,1252.96,0.69943035,0.48,56.08047025
1668439109.4711006,1251.79,1251.79,0.53264794,-1.91,51.09507
1668439169.4680967,1249.13,1249.13,0.09238308,-3.83,41.95287861
1668439229.481133,1249.0,1249.0,-0.10635095,-4.04,41.57680411
1668439289.4087014,1246.0,1246.0,-0.67617981,-6.38,33.74055801
1668439349.8633657,1247.16,1247.16,-0.7634422,-3.89,38.55636537
1668439409.4881897,1248.51,1248.51,-0.70415413,-2.95,43.69185084
1668439469.6923144,1246.52,1246.52,-1.01598947,-6.2,38.58466605
1668439529.4743795,1245.82,1245.82,-1.22330643,-6.8,36.94857138
1668439589.5258143,1247.19,1247.19,-1.13437718,-5.76,42.12129963
1668439649.5053267,1243.01,1243.01,-1.72891131,-8.79,33.19739583
1668439709.512535,1242.02,1242.02,-2.0530877,-7.11,31.47439109
1668439769.5367987,1238.97,1238.97,-2.65357203,-10.02,26.91542582
1668439829.9832113,1241.27,1241.27,-2.57679875,-4.73,34.65093911
1668439889.473098,1238.73,1238.73,-2.99010217,-8.43,30.78474869
1668439949.4266057,1236.51,1236.51,-3.43554115,-12.01,27.85979751
1668440009.4344337,1240.2,1240.2,-3.08500389,-6.32,38.34567196
1668440069.4817092,1242.99,1242.99,-2.61081557,-2.83,44.8731446
1668440129.6037898,1240.51,1240.51,-2.73512517,-6.68,40.74828406
1668440189.5456293,1239.72,1239.72,-2.75802684,-3.28,39.50259824
1668440249.5818765,1242.43,1242.43,-2.3120723,0.41,45.64153631
1668440310.140249,1241.96,1241.96,-2.1715274,3.0,44.79123466
1668440369.4530492,1242.84,1242.84,-1.88290246,1.56,46.78543453
1668440429.5659027,1243.43,1243.43,-1.60753492,4.69,48.13734662
1668440489.5114117,1243.66,1243.66,-1.37844886,7.15,48.68757284
1668440549.4956124,1244.23,1244.23,-1.11642993,4.03,50.09590273
1668440609.6913056,1244.28,1244.28,-0.92697819,1.28,50.22495727
1668440669.4978583,1244.54,1244.54,-0.73435421,4.03,50.93550373
1668440729.4567606,1244.5,1244.5,-0.59635773,4.78,50.81301401
1668440789.994845,1245.23,1245.23,-0.37637514,2.8,52.9964602
1668440849.5329623,1245.61,1245.61,-0.19164181,3.64,54.13723856
1668440909.4900167,1244.43,1244.43,-0.23528132,1.58,50.07318848
1668440969.503295,1244.51,1244.51,-0.18234805,1.08,50.3479455
1668441029.5980456,1244.56,1244.56,-0.13610491,0.91,50.52944294
1668441089.479486,1243.53,1243.53,-0.24766772,-0.7,46.74692609
1668441149.4679413,1246.36,1246.36,0.13280326,2.08,56.40765206
1668441209.5163152,1245.3,1245.3,0.10204592,0.76,52.56046667
1668441269.6061163,1245.55,1245.55,0.17961636,1.04,53.35965408
1668441329.5077465,1245.54,1245.54,0.22068052,0.31,53.32065833
1668441389.5951984,1246.17,1246.17,0.34063768,0.56,55.5143333
1668441449.5223105,1245.57,1245.57,0.30592213,1.14,52.95268032
1668441509.5999677,1245.39,1245.39,0.2879074,0.89,52.1715795
1668441569.5176775,1245.84,1245.84,0.34536624,1.28,53.98749559
1668441629.525786,1245.32,1245.32,0.28418978,1.8,51.54742291
1668441690.370119,1243.69,1243.69,0.03448386,-2.67,44.73577279
1668441749.6032815,1241.54,1241.54,-0.36297785,-3.75,37.64704802
1668441809.6682174,1245.54,1245.54,0.0295809,-0.02,52.66016816
1668441869.6054623,1244.46,1244.46,-0.0658654,-1.08,49.21463335
1668441929.598617,1246.64,1246.64,0.23515912,0.46,55.54036715
1668441989.5647533,1247.7,1247.7,0.4819291,2.13,58.26359066
1668442049.580751,1246.27,1246.27,0.4013866,0.87,53.50771397
1668442109.6192648,1246.81,1246.81,0.50004431,0.96,55.00200867
1668442169.560194,1246.34,1246.34,0.47145163,1.02,53.39346721
1668442229.6449082,1245.91,1245.91,0.41226618,2.23,51.89805785
1668442289.586895,1243.1,1243.1,-0.00915619,1.56,43.35302189
1668442349.5433495,1238.65,1238.65,-0.79204966,-6.89,33.84704101
1668442409.6387434,1237.2,1237.2,-1.32449529,-7.26,31.45007117
1668442469.718366,1236.59,1236.59,-1.72092555,-10.04,30.44384089
1668442529.6180797,1237.46,1237.46,-1.8508064,-10.23,33.63773871
1668442589.5852766,1235.49,1235.49,-2.26803627,-10.77,30.36339839
1668442649.7217617,1230.58,1230.58,-3.13692004,-16.23,23.81491526
1668442709.7552452,1229.47,1229.47,-3.63196092,-16.87,22.64153336
1668442769.5960815,1228.68,1228.68,-4.02010961,-17.23,21.81683788
1668442829.745186,1228.78,1228.78,-4.21736336,-14.32,22.18415278
1668442889.6475976,1231.59,1231.59,-3.93037624,-7.07,32.31988857
1668442949.5442183,1231.95,1231.95,-3.78548033,-5.24,33.51053623
1668443009.6496856,1230.44,1230.44,-3.8654007,-6.16,31.04128968
1668443069.61905,1232.65,1232.65,-3.47718088,-4.82,38.21681027
1668443129.7848694,1231.98,1231.98,-3.36253538,-3.46,36.95277274
1668443189.6377065,1233.22,1233.22,-3.01605251,2.64,40.83267051
1668443249.5879457,1233.1,1233.1,-2.81029934,3.63,40.58580701
1668443309.733953,1232.98,1232.98,-2.62652498,4.29,40.31309022
1668443369.5811152,1233.63,1233.63,-2.35198385,4.88,42.5916745
1668443429.6098928,1234.39,1234.39,-2.04328256,2.79,45.21211768
1668443489.669826,1233.09,1233.09,-2.00941724,1.13,41.70101089
1668443550.2291024,1233.99,1233.99,-1.75213466,3.55,44.88373581
1668443609.6382787,1233.71,1233.71,-1.62642368,1.06,44.07500009
1668443669.6460605,1233.97,1233.97,-1.45514332,1.93,45.06484685
1668443729.6674516,1236.67,1236.67,-0.93832173,3.37,54.13443519
1668443789.723463,1238.08,1238.08,-0.49337982,4.99,58.04128896
1668443849.6964085,1237.3,1237.3,-0.33753398,4.33,55.24516608
1668443909.6683304,1235.06,1235.06,-0.47824747,1.42,48.07267785
1668443969.6773248,1236.34,1236.34,-0.26272511,1.94,51.91850621
1668444029.6185856,1235.64,1235.64,-0.26921173,2.54,49.74507579
1668444089.6226375,1235.3,1235.3,-0.2761645,1.31,48.68028271
1668444149.6000786,1236.15,1236.15,-0.13767262,2.44,51.47902057
1668444209.6452725,1236.9,1236.9,0.02653954,2.93,53.85970178
1668444269.570525,1236.42,1236.42,0.04015564,-0.26,52.09192051
1668444329.619181,1232.09,1232.09,-0.53235891,-5.98,39.51306301
1668444389.6728835,1231.65,1231.65,-0.76642012,-5.64,38.49579912
1668444449.8473425,1234.63,1234.63,-0.49230728,-0.44,48.21904485
1668444509.7065806,1234.04,1234.04,-0.54097262,-2.3,46.64471682
1668444569.63421,1233.93,1233.93,-0.55285188,-1.72,46.34808362
1668444629.680137,1237.33,1237.33,-0.06711038,2.03,55.87874033
1668444689.6585774,1236.33,1236.33,-0.04088055,0.19,52.90158181
1668444749.6319945,1234.38,1234.38,-0.2317807,-2.53,47.5810315
1668444809.6975791,1233.65,1233.65,-0.36126648,-2.78,45.7334174
1668444869.6934855,1232.78,1232.78,-0.53533419,0.69,43.55001669
1668444929.6768649,1231.34,1231.34,-0.81541468,-0.31,40.15452094
1668444989.6719666,1230.44,1230.44,-1.06216046,-4.19,38.13392476
1668445049.730516,1230.08,1230.08,-1.23863227,-3.97,37.34680397
1668445109.695925,1231.27,1231.27,-1.17143202,-2.65,41.71988446
1668445169.69021,1230.73,1230.73,-1.25675864,-6.61,40.35835824
1668445229.7221944,1231.31,1231.31,-1.19292299,-5.01,42.54756087
1668445289.7032194,1233.35,1233.35,-0.87780086,-1.04,49.56273544
1668445349.703899,1234.12,1234.12,-0.63893173,0.48,51.94688277
1668445409.6550996,1234.7,1234.7,-0.41063665,1.92,53.7214138
1668445469.6696177,1231.34,1231.34,-0.73893693,0.01,43.67167603
1668445529.6787426,1231.68,1231.68,-0.72904478,1.24,44.79680528
1668445589.694396,1230.1,1230.1,-0.95820478,0.03,40.73902089
1668445649.6929626,1234.41,1234.41,-0.41879577,3.14,53.21627704
1668445709.8099003,1234.42,1234.42,-0.25874346,3.7,53.24087202
1668445769.6987548,1235.89,1235.89,0.07739606,4.58,56.82399367
1668445829.727764,1234.87,1234.87,0.10318224,1.53,53.74190895
1668445889.7128215,1235.43,1235.43,0.2645058,1.31,55.18117786
1668445949.71303,1235.71,1235.71,0.39370726,1.01,55.90921376
1668446009.6443503,1235.66,1235.66,0.46525381,4.33,55.73306213
1668446069.8745086,1235.7,1235.7,0.52417034,4.02,55.8551943
1668446129.7491856,1236.17,1236.17,0.62830603,6.08,57.31952795
1668446189.746822,1236.27,1236.27,0.68812013,1.87,57.64095558
1668446249.725046,1236.96,1236.96,0.81843137,2.54,59.88579828
1668446309.7520895,1236.85,1236.85,0.85190979,0.95,59.33310622
1668446369.7476385,1235.54,1235.54,0.69013012,0.67,53.19536686
1668446429.700926,1234.53,1234.53,0.49523816,-0.89,48.98462197
1668446489.7404995,1233.43,1233.43,0.24514293,-2.29,44.81598085
1668446549.6961834,1233.52,1233.52,0.1272528,-2.14,45.21850606
1668446609.735109,1235.15,1235.15,0.25885037,-0.54,52.16202934
1668446669.6718085,1234.06,1234.06,0.10303564,-2.1,47.79890036
1668446729.809983,1234.64,1234.64,0.12927408,-1.63,50.18526543
1668446789.7851598,1233.89,1233.89,0.00608647,-3.07,47.17751259
1668446849.751583,1233.66,1233.66,-0.07552024,-3.18,46.25883747
1668446909.681076,1233.19,1233.19,-0.19128698,-2.34,44.36404064
1668446969.7635317,1234.3,1234.3,-0.09413629,-0.23,49.61654638
1668447029.845929,1235.23,1235.23,0.04638529,1.79,53.55948626
1668447089.7369864,1234.12,1234.12,-0.05970996,0.6,48.66142186
1668447149.7212026,1235.98,1235.98,0.1895402,0.82,55.93626474
1668447209.7625823,1236.92,1236.92,0.39930244,2.85,59.09242326
1668447269.644064,1239.55,1239.55,0.87337034,4.91,66.32355272
1668447329.893963,1240.36,1240.36,1.18434308,6.47,68.21732873
1668447389.8091652,1239.0,1239.0,1.17222423,5.33,61.98557606
1668447449.781868,1239.12,1239.12,1.25070854,5.93,62.33021071
1668447509.7808845,1239.24,1239.24,1.30740956,4.95,62.67641819
1668447569.7930896,1240.58,1240.58,1.51885999,5.34,66.39097815
1668447629.7496326,1241.06,1241.06,1.6507061,6.94,67.63551928
1668447689.8432858,1241.15,1241.15,1.71792482,5.18,67.87737208
1668447749.8520598,1240.43,1240.43,1.64361472,3.52,63.80671853
1668447809.7765822,1241.26,1241.26,1.7290035,1.7,66.31796678
1668447869.7863853,1240.76,1240.76,1.65426896,0.4,63.48712608
1668447929.7756083,1241.51,1241.51,1.71413581,2.5,65.86431863
1668447989.7760255,1241.17,1241.17,1.64656786,2.05,63.83532016
1668448049.8599873,1242.32,1242.32,1.75868238,3.08,67.48397342
1668448109.7969337,1241.34,1241.34,1.61545388,0.76,61.74740562
1668448169.7253942,1240.21,1240.21,1.38696297,-0.84,55.88780255
1668448229.7327592,1240.37,1240.37,1.28538245,-0.77,56.51910722
1668448289.7884016,1240.0,1240.0,1.12946021,-0.42,54.57014334
1668448349.7866209,1240.01,1240.01,1.0177251,-1.24,54.61909273
1668448409.7936268,1239.2,1239.2,0.80408173,-1.56,50.23530221
