time,open,close,macd,mom,rsi
1666568997.8196836,19564.52,19565.75,1.41447993,-6.31,48.99690724
1667948866.013487,1329.22,1326.68,0.96731101,2.95,56.12560708
1667948873.227252,1329.22,1326.68,0.96731101,2.95,56.12560708
1667948883.3177805,1329.22,1326.68,0.96731101,2.95,56.12560708
1667948893.8628197,1328.24,1328.24,1.35258973,11.54,58.78587396
1667948903.4412117,1328.24,1328.24,1.35258973,11.54,58.78587396
1667948913.319425,1328.24,1328.24,1.35258973,11.54,58.78587396
1667948923.2836566,1328.24,1328.06,1.33823075,11.36,58.44166724
1667948934.4671097,1328.24,1328.06,1.33823075,11.36,58.44166724
1667948944.5057957,1328.24,1328.06,1.33823075,11.36,58.44166724
1667948954.4353323,1329.5,1329.5,1.72026557,10.92,60.40977633
1667948964.5070052,1329.5,1329.5,1.72026557,10.92,60.40977633
1667948974.4779444,1329.5,1329.5,1.72026557,10.92,60.40977633
1667948984.4918792,1329.5,1328.69,1.65565019,10.11,58.79900237
1667948994.552282,1329.5,1328.69,1.65565019,10.11,58.79900237
1667949004.5027745,1329.5,1328.69,1.65565019,10.11,58.79900237
1667949014.5448203,1329.2,1329.2,1.86694342,11.88,59.80300662
1667949024.469049,1329.2,1329.2,1.86694342,11.88,59.80300662
1667949034.5665178,1329.2,1329.2,1.86694342,11.88,59.80300662
1667949044.7765963,1329.2,1330.43,1.96506308,13.11,61.51000483
1667949054.6817446,1329.2,1330.43,1.96506308,13.11,61.51000483
1667949064.6068945,1329.2,1330.43,1.96506308,13.11,61.51000483
1667949074.485823,1331.77,1331.77,2.3426377,16.25,63.21195145
1667949084.9117577,1331.77,1331.77,2.3426377,16.25,63.21195145
1667949094.5643618,1331.77,1331.77,2.3426377,16.25,63.21195145
1667949104.5598748,1331.77,1330.25,2.22138414,14.73,59.97248423
1667949115.305476,1331.77,1330.25,2.22138414,14.73,59.97248423
1667949125.2711158,1331.77,1330.25,2.22138414,14.73,59.97248423
1667949135.250564,1330.13,1330.13,2.29617775,11.77,59.73082102
1667949145.1567304,1330.13,1330.13,2.29617775,11.77,59.73082102
1667949155.2260094,1330.13,1330.13,2.29617775,11.77,59.73082102
1667949165.1387146,1330.13,1330.05,2.28979598,11.69,59.55851685
1667949175.1664686,1330.13,1330.05,2.28979598,11.69,59.55851685
1667949185.2456784,1330.13,1330.05,2.28979598,11.69,59.55851685
1667949195.274407,1329.61,1329.61,2.26321681,5.12,58.62673488
1667949205.327824,1329.61,1329.61,2.26321681,5.12,58.62673488
1667949215.4511297,1329.61,1329.61,2.26321681,5.12,58.62673488
1667949225.2854488,1329.61,1330.46,2.33102308,5.97,59.93604786
1667949235.2659523,1329.61,1330.46,2.33102308,5.97,59.93604786
1667949245.6796584,1329.61,1330.46,2.33102308,5.97,59.93604786
1667949255.2807975,1331.32,1331.32,2.48458976,5.85,61.17423425
1667949265.260649,1331.32,1331.32,2.48458976,5.85,61.17423425
1667949275.2877626,1331.32,1331.32,2.48458976,5.85,61.17423425
1667949285.3040462,1331.32,1333.32,2.64413392,7.85,63.96119328
1667949297.0146716,1331.32,1333.32,2.64413392,7.85,63.96119328
1667949306.3623476,1331.32,1333.32,2.64413392,7.85,63.96119328
1667949316.2905607,1331.95,1331.95,2.61314083,3.42,62.08659734
1667949326.379985,1331.95,1331.95,2.61314083,3.42,62.08659734
1667949336.3721728,1331.95,1331.95,2.61314083,3.42,62.08659734
1667949346.4063103,1331.95,1330.91,2.53017787,2.38,59.57017078
1667949356.3011456,1331.95,1330.91,2.53017787,2.38,59.57017078
1667949366.358357,1331.95,1330.91,2.53017787,2.38,59.57017078
1667949376.3731346,1333.19,1333.19,2.81936791,3.98,63.91536671
1667949398.843648,1333.19,1333.19,2.81936791,3.98,63.91536671
1667949408.825034,1333.19,1330.34,2.59201748,1.13,57.12947518
1667949418.7895005,1333.19,1330.34,2.59201748,1.13,57.12947518
1667949428.8081956,1333.19,1330.34,2.59201748,1.13,57.12947518
1667949438.818057,1328.32,1328.32,2.18287758,0.08,53.13132773
1667949448.8474686,1328.32,1328.32,2.18287758,0.08,53.13132773
1667949458.9322174,1328.32,1328.32,2.18287758,0.08,53.13132773
1667949468.8934855,1328.32,1328.53,2.19962972,0.29,53.49569914
1667949478.917292,1328.32,1328.53,2.19962972,0.29,53.49569914
1667949488.8981612,1328.32,1328.53,2.19962972,0.29,53.49569914
1667949499.2374206,1327.51,1327.51,1.84919565,-2.0,51.57271959
1667949513.1909978,1327.51,1327.51,1.84919565,-2.0,51.57271959
1667949518.894609,1327.51,1327.51,1.84919565,-2.0,51.57271959
1667949528.9125783,1327.51,1326.12,1.73831246,-3.39,48.92060344
1667949538.882193,1327.51,1326.12,1.73831246,-3.39,48.92060344
1667949548.910788,1327.51,1326.12,1.73831246,-3.39,48.92060344
1667949559.1356876,1326.16,1326.16,1.42647571,-3.04,48.99310589
1667949568.9383523,1326.16,1326.16,1.42647571,-3.04,48.99310589
1667949579.7081776,1326.16,1326.16,1.42647571,-3.04,48.99310589
1667949589.7575655,1326.16,1326.7,1.46955263,-2.5,50.06895162
1667949599.6955383,1326.16,1326.7,1.46955263,-2.5,50.06895162
1667949609.7264576,1326.16,1326.7,1.46955263,-2.5,50.06895162
1667949619.7245386,1325.51,1325.51,1.07151743,-6.26,47.75455539
1667949629.736101,1325.51,1325.51,1.07151743,-6.26,47.75455539
1667949639.7473085,1325.51,1325.51,1.07151743,-6.26,47.75455539
1667949649.747153,1325.51,1326.92,1.18399606,-4.85,50.6679439
1667949659.8231714,1325.51,1326.92,1.18399606,-4.85,50.6679439
1667949669.737682,1325.51,1326.92,1.18399606,-4.85,50.6679439
1667949679.8622684,1323.6,1323.6,0.55244341,-6.53,44.21591123
1667949690.2165394,1323.6,1323.6,0.55244341,-6.53,44.21591123
1667949699.79949,1323.6,1323.6,0.55244341,-6.53,44.21591123
1667949709.7593577,1323.6,1322.93,0.49899612,-7.2,43.01235454
1667949719.7531822,1323.6,1322.93,0.49899612,-7.2,43.01235454
1667949729.8227248,1323.6,1322.93,0.49899612,-7.2,43.01235454
1667949739.8707452,1324.14,1324.14,0.33455062,-5.48,45.44250557
1667949750.073451,1324.14,1324.14,0.33455062,-5.48,45.44250557
1667949760.8022685,1324.14,1322.55,0.20771301,-7.07,42.46994077
1667949770.792619,1324.14,1322.55,0.20771301,-7.07,42.46994077
1667949780.7073512,1324.14,1322.55,0.20771301,-7.07,42.46994077
1667949790.9180913,1324.14,1322.55,0.20771301,-7.07,42.46994077
1667949800.6956198,1326.26,1326.26,0.41426093,-5.05,50.12872537
1667949810.7286952,1326.26,1326.26,0.41426093,-5.05,50.12872537
1667949820.7227705,1326.26,1327.12,0.48286491,-4.19,51.920533
1667949830.7156491,1326.26,1327.12,0.48286491,-4.19,51.920533
1667949840.715463,1326.26,1327.12,0.48286491,-4.19,51.920533
1667949851.1469553,1326.72,1326.72,0.41639382,-5.24,51.10342226
1667949860.7820926,1326.72,1326.72,0.41639382,-5.24,51.10342226
1667949870.7046192,1326.72,1326.72,0.41639382,-5.24,51.10342226
1667949881.3859715,1326.72,1328.43,0.55280408,-3.53,54.65158998
1667949890.812109,1326.72,1328.43,0.55280408,-3.53,54.65158998
1667949900.7884116,1326.72,1328.43,0.55280408,-3.53,54.65158998
1667949913.567505,1327.77,1327.77,0.53361641,-5.42,53.34019191
1667949920.742655,1327.77,1327.77,0.53361641,-5.42,53.34019191
1667949930.792027,1327.77,1327.77,0.53361641,-5.42,53.34019191
1667949946.7637358,1327.77,1327.71,0.52883009,-5.48,53.19027825
1667949951.4086926,1327.77,1327.71,0.52883009,-5.48,53.19027825
1667949961.4876282,1327.77,1327.71,0.52883009,-5.48,53.19027825
1667949971.4968643,1328.8,1328.8,0.69811437,0.48,55.50002009
1667949981.373623,1328.8,1328.8,0.69811437,0.48,55.50002009
1667949991.5238392,1328.8,1328.8,0.69811437,0.48,55.50002009
1667950001.513185,1328.8,1326.64,0.52580668,-1.68,50.25760276
1667950011.9180353,1328.8,1326.64,0.52580668,-1.68,50.25760276
1667950021.4153626,1328.8,1326.64,0.52580668,-1.68,50.25760276
1667950031.5607018,1326.1,1326.1,0.37361062,-1.41,49.09713443
1667950041.4378674,1326.1,1326.1,0.37361062,-1.41,49.09713443
1667950051.4031646,1326.1,1326.1,0.37361062,-1.41,49.09713443
1667950061.618333,1326.1,1327.02,0.44700093,-0.49,51.16600137
1667950071.4683068,1326.1,1327.02,0.44700093,-0.49,51.16600137
1667950081.444162,1326.1,1327.02,0.44700093,-0.49,51.16600137
1667950091.5162926,1327.62,1327.62,0.49257269,1.46,52.44274305
1667950101.5356522,1327.62,1327.62,0.49257269,1.46,52.44274305
1667950111.457893,1327.62,1327.62,0.49257269,1.46,52.44274305
1667950122.1630435,1327.62,1326.45,0.39923936,0.29,49.74382984
1667950132.2248552,1327.62,1326.45,0.39923936,0.29,49.74382984
1667950142.157166,1327.62,1326.45,0.39923936,0.29,49.74382984
1667950152.2642512,1327.62,1326.45,0.39923936,0.29,49.74382984
1667950162.379148,1328.68,1328.68,0.64064228,3.17,54.6705769
1667950172.5828586,1328.68,1328.68,0.64064228,3.17,54.6705769
1667950182.1228464,1328.68,1328.31,0.61112661,2.8,53.72867556
1667950192.17072,1328.68,1328.31,0.61112661,2.8,53.72867556
1667950202.160082,1328.68,1328.31,0.61112661,2.8,53.72867556
1667950212.1464665,1329.65,1329.65,0.8208476,6.04,56.66949613
1667950222.1288512,1329.65,1329.65,0.8208476,6.04,56.66949613
1667950232.4192753,1329.65,1329.65,0.8208476,6.04,56.66949613
1667950242.1552472,1329.65,1329.66,0.82164532,6.05,56.69069971
1667950252.2766435,1329.65,1329.66,0.82164532,6.05,56.69069971
1667950262.1852806,1329.65,1329.66,0.82164532,6.05,56.69069971
1667950272.1728451,1325.5,1325.5,0.30540088,1.36,47.09985467
1667950288.4543843,1325.5,1325.5,0.30540088,1.36,47.09985467
1667950292.2285032,1325.5,1325.5,0.30540088,1.36,47.09985467
1667950303.3724313,1325.5,1325.53,0.30779404,1.39,47.16930759
1667950313.3672693,1325.5,1325.53,0.30779404,1.39,47.16930759
1667950323.3171945,1325.5,1325.53,0.30779404,1.39,47.16930759
1667950333.3649726,1326.43,1326.43,0.28892051,0.36,49.17130631
1667950343.3939376,1326.43,1326.43,0.28892051,0.36,49.17130631
1667950353.3543546,1326.43,1326.43,0.28892051,0.36,49.17130631
1667950363.3195684,1326.43,1326.14,0.26578661,0.07,48.53310783
1667950373.370337,1326.43,1326.14,0.26578661,0.07,48.53310783
1667950383.3084962,1326.43,1326.14,0.26578661,0.07,48.53310783
1667950393.419674,1326.43,1326.14,0.26578661,0.07,48.53310783
1667950403.3894017,1327.84,1327.84,0.41329668,1.12,52.22731972
1667950413.4362774,1327.84,1327.84,0.41329668,1.12,52.22731972
1667950423.581225,1327.84,1328.23,0.44440779,1.51,53.06738754
1667950433.3721952,1327.84,1328.23,0.44440779,1.51,53.06738754
1667950443.459293,1327.84,1328.23,0.44440779,1.51,53.06738754
1667950453.361498,1330.35,1330.35,0.77396892,2.57,57.15449433
1667950463.4300127,1330.35,1330.35,0.77396892,2.57,57.15449433
1667950473.413468,1330.35,1330.35,0.77396892,2.57,57.15449433
1667950484.0687172,1330.35,1331.7,0.88166123,3.92,59.57940041
1667950494.053456,1330.35,1331.7,0.88166123,3.92,59.57940041
1667950504.2532032,1330.35,1331.7,0.88166123,3.92,59.57940041
1667950514.0944269,1333.23,1333.23,1.29365655,4.44,62.01704896
1667950524.004932,1333.23,1333.23,1.29365655,4.44,62.01704896
1667950534.4583108,1333.23,1333.23,1.29365655,4.44,62.01704896
1667950544.0510366,1333.23,1332.38,1.22585029,3.59,59.91218791
1667950554.1009035,1333.23,1332.38,1.22585029,3.59,59.91218791
1667950564.0370526,1333.23,1332.38,1.22585029,3.59,59.91218791
1667950574.0618129,1335.17,1335.17,1.78407136,9.07,64.89892699
1667950584.0209565,1335.17,1335.17,1.78407136,9.07,64.89892699
1667950594.0833633,1335.17,1335.17,1.78407136,9.07,64.89892699
1667950604.135046,1335.17,1335.71,1.82714829,9.61,65.67950647
1667950614.100331,1335.17,1335.71,1.82714829,9.61,65.67950647
1667950624.124328,1335.17,1335.71,1.82714829,9.61,65.67950647
1667950634.1209104,1333.66,1333.66,1.81387772,6.14,61.01639937
1667950644.1765149,1333.66,1333.66,1.81387772,6.14,61.01639937
1667950654.1902518,1333.66,1333.66,1.81387772,6.14,61.01639937
1667950665.1261048,1333.66,1337.54,2.12339339,10.02,66.56303526
1667950675.0639613,1333.66,1337.54,2.12339339,10.02,66.56303526
1667950685.064107,1333.66,1337.54,2.12339339,10.02,66.56303526
1667950695.7345526,1337.88,1337.88,2.51301729,9.21,66.83384131
1667950705.0651302,1337.88,1337.88,2.51301729,9.21,66.83384131
1667950715.0855544,1337.88,1337.88,2.51301729,9.21,66.83384131
1667950725.364481,1337.88,1337.34,2.46994037,8.67,65.46717551
1667950735.1173663,1337.88,1337.34,2.46994037,8.67,65.46717551
1667950745.132837,1337.88,1337.34,2.46994037,8.67,65.46717551
1667950755.1494467,1336.14,1336.14,2.51678521,6.49,62.61980861
1667950765.1503725,1336.14,1336.14,2.51678521,6.49,62.61980861
1667950775.1639743,1336.14,1336.14,2.51678521,6.49,62.61980861
1667950785.11392,1336.14,1337.99,2.66436356,8.34,65.14675239
1667950795.1759117,1336.14,1337.99,2.66436356,8.34,65.14675239
1667950805.276548,1336.14,1337.99,2.66436356,8.34,65.14675239
1667950815.1243849,1340.59,1340.59,3.22885907,15.09,68.14689338
1667950825.1116369,1340.59,1340.59,3.22885907,15.09,68.14689338
1667950835.4471114,1340.59,1340.59,3.22885907,15.09,68.14689338
1667950846.396537,1340.59,1336.52,2.9041867,11.02,59.48162023
1667950856.4843578,1340.59,1336.52,2.9041867,11.02,59.48162023
1667950866.4366202,1340.59,1336.52,2.9041867,11.02,59.48162023
1667950876.4011238,1338.69,1338.69,3.20261911,12.26,63.80748722
1667950886.83646,1338.69,1338.69,3.20261911,12.26,63.80748722
1667950896.577991,1338.69,1338.69,3.20261911,12.26,63.80748722
1667950906.4504273,1338.69,1338.24,3.16672168,11.81,62.78771654
1667950916.4416904,1338.69,1338.24,3.16672168,11.81,62.78771654
1667950926.48463,1338.69,1338.24,3.16672168,11.81,62.78771654
1667950936.4801793,1337.75,1337.75,3.13204786,9.92,61.71207919
1667950946.4718568,1337.75,1337.75,3.13204786,9.92,61.71207919
1667950956.467412,1337.75,1337.75,3.13204786,9.92,61.71207919
1667950966.473214,1337.75,1338.59,3.19905641,10.76,62.89350372
1667950976.6079984,1337.75,1338.59,3.19905641,10.76,62.89350372
1667950986.4568627,1337.75,1338.59,3.19905641,10.76,62.89350372
1667950996.5086477,1337.73,1337.73,3.09636142,7.37,61.6657161
1667951006.5163634,1337.73,1337.73,3.09636142,7.37,61.6657161
1667951016.5148916,1337.73,1337.73,3.09636142,7.37,61.6657161
1667951027.2856524,1337.73,1341.21,3.37396825,10.85,66.39638039
1667951037.323352,1337.73,1341.21,3.37396825,10.85,66.39638039
1667951047.3724625,1337.73,1341.21,3.37396825,10.85,66.39638039
1667951057.4562707,1339.4,1339.4,3.27044113,6.23,64.09159654
1667951067.2871115,1339.4,1339.4,3.27044113,6.23,64.09159654
1667951077.3171685,1339.4,1339.4,3.27044113,6.23,64.09159654
1667951087.3280656,1339.4,1340.42,3.35180865,7.25,65.52654161
1667951097.3770473,1339.4,1340.42,3.35180865,7.25,65.52654161
1667951107.313344,1339.4,1340.42,3.35180865,7.25,65.52654161
1667951117.5461404,1344.33,1344.33,3.9614854,9.16,70.10665026
1667951127.322989,1344.33,1344.33,3.9614854,9.16,70.10665026
1667951137.5224843,1344.33,1344.33,3.9614854,9.16,70.10665026
1667951147.314773,1344.33,1341.67,3.74929167,6.5,63.89833482
1667951157.3959312,1344.33,1341.67,3.74929167,6.5,63.89833482
1667951167.371483,1344.33,1341.67,3.74929167,6.5,63.89833482
1667951177.3643622,1339.53,1339.53,3.47603059,5.86,59.63016567
1667951187.3425136,1339.53,1339.53,3.47603059,5.86,59.63016567
1667951197.4345574,1339.53,1339.53,3.47603059,5.86,59.63016567
1667951208.215912,1339.53,1335.13,3.12503344,1.46,51.96386689
1667951218.405022,1339.53,1335.13,3.12503344,1.46,51.96386689
1667951228.217186,1339.53,1335.13,3.12503344,1.46,51.96386689
1667951238.5759337,1334.48,1334.48,2.63720175,-3.5,50.99585151
1667951248.42087,1334.48,1334.48,2.63720175,-3.5,50.99585151
1667951258.2186377,1334.48,1334.48,2.63720175,-3.5,50.99585151
1667951268.2433774,1334.48,1332.4,2.47127583,-5.58,47.91854657
1667951278.128683,1334.48,1332.4,2.47127583,-5.58,47.91854657
1667951288.2380264,1334.48,1332.4,2.47127583,-5.58,47.91854657
1667951298.2313583,1333.06,1333.06,2.06545879,-3.09,48.85416647
1667951308.206716,1333.06,1333.06,2.06545879,-3.09,48.85416647
1667951318.2035463,1333.06,1333.06,2.06545879,-3.09,48.85416647
1667951328.228438,1333.06,1332.58,2.02716819,-3.57,48.11831825
1667951338.24677,1333.06,1332.58,2.02716819,-3.57,48.11831825
1667951348.276907,1333.06,1332.58,2.02716819,-3.57,48.11831825
1667951358.2443242,1333.15,1333.15,1.69544593,-7.45,49.00039962
1667951368.2819686,1333.15,1333.15,1.69544593,-7.45,49.00039962
1667951378.270146,1333.15,1333.15,1.69544593,-7.45,49.00039962
1667951389.473914,1333.15,1334.46,1.79994735,-6.14,51.18803696
1667951399.4733274,1333.15,1334.46,1.79994735,-6.14,51.18803696
1667951409.514928,1333.15,1334.46,1.79994735,-6.14,51.18803696
1667951419.4403954,1334.88,1334.88,1.62516065,-3.81,51.85022421
1667951429.7866998,1334.88,1334.88,1.62516065,-3.81,51.85022421
1667951439.467312,1334.88,1334.88,1.62516065,-3.81,51.85022421
1667951449.478413,1334.88,1333.48,1.51347974,-5.21,49.44243838
1667951459.425097,1334.88,1333.48,1.51347974,-5.21,49.44243838
1668159183.0971775,1276.35,1276.7,-0.28690164,3.8,50.67105343
1668159183.4735372,1276.35,1276.7,-0.28690164,3.8,50.67105343
1668159183.8452945,1276.35,1276.7,-0.28690164,3.8,50.67105343
1668159185.0351682,1276.35,1276.7,-0.28690164,3.8,50.67105343
1668159189.383538,1276.35,1276.7,-0.28690164,3.8,50.67105343
1668159190.0830872,1276.35,1276.7,-0.28690164,3.8,50.67105343
1668159191.1807904,1277.01,1277.01,-0.16722159,2.72,51.40634657
1668159191.5347204,1277.01,1277.01,-0.16722159,2.72,51.40634657
1668159191.8402882,1277.01,1277.01,-0.16722159,2.72,51.40634657
1668159192.5178676,1277.01,1277.01,-0.16722159,2.72,51.40634657
1668159192.995372,1277.01,1277.01,-0.16722159,2.72,51.40634657
1668159194.3744717,1277.01,1277.01,-0.16722159,2.72,51.40634657
1668159194.7812412,1277.01,1277.01,-0.16722159,2.72,51.40634657
1668159195.7619686,1277.01,1277.01,-0.16722159,2.72,51.40634657
1668159195.9693742,1277.01,1277.01,-0.16722159,2.72,51.40634657
1668159196.486442,1277.01,1277.01,-0.16722159,2.72,51.40634657
1668159197.4808147,1277.01,1277.01,-0.16722159,2.72,51.40634657
1668159197.7319186,1277.01,1277.01,-0.16722159,2.72,51.40634657
1668159215.3626466,1277.01,1277.01,-0.16722159,2.72,51.40634657
1668159275.3832822,1278.6,1278.6,0.12384209,3.45,55.38701296
1668159335.4100232,1281.86,1281.86,0.71255555,3.65,62.17327717
1668159395.4212797,1287.68,1287.68,1.78403434,11.11,70.75566891
1668159455.3663013,1286.22,1286.22,2.03304487,9.53,66.67344302
1668159515.3782842,1284.99,1284.99,2.12234339,8.59,63.35703776
1668159575.42846,1283.08,1283.08,1.97499238,5.14,58.49160796
1668159635.4551215,1283.05,1283.05,1.95217256,7.75,58.41572771
1668159695.344619,1279.38,1279.38,1.39450555,3.04,49.89083706
1668159755.4549038,1276.54,1276.54,0.76960791,-0.63,44.48584639
1668159815.3625133,1279.4,1279.4,0.85304965,0.8,50.3253545
1668159875.3705163,1276.5,1276.5,0.32001219,-5.37,45.14304614
1668159935.4420564,1277.0,1277.0,0.15129816,-10.68,46.17250964
1668159995.3473785,1274.51,1274.51,-0.36585174,-11.71,41.95040098
1668160055.39338,1274.86,1274.86,-0.5611404,-10.13,42.74732949
1668160115.5332882,1276.61,1276.61,-0.48286503,-6.47,46.66252761
1668160175.5236063,1280.09,1280.09,-0.03285219,-2.96,53.48044081
1668160235.3400762,1279.19,1279.19,-0.02586902,-0.18,51.64237789
1668160295.433525,1277.95,1277.95,-0.13913392,1.42,49.13984927
1668160355.402421,1278.63,1278.63,-0.0520378,-0.76,50.55568684
1668160415.4131749,1279.48,1279.48,0.09445139,2.99,52.34163807
1668160475.432875,1278.01,1278.01,-0.05216577,1.01,49.04082231
1668160535.4548454,1275.23,1275.23,-0.46818074,0.72,43.4617029
1668160595.5854473,1278.21,1278.21,-0.1937742,3.34,50.02493058
1668160655.4614074,1282.4,1282.4,0.42948527,5.79,57.49606174
1668160715.461717,1278.91,1278.91,0.1576716,-1.19,50.69752015
1668160775.4867663,1279.21,1279.21,0.20406322,0.03,51.22903577
1668160835.395892,1279.39,1279.39,0.24477073,1.45,51.56609767
1668160895.4535255,1278.67,1278.67,0.16021878,0.04,50.06878019
1668160955.4147613,1281.77,1281.77,0.57598777,2.29,55.98741835
1668161015.526251,1282.85,1282.85,0.85346681,4.83,57.86811407
1668161075.45479,1283.61,1283.61,1.09984303,8.38,59.18904027
1668161135.549294,1283.35,1283.35,1.19795104,5.14,58.52749365
1668161195.4616091,1281.35,1281.35,0.99406432,-1.05,53.47085361
1668161255.4759486,1279.04,1279.04,0.62144728,0.13,48.28218758
1668161315.422176,1277.74,1277.74,0.28241553,-1.48,45.60594875
1668161375.6653008,1274.69,1274.69,-0.33570731,-4.71,39.98962639
1668161435.4711857,1275.45,1275.45,-0.51749101,-3.22,41.91360864
1668161495.388241,1275.9,1275.9,-0.6385283,-5.88,43.06694347
1668161555.4372451,1274.97,1274.97,-0.88567329,-7.88,41.23344244
1668161615.481895,1273.45,1273.45,-1.22534281,-10.14,38.35767086
1668161675.5127172,1272.1,1272.1,-1.57458267,-11.26,35.97531909
1668161735.3950057,1272.99,1272.99,-1.61883185,-8.36,38.70273565
1668161795.5285628,1271.04,1271.04,-1.96757408,-8.0,35.1981518
1668161855.4647095,1270.82,1270.82,-2.12698342,-6.91,34.79865105
1668161915.4761095,1271.36,1271.36,-2.13693612,-3.33,36.64231646
1668161975.496623,1266.17,1266.17,-2.8884273,-9.29,28.39637629
1668162035.5005918,1267.8,1267.8,-2.88887677,-8.1,33.47413014
1668162096.4145808,1268.92,1268.92,-2.80048042,-6.05,36.7682346
1668162156.4419978,1269.96,1269.96,-2.62229216,-3.5,39.76417033
1668162216.4118433,1269.56,1269.56,-2.57496268,-2.53,39.01165267
1668162277.3370526,1270.3,1270.3,-2.37830383,-2.7,41.26180175
1668162337.7762594,1267.88,1267.88,-2.58485416,-3.15,36.51557071
1668162397.3852775,1270.37,1270.37,-2.21399203,-0.45,43.68890682
1668162458.243953,1270.08,1270.08,-2.0948278,-1.29,43.07668724
1668162518.2691836,1269.05,1269.05,-2.10631225,2.88,40.90196917
1668162578.1793914,1270.61,1270.61,-1.80516561,2.8,45.41801919
1668162639.0439246,1271.18,1271.18,-1.56620041,2.26,47.00575829
1668162699.1114311,1273.3,1273.3,-1.09706476,3.34,52.55057955
1668162759.1728044,1273.32,1273.32,-0.84667785,3.77,52.60096524
1668162820.0937989,1272.68,1272.68,-0.73257901,2.38,50.74403358
1668162880.2633522,1270.6,1271.29,-0.83444432,3.4,47.24147408
1668162940.0915954,1271.83,1271.83,-0.6977843,1.45,48.75587219
1668163001.0688283,1268.32,1268.78,-1.07599943,-1.31,41.96874875
1668163061.2591908,1269.31,1269.32,-1.06496667,0.28,43.50097215
1668163120.9716845,1270.46,1270.46,-0.91677379,-0.16,46.69819272
1668163181.9973657,1270.75,1271.23,-0.7821753,0.05,48.90294756
1668163241.946386,1269.63,1270.71,-0.82471706,-2.59,47.90007831
1668163301.9804063,1273.2,1273.39,-0.38274143,0.07,54.53394097
1668163363.0701847,1274.96,1275.78,0.10086687,3.1,59.57702884
1668163423.173818,1276.99,1276.11,0.48071277,5.52,59.24429244
1668163483.1565702,1276.72,1275.87,0.71563509,4.04,58.39775761
1668163544.0392628,1275.76,1279.49,1.13541094,11.17,65.10081833
1668163604.1536243,1277.63,1279.99,1.38355883,10.68,66.13758099
1668163664.1117382,1278.0,1278.0,1.39776324,7.55,62.6328479
1668163724.951245,1274.0,1274.8,1.01507983,4.06,53.06264117
1668163784.9290872,1275.4,1275.36,1.03592927,5.72,54.24233038
1668163844.9893174,1272.87,1274.64,0.79215404,1.45,52.30453447
1668163906.3121142,1274.97,1275.29,0.81992598,0.32,53.66778572
1668163966.319276,1275.23,1274.77,0.76591401,-2.22,52.35250983
1668164026.4807107,1273.5,1274.31,0.60370357,-2.41,51.26289391
1668164087.198422,1273.29,1275.09,0.5552851,-0.67,53.2359139
1668164147.1987083,1275.91,1278.11,0.85992863,0.48,59.46353875
1668164207.1910222,1277.86,1277.15,0.94495633,-0.86,57.01922547
1668164268.0449612,1277.91,1278.03,1.13405365,4.03,59.3578575
1668164327.9769762,1277.0,1276.46,1.03309415,1.05,54.79256401
1668164387.9770532,1276.8,1277.37,1.09950448,4.49,57.19306382
1668164448.7798605,1277.79,1277.5,1.15399392,2.52,57.19933375
1668164508.794628,1276.79,1275.38,0.94505426,0.15,50.68325682
1668164568.7612152,1273.32,1273.67,0.5516643,0.17,46.51348133
1668164629.999436,1273.75,1273.82,0.38279893,0.42,46.94261266
1668164690.227797,1274.57,1274.1,0.30903866,-1.82,47.77980434
1668164750.5627062,1274.18,1275.34,0.30469745,-2.52,51.4235977
1668164810.906173,1274.65,1272.94,0.05825765,-4.98,44.58140941
1668164870.8321326,1275.02,1279.99,0.59876499,2.98,62.94732619
1668164930.8913164,1283.18,1282.32,1.26714337,5.52,65.45710471
1668164991.8225467,1283.39,1282.79,1.68162339,5.0,66.37960976
1668165051.846676,1282.79,1283.81,2.00106273,7.01,68.0723636
1668165111.800173,1286.36,1288.67,2.77389533,15.34,74.42989736
1668165172.877564,1287.42,1287.67,3.03163673,13.91,73.31478321
1668165232.9528756,1285.35,1286.66,3.05306213,12.09,68.29402982
1668165292.8624668,1287.02,1287.69,3.28439229,13.51,69.75280986
1668165354.1581109,1287.24,1289.48,3.52016551,14.84,72.24862968
1668165413.8200555,1286.58,1285.58,3.20441465,10.56,63.5666021
1668165473.8105235,1284.6,1284.45,2.95063644,1.28,60.13894076
1668165534.7313828,1284.05,1285.68,2.85291486,2.28,62.24389333
1668165594.743517,1286.16,1286.14,2.83756249,3.35,62.99300136
1668165654.6942947,1285.51,1284.55,2.59505808,-1.82,58.00560126
1668165715.924464,1284.95,1285.63,2.52503723,-1.8,60.71496912
1668165775.9752617,1284.37,1283.99,2.2085973,-1.36,56.09525848
1668165835.9518626,1283.88,1283.85,1.99631141,-3.17,55.64017
1668165897.308385,1283.63,1284.14,1.82369952,-3.09,56.35088206
1668165957.0230525,1286.05,1284.73,1.84428477,-1.86,56.5484905
1668166016.8988826,1282.88,1283.13,1.48031869,-1.47,51.87055529
1668166077.7589822,1283.22,1282.41,1.24140575,-1.64,49.76391576
1668166137.761848,1280.27,1280.84,0.77864648,-5.36,46.11283491
1668166197.7501664,1280.35,1280.91,0.515741,-4.6,46.42748006
1668166258.616705,1281.71,1281.26,0.41170084,-3.68,47.48411934
1668166318.6368036,1282.28,1282.97,0.47472902,-1.4,52.30041126
1668166378.7041423,1282.52,1282.9,0.42165085,-0.98,52.18847948
1668166439.9026108,1284.12,1284.55,0.61076515,0.92,56.70340055
1668166500.4040277,1284.48,1284.54,0.66998792,-1.48,56.6893029
1668166559.8917353,1285.6,1287.33,1.00159314,4.45,63.61376429
1668166620.8447173,1289.85,1291.67,1.68391192,8.46,71.21339643
1668166680.7768846,1289.01,1288.04,1.58902543,7.76,61.88853234
1668166740.8946867,1286.64,1283.44,1.21026202,3.09,49.06193481
1668166801.7508197,1279.78,1276.82,0.23246422,-4.89,37.30112515
1668166861.7121434,1277.87,1275.52,-0.34715828,-6.76,35.33065696
1668166921.7168913,1277.0,1276.4,-0.7003435,-6.12,36.50120538
1668166982.8610144,1278.87,1277.71,-0.80555985,-6.42,40.16598395
1668167042.7962666,1276.12,1274.72,-1.36901018,-9.76,35.57792881
1668167102.9025035,1274.81,1275.2,-1.65165067,-10.41,36.76402767
1668167163.777591,1275.7,1276.91,-1.69268992,-12.93,41.2367027
1668167223.781139,1276.51,1273.18,-2.05960494,-15.83,34.84513375
1668167283.7225282,1273.58,1273.44,-2.25260099,-13.21,35.19714874
1668167344.807866,1272.1,1271.43,-2.64601088,-8.34,32.29126311
1668167404.7777958,1270.16,1270.84,-2.96623597,-7.01,32.64747587
1668167464.8425183,1270.27,1271.74,-3.06663362,-5.26,35.44140345
1668167526.2141972,1271.56,1271.93,-3.07126612,-6.93,36.05953488
1668167585.963333,1272.56,1272.93,-2.91006236,-3.19,39.01188523
1668167645.9773564,1272.61,1273.28,-2.78175431,-1.53,40.17469135
1668167706.978541,1273.6,1274.36,-2.52303954,-1.34,43.45990304
1668167766.9798796,1274.12,1273.59,-2.38841214,-2.91,41.49311209
1668167826.995616,1275.35,1274.01,-2.09757228,0.43,43.18300355
1668167887.948001,1274.23,1275.29,-1.8407683,3.19,46.93550833
1668167947.9241018,1275.17,1276.05,-1.57910513,5.9,49.21971891
1668168007.9496694,1275.3,1275.37,-1.44965666,5.1,47.22807551
1668168068.8061535,1275.91,1274.72,-1.30650546,3.17,45.40703307
1668168128.8486297,1274.55,1274.67,-1.22453564,2.12,45.37530016
1668168188.7784965,1274.2,1276.03,-1.05556701,3.43,50.18536957
1668168250.4139853,1276.28,1277.0,-0.78838774,3.4,53.10907977
1668168310.1201484,1277.62,1279.29,-0.36546052,5.18,59.19655537
1668168370.002292,1278.61,1277.93,-0.21906369,2.57,55.0989461
1668168431.167119,1278.62,1277.63,-0.04080346,3.4,53.83723939
1668168490.9386206,1277.5,1278.48,0.1178467,3.31,56.38073637
1668168550.9144983,1273.38,1273.38,-0.51634624,-2.47,41.11816229
1668168611.8567889,1274.24,1274.24,-0.52251813,-0.3,44.10936002
1668168671.8931952,1275.94,1275.94,-0.33421646,1.74,49.56201357
1668168732.0326242,1274.13,1274.13,-0.54561817,-2.16,44.5796381
1668168793.2451143,1272.55,1272.55,-0.81464116,-5.07,40.72873158
1668168853.1177433,1272.11,1272.11,-0.98020579,-6.5,39.70072992
1668168913.0685186,1271.59,1271.59,-1.14475995,-7.03,38.46508144
1668168974.0012548,1272.47,1272.47,-1.10373973,-5.06,41.76817489
1668169033.9919343,1270.7,1270.7,-1.36485021,-4.76,37.43518644
1668169094.0243697,1270.7,1270.52,-1.37920918,-4.94,36.99719722
1668169154.9833877,1271.27,1271.27,-1.42580915,-2.97,40.34873322
1668169214.941882,1272.81,1272.81,-1.19438857,-3.14,45.95313448
1668169274.9572256,1272.99,1272.99,-1.07026886,-1.14,46.58483408
1668169336.1548033,1272.27,1272.27,-1.07447408,-0.29,44.36215304
1668169396.407195,1271.23,1271.23,-1.16691641,-0.88,41.27614143
1668169456.357498,1268.35,1268.35,-1.56878494,-3.24,34.22047518
1668169517.0454843,1271.89,1271.89,-1.18471457,-0.58,46.37652681
1668169577.0718703,1271.05,1271.05,-1.21029641,0.36,44.2852036
1668169637.1367736,1271.55,1271.55,-1.09398169,1.25,45.85282707
1668169697.970821,1270.04,1270.04,-1.23385111,-1.22,42.00341696
1668169757.9671865,1272.43,1272.43,-0.89776884,-0.38,49.25207416
1668169817.9357634,1271.04,1271.04,-0.97070909,-1.95,45.6793439
1668169878.7256894,1273.57,1273.57,-0.57226331,1.31,52.44809739
1668169937.9540248,1275.21,1275.21,-0.17984932,3.98,56.25403233
1668169998.32043,1274.65,1274.65,-0.05200596,6.31,54.64820368
1668170057.9881556,1276.69,1276.69,0.37336896,4.8,59.20861893
1668170118.0530791,1275.41,1275.41,0.39393295,4.36,55.43422309
1668170178.019879,1276.28,1276.28,0.6079148,4.74,57.42747998
1668170238.0124314,1276.14,1276.14,0.69447129,6.09,56.98701088
1668170297.937123,1276.17,1276.17,0.7679787,3.74,57.05211789
1668170358.0051768,1275.55,1275.55,0.72852108,4.52,54.88828886
1668170418.3233683,1275.73,1275.73,0.7522406,2.17,55.42633745
1668170477.9846773,1276.88,1276.88,0.91355959,1.68,58.74583957
1668170538.049538,1277.6,1277.6,1.05943567,2.96,60.71674191
1668170598.0560696,1277.41,1277.41,1.08855329,0.71,59.89042353
1668170658.416187,1278.25,1278.25,1.22958956,2.83,62.29724219
1668170717.996147,1277.77,1277.77,1.20696298,1.49,60.09221876
1668170778.076066,1278.87,1278.87,1.36035454,2.73,63.33749295
1668170838.2864206,1276.77,1276.77,1.09941982,0.59,54.30063034
1668170898.002648,1276.58,1276.58,0.98684485,1.0,53.55609604
1668170958.0499184,1276.97,1276.97,0.95378937,1.23,54.92498176
1668171018.0951278,1279.99,1279.99,1.32018671,3.1,63.80408822
1668171078.056467,1283.89,1283.89,1.95538643,6.28,71.56090092
1668171138.0727434,1283.6,1283.6,2.14601419,6.2,70.34766979
1668171197.99518,1289.26,1289.26,3.08790607,11.02,78.14971976
1668171258.1121068,1288.74,1288.74,3.364651,10.96,76.19446183
1668171318.056524,1289.16,1289.16,3.63992048,10.29,76.46318473
1668171378.11583,1287.39,1287.39,3.53202053,10.62,69.70093809
1668171438.1259615,1290.31,1290.31,3.92940335,13.73,73.81699309
1668171498.200192,1289.94,1289.94,3.96179508,12.98,72.49735818
1668171558.0829575,1289.98,1289.98,3.96896525,9.99,72.56000173
1668171618.0700028,1290.9,1290.9,4.05940602,7.0,73.92596205
1668171678.090093,1296.68,1296.68,4.84357879,13.07,80.49525891
1668171738.080959,1303.0,1303.0,5.93554145,13.75,84.93025196
1668171798.0823586,1299.8,1299.8,5.8760604,11.05,75.51404786
1668171858.0712657,1298.3,1298.3,5.74982444,9.05,71.5125962
1668171918.7569287,1301.91,1301.91,6.18946438,14.52,74.95255946
1668171978.288975,1302.42,1302.42,6.30923222,12.13,75.4050905
1668172038.1328113,1299.68,1299.68,5.91258437,9.75,68.29115241
1668172098.076918,1296.72,1296.72,5.28664024,6.78,61.51526857
1668172158.077658,1290.88,1290.88,4.09543222,-0.02,50.82077307
1668172218.12517,1289.11,1289.11,3.23027252,-7.57,48.09283273
1668172278.0847957,1292.09,1292.09,3.04813793,-10.92,52.69836779
1668172338.0991726,1294.41,1294.41,3.01303166,-5.4,55.96861391
1668172398.4011014,1295.97,1295.97,3.02547597,-2.33,58.07555242
1668172458.046985,1295.44,1295.44,2.829567,-6.47,57.08163811
1668172518.09511,1295.45,1295.45,2.67774465,-6.96,57.10157071
1668172578.080783,1293.45,1293.45,2.24431403,-6.23,53.1063963
1668172638.159859,1299.9,1299.9,2.91656744,3.19,62.26674368
1668172698.1258583,1300.44,1300.44,3.08385439,9.57,62.90998598
1668172758.0794065,1303.4,1303.4,3.56321837,14.3,66.3571213
1668172818.181346,1301.52,1301.52,3.44804698,9.43,62.40851661
1668172878.1556232,1303.5,1303.5,3.71591577,9.08,64.79106332
1668172938.834751,1301.05,1301.05,3.41396668,5.09,59.74368477
1668172998.1384706,1303.21,1303.21,3.59633301,7.76,62.52333053
1668173058.0362358,1305.08,1305.08,3.82696181,9.63,64.78614005
1668173118.1729944,1304.33,1304.33,3.74115496,10.89,63.14114317
1668173178.1632404,1305.2,1305.2,3.8011622,5.3,64.27592567
1668173238.1023428,1300.84,1300.84,3.13415242,0.39,55.12572168
1668173298.151499,1301.05,1301.05,2.86941991,-2.34,55.47261786
1668173358.169071,1301.93,1301.93,2.74934158,0.41,56.89916271
1668173418.349151,1299.74,1299.74,2.25935727,-3.76,52.40490186
1668173478.3318307,1296.45,1296.45,1.52151916,-4.61,46.46701146
1668173538.1193411,1296.38,1296.38,1.12245457,-6.83,46.34395268
1668173598.1937003,1295.66,1295.66,0.70267912,-9.41,45.04377645
1668393238.186842,1187.78,1187.12,0.72197369,3.31,56.78408227
1668393238.6214795,1187.78,1187.12,0.72197369,3.31,56.78408227
1668393239.0519066,1187.78,1187.12,0.72197369,3.31,56.78408227
1668393239.7333326,1187.78,1187.12,0.72197369,3.31,56.78408227
1668393241.2286203,1187.78,1187.12,0.72197369,3.31,56.78408227
1668393242.378006,1187.78,1187.12,0.72197369,3.31,56.78408227
1668393242.772306,1187.78,1187.12,0.72197369,3.31,56.78408227
1668393243.6818595,1187.78,1187.12,0.72197369,3.31,56.78408227
1668393244.3968155,1187.78,1187.12,0.72197369,3.31,56.78408227
1668393244.9833615,1187.78,1187.12,0.72197369,3.31,56.78408227
1668393245.2331035,1187.78,1187.12,0.72197369,3.31,56.78408227
1668393246.5837934,1187.78,1187.12,0.72197369,3.31,56.78408227
1668393247.268691,1187.78,1187.12,0.72197369,3.31,56.78408227
1668393248.0790932,1187.78,1187.12,0.72197369,3.31,56.78408227
1668393248.5207975,1187.78,1187.12,0.72197369,3.31,56.78408227
1668393249.120865,1187.78,1187.12,0.72197369,3.31,56.78408227
1668393249.9928803,1187.78,1187.12,0.72197369,3.31,56.78408227
1668393251.260727,1187.78,1187.12,0.72197369,3.31,56.78408227
1668393251.7152183,1187.78,1187.12,0.72197369,3.31,56.78408227
1668393252.324196,1186.7,1186.7,0.73530908,2.49,55.49906825
1668393252.8603208,1186.7,1186.7,0.73530908,2.49,55.49906825
1668393253.5811207,1186.7,1186.7,0.73530908,2.49,55.49906825
1668393254.7784824,1186.7,1186.7,0.73530908,2.49,55.49906825
1668393255.829456,1186.7,1186.7,0.73530908,2.49,55.49906825
1668393256.3416548,1186.7,1186.7,0.73530908,2.49,55.49906825
1668393260.5815632,1186.7,1186.7,0.73530908,2.49,55.49906825
1668393260.953656,1186.7,1186.7,0.73530908,2.49,55.49906825
1668393261.5956664,1186.7,1186.7,0.73530908,2.49,55.49906825
1668393262.0720105,1186.7,1186.7,0.73530908,2.49,55.49906825
1668393262.9918523,1186.7,1186.7,0.73530908,2.49,55.49906825
1668393263.9320152,1186.7,1186.7,0.73530908,2.49,55.49906825
1668393264.8257926,1186.7,1186.7,0.73530908,2.49,55.49906825
1668393265.609791,1186.7,1186.7,0.73530908,2.49,55.49906825
1668393266.1986406,1186.7,1186.7,0.73530908,2.49,55.49906825
1668393267.0089548,1186.7,1186.7,0.73530908,2.49,55.49906825
1668393267.7922163,1186.7,1186.7,0.73530908,2.49,55.49906825
1668393268.3154693,1186.7,1186.7,0.73530908,2.49,55.49906825
1668393268.740461,1186.7,1186.7,0.73530908,2.49,55.49906825
1668393269.6579182,1186.7,1186.7,0.73530908,2.49,55.49906825
1668393270.1604564,1186.7,1186.7,0.73530908,2.49,55.49906825
1668393270.3950205,1186.7,1186.7,0.73530908,2.49,55.49906825
1668393271.123676,1186.7,1186.7,0.73530908,2.49,55.49906825
1668393316.77764,1186.28,1186.28,0.70425498,1.1,54.17870165
1668393376.7541628,1185.43,1185.43,0.57799082,-0.55,51.50792711
1668393443.0202973,1186.0,1186.0,0.6055644,0.68,53.17707006
1668393496.8901248,1187.0,1187.0,0.72601348,1.93,56.03460677
1668393556.7181218,1186.5,1186.5,0.67893712,2.47,54.25537295
1668393616.6982791,1186.72,1186.72,0.69790714,-0.53,54.92474677
1668393676.763656,1186.5,1186.5,0.65995762,0.14,54.05897085
1668393736.62883,1186.85,1186.85,0.68592186,-0.93,55.25976715
1668393796.789688,1187.95,1187.95,0.83144637,1.25,58.91794979
1668393856.7606273,1188.02,1188.02,0.87774796,1.74,59.12826862
1668393916.7768295,1188.29,1188.29,0.93780513,2.86,60.04563644
1668393976.6509275,1186.61,1186.61,0.71918239,0.62,52.16717098
1668394036.8303745,1183.64,1183.64,0.22546941,-3.35,41.73826229
1668394096.7867963,1183.19,1183.19,-0.04252682,-3.3,40.42010482
1668394156.9373865,1185.75,1185.75,0.138002,-0.98,50.07901657
1668394216.818957,1186.06,1186.06,0.16169295,-0.45,51.11256802
1668394276.7581496,1185.49,1185.49,0.07846013,-1.37,49.09965391
1668394336.8195093,1185.87,1185.87,0.10169755,-2.08,50.49925008
1668394396.789485,1184.03,1184.03,-0.16572813,-4.0,44.17734347
1668394456.9036963,1184.98,1184.98,-0.12405851,-3.32,47.81390741
1668394516.8288853,1185.58,1185.58,-0.06454554,-1.03,50.02911786
1668394576.7181523,1185.44,1185.44,-0.07384845,1.79,49.50103213
1668394636.9078329,1185.76,1185.76,-0.02692546,2.57,50.78301452
1668394696.9216146,1186.28,1186.28,0.06489397,0.53,52.86372355
1668394854.5037742,1193.86,1192.93,1.23018096,7.44,68.507755
1668394914.444589,1194.71,1194.61,1.77003839,8.74,72.95040639
1668394974.419329,1192.54,1191.79,1.70350878,7.77,62.15816379
1668395035.3002608,1191.54,1190.41,1.63586211,5.44,57.48922574
1668395095.2705653,1190.09,1189.85,1.51546385,4.28,55.71208756
1668395155.4445615,1189.4,1190.19,1.42327116,4.75,56.38716212
1668395215.5902565,1189.63,1189.63,1.28439848,3.88,54.92353577
1668395275.3078368,1189.66,1190.1,1.23528929,3.81,56.33934465
1668395335.30198,1190.33,1190.02,1.18802011,1.57,55.7737972
1668395395.2872531,1190.2,1190.82,1.19859212,-3.04,58.44187194
1668395455.3596244,1190.51,1190.19,1.11137562,-4.61,56.06668966
1668395515.3380003,1190.09,1190.45,1.06434399,-2.09,56.91695483
1668395575.7051156,1190.78,1190.36,1.03538686,-1.18,56.04140357
1668395635.3755715,1190.09,1190.18,0.94990305,0.09,55.18357266
1668395695.6257606,1189.79,1190.22,0.86752395,0.82,55.1885243
1668395755.4013069,1190.35,1190.46,0.84462246,0.82,56.13762069
1668395815.3073015,1190.21,1190.93,0.8304088,1.26,57.94976557
1668395875.304236,1190.72,1190.94,0.8133071,0.61,58.05650054
1668395935.3794296,1190.86,1190.41,0.75718333,0.2,55.06743158
1668395995.36423,1189.71,1187.94,0.46943248,-2.56,43.48331284
1668396055.38175,1188.46,1188.41,0.35190653,-1.67,45.31972143
1668396115.354023,1188.92,1188.54,0.26571511,-2.24,46.12512519
1668396175.3623583,1188.54,1188.13,0.12995184,-1.97,44.22864079
1668396235.3086045,1188.4,1188.85,0.09555308,-0.94,48.06200389
1668396296.100154,1188.63,1189.7,0.10613597,-0.65,52.70984845
1668396355.3485065,1190.98,1192.69,0.44308112,2.49,64.25583715
1668396415.534376,1193.54,1193.28,0.72144724,2.57,65.23591287
1668396475.2919345,1195.48,1195.22,1.16845999,4.36,69.95823572
1668396535.3825102,1194.62,1193.6,1.20230896,3.89,61.88243532
1668396595.3497207,1193.36,1193.93,1.26417007,5.47,62.47119537
1668396655.4036038,1194.61,1193.72,1.33835948,4.79,60.19859257
1668396715.6426892,1194.57,1195.52,1.53467506,6.98,66.66462303
1668396775.3659651,1195.21,1194.82,1.54232043,6.43,63.80816067
1668396835.420964,1195.9,1196.53,1.75366183,7.89,69.36781372
1668396895.4512897,1195.6,1196.04,1.736007,5.07,67.35027417
1668396955.3843975,1196.63,1196.44,1.82813802,2.91,67.79216893
1668397015.4943955,1196.0,1195.29,1.72439049,-0.18,61.37093698
1668397075.66994,1196.93,1196.0,1.80736097,1.38,62.79697276
1668397135.4894798,1195.78,1195.93,1.73076151,2.57,62.1700544
1668397195.3215935,1196.99,1195.81,1.72048699,1.2,59.3696295
1668397255.3787286,1195.44,1196.09,1.62612872,1.52,59.83309011
1668397315.452361,1195.81,1196.34,1.55887654,1.14,60.71597355
1668397375.4081097,1196.23,1196.19,1.48780521,0.29,60.14967822
1668397435.3739693,1195.79,1195.5,1.34297945,-0.11,56.60124138
1668397495.424338,1194.52,1194.3,1.08311297,-2.33,51.06157235
1668397555.44422,1194.1,1194.02,0.89375685,-1.99,49.82417112
1668397615.4437132,1193.85,1194.5,0.77491079,-2.42,52.07067114
1668397675.4420712,1195.44,1196.08,0.86691077,0.3,58.24811953
1668397735.387072,1196.49,1197.06,0.97441538,0.07,61.59632673
1668397795.502348,1196.95,1197.97,1.08773104,2.53,64.55188288
1668397855.5159326,1197.98,1196.83,1.080666,1.03,58.51078231
1668397915.4809556,1196.34,1195.07,0.89161228,-1.16,50.79725057
1668397975.4293408,1194.09,1193.14,0.54902257,-2.66,44.05568127
1668398035.458668,1193.81,1193.33,0.39203603,-1.2,44.54485014
1668398095.515469,1193.97,1193.34,0.26292324,-0.77,44.5498903
1668398155.4158115,1193.44,1192.98,0.09622073,-0.87,43.16277105
1668398215.7696311,1192.61,1193.62,-0.01345837,-1.81,46.63764769
1668398275.4367204,1193.85,1193.85,-0.04235682,-2.64,47.61798215
1668398335.4658432,1193.51,1192.69,-0.1936075,-4.26,43.0981092
1668398395.4522605,1193.11,1193.35,-0.20951002,-4.63,45.87941178
1668398455.408987,1193.02,1192.32,-0.34770564,-4.02,41.40291631
1668398515.489479,1193.08,1193.41,-0.298256,-0.67,46.49989673
1668398575.6195571,1193.13,1193.2,-0.33822743,-0.6,45.34939199
1668398636.0557892,1193.43,1193.1,-0.34199211,-0.86,44.96452047
1668398695.510341,1191.83,1192.37,-0.49124762,-1.06,42.58521331
1668398755.5107486,1192.97,1193.22,-0.41906847,0.62,47.2685537
1668398815.396979,1193.21,1192.82,-0.42775749,-1.04,45.28679123
1668398875.554741,1193.09,1192.77,-0.4164155,-0.73,44.93957696
1668398935.5415993,1192.93,1192.61,-0.42194279,-0.5,44.03069754
1668398995.4415414,1192.03,1191.61,-0.54695925,-1.42,39.25047453
1668399055.9679267,1191.16,1190.55,-0.71469786,-2.53,34.87791197
1668399115.4128275,1190.33,1191.49,-0.74779575,-1.63,41.74689793
1668399175.4911168,1192.39,1191.92,-0.66234699,-1.5,44.51200448
1668399235.465303,1191.9,1191.9,-0.64692865,0.07,44.42746311
1668399295.4796338,1191.69,1191.38,-0.68002591,-1.58,42.08351132
1668399355.464302,1190.74,1190.83,-0.76838394,-2.37,39.99421638
1668399415.4146109,1189.63,1190.21,-0.91223039,-2.87,38.89160786
1668399475.4353096,1188.64,1188.38,-1.18284027,-4.55,31.28173396
1668399535.58871,1188.15,1185.62,-1.51820534,-6.41,24.32300479
1668399595.5246656,1182.01,1183.83,-2.11378778,-7.33,27.70405326
1668399655.4956317,1180.35,1183.25,-2.58268005,-7.09,29.83930369
1668399715.4993443,1182.71,1183.9,-2.6932722,-8.49,32.62787455
1668399775.547385,1184.96,1185.5,-2.52193913,-6.4,38.45652871
1668399835.5891907,1185.57,1184.04,-2.53861003,-7.66,35.38737828
1668399895.5824108,1185.34,1185.99,-2.29025223,-4.76,40.63883496
1668399955.9582608,1185.3,1186.21,-2.17577612,-3.43,41.72869348
1668400015.5118108,1185.34,1184.6,-2.20019284,-4.04,36.21947324
1668400075.4847314,1184.28,1185.31,-2.10357052,-2.83,40.02219454
1668400135.5387628,1184.12,1184.88,-2.09087579,2.87,38.67683732
1668400195.5597897,1184.26,1184.04,-2.08854734,3.55,35.03704078
1668400255.5478103,1181.6,1181.89,-2.34534692,-0.82,30.59857855
1668400315.572849,1184.23,1185.49,-1.93664076,0.52,45.33485147
1668400375.547185,1185.81,1186.59,-1.6337659,1.03,48.99675781
1668400435.985229,1187.42,1186.94,-1.31757104,1.59,49.96980774
1668400495.620357,1187.55,1186.44,-1.10902453,1.13,48.25310071
1668400555.5416968,1186.21,1185.54,-1.05832119,0.19,45.52059529
1668400615.531447,1185.54,1183.37,-1.16402534,-0.91,39.58501086
1668400675.5639071,1183.28,1182.64,-1.29859439,-1.49,37.81664141
1668400735.5403426,1182.87,1181.45,-1.46374021,-2.81,35.00592149
1668400795.7044702,1181.56,1181.59,-1.57226311,-0.02,35.3530647
1668400855.5767946,1181.28,1180.16,-1.78065359,-4.07,32.06197288
1668400916.2917757,1180.19,1181.02,-1.8331786,-4.78,35.88290676
1668400975.5345426,1180.61,1178.84,-2.05385403,-8.59,30.162716
1668401035.5394402,1176.75,1178.63,-2.32320253,-8.93,34.17355513
1668401095.6359148,1178.17,1177.77,-2.47530785,-8.43,31.65538042
1668401155.5805314,1177.79,1178.0,-2.5167,-7.55,32.5833452
1668401215.5618668,1179.29,1179.96,-2.28590358,-3.31,40.24593743
1668401275.6001337,1180.17,1179.87,-2.15452483,-3.0,40.21915868
1668401335.5695531,1179.7,1180.34,-2.01314216,-1.23,42.28834321
1668401396.3122833,1180.57,1180.86,-1.81315828,-0.41,44.24881512
1668401455.587371,1181.92,1181.87,-1.50494813,1.68,47.80680584
1668401515.5245693,1180.96,1181.45,-1.40211446,0.83,46.82899537
1668401575.573895,1181.76,1180.7,-1.28942066,3.94,44.58776225
1668401636.252546,1180.46,1179.87,-1.28617591,1.71,42.17924236
1668401695.5506628,1179.88,1181.25,-1.14389111,3.45,47.37638659
1668401755.6507614,1181.9,1182.9,-0.84772092,3.6,52.69702068
1668401815.5840552,1183.49,1183.25,-0.58176831,3.08,53.54547893
1668401876.310478,1182.75,1183.57,-0.40953887,3.87,54.38781517
1668401935.5692637,1185.42,1185.73,0.04756553,5.16,59.95482706
1668401995.6526668,1185.61,1186.19,0.31821804,4.28,61.13695045
1668402055.6176798,1185.29,1184.99,0.38299247,4.04,57.27321824
1668402115.5863776,1185.2,1185.52,0.54208072,3.77,59.07438216
1668402175.5413058,1185.93,1186.33,0.73666252,5.87,61.41666478
1668402235.6235557,1186.78,1186.57,0.90133791,6.7,61.67886026
1668402295.5327013,1187.01,1187.19,1.06914413,5.29,63.82269067
1668402356.0393865,1186.48,1185.53,0.98478165,2.03,56.23258301
1668402415.654168,1185.51,1185.49,0.94803095,2.74,56.04909022
1668402475.6050289,1185.2,1185.6,0.90058851,0.18,56.26618395
1668402535.696228,1185.98,1186.96,1.00254963,1.36,60.99862304
1668402595.643935,1187.6,1187.19,1.10564017,1.91,60.83175904
1668402655.584764,1187.29,1187.15,1.13676861,1.94,60.58119787
1668402715.6243567,1186.53,1186.63,1.06104398,0.7,57.87272506
1668402775.655861,1186.16,1185.44,0.90450641,-1.33,52.25278766
1668402835.950213,1186.73,1186.78,0.98728531,-0.23,58.09354551
1668402895.6526709,1186.26,1185.9,0.85866367,-0.58,53.59391394
1668402955.7846353,1186.41,1186.36,0.84809648,0.84,55.82932556
1668403015.579678,1186.4,1186.33,0.79835724,1.12,55.63190146
1668403075.6466234,1186.48,1187.0,0.81110052,1.02,58.95611367
1668403135.6121688,1187.01,1187.45,0.83959559,-0.16,61.04952476
1668403195.5835469,1187.67,1188.08,0.91429315,0.78,63.7773378
1668403255.6527066,1188.13,1188.56,0.9906428,2.04,65.77687231
1668403316.2015386,1189.27,1188.63,1.08474389,2.48,63.71168877
1668403375.603538,1188.97,1188.24,1.09218805,1.52,60.79341922
1668403435.7756045,1188.53,1188.94,1.13802562,2.68,64.59294489
1668403495.6426578,1188.13,1188.26,1.0387112,1.86,60.50993248
1668403555.8540692,1187.97,1187.95,0.95648171,1.56,58.52594628
1668403615.677394,1187.86,1187.61,0.86724103,1.13,55.85838646
1668403675.6824636,1187.85,1186.87,0.74943124,-0.15,50.25409903
1668403735.599928,1186.43,1187.15,0.62881703,-0.51,52.13187339
1668403795.7062602,1186.44,1185.89,0.41040139,-2.24,44.04021562
1668403855.664893,1186.3,1186.07,0.31857767,-3.19,45.01588659
1668403915.6120756,1186.19,1187.02,0.29931414,-1.95,52.24503675
1668403975.6449306,1187.49,1187.62,0.35136233,-0.91,56.05600769
1668404035.7259052,1187.56,1186.91,0.29841925,-1.22,50.63126247
1668404095.7134004,1185.89,1183.96,-0.04210194,-4.0,35.39494624
1668404155.6107194,1183.93,1182.45,-0.36572542,-5.41,30.25300906
1668404215.780052,1180.33,1183.13,-0.69018544,-4.73,39.67181622
1668404275.672815,1183.49,1185.14,-0.62089739,-1.3,47.45978282
1668404335.657376,1184.2,1185.95,-0.57532463,-0.5,50.50038113
1668404395.6731238,1186.03,1184.78,-0.56334465,-1.53,46.6367999
1668404455.880712,1184.0,1183.01,-0.74115989,-3.17,41.63879049
1668404515.811489,1182.65,1180.78,-1.02458314,-6.72,36.26151849
1668404575.8050804,1179.42,1178.99,-1.43839241,-8.58,32.76124369
1668404635.685984,1180.27,1180.04,-1.49861429,-5.84,36.22871948
1668404695.691721,1177.96,1179.77,-1.75898021,-4.17,38.58015909
1668404755.6934226,1179.17,1181.85,-1.68394554,1.52,45.03973273
1668404815.7337976,1179.5,1176.75,-2.1194178,-6.75,32.41937939
1668404875.7060688,1177.43,1178.23,-2.129013,-5.98,36.51963806
1668404935.7248871,1179.64,1182.53,-1.72553057,-3.5,49.21711772
1668404995.668326,1181.78,1182.02,-1.56536446,-1.99,48.00157501
1668405055.6327367,1182.02,1182.57,-1.33066501,-0.07,49.57046527
1668405116.28673,1182.21,1182.85,-1.13145577,3.43,50.46511142
1668405175.7599962,1182.65,1182.27,-0.99857215,2.0,48.71306185
1668405236.07493,1183.07,1183.78,-0.70085324,5.83,53.37563237
1668405295.7610655,1184.21,1184.19,-0.44980401,5.03,54.53135038
1668405355.7335677,1183.1,1182.5,-0.47805109,3.0,48.90934863
1668405415.7789924,1183.45,1182.01,-0.40717801,4.57,47.22112027
1668405475.767106,1182.51,1182.74,-0.31673117,3.1,49.59259268
1668405535.6711922,1181.56,1182.44,-0.37011683,0.67,48.91043601
1668405595.8009946,1182.44,1182.47,-0.33158279,0.45,49.02107513
1668405655.8077333,1181.6,1180.0,-0.54823427,-2.21,41.25997798
1668405715.814463,1182.89,1184.25,-0.1403256,1.6,55.17678764
1668405775.8106492,1183.58,1183.36,-0.11202614,0.29,52.25801096
1668405835.8767376,1182.5,1182.81,-0.14292938,-1.41,50.31022617
1668405895.7984226,1183.73,1183.95,0.03459952,0.86,54.15024286
1668405955.9033327,1184.86,1184.72,0.23450796,1.28,56.38039028
1668406015.7848508,1184.86,1183.56,0.24643053,1.05,51.7035748
1668406075.7778864,1183.43,1183.1,0.1995205,1.54,49.98511488
1668406135.930869,1181.91,1182.75,0.068031,0.31,49.07439459
1668406195.7732477,1183.0,1184.8,0.21692574,3.2,55.74777356
1668406255.719889,1185.0,1184.7,0.31983417,1.81,55.18565475
1668406315.7695477,1184.49,1183.66,0.28904375,0.08,51.37247726
1668406375.8628924,1182.08,1181.16,-0.02199191,-1.35,43.78458305
1668406436.0503838,1180.3,1178.66,-0.41846303,-5.06,37.66286821
1668406495.988614,1178.05,1178.08,-0.75564905,-6.79,36.52172765
1668406556.0066466,1178.98,1179.38,-0.81271407,-5.47,41.17429602
1668406616.9380603,1179.25,1179.46,-0.90666097,-3.96,41.50807828
1668406677.0108073,1180.0,1181.2,-0.78913068,-0.71,47.60637609
1668406736.9236624,1183.13,1184.43,-0.34651293,1.44,56.490422
1668406797.7072952,1183.65,1182.73,-0.29943585,-2.26,51.61767685
1668406857.7358546,1181.36,1180.01,-0.51113314,-4.48,44.31217647
1668406917.7196448,1182.26,1182.05,-0.28423928,-0.03,49.76770381
1668406978.4536254,1181.06,1180.86,-0.40038638,0.55,46.47278027
1668407039.123908,1181.64,1180.66,-0.39347731,2.62,45.99566386
1668407098.4489582,1180.89,1182.15,-0.29929447,3.16,50.62018973
1668407159.4118264,1183.65,1183.28,-0.05331556,4.03,53.49312798
1668407219.3365252,1183.66,1182.71,0.02357968,2.7,51.59098548
1668407279.3800056,1182.92,1183.81,0.16173088,0.69,54.86094381
1668407340.1651917,1183.75,1183.87,0.25485102,0.22,55.05454621
1668407400.072683,1184.18,1184.26,0.38009912,2.89,56.19733304
1668407460.3262513,1184.45,1184.67,0.49830525,2.4,57.45521626
1668407520.8399131,1184.61,1185.27,0.61691522,4.21,59.37270487
1668407581.3551753,1185.37,1184.58,0.65892005,2.95,56.12974362
1668407640.82577,1185.2,1185.88,0.81871968,5.0,61.08071964
1668407701.8732948,1185.83,1186.2,0.91891152,2.55,62.13331965
1668407761.8599458,1186.39,1185.83,0.97286487,2.18,59.74111053
1668407821.8427176,1186.09,1187.21,1.11826422,4.28,64.76479505
1668407882.7707062,1187.27,1186.98,1.18852622,3.24,63.26049797
1668407942.7374046,1186.64,1187.5,1.24558021,3.31,64.22899489
1668408002.8029633,1188.44,1187.79,1.37898969,3.34,63.38398156
1668408063.6547418,1188.35,1188.68,1.51453607,4.08,67.34320779
1668408123.8660364,1192.97,1197.55,2.54089109,12.17,81.96318439
1668408183.5997856,1203.75,1206.74,4.17213197,21.55,87.90981082
1668408244.9279928,1204.03,1214.79,5.48038249,28.96,90.94403254
1668408304.8968651,1221.07,1216.08,7.10382568,29.68,81.19359527
1668408364.9061,1213.64,1217.16,7.83568438,31.06,78.51827087
1668408425.7960348,1211.42,1210.62,7.5982837,23.34,71.27476662
1668408485.8950634,1208.93,1210.39,7.56076671,23.76,69.55167541
1668408545.7101643,1213.79,1213.94,8.04344199,25.5,71.99719457
1668408608.1781209,1215.39,1219.55,8.6548974,31.2,75.52169068
1668408666.7426465,1223.82,1223.55,9.5273976,30.57,77.2182035
1668408726.6751812,1222.47,1222.57,9.69082985,18.66,75.47178449
1668408787.346969,1229.17,1232.83,11.00827769,28.8,80.31936342
1668408847.4492557,1231.64,1231.2,11.29107306,10.1,79.05866876
1668408907.2789729,1230.57,1229.41,11.2767436,15.78,75.90846758
1668408968.4843168,1227.16,1227.14,10.85733645,15.71,72.16407358
1668409028.311312,1227.07,1230.31,10.79357581,21.39,74.15124948
1668409088.7554617,1230.56,1231.01,10.6962302,17.23,74.5851884
1668409149.076758,1229.64,1232.83,10.54324937,17.44,74.7480704
1668409209.073136,1237.36,1241.05,11.34268998,17.22,79.04474345
1668409269.0323768,1236.84,1234.16,10.72834811,11.68,71.22368218
1668409329.799591,1234.41,1231.26,10.17133129,1.96,66.40414235
1668409390.047993,1229.97,1231.6,9.5510646,-0.04,65.81964115
1668409449.8854263,1233.02,1230.3,9.02126063,-0.27,62.76492762
1668409510.883041,1234.56,1234.56,8.46304407,7.49,66.50907796
1668409570.7724388,1234.56,1232.94,8.3338133,5.87,63.98949115
1668409631.3684487,1230.48,1230.48,7.03911881,0.84,60.39961587
1668409691.5425165,1231.8,1231.8,6.70108893,-5.87,61.6942157
1668409751.608234,1232.7,1232.7,6.40585283,-4.14,62.58384991
1668409811.5481374,1232.07,1232.07,5.95560841,-2.33,61.49829549
1668409872.433425,1233.83,1233.83,5.82315529,3.87,63.40785832
1668409932.3995464,1230.34,1230.34,5.04966655,-2.68,57.33527681
1668409992.3350954,1234.0,1234.0,5.12162073,3.34,61.4995258
1668410053.6369283,1234.95,1234.95,5.02579116,0.38,62.51370245
1668410113.725049,1234.16,1234.16,4.72176116,2.66,61.06221458
1668410174.095344,1231.78,1231.78,4.14206775,1.31,56.78157113
1668410234.4752831,1228.17,1228.17,3.25387618,-3.62,50.97661042
1668410294.4006588,1227.01,1227.01,2.60942675,-5.7,49.24900798
1668410354.5476592,1226.85,1226.85,2.1240356,-5.22,48.99904118
1668410415.203122,1226.89,1226.89,1.73519227,-6.94,49.06863887
1668410475.3198595,1229.12,1229.12,1.72289113,-1.22,52.92671115
1668410535.2695498,1231.07,1231.07,1.83114328,-2.93,56.05445769
1668410596.044452,1231.11,1231.11,1.77824398,-3.85,56.12342831
1668410656.1028826,1232.25,1232.25,1.87580294,-1.91,58.00774929
1668410715.9430406,1235.45,1235.45,2.3113469,3.68,62.85634226
1668410777.071416,1240.03,1240.03,3.0699913,12.28,68.46720177
1668410837.0303965,1245.81,1245.81,4.16334674,18.79,73.83435073
1668410896.959615,1247.26,1247.26,4.81625633,20.41,74.98509136
1668410957.8609924,1248.34,1248.34,5.33496539,21.45,75.83761238
1668411017.9690368,1253.59,1253.59,6.35522675,24.48,79.49406818
1668411077.8056402,1253.02,1253.02,6.67407863,21.94,78.12932835
1668411138.476816,1250.02,1250.02,6.45813891,18.91,71.09384949
1668411198.5210574,1249.04,1249.04,6.26557158,16.78,68.94428119
1668411258.4495418,1250.79,1250.79,6.33961299,15.34,70.68488657
1668411319.4539611,1250.86,1250.86,6.23839749,10.89,70.75487971
1668411379.4975646,1254.91,1254.91,6.65676378,9.11,74.52464105
1668411439.4422076,1257.92,1257.92,7.08043623,10.67,76.93253666
1668411500.356142,1256.07,1256.07,6.88142462,7.74,72.41649448
1668411560.308816,1252.33,1252.33,6.23463639,-1.25,64.24552646
1668411620.2929473,1250.46,1250.46,5.62624374,-2.56,60.56002771
1668411681.1374943,1251.16,1251.16,5.30067799,1.16,61.45244568
1668411741.1099422,1250.67,1250.67,4.87219034,1.63,60.42395627
1668411801.0148475,1253.72,1253.72,4.94336245,3.13,64.41960859
1668411862.3726578,1254.03,1254.03,4.79537247,3.17,64.80946443
1668411922.5575318,1253.86,1253.86,4.58199632,-1.06,64.40467815
1668411982.334493,1254.65,1254.65,4.48552197,-3.27,65.49824781
1668412043.1797009,1250.17,1250.17,3.67613196,-5.89,55.04345478
1668412103.3448322,1250.94,1250.94,3.38893899,-1.39,56.33174695
1668412163.2559245,1251.88,1251.88,3.21005691,1.42,57.91732886
1668412224.5413997,1251.68,1251.68,2.94567827,0.53,57.43894683
1668412284.333022,1254.26,1254.26,3.07664701,3.6,61.83052596
1668412344.3663409,1260.18,1260.18,3.82543854,6.46,69.568888
1668412405.186149,1257.11,1257.11,3.56452399,3.09,62.49322474
1668412465.1973753,1255.32,1255.32,3.25831699,1.46,58.74178014
1668412525.1465807,1254.38,1254.38,2.96027275,-0.28,56.8130425
1668412586.2918491,1256.04,1256.04,2.98643826,5.86,59.35131074
1668412646.7463453,1256.82,1256.82,2.97880251,5.87,60.52645274
1668412706.6697764,1256.54,1256.54,2.8517834,4.65,59.86409277
1668412767.0353792,1256.64,1256.64,2.75077917,4.96,60.0424521
1668412827.0599954,1260.06,1260.06,3.11812255,5.89,65.42059843
1668412887.096119,1261.98,1261.98,3.42743576,1.8,68.04128479
1668412947.7669015,1266.24,1266.24,4.11168943,9.13,72.92359808
1668413007.7772582,1263.94,1263.94,4.01018128,8.62,66.98945114
1668413067.7705872,1266.24,1266.24,4.35384368,11.86,69.65705135
1668413128.7361934,1270.51,1270.51,5.03520419,14.47,73.84160318
1668413188.7198062,1269.48,1269.48,5.09731032,12.67,71.25698659
1668413249.1851687,1267.14,1267.14,4.8214753,10.59,65.6679487
1668413309.4688773,1263.92,1263.92,4.24210625,7.28,58.83479929
1668413369.518272,1263.46,1263.46,3.87606316,3.39,57.90642114
1668413429.423998,1264.94,1264.94,3.78307185,2.96,60.08853245
1668413490.2210174,1264.86,1264.86,3.56267934,-1.36,59.9014623
1668413550.2210252,1267.36,1267.36,3.70843798,3.43,63.58558718
1668413610.1916666,1272.91,1272.91,4.40868802,6.68,70.14370704
1668413671.465376,1267.35,1267.35,3.77422789,-3.18,58.73207247
1668413731.806188,1269.63,1269.63,3.90455216,0.16,61.49012894
1668413791.495639,1271.54,1271.54,4.08904026,4.41,63.69301204
1668413852.1522894,1267.35,1267.35,3.47530062,3.43,56.13107058
1668413912.206649,1265.57,1265.57,2.96509354,2.11,53.23929566
1668413972.1609037,1266.42,1266.42,2.75681659,1.48,54.45682835
1668414032.93578,1264.53,1264.53,2.2475543,-0.32,51.29611976
1668414092.980019,1266.51,1266.51,2.22097733,-0.85,54.31346136
1668414152.9866166,1265.65,1265.65,1.92953299,-7.26,52.78562021
1668414214.168514,1263.33,1263.33,1.40500211,-4.02,48.79622625
1668414273.7493749,1265.14,1265.14,1.38013927,-4.5,51.85179452
1668414333.7593036,1264.73,1264.73,1.17322407,-6.81,51.10769781
1668414394.7603028,1266.44,1266.44,1.26509558,-0.91,54.06826794
1668414454.7039752,1266.0,1266.0,1.15296812,0.43,53.17497642
1668414514.7319005,1264.3,1264.3,0.83917236,-2.02,49.76230707
1668414575.5062172,1263.99,1263.99,0.64680953,-0.53,49.14201063
1668414635.5227003,1264.65,1264.65,0.60140094,-1.85,50.55473235
1668414695.704157,1266.94,1266.94,0.84144128,1.3,55.20427498
1668414756.2871418,1265.99,1265.99,0.7431157,2.67,52.9768851
1668414816.3492844,1264.72,1264.72,0.53621469,-0.43,50.07231413
1668414876.3231344,1265.3,1265.3,0.52937574,0.57,51.3845257
1668414937.3284383,1266.1,1266.1,0.59545009,-0.34,53.20883048
1668414997.317624,1263.67,1263.67,0.24753746,-2.32,47.38985323
1668415057.3435335,1259.54,1259.54,-0.46044291,-4.75,39.48814963
1668415118.1439548,1260.6,1260.6,-0.60191403,-3.39,42.15407882
1668415178.611971,1257.85,1257.85,-1.16150602,-6.8,37.54588751
1668415238.0543485,1257.8,1257.8,-1.42188169,-9.14,37.46761175
1668415298.8896449,1259.99,1259.99,-1.29572621,-6.01,43.20423979
1668415358.9152813,1261.84,1261.84,-1.05809862,-2.87,47.57058872
1668415418.929566,1263.7,1263.7,-0.71317079,-1.59,51.60577573
1668415479.9334822,1262.43,1262.43,-0.7299553,-3.67,48.84177491
1668415539.858688,1262.4,1262.4,-0.6596535,-1.28,48.77528515
1668415599.9166205,1262.42,1262.42,-0.59173819,2.88,48.82461559
1668415661.2371538,1261.23,1260.89,-0.72838768,0.29,45.13384913
1668415720.5800538,1260.18,1259.74,-0.88886622,1.9,42.50291917
1668415780.650089,1260.85,1260.77,-0.8095625,2.98,45.29634432
1668415841.6304576,1260.64,1260.07,-0.87142581,0.07,43.4798593
1668415901.5041354,1262.41,1263.62,-0.47391017,1.78,53.53914054
1668415961.5434108,1262.98,1262.42,-0.43908376,-1.27,50.1462264
1668416022.2806838,1262.88,1262.51,-0.33189947,0.08,50.33097477
1668416082.2562866,1262.4,1262.25,-0.2997813,-0.15,49.47550058
1668416142.3543477,1262.83,1263.26,-0.148034,0.83,52.84851152
1668416203.4114358,1262.63,1262.93,-0.12821721,1.69,51.77605536
1668416263.2535222,1263.24,1263.57,-0.00233323,3.39,54.04143525
1668416323.298794,1264.77,1262.66,0.07764556,1.81,49.97459853
1668416384.199479,1262.54,1262.31,0.02973669,1.67,48.81055796
1668416444.1699648,1261.72,1262.65,-0.00923763,0.23,50.19122366
1668416504.110536,1261.2,1258.88,-0.39346492,-4.1,38.67512185
1668416565.222395,1258.53,1256.36,-0.82197178,-6.51,33.09961444
1668416625.1171072,1255.83,1257.51,-1.06058459,-4.89,38.20895931
1668416685.1309805,1257.75,1257.45,-1.19920035,-5.38,38.34262903
1668416746.7668304,1256.68,1256.92,-1.39884004,-5.72,37.59988691
1668416806.231256,1256.67,1255.6,-1.61249975,-7.64,34.32498886
1668416866.1426184,1255.39,1254.73,-1.82760672,-10.03,32.52415682
1668416926.940915,1256.4,1255.08,-1.83140929,-7.46,34.92515885
1668416986.8821816,1254.14,1254.16,-2.0497931,-7.57,33.17536522
1668417046.9410722,1255.0,1255.86,-1.95080907,-5.34,39.63964265
1668417107.5480978,1256.68,1256.66,-1.78981971,-1.87,42.3663306
1668417167.5418456,1256.37,1256.41,-1.73233637,0.47,41.79649869
1668417227.6354592,1256.32,1256.71,-1.63103542,-1.04,43.04437498
1668417288.5635536,1256.38,1256.01,-1.60238071,-0.67,40.6590286
1668417348.5774722,1255.48,1255.45,-1.61960104,-1.21,39.08592494
1668417408.5202928,1254.82,1256.49,-1.53734093,1.1,44.43511396
1668417469.297492,1256.9,1255.33,-1.48265644,-1.07,41.33566871
1668417529.3134074,1254.51,1253.34,-1.65779147,-0.79,36.49538806
1668417589.2554555,1252.65,1253.98,-1.71630697,-1.02,40.0286008
1668417650.2928228,1253.39,1254.83,-1.66800083,-1.84,43.18620536
1668417710.0186863,1256.93,1259.25,-1.09295432,2.89,55.31518619
1668417769.9973085,1259.28,1258.5,-0.81856928,2.19,53.1535065
1668417830.898894,1259.15,1259.25,-0.49689489,2.86,55.25125333
1668417890.7675028,1258.32,1258.57,-0.39073194,3.1,53.18676122
1668417950.841886,1258.52,1258.97,-0.21614921,4.16,54.34227195
1668418011.8847363,1258.5,1259.82,-0.03492089,2.92,56.8375316
1668418071.7572722,1259.67,1259.71,0.11821045,5.2,56.55110455
1668418131.8523736,1259.72,1259.0,0.19081565,6.35,53.77513992
1668418192.5415754,1258.85,1258.53,0.1975532,5.14,52.00659841
1668418253.070064,1258.98,1258.85,0.26320735,1.93,53.13238726
1668418312.576684,1258.56,1257.76,0.17994962,-1.52,48.77559721
1668418373.2701046,1257.85,1258.5,0.19474282,-0.64,51.72214913
1668418433.2768035,1259.19,1259.45,0.31676956,1.13,55.1520446
1668418493.2195144,1259.19,1259.33,0.34066973,0.81,54.75952099
1668418554.244032,1258.7,1259.19,0.3217834,0.69,54.01612757
1668418614.2833922,1259.72,1259.99,0.43914553,0.33,57.03966876
1668418674.2526474,1261.03,1261.78,0.69918774,2.06,62.95102378
1668418734.8918316,1262.2,1262.76,0.93338579,3.92,65.76236113
1668418795.1623902,1261.8,1261.2,0.89704139,2.23,59.01707825
1668418854.9041505,1261.12,1260.32,0.84260068,1.75,54.74869722
1668418915.677276,1260.9,1261.12,0.89612638,3.27,58.37966182
1668418975.7318208,1261.21,1261.41,0.92026844,2.22,59.51341435
1668419035.6774704,1261.75,1261.77,0.97210452,2.57,60.87563458
1668419096.5914392,1262.42,1262.66,1.0908039,3.95,64.14311528
1668419156.6002977,1263.76,1261.75,1.12714426,2.02,56.69729996
1668419216.5355752,1261.34,1262.42,1.10097598,1.39,58.62276888
1668419277.5038009,1262.51,1262.43,1.10051769,0.24,58.52231031
1668419337.3018527,1262.3,1263.35,1.14799162,1.55,61.44269609
1668419397.3740246,1262.64,1263.14,1.11850648,2.03,60.91028818
1668419458.107074,1262.51,1261.53,0.9604237,0.62,53.37657478
1668419518.0238285,1261.03,1260.24,0.73129817,-0.98,47.66897948
1668419578.1672928,1259.61,1260.78,0.57959059,-0.97,50.30288131
1668419638.864824,1260.57,1261.0,0.49749192,-1.41,51.27930832
1668419698.7731287,1261.48,1262.13,0.56094682,-1.64,55.65167649
1668419758.7892697,1261.26,1260.51,0.39083046,-0.82,48.81530957
1668419819.945002,1260.77,1260.09,0.28936239,-2.42,46.9240259
1668419878.8843422,1259.39,1259.65,0.11334507,-2.66,45.44874216
1668419938.9379454,1259.5,1257.31,-0.1792484,-5.32,36.94423592
1668419998.8474972,1257.32,1257.1,-0.41319781,-5.41,36.29298287
1668420058.940488,1257.31,1256.82,-0.60118489,-4.21,35.35026199
1668420118.9086154,1257.12,1255.56,-0.83616179,-4.06,31.51829106
1668420178.8701804,1253.59,1254.07,-1.27029994,-6.5,29.65369951
1668420238.8550751,1256.59,1257.51,-1.04321253,-3.98,44.35157375
1668420299.3066225,1258.75,1257.63,-0.92557645,-3.63,45.20747358
1668420358.8944795,1257.48,1257.05,-0.95462839,-3.71,43.60842707
1668420418.8870604,1256.39,1255.98,-1.08376679,-3.42,40.81826032
1668420478.879114,1256.02,1256.55,-1.08340961,-2.94,42.9621801
1668420538.8708332,1256.4,1256.37,-1.09688074,-0.94,42.30884308
1668420598.868769,1255.95,1255.83,-1.15512086,-1.48,40.72826198
1668420658.8082902,1257.2,1256.93,-0.98919978,-0.2,45.19036585
1668420718.877022,1255.02,1254.88,-1.21471736,1.29,39.38565
1668420779.4286256,1255.56,1255.77,-1.14468433,-0.82,42.74298836
1668420838.8879037,1255.35,1255.33,-1.18023766,-3.41,41.22595338
1668420898.9004767,1255.37,1255.72,-1.13481831,-1.77,42.97689612
1668420958.954303,1255.5,1255.51,-1.11848706,-0.88,42.02644569
1668421018.9561093,1255.31,1255.06,-1.12865215,-0.96,40.40840422
1668421078.9833028,1254.66,1254.57,-1.17435371,-1.83,38.70606571
1668421138.8779197,1254.34,1254.34,-1.2042904,-1.6,37.90999561
1668421198.8133175,1254.49,1255.66,-1.08572428,-1.53,45.33647142
1668421259.4122572,1255.83,1257.37,-0.84232698,2.36,53.15675631
1668421318.9090164,1257.54,1257.58,-0.62543432,2.02,53.98294455
1668421378.9374087,1257.27,1257.71,-0.4683402,2.36,54.4304694
1668421438.8876302,1257.48,1257.45,-0.35544614,2.08,53.31660684
1668421498.9343562,1257.1,1256.25,-0.36522898,0.74,47.37773966
1668421559.0511868,1255.78,1256.76,-0.33512035,1.46,50.13317277
1668421618.9204798,1257.0,1257.76,-0.18378339,3.1,54.43487211
1668421678.9094734,1257.74,1257.36,-0.11187658,3.02,52.47457805
1668421739.4437351,1257.42,1258.1,0.01033737,3.62,55.7478997
1668421798.8929477,1259.05,1257.46,0.10967801,1.63,51.76990698
1668421858.9451034,1256.99,1257.82,0.12727096,0.28,53.12932737
1668421918.8902948,1258.6,1258.85,0.29917565,1.59,56.67131193
1668421978.8954356,1259.54,1259.43,0.46984,1.96,58.3645684
1668422038.9286923,1259.16,1259.95,0.58054041,2.85,59.79785932
1668422098.9376397,1260.63,1260.14,0.73394369,4.36,59.49735915
1668422158.9288502,1259.92,1258.67,0.67245291,1.67,53.11429864
1668422219.6082184,1259.08,1259.5,0.72182588,1.77,56.2753477
1668422279.0205095,1260.5,1260.94,0.90250398,3.52,60.847787
1668422338.9573147,1261.63,1261.46,1.05649622,2.41,61.96385835
1668422398.888142,1260.52,1259.6,0.91446896,2.6,53.94773785
1668422458.963944,1260.13,1260.58,0.96235092,1.97,57.62611782
1668422518.877873,1260.89,1260.55,0.97309843,1.01,57.03691989
1668422578.978619,1259.17,1259.89,0.81279433,0.72,53.94708248
1668422639.0308404,1260.0,1260.73,0.83797921,0.1,56.78159376
1668422699.2977266,1260.07,1259.12,0.67221277,-0.8,50.55143023
1668422759.1147535,1260.06,1261.35,0.81233961,2.27,59.2682374
1668422819.014174,1261.19,1261.67,0.86917534,1.18,60.41205534
1668422879.00568,1261.56,1261.0,0.85481821,-0.64,57.08650612
1668422938.944039,1260.0,1260.28,0.72166777,-0.23,53.63007332
1668422998.944646,1258.5,1257.34,0.32683715,-2.78,42.42211739
1668423058.8739722,1258.07,1258.69,0.27705877,-2.2,47.67336297
1668423118.9933066,1259.47,1260.77,0.40386807,1.61,55.54650936
1668423179.3145337,1259.83,1259.98,0.32895306,-0.01,52.81638744
1668423238.9662085,1259.91,1260.02,0.32352339,-0.04,53.01292192
1668423298.953508,1260.2,1259.69,0.30534395,-0.37,51.24786266
1668423358.977479,1260.03,1260.87,0.39205888,-0.31,56.6380972
1668423419.035581,1260.7,1260.89,0.42478027,-0.68,56.77928004
1668423479.0436833,1261.3,1261.3,0.51354351,1.29,58.50581072
1668423539.0836408,1261.38,1261.25,0.55317385,2.75,58.00713387
1668423599.003693,1260.57,1259.81,0.41555015,1.75,49.78666524
1668423659.6207595,1260.55,1260.69,0.46189068,1.22,54.60145169
1668423719.0348997,1261.13,1261.87,0.56853077,2.04,60.32705129
1668423778.9867475,1262.22,1261.76,0.63025865,1.86,58.71853754
1668423838.9922297,1262.06,1261.87,0.67619984,1.67,59.33625257
1668423899.0182614,1261.51,1260.01,0.5151983,-0.03,48.13692768
1668423959.0096538,1260.15,1260.52,0.45561752,-0.18,50.88478367
1668424019.0512974,1260.44,1260.55,0.39246119,-0.74,51.08792476
1668424079.0248008,1260.56,1261.02,0.38100009,-0.36,53.79624231
1668424139.4715376,1262.31,1262.63,0.57556338,2.07,61.25716611
1668424198.92061,1261.68,1260.63,0.4233764,0.08,50.16026262
1668424259.168172,1260.51,1261.32,0.40510228,0.18,53.54397904
1668424319.0392354,1260.97,1261.69,0.40286827,-0.53,55.38525999
1668424379.0870512,1261.02,1260.87,0.31109803,-1.18,51.27075925
1668424438.979331,1261.15,1262.11,0.39369035,0.61,57.85665505
1668424499.0011656,1262.58,1262.24,0.47511503,2.09,57.73787654
1668424559.0514057,1262.28,1262.56,0.5333517,2.12,59.34716944
1668424619.4884562,1261.93,1262.3,0.51023297,1.75,57.60102964
1668424679.192495,1262.31,1263.42,0.6162566,1.11,62.81854244
1668424738.95293,1267.31,1263.28,0.91946928,1.59,55.42836348
1668424798.9731398,1262.6,1260.22,0.61682783,-0.28,46.1287107
1668424858.9942713,1258.98,1258.47,0.2004535,-2.51,41.94467836
1668424919.0302615,1257.9,1262.36,0.22403117,1.34,52.70231983
1668424979.005543,1260.86,1259.42,-0.05134018,-1.73,45.780185
1668425039.0555732,1260.13,1259.74,-0.1041123,-2.83,46.43949687
1668425099.6556823,1258.31,1258.26,-0.39415812,-4.03,43.03349354
1668425159.0158648,1258.14,1257.25,-0.61549654,-4.68,40.69722465
1668425219.0156891,1256.22,1256.47,-0.90005604,-5.85,39.38288585
1668425279.0252466,1256.21,1256.26,-1.08051972,-11.05,38.69096821
1668425339.1035366,1255.82,1257.66,-1.10938903,-4.93,44.09170879
1668425398.9993994,1257.47,1257.74,-1.09780136,-1.25,44.40873398
1668425459.259677,1257.45,1256.38,-1.19006349,-1.52,40.57191492
1668425519.0040984,1256.35,1255.1,-1.33400188,-5.76,37.40429448
1668425579.6510797,1255.07,1255.51,-1.39946299,-4.61,39.09494956
1668425639.0355968,1255.02,1254.2,-1.56822353,-4.11,35.1828083
1668425699.357564,1253.8,1253.95,-1.69590127,-4.19,34.95147676
1668425759.1215155,1254.79,1254.36,-1.66716489,-1.86,37.39089373
1668425819.1047144,1255.41,1255.93,-1.48823908,-0.29,43.23671941
1668425879.0921516,1255.96,1255.8,-1.40585808,-0.02,42.83251164
1668425939.1012151,1256.5,1255.8,-1.28281418,-1.66,43.22181012
1668425999.098989,1255.65,1254.5,-1.32972611,-2.95,39.21136886
1668426059.6651316,1254.1,1254.65,-1.35461324,-1.71,40.59277649
1668426119.1115358,1255.4,1255.02,-1.25795715,-0.05,42.44836808
1668426179.0846548,1255.99,1255.58,-1.10972831,0.57,44.60898943
1668426239.1369288,1255.99,1256.74,-0.92378496,2.94,49.13267666
1668426299.072086,1256.14,1255.64,-0.9179037,0.85,44.70775308
1668426359.1254065,1255.36,1255.94,-0.85864944,0.53,46.41974895
1668426419.064216,1256.02,1256.59,-0.72816103,0.64,49.36177749
1668426479.04791,1256.5,1257.17,-0.58251959,0.66,51.95104006
1668426539.5644252,1257.01,1256.63,-0.50784018,0.99,49.48125506
1668426599.0679498,1255.51,1255.18,-0.61943508,1.09,43.5911619
1668426659.089234,1255.3,1254.9,-0.64351289,-0.49,42.44170711
1668426719.113074,1255.22,1255.73,-0.57786487,-0.26,46.48687854
1668426779.107939,1254.72,1254.82,-0.67463554,-1.17,42.23393654
1668426839.0615366,1255.06,1255.47,-0.61299773,-0.67,46.00609874
1668426899.055333,1255.37,1254.39,-0.66502394,-0.97,40.92966149
1668426959.100284,1254.17,1254.73,-0.67837494,-1.29,43.43373312
1668427019.8261204,1255.88,1255.35,-0.54582591,-1.14,46.88411999
1668427079.0782216,1254.99,1254.51,-0.59743723,-2.51,43.38156954
1668427139.1885746,1255.28,1254.58,-0.55555656,-0.92,43.77755806
1668427199.1230743,1253.19,1252.28,-0.83362401,-3.03,35.80565203
1668427259.2570934,1252.34,1253.19,-0.87943672,-2.02,40.53079364
1668427319.3409166,1252.78,1252.8,-0.96541186,-1.91,38.55139018
1668427379.1947308,1252.74,1251.1,-1.13482762,-3.95,32.90143694
1668427439.0817251,1248.99,1248.72,-1.57007571,-6.64,27.29156287
1668427499.6793146,1246.94,1248.29,-1.90587342,-5.87,30.79363325
1668427559.1428552,1245.54,1245.11,-2.45904319,-10.78,21.16434174
1668427619.2529218,1246.17,1247.41,-2.44439571,-7.58,31.37103659
1668427679.326662,1249.66,1249.17,-2.19232649,-6.11,39.14601654
1668427739.333228,1249.37,1249.03,-2.10808555,-4.16,38.75214552
1668427799.317418,1247.81,1246.67,-2.29458835,-5.66,33.43907235
1668427859.1775808,1247.0,1247.94,-2.21729076,-4.83,37.99892705
1668427919.2261298,1247.75,1248.53,-2.1160982,-4.21,40.4126688
1668427979.219947,1249.24,1252.1,-1.67292668,3.1,52.11970777
1668428039.1686416,1252.43,1253.32,-1.23275071,6.38,55.33202336
1668428099.2108011,1254.08,1253.21,-0.85704201,7.67,54.422453
1668428159.1485474,1253.2,1254.44,-0.50228734,8.28,57.52194083
1668428219.169832,1255.16,1253.2,-0.27256887,3.55,53.17630903
1668428279.2144082,1253.86,1252.58,-0.14390837,3.2,51.28008808
1668428339.3178024,1253.0,1253.4,0.0085745,5.59,53.55229113
1668428399.3396907,1254.08,1253.86,0.18089526,6.87,54.58488739
1668428459.1985505,1253.29,1253.94,0.2426185,6.19,54.62196744
1668428519.452239,1254.13,1254.35,0.36824572,5.12,55.73628781
1668428579.1884325,1254.32,1254.69,0.47525906,2.26,56.72603446
1668428639.1295424,1255.34,1255.26,0.6416892,1.19,58.17230899
1668428699.127618,1255.18,1255.96,0.77505903,2.76,60.09644046
1668428759.1473022,1255.23,1257.49,0.95219282,2.33,64.24028871
1668428819.151016,1256.82,1257.55,1.08927613,3.7,64.51251244
1668428879.0967884,1258.32,1260.9,1.54142492,7.91,71.58280946
1668428939.173363,1262.05,1262.38,2.01948939,8.3,73.9525345
1668428999.1892726,1261.68,1261.29,2.16784703,8.0,70.03919389
1668429059.1393974,1261.63,1260.91,2.29376293,6.78,68.18727868
1668429119.140373,1260.19,1260.96,2.30467801,6.65,66.81770693
1668429179.2484915,1260.67,1261.99,2.39627832,6.65,69.05910981
1668429239.244153,1265.06,1264.31,2.83425647,9.13,71.05127828
1668429299.2076993,1264.47,1266.68,3.15213428,11.46,75.03020892
1668429359.1963472,1265.82,1264.59,3.13432987,7.78,68.78685479
1668429419.2174404,1265.42,1263.93,3.13812262,5.61,65.92973289
1668429479.4491148,1264.14,1263.29,3.01471235,1.23,63.35177628
1668429539.2243898,1262.86,1261.34,2.68788746,-0.33,56.39573853
1668429599.277163,1261.55,1262.7,2.54950477,1.08,59.94552053
1668429659.2785747,1262.18,1264.13,2.48096236,3.95,63.31698044
1668429719.2205477,1263.54,1264.6,2.43326723,3.94,64.4415887
1668429779.5547342,1263.67,1263.97,2.29689301,-1.1,63.10277022
1668429839.2525198,1263.45,1263.02,2.11542664,-1.46,59.57900409
1668429899.289402,1262.73,1262.09,1.88835428,-3.72,55.74318786
1668429959.6996706,1261.7,1261.66,1.64935648,-3.77,54.08346703
1668430019.223279,1260.86,1261.47,1.40264128,-2.67,53.205899
1668430079.1721125,1262.07,1263.74,1.46263874,0.89,60.08438373
1668430139.313953,1263.21,1263.92,1.43718432,2.38,60.69127665
1668430199.241117,1263.87,1263.32,1.38180429,1.15,58.14770244
1668430259.2185688,1262.75,1263.81,1.32978418,0.27,59.08458051
1668430319.2312224,1263.49,1263.85,1.29298919,0.19,59.27855202
1668430379.2266414,1264.65,1265.0,1.41044544,1.54,62.566196
1668430439.4486551,1264.95,1263.94,1.34876769,1.22,57.78495746
1668430499.3588552,1265.42,1264.78,1.44698642,3.08,60.57660376
1668430559.299908,1264.34,1262.68,1.21971223,1.83,51.54730313
1668430619.206974,1262.12,1261.84,0.95499006,-0.24,48.53076998
1668430679.271762,1262.45,1262.51,0.86147983,-0.71,50.99185896
1668430739.2694104,1263.25,1262.69,0.80021967,-1.17,51.38665456
1668430799.2371151,1263.31,1264.32,0.86507852,1.58,57.55290324
1668430859.3464684,1264.32,1264.04,0.84557454,0.56,56.22186859
1668430919.7761073,1264.48,1263.64,0.81523251,-1.0,54.05069071
1668430979.3296824,1263.15,1264.11,0.76322456,-0.83,55.6163566
1668431040.070201,1264.3,1263.29,0.69006871,-2.13,51.83596398
1668431100.0500927,1264.19,1264.65,0.77693534,0.32,57.53025742
1668431160.009864,1265.77,1265.38,0.9071046,3.25,59.32521119
1668431221.0418737,1267.45,1268.26,1.285988,5.82,68.22194875
1668431281.1594794,1271.9,1267.66,1.62128976,4.42,58.98964355
1668431341.0959058,1265.0,1263.33,1.12252264,0.03,48.28761473
1668431401.7644942,1261.67,1261.09,0.60735703,-3.23,43.8864827
1668431462.0979145,1260.36,1261.0,0.24591541,-3.47,44.14839129
1668431521.6991153,1262.14,1263.5,0.275191,0.34,49.8399265
1668431582.501987,1264.32,1266.48,0.51072625,2.18,55.71371711
1668431642.6324549,1267.69,1272.96,1.23026505,8.77,65.2907726
1668431702.5411098,1281.65,1281.43,2.91525195,15.66,72.72487365
1668431763.5353808,1279.52,1278.34,3.29492214,10.89,66.78189997
1668431823.524689,1279.06,1277.28,3.63399629,5.28,64.64123244
1668431883.4836116,1277.58,1276.33,3.75654952,11.33,62.74664703
1668431944.4242349,1274.64,1277.11,3.74851692,15.39,62.56146055
1668432004.3829007,1277.3,1277.28,3.83039301,16.91,62.72596339
1668432064.3068311,1277.91,1277.55,3.89997116,15.4,62.70719869
1668432125.1503482,1275.85,1276.89,3.71207099,12.58,60.7930967
1668432185.1702638,1277.95,1279.98,3.94120864,12.29,64.44948502
1668432245.1755984,1279.87,1283.63,4.29334617,1.98,68.31220794
1668432306.15004,1284.94,1285.85,4.78558776,6.33,70.33005543
1668432366.260514,1285.2,1282.95,4.76346339,3.89,64.93562338
1668432426.149164,1283.42,1283.26,4.78553059,5.67,65.53461513
1668432486.999045,1284.25,1285.2,4.93588223,10.56,67.86530281
1668432547.045379,1289.32,1287.63,5.37760164,10.33,68.2100381
1668432606.9284973,1289.77,1287.69,5.54648675,9.77,67.43951156
1668432667.6641524,1288.46,1287.25,5.49417229,11.41,66.31658702
1668432727.7418704,1284.2,1283.99,4.8945412,6.04,59.73372375
1668432787.7200315,1284.34,1281.68,4.3968731,1.82,55.16058593
1668432848.9165976,1283.0,1282.36,4.07052492,-2.58,56.30428113
1668432908.9571357,1283.02,1285.59,3.98364952,0.39,61.49807432
1668432969.0395634,1284.31,1285.58,3.74931302,2.17,61.61836283
1668433029.763329,1284.01,1284.0,3.38026044,-0.26,58.94716827
1668433089.739157,1282.32,1281.3,2.83187199,-7.94,52.71714633
1668433149.8186097,1281.91,1281.88,2.55879707,-7.89,53.99703314
1668433210.471945,1281.93,1281.93,2.0377302,-2.27,54.09223829
1668433270.493247,1281.93,1283.17,2.13664758,-1.03,56.87963797
1668433330.5164948,1282.73,1282.73,1.77121735,-0.27,55.9907597
1668433391.3124545,1280.0,1280.0,1.25205218,-3.01,48.34934272
1668433451.2471936,1279.08,1279.08,0.87035967,-5.22,46.07438441
1668433511.2818286,1279.6,1279.6,0.69302722,-4.4,47.57823782
1668433572.4038806,1279.18,1279.18,0.45432182,-3.13,46.45145467
1668433632.194687,1279.4,1279.4,0.31885809,-2.5,47.15984079
1668433692.2587104,1280.23,1280.23,0.3139137,-1.6,49.84396263
1668433752.9192994,1278.31,1278.31,-0.01806892,-3.63,44.25652123
1668433812.9401958,1264.22,1264.22,-2.14174596,-18.16,23.43706289
1668433872.928802,1257.87,1257.87,-3.80510611,-24.86,19.08316522
1668433933.7613945,1245.93,1245.93,-6.35718272,-34.08,13.8853223
1668433993.8245535,1254.22,1254.22,-6.36484654,-24.85,28.50062759
1668434053.716574,1250.1,1250.1,-7.38531054,-29.5,26.12016039
1668434114.7351809,1250.08,1250.08,-7.86036051,-29.1,26.10880894
1668434174.7011988,1251.64,1251.64,-7.92181433,-27.75,28.71245837
1668434234.7751727,1251.64,1254.91,-7.66095963,-24.48,33.96262831
1668434295.5744672,1258.46,1258.46,-6.15845522,-19.84,41.75030824
1668434355.4161546,1258.54,1258.54,-5.9132259,-5.8,41.82851561
1668434415.4875965,1259.16,1259.16,-5.5704377,1.28,42.46707443
1668434476.752698,1253.94,1253.94,-6.01505256,8.02,38.62293177
1668434536.2232363,1257.12,1257.12,-5.51845395,2.89,42.06580566
1668434596.2224677,1255.33,1255.33,-5.51890484,5.0,40.68380836
1668434657.6646535,1257.24,1257.24,-5.07510405,7.16,42.84250236
1668434717.6213882,1255.61,1255.61,-5.01811493,3.98,41.45244158
1668434777.5457792,1258.94,1258.94,-4.34429258,-9.98,45.34231399
1668434838.4953372,1259.58,1259.58,-3.88451279,1.12,46.08438004
1668434898.5107763,1263.01,1263.01,-3.03514484,4.48,50.00217136
1668434958.4974194,1260.28,1260.28,-2.93538994,1.12,47.07041463
1668435019.878133,1261.08,1261.08,-2.54068494,7.14,48.03290615
1668435079.310218,1261.0,1261.0,-2.26378897,3.87,47.94009376
1668435139.3193796,1258.7,1258.7,-2.34117419,3.37,45.20814908
1668435200.088405,1258.26,1258.26,-2.28617431,1.03,44.6705742
1668435260.0083108,1258.44,1258.44,-2.17157579,2.82,44.92179091
1668435320.0477242,1256.16,1256.16,-2.38997471,-2.78,41.98382709
1668435381.0995195,1257.51,1257.51,-2.20112649,-2.07,44.30550619
1668435441.0592422,1255.48,1255.48,-2.39941551,-7.53,41.61187003
1668435501.5764313,1254.25,1254.25,-2.5781146,-6.03,40.07033795
1668435561.8526096,1255.02,1255.02,-2.49925824,-6.05,41.56979013
1668435621.8234696,1251.98,1251.98,-2.8856203,-9.01,37.56764517
1668435681.7896502,1251.95,1251.95,-2.97030846,-6.74,37.5293072
1668435742.5912578,1253.77,1253.77,-2.7442711,-4.6,41.43562003
1668435802.598141,1252.3,1252.3,-2.8568295,-6.13,39.29152473
1668435862.4937766,1251.79,1251.79,-2.89329634,-4.37,38.55858434
1668435923.4950294,1252.18,1252.18,-2.80126408,-5.32,39.50024276
1668435983.9846857,1250.38,1250.38,-2.97667899,-5.09,36.71658137
1668436043.4989505,1248.46,1248.46,-3.23909785,-5.72,33.9596583
1668436104.3168314,1248.1,1248.1,-3.33866625,-6.91,33.45424145
1668436164.3310604,1249.13,1249.13,-3.20928413,-2.86,36.39410286
1668436224.3007402,1250.43,1250.43,-2.95318747,-1.52,39.97537734
1668436285.056252,1253.41,1253.41,-2.37825151,-0.35,47.31774325
1668436345.0137584,1253.86,1253.86,-2.0239518,1.56,48.34700254
1668436405.055275,1250.87,1250.87,-2.1734752,-0.91,42.41980386
1668436466.405451,1246.04,1246.04,-2.75560251,-6.14,34.95467049
1668436526.4238176,1245.94,1245.94,-2.89941184,-4.43,34.83206199
1668436586.418216,1244.19,1244.19,-3.21955064,-4.26,32.4339581
1668436647.6132498,1243.19,1243.19,-3.46566998,-4.9,31.12192175
1668436707.5493476,1241.97,1241.97,-3.72896646,-7.17,29.55131575
1668436767.644092,1242.77,1242.77,-3.70403406,-7.65,31.97783384
1668436828.4520197,1246.13,1246.13,-3.21606964,-7.28,41.14490518
1668436888.3640835,1245.8,1245.8,-3.05130436,-8.05,40.56086669
1668436948.4403234,1247.39,1247.39,-2.64517584,-3.48,44.57147982
1668437009.492533,1247.19,1247.19,-2.42510213,1.05,44.17103852
1668437069.883556,1246.94,1246.94,-2.24725893,1.01,43.62801728
1668437129.3978157,1245.38,1245.38,-2.28721392,1.19,40.33096213
1668437189.9392624,1245.79,1245.79,-2.13699474,2.6,41.58053688
1668437249.408574,1242.2,1242.2,-2.52806456,0.23,34.7235595
1668437309.4129686,1245.08,1245.08,-2.17784672,2.32,42.87520737
1668437369.4325235,1247.67,1247.67,-1.68814458,1.53,49.02907057
1668437429.3289294,1249.34,1249.34,-1.21166002,3.49,52.5762381
1668437489.5426836,1249.58,1249.58,-0.89436906,2.19,53.07714402
1668437549.464081,1250.21,1250.21,-0.56276945,3.03,54.45410431
1668599665.0791006,1222.26,1222.26,-2.28183703,-8.5,31.42365382
1668599665.9420583,1222.26,1222.26,-2.28183703,-8.5,31.42365382
1668599666.392292,1222.26,1222.26,-2.28183703,-8.5,31.42365382
1668599667.0284991,1222.26,1222.26,-2.28183703,-8.5,31.42365382
1668599668.6062229,1222.26,1222.26,-2.28183703,-8.5,31.42365382
1668599670.9538417,1222.26,1222.26,-2.28183703,-8.5,31.42365382
1668599671.4806476,1222.26,1222.26,-2.28183703,-8.5,31.42365382
1668599672.117029,1222.26,1222.26,-2.28183703,-8.5,31.42365382
1668599672.922516,1222.26,1222.26,-2.28183703,-8.5,31.42365382
1668599673.814109,1222.26,1222.26,-2.28183703,-8.5,31.42365382
1668599674.1427422,1222.26,1222.26,-2.28183703,-8.5,31.42365382
1668599674.9420607,1222.26,1222.26,-2.28183703,-8.5,31.42365382
1668599676.114368,1222.26,1222.26,-2.28183703,-8.5,31.42365382
1668599676.7695498,1222.26,1222.26,-2.28183703,-8.5,31.42365382
1668599677.8485165,1222.26,1222.26,-2.28183703,-8.5,31.42365382
1668599678.5741954,1222.26,1222.26,-2.28183703,-8.5,31.42365382
1668599679.5308475,1222.26,1222.26,-2.28183703,-8.5,31.42365382
1668599680.507014,1222.26,1222.26,-2.28183703,-8.5,31.42365382
1668599681.959962,1222.26,1224.47,-2.10554073,-6.29,40.03137705
1668599682.6324506,1222.26,1224.47,-2.10554073,-6.29,40.03137705
1668599683.9612808,1222.26,1222.26,-2.28183703,-8.5,31.42365382
1668599685.3171518,1222.26,1224.47,-2.10554073,-6.29,40.03137705
1668599686.5867434,1222.26,1224.47,-2.10554073,-6.29,40.03137705
1668599687.807114,1222.26,1224.47,-2.10554073,-6.29,40.03137705
1668599688.985489,1222.26,1224.47,-2.10554073,-6.29,40.03137705
1668599691.6353314,1222.26,1224.47,-2.10554073,-6.29,40.03137705
1668599692.4903736,1222.26,1224.47,-2.10554073,-6.29,40.03137705
1668599692.8321085,1222.26,1224.47,-2.10554073,-6.29,40.03137705
1668599693.859599,1222.26,1224.47,-2.10554073,-6.29,40.03137705
1668599695.2060792,1222.26,1224.47,-2.10554073,-6.29,40.03137705
1668599695.8101766,1222.26,1224.47,-2.10554073,-6.29,40.03137705
1668599697.1836288,1222.26,1224.47,-2.10554073,-6.29,40.03137705
1668599703.7064166,1222.26,1224.47,-2.10554073,-6.29,40.03137705
1668599763.654024,1223.9,1224.2,-2.09102318,-5.82,39.17896801
1668599823.720022,1222.91,1221.56,-2.30961991,-8.67,32.90516579
1668599884.5097785,1222.64,1221.54,-2.30901816,-6.84,32.70277481
1668599944.482651,1220.9,1220.31,-2.48788598,-9.27,30.26062008
1668600004.512504,1220.87,1221.81,-2.40489919,-4.79,35.63091729
1668600065.356562,1222.29,1220.95,-2.38713101,-1.71,34.41133203
1668600125.4890084,1220.72,1222.87,-2.23638445,3.06,42.24838858
1668600185.2606068,1223.25,1224.44,-1.92977091,2.22,47.37503194
1668600247.0753891,1223.56,1223.6,-1.81312876,1.33,44.7153221
1668600306.9854913,1221.75,1220.89,-1.97496416,-3.0,37.80267516
1668600367.022509,1221.5,1221.2,-1.901953,-1.71,38.46147863
1668600427.9043822,1221.18,1221.14,-1.86783457,-1.5,38.30536035
1668600487.8421688,1221.0,1221.93,-1.76416138,1.04,41.98387201
1668600547.9511795,1219.57,1215.71,-2.29560823,-5.16,26.75287195
1668600608.667149,1217.87,1216.23,-2.36379852,-6.05,27.36655652
1668600668.74228,1216.85,1217.41,-2.3923429,-3.31,31.17494191
1668600728.864708,1217.71,1218.7,-2.30481013,-4.55,36.98492113
1668600789.843657,1217.39,1217.16,-2.42916746,-6.39,31.26769379
1668600849.743315,1218.88,1220.33,-2.06135323,-1.43,44.47187825
1668600909.498172,1220.37,1218.67,-1.98776156,-2.83,39.80154163
1668600970.7326586,1218.64,1220.03,-1.79221401,-1.14,44.80083022
1668601030.6122751,1220.59,1220.59,-1.44848769,1.03,47.09625053
1668601090.96557,1220.72,1220.72,-1.25816414,2.86,47.5787782
1668601152.2645586,1220.82,1220.82,-1.08870997,3.97,47.96789532
1668601212.214497,1220.33,1220.33,-1.01906643,2.62,46.14483488
1668601272.162847,1221.47,1221.47,-0.76112022,4.03,50.81755563
1668601333.1048148,1220.97,1220.97,-0.69290754,2.09,48.8158318
1668601393.1950483,1220.87,1220.87,-0.61507058,0.51,48.41117002
1668601453.0263436,1220.18,1220.18,-0.63712712,1.37,45.55702855
1668601514.4543843,1221.02,1221.02,-0.48651894,2.02,49.45812356
1668601574.1064844,1218.57,1218.57,-0.76180528,-2.02,40.36751252
1668601634.1928575,1218.77,1218.77,-0.78678267,-1.96,41.31606772
1668601695.0782194,1218.2,1218.2,-0.88984628,-2.63,39.39038324
1668601755.133197,1217.33,1217.33,-1.04782317,-3.01,36.58857235
1668601815.0315678,1217.62,1217.62,-1.06429265,-3.86,38.16350342
1668601875.908075,1219.59,1219.59,-0.80533313,-1.38,47.68013405
1668601935.891493,1219.18,1219.18,-0.77496557,-1.68,46.09705215
1668601996.0164845,1219.17,1219.17,-0.71812154,-1.02,46.06033869
1668602057.101127,1220.29,1220.29,-0.50521001,-0.72,51.20502983
1668602117.1086855,1220.37,1220.37,-0.39195704,1.81,51.56301312
1668602177.0215006,1219.41,1219.41,-0.43946728,0.64,47.12272683
1668602237.950122,1217.94,1217.94,-0.61886967,-0.27,41.26047
1668602297.9366522,1218.04,1218.04,-0.64760485,0.7,41.77990554
1668602357.877651,1218.83,1218.83,-0.55730254,1.2,45.94265417
1668602418.8869784,1219.95,1219.95,-0.37062547,0.36,51.25835363
1668602479.2387383,1221.13,1221.13,-0.12333654,1.96,56.15069835
1668602538.8430154,1222.16,1222.16,0.14428376,3.0,59.91085882
1668602599.7345388,1222.42,1222.42,0.3246842,2.12,60.82327781
1668602659.8023715,1221.99,1221.99,0.38404683,1.62,58.43121646
1668602719.8906257,1222.74,1222.74,0.55970106,3.33,61.27190144
1668602781.3612144,1224.19,1224.19,0.84904452,6.24,66.09582448
1668602841.3774211,1223.83,1223.83,0.92516354,5.8,63.96112635
1668602901.6474228,1224.09,1224.09,1.03227094,5.27,64.8729166
1668602962.799312,1222.97,1222.97,0.93047237,3.02,58.26778769
1668603022.210427,1223.23,1223.23,0.94748155,2.1,59.28565604
1668603082.302873,1222.38,1222.38,0.81359326,0.21,54.50816461
1668603143.3526254,1221.09,1221.09,0.56956526,-1.34,48.16966417
1668603203.243642,1221.82,1221.82,0.55570343,-0.16,51.59964244
1668603263.3360584,1220.59,1220.59,0.32455286,-2.15,46.0399964
1668603324.400042,1220.78,1220.78,0.23786168,-3.41,46.93405378
1668603384.3679447,1221.01,1221.01,0.19094855,-2.83,48.13807587
1668603444.6369607,1221.99,1221.99,0.27366848,-2.09,53.00207011
1668603505.6463587,1222.36,1222.36,0.32640434,-0.61,54.73033844
1668603565.5369458,1222.28,1222.28,0.32832719,-0.96,54.25928208
1668603625.578066,1222.22,1222.22,0.32323529,-0.17,53.89855509
1668603686.4457736,1220.43,1220.43,0.06627342,-0.66,44.20326915
1668603746.4394894,1216.92,1216.92,-0.52011347,-4.9,32.03463065
1668603806.3617373,1214.46,1214.46,-1.10198469,-6.22,26.52360087
1668603867.5321531,1216.2,1216.2,-1.14620489,-4.58,35.03989293
1668603927.5010867,1212.91,1212.91,-1.74099489,-8.15,28.32639678
1668603987.8361895,1213.61,1213.61,-1.88196508,-8.39,31.35402959
1668604048.3666973,1211.33,1211.33,-2.33764602,-11.04,27.33649824
1668604108.464892,1212.5,1212.5,-2.36012821,-9.77,32.14162723
1668604168.561659,1213.83,1213.83,-2.23534281,-8.39,37.23639662
1668604229.5279825,1216.99,1216.99,-1.74853043,-3.44,47.31765135
1668604289.5259798,1217.88,1217.88,-1.41889331,0.96,49.763365
1668604349.5018368,1215.63,1215.63,-1.51877604,1.17,44.17560836
1668604410.5784714,1215.23,1215.23,-1.49502898,-0.96,43.24417477
1668604470.7076762,1217.79,1217.79,-1.07250768,4.88,50.43157693
1668604531.0456624,1218.38,1218.38,-0.80708591,4.76,51.94634134
1668604592.015901,1216.4,1216.4,-0.90608424,5.07,46.78404193
1668604652.0467234,1217.82,1217.82,-0.64822166,5.32,50.57618371
1668604711.9737077,1218.16,1218.16,-0.47950056,4.32,51.46551266
1668604772.9330978,1217.81,1217.81,-0.41319896,0.81,50.45666601
1668604832.8547475,1218.08,1218.08,-0.29650175,0.19,51.25055348
1668604892.8774433,1218.69,1218.69,-0.13172121,3.06,53.07355617
1668604953.9931989,1219.71,1219.71,0.1049374,4.47,56.03756023
1668605013.9718552,1220.66,1220.66,0.35846181,2.86,58.67177285
1668605074.9363866,1221.44,1221.44,0.60452023,3.07,60.74395043
1668605137.6147668,1220.49,1220.49,0.60736795,4.09,56.99564029
1668605198.0419805,1219.77,1219.77,0.55965512,1.94,54.25938607
1668605283.1225631,1220.23,1220.09,0.61537872,1.92,55.14182814
1668605331.1655798,1220.14,1220.23,0.6381377,2.42,55.67088691
1668605387.1627738,1221.29,1221.54,0.81534978,3.46,59.90192849
1668605447.0355136,1221.75,1215.86,0.43723763,-2.84,40.81852039
1668605507.828435,1216.47,1218.1,0.33977286,-1.62,47.52183941
1668605594.5625756,1229.86,1229.86,1.8221672,8.42,69.25346421
1668605629.2531362,1229.86,1229.37,1.78307889,7.93,67.98464059
1668605688.8489933,1226.29,1225.31,1.70297443,4.82,58.88028009
1668605749.080548,1223.7,1220.93,1.36474358,1.17,50.75094109
1668605808.8108568,1219.78,1220.15,1.05115235,-0.08,49.55819796
1668605869.6882236,1218.34,1217.01,0.50463462,-3.14,44.62156512
1668605929.6707003,1215.13,1217.12,0.07618443,-4.18,45.63538136
1668605989.6823325,1218.42,1218.7,0.06262645,-3.04,48.23808366
1668606050.4842458,1219.31,1218.44,-0.01250453,1.97,47.82059289
1668606110.388727,1217.42,1218.52,-0.16517456,-0.3,48.21937454
1668606170.3420074,1219.35,1220.09,-0.04341882,-9.77,50.86974071
1668606231.1746063,1217.88,1217.46,-0.34470539,-8.83,46.49870043
1668606291.2151165,1217.09,1217.4,-0.47244688,-6.3,46.55507888
1668606351.1705112,1218.53,1219.99,-0.26218862,0.22,51.36943078
1668606412.1099894,1222.1,1224.98,0.36354145,6.63,59.03279478
1668606472.160212,1223.04,1222.24,0.37846717,7.11,54.6380442
1668606532.1691265,1222.17,1221.29,0.42824321,2.88,52.68617046
1668606593.170032,1219.87,1219.0,0.19597479,-0.31,48.3789375
1668606653.0118775,1216.97,1216.6,-0.21535157,-0.83,44.3541408
1668606712.9665492,1215.43,1214.78,-0.62615864,-4.57,41.49250233
1668606773.758428,1215.22,1214.4,-0.87158544,-3.49,40.82163209
1668606833.8338916,1214.58,1214.84,-1.03524348,-2.16,41.76771909
1668606893.7534778,1215.27,1214.57,-1.15673155,-3.96,41.51418905
1668606954.792372,1213.73,1213.92,-1.36981996,-8.19,40.56654246
1668607014.760727,1212.76,1215.06,-1.4485483,-7.97,44.31794792
1668607074.767233,1214.42,1213.76,-1.56496953,-8.42,41.51082364
1668607135.6497765,1213.33,1213.46,-1.64814825,-6.41,41.076856
1668607196.3889604,1213.68,1213.32,-1.66590287,-3.66,40.94060219
1668607255.63841,1213.58,1214.49,-1.56584748,-0.94,44.22573233
1668607316.491639,1214.79,1214.2,-1.49050965,-1.01,43.6630254
1668607376.585435,1215.78,1212.82,-1.44477999,-1.75,41.11312912
1668607436.374352,1212.94,1212.09,-1.54270415,-3.19,39.6068053
1668607497.4576426,1205.93,1203.21,-2.6965017,-10.52,27.29752883
1668607557.4994898,1203.92,1206.9,-2.84728473,-5.87,35.81788899
1668607617.4424453,1206.17,1207.11,-2.99323732,-7.31,36.43398454
1668607678.4935186,1206.37,1201.85,-3.50552998,-11.49,28.94147664
1668607738.2392323,1203.91,1205.27,-3.42161934,-8.41,34.96942852
1668607798.7353165,1206.1,1204.92,-3.42119281,-8.65,35.32735381
1668607859.0267026,1205.6,1202.15,-3.61284154,-12.63,31.56242019
1668607919.0584812,1203.44,1205.04,-3.4543375,-10.75,37.45146141
1668607979.113839,1205.02,1205.72,-3.31902389,-7.22,39.23879891
1668608039.9311378,1205.26,1206.49,-3.14145832,0.55,41.36656353
1668608099.9228125,1207.24,1208.21,-2.75438026,4.29,45.62117642
1668608159.8027415,1208.18,1208.09,-2.47739501,1.72,45.35847815
1668608220.977004,1208.23,1206.39,-2.35788215,0.02,41.79355628
1668608280.9525688,1205.93,1206.56,-2.26027154,2.66,42.68279972
1668608340.8925855,1206.23,1208.17,-2.02179583,2.06,47.08372121
1668608401.7605689,1209.33,1210.25,-1.55267895,4.64,51.93846957
1668608461.7445407,1209.96,1210.07,-1.27340339,6.62,51.5583218
1668608521.9618714,1209.99,1210.0,-1.03123155,4.98,51.38858883
1668608582.5997384,1209.23,1208.52,-0.99085619,3.27,47.46230222
1668608642.5568807,1209.12,1208.47,-0.86684101,1.24,47.20918196
1668608702.534653,1208.24,1209.01,-0.76900406,0.83,48.9945434
1668608763.6487305,1208.67,1208.14,-0.75831427,-0.08,46.39304245
1668608823.627745,1208.38,1208.54,-0.67398195,2.61,47.65754122
1668608883.8392608,1208.51,1209.08,-0.57461549,2.86,49.62615869
1668608944.351778,1208.74,1209.82,-0.44962537,0.48,52.343737
1668609004.3725867,1210.28,1209.53,-0.3207431,-0.42,51.02878447
1668609064.365749,1210.99,1210.23,-0.09785818,0.23,53.09032743
1668609125.1585774,1211.17,1209.24,-0.03445577,0.01,49.12939549
1668609185.0724564,1209.0,1209.42,-0.04480201,0.3,49.87345617
1668609245.1586096,1211.76,1210.88,0.22320029,2.65,53.91483928
1668609306.2203195,1211.81,1213.35,0.53870641,4.67,61.35729889
1668609366.8196504,1214.62,1213.98,0.8513513,5.6,61.72487201
1668609426.2895942,1213.41,1212.67,0.86637579,4.17,56.99233986
1668609487.1199062,1212.32,1211.26,0.7698724,2.52,52.28171327
1668609547.0845633,1212.25,1212.22,0.84554638,1.95,55.45262818
1668609607.0155218,1212.41,1213.08,0.91301502,2.08,58.09321523
1668609667.870005,1212.71,1211.42,0.78839442,0.24,51.86123187
1668609727.7969213,1210.89,1210.66,0.61163685,1.67,49.18961718
1668609787.8471177,1209.55,1210.03,0.38069342,-1.72,47.38281407
1668609849.2575154,1209.01,1209.54,0.16350533,-2.26,46.00524187
1668609909.7624168,1209.56,1209.85,0.08119106,-4.78,47.25167923
1668609969.2424357,1209.32,1210.14,0.00501556,-3.26,48.65612818
1668610030.057281,1212.09,1210.75,0.14777964,-1.56,50.45709066
1668610090.0146503,1209.01,1209.45,-0.07542227,-2.8,46.80834405
1668610149.9834468,1209.01,1208.3,-0.25952461,-4.1,43.26233852
1668610210.8639889,1206.63,1206.63,-0.69334104,-4.25,38.76130636
1668610270.8047705,1204.23,1204.23,-1.17203954,-5.31,33.38950219
1668610330.7811236,1205.16,1205.16,-1.25226575,-3.85,37.03119738
1668610391.622069,1205.0,1205.0,-1.38159274,-4.56,36.65985596
1668610451.7896674,1202.69,1202.69,-1.78372008,-6.63,31.71506521
1668610511.5221715,1202.42,1202.42,-1.97285977,-9.68,31.21209358
1668610572.8353963,1204.13,1204.13,-1.83871779,-4.88,38.24825327
1668610632.5950215,1204.34,1204.34,-1.79047975,-4.67,39.05618146
1668610692.599141,1204.34,1204.79,-1.75458231,-4.22,40.87429616
1668610753.2579622,1207.8,1207.8,-1.12832461,1.17,51.10492607
1668610813.4160678,1207.53,1207.53,-0.9623063,3.3,50.24448842
1668610873.3557413,1207.55,1207.55,-0.80155733,2.39,50.31386641
1668610934.0443604,1205.01,1205.01,-1.02554965,0.01,42.4964102
1668610993.3057897,1203.46,1203.46,-1.24972727,0.77,38.55833503
1668611053.343408,1205.46,1205.46,-1.03276481,3.05,45.56184267
1668611113.377789,1208.09,1208.09,-0.60360122,3.95,53.13765586
1668611173.333796,1209.56,1209.56,-0.21705411,5.22,56.75975441
1668611233.3168118,1208.27,1208.27,-0.18596211,2.37,52.89594503
1668611293.2832086,1208.21,1208.21,-0.08672456,0.41,52.71389991
1668611353.4391794,1207.88,1207.88,-0.05089478,0.36,51.67150137
1668611413.2704177,1208.72,1208.72,0.11650132,1.18,54.15615025
1668611473.2442515,1209.95,1209.95,0.36831665,4.93,57.57954205
1668611533.3102229,1210.32,1210.32,0.53683118,6.85,58.58079051
1668611593.369805,1210.98,1210.98,0.73290583,5.53,60.37913382
1668611653.3179746,1212.58,1212.58,1.0630946,4.49,64.4158355
1668611713.347278,1212.58,1212.15,1.02879261,4.06,62.56947434
1668611773.3930242,1211.49,1211.49,1.14029663,3.22,59.7096499
1668611833.3510716,1210.45,1210.45,1.01093991,2.23,55.45192121
1668611910.5620425,1210.51,1210.51,0.97092759,2.62,55.65657932
1668611953.338297,1210.31,1210.31,0.89649174,1.59,54.78844391
1668612013.245326,1207.37,1207.37,0.42485081,-2.59,43.93868617
1668612073.3374324,1208.05,1208.05,0.33036495,-2.28,46.57398647
1668612133.3825762,1207.15,1207.15,0.08346274,-3.84,43.64706419
1668612193.4009378,1205.82,1205.82,-0.24331787,-6.77,39.68171869
1668612253.348479,1206.21,1206.21,-0.35892992,-6.03,41.36718526
1668612313.2847056,1207.52,1207.52,-0.28398373,-3.98,46.74006853
1668612373.3185744,1207.33,1207.33,-0.33014624,-3.13,46.07788118
1668612433.4094362,1206.07,1206.07,-0.52880201,-4.44,41.85727844
1668612493.4174974,1206.19,1206.19,-0.58332991,-4.12,42.3862908
1668612555.5703444,1206.01,1206.01,-0.65234874,-1.36,41.75788237
1668612613.4171827,1208.18,1208.18,-0.38159855,0.13,51.16167753
1668612673.3883607,1208.12,1208.12,-0.30798838,0.96,50.91530517
1668612733.3545957,1207.46,1207.46,-0.33759692,1.64,48.1873205
1668612793.4284792,1208.35,1208.35,-0.18864406,2.15,51.92337492
1668612853.3919842,1208.63,1208.63,-0.08646136,1.11,53.07515234
1668612913.4059386,1208.92,1208.92,0.01746098,1.58,54.29617291
1668612973.313623,1208.33,1208.33,-0.00222109,2.25,51.37749359
1668613033.3718596,1208.5,1208.5,0.04390603,2.31,52.16924484
1668613093.3423038,1209.22,1209.22,0.17069214,3.21,55.49712081
1668613153.426551,1209.45,1209.45,0.25496952,1.28,56.55193178
1668613213.4316862,1209.08,1209.08,0.25203007,0.95,54.33973065
1668613273.374513,1208.57,1208.57,0.19664399,1.12,51.36448112
1668613333.3868947,1207.13,1207.13,-0.02066877,-1.23,44.04939998
1668613393.3454251,1206.65,1206.65,-0.16730635,-1.98,41.88622473
1668613453.453407,1205.61,1205.61,-0.39792893,-3.3,37.60785908
1668613513.4112034,1204.0,1204.0,-0.73667548,-4.33,32.13556056
1668613573.4148357,1205.21,1205.21,-0.72200724,-3.3,39.28587422
1668613635.7042584,1201.25,1201.25,-1.33770686,-7.98,28.64770022
1668613693.4428363,1194.36,1194.36,-2.53133765,-15.09,19.00487339
1668613753.3507304,1189.22,1189.22,-3.73365299,-19.87,14.95948791
1668613813.4616566,1191.7,1191.7,-3.96187874,-16.86,23.43091046
1668613873.6409836,1193.66,1193.66,-3.97284174,-13.46,29.41371979
1668613933.440098,1193.97,1193.97,-4.01544897,-12.69,30.34307683
1668613993.3938162,1192.21,1192.21,-4.27000253,-13.4,28.06817279
1668614053.4246447,1193.49,1193.49,-4.13045998,-10.51,32.01309052
1668614113.424456,1193.69,1193.69,-4.02578786,-11.52,32.63770546
1668614173.347767,1191.2,1191.2,-4.26301026,-10.05,29.07912881
1668614233.387011,1193.31,1193.31,-3.94637927,-1.05,35.52810905
1668614293.4722774,1194.72,1194.72,-3.58587731,5.5,39.48864338
1668614353.8743846,1192.4,1192.4,-3.67864422,0.71,35.61618243
1668614413.4317858,1192.28,1192.28,-3.58012676,-1.38,35.40813462
1668614473.470575,1190.67,1190.67,-3.6828602,-3.29,32.82769014
1668614533.455311,1189.37,1189.37,-3.80452651,-2.85,30.8713293
1668614593.4487913,1188.7,1188.7,-3.86995621,-4.79,29.88289582
1668614653.5015955,1193.01,1193.01,-3.22596975,-0.68,42.61206043
1668614713.5379837,1195.12,1195.12,-2.65637263,3.93,47.6266401
1668614773.4357743,1195.36,1195.36,-2.27777286,2.06,48.18284192
1668614833.815832,1194.98,1194.98,-2.02328422,0.27,47.3260428
1668614893.511791,1194.33,1194.33,-1.86836107,1.94,45.82612773
1668614953.9801204,1193.81,1193.81,-1.75981539,1.52,44.61717926
1668615013.543502,1195.49,1195.49,-1.38471979,4.82,49.29774348
1668615073.426364,1196.37,1196.37,-1.05565226,7.0,51.60584435
1668615133.4860363,1196.17,1196.17,-0.86845265,7.47,51.03882761
1668615193.4894123,1198.02,1198.02,-0.4384848,5.01,55.88444601
1668615253.7693188,1199.19,1199.19,-0.04560746,4.08,58.65743972
1668615313.8588564,1197.88,1197.88,0.00317199,2.53,54.50988424
1668615373.4789648,1201.17,1201.17,0.58955118,6.19,61.78773749
1668615433.5699391,1199.0,1199.0,0.52862572,4.66,55.474096
1668615493.4774733,1198.0,1198.0,0.46975427,4.2,52.80333725
1668615553.430552,1198.92,1198.92,0.61021367,3.44,54.95788744
1668615613.477817,1200.45,1200.45,0.87271628,4.09,58.35951253
1668615673.4113247,1199.29,1199.29,0.80944643,3.12,54.96782829
1668615733.4910495,1199.18,1199.18,0.8063602,1.17,54.64062625
1668615793.9357789,1200.68,1200.68,1.01429661,1.48,58.25146649
1668615853.479492,1199.49,1199.49,0.9030643,1.62,54.53900371
1668615913.4133992,1200.56,1200.56,1.03188241,-0.62,57.17670088
1668615973.486177,1199.37,1199.37,0.88595311,0.38,53.46155847
1668616033.720227,1198.68,1198.68,0.73835899,0.68,51.37700993
1668616093.5362334,1198.89,1198.89,0.6877349,-0.02,51.98577335
1668616153.5711808,1200.09,1200.09,0.79550391,-0.36,55.45014043
1668616214.3284132,1199.34,1199.34,0.69047648,0.04,52.88877366
1668616273.7925992,1198.23,1198.23,0.48966771,-0.94,49.25640724
1668616333.6808674,1199.51,1199.51,0.57708616,-1.17,53.24506619
1668616393.4876657,1203.28,1203.28,1.09502576,3.8,62.50816689
1668616453.7951846,1204.36,1204.36,1.40288839,3.8,64.73565392
1668616513.5337925,1203.75,1203.75,1.4743734,4.38,62.53040155
1668616573.7262187,1203.64,1203.64,1.53615302,4.96,62.11945069
1668616633.5605345,1203.35,1203.35,1.53354556,4.45,60.97863155
1668616693.5313106,1203.04,1203.04,1.48708796,2.96,59.70853879
1668616753.4932091,1201.75,1201.75,1.270769,2.41,54.65972044
1668616813.6075258,1203.99,1203.99,1.48470796,5.77,60.85237066
1668616873.5401998,1208.67,1208.67,2.15759769,9.17,70.03196416
1668616933.6139874,1208.67,1211.06,2.34825296,11.56,73.4820289
1668616993.6108615,1208.97,1208.97,2.6379096,4.61,67.0280288
1668617053.5534472,1209.3,1209.3,2.75349971,5.55,67.5849235
1668617113.5957394,1210.35,1210.35,2.93987272,6.71,69.3595285
1668617173.570459,1209.35,1209.35,2.84602668,5.99,65.69127003
1668617233.5321712,1209.99,1209.99,2.89365461,6.96,66.88293557
1668617293.976972,1211.77,1211.77,3.10961029,10.03,70.04830039
1668617353.7298331,1213.05,1213.05,3.31182317,9.06,72.13921343
1668617413.604342,1213.61,1213.61,3.43229913,4.93,73.01700348
1668617473.54882,1213.5,1213.5,3.43764092,2.86,72.53022419
1668617533.570302,1211.61,1211.61,3.14172553,2.65,64.61490965
1668617593.5918431,1209.83,1209.83,2.74119456,0.53,58.17318013
1668617653.6362145,1210.5,1210.5,2.60210244,0.16,59.79448623
1668617713.6557732,1211.14,1211.14,2.51144588,1.79,61.35219818
1668617774.1583111,1210.85,1210.85,2.33018749,0.85,60.21120064
1668617833.5328908,1211.08,1211.08,2.21288431,-0.7,60.82661885
1668617893.5877054,1211.65,1211.65,2.1625797,-1.39,62.35906688
1668617953.6472178,1209.63,1209.63,1.77672053,-3.98,54.17438306
1668618013.5481606,1208.23,1208.23,1.38250319,-5.28,49.34079342
1668618073.6090145,1208.83,1208.83,1.2302052,-2.78,51.3444181
1668618133.5720131,1208.61,1208.61,1.02826454,-1.23,50.55487267
1668618193.5614169,1208.01,1208.01,0.78726321,-2.5,48.37025464
1668618253.846043,1208.39,1208.39,0.68130618,-2.75,49.84573431
1668618313.5497324,1208.14,1208.14,0.53019592,-2.7,48.8612094
1668618373.5677795,1209.71,1209.71,0.64395154,-1.37,54.90520302
1668618433.5505672,1209.51,1209.51,0.59934114,-2.15,54.02917716
1668618493.5870109,1208.81,1208.81,0.47049012,-0.82,50.9657306
1668618553.8592465,1210.61,1210.61,0.66300388,2.38,57.61315261
1668618613.6090455,1210.22,1210.22,0.63803178,1.39,55.84008566
1668618673.692319,1209.64,1209.64,0.55420529,1.03,53.2355203
1668618733.6132832,1209.43,1209.43,0.48877711,1.42,52.28123101
1668618793.55135,1209.62,1209.62,0.47254528,1.22,53.09111196
1668618853.6144326,1209.41,1209.41,0.41225688,1.28,52.02998474
1668618913.6097195,1209.92,1209.92,0.44554406,0.21,54.41297594
1668618973.5872412,1208.36,1208.36,0.21414611,-1.15,46.76097151
1668619033.725175,1210.59,1210.59,0.44376447,1.79,56.22215432
1668619093.6028266,1210.24,1210.24,0.42913202,-0.37,54.58301701
1668619153.617584,1213.01,1213.01,0.82622637,2.8,63.62239195
1668619213.588522,1211.59,1211.59,0.75345025,1.95,57.31582442
1668619273.8252337,1211.2,1211.2,0.72147261,1.77,55.69002946
1668619333.6573324,1209.56,1209.56,0.4819782,-0.07,49.33881403
1668619393.694669,1209.0,1209.0,0.31155869,-0.41,47.35144261
1668619453.6547744,1209.6,1209.6,0.29800123,-0.32,49.67562481
1668619513.6574695,1210.51,1210.51,0.37198937,2.15,53.06988881
1668619573.6422956,1209.56,1209.56,0.23392419,-1.04,49.3239355
1668619633.6925445,1208.86,1208.86,0.08289254,-1.38,46.71586846
1668619693.658816,1208.7,1208.7,-0.01462511,-4.31,46.10847917
1668619753.644416,1209.04,1209.04,-0.03279799,-2.54,47.65246343
1668619813.6570916,1208.79,1208.79,-0.10263678,-2.4,46.59219552
1668619873.620577,1209.36,1209.36,-0.06060764,-0.21,49.34961349
1668619933.6320372,1210.57,1210.57,0.10843577,1.57,54.70749193
1668619993.7617493,1210.96,1210.96,0.21976433,1.3,56.29625496
1668620069.787724,1211.32,1211.32,0.33037383,0.8,57.79462395
1668620113.919022,1210.11,1210.11,0.22033623,0.55,51.45570648
1668620174.0573542,1210.11,1210.39,0.24267241,0.83,52.75168615
1668620239.933777,1212.46,1212.46,0.55757536,3.76,60.90479765
1668620293.9539995,1218.71,1218.71,1.52926211,9.67,75.11786428
1668620353.9293168,1214.43,1214.43,1.27871528,5.63,59.2556833
1668620413.9998374,1211.75,1211.75,0.95586702,2.39,51.86073712
1668620474.12324,1213.14,1213.14,1.05663855,2.57,54.99100375
1668620533.9461212,1212.88,1212.88,0.99991151,1.91,54.27712297
1668620593.9471254,1214.19,1214.19,1.14488198,2.87,57.28489219
1668620653.9134803,1215.6,1215.6,1.36286252,5.48,60.30717869
1668620714.030717,1216.59,1216.59,1.57055428,5.81,62.30782277
1668620773.9375894,1218.12,1218.12,1.8685469,5.65,65.25930859
1668620834.076753,1217.81,1217.81,1.94190132,-0.89,64.18342847
1668620898.2685115,1217.68,1217.68,1.97762461,3.24,63.68769124
1668620971.4199383,1217.21,1217.21,1.92538548,5.46,61.89651985
1668621014.4503984,1217.37,1217.37,1.91450843,4.22,62.28893642
1668621086.986421,1216.78,1216.78,1.79138087,3.89,59.83848634
1668621136.8250363,1216.92,1216.92,1.73115518,2.73,60.23440651
1668621195.4702194,1214.9,1214.9,1.36931439,-0.7,52.1760455
1668621256.984052,1214.24,1214.24,1.10501362,-2.36,49.82250976
1668621316.9878838,1215.41,1215.41,1.09073232,-2.7,53.79561392
1668621380.539118,1214.6,1214.6,0.87947615,-3.21,50.79197085
1668621438.1313176,1214.93,1214.93,0.79997285,-2.74,51.97304323
1668621498.1757617,1214.77,1214.77,0.68656551,-2.44,51.33086412
1668621558.20467,1214.66,1214.66,0.58371454,-2.71,50.86556502
1668621619.1752326,1215.09,1215.09,0.56352619,-1.7,52.67475101
1668621679.374349,1215.16,1215.16,0.52554865,-1.77,52.96859124
1668621745.0087955,1215.45,1215.45,0.52518427,0.55,54.28386573
1668621799.8056972,1216.02,1216.02,0.58260644,1.75,56.80452126
1668621859.7369006,1215.94,1215.94,0.57401313,0.52,56.32824921
1668621919.805872,1215.02,1215.02,0.4350605,0.41,51.07522891
1668621980.7374434,1214.42,1214.42,0.29391856,-0.5,47.93552685
1668622040.7335124,1215.92,1215.92,0.4295312,1.14,55.32870762
1668622100.738311,1214.72,1214.72,0.26750125,0.06,49.29768394
1668622162.0050187,1213.93,1213.93,0.10144519,-1.15,45.75802832
1668622221.4317944,1214.79,1214.79,0.14112547,-0.38,49.96217847
1668622281.4237692,1217.76,1217.76,0.53546186,2.32,61.18429629
1668622342.2043352,1217.16,1217.16,0.56788086,1.13,58.34100221
1668622402.1612997,1217.31,1217.31,0.64675374,1.36,58.83788438
1668622462.221953,1216.86,1216.86,0.62818119,1.84,56.57739136
1668622523.1920245,1218.11,1218.11,0.81129008,3.69,61.04274565
1668622583.187885,1216.63,1216.63,0.65754015,0.71,53.96151276
1668622643.1777296,1216.91,1216.91,0.66228411,2.19,55.01275223
1668622704.123014,1216.54,1216.54,0.58740861,2.6,53.26303753
1668622763.2610197,1216.23,1216.23,0.50136289,1.43,51.78511892
1668622823.2382665,1214.99,1214.99,0.27356087,-2.76,46.23587451
1668622883.211563,1215.5,1215.5,0.24031935,-1.65,48.67308996
1668622943.3171945,1215.49,1215.49,0.17887336,-1.83,48.62385029
1668623019.683475,1214.84,1214.84,0.03804876,-2.03,45.56067539
1668623063.2564998,1214.77,1214.77,-0.04261321,-3.35,45.23060199
1668623123.2396543,1214.25,1214.25,-0.17384191,-2.38,42.74929071
1668623183.343058,1215.0,1215.0,-0.13739462,-1.92,47.23693525
1668623243.217633,1215.46,1215.46,-0.08788027,-1.07,49.83631867
1668623303.237425,1215.82,1215.82,-0.02656976,-0.4,51.83871222
1668623363.2727852,1215.8,1215.8,-0.00294283,0.8,51.71044383
1668623423.1860049,1215.46,1215.46,-0.03245232,-0.03,49.55486709
1668623483.2799542,1214.82,1214.82,-0.12379964,-0.67,45.6825194
1668623543.2352884,1214.83,1214.83,-0.15315983,-0.02,45.75930517
1668623603.3080823,1213.82,1213.82,-0.31719353,-0.95,40.01745336
1668623663.2462776,1212.66,1212.66,-0.54233532,-1.6,34.64656973
1668623723.52248,1212.71,1212.71,-0.63298956,-2.28,35.04760262
1668623783.2254517,1213.9,1213.9,-0.5317141,-1.57,43.93371194
1668623843.457854,1213.05,1213.05,-0.64208122,-2.77,39.77722999
1668623903.1605146,1211.98,1211.98,-0.81935823,-3.83,35.24309649
1668623963.300319,1210.51,1210.51,-1.08860056,-4.94,30.11108156
1668624023.2309923,1211.28,1211.28,-1.08642542,-3.54,35.38321768
1668624083.257692,1210.73,1210.73,-1.19883931,-4.09,33.44183138
1668624143.696901,1210.59,1210.59,-1.25928281,-3.23,32.98776747
1668624203.2373016,1210.84,1210.84,-1.24818839,-1.83,34.84599812
1668624263.200618,1210.82,1210.82,-1.24371484,-1.9,34.76916399
1668624323.23521,1211.01,1211.01,-1.19791858,-2.9,36.32318714
1668624383.554504,1211.35,1211.35,-1.11157349,-1.69,39.10753423
1668624443.2837057,1211.87,1211.87,-0.97899803,-0.1,43.19836928
1668624503.5077178,1211.19,1211.19,-0.99321383,0.67,39.49722396
1668624563.2914095,1210.91,1210.91,-0.98948974,-0.38,38.01143395
1668624623.6018374,1210.59,1210.59,-1.002416,-0.14,36.35562461
1668624683.3003995,1209.85,1209.85,-1.08696917,-0.73,32.85739202
1668624743.240134,1210.92,1210.92,-0.94331084,0.09,41.70426033
1668624803.1893914,1211.02,1211.02,-0.87273715,0.21,42.47247708
1668624863.3219962,1211.77,1211.77,-0.70710174,0.77,47.96830281
1668624923.2310634,1211.98,1211.98,-0.58646077,0.63,49.42521715
1668624983.2205176,1211.49,1211.49,-0.56703478,-0.38,46.1714795
1668625043.3198326,1211.44,1211.44,-0.52180552,0.26,45.83532248
1668625103.4619513,1210.25,1210.25,-0.64614437,-0.66,38.71944346
1668625163.2314596,1211.17,1211.17,-0.5323854,0.57,45.73892703
1668625223.304766,1211.1,1211.1,-0.50457674,1.26,45.31955136
1668625283.2689867,1210.52,1210.52,-0.55341355,-0.39,41.82452042
1668625343.3160808,1210.27,1210.27,-0.58508522,-0.74,40.38580976
1668625403.3072898,1209.81,1209.81,-0.65324934,-1.96,37.8490234
1668625463.35527,1209.69,1209.69,-0.68741448,-2.29,37.19139337
1668625523.3368485,1210.08,1210.08,-0.64370785,-1.42,40.83484045
1668625583.317608,1205.77,1205.77,-1.2351512,-5.68,24.12760075
1668625643.3044715,1204.62,1204.62,-1.577651,-5.63,21.59179618
1668625703.4003403,1204.85,1204.85,-1.72300867,-6.31,23.37693787
1668625763.3213246,1206.33,1206.33,-1.62304086,-4.76,33.52021981
1668625823.2632618,1205.34,1205.34,-1.75867042,-5.19,30.58938179
1668625883.2965865,1203.9,1203.9,-1.98657855,-6.37,26.90451265
1668625943.2541344,1202.05,1202.05,-2.31463722,-7.75,23.10713759
1668626003.48622,1200.6,1200.6,-2.63339626,-9.08,20.57944668
1668626063.598313,1200.98,1200.98,-2.71002492,-9.09,22.88283972
1668626123.3375976,1200.7,1200.7,-2.80188446,-5.07,22.31385222
1668626183.3125572,1201.56,1201.56,-2.70223637,-3.06,27.8240341
1668626243.3730123,1202.2,1202.2,-2.55788826,-2.66,31.6506612
1668626303.3340795,1202.21,1202.21,-2.45299044,-4.12,31.74272626
1668626363.29189,1203.24,1203.24,-2.19788196,-2.1,37.91831318
1668626423.2836206,1203.37,1203.37,-2.01958589,-0.53,38.65153569
1668626483.291503,1204.78,1204.78,-1.66568385,2.74,46.28974119
1668626543.3799615,1205.16,1205.16,-1.40383455,4.55,48.1629121
1668626603.4137554,1205.1,1205.1,-1.21491541,4.13,47.87897812
1668626663.299586,1205.62,1205.62,-0.97518228,4.92,50.59215692
1668626723.3769293,1204.84,1204.84,-0.91963147,3.27,46.66862768
1668626783.349196,1206.21,1206.21,-0.6232124,4.02,53.49108125
1668626843.3235822,1206.37,1206.37,-0.44687942,4.15,54.22753625
1668626903.35633,1206.0,1206.0,-0.36593819,2.75,52.17022907
1668626963.4190216,1205.7,1205.7,-0.31763639,2.33,50.49739651
1668627023.378723,1205.99,1205.99,-0.21704425,1.21,52.10053938
1668627083.7057335,1203.51,1203.51,-0.50383814,-1.65,40.13748651
1668627143.367905,1203.5,1203.5,-0.56859144,-1.6,40.0944197
1668627203.3791144,1202.0,1202.0,-0.82488814,-3.63,34.5359511
1668627263.6137035,1203.45,1203.45,-0.71818102,-1.39,42.79611242
1668627323.3456976,1203.55,1203.55,-0.70164129,-2.66,43.33620812
1668627383.3845646,1203.33,1203.33,-0.71866159,-3.04,42.40570333
1668627443.4007652,1203.7,1203.7,-0.65836861,-2.3,44.56598187
1668627503.3864012,1205.16,1205.16,-0.42035423,-0.54,52.17680259
1668627563.3908255,1208.26,1208.26,0.11851409,2.28,63.5986707
1668627623.4265275,1206.47,1206.47,0.09195059,2.96,55.36935009
1668627683.352131,1207.74,1207.74,0.36212031,4.23,59.37703191
1668627743.387607,1207.46,1207.46,0.45132507,5.46,58.13417253
1668627803.436627,1208.9,1208.9,0.73650838,5.46,62.49073307
1668627863.3583202,1207.69,1207.69,0.69111736,4.13,57.12280368
1668627923.456154,1206.28,1206.28,0.5233569,2.95,51.56747843
1668627983.693233,1206.9,1206.9,0.56234139,3.21,53.69156546
1668628043.3741152,1206.33,1206.33,0.46652505,1.18,51.45214873
1668628103.3539443,1207.32,1207.32,0.56109641,-0.94,54.9680145
1668628163.3948717,1206.55,1206.55,0.4593138,0.09,51.82640238
1668628223.369733,1206.85,1206.85,0.46485952,-0.89,52.95287768
1668628283.344077,1207.95,1207.95,0.6000308,0.48,56.95056531
1668628343.380232,1209.02,1209.02,0.78098879,0.12,60.46793377
1668628403.3567708,1209.14,1209.14,0.86519477,1.44,60.83251536
1668628463.8188562,1208.6,1208.6,0.83623177,2.32,58.07753951
1668628523.475203,1207.53,1207.53,0.68712711,0.62,52.9907965
1668628583.577754,1208.55,1208.55,0.7735409,2.22,56.8782034
1668628643.4899552,1209.14,1209.14,0.85208312,1.83,58.99069987
1668628703.6723218,1208.85,1208.85,0.82603888,2.29,57.49964047
1668628763.5779014,1209.26,1209.26,0.87230377,2.4,59.07461911
1668628823.639667,1208.7,1208.7,0.79443853,0.75,56.01697645
1668628883.4398878,1207.36,1207.36,0.56871265,-1.65,49.43713421
1668628943.575493,1208.67,1208.67,0.65555591,-0.48,54.98421766
1668629003.4344475,1207.46,1207.46,0.46319274,-1.13,49.56925193
1668629063.4597356,1206.62,1206.62,0.26345721,-0.91,46.17191848
1668629123.415357,1206.16,1206.16,0.09205563,-2.39,44.37529953
1668629183.6507504,1206.74,1206.74,0.06621669,-2.4,47.16099225
1668629243.4846897,1206.55,1206.55,-0.01664979,-2.3,46.33051398
1668629303.4837866,1206.28,1206.28,-0.10830188,-2.98,45.12689603
1668629363.4996057,1205.72,1205.72,-0.241163,-2.99,42.65193038
1668629423.5969098,1205.47,1205.47,-0.34284908,-1.88,41.55619385
1668629483.4269872,1206.39,1206.39,-0.27231628,-2.29,46.95913545
1668629543.387254,1206.42,1206.42,-0.26783588,-1.05,47.12415032
1668629603.4880114,1206.49,1206.49,-0.25325294,-0.13,47.5504745
1668629663.651476,1206.48,1206.48,-0.24411417,0.31,47.48703948
1668629723.4031498,1206.24,1206.24,-0.26871514,-0.49,46.02943134
1668629783.48042,1206.75,1206.75,-0.19659148,0.19,49.59434594
1668629843.528859,1205.01,1205.01,-0.41693035,-1.27,39.94894744
1668629903.5415144,1206.55,1206.55,-0.25773683,0.83,49.3442167
1668629963.5271227,1206.26,1206.26,-0.26731973,0.79,47.82674232
1668630023.455791,1206.44,1206.44,-0.22759532,0.04,48.87593612
1668630083.5211363,1205.94,1205.94,-0.27643467,-0.48,46.10438083
1668630143.45595,1205.46,1205.46,-0.34815312,-1.03,43.55118375
1668630203.4905908,1205.66,1205.66,-0.34271888,-0.83,44.92502655
1668630263.5217085,1205.52,1205.52,-0.3656054,-0.71,44.09920344
1668630323.611242,1205.62,1205.62,-0.35772471,-1.14,44.85409258
1668630383.4516227,1205.35,1205.35,-0.39126658,0.35,43.11772528
1668630443.5120974,1205.72,1205.72,-0.34452386,-0.83,46.17325908
1668630503.422068,1207.2,1207.2,-0.11787511,0.94,56.2752288
1668630563.4662766,1207.7,1207.7,0.04046489,1.25,59.03971632
1668630623.5408642,1207.65,1207.65,0.12573235,1.71,58.6312114
1668630683.4850557,1209.55,1209.55,0.46219321,4.09,67.69250699
1668630743.5181682,1210.71,1210.71,0.76638233,5.06,71.69877309
1668630803.674423,1209.05,1209.05,0.68880321,3.52,60.08511472
1668630863.5260782,1206.22,1206.22,0.32324056,0.61,46.31736419
1668630923.5454774,1206.0,1206.0,0.17830533,0.65,45.45694372
1668630983.5372484,1207.76,1207.76,0.32527708,2.05,53.05869162
1668631043.5538704,1207.86,1207.86,0.34148116,0.67,53.45544906
1668631103.5399256,1207.33,1207.33,0.26911307,-0.38,50.99530447
1668631163.4642544,1207.15,1207.15,0.2164112,-0.51,50.1543752
1668631223.572813,1207.36,1207.36,0.21421535,-2.19,51.16806985
1668631284.0057774,1207.34,1207.34,0.19410162,-3.38,51.06156494
1668631343.4748113,1208.81,1208.81,0.38518386,-0.25,57.98397831
1668631403.4401653,1208.37,1208.37,0.37642886,2.15,55.45542833
1668631463.541656,1209.27,1209.27,0.52000575,3.28,59.35933031
1668631523.4411356,1210.29,1210.29,0.71512488,2.54,63.25671211
1668631583.4735663,1208.96,1208.96,0.60684393,1.1,55.70481343
1668631643.4552836,1209.66,1209.66,0.6984118,2.33,58.48542128
1668631703.5096982,1211.36,1211.36,0.95813549,4.22,64.38959642
1668631764.160061,1210.2,1210.2,0.87985825,2.84,58.29938524
1668631823.496733,1210.61,1210.61,0.93897019,3.27,59.74627638
1668631883.56851,1210.43,1210.43,0.9247533,1.62,58.79545194
1668631943.6581986,1210.34,1210.34,0.9003626,1.97,58.27617006
1668632003.4627905,1211.02,1211.02,0.97398487,1.75,60.97858752
1668632063.4673152,1210.84,1210.84,0.95199671,0.54,59.86500748
1668632123.4259005,1210.99,1210.99,0.95637483,2.04,60.51216623
1668632183.5084074,1210.52,1210.52,0.87309083,0.85,57.38959685
1668632244.028432,1213.44,1213.44,1.2400433,2.08,68.32539117
1668632303.479941,1212.49,1212.49,1.19723316,2.3,62.68421298
1668632363.5893292,1212.09,1212.09,1.15225329,1.49,60.42391294
1668632423.537336,1212.53,1212.53,1.19108085,2.09,62.04517162
1668632483.4577525,1211.51,1211.51,1.03562232,1.18,56.28013565
1668632543.5610812,1211.77,1211.77,1.00253518,0.74,57.36713433
1668632663.5325875,1211.79,1211.79,0.94545937,0.8,55.89917579
1668632903.5659168,1213.18,1213.18,1.08966735,1.09,59.19612942
1668633023.5129623,1213.38,1213.38,1.03101135,1.88,59.51980789
1668633564.9241624,1210.11,1210.11,-0.08358231,-3.27,42.27552884
1668633624.9416578,1210.39,1210.39,-0.14909608,-3.57,43.81818152
1668633684.868606,1208.96,1208.96,0.60684393,1.1,55.70481343
1668633745.7570505,1210.86,1210.86,-0.11006741,-3.24,46.81000964
1668633805.7396395,1210.59,1210.59,-0.18679037,-1.86,45.72795321
1668633865.730471,1212.53,1212.53,1.19108085,2.09,62.04517162
1668633926.6105766,1210.19,1210.19,-0.30918374,-1.0,44.25241412
1668633986.6938312,1210.19,1210.19,-0.34947986,0.26,44.25241412
1668634046.6452906,1209.53,1209.53,-0.47098336,-1.52,41.40506115
1668634107.5867572,1209.27,1209.27,-0.55507476,-0.85,40.27586832
1668634167.5307784,1209.42,1209.42,-0.57780345,-0.98,41.23367519
1668634227.4693265,1209.49,1209.49,-0.58788982,-2.85,41.72943096
1668634288.6547968,1208.58,1208.58,-0.72211657,-2.28,37.45179174
1668634348.3972256,1208.15,1208.15,-0.82297115,-2.44,35.59333937
1668634408.3805213,1208.45,1208.45,-0.82333524,-2.35,37.90085955
1668634469.949589,1208.13,1208.13,-0.8782327,-1.98,36.39718287
1668634529.9895368,1208.52,1208.52,-0.83672896,-1.67,39.51145145
1668634590.0927565,1207.85,1207.85,-0.91376409,-1.67,36.19612554
1668634650.7631094,1207.92,1207.92,-0.91193595,-1.36,36.79285481
1668634710.7804391,1208.28,1208.28,-0.85421158,-1.14,39.91199031
1668634770.6572526,1207.92,1207.92,-0.87140074,-1.58,37.86399853
1668634831.6291533,1207.92,1207.92,-0.85244682,-0.67,37.85959937
1668634891.597557,1208.04,1208.04,-0.81092798,-0.12,39.04449044
1668634951.5527625,1207.98,1207.98,-0.78638021,-0.48,38.69261403
1668635012.4034884,1207.55,1207.55,-0.81521285,-0.59,35.88583327
1668635072.4098265,1207.01,1207.01,-0.87796421,-1.51,32.68008074
1668635132.3738337,1207.03,1207.03,-0.88053703,-0.82,32.92888655
1668635193.5261965,1207.68,1207.68,-0.78187344,-0.24,40.36596566
1668635253.5385044,1208.04,1208.04,-0.68415595,-0.23,44.07574422
1668635314.0222845,1208.14,1208.14,-0.60878857,0.21,45.07208574
1668635374.3369696,1206.32,1206.32,-0.80571607,-1.61,33.21693051
1668635434.3494525,1206.33,1206.33,-0.83690025,-1.72,33.32863057
1668635494.3756752,1207.46,1207.46,-0.69143945,-0.51,43.93889216
1668635555.19992,1207.96,1207.96,-0.56954706,0.42,47.87042993
1668635615.2085218,1207.65,1207.65,-0.54386978,0.65,45.74501787
1668635675.154392,1206.96,1206.96,-0.59509458,-0.06,41.29819266
1668635736.2275016,1207.35,1207.35,-0.53019025,-0.32,44.5692481
1668635796.1880848,1207.58,1207.58,-0.46515865,-0.47,46.46390693
1668635856.548519,1207.93,1207.93,-0.37380503,-0.21,49.30366724
1668635916.8825548,1207.57,1207.57,-0.37135302,1.24,46.58439775
1668635976.9064069,1207.64,1207.64,-0.33156389,1.32,47.19929049
1668636036.843621,1207.22,1207.22,-0.36036786,-0.25,43.95225519
1668636097.7852302,1207.85,1207.85,-0.26352926,-0.12,49.54257797
1668636157.850777,1208.09,1208.09,-0.19072806,0.45,51.53297498
1668636217.7213094,1209.01,1209.01,-0.01646293,2.05,58.32473736
1668636278.827839,1207.8,1207.8,-0.10890685,0.45,48.67459309
1668636338.7692354,1207.35,1207.35,-0.16684116,-0.23,45.6380928
1668636399.0826514,1206.28,1206.28,-0.33347215,-1.65,39.36373575
1668636459.5518048,1206.94,1206.94,-0.30067454,-0.62,44.42042776
1668636519.557114,1207.96,1207.96,-0.16922774,0.31,51.23068727
1668636579.527933,1208.76,1208.76,-0.01496424,1.53,55.80557498
1668636640.3428226,1209.72,1209.21,0.15110174,1.35,57.07327811
1668636700.3888505,1209.0,1209.2,0.20699813,1.11,56.78562874
1668636760.3208125,1209.17,1209.06,0.24791675,0.05,55.85075714
1668636821.112245,1208.9,1209.04,0.26819121,1.25,55.58478709
1668636881.4363012,1209.23,1208.83,0.28596032,1.47,53.70053319
1668636941.109762,1208.77,1208.78,0.27643925,2.49,53.35083851
1668637002.1318038,1208.78,1208.39,0.23846828,1.45,50.42242927
1668637062.1624289,1207.77,1206.84,0.04416857,-1.11,41.05326475
1668637122.059842,1206.71,1206.24,-0.12506829,-2.51,38.06162791
1668637182.868833,1206.7,1208.19,-0.06484892,-1.52,50.68452859
1668637242.9072163,1208.07,1207.65,-0.09676292,-1.36,47.45354882
1668637302.8874123,1207.14,1206.36,-0.24747212,-2.81,40.80042686
1668637363.8372345,1202.42,1203.82,-0.77490059,-5.09,35.80643608
1668637423.673142,1204.09,1204.0,-0.90206995,-5.24,36.83509948
1668637483.6887436,1204.51,1203.5,-1.01678295,-5.27,36.11143341
1668637544.5622468,1203.3,1203.89,-1.10816134,-4.89,38.47753753
1668637604.5521593,1204.24,1204.17,-1.11197365,-3.6,39.85580363
1668637664.632545,1204.02,1204.16,-1.13357455,-2.56,40.09872031
1668637725.3291223,1204.09,1204.29,-1.12214613,-2.41,40.82715631
1668637785.4314563,1204.41,1204.82,-1.04635924,-3.24,43.67616176
1668637845.3709595,1204.52,1204.69,-1.01202106,-2.44,43.06552218
1668637906.1525483,1204.0,1203.34,-1.10439977,0.91,37.34890421
1668637966.131249,1203.26,1203.49,-1.11341137,-0.61,38.51233464
1668638026.1637633,1203.83,1203.95,-1.04577243,-0.57,41.33275571
1668638087.2587965,1204.08,1204.52,-0.94801841,1.21,44.83510649
1668638147.2526872,1204.54,1204.75,-0.84979742,0.52,46.24568063
1668638207.2299428,1204.76,1204.86,-0.7550185,0.84,46.94422172
1668638268.0095794,1205.69,1206.24,-0.5115768,2.15,54.61925666
1668638328.0412695,1205.79,1205.49,-0.45443552,1.08,50.39087927
1668638387.9925814,1205.72,1205.85,-0.33347943,1.34,52.63218495
1668638448.875867,1206.15,1206.56,-0.17478842,2.56,56.80743022
1668638508.8115685,1206.35,1205.93,-0.12916532,2.66,52.48417556
1668638569.0252802,1205.55,1204.7,-0.20158877,0.87,44.76314542
1668638629.5479586,1205.15,1206.19,-0.08446669,2.1,54.04357476
1668638689.579137,1206.5,1206.51,0.02412853,1.97,55.77549897
1668638749.6071024,1206.07,1205.87,0.01140654,1.11,51.50814604
1668638810.6406922,1205.93,1205.91,0.03569526,0.22,51.75921464
1668638870.655382,1205.92,1205.75,0.0390364,-0.04,50.55959606
1668638930.511893,1205.78,1206.69,0.11679273,0.97,56.87267267
1668638991.5753913,1207.66,1207.87,0.32776481,1.73,62.91249662
1668639051.4836662,1209.03,1208.72,0.56918866,2.36,65.20985199
1668639111.5298042,1209.42,1209.89,0.81455822,4.35,70.74612187
1668639172.2950633,1208.5,1209.55,0.84104289,4.39,66.28725694
1668639232.2976997,1210.1,1213.26,1.26892098,6.76,76.17703682
1668639292.2478054,1212.49,1213.44,1.52226119,7.37,76.65062762
1668639353.2718773,1213.65,1212.74,1.70924254,6.81,71.26902909
1668639413.2869318,1213.28,1212.37,1.82687761,6.44,68.77138149
1668639473.691014,1212.34,1213.75,1.97209484,7.97,72.17373121
1668639534.1084485,1214.15,1213.04,2.03327708,5.39,66.78700958
1668639594.1537497,1213.76,1213.23,2.09378352,4.19,67.56656908
1668639654.0585768,1215.97,1215.86,2.45026174,6.45,74.9133198
1668639714.9441478,1217.65,1218.77,2.86907013,10.28,80.15777078
1668639774.9070768,1219.37,1218.45,3.06780346,8.36,75.90903168
1668639834.9096696,1219.78,1219.88,3.3464192,7.4,81.64468544
1668639895.9230378,1219.19,1219.42,3.36488019,5.77,78.45325749
1668639955.8068209,1217.74,1214.72,2.90572171,1.44,57.10765178
1668640016.326197,1215.55,1215.82,2.75673699,3.49,60.91512215
1668640076.7138033,1216.25,1217.41,2.71004217,3.27,64.94643386
1668640136.6141346,1216.75,1215.86,2.45078716,2.09,59.42304931
1668640196.6821055,1216.9,1217.44,2.4510906,1.47,65.24394585
1668640257.3705535,1217.71,1217.49,2.37963922,-0.1,64.79911066
1668640317.3758922,1215.72,1216.01,2.05258784,-3.36,57.77367262
1668640377.426421,1216.85,1215.9,1.92716071,-3.87,56.24472578
1668640438.20411,1214.92,1215.03,1.62466066,-4.16,53.04014471
1668640498.1858926,1214.33,1213.94,1.30032011,-3.8,49.21059126
1668640558.7302148,1214.21,1213.48,1.05506349,-2.07,47.48989576
1668640619.3466384,1213.57,1212.85,0.78867422,-3.4,45.23160156
1668640679.0692787,1212.19,1211.87,0.44652568,-4.87,42.07341877
1668640739.2579694,1210.91,1211.46,0.12217238,-5.43,41.67987162
1668640799.8743775,1212.9,1213.86,0.20680893,-3.85,50.51140713
1668640859.8271303,1215.12,1216.0,0.42908882,0.28,56.79892354
1668640919.8840146,1215.93,1215.02,0.43712158,-1.84,53.36342917
1668640980.6359642,1215.47,1214.67,0.44261313,-0.26,52.01238919
1668641041.039976,1214.25,1215.23,0.43256031,0.89,53.75113672
1668641100.582839,1215.49,1214.77,0.42656374,0.55,51.93979082
1668641161.521767,1214.61,1216.2,0.5043492,2.63,56.25788237
1668641221.6648748,1215.99,1216.18,0.55439924,3.99,56.24518905
1668641281.4624395,1217.15,1216.47,0.68453668,5.57,56.31099158
1668641342.271844,1216.45,1217.32,0.78402019,4.43,58.75750991
1668641402.2319818,1217.56,1217.48,0.88182363,2.37,59.07082797
1668641462.2407095,1217.07,1216.81,0.85408583,0.89,56.36049773
1668641523.3325734,1216.75,1217.08,0.8673295,1.62,57.2125252
1668641583.4691398,1217.2,1218.38,0.98204103,4.14,61.25804705
1668641642.9363737,1218.15,1218.33,1.03568494,2.83,61.15303418
1668641703.9853606,1218.42,1218.48,1.09778572,3.87,61.61984525
1668641764.2864945,1217.61,1217.05,0.95940621,1.07,54.86587668
1668641823.9140286,1217.0,1216.71,0.86546924,-0.45,53.29441692
1668641884.841354,1216.52,1216.95,0.7913362,0.5,54.21627532
1668641944.778529,1216.99,1216.94,0.73901838,-0.62,54.11225102
1668642004.8050947,1216.55,1215.8,0.57090546,-1.26,48.73008252
1668642065.5030622,1216.59,1216.49,0.56138597,-0.27,51.88113647
1668642125.9619594,1216.36,1216.27,0.47259891,-0.93,50.71112684
1668642185.463035,1215.06,1214.1,0.15814579,-4.06,40.89118805
1668642246.8977451,1213.7,1215.14,0.04392833,-3.29,46.81600894
1668642306.941222,1214.7,1214.79,-0.07669501,-2.81,45.22746096
1668642366.9222546,1215.11,1215.73,-0.04689109,-1.28,49.8759998
1668642427.6352837,1215.0,1213.64,-0.25593145,-2.87,40.56810077
1668642487.563635,1214.35,1215.39,-0.18659706,-1.61,48.97185106
1668642547.823877,1214.57,1214.33,-0.31021095,-2.21,43.49449932
1668642608.4758906,1214.7,1214.91,-0.28260253,-1.68,46.75698075
1668642668.4051435,1214.52,1215.16,-0.2855785,-1.2,48.58963129
1668642728.74222,1215.14,1215.97,-0.19628137,0.91,53.2798693
1668642789.1734648,1216.16,1216.68,-0.05511705,2.98,56.91610911
1668642849.4266665,1216.78,1216.45,0.03266235,1.76,55.20765344
1668642909.2416766,1216.5,1216.94,0.13574015,1.82,57.80837771
1668642970.2192595,1216.97,1216.62,0.18877289,1.63,55.51415191
1668643030.1745112,1216.13,1216.36,0.17537647,2.0,53.72486464
1668643090.1670067,1216.54,1216.04,0.17968197,1.47,51.4578637
1668643151.418532,1217.32,1217.32,0.34688063,2.8,58.45027408
1668643211.0209975,1217.32,1216.91,0.31417407,2.39,55.67853849
1668643271.0887644,1217.19,1217.19,0.35609527,1.03,56.39228561
1668643331.7777572,1216.89,1216.89,0.34218755,0.1,54.57495993
1668643391.7816312,1217.27,1217.27,0.4004842,0.78,56.47760923
1668643451.7632942,1217.84,1217.84,0.4984211,0.87,59.23576427
1668643512.7665076,1218.04,1218.04,0.56212007,1.91,60.18910402
1668643572.956555,1217.74,1217.74,0.551328,1.19,57.99261428
1668643632.720187,1217.84,1217.84,0.56885083,1.65,58.55650076
1668643693.5460677,1218.11,1218.11,0.60739894,0.79,60.06245475
1668643753.5116105,1219.55,1219.55,0.81860654,3.38,66.89568245
1668643813.527447,1218.61,1218.61,0.75124873,1.42,59.68565048
1668643874.2731616,1218.43,1218.43,0.72383446,1.55,58.38247487
1668643934.34283,1219.2,1219.2,0.81296534,1.93,62.20360093
1668643994.188981,1218.6,1218.6,0.74121555,0.76,57.79787808
1668644055.2466934,1217.98,1217.98,0.62702529,-0.06,53.54454008
1668644115.3217163,1218.31,1218.31,0.61457281,0.56,55.44009343
1668644175.2342794,1218.06,1218.06,0.54185654,0.22,53.67047266
1668644236.385559,1216.8,1216.8,0.31622734,-1.3,45.73331813
1668644295.8816962,1216.6,1216.6,0.18633454,-2.96,44.61037084
1668644355.8768268,1216.28,1216.28,0.05033211,-2.33,42.77319145
1668644416.7035804,1217.03,1217.03,0.06922561,-1.41,48.12502471
1668644476.725552,1216.67,1216.67,-0.01390989,-2.52,45.90130038
1668644536.642715,1215.17,1215.17,-0.26843903,-3.43,38.02911504
1668644597.4812014,1214.96,1214.96,-0.4013592,-3.03,37.0710494
1668644657.4657767,1216.1,1216.1,-0.326031,-2.2,45.15652603
1668644718.0361152,1215.5,1215.5,-0.41998963,-2.55,42.10033011
1668644778.4846866,1216.6,1216.6,-0.29643522,-0.19,48.92939702
1668644838.4729505,1216.73,1216.73,-0.24661837,0.14,49.6885789
1668644898.3995357,1216.26,1216.26,-0.27871792,-0.02,46.97816865
1668644959.3154206,1216.35,1216.35,-0.25797758,-0.68,47.56929827
1668645019.284876,1215.8,1215.8,-0.32278742,-0.88,44.33296141
1668645079.2385538,1216.04,1216.04,-0.30158416,0.86,46.05757066
1668645140.0613112,1215.17,1215.17,-0.41952031,0.21,41.08818967
1668645200.1185448,1215.18,1215.18,-0.45073547,-0.93,41.18605181
1668645260.0000763,1216.06,1216.06,-0.34690621,0.56,47.76413153
1668645320.988893,1215.76,1215.76,-0.35839755,-0.83,45.86935266
1668645381.165424,1216.27,1216.27,-0.27309671,-0.45,49.52444785
1668645440.9759705,1217.3,1217.3,-0.08880883,1.04,55.98471316
1668645501.8217006,1218.25,1218.25,0.12588322,1.89,60.97766063
1668645561.8133726,1218.23,1218.23,0.229837,2.43,60.79791961
1668645621.6939838,1217.28,1217.28,0.17624367,1.24,53.78878717
1668645682.486077,1218.3,1218.3,0.33519447,3.13,59.24589389
1668645742.7650657,1219.82,1219.82,0.60765519,4.63,65.73476936
1668645802.5730665,1220.0,1220.0,0.74464274,3.94,66.41669205
1668645864.0167058,1219.19,1219.19,0.71711378,3.42,60.55496056
1668645924.2053373,1219.0,1219.0,0.71237988,2.73,59.2575038
1668645984.0676918,1218.6,1218.6,0.65587352,1.29,56.46923026
1668646044.8696342,1218.48,1218.48,0.61092321,0.23,55.61550792
1668646104.87555,1217.79,1217.79,0.47932846,-0.43,50.91769236
1668646164.8181698,1219.63,1219.63,0.67399635,2.35,60.52227483
1668646225.5881617,1225.69,1225.69,1.55987478,7.4,76.69750675
1668646285.86368,1222.72,1222.72,1.4381942,2.9,63.07744376
1668646345.548921,1223.55,1223.55,1.62942509,3.55,64.95482151
1668646406.3474834,1222.67,1222.67,1.58379145,3.49,61.37836872
1668646466.277012,1220.67,1220.67,1.30288925,1.66,54.12444868
1668646526.296377,1220.08,1220.08,1.10955657,1.47,52.1623227
1668646587.998587,1221.43,1221.43,1.17315463,2.96,56.08524998
1668646647.4017584,1221.3,1221.3,1.10624554,3.51,55.60725141
1668646707.2572794,1221.54,1221.54,1.08450994,1.91,56.32661072
1668646768.064706,1222.68,1222.68,1.20003399,-3.0,59.73052245
1668646828.0027037,1223.41,1223.41,1.31005478,0.69,61.75859429
1668646887.9592793,1222.91,1222.91,1.26439314,-0.64,59.52894845
1668646948.6519637,1222.51,1222.51,1.18829816,-0.15,57.72402944
1668647008.6501791,1222.94,1222.94,1.20216429,2.27,59.13056
1668647069.0852995,1222.96,1222.96,1.17465566,2.88,59.21480602
1668647129.8937738,1223.38,1223.38,1.19783918,1.95,60.7118845
1668647189.8526297,1224.7,1224.7,1.36331692,3.41,65.02418938
1668647249.8901253,1224.82,1224.82,1.41188343,3.27,65.39341934
1668647310.753862,1226.69,1226.69,1.69006719,4.02,70.68862959
1668647370.7878623,1225.54,1225.54,1.60931649,2.12,64.21238767
1668647430.7355576,1224.66,1224.66,1.47457001,1.75,59.69173287
1668647491.6493878,1226.29,1226.29,1.6388565,3.79,64.60990378
1668647552.0607092,1225.78,1225.78,1.57491642,2.83,62.04582413
1668647611.4417045,1226.72,1226.72,1.67100364,3.76,64.83640623
1668647672.4458818,1226.15,1226.15,1.58730083,2.77,61.86838269
1668647732.3765566,1227.0,1227.0,1.66004062,2.29,64.46203695
1668647792.281098,1227.0,1227.0,1.64498808,2.17,64.46203695
1668647853.1187632,1227.47,1227.47,1.68027294,0.78,65.9497057
1668647913.1714082,1226.9,1226.9,1.57944298,1.36,62.559038
1668647973.2412603,1225.32,1225.32,1.29471777,0.67,54.17356145
1668648034.38849,1225.22,1225.22,1.1408849,-1.08,53.67966534
1668648093.878867,1225.17,1225.17,1.00654994,-0.62,53.42320533
1668648153.857203,1223.48,1223.48,0.65467847,-3.24,45.4103186
1668648214.655019,1223.77,1223.77,0.51753833,-2.37,46.88749291
1668648274.5718546,1224.09,1224.09,0.43193061,-2.91,48.53791408
1668648334.583408,1223.35,1223.35,0.23471277,-3.65,45.06522108
1668648395.5387216,1222.6,1222.6,0.01775943,-4.86,41.799473
1668648455.7149646,1222.76,1222.76,-0.08291894,-4.14,42.75826334
1668648516.1066003,1222.53,1222.53,-0.20274136,-2.79,41.68198073
1668648576.2876918,1222.63,1222.63,-0.26641365,-2.58,42.35664995
1668648636.3827555,1223.04,1223.04,-0.26092962,-2.12,45.13766306
1668648696.3243015,1222.18,1222.18,-0.400856,-1.3,40.70190512
1668648757.1099994,1221.99,1221.99,-0.47841017,-1.77,39.76830603
1668648817.1009707,1221.25,1221.25,-0.62646245,-2.84,36.28763018
1668648877.049863,1221.65,1221.65,-0.63253312,-1.69,39.36965149
1668648938.0258725,1221.83,1221.83,-0.63087644,-0.76,40.7421457
1668648998.4195063,1222.38,1222.38,-0.55588045,-0.37,44.91462286
1668649057.9625332,1224.08,1224.08,-0.28422157,1.55,55.36218397
1668649118.765227,1222.51,1222.51,-0.39633268,-0.11,46.57641013
1668649178.7603972,1222.72,1222.72,-0.35184208,-0.32,47.77036557
1668649238.7539475,1222.76,1222.76,-0.31982966,0.58,48.00904289
1668649299.4714923,1223.01,1223.01,-0.25888828,1.01,49.55377132
1668649358.8766377,1222.94,1222.94,-0.23432804,1.68,49.11963373
1668649418.87367,1222.72,1222.72,-0.23789916,1.06,47.67486862
1668649478.7630837,1222.71,1222.71,-0.22627469,0.89,47.60667378
1668649538.8686495,1222.05,1222.05,-0.30787871,-0.32,43.23822404
1668649598.807453,1221.08,1221.08,-0.46293595,-3.0,37.70538805
1668649658.809248,1220.73,1220.73,-0.56862127,-1.78,35.92616441
1668649718.790542,1220.64,1220.64,-0.63579095,-2.08,35.46276143
1668649779.117237,1220.53,1220.53,-0.69171212,-2.24,34.92408909
1668649838.7612689,1220.08,1220.08,-0.78313951,-2.93,32.48146531
1668649898.9009004,1219.43,1219.43,-0.91146364,-3.5,29.49090024
1668649958.7419596,1218.48,1218.48,-1.09403514,-4.25,25.49453965
1668650019.158564,1219.07,1219.07,-1.08244537,-3.64,31.53142157
1668650078.7841375,1219.46,1219.46,-1.04214785,-2.58,35.26069343
1668650138.7996953,1219.68,1219.68,-0.99197444,-1.41,37.33420306
1668650198.79596,1219.24,1219.24,-1.01669371,-1.49,34.92097874
1668650258.812606,1218.61,1218.61,-1.086658,-2.03,31.7609022
1668650318.711878,1218.62,1218.62,-1.08891735,-1.9,31.87439032
1668650378.822158,1219.02,1219.02,-1.0223491,-1.07,36.13134732
1668650438.8162692,1219.22,1219.22,-0.95526199,-0.19,38.21422993
1668650498.8576982,1219.97,1219.97,-0.79828363,1.49,45.38671031
1668650558.9475951,1220.0,1220.0,-0.70759048,0.94,45.666715
1668650619.1616502,1220.01,1220.01,-0.63017314,0.55,45.77056524
1668650678.8625972,1218.09,1218.09,-0.83436896,-1.59,33.4901269
1668650738.8264878,1218.85,1218.85,-0.75616754,-0.4,40.34115875
1668650798.8795445,1218.69,1218.69,-0.75702394,0.08,39.42591883
1668650858.8853598,1218.93,1218.93,-0.70452503,0.32,41.5874884
1668650918.973571,1219.56,1219.56,-0.58254704,0.55,46.87705324
1668650979.093916,1218.76,1218.76,-0.6315653,-0.45,41.66874034
1668651039.112366,1217.77,1217.77,-0.75396276,-2.19,36.34872417
1668651098.9636457,1218.06,1218.06,-0.73715552,-1.95,38.85122076
1668651159.0552073,1217.83,1217.83,-0.76685004,-2.17,37.60498988
1668651218.8516042,1216.45,1216.45,-0.9620813,-1.63,31.14886408
1668651278.8309562,1216.97,1216.97,-0.94493449,-1.89,35.63939353
1668651338.8276942,1217.24,1217.24,-0.91443876,-1.45,37.90078466
1668651398.867158,1216.81,1216.81,-0.95778587,-2.13,35.74661524
1668651458.911068,1217.49,1217.49,-0.85844698,-2.06,41.42303695
1668651519.1451738,1217.37,1217.37,-0.83028855,-1.4,40.74607697
1668651578.7873693,1216.93,1216.93,-0.85222378,-0.83,38.2179934
1668651638.9178536,1216.72,1216.72,-0.86189299,-1.35,37.04639286
1668651699.0499487,1216.98,1216.98,-0.81039229,-0.85,39.47818988
1668651758.8699155,1216.87,1216.87,-0.79199134,0.42,38.77984137
1668651818.840942,1216.12,1216.12,-0.86832102,-0.84,34.34927395
1668651878.8936186,1216.17,1216.17,-0.86428533,-1.07,34.88339354
1668651938.9287572,1215.55,1215.55,-0.94204378,-1.26,31.46492177
1668651998.940175,1216.27,1216.27,-0.85231532,-1.21,38.9544815
1668652058.9459164,1216.9,1216.9,-0.72823443,-0.46,44.65459961
1668652118.8727252,1216.66,1216.66,-0.69539778,-0.28,42.98749929
1668652178.9478712,1215.59,1215.59,-0.79800427,-1.14,36.50814533
1668652238.8386266,1216.1,1216.1,-0.73094649,-0.88,41.07400033
1668652298.9425232,1216.55,1216.55,-0.63709919,-0.33,44.84746251
1668652358.9768507,1217.23,1217.23,-0.48955089,1.11,50.03195161
1668652418.931146,1217.2,1217.2,-0.41448698,1.03,49.80856584
1668652479.3372188,1217.2,1217.2,-0.34846184,1.65,49.80305459
1668652539.120385,1216.24,1216.24,-0.42971055,-0.02,42.76911344
1668652599.0072308,1216.55,1216.55,-0.38463899,-0.34,45.45705305
1668652658.9895234,1216.47,1216.47,-0.3743861,-0.19,44.85070047
1668652718.8454962,1216.85,1216.85,-0.30399399,1.26,48.25720522
1668652778.9597547,1216.78,1216.78,-0.27964025,0.69,47.68522148
1668652838.9221234,1217.43,1217.43,-0.16048732,0.87,53.34065905
1668652898.9457884,1217.84,1217.84,-0.04797102,0.62,56.53263984
1668652959.5006847,1217.61,1217.61,-0.01802461,0.41,54.28025207
1668653018.8970065,1218.05,1218.05,0.08345836,0.84,57.69065959
1668653079.0160625,1217.72,1217.72,0.08724232,1.49,54.39268604
1668653139.135473,1217.35,1217.35,0.05753346,0.81,50.88059085
1668653199.2962923,1217.9,1217.9,0.13509173,1.42,55.45630229
1668653259.0161128,1216.25,1216.25,-0.07393058,-0.6,42.60640655
1668653319.0294218,1214.84,1214.84,-0.33304893,-1.93,35.11787341
1668653379.0414407,1215.38,1215.38,-0.36719052,-2.05,39.52572485
1668653439.6335006,1213.17,1213.17,-0.73715685,-4.67,30.51765285
1668653498.9958024,1212.71,1212.71,-0.94489373,-4.89,28.98572192
1668653559.0448508,1213.98,1213.98,-0.89784096,-4.08,38.06210518
1668653619.0196187,1213.0,1213.0,-1.05866322,-4.72,33.96743897
1668653679.2683463,1212.11,1212.11,-1.23840303,-5.24,31.03672882
1668653739.1377091,1210.73,1210.73,-1.50332676,-7.18,27.04156136
1668653798.9656396,1210.94,1210.94,-1.57906163,-5.31,28.49851419
1668653859.1433158,1211.29,1211.29,-1.58404199,-3.55,31.0425075
1668653919.1944864,1210.6,1210.6,-1.68868217,-4.79,28.82372586
1668653978.975587,1210.66,1210.66,-1.69919867,-2.5,29.33134876
1668654039.0800235,1207.82,1207.82,-2.09391844,-4.89,22.01535141
1668654098.9873705,1209.98,1209.98,-1.89585207,-3.85,35.26567433
1668654159.2383878,1208.94,1208.94,-2.0023235,-4.07,32.45000017
1668654219.0088897,1209.72,1209.72,-1.88703557,-2.38,36.57866758
1668654278.9405386,1210.43,1210.43,-1.72358784,-0.31,40.16373599
1668654339.0406754,1210.83,1210.83,-1.56433401,-0.1,42.15154455
1668654399.0354588,1211.16,1211.16,-1.39884461,-0.12,43.81472693
1668654458.888142,1211.39,1211.39,-1.24198287,0.79,44.98489478
1668654519.1255262,1211.2,1211.2,-1.1455497,0.53,44.15551539
1668654579.0576663,1210.87,1210.87,-1.09172576,3.05,42.68600228
1668654638.956656,1211.15,1211.15,-0.97814926,1.16,44.36631972
1668654699.0472417,1210.79,1210.79,-0.94639908,1.86,42.62973425
1668654759.0449045,1210.58,1210.58,-0.91729972,0.86,41.58469302
1668654819.02568,1209.94,1209.94,-0.96077871,-0.49,38.53113031
1668654878.9544215,1209.5,1209.5,-1.00671922,-1.32,36.54660738
1668654939.6563835,1210.14,1210.14,-0.91265224,-1.03,41.30032213
1668654999.0670085,1209.84,1209.84,-0.91158586,-1.55,39.80387833
1668655059.0169563,1209.66,1209.66,-0.90767324,-1.55,38.92741472
1668655119.0523708,1209.2,1209.2,-0.94679987,-1.68,36.58937008
1668655178.9724867,1209.87,1209.87,-0.84321136,-1.27,41.97570244
1668655239.0446975,1210.13,1210.13,-0.75880434,-0.65,43.95589718
1668655299.054071,1210.24,1210.24,-0.68410113,-0.34,44.82052172
1668655359.326178,1209.6,1209.6,-0.7157398,-0.35,40.90115986
1668655419.2089136,1209.57,1209.57,-0.69598755,0.07,40.69307881
1668655479.0751472,1209.68,1209.68,-0.65577171,-0.47,41.71977745
1668655539.1991506,1209.55,1209.55,-0.64141746,-0.29,40.79617734
1668655599.1031902,1209.61,1209.61,-0.60687088,-0.04,41.42958448
1668655659.0819016,1209.77,1209.77,-0.55401144,0.56,43.16209215
1668655719.1087472,1209.58,1209.58,-0.54190172,-0.3,41.55777064
1668655779.0219252,1209.73,1209.73,-0.49316834,-0.39,43.30614339
1668655839.128593,1209.02,1209.02,-0.56034996,-1.22,37.61305278
1668655899.092496,1207.22,1207.22,-0.81666812,-2.37,27.64446257
1668655959.2810867,1208.41,1208.41,-0.7274509,-1.16,39.1432411
1668656019.157024,1210.02,1210.02,-0.49603303,0.35,50.58363839
1668656079.1595356,1209.53,1209.53,-0.47833674,-0.02,47.6435544
1668656139.096986,1208.75,1208.75,-0.53865898,-0.85,43.3246597
1668656199.0486965,1208.93,1208.93,-0.50620249,-0.83,44.57855394
1668656259.1202738,1208.17,1208.17,-0.59244942,-1.42,40.49316109
1668656319.1121838,1208.53,1208.53,-0.55488923,-1.21,43.13610458
1668656379.1890256,1209.68,1209.68,-0.38031205,0.67,50.68838236
1668656439.5370796,1209.74,1209.74,-0.3019687,2.53,51.05415976
1668656499.1728935,1209.96,1209.96,-0.20918165,1.56,52.43548326
1668656559.112961,1211.21,1211.21,0.02761091,1.2,59.49942148
1668656619.1814864,1211.21,1211.21,0.13593403,1.68,59.4693794
1668656679.08661,1211.0,1211.0,0.18955824,2.25,57.79764613
1668656739.1037433,1210.56,1210.56,0.17971172,1.64,54.36206896
1668656799.2070203,1210.87,1210.87,0.24127135,2.69,56.33154665
1668656859.1762252,1210.78,1210.78,0.25403894,2.24,55.5701914
1668656919.219689,1210.18,1210.18,0.18257945,0.51,50.73789874
1668656979.0934217,1210.5,1210.5,0.20663179,0.76,53.09413136
1668657039.1642776,1209.57,1209.57,0.07227947,-0.4,46.18460503
1668657099.1937237,1209.42,1209.42,0.00311415,-1.78,45.16244978
1668657159.1366024,1208.22,1208.22,-0.21075486,-3.0,37.92622256
1668657219.2532732,1208.66,1208.66,-0.23934039,-2.35,41.59492818
1668657279.2095263,1207.29,1207.29,-0.47955942,-3.27,34.66073973
1668657339.3044157,1207.65,1207.65,-0.52579443,-3.22,37.59912844
1668657399.164012,1205.68,1205.68,-0.8576354,-5.09,29.71502821
1668657459.1065705,1204.29,1204.29,-1.18183691,-5.89,25.68486142
1668657519.1188242,1205.35,1205.35,-1.18502918,-5.14,33.20814579
1668657579.2022302,1204.48,1204.48,-1.36326047,-5.09,30.48071691
1668657639.142424,1204.05,1204.05,-1.49377595,-5.37,29.20402698
1668657699.154376,1203.4,1203.4,-1.64401942,-4.83,27.33985471
1668657759.1216552,1202.23,1202.23,-1.86776572,-6.43,24.32940128
1668657819.128858,1201.5,1201.5,-2.05185065,-5.8,22.65334092
1668657879.1759934,1198.75,1198.75,-2.51643194,-8.91,17.76133669
1668657939.4081829,1195.12,1195.12,-3.19239009,-10.56,13.51069827
1668657999.3252916,1193.9,1193.9,-3.63119548,-10.38,12.44351759
1668658059.1661203,1196.16,1196.16,-3.53849504,-9.19,24.36580135
1668658119.1685622,1195.37,1195.37,-3.67784198,-9.11,23.14496709
1668658179.1851983,1195.43,1195.43,-3.68663196,-8.62,23.48448165
1668658239.14476,1197.45,1197.45,-3.36971262,-5.95,33.11158095
1668658299.219148,1197.36,1197.36,-3.2219934,-4.87,32.91117434
1668658359.1672502,1198.5,1198.5,-2.9033879,-3.0,37.97167025
1668658419.2891057,1197.71,1197.71,-2.80299105,-1.03,35.93759684
1668658479.3225813,1197.02,1197.02,-2.74118014,1.9,34.21528761
1668658539.2325916,1196.1,1196.1,-2.74844311,2.2,32.01234585
1668658599.258523,1196.13,1196.13,-2.66107178,-0.02,32.16571929
1668658659.1416562,1197.4,1197.4,-2.38525338,2.03,38.49508304
1668658719.1520927,1196.8,1196.8,-2.30554082,1.36,36.73141875
1668658779.3212364,1198.05,1198.05,-2.00261118,0.59,42.57586576
1668658839.2985797,1198.37,1198.37,-1.77472383,1.0,44.00864698
1668658899.2330377,1197.71,1197.71,-1.68987892,-0.79,41.71147775
1668658959.2886703,1198.97,1198.97,-1.3847807,1.25,47.36055564
1668659019.3035583,1199.78,1199.78,-1.0948243,2.76,50.67330039
1668659079.23293,1199.59,1199.59,-0.93264823,3.49,49.8842386
1668659139.180088,1200.98,1200.98,-0.58596498,4.85,55.37993615
1668659199.3104987,1200.45,1200.45,-0.46884989,3.06,52.99035943
1668659259.2640207,1200.28,1200.28,-0.36266602,3.48,52.20979443
1668659319.2957478,1200.04,1200.04,-0.29988357,1.99,51.07265638
1668659379.2220316,1200.38,1200.38,-0.18358944,2.0,52.64526057
1668659439.2088563,1201.53,1201.53,0.05093341,3.82,57.6083461
1668659499.3162076,1200.7,1200.7,0.04489067,1.73,53.26896769
1668659559.5062206,1202.21,1202.21,0.30497669,2.44,59.27860548
1668659619.178505,1204.38,1204.38,0.71765464,4.8,66.0379462
1668659679.3052216,1203.82,1203.82,0.81862843,2.84,63.12205092
1668659739.3033326,1205.55,1205.55,1.16734168,5.09,67.86630785
1668659799.588325,1204.41,1204.41,1.15796966,4.12,62.21012895
1668659859.5615904,1204.64,1204.64,1.24180938,4.61,62.85863964
1668659919.4399724,1204.3,1204.3,1.23028097,3.92,61.13049792
1668659980.3877065,1204.89,1203.59,1.20756253,2.06,56.49356774
1668660040.4246192,1204.35,1204.35,1.24657167,3.65,60.13856895
1668660100.366743,1203.71,1203.71,1.12558183,1.5,56.81895633
1668660161.3323176,1201.97,1203.65,0.94662401,-0.73,55.36949113
1668660221.2082555,1204.11,1204.25,0.97933022,0.42,57.34262472
1668660281.135115,1205.09,1203.84,0.9846989,-1.71,54.59091313
1668660342.5458286,1203.97,1204.17,0.95951546,-0.24,55.79279487
1668660402.0755332,1204.71,1205.26,1.04093564,0.61,59.32493387
1668660462.0458708,1205.5,1205.39,1.08426622,1.09,59.52720693
1668660523.0824714,1205.96,1204.19,1.02962261,-0.69,53.57182046
1668660582.8958364,1204.36,1204.03,0.9371683,-0.31,52.86111513
1668660642.897272,1204.41,1204.3,0.88961141,0.59,53.90663857
1668660703.6874278,1203.8,1203.56,0.72862827,1.58,50.67025811
1668660763.57886,1203.29,1203.7,0.61997776,-0.4,51.31974704
1668660823.6229482,1203.64,1203.72,0.54193733,-1.37,51.42977281
1668660885.1837826,1204.08,1204.21,0.53901355,0.24,53.59257043
1668660944.6228125,1204.97,1205.38,0.64884746,0.67,58.38128685
1668661004.9580526,1205.24,1204.72,0.61811764,-0.78,54.96450764
1668661065.548203,1204.9,1203.9,0.54142969,-2.05,50.60818607
1668661125.4574676,1204.0,1203.72,0.45635155,-0.63,49.65503674
1668661185.610161,1203.99,1203.95,0.41383724,-0.47,50.81150292
1668661246.086335,1203.75,1203.72,0.3282626,-0.09,49.53115481
1668661305.5819092,1204.34,1204.37,0.35938887,1.07,53.12052065
1668661365.5978491,1205.22,1206.94,0.59829635,3.3,64.42205239
1668661425.5263653,1207.0,1208.96,0.89036685,4.89,70.56155208
1668661485.6247883,1207.89,1208.65,1.00974209,3.68,69.92985931
1668661545.5545766,1208.75,1208.3,1.1418759,3.07,67.17334925
1668661605.6966534,1208.66,1208.87,1.29377939,3.98,70.25111173
1668661665.5568652,1208.0,1207.51,1.21347468,3.51,61.72067926
1668661725.5911698,1207.91,1208.85,1.32325032,4.85,67.86745569
1668661785.5773847,1208.86,1209.78,1.44397215,6.02,70.89470855
1668661845.584339,1208.94,1209.01,1.40768882,4.67,68.44692515
1668661905.5939934,1208.62,1207.84,1.29836565,2.62,59.88574629
1668661965.485654,1207.59,1207.47,1.17737894,0.47,57.42539235
1668662025.6616883,1207.76,1207.22,1.08271443,-0.59,55.33186175
1668662085.558045,1208.02,1208.25,1.10952117,-0.5,61.50547286
1668662145.5614066,1209.54,1209.48,1.24545117,0.82,66.43909104
1668662205.603041,1209.79,1209.64,1.28960399,1.64,66.58002002
1668662265.4805157,1210.3,1211.43,1.47294216,3.51,73.46118177
1668662325.5751414,1209.66,1208.99,1.25488894,0.12,59.64819885
1668662386.1744256,1208.92,1209.05,1.18146381,0.11,59.83139927
1668662445.5330188,1209.08,1208.63,1.08256642,0.01,56.67552802
1668662505.6457076,1208.84,1209.13,1.04430672,1.54,59.76723904
1668662565.5971515,1209.62,1208.67,0.9827804,0.91,55.23864915
1668662625.532859,1208.06,1208.4,0.83363379,0.38,53.42444967
1668662685.6171954,1208.32,1208.02,0.70954001,-1.52,51.10934224
1668662745.7394557,1208.34,1208.26,0.6486997,-1.54,52.5461877
1668662805.5618367,1207.69,1208.23,0.53551567,-2.07,52.27877429
1668662865.9276452,1207.93,1208.74,0.49856733,-0.92,55.39997268
1668662925.5625832,1208.62,1208.62,0.46572388,-0.31,54.73140849
1668662985.5188522,1209.3,1209.25,0.53370635,0.17,58.16506858
1668663045.575569,1209.46,1209.43,0.56568925,0.58,59.17301866
1668663105.5040588,1209.36,1209.93,0.60737528,0.3,61.84145979
1668663165.5636742,1209.79,1209.84,0.62168645,1.77,61.38444466
1668663225.6042595,1209.41,1209.68,0.59531667,1.36,59.46281165
1668663285.6190925,1209.09,1208.53,0.466055,0.18,50.60989885
1668663345.7337832,1207.38,1207.36,0.23342374,-0.33,43.26042491
1668663405.7048817,1208.31,1208.29,0.25245102,0.36,49.51264133
1668663465.5532298,1208.72,1210.03,0.36977838,1.41,59.18673489
1668663525.8310058,1209.77,1210.0,0.41221516,0.71,59.13388625
1668663585.6031375,1209.97,1210.0,0.45517699,0.55,59.1490773
1668663645.6423206,1211.4,1211.1,0.66012518,1.74,63.19634777
1668663705.532637,1211.12,1210.06,0.64394389,0.27,56.00701717
1668663765.8708816,1210.66,1211.1,0.74197916,1.69,62.01467854
1668663825.7279804,1211.01,1211.04,0.76312766,1.96,61.75207171
1668663885.885428,1211.12,1210.67,0.7526528,3.28,58.49461867
1668663945.7904534,1210.7,1210.55,0.72313478,2.24,57.51139438
1668664006.004384,1210.06,1210.31,0.63994269,1.6,55.43644854
1668664065.563861,1210.23,1210.04,0.57224587,0.28,53.46462563
1668664125.6534069,1209.86,1209.75,0.48284052,-0.21,51.30543634
1668664185.691992,1209.84,1209.76,0.4248819,-1.64,51.33420728
1668664245.6278298,1209.42,1209.41,0.32014485,-1.71,48.65446606
1668664305.79831,1210.18,1210.33,0.37650228,-0.32,55.33927571
1668664366.0430236,1210.25,1210.58,0.38387343,-0.43,57.11291802
1668664425.605728,1210.6,1210.41,0.37731943,-0.72,55.4834968
1668664485.857088,1210.55,1209.8,0.3265963,-0.91,50.06630662
1668664545.714012,1210.22,1210.24,0.33473591,0.18,53.77341811
1668664605.7108831,1210.26,1210.24,0.31290546,0.0,53.73159779
1668664665.6059294,1210.08,1209.94,0.25719988,0.08,50.69503891
1668664725.8843,1209.72,1209.45,0.16798657,-0.39,46.08520891
1668664785.7741065,1209.82,1211.45,0.29164231,2.03,62.6271059
1668664845.6804068,1211.28,1210.92,0.30995064,0.74,57.93864087
1668664905.723628,1210.03,1209.76,0.18465232,-0.5,48.49454551
1668664965.620667,1210.02,1210.17,0.18748353,-0.43,51.65069546
1668665025.636866,1211.03,1213.37,0.48017868,2.82,68.74857289
1668665085.747378,1213.28,1213.55,0.65909239,3.34,69.43988177
1668665145.6804934,1213.26,1213.45,0.77154246,3.19,69.03582272
1668665205.677216,1213.26,1211.92,0.73583915,1.84,57.33925511
1668665265.6436634,1211.88,1211.7,0.69071728,1.98,55.78811544
1668665325.753084,1211.9,1212.21,0.70299579,2.4,58.92028571
1668665385.706723,1211.88,1212.79,0.71804742,1.51,62.09248728
1668665445.6317406,1212.7,1213.3,0.77680669,3.26,64.6456872
1668665505.5717192,1213.3,1213.44,0.8314087,3.43,65.32654872
1668665565.725148,1213.98,1214.14,0.95381258,3.11,68.42080997
1668665625.577808,1214.26,1213.82,0.98695746,0.54,64.8443998
1668665685.673778,1213.82,1214.34,1.03565983,1.08,67.30719924
1668665745.664045,1214.38,1214.37,1.06625544,1.1,67.43879833
1668665805.826247,1214.25,1213.4,0.99204646,1.52,58.65656386
1668665865.8157728,1213.41,1213.53,0.94107727,1.63,59.46742722
1668665925.7421486,1214.35,1214.68,1.03202755,2.8,65.32598438
1668665985.7718835,1215.1,1214.44,1.046372,1.75,61.65317474
1668666045.7456305,1213.74,1214.51,0.98252293,1.21,60.48698489
1668666105.7775564,1214.8,1214.44,0.97670371,0.46,59.23264003
1668666165.616415,1214.48,1214.91,0.98284561,0.65,61.5172831
1668666225.679792,1214.05,1215.03,0.93056204,1.21,61.27109041
1668666285.664064,1215.37,1214.63,0.9217759,0.26,57.752889
1668666345.8738625,1214.79,1213.95,0.83936313,-0.31,53.51478182
1668666405.648265,1213.75,1212.65,0.63858263,-0.77,46.66436506
1668666465.726899,1213.78,1213.24,0.60316127,-1.12,49.36375129
1668666525.9978378,1212.84,1213.71,0.51076814,-1.39,52.07651297
1668666585.6292295,1213.68,1213.37,0.42858922,-0.38,50.15270704
1668666645.8876832,1213.1,1212.94,0.3102634,-1.86,47.82447594
1668666706.3965936,1213.39,1212.47,0.22173579,-2.01,45.36236668
1668666765.6636906,1212.46,1212.06,0.08716152,-1.99,43.30793278
1668666825.7944672,1211.51,1211.61,-0.08717372,-3.76,41.45547797
1668666885.7367778,1211.52,1211.87,-0.17382039,-2.93,43.27040987
1668666945.784395,1212.25,1211.87,-0.2106958,-1.88,43.68067035
1668667006.1641438,1212.09,1212.21,-0.2196472,-1.57,45.62427287
1668667065.7759647,1212.26,1212.64,-0.20115067,-0.2,48.58064746
1668667125.7754357,1212.65,1212.54,-0.19485305,-1.14,47.92322353
1668667186.1074004,1212.09,1211.05,-0.33428364,-2.05,39.53402289
1668667245.922326,1211.34,1211.81,-0.33372686,-1.59,44.45550508
1668667305.774644,1210.34,1209.75,-0.60309662,-2.7,33.60395736
1668667366.1098962,1209.0,1209.13,-0.81042066,-2.39,31.90117845
1668667425.830578,1209.18,1209.09,-0.9168552,-2.43,31.93665685
1668667485.8036604,1209.86,1209.72,-0.89585545,-2.53,36.87466981
1668667545.6535304,1208.53,1208.87,-1.05779194,-3.23,34.76228809
1668667605.915179,1209.45,1209.18,-1.03840038,-3.08,37.51327521
1668667665.9443138,1209.17,1208.85,-1.07455524,-3.8,36.13345548
1668667725.7670884,1209.0,1207.86,-1.15912187,-4.24,32.24350076
1668667785.679013,1208.0,1206.85,-1.29349047,-4.49,28.83593783
1668667845.6402545,1207.21,1206.85,-1.36998586,-3.48,28.75115358
1668667905.7430763,1206.18,1205.0,-1.62627451,-4.0,23.64570827
1668667965.7625723,1204.99,1206.12,-1.67731802,-3.06,31.75633121
1668668026.0408733,1204.99,1205.0,-1.85713654,-4.85,23.70773542
1668668085.7396157,1204.99,1205.0,-1.90623161,-3.53,23.70773542
1668668146.1322217,1206.19,1204.97,-1.85145765,-4.47,29.34574116
1668668205.6722417,1204.72,1204.4,-1.92331143,-4.76,27.68401008
1668668265.7940545,1204.78,1200.0,-2.26904106,-9.0,18.89183615
1668668325.6722157,1202.62,1199.94,-2.38123218,-8.06,18.52850547
1668668385.9308236,1201.3,1201.21,-2.42191074,-6.01,20.54309483
1668668445.7451687,1201.54,1199.92,-2.59313674,-6.26,19.41530408
1668668505.7251663,1202.24,1199.89,-2.57786499,-5.11,22.30292508
1668668565.6472917,1201.44,1200.0,-2.57789724,-4.99,22.30292508
1668668625.9888918,1200.49,1199.99,-2.61541239,-5.01,22.20984753
1668668685.717762,1199.99,1200.0,-2.64482637,-6.2,22.28746265
1668668745.8771586,1199.98,1200.53,-2.59668364,-4.19,26.52960429
1668668805.7363703,1200.0,1201.39,-2.49277799,-3.4,33.09782854
1668668865.661523,1202.3,1204.99,-2.00660212,2.36,51.4790427
1668668925.67844,1206.4,1206.19,-1.47712431,4.9,55.40338855
1668668985.7249053,1204.8,1206.44,-1.19862488,4.9,55.50899964
1668669045.68197,1205.73,1206.66,-0.90607282,4.42,56.33457355
1668669106.4569232,1206.55,1206.37,-0.65145805,4.94,55.2529204
1668669165.757986,1206.58,1204.84,-0.54741687,4.35,49.24936149
1668669226.0372384,1201.72,1197.64,-1.2393107,-2.35,32.24761643
1668669285.7219946,1197.8,1199.6,-1.4054475,-0.38,38.44228337
1668669345.7697146,1199.4,1199.69,-1.53535867,-0.3,38.7793307
1668669405.7211976,1199.99,1199.99,-1.56473532,-2.3,39.72865739
1668669465.7155547,1199.11,1197.36,-1.85266944,-9.03,34.430138
1668669525.9808393,1198.44,1199.99,-1.72582805,-4.81,41.82185839
1668669586.1519442,1199.0,1198.35,-1.8660835,-7.38,37.03048645
1668669645.6939633,1198.07,1198.4,-1.90547066,-8.16,37.70107433
1668669705.7027595,1197.98,1197.99,-1.95693033,-8.59,36.2811394
1668669765.76769,1197.69,1196.72,-2.06847533,-5.0,33.23298528
1668669825.8147523,1196.92,1197.48,-2.03936016,-0.33,36.25367427
1668669885.7346332,1198.46,1198.97,-1.82721445,-0.43,42.41125205
1668669945.8071015,1199.43,1199.78,-1.60786709,-0.21,45.51056143
1668670005.7128675,1200.18,1200.55,-1.36162048,1.44,48.37074457
1668670066.2456963,1202.96,1204.04,-0.75009663,5.6,58.78442448
1668670125.7045686,1204.65,1204.5,-0.33880196,5.5,59.67922228
1668670185.690724,1204.73,1203.47,-0.11883478,5.39,55.69828406
1668670245.7842944,1203.29,1204.14,0.08283547,6.17,57.48465125
1668670305.771427,1205.49,1204.94,0.39810076,7.26,58.78007629
1668670365.834175,1204.31,1204.39,0.47289081,7.46,56.84620963
1668670425.794117,1203.55,1199.99,0.16212362,1.53,43.99707057
1668670485.8069644,1200.0,1199.48,-0.07076171,0.04,42.76842422
1668670546.1325512,1199.53,1200.97,-0.1298595,0.8,47.3626456
1668670605.7639763,1201.48,1203.13,0.02528753,0.16,53.20068817
1668670665.8335612,1203.4,1203.81,0.18493707,-0.85,54.87929819
1668670725.7658207,1203.34,1203.22,0.21564819,-1.52,53.29758472
1668670785.822307,1203.28,1202.76,0.2336271,-0.54,51.76602262
1668670845.877323,1203.14,1203.89,0.35484757,-1.61,55.30118787
1668670905.6809278,1203.8,1204.1,0.43262031,-0.21,55.96977925
1668670965.816413,1204.05,1204.42,0.51793662,0.88,56.99965834
1668671025.7849388,1204.35,1204.05,0.54693455,4.06,55.48623336
1668671085.70832,1203.96,1203.92,0.5518914,4.38,54.92860494
1668671145.7569835,1203.7,1202.64,0.44069331,1.16,49.42119169
1668671206.1066744,1202.3,1203.11,0.37761128,-0.28,51.39723875
1668671266.0172038,1204.12,1204.52,0.52044455,1.18,56.29372038
1668671326.0245323,1204.34,1204.54,0.55380464,1.26,56.40986955
1668671386.8387563,1205.55,1205.77,0.74520618,2.63,60.40325813
1668671446.8100808,1205.31,1205.17,0.74673705,1.38,57.88398493
1668671506.8668442,1203.98,1204.82,0.66758857,0.76,55.68336312
1668671567.9236786,1204.6,1203.72,0.57166093,-0.62,51.12095742
1668671627.649326,1203.71,1202.63,0.41493081,-1.32,46.81837376
1668671687.633537,1203.04,1203.23,0.36238921,-0.48,49.17701194
1668671748.6168773,1203.19,1202.98,0.26782202,0.69,48.07941624
1668671808.6152904,1201.75,1202.23,0.05760262,-1.89,45.57751865
1668671868.637516,1202.19,1203.3,0.05202034,-1.04,50.37526552
1668671929.3699093,1203.18,1203.13,0.02861091,-2.42,49.66223497
1668671989.347447,1204.27,1204.06,0.16247017,-1.24,53.34839849
1668672049.3441677,1204.88,1204.72,0.29739844,0.74,55.84744598
1668672110.6079464,1204.8,1205.44,0.41083586,0.83,58.77268443
1668672170.0842905,1205.41,1207.21,0.62876244,3.51,64.83336074
1668672230.125772,1206.52,1206.86,0.72441963,3.81,63.86295428
1668672291.4261937,1206.97,1207.72,0.90961281,4.54,66.66971191
1668672351.464219,1208.06,1207.93,1.07577506,6.19,66.81038857
1668672411.444307,1208.23,1207.9,1.18790875,5.72,65.98707195
1668672472.1915505,1207.01,1207.12,1.12582192,3.95,61.10731177
1668672532.1526046,1205.32,1204.0,0.76023053,-0.27,46.6676451
1668672592.1449308,1203.56,1202.93,0.46580311,-1.95,42.83068161
1668672653.044905,1203.06,1203.63,0.32178094,-1.17,45.92149726
1668672712.9969847,1204.02,1205.13,0.33958859,-0.27,52.16177927
1668672772.9627671,1203.52,1202.94,0.05205928,-3.58,43.40529594
1668672833.6345005,1202.91,1202.96,-0.07281843,-4.01,43.53710052
1668672893.7614443,1203.7,1203.88,-0.04899413,-4.19,47.93017872
1668672953.6985922,1203.51,1203.79,-0.10599669,-4.44,47.68396814
1668673014.5833387,1203.54,1203.91,-0.13277402,-3.09,48.40462519
1668673074.6590106,1204.0,1204.13,-0.11352244,-1.18,49.56376303
1668673134.5684445,1205.22,1205.31,0.05787815,1.75,55.16521015
1668673195.4182098,1205.53,1204.69,0.08871444,1.62,51.53695238
1668673255.371847,1204.14,1204.14,0.02035458,0.13,48.91728174
1668673315.3568778,1204.27,1203.55,-0.03874472,0.03,46.05701713
1668673376.1885586,1203.72,1202.38,-0.17497805,-0.54,40.92797126
1668673436.1848311,1202.45,1201.58,-0.34985985,-2.13,37.83702662
1668673496.1341307,1201.49,1201.43,-0.50478151,-2.09,37.29385726
1668673557.1696374,1201.3,1201.7,-0.60249061,-1.84,39.40682769
1668673617.072261,1202.73,1202.27,-0.5539033,-1.73,43.17865298
1668673677.129007,1201.68,1201.86,-0.64295249,-3.35,41.89058146
1668673737.8974526,1202.37,1202.09,-0.6200008,-3.45,43.37789529
1668673797.791927,1202.75,1201.9,-0.60009403,-2.25,42.87633097
1668673857.8105664,1201.01,1201.4,-0.71485095,-2.87,41.72025761
1668673918.5382266,1203.0,1202.92,-0.52056601,-0.81,48.66133949
1668673978.5584593,1201.79,1201.35,-0.65663869,-1.11,42.91926116
1668674038.5203402,1202.28,1202.49,-0.5369307,0.99,47.54397973
1668674099.5990434,1202.7,1202.57,-0.47645729,1.28,47.89806691
1668674159.541375,1203.24,1203.21,-0.34506922,0.47,50.6657568
1668674219.8873644,1203.84,1202.97,-0.25979044,1.28,49.36034473
1668674280.2582011,1203.17,1204.26,-0.11478252,1.9,54.85092658
1668674340.3624678,1204.36,1203.88,-0.03650943,1.12,52.92843679
1668674400.3336997,1204.67,1204.39,0.10956284,3.39,54.98363664
1668674461.0753214,1204.78,1204.09,0.17223149,1.09,53.19342347
1668674521.03238,1203.92,1203.29,0.12133026,1.49,49.22099127
1668674581.0639243,1203.58,1203.35,0.11272425,1.06,49.42279214
1668674641.8114018,1203.59,1203.23,0.09240624,0.53,48.69106971
1668674701.8552818,1203.12,1203.13,0.04568247,-0.1,48.17757901
1668674761.7673285,1203.16,1203.46,0.04360238,-0.38,50.20174692
1668674822.8680246,1203.63,1203.61,0.06142107,0.45,51.06893978
1668674883.064779,1203.5,1203.15,0.02121161,-1.2,48.12254553
1668674942.726621,1203.46,1203.33,0.02917779,-1.35,49.19452063
1668675003.538444,1203.08,1203.63,0.02487076,-1.14,51.42970005
1668675063.8388672,1204.36,1204.75,0.17114348,0.83,57.96852503
1668675123.565914,1204.77,1204.87,0.24835818,1.3,58.63838857
1668675194.2377274,1204.01,1204.01,0.19378535,0.89,52.57088222
1668675244.3380322,1204.01,1203.75,0.17304461,0.63,50.69286515
1668675304.1623216,1203.72,1203.48,0.12945439,0.32,48.765253
1668675365.2760324,1203.01,1202.81,0.01331654,-0.81,44.43511069
1668675425.2208793,1203.32,1203.05,0.00211385,-0.45,46.1847388
1668675485.120202,1203.29,1203.4,0.004149,-0.05,48.72530152
1668675546.0574307,1202.93,1203.27,-0.04861244,0.19,48.10504026
1668675606.0114496,1203.27,1203.51,-0.04025071,-0.85,50.07843948
1668675665.8824534,1203.51,1203.18,-0.06018149,-1.58,47.40658578
1668675726.9023628,1203.57,1203.73,-0.00597514,-0.47,51.98141598
1668675786.8645356,1204.1,1204.05,0.05926213,0.04,54.46423006
1668675846.9569895,1204.03,1203.18,0.01594936,-0.53,46.70741321
1668675907.8590448,1202.82,1202.64,-0.08215729,-0.36,42.8208581
1668675967.8174489,1201.9,1202.31,-0.20686209,-1.0,41.94499467
1668676027.9293315,1202.49,1203.05,-0.18584064,-0.23,47.9178879
1668676088.6172538,1202.81,1202.63,-0.22678889,-0.29,44.81478514
1668676148.614783,1203.0,1203.44,-0.15449854,0.17,51.20255788
1668676208.6162932,1202.68,1201.66,-0.30740297,-1.84,38.59644846
1668676269.3927588,1201.89,1201.23,-0.39694921,-2.35,36.09615729
1668676329.451464,1201.41,1201.41,-0.45150343,-2.68,37.11153836
1668676389.3728144,1201.01,1200.48,-0.59916502,-3.54,32.06974207
1668676450.8450887,1200.69,1200.69,-0.67781876,-1.21,33.72355695
1668676510.8595057,1200.69,1200.51,-0.69217773,-1.39,32.72258005
1668676570.769432,1200.0,1200.0,-0.84175796,-2.81,30.02953941
1668676631.6455898,1200.45,1200.45,-0.81419014,-2.54,35.15111625
1668676691.674307,1200.01,1200.01,-0.87425308,-2.67,32.70040679
1668676751.5103323,1200.71,1200.71,-0.78426942,-1.17,40.02830936
1668676812.4177327,1200.13,1200.13,-0.83118765,-1.27,36.53218752
1668676872.4529936,1201.05,1201.05,-0.69154654,0.05,44.84864089
1668676932.311391,1200.33,1200.33,-0.73354076,-0.83,40.38828612
1668676993.221176,1197.86,1197.86,-1.06224849,-2.84,29.53600546
1668677053.1440363,1196.01,1196.01,-1.4154404,-4.43,24.32988272
1668677113.097805,1197.75,1197.75,-1.31442345,-2.25,35.88052779
1668677174.0299952,1199.26,1199.26,-1.1149667,-1.19,43.88255705
1668677234.0957918,1198.18,1198.18,-1.19365262,-1.82,40.05411683
1668677294.0116596,1197.28,1197.28,-1.30141595,-3.43,37.14025501
1668677354.7763815,1196.29,1196.29,-1.45408928,-3.83,34.16462215
1668677414.7653575,1197.24,1197.24,-1.36158136,-3.81,39.17013572
1668677474.70232,1197.24,1195.64,-1.48921669,-5.41,34.40288535
1668677535.499886,1195.63,1195.63,-1.55060386,-2.23,34.17951103
1668677595.4502816,1193.46,1193.46,-1.8796814,-2.54,28.73182819
1668677655.4678674,1185.64,1185.64,-3.08777239,-12.1,17.8230079
1668677716.4381022,1187.75,1187.75,-3.21143916,-11.51,26.02260554
1668677776.4360657,1189.46,1189.46,-3.16125056,-8.71,31.9468199
1668677836.354828,1191.42,1191.42,-2.91570702,-5.85,38.06872251
1668677897.3955257,1189.24,1189.24,-3.1213873,-7.05,34.3819516
1668677957.2319224,1189.47,1189.47,-3.07757419,-7.76,35.09857135
1668678017.206431,1187.39,1187.39,-3.31658448,-9.22,31.72431621
1668678077.9447477,1188.3,1188.3,-3.2067927,-7.34,34.69616632
1668678137.9096603,1190.08,1190.08,-2.89071906,-3.39,40.14646168
1668678197.81979,1190.0,1190.0,-2.73207345,4.38,39.9744784
1668678259.394159,1188.44,1188.44,-2.79216924,0.7,36.85095797
1668678319.423497,1189.98,1189.98,-2.4916199,0.52,41.70105352
1668678379.534454,1191.35,1191.35,-2.13095984,-0.07,45.6834931
1668678440.2419846,1192.22,1192.22,-1.78736183,2.99,48.11460134
1668678500.264667,1189.99,1189.99,-1.86678022,0.52,42.82081513
1668678560.0520697,1187.73,1187.73,-2.08783411,0.34,38.23151299
1668678620.727557,1186.21,1186.21,-2.31085363,-2.1,35.47750838
1668678680.8060036,1187.25,1187.25,-2.21723329,-2.82,38.72963951
1668678741.0125208,1186.13,1186.13,-2.34255778,-3.87,36.60632042
1668678801.5679672,1189.39,1189.39,-1.88258452,0.95,45.95313912
1668678861.5519946,1191.06,1191.06,-1.46842564,1.07,50.01860038
1668678921.5413747,1191.85,1191.85,-1.11928988,0.5,51.85963873
1668678982.5363834,1191.1,1191.1,-0.98963239,-1.11,49.9776152
1668679042.580072,1190.67,1190.67,-0.88944137,0.68,48.87924577
1668679102.427158,1191.04,1191.04,-0.72225415,3.31,49.89763977
1668679163.2491584,1191.51,1191.51,-0.54033654,5.3,51.23046496
1668679223.2256858,1191.51,1191.51,-0.42101648,4.26,51.2327478
1668679283.1918807,1192.29,1192.29,-0.21246237,6.17,53.6065022
1668679343.8810947,1192.4,1192.4,-0.07921878,3.01,53.94661559
1668679403.9457395,1191.08,1191.08,-0.16739631,0.02,49.27802459
1668679463.953413,1191.29,1191.29,-0.12177226,-0.57,50.01638923
1668679524.9028242,1190.2,1190.2,-0.25555373,-0.89,46.28508651
1668679584.841777,1189.8,1189.8,-0.34213565,-0.88,44.91603801
1668679644.7929735,1192.13,1192.13,-0.0523221,1.09,53.38464459
1668679705.71784,1192.39,1192.39,0.07200963,0.89,54.15254035
1668679765.7412002,1191.67,1191.67,0.04555999,0.17,51.40251472
1668679825.6725447,1191.3,1191.3,0.01577276,-0.98,50.00167128
1668679887.7651963,1190.38,1190.38,-0.11343235,-2.02,46.59170361
1668679946.497609,1190.72,1190.72,-0.10843096,-0.36,47.99874985
1668680006.5442393,1192.45,1192.45,0.12064638,1.15,54.5705538
1668680067.696103,1192.81,1192.81,0.24027351,2.66,55.83321798
1668680127.6985934,1193.67,1193.67,0.43157313,3.86,58.74252499
1668680187.6601295,1194.47,1194.47,0.63771258,2.34,61.23959981
1668680248.5663445,1193.13,1193.13,0.55002517,0.65,55.09337146
1668680308.5818818,1193.07,1193.07,0.54970777,1.39,54.82307343
1668680368.4640052,1193.94,1193.94,0.67117086,2.65,57.96182375
1668680429.1864505,1194.23,1194.23,0.74468115,3.84,59.00345448
1668680489.0992515,1193.44,1193.44,0.66398706,2.72,55.05315522
1668680549.1753836,1193.27,1193.27,0.61854137,0.81,54.21204127
1668680609.9006848,1193.11,1193.11,0.56327788,0.31,53.38230715
1668680669.9361382,1193.75,1193.75,0.61465806,0.07,56.25053206
1668680729.9214666,1194.67,1194.67,0.73734645,0.16,60.05809194
1668680790.9434478,1194.33,1194.33,0.72012923,1.2,58.06495133
1668680850.9539587,1194.79,1194.79,0.78470993,1.73,60.01749005
1668680910.9360046,1195.0,1195.0,0.82730114,1.05,60.91225561
1668680971.7540925,1193.76,1193.76,0.66282801,-0.47,53.32389221
1668681031.7234128,1193.79,1193.79,0.60876985,0.35,53.46300094
1668681091.718254,1193.29,1193.29,0.48691372,0.02,50.53072238
1668681152.5532894,1192.32,1192.32,0.28001256,-0.78,45.33926365
1668681212.5384614,1191.61,1191.61,0.07373573,-2.14,41.96667993
1668681272.489225,1191.47,1191.47,-0.06350858,-3.19,41.29195373
1668681333.4959202,1191.24,1191.24,-0.19407588,-3.09,40.17946679
1668681393.4432597,1189.68,1189.68,-0.49969519,-5.11,33.56987352
1668681453.4840968,1189.66,1189.66,-0.63939903,-5.34,33.49383888
1668681514.5210755,1190.65,1190.65,-0.60036815,-3.11,40.65871376
1668681574.2816997,1191.83,1191.83,-0.45801336,-1.97,47.86785918
1668681634.2428193,1191.67,1191.67,-0.4376297,-1.63,47.03349294
1668681694.958963,1192.48,1192.48,-0.29155293,0.15,51.6223715
1668681754.987707,1192.85,1192.85,-0.17272824,1.25,53.60685472
1668681814.973558,1192.7,1192.7,-0.12260865,1.23,52.66339142
1668681876.0813737,1193.5,1193.5,0.0405301,2.26,56.99509985
1668681936.0740306,1194.1,1194.1,0.20271046,4.41,59.95575087
1668681996.0078514,1194.09,1194.09,0.28917643,4.43,59.90627167
1668682056.8255167,1194.27,1194.27,0.37969521,3.62,60.84412872
1668682116.8186665,1194.99,1194.99,0.53681855,3.16,64.42845552
1668682176.862434,1194.61,1194.61,0.55570182,2.94,61.23595318
1668682237.7189598,1194.93,1194.93,0.63314033,2.44,62.8932714
1668682297.632734,1193.01,1193.01,0.39393954,0.16,49.24498085
1668682357.6015844,1191.55,1191.55,0.11627696,-1.14,41.80926357
1668682418.427,1192.19,1192.19,0.07913121,-1.3,45.6803965
1668682478.457022,1191.94,1191.94,-0.02621366,-2.15,44.43682163
1668682538.4392624,1191.12,1191.12,-0.20874245,-2.97,40.53857691
1668682599.418295,1191.53,1191.53,-0.24016231,-2.74,43.22065358
1668682659.4044378,1192.14,1192.14,-0.20143578,-2.85,47.0475985
1668682719.435393,1191.23,1191.23,-0.33617938,-3.39,42.47182664
1668682780.2215943,1191.24,1191.82,-0.33273566,-3.12,46.39636332
1668682840.269977,1191.72,1192.13,-0.30768452,-0.87,48.43074811
1668682900.3031795,1192.91,1192.91,-0.16927939,1.36,52.84645458
1668682960.959736,1192.57,1192.7,-0.1453466,0.51,51.58021172
1668683020.9219012,1192.66,1193.05,-0.07760803,1.11,53.6978675
1668683080.9811149,1193.51,1193.78,0.06602901,2.66,57.63601218
1668683142.1453166,1194.03,1194.72,0.23882128,3.19,62.21826343
1668683201.973443,1194.71,1194.54,0.34026257,2.4,60.8957616
1668683262.1466932,1194.6,1197.05,0.62041916,5.83,70.90229868
1668683323.0365472,1197.22,1198.63,0.96561414,7.39,75.14504023
1668683382.8504431,1198.7,1198.55,1.21483925,6.82,74.05187528
1668683442.7235167,1198.57,1197.38,1.29728939,4.48,65.94951097
1668683503.435162,1197.53,1198.27,1.42732978,5.71,69.24467547
1668683563.4992166,1198.74,1201.4,1.78158159,8.74,76.64869071
1668683623.511645,1200.71,1200.97,1.93265224,7.45,75.87982547
1668683684.5986216,1200.39,1200.71,2.01564938,6.68,74.02138356
1668683744.414642,1200.01,1200.69,2.04924624,5.99,72.55836971
1668683804.432672,1200.11,1199.43,1.96034563,4.84,66.36306787
1668683865.1513608,1199.07,1200.65,1.97851223,3.44,69.00479211
1668683925.1697154,1201.74,1202.78,2.22975516,4.05,73.96117467
1668683985.1378007,1203.0,1201.59,2.25292516,3.03,66.62302207
1668684046.0068254,1201.12,1200.29,2.09776195,2.75,60.53534721
1668684105.9732497,1200.25,1199.84,1.94392791,1.1,58.5016308
1668684165.959248,1199.59,1199.75,1.78178845,-0.96,57.9665323
1668684226.7725544,1199.58,1198.32,1.52490625,-2.07,51.79686602
1668684286.7321904,1199.23,1199.81,1.4911841,-0.2,57.8805503
1668684346.7995136,1199.62,1199.1,1.32318017,-1.02,54.55690885
1668684407.788942,1199.02,1198.67,1.14911986,-0.39,52.43506916
1668684467.7376754,1198.19,1199.0,1.00202969,-2.73,53.7695021
1668684527.7322416,1198.38,1198.49,0.82587391,-4.52,51.63544464
1668684588.605479,1198.49,1198.55,0.72260036,-2.56,51.9395893
1668684648.5316374,1199.16,1198.93,0.70071183,-1.32,53.53915062
1668684708.389664,1198.11,1198.14,0.5239286,-1.46,49.46324403
1668684769.3402498,1198.31,1198.69,0.48504712,-0.89,52.32215373
1668684829.2114267,1198.66,1199.12,0.4715021,-0.1,54.54349733
1668684889.1023786,1199.33,1200.48,0.57819066,0.86,60.69210724
1668684950.195159,1199.48,1199.76,0.52242239,0.74,57.72593341
1668685009.3439808,1199.79,1200.0,0.55689327,1.8,58.95067505
1668685069.2061894,1199.94,1199.47,0.52908849,1.09,55.23612957
1668685129.2433915,1199.37,1198.81,0.44745688,0.31,50.77893236
1668685189.1635332,1198.67,1198.24,0.32931757,-0.92,47.26416977
1668685249.1133134,1198.81,1198.93,0.33314548,0.82,51.6145149
1668685309.1950843,1199.03,1198.74,0.28648475,0.43,50.17063141
1668685369.1874654,1197.81,1197.98,0.1231316,-0.69,45.6600081
1668685429.418074,1197.81,1197.47,0.00071556,-1.86,42.38411443
1668685489.2748244,1198.15,1199.49,0.11905929,0.02,55.69121806
1668685549.2279408,1199.88,1200.36,0.26010336,0.57,60.12111481
1668685609.215672,1200.32,1200.21,0.32946459,0.28,59.09663517
1668685669.2167842,1201.04,1200.7,0.47214529,1.32,60.73836424
1668685729.1647854,1200.72,1200.96,0.54927455,2.3,62.08106174
1668685789.387056,1200.9,1201.31,0.62580283,2.49,63.84032459
1668685849.1796403,1201.28,1201.96,0.73300833,2.94,66.88023563
1668685909.4572744,1203.44,1203.5,1.02390977,5.69,72.38221584
1668685969.3579743,1202.42,1201.83,0.94792833,4.02,60.53681515
1668686029.1603413,1202.25,1201.87,0.97477942,3.71,60.6056391
1668686089.2372952,1202.91,1202.48,1.07178911,2.61,62.77166193
1668686159.317886,1202.41,1202.59,1.07503477,2.27,63.10602125
1668686209.2221875,1202.35,1202.36,1.03533135,1.33,61.85296105
1668686279.211861,1203.1,1202.84,1.0919184,2.12,63.08990848
1668686329.182768,1202.83,1203.07,1.09467562,2.18,64.1130502
1668686399.4602757,1203.26,1203.5,1.13223096,2.22,66.04378725
1668686469.2882082,1203.79,1204.35,1.22130343,0.92,69.56453094
1668686509.3019595,1204.13,1202.87,1.12867505,0.46,58.48329043
1668686569.266073,1202.09,1202.5,0.97819336,0.25,55.67078503
1668686629.3752377,1202.26,1202.78,0.90607618,-0.14,57.18403718
1668686689.2605178,1202.29,1202.03,0.76423998,-0.39,52.82929776
1668686749.203086,1202.97,1203.37,0.83920388,1.03,60.40058209
1668686819.2948103,1203.92,1202.86,0.82220733,-0.24,55.6222219
1668686869.372223,1202.87,1203.07,0.78438028,0.25,56.72389019
1668686929.2186515,1202.77,1202.77,0.70276206,-0.5,55.01975417
1668686999.3144298,1203.64,1203.39,0.75135877,-0.39,57.74820155
1668687049.241025,1203.16,1203.4,0.71313708,-0.74,57.46810649
1668687109.29392,1203.7,1203.19,0.69178926,1.11,55.39823498
1668687169.2809863,1202.66,1202.75,0.58068765,0.49,52.635408
1668687229.1960323,1202.2,1202.06,0.43061606,-0.23,48.56493472
1668687289.2843556,1201.16,1201.01,0.20393897,-1.95,43.0561894
1668687349.2866316,1201.67,1201.75,0.17994942,-2.15,47.47879194
1668687409.2841384,1202.03,1201.42,0.10877434,-1.46,45.72899731
1668687469.292662,1201.11,1200.42,-0.06459416,-2.36,40.81545671
1668687529.1698058,1199.0,1198.9,-0.38902517,-4.73,34.94874284
1668687589.2454033,1199.15,1199.3,-0.50333587,-3.85,37.31058554
1668687649.5178864,1199.43,1199.87,-0.54868255,-3.83,41.10927154
1668687709.3495371,1199.45,1199.3,-0.65803668,-3.36,37.59686352
1668687789.2699497,1199.05,1198.12,-0.81948377,-4.07,32.69022179
1668687829.2802358,1198.24,1198.15,-0.91121684,-3.01,32.77805155
1668687889.4139366,1197.93,1197.24,-1.06572067,-4.43,29.34850193
1668687949.5207818,1197.7,1199.07,-0.98594542,-2.96,41.63876666
1668688009.2533538,1199.09,1198.89,-0.95470953,-2.22,40.78108677
1668688069.3151577,1198.7,1198.94,-0.92770475,-0.06,41.60684606
1668688139.441992,1199.3,1198.12,-0.92734977,-1.02,38.40047106
1668688189.4725776,1198.19,1198.04,-0.94231471,-1.39,38.02469039
1668688249.247542,1198.91,1199.71,-0.76024769,0.27,48.3539477
1668688309.3397691,1199.7,1200.04,-0.63760448,1.0,50.24987308
1668688369.3039205,1199.99,1199.69,-0.56400919,1.46,48.23263496
1668688429.3502383,1200.47,1200.15,-0.41330186,2.22,50.71703426
1668688489.549816,1200.23,1200.37,-0.31616384,2.66,52.06200368
1668688549.514626,1200.55,1200.37,-0.23036924,1.28,51.8858232
1668688609.2955875,1199.98,1200.43,-0.19100979,1.72,52.24469271
1668688669.3535128,1200.31,1200.1,-0.16733671,0.79,50.07295821
1668688729.2980914,1199.8,1199.01,-0.2454271,0.83,43.41751865
1668688789.403627,1198.79,1199.59,-0.25110348,0.68,47.70793354
1668688849.3811584,1199.3,1198.86,-0.31627505,-0.84,43.31916638
1668688909.3640814,1198.91,1199.6,-0.28348633,-0.4,48.42537643
1668688969.3553312,1199.75,1200.24,-0.19677383,-0.22,52.41390662
1668689029.3464267,1200.27,1199.52,-0.19155736,-0.71,47.85596197
1668689089.358988,1199.64,1198.19,-0.28648429,-2.36,40.80197553
1668689149.630469,1197.42,1197.86,-0.43821682,-2.12,40.47574478
1668689209.3734643,1198.15,1198.83,-0.408121,-1.48,46.20971406
1668689269.3945637,1198.72,1198.86,-0.40302234,-0.93,46.43149967
1668689329.3548255,1198.94,1198.87,-0.38121901,0.07,46.51922508
1668689389.4180143,1198.97,1199.01,-0.34809008,-0.28,47.33732909
1668689449.3952208,1198.71,1198.64,-0.37179436,-0.26,45.17912029
1668689509.425653,1199.46,1199.22,-0.27184823,-0.53,48.9295707
1668689569.4971974,1199.45,1199.66,-0.19241985,-0.61,51.77003752
1668689629.306894,1199.77,1199.77,-0.12619684,0.14,52.46952815
1668689689.4615808,1199.94,1199.94,-0.05571789,2.52,53.58978969
1668689749.527379,1200.58,1200.4,0.06623963,2.24,56.13227947
1668689809.340121,1200.92,1201.41,0.23300767,2.69,62.41970506
1668689869.6504948,1201.39,1201.3,0.31850456,2.35,61.47619698
1668689929.6203127,1200.29,1201.22,0.31513743,2.25,58.79236924
1668689989.4164898,1202.74,1204.48,0.72446605,5.76,70.99983247
1668690049.4571166,1203.69,1203.7,0.83165621,4.25,68.70823667
1668690109.4255,1202.26,1201.53,0.69373853,2.09,55.28031164
1668690169.432627,1201.97,1202.07,0.7379535,2.3,58.13179175
1668690229.3802996,1201.86,1201.09,0.64495882,1.15,52.44396492
1668690289.4015808,1200.51,1198.14,0.3080655,-2.45,39.5294178
1668690349.4316108,1196.42,1197.44,-0.08492832,-3.48,39.40473013
1668690409.4502962,1195.41,1195.53,-0.56238068,-5.86,32.57896896
1668690469.3801782,1195.71,1196.23,-0.73624345,-4.07,36.28334486
1668690529.4054973,1196.88,1196.85,-0.78521203,-5.88,39.34860276
1668690589.3487856,1195.88,1196.05,-0.97943947,-7.64,37.33172371
1668690649.3996472,1196.09,1194.12,-1.21193816,-8.14,32.06374642
1668690709.593553,1194.08,1194.54,-1.35111831,-7.43,34.3606758
1668690769.4349968,1193.54,1193.25,-1.60737755,-8.6,29.94967333
1668690829.3761082,1193.02,1194.16,-1.66766557,-6.36,35.58709728
1668690889.4186647,1194.72,1195.57,-1.5357918,-0.86,42.1753877
1668690949.484419,1195.26,1194.77,-1.5328713,-0.64,39.21137589
1668691009.4456556,1196.01,1195.87,-1.32960922,0.16,43.73110222
1668691069.485648,1195.59,1194.53,-1.35683624,-2.36,39.13775809
1668691129.4401488,1194.04,1192.72,-1.51853144,-3.16,33.96637539
1668691189.4574077,1191.59,1188.95,-1.96824865,-7.13,26.21588556
1668691249.640691,1190.94,1187.02,-2.25954769,-7.06,23.03736449
1668691309.614392,1189.01,1191.0,-2.14509891,-2.53,35.24516339
1668691369.513903,1192.3,1193.6,-1.86850953,0.57,44.60114825
1668691429.5571656,1192.86,1192.24,-1.86644707,-2.47,40.49621922
1668691489.4139678,1191.62,1193.42,-1.74135741,-1.83,45.35888822
1668691549.6497874,1192.91,1192.64,-1.67776682,-3.36,42.95198962
1668691609.3924327,1192.14,1194.27,-1.47833316,-1.31,48.82575615
1668691669.6452222,1194.62,1194.74,-1.21431035,0.69,50.2034748
1668691729.519503,1194.65,1195.07,-0.99409384,3.48,51.26934867
1668691789.5072937,1193.89,1194.43,-0.9295776,3.5,49.40072407
1668691849.5096135,1194.03,1196.15,-0.681491,7.13,54.89548713
1668691909.5242386,1197.54,1195.67,-0.40765091,3.37,52.44665119
1668691969.5250762,1193.25,1192.68,-0.66227485,-0.17,44.9153232
1668692029.5825796,1191.94,1192.81,-0.73817701,1.2,45.77809938
1668692089.5410514,1192.51,1191.5,-0.8715043,-1.41,42.51413638
1668692149.530722,1191.9,1189.91,-1.04447387,-2.22,38.92909717
1668692209.6326125,1191.29,1191.62,-0.97167419,-3.0,43.09225054
1668692269.522581,1192.64,1193.01,-0.81548309,-1.65,47.50285104
1668692329.634888,1192.94,1193.04,-0.74948554,-0.84,47.61902792
1668692389.5771737,1193.36,1191.46,-0.79119291,-2.57,43.18193078
1668692449.7131343,1190.93,1190.06,-0.97979274,-7.47,39.73156209
1668692509.54846,1190.04,1189.83,-1.10160417,-3.42,39.16399493
1668692569.6431649,1187.4,1186.84,-1.57266071,-5.1,32.94081662
1668692629.5090754,1187.59,1188.16,-1.61980932,-4.26,36.98296488
1668692689.4954174,1188.4,1189.11,-1.5952151,-2.78,40.56147889
1668692749.556908,1189.41,1189.76,-1.4938062,-1.52,42.87871823
1668692809.5131042,1189.76,1188.42,-1.53171661,-4.22,39.29719023
1668692869.5601096,1188.5,1189.4,-1.46085008,-3.54,42.96241475
1668692929.584585,1189.85,1187.98,-1.47861564,-5.38,39.62472637
1668692989.6248617,1186.25,1185.81,-1.78161809,-5.11,35.05643692
1668693049.609695,1186.84,1187.31,-1.70998035,-2.74,39.72628993
1668693109.524794,1187.1,1187.66,-1.68313021,0.27,41.08422896
1668693169.6149306,1187.73,1187.35,-1.65020592,-0.24,40.32351624
1668693229.760805,1187.54,1188.51,-1.50512604,0.12,44.59741034
1668693289.5419014,1188.99,1189.73,-1.2593057,0.19,48.89990594
1668693349.833942,1189.05,1188.01,-1.26207456,-1.74,43.19791368
1668693409.5863192,1187.9,1189.1,-1.12656909,0.61,47.48848464
1668693469.6098833,1188.85,1189.37,-0.99455874,-0.48,48.56183268
1668693529.5794003,1190.37,1190.26,-0.73159448,3.98,51.56943227
1668693589.5344164,1190.35,1190.76,-0.5355423,3.93,53.36782137
1668693649.5791626,1190.25,1189.47,-0.51515417,2.37,48.40625623
1668693709.6691432,1189.39,1190.24,-0.40432195,2.51,51.51375852
1668693769.6164129,1190.48,1191.09,-0.225917,3.54,54.65805528
1668693829.602378,1191.94,1191.76,0.00784867,2.76,56.65769724
1668693889.5964928,1192.17,1192.47,0.21843375,3.42,59.24560951
1668693949.5726774,1192.02,1192.13,0.3010948,4.22,57.93330131
1668694009.7191858,1192.07,1191.89,0.3677105,3.03,56.74001557
1668694069.5376768,1191.54,1190.78,0.30935817,0.4,51.15530706
1668694129.6427765,1190.03,1189.68,0.14866372,-0.66,46.40782677
1668694189.6753104,1189.81,1190.04,0.10404366,-0.21,48.10132008
1668694249.590109,1189.86,1189.52,0.00720655,0.12,45.59923767
1668694309.60252,1189.02,1189.72,-0.07233599,-0.76,47.21690132
1668694369.5568812,1189.4,1189.6,-0.13247903,-2.35,46.68726238
1668694429.511529,1189.29,1189.6,-0.17655812,-2.56,46.88391615
1668694489.5421195,1191.28,1191.12,0.03501934,-0.9,54.272747
1668694549.6269703,1192.53,1193.86,0.4008049,1.79,64.59690849
1668694609.63095,1192.98,1193.88,0.54270895,2.34,64.86005883
1668694669.571224,1192.95,1191.57,0.4611405,1.53,53.71100265
1668694730.123217,1191.62,1191.03,0.41009647,1.22,50.95884479
1668694790.0227275,1191.14,1190.2,0.30162948,0.34,46.97219352
1668694850.0849369,1190.54,1191.33,0.31742819,2.31,52.41959311
1668694910.8294327,1191.34,1191.59,0.32630459,2.2,53.6635362
1668694970.8518777,1190.13,1189.55,0.07626752,0.26,44.11241837
1668695030.835435,1189.3,1188.96,-0.09108849,-2.32,41.70771379
1668695092.0266647,1188.72,1188.78,-0.23406973,-3.75,41.10898065
1668695158.487055,1188.79,1187.25,-0.451101,-5.74,35.29836101
1668695212.288165,1187.19,1187.91,-0.56766074,-5.05,39.44151773
1668695275.1002142,1187.07,1188.57,-0.64660892,-3.06,43.5885186
1668695335.1134586,1187.71,1188.04,-0.74385061,-3.09,40.8658486
1668695395.0235205,1188.65,1189.25,-0.62495716,-1.28,47.63507932
1668695455.8069658,1189.66,1190.2,-0.46114915,-1.13,52.27618686
1668695515.8770068,1191.21,1191.93,-0.15296707,1.81,59.27534083
1668695575.860139,1193.25,1192.99,0.1923467,3.69,62.17757981
1668695636.653719,1192.88,1192.12,0.3026487,3.39,57.69949955
1668695696.8148625,1192.39,1192.32,0.42446153,3.54,58.65688805
1668695756.6427171,1192.46,1194.0,0.64083574,6.82,64.63656557
1668695817.6012805,1194.11,1194.28,0.82404291,7.2,65.49984609
1668695877.619132,1194.89,1193.26,0.90751818,5.54,58.5488202
1668695937.5386326,1192.99,1193.19,0.90223879,4.55,58.02093518
1668695998.343372,1192.59,1191.36,0.72175831,1.7,50.0619003
1668696058.3369265,1191.89,1192.47,0.73082068,1.26,54.58988666
1668696118.344013,1193.46,1192.63,0.77020569,-0.61,54.3101149
1668696179.2335443,1193.39,1193.98,0.88491214,1.1,59.88247519
1668696239.1987898,1193.18,1194.0,0.8695209,1.62,59.81554584
1668696299.1609285,1194.33,1194.8,0.98231116,2.35,62.57133208
1668696360.198148,1195.64,1194.94,1.10175528,0.83,61.33129791
1668696420.2310443,1196.19,1196.98,1.36937973,2.09,69.00464165
1668696480.1114452,1196.84,1195.15,1.3307216,2.16,59.34995749
1668696541.091165,1195.55,1195.83,1.37290009,3.24,62.25350487
1668696601.0966763,1195.49,1195.52,1.31901454,3.63,61.08114605
1668696661.2314434,1196.2,1196.45,1.40032525,2.99,64.29562035
1668696722.2006652,1196.28,1195.92,1.35158198,2.53,61.47231351
1668696781.941121,1195.96,1195.31,1.26365862,2.13,57.69208244
1668696841.9165726,1194.94,1194.92,1.12273169,0.58,55.51775032
1668696918.2381172,1194.07,1194.07,0.7962738,-2.12,50.83478506
1668696964.810226,1194.07,1194.7,0.84653021,-1.49,54.02922593
1668697024.9341793,1195.4,1194.47,0.79476905,-2.37,52.09772467
1668697085.6897397,1193.81,1193.81,0.52088156,-1.67,48.86104066
1668697145.792908,1193.81,1194.21,0.55279039,-1.27,50.87850848
1668697205.9361334,1193.43,1193.1,0.34036938,-3.11,45.43353657
1668697266.60463,1192.55,1192.29,0.12032331,-3.98,41.86405763
1668697326.559113,1191.8,1191.68,-0.09791421,-4.29,39.37837762
1668697386.8196878,1191.49,1191.04,-0.30052966,-3.89,36.81660518
1668697448.2404337,1190.03,1189.61,-0.6196296,-4.94,31.9578698
1668697508.2422342,1190.68,1192.33,-0.51595319,-1.74,46.47598803
1668697568.2208886,1192.35,1193.17,-0.42748861,-2.24,50.39628027
1668697628.955853,1194.34,1194.18,-0.20193559,-0.17,54.24758993
1668697688.9461963,1194.03,1194.83,-0.05343921,1.01,56.68029344
1668697748.9467404,1194.97,1195.09,0.10101052,1.66,57.63675031
1668697809.8129926,1194.99,1194.65,0.17209924,2.1,55.44324482
1668697869.8325803,1194.01,1194.19,0.15473032,2.39,53.13544376
1668697929.810107,1195.12,1195.02,0.30347346,3.54,56.3252195
1668697990.5974903,1194.58,1194.58,0.32928378,3.89,54.05027243
1668698050.5708363,1195.62,1195.62,0.48334551,3.26,58.43242413
1668698110.5167508,1196.01,1196.01,0.58867283,1.66,59.97148004
1668698171.5781476,1195.66,1195.66,0.59063404,1.62,57.89960564
1668698231.6332834,1199.4,1199.4,1.13601025,4.44,69.87587075
1668698291.6770146,1199.4,1201.32,1.28917265,6.36,73.96969182
1668698352.3741906,1208.93,1208.93,3.37347227,14.93,75.37847924
1668698412.3930671,1209.35,1209.35,3.80696087,14.23,75.82227252
1668698472.4361403,1212.66,1212.66,4.54424866,17.78,78.89983042
1668698533.3087504,1213.53,1213.53,4.98684653,18.94,79.63347011
1668698593.3376236,1215.0,1215.0,5.43020938,19.38,80.84533499
1668698653.3642492,1214.45,1214.45,5.54668298,18.44,78.9498281
1668698714.4231503,1215.0,1215.0,5.68561036,19.34,79.49462454
1668698774.689628,1212.98,1212.98,5.41036137,13.58,72.46143375
1668698834.4947395,1210.43,1210.43,4.89944444,-1.46,64.65392714
1668698895.578354,1212.53,1212.53,4.8983133,3.59,67.75186026
1668698955.3818395,1213.34,1213.34,4.82794915,3.99,68.80585218
1668699015.3841507,1213.45,1213.45,4.68022647,0.8,69.03427913
1668699076.2589812,1209.56,1209.56,3.9549943,-3.97,57.82184852
1668699136.327615,1210.95,1210.95,3.78009729,-4.05,60.3124991
1668699196.2075014,1210.29,1210.29,3.42044313,-4.17,58.55781304
1668699257.887746,1210.59,1210.59,3.18334182,-4.4,59.1427105
1668699317.807546,1208.29,1208.29,2.61741771,-4.69,52.97022405
1668699377.8015766,1208.03,1208.03,2.25058043,-2.41,52.3052042
1668699438.9193678,1208.55,1208.55,2.02790803,-3.97,53.55888864
1668699498.937458,1209.59,1209.59,1.94485678,-3.79,56.04727452
1668699558.792924,1210.33,1210.33,1.89661739,-3.12,57.78244627
1668699619.666149,1210.22,1210.22,1.77603462,0.65,57.42841469
1668699679.7251065,1212.18,1212.18,1.94526666,1.24,62.00731918
1668699739.637581,1209.78,1209.78,1.5939186,-0.51,54.30500121
1668699800.4151864,1210.14,1210.14,1.50137086,-0.45,55.20386721
1668699860.4296906,1210.21,1210.21,1.39853197,1.92,55.3896428
1668699920.5404422,1210.89,1210.89,1.39378312,2.87,57.22726109
1668699981.5046165,1210.94,1210.94,1.33998831,2.39,57.3537512
1668700041.51167,1209.77,1209.77,1.11281087,0.18,53.01887306
1668700101.5715816,1205.56,1205.56,0.40075457,-4.76,41.01435527
1668700162.3752117,1204.15,1204.15,-0.09788955,-6.07,37.91702397
1668700222.41013,1200.72,1200.72,-0.88419865,-11.46,31.65452985
1668700282.3153608,1198.67,1198.67,-1.56559628,-11.11,28.61281753
1668700343.1821358,1191.69,1191.69,-2.94019949,-18.45,21.15792245
1668700403.2265482,1191.11,1191.11,-3.62878915,-19.09,20.67523693
1668700463.0952282,1193.53,1193.53,-3.74920682,-17.35,28.02498167
1668700524.2701795,1191.22,1191.22,-4.27800536,-19.73,25.58029192
1668700584.2908936,1193.16,1193.16,-4.22617785,-16.6,31.00833524
1668700644.3222785,1192.73,1192.73,-4.31820467,-12.83,30.45961283
1668700705.2803924,1193.55,1193.55,-4.19892812,-10.6,32.81470063
1668700765.258971,1193.74,1193.74,-4.08201751,-6.98,33.38156031
1668700825.3255265,1192.8,1192.8,-4.0886578,-5.87,31.94550867
1668700886.1291325,1194.39,1194.39,-3.76375003,2.7,36.89099188
1668700946.1629577,1190.12,1190.12,-4.16990886,-1.0,30.50221551
1668701006.090312,1193.9,1193.9,-3.63814019,0.37,40.37311325
1668701067.4926128,1194.51,1194.51,-3.33130989,3.28,41.80281204
1668701127.461901,1194.18,1194.18,-3.13648555,1.03,41.21591364
1668701187.4334269,1194.73,1194.73,-2.85096867,1.99,42.63652089
1668701248.3179762,1196.08,1196.08,-2.43830971,2.53,46.09587801
1668701308.2548704,1200.5,1200.5,-1.54675742,6.76,55.54482848
1668701368.3543408,1199.23,1199.23,-1.28638996,6.43,52.68897675
1668701429.408503,1197.53,1197.53,-1.22743962,3.14,49.04931612
1668701489.1753802,1198.2,1198.2,-0.96754443,8.09,50.50285272
1668701549.1060789,1199.01,1199.01,-0.68025865,5.1,52.27607272
1668701609.905592,1197.81,1197.81,-0.66705955,3.31,49.45175795
1668701669.945806,1198.66,1198.66,-0.45334314,4.47,51.45073568
1668701729.9109728,1202.38,1202.38,0.19076779,7.66,59.09104582
1668701790.9735825,1201.02,1201.02,0.26972891,4.95,55.64760072
1668701851.0047193,1202.22,1202.22,0.5819126,1.73,57.98682997
1668701911.023934,1203.73,1203.73,0.95956834,4.51,60.77053813
1668701971.7935846,1205.49,1205.49,1.39893188,7.95,63.78951393
1668702031.7743306,1203.46,1203.46,1.32901446,5.27,58.2147334
1668702091.8367188,1202.45,1202.45,1.24319735,3.45,55.61696165
1668702152.716221,1204.18,1204.18,1.47071672,6.37,58.98429054
1668702212.6888435,1203.51,1203.51,1.42813444,4.84,57.16646869
1668702272.6910634,1203.33,1203.33,1.39493572,0.96,56.66474602
1668702333.7025015,1204.75,1204.75,1.56502236,3.72,59.68224595
1668702393.7228408,1206.47,1206.47,1.8348494,4.26,63.03909838
1668702453.67582,1207.58,1207.58,2.07476472,3.84,65.06131805
1668702514.5529375,1210.42,1210.42,2.57180854,4.92,69.63566159
1668702574.5585272,1209.71,1209.71,2.65344015,6.26,67.2493131
1668702634.569195,1209.86,1209.86,2.75274601,7.42,67.50210552
1668702695.4519358,1207.47,1207.47,2.45318905,3.28,59.65016887
1668702755.3936102,1207.21,1207.21,2.30191549,3.71,58.83922608
1668702815.580191,1210.7,1210.7,2.66739362,7.38,65.54121014
1668702876.4528844,1210.4,1210.4,2.66280726,5.66,64.56797554
1668702936.442376,1208.66,1208.66,2.40103179,2.2,59.08025599
1668702996.4178908,1208.35,1208.35,2.2341266,0.78,58.14289493
1668703057.2988636,1209.46,1209.46,2.25357159,-0.96,60.58043112
1668703117.3183126,1208.86,1208.86,2.08955761,-0.84,58.60484166
1668703177.3255882,1209.06,1209.06,2.0030162,-0.79,59.0865998
1668703238.1066473,1207.89,1207.89,1.7344927,0.41,55.05033172
1668703298.151563,1206.3,1206.3,1.3545505,-0.9,50.04033934
1668703358.0868886,1208.37,1208.37,1.43155807,-2.33,55.70504944
1668703419.0431924,1208.49,1208.49,1.36316714,-1.91,56.01638915
1668703479.001584,1208.15,1208.15,1.23787074,-0.5,54.83641311
1668703538.9657452,1208.05,1208.05,1.13333583,-0.3,54.48050785
1668703599.9899838,1209.24,1209.24,1.21237516,-0.21,58.03587839
1668703659.8782356,1209.98,1209.98,1.29134316,1.12,60.12049421
1668703719.942814,1208.71,1208.71,1.11702786,-0.35,55.04519721
1668703780.743658,1209.43,1208.61,1.07970956,0.72,54.03449276
1668703840.7125485,1207.26,1208.51,0.9014183,2.18,53.38715415
1668703900.799602,1209.06,1209.23,0.92652788,0.86,55.4461793
1668703961.5497663,1209.02,1209.17,0.88478777,0.68,55.28977786
1668704021.5571065,1209.3,1209.09,0.85551134,0.95,54.84317361
1668704081.6208668,1207.67,1206.59,0.52843603,-1.46,46.09192248
1668704142.648017,1206.86,1208.21,0.50076783,-1.02,51.69268691
1668704202.5968742,1210.06,1209.92,0.70747728,-0.06,56.46477615
1668704262.5316756,1210.55,1213.53,1.07189681,4.75,65.1811757
1668704323.511808,1212.82,1211.56,1.10555637,2.12,59.10409215
1668704383.4377446,1210.34,1210.58,1.0091457,3.32,55.83069061
1668704443.4365082,1211.09,1210.9,1.05653849,1.85,56.43081798
1668704504.2407005,1211.85,1213.89,1.34615894,4.86,63.52884485
1668704564.2827923,1214.5,1216.23,1.7232069,6.94,67.87521881
1668704624.1838577,1215.86,1215.22,1.85748514,7.55,64.86162956
1668704685.2367277,1215.57,1215.01,1.96882528,8.15,63.97224371
1668704745.2290509,1214.52,1215.18,1.99512797,5.11,63.65930491
1668704805.3010063,1215.16,1214.63,1.97913318,4.08,61.53530017
1668704866.0808108,1215.01,1213.75,1.89726145,0.92,58.06708753
1668704926.1533678,1213.3,1213.3,1.72475779,2.97,56.48654802
1668704986.0577743,1212.95,1212.94,1.54718426,1.84,55.19226807
1668705046.969524,1212.71,1212.02,1.32537168,0.17,51.74123341
1668705106.9565904,1212.37,1212.77,1.23224353,-1.74,54.41801702
1668705166.959998,1210.35,1210.38,0.78304243,-5.49,46.06167364
1668705227.7571304,1209.01,1208.3,0.32436558,-7.27,39.94752741
1668705287.81979,1208.98,1209.48,0.18293464,-5.04,43.94472505
1668705347.7988262,1208.49,1208.69,-0.0970769,-6.48,41.27385403
1668705408.8984723,1209.29,1208.21,-0.25419882,-6.79,40.41927348
1668705468.8368046,1207.75,1207.76,-0.47737281,-5.54,39.17278444
1668705528.8686748,1207.6,1207.6,-0.63941141,-5.34,38.66733668
1668705590.0731032,1207.72,1207.82,-0.72414645,-4.89,39.75632278
1668705650.0444074,1208.18,1208.23,-0.73552776,-4.14,41.81879878
1668705710.076683,1207.19,1207.06,-0.91656574,-3.28,37.74433528
1668705770.862107,1206.87,1206.47,-1.04171856,-2.55,35.8015176
1668705830.8344376,1206.37,1206.9,-1.08664257,-2.09,38.56701588
1668705890.849589,1207.59,1206.88,-1.06292915,-1.61,39.60364293
1668705951.9208689,1206.65,1207.87,-1.0105532,-1.43,44.96607958
1668706011.961735,1208.57,1208.64,-0.83908897,0.9,48.2641115
1668706071.9916964,1207.69,1208.0,-0.84911919,0.39,46.08282367
1668706132.791389,1208.25,1208.33,-0.74496325,0.6,47.52104124
1668706192.7335095,1208.36,1207.77,-0.71456041,-0.41,45.19689911
1668706252.7220726,1207.82,1208.78,-0.59958214,1.6,49.93611083
1668706313.6240036,1208.13,1207.99,-0.6100862,1.13,46.29570323
1668706373.6224751,1208.31,1207.87,-0.55997737,1.49,45.76386097
1668706433.5931675,1207.16,1207.26,-0.6261109,-0.33,43.2785891
1668706494.5461314,1207.22,1206.6,-0.68276921,-0.05,40.33222007
1668706554.5275505,1206.15,1205.47,-0.83411193,-3.1,36.01146144
1668706614.6946812,1206.38,1206.77,-0.75591989,-0.91,42.48286145
1668706675.468843,1207.04,1207.12,-0.69774376,-1.14,44.5636111
1668706735.4692311,1206.61,1206.33,-0.75551859,-2.02,40.78195772
1668706795.4363954,1206.01,1205.84,-0.81971228,-1.99,38.64722599
1668706856.4300888,1205.75,1205.89,-0.84221064,-2.23,39.30640379
1668706916.229653,1205.06,1204.95,-0.96824785,-3.36,34.8801131
1668706976.234547,1205.03,1204.26,-1.0560767,-2.91,32.05861732
1668707037.0428224,1204.87,1204.35,-1.07310373,-2.86,32.24608118
1668707096.998861,1205.03,1204.98,-1.0202017,-1.17,35.63529722
1668707157.0369973,1204.51,1205.2,-1.0210253,-1.17,39.37911278
1668707218.0200534,1205.81,1206.1,-0.87129517,-0.94,45.85716209
1668707278.0641975,1205.85,1205.29,-0.86342544,-1.32,40.89838931
1668707338.0389948,1205.6,1205.72,-0.7777661,-0.28,43.61179667
1668707398.8682518,1205.19,1204.51,-0.85032355,-1.23,36.55510543
1668707458.776873,1205.28,1207.41,-0.58496687,2.32,55.76310453
1668707518.8356898,1205.7,1206.99,-0.55673264,1.96,54.02947471
1668707579.7198527,1206.5,1207.91,-0.37880712,3.04,59.49708794
1668707639.6334484,1207.42,1207.28,-0.28490085,2.25,55.74988544
1668707699.6614406,1208.0,1207.94,-0.0798455,3.43,59.62527616
1668707760.6335406,1207.85,1208.89,0.10633602,3.08,64.41034797
1668707820.688709,1209.43,1210.55,0.42229836,4.72,70.96576697
1668707880.6862533,1210.34,1209.68,0.54894926,4.09,64.88880473
1668707941.546655,1209.69,1210.25,0.70113223,5.07,67.25268884
1668708001.5148754,1209.92,1211.99,0.93084328,6.71,73.18991595
1668708061.528577,1211.26,1211.87,1.06567461,6.16,72.98689274
1668708122.337056,1211.03,1210.56,1.04855452,4.06,65.26072002
1668708182.322193,1211.75,1214.19,1.43917271,6.77,78.24741057
1668708242.3250828,1213.27,1210.65,1.31475605,2.64,58.84160971
1668708303.351352,1209.85,1210.82,1.2240841,2.97,58.53647343
1668708363.3281727,1210.39,1211.23,1.19531741,1.8,60.0636105
1668708423.3641543,1211.26,1211.47,1.20702535,1.13,60.90061061
1668708484.2981546,1211.77,1211.21,1.19830436,1.52,58.86031691
1668708544.3036268,1210.19,1210.64,1.05138954,0.71,55.75359139
1668708604.282762,1209.21,1210.0,0.84829976,-1.26,52.97902016
1668708665.1383357,1210.27,1211.72,0.92334416,0.69,59.03250576
1668708725.1580646,1211.61,1210.97,0.88812924,-0.79,55.74240537
1668708785.1790524,1211.11,1212.47,0.9855647,-0.8,60.89051393
1668708847.3192935,1211.79,1211.82,0.94756326,1.97,58.85855062
1668708907.2682726,1211.32,1210.82,0.83953989,0.43,54.02891725
1668708967.251193,1211.44,1211.41,0.86121512,0.15,56.76271356
1668709028.227107,1211.47,1210.67,0.77429712,-1.1,52.71680662
1668709088.110769,1210.89,1211.35,0.76203591,1.15,55.96422217
1668709148.2574313,1211.43,1212.07,0.79234953,2.86,59.10114462
1668709209.0193508,1212.08,1212.75,0.85568996,2.47,61.88741142
1668709268.949575,1211.83,1211.68,0.75354489,0.06,56.65538545
1668709328.9447682,1212.22,1212.23,0.79894639,1.11,59.45220423
1668709389.8561003,1211.41,1210.95,0.64029134,-0.84,51.56753791
1668709449.972783,1210.74,1211.53,0.59203469,0.2,54.5309429
1668709509.75895,1211.5,1211.09,0.5236665,-0.35,51.97724102
1668709570.843672,1209.78,1209.78,0.19599854,-1.12,45.31798444
1668709630.867595,1209.8,1209.8,0.10310372,-1.64,45.43788675
1668709690.7772748,1210.28,1210.28,0.09513602,-1.79,48.36869556
1668709751.5649557,1210.43,1210.43,0.08025486,-1.4,49.28124965
1668709811.4759903,1209.97,1209.97,-0.00734542,-2.24,46.56178547
1668709871.4702668,1210.19,1210.19,-0.01604489,-1.23,48.03862001
1668709932.289471,1209.55,1209.55,-0.12689976,-1.18,44.2108102
1668709992.5163531,1209.42,1209.42,-0.19006725,-2.07,43.44899464
1668710052.2815516,1209.96,1209.96,-0.15417166,-0.37,47.47268151
1668710113.323189,1209.88,1209.88,-0.16872512,0.1,46.92967553
1668710173.305453,1210.22,1210.22,-0.12452551,0.42,49.53267619
1668710233.3529725,1212.34,1212.34,0.18995247,2.07,62.01748362
1668710294.2044575,1212.01,1212.01,0.25378421,1.57,59.52793718
1668710354.2297118,1212.27,1212.27,0.35890678,2.3,60.8478593
1668710414.172895,1211.55,1211.55,0.31853089,1.36,55.4451511
1668710474.9224856,1211.96,1211.96,0.38685063,2.41,57.73664151
1668710534.890792,1212.6,1212.6,0.50081614,3.17,61.09985965
1668710594.9877343,1211.07,1211.07,0.32811377,1.12,50.71057378
1668710656.166015,1211.25,1211.25,0.30952002,1.37,51.75438296
1668710716.0481746,1211.61,1211.61,0.33107466,1.38,53.85469829
1668710776.0003653,1210.99,1210.99,0.23466969,-1.36,49.83876825
1668710837.102064,1211.56,1211.56,0.27579074,-0.44,53.29496157
1668710897.0733724,1211.62,1211.62,0.27772222,-0.65,53.65693415
1668710957.0742404,1212.43,1212.43,0.3868242,0.89,58.34989075
1668711017.8676534,1211.84,1211.84,0.33386625,-0.12,54.05594167
1668711077.8194654,1211.43,1211.43,0.26687041,-1.17,51.23597579
1668711137.899617,1211.58,1211.58,0.2594096,0.51,52.20480356
1668711200.1936605,1211.31,1211.31,0.20305612,0.07,50.24697688
1668711260.1562889,1212.02,1212.02,0.27320773,0.42,55.02495137
1668711320.2111936,1211.36,1211.36,0.18799836,0.37,50.19441688
1668711382.0682516,1211.71,1211.71,0.20858209,0.15,52.58159525
1668711441.8398676,1211.99,1211.99,0.24127952,0.37,54.43919331
1668711501.803373,1211.96,1211.96,0.24239771,-0.47,54.1862289
1668711562.6238906,1212.48,1212.48,0.3152699,0.64,57.78194526
1668711622.6154292,1212.48,1212.48,0.33627095,1.06,57.78194526
1668711682.6962795,1212.95,1212.95,0.41471708,1.36,60.98573011
1668711743.5481534,1211.3,1211.3,0.21006963,-0.02,47.39483048
1668711803.6421275,1210.36,1210.36,0.01695778,-1.66,41.68555962
1668711863.549256,1210.73,1210.73,-0.02348028,-0.64,44.51861784
1668711924.5516543,1209.98,1209.98,-0.18404163,-1.72,40.24998028
1668711984.542653,1209.22,1209.22,-0.36768518,-2.78,36.43380354
1668712044.4939387,1209.34,1209.34,-0.44353719,-2.63,37.40808139
1668712105.3063962,1206.08,1206.08,-0.9662525,-6.4,25.53538768
1668712165.345259,1207.64,1207.64,-0.93988613,-4.84,36.02542832
1668712225.2722137,1207.43,1207.43,-1.03632809,-5.51,35.30727281
1668712286.0417025,1207.26,1207.26,-1.11160066,-4.05,34.73986284
1668712346.060603,1206.72,1206.72,-1.22237701,-3.64,32.78800075
1668712406.0014012,1207.43,1207.43,-1.16174528,-3.3,37.63592161
1668712467.533198,1208.09,1208.09,-1.05207792,-1.89,41.86422966
1668712527.7443583,1207.67,1207.67,-1.05417272,-1.56,40.00214217
1668712587.5163193,1207.26,1207.26,-1.0755185,-2.08,38.21511654
1668712648.3805764,1206.19,1206.19,-1.20562794,0.11,33.95663439
1668712708.3779366,1205.8,1205.8,-1.2827081,-1.85,32.53457358
1668712768.4305215,1206.12,1206.12,-1.25886998,-1.31,34.94206025
1668712829.3053415,1205.61,1205.61,-1.31855791,-1.64,32.96984019
1668712889.248073,1205.72,1205.72,-1.30224604,-1.01,33.85446493
1668712949.2710905,1206.2,1206.2,-1.21303072,-1.23,37.74345083
1668713010.1486986,1206.03,1206.03,-1.18458125,-2.06,36.96266337
1668713070.1208942,1206.11,1206.11,-1.12684927,-1.57,37.65414528
1668713130.0550969,1206.23,1206.23,-1.05618754,-1.04,38.72950641
1668713191.1716406,1206.51,1206.51,-0.9567079,0.31,41.27477102
1668713251.418869,1206.53,1206.53,-0.88253797,0.73,41.46182948
1668713311.0817926,1206.97,1206.97,-0.7528048,0.85,45.57807199
1668713372.0527396,1207.21,1207.21,-0.63678081,1.61,47.71819134
1668713432.0000432,1206.41,1206.41,-0.66609603,0.69,41.77509261
1668713491.9957066,1206.26,1206.26,-0.65391863,0.05,40.78878061
1668713552.9097035,1206.11,1206.11,-0.64874622,0.09,39.75126064
1668713612.8744507,1205.74,1205.74,-0.68022076,-0.36,37.22594026
1668713672.9323895,1206.1,1206.1,-0.62310409,-0.13,41.16323092
1668713734.0325112,1206.73,1206.73,-0.50407012,0.22,47.37103282
1668713794.0617287,1205.51,1205.51,-0.61751832,-1.02,38.86744772
1668713854.005433,1205.72,1205.72,-0.59280449,-1.26,40.83926568
1668713914.8222258,1206.01,1206.01,-0.53881597,-1.2,43.54722997
1668713974.7785358,1205.82,1205.82,-0.53474474,-0.6,42.17948336
1668714034.9982336,1206.59,1206.59,-0.40536204,0.34,49.12243155
1668714095.7054126,1205.97,1205.97,-0.43575958,-0.13,44.49850757
1668714155.718812,1205.93,1205.93,-0.42027331,0.2,44.18437854
1668714215.6505723,1205.6,1205.6,-0.44812539,-0.49,41.76149485
1668714276.631452,1205.4,1205.4,-0.47248765,-1.33,40.31848672
1668714336.6100686,1205.45,1205.45,-0.46723829,-0.05,40.87696302
1668714396.609477,1205.68,1205.68,-0.4277875,-0.04,43.45830578
1668714457.5703633,1205.69,1205.69,-0.40434904,-0.32,43.59295971
1668714517.548224,1205.93,1205.93,-0.3487006,0.1,46.39197719
1668714577.492428,1206.84,1206.84,-0.18687172,0.25,55.46733993
1668714638.456146,1206.66,1206.66,-0.14089789,0.7,53.53809091
1668714698.36143,1205.94,1205.94,-0.19441982,0.0,46.58159867
1668714758.5880291,1205.61,1205.61,-0.23454644,0.01,43.74758883
1668714819.173524,1206.35,1206.35,-0.1387037,0.95,50.91443179
1668714879.1646135,1206.62,1206.62,-0.07011431,1.18,53.2612897
1668714939.1930685,1206.12,1206.12,-0.10313328,0.44,48.62487382
1668715000.0935533,1205.01,1205.01,-0.25287424,-0.69,40.24366357
1668715060.165083,1205.6,1205.6,-0.21577349,-0.33,45.59963062
1668715120.101667,1204.86,1204.86,-0.32510495,-1.99,40.62917268
1668715180.9290197,1202.48,1203.03,-0.65337705,-3.63,34.00766155
1668715240.9431992,1202.72,1202.99,-0.77665952,-2.94,33.86025985
1668715300.9246018,1204.01,1203.55,-0.7375281,-2.07,39.19024421
1668715361.7390535,1202.91,1202.91,-0.85268618,-3.44,36.54192116
1668715421.7498145,1202.56,1202.56,-0.94266972,-4.06,35.14327464
1668715481.860392,1203.55,1202.81,-0.90025052,-3.31,38.64629585
1668715542.8481195,1202.88,1203.08,-0.89215656,-1.94,40.29260792
1668715602.912293,1203.23,1204.0,-0.7973942,-1.59,46.16367919
1668715662.8107357,1204.14,1203.41,-0.76188087,-1.45,43.33721534
1668715723.7243738,1203.19,1202.74,-0.80173764,0.26,40.33218258
1668715783.712361,1202.89,1203.08,-0.77247599,0.36,42.23712476
1668715843.7744465,1203.51,1203.51,-0.69057701,-0.5,44.93749762
1668715904.619416,1203.54,1203.61,-0.63435027,0.7,45.6026002
1668715964.5113068,1203.28,1203.61,-0.60589374,1.05,46.03889289
1668716024.533634,1203.63,1203.94,-0.52789664,0.4,48.32174342
1668716085.5133486,1204.04,1204.09,-0.44513791,1.21,49.33260857
1668716145.5414054,1203.81,1204.53,-0.36361212,1.3,52.39987526
1668716205.4925623,1204.56,1204.6,-0.27003829,0.46,52.84718426
1668716266.360329,1204.55,1204.67,-0.19363447,1.49,53.34552901
1668716326.4409218,1204.67,1204.83,-0.11443786,1.93,54.49075681
1668716386.372627,1204.29,1204.07,-0.14559569,0.57,48.6067038
1668716447.3420064,1203.94,1203.46,-0.19126589,-0.09,44.1873738
1668716507.3382738,1203.48,1203.81,-0.18820665,0.53,47.18568853
1668716567.285848,1203.33,1203.61,-0.22980781,-0.03,45.8705025
1668716628.1529548,1203.73,1204.37,-0.16176503,0.34,52.21190303
1668716688.113785,1204.23,1203.75,-0.17280887,-0.05,47.24969436
1668716748.0909002,1203.74,1203.66,-0.1785285,-0.9,46.54351264
1668716809.1987832,1203.74,1204.3,-0.12374382,-0.24,52.11306771
1668716869.120482,1203.91,1204.28,-0.11064273,-0.4,52.18653891
1668716929.1485424,1204.27,1204.46,-0.05914278,0.17,53.78378434
1668716989.9466555,1204.64,1204.35,-0.01581757,0.41,52.32200892
1668717049.9950392,1204.39,1205.23,0.07909508,1.76,59.47235986
1668717109.9538631,1204.52,1204.16,0.02097018,0.83,50.13423639
1668717170.6540644,1203.99,1202.41,-0.13050512,-1.32,36.77907296
1668717230.6412554,1202.58,1202.7,-0.20346592,-1.52,39.00373881
1668717290.643092,1201.53,1201.4,-0.44408373,-2.33,31.42141998
1668717351.7855458,1201.92,1201.91,-0.48171509,-1.83,35.86554381
1668717411.7537162,1201.49,1201.25,-0.617351,-2.65,32.41131904
1668717471.8723166,1201.48,1201.33,-0.67040166,-2.96,32.75801546
1668717532.5088606,1201.16,1201.0,-0.75487071,-3.65,30.99273103
1668717592.677521,1200.68,1200.93,-0.82711571,-3.46,32.32776299
1668717652.5771542,1200.55,1200.6,-0.9040214,-3.92,29.39447403
1668717713.384052,1199.62,1199.85,-1.05102667,-4.14,27.46177942
1668717773.340108,1199.95,1199.13,-1.14424249,-3.45,25.02994454
1668717833.3538022,1200.16,1200.66,-1.02498648,-0.88,36.71990036
1668717894.4599612,1200.07,1200.44,-1.03874102,-1.49,35.19473466
1668717954.4842265,1200.03,1200.92,-0.98651664,-0.57,40.93824183
1668718014.4382474,1201.83,1201.15,-0.8343381,-0.32,44.1137397
1668718075.225062,1201.03,1201.02,-0.78023754,-0.14,43.29901812
1668718135.2982695,1200.74,1200.89,-0.74907521,0.21,42.87653044
1668718195.2617786,1201.99,1201.35,-0.59356344,0.8,46.88765639
1668718256.06943,1200.71,1200.5,-0.64217394,0.89,42.1673051
1668718316.0988908,1200.36,1200.91,-0.60823231,0.97,45.4207487
1668718376.064824,1200.49,1200.23,-0.64668741,0.08,40.91973013
1668718436.921675,1200.43,1200.92,-0.57521078,0.87,46.03660402
1668718496.8614452,1200.34,1201.07,-0.5495279,1.04,47.6206331
1668718556.8481927,1200.35,1200.55,-0.57209543,-1.28,43.55789898
1668718617.749105,1201.16,1201.82,-0.39937662,0.79,53.68396337
1668718677.7933152,1201.51,1202.02,-0.30138351,1.28,55.25487663
1668718737.824884,1201.69,1201.27,-0.28194368,-0.73,49.31818461
1668718798.556444,1201.23,1201.34,-0.23851384,0.64,49.94637554
1668718858.5861948,1201.41,1202.56,-0.09826127,2.2,59.05613998
1668718918.563448,1202.58,1202.74,0.02395884,2.26,60.20256865
1668718979.3321657,1203.17,1203.3,0.18996445,2.87,63.46363741
1668719039.3206856,1202.69,1203.25,0.24941836,2.92,61.67971993
1668719099.3590858,1203.2,1202.42,0.26198194,2.07,54.65189073
1668719160.2587118,1203.12,1203.33,0.38704551,2.17,61.93366027
1668719220.312081,1203.46,1203.75,0.4783804,2.25,64.47373623
1668719280.188252,1203.85,1204.1,0.57044178,2.42,66.48427425
1668719341.0173783,1204.62,1204.88,0.72406816,3.64,70.39378513
1668719401.0120504,1204.89,1204.93,0.808284,3.52,70.63849559
1668719461.031309,1204.86,1205.05,0.87030608,2.47,71.1443707
1668719521.8120089,1204.72,1205.99,0.96677585,2.81,74.43187967
1668719581.873153,1205.92,1205.78,1.03091064,3.08,72.54674223
1668719641.8096263,1206.97,1207.13,1.25477938,3.92,78.52219841
1668719702.8418243,1206.97,1206.05,1.24611793,2.93,67.77250601
1668719762.8674998,1205.71,1206.16,1.22296522,2.7,66.82568062
1668719822.8063028,1206.51,1206.93,1.29511968,3.08,70.11816107
1668719883.5345287,1207.1,1208.36,1.43956138,3.74,75.16912332
1668719943.5526955,1208.79,1208.02,1.52505915,3.13,69.81478648
1668720003.5935996,1207.68,1208.61,1.57453089,3.74,70.48291306
1668720064.4164188,1208.03,1208.06,1.53575929,3.35,68.68876411
1668720124.3776724,1208.06,1208.46,1.55604877,2.55,70.22653732
1668720184.3623824,1208.92,1209.12,1.6358185,2.16,72.50267664
1668720246.1463556,1209.44,1209.42,1.69394922,2.45,73.41107238
1668720306.1328354,1209.4,1209.1,1.67343935,3.39,70.36793805
1668720366.155579,1209.11,1209.45,1.66809504,2.94,71.75629755
1668720427.1287253,1208.59,1208.21,1.49239724,1.11,62.32793891
1668720487.212623,1207.93,1207.93,1.35252796,-0.86,60.07446352
1668720547.0435095,1207.31,1207.93,1.20684414,0.24,58.82569734
1668720607.9110725,1207.73,1207.38,1.06212405,-0.64,55.03069459
1668720667.9215152,1207.12,1207.22,0.91911735,-0.83,53.82160866
1668720727.8859344,1206.93,1206.51,0.73959216,-2.41,48.8295033
1668720788.7164936,1206.26,1204.99,0.47197472,-4.44,39.95107665
1668720848.7489111,1204.65,1205.33,0.27810595,-4.06,43.20572072
1668720908.711801,1205.01,1205.13,0.10924756,-3.97,41.92278143
1668720969.858118,1204.13,1204.42,-0.12314764,-4.16,39.07176045
1668721029.6560147,1204.69,1204.56,-0.21413916,-3.37,40.31014183
1668721089.6950872,1205.04,1204.72,-0.25629552,-2.59,41.75846203
1668721150.4744625,1205.54,1205.54,-0.23683397,-1.57,47.3035485
1668721210.4838803,1205.59,1205.59,-0.22341385,-1.35,47.65926425
1668721270.4708931,1205.97,1205.97,-0.16038571,-0.3,50.38347781
1668721331.2813325,1205.55,1205.55,-0.19168307,0.9,47.43262869
1668721391.3103342,1205.89,1205.89,-0.14094725,0.87,49.98729294
1668721451.2981136,1205.98,1205.98,-0.10687702,1.85,50.66316287
1668721512.256663,1205.71,1205.71,-0.12276777,1.03,48.52051461
1668721572.3460047,1205.5,1205.5,-0.14725498,0.45,46.86507785
1668721632.3058434,1205.61,1205.61,-0.13547133,0.7,47.86940722
1668721693.1236663,1206.1,1206.1,-0.06292761,0.57,52.19270408
1668721753.0801947,1206.06,1206.06,-0.04165348,0.46,51.81430874
1668721813.0520349,1206.44,1206.44,0.03109078,0.47,55.14784967
1668721873.883206,1207.19,1207.19,0.1712428,1.63,60.84253662
1668721933.8066394,1206.96,1206.96,0.19908404,1.08,58.38380461
1668721993.7925508,1206.66,1206.66,0.19059435,0.67,55.24766141
1668722055.3422024,1206.65,1206.65,0.19972299,0.93,55.13317219
1668722115.4272776,1206.72,1206.72,0.21449439,1.22,55.79839416
1668722175.3123124,1206.81,1206.81,0.2313548,1.19,56.66718289
1668722236.1805873,1206.16,1206.16,0.14442652,0.06,49.21620928
1668722296.1931272,1206.29,1206.29,0.13430122,0.23,50.61603896
1668722356.1203434,1207.07,1207.07,0.22759151,0.64,58.04218339
1668722417.171489,1206.94,1206.94,0.23095273,-0.26,56.50599001
1668722476.8513582,1207.2,1207.2,0.27520842,0.24,58.87522765
1668722536.8718767,1206.89,1206.89,0.24605725,0.23,55.05351976
1668722597.8105817,1206.14,1206.14,0.13439192,-0.52,47.1325733
1668722657.8199646,1206.76,1206.76,0.17989267,0.04,53.14840712
1668722717.7074788,1206.69,1206.69,0.16423038,-0.11,52.42079722
1668722778.9319355,1206.68,1206.68,0.15429002,0.53,52.30301648
1668722838.67637,1206.98,1206.98,0.18653655,0.69,55.34473837
1668722898.6416185,1207.43,1207.43,0.25577932,0.35,59.44511399
1668722959.5713596,1207.77,1207.77,0.32704387,0.82,62.27427167
1668723019.7186017,1206.01,1206.01,0.10786222,-1.19,44.8188373
1668723079.4418168,1205.78,1205.78,0.01363613,-1.1,43.09294938
1668723140.371719,1205.75,1205.75,-0.05145001,-0.39,42.89707019
1668723200.375452,1205.9,1205.9,-0.07815275,-0.86,44.47853951
1668723260.3765335,1205.85,1205.85,-0.11524202,-0.83,44.07250489
1668723321.4161444,1205.43,1205.43,-0.19799363,-1.26,40.439124
1668723381.6266692,1206.95,1206.95,-0.02007541,-0.02,54.84850465
1668723441.3571138,1207.77,1207.77,0.140466,0.33,60.42294105
1668723502.230208,1207.82,1207.82,0.2204641,0.04,60.74121895
1668723562.1841238,1207.14,1207.14,0.18137679,1.14,54.34074498
1668723622.365312,1208.75,1208.75,0.41939503,2.96,63.96711865
1668723683.0525782,1207.78,1207.78,0.36272633,2.04,56.25792972
1668723743.0122156,1207.85,1207.85,0.38471402,1.95,56.66382451
1668723803.0178,1208.2,1208.2,0.44327445,2.36,58.69630265
1668723864.283238,1207.5,1207.5,0.36326592,2.06,53.2479666
1668723924.2929287,1206.0,1206.0,0.12813821,-0.95,43.85868573
1668723984.2435484,1205.0,1205.0,-0.10639308,-2.77,38.96255222
1668724045.123707,1203.93,1203.93,-0.37644767,-3.89,34.47080111
1668724105.1215367,1204.74,1204.74,-0.40236992,-2.4,40.06637881
1668724165.0779755,1205.23,1205.23,-0.40069183,-3.53,43.21635883
1668724225.8517394,1204.9,1204.9,-0.47207608,-2.88,41.62653056
1668724285.9619253,1203.96,1203.96,-0.63363914,-3.89,37.36324746
1668724345.8737934,1204.45,1204.45,-0.62560678,-3.76,40.73191676
1668724406.9200013,1204.4,1204.4,-0.65049297,-3.11,40.5185174
1668724466.6788745,1204.17,1204.17,-0.69072518,-1.84,39.33602055
1668724526.8307147,1205.62,1205.62,-0.49564912,0.63,49.17180098
1668724587.748237,1206.87,1206.87,-0.25046859,2.93,55.81901467
1668724647.704083,1207.99,1207.99,0.02343949,3.24,60.79563411
1668724707.7308495,1208.88,1208.88,0.29359499,3.66,64.23567224
1668724768.505664,1208.91,1208.91,0.4511508,4.02,64.34913143
1668724828.5068884,1207.7,1207.7,0.39652704,3.73,56.55591978
1668724888.5319662,1207.69,1207.69,0.42280668,3.24,56.48466429
1668724949.3134851,1207.08,1207.08,0.3535967,2.69,52.76704372
1668725009.4188056,1206.51,1206.51,0.25289084,2.33,49.47768398
1668725069.3500335,1206.7,1206.7,0.23359187,1.08,50.58350285
1668725130.535997,1206.45,1206.45,0.16920996,-0.43,49.05730866
1668725190.372233,1206.0,1206.0,0.06884263,-1.98,46.35013217
1668725250.6037188,1206.1,1206.1,0.03167466,-2.77,47.04353303
1668725311.259903,1205.67,1205.67,-0.06546732,-3.24,44.37018263
1668725371.3188708,1205.08,1205.08,-0.19674283,-2.62,40.9289016
1668725431.2801633,1205.26,1205.26,-0.23504107,-2.42,42.39039
1668725492.141778,1205.07,1205.07,-0.30110206,-2.01,41.22744186
1668725552.1467447,1205.77,1205.77,-0.23798333,-0.74,47.00010362
1668725612.1497707,1205.49,1205.49,-0.26915951,-1.21,45.09359893
1668725673.3592725,1206.09,1206.09,-0.18882559,-0.37,49.7809831
1668725733.303522,1207.19,1207.19,-0.00635091,1.18,57.04742822
1668725793.2847588,1207.35,1207.35,0.09117951,1.24,57.99874347
1668725854.0248542,1206.29,1206.29,0.00670899,0.62,50.08450333
1668725914.1683717,1206.76,1206.76,0.07314176,1.67,53.13793851
1668725974.2558804,1207.76,1207.76,0.23634443,2.49,58.89888378
1668726034.8654118,1206.7,1206.7,0.14855675,1.63,51.65103897
1668726094.8844285,1207.74,1207.74,0.29259162,1.96,57.18187747
1668726154.8866544,1207.43,1207.43,0.29327415,1.93,55.14878128
1668726215.6037514,1206.92,1206.92,0.23650581,0.83,51.88818361
1668726275.557803,1204.94,1204.94,-0.05867993,-2.24,41.6284034
1668726335.6110878,1204.25,1204.25,-0.26183231,-3.1,38.72619508
1668726396.5795157,1204.92,1204.92,-0.28141682,-1.37,42.85299364
1668726456.5888057,1205.01,1205.01,-0.32269673,-1.75,43.41147169
1668726516.4950116,1206.4,1206.4,-0.15925128,-1.36,51.25932038
1668726577.6384768,1206.5,1206.5,-0.10274393,-0.19,51.78059523
1668726637.34015,1204.73,1204.73,-0.31437839,-3.02,43.06697954
1668726697.348349,1203.86,1203.86,-0.48895837,-3.58,39.54882216
1668726757.9187062,1204.24,1204.24,-0.51083218,-2.67,41.80110799
1668726817.2198305,1204.01,1204.01,-0.57965241,-0.92,40.84087832
1668726877.3372338,1203.81,1203.81,-0.64023828,-0.45,39.94050255
1668726937.2839515,1203.85,1203.85,-0.66225529,-1.06,40.21814175
1668726997.346424,1203.28,1203.28,-0.75503461,-1.72,37.55401431
1668727057.2926843,1201.65,1201.65,-1.01391672,-4.76,31.19103862
1668727117.300579,1201.75,1201.75,-1.08979547,-4.75,31.95858086
1668727177.514031,1202.35,1202.35,-1.05763276,-2.37,36.50046268
1668727237.3055947,1201.48,1201.48,-1.18086633,-2.37,33.05496577
1668727297.271985,1201.61,1201.61,-1.1918239,-2.64,34.06249352
1668727357.351898,1201.99,1201.99,-1.13999315,-2.01,37.05559569
1668727417.383204,1201.99,1201.99,-1.11015252,-1.82,37.05197145
1668727477.3415587,1201.64,1201.64,-1.12360777,-2.21,35.35392286
1668727537.247477,1200.84,1200.84,-1.21256925,-2.44,31.7739438
1668727597.2901323,1200.93,1200.93,-1.20635273,-0.72,32.5530806
1668727657.2688549,1200.8,1200.8,-1.21173671,-0.94,31.94969557
1668727717.279879,1201.1,1201.1,-1.15161228,-1.25,34.94635018
1668727777.2523117,1201.01,1201.01,-1.12285493,-0.47,34.4561435
1668727837.3523972,1201.49,1201.49,-1.01404923,-0.11,39.34312654
1668727897.3774097,1200.96,1200.96,-1.02278426,-1.04,36.18902266
1668727957.3362875,1201.09,1201.09,-0.96646133,-0.91,37.53641279
1668728017.3596134,1201.43,1201.43,-0.87137248,-0.22,41.03073667
1668728077.3116426,1201.49,1201.49,-0.79970148,0.64,41.65753675
1668728137.2967052,1201.2,1201.2,-0.77793978,0.27,39.45672228
1668728197.3307984,1199.74,1199.74,-0.94091397,-1.06,30.78233127
1668728257.3514273,1199.26,1199.26,-1.03509828,-1.84,28.63188987
1668728317.364854,1199.87,1199.87,-0.9734626,-1.14,35.45915354
1668728377.352965,1199.73,1199.73,-0.97825343,-1.76,34.71060323
1668728437.3771503,1199.1,1199.1,-1.05117626,-1.85,31.50158302
1668728497.3929968,1198.87,1198.87,-1.08947811,-2.21,30.39445772
1668728557.3324656,1198.94,1198.94,-1.08712113,-2.48,31.17496736
1668728617.2832477,1198.54,1198.54,-1.13005564,-2.94,28.71701349
1668728677.38067,1199.51,1199.51,-0.98869426,-1.7,39.29870526
1668728737.3674726,1201.54,1201.54,-0.63971661,1.8,54.49969358
1668728797.3023827,1201.11,1201.11,-0.5479116,1.86,51.55951604
1668728857.28938,1201.22,1201.22,-0.42669094,1.24,52.26727711
1668728917.2850044,1200.16,1200.16,-0.48295819,0.42,45.38126602
1668728977.3354096,1200.5,1200.5,-0.40785071,1.39,47.75130293
1668729037.320831,1200.77,1200.77,-0.32805581,1.89,49.63500853
1668729097.3679788,1199.84,1199.84,-0.41013279,0.96,43.8002686
1668729157.311958,1199.87,1199.87,-0.40738975,1.33,44.0348718
1668729217.552673,1199.43,1199.43,-0.4634316,-0.08,41.34688882
1668729277.38301,1199.11,1199.11,-0.51980308,-2.44,39.47015194
1668729337.293064,1199.55,1199.55,-0.47708665,-1.55,43.26069018
1668729397.3697343,1200.13,1200.13,-0.38368292,-1.09,47.92492033
1668729457.3808792,1200.75,1200.75,-0.25411087,0.58,52.42147304
1668729517.396047,1200.34,1200.34,-0.24640676,-0.16,49.38465599
1668729577.3156226,1200.52,1200.52,-0.18649269,-0.24,50.73402225
1668729637.413433,1200.42,1200.42,-0.16219644,0.59,49.93149035
1668729697.3949995,1199.73,1199.73,-0.23261179,-0.13,44.71039913
1668729757.331221,1201.21,1201.21,-0.03402942,1.77,55.47605139
1668729817.3905785,1201.59,1201.59,0.08378634,2.47,57.75241298
1668729877.41075,1201.6,1201.6,0.15218522,2.06,57.81823302
1668729937.3834815,1202.73,1202.73,0.3637794,2.61,64.13265843
1668729997.3937082,1202.51,1202.51,0.4230726,1.76,62.15144609
1668730057.407683,1202.05,1202.05,0.41343828,1.71,58.18091263
1668730117.487219,1202.63,1202.63,0.51192757,2.11,61.52621569
1668730177.4081175,1203.0,1203.0,0.59993703,2.57,63.52793893
1668730237.4173715,1203.15,1203.15,0.66074889,3.41,64.28836628
1668730297.4100072,1208.27,1208.27,1.41402372,7.07,80.36714328
1668730357.4073122,1211.41,1211.41,2.11197198,9.82,84.86202648
1668730417.3557706,1209.62,1209.62,2.18668313,8.03,74.43616477
1668730477.3750553,1209.03,1209.03,2.24814326,6.3,71.31323011
1668730537.4154437,1207.13,1207.13,2.03896189,4.63,62.25507155
1668730597.4194732,1209.99,1209.99,2.37426717,7.95,68.70135324
1668730657.384331,1205.81,1205.81,1.84089481,3.19,54.15357862
1668730717.4041631,1206.15,1206.15,1.71134274,3.15,54.98956238
1668730777.4659126,1207.32,1207.32,1.73448364,4.16,57.83860534
1668730837.3976758,1207.55,1207.55,1.69162084,-0.71,58.39794711
1668730897.410609,1208.66,1208.66,1.78192362,-2.74,61.0730611
1668730957.4860177,1208.78,1208.78,1.7805718,-0.85,61.34534381
1668731017.3505032,1208.43,1208.43,1.70223537,-0.6,59.9449485
1668731077.4172935,1209.09,1209.09,1.73539514,1.96,61.73354486
1668731137.4349573,1209.3,1209.3,1.7312758,-0.68,62.28444538
1668731197.462011,1209.63,1209.63,1.74121848,3.82,63.23305259
1668731257.3961363,1210.65,1210.65,1.8527303,4.5,66.02262197
1668731317.4333572,1209.27,1209.27,1.65953775,1.95,59.43922734
1668731377.4084983,1209.2,1209.2,1.56562697,1.66,59.12067052
1668731437.3713808,1210.5,1210.5,1.66236353,1.84,63.1073347
1668731497.4520197,1212.64,1212.64,1.94110136,3.85,68.54266583
1668731557.4687405,1212.99,1212.99,2.05247693,4.55,69.34001817
1668731617.4257016,1212.58,1212.58,2.0371385,3.5,67.22202169
1668731677.4374988,1211.9,1211.9,1.93078835,2.59,63.67992947
1668731737.438898,1212.52,1212.52,1.95561579,2.89,65.45695036
1668731797.4008574,1211.25,1211.25,1.73574212,0.6,59.09798863
1668731857.593824,1209.86,1209.86,1.42595138,0.6,53.00919195
1668731917.3580723,1208.81,1208.81,1.10604727,-0.38,48.90707802
1668731977.3821516,1209.69,1209.69,1.03281999,-0.8,52.23742068
1668732037.429505,1211.14,1211.14,1.11364512,-1.5,57.18966916
1668732097.4796014,1212.1,1212.1,1.20873727,-0.88,60.15280525
1668732157.4000351,1212.33,1212.33,1.24259465,-0.25,60.82951221
1668732217.5699878,1212.84,1212.84,1.31267136,0.95,62.39332671
1668732277.4448795,1213.59,1213.59,1.42552177,1.08,64.66007979
1668732337.4847932,1213.99,1213.99,1.50798745,2.73,65.83148608
1668732397.3702571,1213.5,1213.5,1.46052894,3.64,63.05350064
1668732457.456741,1212.9,1212.9,1.3525185,4.08,59.76055795
1668732517.4894717,1213.09,1213.09,1.31684927,3.39,60.46800164
1668732577.452915,1212.59,1212.59,1.19196532,1.44,57.623654
1668732637.469731,1212.71,1212.71,1.12690364,0.61,58.14590735
1668732697.5607731,1212.37,1212.37,1.00939899,0.03,56.11534768
1668732757.4509716,1211.83,1211.83,0.8507479,-1.02,52.87692084
1668732817.4626498,1211.79,1211.79,0.74423281,-1.79,52.63275086
1668732877.5438886,1211.97,1211.97,0.68148565,-2.02,53.64568161
1668732937.5329876,1213.0,1213.0,0.75767111,-0.49,59.12002643
1668732997.4414926,1216.03,1216.03,1.1726891,3.14,70.23412937
1668733057.5108292,1214.53,1214.53,1.08430537,1.45,61.360066
1668733117.518022,1214.8,1214.8,1.13399421,2.21,62.30870522
1668733177.4769878,1215.94,1215.94,1.30427958,3.26,66.0210171
1668733237.763404,1216.24,1216.24,1.39337388,3.87,66.9460144
1668733297.691821,1215.28,1215.28,1.29408127,3.45,61.23349354
1668733357.3877797,1217.63,1217.63,1.59373281,5.85,68.37452056
1668733417.4693332,1217.05,1217.05,1.5802354,5.07,65.1592745
1668733477.4943464,1214.39,1214.39,1.2125026,1.4,52.96804986
1668733537.4523735,1215.12,1215.12,1.18001843,-0.9,55.43656617
1668733597.6324222,1214.11,1214.11,0.95271962,-0.43,51.41567986
1668733657.483691,1214.28,1214.28,0.85093541,-0.52,52.04614521
1668733717.474664,1214.65,1214.65,0.8037878,-1.29,53.45286739
1668733777.405329,1213.6,1213.6,0.58550839,-2.63,49.03652336
1668733837.4489229,1213.79,1213.79,0.50030263,-1.5,49.84406185
1668733897.481367,1213.58,1213.58,0.38628351,-4.06,48.92137732
1668733957.9723918,1212.84,1212.84,0.20045094,-4.2,45.72159168
1668734017.5083406,1213.63,1213.63,0.21173817,-0.76,49.52113944
1668734077.5868237,1213.37,1213.37,0.13079873,-1.75,48.33041567
1668734137.8044536,1213.28,1213.28,0.07004629,-0.83,47.89528138
1668734197.971837,1213.81,1213.81,0.10219705,-0.47,50.68936983
1668734257.9614303,1212.28,1212.28,-0.12257168,-2.38,43.44327248
1668734317.6360304,1212.66,1212.66,-0.14855873,-0.94,45.51640234
1668734377.696498,1212.5,1212.5,-0.21359379,-1.29,44.7677391
1668734437.5737834,1212.15,1212.15,-0.30220592,-1.43,43.11711351
1668734497.5809178,1212.29,1212.29,-0.32589687,-0.54,44.01474709
1668734557.5401,1213.26,1213.26,-0.21298845,-0.38,49.91654574
1668734617.56854,1213.43,1213.43,-0.15745221,0.07,50.8863024
1668734677.5871186,1212.83,1212.83,-0.20821398,-0.45,47.38391675
1668734737.547973,1213.31,1213.31,-0.1402581,-0.5,50.32927573
1668734797.613346,1212.68,1212.68,-0.20447605,0.39,46.63904625
1668734857.5521424,1215.08,1215.08,0.1261856,2.42,58.97858017
1668734917.5614457,1214.52,1214.52,0.15465121,2.02,55.73965498
1668734977.5562792,1214.84,1214.84,0.25481073,2.7,57.18990266
1668735037.5008185,1214.36,1214.36,0.24315062,2.07,54.33059872
1668735097.5451968,1214.61,1214.61,0.29658464,1.36,55.58275067
1668735157.6221116,1213.76,1213.76,0.19928603,0.32,50.51181298
1668735217.5857337,1212.05,1212.05,-0.06720553,-0.78,42.17242785
1668735277.5719662,1211.46,1211.46,-0.25238406,-1.85,39.73591051
1668735337.584271,1213.23,1213.23,-0.10750448,0.55,49.21528832
1668735397.4960468,1212.02,1212.02,-0.27444243,-3.06,44.10752558
1668735457.6188192,1211.58,1211.58,-0.38868183,-2.94,42.38488879
1668735517.539257,1212.07,1212.07,-0.37698882,-2.76,44.96278575
1668735577.554522,1211.56,1211.56,-0.46686698,-2.8,42.83304442
1668735637.5435762,1211.33,1211.33,-0.53136165,-3.28,41.84472037
1668735697.660167,1212.16,1212.16,-0.44475551,-1.6,46.5463994
1668735757.6722214,1211.67,1211.67,-0.49297545,-0.39,44.26352255
1668735817.617633,1211.92,1211.92,-0.45917129,0.46,45.72609069
1668735877.597747,1211.07,1211.07,-0.5626209,-2.16,41.71447077
1668735937.6032712,1211.34,1211.34,-0.54659209,-0.68,43.39700049
1668735997.5832484,1211.51,1211.51,-0.52126408,-0.07,44.49986938
1668736057.6280344,1211.74,1211.74,-0.47358231,-0.33,46.03021009
1668736117.5887604,1211.77,1211.77,-0.43972097,0.22,46.24282148
1668736177.5662909,1211.52,1211.52,-0.44663686,0.18,44.72385516
1668736237.5821767,1211.75,1211.75,-0.39758627,-0.41,46.48802648
1668736297.6892664,1211.86,1211.86,-0.35345953,0.19,47.3433761
1668736357.9461489,1212.2,1212.2,-0.27368005,0.28,50.01319163
1668736417.555613,1212.31,1212.31,-0.21438086,1.23,50.8854446
1668736477.9319863,1212.18,1212.18,-0.19073035,0.84,49.77995152
1668736537.6328073,1212.02,1212.02,-0.18390435,0.52,48.38012659
1668736597.583188,1211.94,1211.94,-0.17839464,0.21,47.6618986
1668736657.8951137,1212.39,1212.39,-0.10343185,0.61,51.98029062
1668736717.6783557,1213.22,1213.22,0.04630039,1.71,58.70488319
1668736777.6970732,1213.65,1213.65,0.17075473,1.89,61.74767613
1668736837.9240048,1214.0,1214.0,0.29015875,2.13,63.98704526
1668736897.7228248,1213.52,1213.52,0.29004845,1.31,58.79403372
1668736957.6528263,1214.15,1214.15,0.40509886,1.84,63.03909334
1668737017.8274012,1213.93,1213.93,0.42077212,1.75,60.72696751
1668737084.3033257,1214.37,1214.0,0.47469033,1.97,59.6296028
1668737138.2717583,1213.66,1213.66,0.43534544,1.72,56.34096865
1668737198.2791812,1212.33,1212.33,0.23403709,-0.06,45.77030814
1668737259.1072035,1212.78,1212.78,0.22037813,-0.45,49.23863524
1668737318.9442885,1213.93,1213.93,0.34098233,0.29,56.86339241
1668737378.901122,1213.46,1213.46,0.29265628,-0.55,53.3322668
1668737439.756586,1212.65,1212.65,0.1663391,-0.87,47.84505898
1668737499.785319,1212.51,1212.51,0.09693589,-1.63,46.93703837
1668737559.765242,1212.27,1212.27,0.0156625,-1.66,45.37684269
1668737620.513328,1212.18,1212.31,-0.03491911,-2.06,45.88326465
1668737680.532248,1212.7,1212.7,-0.01401021,-0.95,49.01389592
1668737741.5643723,1212.0,1212.17,-0.10661123,-0.17,45.51097811
1668737802.047069,1211.71,1211.67,-0.20303083,-1.12,41.91841508
1668737862.361801,1210.79,1210.61,-0.38502681,-3.32,35.81284209
1668737923.3959453,1210.86,1210.49,-0.46302897,-2.96,35.30515929
1668737983.2915316,1210.27,1209.8,-0.60308259,-2.84,31.81094418
1668738042.340753,1209.56,1210.06,-0.68561364,-2.45,35.59747676
1668738102.403701,1210.36,1210.5,-0.67450974,-1.76,39.47826566
1668738163.367403,1210.39,1210.99,-0.64394395,-1.19,43.80917277
1668738223.193322,1210.98,1210.98,-0.60782167,-1.71,43.72817421
1668738283.5074909,1211.63,1211.83,-0.46351307,-0.17,50.38723466
1668738344.224534,1212.17,1212.99,-0.27355779,1.29,57.96914623
1668738404.1581495,1213.15,1213.15,-0.1202377,2.35,58.85860352
1668738464.1284268,1213.46,1213.47,0.03650027,2.61,60.64796678
1668738525.3129091,1213.47,1213.81,0.16724829,3.54,62.64118487
1668738584.8497908,1213.42,1213.51,0.21858745,3.94,60.70264972
1668738645.2486928,1214.43,1214.06,0.38185704,3.7,62.32030166
1668738706.0045953,1213.54,1213.27,0.35226076,2.87,55.74635445
1668738765.928941,1213.51,1213.99,0.43040075,3.01,60.6409266
1668738825.767525,1214.56,1214.64,0.5586752,3.0,64.06869814
1668738886.7674084,1214.47,1214.83,0.62187007,2.67,64.78411255
1668738946.8499415,1216.54,1216.17,0.88651808,3.03,68.6654305
1668739006.7556324,1216.18,1215.45,0.92007557,1.99,62.80768831
1668739067.51476,1215.48,1215.71,0.95785442,2.23,64.06009761
1668739127.6978807,1216.24,1217.39,1.14194753,3.98,70.52782549
1668739187.665667,1216.89,1224.23,1.75488747,9.8,83.73014263
1668739248.5284734,1221.76,1220.72,1.81484969,7.19,74.12203859
1668739308.4168386,1225.98,1229.1,2.98673502,15.59,88.13209831
1668739368.4436083,1229.42,1229.07,3.56003536,14.51,86.57049088
1668739429.2231834,1228.33,1228.09,3.82549462,13.62,81.89305682
1668739489.4282234,1229.42,1227.55,4.07495899,11.02,75.62520438
1668739549.1487854,1229.14,1229.26,4.3751756,13.09,82.85964941
1668739610.257901,1227.46,1226.78,4.1512159,11.31,71.73942683
1668739670.2907124,1226.43,1226.72,4.01583862,10.48,70.83535604
1668739730.2925465,1227.82,1227.41,4.00866717,10.52,70.85402
1668739791.2567165,1226.77,1225.9,3.72873346,4.13,64.69975536
1668739851.3241892,1226.08,1225.7,3.50142602,-0.27,63.83222055
1668739911.3255224,1225.68,1226.27,3.31703814,-3.15,65.16193684
1668739971.9191296,1226.09,1225.61,3.07104693,-2.73,62.63089097
1668740032.1966724,1225.34,1226.34,2.89741611,-3.09,64.11670372
1668740091.954701,1226.8,1226.84,2.81344498,-2.31,65.30060911
1668740152.8065667,1227.68,1227.21,2.76747043,-0.24,65.04842279
1668740212.959762,1226.61,1226.85,2.5817406,0.41,63.07967364
1668740272.947976,1226.26,1226.08,2.34654107,-1.75,60.09265049
1668740333.8337178,1226.37,1225.51,2.14417666,-1.27,57.27245409
1668740393.8711507,1225.89,1226.3,2.03011843,0.22,60.32778794
1668740453.7675958,1226.55,1227.5,2.0049956,1.81,64.03569931
1668740514.5445757,1227.83,1228.98,2.08584207,2.9,68.0017643
1668740574.562668,1228.55,1228.81,2.06473398,3.46,67.63207263
1668740634.7587836,1229.28,1229.98,2.17381309,3.17,70.59958685
1668740695.6287398,1229.01,1227.71,1.96367606,0.03,60.21712607
1668740755.5997472,1227.87,1228.03,1.87205085,1.42,61.5270884
1668740815.583892,1228.0,1227.63,1.73579933,1.37,59.37606808
1668740876.480903,1226.78,1226.24,1.44852422,-0.12,52.58005092
1668740936.3355143,1226.25,1225.41,1.19384839,-0.48,48.82135187
1668740996.2356262,1224.47,1225.6,0.93734765,-0.95,50.01083984
1668741057.1999166,1225.66,1224.43,0.69481512,-3.41,45.55006136
1668741117.1788723,1223.39,1223.68,0.36924558,-4.88,43.45835419
1668741177.254398,1223.98,1224.19,0.23473806,-5.1,45.579284
1668741237.8955245,1224.01,1224.5,0.12094783,-4.51,46.99627361
1668741297.80386,1223.99,1223.8,-0.04619995,-4.06,43.98874103
1668741357.8695157,1223.6,1223.5,-0.18037965,-4.5,42.81935746
1668741418.9144337,1222.79,1223.28,-0.33222975,-3.51,42.8003378
1668741478.743024,1223.44,1224.24,-0.31598832,-2.01,47.60587279
1668741538.6466477,1223.87,1223.31,-0.40787985,-1.16,43.42065618
1668741599.7384205,1223.31,1223.22,-0.45804021,-2.44,43.0268402
1668741659.606453,1223.27,1223.12,-0.49764249,-0.27,42.55230438
1668741719.5313883,1223.11,1224.08,-0.45015846,0.09,48.25664984
1668741780.3577156,1223.57,1222.89,-0.53292484,-1.12,42.04797221
1668741840.5074446,1222.72,1223.03,-0.55974961,-0.95,43.30091387
1668741900.4155664,1223.75,1224.06,-0.43725201,0.46,49.22012071
1668741961.562695,1224.19,1223.9,-0.38605159,1.11,48.32662576
1668742021.4797328,1224.68,1224.82,-0.22884786,1.37,53.30906487
1668742081.5810688,1224.73,1224.85,-0.15496508,0.99,53.52057246
1668742142.3308475,1224.71,1224.86,-0.09750461,1.54,53.62902778
1668742202.4949455,1224.84,1224.85,-0.04341327,1.58,53.56850377
1668742262.4180808,1224.62,1224.37,-0.05237067,1.26,50.05594815
1668742323.0677896,1224.01,1224.73,-0.03787148,1.15,52.57945981
1668742383.1594665,1225.09,1225.39,0.07124181,2.67,56.48110179
1668742443.180866,1225.55,1225.79,0.17579694,2.04,58.71783865
1668742504.394166,1226.07,1225.58,0.24557824,1.39,56.39249328
1668742564.231166,1225.57,1224.81,0.21852722,0.14,50.94647035
1668742624.1264353,1224.33,1224.43,0.13435037,-0.29,48.71463937
1668742685.016267,1224.99,1224.37,0.12719785,-0.33,48.30071676
1668742745.3227582,1224.41,1224.01,0.05889042,-0.84,46.18718022
1668742805.3825026,1224.0,1224.08,0.00655435,-0.54,46.6975623
1668742866.027145,1223.52,1223.49,-0.11483056,-0.52,43.26076255
1668742925.9440012,1223.59,1223.82,-0.14175644,-1.27,45.70542215
1668742985.977991,1223.02,1223.19,-0.26639045,-2.37,42.05557315
1668743047.56099,1222.87,1223.38,-0.31555503,-2.69,44.05703847
1668743107.464789,1223.41,1223.35,-0.33040793,-2.23,43.91029269
1668743167.5027835,1223.11,1222.92,-0.38986316,-1.4,41.23616362
1668743228.3736055,1222.77,1223.32,-0.39433186,-1.67,45.04132247
1668743288.239414,1223.2,1222.74,-0.4376229,-1.67,41.1134796
1668743348.4211912,1222.6,1222.84,-0.45969873,-1.15,42.42202181
1668743409.2752354,1223.04,1223.84,-0.37153169,0.32,50.28574673
1668743469.309327,1223.92,1223.16,-0.35941366,-0.42,45.70755264
1668743529.2423282,1223.0,1222.93,-0.37840969,-0.09,44.3196374
1668743590.032826,1223.08,1222.98,-0.36576227,0.11,44.69426853
1668743650.099445,1222.32,1222.16,-0.46836368,-1.26,39.83440815
1668743710.114679,1221.84,1221.37,-0.58488205,-1.74,35.68645299
1668743770.9237406,1221.55,1221.26,-0.64656987,-1.51,35.05628693
1668743830.861413,1220.53,1220.53,-0.83958525,-2.07,31.52857792
1668743891.0376766,1220.77,1220.77,-0.85533998,-2.26,33.94934166
1668743951.707595,1220.04,1220.04,-0.97675546,-3.88,30.49089039
1668744011.9535773,1219.8,1219.8,-1.0496687,-3.21,29.49677397
1668744072.137429,1220.2,1220.2,-1.02266255,-2.89,33.63129713
1668744132.4860852,1220.63,1220.63,-0.95344764,-1.68,37.88217653
1668744192.5826385,1220.56,1220.56,-0.92574908,-1.27,37.46588123
1668744252.7307322,1219.91,1219.91,-0.98100874,-1.64,33.75632663
1668744313.8369052,1220.28,1220.28,-0.91957906,-0.88,37.58090834
1668744373.4613333,1220.19,1220.19,-0.89744329,-0.34,37.02765139
1668744433.6555898,1220.13,1220.13,-0.87272998,-0.65,36.64038212
1668744494.5739238,1220.27,1220.27,-0.81988133,0.23,38.26291845
1668744554.5734856,1220.33,1220.33,-0.77001641,0.54,38.99321692
1668744614.5940175,1220.05,1220.05,-0.7648798,-0.15,36.77898336
1668744675.0699954,1218.3,1218.3,-0.98140741,-2.34,26.75189004
1668744735.2272477,1217.82,1217.82,-1.0995882,-2.74,24.84595974
1668744795.1862102,1217.01,1217.01,-1.26352793,-2.9,21.80886707
1668744857.286895,1216.79,1216.79,-1.35743081,-3.5,21.07128774
1668744917.5780902,1216.82,1216.82,-1.39755048,-3.37,21.45729544
1668744977.3796847,1218.13,1218.13,-1.23098779,-2.0,36.19285779
1668745037.8597324,1218.19,1218.19,-1.1598451,-2.08,36.78826702
1668745097.8086257,1218.44,1218.44,-1.05805737,-1.88,39.32688714
1668745158.0179152,1218.61,1218.61,-0.95908566,-1.44,41.01325992
1668745218.8833356,1218.04,1218.04,-0.9605746,-0.27,37.17041978
1668745278.869356,1218.05,1218.05,-0.914997,0.24,37.28890371
1668745338.8258815,1218.11,1218.11,-0.86099489,1.1,37.99942123
1668745399.5153315,1217.5,1217.5,-0.89884563,0.7,33.86222867
1668745459.5583308,1218.16,1218.16,-0.78620859,1.33,41.32157053
1668745519.4478128,1218.47,1218.47,-0.68581194,0.35,44.50167129
1668745580.427425,1218.41,1218.41,-0.62843557,0.23,44.03836422
1668745640.3902366,1217.66,1217.66,-0.67796782,-0.79,38.29896712
1668745700.5226326,1217.59,1217.59,-0.67206976,-1.01,37.80551306
1668745761.4504054,1217.35,1217.35,-0.68934189,-0.7,36.08867819
1668745821.2161746,1216.82,1216.82,-0.75555658,-1.22,32.6443834
1668745881.2022593,1216.64,1216.64,-0.79051938,-1.46,31.45411505
1668745942.048154,1215.76,1215.76,-0.9214363,-1.73,26.62399382
1668746002.0790658,1217.88,1217.88,-0.6600587,-0.28,47.51425518
1668746061.9712908,1218.4,1218.4,-0.50673499,-0.08,51.19942947
1668746122.934724,1218.53,1218.53,-0.39371653,0.13,52.09182943
1668746182.9011889,1218.46,1218.46,-0.31932781,0.8,51.53978162
1668746242.9167492,1218.88,1218.88,-0.19365977,1.29,54.64550887
1668746303.9015508,1219.09,1219.09,-0.09017453,1.74,56.16379458
1668746363.948637,1218.95,1218.95,-0.04035936,2.14,54.86658999
1668746423.818342,1218.97,1218.97,0.01009082,2.33,55.03515408
1668746484.9181678,1218.96,1218.96,0.04746371,3.19,54.94790796
1668746544.563906,1218.7,1218.7,0.04069021,0.83,52.10853199
1668746604.72429,1218.79,1218.79,0.06388304,0.4,53.0024775
1668746666.1448798,1218.72,1218.72,0.06579662,0.18,52.17010273
1668746726.0330918,1218.93,1218.93,0.09998214,0.47,54.47615492
1668746786.0693462,1218.99,1218.99,0.12098313,0.11,55.1388055
1668746846.865016,1218.55,1218.55,0.07010871,-0.53,49.45379375
1668746906.7347963,1218.98,1218.98,0.11712061,0.03,54.40970064
1668746966.7781744,1220.12,1220.12,0.28752204,1.16,64.36682541
1668747027.7187932,1220.75,1220.75,0.43555977,1.79,68.46570376
1668747087.7542408,1220.89,1220.89,0.52761208,2.18,69.22676216
1668747148.3947582,1220.33,1220.33,0.50579815,1.53,62.08074772
1668747208.5203483,1220.34,1220.34,0.51811582,1.61,62.16152862
1668747268.4087498,1220.93,1220.93,0.60464993,2.0,66.39131355
1668747328.6194882,1220.71,1220.71,0.59882317,1.72,63.58611531
1668747389.6643214,1220.19,1220.19,0.52766614,1.64,57.29556567
1668747449.3641665,1219.92,1219.92,0.46022582,0.95,54.28830378
1668747509.577216,1219.39,1219.39,0.34408688,-0.73,48.87314004
1668747570.4223602,1219.29,1219.29,0.2675371,-1.46,47.90362917
1668747630.2145464,1219.47,1219.47,0.23559263,-1.43,49.84068968
1668747690.1275144,1219.28,1219.28,0.16978041,-1.06,47.83628523
1668747750.9341478,1219.13,1219.13,0.10757884,-1.2,46.2318139
1668747810.8568122,1219.97,1219.97,0.18512295,-0.95,55.23976106
1668747870.8646846,1220.07,1220.07,0.2066448,-0.65,56.14519705
1668747932.0046272,1220.15,1220.15,0.22558577,-0.05,56.95226778
1668747992.3068235,1219.93,1219.93,0.20175508,0.0,54.1033345
1668748052.7195096,1220.27,1220.27,0.24198234,0.87,57.63816353
1668748112.8195932,1220.26,1220.26,0.24931923,0.97,57.4874787
1668748172.7556884,1220.46,1220.46,0.28111467,1.0,59.58847185
1668748232.808291,1220.85,1220.85,0.34421261,1.58,63.47825619
1668748293.599204,1220.92,1220.92,0.37525534,1.79,64.14331037
1668748353.5792973,1221.43,1221.43,0.46302914,1.47,68.58911734
1668748413.7903447,1222.14,1222.14,0.59625463,2.06,73.39093893
1668748474.6541896,1221.14,1221.14,0.50686062,0.99,59.33013718
1668748534.574819,1221.08,1221.08,0.48568913,1.15,58.64400474
1668748594.55553,1221.63,1221.63,0.54445029,1.37,63.09634996
1668748655.4349475,1222.13,1222.13,0.6218311,1.86,66.53793833
1668748715.442875,1221.89,1221.89,0.60956896,1.42,63.42790311
1668748775.3885107,1221.3,1221.3,0.52399532,0.46,56.42568353
1668748836.2219975,1222.07,1222.07,0.5973278,1.16,62.24616119
1668748896.212305,1221.85,1221.85,0.5681346,0.43,59.75935371
1668748956.218407,1223.3,1223.3,0.75752256,1.15,68.54520345
1668749017.054808,1222.82,1222.82,0.73941744,1.69,63.63869969
1668749077.0581808,1222.86,1222.86,0.75184446,1.78,63.87790325
1668749137.1054554,1222.06,1222.06,0.63743183,0.44,56.0867212
1668749198.1186483,1222.39,1222.39,0.63780232,0.25,58.34493649
1668749258.1886876,1222.17,1222.17,0.57909962,0.28,56.26753337
1668749318.03293,1221.33,1221.33,0.42212934,0.04,49.0759411
1668749378.9655778,1221.35,1221.35,0.34842227,-0.72,49.24604252
1668749439.1410108,1221.37,1221.37,0.28890619,-0.47,49.42435285
1668749498.949846,1221.01,1221.01,0.18622802,-2.28,46.29348443
1668749559.739314,1220.29,1220.29,0.02500372,-2.53,40.69054811
1668749619.7759864,1219.71,1219.71,-0.13858716,-3.14,36.83189898
1668749679.7250133,1219.77,1219.77,-0.22044586,-2.28,37.4922631
1668749740.821557,1218.89,1219.47,-0.36456503,-2.92,38.4183769
1668749802.1905935,1219.45,1219.54,-0.41334753,-2.63,39.15370243
1668749860.7061129,1219.96,1219.96,-0.38685059,-1.38,43.15234928
1668749921.7109473,1220.58,1220.34,-0.31880768,-1.0,46.68295341
1668749981.6656122,1219.62,1219.09,-0.44405855,-2.28,38.77877855
1668750041.7196424,1218.99,1218.99,-0.50689068,-2.01,38.23891854
1668750102.3995287,1219.77,1219.77,-0.43444481,-0.52,44.71085544
1668750162.445692,1220.2,1219.39,-0.42468842,-0.32,42.85859293
1668750222.4099538,1219.3,1219.31,-0.45038855,-0.46,42.41410004
1668750283.4035954,1219.57,1219.56,-0.42443486,0.68,44.36682409
1668750343.462037,1219.22,1219.15,-0.46916106,-0.3,41.84844397
1668750403.4387918,1218.93,1218.23,-0.56454678,-1.72,36.60276758
1668750464.3192785,1218.08,1218.53,-0.60440264,-2.05,39.81766157
1668750524.241408,1218.8,1218.58,-0.59936393,-1.05,40.67208174
1668750584.321762,1218.97,1219.0,-0.5473112,0.01,43.59911676
1668750645.0674598,1219.26,1218.99,-0.5100669,-0.77,43.86067121
1668750705.1124165,1219.56,1218.81,-0.46933557,-1.39,43.00114507
1668750765.2762735,1218.59,1219.14,-0.45616573,-0.17,46.10533839
1668750825.959087,1219.01,1218.98,-0.44766031,-0.59,44.92039902
1668750886.076958,1219.04,1218.57,-0.45615618,-0.65,42.19978655
1668750945.8386073,1218.32,1218.17,-0.50805462,-0.76,39.75398261
1668751006.9289076,1218.58,1218.59,-0.46916978,0.51,43.04492717
1668751066.9668777,1218.6,1218.07,-0.49984816,-0.72,39.5199386
1668751126.9652932,1218.07,1217.33,-0.57722808,-1.64,35.09210753
1668751187.8399527,1217.69,1217.69,-0.58100977,-1.56,37.11304635
1668751247.7771227,1217.97,1217.87,-0.56886287,-1.7,39.28144374
1668751307.73403,1218.26,1218.85,-0.46815717,0.27,48.46167424
1668751368.578472,1218.85,1219.06,-0.39091925,0.06,50.30205393
1668751428.597649,1219.41,1219.5,-0.26990982,0.46,53.81775923
1668751488.534758,1219.74,1219.57,-0.17229416,1.24,53.99388714
1668751549.64215,1219.32,1218.87,-0.18133001,0.29,47.9928864
1668751609.626831,1218.69,1217.87,-0.26033553,-0.73,40.89668851
1668751669.5431511,1217.87,1217.61,-0.32938348,-0.47,39.25166969
1668751730.5101364,1217.32,1217.15,-0.4342836,-0.54,36.57482371
1668751790.4001834,1216.86,1216.08,-0.59599778,-1.88,31.11303893
1668751850.6021824,1217.09,1217.77,-0.50138395,-0.48,43.64925409
1668751911.225143,1217.52,1217.14,-0.55032102,-1.71,38.977494
1668751971.216502,1215.79,1216.55,-0.69697828,-2.85,38.66348457
1668752031.443655,1215.89,1213.92,-0.96939793,-5.83,25.64167891
1668752092.3727334,1213.77,1214.54,-1.09155597,-4.77,31.64445842
1668752152.194873,1214.81,1214.62,-1.14181336,-4.08,32.90534607
1668752212.2075489,1215.57,1215.59,-1.04916174,-2.28,39.13898504
1668752273.0647385,1215.36,1215.56,-1.03993275,-1.76,39.51239091
1668752333.1436722,1214.85,1215.45,-1.05960521,-1.42,40.25781793
1668752393.0140462,1215.62,1215.6,-0.99613201,-1.49,41.29365616
1668752453.9021473,1215.67,1215.85,-0.92142093,-1.67,43.0643505
1668752513.918265,1216.37,1216.33,-0.78705934,0.54,46.32351121
1668752573.7692745,1215.81,1216.04,-0.76047251,0.14,45.09119106
1668752634.605842,1216.03,1215.61,-0.73215329,1.85,42.63730188
1668752694.6491292,1215.58,1215.61,-0.70346994,0.8,42.70939591
1668752754.640768,1215.76,1216.13,-0.62038546,0.56,46.66511763
1668752815.852077,1215.95,1216.09,-0.57248884,0.72,46.45851797
1668752875.6555278,1216.16,1216.05,-0.51544357,1.2,46.20811052
1668752935.635966,1216.32,1215.37,-0.50686654,-0.25,41.779394
1668752996.4413788,1215.01,1215.12,-0.55274492,-0.55,40.66559512
1668753056.4407706,1215.51,1215.39,-0.51495689,-0.97,43.05570109
1668753116.4621484,1215.41,1215.85,-0.46531436,0.05,46.80303709
1668753177.420505,1215.89,1215.72,-0.43089965,-0.32,45.89300288
1668753237.221037,1215.89,1216.13,-0.35834908,0.55,49.16406811
1668753297.1996653,1215.89,1215.38,-0.38204348,-0.38,43.14310515
1668753358.3957994,1215.49,1215.0,-0.40603316,-0.94,40.36135061
1668753418.269529,1215.39,1214.69,-0.42654447,-1.47,38.05070244
1668753478.5054028,1215.05,1215.74,-0.35743615,-0.58,47.55043917
1668753539.143286,1215.9,1216.13,-0.28012735,1.11,50.95852761
1668753599.2967193,1216.05,1215.67,-0.26798776,0.16,46.93322538
1668753659.1727912,1215.79,1215.99,-0.21750481,0.57,49.86930823
1668753719.9728143,1216.34,1216.12,-0.15043098,0.23,50.81786114
1668753780.1196442,1216.25,1216.44,-0.08513194,0.55,53.76854139
1668753839.9495685,1216.5,1216.82,-0.00711768,0.92,57.07901386
1668753900.9908676,1216.87,1217.46,0.1050853,1.98,62.03292761
1668753960.9862342,1217.28,1217.46,0.17634392,2.06,62.13340845
1668754020.9825325,1217.11,1216.67,0.15807793,1.63,53.76654188
1668754081.8258898,1216.77,1217.28,0.21741944,1.38,59.2106471
1668754141.8700323,1217.5,1217.73,0.30525673,1.68,62.55213438
1668754201.7896273,1217.52,1218.35,0.39275533,2.56,66.83508437
1668754262.7090218,1218.25,1218.23,0.45485071,1.88,65.96718079
1668754322.7300968,1218.43,1219.16,0.59045762,2.91,71.63813937
1668754382.745885,1218.86,1218.76,0.62709672,2.26,68.71939805
1668754443.7530394,1218.58,1218.69,0.6519766,1.81,67.14598814
1668754503.5480947,1218.86,1218.98,0.70888454,1.71,69.02992833
1668754563.5837762,1218.81,1218.99,0.72508542,1.87,68.79016672
1668754624.5535123,1218.39,1218.2,0.64015697,1.44,59.11804207
1668754684.604372,1218.17,1218.45,0.62190826,0.95,61.25203793
1668754744.566393,1218.54,1218.36,0.60075311,0.85,59.50734171
1668754805.458479,1218.5,1218.41,0.58369369,0.16,60.06886179
1668754865.4022994,1218.55,1218.96,0.60742364,0.54,65.46344944
1668754925.4174688,1219.14,1218.7,0.60007297,-0.15,60.51756045
1668754986.2513745,1218.89,1218.88,0.6029117,0.29,62.97715225
1668755046.2239406,1219.03,1219.23,0.62293296,0.36,66.08801619
1668755106.1886764,1219.14,1219.0,0.59887955,0.18,62.97755835
1668755167.408727,1219.15,1219.14,0.59862514,0.74,65.3314016
1668755227.1505892,1219.2,1219.23,0.59372887,1.05,66.2276885
1668755287.1402147,1219.78,1219.69,0.64994652,1.14,69.29549171
1668755348.4999683,1219.7,1219.46,0.63509441,0.96,64.89935312
1668755407.990019,1219.52,1219.21,0.59872301,0.66,60.36766081
1668755467.931429,1218.54,1219.85,0.57005833,0.72,63.11117073
1668755528.9847012,1221.09,1220.0,0.67130735,1.11,59.4041837
1668755588.8311608,1219.63,1218.72,0.5405781,-0.3,49.99472151
1668755648.7322462,1219.02,1218.34,0.44204212,-0.8,47.4109762
1668755709.813788,1218.63,1218.77,0.39322649,-0.37,50.262257
1668755769.8588653,1218.98,1218.96,0.36109025,-0.24,51.54102128
1668755829.7514088,1219.09,1219.38,0.3571039,-0.4,54.55045825
1668755890.5724893,1219.46,1219.46,0.34288632,-0.06,55.11043151
1668755950.531875,1219.34,1219.34,0.31467055,0.79,53.99757619
1668756010.4519844,1218.8,1218.8,0.22015148,-2.3,49.23526101
1668756071.281319,1218.62,1218.62,0.15190279,-1.02,47.72940525
1668756131.2619822,1217.76,1217.76,-0.01361223,-1.25,41.22196687
1668756191.3842983,1217.89,1217.89,-0.07099833,-0.73,42.50683248
1668756252.602529,1217.87,1217.87,-0.12547705,-1.11,42.32681206
1668756312.6579094,1217.87,1217.55,-0.15100412,-1.43,39.85433647
1668756372.501778,1217.54,1217.54,-0.28169845,-1.83,41.79820035
1668756433.4759574,1217.92,1217.92,-0.25308522,-1.55,45.45628467
1668756493.4222512,1218.03,1218.03,-0.23660821,-1.3,46.48614699
1668756553.5122905,1218.58,1218.58,-0.14951215,-0.21,51.48181556
1668756614.3865352,1218.38,1218.38,-0.14284287,-0.23,49.66818577
1668756674.285638,1216.68,1216.68,-0.36380615,-1.07,37.55694464
1668756734.2938895,1215.58,1215.58,-0.58202919,-2.3,32.10220888
1668756795.266664,1215.9,1215.9,-0.6317675,-1.97,35.09407549
1668756855.2730646,1215.16,1215.16,-0.78938561,-1.85,31.72618371
1668756915.0869954,1214.83,1214.83,-0.90427064,-2.71,30.31750662
1668756976.408913,1214.62,1214.62,-0.99241149,-3.31,29.35951316
1668757036.1783476,1215.24,1215.24,-0.94938855,-2.79,35.46559436
1668757096.0694318,1215.79,1215.79,-0.8664781,-2.8,40.39457743
1668757156.9721234,1216.05,1216.05,-0.78864085,-2.33,42.62247977
1668757217.0249324,1215.78,1215.78,-0.77370353,-0.9,40.94596936
1668757277.3603315,1215.94,1215.94,-0.71306551,0.36,42.41592983
1668757337.905673,1216.33,1216.33,-0.61229954,0.42,45.94775469
1668757397.8457825,1215.98,1215.98,-0.59960984,0.83,43.37119754
1668757457.8538756,1214.93,1214.93,-0.70939949,0.11,36.7271432
1668757518.8996956,1214.85,1214.85,-0.73364222,0.23,36.27156247
1668757578.892131,1214.98,1214.98,-0.72089813,-0.26,37.62557537
1668757638.9221616,1215.63,1215.63,-0.61955331,-0.15,44.03573278
1668757699.912285,1215.63,1215.63,-0.57370724,-0.42,44.04305311
1668757759.7420316,1215.35,1215.35,-0.57020648,-0.42,41.86655644
1668757819.6566498,1214.69,1214.69,-0.63614912,-1.25,37.23494399
1668757880.514542,1215.02,1215.02,-0.59390563,-1.31,40.73594261
1668757940.474317,1215.16,1215.16,-0.55363391,-0.83,42.24518571
1668758000.563718,1214.74,1214.74,-0.58513585,-0.2,39.1347807
1668758062.1668088,1214.71,1214.71,-0.58051473,-0.14,38.86962939
1668758122.10582,1214.79,1214.79,-0.55647875,-0.19,39.89170867
1668758182.1725252,1214.14,1214.14,-0.62820018,-1.48,34.96459148
1668758243.199833,1214.2,1214.2,-0.62936769,-1.42,35.70475648
1668758303.0571756,1214.38,1214.38,-0.60140575,-0.97,38.14562058
1668758362.9860332,1214.36,1214.36,-0.58671268,-0.34,37.98459405
1668758423.9641252,1214.65,1214.65,-0.52564474,-0.36,42.05807166
1668758483.9928825,1214.19,1214.19,-0.55434492,-0.98,37.80867427
1668758543.9672592,1213.69,1213.69,-0.61245406,-1.04,33.81044473
1668758604.8875525,1213.68,1213.68,-0.6211746,-1.03,33.72784159
1668758664.864434,1209.74,1209.74,-1.17851214,-5.06,17.27475995
1668758725.0850143,1210.49,1210.49,-1.2494633,-3.66,24.82181327
1668758786.1289997,1209.97,1209.97,-1.40995513,-4.22,23.17240937
1668758846.0119598,1208.57,1208.57,-1.68566148,-5.8,19.55201957
1668758905.972072,1210.19,1210.19,-1.56595438,-4.16,32.66235308
1668758966.9916096,1210.66,1210.66,-1.48974585,-3.99,35.92997088
1668759026.8429887,1211.17,1211.17,-1.36910015,-3.03,39.38198057
1668759086.828199,1209.77,1209.77,-1.4893821,-3.93,34.00709282
1668759147.6378424,1211.11,1211.11,-1.28972205,-2.58,42.14600965
1668759207.69794,1210.55,1210.55,-1.28089196,0.82,39.92680202
1668759267.6685274,1210.72,1210.72,-1.2003545,0.24,40.93891278
1668759328.8333566,1209.89,1209.89,-1.25154096,-0.09,37.59537706
1668759389.0204897,1210.6,1210.6,-1.12638069,2.03,41.94678958
1668759448.8007746,1208.53,1208.53,-1.3524703,-1.66,34.38910568
1668759509.7047818,1209.07,1209.07,-1.30785859,-1.58,37.55169058
1668759569.624066,1207.87,1207.87,-1.46200263,-3.31,33.70040292
1668759629.7520592,1207.82,1207.82,-1.49693759,-1.95,33.51221456
1668759690.399699,1209.3,1209.3,-1.29614861,-1.81,42.03611477
1668759750.500722,1208.44,1208.44,-1.33812628,-2.12,38.91003137
1668759810.4964104,1209.31,1209.31,-1.17902145,-1.42,43.4974788
1668759872.0506835,1208.67,1208.67,-1.18453617,-1.23,41.03865429
1668759931.952616,1209.33,1209.33,-1.04206801,-1.26,44.49933
1668759991.9837215,1209.99,1209.99,-0.86714766,1.47,47.79745209
1668760052.9196403,1210.0,1210.0,-0.75943991,0.93,47.84877689
1668760112.8463488,1209.2,1209.2,-0.78135479,1.34,44.17505852
1668760172.7210667,1210.01,1210.01,-0.62387614,2.18,48.49550893
1668760233.654881,1210.62,1210.62,-0.45840419,1.33,51.53510909
1668760293.6129618,1210.05,1210.05,-0.44223826,1.62,48.6434847
1668760353.6810956,1210.8,1210.8,-0.28227041,1.5,52.41728259
1668760414.5161664,1210.79,1210.79,-0.20325185,2.11,52.36090435
1668760474.5210798,1210.78,1210.78,-0.13980601,1.44,52.30580251
1668760534.4728255,1211.26,1211.26,-0.01940052,1.27,54.94136638
1668760595.5589008,1211.69,1211.69,0.10655738,1.68,57.19979646
1668760655.5336068,1211.97,1211.97,0.21672564,2.78,58.65785138
1668760715.543749,1212.0,1212.0,0.28668601,1.98,58.84348348
1668760776.2817388,1212.05,1212.05,0.34404024,1.43,59.100547
1668760836.572246,1212.65,1212.65,0.46673863,2.6,62.48760684
1668760896.289379,1212.4,1212.4,0.48346967,1.59,60.21978897
1668760957.4010687,1211.98,1211.98,0.44733013,1.2,56.56275063
1668761017.1888578,1211.87,1211.87,0.42585871,1.1,55.61976803
1668761077.0856428,1211.57,1211.57,0.36864038,0.31,52.98166092
1668761138.2348828,1212.5,1212.5,0.46858624,0.8,59.42713817
1668761198.138374,1212.53,1212.53,0.48767683,0.55,59.62391769
1668761258.152029,1212.7,1212.7,0.5198579,0.7,60.75639654
1668761318.9612443,1212.22,1212.22,0.46128369,0.16,55.97482058
1668761379.0472574,1211.4,1211.4,0.32297703,-1.26,48.91459824
1668761439.2123327,1210.74,1210.74,0.16951179,-1.65,44.08426592
1668761499.8998888,1210.42,1210.42,0.04335741,-1.55,41.92403398
1668761559.7795436,1210.0,1210.0,-0.0959639,-1.88,39.24872007
1668761619.8102548,1210.01,1210.01,-0.17573677,-1.57,39.34913534
1668761680.9923408,1210.26,1210.44,-0.18962319,-2.05,43.81858866
1668761740.9934983,1210.21,1210.46,-0.22342127,-2.06,44.19968312
1668761800.9169002,1211.43,1211.32,-0.10525855,-1.38,51.89470229
1668761861.76387,1211.63,1211.48,-0.03963344,-0.75,53.00758032
1668761921.765293,1212.0,1211.5,0.02524062,0.11,52.53569099
1668761981.8437386,1211.82,1212.37,0.13363203,1.63,59.73777566
1668762042.8144758,1213.07,1213.04,0.29235105,2.62,63.81032308
1668762102.764753,1212.56,1213.2,0.35344741,3.21,63.02172143
1668762162.7381718,1212.83,1211.77,0.28980837,1.76,51.56374571
1668762223.8188994,1211.52,1212.12,0.27230258,1.9,53.91496719
1668762283.6222618,1212.13,1212.69,0.31781992,2.47,57.4983293
1668762343.5906353,1212.74,1213.29,0.40017755,1.86,60.9262352
1668762404.8588717,1214.92,1214.61,0.66270886,2.97,65.55826503
1668762464.7628832,1213.88,1213.51,0.626875,1.52,58.01917847
1668762524.6041863,1214.07,1213.44,0.66617828,1.61,56.98303785
1668762585.4428148,1213.65,1213.34,0.65871174,0.28,56.20361233
1668762645.4788072,1213.65,1213.86,0.69280482,1.3,59.48675195
1668762705.489259,1213.73,1213.81,0.68025051,0.99,59.25561575
1668762766.3260531,1213.56,1213.97,0.66815323,2.46,59.86298108
1668762826.3660064,1213.74,1213.68,0.62877029,1.55,58.00889544
1668762886.2737153,1213.6,1213.71,0.60259915,0.97,58.03979708
1668762947.4262984,1213.64,1213.48,0.55880942,-1.44,55.95536128
1668763007.356405,1213.47,1213.93,0.55716452,0.04,59.29780059
1668763067.3677657,1214.23,1214.58,0.62109621,0.5,63.47885161
1668763128.147861,1214.8,1213.95,0.60802576,0.3,56.5698836
1668763188.1590714,1213.7,1213.68,0.53955445,0.03,54.3818775
1668763248.1839511,1213.44,1213.37,0.45649889,-0.36,51.86554478
1668763309.549646,1213.02,1213.09,0.35733166,-0.47,49.71521885
1668763369.070717,1213.41,1213.17,0.322914,-0.56,50.19462473
1668763429.001933,1213.17,1213.24,0.27909377,-0.35,50.77621531
1668763489.9442282,1212.46,1212.1,0.10135953,-1.55,42.30865707
1668763549.919241,1212.43,1212.79,0.08569614,-0.68,47.85905559
1668763610.0203164,1212.73,1212.48,0.02401396,-1.76,45.32125723
1668763670.8240683,1212.57,1212.6,-0.00572954,-2.2,46.30934537
1668763730.7896929,1213.0,1213.26,0.04206824,-0.43,52.34809469
1668763790.841726,1213.63,1213.52,0.09695072,0.08,54.24182954
1668763851.6906528,1213.85,1213.76,0.15643118,0.74,56.03397199
1668763911.6595137,1214.12,1214.61,0.27059488,1.21,62.55923162
1668763971.631221,1214.65,1214.63,0.33727402,1.45,62.63724988
1668764032.4267647,1214.63,1214.44,0.36802434,1.99,60.33825225
1668764092.4656403,1214.28,1214.14,0.35537728,1.71,56.90093904
1668764152.4150617,1214.33,1214.77,0.41275224,2.03,62.53889815
1668764213.507405,1214.63,1214.36,0.39918038,1.78,58.07641774
1668764273.4456632,1214.37,1214.73,0.42288869,1.73,61.28184121
1668764333.4726686,1214.64,1215.1,0.46000096,1.48,64.27982609
1668764394.3000867,1214.83,1214.67,0.4397698,0.81,59.88758799
1668764454.2645266,1214.83,1215.06,0.47612299,0.93,64.18750366
1668764514.3060858,1214.74,1215.65,0.51591971,1.01,68.29071776
1668764575.1105444,1216.33,1216.24,0.65079189,1.62,71.01264966
1668764635.0941896,1216.57,1216.6,0.75497177,2.31,73.72182048
1668764695.1034086,1216.9,1216.99,0.85819481,2.66,75.68605938
1668764756.186683,1216.6,1215.81,0.79176141,1.19,60.72470084
1668764816.0940812,1215.8,1215.38,0.71953053,1.02,56.08057701
1668764876.1717143,1215.06,1215.07,0.61155132,0.44,53.13634926
1668764936.9511063,1215.03,1215.35,0.55923948,0.51,55.52107349
1668764997.0046957,1215.06,1214.78,0.45229089,-0.05,50.11114917
1668765056.90932,1214.58,1214.69,0.36134724,-0.04,49.35414047
1668765117.7873642,1215.13,1215.67,0.40313759,-0.66,57.88866469
1668765177.789389,1215.7,1215.62,0.40288538,-0.94,57.20822209
1668765237.758258,1215.31,1215.39,0.35877182,-1.52,54.77745776
1668765298.7702396,1215.14,1215.61,0.34163935,-0.99,56.45414722
1668765358.7524886,1215.5,1215.35,0.31242325,-0.44,53.92539802
1668765418.8130038,1215.24,1215.55,0.30140218,0.49,55.60843701
1668765479.5378077,1215.41,1215.43,0.27739639,0.41,54.58323434
1668765539.6251872,1215.49,1215.51,0.27426343,0.44,55.35968449
1668765599.502672,1215.59,1215.9,0.30098079,1.32,59.14843291
1668765660.310361,1215.61,1215.21,0.2412043,0.09,51.16756417
1668765720.3285332,1214.88,1214.99,0.17125635,-0.72,48.8637369
1668765780.2867348,1215.23,1214.98,0.14973599,-0.34,48.68635994
1668765841.5062838,1214.83,1214.81,0.09336923,-0.34,46.94413504
1668765901.1886458,1214.93,1215.12,0.09025422,-0.39,50.54697205
1668765961.1859422,1215.46,1215.69,0.14507104,0.45,56.37762438
1668766022.1450484,1216.33,1217.0,0.30903491,1.6,66.29299611
1668766082.3273163,1218.21,1217.77,0.53054,2.29,67.53094633
1668766142.1197646,1217.61,1217.83,0.61733621,2.25,67.1397784
1668766203.0450664,1218.4,1218.99,0.81593675,3.38,72.2018794
1668766262.9920535,1218.43,1218.21,0.82989038,3.34,67.43485426
1668766323.0419312,1219.2,1218.92,0.98273677,3.69,70.22974439
1668766383.7848291,1219.17,1218.34,0.99855333,3.51,64.12342675
1668766443.8813543,1218.29,1218.03,0.95675695,3.09,61.1835529
1668766503.938647,1218.24,1218.74,0.98642033,3.28,66.03859401
1668766564.9582376,1218.64,1219.19,1.01440811,2.86,68.43245086
1668766624.7350066,1219.43,1219.83,1.09686144,1.61,71.39135563
1668766684.7984812,1218.88,1219.69,1.06489882,2.07,68.07649976
1668766745.7582843,1221.65,1221.32,1.3366006,2.91,72.20534849
1668766805.5552917,1220.92,1220.52,1.3232967,2.08,65.93250247
1668766865.6244287,1219.89,1219.76,1.22337327,0.57,60.67178176
1668766926.3891463,1219.54,1219.42,1.13108728,0.26,58.38895745
1668766986.3624697,1219.24,1218.43,0.96957373,0.14,52.04394235
1668767046.3519838,1218.54,1219.01,0.89626607,0.76,55.24450916
1668767107.5553944,1218.75,1218.38,0.75546348,-0.26,51.43154805
1668767167.43004,1218.19,1218.21,0.62751614,-1.22,50.39433712
1668767227.31951,1218.22,1217.56,0.48013527,-1.33,46.25844304
1668767288.2130976,1217.92,1217.76,0.39669628,-3.88,47.37978986
1668767348.3543696,1218.49,1218.76,0.42965225,-2.15,54.0763584
1668767408.100617,1220.33,1222.12,0.76905765,2.24,68.91640221
1668767468.9300983,1222.81,1224.44,1.15626967,4.89,74.99765695
1668767528.9467344,1223.71,1224.85,1.38984406,5.6,76.02752273
1668767589.1045368,1224.15,1224.51,1.53240318,5.96,75.34394451
1668767650.3917277,1221.73,1221.73,1.33833169,3.53,58.89376845
1668767710.409478,1221.73,1221.0,1.28009808,2.8,55.11557406
1668767770.3442676,1220.82,1220.59,1.11945676,2.37,53.11905317
1668767831.213714,1220.08,1220.08,0.78449765,1.58,50.76001586
1668767891.236451,1221.23,1221.23,0.83320569,0.9,55.86439599
1668767951.352233,1219.93,1219.93,0.60498549,-2.89,49.60308132
1668768012.0261345,1219.68,1219.68,0.46581978,-4.02,48.47631475
1668768072.0258722,1218.58,1218.58,0.21160447,-5.56,43.76823542
1668768131.9189286,1217.94,1217.94,-0.01231698,-5.93,41.27724981
1668768192.7014887,1217.75,1217.75,-0.17384785,-3.99,40.51728889
1668768252.7544808,1217.84,1217.84,-0.27382467,-2.98,41.05881358
1668768433.7511866,1217.72,1217.72,-0.47683431,-3.52,41.28070765
1668768493.7389984,1218.14,1218.14,-0.44968215,-1.78,44.14202575
1668768554.5640614,1216.81,1216.81,-0.63754641,-2.87,37.81351879
1668768614.4702537,1218.34,1218.34,-0.47805908,-0.24,47.19274606
1668768674.4904344,1219.11,1219.11,-0.33381586,1.18,51.17704381
1668768735.3697336,1219.79,1219.79,-0.16962373,2.04,54.45312626
1668768795.322678,1219.79,1219.79,-0.0815498,1.95,54.45312626
1668768855.4788475,1220.24,1220.24,0.05138056,2.16,56.68600859
1668768916.5636249,1219.78,1219.78,0.06180031,2.22,53.79206898
1668768976.413225,1219.01,1219.01,-0.0102147,1.28,49.25181631
1668769036.5075307,1219.62,1219.62,0.06783542,1.48,52.66649739
1668769097.280243,1220.23,1220.23,0.17631918,3.42,55.86466181
1668769157.24727,1219.54,1219.54,0.12363943,1.2,51.61628683
1668769217.1516547,1219.06,1219.06,0.05622778,-0.06,48.83410366
1668769278.019688,1219.76,1219.76,0.13172511,-0.03,52.82738915
1668769337.9581923,1219.4,1219.4,0.09473416,-0.39,50.63851941
1668769398.0124855,1220.47,1220.47,0.23843073,0.24,56.41852965
1668769459.5613153,1220.45,1220.45,0.27859465,0.68,56.28586029
1668769519.496806,1220.29,1220.29,0.28613514,1.28,55.1629274
1668769579.5219877,1220.19,1220.19,0.28463671,0.57,54.42993078
1668769640.5385647,1220.71,1220.71,0.35873655,0.48,57.58798427
1668769700.605934,1221.2,1221.2,0.45009669,1.66,60.36116251
1668769760.2962513,1220.9,1220.9,0.44351234,1.84,57.86642212
1668769821.1850786,1220.42,1220.42,0.38357934,0.66,54.01320338
1668769881.1682403,1220.75,1220.75,0.40952638,1.35,56.16464775
1668769941.1781793,1220.46,1220.46,0.36295244,-0.01,53.77750354
1668770004.701682,1220.51,1220.51,0.34876055,0.06,54.11814718
1668770064.7897332,1219.61,1219.61,0.20269085,-0.69,47.0400351
1668770125.0725029,1219.03,1219.03,0.06019822,-1.17,43.12551128
1668770185.7352395,1218.71,1218.71,-0.06172952,-1.99,41.12645371
1668770245.7998185,1219.39,1219.39,-0.03980216,-1.81,46.84065714
1668770305.7599244,1219.68,1219.68,-0.02428945,-1.22,49.11496773
1668770366.640683,1220.52,1220.52,0.08876991,0.11,55.09711938
1668770426.6348884,1220.75,1220.75,0.15697635,0.0,56.60022852
1668770486.958783,1219.9,1219.9,0.07409254,-0.55,49.94606641
1668770547.5507894,1219.59,1219.59,0.01699702,-0.93,47.75373708
1668770607.6452086,1219.54,1219.54,-0.01438202,-0.07,47.37800093
1668770667.4911623,1219.11,1219.11,-0.09708873,0.08,44.25940046
1668770728.6673534,1219.29,1219.29,-0.10907689,0.59,45.87242984
1668770788.6388323,1218.18,1218.18,-0.28414765,-1.21,38.46655698
1668770848.7329147,1217.13,1217.13,-0.49775437,-2.54,33.04442799
1668770909.6773615,1217.56,1217.56,-0.53364322,-2.95,36.96975279
1668770969.6297188,1218.14,1218.14,-0.4999394,-2.61,41.90800396
1668771029.6839345,1218.22,1218.22,-0.49339257,-1.68,42.58264074
1668771090.4881308,1218.46,1218.46,-0.45308854,-1.12,44.63995269
1668771150.4487302,1218.55,1218.55,-0.41862517,-1.0,45.42959437
1668771210.4498675,1217.78,1217.78,-0.50194327,-1.33,40.18920924
1668771272.3253944,1218.88,1218.88,-0.35725249,-0.4,49.23302049
1668771332.2308986,1218.86,1218.86,-0.3107803,0.67,49.0821141
1668771392.1557436,1218.06,1218.06,-0.3826779,0.93,43.54072733
1668771453.4389904,1217.66,1217.66,-0.44243323,0.11,41.07975573
1668771513.109866,1217.83,1217.83,-0.43393579,-0.31,42.59730687
1668771573.023924,1217.31,1217.31,-0.50709152,-0.9,39.31026754
1668771633.8934762,1216.42,1216.42,-0.65194132,-2.04,34.41534098
1668771693.7802343,1216.94,1216.94,-0.62824915,-1.61,39.20648572
1668771753.7877374,1216.4,1216.4,-0.71137195,-1.37,36.26415868
1668771814.653486,1216.48,1216.48,-0.72457201,-2.4,36.98591648
1668771874.6483705,1215.38,1215.38,-0.88591452,-3.49,31.41156519
1668771934.887178,1215.32,1215.32,-0.94258387,-2.75,31.1378377
1668771996.1637614,1215.67,1215.67,-0.9236303,-1.98,34.71936388
1668772056.020229,1215.63,1215.63,-0.92454336,-2.21,34.44544784
1668772116.0247257,1214.83,1214.83,-1.02593762,-2.48,30.2919445
1668772176.819518,1216.3,1216.3,-0.83526762,-0.12,43.7329093
1668772237.1115024,1216.02,1216.02,-0.80844431,-0.93,42.07475294
1668772296.793188,1216.48,1216.48,-0.69507335,0.07,45.72306624
1668772357.6327968,1216.59,1216.59,-0.61153787,0.12,46.58018068
1668772417.8345983,1217.04,1217.04,-0.48300758,1.65,50.07436891
1668772477.5472608,1217.49,1217.49,-0.34131449,2.17,53.36853191
1668772539.0125604,1217.72,1217.72,-0.22263907,2.06,55.00801429
1668772598.7800531,1217.6,1217.6,-0.15722004,1.96,53.95193296
1668772658.736878,1217.86,1217.86,-0.06054494,3.03,55.96283217
1668772719.7085826,1217.26,1217.26,-0.08579563,0.95,50.52083733
1668772779.5723765,1217.87,1217.87,0.0197546,1.85,55.27099492
1668772839.5610242,1217.23,1217.23,-0.02637116,0.74,49.8622964
1668772900.3101854,1217.47,1217.47,0.01171763,0.87,51.76838569
1668772960.3674583,1217.8,1217.88,0.08007314,0.84,54.9599357
1668773020.3845248,1217.7,1217.7,0.08602045,0.21,53.3926569
1668773081.3985777,1218.26,1219.24,0.25767336,1.53,64.05286638
1668773141.4297438,1219.24,1218.76,0.3165575,1.15,59.37504885
1668773201.4499445,1219.14,1219.2,0.41697246,1.34,63.362205
1668773262.2964282,1219.35,1219.58,0.50732048,2.33,65.70201674
1668773322.2151,1219.49,1220.0,0.59029483,2.13,68.22940659
1668773382.1831744,1220.09,1220.12,0.66932606,2.89,68.88995965
1668773443.2327013,1219.99,1219.99,0.70024038,2.52,67.54783369
1668773503.1433735,1219.4,1219.66,0.66132696,1.85,62.40121376
1668773563.1000607,1219.71,1219.71,0.66848646,2.01,62.68004203
1668773623.8960636,1219.4,1219.31,0.61110996,1.06,58.19883775
1668773683.9272316,1219.42,1219.26,0.58136291,0.02,57.47174134
1668773743.9211636,1219.37,1220.05,0.61436063,0.92,64.09885331
1668773805.0279574,1219.01,1218.38,0.42907304,-0.97,47.82761752
1668773865.0950236,1218.87,1219.99,0.50325179,0.51,62.49246572
1668773924.9014354,1220.26,1220.68,0.59668138,0.6,66.86863247
1668773985.7979236,1219.88,1220.06,0.54747553,0.07,61.29418809
1668774045.8080077,1220.61,1220.27,0.60331136,0.88,61.11364932
1668774105.771097,1220.28,1220.31,0.61023,0.59,61.46032738
1668774166.636758,1220.38,1220.69,0.64145523,1.3,64.09359495
1668774226.928213,1220.58,1220.61,0.64170273,1.2,63.57900766
1668774286.7263317,1220.24,1219.69,0.54466406,0.33,53.41653523
1668774347.6642635,1219.14,1219.17,0.41082322,0.17,48.84236589
1668774407.7478733,1219.87,1219.3,0.3897547,0.43,49.67378367
1668774467.7232854,1218.82,1218.62,0.24000741,-1.64,44.87370528
1668774528.651808,1218.39,1218.58,0.13321699,-1.3,45.00855955
1668774588.4935822,1218.78,1219.1,0.11682149,-1.51,49.19400307
1668774648.4617755,1219.42,1219.72,0.15807154,-0.57,53.68798003
1668774709.3381114,1219.54,1219.66,0.15334112,-0.71,53.33748069
1668774769.3259385,1220.37,1220.44,0.2644729,-0.14,58.56667644
1668774829.3180902,1219.02,1218.81,0.0872915,-1.42,46.68720531
1668774890.3076334,1218.65,1218.88,0.03195825,-0.26,47.41906254
1668774950.3325078,1218.99,1219.36,0.04269135,-0.52,50.85803281
1668775010.334542,1219.4,1219.2,0.03344819,0.39,49.66142125
1668775071.346478,1218.91,1218.9,-0.0178426,0.51,47.59608823
1668775131.1431963,1219.14,1219.2,-0.00098618,0.41,49.86961929
1668775191.1264873,1219.21,1218.96,-0.02191353,-0.45,47.96250035
1668775251.9642422,1218.65,1218.94,-0.05936424,-0.6,48.17411185
1668775311.9806952,1219.24,1218.84,-0.0575297,-1.52,47.44681149
1668775371.9672458,1218.51,1218.84,-0.09451146,-0.18,47.85871587
1668775432.757679,1218.9,1218.87,-0.09569529,0.22,48.08808112
1668775492.791761,1218.62,1218.6,-0.13560239,-0.38,46.12721386
1668775552.9730752,1218.44,1218.59,-0.16097561,-0.8,46.32992095
1668775613.8614109,1218.66,1218.21,-0.19563848,-0.7,43.48749961
1668775673.7256594,1218.15,1217.55,-0.28127737,-1.59,38.99303777
1668775733.802086,1217.88,1217.86,-0.29635469,-1.34,40.9932061
1668775794.5789957,1217.54,1217.61,-0.36444193,-1.03,39.54662964
1668775854.576828,1218.0,1218.57,-0.29364806,-0.67,48.79090487
1668775914.6027353,1218.64,1218.87,-0.22972732,0.36,51.31986977
1668775975.4247086,1218.92,1218.64,-0.197297,-0.26,49.25334162
1668776035.4055517,1218.61,1218.62,-0.17559246,-0.01,49.08580717
1668776095.4598954,1218.85,1218.89,-0.11901627,0.45,51.50451979
1668776156.601133,1218.84,1218.84,-0.09478599,0.19,51.02939023
1668776216.5917263,1218.07,1218.29,-0.16413715,0.15,46.38747102
1668776276.5958948,1218.36,1218.81,-0.12144327,0.94,51.26348786
1668776337.422197,1218.43,1218.58,-0.13336158,1.04,49.30493586
1668776397.338586,1218.55,1218.25,-0.14560219,0.26,46.03770949
1668776457.3085997,1218.0,1218.47,-0.14950589,-0.18,48.80272746
1668776518.109516,1217.91,1218.08,-0.20083743,-0.84,45.06881634
1668776578.085589,1218.48,1218.43,-0.1505937,-0.19,48.82543711
1668776638.1811757,1218.68,1218.79,-0.09040612,-0.07,52.49100567
1668776699.154698,1219.49,1219.63,0.05165162,0.78,59.73237253
1668776759.2403736,1219.61,1219.79,0.12952798,1.73,61.04477151
1668776819.159868,1219.34,1219.32,0.12573254,0.95,56.19170893
1668776880.0362396,1218.53,1218.1,0.00285656,-0.33,44.37862603
1668776939.9994817,1217.98,1218.15,-0.04623309,-0.4,45.18746249
1668777000.3990114,1218.36,1218.39,-0.04582845,0.39,47.54917626
1668777060.7849026,1218.11,1217.67,-0.13217027,-0.24,41.45337611
1668777120.7594435,1218.03,1218.48,-0.09463889,-0.01,49.17442714
1668777181.003645,1218.84,1218.66,-0.04949877,-0.03,50.68907326
1668777241.5895784,1219.19,1219.22,0.04124698,-0.27,55.70650973
1668777301.5304315,1218.67,1218.69,0.00259537,-0.91,50.54882615
1668777361.7732234,1218.74,1219.0,0.03385087,-0.34,53.46271641
1668777422.7209036,1219.14,1219.61,0.11335259,1.09,58.58992296
1668777482.724208,1219.3,1219.82,0.16263268,1.83,60.40952566
1668777542.5640948,1220.23,1220.59,0.30482457,2.24,65.60748778
1668777603.41002,1220.63,1220.35,0.37107322,2.24,62.53376355
1668777663.3937025,1220.58,1220.35,0.43103039,2.33,62.32684555
1668777723.3992152,1221.5,1224.87,0.88887635,6.03,81.94480378
1668777784.237885,1224.74,1223.66,1.06106163,4.47,72.06766702
1668777844.3262246,1224.94,1223.8,1.28201059,5.13,71.53901729
1668777904.198802,1223.98,1222.84,1.29625557,4.11,63.91208347
1668777965.3344717,1222.68,1222.99,1.28288047,3.84,64.10135504
1668778025.4495523,1223.77,1223.7,1.37246029,4.4,66.46705875
1668778085.4136555,1223.51,1223.27,1.33224957,3.05,63.34335475
1668778146.188791,1223.23,1222.72,1.25109975,2.09,59.39378906
1668778206.1307974,1222.58,1222.03,1.11209787,1.44,54.81898853
1668778266.2975411,1222.07,1222.69,1.053767,1.2,58.22712533
1668778327.0364397,1222.78,1222.46,0.98199392,-2.27,56.44265263
1668778386.967011,1222.07,1222.29,0.87073916,-2.64,55.17459167
1668778446.9824152,1222.33,1221.98,0.77575988,-2.01,53.05823052
1668778508.0632503,1222.06,1222.06,0.6054243,-1.71,53.3541113
1668778568.079306,1222.06,1222.69,0.65568071,-1.08,56.73313288
1668778628.019197,1223.35,1223.45,0.73978055,-0.06,60.23203633
1668778688.9502664,1224.61,1224.45,0.90719839,1.22,63.726505
1668778749.3444288,1223.74,1223.35,0.82404078,0.77,56.90550072
1668778808.9065008,1223.99,1223.85,0.87316749,1.79,59.38411872
1668778869.750027,1223.04,1222.82,0.7290283,0.03,53.26903149
1668778929.8329976,1222.97,1223.42,0.71551712,1.35,56.40318513
1668778989.8115826,1223.17,1223.43,0.67280259,1.1,56.54680124
1668779051.145164,1223.66,1223.66,0.65136381,1.59,57.79108866
1668779111.2277982,1223.1,1223.1,0.5546988,-0.26,53.78844636
1668779171.3824873,1221.91,1221.91,0.33942111,-2.71,46.39867212
1668779232.047784,1218.97,1218.97,-0.17495901,-4.78,34.01215554
1668779291.2741957,1218.24,1218.24,-0.49479067,-5.76,31.7108156
1668779351.6051087,1219.22,1219.22,-0.55618842,-3.82,37.729484
1668779411.126788,1218.38,1218.38,-0.77732274,-4.59,34.86588817
1668779471.164017,1217.92,1217.92,-0.95486082,-5.25,33.41852182
1668779531.4576075,1217.92,1218.24,-0.92933375,-4.93,35.47049856
1668779591.1336472,1219.62,1219.62,-0.8326389,-4.03,43.30401582
1668779651.288072,1219.24,1219.24,-0.85769208,-3.86,41.74717895
1668779711.1784914,1219.69,1219.69,-0.77956754,-2.22,44.30868683
1668779771.3545735,1218.91,1218.91,-0.84910331,-0.05,40.98516666
1668779831.1768873,1219.05,1219.05,-0.82474116,0.81,41.83235927
1668779891.184496,1219.25,1219.25,-0.77673268,0.04,43.08926247
1668779951.1743002,1219.6,1219.6,-0.69329057,1.22,45.31616929
1668780011.1977248,1219.34,1219.34,-0.67864402,1.43,43.94065734
1668780071.1178176,1219.34,1219.45,-0.66986909,1.54,44.70536978
1668780131.1157389,1218.3,1218.3,-0.78634237,-1.32,38.73701375
1668780191.164345,1219.02,1219.02,-0.69043041,-0.22,43.9266888
1668780251.766852,1219.91,1219.91,-0.52598868,0.21,49.60569604
1668780311.165142,1220.15,1220.15,-0.41348093,1.25,51.04556877
1668780371.1784084,1219.65,1219.65,-0.40691884,0.6,47.97827695
1668780431.2352965,1219.65,1220.46,-0.34230345,1.41,52.91732155
1668780491.3736026,1220.88,1220.88,-0.113397,1.28,55.24711983
1668780551.1605158,1219.4,1219.4,-0.24285323,0.06,46.39565783
1668780611.192624,1219.98,1219.98,-0.167647,1.31,49.78855218
1668780671.1322036,1220.23,1220.23,-0.10833922,1.93,51.22923702
1668780731.760625,1219.43,1219.43,-0.18934414,0.41,46.63704914
1668780791.1748393,1219.09,1219.09,-0.24809043,-0.83,44.78533733
1668780851.3311374,1219.51,1219.51,-0.21066741,-0.64,47.5443362
1668780911.3013046,1219.54,1219.54,-0.20095552,-0.1,47.74518999
1668780971.229505,1219.3,1219.3,-0.22685839,-1.22,46.22044768
1668781031.2199502,1220.75,1220.75,-0.02459188,-0.14,55.47247357
1668781091.141563,1220.7,1220.7,0.03585098,1.29,55.11173537
1668781151.183763,1222.1,1222.1,0.2850713,2.12,62.27415103
1668781211.473096,1222.51,1222.51,0.44691504,2.29,64.11871144
1668781271.235398,1222.5,1222.5,0.54220014,3.08,64.03153587
1668781331.2078605,1222.99,1222.99,0.6799424,3.9,66.31970143
1668781391.2427902,1222.34,1222.34,0.65760113,2.83,60.87417434
1668781451.2363944,1222.07,1222.07,0.63567595,2.53,58.71149978
1668781511.203449,1222.07,1221.39,0.58143094,1.85,53.56476728
1668781571.2487562,1221.08,1221.08,0.45674308,0.33,51.20368914
1668781631.2471623,1220.74,1220.74,0.34880069,0.05,48.83939939
1668781691.4379315,1221.32,1221.32,0.36412057,-0.79,52.84269903
1668781751.1978955,1221.05,1221.05,0.29755622,-1.46,50.84800258
1668781811.234108,1221.05,1221.64,0.34462175,-0.87,54.85801236
1668781871.1546438,1221.52,1220.53,0.24573868,-1.98,47.04102786
1668781931.1680243,1215.35,1215.35,-0.63956039,-6.99,27.16622458
1668781991.2359438,1215.35,1215.89,-0.59648347,-6.45,30.4854338
1668782051.218248,1216.0,1216.0,-1.09252474,-5.7,34.65358968
1668782111.1799202,1215.21,1215.21,-1.31302998,-5.87,32.5633032
1668782171.2506084,1216.44,1216.44,-1.24819264,-4.29,38.76086484
1668782231.194571,1215.21,1215.21,-1.43267907,-6.11,35.2485461
1668782291.2621894,1214.93,1214.93,-1.52484091,-6.12,34.51431464
1668782351.1897,1214.36,1214.36,-1.64273805,-7.15,32.95899765
1668782411.3765965,1213.44,1213.44,-1.80957482,-6.61,30.52652752
1668782471.435655,1214.39,1214.39,-1.72911246,-0.96,35.71907079
1668782531.291363,1214.01,1214.01,-1.75883443,-0.25,34.57394773
1668782591.279461,1212.21,1212.21,-1.99277985,-3.79,29.80075532
1668782651.3341694,1214.28,1214.28,-1.74885714,-0.93,40.05405524
1668782711.27475,1213.96,1213.96,-1.71242047,-2.47,39.10703245
1668782771.212308,1213.96,1214.58,-1.66296178,-1.85,41.97970123
1668782831.2202322,1214.38,1214.38,-1.47604876,-0.54,41.48590421
1668782891.274598,1213.86,1213.86,-1.46462254,-0.49,39.72154989
1668782951.251434,1211.0,1211.0,-1.8107765,-2.45,31.77902504
1668783011.2782657,1211.0,1212.32,-1.70547735,-1.13,37.94629158
1668783071.2532272,1212.53,1212.53,-1.68604994,-1.48,39.22464499
1668783131.2008965,1212.54,1212.54,-1.62264148,0.33,39.25514297
1668783191.5745957,1213.0,1213.0,-1.4900691,-1.27,41.50808671
1668783251.2455742,1212.98,1212.98,-1.40079802,-0.97,41.43612908
1668783311.3023603,1214.03,1214.03,-1.16521218,-0.71,46.66382149
1668783371.2604532,1214.97,1214.97,-0.90010133,0.6,50.89022926
1668783431.3046358,1214.95,1214.95,-0.74432852,1.09,50.7999767
1668783491.233464,1214.79,1214.79,-0.63392902,3.79,50.01675105
1668783551.2468688,1214.98,1214.98,-0.50335973,3.67,50.97655386
1668783611.273228,1214.47,1214.47,-0.47992032,1.93,48.28540511
1668783671.6854398,1213.14,1213.14,-0.6116084,0.6,42.04767631
1668783731.2988813,1212.09,1212.09,-0.77374421,-0.91,37.888656
1668783791.275377,1211.53,1211.53,-0.90487871,-1.45,35.84922786
1668783851.2522857,1208.79,1208.79,-1.35088182,-5.24,27.97650123
1668783911.3077574,1209.57,1209.57,-1.40339934,-5.4,32.53825387
1668783971.303306,1211.12,1211.12,-1.25694924,-3.82,40.59587782
1668784031.3520546,1209.12,1209.12,-1.50810911,-5.68,34.83255115
1668784091.2145214,1209.12,1209.12,-1.56331728,-5.87,34.85952973
1668784151.8173194,1209.79,1209.79,-1.494034,-4.68,38.26328511
1668784211.3134131,1210.84,1210.84,-1.31616116,-2.31,43.26456053
1668784271.2382812,1210.2,1210.2,-1.31727457,-1.89,41.06753477
1668784331.2901456,1210.2,1211.06,-1.24867059,-1.03,45.08359648
1668784391.305308,1212.79,1212.79,-0.75562096,4.01,51.90210574
1668784451.9420805,1212.16,1212.16,-0.68779982,2.6,49.40122621
1668784511.533471,1212.26,1212.26,-0.5739304,1.13,49.81774066
1668784571.3223517,1213.1,1213.1,-0.36567232,3.98,53.27382158
1668784631.8297875,1213.7,1213.7,-0.16478113,4.59,55.60968136
1668784691.3797965,1213.96,1213.96,-0.00626443,4.18,56.62158414
1668784751.422636,1214.69,1214.69,0.2049366,3.86,59.4243819
1668784811.312435,1213.65,1213.65,0.17480543,3.45,54.05811923
1668784871.3117085,1214.05,1214.05,0.27136667,2.05,55.70043469
1668784931.3318186,1214.22,1214.22,0.34171849,1.42,56.43374875
1668784991.3106043,1214.18,1214.18,0.37728879,2.02,56.21528148
1668785051.3387072,1213.37,1213.37,0.28946994,1.12,51.59208791
1668785111.8541777,1214.07,1214.07,0.36693644,0.98,55.02644944
1668785171.3607233,1213.24,1213.24,0.26174245,-0.47,50.45061989
1668785231.367746,1211.94,1211.94,0.04444603,-2.03,44.24465764
1668785291.3966708,1211.1,1211.1,-0.16318621,-3.6,40.75308372
1668785351.4115438,1211.4,1211.4,-0.23033395,-2.25,42.48642011
1668785411.3507843,1213.06,1213.06,-0.06316491,-1.0,51.07653746
1668785471.2982583,1214.34,1214.34,0.14571356,0.13,56.4651736
1668785531.4175158,1213.98,1213.98,0.17618938,-0.2,54.64114662
1668785591.8073926,1213.42,1213.42,0.14077951,0.04,51.83605022
1668785651.3638248,1213.7,1213.7,0.18663862,-0.38,53.12924278
1668785711.2694488,1213.12,1213.12,0.12156699,-0.12,50.12310214
1668785771.3960562,1213.82,1213.82,0.20316211,1.88,53.5460446
1668785831.372865,1213.63,1213.63,0.19479116,2.52,52.49938568
1668785891.2885134,1213.63,1213.74,0.20356608,2.63,53.07527803
1668785951.36896,1214.17,1214.17,0.30626165,1.1,54.99912501
1668786011.4024217,1213.23,1213.23,0.18870965,-1.12,49.47602564
1668786071.929814,1212.69,1212.69,0.07624876,-1.29,46.58426926
1668786131.3305416,1213.66,1213.66,0.15875669,0.25,52.00186589
1668786191.397529,1213.32,1213.32,0.1116618,-0.38,50.08950639
1668786251.321757,1213.62,1213.62,0.13777517,0.49,51.77442348
1668786311.4159346,1213.08,1213.08,0.06096278,-0.73,48.60207873
1668786371.315594,1212.75,1212.75,-0.0121875,-0.88,46.71035438
1668786431.584387,1212.78,1212.78,-0.04387847,-1.52,46.91553294
1668786491.4941013,1212.71,1212.71,-0.0806029,-1.47,46.47414076
1668786551.93268,1212.08,1212.08,-0.19314045,-1.16,42.59042739
1668786611.811339,1211.96,1211.96,-0.25731458,-0.73,41.90167049
1668786671.3525913,1212.06,1212.06,-0.28301583,-1.61,42.77135059
1668786731.397294,1211.72,1211.72,-0.35423098,-1.59,40.57189487
1668786791.410468,1212.53,1212.53,-0.26899517,-1.09,47.51902017
1668786851.3847132,1213.29,1213.29,-0.14234769,0.22,53.04141412
1668786911.3599796,1213.42,1213.42,-0.07063184,0.67,53.92907372
1668786971.3706002,1212.03,1212.03,-0.21949898,-0.76,44.25613753
1668787031.460932,1210.09,1210.09,-0.52099121,-2.62,34.86829105
1668787091.40023,1211.09,1211.09,-0.48802935,-0.99,41.73289974
1668787151.7617683,1210.5,1210.5,-0.6025463,-1.45,39.11358532
1668787211.4136531,1211.14,1211.14,-0.55867015,-0.91,43.27747262
1668787271.3681695,1210.68,1210.68,-0.62232906,-1.03,41.08477602
1668787331.435589,1211.23,1211.23,-0.55922897,-1.31,44.6749209
1668787391.3619883,1210.01,1210.01,-0.70901466,-3.29,38.97892124
1668787451.3572574,1210.12,1210.12,-0.72772983,-3.31,39.70554178
1668787511.459756,1210.91,1210.91,-0.62867307,-1.11,44.91346343
1668787571.3878696,1212.31,1212.31,-0.39536725,2.23,52.70907946
1668787631.5005496,1212.45,1212.45,-0.27516482,1.36,53.40726996
1668787691.416521,1211.83,1211.83,-0.27425711,1.33,49.84242401
1668787751.4497416,1212.43,1212.43,-0.14747831,1.3,53.10760224
1668787811.4719164,1212.42,1212.42,-0.08476695,1.74,53.04085329
1668787871.6242888,1212.22,1212.22,-0.06232471,1.0,51.73536661
1668787931.4672265,1212.41,1212.41,-0.00529772,2.39,52.92395968
1668787991.372475,1212.0,1212.0,-0.03100752,1.89,50.07418393
1668788051.833629,1212.58,1212.58,0.05805878,1.67,53.84021231
1668788111.4049616,1212.89,1212.89,0.134742,0.58,55.7577931
1668788171.805617,1213.2,1213.2,0.21649256,0.74,57.68339219
1668788231.4421484,1213.7,1213.7,0.32939048,1.86,60.63211022
1668788291.4787831,1213.84,1213.84,0.40325553,1.41,61.44106184
1668788351.490217,1213.91,1213.91,0.45767694,1.48,61.86303154
1668788411.8158286,1214.14,1214.14,0.52262162,1.91,63.28933835
1668788471.48547,1213.84,1213.84,0.51200567,1.43,60.16646677
1668788531.4771638,1213.66,1213.66,0.4899172,1.67,58.2635036
1668788591.4648566,1213.66,1212.86,0.42609954,0.87,50.7099879
1668788651.5150845,1212.39,1212.39,0.22791444,-0.51,47.08722395
1668788711.4571588,1212.14,1212.14,0.13267627,-1.05,45.1061786
1668788771.4756951,1210.73,1210.73,-0.12715783,-2.96,35.9442455
1668788831.6899655,1211.5,1211.5,-0.13293406,-2.34,42.75616381
1668788891.4248266,1210.95,1210.95,-0.26181866,-2.96,39.50594419
1668788951.4241023,1210.99,1210.99,-0.31916781,-3.14,39.88936359
1668789011.5195198,1210.74,1210.74,-0.39892783,-3.11,38.36568629
1668789071.5318213,1209.51,1209.51,-0.61573859,-4.14,31.96442141
1668789131.493261,1209.15,1209.15,-0.75197872,-3.28,30.30335503
1668789191.457976,1209.92,1209.92,-0.71880108,-2.47,37.55125386
1668789251.5201616,1210.1,1210.1,-0.707911,-2.05,39.1510757
1668789311.5430665,1210.56,1210.56,-0.63690969,-0.18,43.1427213
1668789371.6436398,1209.99,1209.99,-0.68335004,-1.51,39.67005112
1668789431.4593337,1210.16,1210.16,-0.65290704,-0.79,41.19717286
1668789491.4419024,1209.06,1209.06,-0.7877297,-1.94,35.05050684
1668789552.5812776,1209.57,1209.57,-0.74291372,-1.17,39.55772796
1668789612.2108386,1209.31,1209.31,-0.76734831,-0.19,38.10176913
1668789672.2650747,1209.14,1209.14,-0.78677016,-0.01,37.18714343
1668789733.0679884,1210.15,1210.15,-0.63837874,0.23,45.8887304
1668789793.0230546,1210.15,1210.15,-0.57797627,0.06,45.88353557
1668789853.1143985,1210.95,1210.95,-0.41160077,0.39,51.97843434
1668789914.2060173,1210.86,1210.86,-0.33928121,0.87,51.27741964
1668789974.218393,1210.77,1210.77,-0.2858518,0.62,50.54332439
1668790034.1358094,1210.12,1210.12,-0.32761015,1.07,45.4996384
1668790094.8628433,1208.59,1208.59,-0.52793288,-0.98,36.24932938
1668790154.8559203,1208.52,1208.52,-0.59688567,-0.8,35.89134691
1668790215.2224927,1208.07,1208.07,-0.70272865,-1.06,33.59083993
1668790275.8011732,1207.21,1207.21,-0.87171773,-2.95,29.68193682
1668790335.728593,1205.81,1205.81,-1.13895629,-4.35,24.72079591
1668790395.7321904,1206.41,1206.41,-1.1624099,-4.54,30.16819978
1668790457.0872009,1206.38,1206.38,-1.20989487,-4.48,30.10953032
1668790516.9831347,1207.09,1207.09,-1.13044287,-3.68,36.38565741
1668790577.0451708,1208.14,1208.14,-0.95063974,-1.97,44.3546516
1668790637.9764135,1207.81,1207.81,-0.91183392,-0.84,42.55684999
1668790697.962809,1207.11,1207.11,-0.94875224,-1.41,38.94674733
1668790757.9615884,1207.52,1207.52,-0.86516568,-0.56,42.04044058
1668790818.7807665,1207.44,1207.44,-0.82676108,0.23,41.59277551
1668790878.799314,1207.53,1207.53,-0.77076854,1.73,42.31436599
1668790938.81987,1208.08,1208.08,-0.64598255,1.67,46.75378251
1668790999.6232498,1206.26,1206.26,-0.83126768,-0.11,36.66732782
1668791060.2434323,1205.89,1205.89,-0.90675689,-1.2,35.05790472
1668791119.5423684,1206.53,1206.53,-0.84134566,-1.62,40.07419224
1668791181.2062109,1204.56,1204.56,-1.09837742,-3.25,31.90236035
1668791240.5541034,1204.48,1204.48,-1.17666437,-2.64,31.66678381
1668791300.5519583,1204.54,1204.54,-1.2104843,-2.99,32.14988783
1668791361.3091674,1203.81,1203.81,-1.33074721,-3.64,29.4782032
1668791421.3015883,1201.36,1201.36,-1.70989354,-6.16,22.52432067
1668791481.2360537,1201.2,1201.2,-1.85756969,-6.87,22.2211907
1668791542.059203,1202.69,1202.69,-1.73146237,-3.58,33.09361643
1668791602.1028082,1202.37,1202.37,-1.75004792,-3.51,32.02012162
1668791662.0146725,1203.47,1203.47,-1.5691762,-3.06,39.08860683
1668791723.4217856,1203.5,1203.5,-1.47410289,-1.07,39.27105378
1668791783.0755124,1202.36,1202.36,-1.54646958,-2.11,34.91918277
1668791843.1137123,1202.84,1202.84,-1.44705603,-1.7,38.03769548
1668791903.86034,1204.89,1204.89,-1.09164301,1.09,49.21083875
1668791963.7881613,1205.37,1205.37,-0.8616401,4.01,51.41883633
1668792023.7953436,1205.03,1205.03,-0.75029804,3.84,49.77142915
1668792084.567489,1205.01,1205.01,-0.63608215,2.33,49.67448753
1668792144.5739796,1204.88,1204.88,-0.55523421,2.5,48.97346144
1668792204.6089146,1204.61,1204.61,-0.51561638,1.13,47.48079703
1668792266.1455784,1204.61,1204.61,-0.46306683,1.1,47.49177448
1668792326.0462136,1204.19,1204.19,-0.47536567,1.83,45.01671427
1668792386.0556624,1205.56,1205.56,-0.26028374,2.73,53.51099327
1668792446.8812945,1205.03,1205.03,-0.2481116,0.13,50.27305693
1668792506.8053217,1205.16,1205.16,-0.18487067,-0.21,51.0587282
1668792567.0515018,1204.87,1204.87,-0.1823362,-0.15,49.19309667
1668792627.701559,1205.36,1205.36,-0.09149603,0.36,52.36517886
1668792687.6368735,1204.2,1204.2,-0.21326252,-0.69,45.17292996
1668792747.5401373,1204.58,1204.58,-0.18063201,-0.04,47.71354124
1668792808.436338,1204.69,1204.69,-0.16058325,0.09,48.45661452
1668792868.4387662,1204.53,1204.53,-0.17192257,0.34,47.39642637
1668792928.5007138,1205.61,1205.61,-0.016801,0.06,54.59651738
1668792989.6053798,1205.36,1205.36,0.00146847,0.32,52.79091376
1668793049.5023012,1205.15,1205.15,0.00294508,-0.01,51.26167033
1668793109.3098311,1205.02,1205.02,-0.00119292,0.15,50.28350957
1668793170.1280982,1204.59,1204.59,-0.05832318,-0.76,47.11530567
1668793230.120364,1205.01,1205.01,-0.01616259,0.81,50.41271477
1668793290.4520967,1204.32,1204.32,-0.1061115,-0.25,45.39907098
1668793350.8352542,1205.07,1205.07,-0.02622854,0.38,51.09384898
1668793410.8855772,1205.63,1205.63,0.0683292,1.09,54.88286045
1668793470.8798509,1205.32,1205.32,0.06405303,-0.29,52.46433694
1668793531.9539382,1205.43,1205.43,0.09365663,0.08,53.26939332
1668793591.9193232,1205.28,1205.28,0.0889446,0.12,51.99706474
1668793651.9677467,1204.76,1204.76,0.02009656,-0.27,47.72231571
1668793712.707725,1205.14,1205.14,0.05090335,0.56,50.90359868
1668793772.687071,1205.46,1205.46,0.09595491,0.46,53.47787999
1668793833.1855514,1205.88,1205.88,0.17138743,1.56,56.62297262
1668793893.4358375,1206.64,1206.64,0.30908546,1.57,61.75240119
1668793953.482994,1205.57,1205.57,0.21344782,-0.05,52.38375815
1668794013.5005648,1204.36,1204.36,0.03315233,-0.97,44.21680095
1668794074.608281,1203.25,1203.25,-0.19039559,-2.17,38.31475555
1668794134.5842304,1202.63,1202.63,-0.38164053,-2.66,35.46705845
1668794194.811414,1203.28,1203.28,-0.39587592,-1.49,40.4820028
1668794255.486891,1203.8,1203.8,-0.37025877,-1.33,44.18095359
1668794315.4501991,1204.14,1204.14,-0.33102128,-1.31,46.54022834
1668794375.8452656,1204.26,1204.26,-0.30078457,-1.64,47.38892769
1668794436.1804984,1204.17,1204.17,-0.29326466,-2.48,46.78375773
1668794496.219254,1203.47,1203.47,-0.37797564,-2.09,42.33952585
1668794556.2558527,1204.27,1204.27,-0.28195669,-0.1,48.39208957
1668794617.1892612,1204.59,1204.59,-0.20828767,1.34,50.6138901
1668794676.9123125,1204.89,1204.89,-0.12702812,2.26,52.68806478
1668794737.0274627,1204.84,1204.84,-0.0871086,1.55,52.30204688
1668794797.914899,1204.55,1204.55,-0.09271008,0.75,49.96777013
1668794858.4686038,1204.63,1204.63,-0.06722422,0.5,50.62867819
1668794917.926795,1205.27,1205.27,0.03960644,1.02,55.63015032
1668794978.7071702,1205.7,1205.7,0.14425642,1.53,58.62573556
1668795038.71706,1207.25,1207.25,0.41559938,3.79,67.32343711
1668795098.7328594,1206.55,1206.55,0.42825088,2.27,61.12609046
1668795159.4881482,1206.5,1206.5,0.47058009,1.9,60.68652487
1668795219.464738,1206.39,1206.39,0.48533138,1.51,59.68505144
1668795279.4300883,1206.05,1206.05,0.45016951,1.21,56.57720493
1668795340.392001,1206.47,1206.47,0.49811297,1.92,59.39026619
1668795400.389634,1205.28,1204.87,0.30282131,0.25,46.72662636
1668795460.369912,1205.0,1205.08,0.24611326,-0.19,48.22620226
1668795521.2071114,1205.33,1205.31,0.22387442,-0.4,49.97455355
1668795581.173947,1205.31,1204.4,0.11629798,-2.84,43.26361282
1668795641.1967964,1204.49,1204.65,0.05555028,-1.9,45.25509635
1668795702.0488803,1204.55,1204.29,-0.03379497,-2.22,42.4683568
1668795762.237609,1203.42,1202.67,-0.27873326,-3.72,33.26468297
1668795821.972077,1202.97,1203.11,-0.36136544,-2.94,36.20273025
1668795883.0023286,1204.04,1204.67,-0.25714805,-1.8,48.73269164
1668795942.998228,1204.88,1204.83,-0.20500189,-0.45,49.76367376
1668796002.9722078,1204.67,1204.65,-0.20038967,-0.36,48.56474108
1668796063.7541463,1204.96,1205.45,-0.10157276,0.12,54.1002827
1668796123.7511225,1205.27,1205.7,-0.03288768,0.38,55.82979545
1668796183.7290647,1205.3,1205.94,0.02705925,1.45,57.58822478
1668796244.5168045,1205.78,1205.92,0.08788364,1.38,57.52526454
1668796304.5717463,1205.23,1205.11,0.03679871,1.68,50.89661798
1668796364.5363607,1205.2,1205.58,0.08251622,2.63,54.60895575
1668796425.393401,1205.1,1204.97,0.0335451,0.92,49.57672407
1668796485.3366334,1204.02,1204.97,-0.033716,0.08,50.16938797
1668796545.3687088,1205.84,1205.86,0.09854202,1.2,55.77103029
1668796606.3850071,1205.73,1205.88,0.14024502,0.93,55.78302492
1668796666.3818717,1205.48,1205.4,0.11650916,0.13,52.27065224
1668796726.4049582,1205.35,1206.13,0.17611385,0.83,57.17450632
1668796787.1636715,1205.61,1205.21,0.11851334,-0.58,50.48206117
1668796847.2650054,1205.78,1206.11,0.21143529,0.88,57.44910334
1668796907.1880572,1205.93,1205.62,0.19664447,0.42,53.18098306
1668796968.029607,1205.47,1204.8,0.11940441,-0.3,46.31169664
1668797028.0397065,1204.93,1204.9,0.08226185,0.88,47.04458917
1668797087.992417,1204.92,1205.0,0.05392408,-0.85,47.97980738
1668797149.1008756,1204.75,1205.0,0.01383502,-0.74,48.28057354
1668797209.1288326,1205.0,1204.49,-0.04340624,-1.0,43.75774219
1668797269.1500254,1204.05,1204.07,-0.14773779,-1.28,40.70243729
1668797329.9689026,1204.59,1204.77,-0.11242816,-0.84,47.53283434
1668797389.9760838,1204.49,1204.45,-0.1587548,-1.33,44.69162735
1668797449.9557958,1204.71,1204.52,-0.15414403,-1.42,45.53656113
1668797511.1867871,1204.93,1205.0,-0.10209807,-0.48,50.13144206
1668797570.727076,1204.82,1204.5,-0.13674583,-0.43,45.24673678
1668797630.823984,1204.24,1204.03,-0.20396464,-0.9,41.22856101
1668797692.986293,1204.16,1203.81,-0.2475978,-0.94,39.31865096
1668797753.1018243,1204.02,1204.25,-0.23966883,-0.74,44.02065893
1668797813.0313728,1204.65,1204.48,-0.20024156,0.43,46.7593647
1668797873.851409,1204.65,1204.94,-0.14428767,0.35,51.66543877
1668797933.77768,1205.33,1205.41,-0.04792571,0.92,56.1539071
1668797993.8933191,1205.43,1205.45,0.00754061,0.74,56.53373137
1668798055.2471032,1205.63,1205.64,0.07590417,0.72,58.31950847
1668798114.6007028,1205.56,1205.67,0.11481639,0.86,58.41713624
1668798174.5898285,1205.83,1206.06,0.19057615,1.82,62.11462154
1668798235.3838425,1207.91,1206.34,0.37341381,2.18,57.63035549
1668798295.410341,1206.32,1206.56,0.41310125,2.55,58.93466514
1668798355.377159,1206.8,1206.15,0.42342873,1.5,54.95018256
1668798416.3170664,1206.28,1205.97,0.40471757,1.31,53.47113948
1668798476.348395,1205.82,1206.14,0.38164342,0.8,54.53581721
1668798536.7809534,1206.25,1206.24,0.38334325,0.81,55.1565823
1668798597.1181483,1205.87,1205.56,0.29639802,-0.07,49.84301528
1668798657.1217368,1205.68,1205.29,0.23326209,-0.27,47.73748477
1668798717.3518636,1205.05,1204.45,0.09308907,-1.39,42.06535476
1668798778.0522125,1204.41,1204.87,0.02823751,-3.04,45.66653236
1668798837.9826703,1205.14,1205.58,0.05286456,-0.74,50.93925101
1668798898.167806,1204.79,1204.9,-0.04822858,-1.91,46.22618088
1668798959.114828,1204.46,1204.4,-0.14450331,-1.88,42.74784937
1668799019.1027796,1204.43,1204.55,-0.17759716,-1.27,44.07577106
1668799079.0839276,1204.96,1205.7,-0.08700241,-0.55,53.35550165
1668799139.8803573,1205.28,1204.89,-0.1311312,-0.98,47.13779875
1668799199.8922126,1204.42,1204.73,-0.17966282,-0.94,46.51513352
1668799259.9198828,1204.81,1204.88,-0.16874592,-0.18,47.74992216
1668799320.76973,1205.37,1205.6,-0.07503862,1.18,53.26103864
1668799380.6940455,1205.4,1206.14,-0.00064109,0.99,57.19448517
1668799440.832049,1206.33,1205.93,0.06447983,1.13,54.90172151
1668799501.8284836,1207.0,1207.19,0.26868943,2.72,63.48288664
1668799561.834743,1207.6,1206.7,0.34553501,2.27,57.6831825
1668799621.8398948,1207.42,1207.36,0.47255791,2.41,63.25083809
1668799682.657192,1207.08,1206.61,0.44524298,1.34,56.24595355
1668799742.7582188,1207.12,1207.35,0.52732662,2.94,62.33002175
1668799802.664219,1207.35,1207.37,0.55533935,2.56,62.4610401
1668799863.470675,1207.37,1207.59,0.58788285,2.21,63.99926477
1668799923.597717,1206.85,1206.46,0.47034512,1.05,52.82501989
1668799983.526096,1207.0,1206.82,0.48174849,0.49,55.91392026
1668800044.3501143,1206.99,1206.99,0.47485873,0.0,57.76993074
1668800103.4945953,1207.25,1206.56,0.43637677,-1.04,52.16660374
1668800163.4697497,1206.64,1205.97,0.34285688,-1.44,46.553782
1668800223.4785454,1205.87,1206.0,0.25690419,-1.08,47.02528443
1668800283.5303178,1206.34,1205.96,0.21000946,-1.17,46.82319328
1668800343.4692743,1205.68,1205.46,0.09249412,-1.9,42.90755518
1668800403.4902444,1205.08,1205.45,-0.00794849,-1.92,43.92146674
1668800463.457757,1205.97,1205.63,-0.01517557,-1.21,45.80809315
1668800523.5103805,1205.8,1205.52,-0.05271006,-1.48,44.90201005
1668800583.4888265,1205.7,1205.97,-0.04453295,-1.01,48.75868073
1668800643.479139,1205.82,1205.89,-0.06387322,-1.37,48.08430078
1668800703.4219534,1205.86,1205.72,-0.08557289,-0.93,46.45876939
1668800763.4917734,1205.69,1205.28,-0.13604631,-0.6,42.47803609
1668800823.44971,1205.27,1205.55,-0.151859,-0.79,45.62273024
1668800883.4716616,1205.98,1205.75,-0.11944489,0.07,47.72920347
1668800943.541397,1206.14,1206.51,-0.03429077,1.44,54.84524367
1668801003.4386854,1205.79,1205.88,-0.08677601,-0.1,48.93557353
1668801063.409582,1205.76,1205.77,-0.09744918,-0.02,47.80460206
1668801123.521295,1205.34,1205.12,-0.1749207,-0.58,41.64885488
1668801183.4312556,1205.66,1206.08,-0.09691865,0.25,51.73964473
1668801243.6195378,1206.0,1206.41,-0.04767861,0.56,55.01185356
1668801303.483843,1206.37,1206.53,0.0035521,0.84,56.18273005
1668801363.4859743,1206.41,1206.81,0.06109496,1.55,58.88921932
1668801423.5503488,1206.89,1206.79,0.11569798,0.82,58.30437106
1668801483.5554338,1207.1,1207.32,0.21415689,1.18,63.3040766
1668801543.4998257,1207.62,1211.21,0.5982722,5.43,80.91889043
1668801603.446406,1209.25,1209.38,0.60694937,3.62,75.35282755
1668801663.564567,1209.71,1209.25,0.7392844,3.9,70.94196453
1668801724.0213869,1208.86,1209.01,0.7713663,3.34,67.56061718
1668801783.4591455,1208.79,1209.42,0.83000176,3.42,69.27664382
1668801843.528162,1209.38,1208.41,0.79720808,2.04,59.30224481
1668801903.7026837,1208.65,1209.1,0.83537944,2.69,64.11501281
1668801963.8061533,1209.31,1208.87,0.83473641,1.99,60.99441555
1668802023.591088,1209.27,1209.05,0.85059928,1.95,62.52362097
1668802083.5824556,1209.09,1208.88,0.81786157,1.26,60.66274154
1668802143.6981957,1209.29,1208.9,0.80723954,-0.35,59.87923168
1668802203.5179446,1209.3,1209.75,0.85715167,0.04,67.2235304
1668802263.6071372,1210.69,1211.71,1.07511198,2.84,76.13655302
1668802323.6716635,1211.2,1211.18,1.10057087,2.4,74.08603468
1668802383.619106,1211.05,1211.26,1.13823402,1.89,73.42135321
1668802443.6539328,1211.88,1213.63,1.39138258,4.98,81.3281889
1668802503.605972,1212.73,1212.72,1.40646349,3.42,78.77549574
1668802563.6030934,1212.32,1212.25,1.39637145,2.99,73.35354379
1668802624.0155654,1211.81,1211.71,1.32799051,2.62,67.57478054
1668802683.6328857,1211.56,1212.39,1.33054724,3.1,70.03455431
1668802743.7073069,1212.52,1212.03,1.30729207,2.72,65.66481121
1668802803.552622,1212.5,1212.3,1.31591031,1.61,68.09936475
1668802863.6049886,1213.07,1212.02,1.30399595,0.83,62.3241109
1668802923.6428216,1212.37,1212.2,1.26635108,1.16,63.78243715
1668802983.5980473,1211.86,1212.23,1.1832444,0.34,62.8320111
1668803043.6533797,1211.34,1211.21,0.98847399,-1.52,55.08508498
1668803103.8687258,1211.0,1211.03,0.85295212,-1.29,53.61065975
1668803163.703169,1211.21,1211.68,0.81312587,-0.14,58.09843136
1668803223.582008,1211.72,1211.3,0.73418189,-0.25,54.62633946
1668803283.6288688,1211.61,1212.27,0.75855231,-0.26,61.70173856
1668803343.527774,1212.42,1212.48,0.77499234,-0.02,62.93272024
1668803403.6298342,1212.04,1211.89,0.69550065,-1.19,57.49930118
1668803463.5977275,1211.84,1211.45,0.61461545,-0.91,53.45032406
1668803523.6969583,1211.17,1211.44,0.52932162,-0.43,53.23892062
1668803583.629419,1211.95,1211.48,0.50856567,0.15,52.81447652
1668803643.6150732,1211.64,1211.74,0.48522873,0.75,54.82594522
1668803703.5826595,1211.51,1211.2,0.3947884,0.0,50.28980442
1668803763.622559,1211.19,1211.21,0.33336328,-0.51,50.3818168
1668803823.5393522,1211.2,1210.71,0.24156223,-0.91,46.0470229
1668803883.5458815,1210.6,1209.8,0.08752703,-2.62,39.44631687
1668803943.6371148,1209.99,1210.06,0.00578959,-1.98,41.39966499
1668804003.784505,1209.95,1209.93,-0.08795182,-1.91,40.24342614
1668804063.5962582,1209.83,1209.84,-0.16561633,-1.33,39.57329455
1668804123.6416943,1210.02,1210.07,-0.18951843,-1.88,42.2635151
1668804183.640744,1210.01,1210.0,-0.22599886,-1.64,41.48043007
1668804243.6752698,1209.96,1210.07,-0.2451436,-1.45,42.57038955
1668804303.6148007,1210.36,1210.36,-0.21509517,-0.83,46.2008859
1668804363.693619,1210.8,1210.48,-0.16992917,-0.72,47.73383735
1668804423.6285598,1210.56,1210.62,-0.14339473,0.03,49.26019894
1668804483.711449,1210.76,1210.87,-0.09864669,0.88,52.12905039
1668804543.6195874,1211.15,1210.91,-0.04953634,0.97,52.09745787
1668804603.68041,1210.67,1210.49,-0.07752178,0.65,47.49822477
1668804663.7326584,1210.66,1210.3,-0.08762571,0.28,45.33184301
1668804723.5515018,1210.15,1209.78,-0.15527236,-0.24,40.33356221
1668804783.676574,1209.63,1209.43,-0.23429534,-0.54,37.37492934
1668804843.6632378,1209.95,1209.58,-0.24079515,-0.77,39.78459283
1668804903.6726878,1209.57,1209.36,-0.2956567,-1.44,37.9241504
1668804963.6742723,1209.5,1209.74,-0.29383406,-0.83,42.40836536
1668805023.6639545,1209.71,1209.77,-0.29664611,-0.98,42.84584428
1668805083.692519,1209.77,1209.99,-0.27666885,-1.17,45.9414446
1668805143.6637511,1209.88,1209.97,-0.26561871,-0.69,45.75653863
1668805203.591051,1210.34,1209.74,-0.24324337,-0.92,43.7679263
1668805263.6606464,1210.05,1209.87,-0.21598635,-0.29,44.93732813
1668805323.6365423,1209.74,1209.92,-0.21557183,0.28,46.02428168
1668805383.6140888,1209.96,1209.93,-0.20141323,-0.02,46.1990429
1668805443.673654,1210.53,1210.51,-0.10792792,0.97,53.32615547
1668805503.6680632,1210.73,1210.56,-0.05279979,1.06,53.44627324
1668805563.6145232,1210.51,1210.73,-0.01351559,1.01,55.33287464
1668805623.7026832,1210.49,1210.66,0.00080088,0.89,54.68038256
1668805683.719036,1211.01,1211.25,0.09563042,1.36,60.97804676
1668805743.830953,1211.21,1210.94,0.11976947,0.6,56.50898044
1668805803.615756,1210.77,1210.42,0.08786506,0.36,49.72426064
1668805863.7035062,1210.24,1210.23,0.04686528,0.48,47.57017188
1668805923.9810328,1210.25,1210.69,0.06214483,0.72,53.22144198
1668805983.646714,1210.68,1210.84,0.0835168,0.31,54.94886059
1668806043.700746,1211.17,1210.66,0.10652531,-0.08,51.87396721
1668806103.6416674,1210.71,1210.56,0.09843134,0.06,50.64398308
1668806163.7143705,1210.52,1210.22,0.05701619,-0.27,46.78962266
1668806223.672673,1209.77,1210.56,0.02645046,-0.45,51.02199654
1668806283.6190598,1210.56,1210.72,0.04308983,-0.49,52.56064035
1668806343.6987536,1210.66,1210.19,0.00904479,-0.58,47.24062187
1668806403.8625402,1209.96,1209.86,-0.05384737,-0.39,44.31993861
1668806463.6658394,1209.95,1210.13,-0.06043582,-0.11,47.1571636
1668806523.8291433,1210.13,1210.13,-0.07115893,-0.54,47.1571636
1668806583.6785903,1210.39,1210.07,-0.06752212,-1.1,46.65969299
1668806643.697645,1209.93,1210.21,-0.07760772,-0.51,48.52153229
1668806703.762272,1210.07,1210.21,-0.08388195,-0.3,48.62936653
1668806763.7202773,1210.56,1210.35,-0.04637616,0.58,50.01551101
1668806823.6749785,1210.8,1210.55,0.00532341,-0.01,51.82525247
1668806883.714984,1210.3,1210.3,-0.01893819,-0.35,49.17377783
1668806943.7803338,1210.55,1210.66,0.02325057,0.7,52.98391209
1668807003.6936018,1210.95,1211.61,0.13405021,1.65,61.448309
1668807063.7013376,1212.8,1212.71,0.36162344,2.58,67.64262609
1668807123.7974586,1211.8,1210.89,0.25957773,0.5,51.41218101
1668807183.71155,1210.77,1210.73,0.21339848,0.8,50.29562892
1668807243.68959,1210.52,1210.84,0.17813624,0.76,51.17374542
1668807303.74817,1210.83,1210.51,0.13590419,-0.06,48.69390718
1668807363.757167,1210.38,1210.38,0.08350642,-0.43,47.77645861
1668807423.6636202,1210.25,1210.32,0.03682515,0.03,47.42066435
1668807483.739584,1210.73,1210.51,0.04712465,-0.05,48.94045464
1668807543.7456598,1210.61,1211.1,0.0834977,0.14,53.68009166
1668807603.7143486,1210.89,1210.56,0.04815771,-2.24,49.15899092
1668807663.7445614,1210.37,1210.76,0.03729801,-1.03,50.99978521
1668807723.707568,1210.34,1210.25,-0.02569627,-0.51,46.58026589
1668807783.7126477,1210.26,1210.21,-0.05232403,-0.3,46.21050083
1668807843.78554,1210.01,1209.65,-0.12958039,-1.19,41.38386061
1668807904.0951335,1209.55,1210.04,-0.15118021,-0.35,45.96197401
1668807964.1840837,1210.08,1210.29,-0.1371078,0.03,48.47802675
1668808023.7435217,1210.21,1210.22,-0.13815619,-0.5,47.79515495
1668808083.746419,1210.11,1210.18,-0.14236901,-0.44,47.52278451
1668808143.737934,1210.17,1210.16,-0.13938361,-0.73,47.3002608
1668808203.7212403,1210.3,1210.36,-0.11025414,-0.01,49.6791999
1668808263.7599847,1210.72,1210.88,-0.03188726,0.53,55.36122933
1668808323.7947164,1210.57,1210.35,-0.05337236,0.1,49.1627269
1668808384.423161,1210.22,1209.97,-0.08854249,-0.04,44.95270078
1668808443.7083454,1209.85,1209.34,-0.16399483,-0.21,38.92786885
1668808503.71994,1209.41,1209.65,-0.1859413,-0.44,42.79870949
1668808563.810685,1209.94,1210.15,-0.14763546,-0.06,48.68701011
1668808623.8016872,1209.73,1209.57,-0.20619285,-0.54,42.5849714
1668808683.7448196,1209.73,1209.8,-0.19526044,-0.37,45.15701761
1668808743.8069918,1209.38,1209.34,-0.25640803,-0.96,40.22279126
1668808803.8294263,1209.46,1209.07,-0.28929148,-1.64,37.9100266
1668808864.2833853,1209.04,1209.14,-0.3149058,-1.43,39.12372538
1668808923.8046844,1209.15,1209.0,-0.34130343,-1.22,37.71083238
1668808983.7995138,1208.12,1208.19,-0.47752669,-1.67,31.9005694
1668809043.7913976,1208.23,1208.36,-0.50654709,-1.04,34.50556516
1668809104.1562665,1208.35,1207.81,-0.57051087,-2.12,30.37089712
1668809163.7723792,1207.75,1207.51,-0.64236635,-2.21,28.40487502
1668809223.8391018,1207.08,1206.96,-0.75671062,-2.76,25.29634821
1668809284.4563012,1207.26,1207.67,-0.73630801,-1.71,34.65449995
1668809344.7760396,1207.6,1207.99,-0.7094662,-1.47,39.04485171
1668809404.6148105,1207.76,1207.77,-0.70707599,-1.28,36.14050519
1668809465.3669844,1207.81,1207.69,-0.68731373,-1.45,35.66569413
1668809525.3379247,1207.68,1207.6,-0.67367731,-0.51,34.84949527
1668809585.4302137,1207.34,1207.56,-0.67513657,-0.68,36.36123339
1668809647.136462,1207.69,1207.95,-0.61197736,-0.41,42.09530127
1668809707.0487988,1208.18,1208.45,-0.51021765,0.71,48.4596003
1668809767.1624827,1208.53,1208.6,-0.42154287,1.51,50.20935277
1668809827.9852498,1208.53,1208.44,-0.36996423,1.18,48.25516684
1668809887.946236,1208.51,1208.53,-0.30947172,0.93,49.40057891
1668809947.9820175,1208.82,1208.83,-0.22051678,1.06,53.25146432
1668810008.7709255,1208.99,1208.99,-0.14382567,1.18,55.17116297
1668810068.817581,1209.53,1209.58,-0.01240157,1.89,61.62552045
1668810128.9060104,1209.93,1210.0,0.11263445,2.67,65.44202941
1668810189.6886256,1210.34,1210.83,0.27334941,3.13,71.65195561
1668810249.6685495,1210.99,1211.0,0.39894148,2.82,72.69112359
1668810309.657273,1211.48,1211.21,0.52849319,2.67,71.20989818
1668810370.7645462,1210.35,1210.35,0.4807239,1.84,60.17168343
1668810430.7913969,1211.2,1211.2,0.59854061,2.37,66.15355246
1668810490.876891,1210.88,1210.88,0.58566562,1.88,62.35653446
1668810551.4430263,1210.22,1210.22,0.49560471,0.69,55.30573597
1668810610.8246326,1210.42,1210.42,0.48953432,0.48,56.86405615
1668810670.8244605,1210.42,1210.42,0.48953432,0.48,56.86405615
1668810730.8223531,1210.02,1210.02,0.37604308,-0.97,52.69304307
1668810790.9768474,1209.93,1209.93,0.32424665,-1.54,51.72964489
1668810850.7972665,1209.15,1209.15,0.1747075,-1.26,44.24372967
1668810910.73941,1209.02,1209.02,0.08654461,-1.33,43.11717732
1668810970.7038558,1209.02,1209.39,0.11606028,-0.96,47.20181511
1668811030.7935014,1209.06,1209.06,-0.02104744,-1.82,43.73153496
1668811090.8510597,1209.35,1209.35,-0.01676237,-0.87,47.3725016
1668811150.8103504,1208.64,1208.64,-0.13108133,-1.79,40.44479459
1668811210.771831,1208.17,1208.17,-0.24121939,-2.04,36.63178846
1668811270.775874,1208.55,1208.55,-0.24228435,-1.47,41.44789468
1668811330.8115685,1209.36,1209.36,-0.14897884,-0.58,50.13079656
1668811390.841051,1208.81,1208.81,-0.20193652,-0.34,45.22030264
1668811451.0812683,1208.4,1208.4,-0.26595111,-0.63,41.96430059
1668811510.826339,1208.24,1208.24,-0.31005833,-0.75,40.73122717
1668811570.859615,1208.92,1208.92,-0.23371452,-0.14,47.79992481
1668811630.920655,1209.13,1209.13,-0.18467611,-0.21,49.78337287
1668811690.9141972,1209.03,1209.03,-0.17141228,0.39,48.82809085
1668811750.8848765,1209.12,1209.12,-0.1400944,0.95,49.76242695
1668811810.866852,1208.92,1208.92,-0.14785853,0.38,47.6790343
1668811870.873796,1208.88,1208.88,-0.14602705,-0.48,47.27417463
1668811930.8229432,1208.88,1208.88,-0.13980303,0.06,47.27417463
1668811990.82515,1209.68,1209.68,-0.02085937,1.29,56.29976298
1668812050.7559104,1210.73,1210.73,0.17100793,2.5,64.81180529
1668812110.9322057,1210.42,1210.42,0.21117656,1.49,61.06742646
1668812171.1558611,1210.09,1210.09,0.21172546,0.96,57.2087732
1668812230.8572967,1209.41,1209.41,0.13486602,0.38,50.23246264
1668812290.8550763,1209.41,1209.61,0.15082044,0.58,52.08987685
1668812350.9557507,1210.04,1210.04,0.2148533,1.12,55.68404066
1668812410.8551898,1210.04,1210.04,0.2148533,1.12,55.68404066
1668812470.9297726,1210.73,1210.73,0.32379324,1.85,61.39362349
1668812530.9320705,1210.13,1210.13,0.27140343,0.46,54.78244956
1668812590.873121,1209.13,1209.13,0.12341065,-1.59,45.909846
1668812650.86796,1208.57,1208.57,-0.0105989,-1.86,41.82938488
1668812711.119895,1208.57,1208.01,-0.05527126,-2.42,38.13287881
1668812770.8521068,1208.27,1208.27,-0.22769078,-1.14,42.42759156
1668812830.784444,1209.0,1209.0,-0.16508115,-0.98,48.0159023
1668812891.198987,1209.25,1209.25,-0.12443077,-0.79,49.81882306
1668812951.0319393,1209.25,1209.33,-0.118049,-0.71,50.41150503
1668813010.9283211,1208.88,1208.88,-0.13985638,-1.84,47.04870821
1668813070.9574926,1208.73,1208.73,-0.16597662,-1.39,45.94498764
1668813130.910643,1208.76,1208.76,-0.17217482,-0.36,46.20961992
1668813190.8644283,1208.34,1208.34,-0.236307,-0.22,42.9668871
1668813250.915886,1208.0,1208.0,-0.30504851,0.56,40.45238394
1668813310.9104466,1207.94,1207.94,-0.34327731,-0.34,40.05611502
1668813370.907029,1208.1,1208.1,-0.34232369,-0.9,41.86823828
1668813430.9623418,1207.57,1207.57,-0.42259747,-1.68,37.79264611
1668813490.9002876,1206.78,1206.78,-0.55922574,-2.56,32.68530893
1668813550.9467998,1207.01,1207.01,-0.57800977,-1.87,35.42158577
1668813610.917083,1207.01,1207.01,-0.60051448,-1.73,35.42158577
1668813670.8653562,1207.75,1207.75,-0.50731056,-1.0,43.9343653
1668813730.981372,1207.71,1207.71,-0.47916946,-0.62,43.5693104
1668813790.9361026,1207.33,1207.33,-0.50288783,-0.67,40.40659989
1668813850.9655268,1207.68,1207.68,-0.4437539,-0.25,44.38842664
1668813910.949185,1207.68,1207.89,-0.42700176,-0.04,46.70557144
1668813971.0052788,1207.88,1207.88,-0.34877247,0.31,46.61657415
1668814030.9879844,1207.11,1207.11,-0.42327046,0.33,39.54317123
1668814090.9754198,1206.64,1206.64,-0.49575499,-0.37,35.96613871
1668814150.9390657,1207.65,1207.65,-0.37474436,0.64,47.05072757
1668814211.1127126,1208.54,1208.54,-0.21297675,0.8,54.52155672
1668814270.880358,1207.82,1207.82,-0.24121419,0.1,48.55321142
1668814330.957931,1208.52,1208.52,-0.11663529,1.18,53.84338445
1668814390.9082625,1208.52,1208.98,-0.07994013,1.64,56.97438517
1668814451.129469,1210.12,1210.12,0.23804996,2.25,63.51022425
1668814510.982664,1210.27,1210.27,0.36017793,2.4,64.29112131
1668814570.939601,1212.23,1212.23,0.71946229,5.11,72.5257918
1668814630.9337556,1212.03,1212.03,0.84260738,5.39,70.7853558
1668814690.905065,1213.28,1213.28,1.11930512,5.63,74.89606989
1668814750.9338803,1212.0,1212.0,1.06364215,3.46,64.72227974
1668814811.0337903,1212.2,1212.2,1.11618212,4.38,65.51062025
1668814870.962125,1211.94,1211.94,1.09598765,3.42,63.51757005
1668814930.899196,1211.22,1211.22,0.98151977,2.07,58.24829825
1668814990.9438877,1211.17,1211.17,0.91858306,1.05,57.88914809
1668815050.984871,1210.35,1210.35,0.74539731,0.09,52.20332215
1668815110.8741488,1210.35,1210.98,0.79565372,0.72,55.78687119
1668815170.9604528,1211.54,1210.99,0.77743721,-1.23,54.91993946
1668815231.0399852,1212.2,1212.2,0.84112722,-1.09,60.89910255
1668815291.027098,1211.95,1211.95,0.81195388,-0.05,59.19009946
1668815350.9932983,1212.42,1212.42,0.86066858,0.22,61.4375831
1668815410.9372132,1213.27,1213.27,0.98043554,1.32,65.13563611
1668815471.024158,1212.75,1212.75,0.93646392,1.53,61.26493225
1668815530.9514756,1214.29,1214.29,1.14153925,3.12,67.43660661
1668815591.0263915,1213.0,1213.0,1.01059497,2.66,58.96191443
1668815650.9888985,1213.78,1213.78,1.08798954,2.24,62.0381083
1668815711.008571,1212.89,1212.89,0.96104036,1.79,56.77189971
1668815771.1910725,1213.12,1213.12,0.93876464,0.93,57.76957109
1668815831.0240808,1213.41,1213.41,0.93723422,1.45,59.05278936
1668815890.9980652,1213.48,1213.48,0.91650906,1.07,59.37718589
1668815950.9666543,1213.03,1213.03,0.82307967,-0.24,56.33122427
1668816011.0709343,1212.58,1212.58,0.70438683,-0.17,53.36723751
1668816070.9521673,1212.58,1212.58,0.63149144,-1.71,53.36723751
1668816130.9633477,1212.58,1212.92,0.65861395,-1.37,55.4225509
1668816191.013501,1213.38,1213.38,0.63508649,-0.41,58.14774055
1668816251.1010652,1212.51,1212.51,0.49661693,-0.38,51.78312226
1668816310.921443,1212.51,1212.65,0.50778502,-0.24,52.68705987
1668816611.0424914,1212.3,1212.3,0.14610125,-0.28,50.80174418
1668816671.0295408,1212.85,1212.85,0.20577688,0.02,54.94059659
1668817091.0084996,1211.78,1211.78,-0.0506484,-0.38,46.04050574
1668817270.9782605,1211.27,1211.27,-0.23389094,-1.09,43.3606568
1668817511.0738258,1210.99,1210.76,-0.30818516,-1.33,39.88554521
1668817571.0433607,1210.8,1210.8,-0.35903612,-0.8,40.4919185
1668817631.0402453,1211.06,1211.06,-0.3325508,-0.72,43.60367937
1668817751.1961706,1211.49,1211.49,-0.23713317,0.68,48.40433683
1668817811.053284,1211.46,1211.46,-0.21526488,0.2,48.09271614
1668817871.0590734,1211.58,1211.58,-0.17621497,0.24,49.56397105
1668817931.0434668,1212.85,1212.85,0.20577688,0.02,54.94059659
1668817990.9639971,1210.21,1210.21,-0.37982794,-0.78,36.67017571
1668818051.057313,1210.81,1210.81,-0.32524697,0.08,44.01990607
1668818111.084882,1210.46,1210.46,-0.36699505,-0.34,41.08919691
1668818171.195902,1210.54,1210.54,-0.36171256,-0.53,42.04904042
1668818231.1089902,1210.99,1210.99,-0.28983758,-1.1,41.66175194
1668818291.0832517,1211.06,1211.06,-0.3325508,-0.72,43.60367937
1668818351.1674562,1210.82,1210.59,-0.31113727,-0.9,43.33113477
1668818411.3363628,1211.17,1211.17,-0.20179281,-0.41,49.69898702
1668818471.074856,1210.79,1210.79,-0.22529475,0.42,45.51932179
1668818531.050985,1210.78,1210.78,-0.2181884,0.57,45.40282226
1668818591.0388608,1210.24,1210.24,-0.28585412,-0.58,39.88296566
1668818651.0576146,1211.08,1211.08,-0.18374175,0.63,50.04313698
1668818711.056289,1211.08,1210.58,-0.22362779,0.13,45.13378366
1668818771.176976,1210.38,1210.38,-0.2651514,-0.59,43.69426861
1668818831.024875,1210.46,1210.46,-0.25639437,-0.35,44.64333954
1668818891.058589,1210.48,1210.48,-0.24815929,-0.52,44.89104579
1668818951.0081542,1210.73,1210.73,-0.20540455,-0.43,48.03111636
1668819011.0954082,1210.54,1210.54,-0.21142521,-0.25,45.8779699
1668819071.068407,1210.43,1210.43,-0.21802372,-0.36,44.67248302
1668819131.0846796,1210.37,1210.37,-0.22107479,0.12,43.93634373
1668819191.068812,1210.42,1210.42,-0.21075277,-0.66,44.68365164
1668819251.033382,1210.71,1210.71,-0.16300973,0.41,49.12291378
1668819311.0390725,1210.66,1210.66,-0.14893044,0.29,48.41518435
1668819371.0457532,1210.81,1210.81,-0.1112481,0.36,50.74496727
1668819431.112047,1210.49,1210.49,-0.13506803,0.01,45.97456896
1668819491.1290443,1210.19,1210.19,-0.17460005,-0.53,41.98931154
1668819551.1276248,1210.35,1210.35,-0.16283074,-0.19,44.75314964
1668819611.1105769,1210.17,1210.17,-0.18657432,-0.25,42.27530221
1668819671.078606,1210.32,1210.32,-0.17121226,-0.06,44.98747029
1668819731.03061,1210.86,1210.86,-0.0890236,0.44,53.39663205
1668819791.0821772,1210.86,1210.74,-0.09859625,0.32,51.5162384
1668819851.04536,1210.57,1210.57,-0.07960918,-0.08,48.88958011
1668819911.1288087,1210.92,1210.92,-0.0216311,0.11,54.04513134
1668819971.052057,1211.19,1211.19,0.04032379,0.7,57.58853034
1668820031.0978065,1211.2,1211.2,0.07231818,1.01,57.76678678
1668820091.1161268,1211.2,1211.2,0.09593588,0.86,57.76678678
1668820151.0673816,1210.67,1210.67,0.03842437,0.5,48.53278976
1668820211.597573,1210.91,1210.91,0.06059524,0.6,52.22913151
1668820271.345707,1210.91,1210.91,0.06165016,0.04,52.22913151
1668820331.5066216,1210.53,1210.53,0.00744045,-0.21,46.17633194
1668820391.3560803,1210.0,1210.0,-0.08627955,-0.57,39.3455309
1668820451.437085,1210.1,1210.1,-0.11083769,-0.83,41.11839717
1668820512.3133698,1209.92,1209.92,-0.15989458,-1.28,38.90466997
1668820572.2868526,1209.52,1209.52,-0.24181149,-1.68,34.47341466
1668820632.3791451,1209.11,1209.11,-0.33681953,-2.09,30.62977227
1668820693.3075929,1209.34,1209.34,-0.34866356,-1.33,35.08197646
1668820753.0289545,1209.78,1209.78,-0.30677008,-1.14,42.4744471
1668820813.036322,1209.24,1209.24,-0.37490303,-1.67,36.94289155
1668820873.7661357,1209.02,1209.02,-0.42012026,-1.5,34.84824149
1668820933.6923685,1209.01,1209.01,-0.43966381,-0.98,34.84948269
1668820993.6749687,1209.78,1209.78,-0.33986619,-0.32,46.61624464
1668821055.3771684,1209.75,1209.75,-0.31078544,-0.18,46.29457969
1668821114.1631591,1209.92,1209.92,-0.25792806,0.39,48.63967404
1668821173.649023,1210.8,1210.8,-0.09980215,1.69,58.69438756
1668821233.6681118,1210.59,1210.59,-0.06007856,1.24,55.86385624
1668870523.7178192,1209.45,1210.15,0.43165198,2.61,70.5810702
1668870583.622388,1210.15,1210.92,0.56982885,3.02,74.95713967
1668870643.5281918,1210.62,1210.62,0.62980955,3.31,73.41801954
1668870708.4680114,1210.32,1209.67,0.59411491,1.61,60.14795884
1668870763.4440804,1209.36,1209.17,0.51853336,0.66,54.67895483
1668870823.518736,1209.49,1209.25,0.49888246,0.54,55.08120862
1668870883.668174,1209.02,1209.15,0.43689925,0.3,53.91334528
1668870943.766195,1209.78,1209.98,0.50212067,0.99,60.55647374
1668871003.5366914,1209.34,1208.94,0.38574239,-0.34,50.64599751
1668871063.6681557,1209.0,1209.19,0.35380503,-0.26,52.90156504
1668871123.602425,1208.82,1208.79,0.26630365,-1.35,49.18562456
1668871183.7096937,1208.84,1208.94,0.23288379,-1.68,50.73493191
1668871243.7035124,1208.79,1208.09,0.12326049,-2.23,42.39536984
1668871303.6647625,1208.47,1208.21,0.07832962,-1.14,43.25246774
1668871363.7171056,1207.92,1208.19,-0.00096264,-1.29,44.04326482
1668871423.6205862,1208.34,1208.25,-0.03030051,-0.78,44.85150713
1668871483.7907543,1208.24,1208.1,-0.07489735,-1.68,43.37979075
1668871543.7155645,1207.92,1207.65,-0.15595898,-1.69,39.31799525
1668871603.6680377,1207.86,1207.85,-0.17692819,-1.15,41.07364164
1668871663.6152256,1207.82,1208.3,-0.17103186,-0.52,47.32566908
1668871723.7284482,1208.21,1208.35,-0.1629018,-0.49,48.03839731
1668871783.772612,1208.32,1208.42,-0.14655527,-0.36,49.01002522
1668871843.7639172,1208.73,1209.28,-0.04249692,0.82,58.60453551
1668871903.7302198,1208.81,1208.81,-0.04567565,0.9,53.72419914
1668871963.9937654,1208.81,1209.0,-0.00373003,0.66,56.12535632
1668872023.7908652,1209.0,1209.27,0.0507234,1.03,59.37329472
1668872083.6267684,1209.27,1209.51,0.1131945,1.6,62.0476732
1668872143.9185405,1209.83,1209.8,0.20306697,1.94,64.5907687
1668872203.6369815,1209.98,1210.16,0.2903542,2.35,68.11077192
1668872263.6488495,1210.3,1210.55,0.38454161,2.33,71.26340251
1668872323.8792984,1210.52,1210.15,0.41206235,1.84,64.23810548
1668872383.6159215,1210.2,1210.18,0.43565099,1.46,64.70664497
1668872443.6692178,1210.19,1209.98,0.43070395,1.17,61.06391166
1668872503.8112564,1209.63,1209.63,0.37181789,0.83,55.60527431
1668872563.791222,1209.2,1209.4,0.29910412,0.41,52.25564156
1668872623.724544,1209.39,1209.6,0.27969844,0.32,54.73757525
1668872683.7024214,1209.37,1209.52,0.24262545,-0.31,53.91417005
1668872743.7836168,1209.81,1210.08,0.28709816,0.11,60.41920241
1668872804.0284088,1209.34,1209.47,0.20692287,-0.83,52.35988359
1668872863.6414158,1209.14,1209.15,0.14090619,-1.38,48.2723703
1668872923.692221,1209.12,1209.0,0.09563017,-1.2,46.22298263
1668872983.9458015,1209.4,1209.31,0.10968319,-0.88,50.4824596
1668873043.8540728,1209.37,1209.84,0.14103418,0.21,57.63430229
1668873103.7025635,1209.74,1210.23,0.18395089,1.02,62.09186377
1668873163.9297483,1210.4,1210.25,0.23503545,0.87,61.15432527
1668873223.8874328,1209.89,1210.2,0.23435354,0.82,59.12482746
1668873283.7456672,1209.57,1209.86,0.18773302,0.05,54.9950141
1668873343.880387,1209.47,1209.66,0.14909257,0.31,52.80509905
1668873403.740209,1209.82,1210.01,0.17926914,0.88,56.82231019
1668873463.7214923,1209.84,1209.97,0.17720764,0.84,56.49417871
1668873523.774418,1209.98,1210.0,0.18782292,0.6,56.85632637
1668873583.703275,1209.57,1209.58,0.13337707,0.2,50.66106001
1668873643.8276596,1209.58,1209.83,0.1353929,0.1,54.13129461
1668873703.723745,1210.08,1210.22,0.18255394,-0.19,58.77101345
1668873764.0041163,1209.61,1209.37,0.09518089,-0.51,47.38820032
1668873823.8172314,1209.24,1209.41,0.05895945,-0.15,48.21558909
1668873883.7805693,1209.64,1209.66,0.07338358,0.19,51.27046139
1668873943.70569,1209.73,1209.82,0.08530733,0.0,53.25628567
1668874003.7774353,1209.98,1210.28,0.13586089,0.44,58.51004652
1668874063.7130156,1210.27,1210.27,0.16313155,0.28,58.40599337
1668874123.8601902,1210.32,1210.62,0.21426315,1.04,62.21343109
1668874183.712916,1210.62,1210.38,0.2296115,0.8,58.2362302
1668874243.814062,1210.7,1210.84,0.295424,0.75,64.54187964
1668874303.8053367,1210.32,1209.67,0.19825966,0.07,47.63870201
1668874363.7162368,1209.56,1209.56,0.13744014,0.33,46.38608746
1668874423.8315792,1209.56,1208.96,0.04599405,-0.69,39.81693281
1668874483.7814026,1208.86,1209.34,-0.00139654,-0.38,45.41202016
1668874543.8133204,1208.97,1209.14,-0.07100294,-0.83,43.04749261
1668874604.3694367,1209.19,1209.23,-0.09196079,-1.04,44.35079315
1668874663.8564787,1208.53,1208.15,-0.23848398,-2.17,34.01579576
1668874723.7847035,1208.31,1208.16,-0.29740266,-2.46,34.00994815
1668874783.8475273,1208.15,1208.7,-0.30708872,-2.0,42.15447916
1668874843.895933,1208.53,1208.4,-0.34433901,-1.92,38.61323212
1668874903.941818,1208.4,1208.49,-0.35242022,-1.08,40.03311383
1669655805.940266,1173.56,1175.59,0.94114883,-5.19,52.7735182
1669655865.987965,1175.03,1175.74,0.841248,-3.38,53.28287126
1669655926.0599203,1175.65,1177.4,0.91465357,0.74,57.60368306
1669655986.078405,1176.81,1177.64,0.95079856,1.54,58.30649406
1669656046.120499,1177.65,1178.64,1.08554467,2.63,60.78595551
1669656106.044044,1178.55,1177.15,1.05433147,1.57,55.55416837
1669656166.144724,1177.39,1176.83,1.012732,1.97,54.38596917
1669656226.1125772,1176.44,1177.53,0.98417815,2.55,56.2147438
1669656286.047827,1176.96,1177.67,0.95226844,3.19,56.72652107
1669656346.1760426,1177.58,1177.46,0.92912034,3.9,55.99944735
1669656406.1509578,1176.96,1176.59,0.80582414,1.56,52.69692977
1669656466.2876856,1176.31,1175.88,0.65802353,0.24,50.06448386
1669656526.3372023,1176.11,1176.02,0.57631934,-0.79,50.55385219
1669656586.236321,1175.92,1175.9,0.47687266,-1.75,50.07219801
1669656646.276754,1175.02,1175.02,0.27475012,-3.54,46.62982122
1669656706.1730046,1174.04,1174.09,0.03432976,-3.31,43.30153214
1669656766.227896,1175.13,1174.25,-0.01759882,-2.18,44.58010254
1669656826.111303,1174.96,1174.89,-0.02767421,-2.08,46.87758875
1669656886.1555705,1174.72,1174.36,-0.13176096,-3.22,44.6946826
1669656946.136176,1174.11,1174.3,-0.22260878,-2.66,44.71976927
1669657006.176405,1175.58,1175.9,-0.06914397,-0.42,51.96142335
1669657066.2258253,1176.56,1176.64,0.07280251,0.54,54.88047268
1669657126.2112367,1176.38,1175.75,0.05429916,-0.18,50.7111457
1669657186.289177,1176.22,1176.24,0.12285322,1.22,52.9993004
1669657246.240615,1175.98,1176.44,0.14635477,2.39,53.89525061
1669657306.27158,1175.69,1175.56,0.06357334,0.44,49.45585712
1669657366.3292253,1175.98,1175.97,0.10281577,1.01,51.63141585
1669657426.2410245,1176.8,1176.42,0.19315725,1.69,53.53871299
1669657486.263666,1176.28,1175.88,0.15816224,1.78,50.43477775
1669657546.2943149,1175.35,1175.61,0.08412653,0.04,49.13766998
1669657606.297265,1176.29,1175.0,0.05088288,-1.57,46.15498434
1669657666.3264737,1174.36,1174.26,-0.11730734,-2.12,43.0855128
1669657726.2503598,1173.28,1173.06,-0.36381979,-3.15,38.58593881
1669657786.167637,1172.97,1172.78,-0.51819915,-3.2,37.55993493
1669657846.18776,1173.0,1172.82,-0.61150551,-2.88,37.70321247
1669657906.0973015,1172.44,1172.08,-0.77382564,-3.9,34.90909509
1669657966.2191546,1172.74,1171.95,-0.83753599,-4.85,35.16506376
1669658026.3628976,1171.3,1171.64,-0.98516062,-4.64,35.27966721
1669658086.2984135,1171.47,1171.63,-1.05899655,-3.73,35.28966599
1669658146.2687614,1171.73,1172.08,-1.05210459,-4.21,38.45863859
1669658206.2608483,1171.7,1171.26,-1.1297916,-3.09,34.03456382
1669658266.2002127,1172.38,1172.91,-0.95466828,-0.36,44.44591016
1669658326.2819312,1172.42,1172.3,-0.9554146,-0.68,40.45956502
1669658386.213894,1172.1,1172.32,-0.9239684,-0.68,41.17175883
1669658446.297413,1172.12,1171.97,-0.91654901,-0.47,38.74065264
1669658506.2780492,1171.78,1171.94,-0.90189562,-0.81,39.1398665
1669658566.3815224,1173.44,1174.07,-0.60597108,2.78,53.90654845
1669658626.2996228,1173.69,1173.11,-0.5615755,1.63,47.93991905
1669658686.321019,1172.82,1172.26,-0.5823106,0.52,43.10713456
1669658746.2601426,1172.57,1171.9,-0.58896323,0.19,41.08627954
1669658806.2507875,1171.42,1170.22,-0.76417806,-2.15,33.64319287
1669658866.2302942,1170.21,1169.49,-0.9216049,-2.92,30.96471538
1669658926.278186,1169.26,1169.84,-1.02007206,-2.27,34.52010837
1669658986.223562,1169.33,1170.29,-1.06735773,-1.84,38.01582658
1669659046.2952895,1169.34,1169.95,-1.14538404,-1.84,35.95022278
1669659106.3141992,1170.5,1170.6,-1.04960275,-2.85,40.71767676
1669659166.255523,1170.55,1170.18,-1.03293267,-3.51,38.47677844
1669659226.2672532,1170.1,1170.3,-0.99971446,-2.52,39.67971909
1669659286.2634249,1170.39,1171.16,-0.88315804,-1.32,46.15434834
1669659346.2136314,1171.06,1171.06,-0.80216063,-0.37,45.46802866
1669659406.4907582,1171.97,1171.5,-0.63216275,1.28,48.52621689
1669659466.2360563,1171.11,1170.21,-0.67557018,0.94,41.53838682
1669659526.3346548,1170.59,1171.16,-0.57893331,1.83,47.29099427
1669659586.373246,1171.4,1171.48,-0.47943918,2.13,49.26669591
1669659646.319955,1171.47,1170.73,-0.47085318,0.24,44.78936149
1669659706.347882,1170.93,1170.41,-0.4713535,-0.14,42.91338622
1669659766.3396697,1170.43,1170.25,-0.49103055,0.14,42.00047875
1669659826.357941,1170.33,1170.38,-0.48741954,-0.02,42.88241726
1669659886.204821,1170.51,1170.89,-0.43533612,-0.17,46.95077676
1669659947.0879965,1171.26,1170.96,-0.36808046,-1.01,47.52913377
1669660006.2172282,1170.85,1171.39,-0.3080313,0.28,50.73629335
1669660066.2662284,1171.33,1172.26,-0.18488358,1.68,56.33649492
1669660126.2400577,1171.73,1172.28,-0.11358181,0.88,56.69140077
1669660186.5180511,1171.82,1172.32,-0.04719929,0.84,57.15335989
1669660246.241979,1172.28,1171.69,-0.01986348,0.75,51.99647629
1669660306.2476466,1171.94,1172.05,0.04902037,1.62,54.79276561
1669660366.3991275,1172.53,1172.63,0.16263688,2.31,58.70401473
1669660426.2578876,1172.56,1172.86,0.23445166,2.36,60.29236658
1669660486.299135,1172.48,1171.94,0.19500028,0.67,52.25814759
1669660546.1959822,1171.24,1170.56,0.03303581,-0.28,42.19706821
1669660606.2729208,1170.23,1170.64,-0.06567023,-0.68,43.72841131
1669660666.307223,1170.06,1170.34,-0.18065987,-1.38,41.82961934
1669660726.2496617,1170.71,1171.42,-0.12411658,-0.41,50.27879744
1669660786.3752182,1171.08,1171.74,-0.09631533,-0.53,52.69516743
1669660846.2904146,1172.45,1172.39,0.04277885,0.45,56.55780719
1669660906.250142,1171.92,1171.59,0.01475347,-0.94,50.79721212
1669660966.3276813,1171.95,1171.94,0.07209566,-0.63,53.2423597
1669661026.2716253,1171.5,1170.93,-0.01458503,-1.55,46.02808084
1669661086.332929,1170.63,1170.5,-0.10698538,-0.75,43.38303716
1669661146.2751331,1170.71,1170.46,-0.14966666,0.24,43.17688514
1669661206.2687628,1170.12,1169.86,-0.26332968,-0.2,39.57180383
1669661266.2605312,1170.1,1170.49,-0.26309307,-0.21,44.50132646
1669661326.3793488,1170.25,1170.79,-0.26575943,-0.29,47.24392105
1669661386.4199443,1170.89,1170.73,-0.24906317,-1.71,46.81153503
1669661446.2854347,1170.76,1170.48,-0.25624808,-1.44,44.83985731
1669661506.2789187,1170.56,1169.6,-0.32611336,-2.35,38.68792333
1669661566.330328,1169.37,1169.76,-0.38416193,-1.73,41.05790942
1669661626.2138789,1169.74,1169.53,-0.43046818,-1.1,39.52112388
1669661686.3611505,1169.91,1170.34,-0.37195674,-0.37,46.42103447
1669661746.270924,1170.75,1170.23,-0.33038919,0.11,45.85753433
1669661806.339369,1169.87,1169.24,-0.42020361,-0.86,39.70159817
1669661866.3797913,1169.21,1168.05,-0.56005905,-2.2,33.70012249
1669661926.2433562,1168.14,1168.67,-0.60575725,-2.21,38.56881162
1669661986.3721375,1168.36,1168.85,-0.64502557,-1.92,40.24695685
1669662046.436806,1168.14,1168.55,-0.71304026,-2.02,38.46224255
1669662106.5052173,1168.8,1168.65,-0.69421192,-0.72,39.74226956
1669662166.4825797,1168.42,1168.11,-0.74504171,-1.63,36.69884548
1669662226.4549778,1168.34,1167.95,-0.76059797,-1.97,35.70656256
1669662286.286965,1167.83,1167.72,-0.80361555,-3.02,34.44374224
1669662346.331262,1167.49,1168.79,-0.74947959,-1.08,45.02563937
1669662406.3360972,1168.85,1168.87,-0.67469722,-0.34,45.63070599
1669662466.2252762,1169.31,1168.68,-0.59960916,0.53,44.75971921
1669662526.3050687,1168.8,1169.15,-0.51718738,0.78,48.16021106
1669662586.42228,1169.1,1168.45,-0.51313796,0.24,43.50725423
1669662646.346346,1167.86,1168.09,-0.56666482,-0.72,42.08773058
1669662706.3854823,1168.09,1167.71,-0.5943419,-0.71,39.93834556
1669662766.362836,1167.01,1167.15,-0.69766373,-1.19,37.64373014
1669662826.3915749,1167.09,1166.23,-0.8039994,-1.61,33.10996624
1669662886.3832483,1167.79,1167.57,-0.67080693,0.07,41.57584702
1669662946.3325396,1167.51,1167.35,-0.67756292,-1.5,40.31175204
1669663006.4119956,1167.46,1167.59,-0.64608934,-1.73,42.10108042
1669663066.330166,1167.52,1166.78,-0.68986937,-2.02,36.99501689
1669663126.3917909,1167.35,1167.76,-0.59926597,-1.34,44.30680733
1669663186.2776802,1167.99,1167.55,-0.55965312,-0.3,43.11472113
1669663246.2765949,1167.67,1167.82,-0.50706017,-0.28,45.33139371
1669663306.2843056,1167.82,1167.72,-0.47555356,0.71,44.53427618
1669663366.4192104,1168.47,1168.4,-0.34562756,1.31,50.42694318
1669663426.3282795,1168.64,1168.85,-0.2354654,1.05,54.16948086
1669663486.3255107,1168.96,1169.2,-0.12677736,1.68,56.93113741
1669663546.4112048,1169.32,1169.28,-0.03328048,1.82,57.39609659
1669663606.293031,1169.27,1169.51,0.05058306,1.99,59.22972053
1669663666.797256,1169.17,1168.77,0.03698049,1.43,51.83039659
1669663726.402238,1169.07,1169.02,0.08433085,1.04,54.42534603
1669663786.3586483,1169.06,1168.78,0.08504523,1.11,51.49327663
1669663846.3482883,1168.51,1168.34,0.03103164,0.52,46.77792306
1669663906.3164415,1168.02,1168.49,-0.00312449,0.03,48.99707618
1669663966.4090345,1168.85,1168.97,0.05123859,0.33,53.49959112
1669664026.3894403,1168.99,1169.68,0.128617,0.72,59.50449607
1669664086.320939,1169.6,1169.52,0.16821873,0.2,58.01879424
1669664146.668583,1169.36,1169.39,0.18272882,0.12,56.51576193
1669664206.3960323,1169.19,1169.18,0.17232855,0.0,54.24171047
1669664266.332853,1169.03,1169.16,0.16512312,0.1,53.90262241
1669664326.374638,1169.11,1169.59,0.1975685,0.54,58.14901278
1669664386.49099,1169.77,1170.84,0.33527942,2.33,67.37788896
1669664446.295627,1170.62,1170.62,0.39699301,2.61,65.97687961
1669664506.2307005,1169.81,1170.19,0.36975463,1.34,59.64455762
1669664566.323172,1170.15,1169.83,0.36364332,0.84,56.01007154
1669664626.3564868,1170.29,1170.71,0.45512627,1.12,63.4234444
1669664686.2817285,1171.94,1173.21,0.76806005,3.85,75.1407449
1669664746.3392012,1173.0,1173.32,0.92469073,4.14,75.57479245
1669664806.2625675,1173.85,1173.18,1.07022811,4.14,70.66221211
1669664866.4986804,1172.64,1171.84,0.99940365,2.73,59.84356946
1669664926.33027,1172.02,1172.53,1.03240391,2.75,63.54466162
1669664986.412264,1172.19,1172.25,0.99258261,1.62,62.27990369
1669665046.390276,1172.36,1172.63,1.00778527,2.82,64.21996307
1669665106.3288682,1172.83,1173.13,1.05292473,2.98,66.63553755
1669665166.283008,1172.75,1172.74,1.01051679,2.46,64.37422437
1669665226.379534,1172.45,1172.69,0.96705033,0.76,63.02785239
1669665286.4228058,1172.31,1172.76,0.92227943,-0.25,63.05970099
1669665346.3267157,1172.69,1172.0,0.83550391,-1.84,56.08495454
1669665406.365465,1172.3,1172.41,0.81355462,-0.23,59.52618984
1669665466.3993196,1172.66,1172.34,0.77876622,0.32,57.90535468
1669665526.3763273,1172.39,1172.28,0.72529475,0.08,57.25456863
1669665586.3317466,1171.68,1171.56,0.57699557,-0.8,50.78063626
1669665646.422299,1171.59,1171.67,0.50235364,-1.15,51.73417322
1669665706.3370922,1170.64,1171.13,0.32975864,-1.63,47.80596873
1669665766.3233275,1171.21,1171.05,0.25369665,-1.4,47.20530307
1669665826.3591828,1171.14,1171.9,0.25956223,-0.41,53.97775968
1669665886.5495548,1171.59,1171.61,0.21396382,-1.08,51.83698299
1669665946.369729,1171.2,1170.14,0.05141716,-2.16,40.83684513
1669666006.3524516,1170.3,1170.51,-0.01028434,-2.16,43.71978607
1669666066.3554811,1171.3,1171.09,0.02640645,-1.31,48.41876862
1669666126.4180832,1170.19,1170.81,-0.07291528,-0.87,47.33342481
1669666186.4104753,1171.1,1171.02,-0.0584217,-0.57,48.69849389
1669666246.3158505,1170.98,1171.17,-0.05564821,0.53,49.78456415
1669666306.4104586,1171.7,1171.3,-0.00732782,0.09,50.40952644
1669666366.4372911,1171.88,1171.95,0.0844472,0.81,54.7710575
1669666426.3311715,1171.93,1171.69,0.09779109,0.09,52.68962227
1669666486.446714,1171.91,1171.99,0.14586278,0.8,55.06889118
1669666546.5919888,1171.83,1171.74,0.13770025,1.43,52.92827743
1669666606.481634,1171.61,1171.75,0.13315175,0.44,52.96403983
1669666666.487747,1171.69,1171.1,0.08003247,0.91,47.06922875
1669666726.448365,1171.34,1170.83,0.03450505,-0.28,44.66474747
1669666786.3879952,1171.16,1171.74,0.07636883,0.76,53.01471675
1669666846.3708684,1171.99,1171.98,0.12284086,0.28,54.95484069
1669666906.3169274,1171.32,1171.1,0.03076079,-0.77,47.06867504
1669666966.5499177,1170.96,1170.7,-0.04038909,-1.23,43.88978984
1669667026.6141944,1170.83,1170.64,-0.08370267,-1.27,43.3299105
1669667086.5843823,1170.95,1170.98,-0.07920923,-0.84,46.46413982
1669667146.584339,1170.92,1171.1,-0.08765869,-0.51,47.87393778
1669667206.3675556,1170.59,1171.01,-0.12873621,-0.67,47.59404665
1669667266.5723596,1171.27,1171.48,-0.07344625,0.15,52.19803872
1669667326.4848228,1171.62,1172.05,0.00855197,0.9,57.21901727
1669667386.602777,1171.72,1172.0,0.03901885,0.01,56.99564658
1669667446.4947512,1172.03,1171.82,0.07056692,0.51,54.78339303
1669667506.9719412,1171.66,1171.65,0.06919827,0.69,52.90638346
1669667566.4759023,1171.38,1172.03,0.09103038,1.2,56.23947901
1669667626.5125787,1172.36,1172.12,0.1521021,1.18,56.22310166
1669667686.5069346,1172.35,1172.84,0.24980972,1.92,62.61622932
1669667746.470793,1172.59,1172.81,0.29010789,2.23,62.52832788
1669667806.4215112,1172.52,1173.54,0.37561263,2.27,67.55812773
1669667866.488781,1173.4,1173.24,0.42388452,1.62,64.49193192
1669667926.5637236,1173.18,1172.77,0.42319451,1.06,58.6451307
1669667986.5817254,1172.97,1172.6,0.42096297,0.58,56.46048533
1669668046.4728563,1172.79,1173.14,0.45669652,1.49,61.74659759
1669668106.4074576,1173.26,1173.36,0.49193826,1.99,63.49599392
1669668166.5186868,1172.95,1173.36,0.48120027,1.0,62.1374714
1669668226.5301597,1173.25,1173.09,0.46585583,0.73,59.10278424
1669668286.4583282,1172.99,1173.3,0.46536798,0.72,60.6290408
1669668346.454352,1173.41,1173.2,0.46411421,0.67,58.81428255
1669668406.4745522,1173.46,1173.77,0.51246059,0.36,64.57654925
1669668466.4907663,1173.39,1173.0,0.44342917,-0.17,55.52986802
1669668526.5030627,1173.05,1172.81,0.39658903,-0.16,52.98485367
1669668586.3430903,1172.64,1172.62,0.32661935,-0.17,50.68622772
1669668646.3697984,1172.96,1173.59,0.3770222,0.34,60.58181293
1669668706.44391,1173.01,1173.58,0.35382918,0.64,60.86906647
1669668766.4396255,1173.38,1173.48,0.34882108,0.22,60.02551982
1669668826.489241,1173.51,1173.29,0.34010401,0.3,56.93757302
1669668886.4933934,1173.47,1173.89,0.38523221,0.49,63.85320084
1669668946.4256248,1174.2,1174.12,0.44301464,0.67,65.15753317
1669669006.451547,1173.81,1173.85,0.42323085,0.47,60.92153004
1669669066.4164462,1174.25,1174.29,0.48140239,1.24,64.73978453
1669669126.4821415,1174.11,1174.94,0.53849901,2.3,68.91785704
1669669186.509318,1175.0,1174.5,0.55693261,1.54,62.33685809
1669669246.5391352,1174.67,1174.89,0.6028505,1.89,66.22234633
1669669306.391664,1173.44,1173.51,0.42193039,0.12,51.33648461
1669669366.3908842,1173.7,1173.37,0.3659089,-0.15,49.81979326
1669669426.5239296,1173.53,1173.6,0.33417466,0.14,51.98668422
1669669486.5927174,1173.76,1173.37,0.28701036,-0.83,49.46709553
1669669546.6005409,1173.6,1173.32,0.24634887,-0.49,48.80488544
1669669606.5089047,1173.0,1172.92,0.14631653,-1.32,45.0753934
1669669666.439244,1172.13,1171.72,-0.05749099,-2.4,36.06928463
1669669726.4404037,1171.58,1171.57,-0.18835294,-3.44,35.14410016
1669669786.4972887,1170.98,1171.29,-0.33804233,-3.39,35.23368598
1669669846.5142815,1170.49,1169.48,-0.609494,-3.97,24.76018175
1669669906.4599817,1170.01,1171.27,-0.58978038,-2.43,40.14106818
1669669966.4575956,1170.97,1171.3,-0.61558189,-2.23,40.60515099
1669670026.571808,1171.21,1170.75,-0.66007449,-3.01,36.93998988
1669670086.4662144,1170.95,1170.53,-0.68701798,-3.06,35.54948919
1669670146.5688174,1170.15,1170.45,-0.74196839,-2.55,36.55944324
1669670206.5601528,1171.39,1171.6,-0.60380755,-0.54,46.32058791
1669670266.748688,1171.46,1171.58,-0.55764849,0.0,46.23832196
1669670326.497276,1171.99,1171.67,-0.47394754,0.68,47.07734444
1669670386.4837356,1171.82,1171.87,-0.40340057,1.39,48.56472364
1669670446.6373448,1172.25,1172.12,-0.31017503,2.12,50.47219847
1669670506.480416,1171.8,1171.79,-0.30337475,0.81,47.9251311
1669670566.5586526,1172.08,1172.61,-0.19069047,1.4,54.39060027
1669670626.570634,1172.26,1172.32,-0.16304736,1.37,52.27493531
1669670686.576309,1172.64,1172.37,-0.09395921,2.21,52.28633351
1669670746.497112,1172.16,1172.5,-0.061323,1.11,53.29289672
1669670806.546233,1172.5,1172.31,-0.03647039,0.85,51.52055192
1669670866.5520842,1171.58,1171.84,-0.09966222,-0.15,47.97499498
1669670926.6288347,1171.72,1171.51,-0.13551084,-0.31,45.31389075
1669670986.5495546,1171.43,1171.5,-0.16151899,-0.74,45.41702486
1669671046.5033064,1172.0,1172.11,-0.09558986,0.32,50.76505365
1669671106.6465962,1172.28,1172.39,-0.04066483,0.31,53.0717527
1669671166.570474,1171.91,1172.22,-0.05030265,-0.04,51.6240487
1669671226.524829,1172.0,1172.16,-0.04624185,-0.48,51.22580288
1669671286.407669,1172.16,1172.6,0.00693217,0.44,55.16833034
1669671346.4623778,1172.51,1172.66,0.04651602,0.15,55.75699323
1669671406.574408,1172.38,1172.21,0.0301061,0.63,51.1955554
1669671466.652763,1172.0,1171.43,-0.0401342,-0.3,43.79655253
1669671526.507943,1170.73,1170.8,-0.17557821,-0.62,39.44642855
1669671586.54242,1171.05,1170.89,-0.21336768,-1.1,40.82244638
1669671646.650107,1170.24,1170.74,-0.30816773,-1.54,41.60429461
1669671706.6149266,1171.22,1170.99,-0.2887983,-0.93,44.11553203
1669671766.5389762,1170.95,1171.15,-0.29064742,-0.85,45.64296645
1669671826.575895,1170.81,1170.7,-0.34311304,-1.47,42.08179822
1669671886.5951676,1170.3,1170.48,-0.40061967,-2.02,41.22181742
1669671946.523088,1170.62,1170.96,-0.36858029,-1.42,45.75151126
1669672006.529238,1170.99,1171.3,-0.31968257,-0.71,48.81007571
1669672066.5774026,1171.28,1171.29,-0.2810179,0.56,48.72450863
1669672126.5821245,1171.29,1171.29,-0.24628168,0.24,48.72236179
1669672186.541076,1171.88,1172.74,-0.06487721,2.5,60.36785459
1669672246.460565,1172.27,1172.09,-0.04522903,0.87,55.47683542
1669672306.5099678,1172.34,1172.83,0.08010892,1.89,61.49009099
1669672366.584107,1172.56,1173.12,0.16827487,2.32,63.68940012
1669672426.5258577,1172.77,1173.21,0.23793081,2.91,64.50120208
1669672486.4775078,1173.02,1173.0,0.28321359,2.37,62.86632144
1669672546.4418476,1173.2,1173.72,0.39770883,2.73,68.24314213
1669672606.6027937,1173.41,1173.29,0.41574497,2.0,64.40684565
1669672666.447632,1172.97,1172.97,0.39990185,1.67,60.05550687
1669672726.5387022,1172.83,1172.84,0.38332278,0.96,58.27247421
1669672786.5882292,1172.45,1172.63,0.33456765,0.45,55.28393467
1669672846.438082,1172.77,1172.89,0.34629465,0.55,57.83755513
1669672906.4615924,1172.99,1172.99,0.35692241,0.43,58.7791619
1669672966.6610632,1172.91,1172.71,0.32766815,-0.06,54.88034218
1669673026.5588548,1171.96,1172.22,0.22134877,-0.8,49.34736537
1669673086.5489514,1172.05,1172.12,0.16332967,-1.09,48.32383224
1669673146.4881198,1172.14,1172.18,0.13265485,-1.22,49.06280481
1669673206.5490923,1172.19,1172.48,0.12979176,-0.49,52.78689905
1669673266.6273575,1172.74,1172.7,0.16024877,-0.12,55.02425824
1669673326.5850575,1172.53,1172.52,0.13996478,0.07,52.71605496
1669673386.5393865,1172.65,1172.64,0.15130705,-0.13,54.06851803
1669673446.5967352,1172.18,1172.18,0.08531746,-0.81,48.27171417
1669673506.65632,1172.05,1171.67,0.01331909,-1.24,42.50995156
1669673566.557898,1171.96,1172.38,0.03875766,0.41,51.29494003
1669673626.600306,1172.43,1172.47,0.04976474,0.42,52.39754684
1669673686.763032,1172.28,1172.43,0.03981245,0.29,51.90320801
1669673746.552238,1170.92,1170.58,-0.19590269,-1.6,33.92281229
1669673806.6772766,1170.48,1170.47,-0.30014792,-2.28,33.19251501
1669673866.9033391,1170.47,1170.67,-0.35495579,-1.85,36.08367726
1669673926.5580208,1170.53,1170.64,-0.40549215,-2.01,35.78332308
1669673986.5421395,1170.93,1171.03,-0.38274292,-1.15,41.2710366
1669674046.6468916,1171.03,1170.71,-0.40482553,-1.35,38.17849054
1669674106.5551946,1170.64,1170.91,-0.40524524,-1.05,41.45251115
1669674166.5285015,1171.03,1170.9,-0.38937189,-1.52,41.74712104
1669674226.543984,1170.66,1170.94,-0.39282988,-1.33,43.34521982
1669674286.670316,1171.03,1171.05,-0.3617354,0.12,44.72275918
1669674346.5632772,1171.32,1171.46,-0.28953118,0.99,49.66941633
1669674406.5608892,1171.54,1171.83,-0.21085249,1.35,53.80452387
1669674466.6219912,1171.1,1171.09,-0.25642406,0.56,45.61384055
1669674526.56815,1171.43,1171.39,-0.19870907,0.46,49.15660536
1669674586.6892965,1171.3,1171.25,-0.18980325,0.23,47.57672381
1669674646.5022223,1171.4,1171.95,-0.10994969,1.31,55.65723513
1669674706.634972,1171.85,1172.25,-0.03772662,1.21,58.72915307
1669674766.6534402,1172.4,1172.19,0.03061552,1.54,57.25796096
1669674826.5114136,1172.25,1172.65,0.1154426,1.63,61.80849303
1669674886.5543618,1172.83,1172.87,0.20484814,1.56,63.61959286
1669674946.51924,1172.9,1172.1,0.20173407,0.55,53.40612858
1669675006.6011672,1172.03,1172.56,0.22812005,1.46,57.56462031
1669675066.899616,1172.13,1172.6,0.22665015,1.17,58.18764514
1669675126.697919,1172.61,1172.71,0.25856532,1.42,59.19133572
1669675186.5930486,1172.73,1172.34,0.25233961,0.95,54.40399062
1669675246.6267414,1172.35,1172.98,0.29500629,1.14,60.30763268
1669675306.558702,1173.14,1172.89,0.3277386,0.49,58.43059447
1669675366.5909257,1172.9,1173.0,0.34779867,0.74,59.38977348
1669675426.670091,1173.0,1173.05,0.36415625,0.22,59.83693636
1669675486.606755,1172.99,1172.12,0.29431362,-0.78,48.92155816
1669675546.685624,1171.35,1171.46,0.14053131,-0.58,43.52965973
1669675606.5613005,1171.18,1170.7,-0.01192739,-1.43,37.58453189
1669675666.5735278,1171.03,1171.0,-0.07009875,-1.6,39.69235106
1669675726.7719653,1171.44,1172.42,0.00488463,-0.31,53.73092093
1669675786.5738933,1172.5,1171.94,0.00395439,-0.41,49.39391335
1669675846.672335,1171.59,1171.58,-0.05271905,-1.57,46.66537106
1669675906.6366825,1171.52,1172.04,-0.04103006,-0.85,50.71117849
1669675966.6932492,1172.11,1171.96,-0.03096581,-1.05,49.97844226
1669676026.5806792,1172.1,1172.13,-0.00429389,-0.86,51.4548745
1669676086.6147048,1172.47,1172.58,0.06474009,1.22,55.24283995
1669676147.018134,1172.84,1172.93,0.14015677,1.75,57.99666015
1669676206.6852012,1172.52,1171.67,0.05625692,0.65,46.45881102
1669676266.535946,1170.92,1170.76,-0.10389419,-0.67,40.32434479
1669676326.6853275,1171.45,1170.69,-0.14438769,-1.82,40.99033889
1669676386.6672337,1170.53,1170.37,-0.2523491,-1.22,39.16268178
1669676446.605852,1170.82,1171.0,-0.24670237,-0.53,44.09681082
1669676506.5535607,1170.74,1170.56,-0.31807987,-1.54,40.82454892
1669676566.6505814,1170.54,1170.31,-0.37591844,-1.79,39.16912873
1669676626.7117782,1168.51,1167.34,-0.76286041,-5.13,26.10199085
1669676686.6597676,1167.31,1168.1,-0.88604835,-4.73,32.70838198
1669676746.7639008,1168.18,1167.76,-0.99217009,-4.76,31.7288104
1669676806.6583874,1168.66,1169.48,-0.87699273,-1.43,42.84190681
1669676866.7474487,1169.07,1168.43,-0.94202214,-3.01,37.04593123
1669676926.67447,1167.95,1168.19,-1.00470381,-2.34,36.84834563
1669676986.7047942,1168.42,1168.16,-1.00183227,-2.65,37.28805514
1669677046.5954616,1167.71,1168.08,-1.03539703,-2.66,38.14583143
1669677106.7129655,1167.88,1168.33,-1.0147701,-2.2,40.13655657
1669677166.592249,1168.18,1168.31,-0.98476327,-0.2,40.05794527
1669677226.6670136,1168.38,1168.09,-0.95451987,0.78,39.0183034
1669677286.661512,1167.96,1168.31,-0.91539494,0.12,41.30392795
1669677346.7305994,1168.32,1168.11,-0.88151414,-0.55,40.13354466
1669677406.7052846,1168.35,1168.59,-0.79246722,-0.48,43.75783918
1669677466.732665,1168.57,1168.68,-0.72148145,0.72,44.57256853
1669677526.7477064,1168.98,1169.44,-0.57791491,1.03,50.81923283
1669677586.704451,1169.53,1169.6,-0.45929125,1.88,52.02982353
1669677646.7000334,1169.23,1169.02,-0.43518371,1.14,47.43388325
1669677706.6881733,1169.17,1169.53,-0.33953044,1.34,51.69365001
1669677766.7124329,1170.33,1170.08,-0.17632208,1.7,55.18492418
1669677826.6719823,1170.2,1170.88,-0.025234,2.93,60.67111052
1669677886.5986147,1171.52,1171.33,0.16124278,3.02,62.36737777
1669677946.6396651,1170.95,1171.23,0.23412405,2.89,60.75581678
1669678006.7381546,1171.8,1171.88,0.39926488,3.3,64.06848644
1669678066.58959,1171.83,1171.17,0.42875628,2.19,58.06065005
1669678126.584376,1171.18,1171.38,0.46808489,1.85,59.35955995
1669678186.7184412,1171.33,1171.54,0.50138172,2.3,60.36634159
1669678246.5948522,1171.57,1171.52,0.52575747,2.36,60.05936808
1669678306.7589464,1171.21,1171.27,0.49733681,0.94,57.61515936
1669678366.5907357,1170.82,1170.91,0.43666388,0.71,54.50415978
1669678426.7236578,1170.95,1170.94,0.41338346,-0.58,54.70859313
1669678486.6548874,1170.79,1169.3,0.24725224,-1.65,41.66073844
1669678546.7900188,1169.81,1169.43,0.16667206,-2.37,42.27990972
1669678606.716479,1169.76,1170.08,0.141317,-1.75,47.68409653
1669678666.741891,1169.86,1170.08,0.08505085,-1.11,47.84278208
1669678726.6719637,1169.77,1169.45,-0.01436021,-1.87,42.07834295
1669678786.7683089,1169.17,1169.0,-0.12647562,-2.57,38.6440777
1669678846.75737,1169.0,1169.63,-0.14450184,-1.57,45.62204696
1669678906.729252,1169.77,1169.73,-0.14100334,-1.15,46.61529634
1669678966.7880683,1169.73,1169.72,-0.14620311,-1.23,46.52041016
1669679026.6609616,1169.32,1169.31,-0.2059536,-1.47,42.93084488
1669679086.6616497,1168.77,1169.0,-0.28340797,-0.82,41.35221728
1669679146.680405,1168.97,1168.99,-0.30975759,-0.77,41.2588169
1669679206.7160523,1169.46,1169.67,-0.24180438,-0.18,48.52247363
1669679266.6235628,1169.13,1169.64,-0.25083583,-0.14,48.76842406
1669679326.8265834,1169.59,1169.41,-0.2433465,0.24,46.62469029
1669679386.6885562,1169.44,1169.3,-0.23788285,0.29,45.56618936
1669679446.6773834,1169.61,1169.82,-0.17157588,0.05,50.93700018
1669679506.681175,1169.83,1170.13,-0.11294118,0.4,54.11266939
1669679566.769245,1169.67,1169.32,-0.15927812,0.0,45.58280095
1669679626.6751733,1169.41,1169.19,-0.16860341,0.42,44.17899585
1669679686.744282,1169.04,1168.94,-0.20880378,-0.03,41.75550029
1669679746.7133524,1168.96,1169.05,-0.21916359,-0.41,43.21110641
1669679806.7210608,1169.06,1169.04,-0.22683038,-0.09,43.09883206
1669679866.5922854,1169.32,1168.92,-0.2231954,-0.66,42.46231868
1669679926.717795,1168.44,1168.05,-0.33425981,-1.39,34.96827996
1669679986.8101509,1168.41,1167.77,-0.38638984,-1.85,32.68829511
1669680046.7914324,1167.77,1167.16,-0.49461494,-2.66,28.67949459
1669680106.6862185,1167.26,1167.71,-0.52373636,-1.95,35.66465973
1669680166.708593,1168.23,1168.42,-0.45816854,-1.0,43.84261582
1669680226.6897104,1168.07,1167.11,-0.56075015,-1.94,33.84045548
1669680286.8405485,1167.47,1167.61,-0.55017164,-1.35,37.77086939
1669680346.735742,1167.5,1167.36,-0.58544756,-1.69,35.34346029
1669680406.698982,1166.85,1168.28,-0.55755038,-1.03,47.12571937
1669680466.7649004,1168.57,1169.52,-0.38375686,1.09,56.0908724
1669680526.73499,1169.4,1169.05,-0.30186325,0.63,52.54457644
1669680586.8544178,1168.77,1168.92,-0.2556182,1.15,51.5930933
1669680646.7500162,1168.53,1168.74,-0.23734358,1.48,50.39180726
1669680706.671633,1167.52,1165.24,-0.55027977,-2.99,31.75718056
1669680766.8250442,1163.63,1164.56,-0.8657179,-3.5,33.21268693
1669680826.6538355,1163.93,1161.71,-1.26913441,-5.76,23.64180915
1669680886.605142,1159.69,1160.92,-1.71817131,-6.57,27.16332216
1669680946.7237968,1161.6,1161.24,-1.85735892,-5.6,29.71292191
1669681006.6692476,1161.9,1163.35,-1.77814847,-5.16,38.83182517
1669681066.6894562,1163.51,1161.86,-1.8466967,-7.55,35.20282054
1669681126.7367637,1161.21,1161.82,-1.93195717,-6.94,36.39527711
1669681186.6660657,1160.17,1160.1,-2.17494756,-8.42,31.38119583
1669681246.7869737,1161.32,1161.59,-2.04341406,-5.92,37.66844477
1669681306.7066057,1163.3,1164.44,-1.66065333,0.81,47.91903811
1669681366.7837975,1164.42,1164.64,-1.43461218,0.72,48.59368876
1669681426.7906363,1165.14,1164.35,-1.23162926,4.66,47.67134571
1669681486.7259476,1165.01,1165.64,-0.94563959,4.05,51.91976216
1669681546.7540312,1165.04,1164.43,-0.88676612,2.53,47.62894397
1669681606.789175,1164.67,1164.65,-0.76007833,1.15,48.40609848
1669681666.8081715,1164.46,1164.22,-0.71316371,3.01,46.72078219
1669681726.7835782,1164.8,1165.39,-0.52734934,5.22,51.69714812
1669681786.7870536,1165.3,1164.59,-0.48075321,3.27,48.17687935
1669681846.7616155,1163.87,1164.0,-0.52517826,0.7,45.97401137
1669681906.7424843,1164.68,1165.21,-0.37120985,0.8,51.25031582
1669681966.7880745,1165.37,1164.62,-0.32605064,-0.52,48.64026294
1669682040.0367148,1164.24,1164.9,-0.29739692,-0.12,50.02444557
1669682086.7578187,1165.0,1164.95,-0.23766083,-0.08,50.21262064
1669682146.837818,1164.52,1165.18,-0.20315281,0.51,51.31631951
1669682206.8719454,1165.33,1165.55,-0.10693158,1.09,52.88011191
1669682266.7003934,1165.65,1165.53,-0.03514639,0.73,52.68559402
1669682327.6020255,1166.67,1166.63,0.17319941,1.32,57.21467679
1669682386.9265828,1166.56,1167.11,0.29656437,3.24,59.08971679
1669682446.8707445,1168.08,1168.03,0.52673025,3.36,62.26423678
1669682506.7320304,1167.41,1167.27,0.54286057,1.91,58.09231469
1669682566.8556402,1167.23,1167.68,0.61829537,3.44,59.71026937
1669682626.7737694,1166.63,1166.99,0.55312884,1.99,56.20108026
1669682686.8177917,1166.82,1166.97,0.54931854,2.46,56.16122147
1669682746.8210118,1167.31,1166.69,0.5486777,1.35,53.99430128
1669682806.831232,1166.55,1166.74,0.516039,1.08,54.17924212
1669682866.7740984,1166.45,1166.78,0.47866617,0.1,54.40483039
1669682926.8689573,1166.44,1165.7,0.35557675,-0.86,48.10882895
1669682986.9602156,1165.88,1165.88,0.3011571,-2.19,49.12521128
1669683046.7359345,1165.96,1166.38,0.2892679,-1.04,52.32809865
1669683106.7696946,1165.96,1165.99,0.21405246,-1.25,49.84843367
1669683166.779776,1166.25,1166.38,0.22667395,-0.26,52.57708199
1669683226.7783182,1166.74,1166.62,0.25842238,-0.21,53.9844379
1669683287.1940596,1166.56,1166.69,0.25974033,-0.62,54.44325801
1669683346.791026,1166.27,1166.94,0.25625383,0.39,55.97034135
1669683406.8369656,1167.23,1167.96,0.37607141,1.51,61.96828913
1669683466.8575242,1168.12,1168.14,0.47173936,1.69,62.88359992
1669683526.769662,1167.55,1167.54,0.44649043,1.66,57.91745806
1669683586.9397917,1167.56,1167.35,0.44457011,1.38,56.24684844
1669683646.844345,1167.11,1167.21,0.41079948,1.25,55.00433331
1669683706.7863634,1167.02,1167.36,0.39492305,1.1,56.01908733
1669683766.887895,1167.24,1167.11,0.36314064,0.37,53.96577836
1669683827.1040664,1166.88,1166.87,0.30704948,0.31,51.89262359
1669683886.9124491,1166.34,1166.36,0.20127748,0.08,47.7263596
1669683946.8443832,1166.55,1166.54,0.1746839,-0.7,49.27421074
1669684006.855208,1166.82,1167.09,0.20111192,-1.04,53.9380776
1669684066.8374238,1167.03,1167.02,0.19275552,-0.53,53.37262585
1669684126.8567166,1167.07,1167.27,0.21079344,-0.29,55.60421686
1669684186.9811845,1167.14,1167.65,0.24171426,0.54,58.94352525
1669684247.0072172,1167.76,1168.52,0.34811198,1.5,65.17882747
1669684306.8344798,1167.86,1167.51,0.29879461,0.26,56.39489044
1669684366.9189773,1167.84,1167.47,0.31575919,0.6,55.631513
1669684430.5911324,1167.32,1166.08,0.18532145,-0.26,42.25882338
1669684486.847275,1166.22,1166.3,0.11593716,-0.24,44.17384464
1669684546.8105073,1166.21,1166.25,0.04197336,-0.56,43.69743688
1669684606.878189,1166.28,1166.61,0.01912089,-0.41,47.82702355
1669684666.9749155,1166.39,1166.46,-0.02576705,-0.6,46.23663335
1669684726.8694358,1165.96,1165.88,-0.12333925,-1.25,40.53523935
1669684786.775343,1166.34,1165.72,-0.15280222,-2.04,40.24567801
1669684849.4406052,1165.51,1165.67,-0.21980768,-2.18,40.62852595
1669684906.724181,1165.51,1165.75,-0.26013862,-2.09,41.77079818
1669684966.871204,1165.56,1166.14,-0.25935444,-1.19,46.62318944
1669685027.0538433,1166.31,1166.24,-0.22483698,0.02,47.71393778
1669685087.0451894,1166.34,1165.79,-0.23621035,-0.42,43.27618772
1669685146.98868,1166.21,1166.5,-0.16493216,0.23,50.77919535
1669685206.8981812,1166.54,1166.76,-0.11087828,0.37,53.68126283
1669685266.8372378,1166.77,1166.95,-0.05399218,0.98,55.74952138
1669685327.1851363,1167.0,1167.54,0.04009614,1.21,61.49326953
1669685386.977154,1167.23,1167.14,0.05985329,1.64,57.34111116
1669685446.911647,1166.86,1166.98,0.06401645,1.48,54.95139712
1669685506.986206,1167.59,1167.22,0.14014805,1.67,56.07740744
1669685566.8504393,1167.49,1167.1,0.16775525,0.79,54.35056635
1669685627.0948331,1166.72,1166.82,0.12424178,0.49,51.21260916
1669685686.996451,1167.12,1167.29,0.16846306,1.07,55.79082497
1669685747.3862913,1167.47,1167.21,0.18715331,0.67,54.35500416
1669685806.8840053,1167.79,1168.42,0.32128561,1.65,64.97845125
1669685866.8333075,1169.12,1169.46,0.51192428,2.47,70.93007402
1669685926.89563,1169.46,1172.16,0.82709523,4.93,80.60584843
1669685986.91443,1172.57,1173.37,1.18699973,6.51,83.23332898
1669686046.9625218,1172.03,1172.09,1.24580083,4.51,76.57089315
1669686106.990489,1172.26,1173.31,1.46858954,5.82,79.88611117
1669686166.9761822,1174.84,1175.56,1.89011453,8.85,84.16210217
1669686227.1880229,1175.52,1175.14,2.06722818,8.03,80.73613234
1669686286.8847835,1175.52,1174.66,2.16880712,7.2,76.44234544
1669686347.0644968,1174.38,1175.71,2.26706656,7.92,77.54054683
1669686407.0256708,1175.9,1177.98,2.5291155,8.87,81.78262072
1669686466.9817374,1181.89,1178.62,2.9849754,9.17,70.59405619
1669686527.0258784,1179.05,1178.31,3.06487939,5.74,69.1859354
1669686586.9736452,1178.22,1177.69,3.01191913,5.65,66.60112026
1669686646.9453368,1178.2,1177.66,2.96950418,5.4,66.31568868
1669686706.9351764,1177.88,1177.37,2.86159883,2.52,64.92172595
1669686767.036195,1177.57,1177.66,2.76553298,2.13,66.03590403
1669686826.8513737,1177.66,1177.05,2.59759989,1.54,62.97798124
1669686886.9190547,1177.24,1178.7,2.58037721,4.32,67.83697643
1669686946.9282162,1179.64,1178.14,2.53820946,2.23,62.88631271
1669687007.0292964,1177.53,1178.48,2.40767441,-3.41,62.86255945
1669687067.1166902,1178.67,1177.25,2.22905679,-1.79,57.62966914
1669687126.8701873,1176.66,1177.34,2.02330309,-0.89,57.4555262
1669687187.025735,1177.66,1177.32,1.89464655,-0.87,56.99563208
1669687247.0192618,1177.18,1177.49,1.75718552,-0.39,57.40520521
1669687306.8018174,1178.11,1179.08,1.80261183,1.52,61.73770776
1669687366.9039252,1179.24,1179.13,1.79336894,1.48,61.642597
1669687426.8193913,1179.43,1179.37,1.79268762,2.13,62.35354204
1669687486.9100077,1179.1,1178.13,1.63804359,-1.5,56.80884595
1669687547.0198858,1178.35,1178.25,1.53758899,0.72,57.27716254
1669687606.9942873,1178.96,1179.7,1.58639578,1.04,61.99619854
1669687666.9628923,1179.92,1179.7,1.57697227,3.04,61.50395533
1669687726.878475,1179.91,1180.36,1.60221077,2.69,63.95978055
1669687787.0263312,1180.41,1179.42,1.51931957,2.23,58.84423634
1669687846.9702878,1179.1,1178.92,1.37372629,0.81,56.44120492
1669687907.0049045,1178.98,1178.6,1.24217977,-0.65,54.80428627
1669687967.066143,1178.85,1178.68,1.14423066,-0.75,55.13118488
1669688026.9135656,1178.83,1179.52,1.11444747,0.41,58.95164636
1669688086.968195,1181.07,1180.19,1.21856623,1.84,59.54795199
1669688146.8609588,1181.32,1181.0,1.32296729,2.05,63.24050583
1669688206.953699,1179.5,1179.81,1.13236353,-0.12,56.61064165
1669688266.9470098,1181.18,1181.62,1.29263215,1.72,62.58870203
1669688327.0714376,1181.42,1181.14,1.2666099,0.73,60.48420485
1669688387.0471032,1181.66,1182.27,1.36707306,3.18,64.75927761
1669688446.975514,1186.3,1187.25,2.04255391,8.28,75.60202562
1669741784.3347208,1209.95,1210.19,-0.1216729,0.95,53.05964906
1669741843.8897843,1209.97,1209.97,-0.10917572,0.99,51.01939847
1669741903.9733715,1211.72,1211.25,0.12487606,2.26,59.59967934
1669741963.990872,1210.41,1210.17,0.06017887,0.26,50.96021402
1669742023.9666228,1209.39,1209.36,-0.05259284,-0.57,45.69390727
1669742084.014361,1209.51,1210.12,-0.02049155,0.97,51.10539025
1669743684.239172,1208.6,1208.6,-0.06885258,1.28,53.77389995
1669743744.408241,1208.04,1208.04,-0.09489005,0.17,49.96219728
1669743804.2215593,1208.19,1208.19,-0.05738842,0.24,50.95948245
1669743864.5538,1208.38,1208.38,-0.00987794,1.03,52.25822583
1669743924.2083502,1208.14,1208.14,-0.01896895,1.39,50.43364982
1669743984.3139064,1207.97,1207.97,-0.03429122,-0.03,49.11950172
1669744044.2820504,1208.16,1208.16,-0.00904626,-0.03,50.66207735
1669744104.2683735,1208.23,1208.23,0.00885611,-0.2,51.24955942
1669744164.3451254,1208.63,1208.63,0.07495129,0.32,54.57789883
1669744224.3165877,1209.14,1209.14,0.17297619,0.55,58.47099767
1669744284.259622,1209.15,1209.15,0.21488035,1.11,58.47721582
1669744344.220477,1208.94,1208.94,0.21745134,0.74,56.2998644
1669744404.6820416,1208.97,1208.97,0.23435333,0.58,56.56322919
1669744464.2698004,1208.92,1208.92,0.23536592,0.78,55.93975877
1669744524.5433774,1208.8,1208.8,0.2202635,0.82,54.46058731
1669744584.1927345,1209.05,1209.05,0.24876156,0.89,57.05426439
1669744644.232432,1209.47,1209.47,0.31261748,1.24,61.00675936
1669744704.391809,1209.5,1209.5,0.33706646,0.87,61.2725367
1669744764.3220468,1209.27,1209.27,0.31736707,0.13,57.87922233
1669744824.27484,1209.04,1209.04,0.28079378,-0.07,54.61127321
1669744884.284586,1208.04,1208.04,0.12194286,-0.9,43.21572697
1669744944.898105,1208.06,1208.06,0.061415,-0.91,43.46212594
1669745004.3073947,1208.25,1208.25,0.03766099,-0.66,45.92546569
1669745064.734741,1208.18,1208.18,-0.00252417,-0.62,45.11486204
1669745124.3143303,1208.12,1208.12,-0.03747039,-0.93,44.40030043
1669745184.3158944,1208.67,1208.67,0.01583555,-0.81,51.85378862
1669745244.3227477,1208.43,1208.43,-0.01025772,-1.08,48.76808936
1669745304.317495,1210.26,1210.26,0.24310896,0.99,65.61870165
1669745364.3168418,1209.7,1209.7,0.24592399,0.65,59.19376477
1669745424.2512512,1210.41,1210.41,0.38068493,2.36,63.99181044
1669745484.616054,1209.18,1209.18,0.26305308,1.11,52.4647192
1669745544.261647,1208.92,1208.92,0.20801375,0.68,50.39809106
1669745604.580882,1208.73,1208.73,0.15252814,0.55,48.87678266
1669745664.3538027,1208.39,1208.39,0.07112086,0.26,46.19435038
1669745724.26848,1209.29,1209.29,0.1543808,0.63,53.46961316
1669745784.2992604,1207.8,1207.8,-0.04902602,-0.63,43.07019131
1669745844.3277502,1207.78,1207.78,-0.11753465,-2.48,42.94944104
1669745904.3001826,1207.77,1207.77,-0.1694178,-1.94,42.87972982
1669745967.662738,1208.27,1208.27,-0.13745507,-2.15,47.15883089
1669746024.461425,1208.37,1208.37,-0.128576,-0.81,48.00841975
1669746084.3397937,1208.23,1208.23,-0.14618582,-0.69,46.88751956
1669746144.6579115,1207.98,1207.98,-0.18489835,-0.76,44.86852631
1669746204.359146,1208.8,1208.8,-0.08095447,0.4,52.169159
1669746264.310283,1209.12,1209.12,-0.00522389,-0.17,54.6964578
1669746324.3913157,1209.1,1209.1,0.03196662,1.3,54.51906314
1669746384.402245,1208.19,1208.19,-0.06664968,0.41,46.44478688
1669746447.6117065,1208.69,1208.69,-0.01621374,0.91,50.7659596
1669746507.938197,1208.47,1208.47,-0.03762223,0.2,48.88927202
1669746564.669644,1208.88,1208.88,0.017117,0.52,52.42060579
1669746624.4315226,1208.2,1208.2,-0.06132659,-0.02,46.65096575
1669746684.5456803,1208.04,1208.04,-0.10344561,0.07,45.40924827
1669746744.3181973,1208.05,1208.05,-0.12322743,-0.75,45.50830592
1669746804.422213,1207.93,1207.93,-0.1549102,-1.18,44.46560655
1669746864.3867528,1207.19,1207.19,-0.27507583,-1.91,38.59322027
1669746924.4140851,1207.33,1207.33,-0.30004755,-0.86,40.20222175
1669746984.4177756,1207.25,1207.25,-0.33563597,-1.43,39.55823108
1669747044.3652802,1207.36,1207.36,-0.34038478,-1.12,40.91724252
1669747104.8585503,1207.44,1207.44,-0.33455138,-1.44,41.99317444
1669747164.4238682,1208.13,1208.13,-0.23425334,-0.08,50.16403564
1669747224.7751825,1208.37,1208.37,-0.16158445,0.34,52.65169846
1669747284.3520362,1208.13,1208.13,-0.15236058,0.08,49.95675018
1669747344.45045,1208.05,1208.05,-0.13970673,0.12,49.0554107
1669747404.428108,1208.33,1208.33,-0.08300328,1.14,52.27982495
1669747464.3925962,1208.36,1208.36,-0.05151557,1.03,52.63902466
1669747524.4375029,1208.64,1208.64,0.01144787,1.38,55.87443355
1669747584.334526,1209.49,1209.49,0.163306,2.14,63.93006327
1669747644.667847,1212.51,1212.51,0.65482818,5.06,78.67761765
1669747704.432815,1213.13,1213.13,0.93073276,5.0,80.53203342
1669747764.733433,1212.88,1212.88,1.06220037,4.5,77.71892587
1669747824.3680737,1212.95,1212.95,1.17861745,4.82,77.95117062
1669747884.385777,1211.8,1211.8,1.09006996,3.75,65.80726165
1669747944.3097675,1212.38,1212.38,1.16151236,4.04,68.52294272
1669748004.35442,1212.36,1212.36,1.16517218,4.0,68.32458917
1669748064.3657634,1211.63,1211.63,1.05220072,2.99,61.31704425
1669748124.435675,1212.27,1212.27,1.08780514,2.78,64.71468533
1669748184.7851684,1212.32,1212.32,1.07038124,-0.2,64.97716325
1669748244.361668,1212.71,1212.71,1.09777925,-0.42,66.94943273
1669748304.9533148,1212.85,1212.85,1.10214148,-0.03,67.66358514
1669748364.4839633,1216.04,1216.04,1.53395468,3.09,79.01553637
1669748424.3699524,1215.38,1215.38,1.56212536,3.57,73.30500296
1669748484.403132,1216.11,1216.11,1.71207959,3.73,75.36011717
1669748639.677705,1219.05,1219.05,2.35157652,7.43,79.97758786
1669748664.3409033,1217.4,1217.4,2.2113165,5.14,69.06638704
1669748724.639586,1217.17,1217.17,2.14745268,4.86,67.67574318
1669748784.3357625,1215.8,1215.8,1.8936437,3.08,59.95363577
1669748844.7258203,1215.72,1215.72,1.74690085,2.86,59.52673671
1669748904.3583274,1214.52,1214.52,1.44677274,-1.51,53.3833604
1669748964.3724165,1214.87,1214.87,1.32085936,-0.5,54.83147944
1669749024.4117904,1215.49,1215.49,1.27230167,-0.63,57.38789052
1669749084.3693433,1215.88,1215.88,1.23614042,-3.47,58.95610354
1669749205.2562406,1215.46,1215.46,1.0052868,-1.94,56.15110236
1669749264.7845151,1215.46,1215.46,0.93255039,-1.72,56.14662035
1669749324.4173615,1216.49,1216.49,1.00991418,0.68,60.69462568
1669749444.4599864,1215.46,1215.46,0.79697115,0.95,54.44436851
1669749504.499565,1215.91,1215.91,0.79078045,1.03,56.65376575
1669749564.425952,1215.87,1215.87,0.74252328,0.38,56.38226015
1669749624.458824,1215.64,1215.64,0.66686475,-0.24,54.83552099
1669749684.3841062,1215.5,1215.5,0.59518856,0.47,53.85210365
1669749744.414904,1216.05,1216.05,0.61750763,0.58,57.11243269
1669749804.7299426,1215.46,1215.46,0.51080336,-0.01,52.82759598
1669749864.4113789,1215.46,1215.46,0.45764082,-1.03,52.82481696
1669749924.6782613,1215.94,1215.94,0.47986888,0.08,55.92524824
1669749984.414522,1217.77,1217.77,0.71926813,2.3,65.36168817
1669750044.443328,1217.3,1217.3,0.71844541,1.39,61.74191708
1669750104.4761846,1216.5,1216.5,0.62528228,0.64,55.98963669
1669750164.4479828,1216.7,1216.7,0.62406259,1.06,57.06219798
1669750224.5837748,1216.47,1216.47,0.5715978,0.96,55.38497157
1669750284.4493444,1215.61,1215.61,0.41615712,-0.43,49.54093861
1669750344.519101,1215.1,1215.1,0.27128528,-0.36,46.41327969
1669750404.4211428,1215.4,1215.4,0.22897361,-0.05,48.47399222
1669750464.780329,1214.52,1214.52,0.05006522,-1.43,43.22321705
1669750524.4994314,1215.3,1215.3,0.07458659,-2.46,48.54368609
1669750584.3231945,1215.61,1215.61,0.08740535,-1.69,50.53264549
1669750644.3948011,1215.52,1215.52,0.0643641,-0.97,49.9358149
1669750704.3875873,1216.03,1216.03,0.12392316,-0.67,53.32812531
1669750764.499177,1216.18,1216.18,0.15788774,-0.3,54.31368246
1669750824.417194,1216.98,1216.98,0.28642303,1.37,59.23714363
1669750884.605739,1217.14,1217.14,0.35649073,2.04,60.16531045
1669750944.3606188,1216.08,1216.08,0.24748944,0.68,51.79662722
1669751004.8901105,1215.81,1215.81,0.18859167,1.29,49.88653597
1669751064.519935,1215.45,1215.45,0.10504096,0.15,47.39142553
1669751124.4384964,1215.4,1215.4,0.05505655,-0.2,47.02448615
1669751184.371836,1215.05,1215.05,-0.03170934,-0.46,44.51963549
1669751244.3894637,1214.8,1214.8,-0.11279275,-1.23,42.7672651
1669751304.4042718,1215.79,1215.79,-0.02007642,-0.38,50.9990821
1669751364.348287,1215.17,1215.17,-0.09548497,-1.8,46.4774518
1669751424.4547577,1215.39,1215.39,-0.08486907,-1.74,48.23102153
1669751484.425954,1215.66,1215.66,-0.04992571,-0.41,50.37769802
1669751544.7193556,1216.75,1216.75,0.11460577,0.93,57.98029057
1669751604.424263,1216.31,1216.31,0.11188222,0.87,54.36022633
1669751664.5537412,1215.89,1215.89,0.0766009,0.48,51.08167266
1669751724.4580202,1215.44,1215.44,0.01072256,0.39,47.75816575
1669751784.435805,1215.94,1215.94,0.0577923,1.14,51.5315641
1669751844.378055,1216.26,1216.26,0.10738204,0.48,53.83529469
1669751904.368081,1215.35,1215.35,-0.00300403,0.17,47.00061332
1669751964.3296666,1215.34,1215.34,-0.0346096,-0.04,46.9453052
1669752024.3449802,1215.75,1215.75,0.00023122,0.08,50.23646213
1669752084.6735566,1216.48,1216.48,0.10447945,-0.27,55.531383
1669752144.3959394,1216.56,1216.56,0.15065822,0.25,56.08752604
1669752204.6198676,1216.1,1216.1,0.11571956,0.21,52.09827269
1669752264.4178329,1216.53,1216.53,0.17717877,1.09,55.28993205
1669752324.563734,1215.9,1215.9,0.10613738,-0.04,50.01705135
1669752384.8954966,1216.82,1216.82,0.2193218,0.57,56.52421721
1669752444.5388696,1217.29,1217.29,0.3144405,1.94,59.43004108
1669752504.4119134,1218.03,1218.03,0.4606138,2.7,63.55976987
1669752564.4542923,1223.88,1223.88,1.35122473,8.13,80.4246979
1669752624.9338608,1222.49,1222.49,1.47024146,6.02,71.86566919
1669752684.3685331,1221.06,1221.06,1.43208423,4.51,64.34276936
1669752744.708941,1222.65,1222.65,1.70000954,6.55,68.32949689
1669752804.429585,1223.4,1223.4,1.89781279,6.86,69.9990628
1669752864.6025026,1225.09,1225.09,2.22194643,9.2,73.4891776
1669752924.57085,1224.09,1224.09,2.20359843,7.27,68.45805701
1669752984.576083,1223.31,1223.31,2.11697272,6.02,64.75492535
1669753044.4301977,1222.58,1222.58,1.96991762,4.55,61.37081426
1669753104.4441922,1222.03,1222.03,1.80013865,-1.86,58.89019583
1669753164.9080074,1222.19,1222.19,1.70484016,-0.29,59.38645297
1669753224.6950788,1221.98,1221.98,1.57105259,0.92,58.35208263
1669753284.8041284,1221.44,1221.44,1.38449369,-1.21,55.67642086
1669753344.456853,1221.58,1221.58,1.27547618,-1.83,56.23973859
1669753404.53892,1221.57,1221.57,1.1659897,-3.51,56.19714954
1669753464.4266353,1219.98,1219.98,0.84216479,-4.1,48.17661815
1669753524.5166273,1219.38,1219.38,0.59404019,-3.93,45.52991607
1669753584.4647863,1218.27,1218.27,0.27345822,-4.3,41.04329101
1669753644.451727,1218.43,1218.43,0.11116612,-3.59,41.93156055
1669753704.760345,1218.63,1218.63,0.000404,-3.57,43.09023174
1669753764.462067,1219.27,1219.27,-0.00839885,-2.72,46.74271517
1669753824.779029,1218.51,1218.51,-0.16201013,-2.93,43.18758102
1669753884.4800107,1218.35,1218.35,-0.25501705,-3.22,42.45335062
1669753946.224032,1218.31,1218.31,-0.32187503,-3.26,42.28336974
1669754004.442781,1220.3,1220.3,-0.08553631,0.33,53.53255474
1669754064.5200968,1220.78,1220.78,0.04284322,1.4,55.78450943
1669754124.4884424,1220.27,1220.27,0.04085171,2.0,52.87052605
1669754184.4751916,1220.58,1220.58,0.11453206,2.15,54.43433325
1669754244.8435822,1220.36,1220.36,0.12048812,1.74,53.09535669
1669754304.4536614,1220.15,1220.15,0.10908613,0.89,51.78165153
1669754364.7049935,1220.39,1220.39,0.1453367,1.88,53.21716562
1669754424.50734,1220.12,1220.12,0.11829823,1.76,51.37127957
1669754484.433795,1219.19,1219.19,-0.01820114,0.89,45.51436659
1669754544.6194215,1218.13,1218.13,-0.21727329,-2.18,39.95264659
1669754604.4966044,1217.95,1217.95,-0.32933623,-2.82,39.05035379
1669754664.6223507,1218.89,1218.89,-0.26863517,-1.37,45.75884155
1669754724.40684,1218.55,1218.55,-0.32606965,-2.02,43.90348023
1669754784.7353325,1218.95,1218.95,-0.28893247,-1.4,46.66578801
1669754844.6788604,1218.76,1218.76,-0.30840238,-1.4,45.51919571
1669754904.8527122,1218.62,1218.62,-0.32805786,-1.77,44.64867696
1669754964.455516,1219.99,1219.99,-0.13730237,-0.12,53.93300803
1669755026.266794,1219.68,1219.68,-0.11573204,0.49,51.81511094
1669755084.448021,1219.3,1219.3,-0.13185623,1.18,49.26144578
1669755144.503683,1219.97,1219.97,-0.02452383,2.02,53.60325669
1669755204.448218,1221.32,1221.32,0.20881268,2.42,60.86924501
1669755264.5796726,1220.71,1220.71,0.21864112,2.17,56.55911332
1669755324.936305,1221.45,1221.45,0.36719866,2.5,60.20880255
1669755384.6223211,1221.61,1221.61,0.45576458,2.85,60.97072892
1669755444.858287,1222.41,1222.41,0.62180911,3.79,64.68066791
1669755504.4606812,1222.0,1222.0,0.63809752,2.01,61.50280451
1669755565.121117,1222.42,1222.42,0.72857527,2.74,63.4935116
1669755624.5406673,1222.49,1222.49,0.77479604,3.19,63.82373328
1669755684.441466,1221.67,1221.67,0.68126212,1.7,57.17247499
1669755744.4958682,1221.99,1221.99,0.69731836,0.67,58.94009081
1669755804.5128114,1222.1,1222.1,0.69749234,1.39,59.56008389
1669755864.901188,1222.23,1222.23,0.6999413,0.77,60.36501431
1669755924.469591,1221.73,1221.73,0.61631818,0.11,55.95132867
1669755984.8130455,1221.88,1221.88,0.59622295,-0.52,56.96639028
1669756044.5640297,1221.32,1221.32,0.48390544,-0.69,52.10626116
1669756104.5763574,1221.37,1221.37,0.43308564,-1.06,52.49467468
1669756164.5245247,1222.1,1222.1,0.48901965,-0.4,57.83597374
1669756224.5688505,1221.84,1221.84,0.44488175,0.17,55.43207639
1669756284.49975,1222.45,1222.45,0.50647099,0.45,59.69127759
1669756344.5369506,1224.44,1224.44,0.79214867,2.33,69.78631663
1669756405.762586,1223.72,1223.72,0.78202879,1.5,63.61157491
1669756464.9538088,1223.24,1223.24,0.74170875,1.5,59.78756238
1669756524.8290958,1222.45,1222.45,0.62060575,0.56,54.02553349
1669756584.5558343,1221.62,1221.62,0.45068669,0.31,48.71384807
1669756644.510074,1221.47,1221.47,0.3418525,0.1,47.81053248
1669756704.464321,1221.21,1221.21,0.22654937,-0.9,46.18254781
1669756764.5902748,1221.16,1221.16,0.14218715,-0.69,45.86122024
1669756824.5736492,1221.48,1221.48,0.12283199,-0.96,48.33864542
1669756884.595921,1221.28,1221.28,0.05737967,-3.15,46.9096168
1669756944.7135575,1220.94,1220.94,-0.028877,-2.79,44.46167523
1669757004.5905788,1220.53,1220.53,-0.13346171,-2.71,41.65593023
1669757064.9689543,1221.92,1221.92,0.00823829,-0.54,52.58112623
1669757124.5959337,1220.89,1220.89,-0.11393065,-0.74,45.76133316
1669757184.5516665,1220.85,1220.85,-0.14900372,-0.61,45.50238576
1669757244.4672992,1220.98,1220.98,-0.15329157,-0.24,46.51962141
1669757304.6006105,1220.79,1220.79,-0.18989698,-0.37,45.19666765
1669757364.6316648,1220.61,1220.61,-0.2306077,-0.87,43.92728739
1669757424.5163558,1220.61,1220.61,-0.24862565,-0.66,43.92728739
1669757484.760862,1220.26,1220.26,-0.3087699,-0.69,41.30542003
1669757547.7808826,1220.69,1220.69,-0.27033702,0.16,45.57752294
1669757604.9425628,1220.46,1220.46,-0.29714909,-1.46,43.76090106
1669757664.61283,1220.24,1220.24,-0.33148515,-0.64,42.0222782
1669757724.55414,1220.12,1220.12,-0.35781354,-0.73,41.06835749
1669757784.6442528,1220.06,1220.06,-0.37410445,-0.93,40.52324724
1669757844.6527212,1219.67,1219.67,-0.43461109,-1.13,37.32766353
1669757904.6071382,1220.01,1220.01,-0.40400979,-0.6,41.67510062
1669757964.4754074,1220.21,1220.21,-0.36903263,-0.4,44.08098552
1669758024.8881643,1219.92,1219.92,-0.39153431,-0.35,41.42297836
1669758087.8815098,1219.81,1219.81,-0.40150192,-0.88,40.37218248
1669758144.8302307,1220.3,1220.3,-0.32859321,-0.15,46.63115711
1669758204.5316904,1220.5,1220.5,-0.27069452,0.27,48.99361762
1669758264.4564726,1220.4,1220.4,-0.24887451,0.29,47.86656876
1669758324.5651703,1220.79,1220.79,-0.16632066,0.72,52.47310185
1669758384.556535,1220.45,1220.45,-0.17219347,0.78,48.44618194
1669758444.481733,1220.06,1220.06,-0.20872299,0.04,44.25229496
1669758504.540958,1219.78,1219.78,-0.25018016,-0.43,41.47418841
1669758564.667889,1219.99,1219.99,-0.23324881,0.08,44.26492672
1669758624.6553802,1219.79,1219.79,-0.25872279,-0.02,42.17335502
1669758684.971235,1219.58,1219.58,-0.29291885,-0.72,40.03431274
1669758744.5365753,1219.39,1219.39,-0.33010651,-1.1,38.14900016
1669758804.5095353,1219.01,1219.01,-0.39732309,-1.38,34.63588816
1669758864.4754496,1219.12,1219.12,-0.40554216,-1.68,36.52125679
1669758924.565191,1220.15,1220.15,-0.26925662,-0.31,50.4064439
1669758984.542581,1219.46,1219.46,-0.32132635,-0.61,43.51167015
1669759044.5431404,1219.12,1219.12,-0.36339847,-0.67,40.56709667
1669759104.8051455,1219.37,1219.37,-0.33501331,-0.62,43.60914139
1669759164.6434772,1219.62,1219.62,-0.28924976,-0.17,46.51842237
1669759224.826725,1219.46,1219.46,-0.28896669,-0.12,44.91742327
1669759284.5064645,1219.74,1219.74,-0.23587043,0.35,48.27255713
1669759344.631607,1219.35,1219.35,-0.26421405,0.34,44.23129929
1669759404.6155202,1219.08,1219.08,-0.29720267,-0.05,41.63272615
1669759464.6456156,1219.54,1219.54,-0.23775992,-0.61,47.31203426
1669759524.5823264,1219.63,1219.63,-0.20388969,0.17,48.36951311
1669759584.725392,1219.58,1219.58,-0.18773182,0.46,47.78895854
1669759644.6128592,1220.22,1220.22,-0.07996116,0.84,55.12682835
1669759704.6169014,1221.18,1221.18,0.1010941,1.55,63.43841164
1669759764.9346094,1220.37,1220.37,0.06790721,0.91,54.29212976
1669759824.7246132,1220.73,1220.73,0.14202231,0.99,57.26610828
1669759884.8846624,1221.48,1221.48,0.28199326,2.13,62.68503808
1669759944.7251823,1222.11,1222.11,0.43062725,3.03,66.52498983
1669760004.6995883,1221.02,1221.02,0.34871116,1.48,55.82171719
1669760064.5371668,1219.89,1219.89,0.18832691,0.25,47.33419561
1669760124.5595489,1219.58,1219.58,0.08733469,-0.01,45.30769171
1669760184.5624456,1219.15,1219.15,-0.03357156,-1.07,42.55633015
1669760244.549929,1218.3,1218.3,-0.22119943,-2.88,37.70537584
1669760305.048396,1218.58,1218.58,-0.27235857,-1.8,40.14958277
1669760364.544237,1218.38,1218.38,-0.35573406,-2.35,38.98732993
1669760425.0850868,1217.72,1217.72,-0.49841803,-3.76,35.39886622
1669760484.6806705,1217.96,1217.96,-0.52872584,-4.15,37.669115
1669760544.641399,1218.47,1218.47,-0.48873501,-2.55,42.32642784
1669760604.5448003,1218.62,1218.62,-0.4631289,-1.26,43.63145465
1669760664.6283252,1217.44,1217.44,-0.61397197,-2.13,36.50677791
1669760724.6211307,1217.46,1217.46,-0.64919628,-1.69,36.70269565
1669760784.6313365,1218.34,1218.34,-0.54623734,0.04,44.52082432
1669760844.8940587,1218.58,1218.58,-0.47917823,-0.01,46.46643783
1669760904.6886938,1218.94,1218.94,-0.38529679,0.56,49.31563397
1669760965.007157,1219.1,1219.1,-0.30847484,1.39,50.58471017
1669761024.652113,1219.21,1219.21,-0.23859636,1.25,51.48136807
1669761084.5429134,1218.27,1218.27,-0.320269,-0.21,44.10957107
1669761144.588632,1218.35,1218.35,-0.31117421,-0.27,44.81622303
1669761204.772112,1218.46,1218.46,-0.28933671,1.02,45.86545209
1669761264.7494156,1218.56,1218.56,-0.26229396,1.11,46.83232521
1669761324.597963,1218.34,1218.34,-0.27546721,0.01,44.90275581
1669761385.1555414,1219.21,1219.21,-0.14652956,0.62,53.13355121
1669761444.579622,1218.78,1218.78,-0.1577597,-0.17,49.21389556
1669761504.89037,1218.8,1218.8,-0.13506748,-0.29,49.3940413
1669761564.548257,1219.13,1219.13,-0.0703589,-0.08,52.49611806
1669761624.5350316,1218.97,1218.97,-0.06211141,0.69,50.85680149
1669761684.8049915,1218.29,1218.29,-0.14107754,-0.06,44.51741483
1669761744.676017,1217.88,1217.88,-0.21680593,-0.59,41.18172684
1669761804.7145605,1218.89,1218.89,-0.10527475,0.33,50.91332268
1669761864.6050448,1219.04,1219.04,-0.05923816,0.7,52.18695758
1669761925.0871663,1219.52,1219.52,0.03598453,0.32,56.10239858
1669761984.6379943,1220.42,1220.42,0.20740561,1.63,62.33116998
1669762044.9663951,1220.25,1220.25,0.25906512,1.44,60.58253118
1669762104.716633,1219.85,1219.85,0.25005079,0.71,56.54554931
1669762164.674337,1219.16,1219.16,0.16760747,0.18,50.36411407
1669762224.575898,1219.59,1219.59,0.20625649,1.29,53.74102492
1669762284.6617658,1219.76,1219.76,0.23010251,1.87,55.0685351
1669762344.861792,1221.99,1221.99,0.55140146,3.09,67.90119355
1669762404.638606,1221.51,1221.51,0.58900386,2.47,63.65325872
1669762465.0633223,1220.73,1220.73,0.53273006,1.21,57.44259837
1669762524.5905828,1221.47,1221.47,0.63468684,1.05,61.34791873
1669762585.0321248,1220.78,1220.78,0.56416987,0.53,56.2141263
1669762644.6756103,1221.91,1221.91,0.7053565,2.07,61.87175131
1669762704.6846015,1221.4,1221.4,0.66459936,2.25,58.20038783
1669762764.6721056,1222.46,1222.46,0.80682141,2.86,63.07595215
1669762824.685048,1223.17,1223.17,0.9437973,3.42,65.93962973
1669762884.7357254,1223.97,1223.97,1.10845852,1.98,68.87188237
1669762944.671204,1220.98,1220.98,0.75278615,-0.52,51.16302047
1669763005.0742495,1221.62,1221.62,0.74289217,0.88,53.90040622
1669763064.714012,1220.61,1220.61,0.54389869,-0.85,49.21240339
1669763124.9124167,1221.1,1221.1,0.51480184,0.32,51.41394915
1669763184.5752292,1220.66,1220.66,0.39330515,-1.25,49.34019759
1669763244.662295,1221.22,1221.22,0.39905519,-0.17,51.99692087
1669763304.6185565,1221.38,1221.38,0.38787175,-1.07,52.74904821
1669763364.6587057,1221.08,1221.08,0.32227185,-2.09,51.11081081
1669763424.604865,1221.35,1221.35,0.32288013,-2.61,52.54533834
1669763484.7279088,1220.92,1220.92,0.24325732,-0.06,50.03430819
1669763544.831543,1221.48,1221.48,0.28351539,-0.14,53.18130003
1669763604.7802153,1221.51,1221.51,0.28168273,0.9,53.33779469
1669763665.019677,1220.46,1220.46,0.12672214,-0.65,46.94321191
1669763724.882572,1220.36,1220.36,0.05534927,-0.31,46.369081
1669763784.7933676,1220.08,1220.08,-0.03454104,-1.13,44.72765792
1669763844.650363,1219.53,1219.53,-0.1654488,-1.86,41.61960862
1669763904.7488077,1219.49,1219.49,-0.23740618,-1.6,41.39432246
1669763964.8064983,1219.91,1219.91,-0.22982124,-1.43,44.78041129
1669764024.6483634,1219.19,1219.19,-0.34804946,-1.74,40.4416715
1669764084.910875,1219.19,1219.19,-0.3923374,-2.29,40.4416715
1669764144.6743915,1219.16,1219.16,-0.42742161,-2.36,40.29114842
1669764204.9638798,1218.65,1218.65,-0.52024914,-1.82,37.1530055
1669764264.707178,1219.07,1219.07,-0.49517652,-1.3,41.22223126
1669764324.7138731,1218.69,1218.69,-0.55047312,-1.4,38.81821232
1669764384.6771667,1218.53,1218.53,-0.58638257,-1.0,37.81203569
1669764444.7374947,1218.1,1218.1,-0.6586112,-1.39,35.16278214
1669764504.7045913,1218.16,1218.16,-0.67171351,-1.74,35.84027246
1669764564.6893053,1218.93,1218.93,-0.56984075,-0.27,43.94357293
1669764624.9289842,1218.71,1218.71,-0.56213137,-0.48,42.27508874
1669764684.63625,1217.78,1217.78,-0.66678652,-1.37,36.10622456
1669764745.0892656,1217.22,1217.22,-0.76223014,-1.42,32.9834305
1669764804.779215,1217.04,1217.04,-0.82000796,-2.03,32.09212284
1669764864.702742,1217.39,1217.39,-0.79396298,-1.29,36.01246557
1669764924.741999,1216.83,1216.83,-0.86555627,-1.69,32.79130469
1669764984.8083715,1216.95,1216.95,-0.85982986,-1.14,34.14427741
1669765044.7030902,1216.91,1216.91,-0.85870826,-1.25,33.89385057
1669765104.5963464,1216.33,1216.33,-0.92877482,-2.59,30.54706099
1669765164.8899045,1216.62,1216.62,-0.89460022,-2.09,34.16920068
1669765224.8230553,1217.13,1217.13,-0.80490126,-0.66,39.96394585
1669765285.20614,1217.85,1217.85,-0.65492039,0.62,47.1000581
1669765344.6523588,1217.77,1217.77,-0.58625916,0.74,46.43954766
1669765405.1675556,1217.21,1217.21,-0.59994677,-0.19,41.99952352
1669765464.6435406,1216.63,1216.63,-0.65082421,-0.21,37.9522755
1669765524.6825397,1218.35,1218.35,-0.40387546,1.39,52.55389838
1669765584.6617548,1218.1,1218.1,-0.34863428,1.18,50.68680338
1669765644.736053,1217.48,1217.48,-0.37340098,1.16,46.2941775
1669765704.8400528,1217.62,1217.62,-0.33062528,0.99,47.40858719
1669765764.7995107,1216.88,1216.88,-0.40546101,-0.24,42.39864744
1669765825.026245,1216.28,1216.28,-0.49928113,-1.57,38.8629876
1669765884.6899767,1216.82,1216.82,-0.45325257,-0.95,43.47381018
1669765944.8702493,1216.85,1216.85,-0.4409089,-0.36,43.72736125
1669766004.604255,1216.09,1216.09,-0.53552381,-0.54,38.95967098
1669766064.7136996,1216.71,1216.71,-0.469021,-1.64,44.30160722
1669766124.817025,1216.71,1216.71,-0.44969739,-1.39,44.30160722
1669766184.8162074,1216.32,1216.32,-0.48456442,-1.16,41.64602828
1669766244.5988076,1216.4,1216.4,-0.47067599,-1.21,42.40864634
1669766304.7746408,1216.16,1216.16,-0.49335787,-0.73,40.69059309
1669766365.10981,1216.55,1216.55,-0.43537502,0.28,44.61701208
1669766424.6834197,1216.49,1216.49,-0.41784186,-0.32,44.13294307
1669766485.1312716,1216.65,1216.65,-0.37297537,-0.2,45.82101548
1669766544.7794032,1216.89,1216.89,-0.30964604,0.8,48.34243522
1669766604.7020707,1217.58,1217.58,-0.17457599,0.88,54.85471582
1669766664.7588744,1217.88,1217.88,-0.0668533,1.17,57.36836201
1669766724.6928318,1218.05,1218.05,0.02358844,1.73,58.76931842
1669766784.870901,1218.24,1218.24,0.1097966,1.84,60.34418433
1669766844.7010307,1217.82,1217.82,0.10546521,1.66,55.35425158
1669766905.0312464,1217.6,1217.6,0.09540392,1.05,52.86357431
1669766964.6875594,1217.38,1217.38,0.06970906,0.89,50.43604615
1669767025.3004086,1217.48,1217.48,0.07605358,0.83,51.53919042
1669767084.7528498,1217.84,1217.84,0.1254232,0.95,55.36157578
1669767144.7516994,1216.4,1216.4,-0.06338803,-1.17,41.32161813
1669767204.7407286,1215.23,1215.23,-0.28598952,-2.65,33.81739756
1669767264.802274,1215.43,1215.43,-0.35635227,-2.62,35.9663773
1669767324.643464,1214.33,1214.33,-0.57479242,-3.9,30.12546345
1669767384.6891124,1213.84,1213.84,-0.74051873,-3.98,28.03485251
1669767444.989771,1215.19,1215.19,-0.63983321,-2.4,40.64217426
1669767504.7350607,1215.54,1215.54,-0.58793854,-1.84,43.42319936
1669767565.188482,1216.49,1216.49,-0.42816972,-0.98,50.18861699
1669767624.6809938,1216.02,1216.02,-0.42455517,-1.82,47.18080627
1669767684.7268286,1216.48,1216.48,-0.32248352,0.08,50.31900347
1669767744.7080762,1217.13,1217.13,-0.17570197,1.9,54.43834815
1669767804.6645608,1217.17,1217.17,-0.09305415,1.75,54.66883899
1669767864.8888478,1217.87,1217.87,0.06858763,3.54,58.91457657
1669767924.7162597,1217.76,1217.76,0.134533,3.93,57.97999075
1669767985.1320446,1218.12,1218.12,0.242441,2.93,60.16265875
1669768044.7581706,1219.23,1219.23,0.45987488,3.68,65.9633785
1669768105.1404011,1218.65,1218.65,0.47299865,2.15,60.94165109
1669768164.7065415,1219.08,1219.08,0.57492608,3.06,63.17966666
1669768224.830324,1218.24,1218.24,0.50261262,1.76,56.38304264
1669768284.722872,1219.67,1219.67,0.69549283,2.54,63.53141771
1669768344.817893,1220.49,1220.49,0.86460193,3.31,66.9295202
1669768404.758273,1220.5,1220.5,0.93678994,2.63,66.97265564
1669768464.7816317,1220.72,1220.72,1.01377158,2.97,67.89395989
1669768525.1951337,1220.92,1220.92,1.07767039,2.81,68.69075523
1669768584.7091525,1222.46,1222.46,1.32002575,3.22,74.39031126
1669768645.2299058,1222.19,1222.19,1.36044519,3.54,71.93677175
1669768704.7827172,1223.44,1223.44,1.56957126,4.36,75.90190276
1669768764.72285,1223.37,1223.37,1.62813488,5.13,75.32208575
1669768824.8587294,1233.08,1233.08,3.03246855,13.4,89.10197087
1669768884.769936,1262.08,1262.08,7.59142993,41.59,96.08019515
1669768944.9030726,1257.39,1257.39,8.60065339,36.9,86.41689327
1669769004.8636427,1269.93,1269.93,11.35915062,49.21,89.46720747
1669769064.9061403,1277.48,1277.48,13.67384464,56.55,90.80604044
1669769124.829582,1273.58,1273.58,14.30958008,51.12,84.82038413
1669769185.05786,1268.67,1268.67,14.19362447,46.48,77.84828153
1669769244.8588772,1271.4,1271.4,14.63443336,47.97,78.87644746
1669769304.7951794,1274.55,1274.55,15.08644961,51.18,80.05030679
1669769364.7984116,1274.98,1274.98,15.1325896,41.9,80.21082975
1669769424.8356729,1277.9,1277.9,15.38220078,15.81,81.3090025
1669769484.7890215,1279.23,1279.23,15.40799204,21.84,81.8044509
1669769545.3875792,1275.9,1275.9,14.6993728,5.97,76.36114008
1669769604.9592807,1276.4,1276.4,14.25609302,-1.07,76.60074992
1669769664.8157344,1273.92,1273.92,13.36387774,0.33,72.47219041
1669769725.0798426,1274.1,1274.1,12.69238185,5.43,72.58816455
1669769784.9757824,1276.11,1276.11,12.29515225,4.7,73.9046292
1669769844.8603103,1274.26,1274.26,11.45667219,-0.28,70.54642979
1669769904.8715444,1275.62,1275.62,10.97767596,0.65,71.55678126
1669769964.809591,1275.29,1275.29,10.34563427,-2.6,70.91216789
1669770024.8782094,1274.76,1274.76,9.67823956,-4.46,69.82517706
1669770084.792709,1278.03,1278.03,9.53919782,2.13,72.6241033
1669770144.847665,1280.22,1280.22,9.42738867,3.81,74.3338991
1669770204.921342,1276.39,1276.39,8.55406207,2.47,66.51033942
1669770265.316152,1278.46,1278.46,8.30434304,4.37,68.44347751
1669770324.9018383,1275.52,1275.52,7.46969408,-0.59,62.88948306
1669770385.039252,1273.88,1273.88,6.68254705,-0.38,59.96568474
1669770444.872633,1270.52,1270.52,5.61596233,-5.11,54.3877656
1669770504.7492,1271.77,1271.77,5.10302997,-3.53,56.02617769
1669770564.833435,1272.6,1272.6,4.68222128,-2.17,57.1277326
1669770624.8489456,1272.27,1272.27,4.20065411,-5.75,56.5231204
1669770684.7690277,1270.68,1270.68,3.57197066,-9.54,53.57815019
1669770744.8536997,1268.9,1268.9,2.88583924,-7.49,50.40822168
1669770805.2081687,1271.95,1271.95,2.85779862,-6.51,55.28897822
1669770864.77375,1272.11,1272.11,2.6352656,-3.42,55.53732089
1669770925.221274,1272.06,1272.06,2.4150577,-1.83,55.43664973
1669770984.8011763,1269.92,1269.92,1.91499238,-0.59,51.06316339
1669771044.7845805,1268.45,1268.45,1.42671018,-3.31,48.2502256
1669771104.8786094,1270.4,1270.4,1.3954343,-2.19,52.02777621
1669771164.8478494,1268.93,1268.93,1.02597614,-3.33,49.11746108
1669771224.929526,1267.91,1267.91,0.6725071,-2.77,47.14574172
1669771284.7512722,1268.05,1268.05,0.47206491,-0.84,47.45811416
1669771345.3138878,1270.03,1270.03,0.58078235,-1.91,51.78426731
1669771404.929091,1270.07,1270.07,0.54123765,-2.03,51.86872915
1669771465.451094,1267.06,1267.06,0.07546132,-5.01,45.30206442
1669771524.9430444,1268.34,1268.34,0.07812843,-1.58,48.30128272
1669771584.865543,1267.71,1267.71,-0.08910502,-0.73,46.93516172
1669771644.8019652,1267.51,1267.51,-0.20801076,-2.88,46.48616442
1669771704.8977742,1267.08,1267.08,-0.347086,-1.85,45.47882054
1669771764.8998508,1267.45,1267.45,-0.37291379,-0.46,46.55207533
1669771824.901444,1268.85,1268.85,-0.21350093,0.79,50.51836056
1669771885.3015068,1268.28,1268.28,-0.25425675,-1.76,48.92501878
1669771944.8961356,1270.15,1270.15,0.01544123,0.07,54.04581705
1669772005.129463,1269.87,1269.87,0.07073654,2.81,53.18973923
1669772065.0540056,1268.62,1268.62,-0.0465662,0.29,49.40989899
1669772125.001045,1269.42,1269.42,0.05328407,1.71,51.77328077
1669772184.7845778,1270.2,1270.2,0.19117935,2.69,54.0283428
1669772245.0224266,1270.95,1270.95,0.35493553,3.87,56.14948009
1669772304.9602735,1270.71,1270.71,0.39900398,3.26,55.2678716
1669772364.927059,1269.15,1269.15,0.22344879,0.29,49.80835018
1669772425.2144682,1269.06,1269.06,0.16812661,0.77,49.50209037
1669772484.9255085,1268.69,1268.69,0.07494699,-1.45,48.20642428
1669772545.2696624,1269.02,1269.02,0.07087245,-0.85,49.48279164
1669772604.8599286,1268.98,1268.98,0.04060223,0.37,49.32760867
1669772664.9422505,1268.1,1268.1,-0.10485047,-1.31,45.84582581
1669772725.1149898,1268.68,1268.68,-0.08062446,-1.51,48.42876757
1669772784.875635,1267.76,1267.76,-0.22764427,-3.19,44.79227788
1669772844.944869,1269.55,1269.55,-0.02845721,-1.17,52.30139785
1669772904.9049234,1270.14,1270.14,0.0982142,0.98,54.50653471
1669772965.053598,1270.2,1270.2,0.16918689,1.13,54.72360997
1669773024.9725046,1271.37,1271.37,0.38449926,2.69,59.0332138
1669773085.202879,1272.0,1272.0,0.5635026,2.99,61.19882897
1669773144.917307,1273.35,1273.35,0.85003127,4.38,65.3583043
1669773204.8802729,1272.25,1272.25,0.82433454,4.15,59.71214511
1669773264.942967,1273.2,1273.2,0.99785145,4.52,62.70840133
1669773324.9108071,1272.85,1272.85,1.01357483,5.1,60.91106191
1669773384.8581593,1274.19,1274.19,1.22564357,4.63,65.04220159
1669773444.9373262,1273.16,1273.16,1.14909006,3.03,59.80615813
1669773505.0856483,1274.62,1274.62,1.34677182,4.41,64.19830803
1669773564.906567,1274.47,1274.47,1.37322423,3.09,63.43080248
1669773625.4993408,1272.92,1272.92,1.16794694,0.93,55.97634294
1669773684.8873994,1272.95,1272.95,1.0955473,-0.41,56.08365669
1669773745.1313498,1273.1,1273.1,1.04628436,0.85,56.63739472
1669773804.9505763,1274.76,1274.76,1.22104229,1.56,62.42441528
1669773865.012842,1273.98,1273.98,1.13002489,1.13,58.46955053
1669773924.9296634,1274.23,1274.23,1.12868651,0.04,59.3761514
1669773984.9285996,1274.17,1274.17,1.09129378,1.0,59.06595754
1669774044.99849,1275.44,1275.44,1.23345731,0.81,63.60863923
1669774104.914091,1274.84,1274.84,1.16596566,0.37,60.19499153
1669774165.2481282,1273.69,1273.69,0.97534896,0.78,54.18836892
1669774224.892654,1271.68,1271.68,0.60200113,-1.27,45.62465614
1669774285.3596067,1270.91,1270.91,0.3200225,-2.2,42.82946411
1669774345.0038068,1270.01,1270.01,0.01572547,-4.76,39.76590844
1669774405.1842818,1270.76,1270.76,-0.05997578,-3.23,43.4071893
1669774464.991589,1271.61,1271.61,-0.04594389,-2.61,47.27754912
1669774524.8722343,1271.07,1271.07,-0.16450289,-3.1,45.17029577
1669774584.8390176,1272.25,1272.25,-0.05433385,-3.2,50.39301549
1669774644.920935,1272.32,1272.32,-0.03125392,-2.52,50.69306268
1669774705.1840196,1274.29,1274.29,0.26129395,0.59,58.33154383
1669774765.037569,1273.51,1273.51,0.25474958,1.83,54.71380626
1669774825.3634388,1273.5,1273.5,0.29404599,2.58,54.66344724
1669774885.0051427,1274.76,1274.76,0.49959955,4.75,59.39029713
1669774944.9907804,1275.15,1275.15,0.63133436,4.38,60.75208705
1669775004.935087,1278.2,1278.2,1.13413149,6.59,69.3955038
1669775065.029059,1276.41,1276.41,1.07147398,5.35,60.91655358
1669775125.0425231,1277.43,1277.43,1.26562074,5.18,63.6445249
1669775184.9685707,1277.17,1277.17,1.30342825,4.85,62.46689632
1669775245.6046784,1279.31,1279.31,1.63757714,5.02,67.80410054
1669775304.9223664,1276.95,1276.95,1.41333938,3.43,57.97380526
1669775365.3772588,1277.73,1277.73,1.47868464,4.22,60.0480774
1669775424.9811184,1277.3,1277.3,1.40411039,2.54,58.34369653
1669775485.0196762,1279.0,1279.0,1.59563213,3.85,62.84586973
1669775544.9575276,1277.66,1277.66,1.43183515,-0.54,57.58020356
1669775604.9638286,1276.44,1276.44,1.19909905,0.03,53.21162348
1669775664.9288208,1276.44,1276.44,1.07872449,-0.98,53.20973065
1669775725.1371484,1275.18,1275.18,0.79462903,-1.99,48.77234085
1669775785.353613,1274.85,1274.85,0.59570716,-4.47,47.64790266
1669775844.9751246,1274.3,1274.3,0.37470258,-2.66,45.76789488
1669775905.3866856,1275.32,1275.32,0.37647017,-2.41,49.74160356
1669775965.0556886,1274.74,1274.74,0.22782506,-2.57,47.60556169
1669776025.1246974,1275.49,1275.49,0.25104049,-3.5,50.56200003
1669776084.9298575,1274.66,1274.66,0.10277877,-2.99,47.37324887
1669776144.992526,1274.1,1274.1,-0.04246537,-2.34,45.29938156
1669776204.998567,1273.41,1273.41,-0.2183171,-3.02,42.81245113
1669776265.048688,1274.29,1274.29,-0.18608109,-0.89,46.82222422
1669776325.3106265,1274.52,1274.52,-0.18119056,-0.34,47.85140292
1669776384.9791677,1273.4,1273.4,-0.34799497,-0.89,43.44231783
1669776445.3512828,1273.66,1273.66,-0.36857865,-1.66,44.71948829
1669776505.0408251,1274.74,1274.74,-0.24284262,0.0,49.77493213
1669776564.89405,1274.1,1274.1,-0.29954459,-1.39,47.0301464
1669776625.0188093,1273.25,1273.25,-0.42195493,-1.42,43.610503
1669776685.0083349,1273.09,1273.09,-0.4813044,-1.01,42.95964204
1669776745.0721292,1273.15,1273.15,-0.50384574,-0.26,43.29044598
1669776805.022581,1273.43,1273.43,-0.48055797,-0.86,44.90129541
1669776865.151826,1273.13,1273.13,-0.51674473,-1.39,43.464589
1669776925.1263273,1273.04,1273.04,-0.53379603,-0.36,43.04067616
1669776985.467472,1273.57,1273.57,-0.45990009,-0.08,46.50378016
1669777045.217935,1271.69,1271.69,-0.6950337,-3.06,37.73581579
1669777105.0432343,1271.71,1271.71,-0.75101737,-2.4,37.86682808
1669777165.0893595,1271.36,1271.36,-0.83767247,-1.88,36.38937298
1669777225.021569,1271.01,1271.01,-0.92300466,-2.09,34.91890974
1669777284.9924374,1271.61,1271.61,-0.87389038,-1.55,39.4087007
1669777344.9682848,1270.47,1270.47,-1.0228637,-2.96,34.46945205
1669777405.1610312,1272.09,1272.09,-0.82829246,-1.04,44.95833685
1669777465.1124914,1270.74,1270.74,-0.95849992,-2.29,39.29697818
1669777525.5427115,1271.16,1271.16,-0.90646057,-2.41,41.7586859
1669777585.1367142,1272.02,1272.02,-0.76002793,0.32,46.53530603
1669777645.138965,1271.92,1271.92,-0.70390103,0.2,46.0546451
1669777705.060607,1271.8,1271.8,-0.66261884,0.44,45.45678215
1669777765.1030517,1272.37,1272.37,-0.53403158,1.35,48.85163202
1669777825.103119,1272.18,1272.18,-0.48969342,0.58,47.78164398
1669777884.9494188,1272.51,1272.51,-0.39147546,2.03,49.82836361
1669777944.989654,1272.5,1272.5,-0.33210127,0.41,49.76454526
1669778005.0303955,1272.29,1272.29,-0.31147543,1.55,48.37337707
1669778065.8714845,1272.33,1272.33,-0.27174571,1.18,48.66741029
1669778125.005264,1271.74,1271.74,-0.32466637,-0.27,44.64249454
1669778185.4433289,1272.04,1272.04,-0.28190418,0.12,47.04944904
1669778245.045761,1272.93,1272.93,-0.13813477,1.13,53.47746055
1669778305.0970335,1272.13,1272.13,-0.19326028,-0.25,47.85006994
1669778365.1234586,1272.1,1272.1,-0.18787275,-0.09,47.64241542
1669778425.1896975,1271.75,1271.75,-0.23035355,-0.76,45.25728641
1669778485.010501,1272.78,1272.78,-0.09290793,0.28,52.78756998
1669778545.0152411,1272.29,1272.29,-0.11780593,0.01,49.31233545
1669778605.5721023,1272.73,1272.73,-0.04314614,0.39,52.34616768
1669778665.0188043,1272.18,1272.18,-0.09002537,0.45,48.45258966
1669778785.125181,1271.83,1271.83,-0.14796863,-1.11,46.00854459
1669778845.1538885,1271.49,1271.49,-0.2081578,-0.64,43.61821805
1669778905.0475712,1271.42,1271.42,-0.24221294,-0.69,43.12260123
1669778965.0288813,1270.79,1270.79,-0.35143336,-0.95,38.88704496
1669779025.070403,1268.58,1268.58,-0.7054114,-4.2,28.25781129
1669779085.002864,1269.51,1269.51,-0.70573065,-2.78,36.15280097
1669779145.384437,1270.28,1270.28,-0.64597278,-2.45,41.86869253
1669779207.500364,1269.97,1269.97,-0.6849803,-2.2,40.34055926
1669779265.5220416,1269.9,1269.9,-0.69763124,-2.09,39.95429995
1669779324.9597054,1269.65,1269.65,-0.7311743,-2.19,38.65953467
1669779385.103693,1270.69,1270.69,-0.58647104,-0.81,46.61275629
1669779445.0802588,1272.42,1272.42,-0.28561759,1.0,56.65043498
1669779505.1875944,1271.6,1271.6,-0.27131765,0.82,51.69119762
1669779565.0828695,1272.23,1272.23,-0.1167141,3.65,54.95391936
1669779625.2147958,1271.03,1271.03,-0.20264965,1.53,48.26318986
1669779685.4411962,1270.38,1270.38,-0.2851799,0.09,45.06466702
1669779745.1964114,1270.6,1270.6,-0.27486602,0.64,46.36039259
1669779805.409093,1270.53,1270.53,-0.28545051,0.63,45.9765579
1669779865.4019356,1270.4,1270.4,-0.30636736,0.76,45.25116973
1669779925.178851,1270.38,1270.38,-0.31396615,-0.3,45.13319163
1669779985.1750588,1270.17,1270.17,-0.34539369,-2.26,43.86333888
1669780045.134581,1269.5,1269.5,-0.44704328,-2.1,39.91729065
1669780105.1650994,1268.87,1268.87,-0.56938837,-3.36,36.63892015
1669780165.177438,1267.23,1267.23,-0.85120475,-3.81,29.73271167
1669780225.594974,1268.34,1268.34,-0.80226418,-2.04,38.22674109
1669780285.085974,1268.67,1268.67,-0.77750264,-1.93,40.52842484
1669780345.344859,1268.12,1268.12,-0.84761635,-2.44,37.98789774
1669780405.1571925,1266.69,1266.69,-1.06066293,-3.71,32.31587395
1669780465.1519291,1265.68,1265.68,-1.26951018,-4.7,29.06785386
1669780525.1809108,1266.11,1266.11,-1.29413424,-4.05,32.23015875
1669780585.105672,1266.19,1266.19,-1.31424441,-3.31,32.83014496
1669780645.1947143,1264.93,1264.93,-1.49752389,-3.93,28.54157044
1669780705.1730187,1265.37,1265.37,-1.48372926,-1.85,31.84706432
1669780765.4473116,1265.64,1265.64,-1.44472891,-2.7,33.92863705
1669780825.1597326,1265.09,1265.09,-1.49295816,-3.58,31.83420273
1669780885.513542,1266.13,1266.13,-1.33172323,-1.99,39.46553856
1669780945.1419811,1267.51,1267.51,-1.06015156,0.82,47.77628391
1669781005.2494414,1266.82,1266.82,-1.02033055,1.15,44.50165926
1669781065.123757,1267.25,1267.25,-0.87235263,1.14,46.95084347
1669781125.1128042,1267.55,1267.55,-0.7309493,1.36,48.64415428
1669781185.256013,1267.73,1267.73,-0.60514701,2.79,49.67997697
1669781245.1403563,1267.94,1267.94,-0.48126057,2.57,50.92393129
1669781305.5997834,1267.73,1267.73,-0.4221501,2.08,49.59869901
1669781365.1993158,1267.28,1267.28,-0.42213179,2.19,46.802009
1669781425.7213898,1267.56,1267.56,-0.34897555,1.42,48.74276504
1669781485.12244,1267.66,1267.66,-0.291662,0.14,49.45740589
1669781545.224934,1267.86,1267.86,-0.2207869,1.05,50.92000043
1669781605.236047,1267.19,1267.19,-0.27057055,-0.07,46.12331605
1669781665.0849576,1267.43,1267.43,-0.23068066,-0.13,48.01937379
1669781725.2202375,1267.24,1267.24,-0.23864872,-0.5,46.63118837
1669781785.2464604,1266.66,1266.66,-0.31104629,-1.29,42.54055177
1669781845.4194355,1267.98,1267.98,-0.14261606,0.25,52.68860302
1669781905.2808435,1268.3,1268.3,-0.04628405,1.03,54.78147485
1669781965.5633588,1268.77,1268.77,0.07739864,1.21,57.70431408
1669782025.0274732,1268.22,1268.22,0.06628577,0.57,53.32598535
1669782085.131582,1268.4,1268.4,0.11601869,0.54,54.55313985
1669782145.2300923,1268.15,1268.15,0.10768645,0.97,52.49851548
1669782205.072072,1268.43,1268.43,0.15512843,1.01,54.55005615
1669782265.1355653,1268.51,1268.51,0.18371437,1.28,55.16489193
1669782325.305279,1268.72,1268.72,0.22808741,2.05,56.78314049
1669782385.3798616,1268.52,1268.52,0.21886502,0.55,54.76945672
1669782445.196605,1268.3,1268.3,0.19117046,0.01,52.56457643
1669782505.5741165,1268.32,1268.32,0.18448691,-0.46,52.7334375
1669782565.2201283,1268.76,1268.76,0.2368567,0.53,56.80258527
1669782625.2498624,1268.66,1268.66,0.23417691,0.26,55.6586649
1669782685.115985,1268.62,1268.62,0.23000412,0.46,55.16833215
1669782745.2391877,1266.84,1266.84,-0.02501153,-1.6,38.79124845
1669782805.2280796,1267.36,1267.36,-0.0397675,-1.15,44.01944535
1669782865.2435174,1267.6,1267.6,-0.04944799,-1.11,46.29931905
1669782925.4900892,1268.14,1268.14,0.00548286,-0.37,51.11242366
1669782985.1777008,1267.59,1267.59,-0.06366673,-0.71,46.54283359
1669783045.3952172,1267.59,1267.59,-0.08274348,-0.74,46.54283359
1669783105.1320307,1267.22,1267.22,-0.14966674,-1.53,43.538471
1669783165.147683,1267.37,1267.37,-0.15605561,-1.29,45.10352515
1669783225.239246,1267.65,1267.65,-0.12906706,-0.97,47.99452
1669783285.2072964,1267.2,1267.2,-0.18755522,0.36,44.00343163
1669783345.1012983,1267.45,1267.45,-0.16715151,0.09,46.66203461
1669783405.1411383,1266.65,1266.65,-0.2785916,-0.95,40.14361567
1669783465.2898197,1266.15,1266.15,-0.38216813,-2.0,36.63344962
1669783525.431351,1266.23,1266.23,-0.41641299,-1.36,37.55828827
1669783585.559129,1266.52,1266.52,-0.40251149,-1.07,40.93615182
1669783645.0589185,1266.09,1266.09,-0.46656869,-1.12,37.67639472
1669783705.572302,1266.2,1266.2,-0.46901428,-1.16,39.0142692
1669783765.1532495,1266.35,1266.35,-0.45125602,-1.29,40.8780499
1669783825.2149973,1266.1,1266.1,-0.47629998,-1.09,38.74616863
1669783885.2015295,1266.41,1266.41,-0.43105523,-1.04,42.71601635
1669783945.2217994,1267.97,1267.97,-0.19016912,1.33,57.64879361
1669784005.1909232,1268.5,1268.5,-0.0218506,2.34,61.34190451
1669784065.295959,1268.45,1268.45,0.06946313,2.21,60.77068941
1669784125.569544,1268.38,1268.38,0.13406822,1.85,60.01671121
1669784185.3951735,1269.03,1269.03,0.28003339,2.94,64.57738777
1669784245.8541815,1269.47,1269.47,0.41153622,3.27,67.38638619
1669784305.2361684,1269.12,1269.12,0.43352399,2.77,63.22764962
1669784365.254903,1270.23,1270.23,0.62521351,4.12,69.63725067
1669784425.2028968,1270.08,1270.08,0.67768477,3.66,67.89282258
1669784485.142274,1269.59,1269.59,0.65055414,1.62,62.4200939
1669784545.2103543,1269.23,1269.23,0.60223438,0.73,58.67022649
1669784605.3153236,1268.87,1268.87,0.52849828,0.43,55.1122942
1669784665.5479064,1269.39,1269.39,0.56071337,1.01,58.98169038
1669784725.3530114,1269.36,1269.36,0.5422067,0.32,58.64243931
1669784785.4878078,1269.13,1269.13,0.49213069,-0.33,56.19522945
1669784845.2989218,1269.83,1269.83,0.56060855,0.71,61.50190916
1669784905.4766085,1269.5,1269.5,0.51684634,-0.74,57.93373341
1669784965.1892452,1269.22,1269.22,0.45832896,-0.87,55.00947725
1669785025.300454,1269.37,1269.37,0.44595403,-0.22,56.27102643
1669785085.2338924,1269.29,1269.29,0.40986755,0.05,55.37359563
1669785145.2188938,1269.15,1269.15,0.36151713,0.28,53.7496069
1669785205.4880323,1268.86,1268.86,0.28789569,-0.53,50.4800324
1669785265.2501292,1268.97,1268.97,0.25999303,-0.38,51.69457334
1669785325.8765218,1269.01,1269.01,0.23457364,-0.13,52.15095754
1669785385.2799866,1268.57,1268.57,0.14728549,-1.27,46.90167018
1669785445.268387,1268.41,1268.41,0.08271655,-1.09,45.11480381
1669785505.262015,1268.04,1268.04,-0.01112758,-1.19,41.21498567
1669785565.3343472,1267.91,1267.91,-0.07978678,-1.47,39.9047879
1669785625.290153,1268.84,1268.84,0.00629671,-0.45,51.6783919
1669785685.1844444,1268.62,1268.62,-0.015555,-0.52,49.21321825
1669785745.7849224,1269.31,1269.31,0.07879199,0.45,56.26052514
1669785805.375647,1269.43,1269.43,0.1250356,0.47,57.37539644
1669785865.5524185,1269.73,1269.73,0.19599115,0.72,60.04373478
1669785925.219174,1270.2,1270.2,0.29579921,1.63,63.97648357
1669785985.2820368,1269.96,1269.96,0.30794871,1.54,60.77503321
1669786045.3548837,1271.17,1271.17,0.49939075,3.12,69.28136665
1669786105.380192,1270.64,1270.64,0.49315248,2.72,62.86062601
1669786165.262953,1271.55,1271.55,0.64441866,2.71,68.30080991
1669786225.2649636,1272.46,1272.46,0.82736266,3.84,72.61995543
1669786285.7341094,1271.78,1271.78,0.80950609,2.47,65.48724314
1669786345.219147,1273.34,1273.34,1.0486909,3.92,72.3268141
1669786405.8899488,1273.24,1273.24,1.11250006,3.5,71.35619329
1669786465.2543554,1273.03,1273.03,1.12576284,2.84,69.20379574
1669786525.3092475,1272.38,1272.38,1.04518898,2.42,63.06870405
1669786585.2292612,1272.25,1272.25,0.99239787,1.09,61.87702495
1669786645.33283,1271.93,1271.93,0.90323278,1.3,58.91878607
1669786705.139918,1272.37,1272.37,0.90403928,0.83,61.66810317
1669786765.1835392,1271.94,1271.94,0.80670805,-0.51,57.67718248
1669786825.5328622,1272.67,1272.67,0.85071163,0.88,62.19470652
1669786885.4160922,1272.38,1272.38,0.7901138,-0.96,59.50304295
1669786945.6336231,1272.7,1272.7,0.79575267,-0.54,61.54479293
1669787005.2993696,1272.57,1272.57,0.75273431,-0.45,60.24337318
1669787065.372375,1272.67,1272.67,0.73333848,0.29,60.93030882
1669787125.3487408,1271.91,1271.91,0.59609974,-0.34,53.38123891
1669787185.194476,1270.93,1270.93,0.39074773,-1.01,45.54514974
1669787245.216982,1271.59,1271.59,0.37995518,-0.77,50.78491142
1669787305.246589,1271.11,1271.11,0.25806584,-0.83,47.22584046
1669787365.5328171,1270.54,1270.54,0.10843482,-2.12,43.36687301
1669787425.4548728,1270.32,1270.32,-0.00426733,-2.07,41.90831503
1669787486.1104157,1269.87,1269.87,-0.14239043,-2.82,39.05918233
1669787545.299603,1271.13,1271.13,-0.04398324,-1.43,49.41571796
1669787605.2285247,1272.6,1272.6,0.16329613,-0.07,58.33250948
1669787665.222355,1274.36,1274.36,0.48075731,2.45,66.04908371
1669787725.242389,1273.19,1273.19,0.44922442,2.26,58.31276829
1669787785.326993,1273.25,1273.25,0.50038096,1.66,58.59893283
1669787845.3540268,1272.86,1272.86,0.47649308,1.75,56.06770661
1669787905.4063575,1272.91,1272.91,0.48316532,2.38,56.34266371
1669787965.210929,1272.18,1272.18,0.37656711,1.85,51.53668983
1669788025.6216865,1271.28,1271.28,0.20654112,1.4,46.30681278
1669788085.2637236,1271.12,1271.12,0.10523267,0.0,45.41324073
1669788145.3399985,1270.11,1270.11,-0.10811548,-2.49,40.19276106
1669788205.2440054,1269.46,1269.46,-0.30218173,-4.9,37.22358195
1669788265.395288,1268.75,1268.75,-0.51115196,-4.45,34.25072289
1669788325.298697,1269.67,1269.67,-0.49462185,-3.58,40.84356006
1669788385.2661843,1269.76,1269.76,-0.52081111,-3.11,41.46194516
1669788445.3669293,1269.65,1269.65,-0.55656941,-3.26,40.89920653
1669788505.273127,1268.85,1268.85,-0.68507346,-3.33,37.00634912
1669788565.7307522,1268.64,1268.64,-0.75700769,-2.63,35.99490777
1669788625.3977766,1268.57,1268.57,-0.80212594,-2.55,35.70145665
1669788685.764162,1269.58,1269.58,-0.68117379,-0.53,43.88508302
1669788745.3003004,1268.94,1268.94,-0.73161953,-0.53,40.35648897
1669788805.293522,1270.29,1270.29,-0.53196597,1.54,49.53418334
1669788865.3102634,1270.22,1270.22,-0.46313373,0.55,49.10758968
1669788925.36347,1269.97,1269.97,-0.43490221,0.21,47.54505662
1669788985.2488651,1269.56,1269.56,-0.45078609,-0.09,45.02270034
1669789045.3477557,1269.75,1269.75,-0.4056099,0.91,46.44074534
1669789105.5830352,1269.77,1269.77,-0.37402486,1.13,46.60157486
1669789165.4208694,1270.07,1270.07,-0.30448259,1.51,48.99333652
1669789225.7784336,1269.63,1269.63,-0.32686146,0.06,45.738056
1669789285.321639,1270.13,1270.13,-0.24372973,1.19,49.81707035
1669789345.3789067,1269.11,1269.11,-0.35125087,-1.18,42.75238041
1669789405.419566,1269.65,1269.65,-0.29077801,-0.58,47.03776269
1669789465.363335,1270.3,1270.3,-0.18256528,0.32,51.72751323
1669789525.3394456,1269.65,1269.65,-0.22697211,0.09,47.21674799
1669789585.4459808,1269.85,1269.85,-0.19090503,0.1,48.69522361
1669789645.8200395,1269.19,1269.19,-0.26565503,-0.59,44.26079358
1669789705.4395115,1269.05,1269.05,-0.30035851,-1.02,43.3598408
1669789765.748317,1270.21,1270.21,-0.15077864,0.57,52.0554929
1669789825.3813684,1269.76,1269.76,-0.16922159,-0.36,48.93055213
1669789885.3269978,1269.96,1269.96,-0.12472048,0.86,50.35668427
1669789945.2663846,1269.92,1269.92,-0.10720392,0.27,50.06117411
1669790005.4128788,1269.82,1269.82,-0.1032697,-0.47,49.2682298
1669790065.460231,1269.54,1269.54,-0.13295792,-0.12,47.03809577
1669790125.3306067,1269.99,1269.99,-0.07358067,0.14,50.90591934
1669790185.8962505,1269.48,1269.48,-0.12643205,0.28,46.75288607
1669790245.491868,1269.58,1269.58,-0.12037893,0.53,47.6627628
1669790305.7992318,1268.74,1268.74,-0.23924996,-1.48,41.33088775
1669790365.33052,1267.46,1267.46,-0.45747546,-2.29,33.88201149
1669790425.2958465,1268.16,1268.16,-0.44489927,-1.8,40.21405466
1669790485.2589717,1268.59,1268.59,-0.41169892,-1.32,43.78497246
1669790545.4663682,1268.78,1268.78,-0.38102053,-1.04,45.323883
1669790605.4500923,1268.69,1268.69,-0.37724926,-0.84,44.69243677
1669790665.4544492,1268.72,1268.72,-0.36013869,-1.26,44.95965424
1669790725.6902988,1268.84,1268.84,-0.3275494,-0.63,46.09892752
1669790785.35927,1268.44,1268.44,-0.36356956,-1.13,42.92711027
1669790846.189454,1268.51,1268.51,-0.35151116,-0.22,43.67948704
1669790905.4455538,1267.97,1267.97,-0.41877768,0.51,39.46551876
1669790965.4624653,1267.9,1267.9,-0.44409352,-0.25,38.99242934
1669791025.35655,1267.69,1267.69,-0.48355313,-0.91,37.34608708
1669791085.349614,1267.44,1267.44,-0.53117394,-1.35,35.47601667
1669791145.4607728,1267.84,1267.84,-0.49087646,-0.86,40.61011719
1669791205.4518154,1268.72,1268.72,-0.35307023,-0.01,50.00809384
1669791265.6295855,1268.36,1268.36,-0.34820974,-0.49,46.77711534
1669791325.3511584,1268.77,1268.77,-0.25996594,0.34,50.69949795
1669791385.9942665,1269.05,1269.05,-0.17266888,0.53,53.21049042
1669791445.474129,1269.36,1269.36,-0.07660849,1.38,55.92088792
1669791505.3865335,1269.57,1269.57,0.00983681,1.68,57.70057224
1669791565.449773,1269.82,1269.82,0.09966824,2.13,59.78234024
1669791625.3634844,1269.17,1269.17,0.06201858,1.73,52.53441914
1669791685.3547566,1269.74,1269.74,0.15239051,1.91,57.43227504
1669791745.4380567,1269.82,1269.82,0.19652647,1.09,58.09096008
1669791805.6177845,1269.75,1269.75,0.21459597,1.4,57.29360882
1669791865.505663,1269.02,1269.02,0.1281037,0.26,49.36081486
1669791925.6774328,1268.21,1268.21,-0.01062475,-0.85,42.35976753
1669791985.4886498,1269.06,1269.06,0.05158865,-0.3,50.32245087
1669792045.446696,1269.59,1269.59,0.12092509,0.02,54.54510825
1669792105.4891677,1269.41,1269.41,0.11530955,-0.41,52.90885521
1669792165.5035331,1269.07,1269.07,0.07340751,-0.11,49.85520117
1669792225.4303305,1269.95,1269.95,0.18539053,0.21,56.82360187
1669792285.3579774,1270.22,1270.22,0.25479803,0.41,58.68351692
1669792345.7619748,1269.83,1269.83,0.23425812,0.08,54.93707936
1669792405.3915958,1271.05,1271.05,0.41109213,2.02,62.9420453
1669792465.7913177,1270.89,1270.89,0.4467101,2.68,61.44009134
1669792525.3886564,1270.22,1270.22,0.38419635,1.16,55.31834177
1669792585.285257,1270.72,1270.72,0.44463683,1.14,58.58424671
1669792645.518189,1270.33,1270.33,0.39930139,0.93,55.16368272
1669792705.3824794,1270.01,1270.01,0.33837962,0.94,52.47850965
1669792765.5538015,1270.01,1270.01,0.30680164,0.06,52.48450887
1669792825.4180973,1269.66,1269.66,0.22909696,-0.57,49.43349064
1669792885.4113426,1269.86,1269.86,0.21576285,0.02,51.18980788
1669792945.4164383,1269.7,1269.7,0.16774825,-1.34,49.71505787
1669793005.5993216,1269.86,1269.86,0.16084532,-1.03,51.24207268
1669793065.4137602,1269.8,1269.8,0.13574738,-0.41,50.62672252
1669793125.6742392,1269.88,1269.88,0.12959574,-0.85,51.4703476
1669793185.3003683,1269.95,1269.95,0.12757871,-0.37,52.24765253
1669793245.320617,1270.17,1270.17,0.15127841,0.17,54.68599893
1669793305.5392966,1270.03,1270.03,0.13459103,0.03,52.85198668
1669793365.447355,1270.57,1270.57,0.20569373,0.92,58.6401087
1669793425.518767,1270.57,1270.57,0.22592308,0.72,58.58702765
1669793485.443574,1271.07,1271.07,0.3092539,1.38,63.45147951
1669793545.5705462,1270.28,1270.28,0.22809121,0.43,52.95468967
1669793605.4096825,1271.12,1271.12,0.33002197,1.32,60.4472219
1669793665.8272183,1271.01,1271.01,0.33745596,1.13,59.08938032
1669793725.372155,1271.42,1271.42,0.40489323,1.48,62.39174848
1669793785.4809463,1271.8,1271.8,0.48059157,1.64,65.20116905
1669793845.3779018,1271.94,1271.94,0.5317044,1.92,66.12429949
1669793905.400109,1272.13,1272.13,0.58317471,1.56,67.55799904
1669793965.539844,1272.39,1272.39,0.64111802,1.81,69.38190844
1669794025.4877565,1271.73,1271.73,0.5702849,0.66,60.20375692
1669794085.7701037,1272.04,1272.04,0.59336193,1.76,62.71960254
1669794145.4899266,1272.11,1272.11,0.59458489,0.99,63.29015028
1669794205.7498996,1272.02,1272.02,0.57229456,1.02,62.04576919
1669794265.5321565,1271.87,1271.87,0.53272933,0.45,59.83098786
1669794325.436394,1272.0,1272.0,0.52402789,0.21,61.05960976
1669794385.4500158,1272.25,1272.25,0.53782939,0.3,63.55286403
1669794445.5161035,1272.19,1272.19,0.5184068,0.06,62.54089076
1669794505.5107486,1272.3,1272.3,0.51596584,-0.08,63.69038841
1669794565.4998813,1272.22,1272.22,0.49123041,0.49,62.26320771
1669794625.9869356,1271.93,1271.93,0.42963258,-0.11,57.04288801
1669794685.390309,1272.03,1272.03,0.40812127,-0.07,58.349657
1669794745.6020112,1272.35,1272.35,0.42561186,0.33,62.28290576
1669794805.585636,1273.12,1273.12,0.52393931,1.25,69.6838836
1669794865.464286,1273.75,1273.75,0.63655533,1.74,74.02700828
1669794925.4344645,1273.48,1273.48,0.63936552,1.23,69.33275256
1669794985.4043214,1273.13,1273.13,0.601679,0.94,63.69422667
1669795045.444085,1273.72,1273.72,0.67057448,1.43,68.36476417
1669795105.4761994,1272.87,1272.87,0.55926183,0.64,56.9692168
1669795165.8058708,1273.01,1273.01,0.53860212,1.08,58.20445503
1669795225.481483,1272.62,1272.62,0.45302151,0.6,53.62735563
1669795285.9047248,1272.81,1272.81,0.43204221,0.47,55.47763291
1669795345.5046203,1272.99,1272.99,0.42363632,-0.13,57.22630089
1669795405.4832911,1272.77,1272.77,0.37049809,-0.99,54.44446991
1669795465.5099404,1273.1,1273.1,0.38504288,-0.38,57.79697155
1669795525.64601,1273.72,1273.72,0.45968623,0.59,63.2011778
1669795585.3409824,1274.5,1274.5,0.58443286,0.78,68.66723244
1669795645.563327,1274.39,1274.39,0.61058415,1.53,67.14981916
1669795705.6461506,1274.17,1274.17,0.60050593,1.17,64.08879347
1669795765.504344,1274.38,1274.38,0.62796163,1.76,65.76349192
1669795825.8511505,1274.08,1274.08,0.5867917,1.27,61.52979379
1669795885.5078816,1274.63,1274.63,0.64497318,1.65,65.87325657
1669795945.5297067,1274.74,1274.74,0.66499789,1.97,66.60073208
1669796005.441498,1274.9,1274.9,0.68822651,1.8,67.87285787
1669796065.4806306,1274.5,1274.5,0.63265352,0.77,61.88640178
1669796125.4639626,1275.01,1275.01,0.67837337,0.5,66.06448367
1669796185.5624774,1275.6,1275.6,0.75737624,1.21,70.10345789
1669796246.024542,1277.14,1277.14,0.99270644,2.96,77.49172564
1669796305.5820928,1273.72,1273.72,0.58481923,-0.65,48.53250825
1669796366.1100185,1271.39,1271.39,0.14419944,-2.68,38.08077701
1669796425.4222894,1270.6,1270.6,-0.16995225,-4.03,35.33777712
1669796485.5597303,1270.42,1270.42,-0.38897546,-4.33,34.68582546
1669796545.5436127,1271.02,1271.02,-0.46131557,-3.88,38.5417437
1669796605.6293194,1271.28,1271.28,-0.51285559,-3.23,40.2000873
1669796665.4883103,1271.57,1271.57,-0.52203028,-3.44,42.0910817
1669796725.6110778,1271.29,1271.29,-0.58160071,-4.3,40.76341059
1669796785.768525,1270.18,1270.18,-0.76044137,-6.97,35.92259429
1669796845.5514843,1269.34,1269.34,-0.94127184,-4.37,32.75211386
1669796906.1142516,1269.35,1269.35,-1.01831729,-2.05,32.82519954
1669796965.6876698,1270.31,1270.31,-0.93261777,-0.28,39.82486416
1669797025.6007698,1270.19,1270.19,-0.93119326,-0.24,39.26755786
1669797085.5372682,1270.13,1270.13,-0.92168801,-0.88,39.00877713
1669797145.758507,1269.48,1269.48,-0.99124797,-1.8,35.86923993
1669797205.527176,1269.88,1269.88,-0.93789647,-1.7,39.09599432
1669797265.7513866,1268.99,1268.99,-1.03621191,-2.3,34.90284767
1669797325.807854,1268.32,1268.32,-1.14051022,-1.87,32.11354688
1669797385.5515585,1268.9,1268.9,-1.08535416,-0.45,36.83580677
1669797446.0877345,1268.3,1268.3,-1.14959831,-1.06,34.14867344
1669797505.55256,1268.13,1268.13,-1.17460404,-2.18,33.46288596
1669797565.5971725,1267.18,1267.18,-1.30446998,-3.02,29.64512248
1669797625.546271,1266.59,1266.59,-1.41537131,-3.53,27.54695442
1669797685.7645726,1267.43,1267.43,-1.33050194,-2.05,34.6654065
1669797745.526188,1267.2,1267.2,-1.33385029,-2.67,33.6964998
1669797805.5191436,1267.73,1267.73,-1.23135107,-1.25,38.02261266
1669797865.9168484,1268.02,1268.02,-1.12975843,-0.29,40.3231258
1669797925.5308409,1268.52,1268.52,-0.98349103,-0.37,44.17199155
1669797986.075803,1269.58,1269.58,-0.73971669,1.27,51.30671469
1669798045.543492,1269.26,1269.26,-0.65239694,1.14,49.2628792
1669798105.6106186,1269.32,1269.32,-0.54805864,2.15,49.67316772
1669798165.619479,1268.23,1268.23,-0.6166606,1.65,42.94070881
1669798225.548598,1268.47,1268.47,-0.56257056,1.05,44.70776226
1669798285.593484,1268.77,1268.77,-0.48513149,1.58,46.93914147
1669798345.5590975,1268.13,1268.13,-0.52816223,0.4,42.96768781
1669798405.6705065,1268.39,1268.39,-0.4797279,0.38,44.9873493
1669798465.5444329,1268.02,1268.02,-0.50486778,-0.51,42.65048472
1669798525.8997307,1267.74,1267.74,-0.53588338,-1.84,40.95111071
1669798585.5503554,1267.26,1267.26,-0.60318965,-1.99,38.06391308
1669798645.6232412,1267.02,1267.02,-0.65298486,-2.29,36.68182154
1669798705.5980048,1268.13,1268.13,-0.51326953,-0.11,46.34286174
1669798765.6676989,1268.43,1268.43,-0.42492242,-0.03,48.63274749
1669798825.6749315,1268.37,1268.37,-0.37809378,-0.41,48.18979609
1669798885.5521977,1268.03,1268.03,-0.38079328,-0.11,45.64687919
1669798945.6066327,1268.78,1268.78,-0.25130614,0.39,51.68334548
1669799005.6957767,1268.8,1268.8,-0.19104868,0.78,51.83074635
1669799066.1561034,1268.89,1268.89,-0.13019769,1.16,52.55535205
1669799125.6776342,1268.97,1268.97,-0.07536372,1.7,53.22768891
1669799185.945587,1268.65,1268.65,-0.08240473,1.62,50.13433122
1669799245.5679226,1268.51,1268.51,-0.08615712,0.38,48.79102533
1669799305.676113,1268.2,1268.2,-0.12442852,-0.23,45.8996903
1669799365.637027,1267.8,1267.8,-0.19015631,-0.57,42.40244888
1669799425.670769,1268.24,1268.24,-0.15227703,0.2,47.18838386
1669799485.6092114,1268.1,1268.1,-0.16814562,-0.69,45.89244973
1669799545.6746097,1268.45,1268.45,-0.11981029,-0.36,49.63911347
1669799605.9990416,1268.5,1268.5,-0.09538206,-0.4,50.16995485
1669799665.62558,1268.75,1268.75,-0.04355643,-0.23,52.85408984
1669799726.0265622,1268.34,1268.34,-0.07479852,-0.31,48.26028161
1669799785.6328192,1267.17,1267.17,-0.23943375,-1.35,38.13234202
1669799845.6165624,1267.0,1267.0,-0.31597511,-1.19,36.86922696
1669799905.6678374,1267.62,1267.62,-0.27345699,-0.17,43.92469214
1669799965.692575,1268.45,1268.45,-0.15968847,0.22,51.67780354
1669800025.688027,1267.93,1267.93,-0.19349186,-0.16,47.25251798
1669800085.626136,1267.42,1267.42,-0.25798199,-1.03,43.35744008
1669800146.043605,1267.42,1267.42,-0.27245285,-1.08,43.37476524
1669800205.778934,1268.22,1268.22,-0.16822054,-0.52,50.76375638
1669800265.865133,1267.38,1267.38,-0.25338409,-0.97,44.21983046
1669800325.55701,1266.77,1266.77,-0.35095165,-0.39,40.17012838
1669800385.575206,1266.54,1266.54,-0.4177827,-0.46,38.72988817
1669800445.516432,1263.48,1263.48,-0.88357649,-4.15,25.58622945
1669800505.5684335,1263.57,1263.57,-1.03447432,-4.87,26.37761061
1669800565.5983553,1264.44,1264.44,-1.02293392,-3.49,33.75028737
1669800625.6142354,1263.83,1263.83,-1.14346561,-3.58,31.39312215
1669800686.0585678,1264.68,1264.68,-1.06658551,-2.75,37.90142778
1669800745.730565,1264.45,1264.45,-1.07983493,-3.77,36.88188149
1669800806.1635268,1265.28,1265.28,-0.94558807,-2.1,42.86829433
1669800865.7173626,1265.54,1265.54,-0.8447624,-1.23,44.62788399
1669800925.6497407,1265.11,1265.11,-0.83318583,-1.43,42.29830029
1669800985.5619278,1265.18,1265.18,-0.77909162,1.7,42.8077229
1669801045.6371703,1265.18,1265.18,-0.73158155,1.61,42.8077229
1669801105.6219444,1265.4,1265.4,-0.6549217,0.95,44.63894308
1669801165.7199066,1265.33,1265.33,-0.61042642,1.5,44.14923994
1669801225.9572089,1265.36,1265.36,-0.56061818,0.68,44.40898286
1669801285.6470895,1265.04,1265.04,-0.5617009,0.59,41.99144654
1669801346.0318303,1264.91,1264.91,-0.55515031,-0.38,41.0169049
1669801405.7137926,1264.67,1264.67,-0.57010955,-0.88,39.25587416
1669801465.560526,1264.71,1264.71,-0.55343751,-0.41,39.76523857
1669801525.6599588,1265.76,1265.76,-0.38937865,0.59,50.64829536
1669801585.8877678,1266.36,1266.36,-0.23597121,1.18,55.57184301
1669801645.7187812,1266.31,1266.31,-0.15766798,0.91,55.07032115
1669801705.8076303,1265.9,1265.9,-0.14936525,0.56,51.05555658
1669801765.919529,1265.79,1265.79,-0.13170817,0.43,50.00425125
1669801825.7732058,1265.05,1265.05,-0.21410662,0.0,43.5129977
1669801886.1926856,1265.19,1265.19,-0.21018348,0.28,44.96850359
1669801945.6548157,1264.82,1264.82,-0.26576859,0.16,41.89597382
1669802005.6791134,1264.99,1264.99,-0.25913304,0.27,43.79611505
1669802065.666234,1265.04,1265.04,-0.25453796,-0.71,44.37231918
1669802125.716664,1265.49,1265.49,-0.18754896,-0.88,49.40021113
1669802185.918443,1265.02,1265.02,-0.22687662,-1.3,44.8346992
1669802245.7484107,1265.4,1265.4,-0.1726359,-0.51,48.93282066
1669802305.8913877,1265.93,1265.93,-0.07638402,0.14,54.05850055
1669802365.751576,1266.03,1266.03,-0.01910011,0.98,54.96882467
1669802425.9753044,1266.47,1266.47,0.08132266,1.28,58.90124837
1669802485.6200354,1265.88,1265.88,0.04755517,1.06,52.33266718
1669802545.6176946,1265.92,1265.92,0.06309551,0.93,52.72335784
1669802605.6357586,1265.81,1265.81,0.05651119,0.77,51.50482858
1669802665.828184,1265.81,1265.81,0.05759256,0.32,51.51332109
1669802725.7373116,1265.69,1265.69,0.04206087,0.66,50.03208546
1669802785.7561605,1265.56,1265.56,0.01791066,0.16,48.41052141
1669802845.968732,1265.86,1265.86,0.04931913,-0.08,52.25613514
1669802905.794006,1266.2,1266.2,0.10206235,0.16,56.24589812
1669802966.131197,1266.23,1266.23,0.12645423,-0.24,56.54413565
1669803025.6361134,1265.98,1265.98,0.10689891,0.11,52.82639141
1669803085.635255,1266.12,1266.12,0.12453429,0.21,54.65502968
1669803145.6449308,1267.06,1267.06,0.2616878,1.26,64.47457739
1669803205.6624146,1267.66,1267.66,0.39223002,1.86,69.07760488
1669803265.671985,1267.32,1267.32,0.40385798,1.62,63.96161128
1669803325.695959,1267.32,1267.32,0.42962476,1.76,63.96801567
1669803385.8263466,1267.59,1267.59,0.48309336,1.73,66.24214157
1669803445.7304523,1267.61,1267.61,0.50667267,1.42,66.31652596
1669803506.2389216,1267.56,1267.56,0.50981342,1.32,65.3668292
1669803565.7074325,1267.72,1267.72,0.53283225,1.73,66.86617952
1669803625.9392362,1267.31,1267.31,0.47745215,1.2,59.71824592
1669803685.7343698,1267.25,1267.25,0.44514018,0.19,58.73065549
1669803745.6855614,1267.18,1267.18,0.4086063,-0.48,57.53519589
1669803805.7958417,1266.7,1266.7,0.31184739,-0.61,50.01697085
1669803865.669894,1266.63,1266.63,0.25320559,-0.68,49.00032749
1669803925.7463114,1267.16,1267.16,0.28243181,-0.42,56.22537498
1669803985.7290196,1266.65,1266.65,0.19813255,-0.97,49.01775425
1669804046.288268,1266.96,1266.96,0.20490032,-0.59,52.99000671
1669804105.712143,1266.67,1266.67,0.14811359,-1.05,49.11937119
1669804166.063849,1267.09,1267.09,0.17819086,-0.23,54.34042622
1669804225.818849,1266.97,1266.97,0.15775263,-0.28,52.6821884
1669804285.7123787,1266.97,1266.97,0.14681695,-0.21,52.6821884
1669804345.7934809,1267.21,1267.21,0.17050299,0.51,55.83033686
1669804405.777571,1267.13,1267.13,0.1608085,0.49,54.52802864
1669804465.6596692,1266.65,1266.65,0.08791058,-0.5,47.41105472
1669804525.7429397,1266.53,1266.53,0.04284034,-0.13,45.816654
1669804586.139292,1266.22,1266.22,-0.02804084,-0.74,41.81679711
1669804645.828636,1266.42,1266.42,-0.03561672,-0.26,45.10823464
1669804706.1454868,1266.42,1266.42,-0.05365534,-0.66,45.09763831
1669804765.8103364,1267.12,1267.12,0.03176794,0.14,55.36019493
1669804825.8000853,1266.93,1266.93,0.02709948,-0.04,52.48961048
1669804885.7004838,1267.1,1267.1,0.05965545,-0.11,54.71227473
1669804945.8057835,1267.07,1267.07,0.06899165,-0.06,54.22472895
1669805005.958651,1266.81,1266.81,0.04064085,0.17,50.0611374
1669805065.7641532,1267.09,1267.09,0.07318099,0.57,54.15491598
1669805126.2567673,1266.69,1266.69,0.02380568,0.46,48.11587807
1669805185.807294,1266.4,1266.4,-0.03052031,-0.03,44.22438684
1669805245.9971087,1266.28,1266.28,-0.07157423,-0.15,42.68994677
1669805305.8113534,1266.66,1266.66,-0.04108974,-0.47,48.75017039
1669805365.702707,1266.67,1266.67,-0.0390829,-0.26,48.89132788
1669805425.778129,1267.23,1267.23,0.04084781,0.12,56.69523089
1669805485.7165854,1267.1,1267.1,0.04962924,0.03,54.60901981
1669805545.8308384,1267.09,1267.09,0.06265502,0.28,54.4430628
1669805605.7829013,1266.28,1266.28,-0.04173224,-0.8,43.03477525
1669805666.1064627,1266.0,1266.0,-0.11199846,-0.68,39.92066906
1669805725.7830093,1265.23,1265.23,-0.25650736,-1.17,32.86954185
1669805786.0803783,1266.5,1266.5,-0.13977344,0.22,48.88456478
1669805845.7993174,1265.38,1265.38,-0.28442273,-1.29,39.82492924
1669805905.694022,1265.02,1265.02,-0.37601763,-1.66,37.47411416
1669805965.804927,1265.51,1265.51,-0.35171839,-1.72,42.54178504
1669806025.7184153,1264.69,1264.69,-0.47458933,-2.41,37.08714979
1669806085.7209334,1264.93,1264.93,-0.48027073,-2.16,39.52094483
1669806145.6802044,1265.57,1265.57,-0.40377668,-0.71,45.56810549
1669806205.9387534,1265.5,1265.5,-0.38852315,-0.5,45.03191866
1669806265.7244134,1265.68,1265.68,-0.34294955,0.44,46.7369317
1669806326.298746,1265.82,1265.82,-0.29417873,-0.68,48.09923924
1669806385.7955954,1266.06,1266.06,-0.22744754,0.68,50.42342908
1669806445.732482,1266.43,1266.43,-0.13589402,1.42,53.87835936
1669806505.9024138,1266.46,1266.46,-0.08149934,0.96,54.15718828
1669806565.8538952,1266.82,1266.82,0.01044594,2.13,57.48577764
1669806625.8497808,1266.69,1266.69,0.04211186,1.76,55.93544023
1669806685.7419274,1266.93,1266.93,0.10787746,1.36,58.22830844
1669806746.178766,1267.24,1267.24,0.18762133,1.73,61.03931364
1669806805.7914522,1266.93,1266.93,0.18476337,1.25,56.91465177
1669806866.0368204,1266.99,1266.99,0.20889116,1.16,57.46826533
1669806925.810627,1266.6,1266.6,0.16590784,0.53,52.39823732
1669806985.719033,1266.77,1266.77,0.17936309,0.34,54.26153613
1669807045.8705986,1267.24,1267.24,0.24305139,0.78,59.12373884
1669807105.8193192,1267.71,1267.71,0.32786132,0.9,63.23948242
1669807165.7450604,1267.86,1267.86,0.38177616,1.17,64.54898034
1669807225.775246,1268.1,1268.1,0.44421848,1.18,66.51038914
1669807285.817026,1267.63,1267.63,0.40725386,0.39,59.55044275
1669807345.8865592,1267.74,1267.74,0.41795154,0.81,60.63786145
1669807406.1860635,1267.68,1267.68,0.40559734,0.68,59.69291779
1669807465.7599618,1267.74,1267.74,0.40353675,1.14,60.33491634
1669807525.8507483,1267.37,1267.37,0.34251042,0.59,54.6425443
1669807585.8249426,1267.31,1267.31,0.30481258,0.07,53.7505316
1669807645.9298804,1266.71,1266.71,0.19073607,-1.01,45.71391537
1669807705.789256,1267.14,1267.14,0.19685591,-0.72,51.33923851
1669807765.7804177,1266.87,1266.87,0.13437373,-1.23,47.99270573
1669807826.0351696,1267.63,1267.63,0.20820857,-0.01,56.60028012
1669807885.792923,1267.7,1267.7,0.22608848,-0.04,57.3081248
1669807946.1413147,1267.77,1267.77,0.24366586,0.1,58.03716936
1669808005.8755584,1267.92,1267.92,0.27210581,0.19,59.56820057
1669808066.2499106,1267.95,1267.95,0.28614375,0.57,59.88162781
1669808125.8588336,1267.21,1267.21,0.18677302,-0.1,49.3255018
1669808185.8992872,1267.63,1267.63,0.21241187,0.92,54.25453014
1669808245.8489685,1267.56,1267.56,0.19331757,0.43,53.31612908
1669808305.877391,1267.37,1267.37,0.15367978,0.51,50.79144428
1669808365.7921488,1266.89,1266.89,0.06490319,-0.73,44.98655478
1669808425.7908893,1267.35,1267.35,0.09026075,-0.34,50.79893474
1669808486.2650788,1267.14,1267.14,0.05127918,-0.63,48.28182091
1669808545.7680817,1266.39,1266.39,-0.07275237,-1.54,40.57029451
1669808606.169392,1266.54,1266.54,-0.10226091,-1.42,42.5214518
1669808665.8533323,1266.44,1266.44,-0.14771686,-0.77,41.53719415
1669808725.8460448,1266.82,1266.82,-0.12105441,-0.81,46.64445498
1669808785.9013493,1266.98,1266.98,-0.0993014,-0.57,48.67485104
1669808845.9584072,1267.5,1267.5,-0.01824322,0.14,54.70915396
1669808905.9263792,1266.53,1266.53,-0.12414956,-0.35,44.24808776
1669808965.8453548,1265.96,1265.96,-0.2256619,-1.39,39.471798
1669809026.1646526,1265.83,1265.83,-0.28537513,-1.32,38.45233365
1669809085.8215308,1266.5,1266.5,-0.22606907,0.1,46.16906201
1669809146.3342712,1266.59,1266.59,-0.20556404,0.06,47.13219657
1669809205.899418,1266.86,1266.86,-0.15585423,0.43,50.00595027
1669809265.9320211,1267.03,1267.03,-0.10796582,0.21,51.79288228
1669809325.7951975,1266.56,1266.56,-0.14565633,-0.43,46.81855215
1669809385.814946,1266.37,1266.37,-0.17162604,-1.13,44.96711004
1669809445.9563668,1266.73,1266.73,-0.12662643,0.2,49.12138252
1669809505.9210763,1266.45,1266.45,-0.1520086,0.49,46.20021243
1669809566.5242329,1266.23,1266.23,-0.18314662,0.4,43.97945413
1669809625.7553213,1266.73,1266.73,-0.12226512,0.23,49.86559265
1669809686.255651,1266.94,1266.94,-0.07349533,0.34,52.1282116
1669809745.822249,1266.57,1266.57,-0.10111775,-0.28,48.02055311
1669809805.8186982,1266.0,1266.0,-0.17781781,-1.02,42.432735
1669809865.8401573,1266.65,1266.65,-0.1089987,0.09,49.61156392
1669809925.8673892,1267.03,1267.03,-0.04074537,0.67,53.29345393
1669809985.7539413,1267.21,1267.21,0.01488924,0.48,54.97186182
1669810045.8656332,1267.21,1267.21,0.04644212,0.76,54.95799192
1669810106.182207,1267.66,1267.66,0.13548779,1.42,59.14331761
1669810165.8568146,1268.12,1268.12,0.23998589,1.4,63.01177886
1669810226.181667,1267.83,1267.83,0.24937784,0.88,59.24029744
1669810285.8236468,1268.0,1268.0,0.29666667,1.44,60.66865538
1669810345.9140697,1268.23,1268.23,0.35159898,2.22,62.69710636
1669810405.906037,1268.36,1268.36,0.39524843,1.71,63.73301959
1669810465.8874333,1268.48,1268.48,0.43315603,1.45,64.84093953
1669810525.9409857,1268.15,1268.15,0.4037699,0.94,59.75565932
1669810586.036251,1267.93,1267.93,0.3656703,0.73,56.57037591
1669810646.2142882,1267.8,1267.8,0.32702577,0.13,54.71438472
1669810705.9413388,1267.79,1267.79,0.30034914,-0.33,54.55470672
1669810766.2036588,1268.22,1268.22,0.33619583,0.39,59.68004367
1669810825.8950806,1268.14,1268.14,0.32227486,0.13,58.37834176
1669810885.8691726,1267.71,1267.71,0.25253456,-0.52,51.80557901
1669810945.9344518,1266.5,1266.5,0.05145891,-1.87,38.55435507
1669811006.120195,1265.68,1265.68,-0.14819918,-2.8,32.56935687
1669811066.072933,1265.88,1265.88,-0.2227905,-2.27,35.23346974
1669811125.968515,1265.92,1265.92,-0.28492156,-2.01,35.8339085
1669811186.3841112,1265.63,1265.63,-0.37508877,-2.17,33.70813985
1669811245.9924295,1266.55,1266.55,-0.29265475,-1.25,45.18507469
1669811306.317226,1266.35,1266.35,-0.31050662,-1.86,43.42499497
1669811365.9796848,1266.99,1266.99,-0.2179827,-1.14,50.12064608
1669811425.8650262,1266.72,1266.72,-0.22179177,-0.99,47.5799604
1669811486.007847,1267.58,1267.58,-0.08317694,1.07,55.36231113
1669811545.8200252,1267.21,1267.21,-0.07968138,1.54,51.79923765
1669811605.9952536,1267.06,1267.06,-0.0734983,1.18,50.37647001
1669811666.0127888,1267.08,1267.08,-0.05685515,1.15,50.58012091
1669811726.175115,1267.5,1267.5,0.01619544,1.88,54.58168029
1669811785.9992125,1267.01,1267.01,-0.02289816,0.46,49.53053125
1669811846.2537313,1265.61,1265.61,-0.22116474,-0.74,38.59632049
1669811905.8667228,1265.9,1265.9,-0.24424609,-1.09,41.50253333
1669811965.870859,1264.97,1264.97,-0.40914741,-1.74,35.72293973
1669812025.9744346,1264.21,1264.21,-0.58300099,-3.37,31.82218779
1669812085.8917184,1265.87,1265.87,-0.43103083,-1.34,45.73332397
1669812145.9296565,1266.03,1266.03,-0.38818502,-1.04,46.86238017
1669812205.8653097,1266.26,1266.26,-0.32767915,-0.81,48.52047515
1669812266.000449,1266.05,1266.05,-0.31998513,-1.46,47.07095462
1669812325.9641654,1266.3,1266.3,-0.26246998,-0.71,49.01362138
1669812386.4840147,1265.83,1265.83,-0.29648238,0.23,45.60932494
1669812446.0595238,1266.14,1266.14,-0.24655443,0.23,48.16655147
1669812505.9490342,1265.91,1265.91,-0.25713147,0.93,46.44032882
1669812565.9068832,1265.83,1265.83,-0.25879717,1.61,45.80694502
1669812625.945911,1264.84,1264.84,-0.39271776,-1.03,38.91508291
1669812685.8755572,1263.89,1263.89,-0.56557666,-2.14,33.67334395
1669812746.0834525,1264.69,1264.69,-0.52147259,-1.57,40.90164498
1669812806.0616376,1263.84,1263.84,-0.65113313,-2.22,36.36675921
1669812866.0207903,1264.3,1264.3,-0.62653149,-2.0,40.25064538
1669812926.3154578,1263.28,1263.28,-0.77306533,-2.55,35.16411939
1669812985.9095423,1263.26,1263.26,-0.81876395,-2.88,35.07060492
1669813046.0105655,1263.3,1263.3,-0.83894848,-2.6,35.44746449
1669813106.062211,1262.29,1262.29,-0.9892371,-3.54,30.6398931
1669813165.9341023,1258.5,1258.5,-1.56959148,-6.33,19.91575593
1669813225.962196,1258.81,1258.81,-1.72569346,-5.07,22.325591
1669813286.0406315,1260.93,1260.93,-1.54677503,-3.76,36.40887692
1669813346.0099714,1259.47,1259.47,-1.72786695,-4.37,32.10362659
1669813405.922631,1261.5,1261.5,-1.47308308,-2.81,42.30426996
1669813466.4954214,1261.4,1261.4,-1.39767995,-1.89,41.97256184
1669813525.9711728,1262.53,1262.53,-1.15544498,-0.73,47.07778463
1669813586.1775494,1261.82,1261.82,-1.12410908,-1.47,44.43752252
1669813646.2138517,1262.4,1262.4,-0.95976701,0.1,47.05183875
1669813705.9507456,1261.93,1261.93,-0.92338653,3.44,45.20029086
1669813765.9116082,1261.43,1261.43,-0.92628277,2.63,43.26580683
1669813826.0019934,1260.72,1260.72,-0.9864886,-0.22,40.57634912
1669813885.967588,1261.03,1261.03,-0.93421937,1.55,42.25673608
1669813946.0567534,1261.08,1261.08,-0.89492803,-0.41,42.53897463
1669814006.627319,1262.27,1262.27,-0.68946512,0.88,48.93985009
1669814065.9182322,1262.54,1262.54,-0.55559839,0.0,50.28760648
1669814126.578609,1263.83,1263.83,-0.27891178,2.01,56.23410337
1669814186.0230873,1270.58,1270.58,0.81337552,8.17,73.89242027
1669814245.9649713,1267.27,1267.27,0.77134641,5.34,60.92840438
1669814305.9478571,1266.46,1266.46,0.82137206,5.04,58.23136939
1669814366.0835707,1267.62,1267.62,1.06519475,6.9,60.90230537
1669814426.1831543,1267.66,1267.66,1.17786504,6.63,60.99486759
1669814485.9943976,1268.36,1268.36,1.34978618,7.28,62.64247945
1669814546.412819,1268.0,1268.0,1.37445082,5.74,61.19363934
1669814606.083943,1268.44,1268.44,1.46280194,5.89,62.33453103
1669814666.331196,1270.37,1270.37,1.76067352,6.53,66.93542412
1669814725.9448285,1270.41,1270.41,1.85838953,-0.16,67.04857724
1669814786.0893586,1269.62,1269.62,1.79959308,2.34,63.37610916
1669814845.9126318,1269.68,1269.68,1.79025974,3.22,63.54153683
1669814906.0369592,1270.43,1270.43,1.86482647,2.82,65.60836289
1669814965.9315882,1269.62,1269.62,1.74124287,1.96,61.57163489
1669815026.0799646,1270.55,1270.55,1.80605068,2.18,64.30546966
1669815086.3916223,1265.13,1265.13,1.01256004,-2.88,44.46094815
1669815145.9803777,1265.15,1265.15,0.72091469,-3.3,44.52902987
1669815206.3850057,1265.34,1265.34,0.50981096,-5.04,45.21608786
1669815266.0544865,1263.02,1263.02,-0.0018453,-7.39,38.899354
1669815326.0774908,1261.58,1261.58,-0.46124863,-8.04,35.57607045
1669815386.3575072,1261.96,1261.96,-0.67219751,-7.71,37.10741545
1669815446.0367854,1262.42,1262.42,-0.78729265,-8.0,39.00639316
1669815505.936735,1261.58,1261.58,-1.01661415,-8.04,36.83632131
1669815566.0491612,1262.83,1262.83,-0.95549397,-7.71,42.00680055
1669815626.6237774,1262.38,1262.38,-1.03784055,-2.75,40.71254346
1669815686.019841,1263.94,1263.94,-0.8431205,-1.21,46.81779143
1669815746.2453823,1263.76,1263.76,-0.8032733,-1.58,46.22008097
1669815806.100005,1263.73,1263.73,-0.75650675,0.72,46.12419941
1669815866.1078308,1263.64,1263.64,-0.72146778,2.07,45.78223433
1669815926.1674142,1263.69,1263.69,-0.67310065,1.74,46.01729763
1669815986.0903723,1263.17,1263.17,-0.70416899,0.74,43.88626619
1669816046.051477,1262.96,1262.96,-0.71705604,1.38,43.0167162
1669816106.1275375,1262.59,1262.59,-0.75940129,-0.24,41.48458336
1669816166.4325948,1262.31,1262.31,-0.80037121,-0.08,40.30580222
1669816226.1353755,1262.33,1262.33,-0.8017811,-1.6,40.45399437
1669816286.3021705,1261.62,1261.62,-0.89599096,-2.14,37.33589028
1669816346.2749522,1262.58,1262.58,-0.78012466,-1.14,43.66382482
1669816406.046213,1262.55,1262.55,-0.74468721,-1.09,43.52095808
1669816465.9463544,1261.45,1261.45,-0.86143511,-2.24,38.36615323
1669816525.9787023,1262.9,1262.9,-0.6699782,-0.27,47.22117949
1669816586.0590484,1262.64,1262.64,-0.63971069,-0.33,45.95143763
1669816646.115102,1262.68,1262.68,-0.58617731,0.1,46.19194905
1669816706.333398,1262.64,1262.64,-0.5457096,0.34,45.97164308
1669816765.9652717,1261.54,1261.54,-0.66078398,-0.8,40.2819616
1669816826.5191393,1262.54,1262.54,-0.53391563,0.92,46.74032373
1669816886.0660155,1262.33,1262.33,-0.52060938,-0.24,45.63002979
1669816946.071358,1263.2,1263.2,-0.36813203,0.66,50.86399754
1669817006.1339676,1263.46,1263.46,-0.2620857,2.01,52.34355403
1669817066.0881212,1263.21,1263.21,-0.22636383,0.32,50.76246456
1669817126.167507,1263.88,1263.88,-0.08608422,1.25,54.72389136
1669817186.4486823,1264.65,1264.65,0.09177693,1.97,58.82231763
1669817246.245859,1264.57,1264.57,0.17064734,1.93,58.23252734
1669817306.027397,1264.69,1264.69,0.25245915,3.15,58.89824759
1669817366.629202,1265.02,1265.02,0.35221347,2.49,60.75505082
1669817426.0784037,1264.78,1264.78,0.371812,2.46,58.68802956
1669817486.089974,1264.52,1264.52,0.36118452,1.33,56.44794171
1669817546.2355928,1264.13,1264.13,0.31110149,0.68,53.16649896
1669817606.0212717,1264.6,1264.6,0.35789159,1.38,56.48837561
1669817666.0734944,1264.79,1264.79,0.38796518,0.91,57.7911513
1669817726.069904,1264.61,1264.61,0.37041069,-0.04,56.10486606
1669817786.492812,1265.5,1265.5,0.48888259,0.93,62.08978251
1669817846.069618,1264.9,1264.9,0.43631409,0.21,56.52113337
1669817906.4909575,1264.85,1264.85,0.42058728,-0.16,56.06691179
1669817966.1673636,1264.97,1264.97,0.42356116,0.2,56.96086817
1669818026.211258,1264.89,1264.89,0.40163937,0.38,56.12474071
1669818086.0290306,1264.83,1264.83,0.3764144,0.69,55.48844661
1669818146.102628,1263.56,1263.56,0.17782212,-1.03,43.97680781
1669822968.190379,1265.99,1266.21,0.2352791,2.02,62.7628006
1669823028.1739886,1266.0,1266.08,0.27629546,1.74,61.88813905
1669823088.183471,1266.05,1266.04,0.31399341,1.38,61.51468942
1669823148.5035448,1265.75,1265.29,0.26351938,0.32,52.38171521
1669823208.2859008,1265.31,1265.3,0.2411346,0.39,52.48867656
1669823268.53258,1264.45,1264.85,0.13259031,-0.15,48.33268331
1669823328.2208066,1264.95,1265.49,0.15575024,0.12,54.12989475
1669823388.2025683,1265.65,1265.56,0.18192502,0.27,54.4625318
1669823448.3202112,1265.21,1265.73,0.1817388,0.7,55.46781096
1669823508.34432,1265.95,1266.66,0.28913455,0.67,61.79278137
1669823568.2621555,1266.76,1266.87,0.37914283,0.88,63.04687142
1669823628.3351443,1266.88,1266.55,0.41356441,0.5,59.71701327
1669823688.265609,1266.63,1266.98,0.47504912,1.24,62.85763109
1669823748.3791125,1266.37,1266.36,0.42639435,1.06,57.69421655
1669823808.5386071,1266.42,1267.28,0.49800075,2.82,64.30911796
1669823868.43142,1267.01,1267.43,0.54062974,2.48,65.37457364
1669823928.6732297,1267.58,1267.11,0.56844477,1.45,60.90673773
1669823988.3119276,1267.13,1267.55,0.61009078,2.34,63.90470489
1669824048.396214,1267.39,1267.99,0.66037797,2.04,66.66836757
1669824108.3017037,1267.98,1266.6,0.59012693,-0.16,53.16630878
1669824168.352086,1266.85,1266.43,0.53143909,-0.44,51.63265425
1669824228.2917674,1266.96,1266.51,0.50217712,-0.12,51.93404162
1669824288.3810055,1266.43,1265.34,0.34214296,-1.04,43.21403931
1669824348.6957524,1264.75,1265.06,0.15980235,-1.36,42.35686317
1669824408.351618,1264.66,1265.39,0.05306012,-1.63,45.38190603
1669824468.7032127,1265.72,1265.99,0.06201336,-1.6,49.66141646
1669824528.3095677,1266.15,1265.69,0.03361932,-1.44,47.59614162
1669824588.352861,1265.91,1267.17,0.13321871,-0.23,57.12051528
1669824648.5704286,1268.42,1268.0,0.3379423,0.02,60.02394804
1669824708.3944569,1269.5,1271.12,0.75764631,4.26,72.16358728
1669824768.3788724,1269.31,1268.28,0.6466845,1.32,58.60964167
1669824828.3494945,1270.56,1270.19,0.95829387,3.76,67.3963284
1669824888.66402,1269.93,1269.9,1.00986529,5.14,65.35938508
1669824948.4104269,1271.18,1270.9,1.21423539,6.24,67.75371819
1669825008.6266122,1270.77,1271.07,1.28606303,5.35,67.94387581
1669825068.3494456,1273.17,1272.02,1.53968962,5.87,66.6605634
1669825128.3576136,1272.51,1271.68,1.59267055,5.76,64.47284521
1669825188.295277,1271.32,1271.58,1.55526431,3.17,63.35189105
1669825248.3400764,1271.31,1270.73,1.44692276,1.24,59.0721944
1669825308.256712,1271.45,1271.6,1.47555639,2.29,63.53274387
1669825368.3270564,1271.1,1270.77,1.33917811,0.21,58.65460264
1669825428.521259,1270.6,1270.61,1.22570859,0.68,57.67171696
1669825488.3561532,1271.12,1271.15,1.20795272,-0.04,60.0774114
1669825548.9621472,1272.0,1272.28,1.29089513,1.5,64.66918844
1669825608.3266177,1271.88,1271.15,1.17326427,-2.01,57.76669434
1669825668.3908794,1272.1,1272.17,1.23261102,-0.33,63.99081101
1669825728.3554966,1272.36,1272.41,1.23653386,1.1,65.03659865
1669825788.3582857,1272.34,1271.83,1.16244582,0.52,60.38006962
1669825848.4387417,1271.89,1272.81,1.17802441,1.37,65.33590237
1669825908.4011858,1272.57,1272.33,1.12059872,1.24,62.16942733
1669825968.5196557,1271.64,1271.22,0.94555131,0.62,53.9535083
1669826028.418295,1271.02,1270.78,0.79457814,-0.34,51.03174635
1669826088.8387392,1270.81,1271.31,0.72324112,-0.69,54.35975685
1669826148.317289,1271.43,1271.29,0.66364455,-0.59,54.00709829
1669826208.3775754,1271.43,1271.17,0.60093016,-0.93,53.01195233
1669826268.2999313,1271.57,1271.57,0.59211682,-0.79,55.94866049
1669826328.3664565,1271.43,1272.06,0.58454578,-0.27,59.00030351
1669826388.367591,1270.93,1272.21,0.52183024,0.32,59.10721565
1669826448.5050282,1273.69,1275.38,0.88264398,2.8,71.65521931
1669826508.5096147,1274.02,1272.65,0.7606092,1.02,57.37025062
1669826568.4443436,1272.88,1272.05,0.70763185,1.02,53.57758289
1669826628.7385416,1271.34,1271.4,0.54872119,0.59,50.10432431
1669826688.4078343,1269.77,1270.29,0.27339146,-1.15,45.40045258
1669826748.3562546,1269.87,1270.33,0.13251791,-1.11,45.78949946
1669826808.2992415,1271.15,1270.39,0.10341786,-1.18,46.39594076
1669826868.2735794,1271.09,1270.74,0.09859906,-0.7,47.83268424
1669826928.4695022,1270.85,1271.89,0.14907911,0.97,53.78995222
1669826988.3881552,1271.94,1271.78,0.17435065,-1.92,53.09340606
1669827048.6568353,1272.49,1272.26,0.27104912,-1.76,55.18885889
1669827108.4079847,1271.9,1272.34,0.28354663,-0.54,55.33003273
1669827168.6402063,1272.04,1272.01,0.26779565,0.66,53.66128527
1669827228.395229,1271.96,1271.83,0.25308969,2.05,52.49268398
1669827288.490704,1272.45,1272.42,0.32767617,2.56,55.81834493
1669827348.4748826,1272.65,1272.86,0.3916536,1.7,58.31168983
1669827408.3929098,1272.48,1272.59,0.37862237,1.5,56.56166504
1669827468.3933785,1272.52,1273.89,0.48662421,3.03,63.66190914
1669827528.6405292,1273.08,1273.18,0.46355311,1.23,60.16337623
1669827588.7129438,1274.36,1274.03,0.63254325,1.53,63.21258811
1669827648.4913435,1273.42,1273.1,0.57098597,1.19,56.26752517
1669827708.7285151,1274.29,1273.78,0.68192175,1.73,59.01775762
1669827768.329453,1273.68,1273.22,0.63586935,1.26,55.16156102
1669827828.8942914,1272.98,1272.6,0.5357925,0.14,51.22160358
1669827888.575256,1272.33,1272.35,0.42969717,-0.29,49.75478039
1669827948.454299,1272.47,1272.33,0.36433839,-0.15,49.57534231
1669828008.4154365,1271.74,1271.51,0.19971889,-1.0,44.75815585
1669828068.5566394,1270.89,1271.41,0.05855395,-1.66,45.104673
1669828128.6302416,1271.54,1271.06,-0.03449235,-3.31,43.3318832
1669828188.5154643,1271.29,1271.39,-0.07462405,-2.02,45.26452376
1669828249.0223882,1271.9,1272.01,-0.03871185,-2.27,49.34770125
1669828308.4140246,1272.22,1272.12,-0.01967517,-1.55,50.00077392
1669828368.3316343,1271.74,1271.71,-0.07315608,-1.28,47.41286901
1669828428.4780395,1272.14,1272.16,-0.02871727,-0.18,50.43736454
1669828488.467945,1272.01,1272.0,-0.04245015,-0.48,49.33611703
1669828548.4650548,1271.8,1271.82,-0.06941199,0.07,48.07912846
1669828608.4136837,1271.82,1271.82,-0.07787002,0.93,48.07912846
1669828668.5023155,1272.27,1271.76,-0.06067991,0.23,47.6479284
1669828728.3977935,1271.72,1271.79,-0.0753315,0.51,47.96613462
1669828788.741745,1271.2,1271.22,-0.16401973,-0.67,43.81195019
1669828848.4706964,1271.16,1270.19,-0.28124661,-2.03,37.12029844
1669828908.7063365,1270.5,1269.57,-0.39711753,-2.18,33.66621792
1669828968.3165228,1269.0,1269.51,-0.54263265,-2.63,35.85965116
1669829028.4653668,1268.84,1267.81,-0.79046887,-4.2,26.28148264
1669829088.6322365,1267.03,1264.42,-1.25285256,-7.39,17.85897229
1669829148.4324777,1264.6,1262.51,-1.69275435,-9.31,14.89358666
1669829208.4116466,1264.13,1263.18,-1.87738316,-9.09,15.70379888
1669829268.4392374,1263.07,1263.62,-2.073556,-8.09,20.18447923
1669829328.7015724,1263.03,1264.28,-2.17919532,-6.93,25.80444994
1669829388.5094182,1263.99,1264.52,-2.19897735,-6.64,27.79459217
1669829448.884426,1264.36,1264.24,-2.2041073,-6.25,26.22720348
1669829508.3624425,1263.16,1262.84,-2.35182301,-6.15,22.63513559
1669829571.933821,1262.22,1263.08,-2.3922855,-5.77,27.82430467
1669829628.3408153,1263.23,1263.36,-2.32515903,-3.67,29.77378264
1669829688.4493463,1262.38,1263.73,-2.28629648,-0.88,35.35356352
1669829748.4860358,1264.48,1264.18,-2.0870792,0.06,38.36093041
1669829808.504968,1264.29,1264.36,-1.93356952,1.3,39.16115898
1669829868.8294668,1263.06,1264.03,-1.90328978,0.99,39.99434504
1669829928.4704225,1263.09,1264.0,-1.83754022,0.0,40.19596572
1669829988.9110594,1263.95,1264.07,-1.70383236,-0.29,40.62155463
1669830048.529088,1264.11,1263.9,-1.58824717,0.75,39.96319216
1669830108.522031,1264.44,1264.9,-1.36781746,2.69,45.51647649
1669830168.420454,1265.5,1266.53,-1.04692045,3.29,53.66798913
1669830228.5072544,1266.24,1266.35,-0.85329458,3.96,52.90647189
1669830288.4834442,1266.46,1266.57,-0.65003549,2.09,53.99465741
1669830348.349542,1266.28,1266.45,-0.51644702,2.17,53.3333021
1669830408.998755,1266.6,1266.58,-0.36940537,3.51,54.00271748
1669830468.5104673,1267.11,1266.5,-0.23186492,3.41,52.82447945
1669830528.7133136,1265.89,1266.09,-0.2248735,2.14,50.52437424
1669830588.5712783,1265.98,1266.64,-0.14284974,2.54,53.65715786
1669830648.3739662,1266.97,1267.01,-0.02023366,2.56,55.54128502
1669830708.4725344,1266.82,1266.7,0.0190164,1.2,53.58470809
1669830768.4466884,1266.7,1266.18,0.02056957,-0.06,50.13218364
1669830828.400009,1265.95,1265.16,-0.07398129,-1.29,44.21163328
1669830888.5576353,1264.74,1264.64,-0.20080697,-1.65,41.63024487
1669830948.7779236,1265.99,1265.95,-0.08274426,-0.64,49.49748343
1669831008.544907,1266.09,1266.59,-0.01462456,-0.53,53.09679715
1669831068.851133,1266.66,1266.56,0.03269638,0.66,52.81561848
1669831128.5331342,1266.02,1265.65,-0.04206869,-0.32,47.50075155
1669831188.546932,1265.32,1266.0,-0.05819579,-0.96,49.84461338
1669831248.473088,1266.1,1265.65,-0.07130413,-1.16,47.85202969
1669831308.5120504,1264.63,1264.5,-0.24095577,-2.2,42.34172748
1669831368.467231,1265.34,1264.91,-0.22417671,-1.04,44.90486232
1669831428.5194705,1265.64,1265.33,-0.18188531,0.6,47.03240691
1669831488.910848,1266.0,1265.69,-0.12231936,-0.31,48.91624004
1669831548.478101,1265.56,1265.06,-0.17501065,-1.03,45.48328223
1669831608.7988598,1264.43,1265.44,-0.21403722,-1.23,48.38725532
1669831668.4737024,1265.01,1265.15,-0.25241752,-0.86,46.87326484
1669831728.5739434,1264.92,1264.64,-0.30696987,-0.68,44.03253494
1669831788.4955187,1264.53,1264.77,-0.32886677,-1.33,45.12461678
1669831848.480564,1265.22,1264.97,-0.29234555,0.33,46.53031627
1669831908.5599434,1265.19,1265.49,-0.2328689,0.16,49.82569231
1669831968.5063424,1266.26,1266.81,-0.04464273,1.17,57.32504565
1669832028.880757,1266.52,1267.24,0.07165284,1.24,59.63973099
1669832088.555326,1267.31,1267.91,0.23783451,2.36,62.84212504
1669832149.0818238,1268.27,1267.74,0.3701757,3.31,60.39943924
1669832208.496137,1267.43,1266.97,0.36600094,1.96,55.26347657
1669832268.674175,1267.38,1267.5,0.44546529,2.57,58.60374035
1669832328.684215,1267.02,1267.03,0.41058199,2.5,55.47210334
1669832388.5778358,1267.2,1266.73,0.39510218,1.52,52.96841429
1669832448.6892836,1265.77,1264.88,0.15990059,-0.31,42.36539839
1669832508.6387088,1265.35,1265.38,0.10387755,-0.88,44.92271194
1669832568.7523382,1265.1,1265.23,-0.00040982,-1.29,44.30544218
1669832628.4927084,1265.75,1265.74,0.00809886,-1.57,47.79672238
1669832688.915533,1265.85,1265.44,-0.03436761,-2.84,45.902262
1669832748.4837675,1265.58,1265.11,-0.09306538,-2.32,43.7827068
1669832808.5304766,1265.85,1265.15,-0.09796613,-2.23,44.13517521
1669832868.5348604,1265.27,1264.85,-0.16223883,-2.18,42.21845596
1669832928.7525387,1265.33,1265.65,-0.12548993,-1.56,47.99793087
1669832988.5615675,1265.42,1263.9,-0.27841877,-1.86,36.69328266
1669833048.4261165,1262.59,1270.32,0.04952536,4.96,64.73394853
1669833108.556667,1273.49,1275.81,1.020971,10.71,74.01594357
1669833169.5170882,1275.31,1273.43,1.35167307,7.68,66.46846045
1669833228.9583406,1268.46,1268.79,0.95037851,2.93,53.87773387
1669833288.5535295,1271.63,1273.0,1.44776401,7.43,61.03047637
1669833348.9194949,1272.35,1271.66,1.49590287,5.82,58.30437217
1669833408.4922132,1274.5,1274.61,1.96744023,9.33,63.55953402
1669833468.6202002,1271.62,1271.71,1.72208036,6.38,56.68658132
1669833528.4440527,1272.72,1277.26,2.20079593,11.83,65.02077699
1669833588.6211095,1284.16,1279.82,3.11808446,17.24,63.45113941
1669833648.5752091,1279.93,1280.81,3.45448598,7.33,64.53815469
1669833708.5771737,1278.69,1276.27,3.18031011,0.97,57.24705659
1669833768.780235,1276.06,1277.89,3.17742782,9.44,59.16118679
1669833828.6017685,1274.74,1271.68,2.4626901,0.04,49.96711176
1669833888.837926,1272.92,1273.57,2.2986603,1.22,52.77125705
1669833948.5885272,1273.99,1272.54,2.01077063,-1.96,50.9345231
1669834008.5523698,1271.99,1273.27,1.76040129,1.64,52.11357062
1669834068.4842892,1271.17,1273.38,1.45675032,0.67,52.41204279
1669834128.5121975,1274.42,1276.28,1.62951298,-7.89,56.69332607
1669834188.575919,1277.62,1278.45,1.93693548,-1.47,59.56885633
1669834249.5239277,1279.05,1277.71,2.04927791,-0.99,57.72089989
1669834308.9414592,1277.45,1278.68,2.13843259,2.62,58.98345805
1669834368.464019,1276.76,1277.3,1.97120844,2.56,56.75120999
1669834428.7682228,1276.91,1277.31,1.91512993,4.39,56.81396629
1669834548.5585632,1277.12,1278.56,1.87112991,6.56,58.94796323
1669834608.5856173,1278.55,1277.64,1.82313253,6.48,56.66924193
1669834668.993956,1277.34,1278.32,1.8023851,3.9,57.82469429
1669834728.4955173,1279.35,1280.55,2.02442879,2.93,61.66811088
1669834788.5611286,1280.34,1280.52,2.0962476,1.48,61.6419343
1669834849.215861,1278.26,1280.12,1.97003287,2.67,59.38273685
1669834908.5491562,1281.0,1281.35,2.14288924,4.6,61.40087962
1669834969.0085266,1281.47,1281.36,2.20708664,4.45,61.28954709
1669835028.667833,1282.21,1284.14,2.49823415,7.62,65.97275166
1669835088.6107469,1283.34,1284.81,2.65016257,7.69,67.0932185
1669835148.660349,1288.12,1286.3,3.11109278,7.76,66.26699741
1669835208.5941076,1285.79,1285.43,3.12908024,8.08,64.0030772
1669835268.5648034,1285.52,1285.23,3.12897741,5.89,63.42519765
1669835328.610425,1286.99,1285.54,3.2213584,5.2,62.3637507
1669835388.8511724,1284.31,1284.79,3.01081667,6.54,60.1222392
1669835448.6691284,1283.91,1286.28,2.95370214,5.28,62.36771723
1669835508.85314,1287.48,1290.32,3.32647202,8.85,67.97839466
1669835568.5077524,1290.95,1292.72,3.73525024,10.52,70.7736138
1669835628.6073372,1293.54,1293.16,4.05918029,9.81,70.59646024
1669835688.6549895,1293.4,1292.11,4.14710052,3.99,67.62728395
1669835748.7041855,1294.6,1290.44,4.17323935,4.65,61.69542464
1669835808.594085,1293.77,1291.98,4.31848154,6.46,64.99355314
1669835868.5998423,1295.86,1296.5,4.77447909,9.5,73.42162663
1669835928.9583445,1296.7,1297.75,4.94748316,13.44,74.84316786
1669835988.5307305,1296.47,1297.56,4.91706516,13.64,74.14223479
1669836048.984932,1298.73,1298.04,5.02943327,10.55,73.11942036
1669836108.4863734,1298.26,1298.02,4.99961051,7.07,72.99216398
1669836168.5285647,1299.04,1297.63,4.93723071,4.09,69.79226167
1669836228.6584756,1298.6,1298.27,4.87914025,4.86,71.89994893
1669836288.5538287,1296.86,1296.31,4.47420478,1.71,65.01179092
1669836348.6846368,1296.71,1294.98,4.11323905,1.21,60.45210186
1669836408.6719277,1296.96,1295.82,3.94750529,-0.04,62.55392937
1669836468.8922942,1295.99,1295.84,3.66036291,-0.87,62.58374208
1669836528.6368651,1296.5,1296.71,3.49310673,0.28,64.7470003
1669836588.8272204,1296.32,1296.08,3.20673175,-2.64,62.52129227
1669836648.6721456,1295.77,1295.21,2.8810841,-3.05,58.92148295
1669836708.6877906,1293.49,1289.75,2.07162296,-9.29,42.36972699
1669836768.5384212,1291.24,1290.53,1.67531258,-8.07,44.05159358
1669836828.6709096,1289.0,1289.14,1.04748035,-7.72,40.88990908
1669836888.6678302,1289.89,1290.22,0.77223869,-6.5,44.43426309
1669836948.7161498,1290.19,1290.11,0.48967081,-6.86,44.11407463
1669837008.8121834,1290.26,1289.1,0.19324918,-6.89,41.33877132
1669837068.600214,1289.28,1289.18,-0.03309915,-7.32,41.52704435
1669837129.1499536,1288.93,1288.92,-0.25683273,-7.4,40.80317489
1669837188.5837033,1287.6,1287.81,-0.58281037,-7.95,38.15163184
1669837248.841641,1287.25,1288.88,-0.6994494,-4.61,43.23474612
1669837308.651535,1288.82,1289.19,-0.7274446,-2.05,44.48138568
1669837368.5968175,1287.8,1287.65,-0.9457888,-1.35,39.64633392
1669837428.7055333,1287.21,1287.25,-1.0782032,-2.65,38.64399619
1669837488.7207675,1286.92,1286.2,-1.2456202,-3.99,35.62442236
1669837548.621241,1286.2,1287.62,-1.22807518,-2.64,42.16769281
1669837608.707592,1287.83,1287.92,-1.16409331,-1.36,43.4150905
1669837669.227394,1287.37,1286.82,-1.23483204,-2.12,39.83080624
1669837728.7344005,1285.8,1285.24,-1.43067844,-2.38,35.45693229
1669837842.9414344,1286.75,1286.75,-1.29694073,-2.06,41.44918259
1669837848.6179368,1286.75,1287.28,-1.25466153,-1.53,43.87170464
1669837908.6235385,1288.0,1288.32,-1.04725516,0.53,48.19770676
1669837968.5929475,1288.79,1288.33,-0.88870217,1.13,48.23185705
1669838028.9887624,1289.02,1288.01,-0.76614063,1.09,46.88868645
1669838088.7023418,1287.4,1287.11,-0.81450034,0.9,43.71395752
1669838164.5935285,1288.13,1288.13,-0.66140843,0.3,47.82477025
1669838209.0540836,1287.12,1286.62,-0.77971385,-0.76,42.40947286
1669838268.5588834,1286.38,1285.87,-0.87438801,0.06,39.92695757
1669838329.136661,1286.63,1287.11,-0.77911333,1.13,45.11736876
1669838388.539921,1286.89,1286.62,-0.79510196,-0.14,43.00531308
1669838448.5939126,1287.2,1287.63,-0.66852555,-0.38,47.81329846
1669838528.6919942,1287.06,1286.98,-0.68494556,-1.81,44.66080088
1669838568.6526985,1286.96,1286.27,-0.71224987,-2.76,41.43292559
1669838628.725598,1286.69,1285.92,-0.7263276,-1.48,39.77272622
1669838688.6823242,1285.5,1285.26,-0.83384725,-2.86,37.11730902
1669838748.9385693,1286.04,1285.52,-0.81293681,-1.6,39.27961108
1669838808.7559197,1285.43,1285.77,-0.82226446,-0.62,41.14266632
1669838869.0095894,1286.52,1286.12,-0.74107983,-0.5,43.64995503
1669838928.6324732,1286.5,1286.84,-0.63382175,-0.05,47.47101245
1669838988.676629,1285.68,1287.05,-0.62101624,-0.15,49.35764126
1669839048.580757,1287.24,1287.8,-0.46050067,0.74,53.01933326
1669839108.610413,1287.99,1287.76,-0.33285635,0.8,52.62337541
1669839168.6416128,1288.26,1288.34,-0.16325287,1.65,55.5204907
1669839228.6389418,1287.92,1287.3,-0.16921789,1.8,49.68919626
1669839289.1858916,1286.95,1287.48,-0.15229491,1.43,50.77448772
1669839348.7562692,1287.44,1286.97,-0.15858226,1.54,48.03984773
1669839408.889364,1287.02,1288.25,-0.05402236,1.74,54.70962389
1669839468.6793404,1288.4,1288.62,0.06351768,2.11,56.41221456
1669839533.0988238,1289.3,1288.25,0.1584904,2.56,53.39864003
1669839588.748509,1289.22,1289.24,0.32606957,2.0,58.8681781
1669839648.6493337,1290.05,1290.09,0.51134288,2.1,62.44440648
1669839708.5966015,1290.26,1290.08,0.60972083,1.81,61.84067301
1669839768.7028828,1290.6,1290.48,0.73316011,2.56,63.61392914
1669839828.9612658,1290.3,1292.34,0.92630676,5.38,69.94653945
1669839888.6231203,1291.9,1291.55,0.98882237,4.1,65.94252715
1669839948.944218,1291.51,1291.87,1.07647143,4.84,67.03029874
1669840008.5733173,1292.83,1292.78,1.26709424,4.38,69.82507637
1669840068.7356322,1293.31,1292.39,1.34415096,3.08,65.02367228
1669840128.682517,1292.61,1292.82,1.40392315,3.61,67.27811062
1669840188.7589626,1292.58,1292.1,1.34877751,2.05,62.69780909
1669840248.5926805,1292.48,1291.73,1.29846512,1.47,59.83323376
1669840308.7972608,1291.33,1291.32,1.16254083,0.72,57.13815658
1669840390.7912257,1291.07,1291.21,1.04425137,0.91,56.25457954
1669840428.799868,1291.22,1291.27,0.96008534,-0.64,56.59574364
1669840489.1062057,1291.53,1292.62,1.00690797,1.11,63.41431298
1669840548.7226703,1292.78,1292.31,1.00037698,-0.52,60.57170627
1669840608.7748775,1293.06,1293.03,1.07749767,-0.29,65.09574488
1669840668.7727673,1293.0,1293.21,1.09190233,0.59,65.84083848
1669840728.764379,1292.01,1291.83,0.90862572,-0.76,55.68058491
1669840788.8336997,1291.9,1292.39,0.87804541,-0.09,58.97510636
1669840848.7410705,1292.53,1292.43,0.85275974,1.11,58.87020281
1669840909.05551,1292.76,1292.63,0.84951939,1.56,59.85789419
1669840968.7542806,1292.31,1291.64,0.71800049,0.43,52.16359272
1669841029.006142,1291.82,1291.84,0.6550577,0.31,53.58423421
1669841088.7068317,1292.08,1291.49,0.57388097,-1.28,50.59894131
1669841148.7955,1292.22,1292.29,0.59689481,-0.76,56.58589854
1669841208.6771517,1292.27,1291.83,0.52395588,-1.17,52.48996631
1669841268.7857962,1291.72,1291.51,0.42979605,-0.5,49.81093905
1669841328.731309,1291.76,1291.8,0.39777349,-0.09,52.2458363
1669841388.9547486,1291.91,1291.57,0.34094497,-0.97,49.94294198
1669841448.960893,1291.63,1291.41,0.27658364,-1.34,48.41483722
1669841508.704864,1291.83,1291.28,0.23351288,-1.02,47.10929059
1669841569.0588603,1291.28,1291.61,0.19842276,-0.22,50.31338151
1669841628.7362766,1291.78,1291.32,0.15538075,-0.77,47.60510907
1669841688.7124934,1291.32,1291.55,0.12761032,-0.67,49.80573265
1669841748.81915,1291.23,1291.1,0.04940815,-1.16,45.59925445
1669841808.6526775,1291.95,1291.78,0.1141632,0.07,51.86483225
1669841868.885564,1291.98,1292.1,0.14707588,0.33,54.9245322
1669841928.7155938,1292.71,1293.22,0.28622607,1.3,63.3746258
1669841988.8553443,1293.49,1294.7,0.48793653,3.06,71.25377263
1669842048.690782,1295.29,1295.99,0.76340572,4.17,76.00120255
1669842108.7001507,1295.54,1294.1,0.75516976,2.81,61.13872679
1669842168.6622424,1294.15,1296.16,0.93564594,4.38,69.72504932
1669842339.1401606,1295.09,1295.09,0.97714673,3.13,64.28941567
1669842348.6456046,1295.09,1295.56,1.0146396,3.6,66.43153047
1669842408.725167,1295.22,1294.19,0.91523917,2.22,56.52097143
1669842468.7351472,1294.46,1295.03,0.93057815,2.32,61.51909748
1669842528.76465,1294.24,1293.16,0.7179109,-0.32,49.05638987
1669842588.7522628,1291.56,1290.79,0.30426416,-4.5,37.58502463
1669842648.7949443,1290.33,1291.28,0.08871137,-4.26,41.75136792
1669842708.7421849,1291.59,1290.89,-0.06568919,-3.26,40.55811862
