time,price,change_price,rsi,coin_allocation,cash_allocation,coin_balance,cash_balance,total_balance,profit,total_profit
1668394854.955629,16164.98,x,73.01190822,0.0,1.0,0.0,1000.0,1000.0,x,x
1668394914.7769954,16196.63,31.649999999999636,79.50226712,0.0,1.0,0.0,1000.0,1000.0,0.0,0.0
1668394974.776617,16170.81,-25.81999999999971,70.04293172,0.0,1.0,0.0,1000.0,1000.0,0.0,0.0
1668395035.993375,16161.0,-9.80999999999949,66.87285706,0.0,1.0,0.0,1000.0,1000.0,0.0,0.0
1668395095.6414485,16138.4,-22.600000000000364,60.059576,0.0,1.0,0.0,1000.0,1000.0,0.0,0.0
1668395155.7479997,16141.0,2.600000000000364,60.01127903,0.0,1.0,0.0,1000.0,1000.0,0.0,0.0
1668395216.233584,16131.84,-9.159999999999854,58.11845765,0.0,1.0,0.0,1000.0,1000.0,0.0,0.0
1668395275.7033336,16143.75,11.909999999999854,60.68559396,0.0,1.0,0.0,1000.0,1000.0,0.0,0.0
1668395335.7059472,16142.2,-1.5499999999992724,59.526718,0.0,1.0,0.0,1000.0,1000.0,0.0,0.0
1668395396.961243,16154.0,11.799999999999272,61.89360201,0.0,1.0,0.0,1000.0,1000.0,0.0,0.0
1668395455.7144697,16145.98,-8.020000000000437,59.62155743,0.0,1.0,0.0,1000.0,1000.0,0.0,0.0
1668395515.7002983,16150.03,4.050000000001091,60.66936125,0.0,1.0,0.0,1000.0,1000.0,0.0,0.0
1668395576.0798917,16159.9,9.869999999998981,62.89046293,0.0,1.0,0.0,1000.0,1000.0,0.0,0.0
1668395635.774388,16153.0,-6.899999999999636,60.41842934,0.0,1.0,0.0,1000.0,1000.0,0.0,0.0
1668395696.0492458,16154.03,1.0300000000006548,60.51781225,0.0,1.0,0.0,1000.0,1000.0,0.0,0.0
1668395755.8340647,16161.23,7.199999999998909,62.35603021,0.0,1.0,0.0,1000.0,1000.0,0.0,0.0
1668395815.7294946,16166.07,4.8400000000001455,63.11477879,0.0,1.0,0.0,1000.0,1000.0,0.0,0.0
1668395875.669508,16169.22,3.149999999999636,63.90336864,0.0,1.0,0.0,1000.0,1000.0,0.0,0.0
1668395935.761667,16162.49,-6.729999999999563,60.96302538,0.0,1.0,0.0,1000.0,1000.0,0.0,0.0
1668395995.782388,16128.0,-34.48999999999978,48.1858142,1.0,0.0,0.0620039682539682,0.0,1000.0,0.0,0.0
1668396055.840808,16137.1,9.100000000000364,51.1484063,0.0,1.0,0.0,1000.5642361111104,1000.5642361111104,0.56423611111029,0.0
1668396115.6922514,16130.33,-6.770000000000437,48.94159806,1.0,0.0,0.0620299917057562,0.0,1000.5642361111104,0.0,0.0
1668396175.9032643,16129.71,-0.6200000000008004,48.76117257,1.0,0.0,0.0620299917057562,0.0,1000.5257775162528,-0.038458594857615935,0.0
1668396235.6582816,16130.08,0.37000000000080036,48.88756288,1.0,0.0,0.0620299917057562,0.0,1000.548728613184,0.022951096931251413,0.0
1668396296.777974,16140.63,10.549999999999272,52.75264469,0.0,1.0,0.0,1001.2031450256796,1001.2031450256796,0.6544164124956069,0.0
1668396355.672819,16161.0,20.3700000000008,58.88411654,0.0,1.0,0.0,1001.2031450256796,1001.2031450256796,0.0,0.0
1668396415.971593,16160.49,-0.5100000000002183,58.08621918,0.0,1.0,0.0,1001.2031450256796,1001.2031450256796,0.0,0.0
1668396475.963952,16169.96,9.469999999999345,60.17996017,0.0,1.0,0.0,1001.2031450256796,1001.2031450256796,0.0,0.0
1668396535.82128,16159.83,-10.1299999999992,56.2612558,0.0,1.0,0.0,1001.2031450256796,1001.2031450256796,0.0,0.0
1668396595.7158806,16166.45,6.6200000000008,58.09463904,0.0,1.0,0.0,1001.2031450256796,1001.2031450256796,0.0,0.0
1668396655.8306942,16164.88,-1.570000000001528,57.13752509,0.0,1.0,0.0,1001.2031450256796,1001.2031450256796,0.0,0.0
1668396715.9399762,16185.2,20.320000000001528,63.18582656,0.0,1.0,0.0,1001.2031450256796,1001.2031450256796,0.0,0.0
1668396775.732078,16176.44,-8.760000000000218,60.638095,0.0,1.0,0.0,1001.2031450256796,1001.2031450256796,0.0,0.0
1668396835.8066382,16186.0,9.55999999999949,63.54138005,0.0,1.0,0.0,1001.2031450256796,1001.2031450256796,0.0,0.0
1668396895.7970705,16184.63,-1.3700000000008004,62.58749857,0.0,1.0,0.0,1001.2031450256796,1001.2031450256796,0.0,0.0
1668396955.718572,16185.0,0.37000000000080036,62.56644157,0.0,1.0,0.0,1001.2031450256796,1001.2031450256796,0.0,0.0
1668397016.0836897,16169.33,-15.670000000000073,55.04132264,0.0,1.0,0.0,1001.2031450256796,1001.2031450256796,0.0,0.0
1668397076.0797756,16178.79,9.460000000000946,57.94189237,0.0,1.0,0.0,1001.2031450256796,1001.2031450256796,0.0,0.0
1668397136.0499742,16171.67,-7.1200000000008,54.74580501,0.0,1.0,0.0,1001.2031450256796,1001.2031450256796,0.0,0.0
1668397195.6527152,16169.55,-2.1200000000008004,53.20401206,0.0,1.0,0.0,1001.2031450256796,1001.2031450256796,0.0,0.0
1668397255.7027535,16166.84,-2.709999999999127,52.0937809,0.0,1.0,0.0,1001.2031450256796,1001.2031450256796,0.0,0.0
1668397315.8983276,16174.0,7.1599999999998545,54.96922333,0.0,1.0,0.0,1001.2031450256796,1001.2031450256796,0.0,0.0
1668397375.8101065,16169.67,-4.329999999999927,53.2883754,0.0,1.0,0.0,1001.2031450256796,1001.2031450256796,0.0,0.0
1668397435.7893667,16161.77,-7.899999999999636,49.39203962,1.0,0.0,0.0619488549228011,0.0,1001.2031450256796,0.0,0.0
1668397495.799966,16153.07,-8.700000000000728,45.57775359,1.0,0.0,0.0619488549228011,0.0,1000.6641899878508,-0.5389550378289414,0.0
1668397555.8947885,16161.85,8.780000000000655,49.81773024,1.0,0.0,0.0619488549228011,0.0,1001.208100934073,0.5439109462221268,0.0
1668397615.861675,16157.32,-4.530000000000655,47.67485714,1.0,0.0,0.0619488549228011,0.0,1000.9274726212726,-0.2806283128003315,0.0
1668397675.8794625,16175.99,18.670000000000073,56.36995616,0.0,1.0,0.0,1002.0840577426814,1002.0840577426814,1.1565851214087388,0.0
1668397735.6425247,16186.0,10.010000000000218,60.17363316,0.0,1.0,0.0,1002.0840577426814,1002.0840577426814,0.0,0.0
1668397795.9310331,16196.94,10.94000000000051,64.07342225,0.0,1.0,0.0,1002.0840577426814,1002.0840577426814,0.0,0.0
1668397855.9525735,16184.85,-12.090000000000146,58.70489555,0.0,1.0,0.0,1002.0840577426814,1002.0840577426814,0.0,0.0
1668397915.9734533,16177.43,-7.420000000000073,54.56646435,0.0,1.0,0.0,1002.0840577426814,1002.0840577426814,0.0,0.0
1668397975.704109,16147.79,-29.639999999999418,41.99004929,1.0,0.0,0.0620570404831051,0.0,1002.0840577426814,0.0,0.0
1668398035.79842,16151.44,3.649999999999636,43.1561566,1.0,0.0,0.0620570404831051,0.0,1002.3105659404432,0.22650819776174558,0.0
1668398095.893715,16150.2,-1.2399999999997817,42.61009029,1.0,0.0,0.0620570404831051,0.0,1002.233615210244,-0.07695073019920073,0.0
1668398155.8348048,16140.26,-9.94000000000051,38.62079912,1.0,0.0,0.0620570404831051,0.0,1001.616768227842,-0.6168469824020804,0.0
1668398216.1585436,16148.13,7.869999999998981,43.8722325,1.0,0.0,0.0620570404831051,0.0,1002.1051571364438,0.4883889086017916,0.0
1668398275.8538876,16147.96,-0.17000000000007276,43.93141108,1.0,0.0,0.0620570404831051,0.0,1002.0946074395616,-0.010549696882094395,0.0
1668398335.928895,16129.52,-18.43999999999869,37.50127952,1.0,0.0,0.0620570404831051,0.0,1000.9502756130532,-1.144331826508278,0.0
1668398395.8786178,16144.7,15.180000000000291,44.11579596,1.0,0.0,0.0620570404831051,0.0,1001.8923014875868,0.9420258745336696,0.0
1668398455.8064885,16135.36,-9.340000000000146,39.92583206,1.0,0.0,0.0620570404831051,0.0,1001.3126887294748,-0.5796127581120345,0.0
1668398515.7809677,16145.63,10.269999999998618,44.9742588,1.0,0.0,0.0620570404831051,0.0,1001.9500145352362,0.6373258057614066,0.0
1668398575.9635854,16139.47,-6.1599999999998545,41.62917481,1.0,0.0,0.0620570404831051,0.0,1001.5677431658602,-0.38227136937598516,0.0
1668398636.5836103,16140.72,1.25,42.75803766,1.0,0.0,0.0620570404831051,0.0,1001.645314466464,0.07757130060394957,0.0
1668398695.8276863,16123.7,-17.019999999998618,35.99177365,1.0,0.0,0.0620570404831051,0.0,1000.5891036374416,-1.0562108290223478,0.0
1668398755.9195728,16127.9,4.199999999998909,38.52742995,1.0,0.0,0.0620570404831051,0.0,1000.8497432074709,0.26063957002918414,0.0
1668398815.7057295,16127.44,-0.4599999999991269,38.5162522,1.0,0.0,0.0620570404831051,0.0,1000.8211969688484,-0.028546238622311648,0.0
1668398875.9844232,16114.2,-13.239999999999782,33.30331013,1.0,0.0,0.0620570404831051,0.0,999.9995617528522,-0.8216352159962526,0.0
1668398935.950307,16111.98,-2.220000000001164,32.51033232,1.0,0.0,0.0620570404831051,0.0,999.8617951229796,-0.1377666298725444,0.0
1668398995.8996613,16105.75,-6.229999999999563,30.32510239,1.0,0.0,0.0620570404831051,0.0,999.47517976077,-0.38661536220968173,0.0
1668399056.531658,16093.44,-12.30999999999949,26.51796614,1.0,0.0,0.0620570404831051,0.0,998.711257592423,-0.7639221683469941,0.0
1668399115.7614405,16108.01,14.569999999999709,37.12371558,1.0,0.0,0.0620570404831051,0.0,999.6154286722616,0.9041710798387612,0.0
1668399175.921888,16102.37,-5.639999999999418,35.58364811,1.0,0.0,0.0620570404831051,0.0,999.2654269639372,-0.3500017083244984,0.0
1668399235.8624558,16103.33,0.9599999999991269,35.85869796,1.0,0.0,0.0620570404831051,0.0,999.3250017228008,0.059574758863618626,0.0
1668399296.0124736,16097.0,-6.329999999999927,33.69099125,1.0,0.0,0.0620570404831051,0.0,998.9321806565428,-0.39282106625807955,0.0
1668399355.8522513,16085.83,-11.170000000000073,30.24712927,1.0,0.0,0.0620570404831051,0.0,998.2390035143465,-0.6931771421963049,0.0
1668399415.73854,16077.23,-8.600000000000364,30.03181105,1.0,0.0,0.0620570404831051,0.0,997.7053129661916,-0.5336905481547092,0.0
1668399475.788297,16043.57,-33.659999999999854,21.127015,1.0,0.0,0.0620570404831051,0.0,995.6164729835303,-2.0888399826611703,0.0
1668399536.0497346,16029.16,-14.409999999999854,18.91773925,1.0,0.0,0.0620570404831051,0.0,994.7222310301688,-0.8942419533614157,0.0
1668399595.914509,15977.2,-51.95999999999913,14.84483893,1.0,0.0,0.0620570404831051,0.0,991.4977472066668,-3.2244838235019415,0.0
1668399655.9362228,15941.91,-35.29000000000087,18.86780133,1.0,0.0,0.0620570404831051,0.0,989.307754248018,-2.1899929586487588,0.0
1668399715.9547348,15960.0,18.090000000000146,25.2778317,1.0,0.0,0.0620570404831051,0.0,990.4303661103572,1.1226118623393404,0.0
1668399776.0152369,15972.14,12.139999999999418,28.99454147,1.0,0.0,0.0620570404831051,0.0,991.1837385818222,0.7533724714650134,0.0
1668399836.0597222,15949.27,-22.86999999999898,25.89262359,1.0,0.0,0.0620570404831051,0.0,989.7644940659736,-1.4192445158485043,0.0
1668399895.993472,15985.0,35.72999999999956,33.30971558,1.0,0.0,0.0620570404831051,0.0,991.981792122435,2.2172980564613454,0.0
1668399956.8100262,15997.81,12.80999999999949,37.39926378,1.0,0.0,0.0620570404831051,0.0,992.7767428110236,0.7949506885885285,0.0
1668400015.893165,15971.0,-26.80999999999949,30.87702992,1.0,0.0,0.0620570404831051,0.0,991.1129935556716,-1.6637492553520588,0.0
1668400075.8666098,15980.66,9.659999999999854,34.20006835,1.0,0.0,0.0620570404831051,0.0,991.7124645667384,0.5994710110667256,0.0
1668400135.9043505,15965.55,-15.110000000000582,32.80992093,1.0,0.0,0.0620570404831051,0.0,990.7747826850384,-0.9376818816998593,0.0
1668400195.9945643,15965.58,0.030000000000654836,32.83940591,1.0,0.0,0.0620570404831051,0.0,990.7766443962532,0.001861711214701245,0.0
1668400255.857916,15955.39,-10.19000000000051,33.2714189,1.0,0.0,0.0620570404831051,0.0,990.1442831537304,-0.6323612425229612,0.0
1668400315.9896374,15990.62,35.23000000000138,43.26070562,1.0,0.0,0.0620570404831051,0.0,992.33055268995,2.1862695362196973,0.0
1668400375.905552,16000.94,10.319999999999709,45.85219273,1.0,0.0,0.0620570404831051,0.0,992.9709813477356,0.6404286577857192,0.0
1668400436.588025,16010.37,9.430000000000291,48.1084605,1.0,0.0,0.0620570404831051,0.0,993.5561792394914,0.5851978917557972,0.0
1668400496.044251,16012.57,2.1999999999989086,48.60156422,1.0,0.0,0.0620570404831051,0.0,993.6927047285542,0.13652548906281936,0.0
1668400555.8873324,16005.0,-7.569999999999709,46.83864208,1.0,0.0,0.0620570404831051,0.0,993.2229329320973,-0.4697717964570529,0.0
1668400615.889323,15985.76,-19.23999999999978,42.57173919,1.0,0.0,0.0620570404831051,0.0,992.028955473202,-1.1939774588951195,0.0
1668400675.9728253,15977.28,-8.479999999999563,40.83070403,1.0,0.0,0.0620570404831051,0.0,991.5027117699054,-0.5262437032965863,0.0
1668400735.8716643,15959.0,-18.280000000000655,37.2225905,1.0,0.0,0.0620570404831051,0.0,990.3683090698744,-1.1344027000311598,0.0
1668400796.1326473,15965.69,6.690000000000509,38.71476925,1.0,0.0,0.0620570404831051,0.0,990.7834706707064,0.4151616008318797,0.0
1668400855.9019775,15950.02,-15.670000000000073,35.35466515,1.0,0.0,0.0620570404831051,0.0,989.811036846336,-0.9724338243703414,0.0
1668400917.241721,15968.83,18.80999999999949,40.41312115,1.0,0.0,0.0620570404831051,0.0,990.9783297778232,1.167292931487168,0.0
1668400975.9789891,15929.43,-39.399999999999636,31.3940422,1.0,0.0,0.0620570404831051,0.0,988.5332823827888,-2.445047395034294,0.0
1668401035.8711293,15916.44,-12.989999999999782,35.34226968,1.0,0.0,0.0620570404831051,0.0,987.7271614269132,-0.8061209558754854,0.0
1668401095.9646678,15907.65,-8.790000000000873,33.22365257,1.0,0.0,0.0620570404831051,0.0,987.1816800410668,-0.5454813858464149,0.0
1668401156.0030513,15904.39,-3.2600000000002183,32.93067541,1.0,0.0,0.0620570404831051,0.0,986.9793740890918,-0.2023059519749495,0.0
1668401215.9690115,15914.0,9.610000000000582,36.19463806,1.0,0.0,0.0620570404831051,0.0,987.5757422481346,0.5963681590427541,0.0
1668401275.895606,15927.31,13.30999999999949,39.95711219,1.0,0.0,0.0620570404831051,0.0,988.4017214569648,0.8259792088300628,0.0
1668401335.88389,15939.4,12.090000000000146,43.46728733,1.0,0.0,0.0620570404831051,0.0,989.1519910764054,0.7502696194405871,0.0
1668401397.2631552,15949.61,10.210000000000946,46.19661296,1.0,0.0,0.0620570404831051,0.0,989.785593459738,0.6336023833325726,0.0
1668401455.992839,15951.0,1.389999999999418,46.60991429,1.0,0.0,0.0620570404831051,0.0,989.8718527460094,0.08625928627134272,0.0
1668401515.9544585,15945.42,-5.579999999999927,45.45864196,1.0,0.0,0.0620570404831051,0.0,989.5255744601136,-0.34627828589566434,0.0
1668401575.9242997,15943.96,-1.4600000000009459,45.24157726,1.0,0.0,0.0620570404831051,0.0,989.4349711810085,-0.09060327910526667,0.0
1668401636.6148722,15942.98,-0.9799999999995634,44.97159131,1.0,0.0,0.0620570404831051,0.0,989.3741552813348,-0.06081589967357104,0.0
1668401695.958502,15949.03,6.050000000001091,47.05367535,1.0,0.0,0.0620570404831051,0.0,989.7496003762576,0.3754450949229522,0.0
1668401756.0690398,15968.7,19.670000000000073,52.58698044,0.0,1.0,0.0,990.9702623625604,990.9702623625604,1.2206619863028436,0.0
1668401816.02571,15974.4,5.699999999998909,54.02242203,0.0,1.0,0.0,990.9702623625604,990.9702623625604,0.0,0.0
1668401877.2898753,15970.36,-4.039999999999054,52.82105357,0.0,1.0,0.0,990.9702623625604,990.9702623625604,0.0,0.0
1668401935.9311044,15988.39,18.029999999998836,57.02182168,0.0,1.0,0.0,990.9702623625604,990.9702623625604,0.0,0.0
1668401995.968995,15991.81,3.4200000000000728,57.78374085,0.0,1.0,0.0,990.9702623625604,990.9702623625604,0.0,0.0
1668402055.9483228,15983.68,-8.1299999999992,55.24548097,0.0,1.0,0.0,990.9702623625604,990.9702623625604,0.0,0.0
1668402115.855102,15980.36,-3.319999999999709,53.96575881,0.0,1.0,0.0,990.9702623625604,990.9702623625604,0.0,0.0
1668402175.840342,15988.53,8.170000000000073,56.63385765,0.0,1.0,0.0,990.9702623625604,990.9702623625604,0.0,0.0
1668402236.0155337,15993.0,4.469999999999345,57.93954934,0.0,1.0,0.0,990.9702623625604,990.9702623625604,0.0,0.0
1668402296.142702,15996.8,3.7999999999992724,58.77681143,0.0,1.0,0.0,990.9702623625604,990.9702623625604,0.0,0.0
1668402356.7139482,15985.95,-10.849999999998545,54.39235867,0.0,1.0,0.0,990.9702623625604,990.9702623625604,0.0,0.0
1668402416.0514426,15982.63,-3.320000000001528,52.98735155,0.0,1.0,0.0,990.9702623625604,990.9702623625604,0.0,0.0
1668402476.049714,15976.86,-5.769999999998618,50.75524187,0.0,1.0,0.0,990.9702623625604,990.9702623625604,0.0,0.0
1668402536.2489536,15995.36,18.5,57.32457876,0.0,1.0,0.0,990.9702623625604,990.9702623625604,0.0,0.0
1668402595.9911537,15997.03,1.6700000000000728,56.93869267,0.0,1.0,0.0,990.9702623625604,990.9702623625604,0.0,0.0
1668402655.891554,15995.15,-1.8800000000010186,56.11312025,0.0,1.0,0.0,990.9702623625604,990.9702623625604,0.0,0.0
1668402716.157731,15988.75,-6.399999999999636,53.5294128,0.0,1.0,0.0,990.9702623625604,990.9702623625604,0.0,0.0
1668402776.012363,15976.21,-12.540000000000873,48.60809452,1.0,0.0,0.0620278690855065,0.0,990.9702623625604,0.0,0.0
1668402836.68883,15986.84,10.630000000001019,52.53482778,0.0,1.0,0.0,991.6296186109388,991.6296186109388,0.6593562483782307,0.0
1668402896.1014836,15974.09,-12.75,47.44900932,1.0,0.0,0.0620773777167236,0.0,991.6296186109388,0.0,0.0
1668402956.207444,15979.7,5.610000000000582,49.7207727,1.0,0.0,0.0620773777167236,0.0,991.9778726999282,0.3482540889893926,0.0
1668403015.9652183,15974.11,-5.5900000000001455,47.28801613,1.0,0.0,0.0620773777167236,0.0,991.6308601584916,-0.3470125414364702,0.0
1668403075.9805655,15982.51,8.399999999999636,51.3022523,0.0,1.0,0.0,992.152310131312,992.152310131312,0.5214499728205055,0.0
1668403135.9027684,15993.26,10.75,56.01309707,0.0,1.0,0.0,992.152310131312,992.152310131312,0.0,0.0
1668403195.9110415,16004.0,10.739999999999782,60.02294874,0.0,1.0,0.0,992.152310131312,992.152310131312,0.0,0.0
1668403256.0643008,15998.03,-5.969999999999345,57.19154285,0.0,1.0,0.0,992.152310131312,992.152310131312,0.0,0.0
1668403317.166677,16002.55,4.519999999998618,58.31060948,0.0,1.0,0.0,992.152310131312,992.152310131312,0.0,0.0
1668403375.9771097,15987.75,-14.799999999999272,50.83482077,0.0,1.0,0.0,992.152310131312,992.152310131312,0.0,0.0
1668403436.2491293,16001.63,13.8799999999992,56.77600263,0.0,1.0,0.0,992.152310131312,992.152310131312,0.0,0.0
1668403495.984105,15997.52,-4.109999999998763,54.76860281,0.0,1.0,0.0,992.152310131312,992.152310131312,0.0,0.0
1668403556.284495,15988.7,-8.819999999999709,50.59090402,0.0,1.0,0.0,992.152310131312,992.152310131312,0.0,0.0
1668403615.9925733,15977.43,-11.270000000000437,45.59097784,1.0,0.0,0.0620971151262319,0.0,992.152310131312,0.0,0.0
1668403676.0689652,15971.68,-5.75,43.04958774,1.0,0.0,0.0620971151262319,0.0,991.7952517193356,-0.3570584119764817,0.0
1668403735.943143,15969.32,-2.360000000000582,42.81381314,1.0,0.0,0.0620971151262319,0.0,991.6487025276376,-0.14654919169799996,0.0
1668403796.390712,15940.33,-28.98999999999978,32.53530347,1.0,0.0,0.0620971151262319,0.0,989.8485071601282,-1.8001953675094455,0.0
1668403856.1594515,15941.76,1.430000000000291,32.7745001,1.0,0.0,0.0620971151262319,0.0,989.9373060347586,0.08879887463046998,0.0
1668403916.0824556,15956.51,14.75,40.34725272,1.0,0.0,0.0620971151262319,0.0,990.8532384828706,0.9159324481119029,0.0
1668403976.0273955,15959.47,2.959999999999127,41.84289723,1.0,0.0,0.0620971151262319,0.0,991.0370459436442,0.1838074607736644,0.0
1668404036.1567173,15951.2,-8.269999999998618,38.8218415,1.0,0.0,0.0620971151262319,0.0,990.5235028015504,-0.5135431420939085,0.0
1668404096.3714392,15923.24,-27.960000000000946,30.64608942,1.0,0.0,0.0620971151262319,0.0,988.7872674626208,-1.7362353389295322,0.0
1668404155.9687717,15917.85,-5.389999999999418,29.30846924,1.0,0.0,0.0620971151262319,0.0,988.4525640120904,-0.33470345053024175,0.0
1668404216.1847837,15934.24,16.389999999999418,40.96041974,1.0,0.0,0.0620971151262319,0.0,989.4703357290094,1.0177717169190146,0.0
1668404276.0010314,15943.12,8.880000000001019,43.98858801,1.0,0.0,0.0620971151262319,0.0,990.0217581113304,0.5514223823209932,0.0
1668404335.927318,15951.91,8.789999999999054,47.15291559,1.0,0.0,0.0620971151262319,0.0,990.56759175329,0.5458336419594616,0.0
1668404396.0140316,15938.0,-13.909999999999854,43.181584,1.0,0.0,0.0620971151262319,0.0,989.703820881884,-0.8637708714059045,0.0
1668404456.292739,15920.71,-17.290000000000873,38.90895277,1.0,0.0,0.0620971151262319,0.0,988.6301617613516,-1.0736591205325112,0.0
1668404516.2380483,15898.18,-22.529999999998836,34.1606861,1.0,0.0,0.0620971151262319,0.0,987.2311137575576,-1.3990480037940642,0.0
1668404576.2847292,15878.14,-20.040000000000873,30.61701183,1.0,0.0,0.0620971151262319,0.0,985.9866875704278,-1.244426187129875,0.0
1668404636.1152086,15882.0,3.860000000000582,31.19545799,1.0,0.0,0.0620971151262319,0.0,986.226382434815,0.23969486438727472,0.0
1668404696.0649874,15874.39,-7.610000000000582,35.13798986,1.0,0.0,0.0620971151262319,0.0,985.7538233887044,-0.47255904611063215,0.0
1668404756.14071,15893.23,18.840000000000146,40.7376293,1.0,0.0,0.0620971151262319,0.0,986.9237330376826,1.169909648978205,0.0
1668404816.19118,15832.07,-61.159999999999854,28.12388367,1.0,0.0,0.0620971151262319,0.0,983.1258734765624,-3.7978595611202763,0.0
1668404876.323225,15845.46,13.389999999999418,32.50762919,1.0,0.0,0.0620971151262319,0.0,983.9573538481023,0.8314803715400103,0.0
1668404936.1254022,15886.23,40.77000000000044,43.5392035,1.0,0.0,0.0620971151262319,0.0,986.489053231799,2.531699383696605,0.0
1668404996.0309625,15876.0,-10.229999999999563,41.08023397,1.0,0.0,0.0620971151262319,0.0,985.8537997440576,-0.6352534877412381,0.0
1668405055.9624465,15889.34,13.340000000000146,44.7489739,1.0,0.0,0.0620971151262319,0.0,986.6821752598416,0.828375515784046,0.0
1668405116.8963451,15894.96,5.619999999998981,46.31416663,1.0,0.0,0.0620971151262319,0.0,987.0311610468508,0.3489857870092692,0.0
1668405176.1612294,15890.47,-4.489999999999782,45.23192152,1.0,0.0,0.0620971151262319,0.0,986.7523449999342,-0.2788160469166314,0.0
1668405236.5351207,15896.0,5.530000000000655,46.68713872,1.0,0.0,0.0620971151262319,0.0,987.0957420465824,0.34339704664819237,0.0
1668405296.324882,15894.93,-1.069999999999709,46.40200681,1.0,0.0,0.0620971151262319,0.0,987.0292981333972,-0.06644391318513954,0.0
1668405356.1930504,15868.61,-26.31999999999971,40.08272917,1.0,0.0,0.0620971151262319,0.0,985.3949020632748,-1.6343960701224205,0.0
1668405416.17194,15858.93,-9.680000000000291,37.94130783,1.0,0.0,0.0620971151262319,0.0,984.7938019888528,-0.6011000744218791,0.0
1668405476.1932242,15856.66,-2.2700000000004366,37.44245294,1.0,0.0,0.0620971151262319,0.0,984.6528415375165,-0.1409604513364684,0.0
1668405536.0172205,15866.54,9.880000000001019,41.51638676,1.0,0.0,0.0620971151262319,0.0,985.2663610349636,0.6135194974471005,0.0
1668405596.6612227,15869.58,3.039999999999054,42.54081391,1.0,0.0,0.0620971151262319,0.0,985.4551362649472,0.18877522998366203,0.0
1668405656.1037002,15850.54,-19.039999999999054,37.79129722,1.0,0.0,0.0620971151262319,0.0,984.272807192944,-1.1823290720033128,0.0
1668405716.2711322,15894.53,43.98999999999978,50.79656949,0.0,1.0,0.0,987.0044592873468,987.0044592873468,2.7316520944027616,0.0
1668405776.1862683,15897.99,3.459999999999127,51.83067644,0.0,1.0,0.0,987.0044592873468,987.0044592873468,0.0,0.0
1668405836.30473,15892.0,-5.989999999999782,50.01459717,0.0,1.0,0.0,987.0044592873468,987.0044592873468,0.0,0.0
1668405896.1838126,15904.94,12.94000000000051,53.97840428,0.0,1.0,0.0,987.0044592873468,987.0044592873468,0.0,0.0
1668405956.2656176,15906.1,1.1599999999998545,54.04555126,0.0,1.0,0.0,987.0044592873468,987.0044592873468,0.0,0.0
1668406016.1678252,15904.37,-1.7299999999995634,53.27522117,0.0,1.0,0.0,987.0044592873468,987.0044592873468,0.0,0.0
1668406076.1919787,15909.61,5.239999999999782,55.01343481,0.0,1.0,0.0,987.0044592873468,987.0044592873468,0.0,0.0
1668406136.2910774,15903.49,-6.1200000000008,52.81006647,0.0,1.0,0.0,987.0044592873468,987.0044592873468,0.0,0.0
1668406196.1339774,15935.79,32.30000000000109,62.01145901,0.0,1.0,0.0,987.0044592873468,987.0044592873468,0.0,0.0
1668406256.0575922,15928.75,-7.040000000000873,60.31098838,0.0,1.0,0.0,987.0044592873468,987.0044592873468,0.0,0.0
1668406316.152438,15927.16,-1.5900000000001455,59.07544547,0.0,1.0,0.0,987.0044592873468,987.0044592873468,0.0,0.0
1668406376.3432877,15910.34,-16.81999999999971,52.75967346,0.0,1.0,0.0,987.0044592873468,987.0044592873468,0.0,0.0
1668406436.4292903,15888.34,-22.0,45.71940614,1.0,0.0,0.0621213077821438,0.0,987.0044592873468,0.0,0.0
1668406496.362063,15892.81,4.469999999999345,47.37586578,1.0,0.0,0.0621213077821438,0.0,987.2821415331327,0.2776822457860817,0.0
1668406556.328927,15901.96,9.149999999999636,50.47648431,0.0,1.0,0.0,987.8505514993394,987.8505514993394,0.5684099662066728,0.0
1668406617.2161517,15910.45,8.4900000000016,53.23597586,0.0,1.0,0.0,987.8505514993394,987.8505514993394,0.0,0.0
1668406677.3320856,15925.35,14.899999999999636,57.71231505,0.0,1.0,0.0,987.8505514993394,987.8505514993394,0.0,0.0
1668406737.2081037,15949.91,24.55999999999949,63.69618614,0.0,1.0,0.0,987.8505514993394,987.8505514993394,0.0,0.0
1668406798.1049044,15939.08,-10.829999999999927,60.76198372,0.0,1.0,0.0,987.8505514993394,987.8505514993394,0.0,0.0
1668406858.0662096,15917.99,-21.090000000000146,53.06756892,0.0,1.0,0.0,987.8505514993394,987.8505514993394,0.0,0.0
1668406918.116349,15936.0,18.01000000000022,58.38777983,0.0,1.0,0.0,987.8505514993394,987.8505514993394,0.0,0.0
1668406978.8221943,15924.01,-11.989999999999782,54.09880577,0.0,1.0,0.0,987.8505514993394,987.8505514993394,0.0,0.0
1668407039.635961,15927.57,3.5599999999994907,54.82252984,0.0,1.0,0.0,987.8505514993394,987.8505514993394,0.0,0.0
1668407098.8163636,15944.48,16.909999999999854,59.76155131,0.0,1.0,0.0,987.8505514993394,987.8505514993394,0.0,0.0
1668407159.7665725,15944.72,0.23999999999978172,58.64751544,0.0,1.0,0.0,987.8505514993394,987.8505514993394,0.0,0.0
1668407219.6047091,15937.25,-7.469999999999345,55.82579088,0.0,1.0,0.0,987.8505514993394,987.8505514993394,0.0,0.0
1668407279.6967804,15952.76,15.510000000000218,60.72925518,0.0,1.0,0.0,987.8505514993394,987.8505514993394,0.0,0.0
1668407340.5099068,15954.06,1.2999999999992724,61.1972029,0.0,1.0,0.0,987.8505514993394,987.8505514993394,0.0,0.0
1668407400.4123292,15957.0,2.9400000000005093,61.74990559,0.0,1.0,0.0,987.8505514993394,987.8505514993394,0.0,0.0
1668407460.8648834,15963.68,6.680000000000291,63.80384721,0.0,1.0,0.0,987.8505514993394,987.8505514993394,0.0,0.0
1668407521.146895,15957.96,-5.720000000001164,61.28316723,0.0,1.0,0.0,987.8505514993394,987.8505514993394,0.0,0.0
1668407581.7232952,15952.41,-5.549999999999272,58.43524581,0.0,1.0,0.0,987.8505514993394,987.8505514993394,0.0,0.0
1668407641.177957,15963.51,11.100000000000364,63.2518792,0.0,1.0,0.0,987.8505514993394,987.8505514993394,0.0,0.0
1668407702.3086953,15970.0,6.489999999999782,65.34005607,0.0,1.0,0.0,987.8505514993394,987.8505514993394,0.0,0.0
1668407762.354737,15964.43,-5.569999999999709,61.89409128,0.0,1.0,0.0,987.8505514993394,987.8505514993394,0.0,0.0
1668407822.1984987,15976.31,11.8799999999992,65.35570989,0.0,1.0,0.0,987.8505514993394,987.8505514993394,0.0,0.0
1668407883.0681005,15976.95,0.6400000000012369,63.77446504,0.0,1.0,0.0,987.8505514993394,987.8505514993394,0.0,0.0
1668407943.052592,15976.9,-0.050000000001091394,63.08263664,0.0,1.0,0.0,987.8505514993394,987.8505514993394,0.0,0.0
1668408003.1116152,15985.22,8.319999999999709,64.01735338,0.0,1.0,0.0,987.8505514993394,987.8505514993394,0.0,0.0
1668408064.0202289,15994.95,9.730000000001382,68.07693876,0.0,1.0,0.0,987.8505514993394,987.8505514993394,0.0,0.0
1668408124.658363,16106.4,111.44999999999891,83.94614889,0.0,1.0,0.0,987.8505514993394,987.8505514993394,0.0,0.0
1668408183.9503598,16252.38,145.97999999999956,90.45907085,0.0,1.0,0.0,987.8505514993394,987.8505514993394,0.0,0.0
1668408245.4409895,16356.9,104.52000000000044,92.83113479,0.0,1.0,0.0,987.8505514993394,987.8505514993394,0.0,0.0
1668408305.2507975,16437.78,80.8799999999992,85.29512923,0.0,1.0,0.0,987.8505514993394,987.8505514993394,0.0,0.0
1668408365.2663326,16426.0,-11.779999999998836,80.15270644,0.0,1.0,0.0,987.8505514993394,987.8505514993394,0.0,0.0
1668408426.1612003,16331.45,-94.54999999999927,71.43991071,0.0,1.0,0.0,987.8505514993394,987.8505514993394,0.0,0.0
1668408486.2308185,16322.0,-9.450000000000728,69.05529311,0.0,1.0,0.0,987.8505514993394,987.8505514993394,0.0,0.0
1668408546.0687337,16334.67,12.670000000000073,68.48812417,0.0,1.0,0.0,987.8505514993394,987.8505514993394,0.0,0.0
1668408608.7231286,16354.85,20.18000000000029,69.25293341,0.0,1.0,0.0,987.8505514993394,987.8505514993394,0.0,0.0
1668408667.0499442,16402.28,47.42999999999847,71.12438689,0.0,1.0,0.0,987.8505514993394,987.8505514993394,0.0,0.0
1668408726.947819,16398.62,-3.6599999999998545,69.4614465,0.0,1.0,0.0,987.8505514993394,987.8505514993394,0.0,0.0
1668408787.7160606,16529.27,130.65000000000146,75.01278168,0.0,1.0,0.0,987.8505514993394,987.8505514993394,0.0,0.0
1668408848.021375,16507.47,-21.799999999999272,74.19439135,0.0,1.0,0.0,987.8505514993394,987.8505514993394,0.0,0.0
1668408907.6107802,16489.46,-18.010000000002037,71.42547646,0.0,1.0,0.0,987.8505514993394,987.8505514993394,0.0,0.0
1668408968.851757,16467.41,-22.049999999999272,68.86413447,0.0,1.0,0.0,987.8505514993394,987.8505514993394,0.0,0.0
1668409028.630364,16496.05,28.639999999999418,69.54904984,0.0,1.0,0.0,987.8505514993394,987.8505514993394,0.0,0.0
1668409089.1100662,16513.66,17.610000000000582,70.44272807,0.0,1.0,0.0,987.8505514993394,987.8505514993394,0.0,0.0
1668409149.463862,16546.2,32.54000000000087,71.99600897,0.0,1.0,0.0,987.8505514993394,987.8505514993394,0.0,0.0
1668409209.3902855,16701.39,155.1899999999987,78.1719421,0.0,1.0,0.0,987.8505514993394,987.8505514993394,0.0,0.0
1668409269.3197927,16594.21,-107.18000000000029,70.67310249,0.0,1.0,0.0,987.8505514993394,987.8505514993394,0.0,0.0
1668409330.128121,16558.33,-35.87999999999738,66.44300442,0.0,1.0,0.0,987.8505514993394,987.8505514993394,0.0,0.0
1668409390.3805542,16577.45,19.11999999999898,67.12645596,0.0,1.0,0.0,987.8505514993394,987.8505514993394,0.0,0.0
1668409450.1952553,16539.32,-38.13000000000102,62.23056709,0.0,1.0,0.0,987.8505514993394,987.8505514993394,0.0,0.0
1668409511.227708,16533.62,-5.700000000000728,61.61156145,0.0,1.0,0.0,987.8505514993394,987.8505514993394,0.0,0.0
1668409571.0632668,16548.59,14.970000000001164,61.63156516,0.0,1.0,0.0,987.8505514993394,987.8505514993394,0.0,0.0
1668409631.8158584,16510.49,-38.099999999998545,57.6758688,0.0,1.0,0.0,987.8505514993394,987.8505514993394,0.0,0.0
1668409691.919034,16511.91,1.4199999999982538,57.7869213,0.0,1.0,0.0,987.8505514993394,987.8505514993394,0.0,0.0
1668409751.9716582,16521.22,9.31000000000131,58.55474432,0.0,1.0,0.0,987.8505514993394,987.8505514993394,0.0,0.0
1668409811.989862,16508.15,-13.069999999999709,56.936793,0.0,1.0,0.0,987.8505514993394,987.8505514993394,0.0,0.0
1668409872.792036,16528.71,20.55999999999767,58.76890224,0.0,1.0,0.0,987.8505514993394,987.8505514993394,0.0,0.0
1668409932.736231,16467.96,-60.75,51.71148386,0.0,1.0,0.0,987.8505514993394,987.8505514993394,0.0,0.0
1668409992.667921,16509.8,41.840000000000146,55.66075253,0.0,1.0,0.0,987.8505514993394,987.8505514993394,0.0,0.0
1668410053.9479682,16522.35,12.549999999999272,56.80198302,0.0,1.0,0.0,987.8505514993394,987.8505514993394,0.0,0.0
1668410114.065047,16503.29,-19.05999999999767,54.49448486,0.0,1.0,0.0,987.8505514993394,987.8505514993394,0.0,0.0
1668410174.634454,16479.63,-23.659999999999854,51.72353449,0.0,1.0,0.0,987.8505514993394,987.8505514993394,0.0,0.0
1668410234.8174334,16436.4,-43.22999999999956,46.985788,1.0,0.0,0.0601013939487563,0.0,987.8505514993394,0.0,0.0
1668410294.799122,16434.25,-2.150000000001455,46.78816543,1.0,0.0,0.0601013939487563,0.0,987.7213335023482,-0.1292179969912013,0.0
1668410354.86872,16408.26,-25.9900000000016,43.96397614,1.0,0.0,0.0601013939487563,0.0,986.15929827362,-1.5620352287282913,0.0
1668410415.5896945,16387.51,-20.75,41.80205905,1.0,0.0,0.0601013939487563,0.0,984.9121943491832,-1.2471039244368285,0.0
1668410475.655151,16447.98,60.470000000001164,49.53530348,1.0,0.0,0.0601013939487563,0.0,988.5465256412646,3.634331292081356,0.0
1668410535.6336858,16462.66,14.680000000000291,51.25303479,0.0,1.0,0.0,989.4288141044324,989.4288141044324,0.8822884631678107,0.0
1668410596.397992,16462.7,0.040000000000873115,51.24145043,0.0,1.0,0.0,989.4288141044324,989.4288141044324,0.0,0.0
1668410656.4252434,16484.16,21.459999999999127,53.84117109,0.0,1.0,0.0,989.4288141044324,989.4288141044324,0.0,0.0
1668410716.2659738,16532.82,48.659999999999854,59.27538819,0.0,1.0,0.0,989.4288141044324,989.4288141044324,0.0,0.0
1668410777.4374468,16566.38,33.56000000000131,62.53261531,0.0,1.0,0.0,989.4288141044324,989.4288141044324,0.0,0.0
1668410837.3300123,16636.62,70.23999999999796,68.25372289,0.0,1.0,0.0,989.4288141044324,989.4288141044324,0.0,0.0
1668410897.58195,16691.44,54.81999999999971,71.86591745,0.0,1.0,0.0,989.4288141044324,989.4288141044324,0.0,0.0
1668410958.1812203,16703.05,11.610000000000582,72.58228484,0.0,1.0,0.0,989.4288141044324,989.4288141044324,0.0,0.0
1668411018.3302443,16764.86,61.81000000000131,75.96616751,0.0,1.0,0.0,989.4288141044324,989.4288141044324,0.0,0.0
1668411078.162227,16785.15,20.290000000000873,77.07710049,0.0,1.0,0.0,989.4288141044324,989.4288141044324,0.0,0.0
1668411138.788275,16756.73,-28.42000000000189,72.39787853,0.0,1.0,0.0,989.4288141044324,989.4288141044324,0.0,0.0
1668411199.102194,16716.67,-40.06000000000131,66.28900244,0.0,1.0,0.0,989.4288141044324,989.4288141044324,0.0,0.0
1668411258.7288268,16736.4,19.7300000000032,67.53377997,0.0,1.0,0.0,989.4288141044324,989.4288141044324,0.0,0.0
1668411319.7982416,16715.7,-20.700000000000728,64.41663199,0.0,1.0,0.0,989.4288141044324,989.4288141044324,0.0,0.0
1668411379.7586334,16781.56,65.86000000000058,69.45052501,0.0,1.0,0.0,989.4288141044324,989.4288141044324,0.0,0.0
1668411439.7830462,16795.75,14.18999999999869,70.39112204,0.0,1.0,0.0,989.4288141044324,989.4288141044324,0.0,0.0
1668411500.712064,16798.67,2.9199999999982538,70.47339978,0.0,1.0,0.0,989.4288141044324,989.4288141044324,0.0,0.0
1668411560.578256,16738.71,-59.95999999999913,61.26972493,0.0,1.0,0.0,989.4288141044324,989.4288141044324,0.0,0.0
1668411620.6176376,16739.13,0.42000000000189175,61.31911112,0.0,1.0,0.0,989.4288141044324,989.4288141044324,0.0,0.0
1668411681.6415007,16752.98,13.849999999998545,62.60850746,0.0,1.0,0.0,989.4288141044324,989.4288141044324,0.0,0.0
1668411741.46888,16736.49,-16.489999999997963,60.04223704,0.0,1.0,0.0,989.4288141044324,989.4288141044324,0.0,0.0
1668411801.3007252,16781.22,44.72999999999956,64.09886606,0.0,1.0,0.0,989.4288141044324,989.4288141044324,0.0,0.0
1668411862.737286,16807.74,26.520000000000437,66.45907292,0.0,1.0,0.0,989.4288141044324,989.4288141044324,0.0,0.0
1668411922.8322232,16825.62,17.87999999999738,68.0543683,0.0,1.0,0.0,989.4288141044324,989.4288141044324,0.0,0.0
1668411982.6311135,16849.26,23.639999999999418,69.810228,0.0,1.0,0.0,989.4288141044324,989.4288141044324,0.0,0.0
1668412043.6395304,16791.12,-58.13999999999942,60.36995467,0.0,1.0,0.0,989.4288141044324,989.4288141044324,0.0,0.0
1668412103.72269,16773.92,-17.200000000000728,57.87647579,0.0,1.0,0.0,989.4288141044324,989.4288141044324,0.0,0.0
1668412164.2034607,16775.49,1.570000000003347,57.98367498,0.0,1.0,0.0,989.4288141044324,989.4288141044324,0.0,0.0
1668412224.9115229,16771.35,-4.140000000003056,57.31308366,0.0,1.0,0.0,989.4288141044324,989.4288141044324,0.0,0.0
1668412284.6401737,16807.2,35.85000000000218,61.29662856,0.0,1.0,0.0,989.4288141044324,989.4288141044324,0.0,0.0
1668412344.7341352,16856.01,48.80999999999767,66.19833708,0.0,1.0,0.0,989.4288141044324,989.4288141044324,0.0,0.0
1668412405.533033,16813.48,-42.529999999998836,59.29890737,0.0,1.0,0.0,989.4288141044324,989.4288141044324,0.0,0.0
1668412465.553368,16788.27,-25.209999999999127,55.68086134,0.0,1.0,0.0,989.4288141044324,989.4288141044324,0.0,0.0
1668412525.5224996,16795.65,7.380000000001019,56.5338119,0.0,1.0,0.0,989.4288141044324,989.4288141044324,0.0,0.0
1668412586.5899596,16805.12,9.469999999997526,57.65933524,0.0,1.0,0.0,989.4288141044324,989.4288141044324,0.0,0.0
1668412647.0180774,16803.91,-1.2099999999991269,57.43910037,0.0,1.0,0.0,989.4288141044324,989.4288141044324,0.0,0.0
1668412707.1100764,16796.07,-7.8400000000001455,56.05030527,0.0,1.0,0.0,989.4288141044324,989.4288141044324,0.0,0.0
1668412767.3557332,16797.12,1.0499999999992724,56.20303812,0.0,1.0,0.0,989.4288141044324,989.4288141044324,0.0,0.0
1668412827.3690896,16822.96,25.840000000000146,59.75343079,0.0,1.0,0.0,989.4288141044324,989.4288141044324,0.0,0.0
1668412887.461564,16854.85,31.889999999999418,63.92373471,0.0,1.0,0.0,989.4288141044324,989.4288141044324,0.0,0.0
1668412948.090602,16862.92,8.069999999999709,64.70169006,0.0,1.0,0.0,989.4288141044324,989.4288141044324,0.0,0.0
1668413008.0981095,16868.15,5.230000000003201,65.51774577,0.0,1.0,0.0,989.4288141044324,989.4288141044324,0.0,0.0
1668413068.0816946,16883.02,14.869999999998981,67.37476889,0.0,1.0,0.0,989.4288141044324,989.4288141044324,0.0,0.0
1668413129.054333,16920.51,37.48999999999796,71.48605541,0.0,1.0,0.0,989.4288141044324,989.4288141044324,0.0,0.0
1668413189.0365355,16884.27,-36.23999999999796,63.16917821,0.0,1.0,0.0,989.4288141044324,989.4288141044324,0.0,0.0
1668413249.9082155,16837.14,-47.13000000000102,54.32676939,0.0,1.0,0.0,989.4288141044324,989.4288141044324,0.0,0.0
1668413309.7553062,16803.91,-33.22999999999956,49.13804017,1.0,0.0,0.0588808684469526,0.0,989.4288141044324,0.0,0.0
1668413369.790099,16825.8,21.889999999999418,52.35560274,0.0,1.0,0.0,990.7177163147352,990.7177163147352,1.2889022103026946,0.0
1668413429.8210928,16824.98,-0.819999999999709,52.37688211,0.0,1.0,0.0,990.7177163147352,990.7177163147352,0.0,0.0
1668413490.57485,16838.02,13.040000000000873,54.3702576,0.0,1.0,0.0,990.7177163147352,990.7177163147352,0.0,0.0
1668413550.5359838,16864.0,25.979999999999563,58.1304957,0.0,1.0,0.0,990.7177163147352,990.7177163147352,0.0,0.0
1668413610.4949293,16911.92,47.919999999998254,64.0201409,0.0,1.0,0.0,990.7177163147352,990.7177163147352,0.0,0.0
1668413671.826573,16858.63,-53.289999999997235,54.7900386,0.0,1.0,0.0,990.7177163147352,990.7177163147352,0.0,0.0
1668413732.4622252,16876.74,18.110000000000582,56.9823568,0.0,1.0,0.0,990.7177163147352,990.7177163147352,0.0,0.0
1668413791.8862114,16905.11,28.36999999999898,60.39276587,0.0,1.0,0.0,990.7177163147352,990.7177163147352,0.0,0.0
1668413912.5201106,16857.22,-47.88999999999942,52.71890819,0.0,1.0,0.0,990.7177163147352,990.7177163147352,0.0,0.0
1668413972.4490137,16849.66,-7.56000000000131,51.57412503,0.0,1.0,0.0,990.7177163147352,990.7177163147352,0.0,0.0
1668414033.2818146,16824.22,-25.43999999999869,47.73940464,1.0,0.0,0.058886398080549,0.0,990.7177163147352,0.0,0.0
1668414093.3406167,16850.52,26.299999999999272,51.74731181,0.0,1.0,0.0,992.2664285842524,992.2664285842524,1.5487122695172957,0.0
1668414153.3192415,16840.0,-10.520000000000437,50.0985656,0.0,1.0,0.0,992.2664285842524,992.2664285842524,0.0,0.0
1668414214.9281723,16808.7,-31.299999999999272,45.42624893,1.0,0.0,0.0590329072792216,0.0,992.2664285842524,0.0,0.0
1668414274.0750525,16842.21,33.5099999999984,50.73855648,0.0,1.0,0.0,994.2446213071788,994.2446213071788,1.978192722926451,0.0
1668414334.0918574,16820.31,-21.899999999997817,47.47554501,1.0,0.0,0.0591097679714094,0.0,994.2446213071788,0.0,0.0
1668414395.0993166,16808.61,-11.700000000000728,45.77886488,1.0,0.0,0.0591097679714094,0.0,993.5530370219118,-0.6915842852670266,0.0
1668414455.2045732,16795.9,-12.709999999999127,43.94158065,1.0,0.0,0.0591097679714094,0.0,992.8017518709952,-0.7512851509166012,0.0
1668414515.0820134,16782.57,-13.330000000001746,42.1580316,1.0,0.0,0.0591097679714094,0.0,992.013818663936,-0.7879332070590408,0.0
1668414575.8085327,16784.19,1.6199999999989814,42.48040868,1.0,0.0,0.0591097679714094,0.0,992.1095764880498,0.09575782411377531,0.0
1668414635.9729671,16781.68,-2.5099999999983993,42.09048608,1.0,0.0,0.0591097679714094,0.0,991.9612109704416,-0.1483655176081129,0.0
1668414696.6373365,16807.63,25.950000000000728,47.47776764,1.0,0.0,0.0591097679714094,0.0,993.4951094492998,1.533898478858191,0.0
1668414756.6103525,16799.65,-7.979999999999563,46.04033063,1.0,0.0,0.0591097679714094,0.0,993.023413500888,-0.4716959484118206,0.0
1668414816.6587849,16794.66,-4.990000000001601,45.21889706,1.0,0.0,0.0591097679714094,0.0,992.7284557587104,-0.29495774217741655,0.0
1668414876.6699333,16798.48,3.819999999999709,46.08422647,1.0,0.0,0.0591097679714094,0.0,992.9542550723612,0.22579931365089578,0.0
1668414937.6414778,16797.96,-0.5200000000004366,46.06585227,1.0,0.0,0.0591097679714094,0.0,992.9235179930162,-0.03073707934504455,0.0
1668414997.681656,16779.38,-18.57999999999811,42.24594892,1.0,0.0,0.0591097679714094,0.0,991.8252585041076,-1.0982594889086386,0.0
1668415057.6830218,16737.27,-42.11000000000058,35.20432049,1.0,0.0,0.0591097679714094,0.0,989.3361461748314,-2.4891123292762813,0.0
1668415118.5223942,16756.47,19.200000000000728,39.95035935,1.0,0.0,0.0591097679714094,0.0,990.4710537198824,1.1349075450511918,0.0
1668415179.4261105,16727.73,-28.7400000000016,35.56343987,1.0,0.0,0.0591097679714094,0.0,988.772238988384,-1.6988147314983735,0.0
1668415238.492681,16732.48,4.75,36.79848262,1.0,0.0,0.0591097679714094,0.0,989.0530103862484,0.2807713978643278,0.0
1668415299.2577314,16756.06,23.580000000001746,42.67265079,1.0,0.0,0.0591097679714094,0.0,990.4468187150144,1.3938083287658856,0.0
1668415359.2817914,16761.43,5.369999999998981,43.95028764,1.0,0.0,0.0591097679714094,0.0,990.7642381690206,0.317419454006199,0.0
1668415419.2299,16780.42,18.989999999997963,48.35465024,1.0,0.0,0.0591097679714094,0.0,991.8867326627976,1.122494493777026,0.0
1668415480.2507296,16776.27,-4.149999999997817,47.45378174,1.0,0.0,0.0591097679714094,0.0,991.6414271257164,-0.24530553708120806,0.0
1668415540.1175067,16777.36,1.0900000000001455,47.72753408,1.0,0.0,0.0591097679714094,0.0,991.7058567728052,0.06442964708878662,0.0
1668415600.2393863,16770.23,-7.130000000001019,46.05868985,1.0,0.0,0.0591097679714094,0.0,991.284404127169,-0.4214526456362364,0.0
1668415661.8498268,16756.32,-13.909999999999854,43.05080715,1.0,0.0,0.0591097679714094,0.0,990.4621872546868,-0.8222168724822723,0.0
1668415720.9517164,16743.67,-12.650000000001455,40.28939765,1.0,0.0,0.0591097679714094,0.0,989.7144486898484,-0.747738564838528,0.0
1668415781.0153277,16767.93,24.260000000002037,47.15566607,1.0,0.0,0.0591097679714094,0.0,991.1484516608348,1.4340029709863984,0.0
1668415841.9836931,16751.98,-15.950000000000728,43.23425105,1.0,0.0,0.0591097679714094,0.0,990.2056508616909,-0.9428007991440381,0.0
1668415901.826095,16796.12,44.13999999999942,54.39599116,0.0,1.0,0.0,992.8147560199488,992.8147560199488,2.6091051582578757,0.0
1668415961.892625,16781.45,-14.669999999998254,50.44539307,0.0,1.0,0.0,992.8147560199488,992.8147560199488,0.0,0.0
1668416022.597309,16787.83,6.380000000001019,52.08289822,0.0,1.0,0.0,992.8147560199488,992.8147560199488,0.0,0.0
1668416082.5503886,16775.68,-12.150000000001455,48.54250989,1.0,0.0,0.0591817891149538,0.0,992.8147560199488,0.0,0.0
1668416142.7253792,16786.4,10.720000000001164,51.69156917,0.0,1.0,0.0,993.4491847992606,993.4491847992606,0.6344287793117473,0.0
1668416204.067381,16778.08,-8.319999999999709,49.08756978,1.0,0.0,0.0592111364827954,0.0,993.4491847992606,0.0,0.0
1668416263.5920112,16792.89,14.809999999997672,53.92767933,0.0,1.0,0.0,994.32610173057,994.32610173057,0.876916931309438,0.0
1668416323.641275,16798.0,5.110000000000582,55.40549676,0.0,1.0,0.0,994.32610173057,994.32610173057,0.0,0.0
1668416384.5461266,16776.2,-21.799999999999272,48.25425297,1.0,0.0,0.059270043378749,0.0,994.32610173057,0.0,0.0
1668416444.5014226,16771.67,-4.530000000002474,47.3369879,1.0,0.0,0.059270043378749,0.0,994.0576084340632,-0.2684932965069038,0.0
1668416504.4336195,16738.6,-33.06999999999971,38.25782622,1.0,0.0,0.059270043378749,0.0,992.097548099528,-1.960060334535342,0.0
1668416565.5888326,16702.69,-35.909999999999854,31.27952569,1.0,0.0,0.059270043378749,0.0,989.969160841797,-2.128387257730992,0.0
1668416625.3893464,16714.86,12.170000000001892,35.78314062,1.0,0.0,0.059270043378749,0.0,990.6904772697166,0.7213164279195325,0.0
1668416685.487569,16720.0,5.139999999999418,37.53591409,1.0,0.0,0.059270043378749,0.0,990.9951252926832,0.3046480229667168,0.0
1668416747.2010343,16715.22,-4.779999999998836,36.90738113,1.0,0.0,0.059270043378749,0.0,990.7118144853328,-0.2833108073502899,0.0
1668416806.5725358,16705.78,-9.440000000002328,35.73096661,1.0,0.0,0.059270043378749,0.0,990.1523052758374,-0.5595092094953316,0.0
1668416866.5910432,16679.35,-26.43000000000029,31.16062691,1.0,0.0,0.059270043378749,0.0,988.5857980293372,-1.5665072465003504,0.0
1668416927.279358,16703.87,24.520000000000437,37.06801175,1.0,0.0,0.059270043378749,0.0,990.039099492984,1.453301463646767,0.0
1668416987.1735446,16685.73,-18.139999999999418,33.06234843,1.0,0.0,0.059270043378749,0.0,988.9639409060936,-1.0751585868904385,0.0
1668417047.279134,16710.73,25.0,41.42341954,1.0,0.0,0.059270043378749,0.0,990.4456919905622,1.4817510844685557,0.0
1668417107.8624513,16710.7,-0.029999999998835847,41.95956537,1.0,0.0,0.059270043378749,0.0,990.4439138892608,-0.001778101301283641,0.0
1668417167.8159916,16701.01,-9.690000000002328,40.30142094,1.0,0.0,0.059270043378749,0.0,989.8695871689208,-0.5743267203400819,0.0
1668417227.9530509,16704.62,3.610000000000582,41.58677253,1.0,0.0,0.059270043378749,0.0,990.083552025518,0.21396485659727205,0.0
1668417288.9183788,16699.63,-4.989999999997963,39.96330558,1.0,0.0,0.059270043378749,0.0,989.7877945090582,-0.29575751645973014,0.0
1668417348.8864312,16679.62,-20.010000000002037,35.42885246,1.0,0.0,0.059270043378749,0.0,988.6018009410492,-1.1859935680089393,0.0
1668417408.8455591,16692.67,13.049999999999272,40.7587614,1.0,0.0,0.059270043378749,0.0,989.375275007142,0.7734740660927173,0.0
1668417469.6316686,16683.25,-9.419999999998254,38.71731565,1.0,0.0,0.059270043378749,0.0,988.8169511985144,-0.5583238086277333,0.0
1668417529.5769465,16652.78,-30.470000000001164,32.92019444,1.0,0.0,0.059270043378749,0.0,987.0109929767636,-1.8059582217507568,0.0
1668417589.588205,16661.73,8.950000000000728,37.44494248,1.0,0.0,0.059270043378749,0.0,987.5414598650036,0.5304668882398573,0.0
1668417650.7848833,16673.26,11.529999999998836,41.06893877,1.0,0.0,0.059270043378749,0.0,988.2248434651603,0.6833836001568443,0.0
1668417710.2910705,16701.95,28.69000000000233,48.48459013,1.0,0.0,0.059270043378749,0.0,989.9253010096968,1.7004575445365617,0.0
1668417770.3048744,16685.64,-16.31000000000131,44.74104226,1.0,0.0,0.059270043378749,0.0,988.9586066021894,-0.9666944075073616,0.0
1668417831.276206,16693.45,7.81000000000131,46.70021807,1.0,0.0,0.059270043378749,0.0,989.4215056409776,0.4628990387881231,0.0
1668417891.0929742,16689.0,-4.450000000000728,45.69745156,1.0,0.0,0.059270043378749,0.0,989.157753947942,-0.26375169303548773,0.0
1668417951.0999842,16702.39,13.389999999999418,49.59921685,1.0,0.0,0.059270043378749,0.0,989.9513798287836,0.793625880841546,0.0
1668418012.2279718,16706.51,4.119999999998981,50.82581669,0.0,1.0,0.0,990.1955724075038,990.1955724075038,0.2441925787202308,0.0
1668418072.0750632,16703.34,-3.1699999999982538,49.92822794,1.0,0.0,0.0592812917899955,0.0,990.1955724075038,0.0,0.0
1668418132.187827,16701.08,-2.2599999999983993,49.15834716,1.0,0.0,0.0592812917899955,0.0,990.061596688058,-0.13397571944574338,0.0
1668418193.0168564,16699.69,-1.390000000003056,48.62032394,1.0,0.0,0.0592812917899955,0.0,989.9791956924698,-0.08240099558815928,0.0
1668418253.5024564,16706.04,6.350000000002183,50.66074368,0.0,1.0,0.0,990.3556318953364,990.3556318953364,0.376436202866671,0.0
1668418312.999369,16697.58,-8.459999999999127,47.66708984,1.0,0.0,0.059311327263911,0.0,990.3556318953364,0.0,0.0
1668418373.6381748,16723.68,26.099999999998545,56.59391383,0.0,1.0,0.0,991.9036575369232,991.9036575369232,1.5480256415867188,0.0
1668418433.597545,16745.15,21.470000000001164,62.14727173,0.0,1.0,0.0,991.9036575369232,991.9036575369232,0.0,0.0
1668418493.4925902,16731.7,-13.450000000000728,58.04865864,0.0,1.0,0.0,991.9036575369232,991.9036575369232,0.0,0.0
1668418554.601225,16726.2,-5.5,55.51174953,0.0,1.0,0.0,991.9036575369232,991.9036575369232,0.0,0.0
1668418614.7526667,16732.37,6.169999999998254,57.25971683,0.0,1.0,0.0,991.9036575369232,991.9036575369232,0.0,0.0
1668418674.6009755,16746.87,14.5,61.191921,0.0,1.0,0.0,991.9036575369232,991.9036575369232,0.0,0.0
1668418735.2352743,16740.0,-6.869999999998981,59.13782503,0.0,1.0,0.0,991.9036575369232,991.9036575369232,0.0,0.0
1668418795.5030248,16727.66,-12.340000000000146,54.31703631,0.0,1.0,0.0,991.9036575369232,991.9036575369232,0.0,0.0
1668418855.226504,16722.47,-5.18999999999869,52.21537601,0.0,1.0,0.0,991.9036575369232,991.9036575369232,0.0,0.0
1668418916.0358238,16735.53,13.059999999997672,56.79689978,0.0,1.0,0.0,991.9036575369232,991.9036575369232,0.0,0.0
1668418976.0880327,16735.83,0.3000000000029104,56.907569,0.0,1.0,0.0,991.9036575369232,991.9036575369232,0.0,0.0
1668419036.0418255,16735.98,0.1499999999978172,56.65880068,0.0,1.0,0.0,991.9036575369232,991.9036575369232,0.0,0.0
1668419096.88098,16756.51,20.529999999998836,63.02939956,0.0,1.0,0.0,991.9036575369232,991.9036575369232,0.0,0.0
1668419156.9235988,16747.13,-9.37999999999738,57.43407143,0.0,1.0,0.0,991.9036575369232,991.9036575369232,0.0,0.0
1668419218.1318572,16756.17,9.039999999997235,60.11492474,0.0,1.0,0.0,991.9036575369232,991.9036575369232,0.0,0.0
1668419277.8145945,16755.0,-1.1699999999982538,59.63581701,0.0,1.0,0.0,991.9036575369232,991.9036575369232,0.0,0.0
1668419337.6174097,16770.6,15.599999999998545,64.06895926,0.0,1.0,0.0,991.9036575369232,991.9036575369232,0.0,0.0
1668419397.6997688,16771.5,0.9000000000014552,64.41361867,0.0,1.0,0.0,991.9036575369232,991.9036575369232,0.0,0.0
1668419458.420723,16755.82,-15.680000000000291,58.04961162,0.0,1.0,0.0,991.9036575369232,991.9036575369232,0.0,0.0
1668419518.3059988,16741.74,-14.079999999998108,52.26876228,0.0,1.0,0.0,991.9036575369232,991.9036575369232,0.0,0.0
1668419578.5186172,16760.28,18.539999999997235,58.1353765,0.0,1.0,0.0,991.9036575369232,991.9036575369232,0.0,0.0
1668419639.2437534,16764.87,4.5900000000001455,59.47623634,0.0,1.0,0.0,991.9036575369232,991.9036575369232,0.0,0.0
1668419699.0535078,16786.0,21.13000000000102,64.8254154,0.0,1.0,0.0,991.9036575369232,991.9036575369232,0.0,0.0
1668419759.1069157,16774.43,-11.569999999999709,61.62610124,0.0,1.0,0.0,991.9036575369232,991.9036575369232,0.0,0.0
1668419820.675324,16773.84,-0.5900000000001455,60.36075405,0.0,1.0,0.0,991.9036575369232,991.9036575369232,0.0,0.0
1668419879.2914753,16779.75,5.9099999999998545,62.37588107,0.0,1.0,0.0,991.9036575369232,991.9036575369232,0.0,0.0
1668419939.3625565,16756.55,-23.200000000000728,52.2394792,0.0,1.0,0.0,991.9036575369232,991.9036575369232,0.0,0.0
1668419999.3045917,16749.89,-6.6599999999998545,49.99839759,1.0,0.0,0.0592185177059027,0.0,991.9036575369232,0.0,0.0
1668420059.3409376,16746.02,-3.8699999999989814,48.57537165,1.0,0.0,0.0592185177059027,0.0,991.6744818734009,-0.22917566352236918,0.0
1668420119.2933283,16732.49,-13.529999999998836,44.16498254,1.0,0.0,0.0592185177059027,0.0,990.87325532884,-0.8012265445607909,0.0
1668420179.3038108,16721.16,-11.330000000001746,40.88129258,1.0,0.0,0.0592185177059027,0.0,990.202309523232,-0.6709458056079711,0.0
1668420239.2645462,16748.83,27.67000000000189,50.62747944,0.0,1.0,0.0,991.8408859081544,991.8408859081544,1.638576384922544,0.0
1668420300.04267,16755.27,6.43999999999869,52.04825245,0.0,1.0,0.0,991.8408859081544,991.8408859081544,0.0,0.0
1668420359.321344,16748.0,-7.270000000000437,49.87435416,1.0,0.0,0.0592214524664529,0.0,991.8408859081544,0.0,0.0
1668420419.2710052,16740.15,-7.849999999998545,47.66128286,1.0,0.0,0.0592214524664529,0.0,991.3759975062916,-0.4648884018628223,0.0
1668420479.2286708,16741.61,1.4599999999991269,48.40872871,1.0,0.0,0.0592214524664529,0.0,991.4624608268924,0.08646332060095574,0.0
1668420539.2918494,16730.76,-10.850000000002183,44.86393448,1.0,0.0,0.0592214524664529,0.0,990.8199080676314,-0.6425527592609797,0.0
1668420599.1752274,16720.22,-10.539999999997235,41.85066485,1.0,0.0,0.0592214524664529,0.0,990.1957139586352,-0.6241941089963348,0.0
1668420659.164741,16734.17,13.94999999999709,46.94760592,1.0,0.0,0.0592214524664529,0.0,991.021853220542,0.8261392619067465,0.0
1668420719.4023657,16715.34,-18.82999999999811,41.69382759,1.0,0.0,0.0592214524664529,0.0,989.9067132705987,-1.1151399499432273,0.0
1668420780.390648,16715.2,-0.13999999999941792,41.83452407,1.0,0.0,0.0592214524664529,0.0,989.8984222672536,-0.008291003345220815,0.0
1668420839.2821238,16716.0,0.7999999999992724,42.73077379,1.0,0.0,0.0592214524664529,0.0,989.9457994292268,0.047377161973031434,0.0
1668420899.2788532,16721.11,5.110000000000582,44.79342734,1.0,0.0,0.0592214524664529,0.0,990.2484210513304,0.3026216221035156,0.0
1668420959.3405256,16714.01,-7.100000000002183,42.25069167,1.0,0.0,0.0592214524664529,0.0,989.8279487388183,-0.42047231251206085,0.0
1668421019.2373643,16720.61,6.600000000002183,44.79427723,1.0,0.0,0.0592214524664529,0.0,990.218810325097,0.3908615862786746,0.0
1668421079.3176308,16719.7,-0.9099999999998545,45.07237352,1.0,0.0,0.0592214524664529,0.0,990.1649188033524,-0.053891521744503734,0.0
1668421139.3209062,16718.78,-0.9200000000018917,44.77078023,1.0,0.0,0.0592214524664529,0.0,990.1104350670834,-0.05448373626904868,0.0
1668421199.1985948,16730.13,11.350000000002183,49.81961643,1.0,0.0,0.0592214524664529,0.0,990.7825985525776,0.6721634854943659,0.0
1668421259.945077,16743.0,12.869999999998981,54.88988493,0.0,1.0,0.0,991.5447786458208,991.5447786458208,0.7621800932432734,0.0
1668421319.2733436,16741.3,-1.7000000000007276,54.34299645,0.0,1.0,0.0,991.5447786458208,991.5447786458208,0.0,0.0
1668421379.297604,16744.47,3.1700000000018917,55.68507598,0.0,1.0,0.0,991.5447786458208,991.5447786458208,0.0,0.0
1668421439.3795414,16743.45,-1.0200000000004366,55.28747964,0.0,1.0,0.0,991.5447786458208,991.5447786458208,0.0,0.0
1668421499.340385,16722.54,-20.909999999999854,45.30199202,1.0,0.0,0.0592939098154838,0.0,991.5447786458208,0.0,0.0
1668421559.4238272,16737.47,14.930000000000291,52.09475046,0.0,1.0,0.0,992.4300367193656,992.4300367193656,0.8852580735449465,0.0
1668421619.361097,16752.63,15.159999999999854,57.42561445,0.0,1.0,0.0,992.4300367193656,992.4300367193656,0.0,0.0
1668421679.3206236,16747.0,-5.630000000001019,54.84274891,0.0,1.0,0.0,992.4300367193656,992.4300367193656,0.0,0.0
1668421740.293635,16753.0,6.0,57.29105072,0.0,1.0,0.0,992.4300367193656,992.4300367193656,0.0,0.0
1668421799.3074634,16747.5,-5.5,53.92396954,0.0,1.0,0.0,992.4300367193656,992.4300367193656,0.0,0.0
1668421859.3893838,16760.7,13.200000000000728,58.89828106,0.0,1.0,0.0,992.4300367193656,992.4300367193656,0.0,0.0
1668421919.3478084,16768.57,7.869999999998981,61.42295676,0.0,1.0,0.0,992.4300367193656,992.4300367193656,0.0,0.0
1668421979.3828657,16767.35,-1.2200000000011642,59.95044349,0.0,1.0,0.0,992.4300367193656,992.4300367193656,0.0,0.0
1668422039.2697103,16777.0,9.650000000001455,63.06564466,0.0,1.0,0.0,992.4300367193656,992.4300367193656,0.0,0.0
1668422099.2433596,16776.65,-0.3499999999985448,62.59986353,0.0,1.0,0.0,992.4300367193656,992.4300367193656,0.0,0.0
1668422159.243072,16767.34,-9.31000000000131,57.51044751,0.0,1.0,0.0,992.4300367193656,992.4300367193656,0.0,0.0
1668422220.569858,16776.03,8.68999999999869,60.93927453,0.0,1.0,0.0,992.4300367193656,992.4300367193656,0.0,0.0
1668422279.4042118,16780.79,4.760000000002037,62.58511423,0.0,1.0,0.0,992.4300367193656,992.4300367193656,0.0,0.0
1668422339.338148,16809.49,28.700000000000728,70.48292586,0.0,1.0,0.0,992.4300367193656,992.4300367193656,0.0,0.0
1668422399.2256012,16791.05,-18.44000000000233,62.35949756,0.0,1.0,0.0,992.4300367193656,992.4300367193656,0.0,0.0
1668422459.3198483,16794.21,3.1599999999998545,63.85339678,0.0,1.0,0.0,992.4300367193656,992.4300367193656,0.0,0.0
1668422519.2748606,16788.0,-6.209999999999127,60.5347063,0.0,1.0,0.0,992.4300367193656,992.4300367193656,0.0,0.0
1668422579.5499885,16790.6,2.599999999998545,59.66340265,0.0,1.0,0.0,992.4300367193656,992.4300367193656,0.0,0.0
1668422639.4018877,16797.41,6.81000000000131,61.7496019,0.0,1.0,0.0,992.4300367193656,992.4300367193656,0.0,0.0
1668422700.279166,16779.51,-17.900000000001455,54.20372867,0.0,1.0,0.0,992.4300367193656,992.4300367193656,0.0,0.0
1668422759.5087533,16799.51,20.0,61.53336078,0.0,1.0,0.0,992.4300367193656,992.4300367193656,0.0,0.0
1668422819.4445508,16811.21,11.700000000000728,64.81719358,0.0,1.0,0.0,992.4300367193656,992.4300367193656,0.0,0.0
1668422879.363272,16795.67,-15.540000000000873,57.01649932,0.0,1.0,0.0,992.4300367193656,992.4300367193656,0.0,0.0
1668422939.36562,16792.6,-3.069999999999709,55.71381118,0.0,1.0,0.0,992.4300367193656,992.4300367193656,0.0,0.0
1668422999.3323145,16752.65,-39.94999999999709,42.8753026,1.0,0.0,0.059240182103689,0.0,992.4300367193656,0.0,0.0
1668423059.454318,16776.85,24.19999999999709,50.38353201,0.0,1.0,0.0,993.8636491262748,993.8636491262748,1.4336124069091056,0.0
1668423119.3416953,16798.36,21.510000000002037,56.56206359,0.0,1.0,0.0,993.8636491262748,993.8636491262748,0.0,0.0
1668423180.117694,16788.49,-9.869999999998981,53.7854001,0.0,1.0,0.0,993.8636491262748,993.8636491262748,0.0,0.0
1668423239.2627842,16790.66,2.1699999999982538,54.45601836,0.0,1.0,0.0,993.8636491262748,993.8636491262748,0.0,0.0
1668423299.388766,16788.88,-1.7799999999988358,53.50383332,0.0,1.0,0.0,993.8636491262748,993.8636491262748,0.0,0.0
1668423359.61156,16790.65,1.7700000000004366,54.02816711,0.0,1.0,0.0,993.8636491262748,993.8636491262748,0.0,0.0
1668423419.3725202,16793.77,3.1199999999989814,55.09104132,0.0,1.0,0.0,993.8636491262748,993.8636491262748,0.0,0.0
1668423479.4109435,16794.34,0.569999999999709,55.13366837,0.0,1.0,0.0,993.8636491262748,993.8636491262748,0.0,0.0
1668423539.477179,16793.75,-0.5900000000001455,54.8708601,0.0,1.0,0.0,993.8636491262748,993.8636491262748,0.0,0.0
1668423599.361044,16779.23,-14.520000000000437,48.55069603,1.0,0.0,0.0592317793561608,0.0,993.8636491262748,0.0,0.0
1668423660.6110792,16791.34,12.110000000000582,53.59290853,0.0,1.0,0.0,994.5809459742773,994.5809459742773,0.7172968480023201,0.0
1668423719.41007,16803.0,11.659999999999854,58.00008985,0.0,1.0,0.0,994.5809459742773,994.5809459742773,0.0,0.0
1668423779.3526075,16798.15,-4.849999999998545,55.84817867,0.0,1.0,0.0,994.5809459742773,994.5809459742773,0.0,0.0
1668423839.3834276,16797.87,-0.2800000000024738,55.30748092,0.0,1.0,0.0,994.5809459742773,994.5809459742773,0.0,0.0
1668423899.493103,16774.2,-23.669999999998254,45.32612401,1.0,0.0,0.0592923028206577,0.0,994.5809459742773,0.0,0.0
1668423959.398282,16783.5,9.299999999999272,49.18645672,1.0,0.0,0.0592923028206577,0.0,995.1323643905084,0.5514184162312858,0.0
1668424019.401803,16787.83,4.330000000001746,51.01594632,0.0,1.0,0.0,995.389100061722,995.389100061722,0.25673567121361884,0.0
1668424079.4017496,16797.31,9.479999999999563,54.75854456,0.0,1.0,0.0,995.389100061722,995.389100061722,0.0,0.0
1668424140.434284,16814.97,17.659999999999854,60.78424781,0.0,1.0,0.0,995.389100061722,995.389100061722,0.0,0.0
1668424199.3080423,16807.42,-7.55000000000291,58.35400686,0.0,1.0,0.0,995.389100061722,995.389100061722,0.0,0.0
1668424259.618168,16802.56,-4.859999999996944,55.97016887,0.0,1.0,0.0,995.389100061722,995.389100061722,0.0,0.0
1668424319.459036,16799.23,-3.3300000000017462,54.2555579,0.0,1.0,0.0,995.389100061722,995.389100061722,0.0,0.0
1668424379.488896,16795.73,-3.5,52.49146559,0.0,1.0,0.0,995.389100061722,995.389100061722,0.0,0.0
1668424439.3418005,16805.15,9.420000000001892,56.16728251,0.0,1.0,0.0,995.389100061722,995.389100061722,0.0,0.0
1668424499.383826,16812.37,7.219999999997526,57.890522,0.0,1.0,0.0,995.389100061722,995.389100061722,0.0,0.0
1668424559.4610653,16817.27,4.900000000001455,59.69832836,0.0,1.0,0.0,995.389100061722,995.389100061722,0.0,0.0
1668424620.605231,16818.56,1.2900000000008731,60.19043822,0.0,1.0,0.0,995.389100061722,995.389100061722,0.0,0.0
1668424679.5476687,16828.25,9.68999999999869,63.50910821,0.0,1.0,0.0,995.389100061722,995.389100061722,0.0,0.0
1668424739.2695093,16832.35,4.099999999998545,58.79470969,0.0,1.0,0.0,995.389100061722,995.389100061722,0.0,0.0
1668424799.2430851,16798.46,-33.88999999999942,48.52181749,1.0,0.0,0.059254782882581,0.0,995.389100061722,0.0,0.0
1668424859.367081,16770.58,-27.87999999999738,42.12009996,1.0,0.0,0.059254782882581,0.0,993.7370767149554,-1.6520233467666685,0.0
1668424919.3366146,16824.0,53.419999999998254,54.81710908,0.0,1.0,0.0,996.9024672165428,996.9024672165428,3.1653905015873534,0.0
1668424979.362599,16793.88,-30.11999999999898,48.34014235,1.0,0.0,0.0593610569574477,0.0,996.9024672165428,0.0,0.0
1668425039.4356534,16799.18,5.299999999999272,49.43805978,1.0,0.0,0.0593610569574477,0.0,997.2170808184164,0.3146136018734751,0.0
1668425100.6217573,16783.16,-16.020000000000437,45.77425047,1.0,0.0,0.0593610569574477,0.0,996.266116685958,-0.9509641324584663,0.0
1668425159.3715696,16769.9,-13.2599999999984,42.76416203,1.0,0.0,0.0593610569574477,0.0,995.4789890707024,-0.787127615255713,0.0
1668425219.345425,16764.03,-5.870000000002619,41.74301908,1.0,0.0,0.0593610569574477,0.0,995.130539666362,-0.3484494043404993,0.0
1668425279.37223,16759.48,-4.549999999999272,40.63831775,1.0,0.0,0.0593610569574477,0.0,994.8604468572056,-0.270092809156381,0.0
1668425339.5347905,16782.03,22.549999999999272,47.52773061,1.0,0.0,0.0593610569574477,0.0,996.199038691596,1.3385918343903995,0.0
1668425399.3552706,16785.27,3.2400000000016007,48.52995933,1.0,0.0,0.0593610569574477,0.0,996.3913685161382,0.19232982454218472,0.0
1668425459.7487829,16776.16,-9.110000000000582,46.04050297,1.0,0.0,0.0593610569574477,0.0,995.8505892872558,-0.540779228882343,0.0
1668425519.3764386,16764.26,-11.900000000001455,42.84121096,1.0,0.0,0.0593610569574477,0.0,995.144192709462,-0.7063965777937256,0.0
1668425580.5823307,16772.23,7.970000000001164,45.58244674,1.0,0.0,0.0593610569574477,0.0,995.617300333413,0.473107623951023,0.0
1668425639.417157,16758.89,-13.340000000000146,41.72662555,1.0,0.0,0.0593610569574477,0.0,994.8254238336008,-0.7918764998123606,0.0
1668425699.7574546,16757.9,-0.9899999999979627,41.73103187,1.0,0.0,0.0593610569574477,0.0,994.766656387213,-0.05876744638783293,0.0
1668425759.520382,16765.4,7.5,44.4076217,1.0,0.0,0.0593610569574477,0.0,995.2118643143938,0.4452079271808316,0.0
1668425819.5325797,16784.8,19.399999999997817,50.81674402,0.0,1.0,0.0,996.363468819368,996.363468819368,1.1516045049743298,0.0
1668425879.539398,16767.13,-17.669999999998254,45.22900711,1.0,0.0,0.0594236144658846,0.0,996.363468819368,0.0,0.0
1668425939.4227269,16755.73,-11.400000000001455,41.85946893,1.0,0.0,0.0594236144658846,0.0,995.6860396144566,-0.677429204911391,0.0
1668425999.6278186,16746.57,-9.159999999999854,39.28005446,1.0,0.0,0.0594236144658846,0.0,995.1417193059492,-0.5443203085075083,0.0
1668426060.6317966,16749.58,3.0100000000020373,41.29098623,1.0,0.0,0.0594236144658846,0.0,995.3205843854917,0.17886507954233366,0.0
1668426119.5445516,16750.69,1.109999999996944,42.20026035,1.0,0.0,0.0594236144658846,0.0,995.3865445975484,0.06596021205677971,0.0
1668426179.4707742,16753.92,3.2299999999995634,43.12789221,1.0,0.0,0.0594236144658846,0.0,995.5784828722732,0.19193827472474823,0.0
1668426239.5429692,16766.0,12.080000000001746,47.78310054,1.0,0.0,0.0594236144658846,0.0,996.2963201350212,0.7178372627480485,0.0
1668426299.508681,16740.49,-25.5099999999984,39.69067958,1.0,0.0,0.0594236144658846,0.0,994.7804237299966,-1.5158964050245913,0.0
1668426359.538283,16748.37,7.879999999997381,42.80959259,1.0,0.0,0.0594236144658846,0.0,995.2486818119876,0.468258081990939,0.0
1668426419.4357057,16755.78,7.4099999999998545,45.75942623,1.0,0.0,0.0594236144658846,0.0,995.6890107951798,0.4403289831922166,0.0
1668426479.4373474,16765.52,9.7400000000016,49.39356779,1.0,0.0,0.0594236144658846,0.0,996.2677968000776,0.5787860048977791,0.0
1668426540.3483157,16762.88,-2.639999999999418,48.43696913,1.0,0.0,0.0594236144658846,0.0,996.1109184578876,-0.15687834218988428,0.0
1668426599.3381205,16751.07,-11.81000000000131,44.42442505,1.0,0.0,0.0594236144658846,0.0,995.4091255710456,-0.7017928868419858,0.0
1668426659.4291663,16749.37,-1.7000000000007276,43.81942215,1.0,0.0,0.0594236144658846,0.0,995.3081054264536,-0.1010201445920984,0.0
1668426719.524328,16758.61,9.2400000000016,47.93306743,1.0,0.0,0.0594236144658846,0.0,995.8571796241184,0.5490741976647087,0.0
1668426779.436483,16758.56,-0.049999999999272404,48.06153141,1.0,0.0,0.0594236144658846,0.0,995.8542084433952,-0.002971180723307043,0.0
1668426839.3859167,16764.39,5.829999999998108,50.582849,0.0,1.0,0.0,996.2006481157312,996.2006481157312,0.34643967233591866,0.0
1668426899.391883,16756.83,-7.559999999997672,47.21634933,1.0,0.0,0.0594504239832791,0.0,996.2006481157312,0.0,0.0
1668426959.5054045,16761.88,5.049999999999272,49.67322832,1.0,0.0,0.0594504239832791,0.0,996.5008727568464,0.30022464111516456,0.0
1668427020.658213,16764.17,2.289999999997235,50.58652623,0.0,1.0,0.0,996.6370142277678,996.6370142277678,0.13614147092141593,0.0
1668427079.4712338,16756.91,-7.259999999998399,47.22276069,1.0,0.0,0.0594761811233555,0.0,996.6370142277678,0.0,0.0
1668427139.5877185,16758.4,1.4900000000016007,47.7045808,1.0,0.0,0.0594761811233555,0.0,996.7256337376408,0.08861950987306955,0.0
1668427199.5099392,16749.81,-8.590000000000146,43.81730167,1.0,0.0,0.0594761811233555,0.0,996.2147333417912,-0.5109003958494895,0.0
1668427259.8592377,16752.35,2.539999999997235,45.27414132,1.0,0.0,0.0594761811233555,0.0,996.3658028418444,0.1510695000532678,0.0
1668427319.894437,16754.17,1.819999999999709,46.38241906,1.0,0.0,0.0594761811233555,0.0,996.4740494914888,0.10824664964457043,0.0
1668427379.6048758,16739.3,-14.869999999998981,39.52403061,1.0,0.0,0.0594761811233555,0.0,995.5896386781848,-0.8844108133040436,0.0
1668427439.385823,16720.09,-19.209999999999127,33.17810291,1.0,0.0,0.0594761811233555,0.0,994.4471012388052,-1.14253743937968,0.0
1668427500.2266626,16717.81,-2.279999999998836,35.85393479,1.0,0.0,0.0594761811233555,0.0,994.311495545844,-0.13560569296123504,0.0
1668427559.437408,16689.88,-27.93000000000029,26.16481536,1.0,0.0,0.0594761811233555,0.0,992.6503258070686,-1.6611697387753566,0.0
1668427619.606509,16710.12,20.239999999997963,36.83871837,1.0,0.0,0.0594761811233555,0.0,993.8541237130052,1.2037979059365398,0.0
1668427679.7790134,16704.19,-5.930000000000291,36.62123322,1.0,0.0,0.0594761811233555,0.0,993.5014299589436,-0.3526937540615336,0.0
1668427739.7719512,16699.84,-4.349999999998545,35.33100666,1.0,0.0,0.0594761811233555,0.0,993.2427085710572,-0.25872138788645316,0.0
1668427799.7368228,16681.67,-18.17000000000189,31.23342023,1.0,0.0,0.0594761811233555,0.0,992.1620263600456,-1.0806822110114354,0.0
1668427859.5978963,16688.06,6.390000000003056,33.81671549,1.0,0.0,0.0594761811233555,0.0,992.5420791574242,0.38005279737853925,0.0
1668427919.6392949,16692.49,4.430000000000291,37.14478938,1.0,0.0,0.0594761811233555,0.0,992.8055586398006,0.26347948237639685,0.0
1668427979.809912,16714.26,21.7699999999968,45.62713805,1.0,0.0,0.0594761811233555,0.0,994.1003551028558,1.2947964630552633,0.0
1668428039.5642507,16714.39,0.13000000000101863,45.79091388,1.0,0.0,0.0594761811233555,0.0,994.108087006402,0.007731903546073227,0.0
1668428099.5939088,16697.85,-16.540000000000873,40.79294838,1.0,0.0,0.0594761811233555,0.0,993.1243509706215,-0.9837360357804528,0.0
1668428159.6093743,16709.83,11.980000000003201,45.26305474,1.0,0.0,0.0594761811233555,0.0,993.8368756204796,0.7125246498579827,0.0
1668428219.6404943,16697.24,-12.590000000000146,41.78844999,1.0,0.0,0.0594761811233555,0.0,993.0880705001364,-0.7488051203431496,0.0
1668428279.6880224,16695.0,-2.2400000000016007,41.02967008,1.0,0.0,0.0594761811233555,0.0,992.95484385442,-0.1332266457162632,0.0
1668428339.6690028,16701.24,6.240000000001601,43.14334702,1.0,0.0,0.0594761811233555,0.0,993.32597522463,0.37113137020992326,0.0
1668428399.747059,16695.6,-5.640000000003056,41.31799821,1.0,0.0,0.0594761811233555,0.0,992.990529563094,-0.33544566153602773,0.0
1668428459.5822923,16699.46,3.860000000000582,43.57271622,1.0,0.0,0.0594761811233555,0.0,993.2201076222302,0.22957805913620177,0.0
1668428520.0792449,16699.57,0.11000000000058208,43.7602384,1.0,0.0,0.0594761811233555,0.0,993.226650002154,0.006542379923644148,0.0
1668428579.572024,16702.05,2.4799999999995634,44.99011556,1.0,0.0,0.0594761811233555,0.0,993.3741509313396,0.1475009291857532,0.0
1668428639.448117,16710.76,8.709999999999127,48.81485917,1.0,0.0,0.0594761811233555,0.0,993.892188468924,0.5180375375845188,0.0
1668428699.6100545,16713.92,3.1599999999998545,50.21620922,0.0,1.0,0.0,994.0801332012738,994.0801332012738,0.1879447323498198,0.0
1668428759.4401522,16731.41,17.4900000000016,57.32283478,0.0,1.0,0.0,994.0801332012738,994.0801332012738,0.0,0.0
1668428819.4692094,16723.88,-7.529999999998836,54.68804914,0.0,1.0,0.0,994.0801332012738,994.0801332012738,0.0,0.0
1668428879.4375763,16754.67,30.789999999997235,65.11558168,0.0,1.0,0.0,994.0801332012738,994.0801332012738,0.0,0.0
1668428939.5420475,16751.98,-2.6899999999986903,63.56000775,0.0,1.0,0.0,994.0801332012738,994.0801332012738,0.0,0.0
1668428999.608479,16752.59,0.6100000000005821,63.15879494,0.0,1.0,0.0,994.0801332012738,994.0801332012738,0.0,0.0
1668429059.495804,16749.89,-2.7000000000007276,61.1142195,0.0,1.0,0.0,994.0801332012738,994.0801332012738,0.0,0.0
1668429119.5061486,16746.6,-3.290000000000873,59.31196997,0.0,1.0,0.0,994.0801332012738,994.0801332012738,0.0,0.0
1668429179.6854854,16758.62,12.020000000000437,63.27567718,0.0,1.0,0.0,994.0801332012738,994.0801332012738,0.0,0.0
1668429239.6167638,16796.03,37.409999999999854,71.66047053,0.0,1.0,0.0,994.0801332012738,994.0801332012738,0.0,0.0
1668429299.6115458,16820.46,24.43000000000029,73.21700889,0.0,1.0,0.0,994.0801332012738,994.0801332012738,0.0,0.0
1668429359.5844452,16796.26,-24.200000000000728,66.49339081,0.0,1.0,0.0,994.0801332012738,994.0801332012738,0.0,0.0
1668429419.591534,16782.04,-14.219999999997526,60.88956763,0.0,1.0,0.0,994.0801332012738,994.0801332012738,0.0,0.0
1668429480.2795887,16785.74,3.7000000000007276,62.12369527,0.0,1.0,0.0,994.0801332012738,994.0801332012738,0.0,0.0
1668429539.612893,16761.39,-24.350000000002183,53.42247283,0.0,1.0,0.0,994.0801332012738,994.0801332012738,0.0,0.0
1668429599.6656,16780.42,19.029999999998836,59.25348923,0.0,1.0,0.0,994.0801332012738,994.0801332012738,0.0,0.0
1668429659.6474822,16792.88,12.460000000002765,62.50740371,0.0,1.0,0.0,994.0801332012738,994.0801332012738,0.0,0.0
1668429719.526271,16798.51,5.629999999997381,64.01735573,0.0,1.0,0.0,994.0801332012738,994.0801332012738,0.0,0.0
1668429779.906138,16790.29,-8.219999999997526,62.05927763,0.0,1.0,0.0,994.0801332012738,994.0801332012738,0.0,0.0
1668429839.8360825,16785.57,-4.720000000001164,59.86210118,0.0,1.0,0.0,994.0801332012738,994.0801332012738,0.0,0.0
1668429899.6639166,16779.85,-5.720000000001164,57.23037574,0.0,1.0,0.0,994.0801332012738,994.0801332012738,0.0,0.0
1668429960.3840506,16774.72,-5.129999999997381,54.95099759,0.0,1.0,0.0,994.0801332012738,994.0801332012738,0.0,0.0
1668430019.644452,16786.3,11.579999999998108,59.27072482,0.0,1.0,0.0,994.0801332012738,994.0801332012738,0.0,0.0
1668430079.4970047,16811.44,25.139999999999418,66.38000655,0.0,1.0,0.0,994.0801332012738,994.0801332012738,0.0,0.0
1668430139.6887028,16806.26,-5.180000000000291,64.60476857,0.0,1.0,0.0,994.0801332012738,994.0801332012738,0.0,0.0
1668430199.5587192,16801.67,-4.5900000000001455,62.96689795,0.0,1.0,0.0,994.0801332012738,994.0801332012738,0.0,0.0
1668430259.5235288,16804.66,2.9900000000016007,63.23327086,0.0,1.0,0.0,994.0801332012738,994.0801332012738,0.0,0.0
1668430319.7073228,16798.16,-6.5,60.63737953,0.0,1.0,0.0,994.0801332012738,994.0801332012738,0.0,0.0
1668430379.5578074,16803.58,5.420000000001892,62.55066651,0.0,1.0,0.0,994.0801332012738,994.0801332012738,0.0,0.0
1668430440.231048,16799.51,-4.070000000003347,60.54474588,0.0,1.0,0.0,994.0801332012738,994.0801332012738,0.0,0.0
1668430499.9072978,16803.57,4.06000000000131,60.53030952,0.0,1.0,0.0,994.0801332012738,994.0801332012738,0.0,0.0
1668430559.6725588,16787.44,-16.13000000000102,52.29097961,0.0,1.0,0.0,994.0801332012738,994.0801332012738,0.0,0.0
1668430619.5313206,16790.05,2.610000000000582,53.44369982,0.0,1.0,0.0,994.0801332012738,994.0801332012738,0.0,0.0
1668430679.579013,16796.78,6.729999999999563,56.23742367,0.0,1.0,0.0,994.0801332012738,994.0801332012738,0.0,0.0
1668430739.6272058,16801.02,4.240000000001601,56.55171587,0.0,1.0,0.0,994.0801332012738,994.0801332012738,0.0,0.0
1668430799.5153482,16821.68,20.659999999999854,64.75616674,0.0,1.0,0.0,994.0801332012738,994.0801332012738,0.0,0.0
1668430859.6524615,16820.27,-1.4099999999998545,63.42658954,0.0,1.0,0.0,994.0801332012738,994.0801332012738,0.0,0.0
1668430920.331165,16809.0,-11.270000000000437,57.29495905,0.0,1.0,0.0,994.0801332012738,994.0801332012738,0.0,0.0
1668430979.8259745,16816.17,7.169999999998254,59.61902602,0.0,1.0,0.0,994.0801332012738,994.0801332012738,0.0,0.0
1668431040.443918,16806.91,-9.2599999999984,55.05112533,0.0,1.0,0.0,994.0801332012738,994.0801332012738,0.0,0.0
1668431100.517199,16816.62,9.709999999999127,59.27441015,0.0,1.0,0.0,994.0801332012738,994.0801332012738,0.0,0.0
1668431160.293959,16836.64,20.020000000000437,65.23598764,0.0,1.0,0.0,994.0801332012738,994.0801332012738,0.0,0.0
1668431221.3970594,16848.82,12.180000000000291,68.65188222,0.0,1.0,0.0,994.0801332012738,994.0801332012738,0.0,0.0
1668431281.4166777,16808.98,-39.840000000000146,50.91811758,0.0,1.0,0.0,994.0801332012738,994.0801332012738,0.0,0.0
1668431341.444255,16799.99,-8.989999999997963,48.24694082,1.0,0.0,0.0591714717211899,0.0,994.0801332012738,0.0,0.0
1668431402.1314106,16766.83,-33.159999999999854,40.02020005,1.0,0.0,0.0591714717211899,0.0,992.1180071989986,-1.9621260022752267,0.0
1668431462.8281586,16771.8,4.969999999997526,41.45489498,1.0,0.0,0.0591714717211899,0.0,992.4120894134528,0.2940822144541926,0.0
1668431521.9766183,16787.14,15.340000000000146,46.24610693,1.0,0.0,0.0591714717211899,0.0,993.319779789656,0.9076903762030497,0.0
1668431582.815758,16826.26,39.11999999999898,56.52787341,0.0,1.0,0.0,995.6345677633888,995.6345677633888,2.314787973732791,0.0
1668431643.0169723,16914.63,88.37000000000262,70.54608823,0.0,1.0,0.0,995.6345677633888,995.6345677633888,0.0,0.0
1668431702.9354532,17065.13,150.5,81.02134879,0.0,1.0,0.0,995.6345677633888,995.6345677633888,0.0,0.0
1668431763.8798976,17026.0,-39.13000000000102,74.80186135,0.0,1.0,0.0,995.6345677633888,995.6345677633888,0.0,0.0
1668431823.8619738,17007.29,-18.709999999999127,71.00648182,0.0,1.0,0.0,995.6345677633888,995.6345677633888,0.0,0.0
1668431883.8855283,16996.08,-11.209999999999127,68.74338951,0.0,1.0,0.0,995.6345677633888,995.6345677633888,0.0,0.0
1668431944.793252,17001.52,5.43999999999869,67.57299197,0.0,1.0,0.0,995.6345677633888,995.6345677633888,0.0,0.0
1668432004.748097,16999.89,-1.6300000000010186,66.8952862,0.0,1.0,0.0,995.6345677633888,995.6345677633888,0.0,0.0
1668432064.67183,16999.02,-0.8699999999989814,66.28935273,0.0,1.0,0.0,995.6345677633888,995.6345677633888,0.0,0.0
1668432125.519381,16996.41,-2.610000000000582,64.68806991,0.0,1.0,0.0,995.6345677633888,995.6345677633888,0.0,0.0
1668432185.4818244,17024.62,28.209999999999127,67.46545043,0.0,1.0,0.0,995.6345677633888,995.6345677633888,0.0,0.0
1668432245.5497928,17083.34,58.720000000001164,72.46388411,0.0,1.0,0.0,995.6345677633888,995.6345677633888,0.0,0.0
1668432306.4828954,17112.15,28.81000000000131,74.16444341,0.0,1.0,0.0,995.6345677633888,995.6345677633888,0.0,0.0
1668432366.6232142,17074.58,-37.56999999999971,67.06830447,0.0,1.0,0.0,995.6345677633888,995.6345677633888,0.0,0.0
1668432426.5313344,17071.27,-3.3100000000013097,66.34393447,0.0,1.0,0.0,995.6345677633888,995.6345677633888,0.0,0.0
1668432487.3750048,17097.33,26.06000000000131,69.20799472,0.0,1.0,0.0,995.6345677633888,995.6345677633888,0.0,0.0
1668432547.3753345,17117.18,19.849999999998545,70.75223814,0.0,1.0,0.0,995.6345677633888,995.6345677633888,0.0,0.0
1668432607.3055658,17155.21,38.029999999998836,71.69343528,0.0,1.0,0.0,995.6345677633888,995.6345677633888,0.0,0.0
1668432668.32726,17137.51,-17.700000000000728,68.45807226,0.0,1.0,0.0,995.6345677633888,995.6345677633888,0.0,0.0
1668432728.104066,17120.78,-16.729999999999563,65.52459981,0.0,1.0,0.0,995.6345677633888,995.6345677633888,0.0,0.0
1668432788.0499372,17098.14,-22.639999999999418,61.37835095,0.0,1.0,0.0,995.6345677633888,995.6345677633888,0.0,0.0
1668432849.2764754,17104.62,6.479999999999563,62.41458427,0.0,1.0,0.0,995.6345677633888,995.6345677633888,0.0,0.0
1668432909.320784,17140.18,35.56000000000131,66.63099506,0.0,1.0,0.0,995.6345677633888,995.6345677633888,0.0,0.0
1668432969.33779,17139.09,-1.0900000000001455,66.61562923,0.0,1.0,0.0,995.6345677633888,995.6345677633888,0.0,0.0
1668433030.1279922,17113.32,-25.770000000000437,62.31805261,0.0,1.0,0.0,995.6345677633888,995.6345677633888,0.0,0.0
1668433090.1055536,17077.53,-35.79000000000087,55.3056268,0.0,1.0,0.0,995.6345677633888,995.6345677633888,0.0,0.0
1668433150.1460335,17087.25,9.720000000001164,57.08291032,0.0,1.0,0.0,995.6345677633888,995.6345677633888,0.0,0.0
1668433210.7955356,17079.57,-7.680000000000291,55.4875421,0.0,1.0,0.0,995.6345677633888,995.6345677633888,0.0,0.0
1668433270.8403387,17096.92,17.349999999998545,58.3432719,0.0,1.0,0.0,995.6345677633888,995.6345677633888,0.0,0.0
1668433330.878187,17094.57,-2.349999999998545,58.12381159,0.0,1.0,0.0,995.6345677633888,995.6345677633888,0.0,0.0
1668433391.632223,17067.2,-27.36999999999898,51.8886124,0.0,1.0,0.0,995.6345677633888,995.6345677633888,0.0,0.0
1668433451.585854,17063.25,-3.9500000000007276,51.03859175,0.0,1.0,0.0,995.6345677633888,995.6345677633888,0.0,0.0
1668433511.606626,17066.81,3.5600000000013097,51.79257777,0.0,1.0,0.0,995.6345677633888,995.6345677633888,0.0,0.0
1668433572.754644,17059.79,-7.020000000000437,50.10029105,0.0,1.0,0.0,995.6345677633888,995.6345677633888,0.0,0.0
1668433632.5388453,17071.52,11.729999999999563,52.80056519,0.0,1.0,0.0,995.6345677633888,995.6345677633888,0.0,0.0
1668433692.8255002,17085.45,13.930000000000291,55.96700977,0.0,1.0,0.0,995.6345677633888,995.6345677633888,0.0,0.0
1668433753.2506237,17050.52,-34.93000000000029,47.44586377,1.0,0.0,0.0583932084043999,0.0,995.6345677633888,0.0,0.0
1668433813.2461634,16831.5,-219.02000000000044,23.60520227,1.0,0.0,0.0583932084043999,0.0,982.8452872586568,-12.789280504731892,0.0
1668433873.2545786,16715.98,-115.52000000000044,18.37980682,1.0,0.0,0.0583932084043999,0.0,976.0997038237806,-6.745583434876153,0.0
1668433934.178423,16523.0,-192.97999999999956,13.13893698,1.0,0.0,0.0583932084043999,0.0,964.8309824658996,-11.268721357881077,0.0
1668433994.4683602,16664.25,141.25,28.91334707,1.0,0.0,0.0583932084043999,0.0,973.079023153021,8.248040687121375,0.0
1668434054.0632694,16625.81,-38.43999999999869,27.42784459,1.0,0.0,0.0583932084043999,0.0,970.834388221956,-2.244634931065093,0.0
1668434115.0911782,16625.88,0.06999999999970896,27.43206481,1.0,0.0,0.0583932084043999,0.0,970.8384757465442,0.004087524588157976,0.0
1668434175.0471685,16636.49,10.610000000000582,28.60525786,1.0,0.0,0.0583932084043999,0.0,971.4580276877148,0.6195519411706982,0.0
1668434235.1952024,16893.25,256.7599999999984,49.78833395,1.0,0.0,0.0583932084043999,0.0,986.4510678776286,14.993040189913813,0.0
1668434295.895104,16741.16,-152.09000000000015,41.79330077,1.0,0.0,0.0583932084043999,0.0,977.5700448114034,-8.881023066225225,0.0
1668434355.7677286,16733.92,-7.240000000001601,41.44618112,1.0,0.0,0.0583932084043999,0.0,977.1472779825556,-0.42276682884789807,0.0
1668434416.030457,16729.9,-4.019999999996799,41.2450584,1.0,0.0,0.0583932084043999,0.0,976.91253728477,-0.23474069778569628,0.0
1668434477.12229,16660.23,-69.67000000000189,37.81974988,1.0,0.0,0.0583932084043999,0.0,972.8442824552352,-4.0682548295346805,0.0
1668434536.544381,16702.09,41.86000000000058,40.99067867,1.0,0.0,0.0583932084043999,0.0,975.2886221590436,2.444339703808282,0.0
1668434596.7275453,16705.47,3.3800000000010186,41.26223121,1.0,0.0,0.0583932084043999,0.0,975.4859912034505,0.1973690444068552,0.0
1668434658.0401108,16722.09,16.61999999999898,42.62932477,1.0,0.0,0.0583932084043999,0.0,976.4564863271316,0.9704951236810757,0.0
1668434717.9379427,16705.94,-16.150000000001455,41.6386814,1.0,0.0,0.0583932084043999,0.0,975.5134360114004,-0.9430503157312842,0.0
1668434777.8701105,16742.99,37.05000000000291,44.83687335,1.0,0.0,0.0583932084043999,0.0,977.6769043827836,2.1634683713831464,0.0
1668434838.851285,16747.2,4.209999999999127,45.17472934,1.0,0.0,0.0583932084043999,0.0,977.922739790166,0.24583540738240117,0.0
1668434899.0215485,16795.68,48.47999999999956,49.3117095,1.0,0.0,0.0583932084043999,0.0,980.7536425336112,2.830902743445222,0.0
1668434958.8676183,16759.66,-36.02000000000044,46.5041754,1.0,0.0,0.0583932084043999,0.0,978.6503191668849,-2.1033233667264994,0.0
1668435020.6843784,16772.1,12.43999999999869,47.60262802,1.0,0.0,0.0583932084043999,0.0,979.3767306794356,0.7264115125506123,0.0
1668435079.6204877,16770.33,-1.7699999999967986,47.45230189,1.0,0.0,0.0583932084043999,0.0,979.27337470056,-0.10335597887569747,0.0
1668435139.6441953,16746.68,-23.650000000001455,45.39049435,1.0,0.0,0.0583932084043999,0.0,977.8923753217956,-1.3809993787642725,0.0
1668435200.4561756,16747.37,0.6899999999986903,45.46650431,1.0,0.0,0.0583932084043999,0.0,977.9326666355946,0.04029131379900264,0.0
1668435260.2957163,16742.49,-4.879999999997381,44.99939394,1.0,0.0,0.0583932084043999,0.0,977.6477077785812,-0.2849588570132937,0.0
1668435320.4187562,16718.05,-24.44000000000233,42.63481089,1.0,0.0,0.0583932084043999,0.0,976.2205777651776,-1.4271300134035982,0.0
1668435381.4263625,16729.67,11.619999999998981,44.16739756,1.0,0.0,0.0583932084043999,0.0,976.8991068468368,0.6785290816591214,0.0
1668435441.3380415,16690.57,-39.099999999998545,40.36979472,1.0,0.0,0.0583932084043999,0.0,974.6159323982248,-2.283174448612044,0.0
1668435502.3832314,16693.25,2.680000000000291,40.74586509,1.0,0.0,0.0583932084043999,0.0,974.7724261967486,0.15649379852379752,0.0
1668435562.2028928,16689.51,-3.7400000000016007,40.49124251,1.0,0.0,0.0583932084043999,0.0,974.554035597316,-0.21839059943260963,0.0
1668435622.1721363,16628.52,-60.98999999999796,34.65084817,1.0,0.0,0.0583932084043999,0.0,970.9926338167318,-3.5614017805842195,0.0
1668435682.069698,16640.75,12.229999999999563,36.46846794,1.0,0.0,0.0583932084043999,0.0,971.7067827555176,0.7141489387857973,0.0
1668435742.9413204,16650.88,10.130000000001019,38.14501763,1.0,0.0,0.0583932084043999,0.0,972.2983059566542,0.5915232011366243,0.0
1668435802.9309711,16616.94,-33.94000000000233,34.71912289,1.0,0.0,0.0583932084043999,0.0,970.3164404634088,-1.9818654932454365,0.0
1668435862.814798,16639.87,22.93000000000029,38.66337919,1.0,0.0,0.0583932084043999,0.0,971.6553967321216,1.3389562687128773,0.0
1668435923.8603215,16635.53,-4.3400000000001455,38.19529588,1.0,0.0,0.0583932084043999,0.0,971.4019702076464,-0.2534265244751168,0.0
1668435984.3248198,16621.23,-14.299999999999272,36.65451711,1.0,0.0,0.0583932084043999,0.0,970.5669473274636,-0.8350228801826916,0.0
1668436043.8153496,16611.46,-9.770000000000437,35.57759895,1.0,0.0,0.0583932084043999,0.0,969.9964456813528,-0.5705016461108698,0.0
1668436104.69563,16586.67,-24.790000000000873,32.96396872,1.0,0.0,0.0583932084043999,0.0,968.5488780450077,-1.4475676363452976,0.0
1668436164.6584797,16601.74,15.070000000003347,35.97364704,1.0,0.0,0.0583932084043999,0.0,969.428863695662,0.879985650654362,0.0
1668436224.6486492,16608.4,6.6599999999998545,37.1728587,1.0,0.0,0.0583932084043999,0.0,969.8177624636352,0.3888987679732736,0.0
1668436285.3805766,16646.91,38.5099999999984,44.6017957,1.0,0.0,0.0583932084043999,0.0,972.0664849192888,2.2487224556534784,0.0
1668436345.346096,16655.76,8.849999999998545,46.17687604,1.0,0.0,0.0583932084043999,0.0,972.5832648136676,0.5167798943788284,0.0
1668436405.398055,16618.7,-37.05999999999767,41.02073357,1.0,0.0,0.0583932084043999,0.0,970.4192125102006,-2.164052303466974,0.0
1668436466.7957892,16568.94,-49.76000000000204,35.16183177,1.0,0.0,0.0583932084043999,0.0,967.5135664599976,-2.9056460502030177,0.0
1668436526.7552824,16559.02,-9.919999999998254,34.11943473,1.0,0.0,0.0583932084043999,0.0,966.934305832626,-0.5792606273715819,0.0
1668436586.8180509,16535.57,-23.450000000000728,31.98060435,1.0,0.0,0.0583932084043999,0.0,965.5649850955429,-1.3693207370831715,0.0
1668436647.95804,16527.75,-7.819999999999709,30.97151228,1.0,0.0,0.0583932084043999,0.0,965.1083502058204,-0.45663488972240884,0.0
1668436707.816459,16504.14,-23.610000000000582,28.69431058,1.0,0.0,0.0583932084043999,0.0,963.7296865553924,-1.3786636504279386,0.0
1668436767.956186,16511.93,7.790000000000873,30.62043112,1.0,0.0,0.0583932084043999,0.0,964.1845696488627,0.45488309347047107,0.0
1668436828.763636,16546.24,34.31000000000131,38.04573772,1.0,0.0,0.0583932084043999,0.0,966.188040629218,2.0034709803551323,0.0
1668436888.7380087,16530.49,-15.75,36.28608479,1.0,0.0,0.0583932084043999,0.0,965.2683475968486,-0.9196930323694232,0.0
1668436948.7735732,16553.6,23.109999999996944,40.93428927,1.0,0.0,0.0583932084043999,0.0,966.617814643074,1.3494670462255272,0.0
1668437009.8905876,16542.58,-11.019999999996799,39.45609549,1.0,0.0,0.0583932084043999,0.0,965.9743214864576,-0.6434931566162732,0.0
1668437070.5239942,16536.01,-6.570000000003347,38.54903497,1.0,0.0,0.0583932084043999,0.0,965.5906781072408,-0.38364337921689184,0.0
1668437129.7249515,16517.61,-18.399999999997817,36.08378372,1.0,0.0,0.0583932084043999,0.0,964.5162430726,-1.074435034640942,0.0
1668437190.4851923,16523.12,5.509999999998399,37.40270584,1.0,0.0,0.0583932084043999,0.0,964.837989650908,0.32174657830796605,0.0
1668437249.8030636,16478.87,-44.25,31.64935237,1.0,0.0,0.0583932084043999,0.0,962.2540901790132,-2.5838994718947106,0.0
1668437309.755968,16520.8,41.93000000000029,40.73660966,1.0,0.0,0.0583932084043999,0.0,964.7025174074098,2.448427228396554,0.0
1668437369.8806968,16542.57,21.770000000000437,44.8527742,1.0,0.0,0.0583932084043999,0.0,965.9737375543737,1.271220146963742,0.0
1668437429.7002387,16567.66,25.090000000000146,49.21200779,1.0,0.0,0.0583932084043999,0.0,967.43882315324,1.4650855988663807,0.0
1668437489.949592,16570.35,2.6899999999986903,49.66898962,1.0,0.0,0.0583932084043999,0.0,967.5959008838478,0.15707773060773889,0.0
1668437549.833729,16572.36,2.0100000000020373,50.00958198,0.0,1.0,0.0,967.7132712327408,967.7132712327408,0.11737034889290499,0.0
1668437609.9325545,16569.92,-2.4400000000023283,49.54092113,1.0,0.0,0.058401807083724,0.0,967.7132712327408,0.0,0.0
1668437669.8858557,16556.9,-13.019999999996799,47.00457425,1.0,0.0,0.058401807083724,0.0,966.95287970451,-0.760391528230798,0.0
1668437729.7594244,16576.0,19.099999999998545,50.93366617,0.0,1.0,0.0,968.0683542198092,968.0683542198092,1.11547451529907,0.0
1668437789.8515086,16580.54,4.540000000000873,51.88578378,0.0,1.0,0.0,968.0683542198092,968.0683542198092,0.0,0.0
1668437849.7862644,16591.09,10.549999999999272,53.93158341,0.0,1.0,0.0,968.0683542198092,968.0683542198092,0.0,0.0
1668437909.807428,16609.11,18.020000000000437,57.5502646,0.0,1.0,0.0,968.0683542198092,968.0683542198092,0.0,0.0
1668437969.8913465,16603.21,-5.900000000001455,56.03378929,0.0,1.0,0.0,968.0683542198092,968.0683542198092,0.0,0.0
1668438029.863826,16606.71,3.5,56.78776587,0.0,1.0,0.0,968.0683542198092,968.0683542198092,0.0,0.0
1668438089.7755425,16657.8,51.090000000000146,65.70563882,0.0,1.0,0.0,968.0683542198092,968.0683542198092,0.0,0.0
1668438149.8402314,16625.23,-32.56999999999971,57.55092528,0.0,1.0,0.0,968.0683542198092,968.0683542198092,0.0,0.0
1668438209.858883,16622.43,-2.7999999999992724,56.86876406,0.0,1.0,0.0,968.0683542198092,968.0683542198092,0.0,0.0
1668438269.771266,16625.56,3.1300000000010186,57.56646739,0.0,1.0,0.0,968.0683542198092,968.0683542198092,0.0,0.0
1668438329.8113685,16617.16,-8.400000000001455,55.4351036,0.0,1.0,0.0,968.0683542198092,968.0683542198092,0.0,0.0
1668438389.940721,16614.59,-2.569999999999709,54.70014554,0.0,1.0,0.0,968.0683542198092,968.0683542198092,0.0,0.0
1668438450.0301704,16628.53,13.93999999999869,57.94021041,0.0,1.0,0.0,968.0683542198092,968.0683542198092,0.0,0.0
1668438509.8370094,16638.52,9.9900000000016,60.08098672,0.0,1.0,0.0,968.0683542198092,968.0683542198092,0.0,0.0
1668438569.768451,16641.68,3.1599999999998545,60.76148764,0.0,1.0,0.0,968.0683542198092,968.0683542198092,0.0,0.0
1668438629.7752206,16631.31,-10.369999999998981,57.31047374,0.0,1.0,0.0,968.0683542198092,968.0683542198092,0.0,0.0
1668438689.687592,16634.0,2.6899999999986903,57.97744534,0.0,1.0,0.0,968.0683542198092,968.0683542198092,0.0,0.0
1668438749.896127,16618.65,-15.349999999998545,52.89841217,0.0,1.0,0.0,968.0683542198092,968.0683542198092,0.0,0.0
1668438809.7560122,16619.43,0.7799999999988358,53.13465707,0.0,1.0,0.0,968.0683542198092,968.0683542198092,0.0,0.0
1668438869.8991275,16636.15,16.720000000001164,57.78223885,0.0,1.0,0.0,968.0683542198092,968.0683542198092,0.0,0.0
1668438929.760396,16662.4,26.25,63.82062114,0.0,1.0,0.0,968.0683542198092,968.0683542198092,0.0,0.0
1668438989.77714,16663.26,0.8599999999969441,64.00035679,0.0,1.0,0.0,968.0683542198092,968.0683542198092,0.0,0.0
1668439049.9019718,16665.97,2.710000000002765,64.60521807,0.0,1.0,0.0,968.0683542198092,968.0683542198092,0.0,0.0
1668439109.883668,16648.97,-17.0,58.03652995,0.0,1.0,0.0,968.0683542198092,968.0683542198092,0.0,0.0
1668439169.8251565,16624.66,-24.31000000000131,50.17950488,0.0,1.0,0.0,968.0683542198092,968.0683542198092,0.0,0.0
1668439229.8997345,16620.13,-4.529999999998836,48.82839103,1.0,0.0,0.0582467377944582,0.0,968.0683542198092,0.0,0.0
1668439289.7577338,16578.0,-42.13000000000102,39.23649745,1.0,0.0,0.0582467377944582,0.0,965.614419156528,-2.4539350632811647,0.0
1668439350.5273292,16592.1,14.099999999998545,43.36940342,1.0,0.0,0.0582467377944582,0.0,966.43569815943,0.8212790029018606,0.0
1668439409.831452,16598.19,6.0900000000001455,45.00045015,1.0,0.0,0.0582467377944582,0.0,966.790420792598,0.3547226331680804,0.0
1668439470.0863206,16564.31,-33.87999999999738,38.09507394,1.0,0.0,0.0582467377944582,0.0,964.817021316122,-1.9733994764759473,0.0
1668439529.896432,16548.97,-15.340000000000146,35.74222336,1.0,0.0,0.0582467377944582,0.0,963.923516358355,-0.8935049577670497,0.0
1668439589.906471,16559.49,10.520000000000437,38.9286792,1.0,0.0,0.0582467377944582,0.0,964.5362720399528,0.6127556815977186,0.0
1668439649.8538156,16511.55,-47.94000000000233,31.5598626,1.0,0.0,0.0582467377944582,0.0,961.7439234300864,-2.792348609866508,0.0
1668439709.959948,16515.44,3.889999999999418,32.60434131,1.0,0.0,0.0582467377944582,0.0,961.9705032401066,0.22657981002021188,0.0
1668439769.8536706,16492.59,-22.849999999998545,29.5526233,1.0,0.0,0.0582467377944582,0.0,960.6395652815032,-1.330937958603272,0.0
1668439830.690512,16521.47,28.88000000000102,37.53871641,1.0,0.0,0.0582467377944582,0.0,962.3217310690072,1.6821657875041183,0.0
1668439889.8594909,16492.89,-28.580000000001746,33.33760331,1.0,0.0,0.0582467377944582,0.0,960.6570393028416,-1.6646917661655607,0.0
1668439949.8163714,16463.69,-29.200000000000728,29.7795206,1.0,0.0,0.0582467377944582,0.0,958.9562345592434,-1.7008047435981553,0.0
1668440009.7609396,16509.02,45.330000000001746,40.40877664,1.0,0.0,0.0582467377944582,0.0,961.5965591834664,2.640324624222899,0.0
1668440069.8404152,16532.49,23.470000000001164,45.04691018,1.0,0.0,0.0582467377944582,0.0,962.9636101195024,1.3670509360359802,0.0
1668440130.0337331,16516.77,-15.720000000001164,42.77599545,1.0,0.0,0.0582467377944582,0.0,962.0479714013734,-0.9156387181290029,0.0
1668440189.9980252,16495.92,-20.850000000002183,39.66097899,1.0,0.0,0.0582467377944582,0.0,960.8335269183588,-1.2144444830145176,0.0
1668440249.9737413,16537.15,41.2300000000032,47.54922541,1.0,0.0,0.0582467377944582,0.0,963.2350399176244,2.4015129992657194,0.0
1668440310.9907444,16533.2,-3.9500000000007276,46.91189644,1.0,0.0,0.0582467377944582,0.0,963.0049653033363,-0.23007461428801435,0.0
1668440369.8152466,16541.42,8.219999999997526,48.4624128,1.0,0.0,0.0582467377944582,0.0,963.4837534880066,0.47878818467029305,0.0
1668440429.9544015,16550.55,9.130000000001019,50.18817066,0.0,1.0,0.0,964.01554620407,964.01554620407,0.5317927160634781,0.0
1668440489.851478,16554.35,3.7999999999992724,50.92474376,0.0,1.0,0.0,964.01554620407,964.01554620407,0.0,0.0
1668440549.8718803,16548.43,-5.919999999998254,49.67288271,1.0,0.0,0.0582541997158685,0.0,964.01554620407,0.0,0.0
1668440610.1135738,16540.37,-8.06000000000131,47.9708341,1.0,0.0,0.0582541997158685,0.0,963.5460173543598,-0.46952884971017284,0.0
1668440669.868837,16543.9,3.530000000002474,48.79832103,1.0,0.0,0.0582541997158685,0.0,963.751654679357,0.2056373249971557,0.0
1668440729.777977,16547.77,3.8699999999989814,49.74203444,1.0,0.0,0.0582541997158685,0.0,963.9770984322572,0.22544375290033258,0.0
1668440790.8562517,16552.99,5.220000000001164,51.05251484,0.0,1.0,0.0,964.2811853547744,964.2811853547744,0.30408692251705816,0.0
1668440849.9439244,16556.24,3.25,51.94184966,0.0,1.0,0.0,964.2811853547744,964.2811853547744,0.0,0.0
1668440909.8506703,16534.48,-21.760000000002037,46.12410034,1.0,0.0,0.0583194140580637,0.0,964.2811853547744,0.0,0.0
1668440969.8769696,16536.21,1.7299999999995634,46.64019035,1.0,0.0,0.0583194140580637,0.0,964.3820779410936,0.10089258631910525,0.0
1668441030.2275853,16542.05,5.8400000000001455,48.43220315,1.0,0.0,0.0583194140580637,0.0,964.7226633191926,0.34058537809903555,0.0
1668441089.9876173,16538.56,-3.4899999999979627,47.41833429,1.0,0.0,0.0583194140580637,0.0,964.51912856413,-0.20353475506260565,0.0
1668441149.852808,16586.74,48.18000000000029,59.89986783,0.0,1.0,0.0,967.3289579334476,967.3289579334476,2.8098293693175265,0.0
1668441209.9045465,16578.61,-8.130000000001019,57.42841737,0.0,1.0,0.0,967.3289579334476,967.3289579334476,0.0,0.0
1668441270.0734758,16578.79,0.18000000000029104,57.47037607,0.0,1.0,0.0,967.3289579334476,967.3289579334476,0.0,0.0
1668441329.8868997,16584.15,5.360000000000582,58.5197629,0.0,1.0,0.0,967.3289579334476,967.3289579334476,0.0,0.0
1668441390.0602708,16594.12,9.969999999997526,61.12414245,0.0,1.0,0.0,967.3289579334476,967.3289579334476,0.0,0.0
1668441449.930776,16596.02,1.9000000000014552,61.58047121,0.0,1.0,0.0,967.3289579334476,967.3289579334476,0.0,0.0
1668441510.0041256,16594.67,-1.3500000000021828,60.99547535,0.0,1.0,0.0,967.3289579334476,967.3289579334476,0.0,0.0
1668441569.854989,16597.24,2.570000000003347,61.89139158,0.0,1.0,0.0,967.3289579334476,967.3289579334476,0.0,0.0
1668441629.8208,16593.77,-3.470000000001164,60.22319929,0.0,1.0,0.0,967.3289579334476,967.3289579334476,0.0,0.0
1668441690.8173316,16580.5,-13.270000000000437,54.40811383,0.0,1.0,0.0,967.3289579334476,967.3289579334476,0.0,0.0
1668441750.0267236,16567.24,-13.2599999999984,49.38914103,1.0,0.0,0.0583880572704595,0.0,967.3289579334476,0.0,0.0
1668441810.068363,16597.78,30.539999999997235,58.70464271,0.0,1.0,0.0,969.1121292024872,969.1121292024872,1.7831712690397126,0.0
1668441869.9641569,16575.4,-22.37999999999738,51.25890703,0.0,1.0,0.0,969.1121292024872,969.1121292024872,0.0,0.0
1668441930.081202,16598.96,23.55999999999767,57.38640563,0.0,1.0,0.0,969.1121292024872,969.1121292024872,0.0,0.0
1668441989.9785898,16598.67,-0.2900000000008731,57.22372622,0.0,1.0,0.0,969.1121292024872,969.1121292024872,0.0,0.0
1668442050.0257723,16593.09,-5.579999999998108,55.30829102,0.0,1.0,0.0,969.1121292024872,969.1121292024872,0.0,0.0
1668442110.0038028,16596.67,3.5799999999981083,56.29235479,0.0,1.0,0.0,969.1121292024872,969.1121292024872,0.0,0.0
1668442169.9460838,16594.58,-2.0899999999965075,55.50871114,0.0,1.0,0.0,969.1121292024872,969.1121292024872,0.0,0.0
1668442229.9989946,16588.09,-6.490000000001601,53.08938797,0.0,1.0,0.0,969.1121292024872,969.1121292024872,0.0,0.0
1668442289.9727802,16556.24,-31.849999999998545,43.27744969,1.0,0.0,0.0585345542950867,0.0,969.1121292024872,0.0,0.0
1668442349.8911822,16507.74,-48.5,33.03586505,1.0,0.0,0.0585345542950867,0.0,966.2732033191746,-2.838925883312527,0.0
1668442410.0074334,16488.64,-19.100000000002183,30.04268357,1.0,0.0,0.0585345542950867,0.0,965.1551933321384,-1.1180099870363165,0.0
1668442470.053059,16477.51,-11.130000000001019,28.45693935,1.0,0.0,0.0585345542950867,0.0,964.503703742834,-0.6514895893044468,0.0
1668442529.9490788,16492.81,15.30000000000291,33.76163687,1.0,0.0,0.0585345542950867,0.0,965.3992824235488,0.895578680714948,0.0
1668442589.9136522,16470.08,-22.729999999999563,29.95016154,1.0,0.0,0.0585345542950867,0.0,964.0687920044217,-1.330490419127159,0.0
1668442650.037536,16410.45,-59.63000000000102,23.01044847,1.0,0.0,0.0585345542950867,0.0,960.5783765318056,-3.490415472616064,0.0
1668442710.1096988,16386.82,-23.63000000000102,20.9398343,1.0,0.0,0.0585345542950867,0.0,959.1952050138126,-1.3831715179929915,0.0
1668442769.8960297,16386.86,0.040000000000873115,21.2165584,1.0,0.0,0.0585345542950867,0.0,959.1975463959844,0.0023413821718349936,0.0
1668442830.215205,16396.57,9.709999999999127,24.3106222,1.0,0.0,0.0585345542950867,0.0,959.7659169181898,0.5683705222053277,0.0
1668442890.1088502,16419.24,22.67000000000189,31.68101721,1.0,0.0,0.0585345542950867,0.0,961.0928952640596,1.3269783458697475,0.0
1668442949.9447086,16430.31,11.069999999999709,34.4404711,1.0,0.0,0.0585345542950867,0.0,961.740872780106,0.6479775160464669,0.0
1668443010.030105,16415.99,-14.319999999999709,32.32323297,1.0,0.0,0.0585345542950867,0.0,960.9026579626004,-0.838214817505559,0.0
1668443070.0289948,16441.59,25.599999999998545,39.48537017,1.0,0.0,0.0585345542950867,0.0,962.4011425525546,1.4984845899541597,0.0
1668443130.192611,16438.46,-3.1300000000010186,38.94272194,1.0,0.0,0.0585345542950867,0.0,962.2179293976108,-0.18321315494370083,0.0
1668443189.9960115,16444.12,5.6599999999998545,40.57253474,1.0,0.0,0.0585345542950867,0.0,962.5492349749212,0.3313055773103315,0.0
1668443249.963908,16447.59,3.470000000001164,41.57730787,1.0,0.0,0.0585345542950867,0.0,962.752349878325,0.20311490340384353,0.0
1668443310.1936843,16443.74,-3.849999999998545,40.75399123,1.0,0.0,0.0585345542950867,0.0,962.5269918442892,-0.2253580340359349,0.0
1668443369.938695,16458.78,15.039999999997235,45.31005511,1.0,0.0,0.0585345542950867,0.0,963.407351540887,0.8803596965977931,0.0
1668443429.9652271,16468.51,9.729999999999563,48.09118643,1.0,0.0,0.0585345542950867,0.0,963.9768927541782,0.5695412132911315,0.0
1668443490.1472814,16461.92,-6.5900000000001455,46.37122069,1.0,0.0,0.0585345542950867,0.0,963.5911500413736,-0.3857427128045856,0.0
1668443550.659724,16452.39,-9.529999999998836,43.92073803,1.0,0.0,0.0585345542950867,0.0,963.0333157389416,-0.5578343024320702,0.0
1668443609.9496012,16449.36,-3.029999999998836,43.11096429,1.0,0.0,0.0585345542950867,0.0,962.8559560394274,-0.17735969951422703,0.0
1668443670.1037924,16453.25,3.889999999999418,44.3632983,1.0,0.0,0.0585345542950867,0.0,963.0836554556352,0.2276994162078836,0.0
1668443730.015866,16489.56,36.31000000000131,55.19574162,0.0,1.0,0.0,965.20904512209,965.20904512209,2.1253896664547938,0.0
1668443790.1408348,16505.21,15.649999999997817,59.03882927,0.0,1.0,0.0,965.20904512209,965.20904512209,0.0,0.0
1668443850.0874095,16491.2,-14.0099999999984,54.62506151,0.0,1.0,0.0,965.20904512209,965.20904512209,0.0,0.0
1668443910.11415,16462.48,-28.720000000001164,46.88664835,1.0,0.0,0.0586308408649298,0.0,965.20904512209,0.0,0.0
1668443970.0692365,16473.28,10.799999999999272,49.7439513,1.0,0.0,0.0586308408649298,0.0,965.8422582034308,0.6332130813407275,0.0
1668444030.0088775,16471.49,-1.7899999999972351,49.24877831,1.0,0.0,0.0586308408649298,0.0,965.7373089982826,-0.10494920514815931,0.0
1668444090.09854,16471.42,-0.07000000000334694,49.22920032,1.0,0.0,0.0586308408649298,0.0,965.733204839422,-0.004104158860741336,0.0
1668444150.0304332,16482.39,10.970000000001164,52.4213132,0.0,1.0,0.0,966.3763851637102,966.3763851637102,0.6431803242882097,0.0
1668444209.996318,16486.97,4.580000000001746,53.77649868,0.0,1.0,0.0,966.3763851637102,966.3763851637102,0.0,0.0
1668444269.9313211,16482.93,-4.040000000000873,52.47812592,0.0,1.0,0.0,966.3763851637102,966.3763851637102,0.0,0.0
1668444329.956153,16436.4,-46.529999999998836,39.57721814,1.0,0.0,0.0587948933564351,0.0,966.3763851637102,0.0,0.0
1668444390.1001034,16448.48,12.079999999998108,43.23391079,1.0,0.0,0.0587948933564351,0.0,967.0866274754555,0.7102423117453327,0.0
1668444450.2209804,16492.58,44.10000000000218,54.94099144,0.0,1.0,0.0,969.6794822724744,969.6794822724744,2.5928547970189584,0.0
1668444510.0916736,16483.91,-8.670000000001892,52.6306209,0.0,1.0,0.0,969.6794822724744,969.6794822724744,0.0,0.0
1668444570.0001528,16476.17,-7.740000000001601,50.58532842,0.0,1.0,0.0,969.6794822724744,969.6794822724744,0.0,0.0
1668444630.102671,16500.59,24.42000000000189,56.47596886,0.0,1.0,0.0,969.6794822724744,969.6794822724744,0.0,0.0
1668444690.0530653,16495.55,-5.040000000000873,54.98774005,0.0,1.0,0.0,969.6794822724744,969.6794822724744,0.0,0.0
1668444750.0255983,16488.55,-7.0,52.94609678,0.0,1.0,0.0,969.6794822724744,969.6794822724744,0.0,0.0
1668444810.102255,16470.77,-17.779999999998836,48.080453,1.0,0.0,0.0588727474351517,0.0,969.6794822724744,0.0,0.0
1668444870.113479,16465.74,-5.029999999998836,46.76921523,1.0,0.0,0.0588727474351517,0.0,969.3833523528748,-0.29612991959947976,0.0
1668444930.0863347,16463.51,-2.2300000000032014,46.26249431,1.0,0.0,0.0588727474351517,0.0,969.2520661260944,-0.13128622678050306,0.0
1668444990.1405735,16456.29,-7.219999999997526,44.18589094,1.0,0.0,0.0588727474351517,0.0,968.8270048896128,-0.42506123648172434,0.0
1668445050.1797464,16461.54,5.25,45.93293664,1.0,0.0,0.0588727474351517,0.0,969.1360868136472,0.30908192403444446,0.0
1668445110.0664787,16479.98,18.43999999999869,51.94244475,0.0,1.0,0.0,970.2217002763512,970.2217002763512,1.085613462704032,0.0
1668445170.1729913,16468.53,-11.450000000000728,48.34890818,1.0,0.0,0.0589136796226713,0.0,970.2217002763512,0.0,0.0
1668445230.1224563,16470.14,1.610000000000582,48.88440656,1.0,0.0,0.0589136796226713,0.0,970.3165513005434,0.09485102419228042,0.0
1668445290.2034023,16489.84,19.700000000000728,55.02829153,0.0,1.0,0.0,971.4771507891102,971.4771507891102,1.1605994885667315,0.0
1668445350.09033,16499.6,9.7599999999984,57.60868331,0.0,1.0,0.0,971.4771507891102,971.4771507891102,0.0,0.0
1668445410.012558,16510.42,10.819999999999709,60.57633882,0.0,1.0,0.0,971.4771507891102,971.4771507891102,0.0,0.0
1668445470.1232622,16470.08,-40.33999999999651,47.69158707,1.0,0.0,0.0589843613867759,0.0,971.4771507891102,0.0,0.0
1668445530.145053,16478.42,8.339999999996508,50.07767249,0.0,1.0,0.0,971.9690803630756,971.9690803630756,0.4919295739655354,0.0
1668445590.129243,16471.17,-7.25,47.9812748,1.0,0.0,0.0590103241216668,0.0,971.9690803630756,0.0,0.0
1668445650.1482124,16508.34,37.17000000000189,57.76478084,0.0,1.0,0.0,974.1624941106768,974.1624941106768,2.193413747601312,0.0
1668445710.2826638,16508.66,0.31999999999970896,57.66089259,0.0,1.0,0.0,974.1624941106768,974.1624941106768,0.0,0.0
1668445770.345473,16528.67,20.0099999999984,62.24159944,0.0,1.0,0.0,974.1624941106768,974.1624941106768,0.0,0.0
1668445830.1156688,16507.7,-20.969999999997526,55.5688331,0.0,1.0,0.0,974.1624941106768,974.1624941106768,0.0,0.0
1668445890.0270953,16512.69,4.989999999997963,56.54524743,0.0,1.0,0.0,974.1624941106768,974.1624941106768,0.0,0.0
1668445950.1409972,16517.95,5.260000000002037,57.9270577,0.0,1.0,0.0,974.1624941106768,974.1624941106768,0.0,0.0
1668446010.0301538,16516.8,-1.1500000000014552,57.50245351,0.0,1.0,0.0,974.1624941106768,974.1624941106768,0.0,0.0
1668446070.2877183,16514.06,-2.7399999999979627,56.50629718,0.0,1.0,0.0,974.1624941106768,974.1624941106768,0.0,0.0
1668446130.2827957,16517.04,2.9799999999995634,57.52071366,0.0,1.0,0.0,974.1624941106768,974.1624941106768,0.0,0.0
1668446190.2092748,16519.59,2.5499999999992724,58.2778852,0.0,1.0,0.0,974.1624941106768,974.1624941106768,0.0,0.0
1668446250.0986142,16519.45,-0.13999999999941792,57.98898011,0.0,1.0,0.0,974.1624941106768,974.1624941106768,0.0,0.0
1668446310.2012577,16516.32,-3.1300000000010186,56.53881433,0.0,1.0,0.0,974.1624941106768,974.1624941106768,0.0,0.0
1668446370.2570553,16517.55,1.2299999999995634,56.95816494,0.0,1.0,0.0,974.1624941106768,974.1624941106768,0.0,0.0
1668446430.1755924,16504.31,-13.239999999997963,51.09345876,0.0,1.0,0.0,974.1624941106768,974.1624941106768,0.0,0.0
1668446490.145147,16495.69,-8.62000000000262,47.55733186,1.0,0.0,0.0590555771908102,0.0,974.1624941106768,0.0,0.0
1668446550.0697894,16498.44,2.75,48.76315948,1.0,0.0,0.0590555771908102,0.0,974.3248969479504,0.16240283727370297,0.0
1668446610.148208,16526.8,28.360000000000582,59.3578419,0.0,1.0,0.0,975.999713117082,975.999713117082,1.6748161691315318,0.0
1668446670.0447578,16516.53,-10.270000000000437,55.03624614,0.0,1.0,0.0,975.999713117082,975.999713117082,0.0,0.0
1668446730.187465,16522.59,6.06000000000131,56.92325104,0.0,1.0,0.0,975.999713117082,975.999713117082,0.0,0.0
1668446790.3085804,16517.36,-5.229999999999563,54.57490197,0.0,1.0,0.0,975.999713117082,975.999713117082,0.0,0.0
1668446850.2389758,16527.02,9.659999999999854,58.14674732,0.0,1.0,0.0,975.999713117082,975.999713117082,0.0,0.0
1668446910.0559204,16519.1,-7.920000000001892,54.41025803,0.0,1.0,0.0,975.999713117082,975.999713117082,0.0,0.0
1668446970.243332,16532.21,13.110000000000582,59.12924985,0.0,1.0,0.0,975.999713117082,975.999713117082,0.0,0.0
1668447030.3071034,16552.13,19.92000000000189,65.24815818,0.0,1.0,0.0,975.999713117082,975.999713117082,0.0,0.0
1668447090.188098,16538.88,-13.25,59.06862508,0.0,1.0,0.0,975.999713117082,975.999713117082,0.0,0.0
1668447150.0859134,16558.72,19.840000000000146,64.03325302,0.0,1.0,0.0,975.999713117082,975.999713117082,0.0,0.0
1668447210.1889532,16570.63,11.909999999999854,67.27618121,0.0,1.0,0.0,975.999713117082,975.999713117082,0.0,0.0
1668447270.0617046,16584.6,13.969999999997526,69.42299326,0.0,1.0,0.0,975.999713117082,975.999713117082,0.0,0.0
1668447330.3490975,16576.72,-7.879999999997381,65.85456291,0.0,1.0,0.0,975.999713117082,975.999713117082,0.0,0.0
1668447390.2352903,16565.0,-11.720000000001164,60.89147631,0.0,1.0,0.0,975.999713117082,975.999713117082,0.0,0.0
1668447450.12882,16561.39,-3.610000000000582,59.42290151,0.0,1.0,0.0,975.999713117082,975.999713117082,0.0,0.0
1668447510.1351757,16565.74,4.350000000002183,60.65431366,0.0,1.0,0.0,975.999713117082,975.999713117082,0.0,0.0
1668447570.3186767,16580.58,14.840000000000146,64.63785658,0.0,1.0,0.0,975.999713117082,975.999713117082,0.0,0.0
1668447630.1033025,16594.66,14.079999999998108,67.92221837,0.0,1.0,0.0,975.999713117082,975.999713117082,0.0,0.0
1668447690.2002556,16579.07,-15.590000000000146,61.14991491,0.0,1.0,0.0,975.999713117082,975.999713117082,0.0,0.0
1668447750.2796638,16576.09,-2.9799999999995634,59.78988199,0.0,1.0,0.0,975.999713117082,975.999713117082,0.0,0.0
1668447810.2050269,16581.54,5.450000000000728,61.29818091,0.0,1.0,0.0,975.999713117082,975.999713117082,0.0,0.0
1668447870.18332,16574.6,-6.940000000002328,58.29927475,0.0,1.0,0.0,975.999713117082,975.999713117082,0.0,0.0
1668447930.408516,16579.77,5.170000000001892,59.87418187,0.0,1.0,0.0,975.999713117082,975.999713117082,0.0,0.0
1668447990.186645,16577.19,-2.5800000000017462,58.68310909,0.0,1.0,0.0,975.999713117082,975.999713117082,0.0,0.0
1668448050.2367272,16589.37,12.180000000000291,62.4779814,0.0,1.0,0.0,975.999713117082,975.999713117082,0.0,0.0
1668448110.2329175,16586.96,-2.4099999999998545,61.27866637,0.0,1.0,0.0,975.999713117082,975.999713117082,0.0,0.0
1668448170.0884745,16575.82,-11.139999999999418,55.93383828,0.0,1.0,0.0,975.999713117082,975.999713117082,0.0,0.0
1668448230.169346,16572.97,-2.849999999998545,54.54178874,0.0,1.0,0.0,975.999713117082,975.999713117082,0.0,0.0
1668448290.112054,16570.49,-2.4799999999995634,53.36983385,0.0,1.0,0.0,975.999713117082,975.999713117082,0.0,0.0
1668448350.1960468,16565.06,-5.430000000000291,50.79620666,0.0,1.0,0.0,975.999713117082,975.999713117082,0.0,0.0
1668448410.23198,16558.12,-6.940000000002328,47.63453998,1.0,0.0,0.0589438724394485,0.0,975.999713117082,-1.1368683772161603e-13,0.0
1668448470.4143083,16575.74,17.62000000000262,55.08490161,0.0,1.0,0.0,977.038304149464,977.038304149464,1.0385910323821008,0.0
1668448530.260695,16579.11,3.3699999999989814,56.51442973,0.0,1.0,0.0,977.038304149464,977.038304149464,0.0,0.0
1668448590.24949,16567.14,-11.970000000001164,50.79860721,0.0,1.0,0.0,977.038304149464,977.038304149464,0.0,0.0
1668448650.3411255,16571.98,4.8400000000001455,52.77432949,0.0,1.0,0.0,977.038304149464,977.038304149464,0.0,0.0
1668448710.1733568,16579.37,7.389999999999418,56.0408935,0.0,1.0,0.0,977.038304149464,977.038304149464,0.0,0.0
1668448771.0582445,16584.58,5.210000000002765,58.13877873,0.0,1.0,0.0,977.038304149464,977.038304149464,0.0,0.0
1668448831.0804548,16582.52,-2.0600000000013097,56.9808653,0.0,1.0,0.0,977.038304149464,977.038304149464,0.0,0.0
1668448891.017165,16574.86,-7.6599999999998545,52.77204538,0.0,1.0,0.0,977.038304149464,977.038304149464,0.0,0.0
1668448951.8872364,16566.46,-8.400000000001455,48.68806397,1.0,0.0,0.0589768909078622,0.0,977.038304149464,0.0,0.0
1668449012.098012,16574.93,8.470000000001164,52.62841066,0.0,1.0,0.0,977.5378384154524,977.5378384154524,0.49953426598835904,0.0
1668449072.032948,16580.9,5.970000000001164,55.05882945,0.0,1.0,0.0,977.5378384154524,977.5378384154524,0.0,0.0
1668449132.9707696,16593.84,12.93999999999869,60.34762353,0.0,1.0,0.0,977.5378384154524,977.5378384154524,0.0,0.0
1668449193.0226808,16587.56,-6.279999999998836,57.16889469,0.0,1.0,0.0,977.5378384154524,977.5378384154524,0.0,0.0
1668449253.0377245,16571.4,-16.159999999999854,49.26555882,1.0,0.0,0.058989454024129,0.0,977.5378384154524,0.0,0.0
1668449313.8999236,16573.0,1.5999999999985448,49.96319021,1.0,0.0,0.058989454024129,0.0,977.63222154189,0.09438312643760582,0.0
1668449373.9666462,16576.69,3.6899999999986903,51.7632587,0.0,1.0,0.0,977.8498926272388,977.8498926272388,0.21767108534891122,0.0
1668449433.9207757,16569.36,-7.329999999998108,48.11790953,1.0,0.0,0.0590155499444298,0.0,977.8498926272388,0.0,0.0
1668449494.7941496,16568.74,-0.6199999999989814,47.80651794,1.0,0.0,0.0590155499444298,0.0,977.813302986272,-0.036589640966894876,0.0
1668449554.8418877,16551.49,-17.25,40.53358255,1.0,0.0,0.0590155499444298,0.0,976.7952847497304,-1.0180182365414794,0.0
1668449614.8010583,16554.96,3.469999999997526,42.47336164,1.0,0.0,0.0590155499444298,0.0,977.0000687080376,0.2047839583070754,0.0
1668449676.1907408,16547.1,-7.860000000000582,39.34279159,1.0,0.0,0.0590155499444298,0.0,976.5362064854744,-0.4638622225633071,0.0
1668449736.1450334,16553.32,6.220000000001164,42.92775144,1.0,0.0,0.0590155499444298,0.0,976.9032832061288,0.3670767206542678,0.0
1668449796.527866,16563.64,10.319999999999709,48.40698786,1.0,0.0,0.0590155499444298,0.0,977.5123236815552,0.6090404754263545,0.0
1668449857.1994746,16566.17,2.529999999998836,49.68890175,1.0,0.0,0.0590155499444298,0.0,977.6616330229144,0.14930934135929874,0.0
1668449916.9471016,16574.97,8.80000000000291,53.73461454,0.0,1.0,0.0,978.1809698624256,978.1809698624256,0.5193368395111975,0.0
1668449977.0755503,16574.65,-0.31999999999970896,53.56294599,0.0,1.0,0.0,978.1809698624256,978.1809698624256,0.0,0.0
1668450037.6782398,16576.41,1.7599999999983993,54.27344719,0.0,1.0,0.0,978.1809698624256,978.1809698624256,0.0,0.0
1668450097.8101642,16585.6,9.18999999999869,58.73946222,0.0,1.0,0.0,978.1809698624256,978.1809698624256,0.0,0.0
1668450157.8409183,16576.41,-9.18999999999869,53.36839892,0.0,1.0,0.0,978.1809698624256,978.1809698624256,0.0,0.0
1668450218.700373,16573.2,-3.209999999999127,51.52233416,0.0,1.0,0.0,978.1809698624256,978.1809698624256,0.0,0.0
1668450278.5971494,16573.18,-0.020000000000436557,51.51073136,0.0,1.0,0.0,978.1809698624256,978.1809698624256,0.0,0.0
1668450338.8531425,16579.25,6.069999999999709,54.94046907,0.0,1.0,0.0,978.1809698624256,978.1809698624256,0.0,0.0
1668450399.7854846,16595.96,16.709999999999127,62.77024615,0.0,1.0,0.0,978.1809698624256,978.1809698624256,0.0,0.0
1668450459.646644,16600.62,4.6599999999998545,64.60544658,0.0,1.0,0.0,978.1809698624256,978.1809698624256,0.0,0.0
1668450519.5375967,16596.78,-3.8400000000001455,61.81161526,0.0,1.0,0.0,978.1809698624256,978.1809698624256,0.0,0.0
1668450580.337999,16641.0,44.220000000001164,75.52956884,0.0,1.0,0.0,978.1809698624256,978.1809698624256,0.0,0.0
1668450640.429204,16618.72,-22.279999999998836,63.29753151,0.0,1.0,0.0,978.1809698624256,978.1809698624256,0.0,0.0
1668450700.348266,16625.89,7.169999999998254,65.22981858,0.0,1.0,0.0,978.1809698624256,978.1809698624256,0.0,0.0
1668450761.138674,16612.54,-13.349999999998545,59.36203504,0.0,1.0,0.0,978.1809698624256,978.1809698624256,0.0,0.0
1668450821.3737185,16621.6,9.059999999997672,62.20714805,0.0,1.0,0.0,978.1809698624256,978.1809698624256,0.0,0.0
1668450881.3333952,16596.63,-24.969999999997526,52.23536551,0.0,1.0,0.0,978.1809698624256,978.1809698624256,0.0,0.0
1668450942.4106452,16615.54,18.909999999999854,58.91229333,0.0,1.0,0.0,978.1809698624256,978.1809698624256,0.0,0.0
1668451002.253302,16623.22,7.680000000000291,61.24646306,0.0,1.0,0.0,978.1809698624256,978.1809698624256,0.0,0.0
1668451062.2359836,16637.04,13.819999999999709,65.30795774,0.0,1.0,0.0,978.1809698624256,978.1809698624256,0.0,0.0
1668451123.2617283,16636.63,-0.4099999999998545,65.26128652,0.0,1.0,0.0,978.1809698624256,978.1809698624256,0.0,0.0
1668451183.0144184,16626.86,-9.770000000000437,60.47014397,0.0,1.0,0.0,978.1809698624256,978.1809698624256,0.0,0.0
1668451243.0490632,16631.71,4.849999999998545,62.23899431,0.0,1.0,0.0,978.1809698624256,978.1809698624256,0.0,0.0
1668451303.859636,16634.02,2.3100000000013097,63.46002829,0.0,1.0,0.0,978.1809698624256,978.1809698624256,0.0,0.0
1668451363.9240432,16622.5,-11.520000000000437,57.01540813,0.0,1.0,0.0,978.1809698624256,978.1809698624256,0.0,0.0
1668451423.9514818,16624.66,2.1599999999998545,57.99534555,0.0,1.0,0.0,978.1809698624256,978.1809698624256,0.0,0.0
1668451485.0368328,16627.27,2.610000000000582,58.83829088,0.0,1.0,0.0,978.1809698624256,978.1809698624256,0.0,0.0
1668451544.9312685,16628.48,1.2099999999991269,58.4031302,0.0,1.0,0.0,978.1809698624256,978.1809698624256,0.0,0.0
1668451604.9138525,16619.13,-9.349999999998545,53.13354716,0.0,1.0,0.0,978.1809698624256,978.1809698624256,0.0,0.0
1668451665.7206075,16623.77,4.639999999999418,55.28758925,0.0,1.0,0.0,978.1809698624256,978.1809698624256,0.0,0.0
1668451725.9240344,16643.11,19.340000000000146,62.85388267,0.0,1.0,0.0,978.1809698624256,978.1809698624256,0.0,0.0
1668451785.8148022,16623.94,-19.17000000000189,54.51254645,0.0,1.0,0.0,978.1809698624256,978.1809698624256,0.0,0.0
1668451846.6620722,16617.64,-6.299999999999272,50.96108146,0.0,1.0,0.0,978.1809698624256,978.1809698624256,0.0,0.0
1668451906.6079094,16616.63,-1.0099999999983993,50.36123086,0.0,1.0,0.0,978.1809698624256,978.1809698624256,0.0,0.0
1668451966.6450274,16622.32,5.68999999999869,53.10280085,0.0,1.0,0.0,978.1809698624256,978.1809698624256,0.0,0.0
1668452027.31592,16628.38,6.06000000000131,56.40333788,0.0,1.0,0.0,978.1809698624256,978.1809698624256,0.0,0.0
1668452087.2738235,16629.46,1.0799999999981083,54.92935231,0.0,1.0,0.0,978.1809698624256,978.1809698624256,0.0,0.0
1668452147.813347,16632.42,2.959999999999127,56.45964503,0.0,1.0,0.0,978.1809698624256,978.1809698624256,0.0,0.0
1668452208.3465855,16631.84,-0.5799999999981083,55.5793457,0.0,1.0,0.0,978.1809698624256,978.1809698624256,0.0,0.0
1668452268.539124,16625.64,-6.200000000000728,52.0656162,0.0,1.0,0.0,978.1809698624256,978.1809698624256,0.0,0.0
1668452328.4138129,16621.85,-3.790000000000873,50.00555239,0.0,1.0,0.0,978.1809698624256,978.1809698624256,0.0,0.0
1668452389.1363912,16607.64,-14.209999999999127,43.20132429,1.0,0.0,0.0588994565069104,0.0,978.1809698624256,0.0,0.0
1668452448.9392238,16612.81,5.170000000001892,45.78550195,1.0,0.0,0.0588994565069104,0.0,978.4854800525662,0.3045101901406042,0.0
1668452509.099456,16605.99,-6.819999999999709,42.39491736,1.0,0.0,0.0588994565069104,0.0,978.0837857591893,-0.4016942933770906,0.0
1668452570.1341438,16610.68,4.68999999999869,46.17234907,1.0,0.0,0.0588994565069104,0.0,978.3600242102063,0.2762384510172069,0.0
1668452629.8264072,16615.84,5.1599999999998545,49.00559273,1.0,0.0,0.0588994565069104,0.0,978.663945405782,0.3039211955757537,0.0
1668452690.8734555,16615.01,-0.8300000000017462,48.55958022,1.0,0.0,0.0588994565069104,0.0,978.6150588568812,-0.048886548900782145,0.0
1668452750.71059,16626.43,11.420000000001892,54.4763029,0.0,1.0,0.0,979.2876906501904,979.2876906501904,0.6726317933090513,0.0
1668452810.6904166,16605.89,-20.540000000000873,43.81515273,1.0,0.0,0.058972309864162,0.0,979.2876906501904,0.0,0.0
1668452870.8524568,16598.04,-7.849999999998545,40.56024141,1.0,0.0,0.058972309864162,0.0,978.8247580177556,-0.46293263243489946,0.0
1668452931.5176318,16612.76,14.719999999997526,48.62629374,1.0,0.0,0.058972309864162,0.0,979.692830418956,0.8680724012002656,0.0
1668452991.6329849,16609.78,-2.9799999999995634,47.15998476,1.0,0.0,0.058972309864162,0.0,979.5170929355606,-0.17573748339532358,0.0
1668453052.168742,16596.16,-13.619999999998981,41.0637227,1.0,0.0,0.058972309864162,0.0,978.7138900752108,-0.8032028603498702,0.0
1668453112.207254,16587.41,-8.75,37.62794081,1.0,0.0,0.058972309864162,0.0,978.1978823638992,-0.5160077113114312,0.0
1668453172.2923207,16575.33,-12.079999999998108,34.31845687,1.0,0.0,0.058972309864162,0.0,977.4854968607405,-0.7123855031587709,0.0
1668453232.941072,16574.73,-0.6000000000021828,34.73893044,1.0,0.0,0.058972309864162,0.0,977.4501134748218,-0.03538338591863521,0.0
1668453293.149676,16559.7,-15.029999999998836,30.36779039,1.0,0.0,0.058972309864162,0.0,976.5637596575637,-0.8863538172582821,0.0
1668453353.2053957,16562.72,3.0200000000004366,31.21544235,1.0,0.0,0.058972309864162,0.0,976.7418560333532,0.1780963757896643,0.0
1668453413.269029,16552.54,-10.180000000000291,31.02601299,1.0,0.0,0.058972309864162,0.0,976.141517918936,-0.6003381144171271,0.0
1668453473.850978,16530.95,-21.590000000000146,23.82317979,1.0,0.0,0.058972309864162,0.0,974.8683057489689,-1.2732121699671097,0.0
1668453533.99693,16538.54,7.5900000000001455,30.9934775,1.0,0.0,0.058972309864162,0.0,975.3159055808378,0.44759983186895624,0.0
1668453594.221437,16542.85,4.309999999997672,35.05850574,1.0,0.0,0.058972309864162,0.0,975.5700762363524,0.2541706555144856,0.0
1668453655.1801794,16523.24,-19.609999999996944,30.72121621,1.0,0.0,0.058972309864162,0.0,974.4136292399162,-1.156446996436216,0.0
1668453716.3499436,16519.0,-4.240000000001601,29.86235513,1.0,0.0,0.058972309864162,0.0,974.163586646092,-0.2500425938241051,0.0
1668453775.0434072,16541.18,22.18000000000029,39.7013059,1.0,0.0,0.058972309864162,0.0,975.4715924788792,1.3080058327872166,0.0
1668453835.7448733,16541.32,0.13999999999941792,40.17296332,1.0,0.0,0.058972309864162,0.0,975.4798486022602,0.008256123380988356,0.0
1668453895.7575762,16542.27,0.9500000000007276,40.63846144,1.0,0.0,0.058972309864162,0.0,975.5358722966312,0.056023694370992416,0.0
1668453955.84119,16563.74,21.470000000001164,47.78577502,1.0,0.0,0.058972309864162,0.0,976.8020077894148,1.2661354927836328,0.0
1668454016.7674153,16547.2,-16.540000000000873,43.26880276,1.0,0.0,0.058972309864162,0.0,975.8266057842616,-0.9754020051533416,0.0
1668454076.7776172,16534.88,-12.319999999999709,40.19791238,1.0,0.0,0.058972309864162,0.0,975.100066926735,-0.7265388575265206,0.0
1668454136.810555,16547.35,12.469999999997526,44.82688098,1.0,0.0,0.058972309864162,0.0,975.835451630741,0.7353847040059236,0.0
1668454197.5112543,16554.49,7.140000000003056,47.14168224,1.0,0.0,0.058972309864162,0.0,976.2565139231712,0.4210622924302925,0.0
1668454257.373303,16557.18,2.6899999999986903,47.94169129,1.0,0.0,0.058972309864162,0.0,976.4151494367056,0.15863551353459115,0.0
1668454317.4678888,16541.34,-15.840000000000146,43.52342667,1.0,0.0,0.058972309864162,0.0,975.4810280484576,-0.9341213882481725,0.0
1668454378.312452,16518.23,-23.110000000000582,37.87072395,1.0,0.0,0.058972309864162,0.0,974.1181779674966,-1.362850080960925,0.0
1668454438.0967245,16532.96,14.729999999999563,42.18235061,1.0,0.0,0.058972309864162,0.0,974.9868400917956,0.8686621242990213,0.0
1668454498.2396283,16501.63,-31.32999999999811,33.82192229,1.0,0.0,0.058972309864162,0.0,973.1392376237516,-1.847602468043874,0.0
1668454564.5007648,16505.64,4.009999999998399,34.57995086,1.0,0.0,0.058972309864162,0.0,973.3757165863068,0.23647896255522483,0.0
1668454619.280159,16512.96,7.319999999999709,37.17261911,1.0,0.0,0.058972309864162,0.0,973.8073938945124,0.43167730820573524,0.0
1668454679.316702,16513.34,0.38000000000101863,38.13968767,1.0,0.0,0.058972309864162,0.0,973.8298033722608,0.022409477748510653,0.0
1668454740.1963303,16502.83,-10.5099999999984,35.36599334,1.0,0.0,0.058972309864162,0.0,973.2100043955888,-0.6197989766720866,0.0
1668454800.251817,16512.18,9.349999999998545,39.74148864,1.0,0.0,0.058972309864162,0.0,973.7613954928185,0.5513910972296117,0.0
1668454860.0160768,16510.74,-1.4399999999986903,39.2189407,1.0,0.0,0.058972309864162,0.0,973.6764753666142,-0.08492012620422429,0.0
1668454920.7913997,16504.54,-6.200000000000728,37.65172766,1.0,0.0,0.058972309864162,0.0,973.3108470454564,-0.3656283211579421,0.0
1668454980.6775758,16510.51,5.969999999997526,39.40907743,1.0,0.0,0.058972309864162,0.0,973.6629117353452,0.35206468988883444,0.0
1668455040.7842803,16499.49,-11.019999999996799,35.96374117,1.0,0.0,0.058972309864162,0.0,973.0130368806424,-0.6498748547028299,0.0
1668455101.6338816,16470.0,-29.4900000000016,28.45889947,1.0,0.0,0.058972309864162,0.0,971.273943462748,-1.7390934178943098,0.0
1668455161.7898593,16406.02,-63.97999999999956,19.33833428,1.0,0.0,0.058972309864162,0.0,967.500895077639,-3.7730483851089502,0.0
1668455221.669294,16377.97,-28.05000000000109,16.81915383,1.0,0.0,0.058972309864162,0.0,965.8467217859492,-1.6541732916897445,0.0
1668455282.6424885,16393.34,15.3700000000008,26.88830522,1.0,0.0,0.058972309864162,0.0,966.7531261885616,0.9064044026123383,0.0
1668455341.6901846,16389.57,-3.7700000000004366,26.17872448,1.0,0.0,0.058972309864162,0.0,966.5308005803736,-0.2223256081880436,0.0
1668455401.8100712,16421.49,31.92000000000189,36.25351991,1.0,0.0,0.058972309864162,0.0,968.4131967112376,1.8823961308640946,0.0
1668455461.8812823,16452.77,31.279999999998836,44.22709801,1.0,0.0,0.058972309864162,0.0,970.2578505637888,1.8446538525511187,0.0
1668455521.9089544,16458.76,5.989999999997963,45.58439595,1.0,0.0,0.058972309864162,0.0,970.6110946998748,0.3532441360861185,0.0
1668455581.7859037,16440.63,-18.12999999999738,42.06584964,1.0,0.0,0.058972309864162,0.0,969.5419267220376,-1.0691679778370826,0.0
1668455641.777435,16413.73,-26.900000000001455,37.42560409,1.0,0.0,0.058972309864162,0.0,967.9555715866916,-1.5863551353459115,0.0
1668455701.8105,16364.53,-49.19999999999891,34.72948072,1.0,0.0,0.058972309864162,0.0,965.054133941375,-2.901437645316605,0.0
1668455762.4837575,16246.98,-117.55000000000109,25.25351074,1.0,0.0,0.058972309864162,0.0,958.1219389168429,-6.932195024532234,0.0
1668455821.79032,16217.33,-29.649999999999636,23.48090235,1.0,0.0,0.058972309864162,0.0,956.3734099293704,-1.7485289874725822,0.0
1668455881.9404566,16218.96,1.6299999999991996,23.51134159,1.0,0.0,0.058972309864162,0.0,956.4695347944488,0.09612486507842277,0.0
1668455941.7697356,16242.47,23.51000000000022,28.08300671,1.0,0.0,0.058972309864162,0.0,957.8559737993552,1.3864390049064923,0.0
1668456001.8183398,16243.42,0.9500000000007276,28.4786066,1.0,0.0,0.058972309864162,0.0,957.9119974937264,0.0560236943711061,0.0
1668456061.7155366,16273.88,30.459999999999127,34.21984929,1.0,0.0,0.058972309864162,0.0,959.7082940521886,1.7962965584622452,0.0
1668456121.7576337,16302.49,28.610000000000582,39.2058657,1.0,0.0,0.058972309864162,0.0,961.3954918374023,1.687197785213698,0.0
1668456181.9496832,16298.2,-4.289999999999054,39.08870739,1.0,0.0,0.058972309864162,0.0,961.1425006280851,-0.25299120931720154,0.0
1668456241.8201485,16327.9,29.69999999999891,44.21384716,1.0,0.0,0.058972309864162,0.0,962.8939782310508,1.751477602965565,0.0
1668456301.761944,16303.82,-24.079999999999927,41.27674149,1.0,0.0,0.058972309864162,0.0,961.4739250095216,-1.4200532215292014,0.0
1668456361.6890545,16273.3,-30.520000000000437,37.76017215,1.0,0.0,0.058972309864162,0.0,959.6740901124674,-1.799834897054211,0.0
1668456421.8511,16214.84,-58.45999999999913,32.16222695,1.0,0.0,0.058972309864162,0.0,956.2265688778084,-3.4475212346588933,0.0
1668456482.01573,16228.85,14.010000000000218,34.55349766,1.0,0.0,0.058972309864162,0.0,957.0527709390057,0.8262020611971366,0.0
1668456541.9981215,16248.53,19.68000000000029,38.04014651,1.0,0.0,0.058972309864162,0.0,958.2133459971324,1.1605750581265966,0.0
1668456601.8273754,16203.65,-44.88000000000102,33.76862026,1.0,0.0,0.058972309864162,0.0,955.5666687304284,-2.6466772667038185,0.0
1668456661.8565335,16267.73,64.07999999999993,42.83629767,1.0,0.0,0.058972309864162,0.0,959.345614346524,3.778945616095598,0.0
1668456721.8173146,16223.84,-43.88999999999942,37.64072986,1.0,0.0,0.058972309864162,0.0,956.757319666586,-2.5882946799380306,0.0
1668456781.8005865,16212.55,-11.290000000000873,36.69450231,1.0,0.0,0.058972309864162,0.0,956.0915222882196,-0.665797378366392,0.0
1668456841.705238,16219.73,7.180000000000291,37.96297716,1.0,0.0,0.058972309864162,0.0,956.5149434730442,0.4234211848246332,0.0
1668456901.8374417,16236.15,16.420000000000073,41.26935659,1.0,0.0,0.058972309864162,0.0,957.483268801014,0.9683253279696373,0.0
1668456962.161574,16265.81,29.659999999999854,45.9997897,1.0,0.0,0.058972309864162,0.0,959.2323875115848,1.7491187105708832,0.0
1668457021.8523586,16263.54,-2.2699999999986176,45.78357954,1.0,0.0,0.058972309864162,0.0,959.0985203681932,-0.1338671433915124,0.0
1668457081.820351,16294.79,31.25,50.78083236,0.0,1.0,0.0,960.9414050514484,960.9414050514484,1.842884683255079,0.0
1668457142.2693422,16289.5,-5.290000000000873,50.11784292,0.0,1.0,0.0,960.9414050514484,960.9414050514484,0.0,0.0
1668457201.8064437,16300.56,11.05999999999949,51.97301001,0.0,1.0,0.0,960.9414050514484,960.9414050514484,0.0,0.0
1668457261.754382,16296.85,-3.709999999999127,51.18303686,0.0,1.0,0.0,960.9414050514484,960.9414050514484,0.0,0.0
1668457321.8559556,16291.24,-5.610000000000582,50.03834859,0.0,1.0,0.0,960.9414050514484,960.9414050514484,0.0,0.0
1668457382.0390663,16290.37,-0.8699999999989814,49.97555758,1.0,0.0,0.0589883105817393,0.0,960.9414050514484,0.0,0.0
1668457441.8547993,16304.78,14.409999999999854,52.72552991,0.0,1.0,0.0,961.7914266069312,961.7914266069312,0.8500215554828401,0.0
1668457504.4528053,16310.17,5.389999999999418,53.80911777,0.0,1.0,0.0,961.7914266069312,961.7914266069312,0.0,0.0
1668457561.9198985,16304.39,-5.780000000000655,52.71045112,0.0,1.0,0.0,961.7914266069312,961.7914266069312,0.0,0.0
1668457621.9848647,16303.49,-0.8999999999996362,52.47005836,0.0,1.0,0.0,961.7914266069312,961.7914266069312,0.0,0.0
1668457681.7194736,16302.1,-1.389999999999418,51.91775531,0.0,1.0,0.0,961.7914266069312,961.7914266069312,0.0,0.0
1668457741.8607094,16294.29,-7.809999999999491,49.74563375,1.0,0.0,0.0590262863007182,0.0,961.7914266069312,0.0,0.0
1668457801.7927604,16315.25,20.959999999999127,54.60196954,0.0,1.0,0.0,963.0286175677926,963.0286175677926,1.237190960861426,0.0
1668457861.9564846,16325.37,10.1200000000008,56.68742387,0.0,1.0,0.0,963.0286175677926,963.0286175677926,0.0,0.0
1668457921.7676642,16318.53,-6.8400000000001455,55.04010861,0.0,1.0,0.0,963.0286175677926,963.0286175677926,0.0,0.0
1668457982.000814,16314.72,-3.8100000000013097,54.27254442,0.0,1.0,0.0,963.0286175677926,963.0286175677926,0.0,0.0
1668458041.911714,16288.62,-26.099999999998545,47.31206905,1.0,0.0,0.059122787416478,0.0,963.0286175677926,0.0,0.0
1668458101.7553344,16308.82,20.19999999999891,52.49671169,0.0,1.0,0.0,964.2228978736048,964.2228978736048,1.1942803058121854,0.0
1668458162.0085282,16304.8,-4.020000000000437,51.52899324,0.0,1.0,0.0,964.2228978736048,964.2228978736048,0.0,0.0
1668458221.9349751,16302.67,-2.1299999999991996,50.96884503,0.0,1.0,0.0,964.2228978736048,964.2228978736048,0.0,0.0
1668458281.9473348,16317.31,14.639999999999418,54.76985448,0.0,1.0,0.0,964.2228978736048,964.2228978736048,0.0,0.0
1668458341.7476757,16325.84,8.530000000000655,56.90271555,0.0,1.0,0.0,964.2228978736048,964.2228978736048,0.0,0.0
1668458401.9587476,16330.97,5.1299999999992,58.23029999,0.0,1.0,0.0,964.2228978736048,964.2228978736048,0.0,0.0
1668458461.7624152,16310.76,-20.209999999999127,51.67448024,0.0,1.0,0.0,964.2228978736048,964.2228978736048,0.0,0.0
1668458522.853569,16305.12,-5.639999999999418,50.11837043,0.0,1.0,0.0,964.2228978736048,964.2228978736048,0.0,0.0
1668458581.837681,16303.62,-1.5,49.65122121,1.0,0.0,0.0591416444859242,0.0,964.2228978736048,0.0,0.0
1668458641.9403973,16305.92,2.2999999999992724,50.3300642,0.0,1.0,0.0,964.3589236559212,964.3589236559212,0.13602578231632378,0.0
1668458702.0538886,16306.69,0.7700000000004366,50.55959394,0.0,1.0,0.0,964.3589236559212,964.3589236559212,0.0,0.0
1668458776.5407195,16299.42,-7.270000000000437,47.88658774,1.0,0.0,0.059165229416502,0.0,964.3589236559212,0.0,0.0
1668458822.0159209,16294.56,-4.860000000000582,46.16373766,1.0,0.0,0.059165229416502,0.0,964.0713806409568,-0.28754301496439894,0.0
1668458882.0919771,16288.05,-6.510000000000218,44.49860529,1.0,0.0,0.059165229416502,0.0,963.6862149974552,-0.38516564350152294,0.0
1668458942.007208,16258.65,-29.399999999999636,36.03908462,1.0,0.0,0.059165229416502,0.0,961.9467572526102,-1.7394577448450264,0.0
1668459001.9164047,16271.85,13.200000000000728,41.60048909,1.0,0.0,0.059165229416502,0.0,962.727738280908,0.7809810282979015,0.0
1668459062.2881117,16288.34,16.48999999999978,47.50955914,1.0,0.0,0.059165229416502,0.0,963.7033729139862,0.9756346330781298,0.0
1668459121.8526075,16254.39,-33.95000000000073,37.95361039,1.0,0.0,0.059165229416502,0.0,961.694713375296,-2.0086595386902673,0.0
1668459182.0134244,16284.14,29.75,47.76961868,1.0,0.0,0.059165229416502,0.0,963.4548789504368,1.7601655751408316,0.0
1668459241.7560673,16255.95,-28.18999999999869,38.31516269,1.0,0.0,0.059165229416502,0.0,961.7870111331856,-1.6678678172510217,0.0
1668459301.7536914,16250.79,-5.1599999999998545,36.90430803,1.0,0.0,0.059165229416502,0.0,961.4817185493964,-0.30529258378908253,0.0
1668459361.9439335,16265.53,14.739999999999782,43.07345941,1.0,0.0,0.059165229416502,0.0,962.3538140309956,0.8720954815993309,0.0
1668459422.5380738,16252.35,-13.180000000000291,38.75434527,1.0,0.0,0.059165229416502,0.0,961.5740163072865,-0.7797977237092937,0.0
1668459482.5826352,16248.52,-3.8299999999999272,37.53238632,1.0,0.0,0.059165229416502,0.0,961.3474134786212,-0.22660282866536363,0.0
1668459542.580011,16258.63,10.109999999998763,41.28918545,1.0,0.0,0.059165229416502,0.0,961.945573948022,0.5981604694006819,0.0
1668459603.8488653,16285.84,27.210000000000946,52.39129207,0.0,1.0,0.0,963.5554598404448,963.5554598404448,1.6098858924228807,0.0
1668459663.3359928,16277.41,-8.430000000000291,49.27022145,1.0,0.0,0.0591958708320577,0.0,963.5554598404448,0.0,0.0
1668459755.2857194,16302.64,25.229999999999563,58.60109625,0.0,1.0,0.0,965.048971661537,965.048971661537,1.4935118210922838,0.0
1668459784.239355,16305.56,2.9200000000000728,59.5596444,0.0,1.0,0.0,965.048971661537,965.048971661537,0.0,0.0
1668459844.211825,16315.84,10.280000000000655,61.74626992,0.0,1.0,0.0,965.048971661537,965.048971661537,0.0,0.0
1668459906.3777266,16307.78,-8.05999999999949,58.11461677,0.0,1.0,0.0,965.048971661537,965.048971661537,0.0,0.0
1668459965.070686,16311.21,3.429999999998472,58.49599521,0.0,1.0,0.0,965.048971661537,965.048971661537,0.0,0.0
1668460025.0100822,16308.62,-2.5899999999983265,57.16706027,0.0,1.0,0.0,965.048971661537,965.048971661537,0.0,0.0
1668460085.1259463,16294.68,-13.94000000000051,51.7307288,0.0,1.0,0.0,965.048971661537,965.048971661537,0.0,0.0
1668460145.9204533,16304.48,9.799999999999272,54.84305417,0.0,1.0,0.0,965.048971661537,965.048971661537,0.0,0.0
1668460206.0828483,16307.55,3.069999999999709,55.82885293,0.0,1.0,0.0,965.048971661537,965.048971661537,0.0,0.0
1668460265.8773272,16303.39,-4.1599999999998545,54.50583111,0.0,1.0,0.0,965.048971661537,965.048971661537,0.0,0.0
1668460326.7027073,16286.04,-17.349999999998545,47.9639169,1.0,0.0,0.0592562078726035,0.0,965.048971661537,0.0,0.0
1668460386.6500795,16306.77,20.729999999999563,55.33457117,0.0,1.0,0.0,966.2773528507346,966.2773528507346,1.2283811891975347,0.0
1668460446.5297973,16305.31,-1.4600000000009459,54.92316173,0.0,1.0,0.0,966.2773528507346,966.2773528507346,0.0,0.0
1668460507.759066,16315.57,10.260000000000218,57.81446432,0.0,1.0,0.0,966.2773528507346,966.2773528507346,0.0,0.0
1668460567.6227744,16324.4,8.829999999999927,60.59306093,0.0,1.0,0.0,966.2773528507346,966.2773528507346,0.0,0.0
1668460627.671311,16326.81,2.4099999999998545,61.30147051,0.0,1.0,0.0,966.2773528507346,966.2773528507346,0.0,0.0
1668460688.4259734,16372.08,45.27000000000044,71.93058718,0.0,1.0,0.0,966.2773528507346,966.2773528507346,0.0,0.0
1668460748.4084952,16351.06,-21.020000000000437,65.62601139,0.0,1.0,0.0,966.2773528507346,966.2773528507346,0.0,0.0
1668460808.797055,16346.16,-4.899999999999636,63.28851978,0.0,1.0,0.0,966.2773528507346,966.2773528507346,0.0,0.0
1668460869.3641555,16349.85,3.6900000000005093,62.53220938,0.0,1.0,0.0,966.2773528507346,966.2773528507346,0.0,0.0
1668460929.2219083,16348.91,-0.9400000000005093,62.03311183,0.0,1.0,0.0,966.2773528507346,966.2773528507346,0.0,0.0
1668460989.229315,16344.01,-4.899999999999636,59.87882094,0.0,1.0,0.0,966.2773528507346,966.2773528507346,0.0,0.0
1668461050.769076,16352.79,8.780000000000655,62.57973868,0.0,1.0,0.0,966.2773528507346,966.2773528507346,0.0,0.0
1668461110.8099544,16344.32,-8.470000000001164,59.2755296,0.0,1.0,0.0,966.2773528507346,966.2773528507346,0.0,0.0
1668461170.7233434,16348.86,4.540000000000873,60.39638584,0.0,1.0,0.0,966.2773528507346,966.2773528507346,0.0,0.0
1668461231.455167,16351.23,2.3699999999989814,59.61037757,0.0,1.0,0.0,966.2773528507346,966.2773528507346,0.0,0.0
1668461291.4342215,16344.79,-6.43999999999869,56.49513551,0.0,1.0,0.0,966.2773528507346,966.2773528507346,0.0,0.0
1668461351.4323514,16356.06,11.269999999998618,61.18013781,0.0,1.0,0.0,966.2773528507346,966.2773528507346,0.0,0.0
1668461412.270842,16349.62,-6.43999999999869,57.74779472,0.0,1.0,0.0,966.2773528507346,966.2773528507346,0.0,0.0
1668461472.471393,16372.9,23.279999999998836,65.22564884,0.0,1.0,0.0,966.2773528507346,966.2773528507346,0.0,0.0
1668461532.3581932,16375.62,2.720000000001164,66.71449463,0.0,1.0,0.0,966.2773528507346,966.2773528507346,0.0,0.0
1668461593.0965245,16376.51,0.8899999999994179,66.99636412,0.0,1.0,0.0,966.2773528507346,966.2773528507346,0.0,0.0
1668461655.604081,16363.02,-13.489999999999782,59.17890227,0.0,1.0,0.0,966.2773528507346,966.2773528507346,0.0,0.0
1668461713.204126,16364.64,1.6199999999989814,59.79534662,0.0,1.0,0.0,966.2773528507346,966.2773528507346,0.0,0.0
1668461774.132978,16373.79,9.150000000001455,63.17764221,0.0,1.0,0.0,966.2773528507346,966.2773528507346,0.0,0.0
1668461834.1634011,16373.87,0.07999999999992724,63.20678671,0.0,1.0,0.0,966.2773528507346,966.2773528507346,0.0,0.0
1668461894.073313,16378.12,4.25,64.80069262,0.0,1.0,0.0,966.2773528507346,966.2773528507346,0.0,0.0
1668461954.7507596,16367.02,-11.100000000000364,57.76252125,0.0,1.0,0.0,966.2773528507346,966.2773528507346,0.0,0.0
1668462014.0739226,16372.57,5.549999999999272,60.09624092,0.0,1.0,0.0,966.2773528507346,966.2773528507346,0.0,0.0
1668462074.3494482,16371.34,-1.2299999999995634,59.11765442,0.0,1.0,0.0,966.2773528507346,966.2773528507346,0.0,0.0
1668462134.0845895,16377.18,5.8400000000001455,61.60556413,0.0,1.0,0.0,966.2773528507346,966.2773528507346,0.0,0.0
1668462194.541227,16378.63,1.4499999999989086,62.22031198,0.0,1.0,0.0,966.2773528507346,966.2773528507346,0.0,0.0
1668462254.19196,16383.35,4.720000000001164,64.22815058,0.0,1.0,0.0,966.2773528507346,966.2773528507346,0.0,0.0
1668462314.1576414,16385.07,1.7199999999993452,64.68965189,0.0,1.0,0.0,966.2773528507346,966.2773528507346,0.0,0.0
1668462374.1965215,16378.6,-6.469999999999345,59.77380245,0.0,1.0,0.0,966.2773528507346,966.2773528507346,0.0,0.0
1668462434.1996963,16366.27,-12.329999999999927,51.77758804,0.0,1.0,0.0,966.2773528507346,966.2773528507346,0.0,0.0
1668462494.217031,16362.28,-3.9899999999997817,49.4067702,1.0,0.0,0.0590551776922736,0.0,966.2773528507346,0.0,0.0
1668462554.0554876,16367.63,5.349999999998545,52.54790117,0.0,1.0,0.0,966.593298051388,966.593298051388,0.3159452006534593,0.0
1668462614.2559917,16366.18,-1.4499999999989086,51.61939091,0.0,1.0,0.0,966.593298051388,966.593298051388,0.0,0.0
1668462674.3415444,16364.37,-1.8099999999994907,50.48985907,0.0,1.0,0.0,966.593298051388,966.593298051388,0.0,0.0
1668462734.5694523,16375.63,11.2599999999984,56.99226993,0.0,1.0,0.0,966.593298051388,966.593298051388,0.0,0.0
1668462794.2315595,16380.39,4.760000000000218,59.63889812,0.0,1.0,0.0,966.593298051388,966.593298051388,0.0,0.0
1668462854.1016812,16385.91,5.520000000000437,62.36711015,0.0,1.0,0.0,966.593298051388,966.593298051388,0.0,0.0
1668462914.135236,16401.39,15.479999999999563,68.74712443,0.0,1.0,0.0,966.593298051388,966.593298051388,0.0,0.0
1668462974.1008658,16390.92,-10.470000000001164,61.31938344,0.0,1.0,0.0,966.593298051388,966.593298051388,0.0,0.0
1668463034.2222097,16402.6,11.680000000000291,66.58721865,0.0,1.0,0.0,966.593298051388,966.593298051388,0.0,0.0
1668463094.2047389,16403.87,1.2700000000004366,67.06122636,0.0,1.0,0.0,966.593298051388,966.593298051388,0.0,0.0
1668463154.211898,16416.58,12.710000000002765,71.45270587,0.0,1.0,0.0,966.593298051388,966.593298051388,0.0,0.0
1668463214.3015752,16407.87,-8.710000000002765,64.99527252,0.0,1.0,0.0,966.593298051388,966.593298051388,0.0,0.0
1668463274.201248,16393.25,-14.619999999998981,56.22578971,0.0,1.0,0.0,966.593298051388,966.593298051388,0.0,0.0
1668463335.728847,16408.7,15.450000000000728,62.29169428,0.0,1.0,0.0,966.593298051388,966.593298051388,0.0,0.0
1668463394.0938275,16434.35,25.649999999997817,69.77905648,0.0,1.0,0.0,966.593298051388,966.593298051388,0.0,0.0
1668463454.0739143,16427.93,-6.419999999998254,62.62784433,0.0,1.0,0.0,966.593298051388,966.593298051388,0.0,0.0
1668463514.299435,16437.59,9.659999999999854,64.9661995,0.0,1.0,0.0,966.593298051388,966.593298051388,0.0,0.0
1668463574.3137076,16431.44,-6.150000000001455,62.57386449,0.0,1.0,0.0,966.593298051388,966.593298051388,0.0,0.0
1668463634.621289,16425.99,-5.44999999999709,60.18983535,0.0,1.0,0.0,966.593298051388,966.593298051388,0.0,0.0
1668463694.5077088,16429.05,3.0599999999976717,61.10379367,0.0,1.0,0.0,966.593298051388,966.593298051388,0.0,0.0
1668463754.237717,16441.57,12.520000000000437,64.63969531,0.0,1.0,0.0,966.593298051388,966.593298051388,0.0,0.0
1668463814.2501323,16415.35,-26.220000000001164,53.80048196,0.0,1.0,0.0,966.593298051388,966.593298051388,0.0,0.0
1668463874.0264173,16424.61,9.260000000002037,56.71399721,0.0,1.0,0.0,966.593298051388,966.593298051388,0.0,0.0
1668463934.1565256,16411.73,-12.880000000001019,52.33263748,0.0,1.0,0.0,966.593298051388,966.593298051388,0.0,0.0
1668463994.3498795,16415.41,3.680000000000291,53.51753977,0.0,1.0,0.0,966.593298051388,966.593298051388,0.0,0.0
1668464054.0671985,16414.57,-0.8400000000001455,53.12624052,0.0,1.0,0.0,966.593298051388,966.593298051388,0.0,0.0
1668464114.9344296,16415.83,1.2600000000020373,53.52754444,0.0,1.0,0.0,966.593298051388,966.593298051388,0.0,0.0
1668464174.2238925,16425.19,9.359999999996944,57.1307018,0.0,1.0,0.0,966.593298051388,966.593298051388,0.0,0.0
1668464234.362058,16414.99,-10.19999999999709,52.12257056,0.0,1.0,0.0,966.593298051388,966.593298051388,0.0,0.0
1668464294.2514071,16412.48,-2.5100000000020373,51.06283454,0.0,1.0,0.0,966.593298051388,966.593298051388,0.0,0.0
1668464354.255993,16421.59,9.110000000000582,54.62699498,0.0,1.0,0.0,966.593298051388,966.593298051388,0.0,0.0
1668464414.1481147,16416.27,-5.319999999999709,52.25030562,0.0,1.0,0.0,966.593298051388,966.593298051388,0.0,0.0
1668464474.4784465,16420.2,3.930000000000291,53.84774234,0.0,1.0,0.0,966.593298051388,966.593298051388,0.0,0.0
1668464534.3329124,16423.54,3.3400000000001455,55.26083545,0.0,1.0,0.0,966.593298051388,966.593298051388,0.0,0.0
1668464594.636898,16427.81,4.270000000000437,56.85765989,0.0,1.0,0.0,966.593298051388,966.593298051388,0.0,0.0
1668464654.314292,16414.35,-13.460000000002765,50.24981133,0.0,1.0,0.0,966.593298051388,966.593298051388,0.0,0.0
1668464714.40523,16416.62,2.2700000000004366,51.29290456,0.0,1.0,0.0,966.593298051388,966.593298051388,0.0,0.0
1668464774.285834,16421.83,5.210000000002765,53.61878846,0.0,1.0,0.0,966.593298051388,966.593298051388,0.0,0.0
1668464834.2029488,16395.22,-26.610000000000582,42.14257615,1.0,0.0,0.0589557991933861,0.0,966.593298051388,0.0,0.0
1668464894.2054727,16408.95,13.729999999999563,48.18735741,1.0,0.0,0.0589557991933861,0.0,967.4027611743128,0.8094631229248535,0.0
1668464954.415996,16402.82,-6.130000000001019,45.58796362,1.0,0.0,0.0589557991933861,0.0,967.0413621252574,-0.36139904905542153,0.0
1668465014.1777644,16405.46,2.639999999999418,46.98467056,1.0,0.0,0.0589557991933861,0.0,967.197005435128,0.15564330987058383,0.0
1668465074.6323009,16405.13,-0.32999999999810825,46.80545458,1.0,0.0,0.0589557991933861,0.0,967.1775500213942,-0.019455413733794558,0.0
1668465134.8432674,16407.17,2.039999999997235,47.91381134,1.0,0.0,0.0589557991933861,0.0,967.2978198517484,0.12026983035434569,0.0
1668465194.3363187,16381.41,-25.7599999999984,37.86973822,1.0,0.0,0.0589557991933861,0.0,965.779118464527,-1.5187013872214266,0.0
1668465254.387431,16376.66,-4.75,35.95654586,1.0,0.0,0.0589557991933861,0.0,965.4990784183584,-0.28004004616855127,0.0
1668465314.2561808,16388.59,11.930000000000291,42.08698443,1.0,0.0,0.0589557991933861,0.0,966.2024211027356,0.7033426843771622,0.0
1668465374.671926,16372.68,-15.909999999999854,36.60521506,1.0,0.0,0.0589557991933861,0.0,965.2644343375688,-0.9379867651667837,0.0
1668465434.6049554,16361.74,-10.94000000000051,33.41033174,1.0,0.0,0.0589557991933861,0.0,964.6194578943932,-0.6449764431756648,0.0
1668465494.326442,16376.18,14.44000000000051,40.81626092,1.0,0.0,0.0589557991933861,0.0,965.4707796347456,0.8513217403524322,0.0
1668465554.5022967,16374.96,-1.2200000000011642,40.40736707,1.0,0.0,0.0589557991933861,0.0,965.3988535597296,-0.071926075015881,0.0
1668465614.3650994,16387.32,12.360000000000582,46.32906741,1.0,0.0,0.0589557991933861,0.0,966.12754723776,0.7286936780303677,0.0
1668465674.3527367,16379.13,-8.19000000000051,43.36181768,1.0,0.0,0.0589557991933861,0.0,965.644699242366,-0.4828479953939677,0.0
1668465734.3772998,16369.95,-9.179999999998472,40.25068527,1.0,0.0,0.0589557991933861,0.0,965.1034850057708,-0.541214236595124,0.0
1668465794.369656,16377.63,7.679999999998472,43.83534664,1.0,0.0,0.0589557991933861,0.0,965.556265543576,0.4527805378050971,0.0
1668465854.3044977,16374.76,-2.8699999999989814,42.5791937,1.0,0.0,0.0589557991933861,0.0,965.387062399891,-0.16920314368508116,0.0
1668465914.3753033,16366.12,-8.639999999999418,39.72977895,1.0,0.0,0.0589557991933861,0.0,964.8776842948602,-0.5093781050308053,0.0
1668465974.356977,16376.11,9.989999999999782,44.70210041,1.0,0.0,0.0589557991933861,0.0,965.4666527288022,0.588968433942,0.0
1668466035.432328,16389.47,13.360000000000582,50.57471197,0.0,1.0,0.0,966.2543022060258,966.2543022060258,0.7876494772236811,0.0
1668466094.3191018,16403.2,13.729999999999563,55.65945747,0.0,1.0,0.0,966.2543022060258,966.2543022060258,0.0,0.0
1668466154.2688675,16418.55,15.349999999998545,60.41459916,0.0,1.0,0.0,966.2543022060258,966.2543022060258,0.0,0.0
1668466214.3165247,16435.29,16.7400000000016,65.30632693,0.0,1.0,0.0,966.2543022060258,966.2543022060258,0.0,0.0
1668466274.2944975,16437.27,1.9799999999995634,65.81432877,0.0,1.0,0.0,966.2543022060258,966.2543022060258,0.0,0.0
1668466334.9330394,16426.38,-10.889999999999418,61.27559208,0.0,1.0,0.0,966.2543022060258,966.2543022060258,0.0,0.0
1668466394.6984658,16412.28,-14.100000000002183,54.80342506,0.0,1.0,0.0,966.2543022060258,966.2543022060258,0.0,0.0
1668466454.6073368,16433.53,21.25,61.2817012,0.0,1.0,0.0,966.2543022060258,966.2543022060258,0.0,0.0
1668466514.4156213,16420.31,-13.219999999997526,55.8636648,0.0,1.0,0.0,966.2543022060258,966.2543022060258,0.0,0.0
1668466574.4004622,16426.43,6.119999999998981,58.20303949,0.0,1.0,0.0,966.2543022060258,966.2543022060258,0.0,0.0
1668466634.416878,16417.95,-8.479999999999563,54.42476201,0.0,1.0,0.0,966.2543022060258,966.2543022060258,0.0,0.0
1668466694.3655913,16418.11,0.15999999999985448,54.49571704,0.0,1.0,0.0,966.2543022060258,966.2543022060258,0.0,0.0
1668466754.4832532,16425.97,7.860000000000582,57.43174207,0.0,1.0,0.0,966.2543022060258,966.2543022060258,0.0,0.0
1668466814.5017648,16412.36,-13.610000000000582,51.28067196,0.0,1.0,0.0,966.2543022060258,966.2543022060258,0.0,0.0
1668466874.3004134,16415.09,2.7299999999995634,52.35434707,0.0,1.0,0.0,966.2543022060258,966.2543022060258,0.0,0.0
1668466934.7070658,16491.2,76.11000000000058,71.29054421,0.0,1.0,0.0,966.2543022060258,966.2543022060258,0.0,0.0
1668466994.3640385,16470.56,-20.639999999999418,63.85543189,0.0,1.0,0.0,966.2543022060258,966.2543022060258,0.0,0.0
1668467054.2210608,16464.18,-6.380000000001019,61.67397861,0.0,1.0,0.0,966.2543022060258,966.2543022060258,0.0,0.0
1668467114.318647,16463.71,-0.47000000000116415,61.51034766,0.0,1.0,0.0,966.2543022060258,966.2543022060258,0.0,0.0
1668467174.2785969,16470.57,6.860000000000582,62.42472367,0.0,1.0,0.0,966.2543022060258,966.2543022060258,0.0,0.0
1668467234.3841095,16556.15,85.58000000000175,75.33353022,0.0,1.0,0.0,966.2543022060258,966.2543022060258,0.0,0.0
1668467294.4613495,16559.88,3.7299999999995634,75.73765945,0.0,1.0,0.0,966.2543022060258,966.2543022060258,0.0,0.0
1668467354.2334375,16578.54,18.659999999999854,77.63298412,0.0,1.0,0.0,966.2543022060258,966.2543022060258,0.0,0.0
1668467414.5932903,16583.09,4.549999999999272,78.08258251,0.0,1.0,0.0,966.2543022060258,966.2543022060258,0.0,0.0
1668467474.2504225,16560.91,-22.18000000000029,70.58320898,0.0,1.0,0.0,966.2543022060258,966.2543022060258,0.0,0.0
1668467534.404482,16564.03,3.1199999999989814,71.3889362,0.0,1.0,0.0,966.2543022060258,966.2543022060258,0.0,0.0
1668467594.2351289,16555.02,-9.0099999999984,68.30723193,0.0,1.0,0.0,966.2543022060258,966.2543022060258,0.0,0.0
1668467654.372029,16550.41,-4.610000000000582,66.72022662,0.0,1.0,0.0,966.2543022060258,966.2543022060258,0.0,0.0
1668467714.334097,16560.18,9.770000000000437,68.3960615,0.0,1.0,0.0,966.2543022060258,966.2543022060258,0.0,0.0
1668467774.464974,16621.64,61.45999999999913,76.44642928,0.0,1.0,0.0,966.2543022060258,966.2543022060258,0.0,0.0
1668467834.4711075,16612.95,-8.68999999999869,73.5969138,0.0,1.0,0.0,966.2543022060258,966.2543022060258,0.0,0.0
1668467894.4442654,16614.86,1.9099999999998545,73.82754586,0.0,1.0,0.0,966.2543022060258,966.2543022060258,0.0,0.0
1668467954.2987995,16701.15,86.29000000000087,81.6484835,0.0,1.0,0.0,966.2543022060258,966.2543022060258,0.0,0.0
1668468014.53714,16685.65,-15.5,77.42481603,0.0,1.0,0.0,966.2543022060258,966.2543022060258,0.0,0.0
1668468074.445962,16675.89,-9.760000000002037,75.01403777,0.0,1.0,0.0,966.2543022060258,966.2543022060258,0.0,0.0
1668468134.492165,16673.28,-2.610000000000582,73.98822342,0.0,1.0,0.0,966.2543022060258,966.2543022060258,0.0,0.0
1668468194.5159488,16669.49,-3.789999999997235,73.0327518,0.0,1.0,0.0,966.2543022060258,966.2543022060258,0.0,0.0
1668468254.4413102,16663.44,-6.05000000000291,70.80768158,0.0,1.0,0.0,966.2543022060258,966.2543022060258,0.0,0.0
1668468314.378552,16667.95,4.510000000002037,71.43064423,0.0,1.0,0.0,966.2543022060258,966.2543022060258,0.0,0.0
1668468374.3971105,16677.45,9.5,72.73572912,0.0,1.0,0.0,966.2543022060258,966.2543022060258,0.0,0.0
1668468434.367102,16673.39,-4.06000000000131,71.48270647,0.0,1.0,0.0,966.2543022060258,966.2543022060258,0.0,0.0
1668468494.359321,16655.94,-17.450000000000728,65.35854686,0.0,1.0,0.0,966.2543022060258,966.2543022060258,0.0,0.0
1668468554.429606,16645.68,-10.2599999999984,62.07653754,0.0,1.0,0.0,966.2543022060258,966.2543022060258,0.0,0.0
1668468614.3625238,16645.68,0.0,62.02845159,0.0,1.0,0.0,966.2543022060258,966.2543022060258,0.0,0.0
1668468674.563496,16652.34,6.6599999999998545,63.36708605,0.0,1.0,0.0,966.2543022060258,966.2543022060258,0.0,0.0
1668468734.4625025,16673.18,20.840000000000146,67.91902029,0.0,1.0,0.0,966.2543022060258,966.2543022060258,0.0,0.0
1668468794.4902236,16693.73,20.549999999999272,71.42859074,0.0,1.0,0.0,966.2543022060258,966.2543022060258,0.0,0.0
1668468854.3764012,16683.28,-10.450000000000728,67.33966522,0.0,1.0,0.0,966.2543022060258,966.2543022060258,0.0,0.0
1668468914.545461,16701.55,18.270000000000437,70.88328096,0.0,1.0,0.0,966.2543022060258,966.2543022060258,0.0,0.0
1668468974.4830124,16714.87,13.319999999999709,72.96392132,0.0,1.0,0.0,966.2543022060258,966.2543022060258,0.0,0.0
1668469034.4848845,16701.61,-13.2599999999984,67.77199151,0.0,1.0,0.0,966.2543022060258,966.2543022060258,0.0,0.0
1668469094.507233,16694.06,-7.549999999999272,64.67964042,0.0,1.0,0.0,966.2543022060258,966.2543022060258,0.0,0.0
1668469154.6093397,16708.29,14.229999999999563,66.81299206,0.0,1.0,0.0,966.2543022060258,966.2543022060258,0.0,0.0
1668469214.5417686,16697.66,-10.630000000001019,63.10758293,0.0,1.0,0.0,966.2543022060258,966.2543022060258,0.0,0.0
1668469274.7508864,16700.08,2.4200000000018917,63.62171336,0.0,1.0,0.0,966.2543022060258,966.2543022060258,0.0,0.0
1668469334.7103264,16700.34,0.2599999999983993,63.67805881,0.0,1.0,0.0,966.2543022060258,966.2543022060258,0.0,0.0
1668469394.5645907,16704.8,4.459999999999127,64.34226617,0.0,1.0,0.0,966.2543022060258,966.2543022060258,0.0,0.0
1668469454.5543609,16711.17,6.369999999998981,66.11327423,0.0,1.0,0.0,966.2543022060258,966.2543022060258,0.0,0.0
1668469514.4985788,16703.98,-7.18999999999869,62.76511993,0.0,1.0,0.0,966.2543022060258,966.2543022060258,0.0,0.0
1668469574.840272,16684.0,-19.979999999999563,55.12264653,0.0,1.0,0.0,966.2543022060258,966.2543022060258,0.0,0.0
1668469634.603633,16660.68,-23.31999999999971,47.66210395,1.0,0.0,0.0579960903280073,0.0,966.2543022060258,0.0,0.0
1668469694.503059,16665.91,5.229999999999563,49.29700159,1.0,0.0,0.0579960903280073,0.0,966.5576217584402,0.3033195524143366,0.0
1668469754.611727,16661.82,-4.0900000000001455,48.0049625,1.0,0.0,0.0579960903280073,0.0,966.3204177489986,-0.23720400944159792,0.0
1668469814.536475,16657.38,-4.43999999999869,46.57780559,1.0,0.0,0.0579960903280073,0.0,966.0629151079424,-0.25750264105624865,0.0
1668469874.683226,16653.88,-3.5,45.46249771,1.0,0.0,0.0579960903280073,0.0,965.8599287917943,-0.20298631614809892,0.0
1668469934.6137707,16634.04,-19.840000000000146,39.62357485,1.0,0.0,0.0579960903280073,0.0,964.7092863596866,-1.150642432107702,0.0
1668469994.5424342,16626.64,-7.400000000001455,37.9789227,1.0,0.0,0.0579960903280073,0.0,964.2801152912592,-0.42917106842730846,0.0
1668470054.9033797,16631.43,4.790000000000873,39.97503037,1.0,0.0,0.0579960903280073,0.0,964.5579165639303,0.27780127267124044,0.0
1668470114.5740569,16631.13,-0.2999999999992724,40.18072332,1.0,0.0,0.0579960903280073,0.0,964.5405177368322,-0.01739882709819085,0.0
1668470174.552042,16621.93,-9.200000000000728,37.58274293,1.0,0.0,0.0579960903280073,0.0,964.0069537058145,-0.5335640310177041,0.0
1668470234.51246,16609.61,-12.319999999999709,34.00925351,1.0,0.0,0.0579960903280073,0.0,963.2924418729734,-0.7145118328410263,0.0
1668470294.584268,16621.78,12.169999999998254,38.58938441,1.0,0.0,0.0579960903280073,0.0,963.9982542922652,0.7058124192917603,0.0
1668470354.6497183,16612.85,-8.930000000000291,35.92366258,1.0,0.0,0.0579960903280073,0.0,963.480349205636,-0.5179050866291846,0.0
1668470414.6285849,16617.72,4.870000000002619,38.4815854,1.0,0.0,0.0579960903280073,0.0,963.7627901655336,0.282440959897599,0.0
1668470474.609437,16601.94,-15.780000000002474,34.30848513,1.0,0.0,0.0579960903280073,0.0,962.8476118601576,-0.9151783053761164,0.0
1668470534.5535104,16598.14,-3.7999999999992724,32.97420283,1.0,0.0,0.0579960903280073,0.0,962.6272267169112,-0.22038514324651715,0.0
1668470594.671313,16611.8,13.659999999999854,39.91853126,1.0,0.0,0.0579960903280073,0.0,963.4194533107916,0.792226593880514,0.0
1668470654.574581,16629.27,17.470000000001164,47.38399893,1.0,0.0,0.0579960903280073,0.0,964.432645008822,1.0131916980303686,0.0
1668470715.0745523,16638.79,9.520000000000437,50.90811798,0.0,1.0,0.0,964.9847677887446,964.9847677887446,0.5521227799226835,0.0
1668470774.7918315,16633.19,-5.600000000002183,48.84860173,1.0,0.0,0.0580156162340924,0.0,964.9847677887446,0.0,0.0
1668470835.076573,16592.59,-40.599999999998545,37.20477392,1.0,0.0,0.0580156162340924,0.0,962.6293337696392,-2.3554340191054735,0.0
1668470895.3198612,16590.01,-2.5800000000017462,36.33580825,1.0,0.0,0.0580156162340924,0.0,962.4796534797553,-0.14968028988403148,0.0
1668470954.9358594,16594.61,4.600000000002183,38.10898184,1.0,0.0,0.0580156162340924,0.0,962.746525314432,0.2668718346768628,0.0
1668471015.0550766,16607.04,12.430000000000291,43.26136336,1.0,0.0,0.0580156162340924,0.0,963.467659424222,0.7211341097898867,0.0
1668471075.081991,16599.89,-7.150000000001455,41.20409125,1.0,0.0,0.0580156162340924,0.0,963.052847768148,-0.4148116560739936,0.0
1668471134.9535756,16595.74,-4.149999999997817,40.02438095,1.0,0.0,0.0580156162340924,0.0,962.8120829607768,-0.24076480737130623,0.0
1668471195.2434788,16593.68,-2.0600000000013097,39.22953496,1.0,0.0,0.0580156162340924,0.0,962.6925707913344,-0.11951216944248699,0.0
1668471255.0495768,16608.8,15.119999999998981,45.90661972,1.0,0.0,0.0580156162340924,0.0,963.5697669087938,0.8771961174593343,0.0
1668471314.6607497,16600.52,-8.279999999998836,42.91821934,1.0,0.0,0.0580156162340924,0.0,963.0893976063757,-0.4803693024182394,0.0
1668471374.7458324,16599.69,-0.8300000000017462,42.79068689,1.0,0.0,0.0580156162340924,0.0,963.0412446449012,-0.04815296147455683,0.0
1668471434.5877366,16582.96,-16.729999999999563,37.17031436,1.0,0.0,0.0580156162340924,0.0,962.0706433853048,-0.9706012595963784,0.0
1668471494.9586267,16582.93,-0.029999999998835847,37.49474958,1.0,0.0,0.0580156162340924,0.0,962.0689029168178,-0.0017404684870143683,0.0
1668471555.148355,16574.34,-8.590000000000146,34.53276793,1.0,0.0,0.0580156162340924,0.0,961.570548773367,-0.498354143450797,0.0
1668471614.806012,16585.44,11.099999999998545,40.33345756,1.0,0.0,0.0580156162340924,0.0,962.2145221135652,0.6439733401982721,0.0
1668471674.715238,16597.38,11.940000000002328,45.94142203,1.0,0.0,0.0580156162340924,0.0,962.9072285714004,0.6927064578353566,0.0
1668471738.984146,16614.04,16.659999999999854,52.78960846,0.0,1.0,0.0,963.8737687378604,963.8737687378604,0.9665401664600495,0.0
1668471795.1855905,16599.93,-14.110000000000582,47.35971021,1.0,0.0,0.0580649297158397,0.0,963.8737687378604,0.0,0.0
1668471855.2798698,16592.83,-7.099999999998545,44.83825029,1.0,0.0,0.0580649297158397,0.0,963.4615077368766,-0.4122610009837899,0.0
1668471916.7315116,16613.33,20.5,52.70349993,0.0,1.0,0.0,964.6518387960512,964.6518387960512,1.1903310591746958,0.0
1668471976.5201042,16611.43,-1.9000000000014552,51.96396081,0.0,1.0,0.0,964.6518387960512,964.6518387960512,0.0,0.0
1668472036.657666,16625.63,14.200000000000728,56.70768636,0.0,1.0,0.0,964.6518387960512,964.6518387960512,0.0,0.0
1668472097.9428313,16625.15,-0.47999999999956344,56.41478317,0.0,1.0,0.0,964.6518387960512,964.6518387960512,0.0,0.0
1668472157.5598867,16631.8,6.649999999997817,58.61140033,0.0,1.0,0.0,964.6518387960512,964.6518387960512,0.0,0.0
1668472217.8065228,16634.01,2.209999999999127,59.34471021,0.0,1.0,0.0,964.6518387960512,964.6518387960512,0.0,0.0
1668472278.6480846,16652.17,18.159999999999854,64.4778811,0.0,1.0,0.0,964.6518387960512,964.6518387960512,0.0,0.0
1668472338.856141,16638.47,-13.69999999999709,58.04549934,0.0,1.0,0.0,964.6518387960512,964.6518387960512,0.0,0.0
1668472398.4431057,16612.7,-25.770000000000437,48.61403566,1.0,0.0,0.0580671317002083,0.0,964.6518387960512,0.0,0.0
1668472460.000367,16612.05,-0.6500000000014552,48.3935983,1.0,0.0,0.0580671317002083,0.0,964.6140951604452,-0.037743635605920645,0.0
1668472519.4100072,16627.47,15.420000000001892,53.66465589,0.0,1.0,0.0,965.5094903312626,965.5094903312626,0.8953951708173236,0.0
1668472579.7323096,16645.61,18.139999999999418,58.97668782,0.0,1.0,0.0,965.5094903312626,965.5094903312626,0.0,0.0
1668472640.4965155,16634.3,-11.31000000000131,54.72738152,0.0,1.0,0.0,965.5094903312626,965.5094903312626,0.0,0.0
1668472700.6286182,16625.98,-8.319999999999709,51.8482344,0.0,1.0,0.0,965.5094903312626,965.5094903312626,0.0,0.0
1668472760.2733717,16615.28,-10.700000000000728,48.27944001,1.0,0.0,0.0581097333497396,0.0,965.5094903312626,0.0,0.0
1668472821.516323,16614.21,-1.069999999999709,47.92261453,1.0,0.0,0.0581097333497396,0.0,965.4473129165772,-0.06217741468537952,0.0
1668472881.224817,16627.07,12.860000000000582,52.46944152,0.0,1.0,0.0,966.1946040874548,966.1946040874548,0.7472911708777019,0.0
1668472941.4961958,16638.64,11.569999999999709,56.09318152,0.0,1.0,0.0,966.1946040874548,966.1946040874548,0.0,0.0
1668473002.016962,16618.65,-19.989999999997963,49.06685466,1.0,0.0,0.0581391752090244,0.0,966.1946040874548,0.0,0.0
1668473062.098652,16615.1,-3.5500000000029104,47.90877426,1.0,0.0,0.0581391752090244,0.0,965.9882100154612,-0.20639407199348625,0.0
1668473122.3371162,16618.88,3.780000000002474,49.27291259,1.0,0.0,0.0581391752090244,0.0,966.2079760977516,0.21976608229033445,0.0
1668473182.640689,16623.7,4.819999999999709,51.03523978,0.0,1.0,0.0,966.488206922259,966.488206922259,0.28023082450738457,0.0
1668473241.9588854,16622.57,-1.1300000000010186,50.60818332,0.0,1.0,0.0,966.488206922259,966.488206922259,0.0,0.0
1668473301.9839122,16628.52,5.950000000000728,52.9369746,0.0,1.0,0.0,966.488206922259,966.488206922259,0.0,0.0
1668473361.9132173,16619.83,-8.68999999999869,49.35897584,1.0,0.0,0.0581527131698855,0.0,966.488206922259,0.0,0.0
1668473422.0005865,16616.38,-3.4500000000007276,47.89631314,1.0,0.0,0.0581527131698855,0.0,966.2875800618222,-0.20062686043684153,0.0
1668473482.0321617,16619.24,2.860000000000582,49.23614631,1.0,0.0,0.0581527131698855,0.0,966.453896821488,0.1663167596658468,0.0
1668473542.1460168,16630.48,11.239999999997963,54.18157768,0.0,1.0,0.0,967.1075333175174,967.1075333175174,0.653636496029435,0.0
1668473602.7385044,16616.7,-13.779999999998836,47.97721122,1.0,0.0,0.0582009384124114,0.0,967.1075333175174,0.0,0.0
1668473662.0819335,16597.97,-18.729999999999563,41.12673059,1.0,0.0,0.0582009384124114,0.0,966.017429741052,-1.090103576465367,0.0
1668473721.9888628,16584.62,-13.350000000002183,37.04040506,1.0,0.0,0.0582009384124114,0.0,965.2404472132464,-0.7769825278056715,0.0
1668473781.945166,16579.36,-5.259999999998399,35.86503916,1.0,0.0,0.0582009384124114,0.0,964.934310277197,-0.30613693604937,0.0
1668473842.0537865,16567.54,-11.819999999999709,32.41736639,1.0,0.0,0.0582009384124114,0.0,964.2463751851624,-0.6879350920346496,0.0
1668473901.9640677,16559.17,-8.37000000000262,30.34111526,1.0,0.0,0.0582009384124114,0.0,963.7592333306504,-0.4871418545120605,0.0
1668473962.0190065,16544.85,-14.319999999999709,27.32874937,1.0,0.0,0.0582009384124114,0.0,962.9257958925846,-0.8334374380658574,0.0
1668474022.0465772,16564.16,19.31000000000131,37.00809042,1.0,0.0,0.0582009384124114,0.0,964.0496560133284,1.1238601207437569,0.0
1668474082.4503856,16557.74,-6.419999999998254,35.37054295,1.0,0.0,0.0582009384124114,0.0,963.6760059887208,-0.37365002460762753,0.0
1668474142.142556,16553.8,-3.9400000000023283,34.50078192,1.0,0.0,0.0582009384124114,0.0,963.4466942913756,-0.2293116973451106,0.0
1668474202.1241262,16542.22,-11.579999999998108,31.51986556,1.0,0.0,0.0582009384124114,0.0,962.77272742456,-0.6739668668154764,0.0
1668474262.240076,16566.3,24.07999999999811,42.17566321,1.0,0.0,0.0582009384124114,0.0,964.1742060215308,1.4014785969708328,0.0
1668474321.9673247,16570.0,3.7000000000007276,43.58051219,1.0,0.0,0.0582009384124114,0.0,964.3895494936568,0.21534347212605098,0.0
1668474382.0430808,16565.81,-4.18999999999869,42.27931836,1.0,0.0,0.0582009384124114,0.0,964.1456875617088,-0.2438619319478903,0.0
1668474441.9553444,16569.44,3.6299999999973807,43.87544133,1.0,0.0,0.0582009384124114,0.0,964.3569569681458,0.21126940643705439,0.0
1668474501.9291556,16571.07,1.6300000000010186,44.62414212,1.0,0.0,0.0582009384124114,0.0,964.451824497758,0.0948675296123156,0.0
1668474562.0875545,16591.46,20.389999999999418,52.77193481,0.0,1.0,0.0,965.6385416319872,965.6385416319872,1.1867171342290703,0.0
1668474622.0174515,16596.0,4.540000000000873,54.40121121,0.0,1.0,0.0,965.6385416319872,965.6385416319872,0.0,0.0
1668474682.1260192,16603.89,7.889999999999418,57.18479861,0.0,1.0,0.0,965.6385416319872,965.6385416319872,0.0,0.0
1668474742.1219106,16592.23,-11.659999999999854,52.20502454,0.0,1.0,0.0,965.6385416319872,965.6385416319872,0.0,0.0
1668474802.2715874,16589.34,-2.889999999999418,50.97701916,0.0,1.0,0.0,965.6385416319872,965.6385416319872,0.0,0.0
1668474862.1452484,16583.17,-6.170000000001892,48.39152167,1.0,0.0,0.0582300333188399,0.0,965.6385416319872,0.0,0.0
1668474922.217295,16589.1,5.930000000000291,50.96561691,0.0,1.0,0.0,965.9838457295668,965.9838457295668,0.34530409757962843,0.0
1668474982.2574065,16585.51,-3.5900000000001455,49.36049687,1.0,0.0,0.0582426374425367,0.0,965.9838457295668,0.0,0.0
1668475042.1586585,16599.78,14.270000000000437,55.37650022,0.0,1.0,0.0,966.8149681658718,966.8149681658718,0.8311224363050087,0.0
1668475102.047838,16614.94,15.159999999999854,60.42217171,0.0,1.0,0.0,966.8149681658718,966.8149681658718,0.0,0.0
1668475162.0506446,16606.65,-8.289999999997235,56.4995505,0.0,1.0,0.0,966.8149681658718,966.8149681658718,0.0,0.0
1668475222.2675111,16612.61,5.959999999999127,58.5863518,0.0,1.0,0.0,966.8149681658718,966.8149681658718,0.0,0.0
1668475282.0586011,16621.63,9.020000000000437,61.54073063,0.0,1.0,0.0,966.8149681658718,966.8149681658718,0.0,0.0
1668475342.095767,16616.22,-5.4099999999998545,58.82956836,0.0,1.0,0.0,966.8149681658718,966.8149681658718,0.0,0.0
1668475402.0546534,16617.61,1.389999999999418,59.11187919,0.0,1.0,0.0,966.8149681658718,966.8149681658718,0.0,0.0
1668475462.5545433,16621.88,4.270000000000437,60.88583088,0.0,1.0,0.0,966.8149681658718,966.8149681658718,0.0,0.0
1668475522.0458505,16630.02,8.139999999999418,63.30116804,0.0,1.0,0.0,966.8149681658718,966.8149681658718,0.0,0.0
1668475582.137995,16646.29,16.270000000000437,68.62898351,0.0,1.0,0.0,966.8149681658718,966.8149681658718,0.0,0.0
1668475642.0417676,16626.09,-20.200000000000728,58.05705107,0.0,1.0,0.0,966.8149681658718,966.8149681658718,0.0,0.0
1668475702.1070924,16624.02,-2.069999999999709,57.0338641,0.0,1.0,0.0,966.8149681658718,966.8149681658718,0.0,0.0
1668475762.1359477,16631.58,7.56000000000131,59.65108048,0.0,1.0,0.0,966.8149681658718,966.8149681658718,0.0,0.0
1668475822.0342684,16638.3,6.719999999997526,61.89511631,0.0,1.0,0.0,966.8149681658718,966.8149681658718,0.0,0.0
1668475882.0507755,16636.1,-2.2000000000007276,60.85346725,0.0,1.0,0.0,966.8149681658718,966.8149681658718,0.0,0.0
1668475942.8049047,16628.19,-7.9099999999998545,56.60530804,0.0,1.0,0.0,966.8149681658718,966.8149681658718,0.0,0.0
1668476002.1771803,16640.58,12.390000000003056,61.22075998,0.0,1.0,0.0,966.8149681658718,966.8149681658718,0.0,0.0
1668476062.115353,16643.52,2.9399999999986903,62.26210885,0.0,1.0,0.0,966.8149681658718,966.8149681658718,0.0,0.0
1668476122.0671828,16633.22,-10.299999999999272,56.75067003,0.0,1.0,0.0,966.8149681658718,966.8149681658718,0.0,0.0
1668476183.2459886,16630.88,-2.3400000000001455,55.47129742,0.0,1.0,0.0,966.8149681658718,966.8149681658718,0.0,0.0
1668476242.0096216,16636.11,5.229999999999563,57.83640466,0.0,1.0,0.0,966.8149681658718,966.8149681658718,0.0,0.0
1668476302.1461024,16634.3,-1.8100000000013097,56.75889138,0.0,1.0,0.0,966.8149681658718,966.8149681658718,0.0,0.0
1668476362.1305273,16650.82,16.520000000000437,63.40415296,0.0,1.0,0.0,966.8149681658718,966.8149681658718,0.0,0.0
1668476423.0506506,16664.57,13.75,67.92479064,0.0,1.0,0.0,966.8149681658718,966.8149681658718,0.0,0.0
1668476482.0012856,16648.69,-15.880000000001019,59.1553151,0.0,1.0,0.0,966.8149681658718,966.8149681658718,0.0,0.0
1668476542.0866635,16650.03,1.3400000000001455,59.66086111,0.0,1.0,0.0,966.8149681658718,966.8149681658718,0.0,0.0
1668476602.1588137,16651.44,1.4099999999998545,59.89822313,0.0,1.0,0.0,966.8149681658718,966.8149681658718,0.0,0.0
1668476662.1069355,16665.95,14.510000000002037,65.3661196,0.0,1.0,0.0,966.8149681658718,966.8149681658718,0.0,0.0
1668476722.092127,16696.42,30.469999999997526,73.22998446,0.0,1.0,0.0,966.8149681658718,966.8149681658718,0.0,0.0
1668476782.0491407,16677.57,-18.849999999998545,63.59212642,0.0,1.0,0.0,966.8149681658718,966.8149681658718,0.0,0.0
1668476842.063728,16695.77,18.200000000000728,67.94075137,0.0,1.0,0.0,966.8149681658718,966.8149681658718,0.0,0.0
1668476903.2153182,16724.32,28.549999999999272,73.33014389,0.0,1.0,0.0,966.8149681658718,966.8149681658718,0.0,0.0
1668476962.259792,16779.13,54.81000000000131,79.74160362,0.0,1.0,0.0,966.8149681658718,966.8149681658718,0.0,0.0
1668477022.3683524,16761.47,-17.659999999999854,73.26181361,0.0,1.0,0.0,966.8149681658718,966.8149681658718,0.0,0.0
1668477082.0360162,16741.14,-20.330000000001746,66.60062071,0.0,1.0,0.0,966.8149681658718,966.8149681658718,0.0,0.0
1668477142.192865,16730.24,-10.899999999997817,63.25831687,0.0,1.0,0.0,966.8149681658718,966.8149681658718,0.0,0.0
1668477202.0846934,16743.64,13.399999999997817,65.6017742,0.0,1.0,0.0,966.8149681658718,966.8149681658718,0.0,0.0
1668477262.1835492,16723.54,-20.099999999998545,59.50952695,0.0,1.0,0.0,966.8149681658718,966.8149681658718,0.0,0.0
1668477322.1678607,16763.24,39.70000000000073,66.05338433,0.0,1.0,0.0,966.8149681658718,966.8149681658718,0.0,0.0
1668477383.070122,16753.95,-9.290000000000873,63.55760602,0.0,1.0,0.0,966.8149681658718,966.8149681658718,0.0,0.0
1668477442.2041397,16738.27,-15.680000000000291,59.31733683,0.0,1.0,0.0,966.8149681658718,966.8149681658718,0.0,0.0
1668477502.171004,16718.69,-19.580000000001746,54.43368239,0.0,1.0,0.0,966.8149681658718,966.8149681658718,0.0,0.0
1668477562.0960183,16719.33,0.6400000000030559,54.5653571,0.0,1.0,0.0,966.8149681658718,966.8149681658718,0.0,0.0
1668477623.3704376,16716.7,-2.6300000000010186,53.8763604,0.0,1.0,0.0,966.8149681658718,966.8149681658718,0.0,0.0
1668477682.8498178,16688.52,-28.18000000000029,47.02469627,1.0,0.0,0.0579329364237135,0.0,966.8149681658718,0.0,0.0
1668477780.5074975,16692.21,3.6899999999986903,47.95799758,1.0,0.0,0.0579329364237135,0.0,967.0287407012746,0.21377253540276797,0.0
1668477814.4180677,16713.23,21.020000000000437,53.03401268,0.0,1.0,0.0,968.2464910249012,968.2464910249012,1.2177503236265466,0.0
1668477866.2058165,16732.79,19.56000000000131,57.21589827,0.0,1.0,0.0,968.2464910249012,968.2464910249012,0.0,0.0
1668477926.8893993,16755.4,22.610000000000582,61.42172155,0.0,1.0,0.0,968.2464910249012,968.2464910249012,0.0,0.0
1668477986.1335406,16736.71,-18.69000000000233,56.43273632,0.0,1.0,0.0,968.2464910249012,968.2464910249012,0.0,0.0
1668478046.117201,16739.94,3.2299999999995634,57.09203857,0.0,1.0,0.0,968.2464910249012,968.2464910249012,0.0,0.0
1668478106.240767,16747.05,7.110000000000582,58.55479426,0.0,1.0,0.0,968.2464910249012,968.2464910249012,0.0,0.0
1668478166.2964492,16739.7,-7.349999999998545,56.38333752,0.0,1.0,0.0,968.2464910249012,968.2464910249012,0.0,0.0
1668478226.1128085,16752.81,13.110000000000582,59.12132679,0.0,1.0,0.0,968.2464910249012,968.2464910249012,0.0,0.0
1668478286.199886,16742.52,-10.290000000000873,56.0549877,0.0,1.0,0.0,968.2464910249012,968.2464910249012,0.0,0.0
1668478346.31528,16736.16,-6.360000000000582,54.18791353,0.0,1.0,0.0,968.2464910249012,968.2464910249012,0.0,0.0
1668478407.009404,16740.35,4.18999999999869,55.14859214,0.0,1.0,0.0,968.2464910249012,968.2464910249012,0.0,0.0
1668478466.2407522,16759.95,19.600000000002183,59.88969899,0.0,1.0,0.0,968.2464910249012,968.2464910249012,0.0,0.0
1668478526.283516,16775.87,15.919999999998254,63.24109481,0.0,1.0,0.0,968.2464910249012,968.2464910249012,0.0,0.0
1668478586.198444,16760.68,-15.18999999999869,58.24079027,0.0,1.0,0.0,968.2464910249012,968.2464910249012,0.0,0.0
1668478646.2996736,16751.73,-8.950000000000728,55.45842251,0.0,1.0,0.0,968.2464910249012,968.2464910249012,0.0,0.0
1668478706.2443929,16749.77,-1.9599999999991269,54.84053885,0.0,1.0,0.0,968.2464910249012,968.2464910249012,0.0,0.0
1668478766.2911234,16742.69,-7.080000000001746,52.54558172,0.0,1.0,0.0,968.2464910249012,968.2464910249012,0.0,0.0
1668478826.3373835,16749.32,6.630000000001019,54.40510693,0.0,1.0,0.0,968.2464910249012,968.2464910249012,0.0,0.0
1668478886.1131096,16737.02,-12.299999999999272,50.37979517,0.0,1.0,0.0,968.2464910249012,968.2464910249012,0.0,0.0
1668478946.3292775,16747.2,10.180000000000291,53.41173029,0.0,1.0,0.0,968.2464910249012,968.2464910249012,0.0,0.0
1668479006.1971023,16734.43,-12.770000000000437,49.34458944,1.0,0.0,0.0578595441269825,0.0,968.2464910249012,0.0,0.0
1668479066.5060587,16742.91,8.479999999999563,51.96678521,0.0,1.0,0.0,968.7371399590966,968.7371399590966,0.4906489341954057,0.0
1668479126.2681582,16749.16,6.25,53.78628731,0.0,1.0,0.0,968.7371399590966,968.7371399590966,0.0,0.0
1668479186.1521308,16745.3,-3.860000000000582,52.39154139,0.0,1.0,0.0,968.7371399590966,968.7371399590966,0.0,0.0
1668479246.242061,16738.16,-7.139999999999418,49.86309275,1.0,0.0,0.0578759636638135,0.0,968.7371399590966,0.0,0.0
1668479306.532922,16735.4,-2.7599999999983993,48.92056638,1.0,0.0,0.0578759636638135,0.0,968.5774022993844,-0.15973765971205012,0.0
1668479366.4050727,16737.56,2.1599999999998545,49.73674406,1.0,0.0,0.0578759636638135,0.0,968.7024143808984,0.12501208151400078,0.0
1668479426.266806,16732.89,-4.670000000001892,47.92893701,1.0,0.0,0.0578759636638135,0.0,968.4321336305884,-0.2702807503101212,0.0
1668479486.201424,16745.47,12.580000000001746,52.8182921,0.0,1.0,0.0,969.1602132534792,969.1602132534792,0.728079622890732,0.0
1668479546.3912578,16752.88,7.4099999999998545,55.4457787,0.0,1.0,0.0,969.1602132534792,969.1602132534792,0.0,0.0
1668479606.4465263,16758.48,5.599999999998545,57.50545415,0.0,1.0,0.0,969.1602132534792,969.1602132534792,0.0,0.0
1668479666.304971,16772.99,14.510000000002037,62.22014174,0.0,1.0,0.0,969.1602132534792,969.1602132534792,0.0,0.0
1668479726.833316,16767.56,-5.430000000000291,59.77300919,0.0,1.0,0.0,969.1602132534792,969.1602132534792,0.0,0.0
1668479786.853479,16761.67,-5.890000000003056,56.89284929,0.0,1.0,0.0,969.1602132534792,969.1602132534792,0.0,0.0
1668479846.8443532,16778.84,17.17000000000189,62.56616218,0.0,1.0,0.0,969.1602132534792,969.1602132534792,0.0,0.0
1668479907.5911536,16787.31,8.470000000001164,65.01189159,0.0,1.0,0.0,969.1602132534792,969.1602132534792,0.0,0.0
1668479967.6492038,16801.55,14.239999999997963,68.67174119,0.0,1.0,0.0,969.1602132534792,969.1602132534792,0.0,0.0
1668480027.7837071,16794.01,-7.540000000000873,64.62478465,0.0,1.0,0.0,969.1602132534792,969.1602132534792,0.0,0.0
1668480088.38862,16783.11,-10.899999999997817,59.51534394,0.0,1.0,0.0,969.1602132534792,969.1602132534792,0.0,0.0
1668480148.4454644,16774.66,-8.450000000000728,55.68191516,0.0,1.0,0.0,969.1602132534792,969.1602132534792,0.0,0.0
1668480208.4723544,16784.97,10.31000000000131,59.32583106,0.0,1.0,0.0,969.1602132534792,969.1602132534792,0.0,0.0
1668480269.4264507,16790.03,5.059999999997672,60.95459005,0.0,1.0,0.0,969.1602132534792,969.1602132534792,0.0,0.0
1668480329.341836,16775.97,-14.059999999997672,54.43210952,0.0,1.0,0.0,969.1602132534792,969.1602132534792,0.0,0.0
1668480389.3726983,16767.86,-8.110000000000582,51.03950638,0.0,1.0,0.0,969.1602132534792,969.1602132534792,0.0,0.0
1668480450.0425754,16758.05,-9.81000000000131,47.20672048,1.0,0.0,0.0578325171039279,0.0,969.1602132534792,0.0,0.0
1668480510.1646016,16765.33,7.280000000002474,50.23023145,0.0,1.0,0.0,969.5812339779956,969.5812339779956,0.42102072451643835,0.0
1668480570.108487,16764.77,-0.5600000000013097,50.02261226,0.0,1.0,0.0,969.5812339779956,969.5812339779956,0.0,0.0
1668480631.204326,16763.26,-1.5100000000020373,49.34101675,1.0,0.0,0.0578396585137971,0.0,969.5812339779956,0.0,0.0
1668480690.7316775,16761.11,-2.149999999997817,48.43546872,1.0,0.0,0.0578396585137971,0.0,969.4568787121896,-0.12435526580588885,0.0
1668480750.7972772,16762.71,1.5999999999985448,49.30394897,1.0,0.0,0.0578396585137971,0.0,969.5494221658116,0.09254345362217009,0.0
1668480811.7806027,16766.46,3.75,51.28096304,0.0,1.0,0.0,969.7663208852384,969.7663208852384,0.21689871942680838,0.0
1668480872.186631,16766.51,0.049999999999272404,51.34381249,0.0,1.0,0.0,969.7663208852384,969.7663208852384,0.0,0.0
1668480933.4098053,16769.69,3.180000000000291,52.90118201,0.0,1.0,0.0,969.7663208852384,969.7663208852384,0.0,0.0
1668480992.8292422,16770.43,0.7400000000016007,53.36332042,0.0,1.0,0.0,969.7663208852384,969.7663208852384,0.0,0.0
1668481052.6625383,16769.66,-0.7700000000004366,52.84599661,0.0,1.0,0.0,969.7663208852384,969.7663208852384,0.0,0.0
1668481112.9451032,16772.82,3.1599999999998545,54.78330807,0.0,1.0,0.0,969.7663208852384,969.7663208852384,0.0,0.0
1668481173.4446514,16753.8,-19.020000000000437,43.26213003,1.0,0.0,0.0578833650207856,0.0,969.7663208852384,0.0,0.0
1668481233.652768,16765.92,12.119999999998981,50.41821006,0.0,1.0,0.0,970.4678672692896,970.4678672692896,0.7015463840511984,0.0
1668481293.541536,16766.92,1.0,50.96767395,0.0,1.0,0.0,970.4678672692896,970.4678672692896,0.0,0.0
1668481354.2836342,16774.89,7.970000000001164,55.00600682,0.0,1.0,0.0,970.4678672692896,970.4678672692896,0.0,0.0
1668481414.2960954,16804.3,29.409999999999854,66.2105682,0.0,1.0,0.0,970.4678672692896,970.4678672692896,0.0,0.0
1668481474.1943614,16792.93,-11.369999999998981,59.91462094,0.0,1.0,0.0,970.4678672692896,970.4678672692896,0.0,0.0
1668481535.1093946,16812.85,19.919999999998254,65.94150327,0.0,1.0,0.0,970.4678672692896,970.4678672692896,0.0,0.0
1668481595.218166,16826.88,14.030000000002474,69.46223786,0.0,1.0,0.0,970.4678672692896,970.4678672692896,0.0,0.0
1668481655.2048297,16832.88,6.0,70.86706552,0.0,1.0,0.0,970.4678672692896,970.4678672692896,0.0,0.0
1668481715.9601665,16836.17,3.289999999997235,71.61996841,0.0,1.0,0.0,970.4678672692896,970.4678672692896,0.0,0.0
1668481775.9994552,16850.57,14.400000000001455,74.00911524,0.0,1.0,0.0,970.4678672692896,970.4678672692896,0.0,0.0
1668481835.88459,16834.96,-15.610000000000582,65.85422154,0.0,1.0,0.0,970.4678672692896,970.4678672692896,0.0,0.0
1668481896.609099,16820.58,-14.37999999999738,59.267647,0.0,1.0,0.0,970.4678672692896,970.4678672692896,0.0,0.0
1668481956.628802,16808.49,-12.090000000000146,54.55894492,0.0,1.0,0.0,970.4678672692896,970.4678672692896,0.0,0.0
1668482016.637423,16815.8,7.309999999997672,56.71176514,0.0,1.0,0.0,970.4678672692896,970.4678672692896,0.0,0.0
1668482077.6269903,16825.38,9.580000000001746,59.70492849,0.0,1.0,0.0,970.4678672692896,970.4678672692896,0.0,0.0
1668482137.5527637,16827.19,1.8099999999976717,60.25423372,0.0,1.0,0.0,970.4678672692896,970.4678672692896,0.0,0.0
1668482197.6038442,16827.99,0.8000000000029104,60.30990702,0.0,1.0,0.0,970.4678672692896,970.4678672692896,0.0,0.0
1668482258.3496275,16834.04,6.049999999999272,62.14791863,0.0,1.0,0.0,970.4678672692896,970.4678672692896,0.0,0.0
1668482318.4394956,16832.0,-2.040000000000873,61.04634983,0.0,1.0,0.0,970.4678672692896,970.4678672692896,0.0,0.0
1668482378.8540325,16844.0,12.0,64.94975814,0.0,1.0,0.0,970.4678672692896,970.4678672692896,0.0,0.0
1668482439.227554,16839.48,-4.520000000000437,62.45052085,0.0,1.0,0.0,970.4678672692896,970.4678672692896,0.0,0.0
1668482499.3281183,16818.11,-21.36999999999898,52.21356201,0.0,1.0,0.0,970.4678672692896,970.4678672692896,0.0,0.0
1668482559.2380416,16799.84,-18.270000000000437,45.37685686,1.0,0.0,0.0577664946374066,0.0,970.4678672692896,0.0,0.0
1668482620.2746391,16794.99,-4.849999999998545,43.73798709,1.0,0.0,0.0577664946374066,0.0,970.1876997702976,-0.2801674989920002,0.0
1668482679.8811786,16793.2,-1.7900000000008731,43.2656382,1.0,0.0,0.0577664946374066,0.0,970.0842977448966,-0.10340202540101018,0.0
1668482739.9705274,16803.14,9.93999999999869,47.63095581,1.0,0.0,0.0577664946374066,0.0,970.6584967015924,0.5741989566956818,0.0
1668482801.0628617,16803.46,0.31999999999970896,47.75643222,1.0,0.0,0.0577664946374066,0.0,970.6769819798762,0.018485278283833395,0.0
1668482861.255262,16809.54,6.080000000001746,50.42847471,0.0,1.0,0.0,971.0282022672718,971.0282022672718,0.351220287395563,0.0
1668482921.1655571,16819.08,9.540000000000873,54.13048865,0.0,1.0,0.0,971.0282022672718,971.0282022672718,0.0,0.0
1668482981.799341,16820.9,1.819999999999709,54.60571366,0.0,1.0,0.0,971.0282022672718,971.0282022672718,0.0,0.0
1668483041.696657,16831.56,10.659999999999854,58.30308909,0.0,1.0,0.0,971.0282022672718,971.0282022672718,0.0,0.0
1668483101.665987,16839.93,8.369999999998981,60.44357648,0.0,1.0,0.0,971.0282022672718,971.0282022672718,0.0,0.0
1668483162.5492013,16835.39,-4.540000000000873,59.05654954,0.0,1.0,0.0,971.0282022672718,971.0282022672718,0.0,0.0
1668483222.6757348,16847.35,11.959999999999127,62.50207961,0.0,1.0,0.0,971.0282022672718,971.0282022672718,0.0,0.0
1668483282.7484984,16856.38,9.030000000002474,64.9810942,0.0,1.0,0.0,971.0282022672718,971.0282022672718,0.0,0.0
1668483343.0580895,16859.15,2.7700000000004366,65.38856072,0.0,1.0,0.0,971.0282022672718,971.0282022672718,0.0,0.0
1668483402.458147,16858.12,-1.0300000000024738,62.18220892,0.0,1.0,0.0,971.0282022672718,971.0282022672718,0.0,0.0
1668483462.48447,16866.47,8.350000000002183,66.06078932,0.0,1.0,0.0,971.0282022672718,971.0282022672718,0.0,0.0
1668483522.5542834,16857.29,-9.180000000000291,61.43828018,0.0,1.0,0.0,971.0282022672718,971.0282022672718,0.0,0.0
1668483582.369293,16861.4,4.110000000000582,62.82436385,0.0,1.0,0.0,971.0282022672718,971.0282022672718,0.0,0.0
1668483642.3377666,16854.66,-6.740000000001601,59.45622006,0.0,1.0,0.0,971.0282022672718,971.0282022672718,0.0,0.0
1668483702.4138515,16848.0,-6.6599999999998545,55.65803835,0.0,1.0,0.0,971.0282022672718,971.0282022672718,0.0,0.0
1668483762.5630774,16852.46,4.459999999999127,57.29449752,0.0,1.0,0.0,971.0282022672718,971.0282022672718,0.0,0.0
1668483822.565651,16856.15,3.6900000000023283,57.89280207,0.0,1.0,0.0,971.0282022672718,971.0282022672718,0.0,0.0
1668483882.4315898,16852.01,-4.140000000003056,55.85834875,0.0,1.0,0.0,971.0282022672718,971.0282022672718,0.0,0.0
1668483942.433699,16864.63,12.62000000000262,60.71128766,0.0,1.0,0.0,971.0282022672718,971.0282022672718,0.0,0.0
1668484002.3595655,16884.94,20.30999999999767,66.64680725,0.0,1.0,0.0,971.0282022672718,971.0282022672718,0.0,0.0
1668484063.170231,16863.26,-21.68000000000029,56.73032674,0.0,1.0,0.0,971.0282022672718,971.0282022672718,0.0,0.0
1668484122.3736522,16853.51,-9.75,52.97678663,0.0,1.0,0.0,971.0282022672718,971.0282022672718,0.0,0.0
1668484182.3519557,16844.27,-9.239999999997963,49.4004787,1.0,0.0,0.0576473900185209,0.0,971.0282022672718,0.0,0.0
1668484242.5215037,16836.43,-7.8400000000001455,46.87235206,1.0,0.0,0.0576473900185209,0.0,970.576246729526,-0.4519555377459028,0.0
1668484302.4970603,16834.0,-2.430000000000291,45.91618043,1.0,0.0,0.0576473900185209,0.0,970.4361635717808,-0.14008315774515268,0.0
1668484362.5016005,16826.23,-7.770000000000437,43.23660329,1.0,0.0,0.0576473900185209,0.0,969.9882433513368,-0.44792022044384794,0.0
1668484422.3634102,16803.83,-22.399999999997817,36.8708883,1.0,0.0,0.0576473900185209,0.0,968.6969418149222,-1.2913015364146077,0.0
1668484482.5996146,16813.46,9.62999999999738,40.98847386,1.0,0.0,0.0576473900185209,0.0,969.2520861808003,0.5551443658781636,0.0
1668484542.9296134,16812.89,-0.569999999999709,41.59408349,1.0,0.0,0.0576473900185209,0.0,969.21922716849,-0.03285901231049593,0.0
1668484602.5047803,16820.0,7.110000000000582,44.57811576,1.0,0.0,0.0576473900185209,0.0,969.6291001115216,0.40987294303158706,0.0
1668484662.3442988,16817.04,-2.959999999999127,43.34206145,1.0,0.0,0.0576473900185209,0.0,969.4584638370668,-0.1706362744547505,0.0
1668484722.540835,16822.99,5.950000000000728,46.06895823,1.0,0.0,0.0576473900185209,0.0,969.801465807677,0.343001970610203,0.0
1668484782.5394866,16829.08,6.0900000000001455,48.69058025,1.0,0.0,0.0576473900185209,0.0,970.1525384128898,0.3510726052128348,0.0
1668484842.3546855,16823.06,-6.020000000000437,46.29426698,1.0,0.0,0.0576473900185209,0.0,969.8055011249784,-0.34703728791157573,0.0
1668484902.3573742,16821.05,-2.0100000000020373,45.58370575,1.0,0.0,0.0576473900185209,0.0,969.6896298710408,-0.11587125393748465,0.0
1668484962.477281,16813.56,-7.489999999997963,42.66288805,1.0,0.0,0.0576473900185209,0.0,969.2578509198024,-0.43177895123847065,0.0
1668485022.4615445,16808.16,-5.400000000001455,41.6421264,1.0,0.0,0.0576473900185209,0.0,968.9465550137022,-0.31129590610021296,0.0
1668485082.524975,16799.28,-8.880000000001019,38.10363378,1.0,0.0,0.0576473900185209,0.0,968.4346461903376,-0.5119088233644788,0.0
1668485142.4510677,16799.59,0.3100000000013097,38.30770735,1.0,0.0,0.0576473900185209,0.0,968.4525168812436,0.017870690905965603,0.0
1668485202.5638742,16823.98,24.389999999999418,50.07825258,0.0,1.0,0.0,969.8585367237952,969.8585367237952,1.4060198425515864,0.0
1668485262.568098,16807.85,-16.13000000000102,43.47445827,1.0,0.0,0.0577027125256231,0.0,969.8585367237952,0.0,0.0
1668485322.5628934,16815.95,8.100000000002183,47.43450593,1.0,0.0,0.0577027125256231,0.0,970.3259286952516,0.46739197145655,0.0
1668485382.4478774,16826.18,10.229999999999563,51.53553664,0.0,1.0,0.0,970.9162274443888,970.9162274443888,0.5902987491372187,0.0
1668485442.451842,16853.72,27.540000000000873,60.2939877,0.0,1.0,0.0,970.9162274443888,970.9162274443888,0.0,0.0
1668485502.5551004,16847.16,-6.56000000000131,58.53245219,0.0,1.0,0.0,970.9162274443888,970.9162274443888,0.0,0.0
1668485562.5814104,16832.86,-14.299999999999272,53.00415647,0.0,1.0,0.0,970.9162274443888,970.9162274443888,0.0,0.0
1668485622.463076,16822.13,-10.729999999999563,49.2184366,1.0,0.0,0.0577166047013302,0.0,970.9162274443888,0.0,0.0
1668485682.5621364,16821.55,-0.5800000000017462,49.04955003,1.0,0.0,0.0577166047013302,0.0,970.882751813661,-0.033475630727821226,0.0
1668485742.7728982,16832.23,10.680000000000291,52.87150565,0.0,1.0,0.0,971.4991651518712,971.4991651518712,0.6164133382102364,0.0
1668485802.6182554,16830.82,-1.4099999999998545,52.31326832,0.0,1.0,0.0,971.4991651518712,971.4991651518712,0.0,0.0
1668485862.5241425,16816.42,-14.400000000001455,46.87310294,1.0,0.0,0.0577708671139202,0.0,971.4991651518712,0.0,0.0
1668485923.311619,16807.32,-9.099999999998545,43.67888893,1.0,0.0,0.0577708671139202,0.0,970.9734502611332,-0.5257148907379587,0.0
1668485982.3865151,16802.54,-4.779999999998836,42.1077492,1.0,0.0,0.0577708671139202,0.0,970.6973055163288,-0.27614474480435547,0.0
1668486042.436198,16803.84,1.2999999999992724,42.71003279,1.0,0.0,0.0577708671139202,0.0,970.7724076435768,0.07510212724810117,0.0
1668486102.5397432,16799.49,-4.349999999998545,41.14356066,1.0,0.0,0.0577708671139202,0.0,970.5211043716314,-0.25130327194540314,0.0
1668486162.4503293,16786.49,-13.0,36.81438786,1.0,0.0,0.0577708671139202,0.0,969.7700830991504,-0.751021272480898,0.0
1668486222.4402275,16788.46,1.9699999999975262,37.54266057,1.0,0.0,0.0577708671139202,0.0,969.8838917073648,0.11380860821429906,0.0
1668486282.5425692,16779.42,-9.040000000000873,34.41320949,1.0,0.0,0.0577708671139202,0.0,969.3616430686548,-0.5222486387099252,0.0
1668486342.6369371,16783.8,4.380000000001019,36.40682254,1.0,0.0,0.0577708671139202,0.0,969.614679466614,0.2530363979591357,0.0
1668486402.9361014,16792.02,8.220000000001164,41.17260598,1.0,0.0,0.0577708671139202,0.0,970.0895559942904,0.47487652767631516,0.0
1668486462.6303473,16804.14,12.119999999998981,47.55438712,1.0,0.0,0.0577708671139202,0.0,970.789738903711,0.7001829094206187,0.0
1668486522.628943,16792.43,-11.709999999999127,42.32947253,1.0,0.0,0.0577708671139202,0.0,970.113242049807,-0.676496853904041,0.0
1668486582.466581,16762.13,-30.299999999999272,32.46416247,1.0,0.0,0.0577708671139202,0.0,968.3627847762554,-1.7504572735516604,0.0
1668486642.5949783,16786.14,24.0099999999984,41.97951821,1.0,0.0,0.0577708671139202,0.0,969.7498632956604,1.3870785194051223,0.0
1668486702.768926,16780.44,-5.700000000000728,39.73556359,1.0,0.0,0.0577708671139202,0.0,969.4205693531112,-0.32929394254927047,0.0
1668486762.6727798,16795.27,14.830000000001746,46.59799683,1.0,0.0,0.0577708671139202,0.0,970.2773113124106,0.8567419592993701,0.0
1668486822.646573,16789.66,-5.610000000000582,43.91348557,1.0,0.0,0.0577708671139202,0.0,969.9532167479016,-0.324094564509096,0.0
1668486882.5197566,16784.81,-4.849999999998545,41.81903505,1.0,0.0,0.0577708671139202,0.0,969.6730280423992,-0.2801887055024963,0.0
1668486942.644852,16787.99,3.180000000000291,43.29489575,1.0,0.0,0.0577708671139202,0.0,969.8567393998212,0.1837113574221121,0.0
1668487002.519361,16787.82,-0.17000000000189175,43.86186865,1.0,0.0,0.0577708671139202,0.0,969.846918352412,-0.009821047409332095,0.0
1668487062.8772335,16796.13,8.31000000000131,48.87035255,1.0,0.0,0.0577708671139202,0.0,970.3269942581286,0.4800759057166033,0.0
1668487122.8121977,16789.34,-6.790000000000873,44.80440215,1.0,0.0,0.0577708671139202,0.0,969.9347300704252,-0.39226418770351756,0.0
1668487182.8761272,16777.24,-12.099999999998545,38.65728929,1.0,0.0,0.0577708671139202,0.0,969.2357025783468,-0.6990274920784714,0.0
1668487243.427408,16775.65,-1.5900000000001455,38.2998682,1.0,0.0,0.0577708671139202,0.0,969.1438468996356,-0.09185567871134026,0.0
1668487302.880189,16785.8,10.149999999997817,45.03968092,1.0,0.0,0.0577708671139202,0.0,969.7302212008416,0.5863743012060922,0.0
1668487362.4963784,16786.01,0.20999999999912689,45.69642073,1.0,0.0,0.0577708671139202,0.0,969.7423530829356,0.01213188209396776,0.0
1668487422.8503108,16793.78,7.770000000000437,50.27601329,0.0,1.0,0.0,970.1912327204108,970.1912327204108,0.44887963747521553,0.0
1668487482.7079132,16782.54,-11.239999999997963,44.1987013,1.0,0.0,0.0578095587867158,0.0,970.1912327204108,0.0,0.0
1668487542.922178,16775.96,-6.580000000001746,40.96784563,1.0,0.0,0.0578095587867158,0.0,969.8108458235928,-0.3803868968179813,0.0
1668487603.0649843,16777.25,1.2900000000008731,42.27624909,1.0,0.0,0.0578095587867158,0.0,969.8854201544276,0.0745743308349347,0.0
1668487663.7906003,16778.93,1.680000000000291,43.51934242,1.0,0.0,0.0578095587867158,0.0,969.9825402131894,0.09712005876178864,0.0
1668487722.517932,16781.8,2.8699999999989814,45.50633454,1.0,0.0,0.0578095587867158,0.0,970.1484536469072,0.16591343371783296,0.0
1668487782.9906468,16779.0,-2.7999999999992724,43.79338444,1.0,0.0,0.0578095587867158,0.0,969.9865868823044,-0.1618667646027916,0.0
1668487842.6382325,16774.3,-4.700000000000728,41.68898459,1.0,0.0,0.0578095587867158,0.0,969.7148819560068,-0.2717049262976161,0.0
1668487902.6925151,16779.75,5.450000000000728,46.05949024,1.0,0.0,0.0578095587867158,0.0,970.0299440513944,0.31506209538758867,0.0
1668487962.6257443,16784.62,4.869999999998981,49.38090204,1.0,0.0,0.0578095587867158,0.0,970.3114766026856,0.2815325512913205,0.0
1668488022.8289309,16781.22,-3.399999999997817,47.1862861,1.0,0.0,0.0578095587867158,0.0,970.114924102811,-0.19655249987465595,0.0
1668488083.1534274,16775.45,-5.770000000000437,43.70097552,1.0,0.0,0.0578095587867158,0.0,969.7813629486116,-0.33356115419928756,0.0
1668488143.046467,16774.81,-0.6399999999994179,43.93360658,1.0,0.0,0.0578095587867158,0.0,969.7443648309882,-0.036998117623397775,0.0
1668488203.1311316,16768.92,-5.890000000003056,40.05628773,1.0,0.0,0.0578095587867158,0.0,969.4038665297344,-0.3404983012538878,0.0
1668488262.695887,16768.22,-0.6999999999970896,41.01295534,1.0,0.0,0.0578095587867158,0.0,969.3633998385836,-0.040466691150641054,0.0
1668488322.8104048,16769.24,1.0200000000004366,41.97601785,1.0,0.0,0.0578095587867158,0.0,969.4223655885462,0.058965749962567315,0.0
1668488382.5723176,16771.31,2.069999999999709,43.8475666,1.0,0.0,0.0578095587867158,0.0,969.5420313752346,0.11966578668841521,0.0
1668488442.6763427,16763.2,-8.110000000000582,38.18827718,1.0,0.0,0.0578095587867158,0.0,969.0731958534744,-0.4688355217602975,0.0
1668488502.617186,16769.11,5.9099999999998545,41.98740677,1.0,0.0,0.0578095587867158,0.0,969.4148503459038,0.3416544924293703,0.0
1668488562.636332,16775.24,6.130000000001019,47.76304245,1.0,0.0,0.0578095587867158,0.0,969.7692229412664,0.35437259536263355,0.0
1668488622.7002847,16784.38,9.139999999999418,55.1284969,0.0,1.0,0.0,970.297602308577,970.297602308577,0.5283793673105492,0.0
1668488682.613316,16780.07,-4.31000000000131,51.63600382,0.0,1.0,0.0,970.297602308577,970.297602308577,0.0,0.0
1668488742.687817,16783.81,3.7400000000016007,54.83050234,0.0,1.0,0.0,970.297602308577,970.297602308577,0.0,0.0
1668488802.878275,16770.89,-12.920000000001892,44.11630916,1.0,0.0,0.0578560590587963,0.0,970.297602308577,0.0,0.0
1668488862.6484213,16764.98,-5.9099999999998545,40.69173567,1.0,0.0,0.0578560590587963,0.0,969.9556729995388,-0.3419293090381643,0.0
1668488922.72443,16750.83,-14.149999999997817,34.21713977,1.0,0.0,0.0578560590587963,0.0,969.137009763857,-0.8186632356818109,0.0
1668488982.7030935,16775.45,24.61999999999898,49.72942001,1.0,0.0,0.0578560590587963,0.0,970.5614259378845,1.4244161740274421,0.0
1668489042.744984,16767.27,-8.180000000000291,45.91888571,1.0,0.0,0.0578560590587963,0.0,970.0881633747834,-0.47326256310100234,0.0
1668489102.7075255,16770.17,2.899999999997817,47.70561997,1.0,0.0,0.0578560590587963,0.0,970.255945946054,0.16778257127043616,0.0
1668489162.636654,16771.17,1.0,48.15481939,1.0,0.0,0.0578560590587963,0.0,970.3138020051128,0.05785605905873581,0.0
1668489222.7250524,16770.89,-0.27999999999883585,47.98239687,1.0,0.0,0.0578560590587963,0.0,970.2976023085764,-0.01619969653654607,0.0
1668489282.731987,16768.18,-2.709999999999127,46.75156702,1.0,0.0,0.0578560590587963,0.0,970.140812388527,-0.15678992004939118,0.0
1668489342.6198435,16767.32,-0.8600000000005821,46.46290242,1.0,0.0,0.0578560590587963,0.0,970.0910561777364,-0.049756210790633304,0.0
1668489402.7841585,16761.81,-5.509999999998399,45.0913588,1.0,0.0,0.0578560590587963,0.0,969.7722692923226,-0.3187868854138287,0.0
1668489462.6575325,16767.0,5.18999999999869,47.6720703,1.0,0.0,0.0578560590587963,0.0,970.0725422388376,0.3002729465150651,0.0
1668489522.7581446,16778.98,11.979999999999563,53.0327499,0.0,1.0,0.0,970.765657826362,970.765657826362,0.6931155875242894,0.0
1668489582.6474922,16779.42,0.4399999999986903,53.22143531,0.0,1.0,0.0,970.765657826362,970.765657826362,0.0,0.0
1668489642.6131709,16767.31,-12.109999999996944,47.23185589,1.0,0.0,0.057896326711104,0.0,970.765657826362,0.0,0.0
1668489702.7163854,16774.85,7.539999999997235,50.92061192,0.0,1.0,0.0,971.2021961297628,971.2021961297628,0.4365383034007664,0.0
1668489762.9401555,16779.17,4.319999999999709,52.95064273,0.0,1.0,0.0,971.2021961297628,971.2021961297628,0.0,0.0
1668489823.0766492,16782.01,2.8400000000001455,54.2285384,0.0,1.0,0.0,971.2021961297628,971.2021961297628,0.0,0.0
1668489882.9074445,16781.72,-0.28999999999723514,54.09471064,0.0,1.0,0.0,971.2021961297628,971.2021961297628,0.0,0.0
1668489942.6619372,16769.91,-11.81000000000131,47.70745204,1.0,0.0,0.0579133815345319,0.0,971.2021961297628,0.0,0.0
1668490002.7675493,16773.94,4.029999999998836,49.83027792,1.0,0.0,0.0579133815345319,0.0,971.435587057346,0.23339092758305924,0.0
1668490062.8837228,16773.06,-0.8799999999973807,49.32290808,1.0,0.0,0.0579133815345319,0.0,971.3846232815956,-0.05096377575034694,0.0
1668490122.8485296,16766.26,-6.80000000000291,45.53568348,1.0,0.0,0.0579133815345319,0.0,970.9908122871608,-0.3938109944349435,0.0
1668490183.4037387,16750.45,-15.809999999997672,37.91562385,1.0,0.0,0.0579133815345319,0.0,970.0752017251,-0.9156105620609196,0.0
1668490242.7924562,16756.46,6.009999999998399,42.73013694,1.0,0.0,0.0579133815345319,0.0,970.4232611481224,0.34805942302227777,0.0
1668490302.7582772,16741.54,-14.919999999998254,34.74078145,1.0,0.0,0.0579133815345319,0.0,969.5591934956273,-0.8640676524951232,0.0
1668490363.056922,16739.18,-2.360000000000582,36.30877763,1.0,0.0,0.0579133815345319,0.0,969.4225179152056,-0.1366755804216382,0.0
1668490423.4399595,16730.63,-8.549999999999272,34.51733321,1.0,0.0,0.0579133815345319,0.0,968.9273585030854,-0.4951594121201879,0.0
1668490483.0575464,16721.94,-8.690000000002328,31.92799252,1.0,0.0,0.0579133815345319,0.0,968.4240912175502,-0.5032672855352303,0.0
1668490543.5060382,16723.18,1.2400000000016007,35.46293486,1.0,0.0,0.0579133815345319,0.0,968.4959038106532,0.07181259310300447,0.0
1668490603.3776772,16719.78,-3.400000000001455,35.65629248,1.0,0.0,0.0579133815345319,0.0,968.2989983134356,-0.19690549721758543,0.0
1668490662.7387035,16723.18,3.400000000001455,38.19183224,1.0,0.0,0.0579133815345319,0.0,968.4959038106532,0.19690549721758543,0.0
1668490722.7140725,16722.22,-0.9599999999991269,38.81985851,1.0,0.0,0.0579133815345319,0.0,968.44030696438,-0.055596846273147094,0.0
1668490782.7373328,16718.95,-3.2700000000004366,37.76264095,1.0,0.0,0.0579133815345319,0.0,968.250930206762,-0.18937675761799255,0.0
1668490842.6495552,16706.88,-12.069999999999709,36.67452693,1.0,0.0,0.0579133815345319,0.0,967.5519156916404,-0.6990145151215756,0.0
1668490902.9159708,16687.98,-18.900000000001455,30.10741644,1.0,0.0,0.0579133815345319,0.0,966.4573527806376,-1.094562911002754,0.0
1668490962.8115969,16673.98,-14.0,27.29088135,1.0,0.0,0.0579133815345319,0.0,965.6465654391542,-0.810787341483433,0.0
1668491022.7387967,16690.39,16.409999999999854,34.56461516,1.0,0.0,0.0579133815345319,0.0,966.5969240301358,0.9503585909816366,0.0
1668491082.7651415,16675.29,-15.099999999998545,30.98953087,1.0,0.0,0.0579133815345319,0.0,965.7224319689644,-0.8744920611713951,0.0
1668491142.879113,16678.19,2.899999999997817,32.23340283,1.0,0.0,0.0579133815345319,0.0,965.8903807754144,0.1679488064499992,0.0
1668491202.7820618,16694.09,15.900000000001455,39.57647627,1.0,0.0,0.0579133815345319,0.0,966.8112035418136,0.9208227663991693,0.0
1668491262.693478,16678.0,-16.090000000000146,34.38480115,1.0,0.0,0.0579133815345319,0.0,965.879377232923,-0.9318263088905496,0.0
1668491322.853023,16687.91,9.909999999999854,38.72605304,1.0,0.0,0.0579133815345319,0.0,966.4532988439302,0.5739216110071084,0.0
1668491382.7156506,16694.47,6.56000000000131,41.68178863,1.0,0.0,0.0579133815345319,0.0,966.8332106267968,0.3799117828666567,0.0
1668491442.7910988,16697.17,2.6999999999970896,42.70821252,1.0,0.0,0.0579133815345319,0.0,966.98957675694,0.15636613014305567,0.0
1668491502.7909224,16668.3,-28.86999999999898,34.27321601,1.0,0.0,0.0579133815345319,0.0,965.317617432038,-1.6719593249019908,0.0
1668491562.79083,16663.31,-4.989999999997963,33.09333204,1.0,0.0,0.0579133815345319,0.0,965.0286296581808,-0.2889877738572295,0.0
1668491622.755772,16661.85,-1.4600000000027649,32.71857436,1.0,0.0,0.0579133815345319,0.0,964.9440761211404,-0.08455353704050594,0.0
1668491682.6363385,16665.67,3.819999999999709,34.73202615,1.0,0.0,0.0579133815345319,0.0,965.165305238602,0.22122911746168938,0.0
1668491742.797065,16667.19,1.5200000000004366,35.61158947,1.0,0.0,0.0579133815345319,0.0,965.2533335785346,0.08802833993263448,0.0
1668491802.8064258,16665.93,-1.2599999999983993,34.90985599,1.0,0.0,0.0579133815345319,0.0,965.1803627178012,-0.07297086073333503,0.0
1668491862.762307,16664.26,-1.6700000000018917,34.60271083,1.0,0.0,0.0579133815345319,0.0,965.0836473706383,-0.09671534716278529,0.0
1668491922.9117277,16656.94,-7.319999999999709,32.22511562,1.0,0.0,0.0579133815345319,0.0,964.6597214178056,-0.4239259528326329,0.0
1668491982.8322878,16644.22,-12.719999999997526,28.6252449,1.0,0.0,0.0579133815345319,0.0,963.9230632046866,-0.7366582131189716,0.0
1668492042.814097,16657.74,13.520000000000437,35.85548678,1.0,0.0,0.0579133815345319,0.0,964.7060521230336,0.7829889183468595,0.0
1668492103.240276,16685.84,28.099999999998545,49.18154018,1.0,0.0,0.0579133815345319,0.0,966.3334181441536,1.6273660211201104,0.0
1668492162.7291176,16679.94,-5.900000000001455,46.8690513,1.0,0.0,0.0579133815345319,0.0,965.9917291931,-0.34168895105369756,0.0
1668492222.8046732,16691.24,11.30000000000291,51.4294821,0.0,1.0,0.0,966.6461504044404,966.6461504044404,0.6544212113402637,0.0
1668492282.7487574,16690.18,-1.0600000000013097,51.03681794,0.0,1.0,0.0,966.6461504044404,966.6461504044404,0.0,0.0
1668492342.6541493,16714.36,24.18000000000029,60.33823681,0.0,1.0,0.0,966.6461504044404,966.6461504044404,0.0,0.0
1668492402.8217032,16714.35,-0.010000000002037268,60.37145814,0.0,1.0,0.0,966.6461504044404,966.6461504044404,0.0,0.0
1668492462.7939932,16714.46,0.11000000000058208,59.74166119,0.0,1.0,0.0,966.6461504044404,966.6461504044404,0.0,0.0
1668492522.779549,16707.63,-6.829999999998108,56.2266066,0.0,1.0,0.0,966.6461504044404,966.6461504044404,0.0,0.0
1668492582.824344,16707.38,-0.25,56.04786202,0.0,1.0,0.0,966.6461504044404,966.6461504044404,0.0,0.0
1668492642.6934226,16705.02,-2.360000000000582,54.7095021,0.0,1.0,0.0,966.6461504044404,966.6461504044404,0.0,0.0
1668492702.7363358,16706.9,1.8800000000010186,55.25452681,0.0,1.0,0.0,966.6461504044404,966.6461504044404,0.0,0.0
1668492762.8300042,16714.02,7.119999999998981,58.12463383,0.0,1.0,0.0,966.6461504044404,966.6461504044404,0.0,0.0
1668492822.899946,16701.5,-12.520000000000437,52.07200139,0.0,1.0,0.0,966.6461504044404,966.6461504044404,0.0,0.0
1668492882.881256,16708.16,6.6599999999998545,55.10038247,0.0,1.0,0.0,966.6461504044404,966.6461504044404,0.0,0.0
1668492942.8767726,16717.04,8.880000000001019,58.80856623,0.0,1.0,0.0,966.6461504044404,966.6461504044404,0.0,0.0
1668493002.8243508,16714.63,-2.4099999999998545,57.3568809,0.0,1.0,0.0,966.6461504044404,966.6461504044404,0.0,0.0
1668493062.9566517,16717.84,3.209999999999127,58.96066141,0.0,1.0,0.0,966.6461504044404,966.6461504044404,0.0,0.0
1668493122.8994377,16726.0,8.159999999999854,62.37522658,0.0,1.0,0.0,966.6461504044404,966.6461504044404,0.0,0.0
1668493182.6910298,16722.91,-3.0900000000001455,60.68869771,0.0,1.0,0.0,966.6461504044404,966.6461504044404,0.0,0.0
1668493242.838064,16717.46,-5.450000000000728,56.56202318,0.0,1.0,0.0,966.6461504044404,966.6461504044404,0.0,0.0
1668493302.79122,16709.34,-8.119999999998981,51.62346886,0.0,1.0,0.0,966.6461504044404,966.6461504044404,0.0,0.0
1668493362.8800132,16708.59,-0.75,51.23158035,0.0,1.0,0.0,966.6461504044404,966.6461504044404,0.0,0.0
1668493422.896065,16704.26,-4.330000000001746,48.80560281,1.0,0.0,0.0578682414189219,0.0,966.6461504044404,0.0,0.0
1668493482.8477142,16723.5,19.2400000000016,58.47393733,0.0,1.0,0.0,967.7595353693404,967.7595353693404,1.1133849648999785,0.0
1668493542.8291612,16712.55,-10.950000000000728,52.04206816,0.0,1.0,0.0,967.7595353693404,967.7595353693404,0.0,0.0
1668493602.8781786,16707.49,-5.059999999997672,49.36195826,1.0,0.0,0.0579236938265017,0.0,967.7595353693404,0.0,0.0
1668493662.9778929,16708.87,1.3799999999973807,50.1712614,0.0,1.0,0.0,967.8394700668192,967.8394700668192,0.07993469747896143,0.0
1668493722.8074813,16719.0,10.130000000001019,55.23419156,0.0,1.0,0.0,967.8394700668192,967.8394700668192,0.0,0.0
1668493782.727419,16717.74,-1.2599999999983993,54.64146807,0.0,1.0,0.0,967.8394700668192,967.8394700668192,0.0,0.0
1668493843.5168333,16714.56,-3.180000000000291,52.23649899,0.0,1.0,0.0,967.8394700668192,967.8394700668192,0.0,0.0
1668493903.6123114,16717.95,3.389999999999418,54.10166068,0.0,1.0,0.0,967.8394700668192,967.8394700668192,0.0,0.0
1668493963.5868511,16723.91,5.959999999999127,57.08043382,0.0,1.0,0.0,967.8394700668192,967.8394700668192,0.0,0.0
1668494024.4011085,16736.91,13.0,62.90240734,0.0,1.0,0.0,967.8394700668192,967.8394700668192,0.0,0.0
1668494084.3020773,16729.3,-7.610000000000582,58.76555042,0.0,1.0,0.0,967.8394700668192,967.8394700668192,0.0,0.0
1668494144.4036193,16734.25,4.950000000000728,61.86703931,0.0,1.0,0.0,967.8394700668192,967.8394700668192,0.0,0.0
1668494205.4271157,16727.25,-7.0,56.69090542,0.0,1.0,0.0,967.8394700668192,967.8394700668192,0.0,0.0
1668494265.4327466,16723.24,-4.009999999998399,53.91984325,0.0,1.0,0.0,967.8394700668192,967.8394700668192,0.0,0.0
1668494325.373912,16720.84,-2.400000000001455,52.35146492,0.0,1.0,0.0,967.8394700668192,967.8394700668192,0.0,0.0
1668494386.426278,16717.34,-3.5,49.82501895,1.0,0.0,0.0578943462337201,0.0,967.8394700668192,0.0,0.0
1668494446.2887657,16713.2,-4.139999999999418,47.23180608,1.0,0.0,0.0578943462337201,0.0,967.5997874734109,-0.23968259340847453,0.0
1668494506.4608903,16705.9,-7.299999999999272,43.52031795,1.0,0.0,0.0578943462337201,0.0,967.1771587459046,-0.4226287275062077,0.0
1668494567.2481222,16709.76,3.859999999996944,46.22440096,1.0,0.0,0.0578943462337201,0.0,967.4006309223666,0.22347217646199624,0.0
1668494626.996138,16713.37,3.610000000000582,48.56446819,1.0,0.0,0.0578943462337201,0.0,967.6096295122704,0.20899858990378561,0.0
1668494687.2685614,16717.46,4.0900000000001455,51.17348947,0.0,1.0,0.0,967.8464173883664,967.8464173883664,0.23678787609594565,0.0
1668494748.1063404,16715.93,-1.5299999999988358,50.18325192,0.0,1.0,0.0,967.8464173883664,967.8464173883664,0.0,0.0
1668494807.9040642,16714.76,-1.1700000000018917,49.27752981,1.0,0.0,0.0579036981319723,0.0,967.8464173883664,0.0,0.0
1668494868.1369162,16708.01,-6.75,45.12855363,1.0,0.0,0.0579036981319723,0.0,967.4555674259744,-0.3908499623920534,0.0
1668494928.7519226,16701.81,-6.19999999999709,41.18305547,1.0,0.0,0.0579036981319723,0.0,967.0965644975564,-0.3590029284181355,0.0
1668494988.79767,16698.29,-3.5200000000004366,39.75396306,1.0,0.0,0.0579036981319723,0.0,966.8927434801318,-0.203821017424616,0.0
1668495048.763467,16699.47,1.180000000000291,40.74712918,1.0,0.0,0.0579036981319723,0.0,966.9610698439276,0.06832636379567703,0.0
1668495109.6701145,16709.7,10.229999999999563,48.67676234,1.0,0.0,0.0579036981319723,0.0,967.5534246758176,0.5923548318899066,0.0
1668495169.5424705,16721.0,11.299999999999272,55.84897963,0.0,1.0,0.0,968.2077364647088,968.2077364647088,0.6543117888911638,0.0
1668495229.6264844,16725.45,4.450000000000728,58.19474065,0.0,1.0,0.0,968.2077364647088,968.2077364647088,0.0,0.0
1668495291.6981704,16725.06,-0.3899999999994179,57.36739507,0.0,1.0,0.0,968.2077364647088,968.2077364647088,0.0,0.0
1668495350.8778758,16725.93,0.8699999999989814,57.85152887,0.0,1.0,0.0,968.2077364647088,968.2077364647088,0.0,0.0
1668495410.7453656,16719.69,-6.240000000001601,53.2159394,0.0,1.0,0.0,968.2077364647088,968.2077364647088,0.0,0.0
1668495471.6867094,16717.05,-2.639999999999418,51.26448809,0.0,1.0,0.0,968.2077364647088,968.2077364647088,0.0,0.0
1668495531.577836,16728.18,11.130000000001019,58.51775892,0.0,1.0,0.0,968.2077364647088,968.2077364647088,0.0,0.0
1668495592.0164125,16742.38,14.200000000000728,65.59604032,0.0,1.0,0.0,968.2077364647088,968.2077364647088,0.0,0.0
1668495652.3838973,16766.76,24.37999999999738,73.84351074,0.0,1.0,0.0,968.2077364647088,968.2077364647088,0.0,0.0
1668495712.4219975,16764.64,-2.1199999999989814,71.59000042,0.0,1.0,0.0,968.2077364647088,968.2077364647088,0.0,0.0
1668495772.8125992,16761.0,-3.639999999999418,68.91270798,0.0,1.0,0.0,968.2077364647088,968.2077364647088,0.0,0.0
1668495833.2514722,16750.67,-10.330000000001746,61.97278755,0.0,1.0,0.0,968.2077364647088,968.2077364647088,0.0,0.0
1668495893.1649504,16757.0,6.330000000001746,63.26534613,0.0,1.0,0.0,968.2077364647088,968.2077364647088,0.0,0.0
1668495953.1120503,16753.84,-3.1599999999998545,62.17325949,0.0,1.0,0.0,968.2077364647088,968.2077364647088,0.0,0.0
1668496014.0824833,16756.55,2.709999999999127,63.30584612,0.0,1.0,0.0,968.2077364647088,968.2077364647088,0.0,0.0
1668496074.062099,16766.05,9.5,66.86402691,0.0,1.0,0.0,968.2077364647088,968.2077364647088,0.0,0.0
1668496134.1258018,16785.88,19.830000000001746,72.81465959,0.0,1.0,0.0,968.2077364647088,968.2077364647088,0.0,0.0
1668496194.90782,16767.0,-18.88000000000102,63.81176856,0.0,1.0,0.0,968.2077364647088,968.2077364647088,0.0,0.0
1668496254.885317,16781.83,14.830000000001746,70.70171289,0.0,1.0,0.0,968.2077364647088,968.2077364647088,0.0,0.0
1668496314.9633572,16774.62,-7.210000000002765,66.98655666,0.0,1.0,0.0,968.2077364647088,968.2077364647088,0.0,0.0
1668496375.813798,16826.22,51.60000000000218,80.88834071,0.0,1.0,0.0,968.2077364647088,968.2077364647088,0.0,0.0
1668496435.724961,16831.12,4.899999999997817,81.69477916,0.0,1.0,0.0,968.2077364647088,968.2077364647088,0.0,0.0
1668496495.627828,16836.44,5.319999999999709,82.52439498,0.0,1.0,0.0,968.2077364647088,968.2077364647088,0.0,0.0
1668496556.5460231,16850.69,14.25,84.40192182,0.0,1.0,0.0,968.2077364647088,968.2077364647088,0.0,0.0
1668496616.6486745,16874.68,23.9900000000016,87.08378811,0.0,1.0,0.0,968.2077364647088,968.2077364647088,0.0,0.0
1668496676.492024,16858.7,-15.979999999999563,81.00346612,0.0,1.0,0.0,968.2077364647088,968.2077364647088,0.0,0.0
1668496737.383869,16920.68,61.97999999999956,90.16180776,0.0,1.0,0.0,968.2077364647088,968.2077364647088,0.0,0.0
1668496797.3423314,16923.0,2.319999999999709,90.33286472,0.0,1.0,0.0,968.2077364647088,968.2077364647088,0.0,0.0
1668496857.4357302,16902.67,-20.330000000001746,82.43239112,0.0,1.0,0.0,968.2077364647088,968.2077364647088,0.0,0.0
1668496918.085596,16891.48,-11.18999999999869,76.50089214,0.0,1.0,0.0,968.2077364647088,968.2077364647088,0.0,0.0
1668496978.1727855,16912.0,20.520000000000437,80.39739948,0.0,1.0,0.0,968.2077364647088,968.2077364647088,0.0,0.0
1668497038.1603816,16885.66,-26.340000000000146,68.60750541,0.0,1.0,0.0,968.2077364647088,968.2077364647088,0.0,0.0
1668497099.2986972,16881.72,-3.9399999999986903,66.83219753,0.0,1.0,0.0,968.2077364647088,968.2077364647088,0.0,0.0
1668497159.1404812,16881.98,0.2599999999983993,66.65567531,0.0,1.0,0.0,968.2077364647088,968.2077364647088,0.0,0.0
1668497219.1062503,16876.14,-5.8400000000001455,64.11361023,0.0,1.0,0.0,968.2077364647088,968.2077364647088,0.0,0.0
1668497279.8737037,16874.36,-1.7799999999988358,62.15100031,0.0,1.0,0.0,968.2077364647088,968.2077364647088,0.0,0.0
1668497339.905691,16846.0,-28.360000000000582,51.93932083,0.0,1.0,0.0,968.2077364647088,968.2077364647088,0.0,0.0
1668497400.1352942,16810.46,-35.54000000000087,42.40412717,1.0,0.0,0.0575955527965748,0.0,968.2077364647088,0.0,0.0
1668497460.811451,16828.77,18.31000000000131,47.46728052,1.0,0.0,0.0575955527965748,0.0,969.262311036414,1.0545745717053023,0.0
1668497521.061006,16786.16,-42.61000000000058,37.36163138,1.0,0.0,0.0575955527965748,0.0,966.808164531752,-2.454146504661935,0.0
1668497580.8850882,16797.85,11.68999999999869,41.27494093,1.0,0.0,0.0575955527965748,0.0,967.481456543944,0.6732920121919506,0.0
1668497641.6316843,16813.27,15.420000000001892,46.13763858,1.0,0.0,0.0575955527965748,0.0,968.3695799680672,0.8881234241232505,0.0
1668497701.5458703,16819.73,6.459999999999127,48.17084001,1.0,0.0,0.0575955527965748,0.0,968.741647239133,0.3720672710658164,0.0
1668497761.5682566,16839.47,19.7400000000016,53.45903704,0.0,1.0,0.0,969.8785834513376,969.8785834513376,1.1369362122044322,0.0
1668497822.5096955,16832.33,-7.139999999999418,51.40655414,0.0,1.0,0.0,969.8785834513376,969.8785834513376,0.0,0.0
1668497882.6993928,16829.09,-3.2400000000016007,50.42569105,0.0,1.0,0.0,969.8785834513376,969.8785834513376,0.0,0.0
1668497942.5721405,16828.42,-0.6700000000018917,50.18693922,0.0,1.0,0.0,969.8785834513376,969.8785834513376,0.0,0.0
1668498003.448362,16827.2,-1.2199999999975262,49.70971212,1.0,0.0,0.0576375501242831,0.0,969.8785834513376,0.0,0.0
1668498063.3347352,16840.23,13.029999999998836,53.93040668,0.0,1.0,0.0,970.629600729456,970.629600729456,0.751017278118411,0.0
1668498123.4321249,16869.79,29.56000000000131,61.69560483,0.0,1.0,0.0,970.629600729456,970.629600729456,0.0,0.0
1668498184.1957986,16856.31,-13.479999999999563,57.66448048,0.0,1.0,0.0,970.629600729456,970.629600729456,0.0,0.0
1668498244.180725,16840.94,-15.37000000000262,52.62808333,0.0,1.0,0.0,970.629600729456,970.629600729456,0.0,0.0
1668498304.1728764,16852.66,11.720000000001164,56.08736437,0.0,1.0,0.0,970.629600729456,970.629600729456,0.0,0.0
1668498365.1974084,16853.0,0.3400000000001455,56.23820036,0.0,1.0,0.0,970.629600729456,970.629600729456,0.0,0.0
1668498425.0544014,16840.24,-12.7599999999984,51.64418453,0.0,1.0,0.0,970.629600729456,970.629600729456,0.0,0.0
1668498485.117,16843.04,2.7999999999992724,52.53571198,0.0,1.0,0.0,970.629600729456,970.629600729456,0.0,0.0
1668498546.1052485,16856.92,13.87999999999738,56.61795088,0.0,1.0,0.0,970.629600729456,970.629600729456,0.0,0.0
1668498606.0013506,16856.66,-0.2599999999983993,56.40594387,0.0,1.0,0.0,970.629600729456,970.629600729456,0.0,0.0
1668498666.133046,16858.01,1.3499999999985448,56.06441075,0.0,1.0,0.0,970.629600729456,970.629600729456,0.0,0.0
1668498726.926807,16839.66,-18.349999999998545,49.61971449,1.0,0.0,0.0576395010783742,0.0,970.629600729456,0.0,0.0
1668498786.732454,16817.94,-21.720000000001164,43.34493811,1.0,0.0,0.0576395010783742,0.0,969.3776707660325,-1.2519299634235495,0.0
1668498846.812251,16828.34,10.400000000001455,46.7391216,1.0,0.0,0.0576395010783742,0.0,969.9771215772475,0.5994508112152062,0.0
1668498908.8733754,16823.98,-4.360000000000582,45.2992351,1.0,0.0,0.0576395010783742,0.0,969.725813352546,-0.25130822470157455,0.0
1668498967.8299754,16843.68,19.700000000000728,51.99259762,0.0,1.0,0.0,970.86131152379,970.86131152379,1.1354981712439667,0.0
1668499027.776574,16845.36,1.680000000000291,52.49281033,0.0,1.0,0.0,970.86131152379,970.86131152379,0.0,0.0
1668499088.666047,16846.18,0.819999999999709,52.34503755,0.0,1.0,0.0,970.86131152379,970.86131152379,0.0,0.0
1668499148.51753,16840.72,-5.459999999999127,50.25111184,0.0,1.0,0.0,970.86131152379,970.86131152379,0.0,0.0
1668499208.7275205,16857.92,17.19999999999709,55.6873274,0.0,1.0,0.0,970.86131152379,970.86131152379,0.0,0.0
1668499269.5967207,16850.06,-7.859999999996944,53.51710088,0.0,1.0,0.0,970.86131152379,970.86131152379,0.0,0.0
1668499329.3942282,16845.19,-4.870000000002619,51.86957159,0.0,1.0,0.0,970.86131152379,970.86131152379,0.0,0.0
1668499389.4113836,16839.43,-5.759999999998399,49.61393495,1.0,0.0,0.0576540483569687,0.0,970.86131152379,0.0,0.0
1668499450.5735795,16820.85,-18.580000000001746,43.14691424,1.0,0.0,0.0576540483569687,0.0,969.7900993053167,-1.0712122184731925,0.0
1668499510.4907424,16817.8,-3.0499999999992724,42.16633085,1.0,0.0,0.0576540483569687,0.0,969.614254457828,-0.1758448474886336,0.0
1668499570.6379683,16830.57,12.770000000000437,47.36313198,1.0,0.0,0.0576540483569687,0.0,970.3504966553468,0.7362421975186635,0.0
1668499631.3434544,16826.21,-4.360000000000582,46.00713315,1.0,0.0,0.0576540483569687,0.0,970.0991250045104,-0.2513716508365178,0.0
1668499691.2945027,16822.47,-3.7399999999979627,45.00928657,1.0,0.0,0.0576540483569687,0.0,969.8834988636552,-0.21562614085507903,0.0
1668499751.450034,16808.03,-14.440000000002328,40.29842871,1.0,0.0,0.0576540483569687,0.0,969.0509744053804,-0.8325244582746336,0.0
1668499812.2109888,16813.85,5.819999999999709,42.91370859,1.0,0.0,0.0576540483569687,0.0,969.386520966818,0.33554656143758166,0.0
1668499872.0935285,16845.58,31.7300000000032,54.51169638,0.0,1.0,0.0,971.2158839211849,971.2158839211849,1.829362954366843,0.0
1668499932.0449648,16831.31,-14.270000000000437,49.61000419,1.0,0.0,0.0577029288820171,0.0,971.2158839211849,0.0,0.0
1668499993.0334566,16837.57,6.259999999998399,51.69567393,0.0,1.0,0.0,971.5771042559846,971.5771042559846,0.361220334799782,0.0
1668500053.0212414,16835.54,-2.029999999998836,50.95742718,0.0,1.0,0.0,971.5771042559846,971.5771042559846,0.0,0.0
1668500113.100636,16828.3,-7.240000000001601,48.38451521,1.0,0.0,0.0577347149893919,0.0,971.5771042559846,0.0,0.0
1668500173.8645887,16844.09,15.790000000000873,53.80723256,0.0,1.0,0.0,972.4887354056664,972.4887354056664,0.9116311496816252,0.0
1668500233.8723817,16857.09,13.0,57.85815383,0.0,1.0,0.0,972.4887354056664,972.4887354056664,0.0,0.0
1668500293.9567487,16846.46,-10.630000000001019,53.75578626,0.0,1.0,0.0,972.4887354056664,972.4887354056664,0.0,0.0
1668500354.725885,16851.28,4.819999999999709,55.31969406,0.0,1.0,0.0,972.4887354056664,972.4887354056664,0.0,0.0
1668500414.757545,16866.0,14.720000000001164,59.63769622,0.0,1.0,0.0,972.4887354056664,972.4887354056664,0.0,0.0
1668500474.6524775,16859.69,-6.31000000000131,56.9343872,0.0,1.0,0.0,972.4887354056664,972.4887354056664,0.0,0.0
1668500535.4187543,16901.9,42.210000000002765,66.67148637,0.0,1.0,0.0,972.4887354056664,972.4887354056664,0.0,0.0
1668500595.5423126,16960.32,58.419999999998254,75.5552659,0.0,1.0,0.0,972.4887354056664,972.4887354056664,0.0,0.0
1668500655.4834175,16965.04,4.720000000001164,76.09913944,0.0,1.0,0.0,972.4887354056664,972.4887354056664,0.0,0.0
1668500716.3302908,16944.35,-20.69000000000233,69.05276217,0.0,1.0,0.0,972.4887354056664,972.4887354056664,0.0,0.0
1668500776.310383,16930.86,-13.489999999997963,64.74764367,0.0,1.0,0.0,972.4887354056664,972.4887354056664,0.0,0.0
1668500836.499618,16937.85,6.989999999997963,65.93485549,0.0,1.0,0.0,972.4887354056664,972.4887354056664,0.0,0.0
1668500897.30058,16944.28,6.430000000000291,67.03279071,0.0,1.0,0.0,972.4887354056664,972.4887354056664,0.0,0.0
1668500957.3125029,16955.72,11.440000000002328,68.95024239,0.0,1.0,0.0,972.4887354056664,972.4887354056664,0.0,0.0
1668501017.273262,16947.64,-8.080000000001746,65.88094159,0.0,1.0,0.0,972.4887354056664,972.4887354056664,0.0,0.0
1668501078.0585015,16939.5,-8.139999999999418,63.15121066,0.0,1.0,0.0,972.4887354056664,972.4887354056664,0.0,0.0
1668501138.1682026,16947.97,8.470000000001164,64.72848494,0.0,1.0,0.0,972.4887354056664,972.4887354056664,0.0,0.0
1668501197.969772,16939.75,-8.220000000001164,61.58932101,0.0,1.0,0.0,972.4887354056664,972.4887354056664,0.0,0.0
1668501259.3584983,16913.18,-26.56999999999971,53.14910322,0.0,1.0,0.0,972.4887354056664,972.4887354056664,0.0,0.0
1668501319.3714514,16912.98,-0.2000000000007276,53.08929747,0.0,1.0,0.0,972.4887354056664,972.4887354056664,0.0,0.0
1668501379.5351532,16913.36,0.38000000000101863,53.19037228,0.0,1.0,0.0,972.4887354056664,972.4887354056664,0.0,0.0
1668501440.226812,16927.88,14.520000000000437,57.05858887,0.0,1.0,0.0,972.4887354056664,972.4887354056664,0.0,0.0
1668501500.3338292,16920.61,-7.270000000000437,54.58000833,0.0,1.0,0.0,972.4887354056664,972.4887354056664,0.0,0.0
1668501560.024166,16929.08,8.470000000001164,56.92756003,0.0,1.0,0.0,972.4887354056664,972.4887354056664,0.0,0.0
1668501620.8859656,16935.34,6.259999999998399,58.62946332,0.0,1.0,0.0,972.4887354056664,972.4887354056664,0.0,0.0
1668501680.8815384,16945.93,10.590000000000146,61.40753968,0.0,1.0,0.0,972.4887354056664,972.4887354056664,0.0,0.0
1668501740.9304118,16941.12,-4.81000000000131,59.30424036,0.0,1.0,0.0,972.4887354056664,972.4887354056664,0.0,0.0
1668501801.9644823,16938.41,-2.709999999999127,58.33622411,0.0,1.0,0.0,972.4887354056664,972.4887354056664,0.0,0.0
1668501861.8795657,16937.22,-1.1899999999986903,57.7860837,0.0,1.0,0.0,972.4887354056664,972.4887354056664,0.0,0.0
1668501921.86789,16926.22,-11.0,53.09826926,0.0,1.0,0.0,972.4887354056664,972.4887354056664,0.0,0.0
1668501983.0330355,16934.54,8.319999999999709,56.00538295,0.0,1.0,0.0,972.4887354056664,972.4887354056664,0.0,0.0
1668502043.1454167,16945.31,10.770000000000437,59.5044889,0.0,1.0,0.0,972.4887354056664,972.4887354056664,0.0,0.0
1668502102.9032474,16930.61,-14.700000000000728,53.25858993,0.0,1.0,0.0,972.4887354056664,972.4887354056664,0.0,0.0
1668502163.598839,16926.8,-3.8100000000013097,51.74924571,0.0,1.0,0.0,972.4887354056664,972.4887354056664,0.0,0.0
1668502223.9627116,16918.53,-8.270000000000437,48.56103402,1.0,0.0,0.0574806874714095,0.0,972.4887354056664,0.0,0.0
1668502283.6001964,16925.56,7.030000000002474,51.35700364,0.0,1.0,0.0,972.8928246385898,972.8928246385898,0.40408923292341115,0.0
1668502344.2200603,16913.52,-12.040000000000873,46.77229325,1.0,0.0,0.0575216054752996,0.0,972.8928246385898,0.0,0.0
1668502404.5437446,16905.81,-7.709999999999127,44.03631074,1.0,0.0,0.0575216054752996,0.0,972.4493330603748,-0.44349157821500285,0.0
1668502464.2982163,16905.62,-0.1900000000023283,43.94910888,1.0,0.0,0.0575216054752996,0.0,972.4384039553344,-0.010929105040418108,0.0
1668502525.658498,16916.64,11.020000000000437,48.90843485,1.0,0.0,0.0575216054752996,0.0,973.0722920476722,0.6338880923378838,0.0
1668502585.5880392,16929.81,13.170000000001892,54.16376109,0.0,1.0,0.0,973.829851591782,973.829851591782,0.7575595441097676,0.0
1668502645.5642526,16936.06,6.25,56.44396998,0.0,1.0,0.0,973.829851591782,973.829851591782,0.0,0.0
1668502706.321746,16916.2,-19.860000000000582,48.23301,1.0,0.0,0.0575678847253982,0.0,973.829851591782,0.0,0.0
1668502766.3654363,16926.77,10.569999999999709,52.21710147,0.0,1.0,0.0,974.4383441333284,974.4383441333284,0.608492541546525,0.0
1668502826.4064703,16920.56,-6.209999999999127,49.77073721,1.0,0.0,0.0575890126646711,0.0,974.4383441333284,0.0,0.0
1668502887.5416255,16920.35,-0.21000000000276486,49.72019395,1.0,0.0,0.0575890126646711,0.0,974.4262504406676,-0.012093692660869237,0.0
1668502947.4366786,16916.72,-3.6299999999973807,48.16897215,1.0,0.0,0.0575890126646711,0.0,974.2172023246948,-0.2090481159726778,0.0
1668503007.5572996,16913.66,-3.0600000000013097,46.87316475,1.0,0.0,0.0575890126646711,0.0,974.040979945941,-0.17622237875377778,0.0
1668503068.420025,16913.24,-0.41999999999825377,46.6875184,1.0,0.0,0.0575890126646711,0.0,974.016792560622,-0.024187385319123678,0.0
1668503128.600694,16908.9,-4.3400000000001455,44.68288837,1.0,0.0,0.0575890126646711,0.0,973.7668562456572,-0.24993631496477065,0.0
1668503188.631376,16921.77,12.869999999998981,51.27375323,0.0,1.0,0.0,974.5080268386516,974.5080268386516,0.7411705929943082,0.0
1668503249.4531176,16921.79,0.020000000000436557,51.23048861,0.0,1.0,0.0,974.5080268386516,974.5080268386516,0.0,0.0
1668503309.3656373,16924.83,3.040000000000873,52.81681791,0.0,1.0,0.0,974.5080268386516,974.5080268386516,0.0,0.0
1668503369.370738,16920.69,-4.140000000003056,50.37842622,0.0,1.0,0.0,974.5080268386516,974.5080268386516,0.0,0.0
1668503430.1728702,16936.13,15.440000000002328,58.23046476,0.0,1.0,0.0,974.5080268386516,974.5080268386516,0.0,0.0
1668503490.2088034,16940.88,4.75,60.30114137,0.0,1.0,0.0,974.5080268386516,974.5080268386516,0.0,0.0
1668503550.2596586,16942.57,1.6899999999986903,61.0411496,0.0,1.0,0.0,974.5080268386516,974.5080268386516,0.0,0.0
1668503610.9892905,16935.96,-6.610000000000582,56.59735383,0.0,1.0,0.0,974.5080268386516,974.5080268386516,0.0,0.0
1668503671.1701446,16937.7,1.7400000000016007,57.49891303,0.0,1.0,0.0,974.5080268386516,974.5080268386516,0.0,0.0
1668503730.878046,16946.85,9.149999999997817,61.40613068,0.0,1.0,0.0,974.5080268386516,974.5080268386516,0.0,0.0
1668503792.006683,16934.67,-12.180000000000291,53.75625083,0.0,1.0,0.0,974.5080268386516,974.5080268386516,0.0,0.0
1668503851.9784937,16920.95,-13.719999999997526,46.69890944,1.0,0.0,0.0575918034648557,0.0,974.5080268386516,0.0,0.0
1668503911.8968468,16907.91,-13.040000000000873,41.12166052,1.0,0.0,0.0575918034648557,0.0,973.7570297214684,-0.7509971171832603,0.0
1668503972.740754,16917.57,9.659999999999854,46.08998287,1.0,0.0,0.0575918034648557,0.0,974.3133665429388,0.5563368214704951,0.0
1668504032.8986225,16919.11,1.5400000000008731,46.92066698,1.0,0.0,0.0575918034648557,0.0,974.4020579202748,0.08869137733597654,0.0
1668504092.6572237,16935.19,16.07999999999811,54.58322372,0.0,1.0,0.0,975.3281341199896,975.3281341199896,0.9260761997146574,0.0
1668504153.6369374,16924.21,-10.979999999999563,49.3449091,1.0,0.0,0.0576291675723705,0.0,975.3281341199896,0.0,0.0
1668504213.5074143,16909.01,-15.200000000000728,43.17011876,1.0,0.0,0.0576291675723705,0.0,974.4521707728884,-0.8759633471012194,0.0
1668504273.3690486,16889.4,-19.609999999996944,36.77384531,1.0,0.0,0.0576291675723705,0.0,973.3220627967944,-1.1301079760939956,0.0
1668504334.3655758,16876.81,-12.590000000000146,33.32922585,1.0,0.0,0.0576291675723705,0.0,972.5965115770582,-0.7255512197361895,0.0
1668504394.668694,16882.81,6.0,36.19067421,1.0,0.0,0.0576291675723705,0.0,972.9422865824924,0.3457750054342341,0.0
1668504454.5853798,16876.44,-6.370000000002619,34.35337382,1.0,0.0,0.0576291675723705,0.0,972.5751887850564,-0.3670977974361449,0.0
1668504515.341039,16869.06,-7.379999999997381,32.31509715,1.0,0.0,0.0576291675723705,0.0,972.1498855283724,-0.4253032566840602,0.0
1668504575.477302,16867.32,-1.7400000000016007,31.84166704,1.0,0.0,0.0576291675723705,0.0,972.0496107767964,-0.10027475157596655,0.0
1668504635.2170088,16856.3,-11.020000000000437,29.00765382,1.0,0.0,0.0576291675723705,0.0,971.4145373501487,-0.6350734266475229,0.0
1668504696.0681653,16856.88,0.5800000000017462,29.76880531,1.0,0.0,0.0576291675723705,0.0,971.4479622673408,0.03342491719217833,0.0
1668504756.2347858,16835.21,-21.67000000000189,24.83577966,1.0,0.0,0.0576291675723705,0.0,970.1991382060476,-1.2488240612932486,0.0
1668504816.1578848,16828.7,-6.509999999998399,23.46805746,1.0,0.0,0.0576291675723705,0.0,969.8239723251514,-0.3751658808961338,0.0
1668504877.037196,16806.14,-22.56000000000131,19.08646033,1.0,0.0,0.0576291675723705,0.0,968.5238583047188,-1.3001140204327157,0.0
1668504936.9860942,16809.55,3.4099999999998545,20.70784833,1.0,0.0,0.0576291675723705,0.0,968.7203737661404,0.19651546142165444,0.0
1668504997.2654183,16828.36,18.81000000000131,31.55737242,1.0,0.0,0.0576291675723705,0.0,969.8043784081768,1.0840046420364615,0.0
1668505058.1106038,16826.99,-1.3699999999989814,31.41827796,1.0,0.0,0.0576291675723705,0.0,969.7254264486028,-0.07895195957405576,0.0
1668505118.1504216,16820.88,-6.110000000000582,29.65577573,1.0,0.0,0.0576291675723705,0.0,969.3733122347356,-0.35211421386725306,0.0
1668505177.700424,16813.72,-7.1599999999998545,27.75735154,1.0,0.0,0.0576291675723705,0.0,968.9606873949174,-0.4126248398182497,0.0
1668505238.640797,16777.0,-36.720000000001164,21.00254348,1.0,0.0,0.0576291675723705,0.0,966.84454436166,-2.1161430332574582,0.0
1668505298.5637922,16790.02,13.020000000000437,27.72897071,1.0,0.0,0.0576291675723705,0.0,967.5948761234522,0.7503317617921539,0.0
1668505358.7033548,16800.0,9.979999999999563,32.46803643,1.0,0.0,0.0576291675723705,0.0,968.1700152158244,0.5751390923721829,0.0
1668505419.6474023,16807.75,7.75,35.9788503,1.0,0.0,0.0576291675723705,0.0,968.6166412645102,0.4466260486858573,0.0
1668505479.4140563,16792.27,-15.479999999999563,32.360073,1.0,0.0,0.0576291675723705,0.0,967.72454175049,-0.8920995140202876,0.0
1668505539.4832456,16781.35,-10.920000000001892,30.06295842,1.0,0.0,0.0576291675723705,0.0,967.0952312405996,-0.629310509890388,0.0
1668505600.4762502,16797.02,15.670000000001892,36.97658816,1.0,0.0,0.0576291675723705,0.0,967.9982802964588,0.9030490558592419,0.0
1668505660.4584467,16763.97,-33.04999999999927,30.19640722,1.0,0.0,0.0576291675723705,0.0,966.093636308192,-1.9046439882667983,0.0
1668505720.3819551,16779.23,15.2599999999984,36.13289372,1.0,0.0,0.0576291675723705,0.0,966.9730574053464,0.8794210971542498,0.0
1668505781.4731946,16746.85,-32.38000000000102,30.17244903,1.0,0.0,0.0576291675723705,0.0,965.1070249593528,-1.8660324459935964,0.0
1668505841.2286882,16746.55,-0.2999999999992724,31.64907744,1.0,0.0,0.0576291675723705,0.0,965.0897362090813,-0.017288750271632125,0.0
1668505901.4748583,16762.99,16.44000000000233,37.3615732,1.0,0.0,0.0576291675723705,0.0,966.0371597239712,0.947423514889806,0.0
1668505962.208817,16765.19,2.1999999999970896,38.06838179,1.0,0.0,0.0576291675723705,0.0,966.16394389263,0.12678416865890085,0.0
1668506022.2653174,16785.65,20.460000000002765,44.61221401,1.0,0.0,0.0576291675723705,0.0,967.343036661161,1.1790927685310635,0.0
1668506082.0961716,16790.8,5.149999999997817,46.19362597,1.0,0.0,0.0576291675723705,0.0,967.6398268741584,0.2967902129975073,0.0
1668506142.8716326,16795.95,5.150000000001455,47.82947726,1.0,0.0,0.0576291675723705,0.0,967.9366170871564,0.29679021299796204,0.0
1668506203.276754,16804.95,9.0,50.56222462,0.0,1.0,0.0,968.4552795953076,968.4552795953076,0.5186625081513512,0.0
1668506263.1596751,16803.7,-1.25,50.19298462,0.0,1.0,0.0,968.4552795953076,968.4552795953076,0.0,0.0
1668506323.7450917,16799.19,-4.510000000002037,48.83312274,1.0,0.0,0.0576489270968009,0.0,968.4552795953076,0.0,0.0
1668506383.670609,16793.51,-5.680000000000291,46.91229562,1.0,0.0,0.0576489270968009,0.0,968.1278336893968,-0.32744590591073575,0.0
1668506443.916897,16803.5,9.9900000000016,50.53858637,0.0,1.0,0.0,968.703746471094,968.703746471094,0.5759127816971841,0.0
1668506504.738773,16816.17,12.669999999998254,54.91043006,0.0,1.0,0.0,968.703746471094,968.703746471094,0.0,0.0
1668506564.488913,16828.0,11.830000000001746,58.70256406,0.0,1.0,0.0,968.703746471094,968.703746471094,0.0,0.0
1668506624.479818,16834.6,6.599999999998545,60.74060344,0.0,1.0,0.0,968.703746471094,968.703746471094,0.0,0.0
1668506685.6290174,16830.52,-4.079999999998108,59.27552563,0.0,1.0,0.0,968.703746471094,968.703746471094,0.0,0.0
1668506745.6137354,16829.5,-1.0200000000004366,58.79267609,0.0,1.0,0.0,968.703746471094,968.703746471094,0.0,0.0
1668506805.6883717,16824.56,-4.93999999999869,56.27643666,0.0,1.0,0.0,968.703746471094,968.703746471094,0.0,0.0
1668506866.5992038,16821.44,-3.1200000000026193,54.31295931,0.0,1.0,0.0,968.703746471094,968.703746471094,0.0,0.0
1668506926.5362985,16800.94,-20.5,45.7820192,1.0,0.0,0.0576577112037239,0.0,968.703746471094,0.0,0.0
1668506986.445747,16798.82,-2.1199999999989814,44.90964287,1.0,0.0,0.0576577112037239,0.0,968.5815121233412,-0.12223434775285114,0.0
1668507047.447553,16783.89,-14.930000000000291,39.70412216,1.0,0.0,0.0576577112037239,0.0,967.7206824950696,-0.8608296282717447,0.0
1668507107.2460346,16787.85,3.959999999999127,41.81996905,1.0,0.0,0.0576577112037239,0.0,967.9490070314362,0.22832453636658556,0.0
1668507167.552272,16793.57,5.720000000001164,44.71813407,1.0,0.0,0.0576577112037239,0.0,968.2788091395216,0.32980210808534594,0.0
1668507228.0792048,16795.11,1.5400000000008731,45.52405414,1.0,0.0,0.0576577112037239,0.0,968.3676020147752,0.08879287525371637,0.0
1668507288.022005,16791.68,-3.430000000000291,44.23335366,1.0,0.0,0.0576577112037239,0.0,968.1698360653464,-0.19776594942868542,0.0
1668507348.1815736,16797.91,6.229999999999563,47.16864695,1.0,0.0,0.0576577112037239,0.0,968.5290436061456,0.3592075407992752,0.0
1668507408.719286,16821.09,23.18000000000029,56.68662238,0.0,1.0,0.0,969.865549351848,969.865549351848,1.336505745702425,0.0
1668507467.990824,16806.66,-14.430000000000291,50.68414813,0.0,1.0,0.0,969.865549351848,969.865549351848,0.0,0.0
1668507528.1371474,16807.0,0.3400000000001455,50.901339,0.0,1.0,0.0,969.865549351848,969.865549351848,0.0,0.0
1668507589.1075528,16806.07,-0.930000000000291,50.45249005,0.0,1.0,0.0,969.865549351848,969.865549351848,0.0,0.0
1668507648.0094657,16803.65,-2.4199999999982538,49.46179401,1.0,0.0,0.0577175523979521,0.0,969.865549351848,0.0,0.0
1668507708.1666856,16806.97,3.319999999999709,51.06571791,0.0,1.0,0.0,970.0571716258092,970.0571716258092,0.19162227396111575,0.0
1668507768.081022,16809.19,2.219999999997526,51.78381123,0.0,1.0,0.0,970.0571716258092,970.0571716258092,0.0,0.0
1668507827.9876878,16815.02,5.830000000001746,54.6678943,0.0,1.0,0.0,970.0571716258092,970.0571716258092,0.0,0.0
1668507887.9790246,16803.34,-11.680000000000291,48.61435154,1.0,0.0,0.0577300210330689,0.0,970.0571716258092,0.0,0.0
1668507948.057778,16787.55,-15.790000000000873,41.65390958,1.0,0.0,0.0577300210330689,0.0,969.1456145936958,-0.9115570321134783,0.0
1668508008.181114,16796.56,9.010000000002037,46.05209689,1.0,0.0,0.0577300210330689,0.0,969.6657620832038,0.5201474895080764,0.0
1668508068.1034644,16794.87,-1.6900000000023283,45.14190274,1.0,0.0,0.0577300210330689,0.0,969.5681983476578,-0.09756373554603215,0.0
1668508127.8733923,16796.25,1.3800000000010186,46.05301256,1.0,0.0,0.0577300210330689,0.0,969.6478657766836,0.07966742902567603,0.0
1668508188.0217867,16789.93,-6.319999999999709,42.53443834,1.0,0.0,0.0577300210330689,0.0,969.2830120437544,-0.3648537329290775,0.0
1668508248.142503,16782.7,-7.229999999999563,38.98258626,1.0,0.0,0.0577300210330689,0.0,968.8656239916857,-0.41738805206887264,0.0
1668508308.044749,16795.0,12.299999999999272,46.53753408,1.0,0.0,0.0577300210330689,0.0,969.5757032503922,0.7100792587065143,0.0
1668508368.1206086,16796.5,1.5,47.63726813,1.0,0.0,0.0577300210330689,0.0,969.6622982819418,0.08659503154967751,0.0
1668508428.0783854,16761.72,-34.779999999998836,31.46088841,1.0,0.0,0.0577300210330689,0.0,967.6544481504118,-2.0078501315300628,0.0
1668508488.175141,16778.5,16.779999999998836,38.17213078,1.0,0.0,0.0577300210330689,0.0,968.6231579033464,0.9687097529347284,0.0
1668508548.29511,16772.96,-5.540000000000873,36.08210753,1.0,0.0,0.0577300210330689,0.0,968.3033335868232,-0.31982431652306786,0.0
1668508608.1924384,16780.05,7.0900000000001455,41.62116696,1.0,0.0,0.0577300210330689,0.0,968.7126394359476,0.4093058491245074,0.0
1668508668.1870918,16802.02,21.970000000001164,54.06145075,0.0,1.0,0.0,969.9809679980444,969.9809679980444,1.2683285620967126,0.0
1668508728.136166,16806.56,4.540000000000873,55.80242283,0.0,1.0,0.0,969.9809679980444,969.9809679980444,0.0,0.0
1668508788.0829723,16810.31,3.75,56.03603542,0.0,1.0,0.0,969.9809679980444,969.9809679980444,0.0,0.0
1668508848.069541,16820.59,10.279999999998836,60.7004865,0.0,1.0,0.0,969.9809679980444,969.9809679980444,0.0,0.0
1668508907.9538682,16839.24,18.650000000001455,66.61777065,0.0,1.0,0.0,969.9809679980444,969.9809679980444,0.0,0.0
1668508968.245016,16836.57,-2.6700000000018917,65.86653072,0.0,1.0,0.0,969.9809679980444,969.9809679980444,0.0,0.0
1668509028.260559,16834.65,-1.9199999999982538,63.51888012,0.0,1.0,0.0,969.9809679980444,969.9809679980444,0.0,0.0
1668509088.083665,16861.7,27.049999999999272,72.92549683,0.0,1.0,0.0,969.9809679980444,969.9809679980444,0.0,0.0
1668509148.024758,16868.15,6.450000000000728,74.7081609,0.0,1.0,0.0,969.9809679980444,969.9809679980444,0.0,0.0
1668509208.158469,16845.0,-23.150000000001455,63.66978571,0.0,1.0,0.0,969.9809679980444,969.9809679980444,0.0,0.0
1668509268.1025877,16847.92,2.9199999999982538,65.15949178,0.0,1.0,0.0,969.9809679980444,969.9809679980444,0.0,0.0
1668509328.3654528,16838.65,-9.269999999996799,59.79305958,0.0,1.0,0.0,969.9809679980444,969.9809679980444,0.0,0.0
1668509388.3496535,16837.1,-1.5500000000029104,58.25485017,0.0,1.0,0.0,969.9809679980444,969.9809679980444,0.0,0.0
1668509448.7096252,16837.8,0.7000000000007276,58.62828972,0.0,1.0,0.0,969.9809679980444,969.9809679980444,0.0,0.0
1668509508.1494129,16841.59,3.790000000000873,60.17020185,0.0,1.0,0.0,969.9809679980444,969.9809679980444,0.0,0.0
1668509568.1300683,16842.34,0.75,59.92079854,0.0,1.0,0.0,969.9809679980444,969.9809679980444,0.0,0.0
1668509628.068642,16842.74,0.4000000000014552,60.02708409,0.0,1.0,0.0,969.9809679980444,969.9809679980444,0.0,0.0
1668509688.2426348,16848.43,5.68999999999869,62.62504177,0.0,1.0,0.0,969.9809679980444,969.9809679980444,0.0,0.0
1668509748.4315827,16857.74,9.31000000000131,66.42550852,0.0,1.0,0.0,969.9809679980444,969.9809679980444,0.0,0.0
1668509808.304659,16862.09,4.349999999998545,68.03426062,0.0,1.0,0.0,969.9809679980444,969.9809679980444,0.0,0.0
1668509868.045498,16872.56,10.470000000001164,71.68656728,0.0,1.0,0.0,969.9809679980444,969.9809679980444,0.0,0.0
1668509928.2034612,16871.79,-0.7700000000004366,69.73216591,0.0,1.0,0.0,969.9809679980444,969.9809679980444,0.0,0.0
1668509988.1880414,16879.7,7.9099999999998545,71.38980383,0.0,1.0,0.0,969.9809679980444,969.9809679980444,0.0,0.0
1668510048.105477,16871.43,-8.270000000000437,65.06396046,0.0,1.0,0.0,969.9809679980444,969.9809679980444,0.0,0.0
1668510108.1690238,16882.13,10.700000000000728,68.90700601,0.0,1.0,0.0,969.9809679980444,969.9809679980444,0.0,0.0
1668510168.1460593,16887.06,4.930000000000291,69.97296784,0.0,1.0,0.0,969.9809679980444,969.9809679980444,0.0,0.0
1668510228.1054573,16926.38,39.31999999999971,79.14278354,0.0,1.0,0.0,969.9809679980444,969.9809679980444,0.0,0.0
1668510288.1814806,16936.17,9.789999999997235,80.65959978,0.0,1.0,0.0,969.9809679980444,969.9809679980444,0.0,0.0
1668510348.2121696,16959.24,23.070000000003347,83.77698027,0.0,1.0,0.0,969.9809679980444,969.9809679980444,0.0,0.0
1668510408.0856464,16920.1,-39.140000000003056,67.6872047,0.0,1.0,0.0,969.9809679980444,969.9809679980444,0.0,0.0
1668510468.0458918,16899.42,-20.68000000000029,58.74655624,0.0,1.0,0.0,969.9809679980444,969.9809679980444,0.0,0.0
1668510528.572859,16904.38,4.960000000002765,60.5518712,0.0,1.0,0.0,969.9809679980444,969.9809679980444,0.0,0.0
1668510588.0501258,16901.12,-3.2600000000020373,58.96231688,0.0,1.0,0.0,969.9809679980444,969.9809679980444,0.0,0.0
1668510648.0447905,16907.63,6.510000000002037,60.91884968,0.0,1.0,0.0,969.9809679980444,969.9809679980444,0.0,0.0
1668510708.2648542,16883.95,-23.68000000000029,51.29552184,0.0,1.0,0.0,969.9809679980444,969.9809679980444,0.0,0.0
1668510768.0717914,16895.66,11.709999999999127,55.9263749,0.0,1.0,0.0,969.9809679980444,969.9809679980444,0.0,0.0
1668510828.0947075,16856.94,-38.720000000001164,41.80436205,1.0,0.0,0.0575419363181007,0.0,969.9809679980444,0.0,0.0
1668510888.4402738,16855.93,-1.0099999999983993,41.43894489,1.0,0.0,0.0575419363181007,0.0,969.9228506423632,-0.05811735568124732,0.0
1668510948.137016,16867.57,11.639999999999418,46.17365551,1.0,0.0,0.0575419363181007,0.0,970.5926387811058,0.6697881387426605,0.0
1668511008.346774,16834.38,-33.18999999999869,35.33973436,1.0,0.0,0.0575419363181007,0.0,968.682821914708,-1.9098168663977049,0.0
1668511068.11214,16819.94,-14.440000000002328,31.98756026,1.0,0.0,0.0575419363181007,0.0,967.8519163542746,-0.8309055604333935,0.0
1668511128.1091332,16753.91,-66.02999999999884,22.72995824,1.0,0.0,0.0575419363181007,0.0,964.0524222991904,-3.7994940550840965,0.0
1668511188.09511,16735.77,-18.139999999999418,20.00137283,1.0,0.0,0.0575419363181007,0.0,963.0086115743802,-1.0438107248102142,0.0
1668511248.158425,16749.91,14.139999999999418,26.10433911,1.0,0.0,0.0575419363181007,0.0,963.822254553918,0.8136429795379172,0.0
1668511308.224434,16761.51,11.599999999998545,30.17010132,1.0,0.0,0.0575419363181007,0.0,964.489741015208,0.6674864612899682,0.0
1668511368.4184515,16770.94,9.430000000000291,34.23811417,1.0,0.0,0.0575419363181007,0.0,965.0323614746876,0.5426204594797355,0.0
1668511428.6008906,16755.61,-15.329999999998108,30.96387963,1.0,0.0,0.0575419363181007,0.0,964.1502435909312,-0.8821178837563366,0.0
1668511488.1758018,16752.66,-2.9500000000007276,30.42382956,1.0,0.0,0.0575419363181007,0.0,963.9804948787928,-0.16974871213824372,0.0
1668511548.3375983,16769.67,17.0099999999984,35.68737297,1.0,0.0,0.0575419363181007,0.0,964.9592832155636,0.97878833677089,0.0
1668511608.3397222,16793.44,23.770000000000437,43.71534506,1.0,0.0,0.0575419363181007,0.0,966.3270550418448,1.3677718262813414,0.0
1668511668.382332,16779.75,-13.68999999999869,39.90371332,1.0,0.0,0.0575419363181007,0.0,965.5393059336502,-0.7877491081945891,0.0
1668511728.525718,16787.26,7.509999999998399,42.82268565,1.0,0.0,0.0575419363181007,0.0,965.9714458753992,0.4321399417489147,0.0
1668511788.3927689,16768.44,-18.81999999999971,37.18716399,1.0,0.0,0.0575419363181007,0.0,964.8885066338923,-1.0829392415067787,0.0
1668511848.1208532,16777.53,9.090000000000146,41.080302,1.0,0.0,0.0575419363181007,0.0,965.411562835024,0.5230562011316806,0.0
1668511908.2820346,16788.06,10.530000000002474,44.7901596,1.0,0.0,0.0575419363181007,0.0,966.0174794244538,0.6059165894297394,0.0
1668511968.2136843,16797.78,9.719999999997526,47.95380698,1.0,0.0,0.0575419363181007,0.0,966.5767870454656,0.559307621011726,0.0
1668512028.5332725,16795.46,-2.319999999999709,47.22816819,1.0,0.0,0.0575419363181007,0.0,966.4432897532076,-0.1334972922580846,0.0
1668512088.3022382,16793.11,-2.349999999998545,46.76096552,1.0,0.0,0.0575419363181007,0.0,966.30806620286,-0.13522355034751854,0.0
1668512148.2717173,16788.2,-4.9099999999998545,45.31834937,1.0,0.0,0.0575419363181007,0.0,966.0255352955382,-0.2825309073217568,0.0
1668512208.5531583,16781.44,-6.760000000002037,43.59911256,1.0,0.0,0.0575419363181007,0.0,965.6365518060278,-0.38898348951045136,0.0
1668512268.5862586,16773.88,-7.559999999997672,41.24888534,1.0,0.0,0.0575419363181007,0.0,965.201534767463,-0.4350170385647516,0.0
1668512328.2655027,16770.81,-3.069999999999709,41.32235567,1.0,0.0,0.0575419363181007,0.0,965.0248810229664,-0.17665374449654792,0.0
1668512388.297277,16761.14,-9.670000000001892,39.27811412,1.0,0.0,0.0575419363181007,0.0,964.4684504987704,-0.5564305241960028,0.0
1668512448.3411224,16753.66,-7.479999999999563,37.35611538,1.0,0.0,0.0575419363181007,0.0,964.038036815111,-0.43041368365936705,0.0
1668512508.2120771,16763.57,9.909999999999854,40.37447422,1.0,0.0,0.0575419363181007,0.0,964.6082774040234,0.5702405889123838,0.0
1668512568.444867,16764.64,1.069999999999709,40.90907621,1.0,0.0,0.0575419363181007,0.0,964.6698472758836,0.06156987186034257,0.0
1668512628.360387,16769.19,4.549999999999272,43.02013787,1.0,0.0,0.0575419363181007,0.0,964.931663086131,0.26181581024741263,0.0
1668512688.2908323,16784.95,15.760000000002037,49.59876183,1.0,0.0,0.0575419363181007,0.0,965.8385240025044,0.9068609163733754,0.0
1668512748.3365996,16791.37,6.419999999998254,52.03675455,0.0,1.0,0.0,966.2079432336664,966.2079432336664,0.36941923116205544,0.0
1668512808.403479,16779.27,-12.099999999998545,47.45775298,1.0,0.0,0.057583431414696,0.0,966.2079432336664,0.0,0.0
1668512868.6421182,16795.82,16.549999999999272,54.05255625,0.0,1.0,0.0,967.1609490235792,967.1609490235792,0.953005789912936,0.0
1668512928.3142617,16804.67,8.849999999998545,56.75612616,0.0,1.0,0.0,967.1609490235792,967.1609490235792,0.0,0.0
1668512988.2938988,16788.31,-16.359999999996944,50.30144035,0.0,1.0,0.0,967.1609490235792,967.1609490235792,0.0,0.0
1668513048.2330892,16804.72,16.409999999999854,56.22932903,0.0,1.0,0.0,967.1609490235792,967.1609490235792,0.0,0.0
1668513108.4159112,16791.94,-12.780000000002474,51.55621145,0.0,1.0,0.0,967.1609490235792,967.1609490235792,0.0,0.0
1668513168.3090465,16787.36,-4.579999999998108,49.52116752,1.0,0.0,0.0576124506190121,0.0,967.1609490235792,0.0,0.0
1668513228.4283123,16796.64,9.279999999998836,53.6796254,0.0,1.0,0.0,967.6955925653234,967.6955925653234,0.5346435417442308,0.0
1668513288.296499,16800.62,3.9799999999995634,55.17602856,0.0,1.0,0.0,967.6955925653234,967.6955925653234,0.0,0.0
1668513348.4460125,16794.03,-6.5900000000001455,51.95182549,0.0,1.0,0.0,967.6955925653234,967.6955925653234,0.0,0.0
1668513408.4014728,16784.99,-9.039999999997235,47.59641857,1.0,0.0,0.0576524378367412,0.0,967.6955925653234,0.0,0.0
1668513468.2327006,16789.61,4.619999999998981,49.80385293,1.0,0.0,0.0576524378367412,0.0,967.9619468281284,0.26635426280506636,0.0
1668513528.177852,16792.77,3.1599999999998545,51.41992644,0.0,1.0,0.0,968.1441285316926,968.1441285316926,0.18218170356419705,0.0
1668513588.3707266,16789.03,-3.7400000000016007,49.12748347,1.0,0.0,0.0576652807536643,0.0,968.1441285316926,0.0,0.0
1668513648.3063374,16775.66,-13.369999999998981,43.38643202,1.0,0.0,0.0576652807536643,0.0,967.373143728016,-0.7709848036765834,0.0
1668513708.424547,16755.9,-19.7599999999984,36.54207645,1.0,0.0,0.0576652807536643,0.0,966.2336777803235,-1.1394659476923152,0.0
1668513768.5363772,16750.53,-5.370000000002619,34.78773398,1.0,0.0,0.0576652807536643,0.0,965.9240152226764,-0.3096625576472434,0.0
1668513828.3055878,16755.94,5.4099999999998545,39.11700016,1.0,0.0,0.0576652807536643,0.0,966.2359843915536,0.31196916887722637,0.0
1668513888.4776971,16737.94,-18.0,33.73301601,1.0,0.0,0.0576652807536643,0.0,965.1980093379876,-1.0379750535659014,0.0
1668513948.2136476,16757.29,19.350000000002183,42.78852456,1.0,0.0,0.0576652807536643,0.0,966.3138325205712,1.1158231825836538,0.0
1668514008.2700698,16746.52,-10.770000000000437,38.25881951,1.0,0.0,0.0576652807536643,0.0,965.6927774468544,-0.6210550737168887,0.0
1668514068.3805957,16748.48,1.9599999999991269,39.84287204,1.0,0.0,0.0576652807536643,0.0,965.8058013971314,0.11302395027701095,0.0
1668514128.1585078,16755.66,7.180000000000291,43.29196582,1.0,0.0,0.0576652807536643,0.0,966.2198381129429,0.41403671581133494,0.0
1668514188.3045776,16775.1,19.43999999999869,51.31688446,0.0,1.0,0.0,967.3408511707938,967.3408511707938,1.1210130578509734,0.0
1668514248.3479233,16793.04,17.94000000000233,57.46874163,0.0,1.0,0.0,967.3408511707938,967.3408511707938,0.0,0.0
1668514308.2510324,16796.16,3.1199999999989814,58.2639216,0.0,1.0,0.0,967.3408511707938,967.3408511707938,0.0,0.0
1668514368.30923,16792.83,-3.3299999999981083,56.8035666,0.0,1.0,0.0,967.3408511707938,967.3408511707938,0.0,0.0
1668514428.1785164,16796.81,3.9799999999995634,57.22519975,0.0,1.0,0.0,967.3408511707938,967.3408511707938,0.0,0.0
1668514488.420243,16826.65,29.840000000000146,64.82544384,0.0,1.0,0.0,967.3408511707938,967.3408511707938,0.0,0.0
1668514548.2698736,16825.5,-1.1500000000014552,64.69162865,0.0,1.0,0.0,967.3408511707938,967.3408511707938,0.0,0.0
1668514608.4546473,16814.49,-11.0099999999984,60.17182679,0.0,1.0,0.0,967.3408511707938,967.3408511707938,0.0,0.0
1668514668.282153,16812.52,-1.9700000000011642,59.19777134,0.0,1.0,0.0,967.3408511707938,967.3408511707938,0.0,0.0
1668514728.331367,16808.92,-3.600000000002183,57.62192263,0.0,1.0,0.0,967.3408511707938,967.3408511707938,0.0,0.0
1668514788.3103347,16822.2,13.280000000002474,62.15099983,0.0,1.0,0.0,967.3408511707938,967.3408511707938,0.0,0.0
1668514848.2432258,16837.1,14.899999999997817,63.16105216,0.0,1.0,0.0,967.3408511707938,967.3408511707938,0.0,0.0
1668514908.4196224,16824.3,-12.799999999999272,58.38463298,0.0,1.0,0.0,967.3408511707938,967.3408511707938,0.0,0.0
1668514968.3741474,16833.66,9.360000000000582,60.9968824,0.0,1.0,0.0,967.3408511707938,967.3408511707938,0.0,0.0
1668515028.2197795,16829.87,-3.790000000000873,58.55249735,0.0,1.0,0.0,967.3408511707938,967.3408511707938,0.0,0.0
1668515088.352533,16830.07,0.2000000000007276,58.59901333,0.0,1.0,0.0,967.3408511707938,967.3408511707938,0.0,0.0
1668515148.355323,16839.41,9.340000000000146,61.15331331,0.0,1.0,0.0,967.3408511707938,967.3408511707938,0.0,0.0
1668515208.3641996,16831.34,-8.069999999999709,57.99312394,0.0,1.0,0.0,967.3408511707938,967.3408511707938,0.0,0.0
1668515268.532313,16836.03,4.68999999999869,59.36545019,0.0,1.0,0.0,967.3408511707938,967.3408511707938,0.0,0.0
1668515328.5038583,16836.6,0.569999999999709,58.88139018,0.0,1.0,0.0,967.3408511707938,967.3408511707938,0.0,0.0
1668515388.295965,16866.37,29.770000000000437,67.32976373,0.0,1.0,0.0,967.3408511707938,967.3408511707938,0.0,0.0
1668515448.5256157,16858.63,-7.739999999997963,65.28389143,0.0,1.0,0.0,967.3408511707938,967.3408511707938,0.0,0.0
1668515508.446725,16857.58,-1.0499999999992724,65.0430337,0.0,1.0,0.0,967.3408511707938,967.3408511707938,0.0,0.0
1668515568.622271,16863.59,6.009999999998399,66.69021159,0.0,1.0,0.0,967.3408511707938,967.3408511707938,0.0,0.0
1668515628.2938125,16857.52,-6.069999999999709,61.23288178,0.0,1.0,0.0,967.3408511707938,967.3408511707938,0.0,0.0
1668515688.2651594,16846.36,-11.159999999999854,56.31526672,0.0,1.0,0.0,967.3408511707938,967.3408511707938,0.0,0.0
1668515748.3696244,16860.35,13.989999999997963,61.62560556,0.0,1.0,0.0,967.3408511707938,967.3408511707938,0.0,0.0
1668515808.4735918,16846.05,-14.299999999999272,55.7074635,0.0,1.0,0.0,967.3408511707938,967.3408511707938,0.0,0.0
1668515868.6034403,16856.22,10.170000000001892,59.85959555,0.0,1.0,0.0,967.3408511707938,967.3408511707938,0.0,0.0
1668515928.5364664,16852.71,-3.5100000000020373,58.25874067,0.0,1.0,0.0,967.3408511707938,967.3408511707938,0.0,0.0
1668515988.6065564,16863.34,10.630000000001019,62.59941578,0.0,1.0,0.0,967.3408511707938,967.3408511707938,0.0,0.0
1668516048.5243225,16854.96,-8.380000000001019,59.26148519,0.0,1.0,0.0,967.3408511707938,967.3408511707938,0.0,0.0
1668516108.5392425,16871.7,16.7400000000016,66.0122866,0.0,1.0,0.0,967.3408511707938,967.3408511707938,0.0,0.0
1668516168.415138,16864.9,-6.799999999999272,63.55326555,0.0,1.0,0.0,967.3408511707938,967.3408511707938,0.0,0.0
1668516228.5305474,16858.68,-6.220000000001164,59.31204689,0.0,1.0,0.0,967.3408511707938,967.3408511707938,0.0,0.0
1668516288.4785917,16853.6,-5.080000000001746,55.84525825,0.0,1.0,0.0,967.3408511707938,967.3408511707938,0.0,0.0
1668516348.4610133,16849.98,-3.6199999999989814,53.41312517,0.0,1.0,0.0,967.3408511707938,967.3408511707938,0.0,0.0
1668516408.6686676,16839.25,-10.729999999999563,47.09373305,1.0,0.0,0.0574456018629567,0.0,967.3408511707938,0.0,0.0
1668516468.344727,16857.53,18.279999999998836,56.66853613,0.0,1.0,0.0,968.3909567728484,968.3909567728484,1.0501056020544866,0.0
1668516528.4721625,16859.6,2.069999999999709,55.83745979,0.0,1.0,0.0,968.3909567728484,968.3909567728484,0.0,0.0
1668516588.4627397,16856.5,-3.099999999998545,54.38410638,0.0,1.0,0.0,968.3909567728484,968.3909567728484,0.0,0.0
1668516648.3163984,16850.87,-5.630000000001019,51.59461239,0.0,1.0,0.0,968.3909567728484,968.3909567728484,0.0,0.0
1668516708.4917543,16831.87,-19.0,43.70615151,1.0,0.0,0.0575331770488275,0.0,968.3909567728484,0.0,0.0
1668516768.374976,16841.18,9.31000000000131,47.35630606,1.0,0.0,0.0575331770488275,0.0,968.9265906511728,0.5356338783243473,0.0
1668516828.525901,16838.38,-2.7999999999992724,45.97559644,1.0,0.0,0.0575331770488275,0.0,968.765497755436,-0.16109289573671504,0.0
1668516888.421126,16838.7,0.31999999999970896,46.0423299,1.0,0.0,0.0575331770488275,0.0,968.7839083720916,0.018410616655728518,0.0
1668516948.454768,16831.29,-7.4099999999998545,42.43147136,1.0,0.0,0.0575331770488275,0.0,968.35758753016,-0.42632084193166975,0.0
1668517008.4774384,16815.81,-15.479999999999563,36.294391,1.0,0.0,0.0575331770488275,0.0,967.466973949444,-0.8906135807159217,0.0
1668517068.3654256,16835.36,19.549999999999272,45.97757554,1.0,0.0,0.0575331770488275,0.0,968.5917475607486,1.1247736113045903,0.0
1668517128.372403,16826.92,-8.440000000002328,41.90143878,1.0,0.0,0.0575331770488275,0.0,968.1061675464564,-0.485580014292168,0.0
1668517188.4335172,16831.26,4.3400000000001455,45.63473835,1.0,0.0,0.0575331770488275,0.0,968.3558615348484,0.24969398839186852,0.0
1668517248.414488,16826.21,-5.049999999999272,43.80304413,1.0,0.0,0.0575331770488275,0.0,968.0653189907516,-0.29054254409663827,0.0
1668517308.5645342,16845.17,18.959999999999127,52.29220198,0.0,1.0,0.0,969.1561480275976,969.1561480275976,1.0908290368458893,0.0
1668517368.6713371,16855.51,10.340000000000146,56.1434385,0.0,1.0,0.0,969.1561480275976,969.1561480275976,0.0,0.0
1668517428.3682292,16852.12,-3.389999999999418,54.02016078,0.0,1.0,0.0,969.1561480275976,969.1561480275976,0.0,0.0
1668517488.4308772,16851.95,-0.16999999999825377,53.74668214,0.0,1.0,0.0,969.1561480275976,969.1561480275976,0.0,0.0
1668517548.5039167,16851.86,-0.09000000000014552,53.72450909,0.0,1.0,0.0,969.1561480275976,969.1561480275976,0.0,0.0
1668517608.5863729,16846.68,-5.180000000000291,51.50421736,0.0,1.0,0.0,969.1561480275976,969.1561480275976,0.0,0.0
1668517668.370074,16830.09,-16.590000000000146,44.74933095,1.0,0.0,0.0575847275937085,0.0,969.1561480275976,0.0,0.0
1668517728.443182,16851.55,21.459999999999127,53.59357923,0.0,1.0,0.0,970.3919162817584,970.3919162817584,1.2357682541608028,0.0
1668517788.3151836,16874.18,22.63000000000102,61.72577179,0.0,1.0,0.0,970.3919162817584,970.3919162817584,0.0,0.0
1668517848.533805,16879.76,5.579999999998108,63.55964391,0.0,1.0,0.0,970.3919162817584,970.3919162817584,0.0,0.0
1668517908.4300592,16879.39,-0.36999999999898137,63.34595827,0.0,1.0,0.0,970.3919162817584,970.3919162817584,0.0,0.0
1668517968.3862936,16870.82,-8.569999999999709,57.63688782,0.0,1.0,0.0,970.3919162817584,970.3919162817584,0.0,0.0
1668518028.4969227,16881.76,10.93999999999869,62.53326577,0.0,1.0,0.0,970.3919162817584,970.3919162817584,0.0,0.0
1668518088.4675524,16870.27,-11.489999999997963,56.6856639,0.0,1.0,0.0,970.3919162817584,970.3919162817584,0.0,0.0
1668518148.598163,16875.59,5.319999999999709,59.38437764,0.0,1.0,0.0,970.3919162817584,970.3919162817584,0.0,0.0
1668518208.4726048,16853.8,-21.790000000000873,48.62483773,1.0,0.0,0.0575770399720987,0.0,970.3919162817584,0.0,0.0
1668518268.4653645,16850.74,-3.0599999999976717,47.31232664,1.0,0.0,0.0575770399720987,0.0,970.2157305394423,-0.1761857423159654,0.0
1668518328.4932785,16871.72,20.979999999999563,56.17845608,0.0,1.0,0.0,971.4236968380573,971.4236968380573,1.2079662986147923,0.0
1668518388.5703552,16868.55,-3.1700000000018917,53.93432115,0.0,1.0,0.0,971.4236968380573,971.4236968380573,0.0,0.0
1668518449.35842,16859.71,-8.840000000000146,50.20831672,0.0,1.0,0.0,971.4236968380573,971.4236968380573,0.0,0.0
1668518509.149937,16854.21,-5.5,48.34292261,1.0,0.0,0.05763685730972,0.0,971.4236968380573,0.0,0.0
1668518569.2402933,16859.75,5.540000000000873,50.43712162,0.0,1.0,0.0,971.7430050275516,971.7430050275516,0.31930818949444983,0.0
1668518630.084426,16861.64,1.889999999999418,51.25537197,0.0,1.0,0.0,971.7430050275516,971.7430050275516,0.0,0.0
1668518690.0270677,16862.69,1.0499999999992724,51.80524697,0.0,1.0,0.0,971.7430050275516,971.7430050275516,0.0,0.0
1668518750.0380435,16862.32,-0.36999999999898137,51.80608494,0.0,1.0,0.0,971.7430050275516,971.7430050275516,0.0,0.0
1668518811.1300075,16856.19,-6.130000000001019,49.00154278,1.0,0.0,0.0576490301205403,0.0,971.7430050275516,0.0,0.0
1668518871.3637073,16861.19,5.0,51.38125566,0.0,1.0,0.0,972.0312501781528,972.0312501781528,0.2882451506011421,0.0
1668518931.372019,16875.9,14.710000000002765,57.99311242,0.0,1.0,0.0,972.0312501781528,972.0312501781528,0.0,0.0
1668518991.986044,16899.17,23.2699999999968,66.06373064,0.0,1.0,0.0,972.0312501781528,972.0312501781528,0.0,0.0
1668519051.9807198,17065.24,166.07000000000335,86.23029409,0.0,1.0,0.0,972.0312501781528,972.0312501781528,0.0,0.0
1668519112.062116,17069.49,4.25,84.5921421,0.0,1.0,0.0,972.0312501781528,972.0312501781528,0.0,0.0
1668519172.7037666,17075.19,5.69999999999709,84.1614309,0.0,1.0,0.0,972.0312501781528,972.0312501781528,0.0,0.0
1668519232.7421582,17086.0,10.81000000000131,77.06134453,0.0,1.0,0.0,972.0312501781528,972.0312501781528,0.0,0.0
1668519292.6543882,17087.53,1.5299999999988358,77.3562804,0.0,1.0,0.0,972.0312501781528,972.0312501781528,0.0,0.0
1668519353.7335196,16963.78,-123.75,53.92321649,0.0,1.0,0.0,972.0312501781528,972.0312501781528,0.0,0.0
1668519413.6380608,16997.35,33.56999999999971,57.86708932,0.0,1.0,0.0,972.0312501781528,972.0312501781528,0.0,0.0
1668519473.77586,17010.89,13.540000000000873,59.32189697,0.0,1.0,0.0,972.0312501781528,972.0312501781528,0.0,0.0
1668519534.7463758,17020.36,9.470000000001164,60.38945221,0.0,1.0,0.0,972.0312501781528,972.0312501781528,0.0,0.0
1668519594.642899,17004.76,-15.600000000002183,58.36399515,0.0,1.0,0.0,972.0312501781528,972.0312501781528,0.0,0.0
1668519654.7932303,16968.09,-36.669999999998254,52.28204539,0.0,1.0,0.0,972.0312501781528,972.0312501781528,0.0,0.0
1668519715.3138356,17013.85,45.7599999999984,59.2496646,0.0,1.0,0.0,972.0312501781528,972.0312501781528,0.0,0.0
1668519775.2766633,17022.04,8.190000000002328,60.27811968,0.0,1.0,0.0,972.0312501781528,972.0312501781528,0.0,0.0
1668519835.294603,17010.7,-11.340000000000146,58.62509005,0.0,1.0,0.0,972.0312501781528,972.0312501781528,0.0,0.0
1668519896.4483252,17014.0,3.2999999999992724,58.44371223,0.0,1.0,0.0,972.0312501781528,972.0312501781528,0.0,0.0
1668519956.4312105,17000.85,-13.150000000001455,55.7514015,0.0,1.0,0.0,972.0312501781528,972.0312501781528,0.0,0.0
1668520016.4000125,16955.77,-45.07999999999811,47.66345519,1.0,0.0,0.0573274613997567,0.0,972.0312501781528,0.0,0.0
1668520077.224955,16929.15,-26.61999999999898,44.335125,1.0,0.0,0.0573274613997567,0.0,970.5051931556912,-1.5260570224616004,0.0
1668520137.028643,16938.46,9.309999999997672,45.98086522,1.0,0.0,0.0573274613997567,0.0,971.0389118213228,0.5337186656316817,0.0
1668520197.1100073,16951.37,12.909999999999854,48.29259895,1.0,0.0,0.0573274613997567,0.0,971.7790093479936,0.7400975266708656,0.0
1668520257.8744278,16980.47,29.100000000002183,53.03639359,0.0,1.0,0.0,973.4472384747268,973.4472384747268,1.6682291267331948,0.0
1668520317.845619,16970.43,-10.040000000000873,51.14723033,0.0,1.0,0.0,973.4472384747268,973.4472384747268,0.0,0.0
1668520377.9475205,16945.51,-24.92000000000189,47.08921685,1.0,0.0,0.0574457327324304,0.0,973.4472384747268,1.1368683772161603e-13,0.0
1668520438.696654,16950.63,5.120000000002619,48.21334328,1.0,0.0,0.0574457327324304,0.0,973.7413606263168,0.2941221515900452,0.0
1668520498.6052554,16938.22,-12.409999999999854,46.35990095,1.0,0.0,0.0574457327324304,0.0,973.0284590831074,-0.7129015432094548,0.0
1668520558.7342713,16939.57,1.3499999999985448,46.68966182,1.0,0.0,0.0574457327324304,0.0,973.106010822296,0.0775517391887206,0.0
1668520619.6967328,16945.37,5.799999999999272,47.69042362,1.0,0.0,0.0574457327324304,0.0,973.439196072144,0.3331852498481567,0.0
1668520679.666075,16972.77,27.400000000001455,53.01358324,0.0,1.0,0.0,975.0132091490128,975.0132091490128,1.5740130768687095,0.0
1668520739.6443875,16975.99,3.220000000001164,53.61496848,0.0,1.0,0.0,975.0132091490128,975.0132091490128,0.0,0.0
1668520800.4247737,17015.21,39.219999999997526,60.20083552,0.0,1.0,0.0,975.0132091490128,975.0132091490128,0.0,0.0
1668520860.621877,16999.77,-15.43999999999869,56.90461058,0.0,1.0,0.0,975.0132091490128,975.0132091490128,0.0,0.0
1668520920.5462346,16985.54,-14.229999999999563,53.81794946,0.0,1.0,0.0,975.0132091490128,975.0132091490128,0.0,0.0
1668520981.20042,16987.24,1.7000000000007276,54.09338876,0.0,1.0,0.0,975.0132091490128,975.0132091490128,0.0,0.0
1668521041.265322,16952.24,-35.0,47.08152095,1.0,0.0,0.0575153023523152,0.0,975.0132091490128,0.0,0.0
1668521101.1795726,16958.89,6.649999999997817,48.36646282,1.0,0.0,0.0575153023523152,0.0,975.3956859096548,0.3824767606419073,0.0
1668521162.2348895,16970.89,12.0,51.05278879,0.0,1.0,0.0,976.0858695378826,976.0858695378826,0.6901836282277145,0.0
1668521222.34511,16971.5,0.6100000000005821,50.96138735,0.0,1.0,0.0,976.0858695378826,976.0858695378826,0.0,0.0
1668521282.205187,16960.53,-10.970000000001164,48.46026096,1.0,0.0,0.0575504344226202,0.0,976.0858695378826,0.0,0.0
1668521342.9818125,16946.64,-13.889999999999418,45.62636191,1.0,0.0,0.0575504344226202,0.0,975.2864940037524,-0.7993755341301494,0.0
1668521403.2444496,16926.1,-20.540000000000873,41.55752534,1.0,0.0,0.0575504344226202,0.0,974.1044080807116,-1.182085923040745,0.0
1668521462.993854,16941.04,14.940000000002328,44.95269634,1.0,0.0,0.0575504344226202,0.0,974.9642115709858,0.8598034902742029,0.0
1668521523.834107,16952.9,11.860000000000582,48.12878248,1.0,0.0,0.0575504344226202,0.0,975.646759723238,0.682548152252366,0.0
1668521583.8832586,16942.57,-10.330000000001746,45.61485704,1.0,0.0,0.0575504344226202,0.0,975.0522637356524,-0.5944959875856739,0.0
1668521643.8729334,16928.72,-13.849999999998545,42.44962534,1.0,0.0,0.0575504344226202,0.0,974.2551902188992,-0.7970735167533576,0.0
1668521704.7976873,16931.71,2.9899999999979627,43.88199357,1.0,0.0,0.0575504344226202,0.0,974.4272660178226,0.17207579892340163,0.0
1668521765.036413,16910.48,-21.229999999999563,39.44085644,1.0,0.0,0.0575504344226202,0.0,973.2054702950304,-1.2217957227921943,0.0
1668521824.8810437,16914.54,4.06000000000131,41.81398419,1.0,0.0,0.0575504344226202,0.0,973.4391250587864,0.23365476375590788,0.0
1668521885.6138003,16897.13,-17.409999999999854,37.9301415,1.0,0.0,0.0575504344226202,0.0,972.4371719954884,-1.0019530632979468,0.0
1668521945.530054,16882.52,-14.610000000000582,35.63570461,1.0,0.0,0.0575504344226202,0.0,971.596360148574,-0.8408118469143346,0.0
1668522005.522031,16900.58,18.06000000000131,40.93611889,1.0,0.0,0.0575504344226202,0.0,972.6357209942466,1.0393608456726042,0.0
1668522066.4255672,16928.13,27.549999999999272,48.01571363,1.0,0.0,0.0575504344226202,0.0,974.2212354625898,1.585514468343149,0.0
1668522126.4853427,16927.14,-0.9900000000016007,47.78582033,1.0,0.0,0.0575504344226202,0.0,974.1642605325112,-0.056974930078581565,0.0
1668522186.4782248,16919.02,-8.119999999998981,45.97007424,1.0,0.0,0.0575504344226202,0.0,973.6969510049996,-0.4673095275115884,0.0
1668522247.998237,16926.26,7.239999999997963,47.84321998,1.0,0.0,0.0575504344226202,0.0,974.1136161502192,0.41666514521966747,0.0
1668522308.1307137,16954.33,28.070000000003347,54.74943712,0.0,1.0,0.0,975.7290568444624,975.7290568444624,1.6154406942432615,0.0
1668522367.73394,16956.15,1.819999999999709,55.3467351,0.0,1.0,0.0,975.7290568444624,975.7290568444624,0.0,0.0
1668522428.7982526,16951.02,-5.130000000001019,54.11583529,0.0,1.0,0.0,975.7290568444624,975.7290568444624,0.0,0.0
1668522488.7058384,16947.0,-4.020000000000437,53.07470507,0.0,1.0,0.0,975.7290568444624,975.7290568444624,0.0,0.0
1668522548.6576834,16941.75,-5.25,51.16073834,0.0,1.0,0.0,975.7290568444624,975.7290568444624,0.0,0.0
1668522609.5494757,16950.12,8.369999999998981,53.73683571,0.0,1.0,0.0,975.7290568444624,975.7290568444624,0.0,0.0
1668522669.4820895,16980.83,30.710000000002765,62.24627932,0.0,1.0,0.0,975.7290568444624,975.7290568444624,0.0,0.0
1668522729.403767,16974.68,-6.150000000001455,60.97993743,0.0,1.0,0.0,975.7290568444624,975.7290568444624,0.0,0.0
1668522790.2747605,16978.54,3.860000000000582,61.83710486,0.0,1.0,0.0,975.7290568444624,975.7290568444624,0.0,0.0
1668522850.508006,16971.37,-7.170000000001892,59.32145258,0.0,1.0,0.0,975.7290568444624,975.7290568444624,0.0,0.0
1668522910.3428664,16989.34,17.970000000001164,62.31562905,0.0,1.0,0.0,975.7290568444624,975.7290568444624,0.0,0.0
1668522971.1804788,16983.47,-5.869999999998981,60.46720318,0.0,1.0,0.0,975.7290568444624,975.7290568444624,0.0,0.0
1668523031.3252127,16984.58,1.110000000000582,60.75319379,0.0,1.0,0.0,975.7290568444624,975.7290568444624,0.0,0.0
1668523091.519343,16985.5,0.9199999999982538,60.1219435,0.0,1.0,0.0,975.7290568444624,975.7290568444624,0.0,0.0
1668523152.027294,16977.91,-7.5900000000001455,57.21378212,0.0,1.0,0.0,975.7290568444624,975.7290568444624,0.0,0.0
1668523211.9739065,16975.35,-2.5600000000013097,56.19425671,0.0,1.0,0.0,975.7290568444624,975.7290568444624,0.0,0.0
1668523271.947344,16925.69,-49.659999999999854,41.31571453,1.0,0.0,0.0576478156485474,0.0,975.7290568444624,0.0,0.0
1668523332.84505,16894.9,-30.789999999997235,34.91839868,1.0,0.0,0.0576478156485474,0.0,973.9540806006436,-1.7749762438188554,0.0
1668523392.6775324,16885.07,-9.830000000001746,33.15759704,1.0,0.0,0.0576478156485474,0.0,973.3874025728182,-0.5666780278253327,0.0
1668523452.7782538,16884.71,-0.3600000000005821,33.09393227,1.0,0.0,0.0576478156485474,0.0,973.3666493591847,-0.02075321363349758,0.0
1668523513.8063316,16888.71,4.0,34.87297996,1.0,0.0,0.0576478156485474,0.0,973.597240621779,0.23059126259420282,0.0
1668523573.840552,16867.56,-21.149999999997817,30.86469537,1.0,0.0,0.0576478156485474,0.0,972.3779893208124,-1.2192513009666754,0.0
1668523633.8543527,16883.8,16.239999999997963,36.86533702,1.0,0.0,0.0576478156485474,0.0,973.3141898469446,0.936200526132211,0.0
1668523694.6453109,16852.0,-31.799999999999272,30.24987961,1.0,0.0,0.0576478156485474,0.0,971.4809893093208,-1.8332005376238385,0.0
1668523754.631002,16827.45,-24.549999999999272,26.63935093,1.0,0.0,0.0576478156485474,0.0,970.065735435149,-1.4152538741717535,0.0
1668523814.584764,16848.12,20.669999999998254,33.9524136,1.0,0.0,0.0576478156485474,0.0,971.2573157846044,1.1915803494554211,0.0
1668523876.0305717,16869.6,21.479999999999563,40.3041853,1.0,0.0,0.0576478156485474,0.0,972.4955908647352,1.2382750801307338,0.0
1668523936.5854416,16871.65,2.0500000000029104,40.9028052,1.0,0.0,0.0576478156485474,0.0,972.6137688868148,0.11817802207963268,0.0
1668523995.9929743,16883.42,11.769999999996799,44.38795953,1.0,0.0,0.0576478156485474,0.0,973.292283676998,0.6785147901832715,0.0
1668524056.9477322,16883.35,-0.06999999999970896,44.37151994,1.0,0.0,0.0576478156485474,0.0,973.2882483299028,-0.0040353470952823045,0.0
1668524117.067241,16865.99,-17.359999999996944,40.49982012,1.0,0.0,0.0576478156485474,0.0,972.287482250244,-1.0007660796586606,0.0
1668524176.9545107,16891.17,25.179999999996653,47.7885553,1.0,0.0,0.0576478156485474,0.0,973.7390542482744,1.4515719980303174,0.0
1668524239.0178142,16911.43,20.260000000002037,52.78262516,0.0,1.0,0.0,974.906998993314,974.906998993314,1.1679447450395628,0.0
1668524297.9179685,16927.5,16.06999999999971,56.22514657,0.0,1.0,0.0,974.906998993314,974.906998993314,0.0,0.0
1668524357.9195666,16934.75,7.25,57.84591197,0.0,1.0,0.0,974.906998993314,974.906998993314,0.0,0.0
1668524418.7007976,16936.5,1.75,58.10025261,0.0,1.0,0.0,974.906998993314,974.906998993314,0.0,0.0
1668524478.6418386,16915.82,-20.68000000000029,52.11728156,0.0,1.0,0.0,974.906998993314,974.906998993314,0.0,0.0
1668524539.476804,16941.83,26.010000000002037,57.72823561,0.0,1.0,0.0,974.906998993314,974.906998993314,0.0,0.0
1668524599.7754755,16940.98,-0.8500000000021828,57.48893233,0.0,1.0,0.0,974.906998993314,974.906998993314,0.0,0.0
1668524659.6186588,16941.51,0.5299999999988358,57.60693635,0.0,1.0,0.0,974.906998993314,974.906998993314,0.0,0.0
1668524719.7579448,16947.38,5.870000000002619,58.78224978,0.0,1.0,0.0,974.906998993314,974.906998993314,0.0,0.0
1668524781.0931518,16962.73,15.349999999998545,62.35827489,0.0,1.0,0.0,974.906998993314,974.906998993314,0.0,0.0
1668524840.978659,16933.6,-29.13000000000102,53.35531895,0.0,1.0,0.0,974.906998993314,974.906998993314,0.0,0.0
1668524900.5035102,16909.26,-24.340000000000146,47.17885038,1.0,0.0,0.0576552137109083,0.0,974.906998993314,0.0,0.0
1668524961.3071978,16906.76,-2.5,46.57877059,1.0,0.0,0.0576552137109083,0.0,974.762860959036,-0.1441380342780576,0.0
1668525021.254744,16902.05,-4.709999999999127,45.51139881,1.0,0.0,0.0576552137109083,0.0,974.4913049024576,-0.2715560565783335,0.0
1668525082.562498,16896.89,-5.1599999999998545,44.1042227,1.0,0.0,0.0576552137109083,0.0,974.1938039997092,-0.2975009027483111,0.0
1668525142.765149,16901.29,4.400000000001455,45.50941704,1.0,0.0,0.0576552137109083,0.0,974.4474869400374,0.25368294032818994,0.0
1668525202.2522266,16898.15,-3.139999999999418,44.63936542,1.0,0.0,0.0576552137109083,0.0,974.2664495689852,-0.18103737105218443,0.0
1668525262.3049693,16886.49,-11.659999999999854,41.4437102,1.0,0.0,0.0576552137109083,0.0,973.594189777116,-0.6722597918692372,0.0
1668525323.3600817,16895.69,9.19999999999709,44.84694349,1.0,0.0,0.0576552137109083,0.0,974.1246177432562,0.5304279661402234,0.0
1668525383.5502489,16911.76,16.06999999999971,50.31597374,0.0,1.0,0.0,975.0511370275904,975.0511370275904,0.9265192843342902,0.0
1668525443.9612415,16912.38,0.6200000000026193,50.51845361,0.0,1.0,0.0,975.0511370275904,975.0511370275904,0.0,0.0
1668525504.0761445,16938.3,25.919999999998254,58.11556205,0.0,1.0,0.0,975.0511370275904,975.0511370275904,0.0,0.0
1668525564.0266476,16938.99,0.6900000000023283,58.36341821,0.0,1.0,0.0,975.0511370275904,975.0511370275904,0.0,0.0
1668525624.1932354,16933.15,-5.8400000000001455,56.10014956,0.0,1.0,0.0,975.0511370275904,975.0511370275904,0.0,0.0
1668525685.1819465,16934.2,1.0499999999992724,56.42731756,0.0,1.0,0.0,975.0511370275904,975.0511370275904,0.0,0.0
1668525745.765741,16937.22,3.0200000000004366,57.41045251,0.0,1.0,0.0,975.0511370275904,975.0511370275904,0.0,0.0
1668525805.0395827,16939.67,2.4499999999970896,58.25556087,0.0,1.0,0.0,975.0511370275904,975.0511370275904,0.0,0.0
1668525866.0039968,16934.37,-5.299999999999272,55.77072444,0.0,1.0,0.0,975.0511370275904,975.0511370275904,0.0,0.0
1668525925.9898376,16946.61,12.2400000000016,59.80224681,0.0,1.0,0.0,975.0511370275904,975.0511370275904,0.0,0.0
1668525986.0115826,16953.5,6.889999999999418,62.26778484,0.0,1.0,0.0,975.0511370275904,975.0511370275904,0.0,0.0
1668526047.0671196,16951.45,-2.0499999999992724,61.46487195,0.0,1.0,0.0,975.0511370275904,975.0511370275904,0.0,0.0
1668526106.866134,16966.39,14.93999999999869,66.20630872,0.0,1.0,0.0,975.0511370275904,975.0511370275904,0.0,0.0
1668526166.9036975,16964.26,-2.1300000000010186,64.97876131,0.0,1.0,0.0,975.0511370275904,975.0511370275904,0.0,0.0
1668526227.592936,16958.4,-5.859999999996944,61.53200251,0.0,1.0,0.0,975.0511370275904,975.0511370275904,0.0,0.0
1668526287.6654105,16964.59,6.18999999999869,64.06198487,0.0,1.0,0.0,975.0511370275904,975.0511370275904,0.0,0.0
1668526347.728894,16973.99,9.400000000001455,66.42945921,0.0,1.0,0.0,975.0511370275904,975.0511370275904,0.0,0.0
1668526408.5755873,16984.76,10.769999999996799,69.65038996,0.0,1.0,0.0,975.0511370275904,975.0511370275904,0.0,0.0
1668526468.7295496,16987.37,2.610000000000582,70.95172641,0.0,1.0,0.0,975.0511370275904,975.0511370275904,0.0,0.0
1668526528.742293,16993.85,6.479999999999563,72.73376439,0.0,1.0,0.0,975.0511370275904,975.0511370275904,0.0,0.0
1668526589.847296,16995.25,1.4000000000014552,73.11768338,0.0,1.0,0.0,975.0511370275904,975.0511370275904,0.0,0.0
1668526649.8688934,16993.31,-1.9399999999986903,71.55586976,0.0,1.0,0.0,975.0511370275904,975.0511370275904,0.0,0.0
1668526710.0431645,17027.27,33.95999999999913,80.02819247,0.0,1.0,0.0,975.0511370275904,975.0511370275904,0.0,0.0
1668526770.6880753,17042.83,15.56000000000131,81.78365476,0.0,1.0,0.0,975.0511370275904,975.0511370275904,0.0,0.0
1668526830.6800838,17042.55,-0.2800000000024738,81.59311279,0.0,1.0,0.0,975.0511370275904,975.0511370275904,0.0,0.0
1668526890.7502542,17041.88,-0.6699999999982538,81.10616827,0.0,1.0,0.0,975.0511370275904,975.0511370275904,0.0,0.0
1668526951.429988,17045.61,3.7299999999995634,80.98203134,0.0,1.0,0.0,975.0511370275904,975.0511370275904,0.0,0.0
1668527011.685978,17082.12,36.5099999999984,86.61946525,0.0,1.0,0.0,975.0511370275904,975.0511370275904,0.0,0.0
1668527072.1819355,17071.48,-10.639999999999418,79.91977772,0.0,1.0,0.0,975.0511370275904,975.0511370275904,0.0,0.0
1668527132.4094331,17082.13,10.650000000001455,81.4655216,0.0,1.0,0.0,975.0511370275904,975.0511370275904,0.0,0.0
1668527192.3189378,17060.39,-21.7400000000016,69.42092385,0.0,1.0,0.0,975.0511370275904,975.0511370275904,0.0,0.0
1668527252.4575565,17040.79,-19.599999999998545,61.13004515,0.0,1.0,0.0,975.0511370275904,975.0511370275904,0.0,0.0
1668527313.1807587,17026.54,-14.25,55.74809412,0.0,1.0,0.0,975.0511370275904,975.0511370275904,0.0,0.0
1668527373.1927516,17002.69,-23.850000000002183,48.11313245,1.0,0.0,0.0573468749372946,0.0,975.0511370275904,0.0,0.0
1668527433.2336228,17001.48,-1.2099999999991269,47.75579006,1.0,0.0,0.0573468749372946,0.0,974.9817473089154,-0.06938971867498367,0.0
1668527493.9999735,16966.76,-34.720000000001164,38.84134692,1.0,0.0,0.0573468749372946,0.0,972.9906638110924,-1.991083497822956,0.0
1668527555.0910494,16975.0,8.2400000000016,41.72435906,1.0,0.0,0.0573468749372946,0.0,973.463202060576,0.47253824948347756,0.0
1668527613.917619,16976.03,1.0299999999988358,42.01876073,1.0,0.0,0.0573468749372946,0.0,973.5222693417612,0.05906728118520732,0.0
1668527675.001238,16985.18,9.150000000001455,45.23161061,1.0,0.0,0.0573468749372946,0.0,974.0469932474376,0.5247239056762965,0.0
1668527734.9382749,17004.1,18.919999999998254,51.11988186,0.0,1.0,0.0,975.1319961212512,975.1319961212512,1.085002873813437,0.0
1668527794.8887649,16997.48,-6.619999999998981,49.10947063,1.0,0.0,0.0573692097958786,0.0,975.1319961212512,0.0,0.0
1668527855.8089972,17008.66,11.180000000000291,52.42794254,0.0,1.0,0.0,975.7733838867684,975.7733838867684,0.6413877655172655,0.0
1668527915.7600558,17001.82,-6.8400000000001455,50.22890124,0.0,1.0,0.0,975.7733838867684,975.7733838867684,0.0,0.0
1668527975.7849543,16987.69,-14.130000000001019,46.08789882,1.0,0.0,0.057440027683974,0.0,975.7733838867684,0.0,0.0
1668528036.5170584,16988.07,0.38000000000101863,46.24423766,1.0,0.0,0.057440027683974,0.0,975.7952110972882,0.021827210519745677,0.0
1668528097.2124338,17005.88,17.81000000000131,52.04285803,0.0,1.0,0.0,976.8182179903398,976.8182179903398,1.0230068930516154,0.0
1668528156.538863,16977.87,-28.010000000002037,44.09590198,1.0,0.0,0.0575347919374067,0.0,976.8182179903398,0.0,0.0
1668528217.5574164,16946.48,-31.389999999999418,37.08485543,1.0,0.0,0.0575347919374067,0.0,975.012200871424,-1.806017118915861,0.0
1668528277.4981408,16973.39,26.909999999999854,44.99612417,1.0,0.0,0.0575347919374067,0.0,976.5604621224596,1.5482612510354556,0.0
1668528337.5616314,16972.57,-0.819999999999709,44.79994703,1.0,0.0,0.0575347919374067,0.0,976.5132835930708,-0.04717852938881606,0.0
1668528398.6094818,17005.24,32.67000000000189,53.24427973,0.0,1.0,0.0,978.392945245666,978.392945245666,1.8796616525952459,0.0
1668528458.6158946,16998.36,-6.880000000001019,51.47160638,0.0,1.0,0.0,978.392945245666,978.392945245666,0.0,0.0
1668528518.6130204,17008.66,10.299999999999272,54.01436874,0.0,1.0,0.0,978.392945245666,978.392945245666,0.0,0.0
1668528579.523895,17014.68,6.020000000000437,55.38155257,0.0,1.0,0.0,978.392945245666,978.392945245666,0.0,0.0
1668528639.525491,17001.31,-13.369999999998981,51.52418757,0.0,1.0,0.0,978.392945245666,978.392945245666,0.0,0.0
1668528699.425436,17000.73,-0.5800000000017462,51.31959345,0.0,1.0,0.0,978.392945245666,978.392945245666,0.0,0.0
1668528760.2398715,17001.01,0.27999999999883585,51.40558329,0.0,1.0,0.0,978.392945245666,978.392945245666,0.0,0.0
1668528820.3803198,17002.79,1.7800000000024738,51.9566998,0.0,1.0,0.0,978.392945245666,978.392945245666,0.0,0.0
1668528881.915768,17017.55,14.7599999999984,56.37489197,0.0,1.0,0.0,978.392945245666,978.392945245666,0.0,0.0
1668528942.637317,17016.98,-0.569999999999709,56.11687933,0.0,1.0,0.0,978.392945245666,978.392945245666,0.0,0.0
1668529002.4179788,17032.51,15.529999999998836,60.54402549,0.0,1.0,0.0,978.392945245666,978.392945245666,0.0,0.0
1668529063.0512424,17035.83,3.320000000003347,60.8052399,0.0,1.0,0.0,978.392945245666,978.392945245666,0.0,0.0
1668529124.0606337,17034.23,-1.6000000000021828,60.1389953,0.0,1.0,0.0,978.392945245666,978.392945245666,0.0,0.0
1668529182.3975716,17035.07,0.8400000000001455,57.90539528,0.0,1.0,0.0,978.392945245666,978.392945245666,0.0,0.0
1668529243.1775565,17055.04,19.970000000001164,64.96754001,0.0,1.0,0.0,978.392945245666,978.392945245666,0.0,0.0
1668529304.1843536,17047.33,-7.709999999999127,60.99251711,0.0,1.0,0.0,978.392945245666,978.392945245666,0.0,0.0
1668529367.4665372,17049.35,2.0199999999967986,61.51899184,0.0,1.0,0.0,978.392945245666,978.392945245666,0.0,0.0
1668529425.0271084,17044.63,-4.719999999997526,59.74521409,0.0,1.0,0.0,978.392945245666,978.392945245666,0.0,0.0
1668529485.0051274,17035.99,-8.639999999999418,55.00245756,0.0,1.0,0.0,978.392945245666,978.392945245666,0.0,0.0
1668529543.9810965,17030.98,-5.010000000002037,52.99871106,0.0,1.0,0.0,978.392945245666,978.392945245666,0.0,0.0
1668529604.2570703,17004.46,-26.520000000000437,43.88496512,1.0,0.0,0.0575374310766508,0.0,978.392945245666,0.0,0.0
1668529667.5047328,17028.94,24.479999999999563,52.41002959,0.0,1.0,0.0,979.8014615584216,979.8014615584216,1.408516312755637,0.0
1668529727.6185944,16986.73,-42.20999999999913,39.33924811,1.0,0.0,0.0576804047370165,0.0,979.8014615584216,0.0,0.0
1668529788.841276,16986.27,-0.4599999999991269,39.00686075,1.0,0.0,0.0576804047370165,0.0,979.7749285722412,-0.026532986180313856,0.0
1668529846.6911457,17000.5,14.229999999999563,44.52491118,1.0,0.0,0.0576804047370165,0.0,980.5957207316492,0.8207921594079153,0.0
1668529908.467665,17035.42,34.919999999998254,55.45580485,0.0,1.0,0.0,982.6099204650656,982.6099204650656,2.014199733416376,0.0
1668529965.3880374,17030.41,-5.009999999998399,53.76878271,0.0,1.0,0.0,982.6099204650656,982.6099204650656,0.0,0.0
1668530026.129392,17030.05,-0.3600000000005821,53.6157379,0.0,1.0,0.0,982.6099204650656,982.6099204650656,0.0,0.0
1668530086.1280534,17013.13,-16.919999999998254,48.04302456,1.0,0.0,0.0577559755591749,0.0,982.6099204650656,0.0,0.0
1668530146.0727253,17033.54,20.409999999999854,53.9541,0.0,1.0,0.0,983.788719926228,983.788719926228,1.1787994611624981,0.0
1668530207.0502298,17029.51,-4.030000000002474,52.62414573,0.0,1.0,0.0,983.788719926228,983.788719926228,0.0,0.0
1668530267.0299816,17016.79,-12.719999999997526,48.72084022,1.0,0.0,0.0578128260339481,0.0,983.788719926228,0.0,0.0
1668530327.076238,16997.14,-19.650000000001455,42.98613208,1.0,0.0,0.0578128260339481,0.0,982.6526978946606,-1.1360220315674496,0.0
1668530387.9037988,17002.87,5.729999999999563,44.87176491,1.0,0.0,0.0578128260339481,0.0,982.983965387835,0.3312674931744368,0.0
1668530448.0625958,17002.11,-0.7599999999983993,44.66172895,1.0,0.0,0.0578128260339481,0.0,982.9400276400494,-0.043937747785662395,0.0
1668530507.88627,16991.15,-10.959999999999127,41.1404651,1.0,0.0,0.0578128260339481,0.0,982.3063990667172,-0.6336285733320892,0.0
1668530568.626467,16961.36,-29.790000000000873,33.88932136,1.0,0.0,0.0578128260339481,0.0,980.584154979166,-1.7222440875511893,0.0
1668530628.6064456,16965.0,3.639999999999418,36.43536217,1.0,0.0,0.0578128260339481,0.0,980.7945936659296,0.21043868676349575,0.0
1668530688.6766472,16957.26,-7.740000000001601,33.67947001,1.0,0.0,0.0578128260339481,0.0,980.3471223924266,-0.4474712735029698,0.0
1668530749.668651,16939.03,-18.229999999999563,29.33244243,1.0,0.0,0.0578128260339481,0.0,979.2931945738278,-1.0539278185988223,0.0
1668530809.568678,16957.66,18.63000000000102,37.76669691,1.0,0.0,0.0578128260339481,0.0,980.3702475228404,1.0770529490124545,0.0
1668530869.6612763,16965.81,8.150000000001455,41.14613642,1.0,0.0,0.0578128260339481,0.0,980.8414220550172,0.47117453217674665,0.0
1668530930.344219,16971.38,5.569999999999709,43.44260653,1.0,0.0,0.0578128260339481,0.0,981.1634394960262,0.3220174410089385,0.0
1668530990.3054287,16960.82,-10.56000000000131,39.75969083,1.0,0.0,0.0578128260339481,0.0,980.5529360531076,-0.6105034429185707,0.0
1668531050.3755505,16971.97,11.150000000001455,45.05164237,1.0,0.0,0.0578128260339481,0.0,981.1975490633862,0.6446130102785901,0.0
1668531111.117144,16991.53,19.55999999999767,51.89563149,0.0,1.0,0.0,982.32836794061,982.32836794061,1.1308188772238736,0.0
1668531171.075284,16979.97,-11.559999999997672,48.10915235,1.0,0.0,0.0578521851299271,0.0,982.32836794061,0.0,0.0
1668531232.107597,16972.87,-7.100000000002183,45.7897541,1.0,0.0,0.0578521851299271,0.0,981.9176174261856,-0.41075051442430777,0.0
1668531292.0744977,16976.27,3.400000000001455,47.19143675,1.0,0.0,0.0578521851299271,0.0,982.1143148556276,0.1966974294418833,0.0
1668531352.0736845,16970.66,-5.610000000000582,45.24548807,1.0,0.0,0.0578521851299271,0.0,981.7897640970484,-0.3245507585791074,0.0
1668531412.1363485,16977.3,6.639999999999418,48.01043525,1.0,0.0,0.0578521851299271,0.0,982.1739026063112,0.38413850926281157,0.0
1668531472.8906286,16979.15,1.8500000000021828,48.70924778,1.0,0.0,0.0578521851299271,0.0,982.2809291488018,0.10702654249053012,0.0
1668531532.8457432,16989.44,10.289999999997235,52.75355946,0.0,1.0,0.0,982.8762281337886,982.8762281337886,0.5952989849868118,0.0
1668531592.837071,17005.16,15.720000000001164,58.26427938,0.0,1.0,0.0,982.8762281337886,982.8762281337886,0.0,0.0
1668531653.616594,16988.2,-16.959999999999127,50.87319724,0.0,1.0,0.0,982.8762281337886,982.8762281337886,0.0,0.0
1668531713.849719,16982.12,-6.080000000001746,48.45939391,1.0,0.0,0.0578771218277687,0.0,982.8762281337886,0.0,0.0
1668531773.8538308,16992.38,10.260000000002037,52.2023846,0.0,1.0,0.0,983.4700474037404,983.4700474037404,0.5938192699517231,0.0
1668531834.8464596,16984.44,-7.940000000002328,49.15994282,1.0,0.0,0.0579041786131153,0.0,983.4700474037404,0.0,0.0
1668531895.2518623,16991.01,6.569999999999709,51.47880292,0.0,1.0,0.0,983.8504778572282,983.8504778572282,0.3804304534877474,0.0
1668531954.724533,16998.6,7.5900000000001455,54.22966134,0.0,1.0,0.0,983.8504778572282,983.8504778572282,0.0,0.0
1668532015.7041135,16986.74,-11.859999999996944,49.83875364,1.0,0.0,0.0579187341336376,0.0,983.8504778572282,0.0,0.0
1668532075.7379105,16981.13,-5.610000000000582,47.82245186,1.0,0.0,0.0579187341336376,0.0,983.5255537587376,-0.32492409849066917,0.0
1668532135.7061615,17003.17,22.039999999997235,55.20790185,0.0,1.0,0.0,984.8020826590428,984.8020826590428,1.276528900305152,0.0
1668532196.849137,17023.02,19.850000000002183,60.59716562,0.0,1.0,0.0,984.8020826590428,984.8020826590428,0.0,0.0
1668532256.775726,17010.98,-12.040000000000873,56.6138577,0.0,1.0,0.0,984.8020826590428,984.8020826590428,0.0,0.0
1668532316.9150877,17018.0,7.020000000000437,59.23381293,0.0,1.0,0.0,984.8020826590428,984.8020826590428,0.0,0.0
1668532378.1188097,17020.94,2.9399999999986903,60.13506505,0.0,1.0,0.0,984.8020826590428,984.8020826590428,0.0,0.0
1668532438.7744887,17024.86,3.9200000000018917,60.65057494,0.0,1.0,0.0,984.8020826590428,984.8020826590428,0.0,0.0
1668532498.0724587,17015.6,-9.260000000002037,56.30482499,0.0,1.0,0.0,984.8020826590428,984.8020826590428,0.0,0.0
1668532559.4271328,17008.46,-7.139999999999418,53.09293634,0.0,1.0,0.0,984.8020826590428,984.8020826590428,0.0,0.0
1668532619.341475,17018.57,10.110000000000582,57.19844663,0.0,1.0,0.0,984.8020826590428,984.8020826590428,0.0,0.0
1668532679.3158967,17015.34,-3.2299999999995634,55.56015727,0.0,1.0,0.0,984.8020826590428,984.8020826590428,0.0,0.0
1668532740.3400755,17008.87,-6.470000000001164,52.53793932,0.0,1.0,0.0,984.8020826590428,984.8020826590428,0.0,0.0
1668532800.2599936,17004.96,-3.9099999999998545,50.58453174,0.0,1.0,0.0,984.8020826590428,984.8020826590428,0.0,0.0
1668532860.0905838,17027.16,22.200000000000728,60.03471833,0.0,1.0,0.0,984.8020826590428,984.8020826590428,0.0,0.0
1668532920.9833815,17025.73,-1.430000000000291,59.46158044,0.0,1.0,0.0,984.8020826590428,984.8020826590428,0.0,0.0
1668532981.0711515,17029.43,3.7000000000007276,60.73118025,0.0,1.0,0.0,984.8020826590428,984.8020826590428,0.0,0.0
1668533041.0366156,17005.93,-23.5,48.94846918,1.0,0.0,0.0579093341357422,0.0,984.8020826590428,0.0,0.0
1668533103.188539,17017.58,11.650000000001455,54.25790724,0.0,1.0,0.0,985.476726401724,985.476726401724,0.6746437426811553,0.0
1668533163.2800498,17033.36,15.779999999998836,60.77414481,0.0,1.0,0.0,985.476726401724,985.476726401724,0.0,0.0
1668533223.4396431,17038.74,5.380000000001019,62.74107092,0.0,1.0,0.0,985.476726401724,985.476726401724,0.0,0.0
1668533283.9666772,17036.97,-1.7700000000004366,61.49326652,0.0,1.0,0.0,985.476726401724,985.476726401724,0.0,0.0
1668533343.988758,17039.79,2.819999999999709,62.63214637,0.0,1.0,0.0,985.476726401724,985.476726401724,0.0,0.0
1668533404.021253,17042.26,2.469999999997526,63.60814335,0.0,1.0,0.0,985.476726401724,985.476726401724,0.0,0.0
1668533465.2757602,17044.27,2.0100000000020373,64.47040175,0.0,1.0,0.0,985.476726401724,985.476726401724,0.0,0.0
1668533524.9739728,17043.06,-1.2099999999991269,62.83198873,0.0,1.0,0.0,985.476726401724,985.476726401724,0.0,0.0
1668533585.0723948,17052.6,9.539999999997235,62.72721125,0.0,1.0,0.0,985.476726401724,985.476726401724,0.0,0.0
1668533647.5620632,17060.41,7.81000000000131,64.15884671,0.0,1.0,0.0,985.476726401724,985.476726401724,0.0,0.0
1668533707.2829664,17036.87,-23.540000000000873,53.73646998,0.0,1.0,0.0,985.476726401724,985.476726401724,0.0,0.0
1668533767.26868,17050.76,13.889999999999418,57.94775888,0.0,1.0,0.0,985.476726401724,985.476726401724,0.0,0.0
1668533830.0368204,17043.58,-7.179999999996653,55.35076157,0.0,1.0,0.0,985.476726401724,985.476726401724,0.0,0.0
1668533889.9122193,17042.1,-1.4800000000032014,54.58009554,0.0,1.0,0.0,985.476726401724,985.476726401724,0.0,0.0
1668533949.8371084,17048.96,6.860000000000582,56.79642304,0.0,1.0,0.0,985.476726401724,985.476726401724,0.0,0.0
1668534011.3115168,17047.0,-1.9599999999991269,56.18766473,0.0,1.0,0.0,985.476726401724,985.476726401724,0.0,0.0
1668534071.692803,17048.21,1.2099999999991269,56.26875739,0.0,1.0,0.0,985.476726401724,985.476726401724,0.0,0.0
1668534130.850279,17043.14,-5.069999999999709,54.04239528,0.0,1.0,0.0,985.476726401724,985.476726401724,0.0,0.0
1668534191.61078,17039.42,-3.720000000001164,52.41485509,0.0,1.0,0.0,985.476726401724,985.476726401724,0.0,0.0
1668534251.5902476,17035.84,-3.5799999999981083,50.89675873,0.0,1.0,0.0,985.476726401724,985.476726401724,0.0,0.0
1668534311.8463912,17023.46,-12.380000000001019,45.7519023,1.0,0.0,0.0578893319220489,0.0,985.476726401724,0.0,0.0
1668534372.9175994,17002.84,-20.61999999999898,38.49708608,1.0,0.0,0.0578893319220489,0.0,984.28304837749,-1.1936780242341456,0.0
1668534432.8469226,17007.75,4.9099999999998545,40.93698964,1.0,0.0,0.0578893319220489,0.0,984.5672849972271,0.2842366197371575,0.0
1668534492.7958262,17014.59,6.8400000000001455,44.25929614,1.0,0.0,0.0578893319220489,0.0,984.963248027574,0.39596303034682023,0.0
1668534553.829224,17016.35,1.7599999999983993,45.11468954,1.0,0.0,0.0578893319220489,0.0,985.0651332517568,0.1018852241827517,0.0
1668534613.9007711,17017.12,0.7700000000004366,45.50015474,1.0,0.0,0.0578893319220489,0.0,985.1097080373366,0.04457478557981176,0.0
1668534673.85103,17004.97,-12.149999999997817,40.39239729,1.0,0.0,0.0578893319220489,0.0,984.406352654484,-0.703355382852692,0.0
1668534734.4249942,16985.12,-19.850000000002183,33.76955294,1.0,0.0,0.0578893319220489,0.0,983.2572494158312,-1.149103238652856,0.0
1668534793.7599869,16990.88,5.760000000002037,36.63544427,1.0,0.0,0.0578893319220489,0.0,983.5906919677022,0.33344255187103045,0.0
1668534853.7717931,16998.7,7.819999999999709,41.05008233,1.0,0.0,0.0578893319220489,0.0,984.0433865433326,0.45269457563040305,0.0
1668534915.5380547,17005.86,7.1599999999998545,44.72723801,1.0,0.0,0.0578893319220489,0.0,984.4578741598943,0.4144876165618143,0.0
1668534973.7550292,16994.74,-11.119999999998981,40.46760376,1.0,0.0,0.0578893319220489,0.0,983.8141447889212,-0.6437293709730056,0.0
1668535033.9299486,17003.41,8.669999999998254,44.79886536,1.0,0.0,0.0578893319220489,0.0,984.3160452966854,0.5019005077641623,0.0
1668535093.8219483,17000.77,-2.639999999999418,43.62222781,1.0,0.0,0.0578893319220489,0.0,984.1632174604111,-0.15282783627412755,0.0
1668535153.961374,16981.82,-18.950000000000728,36.82501217,1.0,0.0,0.0578893319220489,0.0,983.0662146204884,-1.0970028399227658,0.0
1668535213.8729773,16999.24,17.42000000000189,45.26786495,1.0,0.0,0.0578893319220489,0.0,984.0746467825708,1.008432162082272,0.0
1668535273.872153,17001.32,2.0799999999981083,46.19253428,1.0,0.0,0.0578893319220489,0.0,984.1950565929684,0.1204098103976321,0.0
1668535334.1671245,17008.21,6.889999999999418,49.2510565,1.0,0.0,0.0578893319220489,0.0,984.5939140899112,0.39885749694281003,0.0
1668535393.9186954,16966.98,-41.22999999999956,34.97420117,1.0,0.0,0.0578893319220489,0.0,982.2071369347652,-2.386777155145978,0.0
1668535454.12879,16962.88,-4.099999999998545,33.90643352,1.0,0.0,0.0578893319220489,0.0,981.9697906738847,-0.23734626088037203,0.0
1668535514.0194042,16973.38,10.5,39.98402695,1.0,0.0,0.0578893319220489,0.0,982.5776286590664,0.607837985181618,0.0
1668535573.760221,16957.51,-15.87000000000262,35.99530443,1.0,0.0,0.0578893319220489,0.0,981.6589249614632,-0.918703697603064,0.0
1668535633.8895998,16956.33,-1.179999999996653,35.51174361,1.0,0.0,0.0578893319220489,0.0,981.5906155497956,-0.0683094116676557,0.0
1668535693.881353,16960.31,3.9799999999995634,37.40504858,1.0,0.0,0.0578893319220489,0.0,981.8210150908452,0.2303995410495645,0.0
1668535753.9654026,16975.99,15.680000000000291,44.44436519,1.0,0.0,0.0578893319220489,0.0,982.728719815383,0.9077047245377798,0.0
1668535813.938788,16974.77,-1.2200000000011642,44.04692895,1.0,0.0,0.0578893319220489,0.0,982.658094830438,-0.07062498494497049,0.0
1668535873.972919,16973.58,-1.1899999999986903,44.59673952,1.0,0.0,0.0578893319220489,0.0,982.5892065254508,-0.06888830498724019,0.0
1668535933.9116244,16963.34,-10.2400000000016,41.42814134,1.0,0.0,0.0578893319220489,0.0,981.9964197665688,-0.5927867588818572,0.0
1668535993.892156,16964.0,0.6599999999998545,41.95154031,1.0,0.0,0.0578893319220489,0.0,982.0346267256376,0.03820695906870242,0.0
1668536053.9431186,16961.28,-2.720000000001164,40.78487813,1.0,0.0,0.0578893319220489,0.0,981.8771677428094,-0.1574589828281887,0.0
1668536113.9312496,16974.27,12.9900000000016,46.36560547,1.0,0.0,0.0578893319220489,0.0,982.629150164477,0.7519824216675488,0.0
1668536173.948777,16951.85,-22.42000000000189,38.92288268,1.0,0.0,0.0578893319220489,0.0,981.3312713427844,-1.2978788216925068,0.0
1668536233.8790505,16954.81,2.960000000002765,40.33222988,1.0,0.0,0.0578893319220489,0.0,981.502623765274,0.17135242248957638,0.0
1668536294.024034,16949.2,-5.610000000000582,38.65465065,1.0,0.0,0.0578893319220489,0.0,981.1778646131912,-0.3247591520828337,0.0
1668536353.9549837,16941.67,-7.530000000002474,36.10665877,1.0,0.0,0.0578893319220489,0.0,980.741957943818,-0.43590666937313927,0.0
1668536414.1856935,16929.41,-12.2599999999984,32.73656217,1.0,0.0,0.0578893319220489,0.0,980.0322347344538,-0.7097232093641423,0.0
1668536473.9720085,16927.57,-1.8400000000001455,32.7825559,1.0,0.0,0.0578893319220489,0.0,979.9257183637172,-0.10651637073658549,0.0
1668536534.0088096,16931.6,4.029999999998836,35.06911269,1.0,0.0,0.0578893319220489,0.0,980.159012371363,0.23329400764578168,0.0
1668536593.943612,16897.19,-34.409999999999854,26.71325379,1.0,0.0,0.0578893319220489,0.0,978.1670404599254,-1.9919719114376448,0.0
1668536653.9515183,16890.49,-6.69999999999709,25.44211117,1.0,0.0,0.0578893319220489,0.0,977.7791819360476,-0.3878585238776395,0.0
1668536714.0023072,16910.14,19.649999999997817,35.18359013,1.0,0.0,0.0578893319220489,0.0,978.916707308316,1.1375253722683283,0.0
1668536773.899001,16894.6,-15.540000000000873,32.77165079,1.0,0.0,0.0578893319220489,0.0,978.0171070902472,-0.8996002180687128,0.0
1668536833.7530203,16891.32,-3.279999999998836,31.70262951,1.0,0.0,0.0578893319220489,0.0,977.827230081543,-0.1898770087042294,0.0
1668536893.8617566,16872.87,-18.450000000000728,28.4992924,1.0,0.0,0.0578893319220489,0.0,976.7591719075812,-1.0680581739618447,0.0
1668536953.9732077,16862.68,-10.18999999999869,26.3146013,1.0,0.0,0.0578893319220489,0.0,976.1692796152956,-0.58989229228564,0.0
1668537013.7767272,16858.6,-4.080000000001746,25.61350795,1.0,0.0,0.0578893319220489,0.0,975.9330911410534,-0.23618847424222622,0.0
1668537074.010116,16866.66,8.06000000000131,29.31858652,1.0,0.0,0.0578893319220489,0.0,976.3996791563452,0.4665880152917907,0.0
1668537133.8113315,16808.03,-58.63000000000102,21.26741562,1.0,0.0,0.0578893319220489,0.0,973.0056276257554,-3.3940515305897634,0.0
1668537193.8396363,16801.38,-6.649999999997817,19.81487088,1.0,0.0,0.0578893319220489,0.0,972.620663568474,-0.38496405728142236,0.0
1668537253.841604,16793.27,-8.110000000000582,23.14890494,1.0,0.0,0.0578893319220489,0.0,972.151181086586,-0.4694824818878942,0.0
1668537332.515465,16769.27,-24.0,21.14709102,1.0,0.0,0.0578893319220489,0.0,970.7618371204568,-1.389343966129104,0.0
1668537374.7256958,16757.5,-11.770000000000437,19.47998718,1.0,0.0,0.0578893319220489,0.0,970.0804796837344,-0.6813574367223509,0.0
1668537434.728523,16790.26,32.7599999999984,28.68832112,1.0,0.0,0.0578893319220489,0.0,971.9769341975008,1.8964545137662299,0.0
1668537494.5999131,16732.16,-58.099999999998545,22.55992115,1.0,0.0,0.0578893319220489,0.0,968.6135640128296,-3.363370184671112,0.0
1668537554.62878,16681.18,-50.97999999999956,18.22851719,1.0,0.0,0.0578893319220489,0.0,965.6623658714436,-2.9511981413859303,0.0
1668537614.6912682,16684.87,3.6899999999986903,19.34425912,1.0,0.0,0.0578893319220489,0.0,965.875977506236,0.21361163479230072,0.0
1668537674.6798837,16653.05,-31.81999999999971,17.88680401,1.0,0.0,0.0578893319220489,0.0,964.0339389644764,-1.8420385417597345,0.0
1668537734.7053618,16666.32,13.270000000000437,21.75691106,1.0,0.0,0.0578893319220489,0.0,964.802130399082,0.7681914346055692,0.0
1668537794.686313,16668.38,2.0600000000013097,24.49007432,1.0,0.0,0.0578893319220489,0.0,964.9213824228416,0.11925202375948629,0.0
1668537854.6254687,16713.09,44.70999999999913,35.38854622,1.0,0.0,0.0578893319220489,0.0,967.5096144530762,2.5882320302346216,0.0
1668537914.7242537,16711.13,-1.9599999999991269,35.32457158,1.0,0.0,0.0578893319220489,0.0,967.396151362509,-0.11346309056716564,0.0
1668537974.6051464,16741.0,29.86999999999898,41.82601232,1.0,0.0,0.0578893319220489,0.0,969.1253057070206,1.729154344511585,0.0
1668538034.6264622,16752.57,11.569999999999709,44.2726104,1.0,0.0,0.0578893319220489,0.0,969.7950852773588,0.6697795703380507,0.0
1668538094.6651814,16746.52,-6.049999999999272,43.21540973,1.0,0.0,0.0578893319220489,0.0,969.4448548192304,-0.3502304581284079,0.0
1668538154.993529,16734.19,-12.330000000001746,41.26291715,1.0,0.0,0.0578893319220489,0.0,968.7310793566312,-0.7137754625990738,0.0
1668538214.726301,16709.27,-24.919999999998254,37.40865821,1.0,0.0,0.0578893319220489,0.0,967.288477205134,-1.4426021514972263,0.0
1668538274.8085542,16737.05,27.779999999998836,43.65050794,1.0,0.0,0.0578893319220489,0.0,968.8966428459285,1.608165640794482,0.0
1668538334.6258245,16728.79,-8.2599999999984,42.38089989,1.0,0.0,0.0578893319220489,0.0,968.4184769642524,-0.4781658816759773,0.0
1668538394.6128027,16734.01,5.219999999997526,43.56226765,1.0,0.0,0.0578893319220489,0.0,968.7206592768854,0.30218231263302187,0.0
1668538454.6697624,16690.6,-43.409999999999854,36.93927053,1.0,0.0,0.0578893319220489,0.0,966.2076833781492,-2.5129758987361583,0.0
1668538514.6615808,16716.03,25.43000000000029,42.514872,1.0,0.0,0.0578893319220489,0.0,967.679809088927,1.472125710777732,0.0
1668538574.8212528,16697.14,-18.889999999999418,39.4778062,1.0,0.0,0.0578893319220489,0.0,966.5862796089197,-1.093529480007419,0.0
1668538634.7424922,16710.97,13.830000000001746,42.55097577,1.0,0.0,0.0578893319220489,0.0,967.3868890694016,0.8006094604818372,0.0
1668538694.737053,16740.57,29.599999999998545,48.59134151,1.0,0.0,0.0578893319220489,0.0,969.100413294294,1.713524224892467,0.0
1668538754.6766326,16725.06,-15.5099999999984,45.83460219,1.0,0.0,0.0578893319220489,0.0,968.2025497561832,-0.8978635381107551,0.0
1668538814.6457295,16733.0,7.93999999999869,47.49200181,1.0,0.0,0.0578893319220489,0.0,968.6621910516442,0.4596412954609832,0.0
1668538874.699944,16740.69,7.68999999999869,49.0510227,1.0,0.0,0.0578893319220489,0.0,969.1073600141248,0.4451689624804658,0.0
1668538935.0573928,16721.89,-18.799999999999272,45.44224954,1.0,0.0,0.0578893319220489,0.0,968.0190405739902,-1.088319440134569,0.0
1668538994.7504573,16684.09,-37.79999999999927,39.18040813,1.0,0.0,0.0578893319220489,0.0,965.8308238273368,-2.1882167466534383,0.0
1668539054.6343791,16667.03,-17.06000000000131,36.72844605,1.0,0.0,0.0578893319220489,0.0,964.8432318247466,-0.9875920025901905,0.0
1668539114.71145,16630.08,-36.94999999999709,32.15181378,1.0,0.0,0.0578893319220489,0.0,962.704221010227,-2.1390108145195654,0.0
1668539174.6698976,16639.7,9.619999999998981,34.49927341,1.0,0.0,0.0578893319220489,0.0,963.2611163833172,0.5568953730901285,0.0
1668539234.6800988,16652.49,12.790000000000873,37.67661934,1.0,0.0,0.0578893319220489,0.0,964.0015209386002,0.7404045552829075,0.0
1668539294.776527,16662.18,9.68999999999869,39.8858631,1.0,0.0,0.0578893319220489,0.0,964.5624685649248,0.5609476263246052,0.0
1668539354.8132908,16648.55,-13.630000000001019,37.76452282,1.0,0.0,0.0578893319220489,0.0,963.7734369708272,-0.7890315940976507,0.0
1668539414.937678,16675.22,26.67000000000189,44.09036641,1.0,0.0,0.0578893319220489,0.0,965.3173454531884,1.5439084823610756,0.0
1668539474.7791362,16702.41,27.18999999999869,49.58955882,1.0,0.0,0.0578893319220489,0.0,966.8913563881488,1.57401093496037,0.0
1668539534.8060954,16737.19,34.779999999998836,55.67468245,0.0,1.0,0.0,968.9047473523976,968.9047473523976,2.0133909642487424,0.0
1668539594.7919931,16738.97,1.7800000000024738,55.96808233,0.0,1.0,0.0,968.9047473523976,968.9047473523976,0.0,0.0
1668539654.7556293,16754.21,15.239999999997963,58.38047857,0.0,1.0,0.0,968.9047473523976,968.9047473523976,0.0,0.0
1668539714.8425984,16747.58,-6.629999999997381,56.86733096,0.0,1.0,0.0,968.9047473523976,968.9047473523976,0.0,0.0
1668539774.736585,16744.04,-3.540000000000873,55.977036,0.0,1.0,0.0,968.9047473523976,968.9047473523976,0.0,0.0
1668539835.79358,16748.07,4.029999999998836,56.85108314,0.0,1.0,0.0,968.9047473523976,968.9047473523976,0.0,0.0
1668539894.705552,16759.72,11.650000000001455,58.93068615,0.0,1.0,0.0,968.9047473523976,968.9047473523976,0.0,0.0
1668539954.7568748,16777.58,17.860000000000582,62.39253618,0.0,1.0,0.0,968.9047473523976,968.9047473523976,0.0,0.0
1668540014.750581,16783.52,5.93999999999869,63.17535413,0.0,1.0,0.0,968.9047473523976,968.9047473523976,0.0,0.0
1668540074.7782474,16801.91,18.389999999999418,66.54179977,0.0,1.0,0.0,968.9047473523976,968.9047473523976,0.0,0.0
1668540134.888782,16828.06,26.150000000001455,70.40026233,0.0,1.0,0.0,968.9047473523976,968.9047473523976,0.0,0.0
1668540194.7765152,16799.18,-28.88000000000102,61.92503557,0.0,1.0,0.0,968.9047473523976,968.9047473523976,0.0,0.0
1668540254.785605,16785.94,-13.2400000000016,58.39923496,0.0,1.0,0.0,968.9047473523976,968.9047473523976,0.0,0.0
1668540316.005064,16809.48,23.540000000000873,62.66287489,0.0,1.0,0.0,968.9047473523976,968.9047473523976,0.0,0.0
1668540374.9051423,16811.22,1.7400000000016007,62.95457561,0.0,1.0,0.0,968.9047473523976,968.9047473523976,0.0,0.0
1668540434.7203574,16781.89,-29.330000000001746,55.47305625,0.0,1.0,0.0,968.9047473523976,968.9047473523976,0.0,0.0
1668540494.7662177,16783.96,2.069999999999709,55.89825176,0.0,1.0,0.0,968.9047473523976,968.9047473523976,0.0,0.0
1668540554.7411337,16783.91,-0.049999999999272404,55.88437013,0.0,1.0,0.0,968.9047473523976,968.9047473523976,0.0,0.0
1668540614.7225103,16785.72,1.8100000000013097,56.30737334,0.0,1.0,0.0,968.9047473523976,968.9047473523976,0.0,0.0
1668540674.713337,16774.99,-10.729999999999563,53.04575444,0.0,1.0,0.0,968.9047473523976,968.9047473523976,0.0,0.0
1668540734.823635,16780.41,5.419999999998254,54.47503133,0.0,1.0,0.0,968.9047473523976,968.9047473523976,0.0,0.0
1668540796.1677463,16794.54,14.130000000001019,58.02039297,0.0,1.0,0.0,968.9047473523976,968.9047473523976,0.0,0.0
1668540854.821926,16781.0,-13.540000000000873,53.62241957,0.0,1.0,0.0,968.9047473523976,968.9047473523976,0.0,0.0
1668540915.0011618,16758.86,-22.139999999999418,47.54403393,1.0,0.0,0.0578144782731282,0.0,968.9047473523976,0.0,0.0
1668540974.8052638,16785.13,26.270000000000437,54.15219335,0.0,1.0,0.0,970.4235336966324,970.4235336966324,1.5187863442348544,0.0
1668541034.828722,16784.22,-0.9099999999998545,53.89889551,0.0,1.0,0.0,970.4235336966324,970.4235336966324,0.0,0.0
1668541094.8283632,16780.02,-4.200000000000728,52.6403076,0.0,1.0,0.0,970.4235336966324,970.4235336966324,0.0,0.0
1668541154.8065307,16793.11,13.090000000000146,56.11674238,0.0,1.0,0.0,970.4235336966324,970.4235336966324,0.0,0.0
1668541214.8491552,16787.61,-5.5,54.40199425,0.0,1.0,0.0,970.4235336966324,970.4235336966324,0.0,0.0
1668541275.8588598,16789.86,2.25,54.89233506,0.0,1.0,0.0,970.4235336966324,970.4235336966324,0.0,0.0
1668541334.7988143,16786.03,-3.8300000000017462,53.55754375,0.0,1.0,0.0,970.4235336966324,970.4235336966324,0.0,0.0
1668541394.8378243,16801.75,15.720000000001164,58.09248982,0.0,1.0,0.0,970.4235336966324,970.4235336966324,0.0,0.0
1668541454.934781,16795.91,-5.8400000000001455,55.95676464,0.0,1.0,0.0,970.4235336966324,970.4235336966324,0.0,0.0
1668541514.8089209,16796.53,0.6199999999989814,56.14396944,0.0,1.0,0.0,970.4235336966324,970.4235336966324,0.0,0.0
1668541574.7806509,16798.73,2.2000000000007276,56.88004721,0.0,1.0,0.0,970.4235336966324,970.4235336966324,0.0,0.0
1668541634.8662264,16769.25,-29.479999999999563,46.22672616,1.0,0.0,0.0578692269300435,0.0,970.4235336966324,0.0,0.0
1668541694.9753118,16779.11,9.860000000000582,49.64745981,1.0,0.0,0.0578692269300435,0.0,970.9941242741622,0.5705905775298561,0.0
1668541755.407214,16781.07,1.9599999999991269,50.28932876,0.0,1.0,0.0,971.1075479589452,971.1075479589452,0.11342368478290155,0.0
1668541814.8577242,16784.06,2.9900000000016007,51.29874878,0.0,1.0,0.0,971.1075479589452,971.1075479589452,0.0,0.0
1668541874.9001672,16790.91,6.849999999998545,53.77440515,0.0,1.0,0.0,971.1075479589452,971.1075479589452,0.0,0.0
1668541934.8936558,16792.08,1.1700000000018917,54.07295179,0.0,1.0,0.0,971.1075479589452,971.1075479589452,0.0,0.0
1668541994.84939,16786.29,-5.790000000000873,51.60305488,0.0,1.0,0.0,971.1075479589452,971.1075479589452,0.0,0.0
1668542054.8392792,16776.8,-9.4900000000016,47.69385956,1.0,0.0,0.0578839556982824,0.0,971.1075479589452,0.0,0.0
1668542114.8872254,16789.73,12.930000000000291,52.71524699,0.0,1.0,0.0,971.8559875061228,971.8559875061228,0.7484395471776679,0.0
1668542175.1347437,16799.33,9.600000000002183,56.12713191,0.0,1.0,0.0,971.8559875061228,971.8559875061228,0.0,0.0
1668542234.8810208,16852.63,53.29999999999927,69.23010866,0.0,1.0,0.0,971.8559875061228,971.8559875061228,0.0,0.0
1668542294.8837452,16860.3,7.669999999998254,70.59125037,0.0,1.0,0.0,971.8559875061228,971.8559875061228,0.0,0.0
1668542354.8291464,16870.68,10.380000000001019,72.31242043,0.0,1.0,0.0,971.8559875061228,971.8559875061228,0.0,0.0
1668542414.8919232,16858.77,-11.909999999999854,67.26725641,0.0,1.0,0.0,971.8559875061228,971.8559875061228,0.0,0.0
1668542474.7853384,16878.15,19.38000000000102,70.83322488,0.0,1.0,0.0,971.8559875061228,971.8559875061228,0.0,0.0
1668542534.8960593,16913.65,35.5,75.69285094,0.0,1.0,0.0,971.8559875061228,971.8559875061228,0.0,0.0
1668542594.949763,16903.0,-10.650000000001455,71.6862623,0.0,1.0,0.0,971.8559875061228,971.8559875061228,0.0,0.0
1668542655.045851,16922.44,19.43999999999869,74.424656,0.0,1.0,0.0,971.8559875061228,971.8559875061228,0.0,0.0
1668542714.9088628,16904.44,-18.0,67.68558889,0.0,1.0,0.0,971.8559875061228,971.8559875061228,0.0,0.0
1668542774.9454827,16869.78,-34.659999999999854,57.42943143,0.0,1.0,0.0,971.8559875061228,971.8559875061228,0.0,0.0
1668542835.3822126,16859.95,-9.829999999998108,54.84443335,0.0,1.0,0.0,971.8559875061228,971.8559875061228,0.0,0.0
1668542895.082814,16857.94,-2.0100000000020373,54.28714432,0.0,1.0,0.0,971.8559875061228,971.8559875061228,0.0,0.0
1668542954.907205,16859.23,1.2900000000008731,54.59277338,0.0,1.0,0.0,971.8559875061228,971.8559875061228,0.0,0.0
1668543014.9845345,16867.64,8.409999999999854,56.62864439,0.0,1.0,0.0,971.8559875061228,971.8559875061228,0.0,0.0
1668543075.1404345,16861.92,-5.720000000001164,54.82806243,0.0,1.0,0.0,971.8559875061228,971.8559875061228,0.0,0.0
1668543135.0107417,16835.37,-26.549999999999272,47.30885078,1.0,0.0,0.0577270346601306,0.0,971.8559875061228,0.0,0.0
1668543195.0059824,16843.16,7.790000000000873,49.52051248,1.0,0.0,0.0577270346601306,0.0,972.3056811061252,0.4496936000025471,0.0
1668543254.9338408,16853.91,10.75,52.45393462,0.0,1.0,0.0,972.9262467287216,972.9262467287216,0.6205656225964731,0.0
1668543314.9369006,16841.44,-12.470000000001164,48.98958542,1.0,0.0,0.0577697778057411,0.0,972.9262467287216,0.0,0.0
1668543375.0885377,16845.47,4.030000000002474,50.29336696,0.0,1.0,0.0,973.1590589332776,973.1590589332776,0.23281220455601215,0.0
1668543435.0230644,16826.81,-18.659999999999854,44.57527936,1.0,0.0,0.057833841288591,0.0,973.1590589332776,0.0,0.0
1668543494.8858612,16824.29,-2.5200000000004366,43.81689863,1.0,0.0,0.057833841288591,0.0,973.0133176532288,-0.14574128004881004,0.0
1668543555.3879025,16825.05,0.7599999999983993,43.99211552,1.0,0.0,0.057833841288591,0.0,973.057271372608,0.043953719379146605,0.0
1668543615.122882,16834.66,9.610000000000582,47.90241778,1.0,0.0,0.057833841288591,0.0,973.6130545873914,0.5557832147833324,0.0
1668543675.254719,16825.14,-9.520000000000437,44.66379161,1.0,0.0,0.057833841288591,0.0,973.062476418324,-0.5505781690674212,0.0
1668543734.9519558,16816.7,-8.43999999999869,41.82488415,1.0,0.0,0.057833841288591,0.0,972.5743587978484,-0.4881176204755775,0.0
1668543794.9551094,16811.48,-5.220000000001164,40.11079482,1.0,0.0,0.057833841288591,0.0,972.2724661463218,-0.3018926515266003,0.0
1668543855.013416,16799.29,-12.18999999999869,36.73519587,1.0,0.0,0.057833841288591,0.0,971.567471621014,-0.7049945253078249,0.0
1668543914.970932,16800.47,1.180000000000291,37.55706501,1.0,0.0,0.057833841288591,0.0,971.6357155537346,0.06824393272063389,0.0
1668543974.9931693,16822.35,21.87999999999738,47.03752519,1.0,0.0,0.057833841288591,0.0,972.9011200011288,1.2654044473941894,0.0
1668544035.0086372,16835.57,13.220000000001164,51.87212471,0.0,1.0,0.0,973.665683382964,973.665683382964,0.7645633818351598,0.0
1668544095.159528,16834.54,-1.0299999999988358,51.47501157,0.0,1.0,0.0,973.665683382964,973.665683382964,0.0,0.0
1668544155.174126,16824.76,-9.780000000002474,47.78837416,1.0,0.0,0.0578709998468307,0.0,973.665683382964,0.0,0.0
1668544214.9899392,16820.16,-4.599999999998545,46.7761666,1.0,0.0,0.0578709998468307,0.0,973.399476783668,-0.26620659929608337,0.0
1668544275.1392658,16803.41,-16.75,41.41357214,1.0,0.0,0.0578709998468307,0.0,972.4301375362336,-0.9693392474345046,0.0
1668544334.9347086,16796.69,-6.720000000001164,39.47700716,1.0,0.0,0.0578709998468307,0.0,972.0412444172628,-0.38889311897082735,0.0
1668544394.9356663,16777.23,-19.459999999999127,34.45275343,1.0,0.0,0.0578709998468307,0.0,970.9150747602434,-1.126169657019318,0.0
1668544455.018757,16756.43,-20.799999999999272,30.05041876,1.0,0.0,0.0578709998468307,0.0,969.7113579634294,-1.203716796814092,0.0
1668544515.85209,16755.26,-1.1700000000018917,29.96552271,1.0,0.0,0.0578709998468307,0.0,969.6436488936084,-0.0677090698208076,0.0
1668544575.8536515,16775.16,19.900000000001455,38.48093345,1.0,0.0,0.0578709998468307,0.0,970.7952817905604,1.1516328969520373,0.0
1668544635.887212,16776.87,1.7099999999991269,39.06762079,1.0,0.0,0.0578709998468307,0.0,970.8942412002986,0.09895940973819961,0.0
1668544696.94602,16767.32,-9.549999999999272,36.58588415,1.0,0.0,0.0578709998468307,0.0,970.3415731517614,-0.5526680485371571,0.0
1668544756.652577,16778.48,11.159999999999854,41.36150667,1.0,0.0,0.0578709998468307,0.0,970.987413510052,0.6458403582905703,0.0
1668544816.64153,16780.92,2.4399999999986903,42.30144489,1.0,0.0,0.0578709998468307,0.0,971.128618749678,0.14120523962617426,0.0
1668544877.5856855,16792.35,11.430000000000291,46.89032749,1.0,0.0,0.0578709998468307,0.0,971.7900842779276,0.6614655282494368,0.0
1668544937.379695,16798.7,6.350000000002183,49.33504242,1.0,0.0,0.0578709998468307,0.0,972.157565126955,0.36748084902740175,0.0
1668544997.346795,16796.26,-2.4400000000023283,48.39686806,1.0,0.0,0.0578709998468307,0.0,972.0163598873286,-0.14120523962640164,0.0
1668545058.554142,16803.42,7.1599999999998545,51.32526575,0.0,1.0,0.0,972.430716246232,972.430716246232,0.41435635890331923,0.0
1668545118.527545,16798.79,-4.629999999997381,49.34604535,1.0,0.0,0.0578869499676007,0.0,972.430716246232,0.0,0.0
1668545178.5086987,16778.07,-20.720000000001164,41.82258121,1.0,0.0,0.0578869499676007,0.0,971.2312986429024,-1.1994176033297208,0.0
1668545239.215021,16789.61,11.540000000000873,46.74118965,1.0,0.0,0.0578869499676007,0.0,971.8993140455284,0.668015402625997,0.0
1668545299.270617,16826.8,37.18999999999869,58.75213921,0.0,1.0,0.0,974.0521297148234,974.0521297148234,2.1528156692950233,0.0
1668545359.2148938,16812.07,-14.729999999999563,53.58174413,0.0,1.0,0.0,974.0521297148234,974.0521297148234,0.0,0.0
1668545419.9508967,16817.16,5.0900000000001455,55.07242811,0.0,1.0,0.0,974.0521297148234,974.0521297148234,0.0,0.0
1668545479.90519,16814.57,-2.5900000000001455,54.18011804,0.0,1.0,0.0,974.0521297148234,974.0521297148234,0.0,0.0
1668545540.1830196,16792.41,-22.159999999999854,46.74169248,1.0,0.0,0.0580054994914263,0.0,974.0521297148234,0.0,0.0
1668545601.1223044,16793.38,0.9700000000011642,47.10399427,1.0,0.0,0.0580054994914263,0.0,974.1083950493286,0.056265334505155806,0.0
1668545660.8178778,16801.29,7.9099999999998545,49.84674938,1.0,0.0,0.0580054994914263,0.0,974.5672185503058,0.4588235009772461,0.0
1668545720.7623336,16810.44,9.149999999997817,52.9789924,0.0,1.0,0.0,975.0979688706524,975.0979688706524,0.5307503203464421,0.0
1668545781.7474194,16807.26,-3.180000000000291,51.76986397,0.0,1.0,0.0,975.0979688706524,975.0979688706524,0.0,0.0
1668545841.770793,16823.41,16.150000000001455,57.00461036,0.0,1.0,0.0,975.0979688706524,975.0979688706524,0.0,0.0
1668545901.7852888,16827.05,3.639999999999418,58.11822785,0.0,1.0,0.0,975.0979688706524,975.0979688706524,0.0,0.0
1668545962.4900997,16817.67,-9.380000000001019,54.23787551,0.0,1.0,0.0,975.0979688706524,975.0979688706524,0.0,0.0
1668546022.5933397,16839.81,22.140000000003056,60.9063756,0.0,1.0,0.0,975.0979688706524,975.0979688706524,0.0,0.0
1668546082.553966,16837.0,-2.8100000000013097,59.71988108,0.0,1.0,0.0,975.0979688706524,975.0979688706524,0.0,0.0
1668546143.4219644,16863.83,26.830000000001746,66.44189548,0.0,1.0,0.0,975.0979688706524,975.0979688706524,0.0,0.0
1668546203.2754033,16842.37,-21.460000000002765,58.05213693,0.0,1.0,0.0,975.0979688706524,975.0979688706524,0.0,0.0
1668546263.241804,16849.1,6.729999999999563,59.96022383,0.0,1.0,0.0,975.0979688706524,975.0979688706524,0.0,0.0
1668546324.2692034,16848.55,-0.5499999999992724,59.81372281,0.0,1.0,0.0,975.0979688706524,975.0979688706524,0.0,0.0
1668546384.168183,16844.56,-3.9899999999979627,58.02289209,0.0,1.0,0.0,975.0979688706524,975.0979688706524,0.0,0.0
1668546444.1977708,16804.22,-40.340000000000146,44.6703331,1.0,0.0,0.0580269699438981,0.0,975.0979688706524,0.0,0.0
1668546505.7813773,16802.94,-1.2800000000024738,44.29774579,1.0,0.0,0.0580269699438981,0.0,975.0236943491232,-0.07427452152921887,0.0
1668546565.063769,16803.34,0.4000000000014552,44.41547932,1.0,0.0,0.0580269699438981,0.0,975.0469051371008,0.023210787977632208,0.0
1668546625.0585122,16791.34,-12.0,40.873005,1.0,0.0,0.0580269699438981,0.0,974.350581497774,-0.6963236393268062,0.0
1668546685.7531135,16798.88,7.540000000000873,43.75117627,1.0,0.0,0.0580269699438981,0.0,974.788104851151,0.4375233533770597,0.0
1668546745.903439,16797.86,-1.0200000000004366,43.64750963,1.0,0.0,0.0580269699438981,0.0,974.7289173418084,-0.0591875093427916,0.0
1668546805.9854352,16785.21,-12.650000000001455,39.51295802,1.0,0.0,0.0580269699438981,0.0,973.9948761720178,-0.7340411697905438,0.0
1668546867.358883,16795.95,10.7400000000016,44.15809187,1.0,0.0,0.0580269699438981,0.0,974.6180858292154,0.623209657197549,0.0
1668546927.3301096,16804.4,8.450000000000728,47.56967196,1.0,0.0,0.0580269699438981,0.0,975.1084137252412,0.49032789602597404,0.0
1668546988.0889962,16808.41,4.009999999998399,49.15711395,1.0,0.0,0.0580269699438981,0.0,975.3411018747164,0.23268814947505234,0.0
1668547048.1202862,16805.08,-3.3299999999981083,47.86117893,1.0,0.0,0.0580269699438981,0.0,975.1478720648032,-0.19322980991319127,0.0
1668547108.1435196,16806.08,1.0,48.35334724,1.0,0.0,0.0580269699438981,0.0,975.2058990347472,0.05802696994396683,0.0
1668547168.1779585,16816.91,10.829999999998108,52.9644328,0.0,1.0,0.0,975.8343311192394,975.8343311192394,0.6284320844922604,0.0
1668547228.9300444,16827.38,10.470000000001164,56.99371987,0.0,1.0,0.0,975.8343311192394,975.8343311192394,0.0,0.0
1668547288.9758897,16819.94,-7.440000000002328,53.57663323,0.0,1.0,0.0,975.8343311192394,975.8343311192394,0.0,0.0
1668547348.9650583,16812.17,-7.770000000000437,50.01280256,0.0,1.0,0.0,975.8343311192394,975.8343311192394,0.0,0.0
1668547409.8715284,16809.48,-2.6899999999986903,48.82463738,1.0,0.0,0.058052618588989,0.0,975.8343311192394,0.0,0.0
1668547469.9222724,16816.91,7.430000000000291,52.20333487,0.0,1.0,0.0,976.265662075355,976.265662075355,0.43133095611551653,0.0
1668547530.4070451,16819.77,2.860000000000582,53.47622341,0.0,1.0,0.0,976.265662075355,976.265662075355,0.0,0.0
1668547590.8657825,16815.08,-4.68999999999869,51.09566438,0.0,1.0,0.0,976.265662075355,976.265662075355,0.0,0.0
1668547650.755632,16812.01,-3.070000000003347,49.60890265,1.0,0.0,0.058069538507017,0.0,976.265662075355,0.0,0.0
1668547710.752552,16820.0,7.990000000001601,53.56554254,0.0,1.0,0.0,976.729637688026,976.729637688026,0.46397561267099263,0.0
1668547771.5396593,16829.0,9.0,57.55875226,0.0,1.0,0.0,976.729637688026,976.729637688026,0.0,0.0
1668547831.5228896,16832.75,3.75,58.84722154,0.0,1.0,0.0,976.729637688026,976.729637688026,0.0,0.0
1668547891.5920808,16851.29,18.540000000000873,65.85598897,0.0,1.0,0.0,976.729637688026,976.729637688026,0.0,0.0
1668547952.4530168,16837.01,-14.280000000002474,57.84381574,0.0,1.0,0.0,976.729637688026,976.729637688026,0.0,0.0
1668548013.508189,16838.95,1.9400000000023283,58.4474125,0.0,1.0,0.0,976.729637688026,976.729637688026,0.0,0.0
1668548072.394632,16863.28,24.32999999999811,66.83782984,0.0,1.0,0.0,976.729637688026,976.729637688026,0.0,0.0
1668548133.3885975,16852.24,-11.039999999997235,61.02253299,0.0,1.0,0.0,976.729637688026,976.729637688026,0.0,0.0
1668548193.4241416,16859.56,7.319999999999709,63.05745779,0.0,1.0,0.0,976.729637688026,976.729637688026,0.0,0.0
1668548253.3918986,16870.59,11.029999999998836,66.46508589,0.0,1.0,0.0,976.729637688026,976.729637688026,0.0,0.0
1668548314.2135825,16857.89,-12.700000000000728,59.96490786,0.0,1.0,0.0,976.729637688026,976.729637688026,0.0,0.0
1668548374.2558308,16877.84,19.950000000000728,65.92688437,0.0,1.0,0.0,976.729637688026,976.729637688026,0.0,0.0
1668548434.2980297,16874.06,-3.779999999998836,64.28883268,0.0,1.0,0.0,976.729637688026,976.729637688026,0.0,0.0
1668548495.469728,16875.79,1.7299999999995634,65.06713151,0.0,1.0,0.0,976.729637688026,976.729637688026,0.0,0.0
1668548555.080408,16886.29,10.5,67.47683433,0.0,1.0,0.0,976.729637688026,976.729637688026,0.0,0.0
1668548615.2659714,16886.75,0.4599999999991269,67.46025666,0.0,1.0,0.0,976.729637688026,976.729637688026,0.0,0.0
1668548676.106165,16869.62,-17.13000000000102,58.28710579,0.0,1.0,0.0,976.729637688026,976.729637688026,0.0,0.0
1668548736.0309875,16860.86,-8.7599999999984,54.21195018,0.0,1.0,0.0,976.729637688026,976.729637688026,0.0,0.0
1668548796.3872836,16839.65,-21.209999999999127,45.93218293,1.0,0.0,0.0580017778093978,0.0,976.729637688026,0.0,0.0
1668548856.9217002,16851.5,11.849999999998545,50.48252412,0.0,1.0,0.0,977.4169587550672,977.4169587550672,0.6873210670411254,0.0
1668548916.8956516,16857.68,6.180000000000291,52.7174387,0.0,1.0,0.0,977.4169587550672,977.4169587550672,0.0,0.0
1668548976.9428225,16886.96,29.279999999998836,61.56786553,0.0,1.0,0.0,977.4169587550672,977.4169587550672,0.0,0.0
1668549038.6138244,16878.7,-8.2599999999984,58.25509904,0.0,1.0,0.0,977.4169587550672,977.4169587550672,0.0,0.0
1668549097.776355,16898.33,19.63000000000102,63.33122688,0.0,1.0,0.0,977.4169587550672,977.4169587550672,0.0,0.0
1668549157.8600972,16903.09,4.759999999998399,64.45406184,0.0,1.0,0.0,977.4169587550672,977.4169587550672,0.0,0.0
1668549218.597474,16899.55,-3.540000000000873,62.86835633,0.0,1.0,0.0,977.4169587550672,977.4169587550672,0.0,0.0
1668549278.6742938,16909.98,10.430000000000291,65.76728025,0.0,1.0,0.0,977.4169587550672,977.4169587550672,0.0,0.0
1668549338.5382705,16919.14,9.159999999999854,67.35736591,0.0,1.0,0.0,977.4169587550672,977.4169587550672,0.0,0.0
1668549399.6557584,16907.01,-12.130000000001019,61.90837939,0.0,1.0,0.0,977.4169587550672,977.4169587550672,0.0,0.0
1668549459.544314,16906.08,-0.9299999999966531,61.49761222,0.0,1.0,0.0,977.4169587550672,977.4169587550672,0.0,0.0
1668549520.061362,16906.64,0.5599999999976717,61.6625648,0.0,1.0,0.0,977.4169587550672,977.4169587550672,0.0,0.0
1668549580.492485,16900.66,-5.979999999999563,58.60206944,0.0,1.0,0.0,977.4169587550672,977.4169587550672,0.0,0.0
1668549640.3790166,16911.1,10.43999999999869,61.88209171,0.0,1.0,0.0,977.4169587550672,977.4169587550672,0.0,0.0
1668549700.3853362,16883.7,-27.399999999997817,50.58761615,0.0,1.0,0.0,977.4169587550672,977.4169587550672,0.0,0.0
1668549761.2614205,16872.21,-11.4900000000016,46.58312679,1.0,0.0,0.0579305828196227,0.0,977.4169587550672,0.0,0.0
1668549821.330439,16877.23,5.020000000000437,48.31550277,1.0,0.0,0.0579305828196227,0.0,977.7077702808208,0.290811525753611,0.0
1668549881.2639914,16895.67,18.43999999999869,54.82053907,0.0,1.0,0.0,978.7760102280146,978.7760102280146,1.0682399471937742,0.0
1668549942.4353836,16886.65,-9.019999999996799,51.28876822,0.0,1.0,0.0,978.7760102280146,978.7760102280146,0.0,0.0
1668550002.205357,16892.06,5.4099999999998545,53.26975147,0.0,1.0,0.0,978.7760102280146,978.7760102280146,0.0,0.0
1668550062.20646,16871.79,-20.270000000000437,45.50222653,1.0,0.0,0.0580125766280883,0.0,978.7760102280146,0.0,0.0
1668550123.274927,16875.71,3.9199999999982538,46.75112626,1.0,0.0,0.0580125766280883,0.0,979.003419528396,0.22740930038139595,0.0
1668550183.1009176,16879.54,3.8300000000017462,48.37294055,1.0,0.0,0.0580125766280883,0.0,979.2256076968816,0.22218816848567258,0.0
1668550243.0167477,16909.8,30.2599999999984,59.35068732,0.0,1.0,0.0,980.9810682656477,980.9810682656477,1.7554605687658977,0.0
1668550303.81905,16890.24,-19.55999999999767,51.34838696,0.0,1.0,0.0,980.9810682656477,980.9810682656477,0.0,0.0
1668550363.8192866,16891.62,1.3799999999973807,51.85242146,0.0,1.0,0.0,980.9810682656477,980.9810682656477,0.0,0.0
1668550423.803625,16894.65,3.030000000002474,52.99935492,0.0,1.0,0.0,980.9810682656477,980.9810682656477,0.0,0.0
1668550484.7881308,16899.55,4.899999999997817,54.88226367,0.0,1.0,0.0,980.9810682656477,980.9810682656477,0.0,0.0
1668550544.9844885,16895.99,-3.5599999999976717,52.62655345,0.0,1.0,0.0,980.9810682656477,980.9810682656477,0.0,0.0
1668550604.7985425,16896.9,0.9099999999998545,52.96167241,0.0,1.0,0.0,980.9810682656477,980.9810682656477,0.0,0.0
1668550665.6532776,16874.99,-21.909999999999854,45.06031225,1.0,0.0,0.0581322459015174,0.0,980.9810682656477,0.0,0.0
1668550725.6388164,16886.1,11.109999999996944,49.35582654,1.0,0.0,0.0581322459015174,0.0,981.6269175176128,0.6458492519652737,0.0
1668550785.6340456,16888.59,2.4900000000016007,50.5144321,0.0,1.0,0.0,981.7716668099076,981.7716668099076,0.14474929229493227,0.0
1668550846.3163817,16896.15,7.56000000000131,53.34369991,0.0,1.0,0.0,981.7716668099076,981.7716668099076,0.0,0.0
1668550906.3485134,16878.32,-17.830000000001746,46.40226549,1.0,0.0,0.0581676177966709,0.0,981.7716668099076,0.0,0.0
1668550966.3944488,16873.56,-4.759999999998399,44.62152238,1.0,0.0,0.0581676177966709,0.0,981.4947889491943,-0.27687786071328446,0.0
1668551027.240284,16873.16,-0.4000000000014552,44.35123093,1.0,0.0,0.0581676177966709,0.0,981.4715219020756,-0.023267047118793016,0.0
1668551087.1515183,16854.94,-18.220000000001164,37.87153052,1.0,0.0,0.0581676177966709,0.0,980.4117079058202,-1.0598139962553432,0.0
1668551147.1453743,16883.39,28.450000000000728,49.46211506,1.0,0.0,0.0581676177966709,0.0,982.0665766321356,1.6548687263152715,0.0
1668551208.240559,16882.9,-0.48999999999796273,49.46176074,1.0,0.0,0.0581676177966709,0.0,982.0380744994152,-0.028502132720404916,0.0
1668551268.2056458,16867.6,-15.30000000000291,41.90928358,1.0,0.0,0.0581676177966709,0.0,981.148109947126,-0.8899645522891433,0.0
1668551328.2222855,16869.0,1.4000000000014552,42.81417617,1.0,0.0,0.0581676177966709,0.0,981.2295446120414,0.08143466491537765,0.0
1668551389.0038018,16872.64,3.639999999999418,45.28893532,1.0,0.0,0.0581676177966709,0.0,981.4412747408212,0.21173012877989095,0.0
1668551449.083778,16873.02,0.38000000000101863,45.69653759,1.0,0.0,0.0581676177966709,0.0,981.463378435584,0.022103694762904524,0.0
1668551509.0939302,16889.31,16.290000000000873,54.00416793,0.0,1.0,0.0,982.410928929492,982.410928929492,0.9475504939078974,0.0
1668551569.8513863,16895.65,6.3400000000001455,57.05006271,0.0,1.0,0.0,982.410928929492,982.410928929492,0.0,0.0
1668551629.798886,16877.42,-18.2300000000032,47.85649181,1.0,0.0,0.058208596392665,0.0,982.410928929492,0.0,0.0
1668551689.88651,16883.26,5.8400000000001455,51.02402002,0.0,1.0,0.0,982.7508671324252,982.7508671324252,0.3399382029331264,0.0
1668551750.9017608,16871.42,-11.840000000000146,44.30314983,1.0,0.0,0.0582494459347479,0.0,982.7508671324252,0.0,0.0
1668551811.0083718,16878.76,7.3400000000001455,49.00445021,1.0,0.0,0.0582494459347479,0.0,983.1784180655852,0.4275509331600915,0.0
1668551870.8867896,16867.01,-11.75,41.97984975,1.0,0.0,0.0582494459347479,0.0,982.493987075852,-0.6844309897330731,0.0
1668551931.68552,16854.21,-12.799999999999272,36.0390056,1.0,0.0,0.0582494459347479,0.0,981.7483941678872,-0.7455929079646921,0.0
1668551991.6683257,16848.14,-6.069999999999709,33.38957587,1.0,0.0,0.0582494459347479,0.0,981.3948200310634,-0.353574136823795,0.0
1668552051.658713,16859.19,11.049999999999272,39.23042118,1.0,0.0,0.0582494459347479,0.0,982.0384764086424,0.6436563775789637,0.0
1668552112.4595375,16871.57,12.380000000001019,47.83057106,1.0,0.0,0.0582494459347479,0.0,982.7596045493146,0.7211281406722492,0.0
1668552172.456477,16849.77,-21.799999999999272,35.15489638,1.0,0.0,0.0582494459347479,0.0,981.4897666279372,-1.2698379213775297,0.0
1668552232.422094,16853.44,3.6699999999982538,36.71864528,1.0,0.0,0.0582494459347479,0.0,981.7035420945176,0.21377546658038682,0.0
1668552293.4213274,16848.84,-4.599999999998545,34.4916474,1.0,0.0,0.0582494459347479,0.0,981.435594643218,-0.2679474512997331,0.0
1668552353.5263662,16853.43,4.5900000000001455,38.37359684,1.0,0.0,0.0582494459347479,0.0,981.7029596000584,0.2673649568403107,0.0
1668552413.4115007,16861.21,7.779999999998836,44.88015108,1.0,0.0,0.0582494459347479,0.0,982.1561402894306,0.45318068937217504,0.0
1668552474.207333,16882.67,21.459999999999127,58.1226423,0.0,1.0,0.0,983.4061733991904,983.4061733991904,1.25003310975967,0.0
1668552534.571884,16884.97,2.3000000000029104,59.19357431,0.0,1.0,0.0,983.4061733991904,983.4061733991904,0.0,0.0
1668552594.2566433,16873.24,-11.729999999999563,51.56191365,0.0,1.0,0.0,983.4061733991904,983.4061733991904,0.0,0.0
1668552655.006122,16857.18,-16.06000000000131,43.40058215,1.0,0.0,0.0583375258138781,0.0,983.4061733991904,0.0,0.0
1668552715.0216017,16884.9,27.720000000001164,57.19584701,0.0,1.0,0.0,985.0232896147504,985.0232896147504,1.6171162155600314,0.0
1668552775.022768,16877.24,-7.6599999999998545,52.30536444,0.0,1.0,0.0,985.0232896147504,985.0232896147504,0.0,0.0
1668552835.7813745,16883.98,6.739999999997963,55.27483515,0.0,1.0,0.0,985.0232896147504,985.0232896147504,0.0,0.0
1668552895.7106326,16895.5,11.520000000000437,59.37102669,0.0,1.0,0.0,985.0232896147504,985.0232896147504,0.0,0.0
1668552955.8441286,16885.68,-9.819999999999709,53.75249771,0.0,1.0,0.0,985.0232896147504,985.0232896147504,0.0,0.0
1668553017.3294806,16896.65,10.970000000001164,58.85199826,0.0,1.0,0.0,985.0232896147504,985.0232896147504,0.0,0.0
1668553077.5719094,16895.0,-1.6500000000014552,57.62305019,0.0,1.0,0.0,985.0232896147504,985.0232896147504,0.0,0.0
1668553136.9981608,16901.18,6.180000000000291,59.99521316,0.0,1.0,0.0,985.0232896147504,985.0232896147504,0.0,0.0
1668553197.8134367,16887.41,-13.770000000000437,52.90135884,0.0,1.0,0.0,985.0232896147504,985.0232896147504,0.0,0.0
1668553257.629254,16868.61,-18.799999999999272,44.70111414,1.0,0.0,0.0583938623048816,0.0,985.0232896147504,0.0,0.0
1668553317.7441616,16885.93,17.31999999999971,52.30050194,0.0,1.0,0.0,986.0346713098692,986.0346713098692,1.011381695118871,0.0
1668553378.5324194,16887.11,1.180000000000291,53.06639466,0.0,1.0,0.0,986.0346713098692,986.0346713098692,0.0,0.0
1668553438.57934,16853.13,-33.97999999999956,38.25994754,1.0,0.0,0.0585075099586764,0.0,986.0346713098692,0.0,0.0
1668553498.5712388,16849.31,-3.819999999999709,37.92661097,1.0,0.0,0.0585075099586764,0.0,985.811172621826,-0.22349868804326434,0.0
1668553559.5825832,16858.36,9.049999999999272,42.70048731,1.0,0.0,0.0585075099586764,0.0,986.340665586952,0.5294929651258826,0.0
1668553619.5750291,16845.08,-13.279999999998836,36.6892978,1.0,0.0,0.0585075099586764,0.0,985.5636858547008,-0.7769797322512204,0.0
1668553679.4340203,16850.28,5.19999999999709,39.51446341,1.0,0.0,0.0585075099586764,0.0,985.8679249064858,0.30423905178497535,0.0
1668553740.1748374,16853.38,3.100000000002183,41.30788623,1.0,0.0,0.0585075099586764,0.0,986.0492981873576,0.18137328087198057,0.0
1668553800.3417976,16852.73,-0.6500000000014552,41.27597324,1.0,0.0,0.0585075099586764,0.0,986.0112683058844,-0.03802988147310771,0.0
1668553860.45263,16872.63,19.900000000001455,52.21913665,0.0,1.0,0.0,987.1755677540624,987.1755677540624,1.1642994481778715,0.0
1668553921.0694792,16871.1,-1.5300000000024738,51.60713528,0.0,1.0,0.0,987.1755677540624,987.1755677540624,0.0,0.0
1668553980.247961,16878.7,7.600000000002183,55.35558895,0.0,1.0,0.0,987.1755677540624,987.1755677540624,0.0,0.0
1668554040.2340384,16881.57,2.8699999999989814,56.96009352,0.0,1.0,0.0,987.1755677540624,987.1755677540624,0.0,0.0
1668554100.2126338,16877.92,-3.650000000001455,54.7855136,0.0,1.0,0.0,987.1755677540624,987.1755677540624,0.0,0.0
1668554160.2599297,16878.68,0.7600000000020373,55.11388448,0.0,1.0,0.0,987.1755677540624,987.1755677540624,0.0,0.0
1668554220.2907372,16874.53,-4.150000000001455,52.45730915,0.0,1.0,0.0,987.1755677540624,987.1755677540624,0.0,0.0
1668554280.3862302,16875.39,0.8600000000005821,52.88745186,0.0,1.0,0.0,987.1755677540624,987.1755677540624,0.0,0.0
1668554340.528224,16896.04,20.650000000001455,62.39170703,0.0,1.0,0.0,987.1755677540624,987.1755677540624,0.0,0.0
1668554400.3805237,16886.6,-9.440000000002328,56.61126968,0.0,1.0,0.0,987.1755677540624,987.1755677540624,0.0,0.0
1668554460.3550963,16886.83,0.23000000000320142,56.67502871,0.0,1.0,0.0,987.1755677540624,987.1755677540624,0.0,0.0
1668554520.245016,16884.14,-2.6900000000023283,54.95515163,0.0,1.0,0.0,987.1755677540624,987.1755677540624,0.0,0.0
1668554580.800036,16889.4,5.260000000002037,57.62246333,0.0,1.0,0.0,987.1755677540624,987.1755677540624,0.0,0.0
1668554640.3133888,16863.14,-26.260000000002037,43.24852392,1.0,0.0,0.0585404359896236,0.0,987.1755677540624,0.0,0.0
1668554700.3377583,16851.73,-11.409999999999854,38.41717942,1.0,0.0,0.0585404359896236,0.0,986.5076213794196,-0.6679463746427245,0.0
1668554760.3114982,16855.7,3.970000000001164,41.19416414,1.0,0.0,0.0585404359896236,0.0,986.7400269102984,0.23240553087896387,0.0
1668554820.45189,16846.0,-9.700000000000728,36.69982977,1.0,0.0,0.0585404359896236,0.0,986.1721846811992,-0.5678422290992557,0.0
1668554880.4056628,16855.01,9.0099999999984,42.31368365,1.0,0.0,0.0585404359896236,0.0,986.6996340094656,0.5274493282664707,0.0
1668554940.325875,16849.9,-5.109999999996944,39.31817787,1.0,0.0,0.0585404359896236,0.0,986.4004923815588,-0.2991416279068062,0.0
1668555000.4221306,16863.79,13.889999999999418,47.90292693,1.0,0.0,0.0585404359896236,0.0,987.2136190374546,0.8131266558957577,0.0
1668555061.2327478,16859.58,-4.209999999999127,45.78451558,1.0,0.0,0.0585404359896236,0.0,986.9671638019385,-0.24645523551623683,0.0
1668555120.3748949,16857.64,-1.9400000000023283,45.85726866,1.0,0.0,0.0585404359896236,0.0,986.8535953561184,-0.11356844582007852,0.0
1668555180.320974,16858.88,1.2400000000016007,46.51889994,1.0,0.0,0.0585404359896236,0.0,986.9261854967456,0.07259014062719871,0.0
1668555240.368026,16868.3,9.419999999998254,51.42227146,0.0,1.0,0.0,987.4776364037676,987.4776364037676,0.551450907022172,0.0
1668555300.2694566,16861.12,-7.180000000000291,47.70308057,1.0,0.0,0.0585653643651055,0.0,987.4776364037676,0.0,0.0
1668555360.3138237,16861.36,0.2400000000016007,47.82177226,1.0,0.0,0.0585653643651055,0.0,987.4916920912152,0.014055687447694254,0.0
1668555420.359893,16838.95,-22.409999999999854,37.3807558,1.0,0.0,0.0585653643651055,0.0,986.1792422757934,-1.3124498154218145,0.0
1668555480.4317937,16855.07,16.11999999999898,46.05943973,1.0,0.0,0.0585653643651055,0.0,987.1233159493588,0.9440736735654127,0.0
1668555541.3680615,16846.48,-8.590000000000146,41.1361544,1.0,0.0,0.0585653643651055,0.0,986.6202394694624,-0.5030764798963219,0.0
1668555600.4010155,16861.08,14.600000000002183,50.23303554,0.0,1.0,0.0,987.4752937891932,987.4752937891932,0.8550543197308116,0.0
1668555660.4349344,16869.39,8.309999999997672,54.82300569,0.0,1.0,0.0,987.4752937891932,987.4752937891932,0.0,0.0
1668555720.3955336,16867.76,-1.6300000000010186,53.77249254,0.0,1.0,0.0,987.4752937891932,987.4752937891932,0.0,0.0
1668555780.574464,16880.27,12.510000000002037,60.1512412,0.0,1.0,0.0,987.4752937891932,987.4752937891932,0.0,0.0
1668555840.4097214,16873.69,-6.580000000001746,56.15568642,0.0,1.0,0.0,987.4752937891932,987.4752937891932,0.0,0.0
1668555900.3982654,16877.68,3.9900000000016007,58.15673143,0.0,1.0,0.0,987.4752937891932,987.4752937891932,0.0,0.0
1668555960.3570173,16889.79,12.110000000000582,63.8078953,0.0,1.0,0.0,987.4752937891932,987.4752937891932,0.0,0.0
1668556021.4408412,16892.06,2.2700000000004366,64.90736653,0.0,1.0,0.0,987.4752937891932,987.4752937891932,0.0,0.0
1668556080.3626633,16892.58,0.5200000000004366,65.14604208,0.0,1.0,0.0,987.4752937891932,987.4752937891932,0.0,0.0
1668556140.458342,16891.7,-0.8800000000010186,62.46606686,0.0,1.0,0.0,987.4752937891932,987.4752937891932,0.0,0.0
1668556200.7884452,16882.69,-9.010000000002037,56.1085403,0.0,1.0,0.0,987.4752937891932,987.4752937891932,0.0,0.0
1668556260.4061778,16866.95,-15.739999999997963,47.14856082,1.0,0.0,0.0585449825717864,0.0,987.4752937891932,0.0,0.0
1668556320.464202,16869.87,2.9199999999982538,48.75943828,1.0,0.0,0.0585449825717864,0.0,987.646245138302,0.1709513491089183,0.0
1668556380.40983,16879.59,9.720000000001164,53.94852116,0.0,1.0,0.0,988.2153023689,988.2153023689,0.5690572305979913,0.0
1668556440.3825996,16864.08,-15.5099999999984,45.46024663,1.0,0.0,0.0585988267589397,0.0,988.2153023689,0.0,0.0
1668556500.871605,16895.96,31.87999999999738,60.13663808,0.0,1.0,0.0,990.0834329659748,990.0834329659748,1.8681305970748099,0.0
1668556560.442223,16887.06,-8.899999999997817,55.92968061,0.0,1.0,0.0,990.0834329659748,990.0834329659748,0.0,0.0
1668556620.6784198,16895.07,8.0099999999984,59.29626717,0.0,1.0,0.0,990.0834329659748,990.0834329659748,0.0,0.0
1668556680.3823078,16899.52,4.450000000000728,61.07748299,0.0,1.0,0.0,990.0834329659748,990.0834329659748,0.0,0.0
1668556740.349856,16901.08,1.5600000000013097,61.04457674,0.0,1.0,0.0,990.0834329659748,990.0834329659748,0.0,0.0
1668556800.4897697,16897.93,-3.150000000001455,59.07764627,0.0,1.0,0.0,990.0834329659748,990.0834329659748,0.0,0.0
1668556860.5092092,16893.16,-4.770000000000437,55.88785497,0.0,1.0,0.0,990.0834329659748,990.0834329659748,0.0,0.0
1668556920.5422783,16900.47,7.31000000000131,58.36689857,0.0,1.0,0.0,990.0834329659748,990.0834329659748,0.0,0.0
1668556980.6673584,16922.22,21.75,65.40031865,0.0,1.0,0.0,990.0834329659748,990.0834329659748,0.0,0.0
1668557040.5082145,16919.54,-2.680000000000291,62.02132934,0.0,1.0,0.0,990.0834329659748,990.0834329659748,0.0,0.0
1668557100.5434058,16920.56,1.0200000000004366,61.43248618,0.0,1.0,0.0,990.0834329659748,990.0834329659748,0.0,0.0
1668557160.4096708,16917.34,-3.220000000001164,60.17276422,0.0,1.0,0.0,990.0834329659748,990.0834329659748,0.0,0.0
1668557220.6034114,16905.44,-11.900000000001455,55.19585838,0.0,1.0,0.0,990.0834329659748,990.0834329659748,0.0,0.0
1668557280.5383742,16908.49,3.0500000000029104,56.2678496,0.0,1.0,0.0,990.0834329659748,990.0834329659748,0.0,0.0
1668557340.469658,16895.12,-13.37000000000262,50.7713306,0.0,1.0,0.0,990.0834329659748,990.0834329659748,0.0,0.0
1668557400.3770182,16903.59,8.470000000001164,54.37947018,0.0,1.0,0.0,990.0834329659748,990.0834329659748,0.0,0.0
1668557460.6625755,16895.47,-8.119999999998981,50.57004687,0.0,1.0,0.0,990.0834329659748,990.0834329659748,0.0,0.0
1668557520.9408228,16894.61,-0.8600000000005821,50.12439424,0.0,1.0,0.0,990.0834329659748,990.0834329659748,0.0,0.0
1668557580.572456,16872.53,-22.080000000001746,40.84051031,1.0,0.0,0.0586801998850187,0.0,990.0834329659748,0.0,0.0
1668557640.5430844,16866.66,-5.869999999998981,38.49692873,1.0,0.0,0.0586801998850187,0.0,989.7389801926496,-0.3444527733253153,0.0
1668557700.546657,16868.07,1.4099999999998545,38.93288537,1.0,0.0,0.0586801998850187,0.0,989.8217192744874,0.08273908183775802,0.0
1668557760.5227852,16848.69,-19.38000000000102,32.66616294,1.0,0.0,0.0586801998850187,0.0,988.6844970007156,-1.1372222737717266,0.0
1668557820.7131956,16843.24,-5.44999999999709,31.18947637,1.0,0.0,0.0586801998850187,0.0,988.3646899113425,-0.31980708937317104,0.0
1668557880.6897953,16852.51,9.269999999996799,36.36403634,1.0,0.0,0.0586801998850187,0.0,988.9086553642765,0.5439654529338895,0.0
1668557940.5354753,16871.07,18.56000000000131,45.88543217,1.0,0.0,0.0586801998850187,0.0,989.9977598741424,1.0891045098659333,0.0
1668558000.808218,16881.74,10.670000000001892,50.30293045,0.0,1.0,0.0,990.6238776069156,990.6238776069156,0.6261177327733094,0.0
1668558060.486647,16881.7,-0.040000000000873115,50.43570144,0.0,1.0,0.0,990.6238776069156,990.6238776069156,0.0,0.0
1668558120.4950423,16860.17,-21.530000000002474,41.77874487,1.0,0.0,0.0587552721951745,0.0,990.6238776069156,0.0,0.0
1668558180.4818118,16849.22,-10.94999999999709,38.17189799,1.0,0.0,0.0587552721951745,0.0,989.980507376378,-0.6433702305374709,0.0
1668558240.4058993,16851.23,2.0099999999983993,39.1517148,1.0,0.0,0.0587552721951745,0.0,990.0986054734904,0.11809809711235175,0.0
1668558300.4665265,16834.06,-17.169999999998254,33.56415833,1.0,0.0,0.0587552721951745,0.0,989.0897774498992,-1.008828023591036,0.0
1668558360.5064244,16822.39,-11.670000000001892,34.78395313,1.0,0.0,0.0587552721951745,0.0,988.4041034233816,-0.685674026517745,0.0
1668558420.4087656,16822.2,-0.18999999999869033,34.91412273,1.0,0.0,0.0587552721951745,0.0,988.3929399216644,-0.011163501717078361,0.0
1668558480.6181066,16827.64,5.43999999999869,37.40733319,1.0,0.0,0.0587552721951745,0.0,988.712568602406,0.31962868074174366,0.0
1668558541.1733782,16818.15,-9.489999999997963,34.21182425,1.0,0.0,0.0587552721951745,0.0,988.154981069274,-0.5575875331319367,0.0
1668558600.5502946,16808.27,-9.880000000001019,31.70233021,1.0,0.0,0.0587552721951745,0.0,987.5744789799857,-0.5805020892883022,0.0
1668558660.5630753,16810.0,1.7299999999995634,32.26487195,1.0,0.0,0.0587552721951745,0.0,987.6761256008832,0.10164662089766807,0.0
1668558720.6695642,16824.3,14.299999999999272,39.43132235,1.0,0.0,0.0587552721951745,0.0,988.5163259932742,0.8402003923910115,0.0
1668558780.571351,16818.3,-6.0,37.81409512,1.0,0.0,0.0587552721951745,0.0,988.1637943601032,-0.35253163317099734,0.0
1668558840.571138,16829.97,11.670000000001892,42.33487089,1.0,0.0,0.0587552721951745,0.0,988.8494683866212,0.6856740265178587,0.0
1668558900.5271604,16818.66,-11.31000000000131,38.33491096,1.0,0.0,0.0587552721951745,0.0,988.1849462580936,-0.6645221285276648,0.0
1668558960.5458708,16821.62,2.959999999999127,39.31346182,1.0,0.0,0.0587552721951745,0.0,988.3588618637912,0.17391560569751618,0.0
1668559021.166147,16820.65,-0.9699999999975262,39.7106862,1.0,0.0,0.0587552721951745,0.0,988.301869249762,-0.05699261402912725,0.0
1668559080.4704628,16819.97,-0.680000000000291,39.39626837,1.0,0.0,0.0587552721951745,0.0,988.2619156646692,-0.03995358509280322,0.0
1668559140.682197,16826.25,6.279999999998836,42.64741908,1.0,0.0,0.0587552721951745,0.0,988.6308987740548,0.368983109385681,0.0
1668559200.555584,16827.66,1.4099999999998545,43.80943931,1.0,0.0,0.0587552721951745,0.0,988.71374370785,0.08284493379528612,0.0
1668559260.6093192,16837.74,10.080000000001746,49.360901,1.0,0.0,0.0587552721951745,0.0,989.3059968515776,0.5922531437275893,0.0
1668559320.672468,16814.65,-23.090000000000146,38.40614626,1.0,0.0,0.0587552721951745,0.0,987.9493376165908,-1.3566592349866369,0.0
1668559380.5175238,16804.77,-9.880000000001019,34.87590597,1.0,0.0,0.0587552721951745,0.0,987.3688355273026,-0.5805020892881885,0.0
1668559440.590778,16805.98,1.2099999999991269,36.85875301,1.0,0.0,0.0587552721951745,0.0,987.4399294066588,0.07109387935611267,0.0
1668559501.0514665,16823.66,17.68000000000029,46.12502017,1.0,0.0,0.0587552721951745,0.0,988.4787226190692,1.0387932124104964,0.0
1668559560.717753,16813.12,-10.540000000000873,41.22773047,1.0,0.0,0.0587552721951745,0.0,987.8594420501322,-0.6192805689370289,0.0
1668559620.6232643,16803.29,-9.829999999998108,37.44260098,1.0,0.0,0.0587552721951745,0.0,987.2818777244538,-0.5775643256783951,0.0
1668559680.5943084,16823.27,19.979999999999563,47.24985757,1.0,0.0,0.0587552721951745,0.0,988.4558080629132,1.1739303384595132,0.0
1668559740.6779952,16840.11,16.840000000000146,55.14063719,0.0,1.0,0.0,989.44524684668,989.44524684668,0.9894387837669001,0.0
1668559800.7223854,16837.25,-2.860000000000582,54.04492432,0.0,1.0,0.0,989.44524684668,989.44524684668,0.0,0.0
1668559860.7060244,16824.98,-12.270000000000437,47.89500648,1.0,0.0,0.0588081083511944,0.0,989.44524684668,0.0,0.0
1668559920.5702116,16820.36,-4.619999999998981,46.51872904,1.0,0.0,0.0588081083511944,0.0,989.1735533860964,-0.27169346058371957,0.0
1668559981.4192543,16821.54,1.180000000000291,47.09259214,1.0,0.0,0.0588081083511944,0.0,989.2429469539506,0.06939356785426298,0.0
1668560040.57716,16819.1,-2.4400000000023283,45.93742824,1.0,0.0,0.0588081083511944,0.0,989.0994551695736,-0.14349178437703358,0.0
1668560100.635959,16814.48,-4.619999999998981,43.7005312,1.0,0.0,0.0588081083511944,0.0,988.8277617089911,-0.271693460582469,0.0
1668560160.48425,16811.0,-3.4799999999995634,42.03761811,1.0,0.0,0.0588081083511944,0.0,988.623109491929,-0.20465221706217562,0.0
1668560221.0665936,16789.95,-21.049999999999272,33.96535385,1.0,0.0,0.0588081083511944,0.0,987.3851988111364,-1.2379106807925382,0.0
1668560280.6751282,16787.94,-2.0100000000020373,37.39971676,1.0,0.0,0.0588081083511944,0.0,987.2669945133504,-0.11820429778606467,0.0
1668560340.5879052,16785.73,-2.209999999999127,36.56389997,1.0,0.0,0.0588081083511944,0.0,987.1370285938945,-0.1299659194560263,0.0
1668560400.6393723,16789.1,3.3699999999989814,38.45970614,1.0,0.0,0.0588081083511944,0.0,987.3352119190378,0.1981833251433045,0.0
1668560461.0020397,16791.16,2.0600000000013097,39.75118683,1.0,0.0,0.0588081083511944,0.0,987.4563566222412,0.12114470320352666,0.0
1668560520.6666486,16801.0,9.840000000000146,45.09709661,1.0,0.0,0.0588081083511944,0.0,988.0350284084172,0.5786717861759598,0.0
1668560580.5937648,16793.48,-7.520000000000437,41.56164233,1.0,0.0,0.0588081083511944,0.0,987.592791433616,-0.4422369748011761,0.0
1668560640.683819,16797.43,3.9500000000007276,43.80747572,1.0,0.0,0.0588081083511944,0.0,987.8250834616032,0.2322920279873415,0.0
1668560700.7654133,16802.47,5.040000000000873,46.65167142,1.0,0.0,0.0588081083511944,0.0,988.1214763276934,0.2963928660901729,0.0
1668560760.5950096,16810.65,8.180000000000291,50.86845587,0.0,1.0,0.0,988.6025266540062,988.6025266540062,0.4810503263128112,0.0
1668560820.6156185,16799.17,-11.480000000003201,45.18016936,1.0,0.0,0.0588482958773562,0.0,988.6025266540062,0.0,0.0
1668560880.6254306,16817.12,17.950000000000728,54.22235857,0.0,1.0,0.0,989.6588535650044,989.6588535650044,1.0563269109983366,0.0
1668560941.225561,16813.91,-3.209999999999127,52.77975114,0.0,1.0,0.0,989.6588535650044,989.6588535650044,0.0,0.0
1668561000.6200554,16817.24,3.3300000000017462,54.49159022,0.0,1.0,0.0,989.6588535650044,989.6588535650044,0.0,0.0
1668561060.611617,16816.48,-0.7600000000020373,54.06645655,0.0,1.0,0.0,989.6588535650044,989.6588535650044,0.0,0.0
1668561120.657122,16803.43,-13.049999999999272,46.29241474,1.0,0.0,0.0588962404440643,0.0,989.6588535650044,0.0,0.0
1668561180.7400951,16795.78,-7.650000000001455,42.31268137,1.0,0.0,0.0588962404440643,0.0,989.2082973256064,-0.45055623939811085,0.0
1668561240.7010431,16796.84,1.0600000000013097,42.71241572,1.0,0.0,0.0588962404440643,0.0,989.270727340477,0.06243001487064248,0.0
1668561300.7333276,16802.89,6.049999999999272,46.79609573,1.0,0.0,0.0588962404440643,0.0,989.6270495951636,0.3563222546865745,0.0
1668561360.6391993,16801.86,-1.0299999999988358,46.10729129,1.0,0.0,0.0588962404440643,0.0,989.5663864675064,-0.06066312765733528,0.0
1668561421.2865202,16813.84,11.979999999999563,54.19535329,0.0,1.0,0.0,990.271963428026,990.271963428026,0.7055769605196929,0.0
1668561480.832821,16811.21,-2.6300000000010186,52.81999424,0.0,1.0,0.0,990.271963428026,990.271963428026,0.0,0.0
1668561540.6272788,16816.37,5.1599999999998545,56.12175672,0.0,1.0,0.0,990.271963428026,990.271963428026,0.0,0.0
1668561600.7699366,16818.4,2.030000000002474,56.88277555,0.0,1.0,0.0,990.271963428026,990.271963428026,0.0,0.0
1668561660.6082754,16815.82,-2.5800000000017462,54.6369293,0.0,1.0,0.0,990.271963428026,990.271963428026,0.0,0.0
1668561720.817742,16795.19,-20.63000000000102,42.11704697,1.0,0.0,0.0589616410072185,0.0,990.271963428026,0.0,0.0
1668561780.687301,16812.77,17.580000000001746,52.69427737,0.0,1.0,0.0,991.308509076933,991.308509076933,1.0365456489070084,0.0
1668561840.6637664,16816.9,4.130000000001019,54.91360285,0.0,1.0,0.0,991.308509076933,991.308509076933,0.0,0.0
1668561901.014274,16819.74,2.8400000000001455,56.31959866,0.0,1.0,0.0,991.308509076933,991.308509076933,0.0,0.0
1668561960.7818923,16819.48,-0.26000000000203727,55.95056656,0.0,1.0,0.0,991.308509076933,991.308509076933,0.0,0.0
1668562020.6507432,16815.35,-4.130000000001019,53.21162041,0.0,1.0,0.0,991.308509076933,991.308509076933,0.0,0.0
1668562080.8190851,16834.15,18.80000000000291,62.32831383,0.0,1.0,0.0,991.308509076933,991.308509076933,0.0,0.0
1668562140.6572125,16815.05,-19.100000000002183,51.5096031,0.0,1.0,0.0,991.308509076933,991.308509076933,0.0,0.0
1668562200.6987052,16814.86,-0.18999999999869033,51.40217816,0.0,1.0,0.0,991.308509076933,991.308509076933,0.0,0.0
1668562260.718438,16818.71,3.849999999998545,53.57214938,0.0,1.0,0.0,991.308509076933,991.308509076933,0.0,0.0
1668562320.6381547,16781.15,-37.55999999999767,35.57772704,1.0,0.0,0.0590727398942821,0.0,991.308509076933,0.0,0.0
1668562380.6131115,16810.23,29.07999999999811,49.6510899,1.0,0.0,0.0590727398942821,0.0,993.0263443530578,1.717835276124788,0.0
1668562440.677992,16784.21,-26.020000000000437,35.76136875,1.0,0.0,0.0590727398942821,0.0,991.4892716610084,-1.5370726920492643,0.0
1668562500.9254344,16812.6,28.389999999999418,51.92501761,0.0,1.0,0.0,993.1663467466072,993.1663467466072,1.6770750855987444,0.0
1668562560.7062192,16828.89,16.290000000000873,60.0453444,0.0,1.0,0.0,993.1663467466072,993.1663467466072,0.0,0.0
1668562620.7009172,16821.75,-7.139999999999418,55.80611408,0.0,1.0,0.0,993.1663467466072,993.1663467466072,0.0,0.0
1668562680.690553,16826.9,5.150000000001455,58.02356805,0.0,1.0,0.0,993.1663467466072,993.1663467466072,0.0,0.0
1668562740.655776,16833.8,6.899999999997817,60.78616182,0.0,1.0,0.0,993.1663467466072,993.1663467466072,0.0,0.0
1668562800.6664703,16829.96,-3.8400000000001455,58.16848712,0.0,1.0,0.0,993.1663467466072,993.1663467466072,0.0,0.0
1668562860.7262294,16831.49,1.5300000000024738,58.44073181,0.0,1.0,0.0,993.1663467466072,993.1663467466072,0.0,0.0
1668562920.6627526,16824.0,-7.490000000001601,53.82598837,0.0,1.0,0.0,993.1663467466072,993.1663467466072,0.0,0.0
1668562980.647098,16832.62,8.619999999998981,58.57833289,0.0,1.0,0.0,993.1663467466072,993.1663467466072,0.0,0.0
1668563040.802057,16834.56,1.9400000000023283,59.53856163,0.0,1.0,0.0,993.1663467466072,993.1663467466072,0.0,0.0
1668563100.7575972,16828.94,-5.620000000002619,55.93239162,0.0,1.0,0.0,993.1663467466072,993.1663467466072,0.0,0.0
1668563160.7230442,16821.87,-7.069999999999709,51.0292695,0.0,1.0,0.0,993.1663467466072,993.1663467466072,0.0,0.0
1668563220.7633624,16819.95,-1.9199999999982538,49.79372929,1.0,0.0,0.0590469262243114,0.0,993.1663467466072,0.0,0.0
1668563280.8508086,16811.25,-8.700000000000728,44.68903335,1.0,0.0,0.0590469262243114,0.0,992.6526384884552,-0.5137082581521781,0.0
1668563340.7123616,16813.09,1.8400000000001455,46.08292618,1.0,0.0,0.0590469262243114,0.0,992.7612848327078,0.10864634425263375,0.0
1668563400.76681,16812.82,-0.27000000000043656,46.03006603,1.0,0.0,0.0590469262243114,0.0,992.7453421626273,-0.015942670080562493,0.0
1668563461.0290954,16810.7,-2.1199999999989814,44.85362756,1.0,0.0,0.0590469262243114,0.0,992.6201626790318,-0.12517948359550246,0.0
1668563520.836121,16808.74,-1.9599999999991269,43.71628726,1.0,0.0,0.0590469262243114,0.0,992.504430703632,-0.11573197539962621,0.0
1668563580.7841835,16815.42,6.679999999996653,48.82278788,1.0,0.0,0.0590469262243114,0.0,992.8988641708104,0.3944334671783736,0.0
1668563640.7723055,16808.15,-7.269999999996799,44.80858435,1.0,0.0,0.0590469262243114,0.0,992.4695930171598,-0.4292711536505749,0.0
1668563700.803028,16830.47,22.31999999999971,57.14204235,0.0,1.0,0.0,993.7875204104864,993.7875204104864,1.3179273933266131,0.0
1668563760.749921,16837.53,7.059999999997672,60.40664816,0.0,1.0,0.0,993.7875204104864,993.7875204104864,0.0,0.0
1668563820.7170815,16841.57,4.040000000000873,61.98024824,0.0,1.0,0.0,993.7875204104864,993.7875204104864,0.0,0.0
1668563881.230183,16848.91,7.3400000000001455,65.13260443,0.0,1.0,0.0,993.7875204104864,993.7875204104864,0.0,0.0
1668563940.7771027,16847.21,-1.7000000000007276,61.53789157,0.0,1.0,0.0,993.7875204104864,993.7875204104864,0.0,0.0
1668564000.7447453,16857.17,9.959999999999127,65.90172358,0.0,1.0,0.0,993.7875204104864,993.7875204104864,0.0,0.0
1668564060.697554,16864.62,7.450000000000728,68.44257171,0.0,1.0,0.0,993.7875204104864,993.7875204104864,0.0,0.0
1668564120.778366,16866.51,1.889999999999418,64.59023198,0.0,1.0,0.0,993.7875204104864,993.7875204104864,0.0,0.0
1668564180.7370842,16862.71,-3.7999999999992724,62.53321245,0.0,1.0,0.0,993.7875204104864,993.7875204104864,0.0,0.0
1668564241.1287615,16852.43,-10.279999999998836,57.25268916,0.0,1.0,0.0,993.7875204104864,993.7875204104864,0.0,0.0
1668564300.8943057,16826.99,-25.43999999999869,46.56465741,1.0,0.0,0.0590591377549096,0.0,993.7875204104864,0.0,0.0
1668564361.183969,16830.45,3.459999999999127,47.92504554,1.0,0.0,0.0590591377549096,0.0,993.9918650271184,0.204344616631829,0.0
1668564420.961716,16847.78,17.32999999999811,54.78407926,0.0,1.0,0.0,995.0153598844108,995.0153598844108,1.0234948572923486,0.0
1668564481.129344,16843.96,-3.819999999999709,53.07857831,0.0,1.0,0.0,995.0153598844108,995.0153598844108,0.0,0.0
1668564541.081024,16843.73,-0.22999999999956344,52.9699848,0.0,1.0,0.0,995.0153598844108,995.0153598844108,0.0,0.0
1668564601.9380555,16845.1,1.3699999999989814,53.15791638,0.0,1.0,0.0,995.0153598844108,995.0153598844108,0.0,0.0
1668564661.7641172,16838.67,-6.430000000000291,50.40583483,0.0,1.0,0.0,995.0153598844108,995.0153598844108,0.0,0.0
1668564721.7630656,16835.6,-3.069999999999709,49.09061804,1.0,0.0,0.0591018650885273,0.0,995.0153598844108,0.0,0.0
1668564782.5106237,16833.99,-1.609999999996944,48.32807059,1.0,0.0,0.0591018650885273,0.0,994.9202058816178,-0.09515400279303776,0.0
1668564842.586167,16836.2,2.209999999999127,49.32259671,1.0,0.0,0.0591018650885273,0.0,995.0508210034634,0.13061512184560797,0.0
1668564902.6925342,16849.52,13.319999999999709,55.83756307,0.0,1.0,0.0,995.8380578464426,995.8380578464426,0.787236842979155,0.0
1668564963.5868158,16874.54,25.020000000000437,64.81440504,0.0,1.0,0.0,995.8380578464426,995.8380578464426,0.0,0.0
1668565023.5467625,16868.46,-6.080000000001746,62.52117896,0.0,1.0,0.0,995.8380578464426,995.8380578464426,0.0,0.0
1668565083.4756613,16881.0,12.540000000000873,65.96591279,0.0,1.0,0.0,995.8380578464426,995.8380578464426,0.0,0.0
1668565144.181993,16881.75,0.75,65.81983995,0.0,1.0,0.0,995.8380578464426,995.8380578464426,0.0,0.0
1668565204.1743507,16878.07,-3.680000000000291,63.48017871,0.0,1.0,0.0,995.8380578464426,995.8380578464426,0.0,0.0
1668565264.132656,16868.88,-9.18999999999869,58.14659884,0.0,1.0,0.0,995.8380578464426,995.8380578464426,0.0,0.0
1668565325.081958,16871.83,2.9500000000007276,59.76200857,0.0,1.0,0.0,995.8380578464426,995.8380578464426,0.0,0.0
1668565385.5544815,16882.77,10.93999999999869,64.08702505,0.0,1.0,0.0,995.8380578464426,995.8380578464426,0.0,0.0
1668565444.978683,16879.24,-3.529999999998836,60.82749548,0.0,1.0,0.0,995.8380578464426,995.8380578464426,0.0,0.0
1668565505.877328,16874.66,-4.580000000001746,58.1601348,0.0,1.0,0.0,995.8380578464426,995.8380578464426,0.0,0.0
1668565565.7942286,16891.72,17.06000000000131,64.99955439,0.0,1.0,0.0,995.8380578464426,995.8380578464426,0.0,0.0
1668565625.9789262,16894.12,2.399999999997817,62.6193218,0.0,1.0,0.0,995.8380578464426,995.8380578464426,0.0,0.0
1668565686.6493134,16893.0,-1.1199999999989814,61.90411178,0.0,1.0,0.0,995.8380578464426,995.8380578464426,0.0,0.0
1668565746.7379482,16895.89,2.889999999999418,62.89306845,0.0,1.0,0.0,995.8380578464426,995.8380578464426,0.0,0.0
1668565806.6337817,16896.78,0.8899999999994179,63.24518522,0.0,1.0,0.0,995.8380578464426,995.8380578464426,0.0,0.0
1668565867.4233625,16891.8,-4.979999999999563,60.23187569,0.0,1.0,0.0,995.8380578464426,995.8380578464426,0.0,0.0
1668565927.3988104,16904.0,12.200000000000728,65.87836875,0.0,1.0,0.0,995.8380578464426,995.8380578464426,0.0,0.0
1668565987.3766687,16945.91,41.909999999999854,76.56413429,0.0,1.0,0.0,995.8380578464426,995.8380578464426,0.0,0.0
1668566048.8552797,17002.63,56.720000000001164,83.74895476,0.0,1.0,0.0,995.8380578464426,995.8380578464426,0.0,0.0
1668566109.007282,16988.4,-14.229999999999563,80.81136288,0.0,1.0,0.0,995.8380578464426,995.8380578464426,0.0,0.0
1668566168.874296,16995.06,6.6599999999998545,78.31915392,0.0,1.0,0.0,995.8380578464426,995.8380578464426,0.0,0.0
1668566229.697009,16980.87,-14.190000000002328,70.76057201,0.0,1.0,0.0,995.8380578464426,995.8380578464426,0.0,0.0
1668566289.7734592,16983.06,2.1900000000023283,69.63381177,0.0,1.0,0.0,995.8380578464426,995.8380578464426,0.0,0.0
1668566349.656906,16964.92,-18.140000000003056,63.94496534,0.0,1.0,0.0,995.8380578464426,995.8380578464426,0.0,0.0
1668566411.5168982,16949.74,-15.179999999996653,58.75498536,0.0,1.0,0.0,995.8380578464426,995.8380578464426,0.0,0.0
1668566470.4447577,16960.12,10.37999999999738,61.35176599,0.0,1.0,0.0,995.8380578464426,995.8380578464426,0.0,0.0
1668566530.5066068,16953.22,-6.899999999997817,58.61061764,0.0,1.0,0.0,995.8380578464426,995.8380578464426,0.0,0.0
1668566591.1664376,16969.77,16.549999999999272,62.48515532,0.0,1.0,0.0,995.8380578464426,995.8380578464426,0.0,0.0
1668566651.1606495,16979.21,9.43999999999869,64.46681503,0.0,1.0,0.0,995.8380578464426,995.8380578464426,0.0,0.0
1668566711.770049,16980.19,0.9799999999995634,64.68017881,0.0,1.0,0.0,995.8380578464426,995.8380578464426,0.0,0.0
1668566772.0692887,16962.97,-17.219999999997526,58.27299945,0.0,1.0,0.0,995.8380578464426,995.8380578464426,0.0,0.0
1668566832.2143507,16954.22,-8.75,55.2547851,0.0,1.0,0.0,995.8380578464426,995.8380578464426,0.0,0.0
1668566892.6262956,16944.86,-9.360000000000582,52.07123664,0.0,1.0,0.0,995.8380578464426,995.8380578464426,0.0,0.0
1668566952.829667,16948.95,4.0900000000001455,53.35117797,0.0,1.0,0.0,995.8380578464426,995.8380578464426,0.0,0.0
1668567012.9304492,16939.9,-9.049999999999272,50.2041644,0.0,1.0,0.0,995.8380578464426,995.8380578464426,0.0,0.0
1668567072.962271,16940.81,0.9099999999998545,50.54399241,0.0,1.0,0.0,995.8380578464426,995.8380578464426,0.0,0.0
1668567133.5575194,16953.32,12.5099999999984,54.83200978,0.0,1.0,0.0,995.8380578464426,995.8380578464426,0.0,0.0
1668567194.180839,16948.04,-5.279999999998836,52.75304878,0.0,1.0,0.0,995.8380578464426,995.8380578464426,0.0,0.0
1668567253.515442,16940.46,-7.580000000001746,49.83198951,1.0,0.0,0.0587845936796546,0.0,995.8380578464426,0.0,0.0
1668567314.5426528,16946.55,6.0900000000001455,52.13559739,0.0,1.0,0.0,996.1960560219508,996.1960560219508,0.35799817550810076,0.0
1668567374.5814416,16940.45,-6.099999999998545,49.68398985,1.0,0.0,0.0588057611233438,0.0,996.1960560219508,0.0,0.0
1668567434.8559687,16947.19,6.739999999997963,52.30696456,0.0,1.0,0.0,996.5924068519208,996.5924068519208,0.39635082996994697,0.0
1668567495.3256288,16941.08,-6.109999999996944,49.76272325,1.0,0.0,0.058826970113589,0.0,996.5924068519208,1.1368683772161603e-13,0.0
1668567555.324034,16947.23,6.149999999997817,52.30034117,0.0,1.0,0.0,996.9541927181187,996.9541927181187,0.36178586619803355,0.0
1668567615.3143685,16943.0,-4.229999999999563,50.46131679,0.0,1.0,0.0,996.9541927181187,996.9541927181187,0.0,0.0
1668567676.1266596,16923.62,-19.38000000000102,42.81800186,1.0,0.0,0.0589090391250878,0.0,996.9541927181187,0.0,0.0
1668567736.1187675,16932.85,9.229999999999563,46.96780805,1.0,0.0,0.0589090391250878,0.0,997.4979231492428,0.5437304311241178,0.0
1668567796.1372492,16933.56,0.7100000000027649,47.29066422,1.0,0.0,0.0589090391250878,0.0,997.5397485670218,0.041825417779023155,0.0
1668567857.474764,16934.89,1.3299999999981083,47.8943138,1.0,0.0,0.0589090391250878,0.0,997.618097589058,0.0783490220362637,0.0
1668567917.9626646,16928.43,-6.459999999999127,45.20002958,1.0,0.0,0.0589090391250878,0.0,997.23754519631,-0.3805523927479726,0.0
1668567977.5465522,16920.38,-8.049999999999272,41.93880371,1.0,0.0,0.0589090391250878,0.0,996.7633274313532,-0.47421776495684753,0.0
1668568038.257446,16929.28,8.899999999997817,46.5240171,1.0,0.0,0.0589090391250878,0.0,997.2876178795664,0.524290448213037,0.0
1668568098.1978962,16933.03,3.75,48.28364407,1.0,0.0,0.0589090391250878,0.0,997.5085267762854,0.22090889671903824,0.0
1668568158.2642517,16942.01,8.979999999999563,52.49301135,0.0,1.0,0.0,998.0375299476286,998.0375299476286,0.52900317134322,0.0
1668568219.0026383,16941.77,-0.23999999999796273,52.3703257,0.0,1.0,0.0,998.0375299476286,998.0375299476286,0.0,0.0
1668568279.0580084,16941.64,-0.13000000000101863,52.227885,0.0,1.0,0.0,998.0375299476286,998.0375299476286,0.0,0.0
1668568338.9997091,16946.87,5.229999999999563,54.93893167,0.0,1.0,0.0,998.0375299476286,998.0375299476286,0.0,0.0
1668568399.7717924,16948.55,1.680000000000291,55.8119328,0.0,1.0,0.0,998.0375299476286,998.0375299476286,0.0,0.0
1668568459.9864678,16940.62,-7.930000000000291,50.89897326,0.0,1.0,0.0,998.0375299476286,998.0375299476286,0.0,0.0
1668568519.951723,16941.6,0.9799999999995634,51.41373994,0.0,1.0,0.0,998.0375299476286,998.0375299476286,0.0,0.0
1668568580.747006,16935.68,-5.919999999998254,47.92878096,1.0,0.0,0.0589310573858049,0.0,998.0375299476286,0.0,0.0
1668568640.6467109,16938.69,3.0099999999983993,49.77191138,1.0,0.0,0.0589310573858049,0.0,998.2149124303596,0.1773824827308772,0.0
1668568700.9084692,16932.0,-6.68999999999869,45.89119273,1.0,0.0,0.0589310573858049,0.0,997.8206636564483,-0.3942487739111584,0.0
1668568761.5113735,16936.4,4.400000000001455,48.72298762,1.0,0.0,0.0589310573858049,0.0,998.0799603089462,0.25929665249782374,0.0
1668568821.7540565,16932.66,-3.7400000000016007,46.49509676,1.0,0.0,0.0589310573858049,0.0,997.8595581543232,-0.2204021546230024,0.0
1668568881.4322064,16939.57,6.9099999999998545,50.99059051,0.0,1.0,0.0,998.266771760859,998.266771760859,0.4072136065358336,0.0
1668568942.338294,16931.74,-7.829999999998108,46.21620022,1.0,0.0,0.0589583097638434,0.0,998.266771760859,0.0,0.0
1668569002.2902064,16927.85,-3.890000000003056,44.10085637,1.0,0.0,0.0589583097638434,0.0,998.0374239358764,-0.22934782498259665,0.0
1668569062.4362469,16930.41,2.5600000000013097,45.91317241,1.0,0.0,0.0589583097638434,0.0,998.188357208872,0.1509332729955304,0.0
1668569123.3208969,16935.46,5.049999999999272,49.3432749,1.0,0.0,0.0589583097638434,0.0,998.4860966731792,0.29773946430725573,0.0
1668569183.321144,16941.58,6.120000000002619,53.25008775,0.0,1.0,0.0,998.846921528934,998.846921528934,0.3608248557549132,0.0
1668569243.28895,16945.27,3.6899999999986903,55.49533443,0.0,1.0,0.0,998.846921528934,998.846921528934,0.0,0.0
1668569304.1120565,16947.94,2.6699999999982538,57.1008037,0.0,1.0,0.0,998.846921528934,998.846921528934,0.0,0.0
1668569364.097302,16949.26,1.319999999999709,57.90921219,0.0,1.0,0.0,998.846921528934,998.846921528934,0.0,0.0
1668569424.1526363,16947.04,-2.219999999997526,55.99796151,0.0,1.0,0.0,998.846921528934,998.846921528934,0.0,0.0
1668569485.231874,16945.68,-1.360000000000582,54.69010332,0.0,1.0,0.0,998.846921528934,998.846921528934,0.0,0.0
1668569545.0141227,16959.64,13.959999999999127,63.0554832,0.0,1.0,0.0,998.846921528934,998.846921528934,0.0,0.0
1668569604.773751,16955.13,-4.509999999998399,59.0050561,0.0,1.0,0.0,998.846921528934,998.846921528934,0.0,0.0
1668569665.7229972,16937.78,-17.350000000002183,47.44559648,1.0,0.0,0.0589715370921652,0.0,998.846921528934,0.0,0.0
1668569725.6351924,16946.99,9.210000000002765,52.78879602,0.0,1.0,0.0,999.3900493855529,999.3900493855529,0.543127856618753,0.0
1668569785.7370872,16963.53,16.539999999997235,60.40450546,0.0,1.0,0.0,999.3900493855529,999.3900493855529,0.0,0.0
1668569846.4638872,16956.07,-7.459999999999127,55.94490229,0.0,1.0,0.0,999.3900493855529,999.3900493855529,0.0,0.0
1668569906.453474,16960.27,4.200000000000728,57.96073176,0.0,1.0,0.0,999.3900493855529,999.3900493855529,0.0,0.0
1668569966.4719057,16970.8,10.529999999998836,62.1320588,0.0,1.0,0.0,999.3900493855529,999.3900493855529,0.0,0.0
1668570027.5984583,16966.61,-4.18999999999869,59.44580117,0.0,1.0,0.0,999.3900493855529,999.3900493855529,0.0,0.0
1668570087.382826,16969.21,2.599999999998545,60.86227145,0.0,1.0,0.0,999.3900493855529,999.3900493855529,0.0,0.0
1668570147.1977503,16972.51,3.2999999999992724,62.07108231,0.0,1.0,0.0,999.3900493855529,999.3900493855529,0.0,0.0
1668570207.9339263,16971.98,-0.5299999999988358,61.48983179,0.0,1.0,0.0,999.3900493855529,999.3900493855529,0.0,0.0
1668570267.9449875,16962.41,-9.569999999999709,54.95930765,0.0,1.0,0.0,999.3900493855529,999.3900493855529,0.0,0.0
1668570327.9698296,16963.96,1.5499999999992724,55.7842764,0.0,1.0,0.0,999.3900493855529,999.3900493855529,0.0,0.0
1668570389.3571234,16967.77,3.8100000000013097,57.60952883,0.0,1.0,0.0,999.3900493855529,999.3900493855529,0.0,0.0
1668570448.9167273,16959.99,-7.779999999998836,52.3771478,0.0,1.0,0.0,999.3900493855529,999.3900493855529,0.0,0.0
1668570508.9672236,16946.45,-13.540000000000873,44.76528055,1.0,0.0,0.0589734162249646,0.0,999.3900493855529,0.0,0.0
1668570570.111738,16949.96,3.5099999999983993,46.90084152,1.0,0.0,0.0589734162249646,0.0,999.597046076501,0.2069966909481309,0.0
1668570629.7342358,16957.6,7.639999999999418,51.32230646,0.0,1.0,0.0,1000.0476029764596,1000.0476029764596,0.4505568999586558,0.0
1668570690.2181418,16952.07,-5.529999999998836,48.1237601,1.0,0.0,0.0589926541700488,0.0,1000.0476029764596,0.0,0.0
1668570750.565387,16947.26,-4.81000000000131,45.53547067,1.0,0.0,0.0589926541700488,0.0,999.7638483099012,-0.2837546665584796,0.0
1668570810.5287302,16947.86,0.6000000000021828,45.93235477,1.0,0.0,0.0589926541700488,0.0,999.7992439024032,0.03539559250214097,0.0
1668570870.5826464,16962.58,14.720000000001164,54.66127442,0.0,1.0,0.0,1000.6676157717864,1000.6676157717864,0.8683718693832816,0.0
1668570931.5381382,16959.42,-3.1600000000034925,52.6945099,0.0,1.0,0.0,1000.6676157717864,1000.6676157717864,0.0,0.0
1668570991.5032518,16962.96,3.540000000000873,54.68916023,0.0,1.0,0.0,1000.6676157717864,1000.6676157717864,0.0,0.0
1668571052.4270625,16963.29,0.33000000000174623,54.75479002,0.0,1.0,0.0,1000.6676157717864,1000.6676157717864,0.0,0.0
1668571112.3814716,16967.6,4.309999999997672,57.34216302,0.0,1.0,0.0,1000.6676157717864,1000.6676157717864,0.0,0.0
1668571172.5941112,16973.86,6.260000000002037,60.73664342,0.0,1.0,0.0,1000.6676157717864,1000.6676157717864,0.0,0.0
1668571232.6176338,16970.87,-2.9900000000016007,58.19587999,0.0,1.0,0.0,1000.6676157717864,1000.6676157717864,0.0,0.0
1668571293.158178,16969.87,-1.0,57.58408075,0.0,1.0,0.0,1000.6676157717864,1000.6676157717864,0.0,0.0
1668571353.169125,16966.77,-3.099999999998545,54.96821215,0.0,1.0,0.0,1000.6676157717864,1000.6676157717864,0.0,0.0
1668571413.1833992,16962.09,-4.680000000000291,51.25633892,0.0,1.0,0.0,1000.6676157717864,1000.6676157717864,0.0,0.0
1668571474.162126,16953.15,-8.93999999999869,45.00442373,1.0,0.0,0.0590254681738665,0.0,1000.6676157717864,0.0,0.0
1668571534.2923856,16951.02,-2.1300000000010186,43.85174932,1.0,0.0,0.0590254681738665,0.0,1000.5418915245746,-0.12572424721179232,0.0
1668571594.1378334,16957.18,6.1599999999998545,48.62188303,1.0,0.0,0.0590254681738665,0.0,1000.9054884085256,0.3635968839510042,0.0
1668571655.418115,16952.56,-4.619999999998981,45.43884116,1.0,0.0,0.0590254681738665,0.0,1000.6327907455624,-0.2726976629631963,0.0
1668571714.896886,16946.79,-5.770000000000437,41.79261434,1.0,0.0,0.0590254681738665,0.0,1000.2922137941993,-0.3405769513632322,0.0
1668571774.9122102,16953.45,6.6599999999998545,47.0744579,1.0,0.0,0.0590254681738665,0.0,1000.685323412237,0.39310961803778355,0.0
1668571835.9852085,16949.32,-4.130000000001019,44.38476982,1.0,0.0,0.0590254681738665,0.0,1000.4415482286788,-0.2437751835581139,0.0
1668571895.6823485,16955.7,6.380000000001019,49.25537303,1.0,0.0,0.0590254681738665,0.0,1000.8181307156284,0.3765824869494736,0.0
1668571955.6927872,16960.18,4.479999999999563,52.28886455,0.0,1.0,0.0,1001.0825648130472,1001.0825648130472,0.2644340974187571,0.0
1668572016.5038536,16960.14,-0.040000000000873115,52.20478092,0.0,1.0,0.0,1001.0825648130472,1001.0825648130472,0.0,0.0
1668572076.465576,16952.4,-7.739999999997963,46.59834122,1.0,0.0,0.0590525568540765,0.0,1001.0825648130472,0.0,0.0
1668572136.5363123,16950.97,-1.430000000000291,45.58141239,1.0,0.0,0.0590525568540765,0.0,1000.9981196567452,-0.08444515630185379,0.0
1668572197.517879,16956.26,5.289999999997235,49.80351027,1.0,0.0,0.0590525568540765,0.0,1001.3105076825032,0.31238802575796853,0.0
1668572257.4555936,16961.18,4.920000000001892,53.47004728,0.0,1.0,0.0,1001.6010462622252,1001.6010462622252,0.29053857972212427,0.0
1668572317.5167718,16959.37,-1.8100000000013097,51.96620637,0.0,1.0,0.0,1001.6010462622252,1001.6010462622252,0.0,0.0
1668572378.2348626,16948.22,-11.149999999997817,44.00624523,1.0,0.0,0.0590977132856562,0.0,1001.6010462622252,0.0,0.0
1668572438.2796092,16947.3,-0.9200000000018917,43.40486783,1.0,0.0,0.0590977132856562,0.0,1001.5466763660012,-0.054369896223875,0.0
1668572498.3220494,16946.4,-0.8999999999978172,42.65223735,1.0,0.0,0.0590977132856562,0.0,1001.4934884240444,-0.053187941956821305,0.0
1668572559.056123,16926.77,-19.63000000000102,31.90487185,1.0,0.0,0.0590977132856562,0.0,1000.3334003122468,-1.1600881117974495,0.0
1668572619.038574,16924.89,-1.8800000000010186,31.09666689,1.0,0.0,0.0590977132856562,0.0,1000.2222966112698,-0.11110370097696887,0.0
1668572679.1186688,16909.11,-15.779999999998836,25.30474558,1.0,0.0,0.0590977132856562,0.0,999.2897346956222,-0.932561915647625,0.0
1668572740.1745358,16896.26,-12.850000000002183,22.367402,1.0,0.0,0.0590977132856562,0.0,998.5303290799014,-0.759405615720766,0.0
1668572800.0554285,16903.95,7.690000000002328,28.68829251,1.0,0.0,0.0590977132856562,0.0,998.9847904950682,0.45446141516674743,0.0
1668572860.0934815,16913.5,9.549999999999272,35.69102376,1.0,0.0,0.0590977132856562,0.0,999.5491736569462,0.5643831618780268,0.0
1668572920.9025214,16913.63,0.13000000000101863,36.00927953,1.0,0.0,0.0590977132856562,0.0,999.5568563596734,0.007682702727151991,0.0
1668572980.8866355,16905.09,-8.540000000000873,32.71107394,1.0,0.0,0.0590977132856562,0.0,999.0521618882138,-0.5046944714595156,0.0
1668573040.926162,16912.67,7.579999999998108,37.82426485,1.0,0.0,0.0590977132856562,0.0,999.500122554919,0.4479606667051712,0.0
1668573101.667454,16912.16,-0.5099999999983993,37.60235273,1.0,0.0,0.0590977132856562,0.0,999.4699827211434,-0.030139833775592706,0.0
1668573162.4304333,16924.13,11.970000000001164,45.83401144,1.0,0.0,0.0590977132856562,0.0,1000.1773823491728,0.7073996280294068,0.0
1668573221.697117,16925.53,1.3999999999978172,46.7374809,1.0,0.0,0.0590977132856562,0.0,1000.2601191477726,0.08273679859973981,0.0
1668573282.9766922,16916.67,-8.860000000000582,41.87302835,1.0,0.0,0.0590977132856562,0.0,999.7365134080616,-0.5236057397110017,0.0
1668573342.9636345,16916.54,-0.12999999999738066,43.10058523,1.0,0.0,0.0590977132856562,0.0,999.7288307053346,-0.007682702726924617,0.0
1668573402.713647,16918.43,1.889999999999418,44.33342746,1.0,0.0,0.0590977132856562,0.0,999.8405253834444,0.11169467810987044,0.0
1668573463.5013316,16915.22,-3.209999999999127,43.04762173,1.0,0.0,0.0590977132856562,0.0,999.6508217237975,-0.18970365964685243,0.0
1668573523.6058226,16915.66,0.4399999999986903,43.63241283,1.0,0.0,0.0590977132856562,0.0,999.6768247176432,0.02600299384562277,0.0
1668573583.4634137,16911.63,-4.029999999998836,42.33242603,1.0,0.0,0.0590977132856562,0.0,999.438660933102,-0.2381637845411433,0.0
1668573644.3003368,16910.63,-1.0,42.02682485,1.0,0.0,0.0590977132856562,0.0,999.3795632198164,-0.05909771328560964,0.0
1668573704.2525928,16907.96,-2.6700000000018917,41.94149825,1.0,0.0,0.0590977132856562,0.0,999.2217723253436,-0.15779089447278238,0.0
1668573764.336705,16909.97,2.0100000000020373,43.21406195,1.0,0.0,0.0590977132856562,0.0,999.340558729048,0.11878640370423454,0.0
1668573825.150539,16911.36,1.389999999999418,44.13017163,1.0,0.0,0.0590977132856562,0.0,999.4227045505148,0.08214582146695193,0.0
1668573885.1727612,16909.83,-1.5299999999988358,43.27141556,1.0,0.0,0.0590977132856562,0.0,999.332285049188,-0.0904195013268918,0.0
1668573945.096034,16906.81,-3.0200000000004366,41.60779197,1.0,0.0,0.0590977132856562,0.0,999.1538099550652,-0.17847509412285945,0.0
1668574006.281444,16917.59,10.779999999998836,49.35106684,1.0,0.0,0.0590977132856562,0.0,999.7908833042844,0.6370733492193494,0.0
1668574066.28436,16919.78,2.1899999999986903,51.04824118,0.0,1.0,0.0,999.92030729638,999.92030729638,0.12942399209566702,0.0
1668574126.1392508,16921.27,1.4900000000016007,52.03540979,0.0,1.0,0.0,999.92030729638,999.92030729638,0.0,0.0
1668574187.0854712,16918.0,-3.2700000000004366,49.35866987,1.0,0.0,0.059103931155951,0.0,999.92030729638,0.0,0.0
1668574247.725794,16914.96,-3.040000000000873,47.43312869,1.0,0.0,0.059103931155951,0.0,999.7406313456648,-0.17967595071513642,0.0
1668574307.0743957,16919.68,4.720000000001164,50.62383379,0.0,1.0,0.0,1000.019601900721,1000.019601900721,0.2789705550561621,0.0
1668574367.880411,16916.47,-3.209999999999127,48.54873284,1.0,0.0,0.0591151464756371,0.0,1000.019601900721,0.0,0.0
1668574427.8404307,16919.4,2.930000000000291,50.53959683,0.0,1.0,0.0,1000.1928092798944,1000.1928092798944,0.17320737917339102,0.0
1668574487.814317,16911.88,-7.520000000000437,45.57596372,1.0,0.0,0.0591414324888713,0.0,1000.1928092798944,0.0,0.0
1668574548.9419322,16906.87,-5.010000000002037,42.44782594,1.0,0.0,0.0591414324888713,0.0,999.8965107031236,-0.29629857677093696,0.0
1668574608.908832,16907.8,0.930000000000291,43.03945171,1.0,0.0,0.0591414324888713,0.0,999.951512235338,0.055001532214532745,0.0
1668574668.9135842,16903.07,-4.729999999999563,39.90665298,1.0,0.0,0.0591414324888713,0.0,999.6717732596658,-0.27973897567221684,0.0
1668574730.0153532,16905.94,2.8699999999989814,43.05065662,1.0,0.0,0.0591414324888713,0.0,999.8415091709088,0.16973591124303766,0.0
1668574789.835155,16912.27,6.330000000001746,48.25818885,1.0,0.0,0.0591414324888713,0.0,1000.2158744385634,0.37436526765463896,0.0
1668574849.7791257,16902.84,-9.430000000000291,41.47307874,1.0,0.0,0.0591414324888713,0.0,999.6581707301932,-0.5577037083701271,0.0
1668574910.562456,16909.27,6.430000000000291,47.25157777,1.0,0.0,0.0591414324888713,0.0,1000.0384501410967,0.380279410903654,0.0
1668574970.5434296,16902.53,-6.740000000001601,43.00075855,1.0,0.0,0.0591414324888713,0.0,999.6398368861218,-0.39861325497497546,0.0
1668575030.4894152,16899.3,-3.2299999999995634,41.14139325,1.0,0.0,0.0591414324888713,0.0,999.4488100591828,-0.19102682693903716,0.0
1668575091.5579078,16904.32,5.020000000000437,44.95931464,1.0,0.0,0.0591414324888713,0.0,999.7457000502768,0.29688999109396264,0.0
1668575151.7027297,16899.46,-4.860000000000582,41.78111231,1.0,0.0,0.0591414324888713,0.0,999.4582726883808,-0.2874273618958796,0.0
1668575211.6506498,16895.98,-3.4799999999995634,39.57103758,1.0,0.0,0.0591414324888713,0.0,999.2524605033196,-0.20581218506117693,0.0
1668575272.5329616,16896.18,0.2000000000007276,43.56901983,1.0,0.0,0.0591414324888713,0.0,999.2642887898174,0.011828286497802765,0.0
1668575332.3663013,16898.26,2.0799999999981083,45.09083751,1.0,0.0,0.0591414324888713,0.0,999.3873029693942,0.12301417957678495,0.0
1668575392.3853374,16888.89,-9.369999999998981,40.83226259,1.0,0.0,0.0591414324888713,0.0,998.8331477469736,-0.554155222420718,0.0
1668575453.2404144,16894.85,5.959999999999127,44.61616318,1.0,0.0,0.0591414324888713,0.0,999.1856306846072,0.3524829376335674,0.0
1668575513.5500767,16895.95,1.1000000000021828,45.49442637,1.0,0.0,0.0591414324888713,0.0,999.2506862603452,0.0650555757379152,0.0
1668575573.2214746,16902.0,6.049999999999272,49.06103289,1.0,0.0,0.0591414324888713,0.0,999.6084919269028,0.35780566655751045,0.0
1668575634.0822709,16898.7,-3.2999999999992724,47.3051571,1.0,0.0,0.0591414324888713,0.0,999.4133251996894,-0.19516672721340456,0.0
1668575694.2574086,16899.6,0.8999999999978172,47.88383773,1.0,0.0,0.0591414324888713,0.0,999.4665524889292,0.05322728923988507,0.0
1668575754.4942305,16905.13,5.530000000002474,51.39072716,0.0,1.0,0.0,999.7936046105928,999.7936046105928,0.32705212166365527,0.0
1668575815.237244,16905.58,0.4500000000007276,51.75637822,0.0,1.0,0.0,999.7936046105928,999.7936046105928,0.0,0.0
1668575875.0099623,16901.2,-4.380000000001019,48.82112225,1.0,0.0,0.0591551845200691,0.0,999.7936046105928,0.0,0.0
1668575935.0475235,16914.39,13.18999999999869,57.33751466,0.0,1.0,0.0,1000.5738614944116,1000.5738614944116,0.7802568838187653,0.0
1668575995.936903,16920.9,6.510000000002037,60.89814416,0.0,1.0,0.0,1000.5738614944116,1000.5738614944116,0.0,0.0
1668576055.8384266,16919.04,-1.860000000000582,57.86896203,0.0,1.0,0.0,1000.5738614944116,1000.5738614944116,0.0,0.0
1668576116.077505,16926.0,6.959999999999127,61.96995445,0.0,1.0,0.0,1000.5738614944116,1000.5738614944116,0.0,0.0
1668576176.9424393,16927.99,1.9900000000016007,62.16849465,0.0,1.0,0.0,1000.5738614944116,1000.5738614944116,0.0,0.0
1668576236.6433904,16919.89,-8.100000000002183,56.43095779,0.0,1.0,0.0,1000.5738614944116,1000.5738614944116,0.0,0.0
1668576296.8007755,16930.06,10.170000000001892,61.67578995,0.0,1.0,0.0,1000.5738614944116,1000.5738614944116,0.0,0.0
1668576357.7415516,16920.55,-9.510000000002037,55.23317753,0.0,1.0,0.0,1000.5738614944116,1000.5738614944116,0.0,0.0
1668576417.7593694,16925.44,4.889999999999418,58.41866217,0.0,1.0,0.0,1000.5738614944116,1000.5738614944116,0.0,0.0
1668576477.6734788,16920.05,-5.389999999999418,54.61776778,0.0,1.0,0.0,1000.5738614944116,1000.5738614944116,0.0,0.0
1668576538.6358526,16931.0,10.950000000000728,61.01661128,0.0,1.0,0.0,1000.5738614944116,1000.5738614944116,0.0,0.0
1668576598.5347774,16940.98,9.979999999999563,65.46760014,0.0,1.0,0.0,1000.5738614944116,1000.5738614944116,0.0,0.0
1668576658.5655768,16950.82,9.840000000000146,67.70321259,0.0,1.0,0.0,1000.5738614944116,1000.5738614944116,0.0,0.0
1668576719.4008822,16949.6,-1.2200000000011642,65.35713718,0.0,1.0,0.0,1000.5738614944116,1000.5738614944116,0.0,0.0
1668576779.6798265,16942.71,-6.889999999999418,60.94599435,0.0,1.0,0.0,1000.5738614944116,1000.5738614944116,0.0,0.0
1668576839.3847892,16932.46,-10.25,54.85370463,0.0,1.0,0.0,1000.5738614944116,1000.5738614944116,0.0,0.0
1668576900.673397,16935.11,2.650000000001455,55.52855323,0.0,1.0,0.0,1000.5738614944116,1000.5738614944116,0.0,0.0
1668576960.626428,16919.48,-15.630000000001019,48.30637801,1.0,0.0,0.0591373884714194,0.0,1000.5738614944116,0.0,0.0
1668577020.531952,16916.41,-3.069999999999709,47.19953522,1.0,0.0,0.0591373884714194,0.0,1000.392309711804,-0.18155178260769844,0.0
1668577081.6857698,16922.07,5.6599999999998545,49.89173264,1.0,0.0,0.0591373884714194,0.0,1000.727027330552,0.3347176187480727,0.0
1668577141.5039155,16919.07,-3.0,48.39998597,1.0,0.0,0.0591373884714194,0.0,1000.549615165138,-0.1774121654141254,0.0
1668577201.989559,16916.33,-2.7399999999979627,47.02996376,1.0,0.0,0.0591373884714194,0.0,1000.3875787207264,-0.16203644441168308,0.0
1668577262.3028564,16917.01,0.6799999999966531,47.42904941,1.0,0.0,0.0591373884714194,0.0,1000.4277921448868,0.04021342416024254,0.0
1668577322.299039,16923.07,6.06000000000131,50.3890064,0.0,1.0,0.0,1000.7861647190236,1000.7861647190236,0.3583725741367516,0.0
1668577382.2943902,16923.47,0.4000000000014552,50.76253861,0.0,1.0,0.0,1000.7861647190236,1000.7861647190236,0.0,0.0
1668577443.5843282,16925.21,1.7399999999979627,51.48175437,0.0,1.0,0.0,1000.7861647190236,1000.7861647190236,0.0,0.0
1668577503.1700902,16942.0,16.790000000000873,59.37810354,0.0,1.0,0.0,1000.7861647190236,1000.7861647190236,0.0,0.0
1668577563.1236813,16930.46,-11.540000000000873,53.72495627,0.0,1.0,0.0,1000.7861647190236,1000.7861647190236,0.0,0.0
1668577624.1639206,16940.14,9.680000000000291,58.67443727,0.0,1.0,0.0,1000.7861647190236,1000.7861647190236,0.0,0.0
1668577684.1422677,16932.83,-7.309999999997672,54.24834125,0.0,1.0,0.0,1000.7861647190236,1000.7861647190236,0.0,0.0
1668577744.3539517,16940.37,7.539999999997235,58.48023897,0.0,1.0,0.0,1000.7861647190236,1000.7861647190236,0.0,0.0
1668577805.2176857,16943.05,2.680000000000291,59.87458754,0.0,1.0,0.0,1000.7861647190236,1000.7861647190236,0.0,0.0
1668577864.903948,16942.25,-0.7999999999992724,58.61332077,0.0,1.0,0.0,1000.7861647190236,1000.7861647190236,0.0,0.0
1668577924.955083,16931.28,-10.970000000001164,51.2550152,0.0,1.0,0.0,1000.7861647190236,1000.7861647190236,0.0,0.0
1668577985.9058068,16920.73,-10.549999999999272,45.92814881,1.0,0.0,0.0591455666935778,0.0,1000.7861647190236,0.0,0.0
1668578045.7816665,16930.65,9.920000000001892,51.41414666,0.0,1.0,0.0,1001.3728887406232,1001.3728887406232,0.5867240215994798,0.0
1668578105.8341427,16925.85,-4.80000000000291,48.84891841,1.0,0.0,0.0591623397785413,0.0,1001.3728887406232,0.0,0.0
1668578166.8965464,16913.13,-12.719999999997526,42.41492338,1.0,0.0,0.0591623397785413,0.0,1000.6203437786404,-0.7525449619829487,0.0
1668578226.7909346,16916.49,3.360000000000582,43.96360945,1.0,0.0,0.0591623397785413,0.0,1000.8191292402962,0.19878546165580246,0.0
1668578287.8040087,16904.17,-12.320000000003347,38.08862684,1.0,0.0,0.0591623397785413,0.0,1000.0902492142244,-0.7288800260718062,0.0
1668578347.794658,16922.63,18.460000000002765,48.68433474,1.0,0.0,0.0591623397785413,0.0,1001.1823860065364,1.0921367923120897,0.0
1668578408.0289009,16928.62,5.989999999997963,51.68725854,0.0,1.0,0.0,1001.5367684218098,1001.5367684218098,0.3543824152734487,0.0
1668578468.2801893,16917.48,-11.139999999999418,46.04845747,1.0,0.0,0.059201297617719,0.0,1001.5367684218098,0.0,0.0
1668578528.6316962,16916.62,-0.8600000000005821,45.97494881,1.0,0.0,0.059201297617719,0.0,1001.4858553058576,-0.05091311595231218,0.0
1668578588.7726474,16924.25,7.630000000001019,50.08585589,0.0,1.0,0.0,1001.9375612066808,1001.9375612066808,0.4517059008231854,0.0
1668578648.600195,16928.47,4.220000000001164,52.26140251,0.0,1.0,0.0,1001.9375612066808,1001.9375612066808,0.0,0.0
1668578709.759737,16924.8,-3.6700000000018917,50.47212543,0.0,1.0,0.0,1001.9375612066808,1001.9375612066808,0.0,0.0
1668578769.7493942,16933.34,8.540000000000873,54.25475116,0.0,1.0,0.0,1001.9375612066808,1001.9375612066808,0.0,0.0
1668578829.751088,16919.83,-13.5099999999984,47.74936595,1.0,0.0,0.0592167628874924,0.0,1001.9375612066808,0.0,0.0
1668578891.0258875,16923.93,4.099999999998545,49.51399528,1.0,0.0,0.0592167628874924,0.0,1002.1803499345192,0.24278872783838779,0.0
1668578950.593128,16919.14,-4.790000000000873,47.33185369,1.0,0.0,0.0592167628874924,0.0,1001.896701640288,-0.28364829423105675,0.0
1668579010.5823874,16908.33,-10.809999999997672,42.76150773,1.0,0.0,0.0592167628874924,0.0,1001.2565684334744,-0.6401332068136298,0.0
1668579071.5009265,16892.74,-15.590000000000146,37.1473998,1.0,0.0,0.0592167628874924,0.0,1000.3333791000584,-0.9231893334159622,0.0
1668579131.6163642,16882.1,-10.640000000003056,33.82699502,1.0,0.0,0.0592167628874924,0.0,999.7033127429352,-0.6300663571231553,0.0
1668579191.4587014,16854.79,-27.30999999999767,27.34875738,1.0,0.0,0.0592167628874924,0.0,998.086102948478,-1.6172097944571533,0.0
1668579253.0714228,16868.54,13.75,34.38467244,1.0,0.0,0.0592167628874924,0.0,998.9003334381812,0.8142304897030499,0.0
1668579313.0885718,16857.92,-10.62000000000262,31.82135326,1.0,0.0,0.0592167628874924,0.0,998.2714514163156,-0.6288820218654791,0.0
1668579374.1904736,16842.77,-15.149999999997817,29.23122879,1.0,0.0,0.0592167628874924,0.0,997.3743174585704,-0.8971339577452682,0.0
1668579433.95309,16840.23,-2.540000000000873,28.23289666,1.0,0.0,0.0592167628874924,0.0,997.223906880836,-0.15041057773430566,0.0
1668579493.9854343,16861.53,21.299999999999272,37.73002143,1.0,0.0,0.0592167628874924,0.0,998.4852239303395,1.2613170495036456,0.0
1668579554.0511134,16854.38,-7.149999999997817,35.84807562,1.0,0.0,0.0592167628874924,0.0,998.0618240756942,-0.42339985464536767,0.0
1668579614.842054,16835.81,-18.56999999999971,31.45737789,1.0,0.0,0.0592167628874924,0.0,996.9621687888734,-1.0996552868207345,0.0
1668579674.865287,16836.01,0.19999999999708962,32.09152652,1.0,0.0,0.0592167628874924,0.0,996.9740121414508,0.011843352577329824,0.0
1668579734.847099,16811.84,-24.169999999998254,26.60745975,1.0,0.0,0.0592167628874924,0.0,995.5427429824604,-1.431269158990517,0.0
1668579795.5948904,16830.71,18.86999999999898,35.13360615,1.0,0.0,0.0592167628874924,0.0,996.6601632981472,1.1174203156867861,0.0
1668579855.582672,16834.22,3.5100000000020373,36.65181501,1.0,0.0,0.0592167628874924,0.0,996.8680141358824,0.20785083773523638,0.0
1668579915.8305085,16833.94,-0.2800000000024738,36.56153174,1.0,0.0,0.0592167628874924,0.0,996.8514334422736,-0.0165806936087165,0.0
1668579976.671465,16821.76,-12.180000000000291,33.88553518,1.0,0.0,0.0592167628874924,0.0,996.130173270304,-0.7212601719695613,0.0
1668580036.599178,16821.09,-0.6699999999982538,33.56297045,1.0,0.0,0.0592167628874924,0.0,996.0904980391696,-0.03967523113453808,0.0
1668580096.7131674,16826.36,5.270000000000437,36.36009591,1.0,0.0,0.0592167628874924,0.0,996.4025703795868,0.3120723404171031,0.0
1668580157.5210392,16821.43,-4.930000000000291,34.98025944,1.0,0.0,0.0592167628874924,0.0,996.1106317385512,-0.29193864103547185,0.0
1668580217.5377665,16821.35,-0.08000000000174623,35.29797668,1.0,0.0,0.0592167628874924,0.0,996.1058943975202,-0.0047373410310456165,0.0
1668580277.6150644,16832.64,11.290000000000873,40.84208558,1.0,0.0,0.0592167628874924,0.0,996.77445165052,0.6685572529999035,0.0
1668580338.2439995,16830.22,-2.4199999999982538,39.99543703,1.0,0.0,0.0592167628874924,0.0,996.6311470843324,-0.1433045661875667,0.0
1668580398.2541606,16826.08,-4.139999999999418,38.52414814,1.0,0.0,0.0592167628874924,0.0,996.3859896859782,-0.2451573983541948,0.0
1668580458.353936,16822.21,-3.8700000000026193,37.39775525,1.0,0.0,0.0592167628874924,0.0,996.1568208136034,-0.22916887237477113,0.0
1668580519.840001,16823.41,1.2000000000007276,38.36634533,1.0,0.0,0.0592167628874924,0.0,996.2278809290684,0.07106011546511581,0.0
1668580579.3905346,16813.63,-9.779999999998836,35.58589563,1.0,0.0,0.0592167628874924,0.0,995.6487409880287,-0.579139941039557,0.0
1668580639.3701706,16801.06,-12.569999999999709,31.07312203,1.0,0.0,0.0592167628874924,0.0,994.9043862785333,-0.7443547094956102,0.0
1668580700.182489,16818.49,17.43000000000029,40.98623347,1.0,0.0,0.0592167628874924,0.0,995.936534455662,1.0321481771288745,0.0
1668580760.155959,16831.04,12.549999999999272,46.76099024,1.0,0.0,0.0592167628874924,0.0,996.6797048299,0.7431703742380478,0.0
1668580820.1399846,16831.4,0.3600000000005821,46.89996095,1.0,0.0,0.0592167628874924,0.0,996.7010228645396,0.02131803463964843,0.0
1668580880.9720054,16834.7,3.2999999999992724,48.44145431,1.0,0.0,0.0592167628874924,0.0,996.8964381820684,0.19541531752872743,0.0
1668580940.999164,16837.05,2.349999999998545,49.54901544,1.0,0.0,0.0592167628874924,0.0,997.0355975748538,0.13915939278535916,0.0
1668581000.9418223,16831.58,-5.469999999997526,46.94064776,1.0,0.0,0.0592167628874924,0.0,996.7116818818594,-0.3239156929944329,0.0
1668581062.3537295,16834.96,3.3799999999973807,48.69767739,1.0,0.0,0.0592167628874924,0.0,996.911834540419,0.20015265855965936,0.0
1668581122.3316789,16840.79,5.830000000001746,51.74452373,0.0,1.0,0.0,997.2570682680532,997.2570682680532,0.34523372763408133,0.0
1668581182.492627,16848.86,8.069999999999709,55.67143996,0.0,1.0,0.0,997.2570682680532,997.2570682680532,0.0,0.0
1668581243.363459,16851.03,2.1699999999982538,56.57685995,0.0,1.0,0.0,997.2570682680532,997.2570682680532,0.0,0.0
1668581303.1699717,16856.31,5.280000000002474,59.13654745,0.0,1.0,0.0,997.2570682680532,997.2570682680532,0.0,0.0
1668581363.1525648,16862.61,6.299999999999272,61.94010734,0.0,1.0,0.0,997.2570682680532,997.2570682680532,0.0,0.0
1668581423.9807162,16860.4,-2.209999999999127,60.52352886,0.0,1.0,0.0,997.2570682680532,997.2570682680532,0.0,0.0
1668581543.9344285,16852.2,-8.200000000000728,54.77446197,0.0,1.0,0.0,997.2570682680532,997.2570682680532,0.0,0.0
1668581604.8179803,16853.64,1.4399999999986903,55.52991763,0.0,1.0,0.0,997.2570682680532,997.2570682680532,0.0,0.0
1668581664.694185,16866.96,13.319999999999709,62.52296321,0.0,1.0,0.0,997.2570682680532,997.2570682680532,0.0,0.0
1668581724.7116249,16867.83,0.8700000000026193,62.59928552,0.0,1.0,0.0,997.2570682680532,997.2570682680532,0.0,0.0
1668581785.7264328,16870.66,2.8299999999981083,63.87033492,0.0,1.0,0.0,997.2570682680532,997.2570682680532,0.0,0.0
1668581845.836321,16873.76,3.099999999998545,65.33538015,0.0,1.0,0.0,997.2570682680532,997.2570682680532,0.0,0.0
1668581905.71177,16876.23,2.470000000001164,66.81911984,0.0,1.0,0.0,997.2570682680532,997.2570682680532,0.0,0.0
1668581966.8709867,16867.92,-8.31000000000131,59.43716059,0.0,1.0,0.0,997.2570682680532,997.2570682680532,0.0,0.0
1668582026.592884,16866.62,-1.2999999999992724,58.28622975,0.0,1.0,0.0,997.2570682680532,997.2570682680532,0.0,0.0
1668582086.7277465,16860.2,-6.419999999998254,53.19562383,0.0,1.0,0.0,997.2570682680532,997.2570682680532,0.0,0.0
1668582147.3748732,16870.58,10.380000000001019,59.35393055,0.0,1.0,0.0,997.2570682680532,997.2570682680532,0.0,0.0
1668582207.3023334,16883.12,12.539999999997235,65.66157118,0.0,1.0,0.0,997.2570682680532,997.2570682680532,0.0,0.0
1668582267.337688,16888.02,4.900000000001455,67.70388269,0.0,1.0,0.0,997.2570682680532,997.2570682680532,0.0,0.0
1668582328.4861195,16888.32,0.2999999999992724,67.69832717,0.0,1.0,0.0,997.2570682680532,997.2570682680532,0.0,0.0
1668582388.2894688,16892.69,4.369999999998981,68.94751898,0.0,1.0,0.0,997.2570682680532,997.2570682680532,0.0,0.0
1668582448.410419,16877.92,-14.770000000000437,57.27597001,0.0,1.0,0.0,997.2570682680532,997.2570682680532,0.0,0.0
1668582509.0062842,16885.04,7.120000000002619,60.43924486,0.0,1.0,0.0,997.2570682680532,997.2570682680532,0.0,0.0
1668582569.0878334,16874.99,-10.049999999999272,53.99013734,0.0,1.0,0.0,997.2570682680532,997.2570682680532,0.0,0.0
1668582629.321486,16860.11,-14.880000000001019,46.18285928,1.0,0.0,0.0591489063990717,0.0,997.2570682680532,0.0,0.0
1668582690.1560962,16869.29,9.180000000000291,50.92607372,0.0,1.0,0.0,997.8000552287964,997.8000552287964,0.5429869607430646,0.0
1668582749.8115456,16861.02,-8.270000000000437,46.89437993,1.0,0.0,0.0591779177789241,0.0,997.8000552287964,0.0,0.0
1668582809.809244,16856.78,-4.240000000001601,44.92444266,1.0,0.0,0.0591779177789241,0.0,997.549140857412,-0.2509143713842832,0.0
1668582870.9540615,16845.68,-11.099999999998545,40.33839258,1.0,0.0,0.0591779177789241,0.0,996.8922659700662,-0.6568748873457935,0.0
1668582930.9619555,16845.74,0.06000000000130967,40.37507268,1.0,0.0,0.0591779177789241,0.0,996.895816645133,0.003550675066776421,0.0
1668582991.007571,16849.75,4.009999999998399,42.87194798,1.0,0.0,0.0591779177789241,0.0,997.1331200954264,0.2373034502934388,0.0
1668583051.785818,16857.5,7.75,47.48711248,1.0,0.0,0.0591779177789241,0.0,997.5917489582132,0.4586288627866679,0.0
1668583112.3972304,16857.5,0.0,47.49852391,1.0,0.0,0.0591779177789241,0.0,997.5917489582132,-1.1368683772161603e-13,0.0
1668583171.9145658,16859.03,1.5299999999988358,48.39424025,1.0,0.0,0.0591779177789241,0.0,997.6822911724148,0.09054221420149133,0.0
1668583232.5457342,16862.77,3.7400000000016007,50.69758504,0.0,1.0,0.0,997.903616584908,997.903616584908,0.22132541249322912,0.0
1668583292.7873294,16856.11,-6.6599999999998545,46.7141961,1.0,0.0,0.0592012995041506,0.0,997.903616584908,0.0,0.0
1668583352.5385358,16858.82,2.709999999999127,48.49451552,1.0,0.0,0.0592012995041506,0.0,998.0640521065642,0.16043552165615438,0.0
1668583413.314494,16858.35,-0.47000000000116415,48.25392143,1.0,0.0,0.0592012995041506,0.0,998.0362274957972,-0.02782461076697018,0.0
1668583473.273625,16858.01,-0.3400000000001455,48.00685721,1.0,0.0,0.0592012995041506,0.0,998.0160990539658,-0.020128441831388955,0.0
1668583533.2999434,16861.81,3.8000000000029104,50.87076617,0.0,1.0,0.0,998.2410639920818,998.2410639920818,0.22496493811593155,0.0
1668583594.2484052,16854.33,-7.479999999999563,45.65685584,1.0,0.0,0.0592275732106872,0.0,998.2410639920818,0.0,0.0
1668583654.360362,16846.37,-7.960000000002765,40.6296958,1.0,0.0,0.0592275732106872,0.0,997.7696125093244,-0.47145148275728843,0.0
1668583714.4413028,16868.8,22.43000000000029,55.32511875,0.0,1.0,0.0,999.0980869764402,999.0980869764402,1.328474467115825,0.0
1668583775.157229,16867.61,-1.1899999999986903,54.54680957,0.0,1.0,0.0,999.0980869764402,999.0980869764402,0.0,0.0
1668583835.0327334,16861.0,-6.610000000000582,50.29466679,0.0,1.0,0.0,999.0980869764402,999.0980869764402,0.0,0.0
1668583895.076417,16850.89,-10.110000000000582,44.59508568,1.0,0.0,0.0592905233478136,0.0,999.0980869764402,0.0,0.0
1668583955.810536,16850.57,-0.31999999999970896,44.44088537,1.0,0.0,0.0592905233478136,0.0,999.0791140089674,-0.018972967472791424,0.0
1668584015.8131995,16862.27,11.700000000000728,51.7224107,0.0,1.0,0.0,999.7728131321368,999.7728131321368,0.6936991231694947,0.0
1668584075.9339244,16866.13,3.860000000000582,53.89346639,0.0,1.0,0.0,999.7728131321368,999.7728131321368,0.0,0.0
1668584137.0234325,16866.87,0.7399999999979627,54.26861425,0.0,1.0,0.0,999.7728131321368,999.7728131321368,0.0,0.0
1668584196.809924,16855.35,-11.520000000000437,47.06741858,1.0,0.0,0.0593148651990102,0.0,999.7728131321368,0.0,0.0
1668584256.817413,16848.92,-6.430000000000291,43.5905268,1.0,0.0,0.0593148651990102,0.0,999.3914185489068,-0.38139458322996234,0.0
1668584317.4945414,16856.28,7.360000000000582,48.29841535,1.0,0.0,0.0593148651990102,0.0,999.8279759567716,0.4365574078647114,0.0
1668584377.505907,16846.51,-9.770000000000437,43.15018231,1.0,0.0,0.0593148651990102,0.0,999.2484697237772,-0.5795062329943903,0.0
1668584437.523655,16837.13,-9.37999999999738,39.01902574,1.0,0.0,0.0593148651990102,0.0,998.6920962882108,-0.5563734355665702,0.0
1668584498.372084,16841.12,3.9899999999979627,41.64171164,1.0,0.0,0.0593148651990102,0.0,998.9287626003546,0.23666631214382505,0.0
1668584558.6263185,16846.02,4.900000000001455,44.78248533,1.0,0.0,0.0593148651990102,0.0,999.2194054398298,0.29064283947514014,0.0
1668584618.6157174,16848.23,2.209999999999127,46.26183865,1.0,0.0,0.0593148651990102,0.0,999.3504912919196,0.1310858520897682,0.0
1668584680.4265914,16858.15,9.920000000001892,52.0280873,0.0,1.0,0.0,999.9388947546938,999.9388947546938,0.5884034627741812,0.0
1668584739.6009302,16856.6,-1.5500000000029104,51.04352035,0.0,1.0,0.0,999.9388947546938,999.9388947546938,0.0,0.0
1668584799.413133,16864.98,8.380000000001019,55.74111252,0.0,1.0,0.0,999.9388947546938,999.9388947546938,0.0,0.0
1668584860.347024,16869.36,4.380000000001019,58.11251406,0.0,1.0,0.0,999.9388947546938,999.9388947546938,0.0,0.0
1668584920.2394762,16862.34,-7.020000000000437,53.29425569,0.0,1.0,0.0,999.9388947546938,999.9388947546938,0.0,0.0
1668584980.3034568,16869.99,7.650000000001455,57.33661335,0.0,1.0,0.0,999.9388947546938,999.9388947546938,0.0,0.0
1668585041.5015037,16870.71,0.7199999999975262,57.53861967,0.0,1.0,0.0,999.9388947546938,999.9388947546938,0.0,0.0
1668585101.484877,16870.34,-0.36999999999898137,57.26346927,0.0,1.0,0.0,999.9388947546938,999.9388947546938,0.0,0.0
1668585162.0723343,16859.97,-10.369999999998981,49.50595511,1.0,0.0,0.0593084622780879,0.0,999.9388947546938,0.0,0.0
1668585222.2821422,16847.8,-12.170000000001892,42.7215311,1.0,0.0,0.0593084622780879,0.0,999.2171107687692,-0.7217839859245032,0.0
1668585282.1472597,16863.84,16.040000000000873,52.25091969,0.0,1.0,0.0,1000.16841850371,1000.16841850371,0.9513077349406558,0.0
1668585342.197596,16863.45,-0.3899999999994179,51.7046985,0.0,1.0,0.0,1000.16841850371,1000.16841850371,0.0,0.0
1668585403.5704205,16848.52,-14.930000000000291,43.55826691,1.0,0.0,0.059362390198291,0.0,1000.16841850371,0.0,0.0
1668585463.5233438,16852.55,4.029999999998836,46.39906782,1.0,0.0,0.059362390198291,0.0,1000.407648936209,0.2392304324989709,0.0
1668585523.3237646,16834.94,-17.610000000000582,37.25698936,1.0,0.0,0.059362390198291,0.0,999.362277244817,-1.0453716913918925,0.0
1668585583.9827404,16832.85,-2.0900000000001455,36.4265143,1.0,0.0,0.059362390198291,0.0,999.2382098493026,-0.12406739551443025,0.0
1668585644.0197008,16817.28,-15.569999999999709,30.7298436,1.0,0.0,0.059362390198291,0.0,998.3139374339152,-0.9242724153873496,0.0
1668585704.1276624,16782.21,-35.06999999999971,22.48676023,1.0,0.0,0.059362390198291,0.0,996.2320984096611,-2.081839024254009,0.0
1668585764.7866526,16793.97,11.760000000002037,31.15475771,1.0,0.0,0.059362390198291,0.0,996.9302001183931,0.6981017087321106,0.0
1668585824.7802954,16809.15,15.180000000000291,38.63227737,1.0,0.0,0.059362390198291,0.0,997.8313212016031,0.9011210832101142,0.0
1668585884.768695,16820.6,11.44999999999709,43.14067694,1.0,0.0,0.059362390198291,0.0,998.5110205693736,0.679699367770354,0.0
1668585946.1880913,16822.9,2.3000000000029104,44.57833432,1.0,0.0,0.059362390198291,0.0,998.6475540668298,0.1365334974561847,0.0
1668586006.0346825,16813.08,-9.819999999999709,42.78255551,1.0,0.0,0.059362390198291,0.0,998.0646153950826,-0.5829386717472289,0.0
1668586065.9555216,16816.75,3.6699999999982538,44.51842737,1.0,0.0,0.059362390198291,0.0,998.2824753671102,0.21785997202766794,0.0
1668586126.797444,16813.66,-3.0900000000001455,43.90272074,1.0,0.0,0.059362390198291,0.0,998.0990455813976,-0.1834297857127467,0.0
1668586186.814532,16836.05,22.389999999999418,50.56536799,0.0,1.0,0.0,999.4281694979372,999.4281694979372,1.3291239165396291,0.0
1668586246.838308,16829.97,-6.079999999998108,48.88378181,1.0,0.0,0.0593838354731432,0.0,999.4281694979372,0.0,0.0
1668586307.6791117,16811.0,-18.970000000001164,43.95210323,1.0,0.0,0.0593838354731432,0.0,998.3016581390104,-1.126511358926905,0.0
1668586367.4642992,16812.97,1.9700000000011642,44.88946026,1.0,0.0,0.0593838354731432,0.0,998.4186442948924,0.11698615588204575,0.0
1668586427.4532764,16810.84,-2.1300000000010186,44.36298001,1.0,0.0,0.0593838354731432,0.0,998.2921567253346,-0.12648756955775298,0.0
1668586488.4237297,16795.36,-15.479999999999563,40.57208688,1.0,0.0,0.0593838354731432,0.0,997.3728949522103,-0.9192617731241626,0.0
1668586548.544318,16802.82,7.459999999999127,42.85916194,1.0,0.0,0.0593838354731432,0.0,997.81589836484,0.4430034126296505,0.0
1668586608.4230938,16786.17,-16.650000000001455,39.08270038,1.0,0.0,0.0593838354731432,0.0,996.827157504212,-0.9887408606278996,0.0
1668586669.2648983,16796.91,10.7400000000016,42.8365849,1.0,0.0,0.0593838354731432,0.0,997.4649398971936,0.6377823929817623,0.0
1668586729.7221973,16801.73,4.819999999999709,44.53687302,1.0,0.0,0.0593838354731432,0.0,997.7511699841745,0.2862300869807086,0.0
1668586789.3145356,16825.54,23.81000000000131,52.13561068,0.0,1.0,0.0,999.16509910679,999.16509910679,1.4139291226154,0.0
1668586850.092998,16821.34,-4.200000000000728,50.67012899,0.0,1.0,0.0,999.16509910679,999.16509910679,0.0,0.0
1668586909.963848,16820.1,-1.2400000000016007,50.40937802,0.0,1.0,0.0,999.16509910679,999.16509910679,0.0,0.0
1668586969.984086,16811.19,-8.909999999999854,47.68488185,1.0,0.0,0.0594345254028293,0.0,999.16509910679,0.0,0.0
1668587030.8077152,16813.24,2.0500000000029104,48.23828474,1.0,0.0,0.0594345254028293,0.0,999.2869398838658,0.12184077707581764,0.0
1668587090.7516208,16810.9,-2.3400000000001455,47.48757995,1.0,0.0,0.0594345254028293,0.0,999.1478630944232,-0.1390767894425835,0.0
1668587150.7260394,16789.0,-21.900000000001455,41.07985636,1.0,0.0,0.0594345254028293,0.0,997.8462469881013,-1.301616106322058,0.0
1668587212.1433234,16801.45,12.450000000000728,45.45096986,1.0,0.0,0.0594345254028293,0.0,998.5862068293663,0.7399598412650903,0.0
1668587271.651359,16801.59,0.13999999999941792,45.53774406,1.0,0.0,0.0594345254028293,0.0,998.5945276629228,0.008320833556354046,0.0
1668587331.7098815,16780.13,-21.459999999999127,39.1317192,1.0,0.0,0.0594345254028293,0.0,997.319062747778,-1.2754649151447666,0.0
1668587392.443143,16779.21,-0.9200000000018917,38.77356007,1.0,0.0,0.0594345254028293,0.0,997.2643829844072,-0.05467976337070013,0.0
1668587452.418067,16778.82,-0.3899999999994179,39.65889241,1.0,0.0,0.0594345254028293,0.0,997.2412035195003,-0.023179464906888825,0.0
1668587512.369328,16788.0,9.180000000000291,43.44190595,1.0,0.0,0.0594345254028293,0.0,997.7868124626984,0.5456089431979763,0.0
1668587573.5286157,16780.86,-7.139999999999418,41.24192794,1.0,0.0,0.0594345254028293,0.0,997.362449951322,-0.4243625113763301,0.0
1668587633.4719532,16771.53,-9.330000000001746,38.47826366,1.0,0.0,0.0594345254028293,0.0,996.8079258293136,-0.5545241220083881,0.0
1668587693.7568128,16744.8,-26.729999999999563,32.18827624,1.0,0.0,0.0594345254028293,0.0,995.219240965296,-1.5886848640176368,0.0
1668587754.3776534,16735.67,-9.130000000001019,30.828159,1.0,0.0,0.0594345254028293,0.0,994.6766037483682,-0.5426372169278011,0.0
1668587814.2106209,16753.99,18.320000000003347,38.50091888,1.0,0.0,0.0594345254028293,0.0,995.765444253748,1.0888405053799488,0.0
1668587874.3142166,16749.09,-4.900000000001455,38.23518622,1.0,0.0,0.0594345254028293,0.0,995.4742150792742,-0.29122917447375585,0.0
1668587935.207728,16742.66,-6.430000000000291,36.6195104,1.0,0.0,0.0594345254028293,0.0,995.092051080934,-0.3821639983402747,0.0
1668587994.9653766,16713.8,-28.860000000000582,30.84952392,1.0,0.0,0.0594345254028293,0.0,993.3767706778084,-1.7152804031256892,0.0
1668588055.1580286,16739.02,25.220000000001164,37.79849114,1.0,0.0,0.0594345254028293,0.0,994.8757094084676,1.4989387306593471,0.0
1668588115.819418,16742.91,3.889999999999418,39.49405236,1.0,0.0,0.0594345254028293,0.0,995.1069097122848,0.2312003038171042,0.0
1668588175.741748,16756.19,13.279999999998836,44.22293107,1.0,0.0,0.0594345254028293,0.0,995.8962002096342,0.7892904973493842,0.0
1668588235.7149882,16745.76,-10.430000000000291,41.13924306,1.0,0.0,0.0594345254028293,0.0,995.2762981096828,-0.6199020999515596,0.0
1668588296.782186,16753.24,7.480000000003201,44.08699855,1.0,0.0,0.0594345254028293,0.0,995.720868359696,0.4445702500132711,0.0
1668588356.8861196,16757.64,4.399999999997817,45.68921265,1.0,0.0,0.0594345254028293,0.0,995.9823802714684,0.26151191177234523,0.0
1668588416.789139,16770.91,13.270000000000437,50.47395527,0.0,1.0,0.0,996.771076423564,996.771076423564,0.7886961520955538,0.0
1668588477.5903614,16785.32,14.409999999999854,55.07768153,0.0,1.0,0.0,996.771076423564,996.771076423564,0.0,0.0
1668588537.452731,16776.1,-9.220000000001164,51.8687433,0.0,1.0,0.0,996.771076423564,996.771076423564,0.0,0.0
1668588597.4545586,16776.51,0.4099999999998545,52.00577673,0.0,1.0,0.0,996.771076423564,996.771076423564,0.0,0.0
1668588658.1497357,16775.31,-1.1999999999970896,51.41360275,0.0,1.0,0.0,996.771076423564,996.771076423564,0.0,0.0
1668588718.071856,16763.86,-11.450000000000728,47.49188763,1.0,0.0,0.059459520445981,0.0,996.771076423564,0.0,0.0
1668588778.246014,16765.85,1.9899999999979627,48.43249612,1.0,0.0,0.059459520445981,0.0,996.8894008692504,0.11832444568642586,0.0
1668588839.2506857,16771.81,5.960000000002765,50.68031483,0.0,1.0,0.0,997.2437796111086,997.2437796111086,0.35437874185822693,0.0
1668588898.126078,16774.84,3.029999999998836,51.8396293,0.0,1.0,0.0,997.2437796111086,997.2437796111086,0.0,0.0
1668588958.2871325,16768.8,-6.040000000000873,49.23460702,1.0,0.0,0.0594701934313193,0.0,997.2437796111086,0.0,0.0
1668589018.5139318,16768.05,-0.75,48.86029357,1.0,0.0,0.0594701934313193,0.0,997.1991769660336,-0.04460264507508782,0.0
1668589078.2142296,16778.61,10.56000000000131,53.04415903,0.0,1.0,0.0,997.8271822086684,997.8271822086684,0.6280052426346856,0.0
1668589138.1687255,16784.09,5.479999999999563,54.99902481,0.0,1.0,0.0,997.8271822086684,997.8271822086684,0.0,0.0
1668589198.2830155,16784.63,0.5400000000008731,55.16772045,0.0,1.0,0.0,997.8271822086684,997.8271822086684,0.0,0.0
1668589258.2585623,16788.59,3.959999999999127,56.46652229,0.0,1.0,0.0,997.8271822086684,997.8271822086684,0.0,0.0
1668589318.3119545,16780.62,-7.970000000001164,52.7692658,0.0,1.0,0.0,997.8271822086684,997.8271822086684,0.0,0.0
1668589378.2077737,16794.74,14.12000000000262,58.33557331,0.0,1.0,0.0,997.8271822086684,997.8271822086684,0.0,0.0
1668589438.1703389,16789.73,-5.010000000002037,54.92433995,0.0,1.0,0.0,997.8271822086684,997.8271822086684,0.0,0.0
1668589498.2906702,16772.55,-17.18000000000029,48.39937221,1.0,0.0,0.0594916802876526,0.0,997.8271822086684,0.0,0.0
1668589559.060332,16765.0,-7.549999999999272,45.93519466,1.0,0.0,0.0594916802876526,0.0,997.378020022496,-0.44916218617254344,0.0
1668589618.2960598,16757.83,-7.169999999998254,43.57630161,1.0,0.0,0.0594916802876526,0.0,996.9514646748336,-0.42655534766254277,0.0
1668589678.2452493,16758.12,0.28999999999723514,44.09051332,1.0,0.0,0.0594916802876526,0.0,996.9687172621168,0.017252587283223875,0.0
1668589738.4047573,16755.19,-2.930000000000291,43.19115966,1.0,0.0,0.0594916802876526,0.0,996.794406638874,-0.17431062324283175,0.0
1668589798.275111,16752.18,-3.0099999999983993,42.05407603,1.0,0.0,0.0594916802876526,0.0,996.6153366812082,-0.17906995766577438,0.0
1668589858.2563338,16757.86,5.680000000000291,44.85289502,1.0,0.0,0.0594916802876526,0.0,996.953249425242,0.3379127440338152,0.0
1668589918.425876,16757.07,-0.7900000000008731,44.50522641,1.0,0.0,0.0594916802876526,0.0,996.9062509978148,-0.04699842742729743,0.0
1668589978.2653456,16758.96,1.889999999999418,45.48991722,1.0,0.0,0.0594916802876526,0.0,997.0186902735584,0.11243927574355439,0.0
1668590038.5169723,16764.41,5.450000000000728,48.14977423,1.0,0.0,0.0594916802876526,0.0,997.3429199311262,0.3242296575677983,0.0
1668590098.3634884,16765.52,1.110000000000582,48.84362466,1.0,0.0,0.0594916802876526,0.0,997.4089556962456,0.06603576511929532,0.0
1668590158.2033014,16762.38,-3.139999999999418,47.21432679,1.0,0.0,0.0594916802876526,0.0,997.2221518201422,-0.18680387610334037,0.0
1668590218.230841,16765.13,2.75,48.65641435,1.0,0.0,0.0594916802876526,0.0,997.3857539409332,0.16360212079109715,0.0
1668590278.2455351,16768.56,3.430000000000291,50.75888244,0.0,1.0,0.0,997.58981040432,997.58981040432,0.20405646338679162,0.0
1668590338.495939,16774.0,5.43999999999869,54.00858118,0.0,1.0,0.0,997.58981040432,997.58981040432,0.0,0.0
1668590398.2291992,16778.22,4.220000000001164,56.24990123,0.0,1.0,0.0,997.58981040432,997.58981040432,0.0,0.0
1668590459.4862747,16778.12,-0.10000000000218279,56.17828789,0.0,1.0,0.0,997.58981040432,997.58981040432,0.0,0.0
1668590519.658124,16765.89,-12.229999999999563,47.96993085,1.0,0.0,0.0595011544513485,0.0,997.58981040432,0.0,0.0
1668590578.279179,16765.77,-0.11999999999898137,47.79504259,1.0,0.0,0.0595011544513485,0.0,997.5826702657852,-0.007140138534850848,0.0
1668590638.312763,16768.53,2.7599999999983993,49.83378828,1.0,0.0,0.0595011544513485,0.0,997.7468934520708,0.16422318628565336,0.0
1668590698.3652198,16762.78,-5.75,46.02845084,1.0,0.0,0.0595011544513485,0.0,997.4047618139756,-0.34213163809522484,0.0
1668590758.4425778,16758.41,-4.369999999998981,43.38044221,1.0,0.0,0.0595011544513485,0.0,997.1447417690232,-0.26002004495239817,0.0
1668590818.437492,16737.26,-21.150000000001455,33.49618117,1.0,0.0,0.0595011544513485,0.0,995.8862923523772,-1.2584494166460445,0.0
1668590878.2848554,16731.83,-5.429999999996653,31.86645846,1.0,0.0,0.0595011544513485,0.0,995.5632010837064,-0.3230912686706233,0.0
1668590938.9826844,16737.67,5.8399999999965075,36.8467726,1.0,0.0,0.0595011544513485,0.0,995.9106878257022,0.34748674199579455,0.0
1668590998.313552,16724.8,-12.869999999998981,32.53646469,1.0,0.0,0.0595011544513485,0.0,995.1449079679134,-0.765779857788857,0.0
1668591058.32578,16690.54,-34.2599999999984,24.141932,1.0,0.0,0.0595011544513485,0.0,993.1063984164102,-2.0385095515031253,0.0
1668591118.425386,16695.74,5.200000000000728,28.83644446,1.0,0.0,0.0595011544513485,0.0,993.4158044195572,0.30940600314704625,0.0
1668591178.3427577,16680.94,-14.80000000000291,25.69334126,1.0,0.0,0.0595011544513485,0.0,992.5351873336772,-0.880617085879976,0.0
1668591238.3275166,16710.22,29.280000000002474,39.54343621,1.0,0.0,0.0595011544513485,0.0,994.2773811360128,1.7421938023355779,0.0
1668591298.348515,16705.13,-5.0900000000001455,37.47572366,1.0,0.0,0.0595011544513485,0.0,993.9745202598556,-0.30286087615729684,0.0
1668591358.9771607,16700.77,-4.360000000000582,36.54346499,1.0,0.0,0.0595011544513485,0.0,993.7150952264476,-0.25942503340809253,0.0
1668591418.3203015,16706.88,6.110000000000582,40.64351,1.0,0.0,0.0595011544513485,0.0,994.0786472801452,0.363552053697731,0.0
1668591478.454115,16720.66,13.779999999998836,45.99603265,1.0,0.0,0.0595011544513485,0.0,994.8985731884848,0.8199259083395418,0.0
1668591538.2380316,16736.56,15.900000000001455,51.48244819,0.0,1.0,0.0,995.8446415442612,995.8446415442612,0.9460683557765606,0.0
1668591598.3042269,16734.52,-2.040000000000873,50.36656464,0.0,1.0,0.0,995.8446415442612,995.8446415442612,0.0,0.0
1668591658.3190408,16726.0,-8.520000000000437,47.57180216,1.0,0.0,0.0595387206471518,0.0,995.8446415442612,0.0,0.0
1668591718.855922,16729.02,3.0200000000004366,48.56141695,1.0,0.0,0.0595387206471518,0.0,996.0244484806154,0.1798069363542254,0.0
1668591778.566318,16737.0,7.979999999999563,51.1419852,0.0,1.0,0.0,996.4995674713796,996.4995674713796,0.47511899076425834,0.0
1668591838.1820223,16731.5,-5.5,49.21952263,1.0,0.0,0.0595582922912697,0.0,996.4995674713796,0.0,0.0
1668591898.2832985,16732.58,1.0800000000017462,49.5396538,1.0,0.0,0.0595582922912697,0.0,996.5638904270536,0.06432295567412893,0.0
1668591958.396793,16722.67,-9.910000000003492,45.85423273,1.0,0.0,0.0595582922912697,0.0,995.973667750447,-0.5902226766065723,0.0
1668592018.464586,16730.92,8.25,48.91428871,1.0,0.0,0.0595582922912697,0.0,996.46502366185,0.491355911402934,0.0
1668592078.3734794,16747.49,16.570000000003347,55.56691876,0.0,1.0,0.0,997.4519045651164,997.4519045651164,0.986880903266524,0.0
1668592138.7563665,16753.51,6.019999999996799,57.65292688,0.0,1.0,0.0,997.4519045651164,997.4519045651164,0.0,0.0
1668592198.5420988,16751.08,-2.429999999996653,56.52250046,0.0,1.0,0.0,997.4519045651164,997.4519045651164,0.0,0.0
1668592258.8481317,16735.26,-15.820000000003347,49.42966898,1.0,0.0,0.0596018170357148,0.0,997.4519045651164,0.0,0.0
1668592318.2844322,16728.7,-6.559999999997672,46.87064762,1.0,0.0,0.0596018170357148,0.0,997.0609166453622,-0.3909879197541386,0.0
1668592378.4022713,16728.88,0.18000000000029104,46.90808757,1.0,0.0,0.0596018170357148,0.0,997.0716449724288,0.01072832706643112,0.0
1668592494.2172542,16721.47,-7.4099999999998545,43.89207258,1.0,0.0,0.0596018170357148,0.0,996.629995508194,-0.44164946423472884,0.0
1668592498.508674,16721.47,0.0,43.89207258,1.0,0.0,0.0596018170357148,0.0,996.629995508194,0.0,0.0
1668592558.5701826,16728.84,7.369999999998981,47.23441893,1.0,0.0,0.0596018170357148,0.0,997.0692608997472,0.4392653915531355,0.0
1668592621.972828,16737.68,8.840000000000146,51.01779111,0.0,1.0,0.0,997.5961409623428,997.5961409623428,0.526880062595751,0.0
1668592678.6377895,16733.37,-4.31000000000131,49.31581995,1.0,0.0,0.0596171686254677,0.0,997.5961409623428,0.0,0.0
1668592759.4823172,16740.87,7.5,52.35337009,0.0,1.0,0.0,998.0432697270334,998.0432697270334,0.44712876469054663,0.0
1668592798.4052343,16743.92,3.0499999999992724,53.71464537,0.0,1.0,0.0,998.0432697270334,998.0432697270334,0.0,0.0
1668592858.6125996,16737.16,-6.759999999998399,50.37906397,0.0,1.0,0.0,998.0432697270334,998.0432697270334,0.0,0.0
1668592918.504293,16730.78,-6.380000000001019,47.36395111,1.0,0.0,0.0596531225517897,0.0,998.0432697270334,0.0,0.0
1668592978.4314544,16737.4,6.620000000002619,50.55927495,0.0,1.0,0.0,998.438173398325,998.438173398325,0.39490367129167225,0.0
1668593038.4427612,16761.05,23.649999999997817,59.96125205,0.0,1.0,0.0,998.438173398325,998.438173398325,0.0,0.0
1668593098.5173829,16768.0,6.950000000000728,60.98503168,0.0,1.0,0.0,998.438173398325,998.438173398325,0.0,0.0
1668593158.4865246,16768.56,0.5600000000013097,61.22156794,0.0,1.0,0.0,998.438173398325,998.438173398325,0.0,0.0
1668593218.410463,16763.24,-5.319999999999709,58.29551844,0.0,1.0,0.0,998.438173398325,998.438173398325,0.0,0.0
1668593278.4536855,16764.14,0.8999999999978172,58.21113616,0.0,1.0,0.0,998.438173398325,998.438173398325,0.0,0.0
1668593338.4433196,16764.95,0.8100000000013097,58.05898869,0.0,1.0,0.0,998.438173398325,998.438173398325,0.0,0.0
1668593398.6920705,16762.65,-2.2999999999992724,56.84399118,0.0,1.0,0.0,998.438173398325,998.438173398325,0.0,0.0
1668593458.4406345,16761.31,-1.3400000000001455,55.51213052,0.0,1.0,0.0,998.438173398325,998.438173398325,0.0,0.0
1668593518.5190582,16757.74,-3.569999999999709,53.77548522,0.0,1.0,0.0,998.438173398325,998.438173398325,0.0,0.0
1668593578.4496028,16757.39,-0.3500000000021828,52.80836011,0.0,1.0,0.0,998.438173398325,998.438173398325,0.0,0.0
1668593638.8925464,16752.54,-4.849999999998545,50.63686778,0.0,1.0,0.0,998.438173398325,998.438173398325,0.0,0.0
1668593698.555966,16752.22,-0.31999999999970896,50.58833736,0.0,1.0,0.0,998.438173398325,998.438173398325,0.0,0.0
1668593758.7092843,16744.74,-7.479999999999563,47.19923659,1.0,0.0,0.0596269738077942,0.0,998.438173398325,0.0,0.0
1668593818.478269,16743.44,-1.3000000000029104,47.20535937,1.0,0.0,0.0596269738077942,0.0,998.3606583323736,-0.07751506595138835,0.0
1668593880.2802968,16738.41,-5.029999999998836,44.86759755,1.0,0.0,0.0596269738077942,0.0,998.0607346541206,-0.2999236782530943,0.0
1668593938.5680196,16734.67,-3.7400000000016007,43.40436007,1.0,0.0,0.0596269738077942,0.0,997.8377297720792,-0.22300488204132307,0.0
1668593998.420433,16733.62,-1.0499999999992724,43.08765535,1.0,0.0,0.0596269738077942,0.0,997.7751214495812,-0.06260832249813575,0.0
1668594058.491811,16729.21,-4.4099999999998545,41.05396451,1.0,0.0,0.0596269738077942,0.0,997.5121664950888,-0.262954954492443,0.0
1668594118.471624,16735.41,6.200000000000728,44.38299066,1.0,0.0,0.0596269738077942,0.0,997.8818537326972,0.369687237608332,0.0
1668594178.4759684,16730.17,-5.240000000001601,41.96603446,1.0,0.0,0.0596269738077942,0.0,997.5694083899442,-0.3124453427529943,0.0
1668594238.511697,16724.66,-5.509999999998399,39.54854438,1.0,0.0,0.0596269738077942,0.0,997.2408637642632,-0.3285446256809337,0.0
1668594298.6463935,16715.77,-8.889999999999418,35.9017569,1.0,0.0,0.0596269738077942,0.0,996.710779967112,-0.5300837971510646,0.0
1668594358.499771,16718.03,2.2599999999983993,41.64347012,1.0,0.0,0.0596269738077942,0.0,996.8455369279176,0.1347569608055892,0.0
1668594418.7979949,16728.24,10.210000000002765,46.39564456,1.0,0.0,0.0596269738077942,0.0,997.4543283304952,0.6087914025777081,0.0
1668594478.514702,16725.76,-2.4800000000032014,45.6052583,1.0,0.0,0.0596269738077942,0.0,997.3064534354518,-0.147874895043401,0.0
1668594539.0952833,16718.97,-6.789999999997235,42.36383649,1.0,0.0,0.0596269738077942,0.0,996.9015862832972,-0.4048671521546794,0.0
1668594598.6261668,16720.04,1.069999999999709,42.8317249,1.0,0.0,0.0596269738077942,0.0,996.9653871452714,0.06380086197418677,0.0
1668594658.4081898,16719.26,-0.7800000000024738,42.58082254,1.0,0.0,0.0596269738077942,0.0,996.9188781057012,-0.046509039570196364,0.0
1668594718.5038695,16719.65,0.3900000000030559,42.73968942,1.0,0.0,0.0596269738077942,0.0,996.9421326254864,0.023254519785155026,0.0
1668594778.5567994,16719.66,0.00999999999839929,42.95899054,1.0,0.0,0.0596269738077942,0.0,996.9427288952244,0.0005962697380255122,0.0
1668594838.5011275,16719.68,0.020000000000436557,42.99323954,1.0,0.0,0.0596269738077942,0.0,996.9439214347004,0.0011925394761647112,0.0
1668594898.3983543,16724.07,4.389999999999418,46.12368853,1.0,0.0,0.0596269738077942,0.0,997.2056838497168,0.2617624150162783,0.0
1668594958.6718075,16709.42,-14.650000000001455,38.03898502,1.0,0.0,0.0596269738077942,0.0,996.3321486834324,-0.8735351662843414,0.0
1668595018.636242,16694.88,-14.539999999997235,32.07011639,1.0,0.0,0.0596269738077942,0.0,995.4651724842672,-0.8669761991650375,0.0
1668595078.728456,16684.87,-10.010000000002037,28.74504208,1.0,0.0,0.0596269738077942,0.0,994.8683064764512,-0.596866007816061,0.0
1668595138.4522393,16693.94,9.069999999999709,34.68685757,1.0,0.0,0.0596269738077942,0.0,995.4091231288878,0.5408166524366607,0.0
1668595198.476617,16690.8,-3.139999999999418,35.55706091,1.0,0.0,0.0596269738077942,0.0,995.2218944311314,-0.18722869775638173,0.0
1668595258.4353814,16690.91,0.11000000000058208,36.83047908,1.0,0.0,0.0596269738077942,0.0,995.2284533982504,0.006558967118849068,0.0
1668595318.7492392,16708.79,17.88000000000102,46.42135015,1.0,0.0,0.0596269738077942,0.0,996.2945836899336,1.0661302916832938,0.0
1668595378.661306,16722.34,13.549999999999272,52.50147516,0.0,1.0,0.0,997.1025291850292,997.1025291850292,0.807945495095737,0.0
1668599634.12548,16684.57,-37.77000000000044,34.97102334,1.0,0.0,0.0597619554585481,0.0,997.1025291850292,0.0,0.0
1668599634.747036,16684.57,0.0,34.97102334,1.0,0.0,0.0597619554585481,0.0,997.1025291850278,-1.3642420526593924e-12,0.0
1668599635.385424,16684.57,0.0,34.97102334,1.0,0.0,0.0597619554585481,0.0,997.1025291850278,0.0,0.0
1668599636.3752944,16684.57,0.0,34.97102334,1.0,0.0,0.0597619554585481,0.0,997.1025291850278,0.0,0.0
1668599636.8175735,16684.57,0.0,34.97102334,1.0,0.0,0.0597619554585481,0.0,997.1025291850278,0.0,0.0
1668599637.798288,16684.57,0.0,34.97102334,1.0,0.0,0.0597619554585481,0.0,997.1025291850278,0.0,0.0
1668599639.4848151,16684.57,0.0,34.97102334,1.0,0.0,0.0597619554585481,0.0,997.1025291850278,0.0,0.0
1668599639.9429374,16684.57,0.0,34.97102334,1.0,0.0,0.0597619554585481,0.0,997.1025291850278,0.0,0.0
1668599640.5114906,16534.48,-150.09000000000015,46.12410034,1.0,0.0,0.0597619554585481,0.0,988.1328572902544,-8.969671894773455,0.0
1668599644.968638,16684.57,150.09000000000015,34.97102334,1.0,0.0,0.0597619554585481,0.0,997.1025291850278,8.969671894773455,0.0
1668599646.4565125,16684.57,0.0,34.97102334,1.0,0.0,0.0597619554585481,0.0,997.1025291850278,0.0,0.0
1668599647.5019698,16684.57,0.0,34.97102334,1.0,0.0,0.0597619554585481,0.0,997.1025291850278,0.0,0.0
1668599647.682793,16684.57,0.0,34.97102334,1.0,0.0,0.0597619554585481,0.0,997.1025291850278,0.0,0.0
1668599647.870328,16684.57,0.0,34.97102334,1.0,0.0,0.0597619554585481,0.0,997.1025291850278,0.0,0.0
1668599648.4893303,16684.57,0.0,34.97102334,1.0,0.0,0.0597619554585481,0.0,997.1025291850278,0.0,0.0
1668599649.3261402,16684.57,0.0,34.97102334,1.0,0.0,0.0597619554585481,0.0,997.1025291850278,0.0,0.0
1668599649.889515,16684.57,0.0,34.97102334,1.0,0.0,0.0597619554585481,0.0,997.1025291850278,0.0,0.0
1668599651.3765533,16684.57,0.0,34.97102334,1.0,0.0,0.0597619554585481,0.0,997.1025291850278,0.0,0.0
1668599652.7304251,16684.57,0.0,34.97102334,1.0,0.0,0.0597619554585481,0.0,997.1025291850278,0.0,0.0
1668599654.1319056,16684.57,0.0,34.97102334,1.0,0.0,0.0597619554585481,0.0,997.1025291850278,0.0,0.0
1668599654.604903,16684.57,0.0,34.97102334,1.0,0.0,0.0597619554585481,0.0,997.1025291850278,0.0,0.0
1668599655.4079442,16684.57,0.0,34.97102334,1.0,0.0,0.0597619554585481,0.0,997.1025291850278,0.0,0.0
1668599657.7741091,16695.4,10.830000000001746,38.49325898,1.0,0.0,0.0597619554585481,0.0,997.749751162644,0.6472219776162547,0.0
1668599658.086955,16695.4,0.0,38.49325898,1.0,0.0,0.0597619554585481,0.0,997.749751162644,1.1368683772161603e-13,0.0
1668599659.0014715,16695.4,0.0,38.49325898,1.0,0.0,0.0597619554585481,0.0,997.749751162644,1.1368683772161603e-13,0.0
1668599659.5783966,16695.4,0.0,38.49325898,1.0,0.0,0.0597619554585481,0.0,997.749751162644,1.1368683772161603e-13,0.0
1668599660.6965315,16695.4,0.0,38.49325898,1.0,0.0,0.0597619554585481,0.0,997.749751162644,1.1368683772161603e-13,0.0
1668599662.7680416,16695.4,0.0,38.49325898,1.0,0.0,0.0597619554585481,0.0,997.749751162644,1.1368683772161603e-13,0.0
1668599665.154836,16695.4,0.0,38.49325898,1.0,0.0,0.0597619554585481,0.0,997.749751162644,1.1368683772161603e-13,0.0
1668599666.2471642,16695.4,0.0,38.49325898,1.0,0.0,0.0597619554585481,0.0,997.749751162644,1.1368683772161603e-13,0.0
1668599666.5435543,16695.4,0.0,38.49325898,1.0,0.0,0.0597619554585481,0.0,997.749751162644,1.1368683772161603e-13,0.0
1668599666.8785486,16695.4,0.0,38.49325898,1.0,0.0,0.0597619554585481,0.0,997.749751162644,1.1368683772161603e-13,0.0
1668599667.7493432,16695.4,0.0,38.49325898,1.0,0.0,0.0597619554585481,0.0,997.749751162644,1.1368683772161603e-13,0.0
1668599668.3146088,16695.4,0.0,38.49325898,1.0,0.0,0.0597619554585481,0.0,997.749751162644,1.1368683772161603e-13,0.0
1668599670.3464105,16695.4,0.0,38.49325898,1.0,0.0,0.0597619554585481,0.0,997.749751162644,1.1368683772161603e-13,0.0
1668599672.113356,16695.4,0.0,38.49325898,1.0,0.0,0.0597619554585481,0.0,997.749751162644,1.1368683772161603e-13,0.0
1668599673.0658865,16695.4,0.0,38.49325898,1.0,0.0,0.0597619554585481,0.0,997.749751162644,1.1368683772161603e-13,0.0
1668599674.7154732,16695.4,0.0,38.49325898,1.0,0.0,0.0597619554585481,0.0,997.749751162644,1.1368683772161603e-13,0.0
1668599675.2024918,16695.4,0.0,38.49325898,1.0,0.0,0.0597619554585481,0.0,997.749751162644,1.1368683772161603e-13,0.0
1668599675.4977143,16695.4,0.0,38.49325898,1.0,0.0,0.0597619554585481,0.0,997.749751162644,1.1368683772161603e-13,0.0
1668599677.6334407,16695.4,0.0,38.49325898,1.0,0.0,0.0597619554585481,0.0,997.749751162644,1.1368683772161603e-13,0.0
1668599678.186582,16695.4,0.0,38.49325898,1.0,0.0,0.0597619554585481,0.0,997.749751162644,1.1368683772161603e-13,0.0
1668599679.0334196,16695.4,0.0,38.49325898,1.0,0.0,0.0597619554585481,0.0,997.749751162644,1.1368683772161603e-13,0.0
1668599679.736982,16695.4,0.0,38.49325898,1.0,0.0,0.0597619554585481,0.0,997.749751162644,1.1368683772161603e-13,0.0
1668599680.806849,16695.4,0.0,38.49325898,1.0,0.0,0.0597619554585481,0.0,997.749751162644,1.1368683772161603e-13,0.0
1668599681.2909615,16695.4,0.0,38.49325898,1.0,0.0,0.0597619554585481,0.0,997.749751162644,1.1368683772161603e-13,0.0
1668599682.7120647,16723.07,27.669999999998254,49.88789217,1.0,0.0,0.0597619554585481,0.0,999.403364470182,1.6536133075379666,0.0
1668599683.899871,16695.4,-27.669999999998254,38.49325898,1.0,0.0,0.0597619554585481,0.0,997.749751162644,-1.6536133075379666,0.0
1668599685.5754056,16723.07,27.669999999998254,49.88789217,1.0,0.0,0.0597619554585481,0.0,999.403364470182,1.6536133075379666,0.0
1668599686.556397,16723.07,0.0,49.88789217,1.0,0.0,0.0597619554585481,0.0,999.403364470182,-1.1368683772161603e-13,0.0
1668599688.005597,16723.07,0.0,49.88789217,1.0,0.0,0.0597619554585481,0.0,999.403364470182,-1.1368683772161603e-13,0.0
1668599688.6442442,16723.07,0.0,49.88789217,1.0,0.0,0.0597619554585481,0.0,999.403364470182,-1.1368683772161603e-13,0.0
1668599691.177605,16723.07,0.0,49.88789217,1.0,0.0,0.0597619554585481,0.0,999.403364470182,-1.1368683772161603e-13,0.0
1668599692.8205686,16723.07,0.0,49.88789217,1.0,0.0,0.0597619554585481,0.0,999.403364470182,-1.1368683772161603e-13,0.0
1668599693.6910524,16723.07,0.0,49.88789217,1.0,0.0,0.0597619554585481,0.0,999.403364470182,-1.1368683772161603e-13,0.0
1668599694.027547,16723.07,0.0,49.88789217,1.0,0.0,0.0597619554585481,0.0,999.403364470182,-1.1368683772161603e-13,0.0
1668599695.2237964,16723.07,0.0,49.88789217,1.0,0.0,0.0597619554585481,0.0,999.403364470182,-1.1368683772161603e-13,0.0
1668599695.9508076,16723.07,0.0,49.88789217,1.0,0.0,0.0597619554585481,0.0,999.403364470182,-1.1368683772161603e-13,0.0
1668599697.2081518,16723.07,0.0,49.88789217,1.0,0.0,0.0597619554585481,0.0,999.403364470182,-1.1368683772161603e-13,0.0
1668599697.898527,16723.07,0.0,49.88789217,1.0,0.0,0.0597619554585481,0.0,999.403364470182,-1.1368683772161603e-13,0.0
1668599704.2758856,16723.07,0.0,49.88789217,1.0,0.0,0.0597619554585481,0.0,999.403364470182,-1.1368683772161603e-13,0.0
1668599764.0253065,16717.73,-5.3400000000001455,48.03394764,1.0,0.0,0.0597619554585481,0.0,999.0842356280332,-0.31912884214875703,0.0
1668599824.3069766,16695.64,-22.090000000000146,41.15826267,1.0,0.0,0.0597619554585481,0.0,997.764094031954,-1.3201415960792247,0.0
1668599884.878893,16708.46,12.819999999999709,44.98170382,1.0,0.0,0.0597619554585481,0.0,998.5302423009324,0.7661482689785544,0.0
1668599944.9576015,16693.94,-14.520000000000437,40.27841125,1.0,0.0,0.0597619554585481,0.0,997.6624987076744,-0.8677435932579556,0.0
1668600004.945737,16705.99,12.05000000000291,45.47304341,1.0,0.0,0.0597619554585481,0.0,998.38263027095,0.720131563275686,0.0
1668600065.9049094,16698.18,-7.81000000000131,42.90447,1.0,0.0,0.0597619554585481,0.0,997.9158893988188,-0.46674087213125404,0.0
1668600125.974732,16710.06,11.880000000001019,47.96858804,1.0,0.0,0.0597619554585481,0.0,998.6258614296664,0.7099720308475526,0.0
1668600185.96534,16712.84,2.779999999998836,49.12549082,1.0,0.0,0.0597619554585481,0.0,998.7919996658412,0.1661382361746746,0.0
1668600247.5454843,16704.47,-8.369999999998981,45.89246711,1.0,0.0,0.0597619554585481,0.0,998.2917920986532,-0.500207567188113,0.0
1668600307.4354897,16685.03,-19.44000000000233,39.48385401,1.0,0.0,0.0597619554585481,0.0,997.1300196845388,-1.1617724141144663,0.0
1668600367.4925148,16687.2,2.1700000000018917,40.22933373,1.0,0.0,0.0597619554585481,0.0,997.259703127884,0.1296834433451295,0.0
1668600428.2977204,16673.33,-13.869999999998981,35.87684046,1.0,0.0,0.0597619554585481,0.0,996.430804805674,-0.8288983222100796,0.0
1668600488.2848804,16681.74,8.409999999999854,39.2977945,1.0,0.0,0.0597619554585481,0.0,996.9334028510802,0.5025980454062164,0.0
1668600548.5049615,16648.3,-33.44000000000233,29.10417878,1.0,0.0,0.0597619554585481,0.0,994.9349630605464,-1.9984397905338938,0.0
1668600609.108828,16643.52,-4.779999999998836,27.91565337,1.0,0.0,0.0597619554585481,0.0,994.6493009134546,-0.2856621470917844,0.0
1668600669.1859195,16650.76,7.239999999997963,30.87102848,1.0,0.0,0.0597619554585481,0.0,995.0819774709744,0.4326765575196987,0.0
1668600729.5139742,16660.87,10.110000000000582,36.38149806,1.0,0.0,0.0597619554585481,0.0,995.6861708406602,0.604193369685845,0.0
1668600790.2849655,16643.54,-17.32999999999811,30.2763869,1.0,0.0,0.0597619554585481,0.0,994.6504961525636,-1.035674688096492,0.0
1668600850.38242,16662.0,18.459999999999127,39.8473343,1.0,0.0,0.0597619554585481,0.0,995.7537018503284,1.1032056977647926,0.0
1668600910.395417,16641.69,-20.31000000000131,33.76171255,1.0,0.0,0.0597619554585481,0.0,994.5399365349652,-1.2137653153631618,0.0
1668600971.1810577,16637.89,-3.7999999999992724,33.13815119,1.0,0.0,0.0597619554585481,0.0,994.3128411042228,-0.22709543074245175,0.0
1668601031.0839844,16656.96,19.06999999999971,42.13219995,1.0,0.0,0.0597619554585481,0.0,995.4525015948174,1.139660490594565,0.0
1668601091.6709452,16665.67,8.709999999999127,45.71070625,1.0,0.0,0.0597619554585481,0.0,995.9730282268612,0.5205266320438113,0.0
1668601152.758541,16658.27,-7.399999999997817,43.01695553,1.0,0.0,0.0597619554585481,0.0,995.5307897564682,-0.442238470393022,0.0
1668601212.7633436,16654.01,-4.260000000002037,41.45483018,1.0,0.0,0.0597619554585481,0.0,995.2762038262146,-0.2545859302535973,0.0
1668601272.6981406,16665.66,11.650000000001455,46.69533009,1.0,0.0,0.0597619554585481,0.0,995.9724306073068,0.6962267810921503,0.0
1668601333.6953456,16663.55,-2.110000000000582,45.97414579,1.0,0.0,0.0597619554585481,0.0,995.8463328812892,-0.12609772601763325,0.0
1668601393.7517989,16664.65,1.1000000000021828,46.52841315,1.0,0.0,0.0597619554585481,0.0,995.9120710322936,0.06573815100455249,0.0
1668601453.9135585,16658.18,-6.470000000001164,43.89104826,1.0,0.0,0.0597619554585481,0.0,995.5254111804768,-0.38665985181683027,0.0
1668601515.0488195,16665.92,7.739999999997963,47.64153778,1.0,0.0,0.0597619554585481,0.0,995.987968715726,0.4625575352490614,0.0
1668601574.5389533,16644.48,-21.43999999999869,39.49378154,1.0,0.0,0.0597619554585481,0.0,994.7066723906946,-1.2812963250313487,0.0
1668601635.008497,16645.32,0.8400000000001455,39.92646783,1.0,0.0,0.0597619554585481,0.0,994.75687243328,0.05020004258528843,0.0
1668601695.6501737,16639.07,-6.25,37.96522194,1.0,0.0,0.0597619554585481,0.0,994.383360211664,-0.3735122216161244,0.0
1668601755.781758,16604.8,-34.27000000000044,28.61931967,1.0,0.0,0.0597619554585481,0.0,992.3353179980994,-2.0480422135645995,0.0
1668601815.6292648,16593.03,-11.770000000000437,26.21811524,1.0,0.0,0.0597619554585481,0.0,991.6319197823524,-0.7033982157471428,0.0
1668601876.434696,16611.81,18.780000000002474,35.18964724,1.0,0.0,0.0597619554585481,0.0,992.754249305864,1.1223295235116666,0.0
1668601936.54941,16611.0,-0.8100000000013097,34.97104854,1.0,0.0,0.0597619554585481,0.0,992.7058421219424,-0.04840718392154031,0.0
1668601996.602074,16603.61,-7.389999999999418,33.46005766,1.0,0.0,0.0597619554585481,0.0,992.2642012711038,-0.441640850838553,0.0
1668602057.7025828,16621.45,17.840000000000146,41.46892617,1.0,0.0,0.0597619554585481,0.0,993.3303545564844,1.066153285380551,0.0
1668602117.6927366,16626.17,4.719999999997526,43.44940825,1.0,0.0,0.0597619554585481,0.0,993.6124309862486,0.28207642976417446,0.0
1668602177.5713325,16608.06,-18.109999999996944,38.36175129,1.0,0.0,0.0597619554585481,0.0,992.5301419728944,-1.0822890133541705,0.0
1668602238.5120962,16598.82,-9.2400000000016,35.90376692,1.0,0.0,0.0597619554585481,0.0,991.9779415044574,-0.5522004684370359,0.0
1668602298.468557,16602.38,3.5600000000013097,37.67108471,1.0,0.0,0.0597619554585481,0.0,992.1906940658898,0.2127525614324668,0.0
1668602358.427709,16606.95,4.569999999999709,39.55282878,1.0,0.0,0.0597619554585481,0.0,992.4638062023354,0.27311213644554755,0.0
1668602419.5342357,16628.88,21.93000000000029,48.46478084,1.0,0.0,0.0597619554585481,0.0,993.7743858855414,1.310579683206015,0.0
1668602480.5264928,16650.0,21.11999999999898,55.30527002,0.0,1.0,0.0,995.036558384826,995.036558384826,1.2621724992844747,0.0
1668602539.430418,16661.41,11.409999999999854,58.46740956,0.0,1.0,0.0,995.036558384826,995.036558384826,0.0,0.0
1668602600.3102632,16656.04,-5.369999999998981,56.39925663,0.0,1.0,0.0,995.036558384826,995.036558384826,0.0,0.0
1668602660.4613872,16653.05,-2.9900000000016007,55.22850079,0.0,1.0,0.0,995.036558384826,995.036558384826,0.0,0.0
1668602720.512057,16666.33,13.280000000002474,59.10461883,0.0,1.0,0.0,995.036558384826,995.036558384826,0.0,0.0
1668602782.0447788,16680.31,13.979999999999563,63.03126039,0.0,1.0,0.0,995.036558384826,995.036558384826,0.0,0.0
1668602841.9069855,16675.72,-4.5900000000001455,60.95386001,0.0,1.0,0.0,995.036558384826,995.036558384826,0.0,0.0
1668602902.2182107,16676.42,0.6999999999970896,61.15401175,0.0,1.0,0.0,995.036558384826,995.036558384826,0.0,0.0
1668602963.575254,16657.12,-19.299999999999272,53.0756945,0.0,1.0,0.0,995.036558384826,995.036558384826,0.0,0.0
1668603022.743937,16666.38,9.260000000002037,55.95748121,0.0,1.0,0.0,995.036558384826,995.036558384826,0.0,0.0
1668603082.8390665,16658.39,-7.990000000001601,52.8508315,0.0,1.0,0.0,995.036558384826,995.036558384826,0.0,0.0
1668603143.8818438,16637.89,-20.5,45.8357158,1.0,0.0,0.059805453599274,0.0,995.036558384826,0.0,0.0
1668603203.8190677,16645.48,7.5900000000001455,48.53908117,1.0,0.0,0.059805453599274,0.0,995.4904817776434,0.45392339281738714,0.0
1668603263.933849,16632.86,-12.619999999998981,44.63178349,1.0,0.0,0.059805453599274,0.0,994.7357369532206,-0.7547448244228008,0.0
1668603324.9958556,16638.86,6.0,46.85382538,1.0,0.0,0.059805453599274,0.0,995.0945696748162,0.3588327215956042,0.0
1668603384.8949468,16638.76,-0.10000000000218279,46.82048476,1.0,0.0,0.059805453599274,0.0,995.0885891294562,-0.005980545359989264,0.0
1668603445.1765904,16659.62,20.860000000000582,54.22214437,0.0,1.0,0.0,996.3361308915372,996.3361308915372,1.247541762080914,0.0
1668603506.7680838,16659.78,0.15999999999985448,54.20337937,0.0,1.0,0.0,996.3361308915372,996.3361308915372,0.0,0.0
1668603566.2057505,16661.21,1.430000000000291,54.75582412,0.0,1.0,0.0,996.3361308915372,996.3361308915372,0.0,0.0
1668603626.3425658,16659.33,-1.8799999999973807,53.90321854,0.0,1.0,0.0,996.3361308915372,996.3361308915372,0.0,0.0
1668603687.023148,16612.21,-47.12000000000262,38.16918056,1.0,0.0,0.0599761338733098,0.0,996.3361308915372,0.0,0.0
1668603746.986275,16556.41,-55.79999999999927,27.81830168,1.0,0.0,0.0599761338733098,0.0,992.9894626214052,-3.3466682701321133,0.0
1668603806.9227667,16546.85,-9.56000000000131,26.47803799,1.0,0.0,0.0599761338733098,0.0,992.416090781576,-0.5733718398290648,0.0
1668603868.0769374,16565.58,18.7300000000032,33.08465478,1.0,0.0,0.0599761338733098,0.0,993.5394437690236,1.123352987447447,0.0
1668603928.072543,16541.15,-24.43000000000029,29.56129441,1.0,0.0,0.0599761338733098,0.0,992.0742268184983,-1.4652169505251322,0.0
1668603988.3973353,16554.25,13.099999999998545,33.87334793,1.0,0.0,0.0599761338733098,0.0,992.8599141722387,0.7856873537403999,0.0
1668604049.0266953,16536.36,-17.889999999999418,31.07367995,1.0,0.0,0.0599761338733098,0.0,991.7869411372452,-1.0729730349934243,0.0
1668604109.030571,16558.57,22.209999999999127,37.99636817,1.0,0.0,0.0599761338733098,0.0,993.1190110705714,1.3320699333262382,0.0
1668604169.17772,16575.18,16.610000000000582,42.50302494,1.0,0.0,0.0599761338733098,0.0,994.1152146542072,0.9962035836357472,0.0
1668604230.0958557,16603.14,27.959999999999127,49.341274,1.0,0.0,0.0599761338733098,0.0,995.7921473573048,1.676932703097691,0.0
1668604290.1048305,16598.97,-4.169999999998254,48.40566916,1.0,0.0,0.0599761338733098,0.0,995.5420468790531,-0.25010047825151105,0.0
1668604350.1300542,16570.57,-28.400000000001455,42.52567274,1.0,0.0,0.0599761338733098,0.0,993.8387246770512,-1.7033222020020276,0.0
1668604411.1031525,16569.74,-0.8299999999981083,42.36370846,1.0,0.0,0.0599761338733098,0.0,993.7889444859364,-0.049780191114791705,0.0
1668604471.2822,16589.24,19.5,47.43388921,1.0,0.0,0.0599761338733098,0.0,994.958479096466,1.1695346105295812,0.0
1668604532.0215402,16587.3,-1.9400000000023283,46.98400906,1.0,0.0,0.0599761338733098,0.0,994.8421253967516,-0.11635369971440923,0.0
1668604592.5692472,16577.9,-9.399999999997817,44.81592247,1.0,0.0,0.0599761338733098,0.0,994.2783497383426,-0.5637756584089857,0.0
1668604652.6096814,16598.15,20.25,50.15237754,0.0,1.0,0.0,995.4928664492772,995.4928664492772,1.2145167109345039,0.0
1668604712.5634365,16600.3,2.149999999997817,50.70792976,0.0,1.0,0.0,995.4928664492772,995.4928664492772,0.0,0.0
1668604773.560784,16591.64,-8.659999999999854,48.36684024,1.0,0.0,0.0599996664856082,0.0,995.4928664492772,0.0,0.0
1668604833.60324,16592.76,1.1199999999989814,48.6753293,1.0,0.0,0.0599996664856082,0.0,995.5600660757402,0.06719962646297972,0.0
1668604893.5013125,16598.95,6.190000000002328,50.55245812,0.0,1.0,0.0,995.9314640112864,995.9314640112864,0.3713979355460424,0.0
1668604954.631529,16608.4,9.450000000000728,53.35711144,0.0,1.0,0.0,995.9314640112864,995.9314640112864,0.0,0.0
1668605014.545249,16615.38,6.979999999999563,55.37066503,0.0,1.0,0.0,995.9314640112864,995.9314640112864,0.0,0.0
1668605077.3375378,16622.18,6.799999999999272,57.30440893,0.0,1.0,0.0,995.9314640112864,995.9314640112864,0.0,0.0
1668605140.4163203,16607.32,-14.860000000000582,51.99990248,0.0,1.0,0.0,995.9314640112864,995.9314640112864,0.0,0.0
1668605200.156956,16594.47,-12.849999999998545,47.86863602,1.0,0.0,0.0600158645627902,0.0,995.9314640112864,0.0,0.0
1668605292.5759392,16603.51,9.039999999997235,50.68369513,0.0,1.0,0.0,996.4740074269326,996.4740074269326,0.5425434156462643,0.0
1668605334.264803,16605.05,1.5400000000008731,51.22702487,0.0,1.0,0.0,996.4740074269326,996.4740074269326,0.0,0.0
1668605387.6820912,16610.78,5.729999999999563,53.07788667,0.0,1.0,0.0,996.4740074269326,996.4740074269326,0.0,0.0
1668605447.6132176,16534.28,-76.5,34.04198349,1.0,0.0,0.0602671545072983,0.0,996.4740074269326,0.0,0.0
1668605508.243791,16576.92,42.63999999999942,44.45784397,1.0,0.0,0.0602671545072983,0.0,999.0437988951232,2.5697914681904876,0.0
1668605595.004875,16683.1,106.18000000000029,64.4695084,0.0,1.0,0.0,1005.4429653607082,1005.4429653607082,6.399166465584926,0.0
1668605629.710888,16683.86,0.7600000000020373,64.56865834,0.0,1.0,0.0,1005.4429653607082,1005.4429653607082,0.0,0.0
1668605689.2959926,16648.44,-35.42000000000189,57.06131912,0.0,1.0,0.0,1005.4429653607082,1005.4429653607082,0.0,0.0
1668605749.9630375,16591.49,-56.94999999999709,47.27742289,1.0,0.0,0.0605999199204356,0.0,1005.442965360708,-1.1368683772161603e-13,0.0
1668605809.3025796,16569.98,-21.510000000002037,44.2216694,1.0,0.0,0.0605999199204356,0.0,1004.1394610832194,-1.3035042774885142,0.0
1668605870.157116,16567.03,-2.9500000000007276,44.28598437,1.0,0.0,0.0605999199204356,0.0,1003.960691319454,-0.17876976376533094,0.0
1668605930.193505,16556.74,-10.289999999997235,43.26496316,1.0,0.0,0.0605999199204356,0.0,1003.3371181434728,-0.6235731759810506,0.0
1668605990.1347575,16579.06,22.31999999999971,47.08829369,1.0,0.0,0.0605999199204356,0.0,1004.6897083560972,1.35259021262425,0.0
1668606050.9575214,16571.4,-7.6599999999998545,45.87618534,1.0,0.0,0.0605999199204356,0.0,1004.2255129695066,-0.46419538659063164,0.0
1668606110.7955766,16577.0,5.599999999998545,47.2544442,1.0,0.0,0.0605999199204356,0.0,1004.5648725210608,0.3393595515543666,0.0
1668606170.857978,16589.22,12.220000000001164,49.42159437,1.0,0.0,0.0605999199204356,0.0,1005.3054035424886,0.7405310214278416,0.0
1668606231.717421,16574.59,-14.630000000001019,46.88755843,1.0,0.0,0.0605999199204356,0.0,1004.4188267140528,-0.8865768284359774,0.0
1668606291.7566855,16576.97,2.3800000000010186,47.54398549,1.0,0.0,0.0605999199204356,0.0,1004.5630545234634,0.14422780941060864,0.0
1668606351.6256063,16602.59,25.61999999999898,52.38492901,0.0,1.0,0.0,1006.1156244718248,1006.1156244718248,1.5525699483614517,0.0
1668606412.5275817,16636.04,33.45000000000073,57.93767275,0.0,1.0,0.0,1006.1156244718248,1006.1156244718248,0.0,0.0
1668606472.5380528,16628.36,-7.680000000000291,56.79910851,0.0,1.0,0.0,1006.1156244718248,1006.1156244718248,0.0,0.0
1668606532.7644067,16621.66,-6.700000000000728,55.13950678,0.0,1.0,0.0,1006.1156244718248,1006.1156244718248,0.0,0.0
1668606593.6952398,16591.79,-29.86999999999898,48.90253186,1.0,0.0,0.0606393658834776,0.0,1006.1156244718248,0.0,0.0
1668606653.464754,16578.01,-13.780000000002474,46.34167417,1.0,0.0,0.0606393658834776,0.0,1005.2800140099504,-0.8356104618744666,0.0
1668606713.4909494,16567.56,-10.44999999999709,44.46297249,1.0,0.0,0.0606393658834776,0.0,1004.6463326364682,-0.6336813734822044,0.0
1668606774.2478745,16555.65,-11.909999999999854,42.42883364,1.0,0.0,0.0606393658834776,0.0,1003.924117788796,-0.7222148476721486,0.0
1668606834.2475605,16558.49,2.8400000000001455,43.21380425,1.0,0.0,0.0606393658834776,0.0,1004.0963335879052,0.17221579910903984,0.0
1668606894.1870978,16542.57,-15.920000000001892,40.01734007,1.0,0.0,0.0606393658834776,0.0,1003.13095488304,-0.965378704865202,0.0
1668606955.2753377,16522.77,-19.799999999999272,37.26349757,1.0,0.0,0.0606393658834776,0.0,1001.9302954385472,-1.2006594444927714,0.0
1668607015.1806464,16510.85,-11.920000000001892,36.97563436,1.0,0.0,0.0606393658834776,0.0,1001.207474197216,-0.7228212413311894,0.0
1668607075.2044656,16504.3,-6.549999999999272,35.34828113,1.0,0.0,0.0606393658834776,0.0,1000.8102863506792,-0.39718784653678085,0.0
1668607136.0650203,16503.28,-1.0200000000004366,36.01252603,1.0,0.0,0.0606393658834776,0.0,1000.748434197478,-0.06185215320113002,0.0
1668607196.8758452,16505.64,2.360000000000582,37.48598081,1.0,0.0,0.0606393658834776,0.0,1000.8915431009632,0.14310890348508565,0.0
1668607256.0891798,16524.43,18.790000000000873,41.97273967,1.0,0.0,0.0606393658834776,0.0,1002.0309567859138,1.1394136849505685,0.0
1668607316.868955,16530.23,5.799999999999272,43.69472473,1.0,0.0,0.0606393658834776,0.0,1002.3826651080378,0.3517083221240682,0.0
1668607377.1016452,16516.71,-13.520000000000437,41.48771874,1.0,0.0,0.0606393658834776,0.0,1001.5628208812932,-0.8198442267446353,0.0
1668607436.8427606,16514.19,-2.5200000000004366,40.97507479,1.0,0.0,0.0606393658834776,0.0,1001.4100096792668,-0.15281120202632792,0.0
1668607497.9339278,16445.1,-69.09000000000015,30.65441064,1.0,0.0,0.0606393658834776,0.0,997.2204358903772,-4.189573788889447,0.0
1668607558.0488148,16495.98,50.88000000000102,40.81243441,1.0,0.0,0.0606393658834776,0.0,1000.3057668265288,3.0853309361515358,0.0
1668607618.00665,16488.35,-7.630000000001019,38.99594458,1.0,0.0,0.0606393658834776,0.0,999.8430884648376,-0.4626783616911325,0.0
1668607678.961466,16435.63,-52.719999999997526,30.65129996,1.0,0.0,0.0606393658834776,0.0,996.646181095461,-3.1969073693766177,0.0
1668607738.7267048,16461.63,26.0,36.79620447,1.0,0.0,0.0606393658834776,0.0,998.2228046084314,1.5766235129704,0.0
1668607799.2176738,16438.26,-23.37000000000262,33.23023904,1.0,0.0,0.0606393658834776,0.0,996.8056626277344,-1.4171419806970107,0.0
1668607859.658803,16433.44,-4.819999999999709,32.35711119,1.0,0.0,0.0606393658834776,0.0,996.513380884176,-0.2922817435583056,0.0
1668607919.5035594,16476.72,43.280000000002474,42.17017818,1.0,0.0,0.0606393658834776,0.0,999.137852639613,2.624471755437071,0.0
1668607979.7546518,16475.78,-0.9400000000023283,42.11988616,1.0,0.0,0.0606393658834776,0.0,999.0808516356824,-0.05700100393050889,0.0
1668608040.3763251,16477.79,2.0100000000020373,42.82058695,1.0,0.0,0.0606393658834776,0.0,999.2027367611084,0.12188512542593344,0.0
1668608100.4000535,16490.93,13.139999999999418,46.41562511,1.0,0.0,0.0606393658834776,0.0,999.9995380288173,0.7968012677088154,0.0
1668608160.291824,16490.63,-0.2999999999992724,46.3798037,1.0,0.0,0.0606393658834776,0.0,999.9813462190524,-0.018191809764971367,0.0
1668608221.4923198,16484.06,-6.569999999999709,44.84999896,1.0,0.0,0.0606393658834776,0.0,999.5829455851978,-0.3984006338546351,0.0
1668608281.4591072,16484.55,0.48999999999796273,45.25534136,1.0,0.0,0.0606393658834776,0.0,999.6126588744804,0.02971328928276762,0.0
1668608341.4004009,16506.86,22.31000000000131,51.39746598,0.0,1.0,0.0,1000.965523127341,1000.965523127341,1.352864252860627,0.0
1668608402.457749,16519.17,12.309999999997672,54.33619151,0.0,1.0,0.0,1000.965523127341,1000.965523127341,0.0,0.0
1668608462.1585166,16517.25,-1.9199999999982538,53.76594724,0.0,1.0,0.0,1000.965523127341,1000.965523127341,0.0,0.0
1668608522.447946,16526.73,9.479999999999563,56.02785613,0.0,1.0,0.0,1000.965523127341,1000.965523127341,0.0,0.0
1668608583.075467,16506.32,-20.409999999999854,50.23693461,0.0,1.0,0.0,1000.965523127341,1000.965523127341,0.0,0.0
1668608643.0794575,16503.0,-3.319999999999709,49.135261,1.0,0.0,0.0606535492411889,0.0,1000.965523127341,0.0,0.0
1668608703.2246585,16508.49,5.490000000001601,50.87214067,0.0,1.0,0.0,1001.2985111126746,1001.2985111126746,0.3329879853336024,0.0
1668608764.159119,16499.79,-8.700000000000728,48.39696533,1.0,0.0,0.0606855306105516,0.0,1001.2985111126746,0.0,0.0
1668608824.0456874,16512.46,12.669999999998254,52.08951653,0.0,1.0,0.0,1002.0673967855088,1002.0673967855088,0.7688856728341307,0.0
1668608884.8584878,16525.24,12.780000000002474,55.6501525,0.0,1.0,0.0,1002.0673967855088,1002.0673967855088,0.0,0.0
1668608944.8157165,16530.0,4.759999999998399,57.10195736,0.0,1.0,0.0,1002.0673967855088,1002.0673967855088,0.0,0.0
1668609004.7948809,16526.6,-3.400000000001455,55.80148014,0.0,1.0,0.0,1002.0673967855088,1002.0673967855088,0.0,0.0
1668609064.8646114,16529.16,2.5600000000013097,56.31963064,0.0,1.0,0.0,1002.0673967855088,1002.0673967855088,0.0,0.0
1668609125.5907447,16524.56,-4.599999999998545,53.88946419,0.0,1.0,0.0,1002.0673967855088,1002.0673967855088,0.0,0.0
1668609185.6297023,16532.24,7.680000000000291,56.16428582,0.0,1.0,0.0,1002.0673967855088,1002.0673967855088,0.0,0.0
1668609245.6279008,16546.53,14.289999999997235,58.36649436,0.0,1.0,0.0,1002.0673967855088,1002.0673967855088,0.0,0.0
1668609306.7592514,16565.92,19.389999999999418,63.69914674,0.0,1.0,0.0,1002.0673967855088,1002.0673967855088,0.0,0.0
1668609367.5693405,16565.01,-0.9099999999998545,62.73566701,0.0,1.0,0.0,1002.0673967855088,1002.0673967855088,0.0,0.0
1668609426.768158,16536.84,-28.169999999998254,53.36694708,0.0,1.0,0.0,1002.0673967855088,1002.0673967855088,0.0,0.0
1668609487.5971217,16526.04,-10.799999999999272,50.16390504,0.0,1.0,0.0,1002.0673967855088,1002.0673967855088,0.0,0.0
1668609547.4911733,16535.09,9.049999999999272,52.83072011,0.0,1.0,0.0,1002.0673967855088,1002.0673967855088,0.0,0.0
1668609607.463992,16543.33,8.2400000000016,55.32067373,0.0,1.0,0.0,1002.0673967855088,1002.0673967855088,0.0,0.0
1668609668.327588,16514.48,-28.850000000002183,45.92519529,1.0,0.0,0.0606781077445677,0.0,1002.0673967855088,0.0,0.0
1668609728.2901678,16512.39,-2.0900000000001455,45.28497795,1.0,0.0,0.0606781077445677,0.0,1001.9405795403222,-0.12681724518654391,0.0
1668609788.348615,16504.42,-7.970000000001164,43.51809395,1.0,0.0,0.0606781077445677,0.0,1001.456975021598,-0.48360451872429167,0.0
1668609849.6956377,16486.74,-17.679999999996653,38.35145224,1.0,0.0,0.0606781077445677,0.0,1000.3841860766742,-1.0727889449239,0.0
1668609910.459393,16504.09,17.349999999998545,44.95359355,1.0,0.0,0.0606781077445677,0.0,1001.4369512460424,1.0527651693681719,0.0
1668609969.6175134,16517.48,13.389999999999418,49.68993534,1.0,0.0,0.0606781077445677,0.0,1002.249431108742,0.8124798626996608,0.0
1668610030.4880607,16519.82,2.3400000000001455,49.97130309,1.0,0.0,0.0606781077445677,0.0,1002.3914178808644,0.14198677212243638,0.0
1668610090.439726,16515.2,-4.619999999998981,49.09339569,1.0,0.0,0.0606781077445677,0.0,1002.1110850230846,-0.28033285777985384,0.0
1668610150.4428966,16511.12,-4.080000000001746,48.12032837,1.0,0.0,0.0606781077445677,0.0,1001.8635183434866,-0.2475666795979805,0.0
1668610211.364682,16482.07,-29.049999999999272,40.67402559,1.0,0.0,0.0606781077445677,0.0,1000.1008193135068,-1.7626990299796716,0.0
1668610271.3418295,16460.88,-21.18999999999869,36.26636656,1.0,0.0,0.0606781077445677,0.0,998.8150502103996,-1.2857691031072136,0.0
1668610331.3273227,16459.87,-1.0100000000020373,36.00827889,1.0,0.0,0.0606781077445677,0.0,998.7537653215776,-0.061284888822115136,0.0
1668610392.0165808,16458.95,-0.9199999999982538,36.47025372,1.0,0.0,0.0606781077445677,0.0,998.6979414624526,-0.055823859124984665,0.0
1668610452.253724,16435.85,-23.100000000002183,32.09004015,1.0,0.0,0.0606781077445677,0.0,997.296277173553,-1.4016642888996103,0.0
1668610511.9498782,16428.49,-7.359999999996944,30.81993763,1.0,0.0,0.0606781077445677,0.0,996.8496863005532,-0.4465908729998773,0.0
1668610573.2388592,16436.57,8.079999999998108,33.91241566,1.0,0.0,0.0606781077445677,0.0,997.3399654111292,0.4902791105758979,0.0
1668610633.030799,16440.75,4.180000000000291,35.66449171,1.0,0.0,0.0606781077445677,0.0,997.5935999015014,0.25363449037217833,0.0
1668610693.0255592,16461.77,21.020000000000437,43.093792,1.0,0.0,0.0606781077445677,0.0,998.8690537262922,1.2754538247908158,0.0
1668610753.708438,16490.93,29.159999999999854,51.36481824,0.0,1.0,0.0,1000.638427348124,1000.638427348124,1.769373621831619,0.0
1668610814.2000628,16497.94,7.009999999998399,53.17945953,0.0,1.0,0.0,1000.638427348124,1000.638427348124,0.0,0.0
1668610873.8082535,16493.56,-4.379999999997381,52.11208509,0.0,1.0,0.0,1000.638427348124,1000.638427348124,0.0,0.0
1668610934.4455686,16468.8,-24.760000000002037,45.61957158,1.0,0.0,0.0607596441360708,0.0,1000.638427348124,0.0,0.0
1668610993.7815535,16450.95,-17.849999999998545,41.45809442,1.0,0.0,0.0607596441360708,0.0,999.553867700294,-1.0845596478300195,0.0
1668611053.8385427,16481.42,30.469999999997526,49.73713596,1.0,0.0,0.0607596441360708,0.0,1001.40521405712,1.8513463568259567,0.0
1668611113.806072,16512.81,31.390000000003056,56.56644875,0.0,1.0,0.0,1003.3124592865514,1003.3124592865514,1.9072452294313962,0.0
1668611173.832496,16515.03,2.219999999997526,56.88584847,0.0,1.0,0.0,1003.3124592865514,1003.3124592865514,0.0,0.0
1668611233.7686262,16506.08,-8.94999999999709,54.45028011,0.0,1.0,0.0,1003.3124592865514,1003.3124592865514,0.0,0.0
1668611293.7056944,16508.24,2.1599999999998545,54.9720299,0.0,1.0,0.0,1003.3124592865514,1003.3124592865514,0.0,0.0
1668611353.9602394,16499.64,-8.600000000002183,52.62911149,0.0,1.0,0.0,1003.3124592865514,1003.3124592865514,0.0,0.0
1668611413.7568707,16507.95,8.31000000000131,54.63085727,0.0,1.0,0.0,1003.3124592865514,1003.3124592865514,0.0,0.0
1668611473.6923783,16513.41,5.459999999999127,56.10478448,0.0,1.0,0.0,1003.3124592865514,1003.3124592865514,0.0,0.0
1668611533.9180384,16522.87,9.459999999999127,58.11339316,0.0,1.0,0.0,1003.3124592865514,1003.3124592865514,0.0,0.0
1668611593.7934122,16524.71,1.8400000000001455,58.57391995,0.0,1.0,0.0,1003.3124592865514,1003.3124592865514,0.0,0.0
1668611653.7756882,16538.59,13.880000000001019,61.98615283,0.0,1.0,0.0,1003.3124592865514,1003.3124592865514,0.0,0.0
1668611713.7834616,16525.48,-13.110000000000582,57.29318754,0.0,1.0,0.0,1003.3124592865514,1003.3124592865514,0.0,0.0
1668611773.8929238,16522.38,-3.099999999998545,56.18051304,0.0,1.0,0.0,1003.3124592865514,1003.3124592865514,0.0,0.0
1668611833.8529637,16513.25,-9.130000000001019,53.01196188,0.0,1.0,0.0,1003.3124592865514,1003.3124592865514,0.0,0.0
1668611910.989943,16506.69,-6.56000000000131,50.69534459,0.0,1.0,0.0,1003.3124592865514,1003.3124592865514,0.0,0.0
1668611953.7675514,16507.33,0.6400000000030559,50.92546486,0.0,1.0,0.0,1003.3124592865514,1003.3124592865514,0.0,0.0
1668612013.6756153,16487.55,-19.780000000002474,44.24131999,1.0,0.0,0.060852731866563,0.0,1003.3124592865514,0.0,0.0
1668612073.7072344,16496.23,8.680000000000291,47.53540196,1.0,0.0,0.060852731866563,0.0,1003.8406609991524,0.5282017126011169,0.0
1668612133.8245478,16496.07,-0.15999999999985448,47.47454677,1.0,0.0,0.060852731866563,0.0,1003.830924562054,-0.009736437098467832,0.0
1668612193.875556,16486.17,-9.900000000001455,44.03897563,1.0,0.0,0.060852731866563,0.0,1003.2284825165748,-0.6024420454790516,0.0
1668612253.9071405,16493.61,7.440000000002328,47.07904206,1.0,0.0,0.060852731866563,0.0,1003.6812268416622,0.4527443250874512,0.0
1668612313.7467258,16503.3,9.68999999999869,50.86472181,0.0,1.0,0.0,1004.2708898134492,1004.2708898134492,0.5896629717868791,0.0
1668612373.702945,16510.78,7.479999999999563,53.71139182,0.0,1.0,0.0,1004.2708898134492,1004.2708898134492,0.0,0.0
1668612433.824162,16509.84,-0.9399999999986903,53.35206922,0.0,1.0,0.0,1004.2708898134492,1004.2708898134492,0.0,0.0
1668612493.8437507,16512.02,2.180000000000291,54.2392595,0.0,1.0,0.0,1004.2708898134492,1004.2708898134492,0.0,0.0
1668612556.0644476,16514.37,2.349999999998545,55.2521515,0.0,1.0,0.0,1004.2708898134492,1004.2708898134492,0.0,0.0
1668612613.937983,16537.28,22.909999999999854,63.56100695,0.0,1.0,0.0,1004.2708898134492,1004.2708898134492,0.0,0.0
1668612673.8711312,16532.95,-4.329999999998108,61.60296469,0.0,1.0,0.0,1004.2708898134492,1004.2708898134492,0.0,0.0
1668612733.8179646,16526.46,-6.490000000001601,57.61481006,0.0,1.0,0.0,1004.2708898134492,1004.2708898134492,0.0,0.0
1668612794.0038538,16521.04,-5.419999999998254,54.93083917,0.0,1.0,0.0,1004.2708898134492,1004.2708898134492,0.0,0.0
1668612853.8810017,16518.59,-2.4500000000007276,53.47860392,0.0,1.0,0.0,1004.2708898134492,1004.2708898134492,0.0,0.0
1668612913.926404,16531.99,13.400000000001455,59.53949358,0.0,1.0,0.0,1004.2708898134492,1004.2708898134492,0.0,0.0
1668612973.750818,16532.2,0.20999999999912689,59.67076123,0.0,1.0,0.0,1004.2708898134492,1004.2708898134492,0.0,0.0
1668613033.7853992,16533.73,1.5299999999988358,60.35653518,0.0,1.0,0.0,1004.2708898134492,1004.2708898134492,0.0,0.0
1668613093.78875,16538.42,4.68999999999869,62.46360814,0.0,1.0,0.0,1004.2708898134492,1004.2708898134492,0.0,0.0
1668613154.2326968,16545.63,7.210000000002765,64.94733192,0.0,1.0,0.0,1004.2708898134492,1004.2708898134492,0.0,0.0
1668613213.8968685,16540.7,-4.930000000000291,61.40650012,0.0,1.0,0.0,1004.2708898134492,1004.2708898134492,0.0,0.0
1668613273.8867097,16539.21,-1.4900000000016007,60.33585997,0.0,1.0,0.0,1004.2708898134492,1004.2708898134492,0.0,0.0
1668613333.8047726,16520.07,-19.139999999999418,48.82830372,1.0,0.0,0.0607909585015952,0.0,1004.2708898134492,0.0,0.0
1668613393.82733,16523.99,3.9200000000018917,50.89452929,0.0,1.0,0.0,1004.509190370774,1004.509190370774,0.23830055732491928,0.0
1668613453.9259331,16520.13,-3.860000000000582,48.75211304,1.0,0.0,0.0608051625726174,0.0,1004.509190370774,0.0,0.0
1668613513.9100115,16508.45,-11.680000000000291,43.00423401,1.0,0.0,0.0608051625726174,0.0,1003.7989860719258,-0.7102042988482253,0.0
1668613573.9652133,16502.44,-6.010000000002037,40.34257003,1.0,0.0,0.0608051625726174,0.0,1003.4335470448642,-0.3654390270615977,0.0
1668613636.269524,16490.51,-11.930000000000291,35.66923152,1.0,0.0,0.0608051625726174,0.0,1002.7081414553728,-0.7254055894912881,0.0
1668613693.8210251,16446.69,-43.81999999999971,24.52072854,1.0,0.0,0.0608051625726174,0.0,1000.0436592314408,-2.6644822239320547,0.0
1668613753.8077765,16400.79,-45.89999999999782,18.09193015,1.0,0.0,0.0608051625726174,0.0,997.2527022693578,-2.790956962082987,0.0
1668613813.9775898,16413.16,12.369999999998981,23.96767244,1.0,0.0,0.0608051625726174,0.0,998.004862130381,0.7521598610231877,0.0
1668613874.5354955,16438.08,24.92000000000189,34.12932261,1.0,0.0,0.0608051625726174,0.0,999.5201267816908,1.5152646513098489,0.0
1668613933.8939922,16448.22,10.139999999999418,37.75071482,1.0,0.0,0.0608051625726174,0.0,1000.136691130177,0.6165643484862358,0.0
1668613993.8854215,16420.51,-27.710000000002765,32.4934223,1.0,0.0,0.0608051625726174,0.0,998.4517800752895,-1.6849110548873796,0.0
1668614054.0361063,16421.74,1.2300000000032014,32.93985369,1.0,0.0,0.0608051625726174,0.0,998.526570425254,0.07479034996458722,0.0
1668614113.8987234,16443.24,21.5,40.02731283,1.0,0.0,0.0608051625726174,0.0,999.8338814205656,1.307310995311468,0.0
1668614173.871919,16428.19,-15.05000000000291,36.93728998,1.0,0.0,0.0608051625726174,0.0,998.9187637238474,-0.9151176967181982,0.0
1668614233.760544,16450.99,22.80000000000291,44.06331001,1.0,0.0,0.0608051625726174,0.0,1000.3051214305032,1.3863577066558719,0.0
1668614293.9213548,16458.98,7.989999999997963,46.33150942,1.0,0.0,0.0608051625726174,0.0,1000.7909546794584,0.4858332489551458,0.0
1668614354.5954323,16443.61,-15.369999999998981,42.88093608,1.0,0.0,0.0608051625726174,0.0,999.8563793307172,-0.9345753487411912,0.0
1668614413.9299457,16431.7,-11.909999999999854,40.33971272,1.0,0.0,0.0608051625726174,0.0,999.1321898444774,-0.7241894862398794,0.0
1668614474.084581,16432.56,0.8600000000005821,40.61338984,1.0,0.0,0.0608051625726174,0.0,999.18448228429,0.0522924398125042,0.0
1668614533.9268787,16418.67,-13.890000000003056,37.72937674,1.0,0.0,0.0608051625726174,0.0,998.339898576156,-0.8445837081338823,0.0
1668614593.9569063,16411.96,-6.709999999999127,36.2306819,1.0,0.0,0.0608051625726174,0.0,997.9318959352938,-0.40800264086215066,0.0
1668614653.9641688,16439.61,27.650000000001455,45.23109754,1.0,0.0,0.0608051625726174,0.0,999.6131586804267,1.6812627451329263,0.0
1668614714.137361,16453.4,13.790000000000873,49.0897661,1.0,0.0,0.0608051625726174,0.0,1000.4516618723032,0.838503191876498,0.0
1668614774.0079708,16454.25,0.8499999999985448,49.32678126,1.0,0.0,0.0608051625726174,0.0,1000.5033462604898,0.051684388186572505,0.0
1668614834.4258318,16451.38,-2.8699999999989814,48.48618303,1.0,0.0,0.0608051625726174,0.0,1000.3288354439064,-0.17451081658327894,0.0
1668614894.0271833,16443.69,-7.690000000002328,46.26474989,1.0,0.0,0.0608051625726174,0.0,999.861243743723,-0.46759170018344776,0.0
1668614954.4351218,16436.69,-7.0,44.18741348,1.0,0.0,0.0608051625726174,0.0,999.4356076057146,-0.42563613800837174,0.0
1668615014.1033034,16457.06,20.37000000000262,50.71582283,0.0,1.0,0.0,1000.674208767319,1000.674208767319,1.2386011616043788,0.0
1668615073.9966192,16463.37,6.309999999997672,52.7556679,0.0,1.0,0.0,1000.674208767319,1000.674208767319,0.0,0.0
1668615133.949492,16458.98,-4.389999999999418,51.208547,0.0,1.0,0.0,1000.674208767319,1000.674208767319,0.0,0.0
1668615193.953454,16467.03,8.049999999999272,53.94789176,0.0,1.0,0.0,1000.674208767319,1000.674208767319,0.0,0.0
1668615254.211305,16476.65,9.62000000000262,57.05115293,0.0,1.0,0.0,1000.674208767319,1000.674208767319,0.0,0.0
1668615314.4396362,16480.06,3.4099999999998545,58.12824775,0.0,1.0,0.0,1000.674208767319,1000.674208767319,0.0,0.0
1668615374.0065432,16478.14,-1.9200000000018917,56.92968211,0.0,1.0,0.0,1000.674208767319,1000.674208767319,0.0,0.0
1668615434.0824013,16462.96,-15.180000000000291,50.7387153,0.0,1.0,0.0,1000.674208767319,1000.674208767319,0.0,0.0
1668615493.9811578,16456.41,-6.549999999999272,48.62581578,1.0,0.0,0.0608075642723606,0.0,1000.674208767319,0.0,0.0
1668615553.9243927,16461.53,5.119999999998981,50.37872909,0.0,1.0,0.0,1000.985543496392,1000.985543496392,0.3113347290731099,0.0
1668615614.114646,16480.47,18.94000000000233,56.27929009,0.0,1.0,0.0,1000.985543496392,1000.985543496392,0.0,0.0
1668615673.892874,16465.71,-14.760000000002037,51.15430168,0.0,1.0,0.0,1000.985543496392,1000.985543496392,0.0,0.0
1668615733.9310582,16466.37,0.6599999999998545,51.37102111,0.0,1.0,0.0,1000.985543496392,1000.985543496392,0.0,0.0
1668615794.503394,16482.55,16.18000000000029,56.46996046,0.0,1.0,0.0,1000.985543496392,1000.985543496392,0.0,0.0
1668615853.9689586,16460.0,-22.549999999999272,48.77147882,1.0,0.0,0.060813216494313,0.0,1000.985543496392,0.0,0.0
1668615913.8765848,16465.95,5.950000000000728,50.68400281,0.0,1.0,0.0,1001.3473821345332,1001.3473821345332,0.36183863814119377,0.0
1668615973.9847438,16453.52,-12.430000000000291,46.73097014,1.0,0.0,0.060859158534741,0.0,1001.3473821345332,0.0,0.0
1668616034.122682,16446.27,-7.25,44.5284412,1.0,0.0,0.060859158534741,0.0,1000.9061532351548,-0.44122889937830223,0.0
1668616093.9805598,16452.87,6.599999999998545,46.94402209,1.0,0.0,0.060859158534741,0.0,1001.307823681484,0.40167044632926263,0.0
1668616154.0743015,16465.96,13.090000000000146,51.52795818,0.0,1.0,0.0,1002.1044700667038,1002.1044700667038,0.7966463852197876,0.0
1668616214.8169346,16459.33,-6.629999999997381,49.20892648,1.0,0.0,0.0608836732762939,0.0,1002.1044700667038,0.0,0.0
1668616274.3036363,16443.7,-15.630000000001019,44.18064946,1.0,0.0,0.0608836732762939,0.0,1001.152858253394,-0.9516118133097962,0.0
1668616334.1031232,16455.93,12.229999999999563,48.64189748,1.0,0.0,0.0608836732762939,0.0,1001.897465577563,0.7446073241690101,0.0
1668616393.8808022,16475.61,19.68000000000029,54.84825446,0.0,1.0,0.0,1003.0956562676404,1003.0956562676404,1.1981906900774675,0.0
1668616454.3325074,16486.29,10.680000000000291,57.82674193,0.0,1.0,0.0,1003.0956562676404,1003.0956562676404,0.0,0.0
1668616514.0692625,16476.93,-9.360000000000582,54.39349183,0.0,1.0,0.0,1003.0956562676404,1003.0956562676404,0.0,0.0
1668616574.318957,16469.09,-7.8400000000001455,51.71269012,0.0,1.0,0.0,1003.0956562676404,1003.0956562676404,0.0,0.0
1668616634.084355,16474.66,5.569999999999709,53.54140601,0.0,1.0,0.0,1003.0956562676404,1003.0956562676404,0.0,0.0
1668616693.9999645,16466.73,-7.930000000000291,50.82389703,0.0,1.0,0.0,1003.0956562676404,1003.0956562676404,0.0,0.0
1668616754.0370486,16450.62,-16.110000000000582,45.11943798,1.0,0.0,0.0609761611579162,0.0,1003.0956562676404,0.0,0.0
1668616814.0900085,16471.29,20.67000000000189,52.50055439,0.0,1.0,0.0,1004.3560335187736,1004.3560335187736,1.2603772511332636,0.0
1668616874.0285811,16495.11,23.81999999999971,59.29477478,0.0,1.0,0.0,1004.3560335187736,1004.3560335187736,0.0,0.0
1668616934.1121876,16514.28,19.169999999998254,63.78441587,0.0,1.0,0.0,1004.3560335187736,1004.3560335187736,0.0,0.0
1668616994.2239802,16507.73,-6.549999999999272,61.26357876,0.0,1.0,0.0,1004.3560335187736,1004.3560335187736,0.0,0.0
1668617054.1117814,16510.73,3.0,62.00961983,0.0,1.0,0.0,1004.3560335187736,1004.3560335187736,0.0,0.0
1668617114.0038967,16520.83,10.100000000002183,64.38180551,0.0,1.0,0.0,1004.3560335187736,1004.3560335187736,0.0,0.0
1668617174.0005877,16512.74,-8.090000000000146,61.01232165,0.0,1.0,0.0,1004.3560335187736,1004.3560335187736,0.0,0.0
1668617234.07088,16511.42,-1.320000000003347,60.26692489,0.0,1.0,0.0,1004.3560335187736,1004.3560335187736,0.0,0.0
1668617294.6525943,16526.42,15.0,64.17412645,0.0,1.0,0.0,1004.3560335187736,1004.3560335187736,0.0,0.0
1668617354.2577553,16537.06,10.640000000003056,66.69848422,0.0,1.0,0.0,1004.3560335187736,1004.3560335187736,0.0,0.0
1668617414.0311756,16540.78,3.719999999997526,67.56823984,0.0,1.0,0.0,1004.3560335187736,1004.3560335187736,0.0,0.0
1668617473.9675894,16539.08,-1.6999999999970896,66.96838418,0.0,1.0,0.0,1004.3560335187736,1004.3560335187736,0.0,0.0
1668617534.0413454,16519.63,-19.450000000000728,57.73363149,0.0,1.0,0.0,1004.3560335187736,1004.3560335187736,0.0,0.0
1668617594.2372196,16500.62,-19.010000000002037,50.72236451,0.0,1.0,0.0,1004.3560335187736,1004.3560335187736,0.0,0.0
1668617654.0527267,16515.58,14.960000000002765,55.25649658,0.0,1.0,0.0,1004.3560335187736,1004.3560335187736,0.0,0.0
1668617714.1284883,16528.48,12.899999999997817,58.80688866,0.0,1.0,0.0,1004.3560335187736,1004.3560335187736,0.0,0.0
1668617774.7530448,16522.0,-6.479999999999563,56.52654882,0.0,1.0,0.0,1004.3560335187736,1004.3560335187736,0.0,0.0
1668617834.0206776,16521.78,-0.22000000000116415,56.37759063,0.0,1.0,0.0,1004.3560335187736,1004.3560335187736,0.0,0.0
1668617894.0892916,16516.47,-5.309999999997672,54.2682792,0.0,1.0,0.0,1004.3560335187736,1004.3560335187736,0.0,0.0
1668617954.098751,16501.24,-15.229999999999563,48.62968278,1.0,0.0,0.0608654885038199,0.0,1004.3560335187736,0.0,0.0
1668618014.110395,16500.57,-0.6700000000018917,48.39226395,1.0,0.0,0.0608654885038199,0.0,1004.3152536414756,-0.04077987729817778,0.0
1668618074.0993996,16503.14,2.569999999999709,49.48005477,1.0,0.0,0.0608654885038199,0.0,1004.4716779469304,0.15642430545472052,0.0
1668618134.121307,16512.19,9.049999999999272,52.69401632,0.0,1.0,0.0,1005.0225106178898,1005.0225106178898,0.5508326709593803,0.0
1668618194.0924866,16504.95,-7.239999999997963,49.71638439,1.0,0.0,0.0608921875327032,0.0,1005.0225106178898,0.0,0.0
1668618254.4274614,16506.72,1.7700000000004366,50.45315049,0.0,1.0,0.0,1005.1302897898228,1005.1302897898228,0.10777917193286157,0.0
1668618314.037951,16511.46,4.739999999997963,52.48354267,0.0,1.0,0.0,1005.1302897898228,1005.1302897898228,0.0,0.0
1668618374.061116,16519.51,8.049999999999272,55.79654915,0.0,1.0,0.0,1005.1302897898228,1005.1302897898228,0.0,0.0
1668618433.9311757,16512.26,-7.25,52.25465298,0.0,1.0,0.0,1005.1302897898228,1005.1302897898228,0.0,0.0
1668618493.9869862,16512.9,0.6400000000030559,52.5351245,0.0,1.0,0.0,1005.1302897898228,1005.1302897898228,0.0,0.0
1668618554.2812986,16526.9,14.0,58.02889876,0.0,1.0,0.0,1005.1302897898228,1005.1302897898228,0.0,0.0
1668618614.1231167,16523.88,-3.0200000000004366,56.43353948,0.0,1.0,0.0,1005.1302897898228,1005.1302897898228,0.0,0.0
1668618674.2238948,16523.41,-0.47000000000116415,56.23770124,0.0,1.0,0.0,1005.1302897898228,1005.1302897898228,0.0,0.0
1668618734.2777166,16520.82,-2.5900000000001455,54.78831147,0.0,1.0,0.0,1005.1302897898228,1005.1302897898228,0.0,0.0
1668618793.9831133,16518.25,-2.569999999999709,53.41550121,0.0,1.0,0.0,1005.1302897898228,1005.1302897898228,0.0,0.0
1668618854.1172924,16513.7,-4.549999999999272,50.82425404,0.0,1.0,0.0,1005.1302897898228,1005.1302897898228,0.0,0.0
1668618914.1637728,16517.39,3.6899999999986903,52.86300178,0.0,1.0,0.0,1005.1302897898228,1005.1302897898228,0.0,0.0
1668618974.1055636,16504.89,-12.5,45.95818962,1.0,0.0,0.0608989390289679,0.0,1005.1302897898228,0.0,0.0
1668619034.2735317,16519.54,14.650000000001455,53.66388303,0.0,1.0,0.0,1006.0224592465964,1006.0224592465964,0.8921694567735585,0.0
1668619094.068542,16518.35,-1.1900000000023283,53.00277194,0.0,1.0,0.0,1006.0224592465964,1006.0224592465964,0.0,0.0
1668619154.0141604,16529.82,11.470000000001164,58.33125844,0.0,1.0,0.0,1006.0224592465964,1006.0224592465964,0.0,0.0
1668619214.0346122,16524.76,-5.06000000000131,54.59169237,0.0,1.0,0.0,1006.0224592465964,1006.0224592465964,0.0,0.0
1668619274.5186968,16522.51,-2.25,53.44980711,0.0,1.0,0.0,1006.0224592465964,1006.0224592465964,0.0,0.0
1668619334.1205149,16512.35,-10.159999999999854,48.36190749,1.0,0.0,0.0609254563551884,0.0,1006.0224592465964,0.0,0.0
1668619394.1221285,16519.37,7.020000000000437,51.82245678,0.0,1.0,0.0,1006.4501559502086,1006.4501559502086,0.42769670361212775,0.0
1668619454.2246766,16520.98,1.610000000000582,52.60716979,0.0,1.0,0.0,1006.4501559502086,1006.4501559502086,0.0,0.0
1668619514.1489587,16527.91,6.930000000000291,55.98738181,0.0,1.0,0.0,1006.4501559502086,1006.4501559502086,0.0,0.0
1668619574.1009066,16524.27,-3.639999999999418,53.98085403,0.0,1.0,0.0,1006.4501559502086,1006.4501559502086,0.0,0.0
1668619634.153327,16516.85,-7.420000000001892,49.68052994,1.0,0.0,0.060934751841314,0.0,1006.4501559502086,0.0,0.0
1668619694.1179748,16520.88,4.030000000002474,51.922046,0.0,1.0,0.0,1006.6957230001276,1006.6957230001276,0.24556704991914557,0.0
1668619754.1332154,16523.15,2.2700000000004366,53.17059491,0.0,1.0,0.0,1006.6957230001276,1006.6957230001276,0.0,0.0
1668619814.112894,16514.75,-8.400000000001455,48.10981668,1.0,0.0,0.0609573698057874,0.0,1006.6957230001276,0.0,0.0
1668619874.1090322,16521.99,7.240000000001601,52.33477693,0.0,1.0,0.0,1007.1370543575216,1007.1370543575216,0.4413313573938922,0.0
1668619934.047357,16530.09,8.099999999998545,56.67172597,0.0,1.0,0.0,1007.1370543575216,1007.1370543575216,0.0,0.0
1668619994.40776,16531.47,1.3800000000010186,57.37450782,0.0,1.0,0.0,1007.1370543575216,1007.1370543575216,0.0,0.0
1668620070.3146284,16542.74,11.270000000000437,62.69600684,0.0,1.0,0.0,1007.1370543575216,1007.1370543575216,0.0,0.0
1668620114.43058,16530.9,-11.840000000000146,54.88392232,0.0,1.0,0.0,1007.1370543575216,1007.1370543575216,0.0,0.0
1668620174.5551093,16540.79,9.889999999999418,59.63178165,0.0,1.0,0.0,1007.1370543575216,1007.1370543575216,0.0,0.0
1668620240.963482,16554.6,13.809999999997672,65.02596314,0.0,1.0,0.0,1007.1370543575216,1007.1370543575216,0.0,0.0
1668620294.3651233,16601.66,47.06000000000131,76.53340835,0.0,1.0,0.0,1007.1370543575216,1007.1370543575216,0.0,0.0
1668620354.356767,16566.34,-35.31999999999971,60.43165403,0.0,1.0,0.0,1007.1370543575216,1007.1370543575216,0.0,0.0
1668620414.425959,16552.69,-13.650000000001455,55.57459912,0.0,1.0,0.0,1007.1370543575216,1007.1370543575216,0.0,0.0
1668620474.524561,16555.28,2.5900000000001455,56.29242163,0.0,1.0,0.0,1007.1370543575216,1007.1370543575216,0.0,0.0
1668620534.6991649,16544.89,-10.389999999999418,52.61933209,0.0,1.0,0.0,1007.1370543575216,1007.1370543575216,0.0,0.0
1668620594.4521952,16557.51,12.619999999998981,56.36706687,0.0,1.0,0.0,1007.1370543575216,1007.1370543575216,0.0,0.0
1668620654.6460168,16574.53,17.020000000000437,60.64095538,0.0,1.0,0.0,1007.1370543575216,1007.1370543575216,0.0,0.0
1668620714.5026042,16571.2,-3.3299999999981083,59.27105233,0.0,1.0,0.0,1007.1370543575216,1007.1370543575216,0.0,0.0
1668620774.395204,16587.88,16.68000000000029,63.32893886,0.0,1.0,0.0,1007.1370543575216,1007.1370543575216,0.0,0.0
1668620834.5065084,16595.61,7.729999999999563,65.09051123,0.0,1.0,0.0,1007.1370543575216,1007.1370543575216,0.0,0.0
1668620898.6711726,16603.62,8.0099999999984,66.86197202,0.0,1.0,0.0,1007.1370543575216,1007.1370543575216,0.0,0.0
1668620971.9180784,16593.81,-9.809999999997672,62.66608529,0.0,1.0,0.0,1007.1370543575216,1007.1370543575216,0.0,0.0
1668621014.8679135,16591.01,-2.8000000000029104,61.65186669,0.0,1.0,0.0,1007.1370543575216,1007.1370543575216,0.0,0.0
1668621087.4571617,16590.33,-0.6799999999966531,61.19042372,0.0,1.0,0.0,1007.1370543575216,1007.1370543575216,0.0,0.0
1668621137.2948575,16589.44,-0.8900000000030559,60.92422822,0.0,1.0,0.0,1007.1370543575216,1007.1370543575216,0.0,0.0
1668621195.884647,16575.75,-13.68999999999869,54.70099535,0.0,1.0,0.0,1007.1370543575216,1007.1370543575216,0.0,0.0
1668621257.619691,16566.39,-9.360000000000582,50.81942252,0.0,1.0,0.0,1007.1370543575216,1007.1370543575216,0.0,0.0
1668621317.390874,16578.5,12.110000000000582,55.36390337,0.0,1.0,0.0,1007.1370543575216,1007.1370543575216,0.0,0.0
1668621380.9331322,16576.28,-2.220000000001164,54.45540971,0.0,1.0,0.0,1007.1370543575216,1007.1370543575216,0.0,0.0
1668621438.5907724,16584.25,7.970000000001164,57.41812257,0.0,1.0,0.0,1007.1370543575216,1007.1370543575216,0.0,0.0
1668621498.6585486,16585.46,1.2099999999991269,57.86624293,0.0,1.0,0.0,1007.1370543575216,1007.1370543575216,0.0,0.0
1668621558.65464,16580.96,-4.5,55.44607294,0.0,1.0,0.0,1007.1370543575216,1007.1370543575216,0.0,0.0
1668621619.6091638,16577.97,-2.9899999999979627,53.96766611,0.0,1.0,0.0,1007.1370543575216,1007.1370543575216,0.0,0.0
1668621680.347672,16580.69,2.719999999997526,55.22088915,0.0,1.0,0.0,1007.1370543575216,1007.1370543575216,0.0,0.0
1668621745.939272,16589.01,8.319999999999709,58.83504064,0.0,1.0,0.0,1007.1370543575216,1007.1370543575216,0.0,0.0
1668621800.265793,16595.97,6.960000000002765,61.62348706,0.0,1.0,0.0,1007.1370543575216,1007.1370543575216,0.0,0.0
1668621860.1805649,16594.74,-1.2299999999995634,60.8511372,0.0,1.0,0.0,1007.1370543575216,1007.1370543575216,0.0,0.0
1668621920.2110355,16581.86,-12.880000000001019,53.23073209,0.0,1.0,0.0,1007.1370543575216,1007.1370543575216,0.0,0.0
1668621981.2140906,16585.0,3.139999999999418,54.58489831,0.0,1.0,0.0,1007.1370543575216,1007.1370543575216,0.0,0.0
1668622041.1111896,16600.45,15.450000000000728,61.05942247,0.0,1.0,0.0,1007.1370543575216,1007.1370543575216,0.0,0.0
1668622101.287202,16595.28,-5.170000000001892,58.10259325,0.0,1.0,0.0,1007.1370543575216,1007.1370543575216,0.0,0.0
1668622163.0562494,16589.38,-5.899999999997817,54.83890636,0.0,1.0,0.0,1007.1370543575216,1007.1370543575216,0.0,0.0
1668622221.9677138,16598.92,9.539999999997235,58.86265021,0.0,1.0,0.0,1007.1370543575216,1007.1370543575216,0.0,0.0
1668622281.8275995,16624.02,25.100000000002183,67.15450545,0.0,1.0,0.0,1007.1370543575216,1007.1370543575216,0.0,0.0
1668622342.719911,16620.16,-3.860000000000582,64.98516413,0.0,1.0,0.0,1007.1370543575216,1007.1370543575216,0.0,0.0
1668622402.570018,16615.3,-4.860000000000582,62.25817885,0.0,1.0,0.0,1007.1370543575216,1007.1370543575216,0.0,0.0
1668622462.6377735,16617.51,2.209999999999127,63.01815135,0.0,1.0,0.0,1007.1370543575216,1007.1370543575216,0.0,0.0
1668622523.8169477,16636.19,18.68000000000029,68.74665076,0.0,1.0,0.0,1007.1370543575216,1007.1370543575216,0.0,0.0
1668622583.6259148,16619.9,-16.289999999997235,59.86418314,0.0,1.0,0.0,1007.1370543575216,1007.1370543575216,0.0,0.0
1668622643.6401236,16618.51,-1.390000000003056,59.36483135,0.0,1.0,0.0,1007.1370543575216,1007.1370543575216,0.0,0.0
1668622704.8994217,16611.7,-6.809999999997672,55.9567739,0.0,1.0,0.0,1007.1370543575216,1007.1370543575216,0.0,0.0
1668622763.7904382,16609.3,-2.400000000001455,54.73438171,0.0,1.0,0.0,1007.1370543575216,1007.1370543575216,0.0,0.0
1668622823.6529984,16599.97,-9.329999999998108,50.25073358,0.0,1.0,0.0,1007.1370543575216,1007.1370543575216,0.0,0.0
1668622883.6735516,16603.23,3.2599999999983993,51.73836046,0.0,1.0,0.0,1007.1370543575216,1007.1370543575216,0.0,0.0
1668622943.7687447,16604.51,1.2799999999988358,52.34096121,0.0,1.0,0.0,1007.1370543575216,1007.1370543575216,0.0,0.0
1668623020.1247482,16596.99,-7.519999999996799,48.50882526,1.0,0.0,0.0606819100546256,0.0,1007.1370543575216,0.0,0.0
1668623063.7342663,16590.03,-6.960000000002765,45.20964254,1.0,0.0,0.0606819100546256,0.0,1006.7147082635404,-0.42234609398133216,0.0
1668623123.7131052,16588.85,-1.180000000000291,44.65512615,1.0,0.0,0.0606819100546256,0.0,1006.6431036096758,-0.07160465386459691,0.0
1668623183.7652822,16584.4,-4.44999999999709,42.53625174,1.0,0.0,0.0606819100546256,0.0,1006.3730691099328,-0.2700344997429056,0.0
1668623243.703091,16591.15,6.75,46.70317298,1.0,0.0,0.0606819100546256,0.0,1006.7826720028016,0.4096028928688611,0.0
1668623303.7464912,16587.8,-3.350000000002183,45.15441747,1.0,0.0,0.0606819100546256,0.0,1006.5793876041186,-0.20328439868308124,0.0
1668623363.6973834,16596.74,8.940000000002328,50.22736748,0.0,1.0,0.0,1007.121883880007,1007.121883880007,0.5424962758884249,0.0
1668623423.6562552,16595.6,-1.140000000003056,49.59738321,1.0,0.0,0.0606860784714024,0.0,1007.121883880007,0.0,0.0
1668623483.7551925,16587.12,-8.479999999999563,45.18528277,1.0,0.0,0.0606860784714024,0.0,1006.607265934568,-0.5146179454388857,0.0
1668623543.6969151,16581.3,-5.819999999999709,42.21860889,1.0,0.0,0.0606860784714024,0.0,1006.2540729578644,-0.35319297670343985,0.0
1668623603.7258868,16576.83,-4.469999999997526,40.09271213,1.0,0.0,0.0606860784714024,0.0,1005.9828061870976,-0.2712667707668288,0.0
1668623664.2736723,16566.83,-10.0,36.2352388,1.0,0.0,0.0606860784714024,0.0,1005.3759454023836,-0.6068607847140584,0.0
1668623723.923769,16563.57,-3.2600000000020373,34.54798038,1.0,0.0,0.0606860784714024,0.0,1005.1781087865668,-0.19783661581698198,0.0
1668623783.6065154,16572.72,9.150000000001455,41.00179296,1.0,0.0,0.0606860784714024,0.0,1005.73338640458,0.5552776180132923,0.0
1668623843.9004288,16559.95,-12.770000000000437,35.70963079,1.0,0.0,0.0606860784714024,0.0,1004.9584251825004,-0.7749612220796962,0.0
1668623903.634151,16555.1,-4.850000000002183,33.88664838,1.0,0.0,0.0606860784714024,0.0,1004.6640977019138,-0.29432748058661673,0.0
1668623963.8333583,16539.45,-15.649999999997817,29.27091853,1.0,0.0,0.0606860784714024,0.0,1003.7143605738364,-0.9497371280772313,0.0
1668624023.783971,16550.55,11.099999999998545,36.35218892,1.0,0.0,0.0606860784714024,0.0,1004.387976044869,0.6736154710325764,0.0
1668624083.8124394,16545.68,-4.869999999998981,34.66544424,1.0,0.0,0.0606860784714024,0.0,1004.0924348427131,-0.2955412021557322,0.0
1668624144.3245566,16549.0,3.319999999999709,36.3410817,1.0,0.0,0.0606860784714024,0.0,1004.2939126232384,0.2014777805252379,0.0
1668624203.6967523,16551.16,2.1599999999998545,37.7833187,1.0,0.0,0.0606860784714024,0.0,1004.4249945527364,0.13108192949812292,0.0
1668624263.5986006,16552.04,0.8800000000010186,38.58450413,1.0,0.0,0.0606860784714024,0.0,1004.4783983017916,0.05340374905506451,0.0
1668624323.7021155,16555.46,3.4199999999982538,40.79135566,1.0,0.0,0.0606860784714024,0.0,1004.6859446901636,0.20754638837195216,0.0
1668624384.002091,16557.46,2.0,42.23172979,1.0,0.0,0.0606860784714024,0.0,1004.8073168471064,0.12137215694269798,0.0
1668624443.7718444,16554.23,-3.2299999999995634,40.48337176,1.0,0.0,0.0606860784714024,0.0,1004.6113008136438,-0.19601603346268348,0.0
1668624503.9196713,16545.54,-8.68999999999869,36.22629863,1.0,0.0,0.0606860784714024,0.0,1004.0839387917272,-0.5273620219164741,0.0
1668624563.6959715,16537.96,-7.580000000001746,32.93681507,1.0,0.0,0.0606860784714024,0.0,1003.623938316914,-0.4600004748132278,0.0
1668624624.2384458,16544.07,6.110000000000582,37.46356332,1.0,0.0,0.0606860784714024,0.0,1003.9947302563744,0.3707919394603323,0.0
1668624683.8178906,16537.57,-6.5,34.4952608,1.0,0.0,0.0606860784714024,0.0,1003.6002707463102,-0.39445951006416635,0.0
1668624743.6649318,16543.53,5.959999999999127,39.19266153,1.0,0.0,0.0606860784714024,0.0,1003.9619597739996,0.36168902768940825,0.0
1668624803.7606354,16548.58,5.05000000000291,42.77930792,1.0,0.0,0.0606860784714024,0.0,1004.2684244702804,0.30646469628084105,0.0
1668624863.8284006,16558.62,10.039999999997235,49.56822597,1.0,0.0,0.0606860784714024,0.0,1004.8777126981332,0.6092882278527441,0.0
1668624923.728117,16554.43,-4.18999999999869,47.05891567,1.0,0.0,0.0606860784714024,0.0,1004.623438029338,-0.2542746687951194,0.0
1668624983.6405554,16548.76,-5.670000000001892,43.82570763,1.0,0.0,0.0606860784714024,0.0,1004.2793479644052,-0.3440900649328569,0.0
1668625043.736765,16551.36,2.600000000002183,45.73125432,1.0,0.0,0.0606860784714024,0.0,1004.4371317684308,0.15778380402559833,0.0
1668625104.4485223,16540.83,-10.529999999998836,39.70145998,1.0,0.0,0.0606860784714024,0.0,1003.7981073621272,-0.6390244063037471,0.0
1668625163.7353563,16550.1,9.269999999996799,46.20332397,1.0,0.0,0.0606860784714024,0.0,1004.3606673095568,0.5625599474295768,0.0
1668625223.8481731,16549.05,-1.0499999999992724,45.55295525,1.0,0.0,0.0606860784714024,0.0,1004.296946927162,-0.06372038239487665,0.0
1668625283.811576,16541.31,-7.739999999997963,41.21718965,1.0,0.0,0.0606860784714024,0.0,1003.8272366797934,-0.46971024736865274,0.0
1668625343.806586,16547.8,6.489999999997963,45.86960869,1.0,0.0,0.0606860784714024,0.0,1004.2210893290726,0.3938526492792107,0.0
1668625403.6691966,16543.25,-4.549999999999272,43.28318835,1.0,0.0,0.0606860784714024,0.0,1003.9449676720278,-0.27612165704476865,0.0
1668625463.8389666,16547.56,4.31000000000131,46.36813413,1.0,0.0,0.0606860784714024,0.0,1004.2065246702396,0.26155699821174494,0.0
1668625523.8628557,16544.75,-2.8100000000013097,44.7129402,1.0,0.0,0.0606860784714024,0.0,1004.0359967897348,-0.1705278805046646,0.0
1668625584.187843,16503.68,-41.06999999999971,28.29005074,1.0,0.0,0.0606860784714024,0.0,1001.5436195469144,-2.4923772428203392,0.0
1668625643.7453868,16494.45,-9.229999999999563,25.98368072,1.0,0.0,0.0606860784714024,0.0,1000.9834870426232,-0.5601325042911185,0.0
1668625703.8681746,16493.72,-0.7299999999995634,25.95618142,1.0,0.0,0.0606860784714024,0.0,1000.9391862053392,-0.0443008372839131,0.0
1668625763.7452302,16505.75,12.029999999998836,33.68213278,1.0,0.0,0.0606860784714024,0.0,1001.66923972935,0.7300535240109411,0.0
1668625823.7279637,16497.15,-8.599999999998545,30.7728792,1.0,0.0,0.0606860784714024,0.0,1001.1473394544962,-0.521900274853806,0.0
1668625883.777569,16485.49,-11.659999999999854,28.02385469,1.0,0.0,0.0606860784714024,0.0,1000.4397397795196,-0.7075996749765636,0.0
1668625943.762308,16479.58,-5.9099999999998545,26.11041791,1.0,0.0,0.0606860784714024,0.0,1000.0810850557536,-0.3586547237659943,0.0
1668626003.9662352,16466.7,-12.880000000001019,23.66479179,1.0,0.0,0.0606860784714024,0.0,999.299448365042,-0.7816366907117072,0.0
1668626064.434805,16484.25,17.549999999999272,34.32991033,1.0,0.0,0.0606860784714024,0.0,1000.364489042215,1.0650406771729877,0.0
1668626123.771623,16478.98,-5.270000000000437,32.52490569,1.0,0.0,0.0606860784714024,0.0,1000.0446734086707,-0.31981563354429454,0.0
1668626184.0207214,16491.15,12.170000000001892,39.15922585,1.0,0.0,0.0606860784714024,0.0,1000.7832229836678,0.7385495749970232,0.0
1668626243.8837786,16492.09,0.9399999999986903,39.65274607,1.0,0.0,0.0606860784714024,0.0,1000.8402678974307,0.057044913763093064,0.0
1668626303.7775068,16493.99,1.9000000000014552,40.69981837,1.0,0.0,0.0606860784714024,0.0,1000.9555714465266,0.11530354909587004,0.0
1668626363.8493783,16504.64,10.649999999997817,46.353858,1.0,0.0,0.0606860784714024,0.0,1001.6018781822468,0.646306735720259,0.0
1668626423.805523,16501.9,-2.7399999999979627,45.04555168,1.0,0.0,0.0606860784714024,0.0,1001.4355983272352,-0.16627985501145304,0.0
1668626483.7201142,16507.82,5.919999999998254,48.13171785,1.0,0.0,0.0606860784714024,0.0,1001.794859911786,0.35926158455072255,0.0
1668626543.885039,16508.11,0.2900000000008731,48.38077005,1.0,0.0,0.0606860784714024,0.0,1001.8124588745428,0.01759896275666506,0.0
1668626603.8392308,16504.23,-3.8800000000010186,46.32355951,1.0,0.0,0.0606860784714024,0.0,1001.5769968900736,-0.23546198446922517,0.0
1668626663.803728,16515.82,11.590000000000146,52.5223179,0.0,1.0,0.0,1002.2803485395572,1002.2803485395572,0.7033516494835794,0.0
1668626724.0916128,16513.2,-2.6199999999989814,51.09756124,0.0,1.0,0.0,1002.2803485395572,1002.2803485395572,0.0,0.0
1668626783.7385173,16523.08,9.880000000001019,55.98151912,0.0,1.0,0.0,1002.2803485395572,1002.2803485395572,0.0,0.0
1668626843.806966,16521.06,-2.0200000000004366,54.76220225,0.0,1.0,0.0,1002.2803485395572,1002.2803485395572,0.0,0.0
1668626903.836189,16522.35,1.2899999999972351,55.41591603,0.0,1.0,0.0,1002.2803485395572,1002.2803485395572,0.0,0.0
1668626963.8575711,16516.31,-6.039999999997235,51.58642282,0.0,1.0,0.0,1002.2803485395572,1002.2803485395572,0.0,0.0
1668627023.79435,16520.48,4.169999999998254,53.9830302,0.0,1.0,0.0,1002.2803485395572,1002.2803485395572,0.0,0.0
1668627084.720429,16511.07,-9.409999999999854,48.22638793,1.0,0.0,0.0607035369930329,0.0,1002.2803485395572,0.0,0.0
1668627143.8361986,16517.34,6.270000000000437,51.99780512,0.0,1.0,0.0,1002.660959716502,1002.660959716502,0.38061117694485347,0.0
1668627203.8946164,16502.88,-14.459999999999127,43.9780989,1.0,0.0,0.0607567260815386,0.0,1002.660959716502,0.0,0.0
1668627264.0331285,16519.69,16.80999999999767,52.98868761,0.0,1.0,0.0,1003.6822802819324,1003.6822802819324,1.021320565430301,0.0
1668627323.819994,16527.51,7.819999999999709,56.47195653,0.0,1.0,0.0,1003.6822802819324,1003.6822802819324,0.0,0.0
1668627383.8340108,16525.02,-2.4899999999979627,55.00269903,0.0,1.0,0.0,1003.6822802819324,1003.6822802819324,0.0,0.0
1668627443.9065318,16530.74,5.720000000001164,57.59392731,0.0,1.0,0.0,1003.6822802819324,1003.6822802819324,0.0,0.0
1668627504.0221922,16539.46,8.719999999997526,61.25047328,0.0,1.0,0.0,1003.6822802819324,1003.6822802819324,0.0,0.0
1668627563.9024906,16558.68,19.220000000001164,67.42129587,0.0,1.0,0.0,1003.6822802819324,1003.6822802819324,0.0,0.0
1668627623.9489105,16541.83,-16.849999999998545,58.32618994,0.0,1.0,0.0,1003.6822802819324,1003.6822802819324,0.0,0.0
1668627683.7705278,16556.79,14.959999999999127,63.08724785,0.0,1.0,0.0,1003.6822802819324,1003.6822802819324,0.0,0.0
1668627743.802979,16554.19,-2.600000000002183,61.73132399,0.0,1.0,0.0,1003.6822802819324,1003.6822802819324,0.0,0.0
1668627803.9917068,16564.9,10.710000000002765,65.2034999,0.0,1.0,0.0,1003.6822802819324,1003.6822802819324,0.0,0.0
1668627864.0744512,16555.46,-9.440000000002328,60.23035726,0.0,1.0,0.0,1003.6822802819324,1003.6822802819324,0.0,0.0
1668627923.982948,16541.19,-14.270000000000437,53.63194356,0.0,1.0,0.0,1003.6822802819324,1003.6822802819324,0.0,0.0
1668627984.3086398,16551.7,10.510000000002037,57.15534813,0.0,1.0,0.0,1003.6822802819324,1003.6822802819324,0.0,0.0
1668628043.9678173,16542.8,-8.900000000001455,53.30115439,0.0,1.0,0.0,1003.6822802819324,1003.6822802819324,0.0,0.0
1668628103.8126118,16547.62,4.819999999999709,55.1594222,0.0,1.0,0.0,1003.6822802819324,1003.6822802819324,0.0,0.0
1668628163.9039004,16541.83,-5.789999999997235,52.52786008,0.0,1.0,0.0,1003.6822802819324,1003.6822802819324,0.0,0.0
1668628223.7832575,16543.14,1.3099999999976717,53.11605536,0.0,1.0,0.0,1003.6822802819324,1003.6822802819324,0.0,0.0
1668628283.7766285,16548.42,5.279999999998836,55.36793999,0.0,1.0,0.0,1003.6822802819324,1003.6822802819324,0.0,0.0
1668628343.8920786,16554.93,6.510000000002037,57.81119254,0.0,1.0,0.0,1003.6822802819324,1003.6822802819324,0.0,0.0
1668628403.812975,16560.08,5.150000000001455,59.9793362,0.0,1.0,0.0,1003.6822802819324,1003.6822802819324,0.0,0.0
1668628464.7596517,16553.47,-6.610000000000582,56.22696194,0.0,1.0,0.0,1003.6822802819324,1003.6822802819324,0.0,0.0
1668628523.970832,16548.02,-5.450000000000728,53.29305212,0.0,1.0,0.0,1003.6822802819324,1003.6822802819324,0.0,0.0
1668628584.0943775,16557.47,9.450000000000728,57.47008031,0.0,1.0,0.0,1003.6822802819324,1003.6822802819324,0.0,0.0
1668628643.971857,16562.33,4.860000000000582,59.46206489,0.0,1.0,0.0,1003.6822802819324,1003.6822802819324,0.0,0.0
1668628704.1393757,16561.53,-0.8000000000029104,58.80301566,0.0,1.0,0.0,1003.6822802819324,1003.6822802819324,0.0,0.0
1668628764.0866573,16561.0,-0.5299999999988358,58.25689875,0.0,1.0,0.0,1003.6822802819324,1003.6822802819324,0.0,0.0
1668628824.1675725,16558.2,-2.7999999999992724,56.32374233,0.0,1.0,0.0,1003.6822802819324,1003.6822802819324,0.0,0.0
1668628883.9893632,16564.82,6.619999999998981,59.459582,0.0,1.0,0.0,1003.6822802819324,1003.6822802819324,0.0,0.0
1668628944.4020054,16566.81,1.9900000000016007,60.40706285,0.0,1.0,0.0,1003.6822802819324,1003.6822802819324,0.0,0.0
1668629003.9327643,16553.3,-13.510000000002037,51.91304781,0.0,1.0,0.0,1003.6822802819324,1003.6822802819324,0.0,0.0
1668629063.9021623,16546.57,-6.729999999999563,48.19177923,1.0,0.0,0.0606580264237199,0.0,1003.6822802819324,0.0,0.0
1668629123.931092,16538.51,-8.06000000000131,44.06889032,1.0,0.0,0.0606580264237199,0.0,1003.1933765889556,-0.4889036929766917,0.0
1668629184.2648692,16546.19,7.680000000000291,48.4946694,1.0,0.0,0.0606580264237199,0.0,1003.65923023189,0.4658536429343485,0.0
1668629244.3516855,16545.6,-0.5900000000001455,48.16806102,1.0,0.0,0.0606580264237199,0.0,1003.6234419963,-0.0357882355900756,0.0
1668629303.8955224,16539.77,-5.829999999998108,44.9467488,1.0,0.0,0.0606580264237199,0.0,1003.2698057022498,-0.3536362940502613,0.0
1668629363.978801,16530.94,-8.830000000001746,40.52610655,1.0,0.0,0.0606580264237199,0.0,1002.7341953289282,-0.5356103733215605,0.0
1668629424.386147,16534.86,3.9200000000018917,43.24008777,1.0,0.0,0.0606580264237199,0.0,1002.9719747925092,0.23777946358109148,0.0
1668629484.025971,16541.75,6.889999999999418,47.68399412,1.0,0.0,0.0606580264237199,0.0,1003.3899085945689,0.4179338020595651,0.0
1668629543.8637662,16543.8,2.0499999999992724,48.96430816,1.0,0.0,0.0606580264237199,0.0,1003.5142575487372,0.12434895416845393,0.0
1668629604.066815,16552.27,8.470000000001164,53.9759601,0.0,1.0,0.0,1004.0280310325464,1004.0280310325464,0.5137734838091319,0.0
1668629664.1689162,16547.79,-4.479999999999563,51.06424563,0.0,1.0,0.0,1004.0280310325464,1004.0280310325464,0.0,0.0
1668629723.9773717,16546.09,-1.7000000000007276,49.93074421,1.0,0.0,0.0606806823263107,0.0,1004.0280310325464,0.0,0.0
1668629783.9856389,16554.68,8.590000000000146,55.23577575,0.0,1.0,0.0,1004.5492780937292,1004.5492780937292,0.5212470611828621,0.0
1668629844.0411289,16533.29,-21.389999999999418,42.97209536,1.0,0.0,0.0607591881648316,0.0,1004.5492780937292,0.0,0.0
1668629904.572175,16539.06,5.770000000000437,46.34075472,1.0,0.0,0.0607591881648316,0.0,1004.8998586094398,0.3505805157105897,0.0
1668629964.0445392,16532.94,-6.120000000002619,43.30503133,1.0,0.0,0.0607591881648316,0.0,1004.5280123778708,-0.37184623156895213,0.0
1668630023.9611216,16536.91,3.970000000001164,45.7860712,1.0,0.0,0.0607591881648316,0.0,1004.7692263548852,0.24121397701446767,0.0
1668630084.0454116,16533.51,-3.400000000001455,44.15211831,1.0,0.0,0.0607591881648316,0.0,1004.5626451151248,-0.20658123976033949,0.0
1668630143.9968126,16530.3,-3.209999999999127,42.3676168,1.0,0.0,0.0607591881648316,0.0,1004.3676081211156,-0.195036994009115,0.0
1668630203.9936302,16534.24,3.9400000000023283,45.12214228,1.0,0.0,0.0607591881648316,0.0,1004.6069993224852,0.23939120136969905,0.0
1668630264.0328245,16536.56,2.319999999999709,46.77549143,1.0,0.0,0.0607591881648316,0.0,1004.7479606390276,0.14096131654252986,0.0
1668630324.1764596,16540.08,3.5200000000004366,49.12802603,1.0,0.0,0.0607591881648316,0.0,1004.961832981368,0.21387234234032348,0.0
1668630384.0287197,16536.58,-3.5,46.82618006,1.0,0.0,0.0607591881648316,0.0,1004.749175822791,-0.2126571585770307,0.0
1668630444.008752,16538.44,1.859999999996944,48.21815173,1.0,0.0,0.0607591881648316,0.0,1004.8621879127776,0.11301208998645507,0.0
1668630503.875772,16551.04,12.600000000002183,56.50417377,0.0,1.0,0.0,1005.6277536836544,1005.6277536836544,0.7655657708768331,0.0
1668630563.9600916,16554.32,3.279999999998836,58.40093139,0.0,1.0,0.0,1005.6277536836544,1005.6277536836544,0.0,0.0
1668630624.045957,16551.68,-2.639999999999418,56.31124273,0.0,1.0,0.0,1005.6277536836544,1005.6277536836544,0.0,0.0
1668630683.9858055,16573.61,21.93000000000029,66.86585952,0.0,1.0,0.0,1005.6277536836544,1005.6277536836544,0.0,0.0
1668630744.0000484,16572.69,-0.9200000000018917,65.87728067,0.0,1.0,0.0,1005.6277536836544,1005.6277536836544,0.0,0.0
1668630804.2228909,16557.96,-14.729999999999563,55.75493418,0.0,1.0,0.0,1005.6277536836544,1005.6277536836544,0.0,0.0
1668630864.0781002,16546.12,-11.840000000000146,49.08708162,1.0,0.0,0.0607772549506261,0.0,1005.6277536836544,0.0,0.0
1668630924.0422957,16544.99,-1.1299999999973807,48.56153647,1.0,0.0,0.0607772549506261,0.0,1005.5590753855596,-0.06867829809493742,0.0
1668630984.0476658,16567.45,22.459999999999127,58.99550193,0.0,1.0,0.0,1006.9241325317504,1006.9241325317504,1.3650571461909067,0.0
1668631044.0373893,16562.21,-5.240000000001601,55.98680313,0.0,1.0,0.0,1006.9241325317504,1006.9241325317504,0.0,0.0
1668631104.0749736,16559.5,-2.709999999999127,54.65153776,0.0,1.0,0.0,1006.9241325317504,1006.9241325317504,0.0,0.0
1668631163.9780066,16557.99,-1.5099999999983993,53.93199666,0.0,1.0,0.0,1006.9241325317504,1006.9241325317504,0.0,0.0
1668631224.0066018,16561.38,3.389999999999418,55.65008206,0.0,1.0,0.0,1006.9241325317504,1006.9241325317504,0.0,0.0
1668631284.9636288,16563.5,2.1199999999989814,56.60024503,0.0,1.0,0.0,1006.9241325317504,1006.9241325317504,0.0,0.0
1668631343.9937418,16572.2,8.700000000000728,60.81468977,0.0,1.0,0.0,1006.9241325317504,1006.9241325317504,0.0,0.0
1668631403.87188,16571.97,-0.22999999999956344,60.65011796,0.0,1.0,0.0,1006.9241325317504,1006.9241325317504,0.0,0.0
1668631464.0669909,16579.48,7.509999999998399,64.06538289,0.0,1.0,0.0,1006.9241325317504,1006.9241325317504,0.0,0.0
1668631523.9124358,16573.81,-5.669999999998254,59.83701569,0.0,1.0,0.0,1006.9241325317504,1006.9241325317504,0.0,0.0
1668631583.9644794,16562.09,-11.720000000001164,52.16744894,0.0,1.0,0.0,1006.9241325317504,1006.9241325317504,0.0,0.0
1668631643.9841535,16565.45,3.360000000000582,54.00617675,0.0,1.0,0.0,1006.9241325317504,1006.9241325317504,0.0,0.0
1668631704.147276,16597.36,31.909999999999854,66.9308529,0.0,1.0,0.0,1006.9241325317504,1006.9241325317504,0.0,0.0
1668631765.211748,16581.47,-15.889999999999418,58.04364957,0.0,1.0,0.0,1006.9241325317504,1006.9241325317504,0.0,0.0
1668631823.8955967,16587.14,5.669999999998254,59.71408596,0.0,1.0,0.0,1006.9241325317504,1006.9241325317504,0.0,0.0
1668631884.041411,16587.56,0.42000000000189175,59.90398668,0.0,1.0,0.0,1006.9241325317504,1006.9241325317504,0.0,0.0
1668631944.072701,16586.18,-1.3800000000010186,59.13353204,0.0,1.0,0.0,1006.9241325317504,1006.9241325317504,0.0,0.0
1668632003.979199,16592.82,6.639999999999418,61.88479844,0.0,1.0,0.0,1006.9241325317504,1006.9241325317504,0.0,0.0
1668632063.945247,16592.9,0.08000000000174623,61.75174701,0.0,1.0,0.0,1006.9241325317504,1006.9241325317504,0.0,0.0
1668632123.8335044,16592.27,-0.6300000000010186,61.30025179,0.0,1.0,0.0,1006.9241325317504,1006.9241325317504,0.0,0.0
1668632183.9706502,16582.7,-9.569999999999709,55.32680691,0.0,1.0,0.0,1006.9241325317504,1006.9241325317504,0.0,0.0
1668632244.7968583,16592.76,10.059999999997672,59.75387031,0.0,1.0,0.0,1006.9241325317504,1006.9241325317504,0.0,0.0
1668632303.997587,16585.99,-6.769999999996799,55.57887959,0.0,1.0,0.0,1006.9241325317504,1006.9241325317504,0.0,0.0
1668632364.0597873,16583.85,-2.140000000003056,54.37622501,0.0,1.0,0.0,1006.9241325317504,1006.9241325317504,0.0,0.0
1668632423.983262,16582.26,-1.5900000000001455,53.46804285,0.0,1.0,0.0,1006.9241325317504,1006.9241325317504,0.0,0.0
1668632483.9730349,16576.69,-5.569999999999709,50.0197299,0.0,1.0,0.0,1006.9241325317504,1006.9241325317504,0.0,0.0
1668632544.1191232,16587.17,10.479999999999563,55.86577029,0.0,1.0,0.0,1006.9241325317504,1006.9241325317504,0.0,0.0
1668632664.0611129,16584.02,-3.149999999997817,52.73729615,0.0,1.0,0.0,1006.9241325317504,1006.9241325317504,0.0,0.0
1668632903.997364,16592.99,8.970000000001164,54.75565203,0.0,1.0,0.0,1006.9241325317504,1006.9241325317504,0.0,0.0
1668633024.0033932,16592.17,-0.8200000000033469,54.17367262,0.0,1.0,0.0,1006.9241325317504,1006.9241325317504,0.0,0.0
1668633565.350624,16558.85,-33.31999999999971,38.21425241,1.0,0.0,0.0608088202098425,0.0,1006.9241325317504,0.0,0.0
1668633625.4482713,16554.96,-3.889999999999418,37.0037122,1.0,0.0,0.0608088202098425,0.0,1006.687586221134,-0.2365463106162906,0.0
1668633685.42781,16562.09,7.130000000001019,52.16744894,0.0,1.0,0.0,1007.1211531092304,1007.1211531092304,0.43356688809637944,0.0
1668633746.212051,16587.56,25.470000000001164,59.90398668,0.0,1.0,0.0,1007.1211531092304,1007.1211531092304,0.0,0.0
1668633806.179526,16551.51,-36.05000000000291,38.27008325,1.0,0.0,0.0608476902173415,0.0,1007.1211531092304,0.0,0.0
1668633866.5404952,16582.26,30.75,53.46804285,0.0,1.0,0.0,1008.9922195834132,1008.9922195834132,1.8710664741828396,0.0
1668633927.103767,16549.83,-32.42999999999665,38.17682603,1.0,0.0,0.0609669235021394,0.0,1008.9922195834132,0.0,0.0
1668633987.3034923,16551.25,1.4199999999982538,39.13623393,1.0,0.0,0.0609669235021394,0.0,1009.0787926147848,0.0865730313714721,0.0
1668634047.0791955,16548.22,-3.029999999998836,37.78866045,1.0,0.0,0.0609669235021394,0.0,1008.8940628365732,-0.18472977821147651,0.0
1668634108.131668,16551.25,3.029999999998836,40.16950783,1.0,0.0,0.0609669235021394,0.0,1009.0787926147848,0.18472977821147651,0.0
1668634168.059745,16552.63,1.3800000000010186,41.16252301,1.0,0.0,0.0609669235021394,0.0,1009.1629269692178,0.08413435443299022,0.0
1668634227.9930892,16552.23,-0.4000000000014552,41.00653345,1.0,0.0,0.0609669235021394,0.0,1009.1385401998168,-0.024386769400962294,0.0
1668634289.0763063,16548.78,-3.4500000000007276,39.52258245,1.0,0.0,0.0609669235021394,0.0,1008.9282043137345,-0.21033588608247555,0.0
1668634348.8057992,16547.01,-1.7700000000004366,38.17678517,1.0,0.0,0.0609669235021394,0.0,1008.8202928591356,-0.10791145459893414,0.0
1668634408.9751687,16551.63,4.620000000002619,42.39951485,1.0,0.0,0.0609669235021394,0.0,1009.1019600457156,0.28166718657996626,0.0
1668634470.7218845,16554.22,2.5900000000001455,44.4500839,1.0,0.0,0.0609669235021394,0.0,1009.2598643775862,0.15790433187055442,0.0
1668634530.9415238,16557.47,3.25,47.19844302,1.0,0.0,0.0609669235021394,0.0,1009.458006878968,0.1981425013819944,0.0
1668634590.760177,16558.65,1.180000000000291,48.10860737,1.0,0.0,0.0609669235021394,0.0,1009.5299478487008,0.07194096973262276,0.0
1668634651.4852817,16552.77,-5.880000000001019,43.93847132,1.0,0.0,0.0609669235021394,0.0,1009.171462338508,-0.358485510192736,0.0
1668634711.1987054,16558.47,5.700000000000728,48.7346562,1.0,0.0,0.0609669235021394,0.0,1009.5189738024702,0.3475114639621779,0.0
1668634771.0488143,16559.26,0.7899999999972351,49.37649341,1.0,0.0,0.0609669235021394,0.0,1009.5671376720368,0.048163869566565154,0.0
1668634832.1460493,16559.2,-0.059999999997671694,49.29212691,1.0,0.0,0.0609669235021394,0.0,1009.5634796566268,-0.003658015409996551,0.0
1668634892.0780437,16561.22,2.0200000000004366,51.11961948,0.0,1.0,0.0,1009.6866328421012,1009.6866328421012,0.12315318547439347,0.0
1668634952.0431592,16557.82,-3.400000000001455,47.90331422,1.0,0.0,0.0609794425136945,0.0,1009.6866328421012,0.0,0.0
1668635012.8247008,16553.0,-4.819999999999709,43.76794043,1.0,0.0,0.0609794425136945,0.0,1009.392711929185,-0.29392091291617817,0.0
1668635072.9630673,16548.51,-4.490000000001601,40.27905384,1.0,0.0,0.0609794425136945,0.0,1009.1189142322984,-0.2737976968865041,0.0
1668635132.9468195,16553.49,4.980000000003201,45.46856005,1.0,0.0,0.0609794425136945,0.0,1009.4225918560168,0.3036776237184995,0.0
1668635194.0616112,16558.92,5.429999999996653,50.56402971,0.0,1.0,0.0,1009.753710228866,1009.753710228866,0.3311183728492324,0.0
1668635254.0407348,16555.88,-3.039999999997235,47.84102912,1.0,0.0,0.0609906395932361,0.0,1009.753710228866,0.0,0.0
1668635314.5520782,16554.76,-1.1200000000026193,46.83537229,1.0,0.0,0.0609906395932361,0.0,1009.6854007125212,-0.06830951634481153,0.0
1668635374.7199717,16539.64,-15.119999999998981,35.87240267,1.0,0.0,0.0609906395932361,0.0,1008.7632222418716,-0.9221784706496692,0.0
1668635434.7846217,16541.79,2.150000000001455,38.09149762,1.0,0.0,0.0609906395932361,0.0,1008.894352116997,0.1311298751253389,0.0
1668635494.8453526,16554.08,12.290000000000873,49.00778631,1.0,0.0,0.0609906395932361,0.0,1009.643927077598,0.7495749606009667,0.0
1668635555.6631565,16552.71,-1.3700000000026193,47.91823692,1.0,0.0,0.0609906395932361,0.0,1009.560369901355,-0.0835571762430618,0.0
1668635615.7218218,16548.91,-3.7999999999992724,45.10676074,1.0,0.0,0.0609906395932361,0.0,1009.3286054709008,-0.23176443045417727,0.0
1668635675.6215065,16539.22,-9.68999999999869,38.93511361,1.0,0.0,0.0609906395932361,0.0,1008.7376061732424,-0.5909992976584135,0.0
1668635736.640291,16542.86,3.639999999999418,42.25846599,1.0,0.0,0.0609906395932361,0.0,1008.9596121013618,0.22200592811941533,0.0
1668635796.606856,16549.58,6.720000000001164,47.61957913,1.0,0.0,0.0609906395932361,0.0,1009.3694691994284,0.4098570980665954,0.0
1668635857.152814,16553.61,4.029999999998836,50.64705174,0.0,1.0,0.0,1009.6152614769892,1009.6152614769892,0.24579227756066757,0.0
1668635917.364415,16552.22,-1.389999999999418,49.58234333,1.0,0.0,0.0609957613828833,0.0,1009.6152614769892,0.0,0.0
1668635977.3991072,16554.68,2.459999999999127,51.5578454,0.0,1.0,0.0,1009.7653110499904,1009.7653110499904,0.15004957300129718,0.0
1668636037.3087227,16549.79,-4.889999999999418,47.58966585,1.0,0.0,0.0610137839241458,0.0,1009.7653110499904,0.0,0.0
1668636098.236834,16554.04,4.25,51.13478749,0.0,1.0,0.0,1010.0246196316664,1010.0246196316664,0.25930858167612314,0.0
1668636158.3516188,16557.5,3.459999999999127,53.87104058,0.0,1.0,0.0,1010.0246196316664,1010.0246196316664,0.0,0.0
1668636218.1316965,16564.14,6.639999999999418,58.68252166,0.0,1.0,0.0,1010.0246196316664,1010.0246196316664,0.0,0.0
1668636279.3200848,16556.93,-7.209999999999127,52.36585445,0.0,1.0,0.0,1010.0246196316664,1010.0246196316664,0.0,0.0
1668636339.207018,16552.73,-4.200000000000728,49.04615563,1.0,0.0,0.0610186126174755,0.0,1010.0246196316664,0.0,0.0
1668636399.909495,16544.12,-8.610000000000582,42.92646385,1.0,0.0,0.0610186126174755,0.0,1009.4992493770288,-0.5253702546376644,0.0
1668636459.9137387,16554.03,9.909999999999854,50.52315615,0.0,1.0,0.0,1010.103943828068,1010.103943828068,0.6046944510391086,0.0
1668636520.0221794,16563.48,9.450000000000728,56.56481127,0.0,1.0,0.0,1010.103943828068,1010.103943828068,0.0,0.0
1668636579.9324737,16564.26,0.7799999999988358,57.06523834,0.0,1.0,0.0,1010.103943828068,1010.103943828068,0.0,0.0
1668636640.7289383,16572.22,7.960000000002765,61.55281657,0.0,1.0,0.0,1010.103943828068,1010.103943828068,0.0,0.0
1668636700.817726,16566.57,-5.650000000001455,56.86523718,0.0,1.0,0.0,1010.103943828068,1010.103943828068,0.0,0.0
1668636760.7555704,16569.85,3.279999999998836,58.72482525,0.0,1.0,0.0,1010.103943828068,1010.103943828068,0.0,0.0
1668636821.540589,16564.75,-5.099999999998545,54.75706821,0.0,1.0,0.0,1010.103943828068,1010.103943828068,0.0,0.0
1668636882.4519863,16570.74,5.990000000001601,58.26185793,0.0,1.0,0.0,1010.103943828068,1010.103943828068,0.0,0.0
1668636941.609832,16567.68,-3.0600000000013097,55.74519886,0.0,1.0,0.0,1010.103943828068,1010.103943828068,0.0,0.0
1668637002.5769117,16567.1,-0.5800000000017462,55.38012796,0.0,1.0,0.0,1010.103943828068,1010.103943828068,0.0,0.0
1668637062.696829,16549.14,-17.959999999999127,43.2814443,1.0,0.0,0.0610366426187746,0.0,1010.103943828068,0.0,0.0
1668637122.526436,16538.68,-10.459999999999127,38.08270349,1.0,0.0,0.0610366426187746,0.0,1009.4655005462752,-0.6384432817928882,0.0
1668637183.2131784,16560.57,21.889999999999418,51.64109873,0.0,1.0,0.0,1010.8015926532,1010.8015926532,1.3360921069249798,0.0
1668637243.4847033,16551.37,-9.200000000000728,46.66315598,1.0,0.0,0.0610705695451917,0.0,1010.8015926532,0.0,0.0
1668637303.360737,16544.96,-6.4099999999998545,43.54369898,1.0,0.0,0.0610705695451917,0.0,1010.4101303024148,-0.3914623507852184,0.0
1668637364.2763672,16516.6,-28.360000000000582,33.27129122,1.0,0.0,0.0610705695451917,0.0,1008.6781689501132,-1.731961352301596,0.0
1668637424.0439918,16516.49,-0.1099999999969441,33.75087427,1.0,0.0,0.0610705695451917,0.0,1008.6714511874634,-0.006717762649827819,0.0
1668637484.1728587,16515.23,-1.2600000000020373,34.12396077,1.0,0.0,0.0610705695451917,0.0,1008.5945022698364,-0.07694891762707812,0.0
1668637544.96576,16518.09,2.860000000000582,36.52622435,1.0,0.0,0.0610705695451917,0.0,1008.7691640987356,0.17466182889916126,0.0
1668637604.91617,16518.08,-0.00999999999839929,36.6907454,1.0,0.0,0.0610705695451917,0.0,1008.7685533930404,-0.0006107056952942003,0.0
1668637665.0852432,16524.04,5.959999999999127,40.52846877,1.0,0.0,0.0610705695451917,0.0,1009.1325339875297,0.363980594489135,0.0
1668637725.7781732,16521.91,-2.1300000000010186,39.36663048,1.0,0.0,0.0610705695451917,0.0,1009.0024536743982,-0.13008031313142965,0.0
1668637785.947568,16531.96,10.049999999999272,45.72840714,1.0,0.0,0.0610705695451917,0.0,1009.6162128983274,0.6137592239291507,0.0
1668637845.7935407,16533.19,1.2299999999995634,46.62417472,1.0,0.0,0.0610705695451917,0.0,1009.691329698868,0.0751168005405134,0.0
1668637906.5298984,16522.97,-10.219999999997526,40.9557943,1.0,0.0,0.0610705695451917,0.0,1009.0671884781162,-0.6241412207517669,0.0
1668637966.8077226,16520.53,-2.4400000000023283,40.02395068,1.0,0.0,0.0610705695451917,0.0,1008.9181762884258,-0.1490121896904384,0.0
1668638026.5535984,16517.41,-3.1199999999989814,38.83157543,1.0,0.0,0.0610705695451917,0.0,1008.7276361114448,-0.1905401769809032,0.0
1668638087.7165854,16530.75,13.340000000000146,47.73235403,1.0,0.0,0.0610705695451917,0.0,1009.5423175091776,0.8146813977328975,0.0
1668638147.6840703,16535.68,4.930000000000291,50.59554664,0.0,1.0,0.0,1009.8433954170356,1009.8433954170356,0.3010779078580299,0.0
1668638207.7090974,16538.26,2.5799999999981083,52.05852295,0.0,1.0,0.0,1009.8433954170356,1009.8433954170356,0.0,0.0
1668638268.4551368,16545.41,7.150000000001455,56.13681006,0.0,1.0,0.0,1009.8433954170356,1009.8433954170356,0.0,0.0
1668638328.539908,16539.7,-5.709999999999127,52.97752115,0.0,1.0,0.0,1009.8433954170356,1009.8433954170356,0.0,0.0
1668638388.4169278,16535.35,-4.350000000002183,50.03574148,0.0,1.0,0.0,1009.8433954170356,1009.8433954170356,0.0,0.0
1668638449.3311503,16550.88,15.530000000002474,59.12559504,0.0,1.0,0.0,1009.8433954170356,1009.8433954170356,0.0,0.0
1668638509.260251,16539.48,-11.400000000001455,51.97869284,0.0,1.0,0.0,1009.8433954170356,1009.8433954170356,0.0,0.0
1668638569.5282412,16534.81,-4.669999999998254,48.7575134,1.0,0.0,0.0610737828506669,0.0,1009.8433954170356,0.0,0.0
1668638629.9358928,16542.35,7.539999999997235,53.90657776,0.0,1.0,0.0,1010.3038917397296,1010.3038917397296,0.46049632269387075,0.0
1668638689.985396,16549.63,7.280000000002474,58.25091824,0.0,1.0,0.0,1010.3038917397296,1010.3038917397296,0.0,0.0
1668638750.0084083,16533.61,-16.020000000000437,47.51970323,1.0,0.0,0.0611060676851413,0.0,1010.3038917397296,0.0,0.0
1668638811.020122,16531.25,-2.360000000000582,46.05961681,1.0,0.0,0.0611060676851413,0.0,1010.159681419992,-0.14421031973745357,0.0
1668638871.0906565,16530.45,-0.7999999999992724,45.94546016,1.0,0.0,0.0611060676851413,0.0,1010.110796565844,-0.0488848541480138,0.0
1668638930.889073,16541.38,10.930000000000291,53.00201547,0.0,1.0,0.0,1010.7786858856426,1010.7786858856426,0.6678893197986326,0.0
1668638992.030247,16557.18,15.799999999999272,60.81562288,0.0,1.0,0.0,1010.7786858856426,1010.7786858856426,0.0,0.0
1668639051.8608232,16563.39,6.209999999999127,63.45202124,0.0,1.0,0.0,1010.7786858856426,1010.7786858856426,0.0,0.0
1668639112.0212543,16570.55,7.1599999999998545,66.25393342,0.0,1.0,0.0,1010.7786858856426,1010.7786858856426,0.0,0.0
1668639172.6888788,16571.71,1.1599999999998545,64.41255176,0.0,1.0,0.0,1010.7786858856426,1010.7786858856426,0.0,0.0
1668639232.73354,16611.11,39.400000000001455,74.81908879,0.0,1.0,0.0,1010.7786858856426,1010.7786858856426,0.0,0.0
1668639293.171136,16614.68,3.569999999999709,75.65865215,0.0,1.0,0.0,1010.7786858856426,1010.7786858856426,0.0,0.0
1668639353.77677,16607.22,-7.459999999999127,71.18566339,0.0,1.0,0.0,1010.7786858856426,1010.7786858856426,0.0,0.0
1668639413.7450943,16596.19,-11.030000000002474,65.13747355,0.0,1.0,0.0,1010.7786858856426,1010.7786858856426,0.0,0.0
1668639474.2859929,16622.25,26.06000000000131,73.33449698,0.0,1.0,0.0,1010.7786858856426,1010.7786858856426,0.0,0.0
1668639534.5799184,16613.83,-8.419999999998254,69.36677734,0.0,1.0,0.0,1010.7786858856426,1010.7786858856426,0.0,0.0
1668639594.630888,16621.62,7.789999999997235,73.24084245,0.0,1.0,0.0,1010.7786858856426,1010.7786858856426,0.0,0.0
1668639654.5369096,16677.14,55.52000000000044,82.10215568,0.0,1.0,0.0,1010.7786858856426,1010.7786858856426,0.0,0.0
1668639715.4242718,16721.07,43.93000000000029,86.06688909,0.0,1.0,0.0,1010.7786858856426,1010.7786858856426,0.0,0.0
1668639775.4137528,16725.3,4.229999999999563,80.63189506,0.0,1.0,0.0,1010.7786858856426,1010.7786858856426,0.0,0.0
1668639835.3408656,16740.05,14.75,82.65984647,0.0,1.0,0.0,1010.7786858856426,1010.7786858856426,0.0,0.0
1668639896.3956664,16737.84,-2.209999999999127,82.47638157,0.0,1.0,0.0,1010.7786858856426,1010.7786858856426,0.0,0.0
1668639956.3087442,16688.9,-48.93999999999869,65.05591946,0.0,1.0,0.0,1010.7786858856426,1010.7786858856426,0.0,0.0
1668640016.8312528,16702.68,13.779999999998836,68.47788846,0.0,1.0,0.0,1010.7786858856426,1010.7786858856426,0.0,0.0
1668640077.182939,16719.95,17.270000000000437,71.07776356,0.0,1.0,0.0,1010.7786858856426,1010.7786858856426,0.0,0.0
1668640137.106271,16703.07,-16.88000000000102,66.97974828,0.0,1.0,0.0,1010.7786858856426,1010.7786858856426,0.0,0.0
1668640197.1293175,16713.2,10.130000000001019,70.13086246,0.0,1.0,0.0,1010.7786858856426,1010.7786858856426,0.0,0.0
1668640258.0135837,16708.89,-4.31000000000131,68.2452723,0.0,1.0,0.0,1010.7786858856426,1010.7786858856426,0.0,0.0
1668640317.8185332,16691.41,-17.479999999999563,61.36582001,0.0,1.0,0.0,1010.7786858856426,1010.7786858856426,0.0,0.0
1668640377.9287004,16682.09,-9.319999999999709,57.65569007,0.0,1.0,0.0,1010.7786858856426,1010.7786858856426,0.0,0.0
1668640438.6577404,16682.9,0.8100000000013097,57.56540465,0.0,1.0,0.0,1010.7786858856426,1010.7786858856426,0.0,0.0
1668640498.702372,16671.59,-11.31000000000131,54.25564254,0.0,1.0,0.0,1010.7786858856426,1010.7786858856426,0.0,0.0
1668640559.716515,16669.38,-2.209999999999127,53.04607707,0.0,1.0,0.0,1010.7786858856426,1010.7786858856426,0.0,0.0
1668640619.7423365,16661.8,-7.580000000001746,50.40598682,0.0,1.0,0.0,1010.7786858856426,1010.7786858856426,0.0,0.0
1668640679.5603676,16648.94,-12.860000000000582,46.58667175,1.0,0.0,0.060711293685102,0.0,1010.7786858856426,0.0,0.0
1668640739.7920988,16642.55,-6.389999999999418,45.41592963,1.0,0.0,0.060711293685102,0.0,1010.3907407189944,-0.38794516664836465,0.0
1668640800.3067408,16665.25,22.700000000000728,51.97799039,0.0,1.0,0.0,1011.7688870856462,1011.7688870856462,1.3781463666517766,0.0
1668640860.2592676,16686.2,20.950000000000728,57.07886477,0.0,1.0,0.0,1011.7688870856462,1011.7688870856462,0.0,0.0
1668640920.344541,16674.84,-11.360000000000582,53.7941755,0.0,1.0,0.0,1011.7688870856462,1011.7688870856462,0.0,0.0
1668640981.119456,16672.23,-2.610000000000582,52.85971418,0.0,1.0,0.0,1011.7688870856462,1011.7688870856462,0.0,0.0
1668641041.6773777,16680.0,7.770000000000437,54.97935265,0.0,1.0,0.0,1011.7688870856462,1011.7688870856462,0.0,0.0
1668641101.0168216,16677.87,-2.1300000000010186,53.95021015,0.0,1.0,0.0,1011.7688870856462,1011.7688870856462,0.0,0.0
1668641162.048714,16696.84,18.970000000001164,58.90377023,0.0,1.0,0.0,1011.7688870856462,1011.7688870856462,0.0,0.0
1668641222.1685796,16696.84,0.0,58.74615278,0.0,1.0,0.0,1011.7688870856462,1011.7688870856462,0.0,0.0
1668641281.9502847,16699.54,2.7000000000007276,58.59569961,0.0,1.0,0.0,1011.7688870856462,1011.7688870856462,0.0,0.0
1668641342.821246,16700.14,0.5999999999985448,58.22213985,0.0,1.0,0.0,1011.7688870856462,1011.7688870856462,0.0,0.0
1668641402.7335944,16704.14,4.0,59.18995794,0.0,1.0,0.0,1011.7688870856462,1011.7688870856462,0.0,0.0
1668641462.6860292,16696.36,-7.779999999998836,56.37975618,0.0,1.0,0.0,1011.7688870856462,1011.7688870856462,0.0,0.0
1668641523.8526833,16697.2,0.8400000000001455,56.67247925,0.0,1.0,0.0,1011.7688870856462,1011.7688870856462,0.0,0.0
1668641584.084572,16705.29,8.090000000000146,59.08928761,0.0,1.0,0.0,1011.7688870856462,1011.7688870856462,0.0,0.0
1668641643.3688936,16705.92,0.6299999999973807,59.29907494,0.0,1.0,0.0,1011.7688870856462,1011.7688870856462,0.0,0.0
1668641704.4566166,16701.92,-4.0,57.3179752,0.0,1.0,0.0,1011.7688870856462,1011.7688870856462,0.0,0.0
1668641764.7547235,16690.06,-11.859999999996944,52.44442949,0.0,1.0,0.0,1011.7688870856462,1011.7688870856462,0.0,0.0
1668641824.3494422,16681.42,-8.640000000003056,49.1654066,1.0,0.0,0.0606524436819914,0.0,1011.7688870856462,0.0,0.0
1668641885.3033702,16679.12,-2.2999999999992724,48.51880137,1.0,0.0,0.0606524436819914,0.0,1011.6293864651764,-0.13950062046978928,0.0
1668641945.2849731,16679.94,0.819999999999709,48.81701411,1.0,0.0,0.0606524436819914,0.0,1011.6791214689956,0.04973500381925078,0.0
1668642005.3143208,16676.93,-3.0099999999983993,47.77278431,1.0,0.0,0.0606524436819914,0.0,1011.4965576135128,-0.18256385548272647,0.0
1668642066.0021007,16684.3,7.369999999998981,50.6844136,0.0,1.0,0.0,1011.943566123449,1011.943566123449,0.44700850993626773,0.0
1668642126.5025666,16678.2,-6.099999999998545,48.22237305,1.0,0.0,0.0606746271254361,0.0,1011.943566123449,0.0,0.0
1668642185.9766495,16649.97,-28.229999999999563,38.78090764,1.0,0.0,0.0606746271254361,0.0,1010.2307213996974,-1.7128447237516866,0.0
1668642247.3418448,16658.69,8.719999999997526,43.69997691,1.0,0.0,0.0606746271254361,0.0,1010.7598041482312,0.5290827485337104,0.0
1668642307.4231002,16652.93,-5.759999999998399,41.62729968,1.0,0.0,0.0606746271254361,0.0,1010.4103182959886,-0.3494858522425375,0.0
1668642367.4402666,16664.8,11.869999999998981,46.34253795,1.0,0.0,0.0606746271254361,0.0,1011.1305261199676,0.7202078239788534,0.0
1668642428.0617352,16639.44,-25.360000000000582,37.76349609,1.0,0.0,0.0606746271254361,0.0,1009.5918175760664,-1.5387085439011798,0.0
1668642488.0160902,16656.02,16.580000000001746,44.12882171,1.0,0.0,0.0606746271254361,0.0,1010.5978028938064,1.0059853177398281,0.0
1668642548.422376,16643.33,-12.68999999999869,38.84204544,1.0,0.0,0.0606746271254361,0.0,1009.8278418755846,-0.7699610182218066,0.0
1668642608.9304678,16653.98,10.649999999997817,43.63798431,1.0,0.0,0.0606746271254361,0.0,1010.4740266544704,0.646184778885754,0.0
1668642668.8199549,16659.48,5.5,46.526353,1.0,0.0,0.0606746271254361,0.0,1010.8077371036602,0.3337104491897662,0.0
1668642729.2523448,16668.8,9.319999999999709,51.02376529,0.0,1.0,0.0,1011.3732246284692,1011.3732246284692,0.5654875248089866,0.0
1668642789.5532172,16672.36,3.5600000000013097,52.76855231,0.0,1.0,0.0,1011.3732246284692,1011.3732246284692,0.0,0.0
1668642849.9144564,16669.59,-2.7700000000004366,51.32285509,0.0,1.0,0.0,1011.3732246284692,1011.3732246284692,0.0,0.0
1668642909.8939908,16674.16,4.569999999999709,53.52673484,0.0,1.0,0.0,1011.3732246284692,1011.3732246284692,0.0,0.0
1668642970.7213914,16667.84,-6.319999999999709,50.1937534,0.0,1.0,0.0,1011.3732246284692,1011.3732246284692,0.0,0.0
1668643030.5555592,16671.42,3.5799999999981083,52.08569854,0.0,1.0,0.0,1011.3732246284692,1011.3732246284692,0.0,0.0
1668643090.666069,16670.02,-1.3999999999978172,51.040901,0.0,1.0,0.0,1011.3732246284692,1011.3732246284692,0.0,0.0
1668643151.9996312,16674.31,4.290000000000873,53.30777249,0.0,1.0,0.0,1011.3732246284692,1011.3732246284692,0.0,0.0
1668643211.4967103,16671.76,-2.5500000000029104,51.75678478,0.0,1.0,0.0,1011.3732246284692,1011.3732246284692,0.0,0.0
1668643271.616487,16675.93,4.170000000001892,53.76498202,0.0,1.0,0.0,1011.3732246284692,1011.3732246284692,0.0,0.0
1668643332.284012,16672.17,-3.7600000000020373,51.77063884,0.0,1.0,0.0,1011.3732246284692,1011.3732246284692,0.0,0.0
1668643392.2684157,16680.31,8.140000000003056,55.71347911,0.0,1.0,0.0,1011.3732246284692,1011.3732246284692,0.0,0.0
1668643452.249603,16691.09,10.779999999998836,60.33785293,0.0,1.0,0.0,1011.3732246284692,1011.3732246284692,0.0,0.0
1668643513.2718737,16694.38,3.290000000000873,61.74784626,0.0,1.0,0.0,1011.3732246284692,1011.3732246284692,0.0,0.0
1668643573.412536,16685.77,-8.610000000000582,57.29560495,0.0,1.0,0.0,1011.3732246284692,1011.3732246284692,0.0,0.0
1668643633.1817825,16688.87,3.099999999998545,58.49133372,0.0,1.0,0.0,1011.3732246284692,1011.3732246284692,0.0,0.0
1668643694.0283525,16691.64,2.7700000000004366,60.12266151,0.0,1.0,0.0,1011.3732246284692,1011.3732246284692,0.0,0.0
1668643753.981034,16702.27,10.630000000001019,64.86278118,0.0,1.0,0.0,1011.3732246284692,1011.3732246284692,0.0,0.0
1668643814.043605,16696.42,-5.850000000002183,61.93844872,0.0,1.0,0.0,1011.3732246284692,1011.3732246284692,0.0,0.0
1668643874.7296827,16695.94,-0.47999999999956344,61.32481927,0.0,1.0,0.0,1011.3732246284692,1011.3732246284692,0.0,0.0
1668643934.84119,16698.19,2.25,62.38385635,0.0,1.0,0.0,1011.3732246284692,1011.3732246284692,0.0,0.0
1668643994.6084385,16698.35,0.15999999999985448,62.16551883,0.0,1.0,0.0,1011.3732246284692,1011.3732246284692,0.0,0.0
1668644055.67704,16697.28,-1.069999999999709,60.84847149,0.0,1.0,0.0,1011.3732246284692,1011.3732246284692,0.0,0.0
1668644115.8221002,16705.24,7.960000000002765,65.1997978,0.0,1.0,0.0,1011.3732246284692,1011.3732246284692,0.0,0.0
1668644175.656862,16703.78,-1.4600000000027649,63.79920254,0.0,1.0,0.0,1011.3732246284692,1011.3732246284692,0.0,0.0
1668644237.2135136,16699.0,-4.779999999998836,59.30726197,0.0,1.0,0.0,1011.3732246284692,1011.3732246284692,0.0,0.0
1668644296.320824,16696.48,-2.5200000000004366,57.02697774,0.0,1.0,0.0,1011.3732246284692,1011.3732246284692,0.0,0.0
1668644356.271449,16691.84,-4.639999999999418,52.98837371,0.0,1.0,0.0,1011.3732246284692,1011.3732246284692,0.0,0.0
1668644417.176249,16695.89,4.049999999999272,55.62348663,0.0,1.0,0.0,1011.3732246284692,1011.3732246284692,0.0,0.0
1668644477.2021463,16684.95,-10.93999999999869,47.32047444,1.0,0.0,0.0606158978377801,0.0,1011.3732246284692,0.0,0.0
1668644537.153952,16659.81,-25.139999999999418,34.6023602,1.0,0.0,0.0606158978377801,0.0,1009.8493409568272,-1.5238836716418973,0.0
1668644597.93867,16656.68,-3.1300000000010186,33.39879887,1.0,0.0,0.0606158978377801,0.0,1009.659613196595,-0.189727760232131,0.0
1668644657.8223877,16669.51,12.829999999998108,42.30782546,1.0,0.0,0.0606158978377801,0.0,1010.4373151658536,0.7777019692586009,0.0
1668644719.2231605,16670.69,1.180000000000291,42.99933662,1.0,0.0,0.0606158978377801,0.0,1010.5088419253022,0.0715267594486022,0.0
1668644779.0095396,16684.14,13.450000000000728,50.8842126,0.0,1.0,0.0,1011.3241257512204,1011.3241257512204,0.8152838259181863,0.0
1668644838.957718,16684.24,0.10000000000218279,50.9756633,0.0,1.0,0.0,1011.3241257512204,1011.3241257512204,0.0,0.0
1668644898.93237,16680.48,-3.7600000000020373,48.86138602,1.0,0.0,0.0606291980657163,0.0,1011.3241257512204,0.0,0.0
1668644959.7685225,16681.59,1.110000000000582,49.51444087,1.0,0.0,0.0606291980657163,0.0,1011.3914241610725,0.06729840985201463,0.0
1668645019.7953854,16675.91,-5.680000000000291,46.16447971,1.0,0.0,0.0606291980657163,0.0,1011.0470503160592,-0.3443738450133651,0.0
1668645079.7087042,16681.42,5.509999999998399,49.67821969,1.0,0.0,0.0606291980657163,0.0,1011.3811171974012,0.3340668813419825,0.0
1668645140.5288465,16671.17,-10.25,43.98273034,1.0,0.0,0.0606291980657163,0.0,1010.7596679172276,-0.6214492801735787,0.0
1668645200.5170643,16667.76,-3.4099999999998545,42.08598478,1.0,0.0,0.0606291980657163,0.0,1010.5529223518234,-0.20674556540416233,0.0
1668645260.4519088,16677.37,9.610000000000582,48.41878831,1.0,0.0,0.0606291980657163,0.0,1011.135568945235,0.5826465934115959,0.0
1668645321.6703775,16670.87,-6.5,44.88297846,1.0,0.0,0.0606291980657163,0.0,1010.741479157808,-0.3940897874271059,0.0
1668645381.6150296,16680.63,9.760000000002037,50.61074968,0.0,1.0,0.0,1011.3332201309294,1011.3332201309294,0.5917409731213183,0.0
1668645441.5286498,16689.31,8.680000000000291,55.0470402,0.0,1.0,0.0,1011.3332201309294,1011.3332201309294,0.0,0.0
1668645502.3181634,16696.05,6.739999999997963,58.38702823,0.0,1.0,0.0,1011.3332201309294,1011.3332201309294,0.0,0.0
1668645562.3182626,16693.44,-2.610000000000582,56.6472895,0.0,1.0,0.0,1011.3332201309294,1011.3332201309294,0.0,0.0
1668645622.1236234,16686.86,-6.579999999998108,52.49081435,0.0,1.0,0.0,1011.3332201309294,1011.3332201309294,0.0,0.0
1668645682.9617443,16691.0,4.139999999999418,54.70877838,0.0,1.0,0.0,1011.3332201309294,1011.3332201309294,0.0,0.0
1668645743.2464027,16698.68,7.680000000000291,58.57254372,0.0,1.0,0.0,1011.3332201309294,1011.3332201309294,0.0,0.0
1668645803.213038,16703.26,4.579999999998108,60.72472016,0.0,1.0,0.0,1011.3332201309294,1011.3332201309294,0.0,0.0
1668645864.4700422,16700.13,-3.1299999999973807,58.49081436,0.0,1.0,0.0,1011.3332201309294,1011.3332201309294,0.0,0.0
1668645924.785025,16695.11,-5.020000000000437,54.95589798,0.0,1.0,0.0,1011.3332201309294,1011.3332201309294,0.0,0.0
1668645984.7583797,16690.08,-5.029999999998836,51.62638231,0.0,1.0,0.0,1011.3332201309294,1011.3332201309294,0.0,0.0
1668646045.5141397,16691.43,1.3499999999985448,52.45888677,0.0,1.0,0.0,1011.3332201309294,1011.3332201309294,0.0,0.0
1668646105.7443216,16687.41,-4.020000000000437,49.76256611,1.0,0.0,0.0606045647665473,0.0,1011.3332201309294,0.0,0.0
1668646165.5427904,16706.21,18.799999999999272,60.06198394,0.0,1.0,0.0,1012.47258594854,1012.47258594854,1.1393658176107238,0.0
1668646226.1653607,16727.99,21.780000000002474,68.18875221,0.0,1.0,0.0,1012.47258594854,1012.47258594854,0.0,0.0
1668646286.5856926,16705.6,-22.390000000003056,55.60634824,0.0,1.0,0.0,1012.47258594854,1012.47258594854,0.0,0.0
1668646346.1185951,16720.49,14.890000000003056,60.72873277,0.0,1.0,0.0,1012.47258594854,1012.47258594854,0.0,0.0
1668646406.9333491,16710.78,-9.710000000002765,56.2039213,0.0,1.0,0.0,1012.47258594854,1012.47258594854,0.0,0.0
1668646466.7291613,16686.25,-24.529999999998836,46.68887873,1.0,0.0,0.0606770596118684,0.0,1012.47258594854,0.0,0.0
1668646526.713607,16675.08,-11.169999999998254,43.03682951,1.0,0.0,0.0606770596118684,0.0,1011.7948231926748,-0.6777627558652739,0.0
1668646589.1956484,16685.35,10.269999999996799,47.01426742,1.0,0.0,0.0606770596118684,0.0,1012.4179765948884,0.6231534022135747,0.0
1668646647.8911552,16689.51,4.1599999999998545,48.63049149,1.0,0.0,0.0606770596118684,0.0,1012.6703931628736,0.25241656798527856,0.0
1668646707.8830018,16688.7,-0.8099999999976717,48.29729794,1.0,0.0,0.0606770596118684,0.0,1012.6212447445882,-0.0491484182853128,0.0
1668646768.701049,16691.59,2.889999999999418,49.51700194,1.0,0.0,0.0606770596118684,0.0,1012.7966014468664,0.1753567022782363,0.0
1668646828.481438,16702.61,11.020000000000437,54.07213367,0.0,1.0,0.0,1013.4652626437892,1013.4652626437892,0.6686611969229261,0.0
1668646888.5168865,16697.38,-5.229999999999563,51.68842131,0.0,1.0,0.0,1013.4652626437892,1013.4652626437892,0.0,0.0
1668646949.3362978,16698.92,1.5399999999972351,52.35447037,0.0,1.0,0.0,1013.4652626437892,1013.4652626437892,0.0,0.0
1668647009.1408825,16702.69,3.7700000000004366,54.0258036,0.0,1.0,0.0,1013.4652626437892,1013.4652626437892,0.0,0.0
1668647070.383021,16695.78,-6.9099999999998545,50.52802095,0.0,1.0,0.0,1013.4652626437892,1013.4652626437892,0.0,0.0
1668647130.436587,16698.17,2.389999999999418,51.61932657,0.0,1.0,0.0,1013.4652626437892,1013.4652626437892,0.0,0.0
1668647190.5332868,16706.5,8.330000000001746,55.46457405,0.0,1.0,0.0,1013.4652626437892,1013.4652626437892,0.0,0.0
1668647250.5452414,16708.89,2.389999999999418,56.64712565,0.0,1.0,0.0,1013.4652626437892,1013.4652626437892,0.0,0.0
1668647311.25307,16718.6,9.709999999999127,60.84658549,0.0,1.0,0.0,1013.4652626437892,1013.4652626437892,0.0,0.0
1668647371.6873732,16713.12,-5.479999999999563,57.46349522,0.0,1.0,0.0,1013.4652626437892,1013.4652626437892,0.0,0.0
1668647431.2841294,16709.98,-3.139999999999418,55.55736407,0.0,1.0,0.0,1013.4652626437892,1013.4652626437892,0.0,0.0
1668647492.263171,16728.6,18.61999999999898,63.35418405,0.0,1.0,0.0,1013.4652626437892,1013.4652626437892,0.0,0.0
1668647553.2708893,16718.41,-10.18999999999869,57.58835387,0.0,1.0,0.0,1013.4652626437892,1013.4652626437892,0.0,0.0
1668647612.0267131,16729.98,11.569999999999709,62.0099202,0.0,1.0,0.0,1013.4652626437892,1013.4652626437892,0.0,0.0
1668647673.2603152,16724.32,-5.6599999999998545,58.67455013,0.0,1.0,0.0,1013.4652626437892,1013.4652626437892,0.0,0.0
1668647733.145462,16730.64,6.319999999999709,61.07400171,0.0,1.0,0.0,1013.4652626437892,1013.4652626437892,0.0,0.0
1668647792.9229498,16734.54,3.900000000001455,62.24955827,0.0,1.0,0.0,1013.4652626437892,1013.4652626437892,0.0,0.0
1668647853.7835047,16737.88,3.3400000000001455,62.93812377,0.0,1.0,0.0,1013.4652626437892,1013.4652626437892,0.0,0.0
1668647913.764463,16724.0,-13.880000000001019,55.17178106,0.0,1.0,0.0,1013.4652626437892,1013.4652626437892,0.0,0.0
1668647973.9805825,16716.7,-7.299999999999272,51.5717808,0.0,1.0,0.0,1013.4652626437892,1013.4652626437892,0.0,0.0
1668648035.126736,16725.17,8.469999999997526,55.06511145,0.0,1.0,0.0,1013.4652626437892,1013.4652626437892,0.0,0.0
1668648094.3401475,16729.12,3.9500000000007276,56.76806525,0.0,1.0,0.0,1013.4652626437892,1013.4652626437892,0.0,0.0
1668648154.5994947,16719.8,-9.319999999999709,52.00235776,0.0,1.0,0.0,1013.4652626437892,1013.4652626437892,0.0,0.0
1668648215.4162316,16715.21,-4.5900000000001455,49.78564762,1.0,0.0,0.0606313209731609,0.0,1013.4652626437892,0.0,0.0
1668648275.373541,16711.08,-4.129999999997381,47.78926095,1.0,0.0,0.0606313209731609,0.0,1013.2148552881698,-0.2504073556193589,0.0
1668648335.2314565,16704.63,-6.450000000000728,44.77829061,1.0,0.0,0.0606313209731609,0.0,1012.8237832678928,-0.3910720202769653,0.0
1668648396.071851,16701.77,-2.860000000000582,43.44979554,1.0,0.0,0.0606313209731609,0.0,1012.6503776899096,-0.17340557798331702,0.0
1668648456.3166957,16705.8,4.029999999998836,45.7480099,1.0,0.0,0.0606313209731609,0.0,1012.8947219134312,0.2443442235216935,0.0
1668648517.2968178,16704.0,-1.7999999999992724,44.822874,1.0,0.0,0.0606313209731609,0.0,1012.7855855356796,-0.1091363777514971,0.0
1668648576.8072228,16706.46,2.459999999999127,46.43653938,1.0,0.0,0.0606313209731609,0.0,1012.9347385852736,0.14915304959401965,0.0
1668648636.9788067,16704.53,-1.930000000000291,45.28454714,1.0,0.0,0.0606313209731609,0.0,1012.8177201357954,-0.11701844947822337,0.0
1668648696.8533945,16703.26,-1.2700000000004366,44.52533408,1.0,0.0,0.0606313209731609,0.0,1012.7407183581596,-0.07700177763592819,0.0
1668648757.5974855,16699.61,-3.649999999997817,42.32886979,1.0,0.0,0.0606313209731609,0.0,1012.5194140366076,-0.22130432155199742,0.0
1668648817.6143532,16690.78,-8.830000000001746,37.47262528,1.0,0.0,0.0606313209731609,0.0,1011.9840394724145,-0.5353745641931482,0.0
1668648877.5502405,16694.35,3.569999999999709,40.210678,1.0,0.0,0.0606313209731609,0.0,1012.2004932882886,0.21645381587416068,0.0
1668648938.5200498,16697.77,3.4200000000018917,43.08398655,1.0,0.0,0.0606313209731609,0.0,1012.4078524060168,0.20735911772828786,0.0
1668648999.3175306,16702.94,5.169999999998254,47.18915052,1.0,0.0,0.0606313209731609,0.0,1012.721316335448,0.31346392943123647,0.0
1668649058.5013757,16718.44,15.5,57.09361121,0.0,1.0,0.0,1013.661101810532,1013.661101810532,0.9397854750840224,0.0
1668649119.296004,16710.55,-7.889999999999418,51.7503754,0.0,1.0,0.0,1013.661101810532,1013.661101810532,0.0,0.0
1668649179.425379,16715.24,4.690000000002328,54.33967778,0.0,1.0,0.0,1013.661101810532,1013.661101810532,0.0,0.0
1668649239.3584473,16716.46,1.2199999999975262,55.14890383,0.0,1.0,0.0,1013.661101810532,1013.661101810532,0.0,0.0
1668649300.072734,16723.66,7.200000000000728,59.19602694,0.0,1.0,0.0,1013.661101810532,1013.661101810532,0.0,0.0
1668649359.66107,16719.87,-3.790000000000873,56.31624268,0.0,1.0,0.0,1013.661101810532,1013.661101810532,0.0,0.0
1668649419.577207,16709.28,-10.590000000000146,49.15594972,1.0,0.0,0.060664558964272,0.0,1013.661101810532,0.0,0.0
1668649479.2478385,16712.92,3.639999999999418,51.42580385,0.0,1.0,0.0,1013.8819208051608,1013.8819208051608,0.22081899462864385,0.0
1668649539.679041,16706.05,-6.869999999998981,47.19796619,1.0,0.0,0.0606895059457598,0.0,1013.8819208051608,0.0,0.0
1668649599.340937,16698.65,-7.399999999997817,43.01393422,1.0,0.0,0.0606895059457598,0.0,1013.432818461162,-0.44910234399878846,0.0
1668649659.3896377,16697.56,-1.0900000000001455,42.42148529,1.0,0.0,0.0606895059457598,0.0,1013.3666668996811,-0.06615156148086498,0.0
1668649719.345225,16694.0,-3.5600000000013097,40.66340969,1.0,0.0,0.0606895059457598,0.0,1013.150612258514,-0.21605464116703388,0.0
1668649779.9861436,16696.42,2.4199999999982538,42.57153785,1.0,0.0,0.0606895059457598,0.0,1013.2974808629028,0.14686860438871463,0.0
1668649839.2533264,16696.16,-0.2599999999983993,42.58926715,1.0,0.0,0.0606895059457598,0.0,1013.281701591357,-0.01577927154585268,0.0
1668649899.579641,16692.68,-3.4799999999995634,40.28880064,1.0,0.0,0.0606895059457598,0.0,1013.0705021106658,-0.21119948069122074,0.0
1668649959.3790572,16688.25,-4.430000000000291,37.66782543,1.0,0.0,0.0606895059457598,0.0,1012.801647599326,-0.2688545113397822,0.0
1668650019.763096,16687.28,-0.9700000000011642,37.43908336,1.0,0.0,0.0606895059457598,0.0,1012.7427787785584,-0.0588688207674295,0.0
1668650079.25484,16693.72,6.440000000002328,43.48705252,1.0,0.0,0.0606895059457598,0.0,1013.1336191968494,0.3908404182909635,0.0
1668650139.4926047,16701.29,7.569999999999709,49.53445601,1.0,0.0,0.0606895059457598,0.0,1013.5930387568588,0.45941956000933715,0.0
1668650199.3610988,16695.14,-6.150000000001455,45.1441447,1.0,0.0,0.0606895059457598,0.0,1013.2197982952922,-0.37324046156663826,0.0
1668650259.382061,16692.91,-2.2299999999995634,43.63797488,1.0,0.0,0.0606895059457598,0.0,1013.0844606970333,-0.13533759825895686,0.0
1668650319.1926217,16690.11,-2.7999999999992724,41.71964414,1.0,0.0,0.0606895059457598,0.0,1012.9145300803852,-0.16993061664811648,0.0
1668650379.3508215,16691.27,1.1599999999998545,42.65253782,1.0,0.0,0.0606895059457598,0.0,1012.9849299072822,0.0703998268969599,0.0
1668650439.369909,16694.3,3.029999999998836,45.6085323,1.0,0.0,0.0606895059457598,0.0,1013.1688191102978,0.1838892030156103,0.0
1668650499.460573,16701.46,7.1599999999998545,51.9158722,0.0,1.0,0.0,1013.6033559728694,1013.6033559728694,0.4345368625715764,0.0
1668650559.4072428,16701.51,0.049999999999272404,51.82727226,0.0,1.0,0.0,1013.6033559728694,1013.6033559728694,0.0,0.0
1668650619.7226424,16694.78,-6.729999999999563,46.143009,1.0,0.0,0.0607137893385159,0.0,1013.6033559728694,0.0,0.0
1668650679.4952774,16673.71,-21.06999999999971,34.09968141,1.0,0.0,0.0607137893385159,0.0,1012.324116431506,-1.279239541363495,0.0
1668650739.577549,16682.29,8.580000000001746,40.95331521,1.0,0.0,0.0607137893385159,0.0,1012.8450407440304,0.5209243125244711,0.0
1668650799.3612263,16678.04,-4.25,38.63868967,1.0,0.0,0.0607137893385159,0.0,1012.5870071393416,-0.25803360468864867,0.0
1668650859.5539546,16677.99,-0.049999999999272404,38.87009832,1.0,0.0,0.0607137893385159,0.0,1012.5839714498748,-0.003035689466742042,0.0
1668650919.6374495,16686.52,8.529999999998836,45.47372747,1.0,0.0,0.0607137893385159,0.0,1013.1018600729324,0.5178886230576154,0.0
1668650979.6194766,16671.88,-14.639999999999418,37.90530011,1.0,0.0,0.0607137893385159,0.0,1012.2130101970164,-0.8888498759158665,0.0
1668651039.7090845,16655.19,-16.69000000000233,31.85402488,1.0,0.0,0.0607137893385159,0.0,1011.1996970529566,-1.0133131440597936,0.0
1668651099.535182,16664.46,9.270000000000437,38.02620242,1.0,0.0,0.0607137893385159,0.0,1011.7625138801246,0.5628168271680352,0.0
1668651159.7419047,16664.94,0.47999999999956344,38.33763537,1.0,0.0,0.0607137893385159,0.0,1011.7916564990072,0.02914261888247438,0.0
1668651219.352574,16656.24,-8.69999999999709,34.89596979,1.0,0.0,0.0607137893385159,0.0,1011.2634465317622,-0.5282099672450613,0.0
1668651279.3575947,16662.47,6.229999999999563,38.94811433,1.0,0.0,0.0607137893385159,0.0,1011.6416934393412,0.37824690757895496,0.0
1668651339.4001813,16664.08,1.610000000000582,40.12385893,1.0,0.0,0.0607137893385159,0.0,1011.739442640176,0.09774920083486904,0.0
1668651399.446613,16659.48,-4.600000000002183,38.0767415,1.0,0.0,0.0607137893385159,0.0,1011.4601592092188,-0.2792834309570935,0.0
1668651459.625201,16666.0,6.520000000000437,42.58517011,1.0,0.0,0.0607137893385159,0.0,1011.856013115706,0.3958539064872184,0.0
1668651519.7396398,16664.38,-1.6199999999989814,41.74568872,1.0,0.0,0.0607137893385159,0.0,1011.7576567769776,-0.0983563387283084,0.0
1668651579.3453066,16664.17,-0.21000000000276486,41.63474654,1.0,0.0,0.0607137893385159,0.0,1011.7449068812164,-0.012749895761203334,0.0
1668651639.4619312,16662.74,-1.429999999996653,40.98666008,1.0,0.0,0.0607137893385159,0.0,1011.6580861624624,-0.0868207187538701,0.0
1668651699.6421025,16661.65,-1.0900000000001455,40.48235318,1.0,0.0,0.0607137893385159,0.0,1011.5919081320836,-0.0661780303788646,0.0
1668651759.6159222,16659.48,-2.1700000000018917,39.07084844,1.0,0.0,0.0607137893385159,0.0,1011.4601592092188,-0.1317489228647446,0.0
1668651819.284939,16656.89,-2.5900000000001455,37.43512199,1.0,0.0,0.0607137893385159,0.0,1011.302910494832,-0.15724871438669652,0.0
1668651879.54929,16659.54,2.650000000001455,40.18661966,1.0,0.0,0.0607137893385159,0.0,1011.4638020365792,0.16089154174721898,0.0
1668651939.4889765,16659.58,0.040000000000873115,40.50157536,1.0,0.0,0.0607137893385159,0.0,1011.4662305881528,0.0024285515736437446,0.0
1668651999.4818678,16669.46,9.87999999999738,49.30651822,1.0,0.0,0.0607137893385159,0.0,1012.0660828268173,0.5998522386644254,0.0
1668652059.6206656,16673.74,4.280000000002474,52.49049759,0.0,1.0,0.0,1012.3259378451862,1012.3259378451862,0.25985501836896674,0.0
1668652119.4317355,16674.39,0.6499999999978172,53.03935644,0.0,1.0,0.0,1012.3259378451862,1012.3259378451862,0.0,0.0
1668652179.67221,16664.95,-9.43999999999869,45.55526397,1.0,0.0,0.0607458130894593,0.0,1012.3259378451862,0.0,0.0
1668652239.3881016,16666.54,1.5900000000001455,46.85353999,1.0,0.0,0.0607458130894593,0.0,1012.422523687997,0.0965858428107822,0.0
1668652299.5430396,16676.91,10.369999999998981,54.88701576,0.0,1.0,0.0,1013.0524577697346,1013.0524577697346,0.6299340817375878,0.0
1668652359.620096,16685.75,8.840000000000146,60.37228649,0.0,1.0,0.0,1013.0524577697346,1013.0524577697346,0.0,0.0
1668652419.572806,16683.45,-2.2999999999992724,58.38386579,0.0,1.0,0.0,1013.0524577697346,1013.0524577697346,0.0,0.0
1668652480.8623762,16676.22,-7.229999999999563,52.51696965,0.0,1.0,0.0,1013.0524577697346,1013.0524577697346,0.0,0.0
1668652539.7928865,16672.81,-3.4099999999998545,50.00493681,0.0,1.0,0.0,1013.0524577697346,1013.0524577697346,0.0,0.0
1668652600.1114583,16673.81,1.0,50.75959215,0.0,1.0,0.0,1013.0524577697346,1013.0524577697346,0.0,0.0
1668652659.8804832,16677.94,4.129999999997381,53.86121021,0.0,1.0,0.0,1013.0524577697346,1013.0524577697346,0.0,0.0
1668652719.478989,16680.43,2.4900000000016007,55.67177929,0.0,1.0,0.0,1013.0524577697346,1013.0524577697346,0.0,0.0
1668652779.9096198,16677.42,-3.0100000000020373,52.96596716,0.0,1.0,0.0,1013.0524577697346,1013.0524577697346,0.0,0.0
1668652839.6805148,16680.66,3.2400000000016007,55.51007305,0.0,1.0,0.0,1013.0524577697346,1013.0524577697346,0.0,0.0
1668652899.5729015,16685.17,4.509999999998399,58.80142005,0.0,1.0,0.0,1013.0524577697346,1013.0524577697346,0.0,0.0
1668652960.3034437,16684.8,-0.36999999999898137,58.41958105,0.0,1.0,0.0,1013.0524577697346,1013.0524577697346,0.0,0.0
1668653020.2093835,16683.89,-0.9099999999998545,57.43178087,0.0,1.0,0.0,1013.0524577697346,1013.0524577697346,0.0,0.0
1668653079.5732615,16684.64,0.75,57.98466316,0.0,1.0,0.0,1013.0524577697346,1013.0524577697346,0.0,0.0
1668653139.7810628,16678.82,-5.819999999999709,51.60545654,0.0,1.0,0.0,1013.0524577697346,1013.0524577697346,0.0,0.0
1668653199.9946475,16684.2,5.380000000001019,56.30781733,0.0,1.0,0.0,1013.0524577697346,1013.0524577697346,0.0,0.0
1668653259.699291,16672.99,-11.209999999999127,46.10687034,1.0,0.0,0.0607600950861084,0.0,1013.0524577697346,0.0,0.0
1668653319.7887647,16662.87,-10.12000000000262,39.23708576,1.0,0.0,0.0607600950861084,0.0,1012.437565607463,-0.6148921622716443,0.0
1668653379.6209767,16664.96,2.0900000000001455,41.18828758,1.0,0.0,0.0607600950861084,0.0,1012.564554206193,0.12698859873000856,0.0
1668653440.538517,16644.08,-20.87999999999738,30.623607,1.0,0.0,0.0607600950861084,0.0,1011.2958834207952,-1.2686707853978305,0.0
1668653499.6545105,16647.13,3.0499999999992724,33.35540067,1.0,0.0,0.0607600950861084,0.0,1011.4812017108078,0.18531829001256028,0.0
1668653559.8431287,16651.96,4.829999999998108,37.48766062,1.0,0.0,0.0607600950861084,0.0,1011.7746729700737,0.29347125926574336,0.0
1668653619.5924408,16640.06,-11.899999999997817,32.19163349,1.0,0.0,0.0607600950861084,0.0,1011.0516278385488,-0.7230451315247137,0.0
1668653679.801085,16627.07,-12.9900000000016,27.92283152,1.0,0.0,0.0607600950861084,0.0,1010.2623542033804,-0.7892736351684562,0.0
1668653739.7344038,16613.05,-14.020000000000437,23.69576337,1.0,0.0,0.0607600950861084,0.0,1009.4104976702732,-0.8518565331072523,0.0
1668653799.431095,16622.83,9.780000000002474,31.05508427,1.0,0.0,0.0607600950861084,0.0,1010.0047314002154,0.5942337299421752,0.0
1668653859.7603643,16625.53,2.6999999999970896,33.27357225,1.0,0.0,0.0607600950861084,0.0,1010.1687836569477,0.16405225673224777,0.0
1668653919.7948463,16621.95,-3.5799999999981083,32.0013552,1.0,0.0,0.0607600950861084,0.0,1009.9512625165396,-0.2175211404081665,0.0
1668653979.6507764,16621.68,-0.27000000000043656,31.87704667,1.0,0.0,0.0607600950861084,0.0,1009.9348572908664,-0.016405225673338464,0.0
1668654039.7023442,16577.42,-44.26000000000204,20.75227049,1.0,0.0,0.0607600950861084,0.0,1007.245615482355,-2.689241808511383,0.0
1668654099.5481365,16592.8,15.380000000001019,30.18941733,1.0,0.0,0.0607600950861084,0.0,1008.1801057447794,0.9344902624244469,0.0
1668654159.7971532,16589.0,-3.7999999999992724,29.62387749,1.0,0.0,0.0607600950861084,0.0,1007.9492173834524,-0.2308883613271746,0.0
1668654219.540566,16587.96,-1.0400000000008731,29.15851964,1.0,0.0,0.0607600950861084,0.0,1007.8860268845626,-0.06319049888975314,0.0
1668654279.3559644,16588.27,0.3100000000013097,29.23870781,1.0,0.0,0.0607600950861084,0.0,1007.9048625140392,0.0188356294767118,0.0
1668654339.984707,16595.48,7.209999999999127,33.83105463,1.0,0.0,0.0607600950861084,0.0,1008.3429427996102,0.4380802855710044,0.0
1668654399.822466,16594.81,-0.6699999999982538,33.5801304,1.0,0.0,0.0607600950861084,0.0,1008.3022335359026,-0.040709263707640275,0.0
1668654459.500361,16601.2,6.389999999999418,37.69221636,1.0,0.0,0.0607600950861084,0.0,1008.6904905435028,0.3882570076001457,0.0
1668654519.6870685,16597.73,-3.470000000001164,36.44610501,1.0,0.0,0.0607600950861084,0.0,1008.479653013554,-0.21083752994888982,0.0
1668654579.6078513,16594.63,-3.099999999998545,35.1979999,1.0,0.0,0.0607600950861084,0.0,1008.2912967187872,-0.18835629476689064,0.0
1668654639.5252182,16593.97,-0.6599999999998545,34.93743339,1.0,0.0,0.0607600950861084,0.0,1008.2511950560304,-0.04010166275691063,0.0
1668654699.6433606,16602.72,8.75,41.15679405,1.0,0.0,0.0607600950861084,0.0,1008.7828458880336,0.5316508320032654,0.0
1668654759.6811044,16602.85,0.12999999999738066,41.37067007,1.0,0.0,0.0607600950861084,0.0,1008.7907447003948,0.007898812361077034,0.0
1668654819.5801826,16604.65,1.8000000000029104,42.52103589,1.0,0.0,0.0607600950861084,0.0,1008.90011287155,0.10936817115509712,0.0
1668654879.566174,16602.04,-2.610000000000582,41.07319691,1.0,0.0,0.0607600950861084,0.0,1008.7415290233752,-0.15858384817488513,0.0
1668654940.635687,16605.91,3.8699999999989814,44.08115693,1.0,0.0,0.0607600950861084,0.0,1008.9766705913584,0.23514156798319163,0.0
1668654999.719268,16603.89,-2.0200000000004366,42.85159266,1.0,0.0,0.0607600950861084,0.0,1008.8539351992844,-0.12273539207399153,0.0
1668655059.9565182,16605.96,2.069999999999709,44.55822143,1.0,0.0,0.0607600950861084,0.0,1008.9797085961126,0.1257733968282082,0.0
1668655119.9607878,16604.87,-1.0900000000001455,43.77865241,1.0,0.0,0.0607600950861084,0.0,1008.9134800924688,-0.06622850364385613,0.0
1668655179.9720335,16605.22,0.3500000000021828,44.04312897,1.0,0.0,0.0607600950861084,0.0,1008.9347461257488,0.02126603328008514,0.0
1668655239.6000607,16605.73,0.5099999999983993,44.49272547,1.0,0.0,0.0607600950861084,0.0,1008.9657337742428,0.030987648494033238,0.0
1668655299.546829,16607.17,1.4399999999986903,45.94700203,1.0,0.0,0.0607600950861084,0.0,1009.0532283111668,0.08749453692382758,0.0
1668655360.100124,16602.8,-4.369999999998981,42.6189432,1.0,0.0,0.0607600950861084,0.0,1008.7877066956404,-0.26552161552626785,0.0
1668655419.8999758,16605.96,3.1599999999998545,45.84699518,1.0,0.0,0.0607600950861084,0.0,1008.9797085961126,0.19200190047217802,0.0
1668655479.7144103,16601.72,-4.239999999997963,42.34599852,1.0,0.0,0.0607600950861084,0.0,1008.7220857929476,-0.25762280316496344,0.0
1668655539.75654,16594.07,-7.650000000001455,36.91412969,1.0,0.0,0.0607600950861084,0.0,1008.2572710655388,-0.46481472740879326,0.0
1668655599.7091868,16592.82,-1.25,36.10612916,1.0,0.0,0.0607600950861084,0.0,1008.1813209466812,-0.07595011885769054,0.0
1668655659.6175487,16598.61,5.790000000000873,42.39578012,1.0,0.0,0.0607600950861084,0.0,1008.5331218972298,0.35180095054852245,0.0
1668655719.9007432,16598.86,0.25,42.65825297,1.0,0.0,0.0607600950861084,0.0,1008.5483119210012,0.015190023771538108,0.0
1668655779.503624,16598.29,-0.569999999999709,42.19357577,1.0,0.0,0.0607600950861084,0.0,1008.5136786668022,-0.03463325419897956,0.0
1668655839.6364098,16595.36,-2.930000000000291,39.99827303,1.0,0.0,0.0607600950861084,0.0,1008.3356515882,-0.17802707860232658,0.0
1668655899.637998,16581.12,-14.2400000000016,30.61913111,1.0,0.0,0.0607600950861084,0.0,1007.4704278341736,-0.8652237540263741,0.0
1668655960.4262962,16585.49,4.370000000002619,35.59648986,1.0,0.0,0.0607600950861084,0.0,1007.7359494497,0.2655216155264952,0.0
1668656019.8792264,16595.98,10.489999999997963,45.61745124,1.0,0.0,0.0607600950861084,0.0,1008.3733228471532,0.6373733974531888,0.0
1668656079.7522638,16588.46,-7.520000000000437,40.50222772,1.0,0.0,0.0607600950861084,0.0,1007.9164069321056,-0.45691591504748885,0.0
1668656139.724162,16582.03,-6.430000000000291,36.79233616,1.0,0.0,0.0607600950861084,0.0,1007.525719520702,-0.3906874114036327,0.0
1668656199.6162145,16586.86,4.830000000001746,41.15276503,1.0,0.0,0.0607600950861084,0.0,1007.819190779968,0.29347125926597073,0.0
1668656259.7037258,16568.95,-17.909999999999854,32.25940391,1.0,0.0,0.0607600950861084,0.0,1006.7309774769758,-1.0882133029922443,0.0
1668656319.8031209,16565.69,-3.2600000000020373,30.94929506,1.0,0.0,0.0607600950861084,0.0,1006.532899566995,-0.19807790998083874,0.0
1668656379.8818786,16573.39,7.700000000000728,37.41450382,1.0,0.0,0.0607600950861084,0.0,1007.000752299158,0.4678527321631236,0.0
1668656440.2887297,16577.25,3.860000000000582,40.42780165,1.0,0.0,0.0607600950861084,0.0,1007.2352862661904,0.234533967032462,0.0
1668656499.732197,16578.6,1.3499999999985448,41.6528489,1.0,0.0,0.0607600950861084,0.0,1007.3173123945566,0.08202612836612388,0.0
1668656559.707682,16591.61,13.010000000002037,50.56988377,0.0,1.0,0.0,1008.107801231627,1008.107801231627,0.7904888370704839,0.0
1668656619.6766794,16589.18,-2.430000000000291,49.08056313,1.0,0.0,0.0607689952867849,0.0,1008.107801231627,0.0,0.0
1668656679.6391337,16587.34,-1.8400000000001455,47.93768312,1.0,0.0,0.0607689952867849,0.0,1007.9959862802988,-0.11181495132836972,0.0
1668656739.6755908,16578.33,-9.0099999999984,42.47246902,1.0,0.0,0.0607689952867849,0.0,1007.4484576327648,-0.547528647533909,0.0
1668656799.8367722,16584.05,5.719999999997526,46.61057184,1.0,0.0,0.0607689952867849,0.0,1007.7960562858052,0.3475986530403361,0.0
1668656859.684676,16586.86,2.8100000000013097,48.56786149,1.0,0.0,0.0607689952867849,0.0,1007.966817162561,0.1707608767558213,0.0
1668656919.864316,16578.85,-8.010000000002037,43.65489647,1.0,0.0,0.0607689952867849,0.0,1007.4800575103136,-0.486759652247315,0.0
1668656979.630103,16575.21,-3.639999999999418,41.595705,1.0,0.0,0.0607689952867849,0.0,1007.25885836747,-0.2211991428437159,0.0
1668657039.7824893,16558.96,-16.25,33.90647177,1.0,0.0,0.0607689952867849,0.0,1006.2713621940596,-0.9874961734103636,0.0
1668657099.8330708,16557.51,-1.4500000000007276,33.31467921,1.0,0.0,0.0607689952867849,0.0,1006.1832471508936,-0.08811504316588525,0.0
1668657159.6398623,16550.0,-7.509999999998399,30.85876747,1.0,0.0,0.0607689952867849,0.0,1005.72687199629,-0.4563751546035064,0.0
1668657219.8633718,16548.4,-1.5999999999985448,29.77926661,1.0,0.0,0.0607689952867849,0.0,1005.6296416038314,-0.09723039245864129,0.0
1668657279.9493067,16541.36,-7.040000000000873,27.18849118,1.0,0.0,0.0607689952867849,0.0,1005.2018278770124,-0.4278137268190676,0.0
1668657340.0550082,16538.19,-3.1700000000018917,26.06418829,1.0,0.0,0.0607689952867849,0.0,1005.0091901619533,-0.19263771505927707,0.0
1668657399.827033,16530.99,-7.19999999999709,23.81277028,1.0,0.0,0.0607689952867849,0.0,1004.5716533958883,-0.4375367660647953,0.0
1668657459.648557,16520.27,-10.720000000001164,20.75359728,1.0,0.0,0.0607689952867849,0.0,1003.920209766414,-0.6514436294743291,0.0
1668657519.7009969,16522.44,2.1699999999982538,22.68131947,1.0,0.0,0.0607689952867849,0.0,1004.0520784861862,0.13186871977222836,0.0
1668657579.7673454,16524.79,2.350000000002183,25.02349805,1.0,0.0,0.0607689952867849,0.0,1004.1948856251104,0.1428071389240131,0.0
1668657639.6780016,16526.18,1.389999999999418,26.44285637,1.0,0.0,0.0607689952867849,0.0,1004.2793545285588,0.08446890344850999,0.0
1668657699.8262749,16518.32,-7.860000000000582,23.70958216,1.0,0.0,0.0607689952867849,0.0,1003.8017102256048,-0.4776443029539905,0.0
1668657759.744236,16502.49,-15.829999999998108,19.34500178,1.0,0.0,0.0607689952867849,0.0,1002.839737030215,-0.9619731953897599,0.0
1668657819.6337042,16495.16,-7.330000000001746,18.26881781,1.0,0.0,0.0607689952867849,0.0,1002.3943002947628,-0.44543673545217644,0.0
1668657879.6864266,16478.47,-16.68999999999869,15.75173818,1.0,0.0,0.0607689952867849,0.0,1001.3800657634264,-1.0142345313363421,0.0
1668657940.246955,16442.04,-36.43000000000029,10.52152312,1.0,0.0,0.0607689952867849,0.0,999.1662512651288,-2.213814498297552,0.0
1668657999.916499,16421.58,-20.459999999999127,8.97009063,1.0,0.0,0.0607689952867849,0.0,997.9229176215612,-1.2433336435675528,0.0
1668658059.8210757,16441.22,19.639999999999418,21.01057019,1.0,0.0,0.0607689952867849,0.0,999.1164206889936,1.1935030674325162,0.0
1668658119.6676605,16437.21,-4.010000000002037,20.41677804,1.0,0.0,0.0607689952867849,0.0,998.8727370178937,-0.24368367110002964,0.0
1668658179.7955377,16436.5,-0.7099999999991269,20.95646021,1.0,0.0,0.0607689952867849,0.0,998.82959103124,-0.04314598665359881,0.0
1668658239.779343,16457.84,21.340000000000146,32.45500229,1.0,0.0,0.0607689952867849,0.0,1000.12640139066,1.2968103594199647,0.0
1668658299.808851,16450.51,-7.330000000001746,30.66347299,1.0,0.0,0.0607689952867849,0.0,999.6809646552076,-0.4454367354522901,0.0
1668658359.800582,16455.47,4.960000000002765,33.34718229,1.0,0.0,0.0607689952867849,0.0,999.9823788718304,0.30141421662278844,0.0
1668658419.9391143,16453.85,-1.6200000000026193,32.93453518,1.0,0.0,0.0607689952867849,0.0,999.8839330994656,-0.098445772364812,0.0
1668658479.9326785,16453.95,0.10000000000218279,32.98965797,1.0,0.0,0.0607689952867849,0.0,999.8900099989944,0.006076899528920876,0.0
1668658539.8412707,16447.98,-5.970000000001164,31.33386797,1.0,0.0,0.0607689952867849,0.0,999.5272190971324,-0.3627909018621267,0.0
1668658599.7610557,16454.05,6.069999999999709,34.93547687,1.0,0.0,0.0607689952867849,0.0,999.8960868985232,0.3688678013907065,0.0
1668658659.7330089,16465.81,11.760000000002037,41.3119581,1.0,0.0,0.0607689952867849,0.0,1000.6107302830958,0.7146433845725824,0.0
1668658719.8932798,16460.95,-4.860000000000582,39.55843065,1.0,0.0,0.0607689952867849,0.0,1000.315392966002,-0.29533731709386757,0.0
1668658779.8870902,16470.67,9.719999999997526,44.44968041,1.0,0.0,0.0607689952867849,0.0,1000.9060676001892,0.5906746341872804,0.0
1668658839.9544668,16475.95,5.280000000002474,47.066318,1.0,0.0,0.0607689952867849,0.0,1001.2269278953036,0.32086029511447123,0.0
1668658899.8416855,16463.61,-12.340000000000146,42.16780834,1.0,0.0,0.0607689952867849,0.0,1000.4770384934648,-0.7498894018388,0.0
1668658959.8732834,16475.69,12.079999999998108,47.89256522,1.0,0.0,0.0607689952867849,0.0,1001.211127956529,0.7340894630642651,0.0
1668659019.9276366,16481.06,5.370000000002619,50.21651834,0.0,1.0,0.0,1001.5374574612192,1001.5374574612192,0.32632950469019306,0.0
1668659079.8744652,16479.04,-2.0200000000004366,49.31278119,1.0,0.0,0.0607764443475602,0.0,1001.5374574612192,0.0,0.0
1668659139.676896,16490.52,11.479999999999563,54.3670457,0.0,1.0,0.0,1002.2351710423284,1002.2351710423284,0.6977135811092694,0.0
1668659200.0173469,16484.69,-5.830000000001746,51.57227264,0.0,1.0,0.0,1002.2351710423284,1002.2351710423284,0.0,0.0
1668659259.8579865,16486.87,2.180000000000291,52.59846953,0.0,1.0,0.0,1002.2351710423284,1002.2351710423284,0.0,0.0
1668659319.872876,16483.05,-3.819999999999709,50.583641,0.0,1.0,0.0,1002.2351710423284,1002.2351710423284,0.0,0.0
1668659379.80108,16484.86,1.8100000000013097,51.54050804,0.0,1.0,0.0,1002.2351710423284,1002.2351710423284,0.0,0.0
1668659439.816326,16488.88,4.020000000000437,53.66877376,0.0,1.0,0.0,1002.2351710423284,1002.2351710423284,0.0,0.0
1668659500.0268276,16481.56,-7.319999999999709,49.46192555,1.0,0.0,0.0608094847236747,0.0,1002.2351710423284,0.0,0.0
1668659560.361547,16493.88,12.319999999999709,55.70783175,0.0,1.0,0.0,1002.9843438941238,1002.9843438941238,0.7491728517953788,0.0
1668659619.7807488,16512.35,18.469999999997526,63.0755311,0.0,1.0,0.0,1002.9843438941238,1002.9843438941238,0.0,0.0
1668659679.9477315,16508.84,-3.5099999999983993,60.95056074,0.0,1.0,0.0,1002.9843438941238,1002.9843438941238,0.0,0.0
1668659739.97637,16520.67,11.829999999998108,65.44149832,0.0,1.0,0.0,1002.9843438941238,1002.9843438941238,0.0,0.0
1668659800.114875,16509.81,-10.859999999996944,59.2216586,0.0,1.0,0.0,1002.9843438941238,1002.9843438941238,0.0,0.0
1668659860.1971867,16511.08,1.2700000000004366,59.74199013,0.0,1.0,0.0,1002.9843438941238,1002.9843438941238,0.0,0.0
1668659920.1532943,16503.03,-8.05000000000291,55.15859496,0.0,1.0,0.0,1002.9843438941238,1002.9843438941238,0.0,0.0
1668659981.1377144,16511.54,8.510000000002037,58.67929379,0.0,1.0,0.0,1002.9843438941238,1002.9843438941238,0.0,0.0
1668660040.9246354,16503.24,-8.299999999999272,54.10102355,0.0,1.0,0.0,1002.9843438941238,1002.9843438941238,0.0,0.0
1668660101.054556,16496.35,-6.890000000003056,50.63373958,0.0,1.0,0.0,1002.9843438941238,1002.9843438941238,0.0,0.0
1668660161.885535,16504.92,8.569999999999709,54.32289994,0.0,1.0,0.0,1002.9843438941238,1002.9843438941238,0.0,0.0
1668660221.8787572,16510.86,5.940000000002328,56.47163483,0.0,1.0,0.0,1002.9843438941238,1002.9843438941238,0.0,0.0
1668660281.7916243,16514.82,3.959999999999127,57.0042148,0.0,1.0,0.0,1002.9843438941238,1002.9843438941238,0.0,0.0
1668660343.296475,16523.29,8.470000000001164,60.67721512,0.0,1.0,0.0,1002.9843438941238,1002.9843438941238,0.0,0.0
1668660402.6291049,16536.3,13.0099999999984,64.84560766,0.0,1.0,0.0,1002.9843438941238,1002.9843438941238,0.0,0.0
1668660462.7342343,16530.96,-5.3400000000001455,62.40472261,0.0,1.0,0.0,1002.9843438941238,1002.9843438941238,0.0,0.0
1668660523.660893,16520.55,-10.409999999999854,56.34149887,0.0,1.0,0.0,1002.9843438941238,1002.9843438941238,0.0,0.0
1668660583.4448884,16524.34,3.790000000000873,58.25722798,0.0,1.0,0.0,1002.9843438941238,1002.9843438941238,0.0,0.0
1668660643.6410902,16518.94,-5.400000000001455,55.20063224,0.0,1.0,0.0,1002.9843438941238,1002.9843438941238,0.0,0.0
1668660704.2611775,16509.06,-9.87999999999738,50.23689527,0.0,1.0,0.0,1002.9843438941238,1002.9843438941238,0.0,0.0
1668660764.1059966,16514.02,4.959999999999127,52.70800715,0.0,1.0,0.0,1002.9843438941238,1002.9843438941238,0.0,0.0
1668660824.3028502,16513.29,-0.7299999999995634,52.36636006,0.0,1.0,0.0,1002.9843438941238,1002.9843438941238,0.0,0.0
1668660885.890692,16515.3,2.0099999999983993,53.11484339,0.0,1.0,0.0,1002.9843438941238,1002.9843438941238,0.0,0.0
1668660945.46103,16519.8,4.5,55.67446854,0.0,1.0,0.0,1002.9843438941238,1002.9843438941238,0.0,0.0
1668661005.5945902,16513.94,-5.860000000000582,51.89635825,0.0,1.0,0.0,1002.9843438941238,1002.9843438941238,0.0,0.0
1668661066.0618036,16502.56,-11.37999999999738,45.26055368,1.0,0.0,0.0607775002117322,0.0,1002.9843438941238,0.0,0.0
1668661126.157572,16502.42,-0.1400000000030559,45.13763137,1.0,0.0,0.0607775002117322,0.0,1002.9758350440936,-0.008508850030125359,0.0
1668661186.29646,16506.09,3.6700000000018917,47.49237409,1.0,0.0,0.0607775002117322,0.0,1003.1988884698708,0.22305342577715237,0.0
1668661246.560995,16502.7,-3.389999999999418,45.28930811,1.0,0.0,0.0607775002117322,0.0,1002.992852744153,-0.20603572571781115,0.0
1668661306.117033,16516.52,13.819999999999709,54.37431924,0.0,1.0,0.0,1003.8327977970793,1003.8327977970793,0.8399450529261685,0.0
1668661366.243593,16532.64,16.11999999999898,62.566097,0.0,1.0,0.0,1003.8327977970793,1003.8327977970793,0.0,0.0
1668661427.1180584,16543.0,10.360000000000582,66.76050981,0.0,1.0,0.0,1003.8327977970793,1003.8327977970793,0.0,0.0
1668661486.2890112,16543.51,0.5099999999983993,66.97546673,0.0,1.0,0.0,1003.8327977970793,1003.8327977970793,0.0,0.0
1668661546.1751893,16545.41,1.9000000000014552,67.7201106,0.0,1.0,0.0,1003.8327977970793,1003.8327977970793,0.0,0.0
1668661606.3228865,16550.82,5.4099999999998545,69.20877961,0.0,1.0,0.0,1003.8327977970793,1003.8327977970793,0.0,0.0
1668661666.2549987,16542.87,-7.950000000000728,63.13128323,0.0,1.0,0.0,1003.8327977970793,1003.8327977970793,0.0,0.0
1668661726.1394007,16554.98,12.110000000000582,67.93179358,0.0,1.0,0.0,1003.8327977970793,1003.8327977970793,0.0,0.0
1668661786.348632,16555.9,0.9200000000018917,68.33354132,0.0,1.0,0.0,1003.8327977970793,1003.8327977970793,0.0,0.0
1668661846.1279838,16551.33,-4.569999999999709,65.27589317,0.0,1.0,0.0,1003.8327977970793,1003.8327977970793,0.0,0.0
1668661906.7254236,16546.24,-5.0900000000001455,61.48515414,0.0,1.0,0.0,1003.8327977970793,1003.8327977970793,0.0,0.0
1668661965.9951775,16544.37,-1.8700000000026193,59.92216301,0.0,1.0,0.0,1003.8327977970793,1003.8327977970793,0.0,0.0
1668662026.3291056,16539.95,-4.419999999998254,56.42695296,0.0,1.0,0.0,1003.8327977970793,1003.8327977970793,0.0,0.0
1668662086.098374,16548.18,8.229999999999563,61.64055619,0.0,1.0,0.0,1003.8327977970793,1003.8327977970793,0.0,0.0
1668662146.184122,16552.09,3.9099999999998545,63.64634793,0.0,1.0,0.0,1003.8327977970793,1003.8327977970793,0.0,0.0
1668662206.312987,16551.89,-0.2000000000007276,62.86719609,0.0,1.0,0.0,1003.8327977970793,1003.8327977970793,0.0,0.0
1668662266.05396,16565.06,13.170000000001892,69.87198038,0.0,1.0,0.0,1003.8327977970793,1003.8327977970793,0.0,0.0
1668662326.2548733,16547.53,-17.530000000002474,57.26368076,0.0,1.0,0.0,1003.8327977970793,1003.8327977970793,0.0,0.0
1668662387.3951929,16552.92,5.389999999999418,61.13081433,0.0,1.0,0.0,1003.8327977970793,1003.8327977970793,0.0,0.0
1668662446.0486112,16547.72,-5.19999999999709,56.19747184,0.0,1.0,0.0,1003.8327977970793,1003.8327977970793,0.0,0.0
1668662506.4324076,16550.43,2.709999999999127,58.47303472,0.0,1.0,0.0,1003.8327977970793,1003.8327977970793,0.0,0.0
1668662566.143499,16552.94,2.5099999999983993,58.21021403,0.0,1.0,0.0,1003.8327977970793,1003.8327977970793,0.0,0.0
1668662626.1679237,16549.66,-3.279999999998836,55.56430497,0.0,1.0,0.0,1003.8327977970793,1003.8327977970793,0.0,0.0
1668662686.2013671,16544.28,-5.380000000001019,51.234512,0.0,1.0,0.0,1003.8327977970793,1003.8327977970793,0.0,0.0
1668662746.4816968,16547.44,3.1599999999998545,53.62281944,0.0,1.0,0.0,1003.8327977970793,1003.8327977970793,0.0,0.0
1668662806.254745,16543.65,-3.789999999997235,50.53025138,0.0,1.0,0.0,1003.8327977970793,1003.8327977970793,0.0,0.0
1668662866.920579,16547.55,3.899999999997817,53.71501454,0.0,1.0,0.0,1003.8327977970793,1003.8327977970793,0.0,0.0
1668662926.134637,16547.81,0.26000000000203727,54.00659903,0.0,1.0,0.0,1003.8327977970793,1003.8327977970793,0.0,0.0
1668662986.057403,16547.84,0.029999999998835847,54.03035511,0.0,1.0,0.0,1003.8327977970793,1003.8327977970793,0.0,0.0
1668663046.1030884,16548.65,0.8100000000013097,54.62538737,0.0,1.0,0.0,1003.8327977970793,1003.8327977970793,0.0,0.0
1668663106.0911057,16549.43,0.7799999999988358,55.26096017,0.0,1.0,0.0,1003.8327977970793,1003.8327977970793,0.0,0.0
1668663166.1485567,16552.36,2.930000000000291,57.83237616,0.0,1.0,0.0,1003.8327977970793,1003.8327977970793,0.0,0.0
1668663226.2823362,16556.5,4.139999999999418,61.06061367,0.0,1.0,0.0,1003.8327977970793,1003.8327977970793,0.0,0.0
1668663286.2442362,16547.7,-8.799999999999272,52.43401557,0.0,1.0,0.0,1003.8327977970793,1003.8327977970793,0.0,0.0
1668663346.9965532,16541.67,-6.030000000002474,46.99408284,1.0,0.0,0.0606850939353208,0.0,1003.8327977970793,0.0,0.0
1668663406.3812442,16545.29,3.6200000000026193,50.30921427,0.0,1.0,0.0,1004.052477837124,1004.052477837124,0.21968004004475006,0.0
1668663466.153031,16551.32,6.029999999998836,55.66052707,0.0,1.0,0.0,1004.052477837124,1004.052477837124,0.0,0.0
1668663526.3901584,16554.25,2.930000000000291,58.09777518,0.0,1.0,0.0,1004.052477837124,1004.052477837124,0.0,0.0
1668663586.2156844,16555.56,1.3100000000013097,59.20282588,0.0,1.0,0.0,1004.052477837124,1004.052477837124,0.0,0.0
1668663646.3338032,16562.31,6.75,61.92149466,0.0,1.0,0.0,1004.052477837124,1004.052477837124,0.0,0.0
1668663706.1220558,16554.37,-7.940000000002328,54.52248936,0.0,1.0,0.0,1004.052477837124,1004.052477837124,0.0,0.0
1668663766.7066455,16563.27,8.900000000001455,62.22335995,0.0,1.0,0.0,1004.052477837124,1004.052477837124,0.0,0.0
1668663826.7473476,16560.41,-2.860000000000582,59.29890618,0.0,1.0,0.0,1004.052477837124,1004.052477837124,0.0,0.0
1668663886.8270988,16560.62,0.20999999999912689,58.71920702,0.0,1.0,0.0,1004.052477837124,1004.052477837124,0.0,0.0
1668663946.3393922,16560.28,-0.3400000000001455,58.33353602,0.0,1.0,0.0,1004.052477837124,1004.052477837124,0.0,0.0
1668664006.6168993,16559.98,-0.2999999999992724,57.69403477,0.0,1.0,0.0,1004.052477837124,1004.052477837124,0.0,0.0
1668664066.151533,16560.24,0.26000000000203727,57.71681015,0.0,1.0,0.0,1004.052477837124,1004.052477837124,0.0,0.0
1668664126.3474844,16560.6,0.3599999999969441,58.0756281,0.0,1.0,0.0,1004.052477837124,1004.052477837124,0.0,0.0
1668664186.2368748,16562.35,1.75,59.3346314,0.0,1.0,0.0,1004.052477837124,1004.052477837124,0.0,0.0
1668664246.2132275,16560.36,-1.9899999999979627,56.68056063,0.0,1.0,0.0,1004.052477837124,1004.052477837124,0.0,0.0
1668664306.5148847,16561.88,1.5200000000004366,58.47038795,0.0,1.0,0.0,1004.052477837124,1004.052477837124,0.0,0.0
1668664366.6164236,16567.48,5.599999999998545,63.82083882,0.0,1.0,0.0,1004.052477837124,1004.052477837124,0.0,0.0
1668664426.2416327,16566.23,-1.25,62.75246373,0.0,1.0,0.0,1004.052477837124,1004.052477837124,0.0,0.0
1668664486.5216112,16562.92,-3.3100000000013097,56.86104044,0.0,1.0,0.0,1004.052477837124,1004.052477837124,0.0,0.0
1668664546.3113456,16568.22,5.30000000000291,64.59896354,0.0,1.0,0.0,1004.052477837124,1004.052477837124,0.0,0.0
1668664606.4655893,16567.63,-0.5900000000001455,62.49085352,0.0,1.0,0.0,1004.052477837124,1004.052477837124,0.0,0.0
1668664666.2054873,16569.98,2.349999999998545,63.28470074,0.0,1.0,0.0,1004.052477837124,1004.052477837124,0.0,0.0
1668664726.8184817,16568.58,-1.3999999999978172,61.05874068,0.0,1.0,0.0,1004.052477837124,1004.052477837124,0.0,0.0
1668664786.946756,16582.07,13.489999999997963,64.8905738,0.0,1.0,0.0,1004.052477837124,1004.052477837124,0.0,0.0
1668664846.2455246,16569.13,-12.93999999999869,55.33003154,0.0,1.0,0.0,1004.052477837124,1004.052477837124,0.0,0.0
1668664906.199057,16549.78,-19.350000000002183,43.78414681,1.0,0.0,0.0606686299054805,0.0,1004.052477837124,0.0,0.0
1668664966.2187412,16557.46,7.680000000000291,48.26258442,1.0,0.0,0.0606686299054805,0.0,1004.5184129147972,0.4659350776730662,0.0
1668665026.3848193,16581.25,23.790000000000873,60.40948974,0.0,1.0,0.0,1005.9617196202483,1005.9617196202483,1.4433067054512776,0.0
1668665086.4072862,16581.98,0.7299999999995634,60.0021835,0.0,1.0,0.0,1005.9617196202483,1005.9617196202483,0.0,0.0
1668665146.2456276,16580.9,-1.0799999999981083,58.57231149,0.0,1.0,0.0,1005.9617196202483,1005.9617196202483,0.0,0.0
1668665206.3561172,16566.61,-14.290000000000873,51.17844073,0.0,1.0,0.0,1005.9617196202483,1005.9617196202483,0.0,0.0
1668665266.2203302,16567.1,0.48999999999796273,51.32587934,0.0,1.0,0.0,1005.9617196202483,1005.9617196202483,0.0,0.0
1668665326.3826723,16570.0,2.900000000001455,52.89929583,0.0,1.0,0.0,1005.9617196202483,1005.9617196202483,0.0,0.0
1668665386.312201,16580.07,10.069999999999709,57.97481896,0.0,1.0,0.0,1005.9617196202483,1005.9617196202483,0.0,0.0
1668665446.1151943,16592.37,12.299999999999272,63.08061931,0.0,1.0,0.0,1005.9617196202483,1005.9617196202483,0.0,0.0
1668665506.1198275,16591.0,-1.3699999999989814,62.58150859,0.0,1.0,0.0,1005.9617196202483,1005.9617196202483,0.0,0.0
1668665566.3381383,16597.8,6.799999999999272,65.24216473,0.0,1.0,0.0,1005.9617196202483,1005.9617196202483,0.0,0.0
1668665626.406655,16590.68,-7.119999999998981,59.28000584,0.0,1.0,0.0,1005.9617196202483,1005.9617196202483,0.0,0.0
1668665686.2916574,16599.27,8.590000000000146,63.7216579,0.0,1.0,0.0,1005.9617196202483,1005.9617196202483,0.0,0.0
1668665746.5086818,16596.32,-2.9500000000007276,62.37400892,0.0,1.0,0.0,1005.9617196202483,1005.9617196202483,0.0,0.0
1668665806.3811762,16587.16,-9.159999999999854,56.37299338,0.0,1.0,0.0,1005.9617196202483,1005.9617196202483,0.0,0.0
1668665866.4761093,16587.41,0.25,56.52437239,0.0,1.0,0.0,1005.9617196202483,1005.9617196202483,0.0,0.0
1668665926.3687372,16599.44,12.029999999998836,62.54715919,0.0,1.0,0.0,1005.9617196202483,1005.9617196202483,0.0,0.0
1668665986.702194,16598.79,-0.6499999999978172,61.54628885,0.0,1.0,0.0,1005.9617196202483,1005.9617196202483,0.0,0.0
1668666046.297024,16598.56,-0.22999999999956344,60.81284995,0.0,1.0,0.0,1005.9617196202483,1005.9617196202483,0.0,0.0
1668666106.399649,16606.22,7.6599999999998545,64.34616873,0.0,1.0,0.0,1005.9617196202483,1005.9617196202483,0.0,0.0
1668666166.1407845,16613.27,7.049999999999272,67.42860621,0.0,1.0,0.0,1005.9617196202483,1005.9617196202483,0.0,0.0
1668666226.6159134,16611.34,-1.930000000000291,66.79002469,0.0,1.0,0.0,1005.9617196202483,1005.9617196202483,0.0,0.0
1668666286.1893072,16607.03,-4.31000000000131,61.00851224,0.0,1.0,0.0,1005.9617196202483,1005.9617196202483,0.0,0.0
1668666346.422716,16602.36,-4.669999999998254,57.30898194,0.0,1.0,0.0,1005.9617196202483,1005.9617196202483,0.0,0.0
1668666406.2272713,16596.31,-6.049999999999272,53.06692177,0.0,1.0,0.0,1005.9617196202483,1005.9617196202483,0.0,0.0
1668666466.2468128,16597.17,0.8599999999969441,53.42407975,0.0,1.0,0.0,1005.9617196202483,1005.9617196202483,0.0,0.0
1668666526.6378725,16599.82,2.650000000001455,54.73217727,0.0,1.0,0.0,1005.9617196202483,1005.9617196202483,0.0,0.0
1668666586.2100852,16593.52,-6.299999999999272,50.80510577,0.0,1.0,0.0,1005.9617196202483,1005.9617196202483,0.0,0.0
1668666646.5162756,16586.13,-7.389999999999418,46.09635703,1.0,0.0,0.0606507798757304,0.0,1005.9617196202483,0.0,0.0
1668666707.2775962,16578.36,-7.770000000000437,41.85286896,1.0,0.0,0.0606507798757304,0.0,1005.4904630606138,-0.47125655963452573,0.0
1668666766.4619234,16576.5,-1.860000000000582,40.89055034,1.0,0.0,0.0606507798757304,0.0,1005.377652610045,-0.11281045056887251,0.0
1668666826.3884528,16568.22,-8.279999999998836,36.77345243,1.0,0.0,0.0606507798757304,0.0,1004.875464152674,-0.5021884573709485,0.0
1668666886.3294632,16573.96,5.739999999997963,41.52032565,1.0,0.0,0.0606507798757304,0.0,1005.2235996291606,0.34813547648661824,0.0
1668666946.3330324,16572.93,-1.0299999999988358,41.59161812,1.0,0.0,0.0606507798757304,0.0,1005.1611293258886,-0.062470303271993544,0.0
1668667006.9110951,16576.46,3.529999999998836,43.40505035,1.0,0.0,0.0606507798757304,0.0,1005.3752265788498,0.21409725296120996,0.0
1668667066.422826,16579.88,3.4200000000018917,45.90690257,1.0,0.0,0.0606507798757304,0.0,1005.582652246025,0.20742566717513,0.0
1668667126.4540677,16579.6,-0.2800000000024738,45.71644289,1.0,0.0,0.0606507798757304,0.0,1005.5656700276596,-0.016982218365342305,0.0
1668667187.1730363,16568.49,-11.109999999996944,38.8598932,1.0,0.0,0.0606507798757304,0.0,1004.8918398632404,-0.6738301644192006,0.0
1668667246.5607822,16575.33,6.8400000000001455,44.21043604,1.0,0.0,0.0606507798757304,0.0,1005.3066911975905,0.41485133435003263,0.0
1668667306.269358,16554.87,-20.460000000002765,31.88996379,1.0,0.0,0.0606507798757304,0.0,1004.0657762413329,-1.2409149562575976,0.0
1668667366.6291084,16545.99,-8.87999999999738,29.1015348,1.0,0.0,0.0606507798757304,0.0,1003.5271973160366,-0.5385789252962923,0.0
1668667426.8713372,16551.95,5.959999999999127,34.13917077,1.0,0.0,0.0606507798757304,0.0,1003.8886759640958,0.3614786480592329,0.0
1668667486.3230102,16557.6,5.649999999997817,38.45990275,1.0,0.0,0.0606507798757304,0.0,1004.2313528703936,0.342676906297811,0.0
1668667546.1230989,16552.43,-5.169999999998254,37.56684304,1.0,0.0,0.0606507798757304,0.0,1003.917788338436,-0.3135645319574678,0.0
1668667606.5693312,16554.12,1.6899999999986903,39.63078763,1.0,0.0,0.0606507798757304,0.0,1004.020288156426,0.10249981799006491,0.0
1668667666.7388308,16544.64,-9.479999999999563,35.74882949,1.0,0.0,0.0606507798757304,0.0,1003.445318763204,-0.5749693932218634,0.0
1668667726.268104,16546.39,1.75,36.38488541,1.0,0.0,0.0606507798757304,0.0,1003.5514576279868,0.10613886478267887,0.0
1668667786.1786942,16547.85,1.4599999999991269,38.6938776,1.0,0.0,0.0606507798757304,0.0,1003.6400077666052,0.08855013861841599,0.0
1668667846.0956051,16557.54,9.690000000002328,43.74813368,1.0,0.0,0.0606507798757304,0.0,1004.2277138236012,0.5877060569960122,0.0
1668667906.2705598,16544.53,-13.010000000002037,36.81999356,1.0,0.0,0.0606507798757304,0.0,1003.4386471774178,-0.7890666461834144,0.0
1668667966.3803608,16552.78,8.25,43.07105184,1.0,0.0,0.0606507798757304,0.0,1003.9390161113926,0.5003689339747552,0.0
1668668026.5294175,16561.01,8.229999999999563,48.48388998,1.0,0.0,0.0606507798757304,0.0,1004.4381720297698,0.49915591837725515,0.0
1668668086.35753,16568.3,7.290000000000873,52.58528381,0.0,1.0,0.0,1004.880316215064,1004.880316215064,0.44214418529406885,0.0
1668668147.2957673,16576.21,7.9099999999998545,56.3618184,0.0,1.0,0.0,1004.880316215064,1004.880316215064,0.0,0.0
1668668206.2620318,16565.17,-11.040000000000873,50.37131494,0.0,1.0,0.0,1004.880316215064,1004.880316215064,0.0,0.0
1668668266.3347323,16546.98,-18.18999999999869,41.8189298,1.0,0.0,0.060728925532941,0.0,1004.880316215064,0.0,0.0
1668668326.1507518,16537.37,-9.610000000000582,37.84579549,1.0,0.0,0.060728925532941,0.0,1004.2967112406924,-0.5836049743716103,0.0
1668668386.379213,16558.74,21.37000000000262,47.78532316,1.0,0.0,0.060728925532941,0.0,1005.5944883793316,1.2977771386391623,0.0
1668668446.245991,16571.44,12.69999999999709,53.87678671,0.0,1.0,0.0,1006.3657457335996,1006.3657457335996,0.7712573542681866,0.0
1668668506.32976,16585.44,14.0,57.87023105,0.0,1.0,0.0,1006.3657457335996,1006.3657457335996,0.0,0.0
1668668566.0867848,16590.06,4.620000000002619,60.07499855,0.0,1.0,0.0,1006.3657457335996,1006.3657457335996,0.0,0.0
1668668626.7449691,16590.61,0.5499999999992724,60.15339789,0.0,1.0,0.0,1006.3657457335996,1006.3657457335996,0.0,0.0
1668668686.272925,16590.44,-0.17000000000189175,59.50902118,0.0,1.0,0.0,1006.3657457335996,1006.3657457335996,0.0,0.0
1668668746.4423473,16593.34,2.900000000001455,60.67328648,0.0,1.0,0.0,1006.3657457335996,1006.3657457335996,0.0,0.0
1668668806.2926717,16596.72,3.3800000000010186,62.05752744,0.0,1.0,0.0,1006.3657457335996,1006.3657457335996,0.0,0.0
1668668866.0775416,16612.31,15.590000000000146,67.46078084,0.0,1.0,0.0,1006.3657457335996,1006.3657457335996,0.0,0.0
1668668926.2182193,16608.61,-3.7000000000007276,63.59166471,0.0,1.0,0.0,1006.3657457335996,1006.3657457335996,0.0,0.0
1668668986.210366,16611.5,2.889999999999418,63.02805554,0.0,1.0,0.0,1006.3657457335996,1006.3657457335996,0.0,0.0
1668669046.2399614,16603.9,-7.599999999998545,60.46079159,0.0,1.0,0.0,1006.3657457335996,1006.3657457335996,0.0,0.0
1668669107.6880622,16605.27,1.3699999999989814,61.06185822,0.0,1.0,0.0,1006.3657457335996,1006.3657457335996,0.0,0.0
1668669166.1911438,16592.75,-12.520000000000437,53.90952042,0.0,1.0,0.0,1006.3657457335996,1006.3657457335996,0.0,0.0
1668669226.4170277,16561.84,-30.909999999999854,41.23229582,1.0,0.0,0.0607641267959115,0.0,1006.3657457335996,0.0,0.0
1668669286.2325687,16584.75,22.909999999999854,50.5409372,0.0,1.0,0.0,1007.7578518784932,1007.7578518784932,1.3921061448935461,0.0
1668669346.2756667,16581.12,-3.6300000000010186,48.97777139,1.0,0.0,0.0607774295028618,0.0,1007.7578518784932,0.0,0.0
1668669406.2221918,16579.71,-1.4099999999998545,48.30143281,1.0,0.0,0.0607774295028618,0.0,1007.6721557028928,-0.08569617560033294,0.0
1668669466.1799316,16556.79,-22.919999999998254,39.25767757,1.0,0.0,0.0607774295028618,0.0,1006.2791370186872,-1.3930186842055718,0.0
1668669526.5039866,16567.37,10.579999999998108,44.11902925,1.0,0.0,0.0607774295028618,0.0,1006.9221622228274,0.6430252041402582,0.0
1668669587.015165,16553.22,-14.149999999997817,37.79339747,1.0,0.0,0.0607774295028618,0.0,1006.062161595362,-0.8600006274652969,0.0
1668669646.2435217,16556.69,3.469999999997526,39.84046592,1.0,0.0,0.0607774295028618,0.0,1006.2730592757368,0.2108976803748419,0.0
1668669706.213438,16552.75,-3.9399999999986903,37.74038492,1.0,0.0,0.0607774295028618,0.0,1006.0335962034956,-0.2394630722411648,0.0
1668669766.2354915,16542.61,-10.139999999999418,33.87741557,1.0,0.0,0.0607774295028618,0.0,1005.4173130683369,-0.6162831351588238,0.0
1668669826.3176415,16546.26,3.649999999997817,36.27921036,1.0,0.0,0.0607774295028618,0.0,1005.639150686022,0.22183761768519616,0.0
