Time,Price,Price Change,MACD,MACD Change,Cash Allocation,Coin Allocation,Cash Balance,Coin Balance,Total Balance
1668394855.1226685,2.619,0.0,0.00461372,0.0,1.0,0.0,1000.0,0.0,1000.0
1668394914.939134,2.624,0.0049999999999998,0.00657385,0.00196013,0.0,1.0,0.0,381.0975609756097,1000.0
1668394974.968519,2.623,-0.0009999999999998,0.00789238,0.0013185299999999,0.0,1.0,0.0,381.0975609756097,999.6189024390244
1668395036.172439,2.615,-0.008,0.00819729,0.00030491,0.0,1.0,0.0,381.0975609756097,996.5701219512196
1668395095.759892,2.613,-0.0020000000000002,0.00806004,-0.00013725,1.0,0.0,995.8079268292682,0.0,995.8079268292682
1668395155.9079792,2.61,-0.0030000000000001,0.00756157,-0.0004984699999999,1.0,0.0,995.8079268292682,0.0,995.8079268292682
1668395216.3611364,2.61,0.0,0.00739554,-0.00016603,1.0,0.0,995.8079268292682,0.0,995.8079268292682
1668395275.8017464,2.614,0.004,0.00749845,0.00010291,0.0,1.0,0.0,380.9517700188479,995.8079268292682
1668395335.8217518,2.614,0.0,0.00736862,-0.00012983,1.0,0.0,995.8079268292684,0.0,995.8079268292684
1668395397.1078317,2.618,0.004,0.00756361,0.0001949899999999,0.0,1.0,0.0,380.36971995006434,995.8079268292684
1668395455.8185644,2.613,-0.0049999999999998,0.00704565,-0.00051796,1.0,0.0,993.906078229518,0.0,993.906078229518
1668395515.8678408,2.616,0.0030000000000001,0.00692386,-0.0001217899999999,1.0,0.0,993.906078229518,0.0,993.906078229518
1668395576.1951752,2.622,0.0059999999999997,0.00722816,0.0003042999999999,0.0,1.0,0.0,379.0641030623639,993.906078229518
1668395635.9087188,2.617,-0.0049999999999998,0.00643104,-0.00079712,1.0,0.0,992.0107577142064,0.0,992.0107577142064
1668395696.1681652,2.621,0.004,0.00649162,6.058000000000018e-05,0.0,1.0,0.0,378.4856000435736,992.0107577142064
1668395755.947316,2.617,-0.004,0.00602466,-0.0004669599999999,1.0,0.0,990.496815314032,0.0,990.496815314032
1668395815.8456016,2.62,0.0030000000000001,0.00614105,0.00011639,0.0,1.0,0.0,378.0522195855084,990.496815314032
1668395875.7907283,2.62,0.0,0.00609976,-4.129000000000025e-05,1.0,0.0,990.496815314032,0.0,990.496815314032
1668395935.887644,2.622,0.0019999999999997,0.00609585,-3.910000000000198e-06,1.0,0.0,990.496815314032,0.0,990.496815314032
1668395995.915045,2.612,-0.0099999999999997,0.00510332,-0.00099253,1.0,0.0,990.496815314032,0.0,990.496815314032
1668396055.965065,2.612,0.0,0.00427027,-0.00083305,1.0,0.0,990.496815314032,0.0,990.496815314032
1668396115.8389423,2.612,0.0,0.00357166,-0.0006986099999999,1.0,0.0,990.496815314032,0.0,990.496815314032
1668396176.0442114,2.61,-0.0020000000000002,0.00301157,-0.00056009,1.0,0.0,990.496815314032,0.0,990.496815314032
1668396235.7723606,2.609,-0.0009999999999998,0.00239707,-0.0006145,1.0,0.0,990.496815314032,0.0,990.496815314032
1668396296.877508,2.609,0.0,0.00239707,0.0,1.0,0.0,990.496815314032,0.0,990.496815314032
1668396355.79328,2.623,0.0140000000000002,0.00306761,0.00067054,0.0,1.0,0.0,377.6198304666534,990.496815314032
1668396416.0768602,2.615,-0.008,0.00279665,-0.00027096,1.0,0.0,987.4758566702988,0.0,987.4758566702988
1668396476.0815265,2.621,0.0059999999999997,0.00321771,0.00042106,0.0,1.0,0.0,376.7553821710411,987.4758566702988
1668396535.9559462,2.619,-0.0019999999999997,0.00310412,-0.0001135899999999,1.0,0.0,986.7223459059568,0.0,986.7223459059568
1668396595.8590367,2.619,0.0,0.00322884,0.00012472,0.0,1.0,0.0,376.7553821710411,986.7223459059568
1668396655.9458773,2.623,0.004,0.00360793,0.0003790899999999,0.0,1.0,0.0,376.7553821710411,988.229367434641
1668396716.070189,2.621,-0.0020000000000002,0.00364178,3.3849999999999766e-05,0.0,1.0,0.0,376.7553821710411,987.4758566702988
1668396775.8637185,2.625,0.004,0.00413066,0.00048888,0.0,1.0,0.0,376.7553821710411,988.9828781989828
1668396835.9595368,2.629,0.004,0.00459821,0.0004675499999999,0.0,1.0,0.0,376.7553821710411,990.4898997276672
1668396895.9031582,2.625,-0.004,0.00416189,-0.00043632,1.0,0.0,988.9828781989828,0.0,988.9828781989828
1668396955.8521624,2.628,0.0030000000000001,0.00444944,0.00028755,0.0,1.0,0.0,376.3252961183344,988.9828781989828
1668397016.181331,2.619,-0.0089999999999998,0.00335175,-0.0010976899999999,1.0,0.0,985.595950533918,0.0,985.595950533918
1668397076.1796768,2.624,0.0049999999999998,0.00359967,0.00024792,0.0,1.0,0.0,375.60821285591385,985.595950533918
1668397136.1725929,2.624,0.0,0.00359967,0.0,0.0,1.0,0.0,375.60821285591385,985.595950533918
1668397195.7561817,2.621,-0.0030000000000001,0.00332607,-0.0002736,1.0,0.0,984.4691258953502,0.0,984.4691258953502
1668397255.8199587,2.621,0.0,0.00332607,0.0,1.0,0.0,984.4691258953502,0.0,984.4691258953502
1668397316.00756,2.626,0.0049999999999998,0.00330159,-2.44799999999999e-05,1.0,0.0,984.4691258953502,0.0,984.4691258953502
1668397375.9610949,2.617,-0.0089999999999998,0.00216926,-0.00113233,1.0,0.0,984.4691258953502,0.0,984.4691258953502
1668397435.8994732,2.617,0.0,0.00216926,0.0,1.0,0.0,984.4691258953502,0.0,984.4691258953502
1668397495.896164,2.617,0.0,0.00216926,0.0,1.0,0.0,984.4691258953502,0.0,984.4691258953502
1668397555.9912782,2.621,0.004,0.00207646,-9.280000000000007e-05,1.0,0.0,984.4691258953502,0.0,984.4691258953502
1668397615.9654384,2.618,-0.0030000000000001,0.00183715,-0.0002393099999999,1.0,0.0,984.4691258953502,0.0,984.4691258953502
1668397676.0183337,2.628,0.0100000000000002,0.00235373,0.00051658,0.0,1.0,0.0,374.6077343589613,984.4691258953502
1668397735.7575495,2.628,0.0,0.00273164,0.0003779099999999,0.0,1.0,0.0,374.6077343589613,984.4691258953504
1668397796.0650249,2.628,0.0,0.00273164,0.0,0.0,1.0,0.0,374.6077343589613,984.4691258953504
1668397856.1296291,2.628,0.0,0.00273164,0.0,0.0,1.0,0.0,374.6077343589613,984.4691258953504
1668397916.0969436,2.627,-0.0010000000000003,0.00291682,0.00018518,0.0,1.0,0.0,374.6077343589613,984.0945181609912
1668397975.818863,2.618,-0.0089999999999998,0.0017564,-0.00116042,1.0,0.0,980.7230485517606,0.0,980.7230485517606
1668398035.9100869,2.616,-0.0019999999999997,0.00159686,-0.0001595399999999,1.0,0.0,980.7230485517606,0.0,980.7230485517606
1668398096.0062156,2.618,0.0019999999999997,0.00126654,-0.00033032,1.0,0.0,980.7230485517606,0.0,980.7230485517606
1668398155.931909,2.616,-0.0019999999999997,0.00089536,-0.00037118,1.0,0.0,980.7230485517606,0.0,980.7230485517606
1668398216.2883492,2.615,-0.0009999999999998,0.00045207,-0.00044329,1.0,0.0,980.7230485517606,0.0,980.7230485517606
1668398275.96287,2.615,0.0,0.00045207,0.0,1.0,0.0,980.7230485517606,0.0,980.7230485517606
1668398336.0410087,2.608,-0.0070000000000001,-0.00104402,-0.00149609,1.0,0.0,980.7230485517606,0.0,980.7230485517606
1668398396.0135694,2.612,0.004,-0.00072493,0.00031909,0.0,1.0,0.0,375.4682421714245,980.7230485517608
1668398455.9351404,2.612,0.0,-0.00105018,-0.0003252499999999,1.0,0.0,980.7230485517608,0.0,980.7230485517608
1668398515.9235806,2.61,-0.0020000000000002,-0.00120973,-0.00015955,1.0,0.0,980.7230485517608,0.0,980.7230485517608
1668398576.0844274,2.61,0.0,-0.00120973,0.0,1.0,0.0,980.7230485517608,0.0,980.7230485517608
1668398636.704171,2.609,-0.0009999999999998,-0.00165554,-0.00044581,1.0,0.0,980.7230485517608,0.0,980.7230485517608
1668398695.9456005,2.608,-0.0009999999999998,-0.00206573,-0.0004101899999999,1.0,0.0,980.7230485517608,0.0,980.7230485517608
1668398756.0790317,2.608,0.0,-0.00206573,0.0,1.0,0.0,980.7230485517608,0.0,980.7230485517608
1668398815.8371897,2.608,0.0,-0.00206573,0.0,1.0,0.0,980.7230485517608,0.0,980.7230485517608
1668398876.110447,2.608,0.0,-0.00236356,-0.0002978299999999,1.0,0.0,980.7230485517608,0.0,980.7230485517608
1668398936.081077,2.608,0.0,-0.00250838,-0.00014482,1.0,0.0,980.7230485517608,0.0,980.7230485517608
1668398996.0184903,2.601,-0.0070000000000001,-0.00306678,-0.0005583999999999,1.0,0.0,980.7230485517608,0.0,980.7230485517608
1668399056.6772816,2.6,-0.0009999999999998,-0.00413677,-0.0010699899999999,1.0,0.0,980.7230485517608,0.0,980.7230485517608
1668399115.8834877,2.595,-0.0049999999999998,-0.00487355,-0.00073678,1.0,0.0,980.7230485517608,0.0,980.7230485517608
1668399176.0545578,2.597,0.0019999999999997,-0.00523571,-0.00036216,1.0,0.0,980.7230485517608,0.0,980.7230485517608
1668399235.987734,2.597,0.0,-0.00545979,-0.0002240799999999,1.0,0.0,980.7230485517608,0.0,980.7230485517608
1668399296.114287,2.595,-0.0019999999999997,-0.00585586,-0.00039607,1.0,0.0,980.7230485517608,0.0,980.7230485517608
1668399355.9720924,2.594,-0.0010000000000003,-0.00630057,-0.00044471,1.0,0.0,980.7230485517608,0.0,980.7230485517608
1668399415.861049,2.585,-0.0089999999999998,-0.00692196,-0.0006213899999999,1.0,0.0,980.7230485517608,0.0,980.7230485517608
1668399475.9162588,2.58,-0.0049999999999998,-0.00785378,-0.0009318199999999,1.0,0.0,980.7230485517608,0.0,980.7230485517608
1668399536.173659,2.573,-0.0070000000000001,-0.00911433,-0.00126055,1.0,0.0,980.7230485517608,0.0,980.7230485517608
1668399596.053171,2.553,-0.02,-0.0122701,-0.00315577,1.0,0.0,980.7230485517608,0.0,980.7230485517608
1668399656.1055214,2.543,-0.0099999999999997,-0.0150816,-0.0028114999999999,1.0,0.0,980.7230485517608,0.0,980.7230485517608
1668399716.0842104,2.558,0.0149999999999996,-0.01473931,0.00034229,0.0,1.0,0.0,383.3944677684757,980.7230485517608
1668399776.133525,2.556,-0.0019999999999997,-0.0152127,-0.0004733899999999,1.0,0.0,979.956259616224,0.0,979.956259616224
1668399836.2178276,2.559,0.0030000000000001,-0.01517092,4.177999999999994e-05,0.0,1.0,0.0,382.94500180391714,979.956259616224
1668399896.126337,2.569,0.0099999999999997,-0.01342848,0.0017424399999999,0.0,1.0,0.0,382.94500180391714,983.7857096342632
1668399956.9186606,2.568,-0.0009999999999998,-0.0131096,0.0003188799999999,0.0,1.0,0.0,382.94500180391714,983.4027646324593
1668400016.0191364,2.564,-0.004,-0.01265446,0.00045514,0.0,1.0,0.0,382.94500180391714,981.8709846252436
1668400076.0240984,2.562,-0.0020000000000002,-0.01243639,0.0002180699999999,0.0,1.0,0.0,382.94500180391714,981.1050946216355
1668400136.012175,2.56,-0.0019999999999997,-0.01265107,-0.00021468,1.0,0.0,980.339204618028,0.0,980.339204618028
1668400196.1076815,2.563,0.0030000000000001,-0.01199738,0.00065369,0.0,1.0,0.0,382.4967634092969,980.339204618028
1668400255.9628985,2.558,-0.0050000000000003,-0.01205441,-5.702999999999958e-05,1.0,0.0,978.4267208009812,0.0,978.4267208009812
1668400316.1526213,2.571,0.0130000000000003,-0.01011855,0.0019358599999999,0.0,1.0,0.0,380.5627074293976,978.4267208009812
1668400376.068822,2.571,0.0,-0.00892404,0.00119451,0.0,1.0,0.0,380.5627074293976,978.4267208009812
1668400436.6902864,2.571,0.0,-0.00788647,0.0010375699999999,0.0,1.0,0.0,380.5627074293976,978.4267208009812
1668400496.2001288,2.579,0.008,-0.00591438,0.0019720899999999,0.0,1.0,0.0,380.5627074293976,981.4712224604166
1668400556.0037775,2.578,-0.0010000000000003,-0.00488075,0.00103363,0.0,1.0,0.0,380.5627074293976,981.090659752987
1668400616.0304236,2.566,-0.012,-0.00564915,-0.0007684,1.0,0.0,976.5239072638342,0.0,976.5239072638342
1668400676.125038,2.56,-0.0059999999999997,-0.00591544,-0.0002662899999999,1.0,0.0,976.5239072638342,0.0,976.5239072638342
1668400736.0122714,2.561,0.0009999999999998,-0.00560734,0.0003081,0.0,1.0,0.0,381.305703734414,976.5239072638344
1668400796.2467968,2.561,0.0,-0.00560734,0.0,0.0,1.0,0.0,381.305703734414,976.5239072638344
1668400856.022719,2.562,0.0009999999999998,-0.00559728,1.0060000000000104e-05,0.0,1.0,0.0,381.305703734414,976.9052129675688
1668400917.3538096,2.557,-0.0049999999999998,-0.00629401,-0.00069673,1.0,0.0,974.9986844488966,0.0,974.9986844488966
1668400976.126295,2.55,-0.0070000000000001,-0.00695156,-0.0006575499999999,1.0,0.0,974.9986844488966,0.0,974.9986844488966
1668401036.0022974,2.543,-0.0069999999999996,-0.0081307,-0.0011791399999999,1.0,0.0,974.9986844488966,0.0,974.9986844488966
1668401096.0895708,2.547,0.004,-0.00845528,-0.00032458,1.0,0.0,974.9986844488966,0.0,974.9986844488966
1668401156.165535,2.549,0.0019999999999997,-0.00845367,1.6100000000008469e-06,0.0,1.0,0.0,382.5024262255381,974.9986844488966
1668401216.0937543,2.543,-0.0059999999999997,-0.00893231,-0.00047864,1.0,0.0,972.7036698915434,0.0,972.7036698915434
1668401276.0292282,2.55,0.0069999999999996,-0.00864585,0.00028646,0.0,1.0,0.0,381.4524195653112,972.7036698915434
1668401335.9932127,2.555,0.0050000000000003,-0.0081088,0.00053705,0.0,1.0,0.0,381.4524195653112,974.61093198937
1668401397.3725696,2.56,0.0049999999999998,-0.00725563,0.0008531699999999,0.0,1.0,0.0,381.4524195653112,976.5181940871968
1668401456.1058192,2.559,-0.0009999999999998,-0.00633429,0.0009213399999999,0.0,1.0,0.0,381.4524195653112,976.1367416676312
1668401516.0839045,2.557,-0.0020000000000002,-0.00539184,0.00094245,0.0,1.0,0.0,381.4524195653112,975.3738368285008
1668401576.05348,2.558,0.0009999999999998,-0.0050095,0.00038234,0.0,1.0,0.0,381.4524195653112,975.755289248066
1668401636.753335,2.557,-0.0009999999999998,-0.00429878,0.0007107199999999,0.0,1.0,0.0,381.4524195653112,975.3738368285008
1668401696.073221,2.556,-0.0009999999999998,-0.0041459,0.00015288,0.0,1.0,0.0,381.4524195653112,974.9923844089354
1668401756.179363,2.564,0.008,-0.00315412,0.00099178,0.0,1.0,0.0,381.4524195653112,978.044003765458
1668401816.1264112,2.566,0.0019999999999997,-0.00285999,0.0002941299999999,0.0,1.0,0.0,381.4524195653112,978.8069086045884
1668401877.402705,2.563,-0.0029999999999996,-0.00227287,0.00058712,0.0,1.0,0.0,381.4524195653112,977.6625513458926
1668401936.0414684,2.57,0.0069999999999996,-0.00091971,0.00135316,0.0,1.0,0.0,381.4524195653112,980.3327182828496
1668401996.0986784,2.57,0.0,-0.00040701,0.0005127,0.0,1.0,0.0,381.4524195653112,980.3327182828496
1668402056.0671618,2.57,0.0,0.00055818,0.00096519,0.0,1.0,0.0,381.4524195653112,980.3327182828496
1668402115.9620004,2.568,-0.0019999999999997,0.00065211,9.393e-05,0.0,1.0,0.0,381.4524195653112,979.5698134437192
1668402175.951318,2.572,0.004,0.00153373,0.00088162,0.0,1.0,0.0,381.4524195653112,981.0956231219805
1668402236.154812,2.574,0.0019999999999997,0.00211652,0.00058279,0.0,1.0,0.0,381.4524195653112,981.8585279611108
1668402296.2755704,2.572,-0.0019999999999997,0.00238945,0.0002729299999999,0.0,1.0,0.0,381.4524195653112,981.0956231219805
1668402356.82541,2.572,0.0,0.00238945,0.0,0.0,1.0,0.0,381.4524195653112,981.0956231219805
1668402416.2241504,2.572,0.0,0.00238945,0.0,0.0,1.0,0.0,381.4524195653112,981.0956231219805
1668402476.1946416,2.566,-0.0060000000000002,0.00184474,-0.0005447099999999,1.0,0.0,978.8069086045884,0.0,978.8069086045884
1668402536.3673306,2.568,0.0020000000000002,0.00160051,-0.00024423,1.0,0.0,978.8069086045884,0.0,978.8069086045884
1668402596.1096754,2.567,-0.0009999999999998,0.00152073,-7.978e-05,1.0,0.0,978.8069086045884,0.0,978.8069086045884
1668402656.024297,2.568,0.0009999999999998,0.00151683,-3.900000000000041e-06,1.0,0.0,978.8069086045884,0.0,978.8069086045884
1668402716.2785957,2.57,0.0019999999999997,0.00165602,0.0001391899999999,0.0,1.0,0.0,380.8587193013963,978.8069086045884
1668402776.1464112,2.568,-0.0019999999999997,0.00152507,-0.00013095,1.0,0.0,978.0451911659858,0.0,978.0451911659858
1668402836.8013952,2.567,-0.0009999999999998,0.00101828,-0.0005067899999999,1.0,0.0,978.0451911659858,0.0,978.0451911659858
1668402896.2265625,2.56,-0.0070000000000001,0.00045988,-0.0005584,1.0,0.0,978.0451911659858,0.0,978.0451911659858
1668402956.3216238,2.564,0.004,0.00031417,-0.00014571,1.0,0.0,978.0451911659858,0.0,978.0451911659858
1668403016.0843446,2.561,-0.0030000000000001,-4.289e-05,-0.00035706,1.0,0.0,978.0451911659858,0.0,978.0451911659858
1668403076.105687,2.56,-0.0009999999999998,-0.00058669,-0.0005438,1.0,0.0,978.0451911659858,0.0,978.0451911659858
1668403136.0374105,2.56,0.0,-0.00058669,0.0,1.0,0.0,978.0451911659858,0.0,978.0451911659858
1668403196.0785756,2.57,0.0099999999999997,-2.084e-05,0.0005658499999999,0.0,1.0,0.0,380.5623311929906,978.0451911659858
1668403256.1873934,2.572,0.0020000000000002,0.00070546,0.0007263,0.0,1.0,0.0,380.5623311929906,978.8063158283718
1668403317.2801504,2.569,-0.0030000000000001,0.00071736,1.1900000000000018e-05,0.0,1.0,0.0,380.5623311929906,977.6646288347928
1668403376.0909352,2.569,0.0,0.00090602,0.00018866,0.0,1.0,0.0,380.5623311929906,977.6646288347928
1668403436.3821862,2.565,-0.004,0.00072441,-0.00018161,1.0,0.0,976.1423795100208,0.0,976.1423795100208
1668403496.1262996,2.561,-0.004,0.00040532,-0.00031909,1.0,0.0,976.1423795100208,0.0,976.1423795100208
1668403556.4036126,2.562,0.0009999999999998,8.819e-05,-0.00031713,1.0,0.0,976.1423795100208,0.0,976.1423795100208
1668403616.1477602,2.562,0.0,-0.00022287,-0.00031106,1.0,0.0,976.1423795100208,0.0,976.1423795100208
1668403676.2086072,2.562,0.0,-0.00040154,-0.0001786699999999,1.0,0.0,976.1423795100208,0.0,976.1423795100208
1668403736.083346,2.56,-0.0019999999999997,-0.00056108,-0.00015954,1.0,0.0,976.1423795100208,0.0,976.1423795100208
1668403796.5015275,2.558,-0.0020000000000002,-0.00097922,-0.00041814,1.0,0.0,976.1423795100208,0.0,976.1423795100208
1668403856.2655609,2.558,0.0,-0.00097922,0.0,1.0,0.0,976.1423795100208,0.0,976.1423795100208
1668403916.193786,2.558,0.0,-0.00165199,-0.00067277,1.0,0.0,976.1423795100208,0.0,976.1423795100208
1668403976.1410506,2.561,0.0030000000000001,-0.00124008,0.00041191,0.0,1.0,0.0,381.1567276493639,976.1423795100208
1668404036.4126546,2.556,-0.0049999999999998,-0.00163894,-0.00039886,1.0,0.0,974.2365958717742,0.0,974.2365958717742
1668404096.5350966,2.556,0.0,-0.00192253,-0.00028359,1.0,0.0,974.2365958717742,0.0,974.2365958717742
1668404156.0828528,2.542,-0.0140000000000002,-0.00391711,-0.0019945799999999,1.0,0.0,974.2365958717742,0.0,974.2365958717742
1668404216.33282,2.545,0.0030000000000001,-0.00450837,-0.00059126,1.0,0.0,974.2365958717742,0.0,974.2365958717742
1668404276.1462684,2.55,0.0049999999999998,-0.00409024,0.00041813,0.0,1.0,0.0,382.0535670085389,974.236595871774
1668404336.1137583,2.556,0.0060000000000002,-0.00355171,0.00053853,0.0,1.0,0.0,382.0535670085389,976.5289172738254
1668404396.1321716,2.556,0.0,-0.00355171,0.0,0.0,1.0,0.0,382.0535670085389,976.5289172738254
1668404456.4340756,2.553,-0.0030000000000001,-0.00315265,0.00039906,0.0,1.0,0.0,382.0535670085389,975.3827565727996
1668404516.4121523,2.542,-0.0110000000000001,-0.00419227,-0.0010396199999999,1.0,0.0,971.1801673357058,0.0,971.1801673357058
1668404576.4390724,2.54,-0.0019999999999997,-0.00486856,-0.00067629,1.0,0.0,971.1801673357058,0.0,971.1801673357058
1668404636.2437377,2.541,0.0009999999999998,-0.00526316,-0.0003946,1.0,0.0,971.1801673357058,0.0,971.1801673357058
1668404696.174842,2.534,-0.0070000000000001,-0.00687142,-0.0016082599999999,1.0,0.0,971.1801673357058,0.0,971.1801673357058
1668404756.262679,2.542,0.008,-0.00654088,0.0003305399999999,0.0,1.0,0.0,382.0535670085389,971.1801673357058
1668404816.308494,2.524,-0.0179999999999997,-0.00795214,-0.00141126,1.0,0.0,964.303203129552,0.0,964.303203129552
1668404876.457971,2.524,0.0,-0.00877879,-0.00082665,1.0,0.0,964.303203129552,0.0,964.303203129552
1668404936.2718563,2.533,0.0089999999999998,-0.00836119,0.0004176,0.0,1.0,0.0,380.6960928265109,964.303203129552
1668404996.152446,2.536,0.0030000000000001,-0.00812187,0.0002393199999999,0.0,1.0,0.0,380.6960928265109,965.4452914080316
1668405056.103911,2.536,0.0,-0.00770214,0.00041973,0.0,1.0,0.0,380.6960928265109,965.4452914080316
1668405117.0209997,2.536,0.0,-0.00728551,0.0004166299999999,0.0,1.0,0.0,380.6960928265109,965.4452914080316
1668405176.3372796,2.537,0.0009999999999998,-0.0067347,0.00055081,0.0,1.0,0.0,380.6960928265109,965.825987500858
1668405236.6590877,2.54,0.0030000000000001,-0.00568005,0.0010546499999999,0.0,1.0,0.0,380.6960928265109,966.9680757793376
1668405296.4933937,2.543,0.0030000000000001,-0.00486312,0.0008169299999999,0.0,1.0,0.0,380.6960928265109,968.1101640578172
1668405356.329583,2.538,-0.0050000000000003,-0.00475219,0.00011093,0.0,1.0,0.0,380.6960928265109,966.2066835936846
1668405416.3000994,2.532,-0.0059999999999997,-0.00527271,-0.00052052,1.0,0.0,963.9225070367256,0.0,963.9225070367256
1668405476.31583,2.532,0.0,-0.00530795,-3.523999999999975e-05,1.0,0.0,963.9225070367256,0.0,963.9225070367256
1668405536.141183,2.533,0.0009999999999998,-0.00525688,5.106999999999941e-05,0.0,1.0,0.0,380.5457982774282,963.9225070367256
1668405596.781241,2.532,-0.0009999999999998,-0.00492787,0.00032901,0.0,1.0,0.0,380.5457982774282,963.5419612384484
1668405656.2381234,2.532,0.0,-0.00486394,6.393000000000024e-05,0.0,1.0,0.0,380.5457982774282,963.5419612384484
1668405716.3913238,2.546,0.0139999999999997,-0.00327207,0.0015918699999999,0.0,1.0,0.0,380.5457982774282,968.869602414332
1668405776.3156147,2.546,0.0,-0.00236259,0.00090948,0.0,1.0,0.0,380.5457982774282,968.869602414332
1668405836.4495368,2.538,-0.008,-0.00232287,3.972000000000003e-05,0.0,1.0,0.0,380.5457982774282,965.8252360281128
1668405896.3425355,2.539,0.0010000000000003,-0.0022431,7.976999999999984e-05,0.0,1.0,0.0,380.5457982774282,966.2057818263904
1668405956.397426,2.539,0.0,-0.0022431,0.0,0.0,1.0,0.0,380.5457982774282,966.2057818263904
1668406016.2910569,2.546,0.0069999999999996,-0.00150302,0.00074008,0.0,1.0,0.0,380.5457982774282,968.869602414332
1668406076.3300774,2.546,0.0,-0.00150302,0.0,0.0,1.0,0.0,380.5457982774282,968.869602414332
1668406136.419876,2.54,-0.0059999999999997,-0.00138469,0.00011833,0.0,1.0,0.0,380.5457982774282,966.5863276246675
1668406196.2546444,2.548,0.008,-0.00063802,0.00074667,0.0,1.0,0.0,380.5457982774282,969.6306940108872
1668406256.182793,2.55,0.0019999999999997,0.00017538,0.0008133999999999,0.0,1.0,0.0,380.5457982774282,970.391785607442
1668406316.288474,2.552,0.0020000000000002,0.0009077,0.00073232,0.0,1.0,0.0,380.5457982774282,971.1528772039968
1668406376.4731953,2.542,-0.0100000000000002,-6.569e-05,-0.00097339,1.0,0.0,967.3474192212224,0.0,967.3474192212224
1668406436.5520835,2.54,-0.0019999999999997,-0.00029871,-0.00023302,1.0,0.0,967.3474192212224,0.0,967.3474192212224
1668406496.5353756,2.54,0.0,-0.00041537,-0.0001166599999999,1.0,0.0,967.3474192212224,0.0,967.3474192212224
1668406556.4761188,2.543,0.0030000000000001,-0.00017605,0.0002393199999999,0.0,1.0,0.0,380.39615384239966,967.3474192212224
1668406617.3633003,2.543,0.0,-0.00017605,0.0,0.0,1.0,0.0,380.39615384239966,967.3474192212224
1668406677.4757214,2.543,0.0,-0.00017605,0.0,0.0,1.0,0.0,380.39615384239966,967.3474192212224
1668406737.3534691,2.558,0.0149999999999996,0.00111863,0.00129468,0.0,1.0,0.0,380.39615384239966,973.0533615288582
1668406798.2492905,2.557,-0.0009999999999998,0.00216365,0.00104502,0.0,1.0,0.0,380.39615384239966,972.672965375016
1668406858.2062778,2.548,-0.0089999999999998,0.00143729,-0.00072636,1.0,0.0,969.2493999904344,0.0,969.2493999904344
1668406918.26991,2.555,0.0070000000000001,0.00209773,0.00066044,0.0,1.0,0.0,379.3539725989958,969.2493999904344
1668406978.975098,2.555,0.0,0.00259126,0.00049353,0.0,1.0,0.0,379.3539725989958,969.2493999904344
1668407039.7462375,2.556,0.0009999999999998,0.00308976,0.0004984999999999,0.0,1.0,0.0,379.3539725989958,969.6287539630332
1668407098.9619403,2.556,0.0,0.00308976,0.0,0.0,1.0,0.0,379.3539725989958,969.6287539630332
1668407159.907353,2.556,0.0,0.00338262,0.0002928599999999,0.0,1.0,0.0,379.3539725989958,969.6287539630332
1668407219.7522776,2.555,-0.0009999999999998,0.00318579,-0.0001968299999999,1.0,0.0,969.2493999904344,0.0,969.2493999904344
1668407279.838585,2.56,0.0049999999999998,0.00376822,0.00058243,0.0,1.0,0.0,378.61304687126346,969.2493999904344
1668407340.6603148,2.559,-0.0009999999999998,0.00391615,0.00014793,0.0,1.0,0.0,378.61304687126346,968.8707869435632
1668407400.5603344,2.553,-0.0060000000000002,0.00343751,-0.00047864,1.0,0.0,966.5991086623357,0.0,966.5991086623357
1668407461.005951,2.564,0.0110000000000001,0.00464627,0.00120876,0.0,1.0,0.0,376.988731927588,966.5991086623357
1668407521.3099694,2.563,-0.0009999999999998,0.00490884,0.00026257,0.0,1.0,0.0,376.988731927588,966.222119930408
1668407581.8712034,2.562,-0.0010000000000003,0.00497885,7.000999999999969e-05,0.0,1.0,0.0,376.988731927588,965.8451311984804
1668407641.3362255,2.562,0.0,0.00497885,0.0,0.0,1.0,0.0,376.988731927588,965.8451311984804
1668407702.4360552,2.562,0.0,0.00497696,-1.890000000000052e-06,1.0,0.0,965.8451311984804,0.0,965.8451311984804
1668407762.503311,2.562,0.0,0.00497696,0.0,1.0,0.0,965.8451311984804,0.0,965.8451311984804
1668407822.364957,2.569,0.0070000000000001,0.00547716,0.0005002,0.0,1.0,0.0,375.9615146743793,965.8451311984804
1668407883.2286065,2.569,0.0,0.00580664,0.00032948,0.0,1.0,0.0,375.9615146743793,965.8451311984804
1668407943.2032688,2.569,0.0,0.0060602,0.0002535599999999,0.0,1.0,0.0,375.9615146743793,965.8451311984804
1668408003.2600276,2.569,0.0,0.0060602,0.0,0.0,1.0,0.0,375.9615146743793,965.8451311984804
1668408064.1662402,2.57,0.0009999999999998,0.00620707,0.00014687,0.0,1.0,0.0,375.9615146743793,966.2210927131548
1668408124.7910995,2.6,0.0300000000000002,0.00901411,0.00280704,0.0,1.0,0.0,375.9615146743793,977.4999381533862
1668408184.0913374,2.644,0.044,0.01547741,0.0064633,0.0,1.0,0.0,375.9615146743793,994.042244799059
1668408245.578321,2.689,0.0449999999999999,0.02251985,0.00704244,0.0,1.0,0.0,375.9615146743793,1010.960512959406
1668408305.3963013,2.695,0.0059999999999997,0.030541,0.0080211499999999,0.0,1.0,0.0,375.9615146743793,1013.2162820474522
1668408365.4228835,2.68,-0.0149999999999996,0.03253987,0.00199887,0.0,1.0,0.0,375.9615146743793,1007.5768593273366
1668408426.4001677,2.655,-0.0250000000000003,0.03187307,-0.0006667999999999,1.0,0.0,998.177821460477,0.0,998.177821460477
1668408486.363818,2.658,0.0030000000000001,0.03129561,-0.00057746,1.0,0.0,998.177821460477,0.0,998.177821460477
1668408546.2210078,2.649,-0.0089999999999998,0.03168426,0.0003886499999999,0.0,1.0,0.0,376.8130696340042,998.1778214604772
1668408608.8641455,2.665,0.016,0.03177358,8.932000000000384e-05,0.0,1.0,0.0,376.8130696340042,1004.2068305746212
1668408667.1905274,2.683,0.0179999999999997,0.03377419,0.00200061,0.0,1.0,0.0,376.8130696340042,1010.9894658280332
1668408727.089288,2.684,0.0010000000000003,0.03310901,-0.00066518,1.0,0.0,1011.3662788976674,0.0,1011.3662788976674
1668408787.8769166,2.718,0.0339999999999998,0.03647255,0.0033635399999999,0.0,1.0,0.0,372.099440359701,1011.3662788976674
1668408848.1621046,2.715,-0.0030000000000001,0.03757786,0.0011053099999999,0.0,1.0,0.0,372.099440359701,1010.2499805765882
1668408907.795932,2.7,-0.0149999999999996,0.03675743,-0.0008204299999999,1.0,0.0,1004.6684889711928,0.0,1004.6684889711928
1668408968.98603,2.698,-0.0020000000000002,0.03535235,-0.00140508,1.0,0.0,1004.6684889711928,0.0,1004.6684889711928
1668409028.780961,2.703,0.0049999999999998,0.03388159,-0.0014707599999999,1.0,0.0,1004.6684889711928,0.0,1004.6684889711928
1668409089.2398877,2.709,0.0060000000000002,0.0340011,0.0001195099999999,0.0,1.0,0.0,370.8632295943864,1004.6684889711928
1668409149.605576,2.732,0.0230000000000001,0.03547225,0.0014711499999999,0.0,1.0,0.0,370.8632295943864,1013.1983432518635
1668409209.5461752,2.765,0.0329999999999999,0.03798355,0.0025113,0.0,1.0,0.0,370.8632295943864,1025.4368298284785
1668409269.4746125,2.731,-0.0340000000000002,0.03650349,-0.0014800599999999,1.0,0.0,1012.8274800222692,0.0,1012.8274800222692
1668409330.2964065,2.733,0.0020000000000002,0.03577494,-0.00072855,1.0,0.0,1012.8274800222692,0.0,1012.8274800222692
1668409390.5128117,2.732,-0.0009999999999998,0.03434714,-0.0014278,1.0,0.0,1012.8274800222692,0.0,1012.8274800222692
1668409450.355791,2.722,-0.0100000000000002,0.03247593,-0.0018712099999999,1.0,0.0,1012.8274800222692,0.0,1012.8274800222692
1668409511.369235,2.726,0.004,0.02871532,-0.00376061,1.0,0.0,1012.8274800222692,0.0,1012.8274800222692
1668409571.223181,2.725,-0.0009999999999998,0.02863555,-7.976999999999984e-05,1.0,0.0,1012.8274800222692,0.0,1012.8274800222692
1668409631.9486809,2.72,-0.0049999999999998,0.02492318,-0.0037123699999999,1.0,0.0,1012.8274800222692,0.0,1012.8274800222692
1668409692.0702152,2.719,-0.0010000000000003,0.02262592,-0.0022972599999999,1.0,0.0,1012.8274800222692,0.0,1012.8274800222692
1668409752.1292062,2.71,-0.0089999999999998,0.02190797,-0.00071795,1.0,0.0,1012.8274800222692,0.0,1012.8274800222692
1668409812.157521,2.714,0.004,0.02017755,-0.0017304199999999,1.0,0.0,1012.8274800222692,0.0,1012.8274800222692
1668409872.9488616,2.722,0.008,0.01826853,-0.0019090199999999,1.0,0.0,1012.8274800222692,0.0,1012.8274800222692
1668409932.888198,2.709,-0.0129999999999999,0.0155925,-0.00267603,1.0,0.0,1012.8274800222692,0.0,1012.8274800222692
1668409992.8297431,2.717,0.008,0.01623068,0.00063818,0.0,1.0,0.0,372.7741921318621,1012.8274800222692
1668410054.1024237,2.718,0.0009999999999998,0.01521637,-0.00101431,1.0,0.0,1013.2002542144012,0.0,1013.2002542144012
1668410114.219956,2.721,0.0030000000000001,0.01387469,-0.0013416799999999,1.0,0.0,1013.2002542144012,0.0,1013.2002542144012
1668410174.7674248,2.71,-0.0110000000000001,0.0129972,-0.0008774899999999,1.0,0.0,1013.2002542144012,0.0,1013.2002542144012
1668410234.9763262,2.701,-0.0089999999999998,0.01102322,-0.00197398,1.0,0.0,1013.2002542144012,0.0,1013.2002542144012
1668410294.960546,2.697,-0.004,0.00709824,-0.00392498,1.0,0.0,1013.2002542144012,0.0,1013.2002542144012
1668410355.00463,2.689,-0.008,0.00451742,-0.0025808199999999,1.0,0.0,1013.2002542144012,0.0,1013.2002542144012
1668410415.735964,2.68,-0.0089999999999998,0.00185552,-0.0026619,1.0,0.0,1013.2002542144012,0.0,1013.2002542144012
1668410475.8132975,2.694,0.0139999999999997,0.00210201,0.00024649,0.0,1.0,0.0,376.0951203468453,1013.2002542144012
1668410535.788612,2.696,0.0020000000000002,0.001678,-0.00042401,1.0,0.0,1013.952444455095,0.0,1013.952444455095
1668410596.5651836,2.704,0.008,0.00231618,0.00063818,0.0,1.0,0.0,374.98241289019785,1013.952444455095
1668410656.5813687,2.711,0.0069999999999996,0.0033208,0.00100462,0.0,1.0,0.0,374.98241289019785,1016.5773213453264
1668410716.444334,2.72,0.0090000000000003,0.00469276,0.0013719599999999,0.0,1.0,0.0,374.98241289019785,1019.9521630613382
1668410777.596478,2.73,0.0099999999999997,0.006136,0.00144324,0.0,1.0,0.0,374.98241289019785,1023.7019871902402
1668410837.483897,2.752,0.0219999999999997,0.00975156,0.0036155599999999,0.0,1.0,0.0,374.98241289019785,1031.9516002738244
1668410897.7899952,2.763,0.0110000000000001,0.01272201,0.00297045,0.0,1.0,0.0,374.98241289019785,1036.0764068156166
1668410958.3341568,2.766,0.0030000000000001,0.01501679,0.0022947799999999,0.0,1.0,0.0,374.98241289019785,1037.201354054287
1668411018.480027,2.79,0.024,0.01991127,0.0048944799999999,0.0,1.0,0.0,374.98241289019785,1046.200931963652
1668411078.328287,2.793,0.0030000000000001,0.02213522,0.00222395,0.0,1.0,0.0,374.98241289019785,1047.3258792023223
1668411138.9477575,2.785,-0.008,0.02274265,0.0006074299999999,0.0,1.0,0.0,374.98241289019785,1044.3260198992011
1668411199.2684455,2.77,-0.0150000000000001,0.02115235,-0.0015902999999999,1.0,0.0,1038.701283705848,0.0,1038.701283705848
1668411258.8656516,2.771,0.0009999999999998,0.02105306,-9.929000000000188e-05,1.0,0.0,1038.701283705848,0.0,1038.701283705848
1668411319.9580195,2.77,-0.0009999999999998,0.02097329,-7.976999999999984e-05,1.0,0.0,1038.701283705848,0.0,1038.701283705848
1668411379.918817,2.789,0.0190000000000001,0.02182469,0.0008514,0.0,1.0,0.0,372.42785360553887,1038.701283705848
1668411439.9283783,2.799,0.0099999999999997,0.02301663,0.0011919399999999,0.0,1.0,0.0,372.42785360553887,1042.4255622419032
1668411500.8817854,2.795,-0.004,0.0231191,0.00010247,0.0,1.0,0.0,372.42785360553887,1040.935850827481
1668411560.774585,2.783,-0.012,0.02111638,-0.0020027199999999,1.0,0.0,1036.4667165842147,0.0,1036.4667165842147
1668411620.801797,2.78,-0.0030000000000001,0.01963439,-0.0014819899999999,1.0,0.0,1036.4667165842147,0.0,1036.4667165842147
1668411681.8001964,2.782,0.0020000000000002,0.01890634,-0.00072805,1.0,0.0,1036.4667165842147,0.0,1036.4667165842147
1668411741.6471393,2.779,-0.0030000000000001,0.01866702,-0.00023932,1.0,0.0,1036.4667165842147,0.0,1036.4667165842147
1668411801.4722571,2.793,0.0140000000000002,0.0184911,-0.0001759199999999,1.0,0.0,1036.4667165842147,0.0,1036.4667165842147
1668411862.9031477,2.797,0.004,0.01887046,0.0003793599999999,0.0,1.0,0.0,370.5637170483428,1036.4667165842147
1668411923.0078323,2.802,0.0049999999999998,0.01903626,0.0001658,0.0,1.0,0.0,370.5637170483428,1038.319535169457
1668411982.7771966,2.811,0.0089999999999998,0.01972604,0.00068978,0.0,1.0,0.0,370.5637170483428,1041.6546086228916
1668412043.7813554,2.805,-0.0059999999999997,0.0189435,-0.00078254,1.0,0.0,1039.4312263206016,0.0,1039.4312263206016
1668412103.8966382,2.794,-0.0110000000000001,0.01668816,-0.0022553399999999,1.0,0.0,1039.4312263206016,0.0,1039.4312263206016
1668412164.3654864,2.789,-0.0049999999999998,0.01520802,-0.00148014,1.0,0.0,1039.4312263206016,0.0,1039.4312263206016
1668412225.0553927,2.793,0.004,0.01419505,-0.0010129699999999,1.0,0.0,1039.4312263206016,0.0,1039.4312263206016
1668412284.8066497,2.801,0.008,0.01387874,-0.00031631,1.0,0.0,1039.4312263206016,0.0,1039.4312263206016
1668412344.8861785,2.805,0.004,0.01434706,0.0004683199999999,0.0,1.0,0.0,370.5637170483428,1039.4312263206016
1668412405.6907606,2.797,-0.008,0.01353549,-0.0008115699999999,1.0,0.0,1036.466716584215,0.0,1036.466716584215
1668412465.7154489,2.791,-0.0060000000000002,0.01214176,-0.00139373,1.0,0.0,1036.466716584215,0.0,1036.466716584215
1668412525.6910994,2.799,0.008,0.01173439,-0.0004073699999999,1.0,0.0,1036.466716584215,0.0,1036.466716584215
1668412586.7503347,2.791,-0.008,0.01076377,-0.00097062,1.0,0.0,1036.466716584215,0.0,1036.466716584215
1668412647.197615,2.798,0.0070000000000001,0.01074246,-2.131000000000008e-05,1.0,0.0,1036.466716584215,0.0,1036.466716584215
1668412707.2622497,2.803,0.0049999999999998,0.01019244,-0.00055002,1.0,0.0,1036.466716584215,0.0,1036.466716584215
1668412767.5102105,2.797,-0.0059999999999997,0.00910787,-0.00108457,1.0,0.0,1036.466716584215,0.0,1036.466716584215
1668412827.5233498,2.804,0.0069999999999996,0.0092091,0.0001012299999999,0.0,1.0,0.0,369.6386293096344,1036.466716584215
1668412887.6242092,2.809,0.0050000000000003,0.00964028,0.0004311799999999,0.0,1.0,0.0,369.6386293096344,1038.314909730763
1668412948.2531366,2.814,0.0049999999999998,0.01032414,0.00068386,0.0,1.0,0.0,369.6386293096344,1040.163102877311
1668413008.2626858,2.814,0.0,0.01005933,-0.00026481,1.0,0.0,1040.163102877311,0.0,1040.163102877311
1668413068.2506416,2.815,0.0009999999999998,0.00994472,-0.0001146099999999,1.0,0.0,1040.163102877311,0.0,1040.163102877311
1668413129.2217271,2.822,0.0070000000000001,0.01104181,0.00109709,0.0,1.0,0.0,368.5907522598551,1040.163102877311
1668413189.2091758,2.815,-0.0070000000000001,0.01022349,-0.00081832,1.0,0.0,1037.582967611492,0.0,1037.582967611492
1668413250.028182,2.808,-0.0070000000000001,0.00891381,-0.00130968,1.0,0.0,1037.582967611492,0.0,1037.582967611492
1668413309.9091952,2.795,-0.0129999999999999,0.00650909,-0.0024047199999999,1.0,0.0,1037.582967611492,0.0,1037.582967611492
1668413369.9721053,2.802,0.0070000000000001,0.00635108,-0.00015801,1.0,0.0,1037.582967611492,0.0,1037.582967611492
1668413429.9762702,2.801,-0.0009999999999998,0.00538946,-0.0009616199999999,1.0,0.0,1037.582967611492,0.0,1037.582967611492
1668413490.736132,2.808,0.0069999999999996,0.00562758,0.0002381199999999,0.0,1.0,0.0,369.5096038502464,1037.582967611492
1668413550.6963403,2.814,0.0060000000000002,0.00573047,0.0001028899999999,0.0,1.0,0.0,369.5096038502464,1039.8000252345932
1668413610.6517134,2.822,0.008,0.00694008,0.00120961,0.0,1.0,0.0,369.5096038502464,1042.7561020653952
1668413672.0016465,2.815,-0.0070000000000001,0.00638166,-0.00055842,1.0,0.0,1040.1695348384435,0.0,1040.1695348384435
1668413732.6084943,2.818,0.0030000000000001,0.00642506,4.339999999999986e-05,0.0,1.0,0.0,369.1162295381276,1040.1695348384435
1668413792.045963,2.822,0.004,0.00713788,0.00071282,0.0,1.0,0.0,369.1162295381276,1041.645999756596
1668413912.6814604,2.814,-0.008,0.00604575,-0.00109213,1.0,0.0,1038.693069920291,0.0,1038.693069920291
1668413972.6068103,2.805,-0.0089999999999998,0.0045219,-0.00152385,1.0,0.0,1038.693069920291,0.0,1038.693069920291
1668414033.475484,2.803,-0.0020000000000002,0.00436236,-0.0001595399999999,1.0,0.0,1038.693069920291,0.0,1038.693069920291
1668414093.5206168,2.809,0.0060000000000002,0.00338763,-0.00097473,1.0,0.0,1038.693069920291,0.0,1038.693069920291
1668414153.506678,2.807,-0.0020000000000002,0.00322809,-0.00015954,1.0,0.0,1038.693069920291,0.0,1038.693069920291
1668414215.0808356,2.799,-0.008,0.00127013,-0.00195796,1.0,0.0,1038.693069920291,0.0,1038.693069920291
1668414274.2606642,2.803,0.004,0.00138285,0.0001127199999999,0.0,1.0,0.0,370.5647769961795,1038.693069920291
1668414334.2823946,2.797,-0.0059999999999997,-1.595e-05,-0.0013988,1.0,0.0,1036.469681258314,0.0,1036.469681258314
1668414395.2771924,2.8,0.0029999999999996,-0.00043397,-0.00041802,1.0,0.0,1036.469681258314,0.0,1036.469681258314
1668414455.3581374,2.789,-0.0109999999999996,-0.00218744,-0.00175347,1.0,0.0,1036.469681258314,0.0,1036.469681258314
1668414515.2594376,2.788,-0.0010000000000003,-0.00299108,-0.00080364,1.0,0.0,1036.469681258314,0.0,1036.469681258314
1668414575.978793,2.787,-0.0009999999999998,-0.0036664,-0.00067532,1.0,0.0,1036.469681258314,0.0,1036.469681258314
1668414636.157587,2.786,-0.0009999999999998,-0.00398713,-0.00032073,1.0,0.0,1036.469681258314,0.0,1036.469681258314
1668414696.7847364,2.791,0.0049999999999998,-0.00367457,0.00031256,0.0,1.0,0.0,371.361404965358,1036.469681258314
1668414756.773315,2.794,0.0030000000000001,-0.00333872,0.0003358499999999,0.0,1.0,0.0,371.361404965358,1037.5837654732104
1668414816.8192933,2.792,-0.0020000000000002,-0.00356935,-0.00023063,1.0,0.0,1036.8410426632795,0.0,1036.8410426632795
1668414876.8353376,2.793,0.0010000000000003,-0.00331892,0.00025043,0.0,1.0,0.0,371.2284434884638,1036.8410426632795
1668414937.8093426,2.79,-0.0030000000000001,-0.00338762,-6.87000000000001e-05,1.0,0.0,1035.727357332814,0.0,1035.727357332814
1668414997.8384588,2.783,-0.0070000000000001,-0.00394602,-0.0005583999999999,1.0,0.0,1035.727357332814,0.0,1035.727357332814
1668415057.8796272,2.775,-0.008,-0.00593367,-0.00198765,1.0,0.0,1035.727357332814,0.0,1035.727357332814
1668415118.6843462,2.779,0.004,-0.00614398,-0.00021031,1.0,0.0,1035.727357332814,0.0,1035.727357332814
1668415179.5838475,2.772,-0.0070000000000001,-0.00735237,-0.00120839,1.0,0.0,1035.727357332814,0.0,1035.727357332814
1668415238.6698923,2.776,0.004,-0.00714987,0.0002025,0.0,1.0,0.0,373.10063304496185,1035.727357332814
1668415299.4239511,2.78,0.004,-0.00684066,0.0003092099999999,0.0,1.0,0.0,373.10063304496185,1037.219759864994
1668415359.4700053,2.782,0.0020000000000002,-0.00605294,0.00078772,0.0,1.0,0.0,373.10063304496185,1037.965961131084
1668415419.4020865,2.786,0.004,-0.00573385,0.0003190899999999,0.0,1.0,0.0,373.10063304496185,1039.4583636632638
1668415480.433684,2.786,0.0,-0.00511385,0.00062,0.0,1.0,0.0,373.10063304496185,1039.4583636632638
1668415540.2765374,2.792,0.0059999999999997,-0.00409118,0.0010226699999999,0.0,1.0,0.0,373.10063304496185,1041.6969674615334
1668415600.3991165,2.79,-0.0019999999999997,-0.00352605,0.0005651299999999,0.0,1.0,0.0,373.10063304496185,1040.9507661954435
1668415662.0154474,2.784,-0.0060000000000002,-0.00370468,-0.0001786299999999,1.0,0.0,1038.7121623971736,0.0,1038.7121623971736
1668415721.1370163,2.78,-0.004,-0.00380901,-0.0001043299999999,1.0,0.0,1038.7121623971736,0.0,1038.7121623971736
1668415781.1758077,2.783,0.0030000000000001,-0.0035697,0.0002393099999999,0.0,1.0,0.0,373.234697232186,1038.7121623971736
1668415842.1575909,2.785,0.0020000000000002,-0.00326371,0.0003059899999999,0.0,1.0,0.0,373.234697232186,1039.458631791638
1668415901.986776,2.786,0.0009999999999998,-0.00272224,0.00054147,0.0,1.0,0.0,373.234697232186,1039.8318664888702
1668415962.0610952,2.787,0.0009999999999998,-0.00175882,0.00096342,0.0,1.0,0.0,373.234697232186,1040.2051011861024
1668416022.7538695,2.794,0.0070000000000001,-0.00086577,0.0008930499999999,0.0,1.0,0.0,373.234697232186,1042.8177440667278
1668416082.7122743,2.79,-0.004,-0.00066281,0.0002029599999999,0.0,1.0,0.0,373.234697232186,1041.324805277799
1668416142.9151852,2.79,0.0,-0.00066281,0.0,0.0,1.0,0.0,373.234697232186,1041.324805277799
1668416204.21548,2.791,0.0009999999999998,-0.00021872,0.00044409,0.0,1.0,0.0,373.234697232186,1041.6980399750312
1668416263.7575588,2.795,0.004,0.00031938,0.0005381,0.0,1.0,0.0,373.234697232186,1043.19097876396
1668416323.8158574,2.795,0.0,0.00067483,0.0003554499999999,0.0,1.0,0.0,373.234697232186,1043.19097876396
1668416384.7203774,2.784,-0.0110000000000001,-0.00023982,-0.0009146499999999,1.0,0.0,1039.0853970944058,0.0,1039.0853970944058
1668416444.666655,2.789,0.0050000000000003,-0.00030393,-6.411000000000001e-05,1.0,0.0,1039.0853970944058,0.0,1039.0853970944058
1668416504.5972712,2.784,-0.0050000000000003,-0.00068705,-0.00038312,1.0,0.0,1039.0853970944058,0.0,1039.0853970944058
1668416565.76117,2.78,-0.004,-0.00154483,-0.00085778,1.0,0.0,1039.0853970944058,0.0,1039.0853970944058
1668416625.5481913,2.774,-0.0059999999999997,-0.00285905,-0.00131422,1.0,0.0,1039.0853970944058,0.0,1039.0853970944058
1668416685.687287,2.775,0.0009999999999998,-0.00321568,-0.0003566299999999,1.0,0.0,1039.0853970944058,0.0,1039.0853970944058
1668416747.3995695,2.77,-0.0049999999999998,-0.00429025,-0.00107457,1.0,0.0,1039.0853970944058,0.0,1039.0853970944058
1668416806.749022,2.774,0.004,-0.00420532,8.492999999999955e-05,0.0,1.0,0.0,374.5801719878896,1039.0853970944058
1668416866.753595,2.767,-0.0070000000000001,-0.00526879,-0.0010634699999999,1.0,0.0,1036.4633358904905,0.0,1036.4633358904905
1668416927.4488173,2.773,0.0060000000000002,-0.00506515,0.0002036399999999,0.0,1.0,0.0,373.7696847783954,1036.4633358904905
1668416987.3360815,2.768,-0.0050000000000003,-0.00537173,-0.0003065799999999,1.0,0.0,1034.5944874665984,0.0,1034.5944874665984
1668417047.4364324,2.768,0.0,-0.00548913,-0.0001174,1.0,0.0,1034.5944874665984,0.0,1034.5944874665984
1668417108.0081534,2.771,0.0030000000000001,-0.00528014,0.00020899,0.0,1.0,0.0,373.3650261517858,1034.5944874665984
1668417167.985114,2.765,-0.0059999999999997,-0.00596691,-0.0006867699999999,1.0,0.0,1032.3542973096878,0.0,1032.3542973096878
1668417228.1319134,2.765,0.0,-0.00618516,-0.00021825,1.0,0.0,1032.3542973096878,0.0,1032.3542973096878
1668417289.082286,2.769,0.004,-0.00547204,0.00071312,0.0,1.0,0.0,372.82567616817903,1032.3542973096878
1668417349.0487022,2.764,-0.0050000000000003,-0.00593277,-0.00046073,1.0,0.0,1030.4901689288467,0.0,1030.4901689288467
1668417408.9988098,2.758,-0.0059999999999997,-0.00676182,-0.0008290499999999,1.0,0.0,1030.4901689288467,0.0,1030.4901689288467
1668417469.8097334,2.764,0.0059999999999997,-0.00604953,0.00071229,0.0,1.0,0.0,372.82567616817903,1030.4901689288467
1668417529.7516394,2.753,-0.0109999999999996,-0.00710706,-0.00105753,1.0,0.0,1026.389086490997,0.0,1026.389086490997
1668417589.7472477,2.75,-0.0030000000000001,-0.00784212,-0.0007350599999999,1.0,0.0,1026.389086490997,0.0,1026.389086490997
1668417650.9379582,2.756,0.0059999999999997,-0.00741707,0.0004250499999999,0.0,1.0,0.0,372.4198427035548,1026.389086490997
1668417710.4444585,2.762,0.0060000000000002,-0.00640226,0.00101481,0.0,1.0,0.0,372.4198427035548,1028.6236055472184
1668417770.4648294,2.76,-0.0020000000000002,-0.00600808,0.00039418,0.0,1.0,0.0,372.4198427035548,1027.8787658618112
1668417831.454275,2.759,-0.0009999999999998,-0.00583556,0.0001725199999999,0.0,1.0,0.0,372.4198427035548,1027.5063460191077
1668417891.2892094,2.759,0.0,-0.00583556,0.0,0.0,1.0,0.0,372.4198427035548,1027.5063460191077
1668417951.272131,2.765,0.0060000000000002,-0.0045635,0.00127206,0.0,1.0,0.0,372.4198427035548,1029.740865075329
1668418012.4019108,2.767,0.0019999999999997,-0.00370355,0.00085995,0.0,1.0,0.0,372.4198427035548,1030.485704760736
1668418072.2445009,2.763,-0.004,-0.00349419,0.00020936,0.0,1.0,0.0,372.4198427035548,1028.996025389922
1668418132.3502502,2.766,0.0030000000000001,-0.00292784,0.0005663499999999,0.0,1.0,0.0,372.4198427035548,1030.1132849180326
1668418193.1968074,2.765,-0.0009999999999998,-0.00265552,0.0002723199999999,0.0,1.0,0.0,372.4198427035548,1029.740865075329
1668418253.6572087,2.765,0.0,-0.00228873,0.00036679,0.0,1.0,0.0,372.4198427035548,1029.740865075329
1668418313.1749666,2.767,0.0019999999999997,-0.0021255,0.00016323,0.0,1.0,0.0,372.4198427035548,1030.485704760736
1668418373.833465,2.764,-0.0030000000000001,-0.00233316,-0.00020766,1.0,0.0,1029.3684452326254,0.0,1029.3684452326254
1668418433.7637002,2.777,0.0130000000000003,-0.00062701,0.00170615,0.0,1.0,0.0,370.67642968405664,1029.3684452326254
1668418493.6789978,2.776,-0.0010000000000003,-0.00070678,-7.976999999999995e-05,1.0,0.0,1028.9977688029412,0.0,1028.9977688029412
1668418554.763817,2.772,-0.004,-0.00024358,0.0004632,0.0,1.0,0.0,371.2113163069774,1028.9977688029412
1668418614.9214876,2.776,0.004,0.00044119,0.00068477,0.0,1.0,0.0,371.2113163069774,1030.4826140681691
1668418674.7681258,2.772,-0.004,0.00083834,0.00039715,0.0,1.0,0.0,371.2113163069774,1028.9977688029412
1668418735.4063745,2.777,0.0050000000000003,0.00135131,0.00051297,0.0,1.0,0.0,371.2113163069774,1030.8538253844763
1668418795.686975,2.773,-0.004,0.00117236,-0.00017895,1.0,0.0,1029.3689801192484,0.0,1029.3689801192484
1668418855.4269664,2.771,-0.0020000000000002,0.00104766,-0.0001246999999999,1.0,0.0,1029.3689801192484,0.0,1029.3689801192484
1668418916.2366557,2.779,0.008,0.0016387,0.00059104,0.0,1.0,0.0,370.409852507826,1029.3689801192484
1668418976.2896972,2.779,0.0,0.0016387,0.0,0.0,1.0,0.0,370.409852507826,1029.3689801192484
1668419036.242746,2.779,0.0,0.0016387,0.0,0.0,1.0,0.0,370.409852507826,1029.3689801192484
1668419097.0488365,2.78,0.0009999999999998,0.00216286,0.0005241599999999,0.0,1.0,0.0,370.409852507826,1029.739389971756
1668419157.0906718,2.779,-0.0009999999999998,0.00271547,0.00055261,0.0,1.0,0.0,370.409852507826,1029.3689801192484
1668419218.2902713,2.78,0.0009999999999998,0.00294725,0.00023178,0.0,1.0,0.0,370.409852507826,1029.739389971756
1668419277.9868038,2.781,0.0010000000000003,0.00311345,0.0001661999999999,0.0,1.0,0.0,370.409852507826,1030.109799824264
1668419337.822076,2.787,0.0059999999999997,0.00356453,0.00045108,0.0,1.0,0.0,370.409852507826,1032.332258939311
1668419397.879706,2.783,-0.004,0.00319142,-0.00037311,1.0,0.0,1030.8506195292796,0.0,1030.8506195292796
1668419458.6035254,2.785,0.0020000000000002,0.00358477,0.00039335,0.0,1.0,0.0,370.14384902308063,1030.8506195292796
1668419518.455077,2.78,-0.0050000000000003,0.00318591,-0.00039886,1.0,0.0,1028.999900284164,0.0,1028.999900284164
1668419578.718857,2.786,0.0060000000000002,0.00362392,0.0004380099999999,0.0,1.0,0.0,369.3466978765843,1028.999900284164
1668419639.4295433,2.787,0.0009999999999998,0.00363602,1.2099999999999698e-05,0.0,1.0,0.0,369.3466978765843,1029.3692469820403
1668419699.2179754,2.791,0.004,0.00423656,0.00060054,0.0,1.0,0.0,369.3466978765843,1030.8466337735467
1668419759.2990477,2.787,-0.004,0.00391747,-0.00031909,1.0,0.0,1029.3692469820403,0.0,1029.3692469820403
1668419820.8266609,2.785,-0.0019999999999997,0.00399629,7.882000000000028e-05,0.0,1.0,0.0,369.6119378750593,1029.3692469820403
1668419879.4467273,2.784,-0.0010000000000003,0.00391652,-7.977000000000071e-05,1.0,0.0,1028.999635044165,0.0,1028.999635044165
1668419939.508772,2.78,-0.004,0.00355205,-0.0003644699999999,1.0,0.0,1028.999635044165,0.0,1028.999635044165
1668419999.44641,2.78,0.0,0.00322602,-0.00032603,1.0,0.0,1028.999635044165,0.0,1028.999635044165
1668420059.5152066,2.78,0.0,0.00293382,-0.0002921999999999,1.0,0.0,1028.999635044165,0.0,1028.999635044165
1668420119.4585488,2.775,-0.0049999999999998,0.00208782,-0.000846,1.0,0.0,1028.999635044165,0.0,1028.999635044165
1668420179.464087,2.774,-0.0009999999999998,0.00163212,-0.0004557,1.0,0.0,1028.999635044165,0.0,1028.999635044165
1668420239.433811,2.784,0.0099999999999997,0.00217557,0.00054345,0.0,1.0,0.0,369.61193787505925,1028.999635044165
1668420300.2162902,2.784,0.0,0.00263451,0.00045894,0.0,1.0,0.0,369.61193787505925,1028.999635044165
1668420359.4815035,2.778,-0.0059999999999997,0.00215588,-0.0004786299999999,1.0,0.0,1026.7819634169146,0.0,1026.7819634169146
1668420419.4648557,2.778,0.0,0.00215588,0.0,1.0,0.0,1026.7819634169146,0.0,1026.7819634169146
1668420479.3969262,2.775,-0.0030000000000001,0.00156407,-0.00059181,1.0,0.0,1026.7819634169146,0.0,1026.7819634169146
1668420539.4405942,2.775,0.0,0.00114417,-0.0004199,1.0,0.0,1026.7819634169146,0.0,1026.7819634169146
1668420599.328477,2.773,-0.0019999999999997,0.0005801,-0.00056407,1.0,0.0,1026.7819634169146,0.0,1026.7819634169146
1668420659.3169937,2.776,0.0029999999999996,0.00074042,0.00016032,0.0,1.0,0.0,369.8782288965831,1026.7819634169146
1668420719.5522883,2.771,-0.0049999999999998,-3.945e-05,-0.00077987,1.0,0.0,1024.9325722724318,0.0,1024.9325722724318
1668420780.5329096,2.778,0.0070000000000001,0.00015657,0.0001960199999999,0.0,1.0,0.0,368.94621032124974,1024.9325722724318
1668420839.4496338,2.774,-0.004,-0.00038208,-0.00053865,1.0,0.0,1023.4567874311468,0.0,1023.4567874311468
1668420899.4386816,2.778,0.004,-0.00023067,0.0001514099999999,0.0,1.0,0.0,368.4149702775906,1023.4567874311468
1668420959.513805,2.772,-0.0060000000000002,-0.00058804,-0.00035737,1.0,0.0,1021.2462976094812,0.0,1021.2462976094812
1668421019.413087,2.78,0.008,-0.00016156,0.0004264799999999,0.0,1.0,0.0,367.3547833127631,1021.2462976094812
1668421079.4833405,2.775,-0.0049999999999998,-0.0005949,-0.00043334,1.0,0.0,1019.4095236929176,0.0,1019.4095236929176
1668421139.4777696,2.774,-0.0009999999999998,-0.00067467,-7.977000000000006e-05,1.0,0.0,1019.4095236929176,0.0,1019.4095236929176
1668421199.3835285,2.776,0.0019999999999997,-0.00059695,7.772000000000009e-05,0.0,1.0,0.0,367.2224508980251,1019.4095236929176
1668421260.0839596,2.779,0.0030000000000001,-4.357e-05,0.0005533799999999,0.0,1.0,0.0,367.2224508980251,1020.5111910456118
1668421319.427383,2.779,0.0,1.73e-05,6.087e-05,0.0,1.0,0.0,367.2224508980251,1020.5111910456118
1668421379.475441,2.78,0.0009999999999998,0.00026957,0.00025227,0.0,1.0,0.0,367.2224508980251,1020.8784134965096
1668421439.531297,2.78,0.0,0.00026957,0.0,0.0,1.0,0.0,367.2224508980251,1020.8784134965096
1668421499.500224,2.777,-0.0029999999999996,0.00037198,0.0001024099999999,0.0,1.0,0.0,367.2224508980251,1019.7767461438158
1668421559.6221676,2.777,0.0,0.00029553,-7.644999999999999e-05,1.0,0.0,1019.7767461438158,0.0,1019.7767461438158
1668421619.5452874,2.782,0.0049999999999998,0.00044636,0.0001508299999999,0.0,1.0,0.0,366.5624536821768,1019.776746143816
1668421679.4772658,2.778,-0.004,0.00012727,-0.0003190899999999,1.0,0.0,1018.3104963290872,0.0,1018.3104963290872
1668421740.451403,2.778,0.0,9.872e-05,-2.854999999999999e-05,1.0,0.0,1018.3104963290872,0.0,1018.3104963290872
1668421799.456874,2.781,0.0030000000000001,0.00082819,0.00072947,0.0,1.0,0.0,366.16702492955307,1018.3104963290872
1668421859.5471203,2.777,-0.004,0.00032575,-0.00050244,1.0,0.0,1016.8458282293687,0.0,1016.8458282293687
1668421919.495995,2.783,0.0059999999999997,0.00096587,0.00064012,0.0,1.0,0.0,365.3775882965752,1016.8458282293687
1668421979.5354722,2.783,0.0,0.00096587,0.0,0.0,1.0,0.0,365.3775882965752,1016.8458282293687
1668422039.42688,2.785,0.0020000000000002,0.0016638,0.00069793,0.0,1.0,0.0,365.3775882965752,1017.576583405962
1668422099.4001713,2.788,0.0029999999999996,0.00205594,0.00039214,0.0,1.0,0.0,365.3775882965752,1018.6727161708516
1668422159.3978858,2.788,0.0,0.00205594,0.0,0.0,1.0,0.0,365.3775882965752,1018.6727161708516
1668422220.7119713,2.788,0.0,0.00240224,0.0003462999999999,0.0,1.0,0.0,365.3775882965752,1018.6727161708516
1668422279.564092,2.793,0.0050000000000003,0.00316823,0.00076599,0.0,1.0,0.0,365.3775882965752,1020.4996041123346
1668422339.493394,2.798,0.0049999999999998,0.00412929,0.0009610599999999,0.0,1.0,0.0,365.3775882965752,1022.3264920538174
1668422399.394167,2.791,-0.0070000000000001,0.00396704,-0.00016225,1.0,0.0,1019.7688489357414,0.0,1019.7688489357414
1668422459.4746006,2.795,0.004,0.00448606,0.00051902,0.0,1.0,0.0,364.8546865601937,1019.7688489357414
1668422519.432408,2.794,-0.0009999999999998,0.00457431,8.824999999999979e-05,0.0,1.0,0.0,364.8546865601937,1019.4039942491812
1668422579.7456746,2.79,-0.004,0.00425522,-0.00031909,1.0,0.0,1017.9445755029406,0.0,1017.9445755029406
1668422639.5568402,2.79,0.0,0.00402587,-0.0002293499999999,1.0,0.0,1017.9445755029406,0.0,1017.9445755029406
1668422700.432867,2.793,0.0030000000000001,0.00434757,0.0003217,0.0,1.0,0.0,364.4627910859078,1017.9445755029404
1668422759.689144,2.792,-0.0010000000000003,0.00403462,-0.00031295,1.0,0.0,1017.5801127118544,0.0,1017.5801127118544
1668422819.5950346,2.795,0.0030000000000001,0.00410776,7.314000000000018e-05,0.0,1.0,0.0,364.071596676871,1017.5801127118544
1668422879.5443757,2.796,0.0009999999999998,0.00419803,9.026999999999992e-05,0.0,1.0,0.0,364.071596676871,1017.9441843085314
1668422939.573707,2.795,-0.0009999999999998,0.00411826,-7.976999999999984e-05,1.0,0.0,1017.5801127118544,0.0,1017.5801127118544
1668422999.5516744,2.785,-0.0099999999999997,0.00328183,-0.00083643,1.0,0.0,1017.5801127118544,0.0,1017.5801127118544
1668423059.6582434,2.788,0.0029999999999996,0.00282843,-0.0004534,1.0,0.0,1017.5801127118544,0.0,1017.5801127118544
1668423119.5187714,2.797,0.0090000000000003,0.00365163,0.0008232,0.0,1.0,0.0,363.8112666113173,1017.5801127118544
1668423180.2994015,2.792,-0.0050000000000003,0.00335613,-0.0002954999999999,1.0,0.0,1015.761056378798,0.0,1015.761056378798
1668423239.4542031,2.798,0.0060000000000002,0.00356499,0.0002088599999999,0.0,1.0,0.0,363.0311137879907,1015.761056378798
1668423299.5520048,2.792,-0.0060000000000002,0.00320937,-0.00035562,1.0,0.0,1013.58286969607,0.0,1013.58286969607
1668423359.7616174,2.792,0.0,0.00307895,-0.00013042,1.0,0.0,1013.58286969607,0.0,1013.58286969607
1668423419.5339713,2.79,-0.0019999999999997,0.00253304,-0.00054591,1.0,0.0,1013.58286969607,0.0,1013.58286969607
1668423479.5558393,2.794,0.004,0.00285213,0.00031909,0.0,1.0,0.0,362.77124899644593,1013.58286969607
1668423539.6601925,2.792,-0.0020000000000002,0.00254488,-0.00030725,1.0,0.0,1012.857327198077,0.0,1012.857327198077
1668423599.5218265,2.792,0.0,0.00254488,0.0,1.0,0.0,1012.857327198077,0.0,1012.857327198077
1668423660.766672,2.792,0.0,0.00227515,-0.0002697299999999,1.0,0.0,1012.857327198077,0.0,1012.857327198077
1668423719.574192,2.79,-0.0019999999999997,0.00187836,-0.00039679,1.0,0.0,1012.857327198077,0.0,1012.857327198077
1668423779.5110178,2.79,0.0,0.00187836,0.0,1.0,0.0,1012.857327198077,0.0,1012.857327198077
1668423839.5427835,2.794,0.004,0.00186516,-1.3199999999999887e-05,1.0,0.0,1012.857327198077,0.0,1012.857327198077
1668423899.645056,2.793,-0.0009999999999998,0.00175379,-0.0001113699999999,1.0,0.0,1012.857327198077,0.0,1012.857327198077
1668423959.5961404,2.794,0.0009999999999998,0.00172633,-2.7459999999999984e-05,1.0,0.0,1012.857327198077,0.0,1012.857327198077
1668424019.5782304,2.798,0.004,0.00204541,0.00031908,0.0,1.0,0.0,361.9933263752956,1012.857327198077
1668424079.6043534,2.798,0.0,0.00204541,0.0,0.0,1.0,0.0,361.9933263752956,1012.8573271980772
1668424140.6142008,2.796,-0.0020000000000002,0.00209104,4.563000000000006e-05,0.0,1.0,0.0,361.9933263752956,1012.1333405453264
1668424199.4516368,2.798,0.0020000000000002,0.0022625,0.00017146,0.0,1.0,0.0,361.9933263752956,1012.8573271980772
1668424259.7815366,2.798,0.0,0.00237105,0.0001085499999999,0.0,1.0,0.0,361.9933263752956,1012.8573271980772
1668424319.6495168,2.794,-0.004,0.00210999,-0.00026106,1.0,0.0,1011.409353892576,0.0,1011.409353892576
1668424379.6671774,2.794,0.0,0.00188141,-0.0002285799999999,1.0,0.0,1011.409353892576,0.0,1011.409353892576
1668424439.4927945,2.797,0.0030000000000001,0.0019202,3.878999999999992e-05,0.0,1.0,0.0,361.6050603834737,1011.409353892576
1668424499.548602,2.8,0.0029999999999996,0.0022912,0.000371,0.0,1.0,0.0,361.6050603834737,1012.4941690737264
1668424559.6441722,2.798,-0.0019999999999997,0.0023944,0.0001031999999999,0.0,1.0,0.0,361.6050603834737,1011.7709589529594
1668424620.7968826,2.796,-0.0020000000000002,0.00216342,-0.00023098,1.0,0.0,1011.0477488321924,0.0,1011.0477488321924
1668424679.7474873,2.796,0.0,0.00195781,-0.00020561,1.0,0.0,1011.0477488321924,0.0,1011.0477488321924
1668424739.4578516,2.805,0.0090000000000003,0.00347779,0.00151998,0.0,1.0,0.0,360.4448302432058,1011.0477488321924
1668424799.4442394,2.789,-0.016,0.00210633,-0.00137146,1.0,0.0,1005.280631548301,0.0,1005.280631548301
1668424859.5656023,2.785,-0.004,0.00087713,-0.0012292,1.0,0.0,1005.280631548301,0.0,1005.280631548301
1668424919.5293293,2.795,0.0099999999999997,0.0008259,-5.123000000000009e-05,1.0,0.0,1005.280631548301,0.0,1005.280631548301
1668424979.5328095,2.797,0.0020000000000002,0.00093499,0.00010909,0.0,1.0,0.0,359.41388328505576,1005.280631548301
1668425039.6390462,2.796,-0.0010000000000003,0.00080594,-0.00012905,1.0,0.0,1004.921217665016,0.0,1004.921217665016
1668425100.813141,2.793,-0.0029999999999996,0.00056662,-0.00023932,1.0,0.0,1004.921217665016,0.0,1004.921217665016
1668425159.5415783,2.787,-0.0060000000000002,-0.00033059,-0.00089721,1.0,0.0,1004.921217665016,0.0,1004.921217665016
1668425219.5082045,2.79,0.0030000000000001,-0.00042347,-9.288e-05,1.0,0.0,1004.921217665016,0.0,1004.921217665016
1668425279.5404398,2.787,-0.0030000000000001,-0.00104141,-0.00061794,1.0,0.0,1004.921217665016,0.0,1004.921217665016
1668425339.7221844,2.791,0.004,-0.0010696,-2.8189999999999983e-05,1.0,0.0,1004.921217665016,0.0,1004.921217665016
1668425399.5371168,2.79,-0.0009999999999998,-0.00109767,-2.8070000000000048e-05,1.0,0.0,1004.921217665016,0.0,1004.921217665016
1668425459.9444842,2.79,0.0,-0.00116966,-7.199000000000007e-05,1.0,0.0,1004.921217665016,0.0,1004.921217665016
1668425519.5219069,2.791,0.0009999999999998,-0.00076341,0.00040625,0.0,1.0,0.0,360.05776340559515,1004.921217665016
1668425580.7423377,2.786,-0.0049999999999998,-0.00121029,-0.00044688,1.0,0.0,1003.120928847988,0.0,1003.120928847988
1668425639.608122,2.789,0.0030000000000001,-0.00097097,0.0002393199999999,0.0,1.0,0.0,359.6704657038322,1003.120928847988
1668425699.966325,2.789,0.0,-0.00097097,0.0,0.0,1.0,0.0,359.6704657038322,1003.120928847988
1668425759.6766512,2.789,0.0,-0.00112253,-0.00015156,1.0,0.0,1003.120928847988,0.0,1003.120928847988
1668425819.6859057,2.797,0.008,-0.00059029,0.00053224,0.0,1.0,0.0,358.6417335888409,1003.120928847988
1668425879.7153947,2.789,-0.008,-0.00105111,-0.00046082,1.0,0.0,1000.2517949792772,0.0,1000.2517949792772
1668425939.6113198,2.789,0.0,-0.00105111,0.0,1.0,0.0,1000.2517949792772,0.0,1000.2517949792772
1668425999.789685,2.789,0.0,-0.00105111,0.0,1.0,0.0,1000.2517949792772,0.0,1000.2517949792772
1668426060.812574,2.782,-0.0070000000000001,-0.00170858,-0.0006574699999999,1.0,0.0,1000.2517949792772,0.0,1000.2517949792772
1668426119.7182896,2.785,0.0030000000000001,-0.00146927,0.0002393099999999,0.0,1.0,0.0,359.15683841266684,1000.2517949792772
1668426179.649018,2.781,-0.004,-0.00209923,-0.00062996,1.0,0.0,998.8151676256264,0.0,998.8151676256264
1668426239.709279,2.785,0.004,-0.00178014,0.00031909,0.0,1.0,0.0,358.6409937614457,998.8151676256264
1668426299.6956897,2.78,-0.0050000000000003,-0.00230801,-0.00052787,1.0,0.0,997.021962656819,0.0,997.021962656819
1668426359.7235138,2.777,-0.0029999999999996,-0.00319443,-0.0008864199999999,1.0,0.0,997.021962656819,0.0,997.021962656819
1668426419.6170294,2.782,0.0049999999999998,-0.00326616,-7.173000000000032e-05,1.0,0.0,997.021962656819,0.0,997.021962656819
1668426479.5984218,2.786,0.004,-0.00296606,0.0003001,0.0,1.0,0.0,357.8686154547089,997.021962656819
1668426540.5002675,2.792,0.0059999999999997,-0.00221849,0.0007475699999999,0.0,1.0,0.0,357.8686154547089,999.1691743495472
1668426599.4823773,2.788,-0.004,-0.00253758,-0.0003190899999999,1.0,0.0,997.7376998877284,0.0,997.7376998877284
1668426659.6019082,2.788,0.0,-0.00217296,0.0003646199999999,0.0,1.0,0.0,357.8686154547089,997.7376998877284
1668426719.7347326,2.788,0.0,-0.00186253,0.0003104299999999,0.0,1.0,0.0,357.8686154547089,997.7376998877284
1668426779.6345975,2.787,-0.0009999999999998,-0.00167786,0.00018467,0.0,1.0,0.0,357.8686154547089,997.3798312722736
1668426839.58574,2.789,0.0020000000000002,-0.00123133,0.0004465299999999,0.0,1.0,0.0,357.8686154547089,998.0955685031832
1668426899.621733,2.79,0.0009999999999998,-0.00091268,0.00031865,0.0,1.0,0.0,357.8686154547089,998.4534371186378
1668426959.7313118,2.791,0.0009999999999998,-0.00057285,0.00033983,0.0,1.0,0.0,357.8686154547089,998.8113057340926
1668427020.8595495,2.79,-0.0009999999999998,-0.00037985,0.0001929999999999,0.0,1.0,0.0,357.8686154547089,998.4534371186378
1668427079.6299934,2.789,-0.0009999999999998,-0.00030408,7.577000000000001e-05,0.0,1.0,0.0,357.8686154547089,998.0955685031832
1668427139.7679474,2.786,-0.0030000000000001,-0.00054216,-0.00023808,1.0,0.0,997.021962656819,0.0,997.021962656819
1668427199.730675,2.782,-0.004,-0.00086125,-0.00031909,1.0,0.0,997.021962656819,0.0,997.021962656819
1668427260.0550306,2.782,0.0,-0.00086125,0.0,1.0,0.0,997.021962656819,0.0,997.021962656819
1668427320.064112,2.784,0.0019999999999997,-0.00139889,-0.00053764,1.0,0.0,997.021962656819,0.0,997.021962656819
1668427379.7933197,2.784,0.0,-0.00139889,0.0,1.0,0.0,997.021962656819,0.0,997.021962656819
1668427439.5558944,2.772,-0.012,-0.00268836,-0.0012894699999999,1.0,0.0,997.021962656819,0.0,997.021962656819
1668427500.391949,2.77,-0.0019999999999997,-0.0028479,-0.00015954,1.0,0.0,997.021962656819,0.0,997.021962656819
1668427559.621216,2.767,-0.0030000000000001,-0.00389503,-0.0010471299999999,1.0,0.0,997.021962656819,0.0,997.021962656819
1668427619.7786586,2.772,0.0049999999999998,-0.00427219,-0.00037716,1.0,0.0,997.021962656819,0.0,997.021962656819
1668427679.9676027,2.769,-0.0029999999999996,-0.00475831,-0.0004861199999999,1.0,0.0,997.021962656819,0.0,997.021962656819
1668427739.9803114,2.765,-0.004,-0.00528085,-0.00052254,1.0,0.0,997.021962656819,0.0,997.021962656819
1668427799.9316423,2.763,-0.0020000000000002,-0.00591462,-0.0006337699999999,1.0,0.0,997.021962656819,0.0,997.021962656819
1668427859.7715662,2.763,0.0,-0.00646693,-0.00055231,1.0,0.0,997.021962656819,0.0,997.021962656819
1668427919.8472867,2.764,0.0009999999999998,-0.00662119,-0.0001542599999999,1.0,0.0,997.021962656819,0.0,997.021962656819
1668427979.9626043,2.769,0.0050000000000003,-0.00626773,0.0003534599999999,0.0,1.0,0.0,360.06571421336906,997.021962656819
1668428039.7217317,2.769,0.0,-0.00591938,0.0003483499999999,0.0,1.0,0.0,360.06571421336906,997.021962656819
1668428099.7607837,2.769,0.0,-0.005579,0.00034038,0.0,1.0,0.0,360.06571421336906,997.021962656819
1668428159.7703023,2.768,-0.0010000000000003,-0.00551328,6.572000000000001e-05,0.0,1.0,0.0,360.06571421336906,996.6618969426056
1668428219.8063035,2.769,0.0010000000000003,-0.00488533,0.0006279499999999,0.0,1.0,0.0,360.06571421336906,997.021962656819
1668428279.8754425,2.77,0.0009999999999998,-0.00444631,0.00043902,0.0,1.0,0.0,360.06571421336906,997.3820283710324
1668428339.847383,2.769,-0.0009999999999998,-0.00419395,0.00025236,0.0,1.0,0.0,360.06571421336906,997.021962656819
1668428399.940908,2.767,-0.0020000000000002,-0.00435349,-0.0001595399999999,1.0,0.0,996.3018312283922,0.0,996.3018312283922
1668428459.7761524,2.764,-0.0030000000000001,-0.00451119,-0.0001577,1.0,0.0,996.3018312283922,0.0,996.3018312283922
1668428520.2652118,2.763,-0.0009999999999998,-0.00459096,-7.976999999999984e-05,1.0,0.0,996.3018312283922,0.0,996.3018312283922
1668428579.7835298,2.763,0.0,-0.00459096,0.0,1.0,0.0,996.3018312283922,0.0,996.3018312283922
1668428639.6141288,2.766,0.0030000000000001,-0.00439372,0.0001972399999999,0.0,1.0,0.0,360.19588981503694,996.3018312283922
1668428699.8168,2.768,0.0019999999999997,-0.00423417,0.00015955,0.0,1.0,0.0,360.19588981503694,997.022223008022
1668428759.6610403,2.772,0.004,-0.0035873,0.0006468699999999,0.0,1.0,0.0,360.19588981503694,998.4630065672824
1668428819.695763,2.774,0.0020000000000002,-0.00312643,0.0004608699999999,0.0,1.0,0.0,360.19588981503694,999.1833983469124
1668428879.6554494,2.776,0.0019999999999997,-0.00225858,0.0008678499999999,0.0,1.0,0.0,360.19588981503694,999.9037901265424
1668428939.800167,2.778,0.0020000000000002,-0.00209904,0.00015954,0.0,1.0,0.0,360.19588981503694,1000.6241819061726
1668428999.844784,2.778,0.0,-0.00209904,0.0,0.0,1.0,0.0,360.19588981503694,1000.6241819061726
1668429059.6694703,2.781,0.0030000000000001,-0.00029299,0.00180605,0.0,1.0,0.0,360.19588981503694,1001.7047695756178
1668429119.679803,2.781,0.0,-0.00029299,0.0,0.0,1.0,0.0,360.19588981503694,1001.7047695756178
1668429179.9167714,2.78,-0.0010000000000003,0.00068614,0.00097913,0.0,1.0,0.0,360.19588981503694,1001.3445736858026
1668429239.7788875,2.789,0.0090000000000003,0.0022247,0.00153856,0.0,1.0,0.0,360.19588981503694,1004.586336694138
1668429299.7794998,2.795,0.0059999999999997,0.00350658,0.00128188,0.0,1.0,0.0,360.19588981503694,1006.7475120330282
1668429359.7973907,2.798,0.0030000000000001,0.00477004,0.0012634599999999,0.0,1.0,0.0,360.19588981503694,1007.8280997024732
1668429419.7546556,2.794,-0.004,0.00489102,0.00012098,0.0,1.0,0.0,360.19588981503694,1006.3873161432132
1668429480.456765,2.792,-0.0020000000000002,0.00502144,0.00013042,0.0,1.0,0.0,360.19588981503694,1005.666924363583
1668429539.7938511,2.793,0.0010000000000003,0.00527026,0.0002488199999999,0.0,1.0,0.0,360.19588981503694,1006.0271202533984
1668429599.857411,2.794,0.0009999999999998,0.00511446,-0.0001557999999999,1.0,0.0,1006.3873161432132,0.0,1006.3873161432132
1668429659.8287058,2.795,0.0009999999999998,0.00532638,0.00021192,0.0,1.0,0.0,360.0670182981085,1006.3873161432132
1668429719.733596,2.797,0.0020000000000002,0.00559126,0.0002648799999999,0.0,1.0,0.0,360.0670182981085,1007.1074501798096
1668429780.0859349,2.795,-0.0020000000000002,0.00551393,-7.732999999999959e-05,1.0,0.0,1006.3873161432132,0.0,1006.3873161432132
1668429840.0148504,2.798,0.0030000000000001,0.00569233,0.0001783999999999,0.0,1.0,0.0,359.68095644861086,1006.3873161432132
1668429899.8401062,2.797,-0.0009999999999998,0.00568745,-4.8799999999996416e-06,1.0,0.0,1006.0276351867648,0.0,1006.0276351867648
1668429960.5676856,2.797,0.0,0.00568745,0.0,1.0,0.0,1006.0276351867648,0.0,1006.0276351867648
1668430019.826594,2.797,0.0,0.00568745,0.0,1.0,0.0,1006.0276351867648,0.0,1006.0276351867648
1668430079.6831148,2.799,0.0019999999999997,0.00577837,9.091999999999954e-05,0.0,1.0,0.0,359.4239496915916,1006.0276351867648
1668430139.907902,2.798,-0.0009999999999998,0.00569859,-7.977999999999978e-05,1.0,0.0,1005.6682112370733,0.0,1005.6682112370733
1668430199.7684903,2.798,0.0,0.00569859,0.0,1.0,0.0,1005.6682112370733,0.0,1005.6682112370733
1668430259.69637,2.798,0.0,0.00569859,0.0,1.0,0.0,1005.6682112370733,0.0,1005.6682112370733
1668430319.9045942,2.798,0.0,0.00569859,0.0,1.0,0.0,1005.6682112370733,0.0,1005.6682112370733
1668430379.748187,2.798,0.0,0.00569859,0.0,1.0,0.0,1005.6682112370733,0.0,1005.6682112370733
1668430440.4012902,2.8,0.0019999999999997,0.00580192,0.00010333,0.0,1.0,0.0,359.1672182989548,1005.6682112370733
1668430500.092044,2.799,-0.0009999999999998,0.00579858,-3.3400000000001137e-06,1.0,0.0,1005.3090440187746,0.0,1005.3090440187746
1668430559.8554034,2.799,0.0,0.00579858,0.0,1.0,0.0,1005.3090440187746,0.0,1005.3090440187746
1668430619.7371433,2.797,-0.0019999999999997,0.00550784,-0.00029074,1.0,0.0,1005.3090440187746,0.0,1005.3090440187746
1668430679.8000655,2.799,0.0019999999999997,0.00566738,0.0001595399999999,0.0,1.0,0.0,359.1672182989548,1005.3090440187746
1668430739.8615596,2.801,0.0020000000000002,0.00565051,-1.686999999999956e-05,1.0,0.0,1006.0273784553724,0.0,1006.0273784553724
1668430799.689198,2.801,0.0,0.00551653,-0.0001339799999999,1.0,0.0,1006.0273784553724,0.0,1006.0273784553724
1668430859.8688517,2.804,0.0029999999999996,0.00577278,0.0002562499999999,0.0,1.0,0.0,358.7829452408604,1006.0273784553724
1668430920.5095522,2.803,-0.0009999999999998,0.0055789,-0.0001938799999999,1.0,0.0,1005.6685955101316,0.0,1005.6685955101316
1668430980.015709,2.804,0.0009999999999998,0.0055057,-7.32000000000007e-05,1.0,0.0,1005.6685955101316,0.0,1005.6685955101316
1668431040.6326263,2.803,-0.0009999999999998,0.00530583,-0.0001998699999999,1.0,0.0,1005.6685955101316,0.0,1005.6685955101316
1668431100.7391243,2.804,0.0009999999999998,0.00516854,-0.0001372899999999,1.0,0.0,1005.6685955101316,0.0,1005.6685955101316
1668431160.478509,2.814,0.0100000000000002,0.0057998,0.0006312599999999,0.0,1.0,0.0,357.3804532729679,1005.6685955101316
1668431221.6056964,2.819,0.0049999999999998,0.00662714,0.00082734,0.0,1.0,0.0,357.3804532729679,1007.4554977764964
1668431281.6155188,2.799,-0.02,0.00566597,-0.0009611699999999,1.0,0.0,1000.3078887110372,0.0,1000.3078887110372
1668431341.629108,2.806,0.0070000000000001,0.00534425,-0.00032172,1.0,0.0,1000.3078887110372,0.0,1000.3078887110372
1668431402.3284206,2.791,-0.0150000000000001,0.00328039,-0.00206386,1.0,0.0,1000.3078887110372,0.0,1000.3078887110372
1668431463.029637,2.792,0.0009999999999998,0.00269943,-0.00058096,1.0,0.0,1000.3078887110372,0.0,1000.3078887110372
1668431522.1904728,2.796,0.004,0.00221827,-0.00048116,1.0,0.0,1000.3078887110372,0.0,1000.3078887110372
1668431583.0183136,2.812,0.016,0.00296736,0.00074909,0.0,1.0,0.0,355.72826767817827,1000.3078887110372
1668431643.248779,2.839,0.0270000000000001,0.0056127,0.00264534,0.0,1.0,0.0,355.72826767817827,1009.912551938348
1668431703.1334815,2.867,0.028,0.01176513,0.00615243,0.0,1.0,0.0,355.72826767817827,1019.8729434333372
1668431764.0576837,2.867,0.0,0.01513066,0.00336553,0.0,1.0,0.0,355.72826767817827,1019.8729434333372
1668431824.0853543,2.859,-0.008,0.01639437,0.0012637099999999,0.0,1.0,0.0,355.72826767817827,1017.0271172919116
1668431884.0806684,2.849,-0.0099999999999997,0.01627672,-0.0001176499999999,1.0,0.0,1013.46983461513,0.0,1013.46983461513
1668431944.974372,2.858,0.0089999999999998,0.01659565,0.0003189299999999,0.0,1.0,0.0,354.6080596973863,1013.46983461513
1668432004.9404368,2.855,-0.0030000000000001,0.01666707,7.141999999999912e-05,0.0,1.0,0.0,354.6080596973863,1012.4060104360378
1668432064.8941636,2.85,-0.0049999999999998,0.01613423,-0.0005328399999999,1.0,0.0,1010.632970137551,0.0,1010.632970137551
1668432125.6896625,2.856,0.0059999999999997,0.01601154,-0.0001226899999999,1.0,0.0,1010.632970137551,0.0,1010.632970137551
1668432185.65907,2.863,0.0070000000000001,0.01635293,0.00034139,0.0,1.0,0.0,352.99789386571814,1010.6329701375512
1668432245.7308323,2.886,0.0230000000000001,0.01820631,0.0018533799999999,0.0,1.0,0.0,352.99789386571814,1018.7519216964624
1668432306.695516,2.884,-0.0020000000000002,0.01941454,0.00120823,0.0,1.0,0.0,352.99789386571814,1018.0459259087312
1668432366.810026,2.878,-0.0059999999999997,0.01935151,-6.303000000000211e-05,1.0,0.0,1015.9279385455368,0.0,1015.9279385455368
1668432426.7374332,2.879,0.0009999999999998,0.01934887,-2.6399999999982e-06,1.0,0.0,1015.9279385455368,0.0,1015.9279385455368
1668432487.5685253,2.879,0.0,0.0191263,-0.00022257,1.0,0.0,1015.9279385455368,0.0,1015.9279385455368
1668432547.5627272,2.889,0.0099999999999997,0.01959327,0.00046697,0.0,1.0,0.0,351.653838195063,1015.9279385455368
1668432607.5099828,2.894,0.0050000000000003,0.02038015,0.00078688,0.0,1.0,0.0,351.653838195063,1017.6862077365124
1668432668.5297017,2.895,0.0009999999999998,0.02090123,0.00052108,0.0,1.0,0.0,351.653838195063,1018.0378615747072
1668432728.299438,2.887,-0.008,0.01999652,-0.0009047099999999,1.0,0.0,1015.2246308691468,0.0,1015.2246308691468
1668432788.2316396,2.884,-0.0030000000000001,0.018883,-0.0011135199999999,1.0,0.0,1015.2246308691468,0.0,1015.2246308691468
1668432849.4650395,2.88,-0.004,0.01741472,-0.0014682799999999,1.0,0.0,1015.2246308691468,0.0,1015.2246308691468
1668432909.5070589,2.892,0.012,0.0175168,0.0001020799999999,0.0,1.0,0.0,351.0458612963855,1015.2246308691468
1668432969.5596166,2.89,-0.0019999999999997,0.0168617,-0.0006550999999999,1.0,0.0,1014.5225391465542,0.0,1014.5225391465542
1668433030.317752,2.886,-0.004,0.01577471,-0.0010869899999999,1.0,0.0,1014.5225391465542,0.0,1014.5225391465542
1668433090.3096547,2.873,-0.0129999999999999,0.01370626,-0.00206845,1.0,0.0,1014.5225391465542,0.0,1014.5225391465542
1668433150.3330245,2.87,-0.0030000000000001,0.01169018,-0.00201608,1.0,0.0,1014.5225391465542,0.0,1014.5225391465542
1668433210.9812603,2.876,0.0059999999999997,0.00960317,-0.00208701,1.0,0.0,1014.5225391465542,0.0,1014.5225391465542
1668433271.0285418,2.874,-0.0019999999999997,0.00842472,-0.0011784499999999,1.0,0.0,1014.5225391465542,0.0,1014.5225391465542
1668433331.0799167,2.88,0.0059999999999997,0.00819201,-0.00023271,1.0,0.0,1014.5225391465542,0.0,1014.5225391465542
1668433391.811714,2.875,-0.0049999999999998,0.00689702,-0.0012949899999999,1.0,0.0,1014.5225391465542,0.0,1014.5225391465542
1668433451.7945452,2.875,0.0,0.00689702,0.0,1.0,0.0,1014.5225391465542,0.0,1014.5225391465542
1668433511.822361,2.872,-0.0030000000000001,0.00581542,-0.0010816,1.0,0.0,1014.5225391465542,0.0,1014.5225391465542
1668433572.9473624,2.87,-0.0019999999999997,0.00395806,-0.0018573599999999,1.0,0.0,1014.5225391465542,0.0,1014.5225391465542
1668433632.752992,2.876,0.0059999999999997,0.00443669,0.0004786299999999,0.0,1.0,0.0,352.75470763092983,1014.522539146554
1668433693.066784,2.881,0.0049999999999998,0.00443083,-5.859999999999893e-06,1.0,0.0,1016.2863126847088,0.0,1016.2863126847088
1668433753.4434435,2.882,0.0010000000000003,0.0045106,7.976999999999984e-05,0.0,1.0,0.0,352.6323083569427,1016.286312684709
1668433813.4828267,2.815,-0.0670000000000001,-0.00537973,-0.00989033,1.0,0.0,992.6599480247936,0.0,992.6599480247936
1668433873.4454868,2.767,-0.048,-0.01525687,-0.00987714,1.0,0.0,992.6599480247936,0.0,992.6599480247936
1668433934.3671668,2.721,-0.0459999999999998,-0.02657057,-0.0113137,1.0,0.0,992.6599480247936,0.0,992.6599480247936
1668433994.6724849,2.755,0.0339999999999998,-0.02720047,-0.0006298999999999,1.0,0.0,992.6599480247936,0.0,992.6599480247936
1668434054.2480326,2.747,-0.008,-0.03070149,-0.00350102,1.0,0.0,992.6599480247936,0.0,992.6599480247936
1668434115.3011012,2.742,-0.0049999999999998,-0.0331773,-0.0024758099999999,1.0,0.0,992.6599480247936,0.0,992.6599480247936
1668434175.2579467,2.751,0.0089999999999998,-0.03333987,-0.00016257,1.0,0.0,992.6599480247936,0.0,992.6599480247936
1668434235.3950064,2.812,0.0609999999999999,-0.02484009,0.00849978,0.0,1.0,0.0,353.00851636728083,992.6599480247936
1668434296.091928,2.79,-0.0219999999999997,-0.02488259,-4.250000000000087e-05,1.0,0.0,984.8937606647136,0.0,984.8937606647136
1668434355.9803126,2.785,-0.0049999999999998,-0.02433368,0.0005489099999999,0.0,1.0,0.0,353.64228390115386,984.8937606647136
1668434416.2510047,2.782,-0.0030000000000001,-0.02336292,0.00097076,0.0,1.0,0.0,353.64228390115386,983.83283381301
1668434477.3353367,2.761,-0.0209999999999999,-0.02505563,-0.00169271,1.0,0.0,976.4063458510858,0.0,976.4063458510858
1668434536.726026,2.771,0.0099999999999997,-0.02367904,0.00137659,0.0,1.0,0.0,352.3660576871476,976.4063458510858
1668434596.9705772,2.767,-0.004,-0.02320952,0.0004695199999999,0.0,1.0,0.0,352.3660576871476,974.9968816203374
1668434658.2398522,2.77,0.0030000000000001,-0.0229702,0.00023932,0.0,1.0,0.0,352.3660576871476,976.0539797933988
1668434718.1212523,2.767,-0.0030000000000001,-0.02116748,0.00180272,0.0,1.0,0.0,352.3660576871476,974.9968816203374
1668434778.0678062,2.78,0.0129999999999999,-0.01840166,0.0027658199999999,0.0,1.0,0.0,352.3660576871476,979.5776403702704
1668434839.0405347,2.785,0.0050000000000003,-0.01625478,0.00214688,0.0,1.0,0.0,352.3660576871476,981.339470658706
1668434899.230404,2.798,0.0129999999999999,-0.01316933,0.00308545,0.0,1.0,0.0,352.3660576871476,985.920229408639
1668434959.051313,2.788,-0.0100000000000002,-0.01226823,0.0009011,0.0,1.0,0.0,352.3660576871476,982.3965688317674
1668435020.893787,2.792,0.004,-0.01194914,0.0003190899999999,0.0,1.0,0.0,352.3660576871476,983.806033062516
1668435079.8141043,2.789,-0.0029999999999996,-0.00946479,0.0024843499999999,0.0,1.0,0.0,352.3660576871476,982.7489348894546
1668435139.864704,2.782,-0.0070000000000001,-0.00953508,-7.02899999999989e-05,1.0,0.0,980.2823724856446,0.0,980.2823724856446
1668435200.6642165,2.783,0.0009999999999998,-0.00865536,0.0008797199999999,0.0,1.0,0.0,352.2394439402244,980.2823724856444
1668435260.487169,2.778,-0.0049999999999998,-0.00905422,-0.0003988599999999,1.0,0.0,978.5211752659436,0.0,978.5211752659436
1668435320.618167,2.774,-0.004,-0.00864621,0.00040801,0.0,1.0,0.0,352.74735950466606,978.5211752659436
1668435381.6579156,2.772,-0.0020000000000002,-0.00878921,-0.000143,1.0,0.0,977.8156805469342,0.0,977.8156805469342
1668435441.5379124,2.764,-0.008,-0.00987039,-0.0010811799999999,1.0,0.0,977.8156805469342,0.0,977.8156805469342
1668435502.580295,2.763,-0.0009999999999998,-0.01018567,-0.00031528,1.0,0.0,977.8156805469342,0.0,977.8156805469342
1668435562.4031568,2.763,0.0,-0.01019434,-8.669999999998818e-06,1.0,0.0,977.8156805469342,0.0,977.8156805469342
1668435622.368524,2.749,-0.0139999999999997,-0.0124363,-0.00224196,1.0,0.0,977.8156805469342,0.0,977.8156805469342
1668435682.2626495,2.754,0.0049999999999998,-0.01302088,-0.0005845799999999,1.0,0.0,977.8156805469342,0.0,977.8156805469342
1668435743.1220748,2.748,-0.0059999999999997,-0.01374117,-0.00072029,1.0,0.0,977.8156805469342,0.0,977.8156805469342
1668435803.1151924,2.74,-0.008,-0.01478163,-0.00104046,1.0,0.0,977.8156805469342,0.0,977.8156805469342
1668435863.037733,2.75,0.0099999999999997,-0.01370133,0.0010803,0.0,1.0,0.0,355.56933838070336,977.8156805469342
1668435924.088789,2.749,-0.0009999999999998,-0.01346424,0.0002370899999999,0.0,1.0,0.0,355.56933838070336,977.4601112085536
1668435984.5580952,2.745,-0.004,-0.01378333,-0.0003190899999999,1.0,0.0,976.0378338550308,0.0,976.0378338550308
1668436044.0453894,2.743,-0.0020000000000002,-0.01397141,-0.00018808,1.0,0.0,976.0378338550308,0.0,976.0378338550308
1668436104.979674,2.734,-0.0089999999999998,-0.01486678,-0.0008953699999999,1.0,0.0,976.0378338550308,0.0,976.0378338550308
1668436164.896063,2.741,0.0070000000000001,-0.01404834,0.00081844,0.0,1.0,0.0,356.0882283309124,976.0378338550308
1668436224.922241,2.738,-0.0030000000000001,-0.01385861,0.0001897299999999,0.0,1.0,0.0,356.0882283309124,974.969569170038
1668436285.6014743,2.744,0.0060000000000002,-0.01227,0.00158861,0.0,1.0,0.0,356.0882283309124,977.1060985400236
1668436345.5778997,2.751,0.0069999999999996,-0.01082894,0.0014410599999999,0.0,1.0,0.0,356.0882283309124,979.59871613834
1668436405.6635382,2.745,-0.0059999999999997,-0.01048807,0.00034087,0.0,1.0,0.0,356.0882283309124,977.4621867683544
1668436467.0559192,2.732,-0.0129999999999999,-0.0116883,-0.00120023,1.0,0.0,972.8330398000528,0.0,972.8330398000528
1668436527.007051,2.727,-0.0050000000000003,-0.01269681,-0.0010085099999999,1.0,0.0,972.8330398000528,0.0,972.8330398000528
1668436587.0407832,2.715,-0.012,-0.01453589,-0.0018390799999999,1.0,0.0,972.8330398000528,0.0,972.8330398000528
1668436648.1701946,2.712,-0.0029999999999996,-0.01566725,-0.00113136,1.0,0.0,972.8330398000528,0.0,972.8330398000528
1668436708.0271757,2.712,0.0,-0.0158126,-0.0001453499999999,1.0,0.0,972.8330398000528,0.0,972.8330398000528
1668436768.2043433,2.714,0.0019999999999997,-0.01527879,0.0005338099999999,0.0,1.0,0.0,358.44990412676964,972.8330398000528
1668436828.955525,2.721,0.0070000000000001,-0.01370144,0.00157735,0.0,1.0,0.0,358.44990412676964,975.3421891289402
1668436888.9338255,2.718,-0.0030000000000001,-0.01348357,0.00021787,0.0,1.0,0.0,358.44990412676964,974.2668394165598
1668436948.997132,2.725,0.0070000000000001,-0.01229014,0.00119343,0.0,1.0,0.0,358.44990412676964,976.7759887454472
1668437010.1436586,2.72,-0.0049999999999998,-0.01217004,0.0001200999999999,0.0,1.0,0.0,358.44990412676964,974.9837392248136
1668437070.780003,2.716,-0.004,-0.01200362,0.00016642,0.0,1.0,0.0,358.44990412676964,973.5499396083064
1668437129.9496045,2.713,-0.0030000000000001,-0.01184985,0.0001537699999999,0.0,1.0,0.0,358.44990412676964,972.474589895926
1668437190.7388277,2.717,0.004,-0.01115116,0.00069869,0.0,1.0,0.0,358.44990412676964,973.9083895124332
1668437249.9834895,2.704,-0.0129999999999999,-0.01243847,-0.0012873099999999,1.0,0.0,969.2485407587852,0.0,969.2485407587852
1668437309.941331,2.715,0.0109999999999996,-0.01075214,0.0016863299999999,0.0,1.0,0.0,356.99762090563,969.2485407587852
1668437370.0801072,2.718,0.0030000000000001,-0.00932727,0.00142487,0.0,1.0,0.0,356.99762090563,970.3195336215024
1668437429.8808937,2.726,0.008,-0.00753622,0.00179105,0.0,1.0,0.0,356.99762090563,973.1755145887474
1668437490.1288185,2.727,0.0009999999999998,-0.00622096,0.0013152599999999,0.0,1.0,0.0,356.99762090563,973.532512209653
1668437550.0143518,2.731,0.004,-0.00474255,0.00147841,0.0,1.0,0.0,356.99762090563,974.9605026932755
1668437610.159911,2.731,0.0,-0.00474255,0.0,0.0,1.0,0.0,356.99762090563,974.9605026932755
1668437670.1260998,2.729,-0.0019999999999997,-0.00331503,0.0014275199999999,0.0,1.0,0.0,356.99762090563,974.2465074514644
1668437729.9647455,2.738,0.0089999999999998,-0.00177544,0.00153959,0.0,1.0,0.0,356.99762090563,977.459486039615
1668437790.0879877,2.738,0.0,-0.00098465,0.00079079,0.0,1.0,0.0,356.99762090563,977.459486039615
1668437850.00171,2.742,0.004,-0.00066556,0.0003190899999999,0.0,1.0,0.0,356.99762090563,978.8874765232376
1668437910.0081494,2.741,-0.0009999999999998,0.00103633,0.00170189,0.0,1.0,0.0,356.99762090563,978.530478902332
1668437970.1143837,2.74,-0.0009999999999998,0.00168327,0.0006469399999999,0.0,1.0,0.0,356.99762090563,978.1734812814263
1668438030.08054,2.74,0.0,0.00192187,0.0002386,0.0,1.0,0.0,356.99762090563,978.1734812814263
1668438090.0117967,2.755,0.0149999999999996,0.00414665,0.00222478,0.0,1.0,0.0,356.99762090563,983.5284455950108
1668438150.0260775,2.748,-0.0069999999999996,0.00358825,-0.0005584,1.0,0.0,981.0294622486714,0.0,981.0294622486714
1668438210.1481068,2.746,-0.0020000000000002,0.00388089,0.00029264,0.0,1.0,0.0,357.2576337395016,981.0294622486714
1668438270.011888,2.749,0.0030000000000001,0.00458867,0.00070778,0.0,1.0,0.0,357.2576337395016,982.10123514989
1668438330.044777,2.743,-0.0060000000000002,0.00415662,-0.00043205,1.0,0.0,979.9576893474529,0.0,979.9576893474529
1668438390.134687,2.746,0.0030000000000001,0.00439593,0.00023931,0.0,1.0,0.0,356.8673304251467,979.9576893474529
1668438450.2318244,2.746,0.0,0.00414939,-0.0002465399999999,1.0,0.0,979.9576893474529,0.0,979.9576893474529
1668438510.0270398,2.75,0.004,0.00459651,0.0004471199999999,0.0,1.0,0.0,356.34825067180105,979.9576893474529
1668438569.9804397,2.751,0.0009999999999998,0.00484739,0.00025088,0.0,1.0,0.0,356.34825067180105,980.3140375981246
1668438629.9992108,2.751,0.0,0.00455576,-0.00029163,1.0,0.0,980.3140375981246,0.0,980.3140375981246
1668438689.9960656,2.75,-0.0009999999999998,0.00447599,-7.976999999999984e-05,1.0,0.0,980.3140375981246,0.0,980.3140375981246
1668438750.1665242,2.747,-0.0030000000000001,0.00420718,-0.00026881,1.0,0.0,980.3140375981246,0.0,980.3140375981246
1668438810.027303,2.743,-0.004,0.00362954,-0.0005776399999999,1.0,0.0,980.3140375981246,0.0,980.3140375981246
1668438870.1299036,2.748,0.0050000000000003,0.00353447,-9.507000000000004e-05,1.0,0.0,980.3140375981246,0.0,980.3140375981246
1668438930.0399964,2.754,0.0059999999999997,0.00413899,0.00060452,0.0,1.0,0.0,355.96007174950057,980.3140375981246
1668438990.0005138,2.754,0.0,0.00413899,0.0,0.0,1.0,0.0,355.96007174950057,980.3140375981246
1668439050.1536746,2.754,0.0,0.00413899,0.0,0.0,1.0,0.0,355.96007174950057,980.3140375981246
1668439110.1063118,2.753,-0.0009999999999998,0.00426259,0.0001235999999999,0.0,1.0,0.0,355.96007174950057,979.9580775263752
1668439170.0637915,2.747,-0.0060000000000002,0.00316714,-0.00109545,1.0,0.0,977.822317095878,0.0,977.822317095878
1668439230.081801,2.744,-0.0029999999999996,0.00259596,-0.00057118,1.0,0.0,977.822317095878,0.0,977.822317095878
1668439289.9742577,2.738,-0.0060000000000002,0.00164024,-0.00095572,1.0,0.0,977.822317095878,0.0,977.822317095878
1668439350.7539666,2.733,-0.0049999999999998,0.00072027,-0.00091997,1.0,0.0,977.822317095878,0.0,977.822317095878
1668439410.0996318,2.736,0.0030000000000001,0.00095958,0.00023931,0.0,1.0,0.0,357.39119776896126,977.822317095878
1668439470.3277152,2.726,-0.0100000000000002,-0.00193397,-0.00289355,1.0,0.0,974.2484051181884,0.0,974.2484051181884
1668439530.1403856,2.725,-0.0009999999999998,-0.00301059,-0.00107662,1.0,0.0,974.2484051181884,0.0,974.2484051181884
1668439590.1265826,2.725,0.0,-0.0036341,-0.0006235099999999,1.0,0.0,974.2484051181884,0.0,974.2484051181884
1668439650.060271,2.712,-0.0129999999999999,-0.00555118,-0.00191708,1.0,0.0,974.2484051181884,0.0,974.2484051181884
1668439710.1903949,2.713,0.0009999999999998,-0.00622809,-0.00067691,1.0,0.0,974.2484051181884,0.0,974.2484051181884
1668439770.0561445,2.709,-0.004,-0.00793586,-0.0017077699999999,1.0,0.0,974.2484051181884,0.0,974.2484051181884
1668439830.9059236,2.713,0.004,-0.00817866,-0.0002428,1.0,0.0,974.2484051181884,0.0,974.2484051181884
1668439890.0729644,2.704,-0.0089999999999998,-0.00961135,-0.0014326899999999,1.0,0.0,974.2484051181884,0.0,974.2484051181884
1668439950.058997,2.695,-0.0090000000000003,-0.01121179,-0.0016004399999999,1.0,0.0,974.2484051181884,0.0,974.2484051181884
1668440009.9536996,2.707,0.012,-0.0101434,0.0010683899999999,0.0,1.0,0.0,359.89966941935296,974.2484051181884
1668440070.031907,2.717,0.0100000000000002,-0.00902166,0.0011217399999999,0.0,1.0,0.0,359.89966941935296,977.847401812382
1668440130.2630458,2.711,-0.0060000000000002,-0.00901498,6.680000000000227e-06,0.0,1.0,0.0,359.89966941935296,975.6880037958658
1668440190.236776,2.705,-0.0059999999999997,-0.00949361,-0.0004786299999999,1.0,0.0,973.5286057793496,0.0,973.5286057793496
1668440250.189643,2.723,0.0179999999999997,-0.00723096,0.0022626499999999,0.0,1.0,0.0,357.52060439932046,973.5286057793496
1668440311.1828964,2.716,-0.0069999999999996,-0.00685992,0.0003710399999999,0.0,1.0,0.0,357.52060439932046,971.0259615485544
1668440370.1268508,2.72,0.004,-0.00592287,0.00093705,0.0,1.0,0.0,357.52060439932046,972.4560439661516
1668440430.2214174,2.719,-0.0010000000000003,-0.00520189,0.00072098,0.0,1.0,0.0,357.52060439932046,972.0985233617524
1668440490.0617192,2.723,0.004,-0.00401321,0.00118868,0.0,1.0,0.0,357.52060439932046,973.5286057793496
1668440550.1702132,2.721,-0.0019999999999997,-0.00417275,-0.00015954,1.0,0.0,972.813564570551,0.0,972.813564570551
1668440610.386961,2.723,0.0019999999999997,-0.00288313,0.00128962,0.0,1.0,0.0,357.2580112267907,972.8135645705512
1668440670.1001248,2.722,-0.0009999999999998,-0.0029629,-7.977000000000027e-05,1.0,0.0,972.4563065593244,0.0,972.4563065593244
1668440730.0443652,2.723,0.0009999999999998,-0.00202134,0.00094156,0.0,1.0,0.0,357.126811075771,972.4563065593244
1668440791.1058538,2.73,0.0070000000000001,-0.00091879,0.0011025499999999,0.0,1.0,0.0,357.126811075771,974.9561942368548
1668440850.1871283,2.73,0.0,-0.00023201,0.0006867799999999,0.0,1.0,0.0,357.126811075771,974.9561942368548
1668440910.1256745,2.72,-0.0099999999999997,-0.00104331,-0.0008113,1.0,0.0,971.3849261260972,0.0,971.3849261260972
1668440970.1383555,2.719,-0.0010000000000003,-0.00130752,-0.0002642099999999,1.0,0.0,971.3849261260972,0.0,971.3849261260972
1668441030.4988935,2.723,0.004,-0.00098843,0.0003190899999999,0.0,1.0,0.0,356.7333551693343,971.3849261260972
1668441090.2033968,2.722,-0.0009999999999998,-0.00080087,0.00018756,0.0,1.0,0.0,356.7333551693343,971.028192770928
1668441150.068223,2.737,0.0150000000000001,0.00133611,0.00213698,0.0,1.0,0.0,356.7333551693343,976.379193098468
1668441210.1298416,2.737,0.0,0.00230494,0.00096883,0.0,1.0,0.0,356.7333551693343,976.379193098468
1668441270.28761,2.738,0.0009999999999998,0.00280681,0.0005018699999999,0.0,1.0,0.0,356.7333551693343,976.7359264536371
1668441330.120745,2.74,0.0020000000000002,0.00345258,0.0006457699999999,0.0,1.0,0.0,356.7333551693343,977.449393163976
1668441390.312826,2.74,0.0,0.00345258,0.0,0.0,1.0,0.0,356.7333551693343,977.449393163976
1668441450.1487055,2.74,0.0,0.00405531,0.00060273,0.0,1.0,0.0,356.7333551693343,977.449393163976
1668441510.2345085,2.739,-0.0010000000000003,0.00422347,0.0001681599999999,0.0,1.0,0.0,356.7333551693343,977.0926598088066
1668441570.1192338,2.739,0.0,0.00422347,0.0,0.0,1.0,0.0,356.7333551693343,977.0926598088066
1668441630.0211942,2.74,0.0010000000000003,0.00438687,0.0001634,0.0,1.0,0.0,356.7333551693343,977.449393163976
1668441691.0725658,2.732,-0.008,0.00352901,-0.00085786,1.0,0.0,974.5955263226214,0.0,974.5955263226214
1668441750.264263,2.731,-0.0010000000000003,0.00304987,-0.0004791399999999,1.0,0.0,974.5955263226214,0.0,974.5955263226214
1668441810.329476,2.737,0.0060000000000002,0.00352851,0.0004786399999999,0.0,1.0,0.0,356.08166836778275,974.5955263226216
1668441870.204761,2.736,-0.0009999999999998,0.00322581,-0.0003026999999999,1.0,0.0,974.2394446542536,0.0,974.2394446542536
1668441930.329802,2.737,0.0009999999999998,0.00311244,-0.0001133699999999,1.0,0.0,974.2394446542536,0.0,974.2394446542536
1668441990.197884,2.741,0.004,0.00373838,0.0006259399999999,0.0,1.0,0.0,355.43212136236906,974.2394446542536
1668442050.2865458,2.739,-0.0020000000000002,0.00346596,-0.0002724199999999,1.0,0.0,973.5285804115288,0.0,973.5285804115288
1668442110.2197163,2.737,-0.0019999999999997,0.00330641,-0.00015955,1.0,0.0,973.5285804115288,0.0,973.5285804115288
1668442170.200107,2.742,0.0049999999999998,0.00345416,0.0001477499999999,0.0,1.0,0.0,355.0432459560645,973.5285804115288
1668442230.2227774,2.742,0.0,0.00345416,0.0,0.0,1.0,0.0,355.0432459560645,973.5285804115288
1668442290.2234402,2.724,-0.0179999999999997,0.00137519,-0.00207897,1.0,0.0,967.1378019843196,0.0,967.1378019843196
1668442350.1906295,2.717,-0.0070000000000001,-0.00050712,-0.00188231,1.0,0.0,967.1378019843196,0.0,967.1378019843196
1668442410.278285,2.711,-0.0060000000000002,-0.00238766,-0.00188054,1.0,0.0,967.1378019843196,0.0,967.1378019843196
1668442470.330724,2.711,0.0,-0.00358291,-0.0011952499999999,1.0,0.0,967.1378019843196,0.0,967.1378019843196
1668442530.179629,2.713,0.0020000000000002,-0.00342336,0.00015955,0.0,1.0,0.0,356.4827873145299,967.1378019843196
1668442590.16081,2.704,-0.0089999999999998,-0.00585308,-0.00242972,1.0,0.0,963.9294568984888,0.0,963.9294568984888
1668442650.2685251,2.691,-0.0130000000000003,-0.0085331,-0.00268002,1.0,0.0,963.9294568984888,0.0,963.9294568984888
1668442710.3866987,2.681,-0.0099999999999997,-0.01107421,-0.0025411099999999,1.0,0.0,963.9294568984888,0.0,963.9294568984888
1668442770.1490629,2.681,0.0,-0.01219074,-0.00111653,1.0,0.0,963.9294568984888,0.0,963.9294568984888
1668442830.567144,2.68,-0.0009999999999998,-0.01313135,-0.0009406099999999,1.0,0.0,963.9294568984888,0.0,963.9294568984888
1668442890.4029276,2.684,0.004,-0.0132148,-8.345000000000054e-05,1.0,0.0,963.9294568984888,0.0,963.9294568984888
1668442950.1727374,2.685,0.0009999999999998,-0.01313503,7.976999999999984e-05,0.0,1.0,0.0,359.0053843197351,963.9294568984886
1668443010.257824,2.683,-0.0020000000000002,-0.01321699,-8.195999999999898e-05,1.0,0.0,963.2114461298492,0.0,963.2114461298492
1668443070.2545974,2.688,0.0050000000000003,-0.01202235,0.00119464,0.0,1.0,0.0,358.3375915661641,963.2114461298492
1668443130.4382117,2.69,0.0019999999999997,-0.01135414,0.0006682099999999,0.0,1.0,0.0,358.3375915661641,963.9281213129816
1668443190.2366178,2.695,0.0049999999999998,-0.010181,0.0011731399999999,0.0,1.0,0.0,358.3375915661641,965.7198092708122
1668443250.2415042,2.694,-0.0009999999999998,-0.00953721,0.00064379,0.0,1.0,0.0,358.3375915661641,965.3614716792462
1668443310.4545004,2.698,0.004,-0.00921812,0.00031909,0.0,1.0,0.0,358.3375915661641,966.7948220455108
1668443370.1668658,2.701,0.0030000000000001,-0.00705523,0.0021628899999999,0.0,1.0,0.0,358.3375915661641,967.8698348202092
1668443430.194424,2.707,0.0059999999999997,-0.00552667,0.00152856,0.0,1.0,0.0,358.3375915661641,970.0198603696062
1668443490.3721464,2.702,-0.0049999999999998,-0.00485246,0.0006742099999999,0.0,1.0,0.0,358.3375915661641,968.2281724117754
1668443550.8873763,2.692,-0.0099999999999997,-0.00565018,-0.00079772,1.0,0.0,964.6447964961138,0.0,964.6447964961138
1668443610.1900003,2.692,0.0,-0.00511694,0.0005332399999999,0.0,1.0,0.0,358.3375915661641,964.6447964961138
1668443670.33627,2.698,0.0059999999999997,-0.00461478,0.00050216,0.0,1.0,0.0,358.3375915661641,966.7948220455108
1668443730.2379448,2.705,0.0070000000000001,-0.00299537,0.00161941,0.0,1.0,0.0,358.3375915661641,969.303185186474
1668443790.4047563,2.714,0.0089999999999998,-0.00147723,0.0015181399999999,0.0,1.0,0.0,358.3375915661641,972.5282235105694
1668443850.317553,2.71,-0.004,-0.00083915,0.00063808,0.0,1.0,0.0,358.3375915661641,971.0948731443048
1668443910.3349264,2.708,-0.0019999999999997,-0.00079626,4.288999999999997e-05,0.0,1.0,0.0,358.3375915661641,970.3781979611724
1668443970.339866,2.71,0.0019999999999997,-0.00063671,0.00015955,0.0,1.0,0.0,358.3375915661641,971.0948731443048
1668444030.2375476,2.71,0.0,-9.585e-05,0.00054086,0.0,1.0,0.0,358.3375915661641,971.0948731443048
1668444090.3488796,2.705,-0.0049999999999998,-0.00037782,-0.00028197,1.0,0.0,969.303185186474,0.0,969.303185186474
1668444150.2720397,2.711,0.0059999999999997,0.00062783,0.00100565,0.0,1.0,0.0,357.544516852259,969.303185186474
1668444210.29168,2.709,-0.0019999999999997,0.00074995,0.0001221199999999,0.0,1.0,0.0,357.544516852259,968.5880961527696
1668444270.258327,2.708,-0.0009999999999998,0.00069663,-5.332000000000004e-05,1.0,0.0,968.2305516359174,0.0,968.2305516359174
1668444330.266827,2.7,-0.008,1.055e-05,-0.0006860799999999,1.0,0.0,968.2305516359174,0.0,968.2305516359174
1668444390.3862472,2.705,0.0049999999999998,0.00018154,0.00017099,0.0,1.0,0.0,357.9410542092116,968.2305516359172
1668444450.531038,2.71,0.0049999999999998,0.00077116,0.00058962,0.0,1.0,0.0,357.9410542092116,970.0202569069634
1668444510.3923624,2.71,0.0,0.00077116,0.0,0.0,1.0,0.0,357.9410542092116,970.0202569069634
1668444570.2770505,2.71,0.0,0.00097432,0.0002031599999999,0.0,1.0,0.0,357.9410542092116,970.0202569069634
1668444630.332935,2.709,-0.0009999999999998,0.00120743,0.00023311,0.0,1.0,0.0,357.9410542092116,969.6623158527542
1668444690.3103282,2.708,-0.0009999999999998,0.00112766,-7.977000000000006e-05,1.0,0.0,969.304374798545,0.0,969.304374798545
1668444750.2933657,2.713,0.0049999999999998,0.00169541,0.00056775,0.0,1.0,0.0,357.28137663049944,969.304374798545
1668444810.3851094,2.703,-0.0100000000000002,0.00089769,-0.00079772,1.0,0.0,965.73156103224,0.0,965.73156103224
1668444870.460622,2.703,0.0,0.00089769,0.0,1.0,0.0,965.73156103224,0.0,965.73156103224
1668444930.4059556,2.704,0.0010000000000003,0.00053036,-0.00036733,1.0,0.0,965.73156103224,0.0,965.73156103224
1668444990.3663318,2.701,-0.0030000000000001,-2.8e-06,-0.00053316,1.0,0.0,965.73156103224,0.0,965.73156103224
1668445050.4392514,2.701,0.0,-0.00042048,-0.0004176799999999,1.0,0.0,965.73156103224,0.0,965.73156103224
1668445110.3351128,2.7,-0.0009999999999998,-0.00050025,-7.977000000000006e-05,1.0,0.0,965.73156103224,0.0,965.73156103224
1668445170.4205258,2.701,0.0009999999999998,-0.00080453,-0.00030428,1.0,0.0,965.73156103224,0.0,965.73156103224
1668445230.3968875,2.709,0.008,-0.00013224,0.00067229,0.0,1.0,0.0,356.4900557520266,965.73156103224
1668445290.4574628,2.711,0.0019999999999997,0.00023602,0.00036826,0.0,1.0,0.0,356.4900557520266,966.444541143744
1668445350.3259084,2.715,0.004,0.00114981,0.00091379,0.0,1.0,0.0,356.4900557520266,967.870501366752
1668445410.2396848,2.72,0.0050000000000003,0.0020631,0.00091329,0.0,1.0,0.0,356.4900557520266,969.6529516455124
1668445470.3561797,2.71,-0.0100000000000002,0.00195649,-0.00010661,1.0,0.0,966.088051087992,0.0,966.088051087992
1668445530.3795292,2.71,0.0,0.00191135,-4.513999999999994e-05,1.0,0.0,966.088051087992,0.0,966.088051087992
1668445590.3895812,2.709,-0.0009999999999998,0.00127989,-0.0006314599999999,1.0,0.0,966.088051087992,0.0,966.088051087992
1668445650.3815496,2.712,0.0030000000000001,0.00163124,0.0003513499999999,0.0,1.0,0.0,356.227157480823,966.088051087992
1668445710.577767,2.714,0.0019999999999997,0.00179079,0.00015955,0.0,1.0,0.0,356.227157480823,966.8005054029536
1668445770.6206198,2.714,0.0,0.00179079,0.0,0.0,1.0,0.0,356.227157480823,966.8005054029536
1668445830.3603373,2.715,0.0009999999999998,0.00200043,0.00020964,0.0,1.0,0.0,356.227157480823,967.1567325604344
1668445890.2528384,2.715,0.0,0.00200043,0.0,0.0,1.0,0.0,356.227157480823,967.1567325604344
1668445950.4073758,2.716,0.0010000000000003,0.00222166,0.0002212299999999,0.0,1.0,0.0,356.227157480823,967.5129597179154
1668446010.2680182,2.715,-0.0010000000000003,0.00228989,6.823000000000029e-05,0.0,1.0,0.0,356.227157480823,967.1567325604344
1668446070.5092108,2.723,0.008,0.00292807,0.0006381799999999,0.0,1.0,0.0,356.227157480823,970.006549820281
1668446130.509995,2.717,-0.0059999999999997,0.00290793,-2.014000000000009e-05,1.0,0.0,967.869186875396,0.0,967.869186875396
1668446190.471575,2.714,-0.0030000000000001,0.0026822,-0.0002257299999999,1.0,0.0,967.869186875396,0.0,967.869186875396
1668446250.35972,2.721,0.0070000000000001,0.00303319,0.0003509899999999,0.0,1.0,0.0,355.7034865400206,967.869186875396
1668446310.43242,2.719,-0.0020000000000002,0.00311406,8.087000000000025e-05,0.0,1.0,0.0,355.7034865400206,967.157779902316
1668446370.492563,2.72,0.0010000000000003,0.00319384,7.977999999999978e-05,0.0,1.0,0.0,355.7034865400206,967.513483388856
1668446430.4781578,2.72,0.0,0.00319384,0.0,0.0,1.0,0.0,355.7034865400206,967.513483388856
1668446490.4219232,2.715,-0.0050000000000003,0.00248599,-0.0007078499999999,1.0,0.0,965.734965956156,0.0,965.734965956156
1668446550.3045647,2.715,0.0,0.00248599,0.0,1.0,0.0,965.734965956156,0.0,965.734965956156
1668446610.4200835,2.723,0.008,0.00290866,0.00042267,0.0,1.0,0.0,354.65845242605803,965.734965956156
1668446670.317614,2.724,0.0010000000000003,0.00298843,7.976999999999984e-05,0.0,1.0,0.0,354.65845242605803,966.0896244085822
1668446730.43895,2.719,-0.0050000000000003,0.00294916,-3.926999999999967e-05,1.0,0.0,964.3163321464516,0.0,964.3163321464516
1668446790.6047187,2.721,0.0020000000000002,0.0030842,0.0001350399999999,0.0,1.0,0.0,354.3977699913457,964.3163321464516
1668446850.5390203,2.721,0.0,0.00308029,-3.910000000000198e-06,1.0,0.0,964.3163321464516,0.0,964.3163321464516
1668446910.32665,2.717,-0.004,0.00253826,-0.0005420299999999,1.0,0.0,964.3163321464516,0.0,964.3163321464516
1668446970.5055895,2.721,0.004,0.00259126,5.3000000000000096e-05,0.0,1.0,0.0,354.3977699913457,964.3163321464516
1668447030.5605094,2.728,0.0070000000000001,0.00371597,0.0011247099999999,0.0,1.0,0.0,354.3977699913457,966.7971165363912
1668447090.425674,2.721,-0.0070000000000001,0.00300277,-0.0007131999999999,1.0,0.0,964.3163321464516,0.0,964.3163321464516
1668447150.317355,2.731,0.0099999999999997,0.00419931,0.00119654,0.0,1.0,0.0,353.1000850041932,964.3163321464516
1668447210.4155622,2.733,0.0020000000000002,0.00487073,0.0006714199999999,0.0,1.0,0.0,353.1000850041932,965.02253231646
1668447270.3068967,2.733,0.0,0.00552331,0.0006525799999999,0.0,1.0,0.0,353.1000850041932,965.02253231646
1668447330.5974991,2.734,0.0009999999999998,0.00560309,7.977999999999978e-05,0.0,1.0,0.0,353.1000850041932,965.3756324014644
1668447390.478628,2.735,0.0009999999999998,0.00579652,0.00019343,0.0,1.0,0.0,353.1000850041932,965.7287324864684
1668447450.3793633,2.735,0.0,0.00565403,-0.00014249,1.0,0.0,965.7287324864684,0.0,965.7287324864684
1668447510.374142,2.738,0.0030000000000001,0.00572001,6.59800000000002e-05,0.0,1.0,0.0,352.713196671464,965.7287324864684
1668447570.576096,2.735,-0.0030000000000001,0.00540833,-0.0003116799999999,1.0,0.0,964.670592896454,0.0,964.670592896454
1668447630.3553827,2.737,0.0020000000000002,0.00556787,0.0001595399999999,0.0,1.0,0.0,352.45545958949725,964.670592896454
1668447690.4516792,2.737,0.0,0.00568537,0.0001175,0.0,1.0,0.0,352.45545958949725,964.670592896454
1668447750.511532,2.732,-0.0049999999999998,0.0051985,-0.00048687,1.0,0.0,962.9083155985064,0.0,962.9083155985064
1668447810.469519,2.732,0.0,0.0051985,0.0,1.0,0.0,962.9083155985064,0.0,962.9083155985064
1668447870.4313424,2.738,0.0059999999999997,0.00514491,-5.359000000000006e-05,1.0,0.0,962.9083155985064,0.0,962.9083155985064
1668447930.6546636,2.737,-0.0009999999999998,0.00506514,-7.976999999999984e-05,1.0,0.0,962.9083155985064,0.0,962.9083155985064
1668447990.4588916,2.736,-0.0009999999999998,0.00485592,-0.00020922,1.0,0.0,962.9083155985064,0.0,962.9083155985064
1668448050.499067,2.74,0.004,0.00495576,9.984000000000036e-05,0.0,1.0,0.0,351.4263925541994,962.9083155985064
1668448110.479941,2.74,0.0,0.00497751,2.1750000000000068e-05,0.0,1.0,0.0,351.4263925541994,962.9083155985064
1668448170.3185525,2.736,-0.004,0.00424919,-0.00072832,1.0,0.0,961.5026100282896,0.0,961.5026100282896
1668448230.4320557,2.734,-0.0020000000000002,0.00372242,-0.0005267699999999,1.0,0.0,961.5026100282896,0.0,961.5026100282896
1668448290.351805,2.736,0.0020000000000002,0.00367501,-4.7410000000000334e-05,1.0,0.0,961.5026100282896,0.0,961.5026100282896
1668448350.4350789,2.729,-0.0070000000000001,0.0031166,-0.0005584099999999,1.0,0.0,961.5026100282896,0.0,961.5026100282896
1668448410.489982,2.734,0.0049999999999998,0.00266235,-0.00045425,1.0,0.0,961.5026100282896,0.0,961.5026100282896
1668448470.6796565,2.738,0.004,0.00298144,0.00031909,0.0,1.0,0.0,351.1696895647515,961.5026100282896
1668448530.5729735,2.738,0.0,0.00298144,0.0,0.0,1.0,0.0,351.1696895647515,961.5026100282896
1668448590.497256,2.733,-0.0049999999999998,0.00262784,-0.0003535999999999,1.0,0.0,959.7467615804658,0.0,959.7467615804658
1668448650.5864878,2.733,0.0,0.00262784,0.0,1.0,0.0,959.7467615804658,0.0,959.7467615804658
1668448710.4110644,2.731,-0.0020000000000002,0.00189434,-0.0007335,1.0,0.0,959.7467615804658,0.0,959.7467615804658
1668448771.3060098,2.733,0.0020000000000002,0.00157496,-0.0003193799999999,1.0,0.0,959.7467615804658,0.0,959.7467615804658
1668448831.344627,2.732,-0.0009999999999998,0.00135201,-0.0002229499999999,1.0,0.0,959.7467615804658,0.0,959.7467615804658
1668448891.275479,2.735,0.0029999999999996,0.00159132,0.0002393099999999,0.0,1.0,0.0,350.91289271680654,959.746761580466
1668448952.125181,2.735,0.0,0.00159132,0.0,0.0,1.0,0.0,350.91289271680654,959.746761580466
1668449012.348426,2.735,0.0,0.00159132,0.0,0.0,1.0,0.0,350.91289271680654,959.746761580466
1668449072.279327,2.735,0.0,0.00158601,-5.310000000000124e-06,1.0,0.0,959.746761580466,0.0,959.746761580466
1668449133.2080443,2.738,0.0030000000000001,0.00192627,0.00034026,0.0,1.0,0.0,350.52840086941785,959.746761580466
1668449193.3546598,2.735,-0.0030000000000001,0.00186818,-5.808999999999979e-05,1.0,0.0,958.6951763778578,0.0,958.6951763778578
1668449253.2762196,2.735,0.0,0.00155411,-0.00031407,1.0,0.0,958.6951763778578,0.0,958.6951763778578
1668449314.1448653,2.737,0.0020000000000002,0.00171365,0.0001595399999999,0.0,1.0,0.0,350.2722602768936,958.6951763778576
1668449374.212736,2.737,0.0,0.00171365,0.0,0.0,1.0,0.0,350.2722602768936,958.6951763778576
1668449434.16846,2.731,-0.0060000000000002,0.00128192,-0.0004317299999999,1.0,0.0,956.5935428161964,0.0,956.5935428161964
1668449495.0708635,2.721,-0.0099999999999997,0.0004842,-0.00079772,1.0,0.0,956.5935428161964,0.0,956.5935428161964
1668449555.08767,2.724,0.0030000000000001,-0.00024525,-0.00072945,1.0,0.0,956.5935428161964,0.0,956.5935428161964
1668449615.0292952,2.725,0.0009999999999998,-0.00073419,-0.00048894,1.0,0.0,956.5935428161964,0.0,956.5935428161964
1668449676.4326391,2.72,-0.0049999999999998,-0.00175412,-0.00101993,1.0,0.0,956.5935428161964,0.0,956.5935428161964
1668449736.3884754,2.722,0.0019999999999997,-0.00212367,-0.0003695499999999,1.0,0.0,956.5935428161964,0.0,956.5935428161964
1668449796.7927675,2.722,0.0,-0.00212367,0.0,1.0,0.0,956.5935428161964,0.0,956.5935428161964
1668449857.440886,2.722,0.0,-0.00238901,-0.00026534,1.0,0.0,956.5935428161964,0.0,956.5935428161964
1668449917.28796,2.725,0.0030000000000001,-0.00214969,0.0002393199999999,0.0,1.0,0.0,351.04350195089773,956.5935428161964
1668449977.330789,2.73,0.0049999999999998,-0.00174672,0.00040297,0.0,1.0,0.0,351.04350195089773,958.3487603259508
1668450037.9173284,2.73,0.0,-0.00174672,0.0,0.0,1.0,0.0,351.04350195089773,958.3487603259508
1668450098.0579078,2.736,0.0060000000000002,-0.00093246,0.00081426,0.0,1.0,0.0,351.04350195089773,960.4550213376564
1668450158.0866375,2.733,-0.0030000000000001,-0.0005232,0.0004092599999999,0.0,1.0,0.0,351.04350195089773,959.4018908318036
1668450218.9498682,2.729,-0.004,-0.00076204,-0.0002388399999999,1.0,0.0,957.997716824,0.0,957.997716824
1668450278.8463097,2.728,-0.0009999999999998,-0.00077026,-8.22000000000008e-06,1.0,0.0,957.997716824,0.0,957.997716824
1668450339.1212296,2.733,0.0049999999999998,-0.0001227,0.00064756,0.0,1.0,0.0,350.52971709623125,957.997716824
1668450400.060663,2.736,0.0030000000000001,0.00011662,0.00023932,0.0,1.0,0.0,350.52971709623125,959.0493059752888
1668450459.956579,2.74,0.004,0.00152828,0.00141166,0.0,1.0,0.0,350.52971709623125,960.4514248436736
1668450519.796033,2.733,-0.0070000000000001,0.00121371,-0.0003145699999999,1.0,0.0,957.997716824,0.0,957.997716824
1668450580.5799098,2.746,0.0129999999999999,0.00328659,0.00207288,0.0,1.0,0.0,348.8702537596504,957.997716824
1668450640.6931794,2.744,-0.0019999999999997,0.00346546,0.00017887,0.0,1.0,0.0,348.8702537596504,957.2999763164808
1668450700.595096,2.751,0.0069999999999996,0.00474224,0.00127678,0.0,1.0,0.0,348.8702537596504,959.742068092798
1668450761.3936207,2.748,-0.0029999999999996,0.00464126,-0.0001009799999999,1.0,0.0,958.6954573315194,0.0,958.6954573315194
1668450821.625599,2.748,0.0,0.00464126,0.0,1.0,0.0,958.6954573315194,0.0,958.6954573315194
1668450881.613888,2.739,-0.0090000000000003,0.00388231,-0.00075895,1.0,0.0,958.6954573315194,0.0,958.6954573315194
1668450942.7226765,2.747,0.008,0.0041143,0.00023199,0.0,1.0,0.0,348.9972542160609,958.6954573315192
1668451002.5198307,2.749,0.0020000000000002,0.00434622,0.0002319199999999,0.0,1.0,0.0,348.9972542160609,959.3934518399516
1668451062.5083697,2.748,-0.0009999999999998,0.00439862,5.240000000000019e-05,0.0,1.0,0.0,348.9972542160609,959.0444545857356
1668451123.5210867,2.752,0.0039999999999995,0.00471771,0.00031909,0.0,1.0,0.0,348.9972542160609,960.4404436025995
1668451183.250612,2.756,0.004,0.00527409,0.00055638,0.0,1.0,0.0,348.9972542160609,961.8364326194638
1668451243.3274016,2.751,-0.0049999999999998,0.00500467,-0.00026942,1.0,0.0,960.0914463483836,0.0,960.0914463483836
1668451304.1162872,2.75,-0.0009999999999998,0.00484519,-0.00015948,1.0,0.0,960.0914463483836,0.0,960.0914463483836
1668451364.20832,2.752,0.0019999999999997,0.0047023,-0.0001428899999999,1.0,0.0,960.0914463483836,0.0,960.0914463483836
1668451424.245227,2.753,0.0010000000000003,0.00480403,0.0001017299999999,0.0,1.0,0.0,348.7437146198269,960.0914463483836
1668451485.2910614,2.754,0.0009999999999998,0.00497035,0.00016632,0.0,1.0,0.0,348.7437146198269,960.4401900630032
1668451545.17507,2.754,0.0,0.00497035,0.0,0.0,1.0,0.0,348.7437146198269,960.4401900630032
1668451605.1951313,2.754,0.0,0.00497035,0.0,0.0,1.0,0.0,348.7437146198269,960.4401900630032
1668451665.9682002,2.754,0.0,0.00497035,0.0,0.0,1.0,0.0,348.7437146198269,960.4401900630032
1668451726.2047195,2.748,-0.0059999999999997,0.00450288,-0.00046747,1.0,0.0,958.3477277752844,0.0,958.3477277752844
1668451786.102213,2.754,0.0059999999999997,0.00498151,0.0004786299999999,0.0,1.0,0.0,347.983924391897,958.3477277752844
1668451846.936147,2.747,-0.0070000000000001,0.00437509,-0.0006064199999999,1.0,0.0,955.911840304541,0.0,955.911840304541
1668451906.925291,2.749,0.0020000000000002,0.00382488,-0.0005502099999999,1.0,0.0,955.911840304541,0.0,955.911840304541
1668451966.928871,2.749,0.0,0.00353772,-0.00028716,1.0,0.0,955.911840304541,0.0,955.911840304541
1668452027.551165,2.754,0.0049999999999998,0.00393658,0.00039886,0.0,1.0,0.0,347.0994336617796,955.911840304541
1668452087.528716,2.754,0.0,0.00397923,4.264999999999998e-05,0.0,1.0,0.0,347.0994336617796,955.911840304541
1668452148.0619118,2.754,0.0,0.00397923,0.0,0.0,1.0,0.0,347.0994336617796,955.911840304541
1668452208.600627,2.754,0.0,0.00397923,0.0,0.0,1.0,0.0,347.0994336617796,955.911840304541
1668452268.859918,2.754,0.0,0.00397923,0.0,0.0,1.0,0.0,347.0994336617796,955.911840304541
1668452328.6747856,2.751,-0.0030000000000001,0.00372798,-0.00025125,1.0,0.0,954.8705420035556,0.0,954.8705420035556
1668452389.403554,2.746,-0.0049999999999998,0.00332912,-0.00039886,1.0,0.0,954.8705420035556,0.0,954.8705420035556
1668452449.1907885,2.746,0.0,0.00278184,-0.00054728,1.0,0.0,954.8705420035556,0.0,954.8705420035556
1668452509.3807454,2.75,0.004,0.00264045,-0.0001413899999999,1.0,0.0,954.8705420035556,0.0,954.8705420035556
1668452570.4242263,2.75,0.0,0.00264045,0.0,1.0,0.0,954.8705420035556,0.0,954.8705420035556
1668452630.0917628,2.747,-0.0030000000000001,0.00226026,-0.0003801899999999,1.0,0.0,954.8705420035556,0.0,954.8705420035556
1668452691.1250875,2.749,0.0020000000000002,0.00215777,-0.00010249,1.0,0.0,954.8705420035556,0.0,954.8705420035556
1668452750.9797328,2.752,0.0029999999999996,0.00222969,7.192000000000006e-05,0.0,1.0,0.0,346.97330741408274,954.8705420035556
1668452810.944299,2.744,-0.0079999999999995,0.00174564,-0.00048405,1.0,0.0,952.0947555442432,0.0,952.0947555442432
1668452871.0961158,2.744,0.0,0.00103674,-0.0007088999999999,1.0,0.0,952.0947555442432,0.0,952.0947555442432
1668452931.800448,2.743,-0.0010000000000003,0.00033088,-0.00070586,1.0,0.0,952.0947555442432,0.0,952.0947555442432
1668452991.8926551,2.747,0.004,0.00058953,0.00025865,0.0,1.0,0.0,346.594377700853,952.0947555442432
1668453052.4413836,2.743,-0.004,0.00015478,-0.00043475,1.0,0.0,950.7083780334395,0.0,950.7083780334395
1668453112.4523785,2.742,-0.0009999999999998,-0.00020487,-0.00035965,1.0,0.0,950.7083780334395,0.0,950.7083780334395
1668453172.567939,2.736,-0.0059999999999997,-0.00133249,-0.00112762,1.0,0.0,950.7083780334395,0.0,950.7083780334395
1668453233.2269018,2.738,0.0019999999999997,-0.00135827,-2.5779999999999987e-05,1.0,0.0,950.7083780334395,0.0,950.7083780334395
1668453293.4208336,2.735,-0.0030000000000001,-0.00179162,-0.00043335,1.0,0.0,950.7083780334395,0.0,950.7083780334395
1668453353.456524,2.734,-0.0009999999999998,-0.00256186,-0.0007702399999999,1.0,0.0,950.7083780334395,0.0,950.7083780334395
1668453413.5090396,2.73,-0.004,-0.00351317,-0.0009513099999999,1.0,0.0,950.7083780334395,0.0,950.7083780334395
1668453474.121382,2.723,-0.0070000000000001,-0.00477232,-0.00125915,1.0,0.0,950.7083780334395,0.0,950.7083780334395
1668453534.2454803,2.72,-0.0029999999999996,-0.00581604,-0.0010437199999999,1.0,0.0,950.7083780334395,0.0,950.7083780334395
1668453594.5136166,2.729,0.0089999999999998,-0.0052925,0.0005235399999999,0.0,1.0,0.0,348.3724360694172,950.7083780334395
1668453655.4488811,2.719,-0.0100000000000002,-0.00630268,-0.0010101799999999,1.0,0.0,947.2246536727451,0.0,947.2246536727451
1668453716.602673,2.721,0.0020000000000002,-0.00673503,-0.00043235,1.0,0.0,947.2246536727451,0.0,947.2246536727451
1668453775.3135145,2.728,0.0070000000000001,-0.00625111,0.00048392,0.0,1.0,0.0,347.2231135164022,947.2246536727451
1668453836.0293193,2.724,-0.004,-0.00611982,0.00013129,0.0,1.0,0.0,347.2231135164022,945.8357612186796
1668453896.011761,2.73,0.0059999999999997,-0.00546859,0.00065123,0.0,1.0,0.0,347.2231135164022,947.919099899778
1668453956.1280012,2.73,0.0,-0.00458809,0.0008804999999999,0.0,1.0,0.0,347.2231135164022,947.919099899778
1668454017.0648136,2.721,-0.0089999999999998,-0.00481481,-0.0002267199999999,1.0,0.0,944.7940918781304,0.0,944.7940918781304
1668454077.0419972,2.718,-0.0030000000000001,-0.00523939,-0.0004245799999999,1.0,0.0,944.7940918781304,0.0,944.7940918781304
1668454137.0845106,2.721,0.0030000000000001,-0.00551937,-0.00027998,1.0,0.0,944.7940918781304,0.0,944.7940918781304
1668454197.775148,2.729,0.008,-0.00472606,0.00079331,0.0,1.0,0.0,346.2052370385234,944.7940918781304
1668454257.653333,2.726,-0.0030000000000001,-0.00441408,0.0003119799999999,0.0,1.0,0.0,346.2052370385234,943.7554761670148
1668454317.720135,2.721,-0.0049999999999998,-0.0044557,-4.1620000000000025e-05,1.0,0.0,942.0244499818224,0.0,942.0244499818224
1668454378.6374063,2.72,-0.0009999999999998,-0.00482526,-0.0003695599999999,1.0,0.0,942.0244499818224,0.0,942.0244499818224
1668454438.3609314,2.718,-0.0020000000000002,-0.00478368,4.15799999999994e-05,0.0,1.0,0.0,346.5873620242172,942.0244499818224
1668454498.5170002,2.71,-0.008,-0.0052134,-0.0004297199999999,1.0,0.0,939.2517510856286,0.0,939.2517510856286
1668454564.8457649,2.71,0.0,-0.00580225,-0.00058885,1.0,0.0,939.2517510856286,0.0,939.2517510856286
1668454619.5828185,2.71,0.0,-0.00580225,0.0,1.0,0.0,939.2517510856286,0.0,939.2517510856286
1668454679.589958,2.71,0.0,-0.00580225,0.0,1.0,0.0,939.2517510856286,0.0,939.2517510856286
1668454740.487869,2.71,0.0,-0.00580225,0.0,1.0,0.0,939.2517510856286,0.0,939.2517510856286
1668454800.5255156,2.71,0.0,-0.00613498,-0.0003327299999999,1.0,0.0,939.2517510856286,0.0,939.2517510856286
1668454860.2895734,2.707,-0.0030000000000001,-0.00637429,-0.00023931,1.0,0.0,939.2517510856286,0.0,939.2517510856286
1668454921.0884984,2.707,0.0,-0.00637429,0.0,1.0,0.0,939.2517510856286,0.0,939.2517510856286
1668454981.0679646,2.713,0.0060000000000002,-0.0062712,0.00010309,0.0,1.0,0.0,346.20411024166185,939.2517510856286
1668455041.0979478,2.708,-0.0049999999999998,-0.00651783,-0.0002466299999999,1.0,0.0,937.5207305344204,0.0,937.5207305344204
1668455101.943736,2.7,-0.008,-0.00727495,-0.00075712,1.0,0.0,937.5207305344204,0.0,937.5207305344204
1668455162.0971477,2.684,-0.016,-0.00924636,-0.00197141,1.0,0.0,937.5207305344204,0.0,937.5207305344204
1668455221.98374,2.678,-0.0060000000000002,-0.0114078,-0.0021614399999999,1.0,0.0,937.5207305344204,0.0,937.5207305344204
1668455282.9459858,2.682,0.004,-0.0125842,-0.0011764,1.0,0.0,937.5207305344204,0.0,937.5207305344204
1668455341.978311,2.684,0.0020000000000002,-0.01288951,-0.0003053099999999,1.0,0.0,937.5207305344204,0.0,937.5207305344204
1668455402.1095636,2.688,0.004,-0.01257043,0.0003190799999999,0.0,1.0,0.0,348.78003368095995,937.5207305344204
1668455463.1742773,2.703,0.0149999999999996,-0.0111573,0.00141313,0.0,1.0,0.0,348.78003368095995,942.7524310396346
1668455522.1959226,2.699,-0.004,-0.01011891,0.00103839,0.0,1.0,0.0,348.78003368095995,941.3573109049108
1668455582.0420475,2.702,0.0030000000000001,-0.00907573,0.0010431799999999,0.0,1.0,0.0,348.78003368095995,942.4036510059536
1668455642.1253686,2.685,-0.0169999999999999,-0.00951111,-0.0004353799999999,1.0,0.0,936.4743904333776,0.0,936.4743904333776
1668455702.061896,2.681,-0.004,-0.01037088,-0.00085977,1.0,0.0,936.4743904333776,0.0,936.4743904333776
1668455762.7365758,2.654,-0.0270000000000001,-0.01276765,-0.0023967699999999,1.0,0.0,936.4743904333776,0.0,936.4743904333776
1668455822.050601,2.63,-0.024,-0.01739994,-0.0046322899999999,1.0,0.0,936.4743904333776,0.0,936.4743904333776
1668455882.2105415,2.633,0.0030000000000001,-0.01959162,-0.00219168,1.0,0.0,936.4743904333776,0.0,936.4743904333776
1668455942.067432,2.641,0.008,-0.02007777,-0.00048615,1.0,0.0,936.4743904333776,0.0,936.4743904333776
1668456002.0983992,2.636,-0.0049999999999998,-0.02100371,-0.0009259399999999,1.0,0.0,936.4743904333776,0.0,936.4743904333776
1668456061.9808562,2.654,0.0179999999999997,-0.02023867,0.0007650399999999,0.0,1.0,0.0,352.8539526877836,936.4743904333776
1668456122.0399878,2.653,-0.0009999999999998,-0.01911615,0.00112252,0.0,1.0,0.0,352.8539526877836,936.12153648069
1668456182.2446902,2.658,0.0049999999999998,-0.01793065,0.0011854999999999,0.0,1.0,0.0,352.8539526877836,937.8858062441288
1668456242.2592473,2.665,0.0070000000000001,-0.01592932,0.0020013299999999,0.0,1.0,0.0,352.8539526877836,940.3557839129433
1668456302.032794,2.66,-0.0049999999999998,-0.01476616,0.0011631599999999,0.0,1.0,0.0,352.8539526877836,938.5915141495044
1668456361.9801507,2.65,-0.0100000000000002,-0.01491543,-0.0001492699999999,1.0,0.0,935.0629746226264,0.0,935.0629746226264
1668456422.1243796,2.635,-0.0150000000000001,-0.01562149,-0.0007060599999999,1.0,0.0,935.0629746226264,0.0,935.0629746226264
1668456482.271238,2.64,0.0050000000000003,-0.01578256,-0.00016107,1.0,0.0,935.0629746226264,0.0,935.0629746226264
1668456542.317943,2.644,0.004,-0.01522231,0.00056025,0.0,1.0,0.0,353.6546802657437,935.0629746226264
1668456602.088898,2.627,-0.0170000000000003,-0.01590442,-0.0006821099999999,1.0,0.0,929.0508450581086,0.0,929.0508450581086
1668456662.1089883,2.645,0.0180000000000002,-0.0148842,0.0010202199999999,0.0,1.0,0.0,351.2479565437084,929.0508450581086
1668456722.1156385,2.64,-0.0049999999999998,-0.01400617,0.00087803,0.0,1.0,0.0,351.2479565437084,927.2946052753904
1668456782.0599484,2.635,-0.0050000000000003,-0.01386999,0.0001361799999999,0.0,1.0,0.0,351.2479565437084,925.5383654926716
1668456842.029675,2.636,0.0010000000000003,-0.01371024,0.00015975,0.0,1.0,0.0,351.2479565437084,925.8896134492154
1668456902.0950303,2.639,0.0029999999999996,-0.01300202,0.00070822,0.0,1.0,0.0,351.2479565437084,926.9433573188464
1668456962.468358,2.644,0.0050000000000003,-0.0120233,0.0009787199999999,0.0,1.0,0.0,351.2479565437084,928.6995971015652
1668457022.2061474,2.648,0.004,-0.01055221,0.00147109,0.0,1.0,0.0,351.2479565437084,930.10458892774
1668457082.214852,2.661,0.0129999999999999,-0.00836735,0.0021848599999999,0.0,1.0,0.0,351.2479565437084,934.670812362808
1668457142.6141553,2.658,-0.0030000000000001,-0.00760021,0.00076714,0.0,1.0,0.0,351.2479565437084,933.6170684931768
1668457202.1442025,2.66,0.0020000000000002,-0.00624847,0.0013517399999999,0.0,1.0,0.0,351.2479565437084,934.3195644062644
1668457262.0553372,2.658,-0.0020000000000002,-0.00496526,0.00128321,0.0,1.0,0.0,351.2479565437084,933.6170684931768
1668457322.1538465,2.659,0.0009999999999998,-0.00382354,0.00114172,0.0,1.0,0.0,351.2479565437084,933.9683164497206
1668457382.417744,2.652,-0.0069999999999996,-0.00375181,7.172999999999988e-05,0.0,1.0,0.0,351.2479565437084,931.5095807539147
1668457442.2722096,2.654,0.0019999999999997,-0.00318081,0.0005709999999999,0.0,1.0,0.0,351.2479565437084,932.2120766670022
1668457504.8962698,2.654,0.0,-0.00318081,0.0,0.0,1.0,0.0,351.2479565437084,932.2120766670022
1668457562.229034,2.654,0.0,-0.00318081,0.0,0.0,1.0,0.0,351.2479565437084,932.2120766670022
1668457622.389145,2.654,0.0,-0.0026972,0.00048361,0.0,1.0,0.0,351.2479565437084,932.2120766670022
1668457682.0303843,2.653,-0.0009999999999998,-0.00242893,0.0002682699999999,0.0,1.0,0.0,351.2479565437084,931.8608287104583
1668457742.2159655,2.654,0.0009999999999998,-0.0019872,0.00044173,0.0,1.0,0.0,351.2479565437084,932.2120766670022
1668457802.1588786,2.659,0.0049999999999998,-0.00128212,0.00070508,0.0,1.0,0.0,351.2479565437084,933.9683164497206
1668457862.4000132,2.657,-0.0019999999999997,-0.00087463,0.00040749,0.0,1.0,0.0,351.2479565437084,933.2658205366332
1668457922.149443,2.664,0.0070000000000001,7.459e-05,0.00094922,0.0,1.0,0.0,351.2479565437084,935.7245562324392
1668457982.4336946,2.664,0.0,0.00075493,0.00068034,0.0,1.0,0.0,351.2479565437084,935.7245562324392
1668458042.425592,2.657,-0.0070000000000001,0.00059777,-0.00015716,1.0,0.0,933.2658205366332,0.0,933.2658205366332
1668458102.096635,2.659,0.0019999999999997,0.00081396,0.00021619,0.0,1.0,0.0,350.9837610141532,933.2658205366332
1668458162.4086802,2.66,0.0010000000000003,0.00099134,0.00017738,0.0,1.0,0.0,350.9837610141532,933.6168042976476
1668458222.3369915,2.657,-0.0030000000000001,0.00081811,-0.00017323,1.0,0.0,932.563853014605,0.0,932.563853014605
1668458282.4133592,2.657,0.0,0.00073556,-8.255000000000003e-05,1.0,0.0,932.563853014605,0.0,932.563853014605
1668458342.123551,2.657,0.0,0.00073556,0.0,1.0,0.0,932.563853014605,0.0,932.563853014605
1668458402.400306,2.657,0.0,0.00073556,0.0,1.0,0.0,932.563853014605,0.0,932.563853014605
1668458462.1855464,2.656,-0.0009999999999998,0.00058273,-0.0001528299999999,1.0,0.0,932.563853014605,0.0,932.563853014605
1668458523.2631276,2.659,0.0029999999999996,0.00069567,0.0001129399999999,0.0,1.0,0.0,350.71976420255925,932.563853014605
1668458582.2475052,2.657,-0.0019999999999997,0.00053612,-0.00015955,1.0,0.0,931.8624134862,0.0,931.8624134862
1668458642.5177326,2.659,0.0019999999999997,0.00065304,0.00011692,0.0,1.0,0.0,350.45596595945847,931.8624134862
1668458702.465544,2.657,-0.0019999999999997,0.0004935,-0.00015954,1.0,0.0,931.1615015542812,0.0,931.1615015542812
1668458776.964577,2.657,0.0,0.0004935,0.0,1.0,0.0,931.1615015542812,0.0,931.1615015542812
1668458822.3766563,2.656,-0.0009999999999998,0.00037471,-0.00011879,1.0,0.0,931.1615015542812,0.0,931.1615015542812
1668458882.4536395,2.651,-0.0050000000000003,-0.00049103,-0.00086574,1.0,0.0,931.1615015542812,0.0,931.1615015542812
1668458942.399658,2.643,-0.008,-0.00161168,-0.00112065,1.0,0.0,931.1615015542812,0.0,931.1615015542812
1668459002.2496984,2.641,-0.0019999999999997,-0.00262813,-0.0010164499999999,1.0,0.0,931.1615015542812,0.0,931.1615015542812
1668459062.7044826,2.654,0.0129999999999999,-0.00217,0.0004581299999999,0.0,1.0,0.0,350.85211060824463,931.1615015542812
1668459122.224509,2.65,-0.004,-0.00248909,-0.0003190899999999,1.0,0.0,929.7580931118482,0.0,929.7580931118482
1668459182.455336,2.651,0.0009999999999998,-0.00227202,0.0002170699999999,0.0,1.0,0.0,350.71976352766814,929.7580931118482
1668459242.375755,2.651,0.0,-0.00227202,0.0,0.0,1.0,0.0,350.71976352766814,929.7580931118482
1668459483.030794,2.641,-0.0099999999999997,-0.00352699,-0.0012549699999999,1.0,0.0,926.2508954765716,0.0,926.2508954765716
1668459543.0823298,2.641,0.0,-0.00352699,0.0,1.0,0.0,926.2508954765716,0.0,926.2508954765716
1668459604.282201,2.65,0.0089999999999998,-0.00302788,0.0004991099999999,0.0,1.0,0.0,349.52863980247986,926.2508954765716
1668459663.8136182,2.651,0.0009999999999998,-0.00252257,0.00050531,0.0,1.0,0.0,349.52863980247986,926.600424116374
1668459755.7294686,2.654,0.0030000000000001,-0.00162517,0.0008974,0.0,1.0,0.0,349.52863980247986,927.6490100357815
1668459784.6678977,2.656,0.0020000000000002,-0.00146563,0.0001595399999999,0.0,1.0,0.0,349.52863980247986,928.3480673153864
1668459844.7733767,2.664,0.008,-0.00019037,0.00127526,0.0,1.0,0.0,349.52863980247986,931.1442964338064
1668459906.7753582,2.658,-0.0060000000000002,0.00033231,0.00052268,0.0,1.0,0.0,349.52863980247986,929.0471245949916
1668459965.494418,2.657,-0.0009999999999998,0.00025254,-7.977e-05,1.0,0.0,928.697595955189,0.0,928.697595955189
1668460025.4797878,2.661,0.004,0.00091575,0.00066321,0.0,1.0,0.0,349.0032303476847,928.697595955189
1668460085.5544896,2.655,-0.0060000000000002,0.00106947,0.00015372,0.0,1.0,0.0,349.0032303476847,926.6035765731028
1668460146.4171731,2.655,0.0,0.00106947,0.0,0.0,1.0,0.0,349.0032303476847,926.6035765731028
1668460206.4545908,2.655,0.0,0.00106947,0.0,0.0,1.0,0.0,349.0032303476847,926.6035765731028
1668460266.230225,2.658,0.0030000000000001,0.00129204,0.0002225699999999,0.0,1.0,0.0,349.0032303476847,927.650586264146
1668460327.0748668,2.657,-0.0009999999999998,0.00124874,-4.330000000000002e-05,1.0,0.0,927.3015830337982,0.0,927.3015830337982
1668460386.9960082,2.657,0.0,0.00132558,7.684000000000011e-05,0.0,1.0,0.0,349.0032303476847,927.3015830337982
1668460446.868942,2.66,0.0030000000000001,0.00161,0.00028442,0.0,1.0,0.0,349.0032303476847,928.3485927248412
1668460508.127287,2.661,0.0009999999999998,0.00189426,0.0002842599999999,0.0,1.0,0.0,349.0032303476847,928.697595955189
1668460567.956808,2.661,0.0,0.00189426,0.0,0.0,1.0,0.0,349.0032303476847,928.697595955189
1668460628.0423553,2.661,0.0,0.00189426,0.0,0.0,1.0,0.0,349.0032303476847,928.697595955189
1668460688.7956393,2.672,0.0110000000000001,0.00297287,0.0010786099999999,0.0,1.0,0.0,349.0032303476847,932.5366314890136
1668460748.783134,2.673,0.0009999999999998,0.00386383,0.00089096,0.0,1.0,0.0,349.0032303476847,932.8856347193612
1668460809.128744,2.673,0.0,0.00386383,0.0,0.0,1.0,0.0,349.0032303476847,932.8856347193612
1668460869.7481115,2.673,0.0,0.00451785,0.00065402,0.0,1.0,0.0,349.0032303476847,932.8856347193612
1668460929.5672042,2.656,-0.0169999999999999,0.00362264,-0.00089521,1.0,0.0,926.9525798034506,0.0,926.9525798034506
1668460989.5783665,2.669,0.0129999999999999,0.00391702,0.00029438,0.0,1.0,0.0,347.30332701515573,926.9525798034508
1668461051.1536689,2.668,-0.0009999999999998,0.00402325,0.0001062299999999,0.0,1.0,0.0,347.30332701515573,926.6052764764356
1668461111.133112,2.667,-0.0010000000000003,0.00293382,-0.0010894299999999,1.0,0.0,926.2579731494204,0.0,926.2579731494204
1668461171.1045818,2.667,0.0,0.00310934,0.0001755199999999,0.0,1.0,0.0,347.3033270151558,926.2579731494204
1668461231.830507,2.665,-0.0019999999999997,0.00342141,0.00031207,0.0,1.0,0.0,347.3033270151558,925.56336649539
1668461291.7690372,2.663,-0.0020000000000002,0.0030308,-0.00039061,1.0,0.0,924.8687598413596,0.0,924.8687598413596
1668461351.7591853,2.664,0.0010000000000003,0.00283249,-0.00019831,1.0,0.0,924.8687598413596,0.0,924.8687598413596
1668461412.712638,2.662,-0.0020000000000002,0.00254689,-0.0002856,1.0,0.0,924.8687598413596,0.0,924.8687598413596
1668461472.863316,2.678,0.016,0.00382152,0.00127463,0.0,1.0,0.0,345.35801338362944,924.8687598413596
1668461532.7159572,2.677,-0.0009999999999998,0.0040394,0.00021788,0.0,1.0,0.0,345.35801338362944,924.523401827976
1668461593.432488,2.68,0.0030000000000001,0.00427871,0.0002393099999999,0.0,1.0,0.0,345.35801338362944,925.5594758681268
1668461655.9803493,2.674,-0.0060000000000002,0.0044839,0.00020519,0.0,1.0,0.0,345.35801338362944,923.487327787825
1668461713.55213,2.674,0.0,0.00448129,-2.610000000000112e-06,1.0,0.0,923.487327787825,0.0,923.487327787825
1668461774.5475838,2.676,0.0020000000000002,0.00464083,0.00015954,0.0,1.0,0.0,345.0998982764667,923.4873277878248
1668461834.5416646,2.676,0.0,0.0047109,7.006999999999933e-05,0.0,1.0,0.0,345.0998982764667,923.4873277878248
1668461894.4380348,2.679,0.0029999999999996,0.00519778,0.00048688,0.0,1.0,0.0,345.0998982764667,924.5226274826542
1668461955.08783,2.679,0.0,0.00527001,7.223000000000038e-05,0.0,1.0,0.0,345.0998982764667,924.5226274826542
1668462014.459154,2.673,-0.0059999999999997,0.00478792,-0.00048209,1.0,0.0,922.4520280929956,0.0,922.4520280929956
1668462074.7389538,2.672,-0.0009999999999998,0.00433746,-0.00045046,1.0,0.0,922.4520280929956,0.0,922.4520280929956
1668462135.5187628,2.671,-0.0010000000000003,0.00425769,-7.976999999999984e-05,1.0,0.0,922.4520280929956,0.0,922.4520280929956
1668462194.9280205,2.672,0.0010000000000003,0.00381102,-0.0004466699999999,1.0,0.0,922.4520280929956,0.0,922.4520280929956
1668462254.5137358,2.678,0.0059999999999997,0.00428965,0.0004786299999999,0.0,1.0,0.0,344.45557434391174,922.4520280929956
1668462314.485985,2.677,-0.0009999999999998,0.00418603,-0.0001036199999999,1.0,0.0,922.1075725186518,0.0,922.1075725186518
1668462374.559785,2.677,0.0,0.00418603,0.0,1.0,0.0,922.1075725186518,0.0,922.1075725186518
1668462434.5538132,2.672,-0.0049999999999998,0.00365829,-0.00052774,1.0,0.0,922.1075725186518,0.0,922.1075725186518
1668462494.600752,2.671,-0.0010000000000003,0.00318494,-0.00047335,1.0,0.0,922.1075725186518,0.0,922.1075725186518
1668462554.3817203,2.675,0.004,0.00303438,-0.0001505599999999,1.0,0.0,922.1075725186518,0.0,922.1075725186518
1668462614.584322,2.675,0.0,0.00282025,-0.00021413,1.0,0.0,922.1075725186518,0.0,922.1075725186518
1668462674.7166097,2.674,-0.0009999999999998,0.00274048,-7.976999999999984e-05,1.0,0.0,922.1075725186518,0.0,922.1075725186518
1668462734.9096272,2.675,0.0009999999999998,0.00262125,-0.00011923,1.0,0.0,922.1075725186518,0.0,922.1075725186518
1668462794.5997534,2.682,0.0070000000000001,0.00305637,0.00043512,0.0,1.0,0.0,343.81341257220424,922.1075725186518
1668462854.4251726,2.683,0.0009999999999998,0.00313615,7.977999999999978e-05,0.0,1.0,0.0,343.81341257220424,922.451385931224
1668462914.4608338,2.685,0.0020000000000002,0.00366336,0.00052721,0.0,1.0,0.0,343.81341257220424,923.1390127563684
1668462974.429145,2.685,0.0,0.00366336,0.0,0.0,1.0,0.0,343.81341257220424,923.1390127563684
1668463034.5409114,2.685,0.0,0.00366336,0.0,0.0,1.0,0.0,343.81341257220424,923.1390127563684
1668463094.5444798,2.684,-0.0009999999999998,0.00413824,0.0004748799999999,0.0,1.0,0.0,343.81341257220424,922.7951993437964
1668463154.616323,2.687,0.0029999999999996,0.00437755,0.00023931,0.0,1.0,0.0,343.81341257220424,923.8266395815128
1668463214.6821315,2.685,-0.0019999999999997,0.00437609,-1.460000000000003e-06,1.0,0.0,923.1390127563684,0.0,923.1390127563684
1668463274.5672777,2.685,0.0,0.00437609,0.0,1.0,0.0,923.1390127563684,0.0,923.1390127563684
1668463336.1342366,2.683,-0.0020000000000002,0.00429052,-8.557000000000009e-05,1.0,0.0,923.1390127563684,0.0,923.1390127563684
1668463394.5262115,2.695,0.012,0.00579412,0.0015036,0.0,1.0,0.0,342.5376670710087,923.1390127563684
1668463454.3961215,2.694,-0.0009999999999998,0.00571435,-7.976999999999984e-05,1.0,0.0,922.7964750892974,0.0,922.7964750892974
1668463514.6563394,2.691,-0.0030000000000001,0.00580379,8.943999999999966e-05,0.0,1.0,0.0,342.91953737989496,922.7964750892972
1668463574.6454945,2.691,0.0,0.00580772,3.930000000000079e-06,0.0,1.0,0.0,342.91953737989496,922.7964750892972
1668463635.041528,2.691,0.0,0.00574461,-6.31099999999999e-05,1.0,0.0,922.7964750892972,0.0,922.7964750892972
1668463694.9669814,2.691,0.0,0.00574461,0.0,1.0,0.0,922.7964750892972,0.0,922.7964750892972
1668463754.5594137,2.691,0.0,0.00574461,0.0,1.0,0.0,922.7964750892972,0.0,922.7964750892972
1668463814.6613772,2.69,-0.0009999999999998,0.00554994,-0.00019467,1.0,0.0,922.7964750892972,0.0,922.7964750892972
1668463874.4084144,2.691,0.0009999999999998,0.00541394,-0.0001359999999999,1.0,0.0,922.7964750892972,0.0,922.7964750892972
1668463934.4937396,2.686,-0.0049999999999998,0.00428568,-0.0011282599999999,1.0,0.0,922.7964750892972,0.0,922.7964750892972
1668463994.6672509,2.687,0.0009999999999998,0.00393947,-0.00034621,1.0,0.0,922.7964750892972,0.0,922.7964750892972
1668464054.3908176,2.687,0.0,0.00393947,0.0,1.0,0.0,922.7964750892972,0.0,922.7964750892972
1668464115.308236,2.687,0.0,0.00393947,0.0,1.0,0.0,922.7964750892972,0.0,922.7964750892972
1668464174.547515,2.687,0.0,0.00393947,0.0,1.0,0.0,922.7964750892972,0.0,922.7964750892972
1668464234.688905,2.688,0.0010000000000003,0.0037031,-0.0002363699999999,1.0,0.0,922.7964750892972,0.0,922.7964750892972
1668464294.5839896,2.683,-0.0050000000000003,0.00307685,-0.00062625,1.0,0.0,922.7964750892972,0.0,922.7964750892972
1668464354.6410592,2.683,0.0,0.00307685,0.0,1.0,0.0,922.7964750892972,0.0,922.7964750892972
1668464414.5390587,2.683,0.0,0.00255114,-0.00052571,1.0,0.0,922.7964750892972,0.0,922.7964750892972
1668464474.884487,2.688,0.0050000000000003,0.00250904,-4.2099999999999776e-05,1.0,0.0,922.7964750892972,0.0,922.7964750892972
1668464534.669935,2.684,-0.004,0.00212837,-0.00038067,1.0,0.0,922.7964750892972,0.0,922.7964750892972
1668464595.045005,2.689,0.0049999999999998,0.00220474,7.637000000000008e-05,0.0,1.0,0.0,343.1745909592032,922.7964750892974
1668464654.6372397,2.687,-0.0020000000000002,0.00214149,-6.325000000000037e-05,1.0,0.0,922.110125907379,0.0,922.110125907379
1668464714.805257,2.688,0.0010000000000003,0.0020848,-5.6689999999999865e-05,1.0,0.0,922.110125907379,0.0,922.110125907379
1668464774.6298428,2.684,-0.004,0.00169754,-0.0003872599999999,1.0,0.0,922.110125907379,0.0,922.110125907379
1668464834.5321362,2.68,-0.004,0.00078716,-0.00091038,1.0,0.0,922.110125907379,0.0,922.110125907379
1668464894.5974631,2.679,-0.0010000000000003,0.00070739,-7.976999999999995e-05,1.0,0.0,922.110125907379,0.0,922.110125907379
1668464954.7514827,2.679,0.0,0.00070739,0.0,1.0,0.0,922.110125907379,0.0,922.110125907379
1668465014.5186834,2.681,0.0020000000000002,0.00033599,-0.0003714,1.0,0.0,922.110125907379,0.0,922.110125907379
1668465074.9881265,2.689,0.008,0.00067935,0.00034336,0.0,1.0,0.0,342.91934767846004,922.110125907379
1668465135.1759746,2.684,-0.0049999999999998,0.00061256,-6.679000000000006e-05,1.0,0.0,920.3955291689869,0.0,920.3955291689869
1668465194.6622913,2.681,-0.0030000000000001,0.00037324,-0.0002393199999999,1.0,0.0,920.3955291689869,0.0,920.3955291689869
1668465254.7004244,2.677,-0.004,-0.00076235,-0.00113559,1.0,0.0,920.3955291689869,0.0,920.3955291689869
1668465314.6102042,2.679,0.0019999999999997,-0.00098383,-0.00022148,1.0,0.0,920.3955291689869,0.0,920.3955291689869
1668465375.023142,2.677,-0.0019999999999997,-0.00130569,-0.00032186,1.0,0.0,920.3955291689869,0.0,920.3955291689869
1668465434.9721265,2.676,-0.0009999999999998,-0.00138546,-7.977000000000006e-05,1.0,0.0,920.3955291689869,0.0,920.3955291689869
1668465494.648988,2.678,0.0019999999999997,-0.00152479,-0.00013933,1.0,0.0,920.3955291689869,0.0,920.3955291689869
1668465554.9311695,2.678,0.0,-0.00152479,0.0,1.0,0.0,920.3955291689869,0.0,920.3955291689869
1668465614.7239585,2.684,0.0060000000000002,-0.00113795,0.00038684,0.0,1.0,0.0,342.91934767846004,920.3955291689869
1668465674.76116,2.681,-0.0030000000000001,-0.00137727,-0.00023932,1.0,0.0,919.3667711259512,0.0,919.3667711259512
1668465734.7048843,2.681,0.0,-0.00137727,0.0,1.0,0.0,919.3667711259512,0.0,919.3667711259512
1668465794.7199256,2.678,-0.0030000000000001,-0.00149143,-0.0001141599999999,1.0,0.0,919.3667711259512,0.0,919.3667711259512
1668465854.6962712,2.679,0.0009999999999998,-0.00141166,7.977000000000006e-05,0.0,1.0,0.0,343.1753531638489,919.3667711259512
1668465914.7076168,2.677,-0.0019999999999997,-0.00165829,-0.00024663,1.0,0.0,918.6804204196236,0.0,918.6804204196236
1668465974.7072153,2.677,0.0,-0.00171647,-5.818000000000013e-05,1.0,0.0,918.6804204196236,0.0,918.6804204196236
1668466035.7621248,2.679,0.0019999999999997,-0.00155693,0.00015954,0.0,1.0,0.0,342.9191565582768,918.6804204196236
1668466094.641328,2.679,0.0,-0.00155693,0.0,0.0,1.0,0.0,342.9191565582768,918.6804204196236
1668466154.609967,2.689,0.0100000000000002,-0.00066205,0.00089488,0.0,1.0,0.0,342.9191565582768,922.1096119852064
1668466214.677407,2.689,0.0,0.0005696,0.00123165,0.0,1.0,0.0,342.9191565582768,922.1096119852064
1668466274.643507,2.687,-0.0020000000000002,0.00041006,-0.0001595399999999,1.0,0.0,921.4237736720896,0.0,921.4237736720896
1668466335.3009412,2.687,0.0,0.00041006,0.0,1.0,0.0,921.4237736720896,0.0,921.4237736720896
1668466395.0430765,2.683,-0.004,0.00039653,-1.3529999999999987e-05,1.0,0.0,921.4237736720896,0.0,921.4237736720896
1668466454.9331229,2.686,0.0030000000000001,0.00063584,0.00023931,0.0,1.0,0.0,343.0468256411354,921.4237736720896
1668466514.8001163,2.686,0.0,0.00063584,0.0,0.0,1.0,0.0,343.0468256411354,921.4237736720896
1668466574.7683785,2.685,-0.0009999999999998,0.00072964,9.38e-05,0.0,1.0,0.0,343.0468256411354,921.0807268464486
1668466634.8023903,2.69,0.0049999999999998,0.0011285,0.0003988599999999,0.0,1.0,0.0,343.0468256411354,922.7959609746542
1668466694.72234,2.687,-0.0030000000000001,0.00126231,0.00013381,0.0,1.0,0.0,343.0468256411354,921.7668204977308
1668466754.8377912,2.685,-0.0019999999999997,0.00119321,-6.909999999999989e-05,1.0,0.0,921.0807268464486,0.0,921.0807268464486
1668466814.8833437,2.686,0.0009999999999998,0.00145161,0.0002584,0.0,1.0,0.0,342.91910902697265,921.0807268464486
1668466874.661216,2.686,0.0,0.00145161,0.0,0.0,1.0,0.0,342.91910902697265,921.0807268464486
1668466935.0388298,2.705,0.0190000000000001,0.00376102,0.0023094099999999,0.0,1.0,0.0,342.91910902697265,927.596189917961
1668466994.6972206,2.701,-0.004,0.00344194,-0.0003190799999999,1.0,0.0,926.2245134818533,0.0,926.2245134818533
1668467054.5701914,2.699,-0.0020000000000002,0.00391526,0.00047332,0.0,1.0,0.0,343.1732172959812,926.2245134818533
1668467114.7183824,2.7,0.0010000000000003,0.00463673,0.00072147,0.0,1.0,0.0,343.1732172959812,926.5676866991494
1668467174.6166,2.701,0.0009999999999998,0.0047165,7.976999999999984e-05,0.0,1.0,0.0,343.1732172959812,926.9108599164452
1668467234.7635353,2.723,0.0219999999999997,0.00807914,0.00336264,0.0,1.0,0.0,343.1732172959812,934.4606706969568
1668467294.8187356,2.705,-0.0179999999999997,0.00664324,-0.0014359,1.0,0.0,928.2835527856292,0.0,928.2835527856292
1668467354.643087,2.732,0.0270000000000001,0.01043424,0.0037909999999999,0.0,1.0,0.0,339.7816811074777,928.2835527856292
1668467414.9352653,2.739,0.0069999999999996,0.01099265,0.00055841,0.0,1.0,0.0,339.7816811074777,930.6620245533816
1668467474.7440228,2.739,0.0,0.01099265,0.0,0.0,1.0,0.0,339.7816811074777,930.6620245533816
1668467534.8992045,2.724,-0.0149999999999996,0.01129835,0.0003057,0.0,1.0,0.0,339.7816811074777,925.5652993367694
1668467594.6319315,2.728,0.004,0.01185478,0.00055643,0.0,1.0,0.0,339.7816811074777,926.9244260611993
1668467654.8365865,2.728,0.0,0.01185478,0.0,0.0,1.0,0.0,339.7816811074777,926.9244260611993
1668467714.7204063,2.728,0.0,0.0118956,4.081999999999871e-05,0.0,1.0,0.0,339.7816811074777,926.9244260611993
1668467774.9438016,2.745,0.0169999999999999,0.01357927,0.00168367,0.0,1.0,0.0,339.7816811074777,932.7007146400264
1668467835.5915942,2.745,0.0,0.01502055,0.00144128,0.0,1.0,0.0,339.7816811074777,932.7007146400264
1668467894.9406886,2.744,-0.0009999999999998,0.01501683,-3.720000000000459e-06,1.0,0.0,932.3609329589189,0.0,932.3609329589189
1668467955.4975677,2.772,0.0279999999999995,0.01886252,0.00384569,0.0,1.0,0.0,336.3495429144729,932.3609329589189
1668468015.6414149,2.764,-0.008,0.01896355,0.0001010299999999,0.0,1.0,0.0,336.3495429144729,929.670136615603
1668468075.1432607,2.764,0.0,0.01896355,0.0,0.0,1.0,0.0,336.3495429144729,929.670136615603
1668468135.0090723,2.756,-0.008,0.01806322,-0.0009003299999999,1.0,0.0,926.9793402722872,0.0,926.9793402722872
1668468194.9532294,2.759,0.0030000000000001,0.01830253,0.0002393099999999,0.0,1.0,0.0,335.9838130744064,926.9793402722872
1668468254.8474967,2.755,-0.004,0.01741841,-0.00088412,1.0,0.0,925.6354050199895,0.0,925.6354050199895
1668468314.8226063,2.755,0.0,0.01652723,-0.0008911799999999,1.0,0.0,925.6354050199895,0.0,925.6354050199895
1668468374.8334477,2.761,0.0060000000000002,0.01550775,-0.0010194799999999,1.0,0.0,925.6354050199895,0.0,925.6354050199895
1668468434.885236,2.758,-0.0030000000000001,0.01453857,-0.00096918,1.0,0.0,925.6354050199895,0.0,925.6354050199895
1668468494.793501,2.752,-0.0060000000000002,0.01332242,-0.00121615,1.0,0.0,925.6354050199895,0.0,925.6354050199895
1668468554.9164898,2.75,-0.0019999999999997,0.01316288,-0.0001595399999999,1.0,0.0,925.6354050199895,0.0,925.6354050199895
1668468614.815745,2.753,0.0030000000000001,0.01217437,-0.0009885099999999,1.0,0.0,925.6354050199895,0.0,925.6354050199895
1668468675.199696,2.754,0.0009999999999998,0.01115616,-0.00101821,1.0,0.0,925.6354050199895,0.0,925.6354050199895
1668468735.043985,2.758,0.004,0.01073786,-0.0004182999999999,1.0,0.0,925.6354050199895,0.0,925.6354050199895
1668468795.178421,2.76,0.0019999999999997,0.01010062,-0.00063724,1.0,0.0,925.6354050199895,0.0,925.6354050199895
1668468855.0165348,2.761,0.0010000000000003,0.01018039,7.976999999999984e-05,0.0,1.0,0.0,335.2536780224518,925.6354050199895
1668468915.166686,2.764,0.0029999999999996,0.0097891,-0.0003912899999999,1.0,0.0,926.6411660540568,0.0,926.6411660540568
1668468975.1050386,2.768,0.004,0.01012867,0.0003395699999999,0.0,1.0,0.0,334.76920738947143,926.6411660540568
1668469035.0581195,2.768,0.0,0.01012867,0.0,0.0,1.0,0.0,334.76920738947143,926.6411660540568
1668469095.2042327,2.762,-0.0059999999999997,0.00898896,-0.0011397099999999,1.0,0.0,924.63255080972,0.0,924.63255080972
1668469155.300455,2.765,0.0030000000000001,0.00922828,0.0002393199999999,0.0,1.0,0.0,334.40598582630014,924.63255080972
1668469215.317699,2.768,0.0029999999999996,0.00910985,-0.00011843,1.0,0.0,925.6357687671988,0.0,925.6357687671988
1668469275.5046897,2.771,0.0030000000000001,0.00964529,0.00053544,0.0,1.0,0.0,334.04394397950153,925.6357687671988
1668469335.4622707,2.771,0.0,0.00964529,0.0,0.0,1.0,0.0,334.04394397950153,925.6357687671988
1668469395.2060652,2.77,-0.0009999999999998,0.00937511,-0.00027018,1.0,0.0,925.3017248232192,0.0,925.3017248232192
1668469455.191882,2.769,-0.0009999999999998,0.00916159,-0.00021352,1.0,0.0,925.3017248232192,0.0,925.3017248232192
1668469515.107589,2.769,0.0,0.00916159,0.0,1.0,0.0,925.3017248232192,0.0,925.3017248232192
1668469575.7528732,2.772,0.0029999999999996,0.00894171,-0.00021988,1.0,0.0,925.3017248232192,0.0,925.3017248232192
1668469635.253718,2.76,-0.012,0.00715596,-0.00178575,1.0,0.0,925.3017248232192,0.0,925.3017248232192
1668469695.2390242,2.761,0.0010000000000003,0.00631759,-0.00083837,1.0,0.0,925.3017248232192,0.0,925.3017248232192
1668469755.2505012,2.756,-0.0050000000000003,0.00591873,-0.00039886,1.0,0.0,925.3017248232192,0.0,925.3017248232192
1668469815.2017815,2.751,-0.0049999999999998,0.00411354,-0.00180519,1.0,0.0,925.3017248232192,0.0,925.3017248232192
1668469875.3093126,2.754,0.0030000000000001,0.00326665,-0.0008468899999999,1.0,0.0,925.3017248232192,0.0,925.3017248232192
1668469935.319882,2.745,-0.0089999999999998,0.00184796,-0.0014186899999999,1.0,0.0,925.3017248232192,0.0,925.3017248232192
1668469995.2530365,2.747,0.0019999999999997,0.00087493,-0.00097303,1.0,0.0,925.3017248232192,0.0,925.3017248232192
1668470055.61597,2.749,0.0020000000000002,-0.00052887,-0.0014038,1.0,0.0,925.3017248232192,0.0,925.3017248232192
1668470115.282838,2.75,0.0009999999999998,-0.0004491,7.976999999999995e-05,0.0,1.0,0.0,336.4733544811706,925.3017248232192
1668470175.2424746,2.747,-0.0030000000000001,-0.00092805,-0.00047895,1.0,0.0,924.2923047597756,0.0,924.2923047597756
1668470235.2675924,2.741,-0.0059999999999997,-0.00177136,-0.00084331,1.0,0.0,924.2923047597756,0.0,924.2923047597756
1668470295.1832948,2.748,0.0070000000000001,-0.00185348,-8.211999999999998e-05,1.0,0.0,924.2923047597756,0.0,924.2923047597756
1668470355.4005911,2.748,0.0,-0.00185348,0.0,1.0,0.0,924.2923047597756,0.0,924.2923047597756
1668470415.3597095,2.744,-0.004,-0.00228961,-0.00043613,1.0,0.0,924.2923047597756,0.0,924.2923047597756
1668470475.1939728,2.74,-0.004,-0.0026087,-0.0003190899999999,1.0,0.0,924.2923047597756,0.0,924.2923047597756
1668470535.336243,2.74,0.0,-0.00307432,-0.00046562,1.0,0.0,924.2923047597756,0.0,924.2923047597756
1668470595.242522,2.74,0.0,-0.00307432,0.0,1.0,0.0,924.2923047597756,0.0,924.2923047597756
