Time,Price,Price Change,Momentum,Momentum Change,Cash Allocation,Coin Allocation,Cash Balance,Coin Balance,Total Balance
1668394855.2372863,0.047384,0.0,-0.000469,0.0,1.0,0.0,1000.0,0.0,1000.0
1668394915.017583,0.047227,-0.000157,-0.000698,-0.000229,1.0,0.0,1000.0,0.0,1000.0
1668394975.0387633,0.047375,0.000148,-0.000541,0.000157,0.0,1.0,0.0,21108.179419525062,1000.0
1668395036.2448404,0.04743,5.499999999999949e-05,-0.000575,-3.399999999999996e-05,1.0,0.0,1001.1609498680735,0.0,1001.1609498680735
1668395095.8161795,0.047551,0.000121,-0.000362,0.0002129999999999,0.0,1.0,0.0,21054.46678025853,1001.1609498680735
1668395155.9756637,0.047512,-3.900000000000431e-05,-0.000488,-0.0001259999999999,1.0,0.0,1000.3398256636432,0.0,1000.3398256636432
1668395216.413026,0.047485,-2.6999999999999247e-05,-0.000491,-3.0000000000000187e-06,1.0,0.0,1000.3398256636432,0.0,1000.3398256636432
1668395275.8493116,0.04745,-3.500000000000031e-05,-0.000423,6.800000000000003e-05,0.0,1.0,0.0,21081.9773585594,1000.3398256636432
1668395335.8726742,0.047423,-2.6999999999999247e-05,-0.00035,7.299999999999999e-05,0.0,1.0,0.0,21081.9773585594,999.7706122749624
1668395397.1842785,0.047441,1.7999999999997185e-05,0.000209,0.000559,0.0,1.0,0.0,21081.9773585594,1000.1500878674163
1668395455.8880656,0.04737,-7.099999999999468e-05,0.000177,-3.200000000000002e-05,1.0,0.0,998.6532674749589,0.0,998.6532674749589
1668395515.930371,0.04746,8.99999999999998e-05,0.000267,8.999999999999999e-05,0.0,1.0,0.0,21041.998893277683,998.6532674749589
1668395576.2507155,0.047422,-3.800000000000331e-05,0.000168,-9.9e-05,1.0,0.0,997.8536715170144,0.0,997.8536715170144
1668395635.9639442,0.047381,-4.099999999999937e-05,6e-06,-0.0001619999999999,1.0,0.0,997.8536715170144,0.0,997.8536715170144
1668395696.2210362,0.04746,7.900000000000268e-05,-3.7e-05,-4.3e-05,1.0,0.0,997.8536715170144,0.0,997.8536715170144
1668395755.9968555,0.047515,5.499999999999949e-05,-3.6e-05,9.999999999999972e-07,0.0,1.0,0.0,21000.813880185506,997.8536715170144
1668395815.893451,0.047334,-0.000181,-0.000178,-0.0001419999999999,1.0,0.0,994.0525242047008,0.0,994.0525242047008
1668395875.8636334,0.04733,-4.000000000004e-06,-0.000155,2.299999999999999e-05,0.0,1.0,0.0,21002.58872184029,994.0525242047008
1668395935.9614477,0.047332,2.000000000002e-06,-8.2e-05,7.3e-05,0.0,1.0,0.0,21002.58872184029,994.0945293821444
1668395995.9762251,0.047388,5.6000000000000494e-05,-0.000136,-5.4e-05,1.0,0.0,995.2706743505676,0.0,995.2706743505676
1668396056.0466604,0.047497,0.0001089999999999,0.000123,0.000259,0.0,1.0,0.0,20954.390263607547,995.2706743505676
1668396115.892898,0.047485,-1.1999999999998123e-05,2.5e-05,-9.8e-05,1.0,0.0,995.0192216674044,0.0,995.0192216674044
1668396176.0980654,0.04754,5.499999999999949e-05,2.3e-05,-2.000000000000001e-06,1.0,0.0,995.0192216674044,0.0,995.0192216674044
1668396235.8435938,0.047579,3.900000000000431e-05,0.000198,0.000175,0.0,1.0,0.0,20912.991480850887,995.0192216674044
1668396296.9275415,0.047678,9.899999999999493e-05,0.000271,7.299999999999999e-05,0.0,1.0,0.0,20912.991480850887,997.0896078240086
1668396355.847917,0.047423,-0.0002549999999999,3.5e-05,-0.000236,1.0,0.0,991.7567949963916,0.0,991.7567949963916
1668396416.125892,0.047307,-0.0001159999999999,-9.2e-05,-0.000127,1.0,0.0,991.7567949963916,0.0,991.7567949963916
1668396476.1456144,0.047324,1.6999999999996185e-05,3e-06,9.5e-05,0.0,1.0,0.0,20956.74066005392,991.7567949963916
1668396536.0082617,0.04735,2.6000000000005186e-05,1e-06,-2.0000000000000003e-06,1.0,0.0,992.3016702535532,0.0,992.3016702535532
1668396595.9213426,0.047288,-6.20000000000065e-05,-0.000446,-0.000447,1.0,0.0,992.3016702535532,0.0,992.3016702535532
1668396656.0244665,0.047262,-2.5999999999998247e-05,-0.000215,0.000231,0.0,1.0,0.0,20995.761293503307,992.3016702535532
1668396716.141664,0.04727,8.000000000001062e-06,-0.00027,-5.500000000000001e-05,1.0,0.0,992.4696363439012,0.0,992.4696363439012
1668396775.9329717,0.047262,-8.000000000001062e-06,-0.000278,-7.999999999999978e-06,1.0,0.0,992.4696363439012,0.0,992.4696363439012
1668396836.02603,0.047269,7.000000000000062e-06,-0.00037,-9.2e-05,1.0,0.0,992.4696363439012,0.0,992.4696363439012
1668396895.9524057,0.047269,0.0,-0.000355,1.4999999999999983e-05,0.0,1.0,0.0,20996.20546962917,992.4696363439012
1668396955.9084098,0.047261,-8.000000000001062e-06,-0.000127,0.000228,0.0,1.0,0.0,20996.20546962917,992.3016667001442
1668397016.2331786,0.04728,1.9000000000005124e-05,-9.5e-05,3.199999999999999e-05,0.0,1.0,0.0,20996.20546962917,992.7005946040672
1668397076.249075,0.047236,-4.400000000000237e-05,-8.8e-05,7.000000000000008e-06,0.0,1.0,0.0,20996.20546962917,991.7767615634036
1668397136.2264636,0.047274,3.799999999999637e-05,-8.1e-05,6.999999999999994e-06,0.0,1.0,0.0,20996.20546962917,992.5746173712494
1668397195.8228111,0.047278,4.000000000004e-06,-1e-05,7.1e-05,0.0,1.0,0.0,20996.20546962917,992.658602193128
1668397255.8736591,0.047278,0.0,-1e-05,0.0,0.0,1.0,0.0,20996.20546962917,992.658602193128
1668397316.07243,0.047278,0.0,-1e-05,0.0,0.0,1.0,0.0,20996.20546962917,992.658602193128
1668397376.0174017,0.047278,0.0,-3.7e-05,-2.7e-05,1.0,0.0,992.658602193128,0.0,992.658602193128
1668397435.953823,0.047339,6.099999999999856e-05,7.7e-05,0.000114,0.0,1.0,0.0,20969.15021849063,992.658602193128
1668397495.9426842,0.047512,0.0001729999999999,0.00024,0.000163,0.0,1.0,0.0,20969.15021849063,996.2862651809268
1668397556.042214,0.047444,-6.799999999999862e-05,0.000175,-6.500000000000001e-05,1.0,0.0,994.8603629660696,0.0,994.8603629660696
1668397616.0215628,0.047379,-6.500000000000256e-05,0.00011,-6.5e-05,1.0,0.0,994.8603629660696,0.0,994.8603629660696
1668397676.0715723,0.047373,-5.999999999999062e-06,0.0001,-1e-05,1.0,0.0,994.8603629660696,0.0,994.8603629660696
1668397735.815268,0.04742,4.699999999999843e-05,0.000162,6.2e-05,0.0,1.0,0.0,20979.76303176022,994.8603629660696
1668397796.1293998,0.047322,-9.799999999999393e-05,6.4e-05,-9.8e-05,1.0,0.0,992.8043461889572,0.0,992.8043461889572
1668397856.1880908,0.047324,1.9999999999950613e-06,1e-06,-6.3e-05,1.0,0.0,992.8043461889572,0.0,992.8043461889572
1668397916.1616588,0.047292,-3.199999999999731e-05,1.4e-05,1.3e-05,0.0,1.0,0.0,20993.071686309675,992.8043461889572
1668397975.8734,0.047338,4.599999999999743e-05,4e-05,2.6e-05,0.0,1.0,0.0,20993.071686309675,993.7700274865274
1668398035.9598527,0.047469,0.0001309999999999,7e-05,2.999999999999999e-05,0.0,1.0,0.0,20993.071686309675,996.520119877434
1668398096.0592735,0.047594,0.000125,0.000111,4.100000000000001e-05,0.0,1.0,0.0,20993.071686309675,999.1442538382228
1668398155.978572,0.047576,-1.7999999999997185e-05,0.000131,2.000000000000001e-05,0.0,1.0,0.0,20993.071686309675,998.7663785478692
1668398216.350902,0.047516,-5.999999999999756e-05,0.000153,2.2e-05,0.0,1.0,0.0,20993.071686309675,997.5067942466906
1668398276.0213826,0.047516,0.0,0.000153,0.0,0.0,1.0,0.0,20993.071686309675,997.5067942466906
1668398336.0959277,0.047516,0.0,0.000118,-3.500000000000001e-05,1.0,0.0,997.5067942466906,0.0,997.5067942466906
1668398396.0715246,0.047527,1.0999999999997123e-05,0.000209,9.100000000000002e-05,0.0,1.0,0.0,20988.21289470597,997.5067942466906
1668398455.993817,0.047571,4.400000000000237e-05,0.000302,9.3e-05,0.0,1.0,0.0,20988.21289470597,998.4302756140576
1668398515.9858823,0.047571,0.0,0.000302,0.0,0.0,1.0,0.0,20988.21289470597,998.4302756140576
1668398576.1398094,0.047405,-0.0001659999999999,0.000114,-0.000188,1.0,0.0,994.9462322735365,0.0,994.9462322735365
1668398636.758281,0.047405,0.0,0.000114,0.0,1.0,0.0,994.9462322735365,0.0,994.9462322735365
1668398696.0100422,0.047426,2.1000000000000185e-05,-5e-05,-0.000164,1.0,0.0,994.9462322735365,0.0,994.9462322735365
1668398756.140482,0.047426,0.0,-5e-05,0.0,1.0,0.0,994.9462322735365,0.0,994.9462322735365
1668398815.9278414,0.04746,3.399999999999931e-05,-6.5e-05,-1.4999999999999992e-05,1.0,0.0,994.9462322735365,0.0,994.9462322735365
1668398876.1684792,0.047603,0.0001429999999999,0.000134,0.000199,0.0,1.0,0.0,20900.914485926023,994.9462322735365
1668398936.1398346,0.047731,0.000128,0.000255,0.000121,0.0,1.0,0.0,20900.914485926023,997.621549327735
1668398996.0739713,0.047731,0.0,0.000255,0.0,0.0,1.0,0.0,20900.914485926023,997.621549327735
1668399056.73123,0.047731,0.0,0.000215,-4.000000000000002e-05,1.0,0.0,997.621549327735,0.0,997.621549327735
1668399115.9394903,0.047708,-2.3000000000002185e-05,0.000192,-2.299999999999999e-05,1.0,0.0,997.621549327735,0.0,997.621549327735
1668399176.115065,0.047709,1.000000000001e-06,0.000156,-3.600000000000001e-05,1.0,0.0,997.621549327735,0.0,997.621549327735
1668399236.053856,0.047709,0.0,0.000157,9.999999999999972e-07,0.0,1.0,0.0,20910.552502205766,997.6215493277348
1668399296.174583,0.047864,0.0001549999999999,0.000293,0.000136,0.0,1.0,0.0,20910.552502205766,1000.8626849655768
1668399356.028144,0.047891,2.7000000000006182e-05,0.000486,0.0001929999999999,0.0,1.0,0.0,20910.552502205766,1001.4272698831364
1668399415.92294,0.04789,-1.000000000001e-06,0.000464,-2.2e-05,1.0,0.0,1001.4063593306342,0.0,1001.4063593306342
1668399475.972407,0.047929,3.899999999999737e-05,0.000499,3.499999999999998e-05,0.0,1.0,0.0,20893.53751028885,1001.4063593306342
1668399536.2275157,0.0482,0.000271,0.000469,-2.999999999999997e-05,1.0,0.0,1007.0685079959226,0.0,1007.0685079959226
1668399596.1041956,0.048326,0.000126,0.000595,0.000126,0.0,1.0,0.0,20839.06195414316,1007.0685079959223
1668399656.1699946,0.048612,0.000286,0.000904,0.0003089999999999,0.0,1.0,0.0,20839.06195414316,1013.0284797148072
1668399716.1414373,0.048404,-0.0002079999999999,0.000696,-0.0002079999999999,1.0,0.0,1008.6939548283456,0.0,1008.6939548283456
1668399776.2139037,0.04833,-7.400000000000462e-05,0.000622,-7.399999999999996e-05,1.0,0.0,1008.6939548283456,0.0,1008.6939548283456
1668399836.2717247,0.048424,9.40000000000038e-05,0.000715,9.299999999999998e-05,0.0,1.0,0.0,20830.455039409084,1008.6939548283456
1668399896.1815736,0.048359,-6.500000000000256e-05,0.000468,-0.000247,1.0,0.0,1007.3399752507838,0.0,1007.3399752507838
1668399956.9823456,0.04833,-2.9000000000001247e-05,0.000439,-2.9e-05,1.0,0.0,1007.3399752507838,0.0,1007.3399752507838
1668400016.087134,0.048331,1.000000000001e-06,0.000381,-5.8e-05,1.0,0.0,1007.3399752507838,0.0,1007.3399752507838
1668400076.0790884,0.048514,0.000183,0.00054,0.000159,0.0,1.0,0.0,20763.902693053216,1007.3399752507838
1668400136.069117,0.04839,-0.0001239999999999,4e-06,-0.000536,1.0,0.0,1004.7652513168453,0.0,1004.7652513168453
1668400196.1656392,0.048411,2.1000000000000185e-05,-0.000218,-0.000222,1.0,0.0,1004.7652513168453,0.0,1004.7652513168453
1668400256.0227053,0.048457,4.599999999999743e-05,-0.000149,6.900000000000002e-05,0.0,1.0,0.0,20735.19308493809,1004.7652513168453
1668400316.2236772,0.048299,-0.0001579999999999,-7.9e-05,7e-05,0.0,1.0,0.0,20735.19308493809,1001.489090809425
1668400376.1448646,0.04833,3.099999999999631e-05,-3e-05,4.9e-05,0.0,1.0,0.0,20735.19308493809,1002.131881795058
1668400436.742535,0.048213,-0.0001169999999999,-0.000134,-0.000104,1.0,0.0,999.7058642041202,0.0,999.7058642041202
1668400496.286441,0.048131,-8.199999999999874e-05,-0.000214,-7.999999999999999e-05,1.0,0.0,999.7058642041202,0.0,999.7058642041202
1668400556.087211,0.048231,0.0001,-6.9e-05,0.000145,0.0,1.0,0.0,20727.45462885116,999.7058642041202
1668400616.0965612,0.04824,8.999999999995123e-06,-0.000184,-0.000115,1.0,0.0,999.89241129578,0.0,999.89241129578
1668400676.1862276,0.048357,0.0001169999999999,-0.000107,7.7e-05,0.0,1.0,0.0,20677.304450147447,999.89241129578
1668400736.072322,0.048494,0.000137,9.7e-05,0.000204,0.0,1.0,0.0,20677.304450147447,1002.7252020054505
1668400796.2997117,0.048465,-2.9000000000001247e-05,5.4e-05,-4.3e-05,1.0,0.0,1002.125560176396,0.0,1002.125560176396
1668400856.0754223,0.048515,5.000000000000143e-05,0.000236,0.0001819999999999,0.0,1.0,0.0,20655.994232225003,1002.125560176396
1668400917.4297187,0.048477,-3.800000000000331e-05,0.000198,-3.8e-05,1.0,0.0,1001.3406323955714,0.0,1001.3406323955714
1668400976.1797917,0.048673,0.000196,0.000336,0.000138,0.0,1.0,0.0,20572.815162319384,1001.3406323955714
1668401036.061465,0.048748,7.499999999999868e-05,0.000449,0.000113,0.0,1.0,0.0,20572.815162319384,1002.8835935327452
1668401096.1573262,0.048728,-1.9999999999999185e-05,0.000618,0.0001689999999999,0.0,1.0,0.0,20572.815162319384,1002.472137229499
1668401156.2143962,0.048812,8.400000000000074e-05,0.000587,-3.0999999999999995e-05,1.0,0.0,1004.200253703134,0.0,1004.200253703134
1668401216.1734123,0.048689,-0.0001229999999999,0.000445,-0.0001419999999999,1.0,0.0,1004.200253703134,0.0,1004.200253703134
1668401276.087334,0.048639,-5.000000000000143e-05,0.000338,-0.000107,1.0,0.0,1004.200253703134,0.0,1004.200253703134
1668401336.0525973,0.048644,4.9999999999980616e-06,0.000187,-0.0001509999999999,1.0,0.0,1004.200253703134,0.0,1004.200253703134
1668401397.429289,0.04857,-7.399999999999768e-05,7.6e-05,-0.0001109999999999,1.0,0.0,1004.200253703134,0.0,1004.200253703134
1668401456.1581025,0.048472,-9.800000000000086e-05,7e-06,-6.900000000000001e-05,1.0,0.0,1004.200253703134,0.0,1004.200253703134
1668401516.143491,0.048577,0.000105,0.0001,9.3e-05,0.0,1.0,0.0,20672.33986666805,1004.200253703134
1668401576.1138515,0.048538,-3.900000000000431e-05,-0.000242,-0.000342,1.0,0.0,1003.394032448334,0.0,1003.394032448334
1668401636.8112495,0.048578,4.000000000000531e-05,-0.000109,0.0001329999999999,0.0,1.0,0.0,20655.3178897512,1003.394032448334
1668401696.139276,0.04865,7.199999999999568e-05,-0.000104,5.000000000000013e-06,0.0,1.0,0.0,20655.3178897512,1004.881215336396
1668401756.2329593,0.048467,-0.0001829999999999,-0.000336,-0.000232,1.0,0.0,1001.1012921625716,0.0,1001.1012921625716
1668401816.1832464,0.048467,0.0,-0.000177,0.000159,0.0,1.0,0.0,20655.3178897512,1001.1012921625716
1668401877.4842448,0.048486,1.8999999999998185e-05,-9.2e-05,8.499999999999999e-05,0.0,1.0,0.0,20655.3178897512,1001.4937432024768
1668401936.0975828,0.048294,-0.000192,-0.000284,-0.000192,1.0,0.0,997.5279221676444,0.0,997.5279221676444
1668401996.1561007,0.048455,0.000161,-1.5e-05,0.000269,0.0,1.0,0.0,20586.68707393756,997.5279221676444
1668402056.1294713,0.048452,-2.9999999999960614e-06,-5e-06,1e-05,0.0,1.0,0.0,20586.68707393756,997.4661621064226
1668402116.0214202,0.048414,-3.800000000000331e-05,-0.000163,-0.000158,1.0,0.0,996.683867997613,0.0,996.683867997613
1668402176.0090485,0.048411,-2.9999999999960614e-06,-0.000127,3.600000000000001e-05,0.0,1.0,0.0,20587.962818318418,996.683867997613
1668402236.2177994,0.048326,-8.500000000000174e-05,-0.000274,-0.000147,1.0,0.0,994.933891158056,0.0,994.933891158056
1668402296.3326695,0.048268,-5.8000000000002494e-05,-0.000303,-2.9e-05,1.0,0.0,994.933891158056,0.0,994.933891158056
1668402356.8763368,0.048268,0.0,-0.000303,0.0,1.0,0.0,994.933891158056,0.0,994.933891158056
1668402416.329158,0.048268,0.0,-0.000303,0.0,1.0,0.0,994.933891158056,0.0,994.933891158056
1668402476.26676,0.048379,0.0001109999999999,-8.8e-05,0.000215,0.0,1.0,0.0,20565.40836226577,994.933891158056
1668402536.424474,0.048343,-3.600000000000131e-05,-5.8e-05,3e-05,0.0,1.0,0.0,20565.40836226577,994.1935364570144
1668402596.1651623,0.048305,-3.799999999999637e-05,-9.5e-05,-3.7000000000000005e-05,1.0,0.0,993.412050939248,0.0,993.412050939248
1668402656.0907826,0.048345,3.999999999999837e-05,-0.0001,-5e-06,1.0,0.0,993.412050939248,0.0,993.412050939248
1668402716.334335,0.048352,7.000000000000062e-06,-9.3e-05,7.000000000000008e-06,0.0,1.0,0.0,20545.41799593084,993.412050939248
1668402776.2058218,0.048351,-1.000000000001e-06,-5.6e-05,3.7e-05,0.0,1.0,0.0,20545.41799593084,993.391505521252
1668402836.8667758,0.048349,-1.9999999999950613e-06,-5.8e-05,-2.000000000000001e-06,1.0,0.0,993.35041468526,0.0,993.35041468526
1668402896.289447,0.0483,-4.900000000000043e-05,-0.000107,-4.9e-05,1.0,0.0,993.35041468526,0.0,993.35041468526
1668402956.380686,0.0483,0.0,-0.000107,0.0,1.0,0.0,993.35041468526,0.0,993.35041468526
1668403016.1480618,0.048301,9.999999999940612e-07,-0.000112,-5e-06,1.0,0.0,993.35041468526,0.0,993.35041468526
1668403076.1662772,0.048396,9.50000000000048e-05,8.2e-05,0.000194,0.0,1.0,0.0,20525.46521789528,993.35041468526
1668403136.098163,0.048302,-9.40000000000038e-05,7.2e-05,-1e-05,1.0,0.0,991.4210209547776,0.0,991.4210209547776
1668403196.145531,0.04826,-4.200000000000037e-05,-8e-06,-8e-05,1.0,0.0,991.4210209547776,0.0,991.4210209547776
1668403256.2455292,0.048268,8.000000000001062e-06,-0.000122,-0.0001139999999999,1.0,0.0,991.4210209547776,0.0,991.4210209547776
1668403317.3350835,0.04817,-9.800000000000086e-05,-0.000173,-5.1000000000000006e-05,1.0,0.0,991.4210209547776,0.0,991.4210209547776
1668403376.1540687,0.048298,0.000128,-2e-05,0.000153,0.0,1.0,0.0,20527.165119772613,991.4210209547776
1668403436.4749854,0.048281,-1.7000000000003124e-05,-7.1e-05,-5.1000000000000006e-05,1.0,0.0,991.0720591477416,0.0,991.0720591477416
1668403496.1860974,0.048349,6.800000000000556e-05,-1e-05,6.1000000000000005e-05,0.0,1.0,0.0,20498.29487988876,991.0720591477416
1668403556.4657784,0.048339,-1.0000000000003062e-05,3.9e-05,4.9e-05,0.0,1.0,0.0,20498.29487988876,990.8670761989428
1668403616.2083952,0.048321,-1.7999999999997185e-05,2.1e-05,-1.8e-05,1.0,0.0,990.4981068911048,0.0,990.4981068911048
1668403676.263523,0.048447,0.0001259999999999,0.000145,0.000124,0.0,1.0,0.0,20444.983319733004,990.4981068911048
1668403736.1675491,0.04847,2.3000000000002185e-05,0.000156,1.0999999999999996e-05,0.0,1.0,0.0,20444.983319733004,990.9683415074588
1668403796.559691,0.048544,7.399999999999768e-05,0.000276,0.0001199999999999,0.0,1.0,0.0,20444.983319733004,992.4812702731188
1668403856.3233984,0.0486,5.6000000000000494e-05,0.00041,0.000134,0.0,1.0,0.0,20444.983319733004,993.626189339024
1668403916.2505395,0.048536,-6.399999999999462e-05,0.000316,-9.4e-05,1.0,0.0,992.3177104065612,0.0,992.3177104065612
1668403976.1968937,0.048509,-2.7000000000006182e-05,0.00021,-0.0001059999999999,1.0,0.0,992.3177104065612,0.0,992.3177104065612
1668404036.489076,0.048612,0.000103,0.000364,0.000154,0.0,1.0,0.0,20413.0196331474,992.3177104065612
1668404096.6028275,0.048599,-1.2999999999999123e-05,0.000249,-0.000115,1.0,0.0,992.0523411513306,0.0,992.0523411513306
1668404156.151142,0.048726,0.0001269999999999,0.000405,0.000156,0.0,1.0,0.0,20359.81490685324,992.0523411513306
1668404216.4030576,0.048586,-0.00014,0.000179,-0.000226,1.0,0.0,989.2019670643712,0.0,989.2019670643712
1668404276.2100737,0.048645,5.900000000000349e-05,0.000225,4.600000000000001e-05,0.0,1.0,0.0,20335.1211237408,989.2019670643712
1668404336.1823056,0.048541,-0.0001039999999999,0.000115,-0.0001099999999999,1.0,0.0,987.087114467502,0.0,987.087114467502
1668404396.1945033,0.048628,8.69999999999968e-05,8.9e-05,-2.600000000000001e-05,1.0,0.0,987.087114467502,0.0,987.087114467502
1668404456.5180702,0.048733,0.000105,8.4e-05,-5e-06,1.0,0.0,987.087114467502,0.0,987.087114467502
1668404516.4858952,0.048789,5.6000000000000494e-05,0.000284,0.0002,0.0,1.0,0.0,20231.75540526557,987.087114467502
1668404576.5127878,0.048835,4.600000000000437e-05,0.000294,9.999999999999972e-06,0.0,1.0,0.0,20231.75540526557,988.017775216144
1668404636.3339,0.048948,0.0001129999999999,0.000344,5.000000000000002e-05,0.0,1.0,0.0,20231.75540526557,990.303963576939
1668404696.232957,0.049004,5.6000000000000494e-05,0.000361,1.699999999999998e-05,0.0,1.0,0.0,20231.75540526557,991.436941879634
1668404756.3398197,0.04894,-6.400000000000156e-05,0.000108,-0.0002529999999999,1.0,0.0,990.1421095336968,0.0,990.1421095336968
1668404816.3611956,0.049123,0.000183,0.000478,0.00037,0.0,1.0,0.0,20156.38518685131,990.1421095336968
1668404876.515815,0.049013,-0.0001099999999999,0.000413,-6.500000000000001e-05,1.0,0.0,987.9249071631432,0.0,987.9249071631432
1668404936.3304155,0.048842,-0.0001709999999999,0.000301,-0.000112,1.0,0.0,987.9249071631432,0.0,987.9249071631432
1668404996.2142425,0.048991,0.0001489999999999,0.000413,0.000112,0.0,1.0,0.0,20165.436654959954,987.9249071631432
1668405056.1679664,0.04893,-6.099999999999856e-05,0.0002,-0.000213,1.0,0.0,986.6948155271906,0.0,986.6948155271906
1668405117.1027584,0.048888,-4.200000000000037e-05,2e-05,-0.00018,1.0,0.0,986.6948155271906,0.0,986.6948155271906
1668405176.4181926,0.048832,-5.6000000000000494e-05,-0.000102,-0.000122,1.0,0.0,986.6948155271906,0.0,986.6948155271906
1668405236.7202454,0.04888,4.799999999999943e-05,-0.00012,-1.8000000000000004e-05,1.0,0.0,986.6948155271906,0.0,986.6948155271906
1668405296.55963,0.048812,-6.799999999999862e-05,-0.000204,-8.4e-05,1.0,0.0,986.6948155271906,0.0,986.6948155271906
1668405356.3874006,0.04888,6.799999999999862e-05,-7.2e-05,0.000132,0.0,1.0,0.0,20186.064147446617,986.6948155271908
1668405416.3602808,0.048936,5.6000000000000494e-05,-0.000211,-0.000139,1.0,0.0,987.8252351194476,0.0,987.8252351194476
1668405476.3782115,0.048957,2.1000000000000185e-05,-5.6e-05,0.000155,0.0,1.0,0.0,20177.40537858626,987.8252351194476
1668405536.21701,0.048845,-0.000112,-7.5e-05,-1.9e-05,1.0,0.0,985.565365717046,0.0,985.565365717046
1668405596.843779,0.048855,1.0000000000003062e-05,-0.000136,-6.1000000000000005e-05,1.0,0.0,985.565365717046,0.0,985.565365717046
1668405656.3014114,0.048994,0.000139,7.4e-05,0.00021,0.0,1.0,0.0,20116.04208101086,985.565365717046
1668405716.458068,0.048785,-0.000209,-4.6e-05,-0.0001199999999999,1.0,0.0,981.3611129221148,0.0,981.3611129221148
1668405776.3798392,0.048722,-6.300000000000056e-05,-0.000178,-0.0001319999999999,1.0,0.0,981.3611129221148,0.0,981.3611129221148
1668405836.51501,0.048735,1.2999999999999123e-05,-0.000154,2.3999999999999987e-05,0.0,1.0,0.0,20136.68026925444,981.3611129221148
1668405896.40844,0.048641,-9.40000000000038e-05,-0.000199,-4.500000000000001e-05,1.0,0.0,979.468264976805,0.0,979.468264976805
1668405956.461142,0.048653,1.2000000000005062e-05,-0.000273,-7.400000000000001e-05,1.0,0.0,979.468264976805,0.0,979.468264976805
1668406016.350233,0.048729,7.599999999999968e-05,-0.000211,6.200000000000002e-05,0.0,1.0,0.0,20100.31531483932,979.4682649768048
1668406076.4003117,0.048735,5.999999999999062e-06,-0.00027,-5.9e-05,1.0,0.0,979.588866868694,0.0,979.588866868694
1668406136.513753,0.048714,-2.1000000000000185e-05,-0.000211,5.9e-05,0.0,1.0,0.0,20108.98031097208,979.588866868694
1668406196.3186388,0.04863,-8.400000000000074e-05,-0.000273,-6.200000000000002e-05,1.0,0.0,977.8997125225724,0.0,977.8997125225724
1668406256.243797,0.048613,-1.6999999999996185e-05,-0.000323,-4.999999999999997e-05,1.0,0.0,977.8997125225724,0.0,977.8997125225724
1668406316.3447497,0.048698,8.49999999999948e-05,-0.000103,0.0002199999999999,0.0,1.0,0.0,20080.9009101518,977.8997125225724
1668406376.5711396,0.048754,5.6000000000000494e-05,1.7e-05,0.0001199999999999,0.0,1.0,0.0,20080.9009101518,979.0242429735408
1668406436.6185312,0.04884,8.600000000000274e-05,0.00012,0.000103,0.0,1.0,0.0,20080.9009101518,980.751200451814
1668406496.6177046,0.048858,1.7999999999997185e-05,0.000217,9.7e-05,0.0,1.0,0.0,20080.9009101518,981.1126566681966
1668406556.5490627,0.048807,-5.099999999999549e-05,6e-05,-0.000157,1.0,0.0,980.0885307217789,0.0,980.0885307217789
1668406617.45079,0.048823,1.5999999999995185e-05,0.000176,0.000116,0.0,1.0,0.0,20074.32010982076,980.0885307217789
1668406677.5452156,0.048612,-0.0002109999999999,-0.000155,-0.000331,1.0,0.0,975.8528491786068,0.0,975.8528491786068
1668406737.432367,0.048522,-8.99999999999998e-05,-0.000192,-3.7000000000000005e-05,1.0,0.0,975.8528491786068,0.0,975.8528491786068
1668406798.3123758,0.04849,-3.200000000000425e-05,-0.00014,5.200000000000002e-05,0.0,1.0,0.0,20124.826751466426,975.8528491786068
1668406858.3017223,0.048598,0.000108,-1.5e-05,0.0001249999999999,0.0,1.0,0.0,20124.826751466426,978.0263304677654
1668406918.35475,0.04856,-3.800000000000331e-05,-0.000181,-0.000166,1.0,0.0,977.2615870512096,0.0,977.2615870512096
1668406979.0594363,0.048558,-2.000000000002e-06,-0.000244,-6.299999999999999e-05,1.0,0.0,977.2615870512096,0.0,977.2615870512096
1668407039.8086066,0.048667,0.000109,-0.000229,1.4999999999999983e-05,0.0,1.0,0.0,20080.58000392894,977.2615870512096
1668407099.0381331,0.04855,-0.0001169999999999,-0.000307,-7.799999999999997e-05,1.0,0.0,974.91215919075,0.0,974.91215919075
1668407159.992056,0.048489,-6.100000000000549e-05,-0.000318,-1.0999999999999996e-05,1.0,0.0,974.91215919075,0.0,974.91215919075
1668407219.8280327,0.048545,5.6000000000000494e-05,-0.000222,9.599999999999998e-05,0.0,1.0,0.0,20082.64824782676,974.91215919075
1668407279.9227033,0.048521,-2.3999999999996247e-05,-7e-06,0.000215,0.0,1.0,0.0,20082.64824782676,974.4301756328024
1668407340.723752,0.048516,-5.000000000005e-06,1.7e-05,2.4e-05,0.0,1.0,0.0,20082.64824782676,974.329762391563
1668407400.6513643,0.048451,-6.499999999999562e-05,-0.000152,-0.000169,1.0,0.0,973.0243902554544,0.0,973.0243902554544
1668407461.0788596,0.048453,2.000000000002e-06,-0.000167,-1.4999999999999983e-05,1.0,0.0,973.0243902554544,0.0,973.0243902554544
1668407521.385399,0.048389,-6.400000000000156e-05,-0.000171,-4.000000000000016e-06,1.0,0.0,973.0243902554544,0.0,973.0243902554544
1668407581.941908,0.048489,9.999999999999593e-05,-3.6e-05,0.000135,0.0,1.0,0.0,20066.90981986542,973.0243902554544
1668407641.415393,0.048489,0.0,-3.6e-05,0.0,0.0,1.0,0.0,20066.90981986542,973.0243902554544
1668407702.505396,0.048409,-7.999999999999674e-05,-0.000184,-0.000148,1.0,0.0,971.4190374698652,0.0,971.4190374698652
1668407762.579816,0.048405,-4.000000000004e-06,-0.000145,3.9e-05,0.0,1.0,0.0,20068.568070857666,971.4190374698652
1668407822.436467,0.048396,-8.999999999995123e-06,-0.000121,2.4e-05,0.0,1.0,0.0,20068.568070857666,971.2384203572276
1668407883.30082,0.048351,-4.500000000000337e-05,-0.000194,-7.3e-05,1.0,0.0,970.335334794039,0.0,970.335334794039
1668407943.2967548,0.04825,-0.0001009999999999,-0.000247,-5.299999999999999e-05,1.0,0.0,970.335334794039,0.0,970.335334794039
1668408003.33052,0.048226,-2.4000000000003185e-05,-0.000295,-4.800000000000003e-05,1.0,0.0,970.335334794039,0.0,970.335334794039
1668408064.242247,0.0482,-2.5999999999998247e-05,-0.000251,4.400000000000004e-05,0.0,1.0,0.0,20131.438481204128,970.335334794039
1668408124.8559716,0.047839,-0.000361,-0.000576,-0.000325,1.0,0.0,963.0678855023244,0.0,963.0678855023244
1668408184.1795776,0.046861,-0.0009779999999999,-0.001534,-0.000958,1.0,0.0,963.0678855023244,0.0,963.0678855023244
1668408245.6397882,0.046461,-0.0003999999999999,-0.002028,-0.0004939999999999,1.0,0.0,963.0678855023244,0.0,963.0678855023244
1668408305.4660406,0.04595,-0.000511,-0.002446,-0.0004179999999999,1.0,0.0,963.0678855023244,0.0,963.0678855023244
1668408365.491923,0.046063,0.000113,-0.002342,0.0001039999999999,0.0,1.0,0.0,20907.624025841225,963.0678855023244
1668408426.4658988,0.046538,0.000475,-0.001858,0.0004839999999999,0.0,1.0,0.0,20907.624025841225,972.999006914599
1668408486.424878,0.046616,7.799999999999474e-05,-0.001736,0.000122,0.0,1.0,0.0,20907.624025841225,974.6298015886146
1668408546.326427,0.04664,2.4000000000003185e-05,-0.00161,0.0001259999999999,0.0,1.0,0.0,20907.624025841225,975.1315845652348
1668408608.9353416,0.046416,-0.000224,-0.001821,-0.0002109999999999,1.0,0.0,970.4482767834464,0.0,970.4482767834464
1668408667.2551892,0.046169,-0.0002469999999999,-0.001898,-7.700000000000003e-05,1.0,0.0,970.4482767834464,0.0,970.4482767834464
1668408727.1689763,0.04601,-0.0001589999999999,-0.001049,0.0008489999999999,0.0,1.0,0.0,21092.11642650394,970.4482767834464
1668408787.947195,0.0455,-0.00051,-0.001111,-6.199999999999999e-05,1.0,0.0,959.6912974059292,0.0,959.6912974059292
1668408848.2261972,0.04558,8.000000000000368e-05,6.5e-05,0.001176,0.0,1.0,0.0,21055.09647665487,959.691297405929
1668408907.8810475,0.045728,0.0001479999999999,-0.000592,-0.0006569999999999,1.0,0.0,962.807451684474,0.0,962.807451684474
1668408969.056404,0.045859,0.0001309999999999,-0.000534,5.8e-05,0.0,1.0,0.0,20994.95086426817,962.807451684474
1668409028.85418,0.04564,-0.0002189999999999,-0.001057,-0.000523,1.0,0.0,958.2095574451992,0.0,958.2095574451992
1668409089.3348787,0.045526,-0.000114,-0.001013,4.399999999999999e-05,0.0,1.0,0.0,21047.52355676315,958.2095574451992
1668409149.671976,0.045222,-0.0003039999999999,-0.001362,-0.0003489999999999,1.0,0.0,951.8111102839432,0.0,951.8111102839432
1668409209.624198,0.044607,-0.0006149999999999,-0.001557,-0.000195,1.0,0.0,951.8111102839432,0.0,951.8111102839432
1668409269.5523298,0.045102,0.000495,-0.001136,0.0004209999999999,0.0,1.0,0.0,21103.52335337553,951.8111102839432
1668409330.3781507,0.045365,0.0002629999999999,-0.000388,0.000748,0.0,1.0,0.0,21103.52335337553,957.361336925881
1668409390.5791252,0.045285,-8.000000000000368e-05,-0.00028,0.000108,0.0,1.0,0.0,21103.52335337553,955.6730550576108
1668409450.4345694,0.045451,0.0001659999999999,-0.000163,0.0001169999999999,0.0,1.0,0.0,21103.52335337553,959.1762399342712
1668409511.4393675,0.045412,-3.899999999999737e-05,-0.000447,-0.000284,1.0,0.0,958.3532025234896,0.0,958.3532025234896
1668409571.3125772,0.045588,0.0001759999999999,7.5e-05,0.000522,0.0,1.0,0.0,21022.04971754606,958.3532025234896
1668409632.019553,0.045625,3.700000000000231e-05,0.00013,5.5e-05,0.0,1.0,0.0,21022.04971754606,959.131018363039
1668409692.1441922,0.045641,1.6000000000002124e-05,0.000687,0.000557,0.0,1.0,0.0,21022.04971754606,959.4673711585197
1668409752.2016797,0.04567,2.9000000000001247e-05,0.000789,0.0001019999999999,0.0,1.0,0.0,21022.04971754606,960.0770106003284
1668409812.240094,0.04567,0.0,0.000789,0.0,0.0,1.0,0.0,21022.04971754606,960.0770106003284
1668409873.0197048,0.04561,-6.0000000000004494e-05,0.000233,-0.000556,1.0,0.0,958.8156876172756,0.0,958.8156876172756
1668409932.9793637,0.045904,0.000294,0.00071,0.000477,0.0,1.0,0.0,20887.410413412243,958.8156876172756
1668409992.914477,0.045772,-0.000132,0.000578,-0.000132,1.0,0.0,956.0585494427052,0.0,956.0585494427052
1668410054.180297,0.045662,-0.0001099999999999,0.000371,-0.0002069999999999,1.0,0.0,956.0585494427052,0.0,956.0585494427052
1668410114.2958546,0.045731,6.899999999999962e-05,0.00044,6.9e-05,0.0,1.0,0.0,20906.136962732176,956.0585494427052
1668410174.8435962,0.04583,9.900000000000186e-05,0.000235,-0.000205,1.0,0.0,958.1282570020156,0.0,958.1282570020156
1668410235.0477057,0.04608,0.00025,0.000416,0.0001809999999999,0.0,1.0,0.0,20792.71391063402,958.1282570020156
1668410295.029324,0.046039,-4.100000000000631e-05,0.00042,4.000000000000043e-06,0.0,1.0,0.0,20792.71391063402,957.2757557316796
1668410355.0777693,0.046153,0.000114,0.000447,2.700000000000001e-05,0.0,1.0,0.0,20792.71391063402,959.6461251174918
1668410415.8093617,0.046215,6.199999999999956e-05,0.000632,0.0001849999999999,0.0,1.0,0.0,20792.71391063402,960.9352733799512
1668410475.9031155,0.046064,-0.0001509999999999,0.000141,-0.0004909999999999,1.0,0.0,957.7955735794454,0.0,957.7955735794454
1668410535.858657,0.04594,-0.0001239999999999,0.000206,6.499999999999998e-05,0.0,1.0,0.0,20848.83703916947,957.7955735794454
1668410596.6442306,0.04596,1.9999999999999185e-05,0.000226,2e-05,0.0,1.0,0.0,20848.83703916947,958.2125503202288
1668410656.6527529,0.04574,-0.0002199999999999,9e-06,-0.000217,1.0,0.0,953.6258061716115,0.0,953.6258061716115
1668410716.5340235,0.045485,-0.000255,-0.000406,-0.000415,1.0,0.0,953.6258061716115,0.0,953.6258061716115
1668410777.6751246,0.045365,-0.0001199999999999,-0.000676,-0.0002699999999999,1.0,0.0,953.6258061716115,0.0,953.6258061716115
1668410837.561485,0.04485,-0.000515,-0.001218,-0.000542,1.0,0.0,953.6258061716115,0.0,953.6258061716115
1668410897.884411,0.04478,-7.000000000000062e-05,-0.001385,-0.000167,1.0,0.0,953.6258061716115,0.0,953.6258061716115
1668410958.4119687,0.044643,-0.0001369999999999,-0.001573,-0.000188,1.0,0.0,953.6258061716115,0.0,953.6258061716115
1668411018.5575418,0.044154,-0.000489,-0.001882,-0.000309,1.0,0.0,953.6258061716115,0.0,953.6258061716115
1668411078.4135149,0.044131,-2.3000000000002185e-05,-0.001715,0.000167,0.0,1.0,0.0,21608.97795589521,953.6258061716115
1668411139.0280883,0.044225,9.40000000000038e-05,-0.001742,-2.700000000000012e-05,1.0,0.0,955.6570500994656,0.0,955.6570500994656
1668411199.3551452,0.044369,0.0001439999999999,-0.001393,0.000349,0.0,1.0,0.0,21538.84581801405,955.6570500994656
1668411258.947287,0.044319,-5.000000000000143e-05,-0.001258,0.0001349999999999,0.0,1.0,0.0,21538.84581801405,954.5801078085648
1668411320.0388856,0.044432,0.000113,-0.000958,0.0003,0.0,1.0,0.0,21538.84581801405,957.0139973860004
1668411380.0019815,0.044038,-0.0003939999999999,-0.000813,0.0001449999999999,0.0,1.0,0.0,21538.84581801405,948.5276921337028
1668411440.007113,0.044042,3.9999999999970615e-06,-0.000676,0.000137,0.0,1.0,0.0,21538.84581801405,948.6138475169748
1668411500.9568346,0.044065,2.3000000000002185e-05,-0.000585,9.099999999999994e-05,0.0,1.0,0.0,21538.84581801405,949.1092409707892
1668411560.8604245,0.044445,0.0003799999999999,0.000294,0.000879,0.0,1.0,0.0,21538.84581801405,957.2940023816344
1668411620.8920293,0.044373,-7.199999999999568e-05,0.000182,-0.0001119999999999,1.0,0.0,955.7432054827376,0.0,955.7432054827376
1668411681.8749857,0.044351,-2.2000000000001185e-05,7.8e-05,-0.000104,1.0,0.0,955.7432054827376,0.0,955.7432054827376
1668411741.726405,0.044403,5.199999999999649e-05,9e-06,-6.9e-05,1.0,0.0,955.7432054827376,0.0,955.7432054827376
1668411801.5619926,0.044133,-0.0002699999999999,-0.000168,-0.000177,1.0,0.0,955.7432054827376,0.0,955.7432054827376
1668411862.98224,0.044079,-5.3999999999998494e-05,-0.000335,-0.000167,1.0,0.0,955.7432054827376,0.0,955.7432054827376
1668411923.0913763,0.043909,-0.00017,-0.00015,0.000185,0.0,1.0,0.0,21766.45347156022,955.7432054827376
1668411982.8516216,0.043857,-5.199999999999649e-05,-0.000185,-3.500000000000001e-05,1.0,0.0,954.6113499022166,0.0,954.6113499022166
1668412043.8601596,0.044054,0.000197,-6.6e-05,0.0001189999999999,0.0,1.0,0.0,21669.118579520964,954.6113499022166
1668412103.992371,0.044258,0.0002039999999999,-0.00012,-5.4e-05,1.0,0.0,959.0318500924388,0.0,959.0318500924388
1668412164.4412613,0.044133,-0.000125,-0.000262,-0.000142,1.0,0.0,959.0318500924388,0.0,959.0318500924388
1668412225.1356905,0.04413,-2.9999999999960614e-06,-0.000188,7.400000000000004e-05,0.0,1.0,0.0,21731.970317073166,959.0318500924388
1668412284.8897889,0.044,-0.00013,-0.00043,-0.000242,1.0,0.0,956.2066939512192,0.0,956.2066939512192
1668412344.9705484,0.043825,-0.0001749999999999,-0.000384,4.599999999999998e-05,0.0,1.0,0.0,21818.74943414077,956.2066939512192
1668412405.7651188,0.044068,0.000243,1.5e-05,0.000399,0.0,1.0,0.0,21818.74943414077,961.5086500637154
1668412465.7891226,0.044203,0.0001349999999999,0.000307,0.000292,0.0,1.0,0.0,21818.74943414077,964.4541812373244
1668412525.7695055,0.044131,-7.200000000000262e-05,0.000291,-1.5999999999999955e-05,1.0,0.0,962.8832312780662,0.0,962.8832312780662
1668412586.830891,0.04415,1.9000000000005124e-05,0.000167,-0.000124,1.0,0.0,962.8832312780662,0.0,962.8832312780662
1668412647.2852232,0.044139,-1.1000000000004062e-05,-0.000101,-0.000268,1.0,0.0,962.8832312780662,0.0,962.8832312780662
1668412707.3497324,0.044092,-4.699999999999843e-05,-0.000148,-4.699999999999999e-05,1.0,0.0,962.8832312780662,0.0,962.8832312780662
1668412767.6086504,0.044075,-1.6999999999996185e-05,-5.5e-05,9.299999999999998e-05,0.0,1.0,0.0,21846.47149808432,962.8832312780662
1668412827.5965612,0.043951,-0.000124,-4.9e-05,6.000000000000004e-06,0.0,1.0,0.0,21846.47149808432,960.1742688123036
1668412887.71782,0.0438,-0.0001509999999999,-6.8e-05,-1.9e-05,1.0,0.0,956.8754516160932,0.0,956.8754516160932
1668412948.332664,0.043706,-9.399999999999686e-05,-0.000362,-0.000294,1.0,0.0,956.8754516160932,0.0,956.8754516160932
1668413008.3358526,0.043728,2.2000000000001185e-05,-0.000422,-6e-05,1.0,0.0,956.8754516160932,0.0,956.8754516160932
1668413068.330531,0.043653,-7.500000000000562e-05,-0.000448,-2.599999999999998e-05,1.0,0.0,956.8754516160932,0.0,956.8754516160932
1668413129.308813,0.043542,-0.0001109999999999,-0.000582,-0.000134,1.0,0.0,956.8754516160932,0.0,956.8754516160932
1668413189.314744,0.043688,0.000146,-0.000416,0.000166,0.0,1.0,0.0,21902.47783409845,956.8754516160932
1668413250.099857,0.043761,7.300000000000362e-05,-0.000375,4.0999999999999967e-05,0.0,1.0,0.0,21902.47783409845,958.4743324979822
1668413309.9930356,0.044027,0.0002659999999999,-7.2e-05,0.000303,0.0,1.0,0.0,21902.47783409845,964.3003916018524
1668413370.0646834,0.043997,-2.9999999999995308e-05,-0.000102,-3e-05,1.0,0.0,963.6433172668296,0.0,963.6433172668296
1668413430.0707717,0.04403,3.299999999999831e-05,0.00023,0.000332,0.0,1.0,0.0,21886.06216822234,963.6433172668296
1668413490.8181062,0.043938,-9.20000000000018e-05,0.000177,-5.3000000000000014e-05,1.0,0.0,961.6297995473532,0.0,961.6297995473532
1668413550.7778504,0.0438,-0.0001379999999999,6e-06,-0.0001709999999999,1.0,0.0,961.6297995473532,0.0,961.6297995473532
1668413610.7321937,0.043527,-0.0002729999999999,-0.000187,-0.000193,1.0,0.0,961.6297995473532,0.0,961.6297995473532
1668413672.0883474,0.043839,0.0003119999999999,0.000297,0.000484,0.0,1.0,0.0,21935.48665679767,961.6297995473532
1668413732.6743572,0.04374,-9.900000000000186e-05,0.000122,-0.000175,1.0,0.0,959.4581863683302,0.0,959.4581863683302
1668413792.131975,0.043639,-0.000101,-0.000199,-0.000321,1.0,0.0,959.4581863683302,0.0,959.4581863683302
1668413912.7657082,0.043851,0.000212,-8.2e-05,0.000117,0.0,1.0,0.0,21879.961377581585,959.45818636833
1668413972.687387,0.04388,2.9000000000001247e-05,-5.3e-05,2.9e-05,0.0,1.0,0.0,21879.961377581585,960.09270524828
1668414033.5536752,0.044032,0.0001519999999999,9.4e-05,0.000147,0.0,1.0,0.0,21879.961377581585,963.4184593776724
1668414093.6141756,0.043889,-0.000143,7.9e-05,-1.5e-05,1.0,0.0,960.2896249006782,0.0,960.2896249006782
1668414153.601853,0.04396,7.100000000000162e-05,0.000352,0.000273,0.0,1.0,0.0,21844.62295042489,960.2896249006782
1668414215.1636422,0.04399,3.0000000000002247e-05,0.000151,-0.0002009999999999,1.0,0.0,960.944963589191,0.0,960.944963589191
1668414274.3460195,0.043915,-7.499999999999868e-05,0.000204,5.299999999999999e-05,0.0,1.0,0.0,21881.930173954024,960.944963589191
1668414334.3703215,0.04409,0.0001749999999999,0.000509,0.000305,0.0,1.0,0.0,21881.930173954024,964.7743013696328
1668414395.3754292,0.044123,3.300000000000525e-05,0.000542,3.2999999999999935e-05,0.0,1.0,0.0,21881.930173954024,965.4964050653734
1668414455.4786663,0.04425,0.0001269999999999,0.0004,-0.0001419999999999,1.0,0.0,968.2754101974656,0.0,968.2754101974656
1668414515.3544626,0.04429,4.000000000000531e-05,0.000411,1.0999999999999996e-05,0.0,1.0,0.0,21862.16776241737,968.2754101974656
1668414576.0704942,0.04425,-4.000000000000531e-05,0.00013,-0.000281,1.0,0.0,967.4009234869686,0.0,967.4009234869686
1668414636.2533233,0.04425,0.0,0.000361,0.000231,0.0,1.0,0.0,21862.16776241737,967.4009234869686
1668414696.8880746,0.04417,-7.999999999999674e-05,0.000204,-0.000157,1.0,0.0,965.6519500659754,0.0,965.6519500659754
1668414756.8606334,0.044161,-9.000000000002062e-06,5.3e-05,-0.0001509999999999,1.0,0.0,965.6519500659754,0.0,965.6519500659754
1668414816.905717,0.044168,7.000000000000062e-06,0.00032,0.000267,0.0,1.0,0.0,21863.15771748721,965.6519500659756
1668414876.921897,0.044177,9.000000000002062e-06,0.000203,-0.000117,1.0,0.0,965.8487184854328,0.0,965.8487184854328
1668414937.8906083,0.04417,-7.000000000000062e-06,9.9e-05,-0.000104,1.0,0.0,965.8487184854328,0.0,965.8487184854328
1668414997.914076,0.044296,0.000126,3.9e-05,-6e-05,1.0,0.0,965.8487184854328,0.0,965.8487184854328
1668415057.97851,0.04448,0.0001839999999999,0.000222,0.000183,0.0,1.0,0.0,21714.224786093364,965.8487184854328
1668415118.767675,0.044374,-0.000106,0.000198,-2.400000000000001e-05,1.0,0.0,963.5470106581068,0.0,963.5470106581068
1668415179.6636477,0.04454,0.000166,0.000286,8.800000000000002e-05,0.0,1.0,0.0,21633.296153078285,963.5470106581068
1668415238.7572453,0.04452,-2.0000000000006124e-05,0.000374,8.799999999999997e-05,0.0,1.0,0.0,21633.296153078285,963.1143447350452
1668415299.5126257,0.044365,-0.0001549999999999,0.000187,-0.000187,1.0,0.0,959.761183831318,0.0,959.761183831318
1668415359.5631824,0.044381,1.5999999999995185e-05,0.000175,-1.1999999999999994e-05,1.0,0.0,959.761183831318,0.0,959.761183831318
1668415419.5041814,0.044315,-6.599999999999662e-05,0.000165,-1e-05,1.0,0.0,959.761183831318,0.0,959.761183831318
1668415480.5209696,0.044291,-2.4000000000003185e-05,0.000121,-4.4e-05,1.0,0.0,959.761183831318,0.0,959.761183831318
1668415540.3777168,0.044192,-9.899999999999493e-05,-0.000104,-0.000225,1.0,0.0,959.761183831318,0.0,959.761183831318
1668415600.5112758,0.044222,2.9999999999995308e-05,-0.000182,-7.800000000000001e-05,1.0,0.0,959.761183831318,0.0,959.761183831318
1668415662.0962026,0.04423,8.000000000001062e-06,-0.000174,8.000000000000005e-06,0.0,1.0,0.0,21699.325883592992,959.761183831318
1668415721.2240913,0.044339,0.000109,-0.00018,-6.00000000000001e-06,1.0,0.0,962.1264103526296,0.0,962.1264103526296
1668415781.25503,0.044236,-0.000103,-0.000284,-0.000104,1.0,0.0,962.1264103526296,0.0,962.1264103526296
1668415842.243002,0.04429,5.400000000000543e-05,-0.0001,0.000184,0.0,1.0,0.0,21723.33281446443,962.1264103526296
1668415902.0645611,0.044145,-0.000145,-0.000217,-0.0001169999999999,1.0,0.0,958.976527094532,0.0,958.976527094532
1668415962.1438267,0.04418,3.500000000000031e-05,-6.9e-05,0.000148,0.0,1.0,0.0,21706.12329322164,958.976527094532
1668416022.8485682,0.04421,3.0000000000002247e-05,-8e-05,-1.100000000000001e-05,1.0,0.0,959.6277107933288,0.0,959.6277107933288
1668416082.799534,0.04423,1.9999999999999185e-05,8.5e-05,0.000165,0.0,1.0,0.0,21696.30817981752,959.6277107933288
1668416143.006472,0.044211,-1.8999999999998185e-05,6.2e-05,-2.3000000000000003e-05,1.0,0.0,959.2154809379124,0.0,959.2154809379124
1668416204.299277,0.044225,1.4000000000000123e-05,-5e-06,-6.7e-05,1.0,0.0,959.2154809379124,0.0,959.2154809379124
1668416263.8323643,0.044244,1.8999999999998185e-05,-0.000119,-0.000114,1.0,0.0,959.2154809379124,0.0,959.2154809379124
1668416323.9046628,0.04421,-3.399999999999931e-05,-5e-05,6.9e-05,0.0,1.0,0.0,21696.798935487728,959.2154809379124
1668416384.8010175,0.044315,0.000105,2.5e-05,7.500000000000001e-05,0.0,1.0,0.0,21696.798935487728,961.4936448261388
1668416444.7590742,0.044328,1.2999999999999123e-05,3.8e-05,1.3e-05,0.0,1.0,0.0,21696.798935487728,961.7757032123
1668416504.6835938,0.04443,0.0001019999999999,0.000261,0.000223,0.0,1.0,0.0,21696.798935487728,963.9887767037196
1668416565.840413,0.044439,9.000000000002062e-06,0.000209,-5.199999999999999e-05,1.0,0.0,964.1840478941392,0.0,964.1840478941392
1668416625.63473,0.044552,0.000113,0.000342,0.000133,0.0,1.0,0.0,21641.767999060405,964.1840478941392
1668416685.788143,0.04464,8.79999999999978e-05,0.000429,8.7e-05,0.0,1.0,0.0,21641.767999060405,966.0885234780563
1668416747.4950583,0.04458,-5.999999999999756e-05,0.000354,-7.500000000000003e-05,1.0,0.0,964.7900173981128,0.0,964.7900173981128
1668416806.8326209,0.044586,5.999999999999062e-06,0.000362,8.000000000000032e-06,0.0,1.0,0.0,21638.855636256063,964.7900173981128
1668416866.8506727,0.04471,0.0001239999999999,0.00051,0.000148,0.0,1.0,0.0,21638.855636256063,967.4732354970084
1668416927.5437584,0.044668,-4.200000000000037e-05,0.000412,-9.800000000000004e-05,1.0,0.0,966.5644035602858,0.0,966.5644035602858
1668416987.4393332,0.044789,0.000121,0.000461,4.9e-05,0.0,1.0,0.0,21580.3970519611,966.5644035602858
1668417047.5339866,0.044647,-0.000142,0.000301,-0.0001599999999999,1.0,0.0,963.4999871789072,0.0,963.4999871789072
1668417108.1180658,0.04464,-7.000000000000062e-06,0.000217,-8.400000000000001e-05,1.0,0.0,963.4999871789072,0.0,963.4999871789072
1668417168.094818,0.044659,1.8999999999998185e-05,-7.2e-05,-0.000289,1.0,0.0,963.4999871789072,0.0,963.4999871789072
1668417228.2422998,0.04473,7.100000000000162e-05,0.000207,0.000279,0.0,1.0,0.0,21540.352943861104,963.4999871789072
1668417289.1694024,0.04468,-5.000000000000143e-05,4e-05,-0.000167,1.0,0.0,962.422969531714,0.0,962.422969531714
1668417349.1311944,0.044693,1.2999999999999123e-05,0.000109,6.9e-05,0.0,1.0,0.0,21534.087430508447,962.422969531714
1668417409.0826871,0.04478,8.700000000000374e-05,0.00017,6.1000000000000005e-05,0.0,1.0,0.0,21534.087430508447,964.2964351381682
1668417469.9019723,0.04478,0.0,0.000115,-5.500000000000001e-05,1.0,0.0,964.2964351381682,0.0,964.2964351381682
1668417529.8387687,0.044863,8.299999999999974e-05,0.000105,-1e-05,1.0,0.0,964.2964351381682,0.0,964.2964351381682
1668417589.847449,0.044846,-1.7000000000003124e-05,0.000143,3.8e-05,0.0,1.0,0.0,21502.39564594765,964.2964351381682
1668417651.0259554,0.04475,-9.599999999999886e-05,0.000137,-6.00000000000001e-06,1.0,0.0,962.2322051561572,0.0,962.2322051561572
1668417710.5349567,0.044666,-8.400000000000074e-05,-2e-06,-0.000139,1.0,0.0,962.2322051561572,0.0,962.2322051561572
1668417770.5548468,0.044752,8.600000000000274e-05,9.3e-05,9.5e-05,0.0,1.0,0.0,21501.434687972764,962.2322051561572
1668417831.5352538,0.044729,-2.3000000000002185e-05,4.7e-05,-4.6e-05,1.0,0.0,961.7376721583336,0.0,961.7376721583336
1668417891.384519,0.044696,-3.299999999999831e-05,1.4e-05,-3.3e-05,1.0,0.0,961.7376721583336,0.0,961.7376721583336
1668417951.3720284,0.044653,-4.300000000000137e-05,-5.8e-05,-7.2e-05,1.0,0.0,961.7376721583336,0.0,961.7376721583336
1668418012.496276,0.044653,0.0,-0.00014,-8.199999999999999e-05,1.0,0.0,961.7376721583336,0.0,961.7376721583336
1668418072.3282871,0.044626,-2.6999999999999247e-05,-7.7e-05,6.299999999999999e-05,0.0,1.0,0.0,21551.06153718311,961.7376721583336
1668418132.4415042,0.044626,0.0,-7.7e-05,0.0,0.0,1.0,0.0,21551.06153718311,961.7376721583336
1668418193.28467,0.044606,-1.9999999999999185e-05,-0.000234,-0.000157,1.0,0.0,961.30665092759,0.0,961.30665092759
1668418253.7327192,0.044589,-1.7000000000003124e-05,-0.000264,-3.0000000000000024e-05,1.0,0.0,961.30665092759,0.0,961.30665092759
1668418313.2593584,0.04469,0.000101,-0.000167,9.700000000000004e-05,0.0,1.0,0.0,21510.55383592728,961.30665092759
1668418373.9366102,0.044669,-2.1000000000000185e-05,-0.000111,5.599999999999999e-05,0.0,1.0,0.0,21510.55383592728,960.8549292970356
1668418433.8611298,0.0444,-0.0002689999999999,-0.000249,-0.000138,1.0,0.0,955.0685903151711,0.0,955.0685903151711
1668418493.771016,0.04445,5.000000000000143e-05,-0.000302,-5.300000000000004e-05,1.0,0.0,955.0685903151711,0.0,955.0685903151711
1668418554.8574436,0.044488,3.799999999999637e-05,-0.000208,9.400000000000004e-05,0.0,1.0,0.0,21468.00463754656,955.068590315171
1668418615.0066867,0.044439,-4.900000000000043e-05,-0.000226,-1.8000000000000004e-05,1.0,0.0,954.0166580879314,0.0,954.0166580879314
1668418674.8656957,0.04444,1.000000000001e-06,-0.000136,8.999999999999999e-05,0.0,1.0,0.0,21467.52155913437,954.0166580879314
1668418735.4911258,0.044437,-3.0000000000030003e-06,-0.000189,-5.3000000000000014e-05,1.0,0.0,953.952255523254,0.0,953.952255523254
1668418795.796893,0.044376,-6.099999999999856e-05,-0.00025,-6.099999999999999e-05,1.0,0.0,953.952255523254,0.0,953.952255523254
1668418855.52695,0.044379,3.0000000000030003e-06,-0.00021,4e-05,0.0,1.0,0.0,21495.57798786034,953.952255523254
1668418916.3350358,0.044436,5.700000000000149e-05,-0.000183,2.700000000000001e-05,0.0,1.0,0.0,21495.57798786034,955.177503468562
1668418976.3808515,0.044423,-1.3000000000006062e-05,-0.00028,-9.699999999999996e-05,1.0,0.0,954.8980609547198,0.0,954.8980609547198
1668419036.3443923,0.044444,2.1000000000000185e-05,-0.000259,2.099999999999997e-05,0.0,1.0,0.0,21485.42122569345,954.8980609547197
1668419097.1338117,0.0443,-0.0001439999999999,-0.0002,5.9e-05,0.0,1.0,0.0,21485.42122569345,951.80416029822
1668419157.182874,0.044401,0.000101,1e-06,0.000201,0.0,1.0,0.0,21485.42122569345,953.974187842015
1668419218.3982608,0.04442,1.8999999999998185e-05,-3e-05,-3.1e-05,1.0,0.0,954.3824108453032,0.0,954.3824108453032
1668419278.0831792,0.044309,-0.0001109999999999,-0.000182,-0.000152,1.0,0.0,954.3824108453032,0.0,954.3824108453032
1668419337.9168706,0.044318,9.000000000002062e-06,-7.7e-05,0.000105,0.0,1.0,0.0,21534.87095187741,954.3824108453032
1668419397.9858377,0.044268,-5.000000000000143e-05,-0.000107,-3e-05,1.0,0.0,953.3056672977092,0.0,953.3056672977092
1668419458.6878977,0.044323,5.499999999999949e-05,-5.3e-05,5.4e-05,0.0,1.0,0.0,21508.148530056835,953.3056672977092
1668419518.5376728,0.044381,5.799999999999556e-05,-5.5e-05,-2.000000000000001e-06,1.0,0.0,954.5531399124524,0.0,954.5531399124524
1668419578.818406,0.04429,-9.099999999999386e-05,-0.000114,-5.9e-05,1.0,0.0,954.5531399124524,0.0,954.5531399124524
1668419639.5261726,0.044297,7.000000000000062e-06,-0.000147,-3.299999999999999e-05,1.0,0.0,954.5531399124524,0.0,954.5531399124524
1668419699.3067114,0.044246,-5.100000000000243e-05,-5e-06,0.0001419999999999,0.0,1.0,0.0,21573.772542432136,954.5531399124524
1668419759.411337,0.044194,-5.200000000000343e-05,-0.000187,-0.0001819999999999,1.0,0.0,953.4313037402458,0.0,953.4313037402458
1668419820.9114125,0.04415,-4.399999999999543e-05,-0.000231,-4.400000000000001e-05,1.0,0.0,953.4313037402458,0.0,953.4313037402458
1668419879.5243373,0.0441,-5.000000000000143e-05,-0.000207,2.400000000000001e-05,0.0,1.0,0.0,21619.75745442734,953.4313037402458
1668419939.5815396,0.044084,-1.6000000000002124e-05,-0.000234,-2.700000000000001e-05,1.0,0.0,953.0853876209748,0.0,953.0853876209748
1668419999.5362167,0.044239,0.000155,-5.1e-05,0.000183,0.0,1.0,0.0,21544.00840030233,953.0853876209748
1668420059.6005564,0.044224,-1.5000000000001124e-05,-9.9e-05,-4.8e-05,1.0,0.0,952.76222749497,0.0,952.76222749497
1668420119.5409243,0.044303,7.900000000000268e-05,-7.8e-05,2.0999999999999995e-05,0.0,1.0,0.0,21505.591664107847,952.76222749497
1668420179.5551198,0.044416,0.0001129999999999,0.000111,0.0001889999999999,0.0,1.0,0.0,21505.591664107847,955.192359353014
1668420239.5257685,0.044347,-6.899999999999962e-05,0.000174,6.3e-05,0.0,1.0,0.0,21505.591664107847,953.7084735281908
1668420300.303748,0.044281,-6.599999999999662e-05,3.5e-05,-0.000139,1.0,0.0,952.2891044783596,0.0,952.2891044783596
1668420359.559581,0.044372,9.10000000000008e-05,0.000134,9.9e-05,0.0,1.0,0.0,21461.487074694844,952.2891044783596
1668420419.5563922,0.044413,4.099999999999937e-05,0.000175,4.1e-05,0.0,1.0,0.0,21461.487074694844,953.169025448422
1668420479.4863982,0.044473,5.999999999999756e-05,0.00031,0.000135,0.0,1.0,0.0,21461.487074694844,954.4567146729038
1668420539.5153444,0.044451,-2.2000000000001185e-05,0.000375,6.500000000000001e-05,0.0,1.0,0.0,21461.487074694844,953.9845619572604
1668420599.4064174,0.044499,4.799999999999943e-05,0.000275,-0.0001,1.0,0.0,955.0147133368458,0.0,955.0147133368458
1668420659.3965154,0.044436,-6.299999999999362e-05,0.000212,-6.300000000000001e-05,1.0,0.0,955.0147133368458,0.0,955.0147133368458
1668420719.631297,0.044436,0.0,0.000212,0.0,1.0,0.0,955.0147133368458,0.0,955.0147133368458
1668420780.6095698,0.044623,0.0001869999999999,0.000384,0.000172,0.0,1.0,0.0,21401.84912123447,955.0147133368458
1668420839.5381503,0.04465,2.6999999999999247e-05,0.000358,-2.600000000000004e-05,1.0,0.0,955.5925632631192,0.0,955.5925632631192
1668420899.523243,0.04454,-0.0001099999999999,0.000189,-0.0001689999999999,1.0,0.0,955.5925632631192,0.0,955.5925632631192
1668420959.6203444,0.04461,6.999999999999368e-05,0.000194,4.999999999999986e-06,0.0,1.0,0.0,21421.03930202016,955.5925632631192
1668421019.4952862,0.044562,-4.799999999999943e-05,0.000346,0.000152,0.0,1.0,0.0,21421.03930202016,954.5643533766224
1668421079.5581918,0.044573,1.1000000000004062e-05,0.000292,-5.400000000000001e-05,1.0,0.0,954.7999848089446,0.0,954.7999848089446
1668421139.579281,0.0445,-7.300000000000362e-05,8.7e-05,-0.000205,1.0,0.0,954.7999848089446,0.0,954.7999848089446
1668421199.468306,0.044547,4.700000000000537e-05,7.4e-05,-1.3000000000000004e-05,1.0,0.0,954.7999848089446,0.0,954.7999848089446
1668421260.169945,0.044431,-0.000116,-2e-05,-9.4e-05,1.0,0.0,954.7999848089446,0.0,954.7999848089446
1668421319.5087988,0.044437,5.999999999999062e-06,-1.4e-05,6.000000000000002e-06,0.0,1.0,0.0,21486.598663477387,954.7999848089446
1668421379.5545669,0.044437,0.0,-1.4e-05,0.0,0.0,1.0,0.0,21486.598663477387,954.7999848089446
1668421439.603637,0.044426,-1.0999999999997123e-05,-0.000186,-0.000172,1.0,0.0,954.5636322236464,0.0,954.5636322236464
1668421499.6227996,0.04446,3.399999999999931e-05,-0.00012,6.599999999999999e-05,0.0,1.0,0.0,21470.167166523763,954.5636322236464
1668421559.7643788,0.04446,0.0,-0.00012,0.0,0.0,1.0,0.0,21470.167166523763,954.5636322236464
1668421619.6614597,0.04443,-3.0000000000002247e-05,-0.000156,-3.5999999999999994e-05,1.0,0.0,953.9195272086508,0.0,953.9195272086508
1668421679.56742,0.044272,-0.0001579999999999,-0.000314,-0.000158,1.0,0.0,953.9195272086508,0.0,953.9195272086508
1668421740.5728116,0.04437,9.800000000000086e-05,-0.000189,0.0001249999999999,0.0,1.0,0.0,21499.200523070787,953.9195272086508
1668421799.538881,0.04437,0.0,-0.000189,0.0,0.0,1.0,0.0,21499.200523070787,953.9195272086508
1668421859.6331277,0.04427,-0.0001,-0.00023,-4.1e-05,1.0,0.0,951.7696071563436,0.0,951.7696071563436
1668421919.5825844,0.044217,-5.299999999999749e-05,-0.000236,-5.999999999999983e-06,1.0,0.0,951.7696071563436,0.0,951.7696071563436
1668421979.6176574,0.044298,8.099999999999774e-05,-0.000139,9.7e-05,0.0,1.0,0.0,21485.611250086768,951.7696071563436
1668422039.505891,0.044234,-6.399999999999462e-05,-0.000239,-0.0001,1.0,0.0,950.394528036338,0.0,950.394528036338
1668422099.476838,0.044187,-4.700000000000537e-05,-0.000239,0.0,1.0,0.0,950.394528036338,0.0,950.394528036338
1668422159.4815445,0.044156,-3.099999999999631e-05,-0.000304,-6.500000000000001e-05,1.0,0.0,950.394528036338,0.0,950.394528036338
1668422220.8102582,0.044113,-4.300000000000137e-05,-0.000347,-4.299999999999996e-05,1.0,0.0,950.394528036338,0.0,950.394528036338
1668422279.6455295,0.044113,0.0,-0.000327,2e-05,0.0,1.0,0.0,21544.545327598167,950.394528036338
1668422339.5782588,0.043983,-0.0001299999999999,-0.000289,3.8e-05,0.0,1.0,0.0,21544.545327598167,947.5937371437502
1668422399.4781733,0.043989,5.999999999999062e-06,-0.000439,-0.00015,1.0,0.0,947.7230044157158,0.0,947.7230044157158
1668422459.5576365,0.044004,1.5000000000001124e-05,-0.000366,7.299999999999999e-05,0.0,1.0,0.0,21537.20126387864,947.7230044157156
1668422519.537912,0.044011,7.000000000000062e-06,-0.000278,8.800000000000002e-05,0.0,1.0,0.0,21537.20126387864,947.8737648245628
1668422579.840421,0.044044,3.299999999999831e-05,-0.000172,0.0001059999999999,0.0,1.0,0.0,21537.20126387864,948.5844924662708
1668422639.638775,0.043978,-6.599999999999662e-05,-0.000333,-0.000161,1.0,0.0,947.1630371828549,0.0,947.1630371828549
1668422700.5223184,0.044084,0.0001059999999999,-7.1e-05,0.000262,0.0,1.0,0.0,21485.41505269156,947.1630371828549
1668422759.7843049,0.044003,-8.099999999999774e-05,-0.000146,-7.5e-05,1.0,0.0,945.4227185635866,0.0,945.4227185635866
1668422819.6870568,0.04394,-6.300000000000056e-05,-0.000173,-2.700000000000001e-05,1.0,0.0,945.4227185635866,0.0,945.4227185635866
1668422879.647369,0.044003,6.300000000000056e-05,-0.000125,4.8e-05,0.0,1.0,0.0,21485.41505269156,945.4227185635866
1668422939.67904,0.044001,-2.000000000002e-06,-3.2e-05,9.3e-05,0.0,1.0,0.0,21485.41505269156,945.3797477334812
1668422999.6457088,0.04415,0.000149,0.000147,0.000179,0.0,1.0,0.0,21485.41505269156,948.5810745763324
1668423059.7593882,0.044091,-5.900000000000349e-05,8.7e-05,-6e-05,1.0,0.0,947.3134350882234,0.0,947.3134350882234
1668423119.6175718,0.044093,2.000000000002e-06,1.9e-05,-6.8e-05,1.0,0.0,947.3134350882234,0.0,947.3134350882234
1668423180.3875527,0.044051,-4.200000000000037e-05,4.9e-05,3e-05,0.0,1.0,0.0,21504.924634814724,947.3134350882234
1668423239.5556726,0.043989,-6.199999999999956e-05,1.1e-05,-3.8e-05,1.0,0.0,945.9801297608648,0.0,945.9801297608648
1668423299.6395605,0.04403,4.099999999999937e-05,-5.4e-05,-6.5e-05,1.0,0.0,945.9801297608648,0.0,945.9801297608648
1668423359.8434346,0.04403,0.0,2.7e-05,8.099999999999999e-05,0.0,1.0,0.0,21484.899608468422,945.9801297608648
1668423419.628768,0.043953,-7.700000000000068e-05,8.1e-05,5.4000000000000005e-05,0.0,1.0,0.0,21484.899608468422,944.3257924910124
1668423479.6382856,0.043971,1.8000000000004124e-05,4.5e-05,-3.6e-05,1.0,0.0,944.7125206839652,0.0,944.7125206839652
1668423539.750759,0.044,2.8999999999994308e-05,-8.7e-05,-0.000132,1.0,0.0,944.7125206839652,0.0,944.7125206839652
1668423599.6027472,0.04409,8.99999999999998e-05,-6e-05,2.7e-05,0.0,1.0,0.0,21426.911333272063,944.7125206839652
1668423660.855724,0.044023,-6.699999999999762e-05,-6.8e-05,-7.999999999999998e-06,1.0,0.0,943.276917624636,0.0,943.276917624636
1668423719.6663723,0.044009,-1.4000000000000123e-05,-8.2e-05,-1.4e-05,1.0,0.0,943.276917624636,0.0,943.276917624636
1668423779.5884006,0.04401,1.000000000001e-06,-8.1e-05,9.999999999999972e-07,0.0,1.0,0.0,21433.24057315692,943.276917624636
1668423839.6335318,0.044009,-1.000000000001e-06,-4.2e-05,3.9000000000000006e-05,0.0,1.0,0.0,21433.24057315692,943.2554843840628
1668423899.734059,0.044124,0.0001149999999999,8.4e-05,0.000126,0.0,1.0,0.0,21433.24057315692,945.720307049976
1668423959.6980162,0.044121,-2.9999999999960614e-06,8.1e-05,-2.999999999999992e-06,1.0,0.0,945.6560073282564,0.0,945.6560073282564
1668424019.6756709,0.044121,0.0,8.1e-05,0.0,1.0,0.0,945.6560073282564,0.0,945.6560073282564
1668424079.710078,0.043997,-0.0001239999999999,-3.3e-05,-0.000114,1.0,0.0,945.6560073282564,0.0,945.6560073282564
1668424140.7030838,0.044005,8.000000000001062e-06,5e-06,3.8e-05,0.0,1.0,0.0,21489.73996882755,945.6560073282564
1668424199.5294905,0.044001,-4.000000000004e-06,4.8e-05,4.3e-05,0.0,1.0,0.0,21489.73996882755,945.570048368381
1668424259.8684344,0.043999,-1.9999999999950613e-06,4.6e-05,-2.000000000000001e-06,1.0,0.0,945.5270688884436,0.0,945.5270688884436
1668424319.7386968,0.043954,-4.500000000000337e-05,-4.6e-05,-9.2e-05,1.0,0.0,945.5270688884436,0.0,945.5270688884436
1668424379.744586,0.044122,0.000168,3.2e-05,7.8e-05,0.0,1.0,0.0,21429.83248466624,945.5270688884438
1668424439.575415,0.04407,-5.200000000000343e-05,6.1e-05,2.9e-05,0.0,1.0,0.0,21429.83248466624,944.4127175992412
1668424499.6314857,0.043999,-7.099999999999468e-05,-1e-05,-7.1e-05,1.0,0.0,942.89119949283,0.0,942.89119949283
1668424559.7558355,0.043963,-3.600000000000131e-05,-6.1e-05,-5.1e-05,1.0,0.0,942.89119949283,0.0,942.89119949283
1668424620.8917868,0.04405,8.69999999999968e-05,2.6e-05,8.7e-05,0.0,1.0,0.0,21405.02155488831,942.89119949283
1668424679.8495288,0.044009,-4.099999999999937e-05,-0.000112,-0.000138,1.0,0.0,942.0135936090796,0.0,942.0135936090796
1668424739.5597315,0.043874,-0.0001349999999999,-0.000135,-2.3000000000000003e-05,1.0,0.0,942.0135936090796,0.0,942.0135936090796
1668424799.5607443,0.044036,0.0001619999999999,3e-05,0.000165,0.0,1.0,0.0,21391.897393248244,942.0135936090796
1668424859.6686113,0.044101,6.500000000000256e-05,0.000102,7.2e-05,0.0,1.0,0.0,21391.897393248244,943.4040669396408
1668424919.6303775,0.043913,-0.000188,-4.1e-05,-0.000143,1.0,0.0,939.3823902297102,0.0,939.3823902297102
1668424979.6286252,0.043993,7.999999999999674e-05,-9.5e-05,-5.4000000000000005e-05,1.0,0.0,939.3823902297102,0.0,939.3823902297102
1668425039.7484772,0.043997,4.000000000004e-06,-7.3e-05,2.200000000000001e-05,0.0,1.0,0.0,21351.05553173421,939.3823902297102
1668425100.90089,0.044057,5.999999999999756e-05,5.3e-05,0.000126,0.0,1.0,0.0,21351.05553173421,940.663453561614
1668425159.624864,0.044183,0.000126,0.000184,0.0001309999999999,0.0,1.0,0.0,21351.05553173421,943.3536865586128
1668425219.5916114,0.04414,-4.300000000000137e-05,9e-05,-9.4e-05,1.0,0.0,942.435591170748,0.0,942.435591170748
1668425279.6391776,0.04425,0.0001099999999999,0.000498,0.0004079999999999,0.0,1.0,0.0,21297.97946148584,942.435591170748
1668425339.8053305,0.044188,-6.199999999999956e-05,0.000302,-0.0001959999999999,1.0,0.0,941.115116444136,0.0,941.115116444136
1668425399.617975,0.044196,8.000000000001062e-06,0.000143,-0.000159,1.0,0.0,941.115116444136,0.0,941.115116444136
1668425460.0452113,0.044305,0.0001089999999999,0.000147,3.999999999999989e-06,0.0,1.0,0.0,21241.73606690297,941.115116444136
1668425519.6026309,0.044275,-2.9999999999995308e-05,0.000362,0.000215,0.0,1.0,0.0,21241.73606690297,940.477864362129
1668425580.8311744,0.044271,-4.000000000004e-06,0.000251,-0.000111,1.0,0.0,940.3928974178611,0.0,940.3928974178611
1668425639.6964557,0.044337,6.600000000000356e-05,0.00034,8.900000000000005e-05,0.0,1.0,0.0,21210.11564647724,940.3928974178611
1668425700.075091,0.044346,8.999999999995123e-06,0.000349,9.000000000000002e-06,0.0,1.0,0.0,21210.11564647724,940.5837884586796
1668425759.760884,0.044182,-0.0001639999999999,0.000116,-0.000233,1.0,0.0,937.1053294926572,0.0,937.1053294926572
1668425819.7742808,0.044182,0.0,-8.7e-05,-0.000203,1.0,0.0,937.1053294926572,0.0,937.1053294926572
1668425879.8015108,0.0442,1.8000000000004124e-05,4e-06,9.1e-05,0.0,1.0,0.0,21201.478042820298,937.1053294926572
1668425939.707193,0.044256,5.599999999999356e-05,5.2e-05,4.8e-05,0.0,1.0,0.0,21201.478042820298,938.292612263055
1668425999.89111,0.044376,0.00012,0.000189,0.000137,0.0,1.0,0.0,21201.478042820298,940.8367896281936
1668426060.9158564,0.044333,-4.300000000000137e-05,0.000137,-5.200000000000002e-05,1.0,0.0,939.9251260723522,0.0,939.9251260723522
1668426119.816251,0.044333,0.0,0.000121,-1.5999999999999996e-05,1.0,0.0,939.9251260723522,0.0,939.9251260723522
1668426179.771719,0.044351,1.8000000000004124e-05,9.1e-05,-3e-05,1.0,0.0,939.9251260723522,0.0,939.9251260723522
1668426239.788863,0.044333,-1.8000000000004124e-05,5.8e-05,-3.3e-05,1.0,0.0,939.9251260723522,0.0,939.9251260723522
1668426299.7925432,0.044421,8.800000000000474e-05,7.5e-05,1.6999999999999993e-05,0.0,1.0,0.0,21159.476960724707,939.9251260723522
1668426359.8140805,0.044379,-4.200000000000037e-05,0.000197,0.000122,0.0,1.0,0.0,21159.476960724707,939.036428040002
1668426419.7004635,0.044347,-3.200000000000425e-05,0.000147,-5e-05,1.0,0.0,938.3593247772584,0.0,938.3593247772584
1668426479.6920085,0.044261,-8.59999999999958e-05,5e-06,-0.0001419999999999,1.0,0.0,938.3593247772584,0.0,938.3593247772584
1668426540.5875654,0.044352,9.10000000000008e-05,9.6e-05,9.1e-05,0.0,1.0,0.0,21157.091557928805,938.3593247772584
1668426599.571422,0.044285,-6.700000000000456e-05,-9.5e-05,-0.000191,1.0,0.0,936.9417996428772,0.0,936.9417996428772
1668426659.7072558,0.04444,0.000155,0.000107,0.000202,0.0,1.0,0.0,21083.29882184692,936.9417996428772
1668426719.8243911,0.044305,-0.000135,-2.8e-05,-0.000135,1.0,0.0,934.0955543019278,0.0,934.0955543019278
1668426779.7235117,0.044293,-1.1999999999998123e-05,-4e-05,-1.2000000000000004e-05,1.0,0.0,934.0955543019278,0.0,934.0955543019278
1668426839.6893103,0.04433,3.700000000000231e-05,-2.3e-05,1.7000000000000003e-05,0.0,1.0,0.0,21071.408849581047,934.0955543019278
1668426899.7502823,0.044281,-4.900000000000043e-05,1.2e-05,3.5e-05,0.0,1.0,0.0,21071.408849581047,933.0630552682984
1668426959.8281474,0.04426,-2.1000000000000185e-05,-0.000103,-0.000115,1.0,0.0,932.6205556824572,0.0,932.6205556824572
1668427020.953746,0.044325,6.500000000000256e-05,-5.5e-05,4.8e-05,0.0,1.0,0.0,21040.50887044461,932.6205556824572
1668427079.7194493,0.044374,4.899999999999349e-05,2.7e-05,8.2e-05,0.0,1.0,0.0,21040.50887044461,933.651540617109
1668427139.873697,0.044303,-7.099999999999468e-05,3.1e-05,4.000000000000002e-06,0.0,1.0,0.0,21040.50887044461,932.1576644873076
1668427199.8317878,0.044368,6.499999999999562e-05,9.6e-05,6.500000000000001e-05,0.0,1.0,0.0,21040.50887044461,933.5252975638864
1668427260.1509535,0.044325,-4.299999999999443e-05,-7.1e-05,-0.000167,1.0,0.0,932.6205556824574,0.0,932.6205556824574
1668427320.148271,0.044355,2.9999999999995308e-05,-0.000105,-3.4e-05,1.0,0.0,932.6205556824574,0.0,932.6205556824574
1668427379.890206,0.044301,-5.3999999999998494e-05,8e-06,0.000113,0.0,1.0,0.0,21051.90753442264,932.6205556824574
1668427439.6437576,0.044508,0.0002069999999999,0.000246,0.000238,0.0,1.0,0.0,21051.90753442264,936.9783005420828
1668427500.478886,0.04454,3.200000000000425e-05,0.000278,3.1999999999999965e-05,0.0,1.0,0.0,21051.90753442264,937.6519615831844
1668427559.707697,0.044696,0.0001559999999999,0.000434,0.000156,0.0,1.0,0.0,21051.90753442264,940.9360591585544
1668427619.8719082,0.044597,-9.900000000000186e-05,0.000295,-0.0001389999999999,1.0,0.0,938.8519203126464,0.0,938.8519203126464
1668427680.0588706,0.04469,9.30000000000028e-05,0.000365,6.999999999999997e-05,0.0,1.0,0.0,21008.098463026323,938.8519203126464
1668427740.072564,0.0447,9.999999999996125e-06,0.000326,-3.899999999999997e-05,1.0,0.0,939.0620012972764,0.0,939.0620012972764
1668427800.0218406,0.04483,0.00013,0.000462,0.000136,0.0,1.0,0.0,20947.178257802283,939.0620012972764
1668427859.8757815,0.04482,-1.0000000000003062e-05,0.000452,-1.0000000000000026e-05,1.0,0.0,938.8525295146984,0.0,938.8525295146984
1668427919.9314504,0.044761,-5.899999999999656e-05,0.000461,9.000000000000002e-06,0.0,1.0,0.0,20974.7889795737,938.8525295146984
1668427980.037499,0.044688,-7.300000000000362e-05,0.000333,-0.0001279999999999,1.0,0.0,937.3213699191896,0.0,937.3213699191896
1668428039.801407,0.04464,-4.799999999999943e-05,0.000266,-6.7e-05,1.0,0.0,937.3213699191896,0.0,937.3213699191896
1668428099.8568604,0.04469,5.000000000000143e-05,0.00015,-0.000116,1.0,0.0,937.3213699191896,0.0,937.3213699191896
1668428159.8690946,0.04464,-5.000000000000143e-05,-5.6e-05,-0.000206,1.0,0.0,937.3213699191896,0.0,937.3213699191896
1668428219.8989327,0.04467,3.0000000000002247e-05,2.9e-05,8.5e-05,0.0,1.0,0.0,20983.2408757374,937.3213699191896
1668428279.9627404,0.044699,2.9000000000001247e-05,0.000129,0.0001,0.0,1.0,0.0,20983.2408757374,937.929883904586
1668428339.9559815,0.04469,-9.000000000002062e-06,-1.2e-05,-0.0001409999999999,1.0,0.0,937.7410347367044,0.0,937.7410347367044
1668428400.0392168,0.04466,-3.0000000000002247e-05,-0.00015,-0.000138,1.0,0.0,937.7410347367044,0.0,937.7410347367044
1668428459.868269,0.04469,3.0000000000002247e-05,-0.000132,1.7999999999999977e-05,0.0,1.0,0.0,20983.2408757374,937.7410347367044
1668428520.3504562,0.0447,9.999999999996125e-06,-1.8e-05,0.000114,0.0,1.0,0.0,20983.2408757374,937.9508671454616
1668428579.8943143,0.044603,-9.699999999999986e-05,-2.7e-05,-8.999999999999999e-06,1.0,0.0,935.9154927805153,0.0,935.9154927805153
1668428639.704765,0.044627,2.4000000000003185e-05,-1.3e-05,1.4e-05,0.0,1.0,0.0,20971.956277153186,935.9154927805153
1668428699.9090295,0.044603,-2.4000000000003185e-05,-5.9e-05,-4.6e-05,1.0,0.0,935.4121658298636,0.0,935.4121658298636
1668428759.778721,0.04452,-8.299999999999974e-05,-7.8e-05,-1.9e-05,1.0,0.0,935.4121658298636,0.0,935.4121658298636
1668428819.802565,0.04448,-3.999999999999837e-05,-0.000159,-8.099999999999999e-05,1.0,0.0,935.4121658298636,0.0,935.4121658298636
1668428879.766981,0.044349,-0.0001309999999999,-0.00035,-0.000191,1.0,0.0,935.4121658298636,0.0,935.4121658298636
1668428939.905692,0.044349,0.0,-0.00035,0.0,1.0,0.0,935.4121658298636,0.0,935.4121658298636
1668428999.954454,0.044349,0.0,-0.000349,9.9999999999997e-07,0.0,1.0,0.0,21092.068949240427,935.4121658298636
1668429059.7631238,0.04438,3.100000000000325e-05,-0.00033,1.9000000000000028e-05,0.0,1.0,0.0,21092.068949240427,936.0660199672902
1668429119.7702732,0.044356,-2.4000000000003185e-05,-0.000312,1.8000000000000004e-05,0.0,1.0,0.0,21092.068949240427,935.5598103125084
1668429180.0041857,0.044333,-2.3000000000002185e-05,-0.00027,4.199999999999999e-05,0.0,1.0,0.0,21092.068949240427,935.0746927266758
1668429239.8646271,0.044071,-0.0002619999999999,-0.000579,-0.000309,1.0,0.0,929.5485706619748,0.0,929.5485706619748
1668429299.8759558,0.044043,-2.8000000000000247e-05,-0.00056,1.9000000000000028e-05,0.0,1.0,0.0,21105.47807056683,929.548570661975
1668429359.9350212,0.044128,8.500000000000174e-05,-0.000433,0.0001269999999999,0.0,1.0,0.0,21105.47807056683,931.3425362979732
1668429419.842457,0.04406,-6.799999999999862e-05,-0.000339,9.4e-05,0.0,1.0,0.0,21105.47807056683,929.9073637891746
1668429480.556645,0.04406,0.0,-0.000289,5.000000000000002e-05,0.0,1.0,0.0,21105.47807056683,929.9073637891746
1668429539.8934836,0.044114,5.3999999999998494e-05,-0.000296,-7.000000000000008e-06,1.0,0.0,931.0470596049852,0.0,931.0470596049852
1668429599.9536738,0.04409,-2.4000000000003185e-05,-0.000259,3.699999999999998e-05,0.0,1.0,0.0,21116.96665014709,931.0470596049852
1668429659.9323692,0.044091,1.000000000001e-06,-0.000301,-4.199999999999999e-05,1.0,0.0,931.0681765716351,0.0,931.0681765716351
1668429719.8223257,0.04413,3.900000000000431e-05,-0.000226,7.500000000000001e-05,0.0,1.0,0.0,21098.304477036825,931.0681765716351
1668429780.1769495,0.044154,2.3999999999996247e-05,-4e-06,0.000222,0.0,1.0,0.0,21098.304477036825,931.574535879084
1668429840.0963302,0.044093,-6.099999999999856e-05,1e-05,1.4e-05,0.0,1.0,0.0,21098.304477036825,930.2875393059848
1668429899.9543433,0.044128,3.500000000000031e-05,4.6e-05,3.6e-05,0.0,1.0,0.0,21098.304477036825,931.025979962681
1668429960.6564927,0.044195,6.699999999999762e-05,0.000113,6.7e-05,0.0,1.0,0.0,21098.304477036825,932.4395663626424
1668430019.9245412,0.044193,-1.9999999999950613e-06,0.000133,2.000000000000001e-05,0.0,1.0,0.0,21098.304477036825,932.3973697536884
1668430079.776066,0.044091,-0.000102,3.1e-05,-0.000102,1.0,0.0,930.2453426970308,0.0,930.2453426970308
1668430140.0025084,0.044127,3.600000000000131e-05,1.2e-05,-1.9e-05,1.0,0.0,930.2453426970308,0.0,930.2453426970308
1668430199.8622458,0.044127,0.0,-5.3e-05,-6.500000000000001e-05,1.0,0.0,930.2453426970308,0.0,930.2453426970308
1668430259.7833283,0.044127,0.0,-5.3e-05,0.0,1.0,0.0,930.2453426970308,0.0,930.2453426970308
1668430320.0096383,0.044126,-1.000000000001e-06,3.6e-05,8.9e-05,0.0,1.0,0.0,21081.569657277585,930.2453426970308
1668430379.8418932,0.044073,-5.299999999999749e-05,-8e-05,-0.000116,1.0,0.0,929.1280195051952,0.0,929.1280195051952
1668430440.4846416,0.044062,-1.1000000000004062e-05,-2.8e-05,5.2e-05,0.0,1.0,0.0,21086.832633679707,929.1280195051952
1668430500.195253,0.0441,3.800000000000331e-05,-7.8e-05,-5e-05,1.0,0.0,929.9293191452751,0.0,929.9293191452751
1668430559.9467244,0.044112,1.1999999999998123e-05,-5.2e-05,2.6e-05,0.0,1.0,0.0,21081.0962809502,929.9293191452751
1668430619.850116,0.044119,7.000000000000062e-06,-7.6e-05,-2.4000000000000007e-05,1.0,0.0,930.076886819242,0.0,930.076886819242
1668430679.914967,0.044118,-1.000000000001e-06,-7.7e-05,-9.999999999999972e-07,1.0,0.0,930.076886819242,0.0,930.076886819242
1668430739.9730673,0.04407,-4.799999999999943e-05,2.2e-05,9.9e-05,0.0,1.0,0.0,21104.535666422555,930.076886819242
1668430799.8004105,0.043957,-0.0001129999999999,-0.00017,-0.000192,1.0,0.0,927.6920742889364,0.0,927.6920742889364
1668430859.975608,0.044008,5.099999999999549e-05,-0.000119,5.1000000000000006e-05,0.0,1.0,0.0,21080.078037832587,927.6920742889364
1668430920.607475,0.044089,8.100000000000468e-05,2.5e-05,0.000144,0.0,1.0,0.0,21080.078037832587,929.399560610001
1668430980.1241536,0.04402,-6.900000000000656e-05,-9.5e-05,-0.00012,1.0,0.0,927.9450352253904,0.0,927.9450352253904
1668431040.7392268,0.044061,4.100000000000631e-05,-5.1e-05,4.4000000000000006e-05,0.0,1.0,0.0,21060.46243220513,927.9450352253904
1668431100.8595064,0.043994,-6.700000000000456e-05,-0.000106,-5.5e-05,1.0,0.0,926.5339842424326,0.0,926.5339842424326
1668431160.6006608,0.043901,-9.299999999999586e-05,-0.000217,-0.0001109999999999,1.0,0.0,926.5339842424326,0.0,926.5339842424326
1668431221.7292423,0.043877,-2.4000000000003185e-05,-0.000241,-2.400000000000001e-05,1.0,0.0,926.5339842424326,0.0,926.5339842424326
1668431281.7087069,0.04408,0.000203,-3.8e-05,0.000203,0.0,1.0,0.0,21019.37350822216,926.5339842424326
1668431341.7288902,0.044118,3.799999999999637e-05,2.9e-05,6.7e-05,0.0,1.0,0.0,21019.37350822216,927.332720435745
1668431402.421598,0.044261,0.000143,0.000354,0.000325,0.0,1.0,0.0,21019.37350822216,930.3384908474212
1668431463.1321406,0.044293,3.199999999999731e-05,0.000324,-2.999999999999997e-05,1.0,0.0,931.0111107996842,0.0,931.0111107996842
1668431522.2915034,0.044168,-0.000125,7.9e-05,-0.000245,1.0,0.0,931.0111107996842,0.0,931.0111107996842
1668431583.132011,0.043969,-0.0001989999999999,-5.1e-05,-0.00013,1.0,0.0,931.0111107996842,0.0,931.0111107996842
1668431643.3820703,0.043224,-0.000745,-0.000837,-0.0007859999999999,1.0,0.0,931.0111107996842,0.0,931.0111107996842
1668431703.2318757,0.04259,-0.0006339999999999,-0.001378,-0.000541,1.0,0.0,931.0111107996842,0.0,931.0111107996842
1668431764.1624105,0.042895,0.0003049999999999,-0.000957,0.000421,0.0,1.0,0.0,21704.42034735247,931.0111107996842
1668431824.1834073,0.043046,0.0001509999999999,-0.000822,0.0001349999999999,0.0,1.0,0.0,21704.42034735247,934.2884782721344
1668431884.174312,0.043049,2.9999999999960614e-06,-0.001031,-0.0002089999999999,1.0,0.0,934.3535915331764,0.0,934.3535915331764
1668431945.0673263,0.042922,-0.0001269999999999,-0.001332,-0.000301,1.0,0.0,934.3535915331764,0.0,934.3535915331764
1668432005.0418391,0.04301,8.79999999999978e-05,-0.001264,6.800000000000013e-05,0.0,1.0,0.0,21724.101174916912,934.3535915331764
1668432064.9973211,0.043035,2.4999999999997247e-05,-0.001116,0.0001479999999999,0.0,1.0,0.0,21724.101174916912,934.8966940625492
1668432125.7838356,0.042901,-0.0001339999999999,-0.001169,-5.299999999999988e-05,1.0,0.0,931.9856645051104,0.0,931.9856645051104
1668432185.7583346,0.042935,3.399999999999931e-05,-0.000961,0.0002079999999999,0.0,1.0,0.0,21706.897973800173,931.9856645051104
1668432245.8412025,0.0425,-0.0004349999999999,-0.000245,0.000716,0.0,1.0,0.0,21706.897973800173,922.5431638865074
1668432306.80118,0.042382,-0.000118,-0.000398,-0.000153,1.0,0.0,919.9817499255988,0.0,919.9817499255988
1668432366.9167912,0.042607,0.0002249999999999,-0.000161,0.000237,0.0,1.0,0.0,21592.26770074398,919.9817499255988
1668432426.8572185,0.042609,2.000000000002e-06,-0.000309,-0.0001479999999999,1.0,0.0,920.0249344610004,0.0,920.0249344610004
1668432487.6729825,0.042519,-8.99999999999998e-05,-0.000615,-0.000306,1.0,0.0,920.0249344610004,0.0,920.0249344610004
1668432547.6707404,0.042428,-9.10000000000008e-05,-0.00052,9.500000000000005e-05,0.0,1.0,0.0,21684.38140994156,920.0249344610004
1668432607.620256,0.042098,-0.00033,-0.00087,-0.00035,1.0,0.0,912.8690885957196,0.0,912.8690885957196
1668432668.6339078,0.042169,7.100000000000162e-05,-0.000817,5.299999999999999e-05,0.0,1.0,0.0,21647.871388833497,912.8690885957196
1668432728.3986256,0.042359,0.00019,-0.000541,0.000276,0.0,1.0,0.0,21647.871388833497,916.982184159598
1668432788.329187,0.042499,0.00014,-0.000397,0.000144,0.0,1.0,0.0,21647.871388833497,920.0128861540348
1668432849.556909,0.042349,-0.00015,2e-06,0.000399,0.0,1.0,0.0,21647.871388833497,916.7657054457096
1668432909.6193953,0.04237,2.1000000000000185e-05,-2e-06,-4e-06,1.0,0.0,917.2203107448752,0.0,917.2203107448752
1668432969.677904,0.042324,-4.599999999999743e-05,-0.000213,-0.000211,1.0,0.0,917.2203107448752,0.0,917.2203107448752
1668433030.415806,0.042438,0.0001139999999999,-0.000168,4.500000000000001e-05,0.0,1.0,0.0,21613.18419211261,917.2203107448752
1668433090.4168088,0.042593,0.000155,0.000156,0.0003239999999999,0.0,1.0,0.0,21613.18419211261,920.5703542946526
1668433150.453341,0.042563,-3.0000000000002247e-05,0.000563,0.000407,0.0,1.0,0.0,21613.18419211261,919.921958768889
1668433211.0788178,0.042511,-5.199999999999649e-05,0.000224,-0.000339,1.0,0.0,918.7980731908992,0.0,918.7980731908992
1668433271.1176069,0.042469,-4.200000000000037e-05,9.8e-05,-0.000126,1.0,0.0,918.7980731908992,0.0,918.7980731908992
1668433331.1769435,0.042392,-7.700000000000068e-05,2.1e-05,-7.7e-05,1.0,0.0,918.7980731908992,0.0,918.7980731908992
1668433391.906753,0.042558,0.0001659999999999,0.000162,0.000141,0.0,1.0,0.0,21589.31512737674,918.7980731908992
1668433451.9023073,0.0426,4.200000000000037e-05,0.000226,6.399999999999998e-05,0.0,1.0,0.0,21589.31512737674,919.704824426249
1668433511.9395113,0.042604,4.000000000004e-06,0.00023,4.000000000000016e-06,0.0,1.0,0.0,21589.31512737674,919.7911816867588
1668433573.0573506,0.042692,8.79999999999978e-05,0.000182,-4.8e-05,1.0,0.0,921.6910414179678,0.0,921.6910414179678
1668433632.8599887,0.042521,-0.0001709999999999,1.1e-05,-0.000171,1.0,0.0,921.6910414179678,0.0,921.6910414179678
1668433693.1927142,0.042522,9.999999999940612e-07,-3.8e-05,-4.9e-05,1.0,0.0,921.6910414179678,0.0,921.6910414179678
1668433753.541617,0.042707,0.000185,0.000197,0.000235,0.0,1.0,0.0,21581.732301916963,921.6910414179678
1668433813.6022117,0.043593,0.0008859999999999,0.001088,0.000891,0.0,1.0,0.0,21581.732301916963,940.8124562374662
1668433873.5574782,0.044579,0.000986,0.002187,0.001099,0.0,1.0,0.0,21581.732301916963,962.0920442871565
1668433934.4638042,0.045404,0.0008249999999999,0.002841,0.000654,0.0,1.0,0.0,21581.732301916963,979.8969734362378
1668433994.7770343,0.044878,-0.0005259999999999,0.002281,-0.00056,1.0,0.0,968.5449822454297,0.0,968.5449822454297
1668434054.3546114,0.044923,4.499999999999643e-05,0.002319,3.799999999999984e-05,0.0,1.0,0.0,21560.113577575623,968.5449822454297
1668434115.4156456,0.045023,0.0001,0.002323,4.000000000000097e-06,0.0,1.0,0.0,21560.113577575623,970.7009936031872
1668434175.3630867,0.044982,-4.099999999999937e-05,0.002461,0.000138,0.0,1.0,0.0,21560.113577575623,969.8170289465066
1668434235.5102158,0.043681,-0.001301,0.001159,-0.001302,1.0,0.0,941.7673211820808,0.0,941.7673211820808
1668434296.1889472,0.044355,0.000674,0.001647,0.0004879999999999,0.0,1.0,0.0,21232.49512303192,941.7673211820808
1668434356.0795653,0.044348,-7.000000000000062e-06,0.000853,-0.000794,1.0,0.0,941.6186937162196,0.0,941.6186937162196
1668434416.3732948,0.044479,0.0001309999999999,-9.5e-05,-0.000948,1.0,0.0,941.6186937162196,0.0,941.6186937162196
1668434477.4368918,0.0447,0.0002209999999999,-0.000724,-0.000629,1.0,0.0,941.6186937162196,0.0,941.6186937162196
1668434536.8243098,0.044592,-0.0001079999999999,-0.000286,0.000438,0.0,1.0,0.0,21116.31444465868,941.6186937162196
1668434597.0884528,0.044608,1.6000000000002124e-05,-0.000392,-0.0001059999999999,1.0,0.0,941.9565547473344,0.0,941.9565547473344
1668434658.341065,0.044504,-0.0001039999999999,-0.000496,-0.000104,1.0,0.0,941.9565547473344,0.0,941.9565547473344
1668434718.2083852,0.044654,0.0001499999999999,-0.000263,0.000233,0.0,1.0,0.0,21094.561623759,941.9565547473344
1668434778.1696773,0.044419,-0.0002349999999999,0.000719,0.000982,0.0,1.0,0.0,21094.561623759,936.999332765751
1668434839.137467,0.044382,-3.700000000000231e-05,0.000682,-3.700000000000003e-05,1.0,0.0,936.218833985672,0.0,936.218833985672
1668434899.3394642,0.044128,-0.0002539999999999,-0.000315,-0.000997,1.0,0.0,936.218833985672,0.0,936.218833985672
1668434959.1513393,0.044278,0.0001499999999999,-0.0002,0.000115,0.0,1.0,0.0,21144.108450825963,936.218833985672
1668435020.9919703,0.04419,-8.79999999999978e-05,-0.00052,-0.0003199999999999,1.0,0.0,934.3581524419992,0.0,934.3581524419992
1668435079.9174175,0.044189,-1.000000000001e-06,-0.000452,6.799999999999997e-05,0.0,1.0,0.0,21144.586943402188,934.3581524419992
1668435139.9713104,0.044256,6.699999999999762e-05,-0.000332,0.0001199999999999,0.0,1.0,0.0,21144.586943402188,935.7748397672073
1668435200.769864,0.044302,4.600000000000437e-05,-0.000282,4.999999999999997e-05,0.0,1.0,0.0,21144.586943402188,936.7474907666036
1668435260.595321,0.044313,1.0999999999997123e-05,-0.000342,-6e-05,1.0,0.0,936.9800812229812,0.0,936.9800812229812
1668435320.711112,0.044458,0.0001449999999999,0.000118,0.00046,0.0,1.0,0.0,21075.623762269584,936.9800812229812
1668435381.7691712,0.044452,-5.999999999999062e-06,7e-05,-4.8e-05,1.0,0.0,936.8536274804076,0.0,936.8536274804076
1668435441.6428,0.044619,0.000167,0.000549,0.000479,0.0,1.0,0.0,20996.74191444021,936.8536274804076
1668435502.695506,0.044571,-4.799999999999943e-05,0.000425,-0.000124,1.0,0.0,935.8457838685146,0.0,935.8457838685146
1668435562.5011928,0.044601,3.0000000000002247e-05,0.000411,-1.399999999999996e-05,1.0,0.0,935.8457838685146,0.0,935.8457838685146
1668435622.4713054,0.04496,0.0003589999999999,0.00077,0.0003589999999999,0.0,1.0,0.0,20815.07526397941,935.8457838685146
1668435682.3662913,0.04489,-7.000000000000062e-05,0.000523,-0.0002469999999999,1.0,0.0,934.3887286000356,0.0,934.3887286000356
1668435743.2168756,0.044889,-1.000000000001e-06,0.000589,6.599999999999998e-05,0.0,1.0,0.0,20815.53896500336,934.3887286000356
1668435803.2186782,0.045053,0.000164,0.000651,6.199999999999999e-05,0.0,1.0,0.0,20815.53896500336,937.8024769902964
1668435863.1535022,0.044873,-0.0001799999999999,0.000443,-0.000208,1.0,0.0,934.055679976596,0.0,934.055679976596
1668435924.196949,0.044885,1.1999999999998123e-05,0.000455,1.200000000000002e-05,0.0,1.0,0.0,20809.973932863897,934.055679976596
1668435984.664547,0.045045,0.00016,0.000421,-3.400000000000001e-05,1.0,0.0,937.3852758058542,0.0,937.3852758058542
1668436044.2069216,0.045086,4.099999999999937e-05,0.000515,9.400000000000006e-05,0.0,1.0,0.0,20791.04990032059,937.3852758058542
1668436105.1103497,0.04522,0.000134,0.000619,0.0001039999999999,0.0,1.0,0.0,20791.04990032059,940.1712764924972
1668436165.0177295,0.045113,-0.000107,3.9e-05,-0.00058,1.0,0.0,937.9466341531628,0.0,937.9466341531628
1668436225.0570197,0.045103,-1.0000000000003062e-05,0.000172,0.000133,0.0,1.0,0.0,20795.659582581266,937.9466341531628
1668436285.720876,0.044992,-0.0001109999999999,5e-05,-0.000122,1.0,0.0,935.6383159394962,0.0,935.6383159394962
1668436345.7003672,0.04494,-5.199999999999649e-05,-4.3e-05,-9.3e-05,1.0,0.0,935.6383159394962,0.0,935.6383159394962
1668436405.803682,0.04516,0.0002199999999999,0.00026,0.000303,0.0,1.0,0.0,20718.297518589377,935.6383159394962
1668436467.2031298,0.045179,1.8999999999998185e-05,0.000201,-5.899999999999997e-05,1.0,0.0,936.0319635923494,0.0,936.0319635923494
1668436527.148955,0.045244,6.500000000000256e-05,0.000244,4.299999999999999e-05,0.0,1.0,0.0,20688.53248148593,936.0319635923496
1668436587.1652615,0.045432,0.000188,0.000439,0.000195,0.0,1.0,0.0,20688.53248148593,939.9214076988688
1668436648.2759926,0.045464,3.199999999999731e-05,0.000183,-0.000256,1.0,0.0,940.5834407382764,0.0,940.5834407382764
1668436708.1331494,0.045636,0.000172,0.000395,0.000212,0.0,1.0,0.0,20610.55834731958,940.5834407382764
1668436768.319538,0.045634,-2.000000000002e-06,0.000524,0.000129,0.0,1.0,0.0,20610.55834731958,940.5422196215816
1668436829.0851126,0.045439,-0.000195,0.000575,5.099999999999994e-05,0.0,1.0,0.0,20610.55834731958,936.5231607438544
1668436889.070079,0.045444,4.9999999999980616e-06,0.000557,-1.8000000000000004e-05,1.0,0.0,936.626213535591,0.0,936.626213535591
1668436949.113001,0.045365,-7.899999999999574e-05,0.000262,-0.0002949999999999,1.0,0.0,936.626213535591,0.0,936.626213535591
1668437010.2678025,0.045415,4.999999999999449e-05,0.000158,-0.000104,1.0,0.0,936.626213535591,0.0,936.626213535591
1668437070.9062824,0.04549,7.500000000000562e-05,0.000247,8.9e-05,0.0,1.0,0.0,20589.71671874238,936.626213535591
1668437130.09054,0.045547,5.699999999999456e-05,0.000304,5.700000000000003e-05,0.0,1.0,0.0,20589.71671874238,937.7998273885592
1668437190.8380375,0.04555,3.0000000000030003e-06,6.4e-05,-0.00024,1.0,0.0,937.8615965387154,0.0,937.8615965387154
1668437250.075735,0.045796,0.000246,0.000132,6.800000000000001e-05,0.0,1.0,0.0,20479.116004426487,937.8615965387156
1668437310.0404758,0.045567,-0.000229,-1.4e-05,-0.000146,1.0,0.0,933.1718789737018,0.0,933.1718789737018
1668437370.2099288,0.045454,-0.000113,1.5e-05,2.9e-05,0.0,1.0,0.0,20530.02769775381,933.1718789737018
1668437429.9767413,0.045222,-0.000232,-0.000301,-0.000316,1.0,0.0,928.4089125478228,0.0,928.4089125478228
1668437490.2109869,0.045362,0.00014,-5.2e-05,0.000249,0.0,1.0,0.0,20466.66620845251,928.4089125478226
1668437550.111734,0.04525,-0.000112,-0.00015,-9.8e-05,1.0,0.0,926.116645932476,0.0,926.116645932476
1668437610.2700813,0.0453,5.000000000000143e-05,-0.000142,7.999999999999978e-06,0.0,1.0,0.0,20444.07606914958,926.116645932476
1668437670.2468312,0.0453,0.0,-0.000247,-0.0001049999999999,1.0,0.0,926.116645932476,0.0,926.116645932476
1668437730.0766556,0.045274,-2.5999999999998247e-05,-0.000276,-2.9e-05,1.0,0.0,926.116645932476,0.0,926.116645932476
1668437790.1936648,0.045215,-5.900000000000349e-05,-0.000581,-0.000305,1.0,0.0,926.116645932476,0.0,926.116645932476
1668437850.1100166,0.045165,-5.000000000000143e-05,-0.000406,0.000175,0.0,1.0,0.0,20505.1842340856,926.116645932476
1668437910.1064386,0.045127,-3.799999999999637e-05,-0.000393,1.299999999999999e-05,0.0,1.0,0.0,20505.1842340856,925.3374489315808
1668437970.2636943,0.045086,-4.099999999999937e-05,-0.000434,-4.0999999999999967e-05,1.0,0.0,924.4967363779832,0.0,924.4967363779832
1668438030.1809068,0.045099,1.2999999999999123e-05,-0.000235,0.0001989999999999,0.0,1.0,0.0,20499.27351777164,924.4967363779832
1668438090.1339877,0.044778,-0.000321,-0.000446,-0.000211,1.0,0.0,917.9164695787784,0.0,917.9164695787784
1668438150.1201882,0.044947,0.000169,-0.000403,4.3000000000000015e-05,0.0,1.0,0.0,20422.196577719948,917.9164695787784
1668438210.27297,0.044924,-2.3000000000002185e-05,-0.000391,1.1999999999999966e-05,0.0,1.0,0.0,20422.196577719948,917.4467590574908
1668438270.131822,0.044887,-3.699999999999537e-05,-0.000428,-3.699999999999998e-05,1.0,0.0,916.6911377841152,0.0,916.6911377841152
1668438330.1509864,0.045,0.0001129999999999,-0.000315,0.0001129999999999,0.0,1.0,0.0,20370.914172980338,916.6911377841152
1668438390.2367966,0.045059,5.900000000000349e-05,-0.000132,0.000183,0.0,1.0,0.0,20370.914172980338,917.893021720321
1668438450.331694,0.045,-5.900000000000349e-05,-0.000125,7.000000000000008e-06,0.0,1.0,0.0,20370.914172980338,916.6911377841152
1668438510.142216,0.045024,2.4000000000003185e-05,-0.000101,2.4e-05,0.0,1.0,0.0,20370.914172980338,917.1800397242667
1668438570.0763743,0.044981,-4.300000000000137e-05,-0.000184,-8.3e-05,1.0,0.0,916.3040904148286,0.0,916.3040904148286
1668438630.1114397,0.044934,-4.699999999999843e-05,-0.000152,3.199999999999999e-05,0.0,1.0,0.0,20392.221712174047,916.3040904148288
1668438690.184325,0.044912,-2.2000000000001185e-05,-0.000187,-3.499999999999998e-05,1.0,0.0,915.8554615371607,0.0,915.8554615371607
1668438750.2925816,0.04493,1.7999999999997185e-05,0.000112,0.000299,0.0,1.0,0.0,20384.05211522726,915.8554615371607
1668438810.1770396,0.045004,7.400000000000462e-05,0.000186,7.4e-05,0.0,1.0,0.0,20384.05211522726,917.3638813936876
1668438870.243353,0.044887,-0.0001169999999999,-6.9e-05,-0.000255,1.0,0.0,914.978947296206,0.0,914.978947296206
1668438930.167553,0.044806,-8.100000000000468e-05,-0.00015,-8.099999999999999e-05,1.0,0.0,914.978947296206,0.0,914.978947296206
1668438990.137179,0.044851,4.500000000000337e-05,-3.6e-05,0.0001139999999999,0.0,1.0,0.0,20400.41353138628,914.978947296206
1668439050.2710922,0.044848,-3.0000000000030003e-06,-0.000152,-0.000116,1.0,0.0,914.9177460556118,0.0,914.9177460556118
1668439110.2467413,0.044821,-2.6999999999999247e-05,-0.000203,-5.099999999999999e-05,1.0,0.0,914.9177460556118,0.0,914.9177460556118
1668439170.24093,0.044975,0.000154,-4.9e-05,0.000154,0.0,1.0,0.0,20342.80702736213,914.9177460556118
1668439230.1886556,0.045005,3.0000000000002247e-05,2.3e-05,7.2e-05,0.0,1.0,0.0,20342.80702736213,915.5280302664328
1668439290.080015,0.045218,0.0002129999999999,0.000323,0.0003,0.0,1.0,0.0,20342.80702736213,919.8610481632608
1668439350.86892,0.045289,7.100000000000162e-05,0.000377,5.400000000000001e-05,0.0,1.0,0.0,20342.80702736213,921.3053874622036
1668439410.231111,0.045256,-3.300000000000525e-05,0.000344,-3.299999999999999e-05,1.0,0.0,920.6340748303004,0.0,920.6340748303004
1668439470.4349267,0.045365,0.000109,0.000428,8.399999999999998e-05,0.0,1.0,0.0,20293.928685777588,920.6340748303004
1668439530.2489498,0.045408,4.299999999999443e-05,0.000602,0.000174,0.0,1.0,0.0,20293.928685777588,921.5067137637886
1668439590.2490325,0.0454,-7.999999999994123e-06,0.00059,-1.1999999999999966e-05,1.0,0.0,921.3443623343026,0.0,921.3443623343026
1668439650.17002,0.045546,0.000146,0.000696,0.0001059999999999,0.0,1.0,0.0,20228.875473901167,921.3443623343028
1668439710.3138182,0.045621,7.499999999999868e-05,0.000848,0.000152,0.0,1.0,0.0,20228.875473901167,922.8615279948452
1668439770.1615252,0.04572,9.899999999999493e-05,0.000745,-0.000103,1.0,0.0,924.8641866667612,0.0,924.8641866667612
1668439831.0442486,0.045699,-2.1000000000000185e-05,0.000499,-0.000246,1.0,0.0,924.8641866667612,0.0,924.8641866667612
1668439890.184451,0.04579,9.10000000000008e-05,0.00063,0.000131,0.0,1.0,0.0,20197.95122661632,924.8641866667612
1668439950.1664646,0.04582,3.0000000000002247e-05,0.000564,-6.599999999999998e-05,1.0,0.0,925.4701252035596,0.0,925.4701252035596
1668440010.0581348,0.04564,-0.0001799999999999,0.000325,-0.000239,1.0,0.0,925.4701252035596,0.0,925.4701252035596
1668440070.1392145,0.045587,-5.299999999999749e-05,0.000265,-6e-05,1.0,0.0,925.4701252035596,0.0,925.4701252035596
1668440130.3688557,0.045568,-1.9000000000005124e-05,0.000245,-2e-05,1.0,0.0,925.4701252035596,0.0,925.4701252035596
1668440190.3455276,0.04567,0.000102,9.5e-05,-0.00015,1.0,0.0,925.4701252035596,0.0,925.4701252035596
1668440250.2916653,0.0455,-0.00017,-2.2e-05,-0.000117,1.0,0.0,925.4701252035596,0.0,925.4701252035596
1668440311.2830417,0.045517,1.7000000000003124e-05,-0.000207,-0.000185,1.0,0.0,925.4701252035596,0.0,925.4701252035596
1668440370.2770424,0.04545,-6.700000000000456e-05,-0.000242,-3.500000000000001e-05,1.0,0.0,925.4701252035596,0.0,925.4701252035596
1668440430.3523583,0.045338,-0.0001119999999999,-0.000483,-0.0002409999999999,1.0,0.0,925.4701252035596,0.0,925.4701252035596
1668440490.166315,0.045288,-5.000000000000143e-05,-0.00053,-4.7e-05,1.0,0.0,925.4701252035596,0.0,925.4701252035596
1668440550.2900977,0.045326,3.799999999999637e-05,-0.00039,0.00014,0.0,1.0,0.0,20418.08509913868,925.4701252035596
1668440610.5264974,0.045467,0.000141,-0.00013,0.00026,0.0,1.0,0.0,20418.08509913868,928.3490752025384
1668440670.1997683,0.045374,-9.30000000000028e-05,-0.000194,-6.400000000000001e-05,1.0,0.0,926.4501932883184,0.0,926.4501932883184
1668440730.1670978,0.045341,-3.299999999999831e-05,-0.000378,-0.000184,1.0,0.0,926.4501932883184,0.0,926.4501932883184
1668440791.234205,0.045341,0.0,-0.000168,0.00021,0.0,1.0,0.0,20432.94575082857,926.4501932883184
1668440850.3083394,0.045341,0.0,-0.000168,0.0,0.0,1.0,0.0,20432.94575082857,926.4501932883182
1668440910.2665431,0.045404,6.300000000000056e-05,-9.4e-05,7.4e-05,0.0,1.0,0.0,20432.94575082857,927.7374688706204
1668440970.279034,0.045469,6.500000000000256e-05,7.5e-05,0.000169,0.0,1.0,0.0,20432.94575082857,929.0656103444244
1668441030.6436849,0.045468,-1.000000000001e-06,0.000184,0.000109,0.0,1.0,0.0,20432.94575082857,929.0451773986734
1668441090.3231544,0.045481,1.2999999999999123e-05,0.000107,-7.7e-05,1.0,0.0,929.3108056934342,0.0,929.3108056934342
1668441150.1833055,0.045168,-0.000313,-0.000232,-0.000339,1.0,0.0,929.3108056934342,0.0,929.3108056934342
1668441210.2455473,0.045262,9.399999999999686e-05,-7.8e-05,0.000154,0.0,1.0,0.0,20531.81047442522,929.3108056934342
1668441270.4263773,0.045228,-3.399999999999931e-05,-0.000114,-3.600000000000001e-05,1.0,0.0,928.6127241373038,0.0,928.6127241373038
1668441330.2466683,0.045243,1.5000000000001124e-05,-0.000128,-1.3999999999999988e-05,1.0,0.0,928.6127241373038,0.0,928.6127241373038
1668441390.4352298,0.045145,-9.800000000000086e-05,-0.000196,-6.8e-05,1.0,0.0,928.6127241373038,0.0,928.6127241373038
1668441450.2700672,0.045032,-0.0001129999999999,-0.000379,-0.000183,1.0,0.0,928.6127241373038,0.0,928.6127241373038
1668441510.375839,0.045115,8.299999999999974e-05,-0.000296,8.300000000000001e-05,0.0,1.0,0.0,20583.236709238696,928.6127241373038
1668441570.2636008,0.045115,0.0,-0.000296,0.0,0.0,1.0,0.0,20583.236709238696,928.6127241373038
1668441630.139882,0.045115,0.0,-0.000377,-8.100000000000002e-05,1.0,0.0,928.6127241373038,0.0,928.6127241373038
1668441691.23176,0.045117,1.9999999999950613e-06,-0.000362,1.4999999999999983e-05,0.0,1.0,0.0,20582.32427105756,928.6127241373038
1668441750.3938296,0.045235,0.000118,-0.000244,0.000118,0.0,1.0,0.0,20582.32427105756,931.0414384012888
1668441810.4578955,0.045096,-0.000139,-0.000131,0.0001129999999999,0.0,1.0,0.0,20582.32427105756,928.1804953276118
1668441870.332542,0.045195,9.900000000000186e-05,-8.6e-05,4.500000000000001e-05,0.0,1.0,0.0,20582.32427105756,930.2181454304464
1668441930.473265,0.04505,-0.0001449999999999,-0.000199,-0.000113,1.0,0.0,927.2337084111432,0.0,927.2337084111432
1668441990.3125377,0.045055,4.9999999999980616e-06,-0.000194,5.000000000000013e-06,0.0,1.0,0.0,20580.040137856915,927.2337084111432
1668442050.413055,0.045095,4.000000000000531e-05,-6.3e-05,0.0001309999999999,0.0,1.0,0.0,20580.040137856915,928.0569100166576
1668442110.3401935,0.045096,9.999999999940612e-07,-6.2e-05,9.999999999999972e-07,0.0,1.0,0.0,20580.040137856915,928.0774900567952
1668442170.3247838,0.045103,7.000000000000062e-06,3e-05,9.2e-05,0.0,1.0,0.0,20580.040137856915,928.2215503377604
1668442230.3440702,0.04509,-1.2999999999999123e-05,-2.5e-05,-5.5e-05,1.0,0.0,927.9540098159682,0.0,927.9540098159682
1668442290.3523636,0.045346,0.0002559999999999,0.00022,0.000245,0.0,1.0,0.0,20463.855903849693,927.954009815968
1668442350.303946,0.045612,0.000266,0.000465,0.000245,0.0,1.0,0.0,20463.855903849693,933.3973954863922
1668442410.4064782,0.04575,0.0001379999999999,0.000515,5.000000000000002e-05,0.0,1.0,0.0,20463.855903849693,936.2214076011236
1668442470.450374,0.0458,5.000000000000143e-05,0.000704,0.0001889999999999,0.0,1.0,0.0,20463.855903849693,937.244600396316
1668442530.3099875,0.045787,-1.2999999999999123e-05,0.000592,-0.000112,1.0,0.0,936.978570269566,0.0,936.978570269566
1668442590.2846613,0.045807,1.9999999999999185e-05,0.000611,1.9000000000000028e-05,0.0,1.0,0.0,20454.92108781553,936.978570269566
1668442650.4081848,0.04618,0.0003729999999999,0.001125,0.0005139999999999,0.0,1.0,0.0,20454.92108781553,944.6082558353212
1668442710.513703,0.046213,3.299999999999831e-05,0.001117,-7.999999999999978e-06,1.0,0.0,945.2832682312192,0.0,945.2832682312192
1668442770.2740932,0.046361,0.000148,0.001258,0.000141,0.0,1.0,0.0,20389.622058006065,945.2832682312192
1668442830.721723,0.046224,-0.0001369999999999,0.001024,-0.000234,1.0,0.0,942.4898900092724,0.0,942.4898900092724
1668442890.6129372,0.0462,-2.4000000000003185e-05,0.00058,-0.0004439999999999,1.0,0.0,942.4898900092724,0.0,942.4898900092724
1668442950.321736,0.046131,-6.899999999999962e-05,0.000402,-0.000178,1.0,0.0,942.4898900092724,0.0,942.4898900092724
1668443010.381813,0.04619,5.900000000000349e-05,0.0004,-1.9999999999999944e-06,1.0,0.0,942.4898900092724,0.0,942.4898900092724
1668443070.3697343,0.045991,-0.000199,0.000202,-0.000198,1.0,0.0,942.4898900092724,0.0,942.4898900092724
1668443130.5529623,0.045994,3.0000000000030003e-06,0.000234,3.199999999999999e-05,0.0,1.0,0.0,20491.58346761039,942.4898900092724
1668443190.3881123,0.046002,8.000000000001062e-06,-0.000167,-0.000401,1.0,0.0,942.6538226770132,0.0,942.6538226770132
1668443250.3758402,0.045922,-8.000000000000368e-05,-0.000247,-7.999999999999999e-05,1.0,0.0,942.6538226770132,0.0,942.6538226770132
1668443310.586105,0.045999,7.700000000000068e-05,-0.0002,4.699999999999998e-05,0.0,1.0,0.0,20492.91990428081,942.6538226770132
1668443370.288632,0.045884,-0.0001149999999999,-0.000372,-0.0001719999999999,1.0,0.0,940.2971368880208,0.0,940.2971368880208
1668443430.3110485,0.045847,-3.700000000000231e-05,-0.000439,-6.7e-05,1.0,0.0,940.2971368880208,0.0,940.2971368880208
1668443490.4981542,0.045848,1.000000000001e-06,-0.000352,8.7e-05,0.0,1.0,0.0,20509.011012214727,940.2971368880208
1668443551.0115397,0.045899,5.100000000000243e-05,-0.00021,0.0001419999999999,0.0,1.0,0.0,20509.011012214727,941.3430964496438
1668443610.3139908,0.04597,7.099999999999468e-05,-2.4e-05,0.000186,0.0,1.0,0.0,20509.011012214727,942.7992362315108
1668443670.4529884,0.045873,-9.699999999999986e-05,-0.00013,-0.0001059999999999,1.0,0.0,940.809862163326,0.0,940.809862163326
1668443730.3548026,0.04579,-8.299999999999974e-05,-0.000251,-0.0001209999999999,1.0,0.0,940.809862163326,0.0,940.809862163326
1668443790.5169518,0.045621,-0.0001689999999999,-0.000301,-5.000000000000002e-05,1.0,0.0,940.809862163326,0.0,940.809862163326
1668443850.4323132,0.04569,6.899999999999962e-05,-0.000309,-7.999999999999978e-06,1.0,0.0,940.809862163326,0.0,940.809862163326
1668443910.4628477,0.045788,9.800000000000086e-05,-2.5e-05,0.0002839999999999,0.0,1.0,0.0,20547.083562578096,940.809862163326
1668443970.4761772,0.045784,-4.000000000004e-06,-1.8e-05,7.000000000000001e-06,0.0,1.0,0.0,20547.083562578096,940.7276738290756
1668444030.354843,0.045758,-2.5999999999998247e-05,-8e-06,1e-05,0.0,1.0,0.0,20547.083562578096,940.1934496564486
1668444090.4723964,0.04575,-8.000000000001062e-06,-0.000154,-0.000146,1.0,0.0,940.029072987948,0.0,940.029072987948
1668444150.3942192,0.045798,4.799999999999943e-05,-0.000106,4.8e-05,0.0,1.0,0.0,20525.54856080938,940.029072987948
1668444210.4198608,0.0457,-9.800000000000086e-05,-0.000213,-0.000107,1.0,0.0,938.0175692289888,0.0,938.0175692289888
1668444270.407869,0.045751,5.100000000000243e-05,-8.7e-05,0.000126,0.0,1.0,0.0,20502.66812154901,938.0175692289888
1668444330.4014852,0.045889,0.0001379999999999,0.000189,0.000276,0.0,1.0,0.0,20502.66812154901,940.8469374297624
1668444390.516348,0.045826,-6.300000000000056e-05,0.000175,-1.4000000000000017e-05,1.0,0.0,939.555269338105,0.0,939.555269338105
1668444450.6779983,0.04579,-3.600000000000131e-05,1.5e-05,-0.0001599999999999,1.0,0.0,939.555269338105,0.0,939.555269338105
1668444510.5445795,0.045759,-3.099999999999631e-05,-2.7e-05,-4.2e-05,1.0,0.0,939.555269338105,0.0,939.555269338105
1668444570.4732606,0.045849,8.99999999999998e-05,6.3e-05,8.999999999999999e-05,0.0,1.0,0.0,20492.38302554265,939.5552693381052
1668444630.451862,0.045736,-0.000113,-7e-06,-7e-05,1.0,0.0,937.2396300562186,0.0,937.2396300562186
1668444690.4245567,0.045674,-6.199999999999956e-05,-0.000124,-0.000117,1.0,0.0,937.2396300562186,0.0,937.2396300562186
1668444750.4253092,0.045822,0.000148,0.000122,0.000246,0.0,1.0,0.0,20453.92235293568,937.2396300562187
1668444810.5122747,0.04585,2.8000000000000247e-05,0.00015,2.799999999999999e-05,0.0,1.0,0.0,20453.92235293568,937.8123398821008
1668444870.5990736,0.04585,0.0,0.00015,0.0,0.0,1.0,0.0,20453.92235293568,937.8123398821008
1668444930.5308788,0.04585,0.0,0.00015,0.0,0.0,1.0,0.0,20453.92235293568,937.8123398821008
1668444990.4888625,0.045892,4.200000000000037e-05,0.000195,4.500000000000001e-05,0.0,1.0,0.0,20453.92235293568,938.6714046209242
1668445050.5856516,0.045892,0.0,3e-06,-0.000192,1.0,0.0,938.6714046209242,0.0,938.6714046209242
1668445110.4855604,0.045803,-8.89999999999988e-05,-2.3e-05,-2.6e-05,1.0,0.0,938.6714046209242,0.0,938.6714046209242
1668445170.5474768,0.04582,1.6999999999996185e-05,1.8e-05,4.1e-05,0.0,1.0,0.0,20486.062955498128,938.6714046209242
1668445230.5173714,0.045767,-5.299999999999749e-05,-3.5e-05,-5.3e-05,1.0,0.0,937.5856432842828,0.0,937.5856432842828
1668445290.591808,0.045781,1.4000000000000123e-05,-0.000111,-7.6e-05,1.0,0.0,937.5856432842828,0.0,937.5856432842828
1668445350.4474504,0.045781,0.0,-0.000111,0.0,1.0,0.0,937.5856432842828,0.0,937.5856432842828
1668445410.3689494,0.0455,-0.000281,-0.000202,-9.1e-05,1.0,0.0,937.5856432842828,0.0,937.5856432842828
1668445470.475556,0.045743,0.000243,-4e-06,0.000198,0.0,1.0,0.0,20496.81138719111,937.5856432842828
1668445530.5026443,0.045707,-3.600000000000131e-05,-6e-05,-5.6e-05,1.0,0.0,936.847758074344,0.0,936.847758074344
1668445590.5258207,0.045632,-7.499999999999868e-05,-0.000218,-0.000158,1.0,0.0,936.847758074344,0.0,936.847758074344
1668445650.5217516,0.045586,-4.599999999999743e-05,-0.000306,-8.8e-05,1.0,0.0,936.847758074344,0.0,936.847758074344
1668445710.7156537,0.045471,-0.000115,-0.000354,-4.799999999999997e-05,1.0,0.0,936.847758074344,0.0,936.847758074344
1668445770.7867415,0.045468,-2.9999999999960614e-06,-0.000372,-1.8000000000000004e-05,1.0,0.0,936.847758074344,0.0,936.847758074344
1668445830.500915,0.045495,2.6999999999999247e-05,-0.000345,2.700000000000001e-05,0.0,1.0,0.0,20592.323509711925,936.847758074344
1668445890.3738115,0.045495,0.0,-0.000345,0.0,0.0,1.0,0.0,20592.323509711925,936.847758074344
1668445950.5225904,0.045497,2.000000000002e-06,-0.000284,6.0999999999999965e-05,0.0,1.0,0.0,20592.323509711925,936.8889427213636
1668446010.3934658,0.045496,-1.000000000001e-06,-7.5e-05,0.000209,0.0,1.0,0.0,20592.323509711925,936.8683503978538
1668446070.6296673,0.045482,-1.4000000000000123e-05,-0.000247,-0.000172,1.0,0.0,936.580057868718,0.0,936.580057868718
1668446130.6514132,0.045472,-1.0000000000003062e-05,-0.000231,1.5999999999999982e-05,0.0,1.0,0.0,20596.85208191234,936.580057868718
1668446190.6251676,0.045404,-6.799999999999862e-05,-0.00027,-3.9e-05,1.0,0.0,935.179471927148,0.0,935.179471927148
1668446250.4966793,0.045448,4.400000000000237e-05,-0.000226,4.400000000000001e-05,0.0,1.0,0.0,20576.91145764716,935.179471927148
1668446310.5507157,0.045452,3.9999999999970615e-06,-0.000222,3.999999999999989e-06,0.0,1.0,0.0,20576.91145764716,935.2617795729786
1668446370.628724,0.045496,4.400000000000237e-05,2.6e-05,0.000248,0.0,1.0,0.0,20576.91145764716,936.1671636771152
1668446430.5969388,0.045589,9.299999999999586e-05,0.000119,9.3e-05,0.0,1.0,0.0,20576.91145764716,938.0808164426762
1668446490.545006,0.045589,0.0,9.4e-05,-2.500000000000001e-05,1.0,0.0,938.0808164426762,0.0,938.0808164426762
1668446550.4604025,0.045589,0.0,9.4e-05,0.0,1.0,0.0,938.0808164426762,0.0,938.0808164426762
1668446610.56664,0.045476,-0.0001129999999999,7.2e-05,-2.2e-05,1.0,0.0,938.0808164426762,0.0,938.0808164426762
1668446670.464048,0.045528,5.199999999999649e-05,8.3e-05,1.0999999999999996e-05,0.0,1.0,0.0,20604.481120248554,938.080816442676
1668446730.5902045,0.045555,2.6999999999999247e-05,0.00011,2.700000000000001e-05,0.0,1.0,0.0,20604.481120248554,938.6371374329228
1668446790.7618954,0.045515,-3.999999999999837e-05,-3.2e-05,-0.000142,1.0,0.0,937.8129581881128,0.0,937.8129581881128
1668446850.6924455,0.045501,-1.4000000000000123e-05,4.9e-05,8.099999999999999e-05,0.0,1.0,0.0,20610.82082125916,937.8129581881128
1668446910.475636,0.045482,-1.8999999999998185e-05,-6.1e-05,-0.0001099999999999,1.0,0.0,937.4213525925092,0.0,937.4213525925092
1668446970.6398463,0.045287,-0.000195,-0.000221,-0.00016,1.0,0.0,937.4213525925092,0.0,937.4213525925092
1668447030.6975434,0.045268,-1.8999999999998185e-05,-0.000241,-2e-05,1.0,0.0,937.4213525925092,0.0,937.4213525925092
1668447090.5529811,0.045326,5.799999999999556e-05,-0.000263,-2.2e-05,1.0,0.0,937.4213525925092,0.0,937.4213525925092
1668447150.4396996,0.045325,-1.000000000001e-06,-0.000264,-1.0000000000000243e-06,1.0,0.0,937.4213525925092,0.0,937.4213525925092
1668447210.5367837,0.0452,-0.000125,-0.000328,-6.399999999999998e-05,1.0,0.0,937.4213525925092,0.0,937.4213525925092
1668447270.432296,0.045094,-0.0001059999999999,-0.00041,-8.199999999999999e-05,1.0,0.0,937.4213525925092,0.0,937.4213525925092
1668447330.739184,0.045153,5.899999999999656e-05,-0.000362,4.799999999999997e-05,0.0,1.0,0.0,20760.99821922152,937.4213525925092
1668447390.622305,0.045193,3.999999999999837e-05,-0.000322,4e-05,0.0,1.0,0.0,20760.99821922152,938.2517925212782
1668447450.5090344,0.045238,4.500000000000337e-05,-8.5e-05,0.000237,0.0,1.0,0.0,20760.99821922152,939.1860374411432
1668447510.5152743,0.045215,-2.3000000000002185e-05,-0.000108,-2.299999999999999e-05,1.0,0.0,938.7085344821012,0.0,938.7085344821012
1668447570.7218256,0.045219,4.000000000004e-06,-0.000203,-9.5e-05,1.0,0.0,938.7085344821012,0.0,938.7085344821012
1668447630.4873545,0.045164,-5.499999999999949e-05,-0.000104,9.9e-05,0.0,1.0,0.0,20784.441911303275,938.7085344821012
1668447690.574999,0.045182,1.7999999999997185e-05,-8.6e-05,1.799999999999999e-05,0.0,1.0,0.0,20784.441911303275,939.0826544365044
1668447750.6381578,0.045228,4.599999999999743e-05,-0.00011,-2.4e-05,1.0,0.0,940.0387387644244,0.0,940.0387387644244
1668447810.586625,0.045199,-2.8999999999994308e-05,-0.000126,-1.5999999999999996e-05,1.0,0.0,940.0387387644244,0.0,940.0387387644244
1668447870.5694025,0.045165,-3.400000000000625e-05,6.8e-05,0.000194,0.0,1.0,0.0,20813.43382629081,940.0387387644244
1668447930.7753985,0.045115,-4.999999999999449e-05,-3.7e-05,-0.000105,1.0,0.0,938.99806707311,0.0,938.99806707311
1668447990.5879614,0.04519,7.499999999999868e-05,3.8e-05,7.500000000000001e-05,0.0,1.0,0.0,20778.89061901106,938.9980670731098
1668448050.6304402,0.04503,-0.00016,-0.000207,-0.000245,1.0,0.0,935.673444574068,0.0,935.673444574068
1668448110.6198869,0.045182,0.0001519999999999,-3.3e-05,0.000174,0.0,1.0,0.0,20708.98686587729,935.6734445740678
1668448170.4484622,0.045182,0.0,5.9e-05,9.2e-05,0.0,1.0,0.0,20708.98686587729,935.6734445740676
1668448230.5616713,0.045182,0.0,5.9e-05,0.0,0.0,1.0,0.0,20708.98686587729,935.6734445740676
1668448290.4900744,0.045126,-5.6000000000000494e-05,-5.6e-05,-0.000115,1.0,0.0,934.5137413095786,0.0,934.5137413095786
1668448350.5617769,0.045218,9.20000000000018e-05,-1e-05,4.6e-05,0.0,1.0,0.0,20666.852609792088,934.5137413095788
1668448410.6179955,0.045234,1.6000000000002124e-05,6e-06,1.6000000000000003e-05,0.0,1.0,0.0,20666.852609792088,934.8444109513354
1668448470.8214169,0.045234,0.0,6e-06,0.0,0.0,1.0,0.0,20666.852609792088,934.8444109513354
1668448530.7498796,0.0452,-3.400000000000625e-05,1e-06,-5e-06,1.0,0.0,934.1417379626024,0.0,934.1417379626024
1668448590.640853,0.045158,-4.200000000000037e-05,-7e-06,-8e-06,1.0,0.0,934.1417379626024,0.0,934.1417379626024
1668448650.7093267,0.0452,4.200000000000037e-05,8.5e-05,9.2e-05,0.0,1.0,0.0,20666.85260979209,934.1417379626024
1668448710.5559745,0.045189,-1.0999999999997123e-05,7.4e-05,-1.100000000000001e-05,1.0,0.0,933.9144025838948,0.0,933.9144025838948
1668448771.4290662,0.045207,1.7999999999997185e-05,8e-06,-6.599999999999999e-05,1.0,0.0,933.9144025838948,0.0,933.9144025838948
1668448831.4838834,0.0452,-7.000000000000062e-06,0.00011,0.000102,0.0,1.0,0.0,20661.82306601537,933.9144025838948
1668448891.4082568,0.0452,0.0,6.4e-05,-4.600000000000001e-05,1.0,0.0,933.9144025838948,0.0,933.9144025838948
1668448952.2535377,0.0452,0.0,6.4e-05,0.0,1.0,0.0,933.9144025838948,0.0,933.9144025838948
1668449012.463164,0.045235,3.500000000000031e-05,5.3e-05,-1.0999999999999996e-05,1.0,0.0,933.9144025838948,0.0,933.9144025838948
1668449072.4083538,0.045164,-7.099999999999468e-05,-1.8e-05,-7.1e-05,1.0,0.0,933.9144025838948,0.0,933.9144025838948
1668449133.3410995,0.045099,-6.500000000000256e-05,-0.000116,-9.8e-05,1.0,0.0,933.9144025838948,0.0,933.9144025838948
1668449193.4839482,0.045053,-4.599999999999743e-05,-0.000181,-6.500000000000001e-05,1.0,0.0,933.9144025838948,0.0,933.9144025838948
1668449253.427409,0.045197,0.0001439999999999,-3e-06,0.000178,0.0,1.0,0.0,20663.19451697889,933.9144025838948
1668449314.281058,0.045181,-1.6000000000002124e-05,-2.6e-05,-2.3e-05,1.0,0.0,933.5837914716232,0.0,933.5837914716232
1668449374.342863,0.045181,0.0,-2.6e-05,0.0,1.0,0.0,933.5837914716232,0.0,933.5837914716232
1668449434.3239772,0.045181,0.0,-2.6e-05,0.0,1.0,0.0,933.5837914716232,0.0,933.5837914716232
1668449495.2012727,0.045278,9.699999999999986e-05,8.9e-05,0.0001149999999999,0.0,1.0,0.0,20618.927326110323,933.5837914716232
1668449555.2304115,0.045324,4.600000000000437e-05,0.000117,2.8000000000000003e-05,0.0,1.0,0.0,20618.927326110323,934.5322621286244
1668449615.1671622,0.045327,2.9999999999960614e-06,0.00012,3.000000000000005e-06,0.0,1.0,0.0,20618.927326110323,934.5941189106026
1668449676.5645454,0.04527,-5.700000000000149e-05,7e-05,-5.000000000000001e-05,1.0,0.0,933.4188400530144,0.0,933.4188400530144
1668449736.5157554,0.045437,0.000167,0.000202,0.000132,0.0,1.0,0.0,20543.14413480235,933.4188400530144
1668449796.9433818,0.045301,-0.0001359999999999,6.6e-05,-0.000136,1.0,0.0,930.6249724506812,0.0,930.6249724506812
1668449857.575365,0.04525,-5.100000000000243e-05,0.000174,0.000108,0.0,1.0,0.0,20566.29773371671,930.6249724506812
1668449917.432047,0.045154,-9.599999999999886e-05,-4.3e-05,-0.000217,1.0,0.0,928.6506078682444,0.0,928.6506078682444
1668449977.4757435,0.045145,-9.000000000002062e-06,1.4e-05,5.7e-05,0.0,1.0,0.0,20570.397781996777,928.6506078682444
1668450038.0447824,0.045209,6.400000000000156e-05,2.8e-05,1.4e-05,0.0,1.0,0.0,20570.397781996777,929.9671133262924
1668450098.1874058,0.045157,-5.199999999999649e-05,-0.000167,-0.000195,1.0,0.0,928.8974526416284,0.0,928.8974526416284
1668450158.217377,0.045146,-1.1000000000004062e-05,-0.000181,-1.4000000000000017e-05,1.0,0.0,928.8974526416284,0.0,928.8974526416284
1668450219.073108,0.045188,4.200000000000037e-05,-0.000139,4.200000000000002e-05,0.0,1.0,0.0,20556.286019333194,928.8974526416284
1668450278.9887216,0.0452,1.1999999999998123e-05,-0.000127,1.1999999999999994e-05,0.0,1.0,0.0,20556.286019333194,929.1441280738604
1668450339.247753,0.045155,-4.499999999999643e-05,-0.000172,-4.500000000000001e-05,1.0,0.0,928.2190952029904,0.0,928.2190952029904
1668450400.194599,0.044985,-0.00017,-0.000316,-0.0001439999999999,1.0,0.0,928.2190952029904,0.0,928.2190952029904
1668450460.0855973,0.045091,0.000106,-0.00021,0.0001059999999999,0.0,1.0,0.0,20585.462624536834,928.2190952029904
1668450519.933499,0.045081,-9.999999999996125e-06,-0.000202,8.000000000000005e-06,0.0,1.0,0.0,20585.462624536834,928.0132405767451
1668450580.719988,0.044872,-0.000209,-0.000293,-9.100000000000002e-05,1.0,0.0,923.7108788882168,0.0,923.7108788882168
1668450640.8332508,0.045013,0.0001409999999999,-0.000201,9.2e-05,0.0,1.0,0.0,20520.980136587583,923.7108788882168
1668450700.719145,0.04491,-0.0001029999999999,-0.000304,-0.000103,1.0,0.0,921.5972179341484,0.0,921.5972179341484
1668450761.5424955,0.04491,0.0,-0.000299,5.000000000000013e-06,0.0,1.0,0.0,20520.980136587583,921.5972179341484
1668450821.757404,0.044947,3.700000000000231e-05,-0.00021,8.9e-05,0.0,1.0,0.0,20520.980136587583,922.356494199202
1668450881.7745287,0.045,5.299999999999749e-05,-0.000188,2.200000000000002e-05,0.0,1.0,0.0,20520.980136587583,923.4441061464412
1668450942.887852,0.044939,-6.099999999999856e-05,-0.000216,-2.8000000000000003e-05,1.0,0.0,922.1923263581094,0.0,922.1923263581094
1668451002.653617,0.044939,0.0,-0.000216,0.0,1.0,0.0,922.1923263581094,0.0,922.1923263581094
1668451062.6421306,0.044861,-7.800000000000168e-05,-0.000184,3.199999999999999e-05,0.0,1.0,0.0,20556.66004676912,922.1923263581094
1668451123.6609015,0.0449,3.900000000000431e-05,-0.000145,3.9e-05,0.0,1.0,0.0,20556.66004676912,922.9940360999336
1668451183.3807647,0.044784,-0.000116,-0.000265,-0.0001199999999999,1.0,0.0,920.6094635345082,0.0,920.6094635345082
1668451243.4797544,0.044862,7.800000000000168e-05,-0.000187,7.8e-05,0.0,1.0,0.0,20520.91889649388,920.6094635345082
1668451304.2690003,0.044941,7.900000000000268e-05,6.3e-05,0.00025,0.0,1.0,0.0,20520.91889649388,922.2306161273316
1668451364.3358457,0.044967,2.5999999999998247e-05,5.7e-05,-5.999999999999997e-06,1.0,0.0,922.7641600186404,0.0,922.7641600186404
1668451424.4175675,0.044987,1.9999999999999185e-05,7.7e-05,2e-05,0.0,1.0,0.0,20511.79585254941,922.7641600186404
1668451485.4253895,0.044985,-2.000000000002e-06,-1.1e-05,-8.8e-05,1.0,0.0,922.7231364269352,0.0,922.7231364269352
1668451545.308489,0.044949,-3.599999999999437e-05,-1e-06,1e-05,0.0,1.0,0.0,20528.223907693944,922.7231364269352
1668451605.344355,0.044972,2.2999999999995246e-05,2.2e-05,2.3e-05,0.0,1.0,0.0,20528.223907693944,923.195285576812
1668451666.1206274,0.04499,1.8000000000004124e-05,5.1e-05,2.9e-05,0.0,1.0,0.0,20528.223907693944,923.5647936071506
1668451726.363827,0.044926,-6.400000000000156e-05,2.6e-05,-2.5e-05,1.0,0.0,922.250987277058,0.0,922.250987277058
1668451786.2505596,0.044865,-6.099999999999856e-05,8.1e-05,5.500000000000001e-05,0.0,1.0,0.0,20556.13478829952,922.250987277058
1668451847.07684,0.044962,9.699999999999986e-05,0.000178,9.7e-05,0.0,1.0,0.0,20556.13478829952,924.2449323515232
1668451907.0547636,0.04499,2.8000000000000247e-05,0.000128,-5e-05,1.0,0.0,924.8205041255956,0.0,924.8205041255956
1668451967.077517,0.044995,4.9999999999980616e-06,0.000133,5.000000000000013e-06,0.0,1.0,0.0,20553.850519515403,924.8205041255956
1668452027.6963654,0.044987,-8.000000000001062e-06,6.2e-05,-7.1e-05,1.0,0.0,924.6560733214394,0.0,924.6560733214394
1668452087.6744554,0.044916,-7.100000000000162e-05,-2.9e-05,-9.1e-05,1.0,0.0,924.6560733214394,0.0,924.6560733214394
1668452148.1982863,0.04494,2.4000000000003185e-05,-5e-06,2.4e-05,0.0,1.0,0.0,20575.34653585757,924.6560733214394
1668452208.7635136,0.04494,0.0,-2.7e-05,-2.2e-05,1.0,0.0,924.6560733214392,0.0,924.6560733214392
1668452269.0149229,0.04488,-5.999999999999756e-05,-8.7e-05,-6e-05,1.0,0.0,924.6560733214392,0.0,924.6560733214392
1668452328.8369226,0.04488,0.0,-8.7e-05,0.0,1.0,0.0,924.6560733214392,0.0,924.6560733214392
1668452389.5275512,0.045054,0.0001739999999999,5.9e-05,0.000146,0.0,1.0,0.0,20523.284798717967,924.6560733214392
1668452449.320399,0.04495,-0.0001039999999999,1.3e-05,-4.6e-05,1.0,0.0,922.5216517023724,0.0,922.5216517023724
1668452509.5184443,0.04503,8.000000000000368e-05,0.000104,9.1e-05,0.0,1.0,0.0,20486.823266763768,922.5216517023724
1668452570.5824535,0.04503,0.0,0.000104,0.0,0.0,1.0,0.0,20486.823266763768,922.5216517023724
1668452630.248973,0.04503,0.0,0.000165,6.1000000000000005e-05,0.0,1.0,0.0,20486.823266763768,922.5216517023724
1668452691.278633,0.044974,-5.6000000000000494e-05,-2.1e-05,-0.000186,1.0,0.0,921.3743895994336,0.0,921.3743895994336
1668452751.1307445,0.044964,-1.0000000000003062e-05,-3.1e-05,-1.0000000000000004e-05,1.0,0.0,921.3743895994336,0.0,921.3743895994336
1668452811.078688,0.044909,-5.499999999999949e-05,2.8e-05,5.9e-05,0.0,1.0,0.0,20516.47530783214,921.3743895994336
1668452871.2342172,0.045007,9.800000000000086e-05,6.7e-05,3.9e-05,0.0,1.0,0.0,20516.47530783214,923.3850041796012
1668452931.9325686,0.045021,1.4000000000000123e-05,0.000141,7.400000000000001e-05,0.0,1.0,0.0,20516.47530783214,923.6722348339108
1668452992.030749,0.045002,-1.8999999999998185e-05,-5.2e-05,-0.000193,1.0,0.0,923.282421803062,0.0,923.282421803062
1668453052.5912018,0.045045,4.300000000000137e-05,-9e-06,4.3e-05,0.0,1.0,0.0,20496.89026091824,923.282421803062
1668453112.598998,0.0451,5.499999999999949e-05,0.00015,0.000159,0.0,1.0,0.0,20496.89026091824,924.4097507674128
1668453172.7144177,0.045116,1.6000000000002124e-05,0.000166,1.600000000000001e-05,0.0,1.0,0.0,20496.89026091824,924.7377010115874
1668453233.365584,0.045266,0.0001499999999999,0.000316,0.00015,0.0,1.0,0.0,20496.89026091824,927.8122345507252
1668453293.583314,0.045242,-2.4000000000003185e-05,0.000292,-2.3999999999999987e-05,1.0,0.0,927.320309184463,0.0,927.320309184463
1668453353.622169,0.045288,4.600000000000437e-05,0.000258,-3.400000000000001e-05,1.0,0.0,927.320309184463,0.0,927.320309184463
1668453413.6575866,0.045325,3.699999999999537e-05,0.000295,3.700000000000003e-05,0.0,1.0,0.0,20459.355966562893,927.3203091844632
1668453474.2689009,0.045472,0.000147,0.000438,0.000143,0.0,1.0,0.0,20459.355966562893,930.3278345115478
1668453534.3846476,0.045409,-6.300000000000056e-05,0.000457,1.899999999999997e-05,0.0,1.0,0.0,20459.355966562893,929.0388950856544
1668453594.6451268,0.04539,-1.8999999999998185e-05,0.00039,-6.7e-05,1.0,0.0,928.6501673222896,0.0,928.6501673222896
1668453655.5729704,0.04558,0.00019,0.000559,0.000169,0.0,1.0,0.0,20374.07124445567,928.6501673222896
1668453716.736828,0.045554,-2.6000000000005186e-05,0.000533,-2.599999999999998e-05,1.0,0.0,928.1204414699336,0.0,928.1204414699336
1668453775.4503171,0.045447,-0.0001069999999999,0.000402,-0.000131,1.0,0.0,928.1204414699336,0.0,928.1204414699336
1668453836.1991642,0.045308,-0.000139,0.000192,-0.00021,1.0,0.0,928.1204414699336,0.0,928.1204414699336
1668453896.152624,0.045375,6.699999999999762e-05,0.000133,-5.9e-05,1.0,0.0,928.1204414699336,0.0,928.1204414699336
1668453956.269191,0.045199,-0.0001759999999999,-0.000177,-0.00031,1.0,0.0,928.1204414699336,0.0,928.1204414699336
1668454017.212202,0.045277,7.799999999999474e-05,-0.000221,-4.400000000000001e-05,1.0,0.0,928.1204414699336,0.0,928.1204414699336
1668454077.2137206,0.045461,0.000184,-2.4e-05,0.000197,0.0,1.0,0.0,20415.750675742584,928.1204414699336
1668454137.23126,0.045355,-0.000106,4.8e-05,7.2e-05,0.0,1.0,0.0,20415.750675742584,925.9563718983048
1668454197.9212303,0.045243,-0.000112,-0.00022,-0.000268,1.0,0.0,923.6698078226216,0.0,923.6698078226216
1668454257.7948897,0.045375,0.000132,-7.7e-05,0.000143,0.0,1.0,0.0,20356.35940104951,923.6698078226216
1668454317.8904245,0.045373,-2.000000000002e-06,-0.00018,-0.000103,1.0,0.0,923.6290951038194,0.0,923.6290951038194
1668454378.7969658,0.045489,0.000116,0.000138,0.000318,0.0,1.0,0.0,20304.44931969969,923.6290951038192
1668454438.491297,0.045489,0.0,8.2e-05,-5.599999999999999e-05,1.0,0.0,923.6290951038192,0.0,923.6290951038192
1668454498.6754224,0.045583,9.399999999999686e-05,0.000382,0.0003,0.0,1.0,0.0,20262.578046723986,923.6290951038192
1668454564.9904282,0.045499,-8.400000000000074e-05,0.0003,-8.200000000000004e-05,1.0,0.0,921.9270385478944,0.0,921.9270385478944
1668454619.7451596,0.045543,4.400000000000237e-05,0.000138,-0.0001619999999999,1.0,0.0,921.9270385478944,0.0,921.9270385478944
1668454679.7596323,0.045623,7.999999999999674e-05,0.000171,3.3000000000000016e-05,0.0,1.0,0.0,20207.505831442355,921.9270385478944
1668454740.63358,0.045605,-1.7999999999997185e-05,0.000341,0.0001699999999999,0.0,1.0,0.0,20207.505831442355,921.5633034429286
1668454800.6614366,0.045641,3.600000000000131e-05,0.000331,-9.999999999999972e-06,1.0,0.0,922.2907736528606,0.0,922.2907736528606
1668454860.436017,0.045646,4.9999999999980616e-06,0.000264,-6.7e-05,1.0,0.0,922.2907736528606,0.0,922.2907736528606
1668454921.2485352,0.045697,5.100000000000243e-05,0.000297,3.299999999999999e-05,0.0,1.0,0.0,20182.742273078333,922.2907736528606
1668454981.2363937,0.045572,-0.000125,8.3e-05,-0.000214,1.0,0.0,919.7679308687258,0.0,919.7679308687258
1668455041.2387152,0.045643,7.100000000000162e-05,0.000202,0.000119,0.0,1.0,0.0,20151.34699447288,919.7679308687258
1668455102.1104245,0.0459,0.000257,0.000317,0.000115,0.0,1.0,0.0,20151.34699447288,924.9468270463052
1668455162.2536776,0.046163,0.0002629999999999,0.000664,0.000347,0.0,1.0,0.0,20151.34699447288,930.2466313058516
1668455222.1420124,0.046205,4.200000000000037e-05,0.000701,3.700000000000003e-05,0.0,1.0,0.0,20151.34699447288,931.0929878796194
1668455283.1266325,0.046245,3.999999999999837e-05,0.00064,-6.0999999999999965e-05,1.0,0.0,931.8990417593984,0.0,931.8990417593984
1668455342.170729,0.046177,-6.799999999999862e-05,0.000577,-6.300000000000001e-05,1.0,0.0,931.8990417593984,0.0,931.8990417593984
1668455402.2865186,0.046071,-0.000106,0.000481,-9.600000000000006e-05,1.0,0.0,931.8990417593984,0.0,931.8990417593984
1668455463.3643556,0.045909,-0.000162,0.000259,-0.0002219999999999,1.0,0.0,931.8990417593984,0.0,931.8990417593984
1668455522.3324015,0.045824,-8.500000000000174e-05,0.000127,-0.000132,1.0,0.0,931.8990417593984,0.0,931.8990417593984
1668455582.171702,0.045831,7.000000000000062e-06,0.000259,0.000132,0.0,1.0,0.0,20333.377883079105,931.8990417593984
1668455642.312683,0.046233,0.000402,0.000558,0.000299,0.0,1.0,0.0,20333.377883079105,940.0730596683964
1668455702.2137485,0.046309,7.599999999999968e-05,0.000409,-0.000149,1.0,0.0,941.6183963875104,0.0,941.6183963875104
1668455762.8764796,0.046729,0.0004199999999999,0.00049,8.099999999999996e-05,0.0,1.0,0.0,20150.621592319767,941.6183963875104
1668455822.1819837,0.047018,0.0002889999999999,0.00065,0.0001599999999999,0.0,1.0,0.0,20150.621592319767,947.4419260276908
1668455882.3449838,0.047253,0.000235,0.001012,0.000362,0.0,1.0,0.0,20150.621592319767,952.177322101886
1668455942.2167814,0.046959,-0.000294,0.000782,-0.00023,1.0,0.0,946.253039353744,0.0,946.253039353744
1668456002.2425256,0.046963,3.9999999999970615e-06,0.000892,0.0001099999999999,0.0,1.0,0.0,20148.90529467334,946.253039353744
1668456062.1163242,0.046828,-0.0001349999999999,0.000975,8.299999999999996e-05,0.0,1.0,0.0,20148.90529467334,943.5329371389632
1668456122.1902995,0.046699,-0.000129,0.000875,-9.999999999999994e-05,1.0,0.0,940.9337283559502,0.0,940.9337283559502
1668456182.395727,0.046699,0.0,0.000848,-2.700000000000001e-05,1.0,0.0,940.9337283559502,0.0,940.9337283559502
1668456242.4527645,0.04652,-0.0001789999999999,3.4e-05,-0.000814,1.0,0.0,940.9337283559502,0.0,940.9337283559502
1668456302.173908,0.046558,3.800000000000331e-05,0.000249,0.0002149999999999,0.0,1.0,0.0,20209.92586356695,940.9337283559502
1668456362.1818209,0.046746,0.000188,-0.000212,-0.000461,1.0,0.0,944.7331944183009,0.0,944.7331944183009
1668456422.2647812,0.047066,0.0003199999999999,-9e-06,0.000203,0.0,1.0,0.0,20072.51932219226,944.7331944183009
1668456482.4256506,0.046995,-7.099999999999468e-05,-8e-05,-7.1e-05,1.0,0.0,943.3080455464252,0.0,943.3080455464252
1668456542.459185,0.046848,-0.000147,-0.000111,-3.0999999999999995e-05,1.0,0.0,943.3080455464252,0.0,943.3080455464252
1668456602.2419913,0.047203,0.000355,0.000265,0.000376,0.0,1.0,0.0,19984.069774091164,943.3080455464252
1668456662.2452886,0.046918,-0.000285,9e-05,-0.0001749999999999,1.0,0.0,937.6125856608091,0.0,937.6125856608091
1668456722.2600176,0.047089,0.0001709999999999,0.00039,0.0003,0.0,1.0,0.0,19911.499196432484,937.6125856608091
1668456782.1933734,0.047188,9.900000000000186e-05,0.000489,9.899999999999995e-05,0.0,1.0,0.0,19911.499196432484,939.583824081256
1668456842.2250867,0.04716,-2.8000000000000247e-05,0.000644,0.000155,0.0,1.0,0.0,19911.499196432484,939.026302103756
1668456902.253574,0.046957,-0.000203,0.000308,-0.000336,1.0,0.0,934.98426776688,0.0,934.98426776688
1668456962.6165016,0.04687,-8.69999999999968e-05,6e-05,-0.000248,1.0,0.0,934.98426776688,0.0,934.98426776688
1668457022.3517904,0.046861,-9.000000000002062e-06,-0.000247,-0.000307,1.0,0.0,934.98426776688,0.0,934.98426776688
1668457082.3792975,0.046738,-0.0001229999999999,-0.000269,-2.2e-05,1.0,0.0,934.98426776688,0.0,934.98426776688
1668457142.8262749,0.046615,-0.000123,-0.000233,3.599999999999998e-05,0.0,1.0,0.0,20057.58377704344,934.98426776688
1668457202.3153715,0.0466,-1.4999999999994185e-05,-0.000391,-0.000158,1.0,0.0,934.6834040102244,0.0,934.6834040102244
1668457262.2167716,0.04661,9.999999999996125e-06,-0.000363,2.800000000000003e-05,0.0,1.0,0.0,20053.280497966625,934.6834040102244
1668457322.2982118,0.04663,1.9999999999999185e-05,-0.000525,-0.0001619999999999,1.0,0.0,935.0844696201837,0.0,935.0844696201837
1668457382.5459318,0.046689,5.900000000000349e-05,-0.000428,9.699999999999996e-05,0.0,1.0,0.0,20027.93954936245,935.0844696201837
1668457442.4364634,0.04657,-0.000119,-0.000593,-0.000165,1.0,0.0,932.7011448138094,0.0,932.7011448138094
1668457505.068485,0.046587,1.7000000000003124e-05,-0.000388,0.000205,0.0,1.0,0.0,20020.631180668628,932.7011448138096
1668457562.4075153,0.046583,-4.000000000004e-06,-0.000287,0.000101,0.0,1.0,0.0,20020.631180668628,932.6210622890868
1668457622.5603564,0.046583,0.0,-0.000287,0.0,0.0,1.0,0.0,20020.631180668628,932.6210622890868
1668457682.2014806,0.046583,0.0,-0.000287,0.0,0.0,1.0,0.0,20020.631180668628,932.6210622890868
1668457742.3996415,0.046729,0.000146,-2e-05,0.000267,0.0,1.0,0.0,20020.631180668628,935.5440744414644
1668457802.3546808,0.04655,-0.0001789999999999,-0.000188,-0.000168,1.0,0.0,931.9603814601246,0.0,931.9603814601246
1668457862.5785136,0.046575,2.4999999999997247e-05,-0.000178,1e-05,0.0,1.0,0.0,20009.884733443363,931.9603814601246
1668457922.3347876,0.046542,-3.299999999999831e-05,-6.6e-05,0.0001119999999999,0.0,1.0,0.0,20009.884733443363,931.300055263921
1668457982.6114583,0.046542,0.0,-6.6e-05,0.0,0.0,1.0,0.0,20009.884733443363,931.300055263921
1668458042.620607,0.046746,0.000204,0.000136,0.000202,0.0,1.0,0.0,20009.884733443363,935.3820717495436
1668458102.2494135,0.046583,-0.000163,-0.000305,-0.000441,1.0,0.0,932.120460537992,0.0,932.120460537992
1668458162.5842214,0.04664,5.700000000000149e-05,-2.2e-05,0.000283,0.0,1.0,0.0,19985.430114450945,932.120460537992
1668458222.487965,0.046681,4.099999999999937e-05,1.9e-05,4.1e-05,0.0,1.0,0.0,19985.430114450945,932.9398631726846
1668458282.5992413,0.046681,0.0,1.9e-05,0.0,0.0,1.0,0.0,19985.430114450945,932.9398631726846
1668458342.2860334,0.046546,-0.000135,-5.6e-05,-7.500000000000001e-05,1.0,0.0,930.2418301072336,0.0,930.2418301072336
1668458402.5662606,0.046513,-3.299999999999831e-05,-7.5e-05,-1.9e-05,1.0,0.0,930.2418301072336,0.0,930.2418301072336
1668458462.359043,0.046557,4.400000000000237e-05,-2.6e-05,4.9e-05,0.0,1.0,0.0,19980.708166489112,930.2418301072336
1668458523.401047,0.046593,3.600000000000131e-05,-0.000136,-0.00011,1.0,0.0,930.9611356012272,0.0,930.9611356012272
1668458582.4342256,0.046623,2.9999999999995308e-05,0.000115,0.000251,0.0,1.0,0.0,19967.85139526044,930.9611356012272
1668458642.729377,0.046623,0.0,0.000115,0.0,0.0,1.0,0.0,19967.85139526044,930.9611356012272
1668458702.620972,0.046623,0.0,7.1e-05,-4.4e-05,1.0,0.0,930.9611356012276,0.0,930.9611356012276
1668458777.1344378,0.046702,7.900000000000268e-05,0.00016,8.900000000000001e-05,0.0,1.0,0.0,19934.07424952309,930.9611356012276
1668458822.5492594,0.046689,-1.2999999999999123e-05,-7.6e-05,-0.000236,1.0,0.0,930.7019926359836,0.0,930.7019926359836
1668458882.6267276,0.046826,0.0001369999999999,0.000243,0.000319,0.0,1.0,0.0,19875.752629649844,930.7019926359836
1668458942.5797522,0.046837,1.0999999999997123e-05,0.000156,-8.7e-05,1.0,0.0,930.9206259149096,0.0,930.9206259149096
1668459002.4350023,0.046779,-5.799999999999556e-05,0.000233,7.7e-05,0.0,1.0,0.0,19900.39603058872,930.9206259149096
1668459062.8871794,0.046654,-0.000125,0.000141,-9.2e-05,1.0,0.0,928.4330764110862,0.0,928.4330764110862
1668459122.3569183,0.0469,0.0002459999999999,0.000267,0.0001259999999999,0.0,1.0,0.0,19796.01442241122,928.4330764110862
1668459182.6327095,0.046801,-9.899999999999493e-05,0.000158,-0.0001089999999999,1.0,0.0,926.4732709832676,0.0,926.4732709832676
1668459242.5970285,0.046814,1.2999999999999123e-05,0.000171,1.3000000000000018e-05,0.0,1.0,0.0,19790.51717399213,926.4732709832676
1668459483.2220852,0.046903,8.89999999999988e-05,0.00028,0.0001089999999999,0.0,1.0,0.0,19790.51717399213,928.234627011753
1668459543.2552238,0.046903,0.0,0.00028,0.0,0.0,1.0,0.0,19790.51717399213,928.234627011753
1668459604.4509306,0.046784,-0.000119,8.2e-05,-0.000198,1.0,0.0,925.879555468048,0.0,925.879555468048
1668459663.9782548,0.046899,0.000115,0.000182,0.0001,0.0,1.0,0.0,19741.98928480453,925.879555468048
1668459755.9253583,0.046773,-0.000126,-0.000116,-0.000298,1.0,0.0,923.3920648181625,0.0,923.3920648181625
1668459784.820999,0.04664,-0.000133,-0.000196,-7.999999999999999e-05,1.0,0.0,923.3920648181625,0.0,923.3920648181625
1668459844.964601,0.046657,1.6999999999996185e-05,-0.000122,7.4e-05,0.0,1.0,0.0,19791.07239681425,923.3920648181625
1668459906.93585,0.04674,8.299999999999974e-05,-4.9e-05,7.3e-05,0.0,1.0,0.0,19791.07239681425,925.034723827098
1668459965.6537588,0.046673,-6.699999999999762e-05,-0.000227,-0.000178,1.0,0.0,923.7087219765114,0.0,923.7087219765114
1668460025.646294,0.046542,-0.0001309999999999,-0.000272,-4.500000000000001e-05,1.0,0.0,923.7087219765114,0.0,923.7087219765114
1668460085.7054613,0.046673,0.0001309999999999,-0.000213,5.9e-05,0.0,1.0,0.0,19791.07239681425,923.7087219765114
1668460146.5764046,0.04658,-9.299999999999586e-05,-0.000323,-0.0001099999999999,1.0,0.0,921.8681522436076,0.0,921.8681522436076
1668460206.600932,0.046528,-5.200000000000343e-05,-0.000256,6.7e-05,0.0,1.0,0.0,19813.191029995007,921.8681522436076
1668460266.387594,0.046554,2.5999999999998247e-05,-0.000195,6.099999999999999e-05,0.0,1.0,0.0,19813.191029995007,922.3832952103876
1668460327.2518132,0.046656,0.000102,-0.000117,7.8e-05,0.0,1.0,0.0,19813.191029995007,924.4042406954472
1668460387.137401,0.04658,-7.599999999999968e-05,-5.1e-05,6.6e-05,0.0,1.0,0.0,19813.191029995007,922.8984381771676
1668460447.0276258,0.046608,2.7999999999993308e-05,-4.9e-05,2.000000000000001e-06,0.0,1.0,0.0,19813.191029995007,923.4532075260072
1668460508.3031385,0.046513,-9.499999999999786e-05,-0.000247,-0.000198,1.0,0.0,921.5709543781576,0.0,921.5709543781576
1668460568.1245327,0.0465,-1.2999999999999123e-05,-0.000104,0.000143,0.0,1.0,0.0,19818.73020168081,921.5709543781576
1668460628.223325,0.046375,-0.000125,-0.000167,-6.3e-05,1.0,0.0,919.0936131029476,0.0,919.0936131029476
1668460688.9680412,0.046293,-8.199999999999874e-05,-0.000304,-0.000137,1.0,0.0,919.0936131029476,0.0,919.0936131029476
1668460748.936277,0.046305,1.1999999999998123e-05,-0.000275,2.9e-05,0.0,1.0,0.0,19848.69048921169,919.0936131029476
1668460809.2721298,0.046354,4.900000000000043e-05,-0.000174,0.000101,0.0,1.0,0.0,19848.69048921169,920.0661989369188
1668460869.9094572,0.046282,-7.200000000000262e-05,-0.000272,-9.8e-05,1.0,0.0,918.6370932216954,0.0,918.6370932216954
1668460929.7485557,0.046379,9.699999999999986e-05,-0.000277,-5.000000000000013e-06,1.0,0.0,918.6370932216954,0.0,918.6370932216954
1668460989.740526,0.046401,2.2000000000001185e-05,-0.000179,9.800000000000002e-05,0.0,1.0,0.0,19797.78653955077,918.6370932216952
1668461051.343612,0.046321,-7.999999999999674e-05,-0.00025,-7.100000000000002e-05,1.0,0.0,917.0532702985312,0.0,917.0532702985312
1668461111.290089,0.046333,1.1999999999998123e-05,-0.000134,0.000116,0.0,1.0,0.0,19792.659018378505,917.0532702985312
1668461171.264334,0.046337,4.000000000004e-06,-3.8e-05,9.6e-05,0.0,1.0,0.0,19792.659018378505,917.1324409346048
1668461231.9843864,0.046343,5.999999999999062e-06,-3.2e-05,6.000000000000004e-06,0.0,1.0,0.0,19792.659018378505,917.2511968887152
1668461291.9285626,0.0463,-4.300000000000137e-05,3e-05,6.2e-05,0.0,1.0,0.0,19792.659018378505,916.4001125509247
1668461351.91963,0.046316,1.6000000000002124e-05,4.6e-05,1.6e-05,0.0,1.0,0.0,19792.659018378505,916.7167950952188
1668461412.8790011,0.046348,3.199999999999731e-05,5e-06,-4.1e-05,1.0,0.0,917.3501601838068,0.0,917.3501601838068
1668461472.999066,0.046175,-0.0001729999999999,-0.000226,-0.000231,1.0,0.0,917.3501601838068,0.0,917.3501601838068
1668461532.8858404,0.04614,-3.500000000000031e-05,-0.0002,2.599999999999998e-05,0.0,1.0,0.0,19881.88470272663,917.3501601838068
1668461593.6077068,0.046189,4.900000000000043e-05,-0.000151,4.9e-05,0.0,1.0,0.0,19881.88470272663,918.3243725342404
1668461656.1115472,0.04632,0.0001309999999999,-1e-06,0.00015,0.0,1.0,0.0,19881.88470272663,920.9288994302976
1668461713.6943598,0.046289,-3.100000000000325e-05,-5.1e-05,-5e-05,1.0,0.0,920.312561004513,0.0,920.312561004513
1668461774.7225845,0.046289,0.0,-5.1e-05,0.0,1.0,0.0,920.312561004513,0.0,920.312561004513
1668461834.6987429,0.046218,-7.099999999999468e-05,-5.2e-05,-9.999999999999972e-07,1.0,0.0,920.312561004513,0.0,920.312561004513
1668461894.5768826,0.04619,-2.8000000000000247e-05,-0.000174,-0.000122,1.0,0.0,920.312561004513,0.0,920.312561004513
1668461955.2122414,0.046289,9.899999999999493e-05,-8.7e-05,8.7e-05,0.0,1.0,0.0,19881.88470272663,920.312561004513
1668462014.6412327,0.046261,-2.8000000000000247e-05,-0.000115,-2.8000000000000003e-05,1.0,0.0,919.7558682328366,0.0,919.7558682328366
1668462074.8940997,0.046256,-4.9999999999980616e-06,-7.1e-05,4.4e-05,0.0,1.0,0.0,19884.03381686347,919.7558682328366
1668462135.7082858,0.046201,-5.499999999999949e-05,3.7e-05,0.000108,0.0,1.0,0.0,19884.03381686347,918.6622463729092
1668462195.0842955,0.046204,3.0000000000030003e-06,4e-05,3.000000000000005e-06,0.0,1.0,0.0,19884.03381686347,918.7218984743598
1668462254.6688712,0.046217,1.2999999999999123e-05,5.3e-05,1.2999999999999998e-05,0.0,1.0,0.0,19884.03381686347,918.980390913979
1668462314.6251297,0.046217,0.0,5.3e-05,0.0,0.0,1.0,0.0,19884.03381686347,918.980390913979
1668462374.7032337,0.046223,5.999999999999062e-06,-9.7e-05,-0.00015,1.0,0.0,919.0996951168802,0.0,919.0996951168802
1668462434.7247052,0.046323,0.0001,3.4e-05,0.0001309999999999,0.0,1.0,0.0,19841.109062817177,919.0996951168802
1668462494.7555175,0.046378,5.499999999999949e-05,8.9e-05,5.5e-05,0.0,1.0,0.0,19841.109062817177,920.1909561153352
1668462554.5409262,0.046372,-6.0000000000060005e-06,0.000166,7.7e-05,0.0,1.0,0.0,19841.109062817177,920.071909460958
1668462614.7518775,0.046325,-4.699999999999843e-05,8.3e-05,-8.3e-05,1.0,0.0,919.1393773350056,0.0,919.1393773350056
1668462674.8708398,0.046296,-2.9000000000001247e-05,5.4e-05,-2.9e-05,1.0,0.0,919.1393773350056,0.0,919.1393773350056
1668462735.0450692,0.046179,-0.0001169999999999,-8.7e-05,-0.000141,1.0,0.0,919.1393773350056,0.0,919.1393773350056
1668462794.7776184,0.046177,-1.9999999999950613e-06,-7.9e-05,8.000000000000005e-06,0.0,1.0,0.0,19904.700983931514,919.1393773350056
1668462854.5938263,0.046168,-9.000000000002062e-06,-8.8e-05,-9.000000000000002e-06,1.0,0.0,918.96023502615,0.0,918.96023502615
1668462914.6067357,0.046084,-8.400000000000074e-05,-0.000133,-4.500000000000001e-05,1.0,0.0,918.96023502615,0.0,918.96023502615
1668462974.5762155,0.046084,0.0,-0.000133,0.0,1.0,0.0,918.96023502615,0.0,918.96023502615
1668463034.68092,0.046084,0.0,-0.000294,-0.0001609999999999,1.0,0.0,918.96023502615,0.0,918.96023502615
1668463094.713371,0.046052,-3.199999999999731e-05,-0.000326,-3.200000000000002e-05,1.0,0.0,918.96023502615,0.0,918.96023502615
1668463154.7714536,0.04604,-1.2000000000005062e-05,-0.000234,9.2e-05,0.0,1.0,0.0,19960.039857214382,918.96023502615
1668463214.860881,0.046096,5.6000000000000494e-05,-0.000182,5.199999999999999e-05,0.0,1.0,0.0,19960.039857214382,920.077997258154
1668463274.7165508,0.046022,-7.399999999999768e-05,-0.000274,-9.2e-05,1.0,0.0,918.6009543087204,0.0,918.6009543087204
1668463336.2862515,0.046109,8.69999999999968e-05,-6.8e-05,0.000206,0.0,1.0,0.0,19922.378587883504,918.6009543087204
1668463394.689448,0.045828,-0.0002809999999999,-0.00034,-0.000272,1.0,0.0,913.0027659255252,0.0,913.0027659255252
1668463454.5646577,0.0459,7.200000000000262e-05,-0.000268,7.200000000000002e-05,0.0,1.0,0.0,19891.127797941725,913.0027659255252
1668463514.8021717,0.045979,7.899999999999574e-05,-0.000105,0.000163,0.0,1.0,0.0,19891.127797941725,914.5741650215624
1668463574.7893448,0.045973,-5.999999999999062e-06,-0.000111,-5.999999999999997e-06,1.0,0.0,914.4548182547748,0.0,914.4548182547748
1668463635.2221844,0.045988,1.5000000000001124e-05,-6.4e-05,4.7e-05,0.0,1.0,0.0,19884.63986811287,914.4548182547748
1668463695.2147467,0.045931,-5.700000000000149e-05,-0.000121,-5.7e-05,1.0,0.0,913.3213937822924,0.0,913.3213937822924
1668463754.731742,0.045934,3.0000000000030003e-06,-0.000162,-4.100000000000001e-05,1.0,0.0,913.3213937822924,0.0,913.3213937822924
1668463814.8171115,0.045988,5.3999999999998494e-05,-0.000108,5.400000000000001e-05,0.0,1.0,0.0,19859.993776252333,913.3213937822924
1668463874.5597105,0.04602,3.199999999999731e-05,-9e-05,1.799999999999999e-05,0.0,1.0,0.0,19859.993776252333,913.9569135831324
1668463934.645005,0.04602,0.0,-9e-05,0.0,0.0,1.0,0.0,19859.993776252333,913.9569135831324
1668463994.8109436,0.04602,0.0,-9e-05,0.0,0.0,1.0,0.0,19859.993776252333,913.9569135831324
1668464054.5239463,0.046034,1.4000000000000123e-05,0.000229,0.000319,0.0,1.0,0.0,19859.993776252333,914.234953496
1668464115.446023,0.046034,0.0,0.000229,0.0,0.0,1.0,0.0,19859.993776252333,914.234953496
1668464174.709852,0.046034,0.0,0.000229,0.0,0.0,1.0,0.0,19859.993776252333,914.234953496
1668464234.8335054,0.046059,2.5000000000004186e-05,0.000184,-4.500000000000001e-05,1.0,0.0,914.7314533404062,0.0,914.7314533404062
1668464294.7306323,0.04607,1.0999999999997123e-05,0.000195,1.0999999999999996e-05,0.0,1.0,0.0,19855.2518632604,914.7314533404063
1668464354.828942,0.046055,-1.5000000000001124e-05,9.3e-05,-0.000102,1.0,0.0,914.4336245624576,0.0,914.4336245624576
1668464414.705222,0.046046,-9.000000000002062e-06,0.000137,4.4e-05,0.0,1.0,0.0,19859.13270560869,914.4336245624576
1668464475.0273862,0.046034,-1.1999999999998123e-05,0.000112,-2.5e-05,1.0,0.0,914.1953149699904,0.0,914.1953149699904
1668464534.813908,0.046,-3.399999999999931e-05,7.8e-05,-3.4e-05,1.0,0.0,914.1953149699904,0.0,914.1953149699904
1668464595.2075648,0.046034,3.399999999999931e-05,2e-06,-7.6e-05,1.0,0.0,914.1953149699904,0.0,914.1953149699904
1668464654.7759476,0.046091,5.700000000000149e-05,5.9e-05,5.7e-05,0.0,1.0,0.0,19834.57323490465,914.1953149699904
1668464714.952648,0.046091,0.0,5.9e-05,0.0,0.0,1.0,0.0,19834.57323490465,914.19531496999
1668464774.7705824,0.046097,5.999999999999062e-06,6.3e-05,4.000000000000002e-06,0.0,1.0,0.0,19834.57323490465,914.3143224093996
1668464834.6717222,0.046229,0.000132,0.000148,8.499999999999999e-05,0.0,1.0,0.0,19834.57323490465,916.932486076407
1668464894.7664924,0.046097,-0.000132,1.6e-05,-0.0001319999999999,1.0,0.0,914.3143224093996,0.0,914.3143224093996
1668464954.8988664,0.046196,9.900000000000186e-05,0.000126,0.00011,0.0,1.0,0.0,19792.06689777036,914.3143224093996
1668465014.698008,0.046162,-3.399999999999931e-05,0.000107,-1.9e-05,1.0,0.0,913.6413921348754,0.0,913.6413921348754
1668465075.1288154,0.046162,0.0,0.000107,0.0,1.0,0.0,913.6413921348754,0.0,913.6413921348754
1668465135.3242652,0.046162,0.0,0.000107,0.0,1.0,0.0,913.6413921348754,0.0,913.6413921348754
1668465194.852569,0.046154,-8.000000000001062e-06,0.000167,6e-05,0.0,1.0,0.0,19795.49751126393,913.6413921348754
1668465254.8420792,0.046162,8.000000000001062e-06,0.000162,-4.999999999999986e-06,1.0,0.0,913.7997561149656,0.0,913.7997561149656
1668465314.7814915,0.046191,2.9000000000001247e-05,0.000191,2.9e-05,0.0,1.0,0.0,19783.069345001528,913.7997561149656
1668465375.1692593,0.046191,0.0,0.000191,0.0,0.0,1.0,0.0,19783.069345001528,913.7997561149656
1668465435.147702,0.046299,0.0001079999999999,0.000265,7.399999999999998e-05,0.0,1.0,0.0,19783.069345001528,915.9363276042258
1668465494.826794,0.046281,-1.7999999999997185e-05,0.000247,-1.8000000000000004e-05,1.0,0.0,915.5802323560158,0.0,915.5802323560158
1668465555.1126597,0.04626,-2.1000000000000185e-05,0.000169,-7.8e-05,1.0,0.0,915.5802323560158,0.0,915.5802323560158
1668465614.8801095,0.046298,3.799999999999637e-05,0.000201,3.200000000000002e-05,0.0,1.0,0.0,19775.80526925604,915.5802323560158
1668465674.9046242,0.04626,-3.799999999999637e-05,0.00016,-4.1e-05,1.0,0.0,914.8287517557844,0.0,914.8287517557844
1668465734.847158,0.046412,0.0001519999999999,0.000252,9.2e-05,0.0,1.0,0.0,19711.03920873448,914.8287517557844
1668465794.8906283,0.046301,-0.0001109999999999,0.000139,-0.000113,1.0,0.0,912.640826403615,0.0,912.640826403615
1668465854.855096,0.046308,7.000000000000062e-06,0.000146,7.000000000000008e-06,0.0,1.0,0.0,19708.05965283785,912.6408264036152
1668465914.8621738,0.046374,6.599999999999662e-05,0.000131,-1.4999999999999983e-05,1.0,0.0,913.9415583407024,0.0,913.9415583407024
1668465974.86079,0.046297,-7.700000000000068e-05,0.000106,-2.500000000000001e-05,1.0,0.0,913.9415583407024,0.0,913.9415583407024
1668466035.9147556,0.046256,-4.099999999999937e-05,6.5e-05,-4.100000000000001e-05,1.0,0.0,913.9415583407024,0.0,913.9415583407024
1668466094.8089652,0.046181,-7.499999999999868e-05,-7.9e-05,-0.0001439999999999,1.0,0.0,913.9415583407024,0.0,913.9415583407024
1668466154.778727,0.046153,-2.8000000000000247e-05,-0.000107,-2.8000000000000003e-05,1.0,0.0,913.9415583407024,0.0,913.9415583407024
1668466214.8462226,0.046016,-0.0001369999999999,-0.000244,-0.000137,1.0,0.0,913.9415583407024,0.0,913.9415583407024
1668466274.8151872,0.046016,0.0,-0.000244,0.0,1.0,0.0,913.9415583407024,0.0,913.9415583407024
1668466335.4367175,0.046124,0.0001079999999999,-0.000136,0.000108,0.0,1.0,0.0,19814.88072024765,913.9415583407024
1668466395.1972294,0.046124,0.0,-0.000157,-2.0999999999999995e-05,1.0,0.0,913.9415583407024,0.0,913.9415583407024
1668466455.1051435,0.046053,-7.100000000000162e-05,-0.000228,-7.100000000000002e-05,1.0,0.0,913.9415583407024,0.0,913.9415583407024
1668466514.9759138,0.046077,2.4000000000003185e-05,-0.00022,8.000000000000005e-06,0.0,1.0,0.0,19835.09252643841,913.9415583407024
1668466574.9450896,0.046044,-3.299999999999831e-05,-0.000331,-0.000111,1.0,0.0,913.2870002873302,0.0,913.2870002873302
1668466634.949847,0.045988,-5.6000000000000494e-05,-0.000387,-5.599999999999995e-05,1.0,0.0,913.2870002873302,0.0,913.2870002873302
1668466694.8727603,0.045992,3.9999999999970615e-06,-0.000264,0.0001229999999999,0.0,1.0,0.0,19857.51870515156,913.2870002873302
1668466754.9923043,0.046005,1.2999999999999123e-05,-0.000176,8.800000000000002e-05,0.0,1.0,0.0,19857.51870515156,913.5451480304972
1668466815.031191,0.046169,0.000164,0.000167,0.000343,0.0,1.0,0.0,19857.51870515156,916.8017810981424
1668466874.8229885,0.046071,-9.800000000000086e-05,5.5e-05,-0.0001119999999999,1.0,0.0,914.8557442650376,0.0,914.8557442650376
1668466935.1771622,0.045733,-0.0003379999999999,-0.000391,-0.000446,1.0,0.0,914.8557442650376,0.0,914.8557442650376
1668466994.8696885,0.045814,8.099999999999774e-05,-0.00031,8.100000000000002e-05,0.0,1.0,0.0,19968.91221602649,914.8557442650376
1668467054.7195406,0.045934,0.00012,-0.00019,0.0001199999999999,0.0,1.0,0.0,19968.91221602649,917.2520137309608
1668467114.8605747,0.045911,-2.3000000000002185e-05,-0.000132,5.8e-05,0.0,1.0,0.0,19968.91221602649,916.792728749992
1668467174.7708638,0.04587,-4.099999999999937e-05,-0.00014,-7.999999999999978e-06,1.0,0.0,915.974003349135,0.0,915.974003349135
1668467234.951918,0.045411,-0.000459,-0.000575,-0.000435,1.0,0.0,915.974003349135,0.0,915.974003349135
1668467294.9851975,0.0454,-1.0999999999997123e-05,-0.000592,-1.699999999999998e-05,1.0,0.0,915.974003349135,0.0,915.974003349135
1668467354.8310497,0.0453,-0.0001,-0.000705,-0.000113,1.0,0.0,915.974003349135,0.0,915.974003349135
1668467415.111797,0.045247,-5.299999999999749e-05,-0.000758,-5.299999999999999e-05,1.0,0.0,915.974003349135,0.0,915.974003349135
1668467474.9557743,0.0453,5.299999999999749e-05,-0.000869,-0.0001109999999999,1.0,0.0,915.974003349135,0.0,915.974003349135
1668467535.1046374,0.04531,1.0000000000003062e-05,-0.000361,0.000508,0.0,1.0,0.0,20215.714044341978,915.974003349135
1668467594.8460011,0.045262,-4.800000000000637e-05,-0.000409,-4.800000000000003e-05,1.0,0.0,915.0036490750064,0.0,915.0036490750064
1668467655.0066686,0.045385,0.000123,-0.000401,8.000000000000032e-06,0.0,1.0,0.0,20160.92649719084,915.0036490750064
1668467714.895218,0.0453,-8.500000000000174e-05,-0.000599,-0.000198,1.0,0.0,913.2899703227451,0.0,913.2899703227451
1668467775.1449096,0.045178,-0.0001219999999999,-0.000721,-0.0001219999999999,1.0,0.0,913.2899703227451,0.0,913.2899703227451
1668467835.9269533,0.045072,-0.000106,-0.000321,0.0003999999999999,0.0,1.0,0.0,20262.912014615395,913.289970322745
1668467895.1728184,0.044951,-0.000121,-0.000406,-8.5e-05,1.0,0.0,910.8381579689766,0.0,910.8381579689766
1668467955.707659,0.044497,-0.0004539999999999,-0.000707,-0.0003009999999999,1.0,0.0,910.8381579689766,0.0,910.8381579689766
1668468015.9174402,0.044614,0.0001169999999999,-0.000633,7.399999999999996e-05,0.0,1.0,0.0,20415.971622561898,910.8381579689764
1668468075.406484,0.044636,2.2000000000001185e-05,-0.000611,2.2e-05,0.0,1.0,0.0,20415.971622561898,911.287309344673
1668468135.2267585,0.044589,-4.700000000000537e-05,-0.000711,-0.0001,1.0,0.0,910.3277586784124,0.0,910.3277586784124
1668468195.1961715,0.044612,2.3000000000002185e-05,-0.000682,2.900000000000005e-05,0.0,1.0,0.0,20405.446038698385,910.3277586784124
1668468255.0287187,0.044687,7.499999999999868e-05,-0.000698,-1.6000000000000064e-05,1.0,0.0,911.8581671313146,0.0,911.8581671313146
1668468315.004373,0.04471,2.3000000000002185e-05,-0.000558,0.00014,0.0,1.0,0.0,20394.948940534883,911.8581671313146
1668468375.025376,0.044653,-5.700000000000149e-05,-0.000377,0.000181,0.0,1.0,0.0,20394.948940534883,910.695655041704
1668468435.094797,0.044635,-1.7999999999997185e-05,-0.00037,7.000000000000008e-06,0.0,1.0,0.0,20394.948940534883,910.3285459607744
1668468495.005834,0.044752,0.0001169999999999,0.000263,0.000633,0.0,1.0,0.0,20394.948940534883,912.7147549868172
1668468555.095081,0.044812,5.999999999999756e-05,0.000231,-3.199999999999999e-05,1.0,0.0,913.9384519232492,0.0,913.9384519232492
1668468615.026294,0.044786,-2.5999999999998247e-05,0.00015,-8.100000000000002e-05,1.0,0.0,913.9384519232492,0.0,913.9384519232492
1668468675.499585,0.044775,-1.0999999999997123e-05,0.000139,-1.0999999999999996e-05,1.0,0.0,913.9384519232492,0.0,913.9384519232492
1668468735.360167,0.0447,-7.500000000000562e-05,5.7e-05,-8.199999999999999e-05,1.0,0.0,913.9384519232492,0.0,913.9384519232492
1668468795.4403603,0.044527,-0.0001729999999999,-0.00016,-0.000217,1.0,0.0,913.9384519232492,0.0,913.9384519232492
1668468855.2935166,0.044659,0.000132,-2.8e-05,0.000132,0.0,1.0,0.0,20464.821243719056,913.9384519232492
1668468915.510757,0.044609,-4.999999999999449e-05,-4.4e-05,-1.6e-05,1.0,0.0,912.9152108610634,0.0,912.9152108610634
1668468975.3804708,0.044596,-1.3000000000006062e-05,-5.7e-05,-1.3000000000000004e-05,1.0,0.0,912.9152108610634,0.0,912.9152108610634
1668469035.350244,0.044619,2.3000000000002185e-05,-1.6e-05,4.100000000000001e-05,0.0,1.0,0.0,20460.23467269691,912.9152108610634
1668469095.515642,0.044659,3.999999999999837e-05,-9.4e-05,-7.8e-05,1.0,0.0,913.7336202479712,0.0,913.7336202479712
1668469155.6385336,0.044568,-9.099999999999386e-05,-0.00021,-0.000116,1.0,0.0,913.7336202479712,0.0,913.7336202479712
1668469215.616148,0.044536,-3.200000000000425e-05,-0.000242,-3.199999999999999e-05,1.0,0.0,913.7336202479712,0.0,913.7336202479712
1668469275.8795168,0.044601,6.500000000000256e-05,-0.000187,5.500000000000001e-05,0.0,1.0,0.0,20486.841556197644,913.7336202479712
1668469335.7797596,0.044611,9.999999999996125e-06,-8.9e-05,9.8e-05,0.0,1.0,0.0,20486.841556197644,913.938488663533
1668469395.487531,0.044598,-1.2999999999999123e-05,-0.000102,-1.3000000000000004e-05,1.0,0.0,913.6721597233025,0.0,913.6721597233025
1668469455.484472,0.044623,2.5000000000004186e-05,3.1e-05,0.000133,0.0,1.0,0.0,20475.363819628943,913.6721597233025
1668469515.3632953,0.044623,0.0,3.1e-05,0.0,0.0,1.0,0.0,20475.363819628943,913.6721597233025
1668469576.096495,0.044601,-2.2000000000001185e-05,-5.8e-05,-8.9e-05,1.0,0.0,913.2217017192704,0.0,913.2217017192704
1668469635.5467582,0.044811,0.0002099999999999,0.000295,0.000353,0.0,1.0,0.0,20379.409112032103,913.2217017192704
1668469695.5604017,0.044824,1.3000000000006062e-05,0.000239,-5.6000000000000006e-05,1.0,0.0,913.4866340377272,0.0,913.4866340377272
1668469755.5365248,0.04475,-7.400000000000462e-05,0.000165,-7.400000000000001e-05,1.0,0.0,913.4866340377272,0.0,913.4866340377272
1668469815.4846065,0.044852,0.000102,0.000192,2.700000000000001e-05,0.0,1.0,0.0,20366.68674836634,913.4866340377272
1668469875.5921278,0.044868,1.5999999999995185e-05,0.000332,0.00014,0.0,1.0,0.0,20366.68674836634,913.812501025701
1668469935.6438956,0.044969,0.000101,0.000433,0.000101,0.0,1.0,0.0,20366.68674836634,915.869536387286
1668469995.5820172,0.044919,-5.000000000000143e-05,0.000309,-0.000124,1.0,0.0,914.8512020498677,0.0,914.8512020498677
1668470055.9134147,0.045025,0.000106,0.000402,9.300000000000004e-05,0.0,1.0,0.0,20318.738524150307,914.8512020498677
1668470115.6462784,0.045067,4.200000000000037e-05,0.000342,-6e-05,1.0,0.0,915.704589067882,0.0,915.704589067882
1668470175.587531,0.04511,4.299999999999443e-05,0.000299,-4.3000000000000015e-05,1.0,0.0,915.704589067882,0.0,915.704589067882
1668470235.5980997,0.045128,1.8000000000004124e-05,0.000304,5.000000000000013e-06,0.0,1.0,0.0,20291.273468088148,915.704589067882
1668470295.492058,0.045057,-7.100000000000162e-05,0.000307,2.9999999999999645e-06,0.0,1.0,0.0,20291.273468088148,914.2639086516476
1668470355.6993454,0.045119,6.199999999999956e-05,0.000369,6.200000000000004e-05,0.0,1.0,0.0,20291.273468088148,915.5219676066693
1668470415.725911,0.045025,-9.399999999999686e-05,0.000173,-0.000196,1.0,0.0,913.6145879006688,0.0,913.6145879006688
1668470475.5857482,0.045073,4.799999999999943e-05,0.000109,-6.4e-05,1.0,0.0,913.6145879006688,0.0,913.6145879006688
1668470535.7278008,0.045219,0.000146,0.000255,0.000146,0.0,1.0,0.0,20204.219197697177,913.6145879006688
1668470595.5492966,0.045119,-0.0001,8.2e-05,-0.000173,1.0,0.0,911.5941659808988,0.0,911.5941659808988
1668470655.467301,0.045,-0.000119,-7e-05,-0.000152,1.0,0.0,911.5941659808988,0.0,911.5941659808988
1668470715.9815242,0.044838,-0.0001619999999999,-0.000232,-0.000162,1.0,0.0,911.5941659808988,0.0,911.5941659808988
1668470775.757497,0.044896,5.799999999999556e-05,-0.00026,-2.7999999999999976e-05,1.0,0.0,911.5941659808988,0.0,911.5941659808988
1668470835.9923046,0.045077,0.000181,-7.9e-05,0.0001809999999999,0.0,1.0,0.0,20223.04425717991,911.5941659808988
1668470896.342775,0.04507,-7.000000000000062e-06,0.000256,0.000335,0.0,1.0,0.0,20223.04425717991,911.4526046710986
1668470955.912248,0.045105,3.500000000000031e-05,-1.4e-05,-0.00027,1.0,0.0,912.1604112200998,0.0,912.1604112200998
1668471016.0629575,0.044994,-0.0001109999999999,-6.6e-05,-5.2e-05,1.0,0.0,912.1604112200998,0.0,912.1604112200998
1668471076.0329134,0.045,5.999999999999062e-06,-0.000143,-7.7e-05,1.0,0.0,912.1604112200998,0.0,912.1604112200998
1668471135.7801874,0.045025,2.5000000000004186e-05,-7.5e-05,6.800000000000001e-05,0.0,1.0,0.0,20258.97637357245,912.1604112200998
1668471196.2672296,0.04511,8.49999999999948e-05,-1e-05,6.5e-05,0.0,1.0,0.0,20258.97637357245,913.8824242118532
1668471255.8959315,0.045093,-1.6999999999996185e-05,8.9e-05,9.9e-05,0.0,1.0,0.0,20258.97637357245,913.5380216135025
1668471315.5916562,0.045027,-6.600000000000356e-05,0.000211,0.000122,0.0,1.0,0.0,20258.97637357245,912.2009291728466
1668471375.7769458,0.044992,-3.500000000000031e-05,0.000102,-0.000109,1.0,0.0,911.4918649997716,0.0,911.4918649997716
1668471435.57461,0.0451,0.000108,2.3e-05,-7.9e-05,1.0,0.0,911.4918649997716,0.0,911.4918649997716
1668471495.96234,0.045158,5.799999999999556e-05,8.1e-05,5.8e-05,0.0,1.0,0.0,20184.50473891164,911.4918649997716
1668471555.9507475,0.045216,5.8000000000002494e-05,0.000149,6.799999999999999e-05,0.0,1.0,0.0,20184.50473891164,912.6625662746288
1668471615.9155672,0.045104,-0.000112,3.8e-05,-0.0001109999999999,1.0,0.0,910.4019017438706,0.0,910.4019017438706
1668471675.5451584,0.045091,-1.2999999999999123e-05,2.5e-05,-1.3e-05,1.0,0.0,910.4019017438706,0.0,910.4019017438706
1668471740.116888,0.04509,-1.000000000001e-06,2.4e-05,-1.0000000000000006e-06,1.0,0.0,910.4019017438706,0.0,910.4019017438706
1668471796.1889696,0.04509,0.0,2.4e-05,0.0,1.0,0.0,910.4019017438706,0.0,910.4019017438706
1668471856.226297,0.04503,-5.999999999999756e-05,3e-06,-2.1e-05,1.0,0.0,910.4019017438706,0.0,910.4019017438706
1668471917.7919097,0.04503,0.0,3e-06,0.0,1.0,0.0,910.4019017438706,0.0,910.4019017438706
1668471977.4799254,0.045001,-2.9000000000001247e-05,-0.000109,-0.000112,1.0,0.0,910.4019017438706,0.0,910.4019017438706
1668472037.717075,0.045,-1.000000000001e-06,-2.7e-05,8.200000000000001e-05,0.0,1.0,0.0,20231.153372086013,910.4019017438706
1668472098.929212,0.044941,-5.899999999999656e-05,-8.4e-05,-5.7e-05,1.0,0.0,909.2082636949176,0.0,909.2082636949176
1668472158.5952487,0.045001,5.999999999999756e-05,9e-06,9.3e-05,0.0,1.0,0.0,20204.17910035149,909.2082636949176
1668472218.7274053,0.044856,-0.0001449999999999,-0.000244,-0.0002529999999999,1.0,0.0,906.2786577253664,0.0,906.2786577253664
1668472279.6672783,0.044699,-0.0001569999999999,-0.000401,-0.000157,1.0,0.0,906.2786577253664,0.0,906.2786577253664
1668472339.6489265,0.044883,0.0001839999999999,-0.000339,6.199999999999999e-05,0.0,1.0,0.0,20192.02499221011,906.2786577253664
1668472399.4804108,0.044876,-7.000000000000062e-06,-0.000346,-7.000000000000008e-06,1.0,0.0,906.1373135504208,0.0,906.1373135504208
1668472461.072837,0.045095,0.000219,5e-06,0.000351,0.0,1.0,0.0,20093.96415457192,906.1373135504208
1668472520.374689,0.045072,-2.3000000000002185e-05,-1.8e-05,-2.3e-05,1.0,0.0,905.6751523748655,0.0,905.6751523748655
1668472580.7423987,0.044883,-0.000189,-0.000118,-0.0001,1.0,0.0,905.6751523748655,0.0,905.6751523748655
1668472641.5890677,0.044889,5.999999999999062e-06,-0.000112,5.999999999999997e-06,0.0,1.0,0.0,20175.8816720102,905.6751523748655
1668472701.6487803,0.044866,-2.2999999999995246e-05,-0.000135,-2.3000000000000003e-05,1.0,0.0,905.2111070964096,0.0,905.2111070964096
1668472761.3220413,0.044977,0.0001109999999999,3.6e-05,0.000171,0.0,1.0,0.0,20126.08904765568,905.2111070964096
1668472822.4407966,0.045045,6.799999999999862e-05,0.000179,0.0001429999999999,0.0,1.0,0.0,20126.08904765568,906.5796811516502
1668472881.986378,0.044979,-6.600000000000356e-05,0.000147,-3.199999999999999e-05,1.0,0.0,905.2513592745048,0.0,905.2513592745048
1668472942.4548233,0.044851,-0.0001279999999999,8.5e-05,-6.199999999999999e-05,1.0,0.0,905.2513592745048,0.0,905.2513592745048
1668473002.758726,0.044907,5.6000000000000494e-05,0.000141,5.6000000000000006e-05,0.0,1.0,0.0,20158.35747822177,905.2513592745048
1668473062.7175138,0.045002,9.499999999999786e-05,0.000126,-1.5000000000000012e-05,1.0,0.0,907.166403234936,0.0,907.166403234936
1668473123.0606384,0.045041,3.899999999999737e-05,-2.8e-05,-0.000154,1.0,0.0,907.166403234936,0.0,907.166403234936
1668473183.2800045,0.044906,-0.0001349999999999,-0.000166,-0.000138,1.0,0.0,907.166403234936,0.0,907.166403234936
1668473242.673702,0.044906,0.0,-0.000166,0.0,1.0,0.0,907.166403234936,0.0,907.166403234936
1668473302.6875825,0.044906,0.0,-0.000166,0.0,1.0,0.0,907.166403234936,0.0,907.166403234936
1668473363.5979524,0.044913,7.000000000000062e-06,4.7e-05,0.000213,0.0,1.0,0.0,20198.30345857404,907.166403234936
1668473422.7385695,0.0449,-1.2999999999999123e-05,-7.7e-05,-0.000124,1.0,0.0,906.9038252899744,0.0,906.9038252899744
1668473482.7785218,0.044925,2.4999999999997247e-05,-0.000151,-7.400000000000001e-05,1.0,0.0,906.9038252899744,0.0,906.9038252899744
1668473542.9001565,0.044909,-1.6000000000002124e-05,-0.000167,-1.5999999999999982e-05,1.0,0.0,906.9038252899744,0.0,906.9038252899744
1668473603.5460231,0.045013,0.0001039999999999,8.9e-05,0.000256,0.0,1.0,0.0,20147.59792259957,906.9038252899744
1668473662.6738238,0.045079,6.600000000000356e-05,0.000276,0.000187,0.0,1.0,0.0,20147.59792259957,908.233566752866
1668473722.7274077,0.045088,9.000000000002062e-06,0.000181,-9.499999999999998e-05,1.0,0.0,908.4148951341696,0.0,908.4148951341696
1668473782.644572,0.045168,7.999999999999674e-05,0.000166,-1.5000000000000012e-05,1.0,0.0,908.4148951341696,0.0,908.4148951341696
1668473842.7627857,0.045221,5.299999999999749e-05,0.000219,5.3000000000000014e-05,0.0,1.0,0.0,20088.341592051693,908.4148951341696
1668473902.663875,0.045283,6.199999999999956e-05,0.000242,2.299999999999999e-05,0.0,1.0,0.0,20088.341592051693,909.6603723128768
1668473962.8099751,0.045365,8.200000000000568e-05,0.000459,0.000217,0.0,1.0,0.0,20088.341592051693,911.3076163234252
1668474022.7695549,0.045246,-0.000119,0.00034,-0.0001189999999999,1.0,0.0,908.9171036739708,0.0,908.9171036739708
1668474083.26565,0.045376,0.0001299999999999,0.000467,0.000127,0.0,1.0,0.0,20030.789485057536,908.9171036739708
1668474142.8221607,0.04537,-5.999999999999062e-06,0.000431,-3.600000000000001e-05,1.0,0.0,908.7969189370604,0.0,908.7969189370604
1668474202.910728,0.045391,2.1000000000000185e-05,0.000482,5.099999999999999e-05,0.0,1.0,0.0,20021.52230479744,908.7969189370604
1668474262.9185145,0.0453,-9.10000000000008e-05,0.000391,-9.1e-05,1.0,0.0,906.974960407324,0.0,906.974960407324
1668474322.6806576,0.045338,3.800000000000331e-05,0.000259,-0.000132,1.0,0.0,906.974960407324,0.0,906.974960407324
1668474382.7419655,0.045338,0.0,0.000259,0.0,1.0,0.0,906.974960407324,0.0,906.974960407324
1668474442.6349692,0.045338,0.0,0.00016,-9.9e-05,1.0,0.0,906.974960407324,0.0,906.974960407324
1668474502.6280978,0.045338,0.0,0.00016,0.0,1.0,0.0,906.974960407324,0.0,906.974960407324
1668474562.8341117,0.045221,-0.000117,-0.000163,-0.000323,1.0,0.0,906.974960407324,0.0,906.974960407324
1668474622.8299038,0.045211,-9.999999999996125e-06,-7.4e-05,8.900000000000001e-05,0.0,1.0,0.0,20060.93562202393,906.974960407324
1668474682.814474,0.045211,0.0,-0.000155,-8.1e-05,1.0,0.0,906.974960407324,0.0,906.974960407324
1668474742.8427377,0.045249,3.799999999999637e-05,-0.000117,3.8e-05,0.0,1.0,0.0,20044.08849714522,906.974960407324
1668474802.9633207,0.045249,0.0,-0.000117,0.0,0.0,1.0,0.0,20044.08849714522,906.974960407324
1668474862.9117756,0.04532,7.100000000000162e-05,-4.3e-05,7.4e-05,0.0,1.0,0.0,20044.08849714522,908.3980906906214
1668474922.9873476,0.045225,-9.499999999999786e-05,-0.000257,-0.000214,1.0,0.0,906.4939022833928,0.0,906.4939022833928
1668474982.959968,0.04529,6.499999999999562e-05,-0.000192,6.500000000000001e-05,0.0,1.0,0.0,20015.32131338911,906.4939022833928
1668475042.865532,0.045262,-2.8000000000000247e-05,-7.6e-05,0.000116,0.0,1.0,0.0,20015.32131338911,905.933473286618
1668475102.8019843,0.04512,-0.0001419999999999,-0.000218,-0.000142,1.0,0.0,903.0912976601168,0.0,903.0912976601168
1668475162.7730253,0.045115,-4.9999999999980616e-06,-0.000223,-4.999999999999986e-06,1.0,0.0,903.0912976601168,0.0,903.0912976601168
1668475222.9931052,0.045154,3.899999999999737e-05,-0.000109,0.0001139999999999,0.0,1.0,0.0,20000.250202863903,903.0912976601168
1668475282.792587,0.045,-0.000154,-0.000146,-3.699999999999999e-05,1.0,0.0,900.0112591288756,0.0,900.0112591288756
1668475342.8294704,0.045063,6.300000000000056e-05,-8.3e-05,6.3e-05,0.0,1.0,0.0,19972.28899826633,900.0112591288756
1668475402.785463,0.04511,4.699999999999843e-05,-0.000139,-5.599999999999999e-05,1.0,0.0,900.949956711794,0.0,900.949956711794
1668475463.2394223,0.045013,-9.699999999999986e-05,-0.000297,-0.000158,1.0,0.0,900.949956711794,0.0,900.949956711794
1668475522.7497966,0.044968,-4.499999999999643e-05,-0.000342,-4.500000000000001e-05,1.0,0.0,900.949956711794,0.0,900.949956711794
1668475582.864802,0.04484,-0.000128,-0.000464,-0.0001219999999999,1.0,0.0,900.949956711794,0.0,900.949956711794
1668475642.746142,0.044917,7.700000000000068e-05,-0.00013,0.000334,0.0,1.0,0.0,20058.10621171926,900.949956711794
1668475702.868597,0.04489,-2.6999999999999247e-05,-0.000217,-8.7e-05,1.0,0.0,900.4083878440775,0.0,900.4083878440775
1668475762.8488348,0.044842,-4.799999999999943e-05,-0.000265,-4.8e-05,1.0,0.0,900.4083878440775,0.0,900.4083878440775
1668475822.7889764,0.044842,0.0,-0.000224,4.1e-05,0.0,1.0,0.0,20079.576911022647,900.4083878440775
1668475882.8023677,0.04484,-2.000000000002e-06,-0.000184,4e-05,0.0,1.0,0.0,20079.576911022647,900.3682286902555
1668475943.551057,0.044975,0.000135,-8.8e-05,9.6e-05,0.0,1.0,0.0,20079.576911022647,903.0789715732436
1668476002.972086,0.04484,-0.000135,-0.00022,-0.000132,1.0,0.0,900.3682286902555,0.0,900.3682286902555
1668476062.7735293,0.044814,-2.5999999999998247e-05,-0.000246,-2.600000000000001e-05,1.0,0.0,900.3682286902555,0.0,900.3682286902555
1668476122.7379177,0.044747,-6.699999999999762e-05,-0.000313,-6.7e-05,1.0,0.0,900.3682286902555,0.0,900.3682286902555
1668476183.966441,0.04481,6.300000000000056e-05,-0.000203,0.00011,0.0,1.0,0.0,20093.020055573656,900.3682286902556
1668476242.7370691,0.04481,0.0,-0.000203,0.0,0.0,1.0,0.0,20093.020055573656,900.3682286902556
1668476302.9151144,0.044905,9.499999999999786e-05,-1.9e-05,0.000184,0.0,1.0,0.0,20093.020055573656,902.277065595535
1668476362.8478806,0.044842,-6.300000000000056e-05,-2.6e-05,-6.999999999999997e-06,1.0,0.0,901.011205332034,0.0,901.011205332034
1668476423.8186438,0.0448,-4.200000000000037e-05,-6.8e-05,-4.2e-05,1.0,0.0,901.011205332034,0.0,901.011205332034
1668476482.786117,0.044799,-1.000000000001e-06,-4.1e-05,2.7e-05,0.0,1.0,0.0,20112.30619728195,901.011205332034
1668476542.8115468,0.04475,-4.900000000000043e-05,-0.00014,-9.9e-05,1.0,0.0,900.0257023283672,0.0,900.0257023283672
1668476602.8915403,0.044778,2.8000000000000247e-05,-0.000112,2.799999999999999e-05,0.0,1.0,0.0,20099.729830014006,900.0257023283672
1668476662.7927265,0.044636,-0.0001419999999999,-0.000206,-9.4e-05,1.0,0.0,897.1715406925052,0.0,897.1715406925052
1668476722.835358,0.04455,-8.600000000000274e-05,-0.0003,-9.399999999999998e-05,1.0,0.0,897.1715406925052,0.0,897.1715406925052
1668476782.740486,0.044693,0.0001429999999999,-0.000274,2.599999999999998e-05,0.0,1.0,0.0,20074.09528768499,897.1715406925052
1668476842.749472,0.044575,-0.000118,-0.000172,0.0001019999999999,0.0,1.0,0.0,20074.09528768499,894.8027974485584
1668476903.9631712,0.044377,-0.0001979999999999,-0.000433,-0.000261,1.0,0.0,890.8281265815968,0.0,890.8281265815968
1668476963.0554612,0.044091,-0.000286,-0.000814,-0.000381,1.0,0.0,890.8281265815968,0.0,890.8281265815968
1668477023.1757605,0.044191,0.0001,-0.000609,0.000205,0.0,1.0,0.0,20158.58719154572,890.8281265815968
1668477082.8062942,0.044442,0.000251,-0.000358,0.000251,0.0,1.0,0.0,20158.58719154572,895.887931966675
1668477143.019024,0.04455,0.0001079999999999,-0.000238,0.0001199999999999,0.0,1.0,0.0,20158.58719154572,898.0650593833618
1668477202.8410263,0.044464,-8.600000000000274e-05,-0.000324,-8.6e-05,1.0,0.0,896.3314208848889,0.0,896.3314208848889
1668477262.9287827,0.044459,-4.9999999999980616e-06,-0.000234,9.000000000000002e-05,0.0,1.0,0.0,20160.854290129984,896.331420884889
1668477322.9196577,0.044328,-0.0001309999999999,-0.000401,-0.000167,1.0,0.0,893.6903489728819,0.0,893.6903489728819
1668477383.7848492,0.044317,-1.0999999999997123e-05,-0.000307,9.4e-05,0.0,1.0,0.0,20165.85845099808,893.6903489728819
1668477442.928392,0.0444,8.299999999999974e-05,-5.6e-05,0.000251,0.0,1.0,0.0,20165.85845099808,895.3641152243148
1668477502.872277,0.044492,9.199999999999486e-05,0.000423,0.000479,0.0,1.0,0.0,20165.85845099808,897.2193742018064
1668477562.8748906,0.044487,-4.9999999999980616e-06,0.00031,-0.0001129999999999,1.0,0.0,897.1185449095515,0.0,897.1185449095515
1668477627.321647,0.044507,1.9999999999999185e-05,0.00033,2e-05,0.0,1.0,0.0,20156.796569293627,897.1185449095514
1668477685.9908226,0.044533,2.6000000000005186e-05,1.8e-05,-0.000312,1.0,0.0,897.6426216203531,0.0,897.6426216203531
1668477819.7426538,0.044502,-3.100000000000325e-05,3.8e-05,2e-05,0.0,1.0,0.0,20170.837751569663,897.6426216203531
1668477822.0195527,0.044502,0.0,3.8e-05,0.0,0.0,1.0,0.0,20170.837751569663,897.6426216203531
1668477866.8252103,0.044396,-0.000106,7.2e-05,3.4e-05,0.0,1.0,0.0,20170.837751569663,895.5045128186867
1668477927.4028273,0.044356,-3.999999999999837e-05,2.4e-05,-4.8e-05,1.0,0.0,894.697679308624,0.0,894.697679308624
1668477986.6288488,0.04444,8.400000000000074e-05,0.000108,8.4e-05,0.0,1.0,0.0,20132.7110555496,894.697679308624
1668478046.5937154,0.044372,-6.799999999999862e-05,-2e-05,-0.000128,1.0,0.0,893.3286549568468,0.0,893.3286549568468
1668478106.7971706,0.044283,-8.89999999999988e-05,-0.00026,-0.0002399999999999,1.0,0.0,893.3286549568468,0.0,893.3286549568468
1668478166.834859,0.0444,0.0001169999999999,-0.000109,0.0001509999999999,0.0,1.0,0.0,20120.01475128033,893.3286549568467
1668478226.701965,0.04432,-8.000000000000368e-05,-0.000189,-8e-05,1.0,0.0,891.7190537767442,0.0,891.7190537767442
1668478286.7092755,0.044282,-3.799999999999637e-05,-0.000227,-3.7999999999999975e-05,1.0,0.0,891.7190537767442,0.0,891.7190537767442
1668478346.8409357,0.044282,0.0,-0.000227,0.0,1.0,0.0,891.7190537767442,0.0,891.7190537767442
1668478407.5123286,0.044271,-1.1000000000004062e-05,-0.000281,-5.400000000000001e-05,1.0,0.0,891.7190537767442,0.0,891.7190537767442
1668478466.846899,0.044281,1.0000000000003062e-05,-0.000271,1.0000000000000026e-05,0.0,1.0,0.0,20137.73523128981,891.7190537767441
1668478526.7967262,0.04417,-0.0001109999999999,-0.000287,-1.600000000000001e-05,1.0,0.0,889.483765166071,0.0,889.483765166071
1668478586.7738326,0.044193,2.3000000000002185e-05,-0.000189,9.799999999999996e-05,0.0,1.0,0.0,20127.25465947256,889.483765166071
1668478646.88108,0.044335,0.0001419999999999,-9.2e-05,9.7e-05,0.0,1.0,0.0,20127.25465947256,892.341835327716
1668478706.7459168,0.044373,3.800000000000331e-05,1.3e-05,0.000105,0.0,1.0,0.0,20127.25465947256,893.106671004776
1668478766.799954,0.0443,-7.300000000000362e-05,-6e-05,-7.3e-05,1.0,0.0,891.6373814146344,0.0,891.6373814146344
1668478826.868675,0.044241,-5.899999999999656e-05,-0.000123,-6.300000000000001e-05,1.0,0.0,891.6373814146344,0.0,891.6373814146344
1668478886.6518478,0.04428,3.899999999999737e-05,-2e-06,0.000121,0.0,1.0,0.0,20136.34556040277,891.6373814146344
1668478946.8672132,0.044259,-2.1000000000000185e-05,-2.3e-05,-2.1e-05,1.0,0.0,891.2145181578662,0.0,891.2145181578662
1668479006.7757895,0.044304,4.500000000000337e-05,2.2e-05,4.5e-05,0.0,1.0,0.0,20115.89288005296,891.2145181578663
1668479067.012677,0.044304,0.0,2.2e-05,0.0,0.0,1.0,0.0,20115.89288005296,891.2145181578665
1668479126.7647588,0.044232,-7.200000000000262e-05,-2.9e-05,-5.1e-05,1.0,0.0,889.7661738705026,0.0,889.7661738705026
1668479186.6934986,0.044299,6.699999999999762e-05,7e-05,9.9e-05,0.0,1.0,0.0,20085.468608106337,889.7661738705026
1668479246.7633429,0.044299,0.0,7e-05,0.0,0.0,1.0,0.0,20085.468608106337,889.7661738705026
1668479307.028879,0.044299,0.0,7e-05,0.0,0.0,1.0,0.0,20085.468608106337,889.7661738705026
1668479366.9647768,0.044323,2.4000000000003185e-05,0.000132,6.200000000000002e-05,0.0,1.0,0.0,20085.468608106337,890.2482251170973
1668479426.8006191,0.044379,5.6000000000000494e-05,0.000188,5.599999999999998e-05,0.0,1.0,0.0,20085.468608106337,891.3730113591512
1668479486.7097633,0.044406,2.6999999999999247e-05,0.000197,9.000000000000002e-06,0.0,1.0,0.0,20085.468608106337,891.9153190115701
1668479546.9289134,0.04424,-0.0001659999999999,-6e-05,-0.000257,1.0,0.0,888.5811312226244,0.0,888.5811312226244
1668479606.9862585,0.044238,-2.000000000002e-06,-6.2e-05,-2.000000000000001e-06,1.0,0.0,888.5811312226244,0.0,888.5811312226244
1668479666.8444245,0.044209,-2.9000000000001247e-05,1.3e-05,7.500000000000001e-05,0.0,1.0,0.0,20099.552833645288,888.5811312226245
1668479727.372839,0.044209,0.0,1.3e-05,0.0,0.0,1.0,0.0,20099.552833645288,888.5811312226245
1668479787.366828,0.044272,6.300000000000056e-05,-2.8e-05,-4.1e-05,1.0,0.0,889.8474030511442,0.0,889.8474030511442
1668479847.3586972,0.04423,-4.200000000000037e-05,-7.4e-05,-4.599999999999999e-05,1.0,0.0,889.8474030511442,0.0,889.8474030511442
1668479908.1322317,0.044081,-0.0001489999999999,-0.000204,-0.00013,1.0,0.0,889.8474030511442,0.0,889.8474030511442
1668479968.204496,0.044124,4.299999999999443e-05,-0.000161,4.299999999999999e-05,0.0,1.0,0.0,20166.97042541801,889.8474030511443
1668480028.2847595,0.044133,9.000000000002062e-06,-0.000166,-4.999999999999986e-06,1.0,0.0,890.0289057849731,0.0,890.0289057849731
1668480088.906386,0.044106,-2.6999999999999247e-05,-0.000274,-0.000108,1.0,0.0,890.0289057849731,0.0,890.0289057849731
1668480148.9737067,0.044106,0.0,-0.000245,2.9e-05,0.0,1.0,0.0,20179.31587051587,890.028905784973
1668480208.9929092,0.044082,-2.3999999999996247e-05,-0.000156,8.9e-05,0.0,1.0,0.0,20179.31587051587,889.5446022040807
1668480269.9330895,0.044016,-6.600000000000356e-05,-0.000222,-6.6e-05,1.0,0.0,888.2127673566266,0.0,888.2127673566266
1668480329.8506207,0.044054,3.800000000000331e-05,-0.000155,6.7e-05,0.0,1.0,0.0,20161.909641726663,888.2127673566266
1668480389.9148183,0.044113,5.899999999999656e-05,-0.000159,-3.999999999999989e-06,1.0,0.0,889.4023200254883,0.0,889.4023200254883
1668480450.587414,0.04415,3.700000000000231e-05,-0.000159,0.0,1.0,0.0,889.4023200254883,0.0,889.4023200254883
1668480510.6634743,0.044145,-5.000000000005e-06,6.4e-05,0.000223,0.0,1.0,0.0,20147.294597927023,889.4023200254884
1668480570.6305034,0.044139,-5.999999999999062e-06,4.5e-05,-1.9e-05,1.0,0.0,889.2814362579009,0.0,889.2814362579009
1668480631.7479925,0.044264,0.000125,0.00017,0.000125,0.0,1.0,0.0,20090.39933711144,889.2814362579007
1668480691.2301846,0.044183,-8.099999999999774e-05,5e-05,-0.00012,1.0,0.0,887.6541139115948,0.0,887.6541139115948
1668480751.3148742,0.044136,-4.699999999999843e-05,3e-05,-2e-05,1.0,0.0,887.6541139115948,0.0,887.6541139115948
1668480812.2850635,0.04413,-5.999999999999062e-06,2.4e-05,-6e-06,1.0,0.0,887.6541139115948,0.0,887.6541139115948
1668480872.6935422,0.044136,5.999999999999062e-06,5.3e-05,2.9e-05,0.0,1.0,0.0,20111.793409271224,887.6541139115948
1668480933.9173756,0.044164,2.8000000000000247e-05,8.1e-05,2.8000000000000003e-05,0.0,1.0,0.0,20111.793409271224,888.2172441270544
1668480993.3487437,0.044164,0.0,0.000164,8.3e-05,0.0,1.0,0.0,20111.793409271224,888.2172441270544
1668481053.196516,0.044164,0.0,4.8e-05,-0.000116,1.0,0.0,888.2172441270544,0.0,888.2172441270544
1668481113.4572349,0.04419,2.5999999999998247e-05,7.6e-05,2.8000000000000003e-05,0.0,1.0,0.0,20099.960265378013,888.2172441270544
1668481173.9459462,0.044237,4.699999999999843e-05,0.000123,4.7e-05,0.0,1.0,0.0,20099.960265378013,889.1619422595271
1668481234.1773217,0.044215,-2.2000000000001185e-05,0.000101,-2.200000000000001e-05,1.0,0.0,888.7197431336888,0.0,888.7197431336888
1668481294.042236,0.044223,8.000000000001062e-06,7.3e-05,-2.8000000000000003e-05,1.0,0.0,888.7197431336888,0.0,888.7197431336888
1668481354.803043,0.044162,-6.099999999999856e-05,-0.000102,-0.000175,1.0,0.0,888.7197431336888,0.0,888.7197431336888
1668481414.789825,0.044047,-0.0001149999999999,-0.000146,-4.4e-05,1.0,0.0,888.7197431336888,0.0,888.7197431336888
1668481474.7370749,0.044006,-4.099999999999937e-05,-0.000124,2.2e-05,0.0,1.0,0.0,20195.422059121225,888.7197431336887
1668481535.6302123,0.0439,-0.000106,-0.000236,-0.0001119999999999,1.0,0.0,886.5790283954218,0.0,886.5790283954218
1668481595.7385228,0.043924,2.3999999999996247e-05,-0.00024,-4.000000000000016e-06,1.0,0.0,886.5790283954218,0.0,886.5790283954218
1668481655.7090068,0.043791,-0.000133,-0.000373,-0.000133,1.0,0.0,886.5790283954218,0.0,886.5790283954218
1668481716.4706192,0.043899,0.000108,-0.000265,0.000108,0.0,1.0,0.0,20195.88210199371,886.5790283954219
1668481776.5278547,0.0438,-9.900000000000186e-05,-0.000363,-9.8e-05,1.0,0.0,884.5796360673245,0.0,884.5796360673245
1668481836.4274814,0.043791,-9.000000000002062e-06,-0.000424,-6.100000000000002e-05,1.0,0.0,884.5796360673245,0.0,884.5796360673245
1668481897.117973,0.04385,5.900000000000349e-05,-0.000365,5.9000000000000025e-05,0.0,1.0,0.0,20172.85373015563,884.5796360673245
1668481957.193414,0.043934,8.400000000000074e-05,-0.000245,0.0001199999999999,0.0,1.0,0.0,20172.85373015563,886.2741557806576
1668482017.183043,0.043946,1.1999999999998123e-05,-0.000233,1.1999999999999994e-05,0.0,1.0,0.0,20172.85373015563,886.5162300254194
1668482078.2210937,0.04385,-9.599999999999886e-05,-0.00015,8.300000000000001e-05,0.0,1.0,0.0,20172.85373015563,884.5796360673245
1668482138.0914228,0.043847,-3.0000000000030003e-06,-0.000153,-3.0000000000000187e-06,1.0,0.0,884.519117506134,0.0,884.519117506134
1668482198.1573184,0.04385,3.0000000000030003e-06,-0.000158,-4.999999999999986e-06,1.0,0.0,884.519117506134,0.0,884.519117506134
1668482258.8815615,0.043851,1.000000000001e-06,-1.4e-05,0.000144,0.0,1.0,0.0,20171.01360302237,884.519117506134
1668482318.9646516,0.043821,-3.0000000000002247e-05,-4.4e-05,-3e-05,1.0,0.0,883.9139870980432,0.0,883.9139870980432
1668482379.4308505,0.043791,-3.0000000000002247e-05,-7.9e-05,-3.5e-05,1.0,0.0,883.9139870980432,0.0,883.9139870980432
1668482439.749134,0.043836,4.500000000000337e-05,4.5e-05,0.000124,0.0,1.0,0.0,20164.11139469941,883.9139870980432
1668482499.8501835,0.043836,0.0,4.5e-05,0.0,0.0,1.0,0.0,20164.11139469941,883.9139870980432
1668482559.7532518,0.044013,0.0001769999999999,0.000163,0.000118,0.0,1.0,0.0,20164.11139469941,887.483034814905
1668482620.7988017,0.0441,8.700000000000374e-05,0.000187,2.3999999999999987e-05,0.0,1.0,0.0,20164.11139469941,889.2373125062439
1668482680.4835453,0.044089,-1.0999999999997123e-05,0.000176,-1.0999999999999996e-05,1.0,0.0,889.0155072809023,0.0,889.0155072809023
1668482740.5474515,0.044089,0.0,0.000191,1.5000000000000012e-05,0.0,1.0,0.0,20164.11139469941,889.0155072809023
1668482801.584498,0.044044,-4.500000000000337e-05,0.000193,1.9999999999999944e-06,0.0,1.0,0.0,20164.11139469941,888.1081222681407
1668482861.7859082,0.044064,1.9999999999999185e-05,0.000243,5e-05,0.0,1.0,0.0,20164.11139469941,888.5114044960347
1668482921.6914184,0.044041,-2.3000000000002185e-05,0.000273,3.0000000000000024e-05,0.0,1.0,0.0,20164.11139469941,888.0476299339566
1668482982.311333,0.044005,-3.599999999999437e-05,0.000176,-9.700000000000004e-05,1.0,0.0,887.3217219237475,0.0,887.3217219237475
1668483042.2236686,0.044009,3.9999999999970615e-06,0.000173,-2.999999999999992e-06,1.0,0.0,887.3217219237475,0.0,887.3217219237475
1668483102.1768196,0.04396,-4.900000000000043e-05,-0.000107,-0.00028,1.0,0.0,887.3217219237475,0.0,887.3217219237475
1668483163.1016707,0.043958,-2.000000000002e-06,-7.7e-05,3e-05,0.0,1.0,0.0,20185.6709114097,887.3217219237475
1668483223.2005556,0.043874,-8.39999999999938e-05,-0.000215,-0.000138,1.0,0.0,885.6261255671892,0.0,885.6261255671892
1668483283.304196,0.04391,3.599999999999437e-05,-0.000185,3e-05,0.0,1.0,0.0,20169.121511436784,885.6261255671891
1668483343.5784044,0.043867,-4.299999999999443e-05,-0.000197,-1.1999999999999994e-05,1.0,0.0,884.7588533421974,0.0,884.7588533421974
1668483403.04864,0.043867,0.0,-0.000203,-6.00000000000001e-06,1.0,0.0,884.7588533421974,0.0,884.7588533421974
1668483463.0994887,0.04377,-9.699999999999986e-05,-0.000277,-7.400000000000001e-05,1.0,0.0,884.7588533421974,0.0,884.7588533421974
1668483524.4225526,0.04382,4.999999999999449e-05,-0.000221,5.6000000000000006e-05,0.0,1.0,0.0,20190.754298087573,884.7588533421974
1668483582.9051516,0.043864,4.400000000000237e-05,-8e-05,0.000141,0.0,1.0,0.0,20190.754298087573,885.6472465313133
1668483642.8654006,0.04387,5.999999999999062e-06,-0.000222,-0.0001419999999999,1.0,0.0,885.7683910571018,0.0,885.7683910571018
1668483703.0021684,0.043885,1.5000000000001124e-05,-7.3e-05,0.000149,0.0,1.0,0.0,20183.85304903957,885.7683910571018
1668483763.134854,0.043871,-1.4000000000000123e-05,-7.4e-05,-9.999999999999972e-07,1.0,0.0,885.485817114415,0.0,885.485817114415
1668483823.1513495,0.04382,-5.100000000000243e-05,-6.1e-05,1.2999999999999998e-05,0.0,1.0,0.0,20207.34406924726,885.485817114415
1668483883.0300338,0.04388,6.0000000000004494e-05,1.3e-05,7.4e-05,0.0,1.0,0.0,20207.34406924726,886.6982577585699
1668483943.0015285,0.04387,-1.0000000000003062e-05,3e-05,1.7e-05,0.0,1.0,0.0,20207.34406924726,886.4961843178774
1668484002.9300034,0.043798,-7.200000000000262e-05,-6.9e-05,-9.9e-05,1.0,0.0,885.0412555448914,0.0,885.0412555448914
1668484063.7250175,0.043753,-4.499999999999643e-05,-5e-05,1.9e-05,0.0,1.0,0.0,20228.12734086557,885.0412555448914
1668484122.9529157,0.043794,4.099999999999937e-05,-7e-05,-1.999999999999999e-05,1.0,0.0,885.8706087658667,0.0,885.8706087658667
1668484182.903144,0.043845,5.100000000000243e-05,-1.9e-05,5.099999999999999e-05,0.0,1.0,0.0,20204.598215665792,885.8706087658667
1668484243.0723054,0.043845,0.0,-1.9e-05,0.0,0.0,1.0,0.0,20204.598215665792,885.8706087658667
1668484303.0855193,0.043872,2.6999999999999247e-05,-1.9e-05,0.0,0.0,1.0,0.0,20204.598215665792,886.4161329176897
1668484363.0557635,0.043922,5.000000000000143e-05,0.000111,0.00013,0.0,1.0,0.0,20204.598215665792,887.426362828473
1668484422.900138,0.04404,0.000118,0.000149,3.799999999999999e-05,0.0,1.0,0.0,20204.598215665792,889.8105054179215
1668484483.1541488,0.043967,-7.300000000000362e-05,9.8e-05,-5.099999999999999e-05,1.0,0.0,888.3355697481778,0.0,888.3355697481778
1668484543.418371,0.044044,7.700000000000068e-05,0.000164,6.6e-05,0.0,1.0,0.0,20169.27549151253,888.3355697481778
1668484603.0390112,0.043955,-8.89999999999988e-05,7.5e-05,-8.900000000000001e-05,1.0,0.0,886.5405042294333,0.0,886.5405042294333
1668484662.9383552,0.044014,5.899999999999656e-05,0.000144,6.900000000000001e-05,0.0,1.0,0.0,20142.23892919147,886.5405042294333
1668484723.163713,0.044014,0.0,0.000144,0.0,0.0,1.0,0.0,20142.23892919147,886.5405042294333
1668484783.114294,0.043915,-9.899999999999493e-05,0.000247,0.0001029999999999,0.0,1.0,0.0,20142.23892919147,884.5464225754434
1668484842.8913963,0.04393,1.4999999999994185e-05,0.000132,-0.0001149999999999,1.0,0.0,884.8485561593812,0.0,884.8485561593812
1668484902.8924751,0.043882,-4.799999999999943e-05,9.4e-05,-3.8000000000000016e-05,1.0,0.0,884.8485561593812,0.0,884.8485561593812
1668484962.9992616,0.04402,0.0001379999999999,0.000175,8.1e-05,0.0,1.0,0.0,20101.05761379785,884.8485561593812
1668485023.0903492,0.044004,-1.5999999999995185e-05,0.000159,-1.600000000000001e-05,1.0,0.0,884.5269392375606,0.0,884.5269392375606
1668485083.159956,0.044081,7.700000000000068e-05,0.0002,4.100000000000002e-05,0.0,1.0,0.0,20065.945401364774,884.5269392375607
1668485143.135599,0.04411,2.9000000000001247e-05,5.1e-05,-0.000149,1.0,0.0,885.1088516542002,0.0,885.1088516542002
1668485203.132767,0.044028,-8.200000000000568e-05,6.4e-05,1.2999999999999998e-05,0.0,1.0,0.0,20103.31724480331,885.1088516542002
1668485263.0956004,0.044045,1.7000000000003124e-05,8.1e-05,1.7000000000000007e-05,0.0,1.0,0.0,20103.31724480331,885.4506080473618
1668485323.095468,0.044007,-3.800000000000331e-05,5.2e-05,-2.9000000000000007e-05,1.0,0.0,884.6866819920592,0.0,884.6866819920592
1668485382.9537945,0.044006,-9.999999999940612e-07,5.1e-05,-9.999999999999972e-07,1.0,0.0,884.6866819920592,0.0,884.6866819920592
1668485442.96326,0.044006,0.0,-8e-06,-5.9e-05,1.0,0.0,884.6866819920592,0.0,884.6866819920592
1668485503.0908742,0.04393,-7.600000000000662e-05,1.5e-05,2.3e-05,0.0,1.0,0.0,20138.554108628712,884.6866819920592
1668485563.16327,0.043902,-2.8000000000000247e-05,-2.8e-05,-4.3e-05,1.0,0.0,884.1228024770177,0.0,884.1228024770177
1668485622.9975522,0.043979,7.700000000000068e-05,4.9e-05,7.7e-05,0.0,1.0,0.0,20103.294810637297,884.1228024770177
1668485683.1590662,0.044039,6.0000000000004494e-05,3.5e-05,-1.4e-05,1.0,0.0,885.329000165656,0.0,885.329000165656
1668485743.3632448,0.043979,-6.0000000000004494e-05,-2.5e-05,-6e-05,1.0,0.0,885.329000165656,0.0,885.329000165656
1668485803.212716,0.043959,-1.9999999999999185e-05,-0.000182,-0.000157,1.0,0.0,885.329000165656,0.0,885.329000165656
1668485863.0942554,0.04401,5.100000000000243e-05,-1.8e-05,0.000164,0.0,1.0,0.0,20116.54169883336,885.329000165656
1668485923.9425533,0.044039,2.9000000000001247e-05,1.1e-05,2.9e-05,0.0,1.0,0.0,20116.54169883336,885.9123798749224
1668485982.9379358,0.044118,7.899999999999574e-05,7.3e-05,6.2e-05,0.0,1.0,0.0,20116.54169883336,887.5015866691301
1668486042.9471126,0.044119,1.000000000001e-06,0.000113,4e-05,0.0,1.0,0.0,20116.54169883336,887.521703210829
1668486103.0654318,0.04415,3.100000000000325e-05,0.00025,0.000137,0.0,1.0,0.0,20116.54169883336,888.1453160034929
1668486162.9627244,0.04415,0.0,0.000201,-4.9e-05,1.0,0.0,888.1453160034929,0.0,888.1453160034929
1668486222.984753,0.0443,0.0001499999999999,0.000321,0.0001199999999999,0.0,1.0,0.0,20048.42699782151,888.1453160034928
1668486283.1363778,0.04432,1.9999999999999185e-05,0.000281,-4e-05,1.0,0.0,888.5462845434492,0.0,888.5462845434492
1668486343.2281294,0.044318,-1.9999999999950613e-06,0.000396,0.0001149999999999,0.0,1.0,0.0,20049.33175105937,888.5462845434492
1668486403.4800797,0.044224,-9.40000000000038e-05,0.000265,-0.0001309999999999,1.0,0.0,886.6616473588496,0.0,886.6616473588496
1668486463.2015753,0.044118,-0.000106,7.9e-05,-0.000186,1.0,0.0,886.6616473588496,0.0,886.6616473588496
1668486523.1908128,0.04418,6.199999999999956e-05,6e-05,-1.9e-05,1.0,0.0,886.6616473588496,0.0,886.6616473588496
1668486583.0043485,0.044224,4.400000000000237e-05,0.000105,4.5e-05,0.0,1.0,0.0,20049.33175105937,886.6616473588496
1668486643.2576437,0.044275,5.100000000000243e-05,0.000196,9.1e-05,0.0,1.0,0.0,20049.33175105937,887.6841632781536
1668486703.392493,0.044231,-4.400000000000237e-05,0.000152,-4.399999999999999e-05,1.0,0.0,886.801992681107,0.0,886.801992681107
1668486763.2989912,0.044221,-9.999999999996125e-06,-7.9e-05,-0.000231,1.0,0.0,886.801992681107,0.0,886.801992681107
1668486823.2168474,0.044221,0.0,-7.9e-05,0.0,1.0,0.0,886.801992681107,0.0,886.801992681107
1668486883.0715294,0.044221,0.0,-2.8e-05,5.099999999999999e-05,0.0,1.0,0.0,20053.86564485441,886.8019926811069
1668486943.2198567,0.044215,-6.0000000000060005e-06,-3.2e-05,-3.999999999999999e-06,1.0,0.0,886.6816694872376,0.0,886.6816694872376
1668487003.0647805,0.044192,-2.2999999999995246e-05,-0.000123,-9.100000000000002e-05,1.0,0.0,886.6816694872376,0.0,886.6816694872376
1668487063.447753,0.044213,2.1000000000000185e-05,-0.000102,2.100000000000001e-05,0.0,1.0,0.0,20054.772792781256,886.6816694872377
1668487123.3390803,0.044195,-1.8000000000004124e-05,-2.9e-05,7.3e-05,0.0,1.0,0.0,20054.772792781256,886.3206835769676
1668487183.4728568,0.044239,4.400000000000237e-05,0.000121,0.00015,0.0,1.0,0.0,20054.772792781256,887.20309357985
1668487243.936333,0.0442,-3.899999999999737e-05,2e-05,-0.000101,1.0,0.0,886.4209574409316,0.0,886.4209574409316
1668487303.4572794,0.04423,2.9999999999995308e-05,-0.000113,-0.000133,1.0,0.0,886.4209574409316,0.0,886.4209574409316
1668487363.038538,0.044215,-1.5000000000001124e-05,-1.6e-05,9.7e-05,0.0,1.0,0.0,20047.969183329904,886.4209574409316
1668487423.4946144,0.044222,7.000000000000062e-06,-2.4e-05,-8.000000000000001e-06,1.0,0.0,886.561293225215,0.0,886.561293225215
1668487483.2284198,0.0442,-2.1999999999994246e-05,-4.6e-05,-2.2e-05,1.0,0.0,886.561293225215,0.0,886.561293225215
1668487543.4407983,0.04426,5.999999999999756e-05,3.9e-05,8.5e-05,0.0,1.0,0.0,20030.756738030163,886.561293225215
1668487603.5799468,0.044317,5.700000000000149e-05,9.6e-05,5.7e-05,0.0,1.0,0.0,20030.756738030163,887.7030463592828
1668487664.4004538,0.044253,-6.400000000000156e-05,1e-06,-9.5e-05,1.0,0.0,886.4210779280488,0.0,886.4210779280488
1668487723.134594,0.04434,8.69999999999968e-05,0.000105,0.000104,0.0,1.0,0.0,19991.4541706822,886.4210779280488
1668487783.5192816,0.044286,-5.3999999999998494e-05,5.1e-05,-5.4000000000000005e-05,1.0,0.0,885.3415394028318,0.0,885.3415394028318
1668487843.231242,0.04428,-5.999999999999062e-06,6.7e-05,1.6000000000000003e-05,0.0,1.0,0.0,19994.163039811017,885.3415394028318
1668487903.205979,0.04428,0.0,0.000113,4.599999999999999e-05,0.0,1.0,0.0,19994.163039811017,885.3415394028318
1668487963.1984336,0.044264,-1.6000000000002124e-05,-4.1e-05,-0.000154,1.0,0.0,885.0216327941948,0.0,885.0216327941948
1668488023.3731427,0.044264,0.0,-4.1e-05,0.0,1.0,0.0,885.0216327941948,0.0,885.0216327941948
1668488083.7363253,0.04426,-3.9999999999970615e-06,6.1e-05,0.000102,0.0,1.0,0.0,19995.970013425096,885.0216327941947
1668488143.5767467,0.044289,2.9000000000001247e-05,9e-05,2.9000000000000007e-05,0.0,1.0,0.0,19995.970013425096,885.6015159245841
1668488203.6741004,0.044289,0.0,9e-05,0.0,0.0,1.0,0.0,19995.970013425096,885.6015159245841
1668488263.3403451,0.04437,8.099999999999774e-05,0.000156,6.599999999999999e-05,0.0,1.0,0.0,19995.970013425096,887.2211894956715
1668488323.4112782,0.04436,-1.0000000000003062e-05,0.00016,4.000000000000016e-06,0.0,1.0,0.0,19995.970013425096,887.0212297955372
1668488383.2974796,0.044284,-7.599999999999968e-05,-3.3e-05,-0.000193,1.0,0.0,885.5015360745169,0.0,885.5015360745169
1668488443.245013,0.044289,5.000000000005e-06,1e-06,3.4e-05,0.0,1.0,0.0,19993.712571395085,885.5015360745169
1668488503.151717,0.044311,2.2000000000001185e-05,2.5e-05,2.4e-05,0.0,1.0,0.0,19993.712571395085,885.9413977510876
1668488563.2247918,0.044276,-3.500000000000031e-05,-1e-05,-3.5000000000000004e-05,1.0,0.0,885.2416178110889,0.0,885.2416178110889
1668488623.2943769,0.044299,2.2999999999995246e-05,1.9e-05,2.9e-05,0.0,1.0,0.0,19983.331854242508,885.2416178110888
1668488683.2234454,0.044262,-3.699999999999537e-05,-1.8e-05,-3.7000000000000005e-05,1.0,0.0,884.5022345324819,0.0,884.5022345324819
1668488743.3189657,0.0442,-6.199999999999956e-05,-8.9e-05,-7.099999999999999e-05,1.0,0.0,884.5022345324819,0.0,884.5022345324819
1668488803.4485734,0.04419,-1.0000000000003062e-05,-0.00018,-9.100000000000002e-05,1.0,0.0,884.5022345324819,0.0,884.5022345324819
1668488863.2340868,0.044305,0.0001149999999999,-5.5e-05,0.000125,0.0,1.0,0.0,19963.93712972536,884.5022345324819
1668488923.3053577,0.044363,5.8000000000002494e-05,1e-06,5.6e-05,0.0,1.0,0.0,19963.93712972536,885.6601428860062
1668488983.290609,0.044323,-3.999999999999837e-05,3.9e-05,3.8e-05,0.0,1.0,0.0,19963.93712972536,884.8615854008171
1668489043.28838,0.04429,-3.299999999999831e-05,-6.1e-05,-0.0001,1.0,0.0,884.2027754755362,0.0,884.2027754755362
1668489103.303749,0.044349,5.899999999999656e-05,7.3e-05,0.000134,0.0,1.0,0.0,19937.377967384524,884.2027754755362
1668489163.1738064,0.044272,-7.700000000000068e-05,-2e-06,-7.5e-05,1.0,0.0,882.6675973720476,0.0,882.6675973720476
1668489223.3112743,0.0443,2.8000000000000247e-05,3.8e-05,4e-05,0.0,1.0,0.0,19924.776464380306,882.6675973720476
1668489283.2908282,0.044268,-3.199999999999731e-05,6e-06,-3.2000000000000005e-05,1.0,0.0,882.0300045251875,0.0,882.0300045251875
1668489343.1620152,0.044329,6.099999999999856e-05,0.000216,0.0002099999999999,0.0,1.0,0.0,19897.35849049578,882.0300045251873
1668489403.3582222,0.04438,5.100000000000243e-05,0.000103,-0.000113,1.0,0.0,883.0447698082028,0.0,883.0447698082028
1668489463.298999,0.044292,-8.800000000000474e-05,1.5e-05,-8.8e-05,1.0,0.0,883.0447698082028,0.0,883.0447698082028
1668489523.3541296,0.044248,-4.399999999999543e-05,-9e-05,-0.000105,1.0,0.0,883.0447698082028,0.0,883.0447698082028
1668489583.273461,0.04427,2.1999999999994246e-05,2.2e-05,0.000112,0.0,1.0,0.0,19946.798504815968,883.0447698082029
1668489643.2257106,0.0443,3.0000000000002247e-05,-4.9e-05,-7.099999999999999e-05,1.0,0.0,883.6431737633474,0.0,883.6431737633474
1668489703.2811663,0.0443,0.0,0.0,4.9e-05,0.0,1.0,0.0,19946.798504815968,883.6431737633474
1668489763.480905,0.0443,0.0,0.0,0.0,0.0,1.0,0.0,19946.798504815968,883.6431737633474
1668489823.6729078,0.044247,-5.299999999999749e-05,-5.3e-05,-5.3e-05,1.0,0.0,882.5859934425922,0.0,882.5859934425922
1668489883.4773571,0.044247,0.0,-2.1e-05,3.2000000000000005e-05,0.0,1.0,0.0,19946.798504815968,882.5859934425922
1668489943.238475,0.04429,4.300000000000137e-05,-5e-05,-2.9000000000000004e-05,1.0,0.0,883.4437057782993,0.0,883.4437057782993
1668490003.4368443,0.044336,4.599999999999743e-05,-4.4e-05,6.000000000000004e-06,0.0,1.0,0.0,19926.103071506208,883.4437057782992
1668490063.567439,0.0443,-3.600000000000131e-05,-8e-05,-3.600000000000001e-05,1.0,0.0,882.7263660677249,0.0,882.7263660677249
1668490123.532852,0.04429,-9.999999999996125e-06,-2e-06,7.800000000000001e-05,0.0,1.0,0.0,19930.60207874746,882.726366067725
1668490184.0664203,0.044379,8.89999999999988e-05,8.7e-05,8.9e-05,0.0,1.0,0.0,19930.60207874746,884.5001896527335
1668490243.358482,0.044377,-2.000000000002e-06,0.000107,2e-05,0.0,1.0,0.0,19930.60207874746,884.460328448576
1668490303.3707094,0.044378,1.000000000001e-06,0.000131,2.400000000000001e-05,0.0,1.0,0.0,19930.60207874746,884.4802590506548
1668490363.6369712,0.044378,0.0,0.000108,-2.3000000000000017e-05,1.0,0.0,884.4802590506548,0.0,884.4802590506548
1668490424.000194,0.044378,0.0,7.8e-05,-3e-05,1.0,0.0,884.4802590506548,0.0,884.4802590506548
1668490483.615207,0.04447,9.20000000000018e-05,0.00017,9.2e-05,0.0,1.0,0.0,19889.369441211034,884.4802590506548
1668490544.090739,0.044535,6.499999999999562e-05,0.000235,6.499999999999998e-05,0.0,1.0,0.0,19889.369441211034,885.7730680643334
1668490603.9288454,0.044537,2.000000000002e-06,0.000257,2.200000000000002e-05,0.0,1.0,0.0,19889.369441211034,885.8128468032158
1668490663.336533,0.04456,2.3000000000002185e-05,0.00026,2.9999999999999645e-06,0.0,1.0,0.0,19889.369441211034,886.2703023003637
1668490723.274422,0.044537,-2.3000000000002185e-05,0.000237,-2.299999999999999e-05,1.0,0.0,885.8128468032158,0.0,885.8128468032158
1668490783.3797705,0.044537,0.0,0.000237,0.0,1.0,0.0,885.8128468032158,0.0,885.8128468032158
1668490843.282292,0.0446,6.300000000000056e-05,0.000221,-1.5999999999999982e-05,1.0,0.0,885.8128468032158,0.0,885.8128468032158
1668490903.5635166,0.0447,9.999999999999593e-05,0.000323,0.0001019999999999,0.0,1.0,0.0,19816.84221036277,885.8128468032158
1668490963.342519,0.044814,0.000114,0.000436,0.000113,0.0,1.0,0.0,19816.84221036277,888.0719668151972
1668491023.3079083,0.044815,1.000000000001e-06,0.000437,9.9999999999997e-07,0.0,1.0,0.0,19816.84221036277,888.0917836574076
1668491083.338932,0.04481,-4.9999999999980616e-06,0.000432,-5.000000000000013e-06,1.0,0.0,887.9926994463558,0.0,887.9926994463558
1668491143.4769022,0.04481,0.0,0.00029,-0.0001419999999999,1.0,0.0,887.9926994463558,0.0,887.9926994463558
1668491203.389443,0.044727,-8.299999999999974e-05,0.000192,-9.8e-05,1.0,0.0,887.9926994463558,0.0,887.9926994463558
1668491263.28276,0.044807,7.999999999999674e-05,0.000238,4.600000000000001e-05,0.0,1.0,0.0,19818.16902373192,887.9926994463558
1668491323.492631,0.044753,-5.3999999999998494e-05,0.000216,-2.200000000000002e-05,1.0,0.0,886.9225183190745,0.0,886.9225183190745
1668491383.3510733,0.044571,-0.000182,3.4e-05,-0.0001819999999999,1.0,0.0,886.9225183190745,0.0,886.9225183190745
1668491443.3394594,0.044665,9.40000000000038e-05,6.5e-05,3.0999999999999995e-05,0.0,1.0,0.0,19857.2152315924,886.9225183190745
1668491503.3528323,0.044718,5.299999999999749e-05,8e-05,1.5000000000000012e-05,0.0,1.0,0.0,19857.2152315924,887.974950726349
1668491563.3569608,0.0447,-1.8000000000004124e-05,-9.8e-05,-0.000178,1.0,0.0,887.6175208521802,0.0,887.6175208521802
1668491623.351423,0.044718,1.8000000000004124e-05,-9.7e-05,9.999999999999972e-07,0.0,1.0,0.0,19849.222256187222,887.6175208521802
1668491683.1824222,0.044721,2.9999999999960614e-06,-9.9e-05,-1.9999999999999944e-06,1.0,0.0,887.6770685189487,0.0,887.6770685189487
1668491743.402088,0.044784,6.300000000000056e-05,4.1e-05,0.00014,0.0,1.0,0.0,19821.29931491043,887.6770685189487
1668491803.4240832,0.044784,0.0,4.1e-05,0.0,0.0,1.0,0.0,19821.29931491043,887.6770685189487
1668491863.3513825,0.044821,3.700000000000231e-05,9.4e-05,5.3e-05,0.0,1.0,0.0,19821.29931491043,888.4104565936003
1668491923.516483,0.044802,-1.8999999999998185e-05,7e-05,-2.4e-05,1.0,0.0,888.0338519066171,0.0,888.0338519066171
1668491983.4028056,0.044845,4.300000000000137e-05,0.000177,0.000107,0.0,1.0,0.0,19802.29349775041,888.0338519066171
1668492043.4002786,0.044779,-6.600000000000356e-05,0.000208,3.0999999999999995e-05,0.0,1.0,0.0,19802.29349775041,886.7269005357655
1668492103.7896008,0.044678,-0.0001009999999999,6.1e-05,-0.000147,1.0,0.0,884.7268688924928,0.0,884.7268688924928
1668492163.3158226,0.04461,-6.800000000000556e-05,-0.000108,-0.000169,1.0,0.0,884.7268688924928,0.0,884.7268688924928
1668492223.3574336,0.044692,8.200000000000568e-05,-2.6e-05,8.2e-05,0.0,1.0,0.0,19796.09032695992,884.7268688924927
1668492283.2879372,0.044639,-5.300000000000443e-05,-8.1e-05,-5.500000000000001e-05,1.0,0.0,883.6776761051638,0.0,883.6776761051638
1668492343.2246504,0.044561,-7.799999999999474e-05,-0.000227,-0.0001459999999999,1.0,0.0,883.6776761051638,0.0,883.6776761051638
1668492403.3962286,0.044523,-3.800000000000331e-05,-0.000261,-3.400000000000001e-05,1.0,0.0,883.6776761051638,0.0,883.6776761051638
1668492463.364172,0.044509,-1.4000000000000123e-05,-0.000291,-3.0000000000000024e-05,1.0,0.0,883.6776761051638,0.0,883.6776761051638
1668492523.335508,0.044566,5.700000000000149e-05,-0.000234,5.700000000000003e-05,0.0,1.0,0.0,19828.516719139338,883.6776761051638
1668492583.441684,0.044566,0.0,-0.000234,0.0,0.0,1.0,0.0,19828.516719139338,883.6776761051638
1668492643.2689457,0.044566,0.0,-0.000234,0.0,0.0,1.0,0.0,19828.516719139338,883.6776761051638
1668492703.300171,0.044567,1.000000000001e-06,-0.000275,-4.100000000000002e-05,1.0,0.0,883.6975046218829,0.0,883.6975046218829
1668492763.4376976,0.044508,-5.900000000000349e-05,-0.000339,-6.399999999999998e-05,1.0,0.0,883.6975046218829,0.0,883.6975046218829
1668492823.4792953,0.044526,1.8000000000004124e-05,-0.000217,0.000122,0.0,1.0,0.0,19846.77502182731,883.6975046218829
1668492883.432392,0.044632,0.0001059999999999,-4.6e-05,0.0001709999999999,0.0,1.0,0.0,19846.77502182731,885.8012627741965
1668492943.4417837,0.044622,-9.999999999996125e-06,-7e-05,-2.4e-05,1.0,0.0,885.6027950239783,0.0,885.6027950239783
1668493003.4238088,0.044525,-9.699999999999986e-05,-0.000137,-6.7e-05,1.0,0.0,885.6027950239783,0.0,885.6027950239783
1668493063.5198846,0.044462,-6.300000000000056e-05,-0.0002,-6.300000000000001e-05,1.0,0.0,885.6027950239783,0.0,885.6027950239783
1668493123.510178,0.044346,-0.000116,-0.000163,3.7000000000000005e-05,0.0,1.0,0.0,19970.29709610739,885.6027950239783
1668493183.2577038,0.044346,0.0,-0.000177,-1.3999999999999988e-05,1.0,0.0,885.6027950239783,0.0,885.6027950239783
1668493243.4584365,0.044339,-6.999999999993123e-06,-0.000227,-5e-05,1.0,0.0,885.6027950239783,0.0,885.6027950239783
1668493303.401164,0.044395,5.599999999999356e-05,-0.000172,5.499999999999998e-05,0.0,1.0,0.0,19948.255322085333,885.6027950239783
1668493363.4611635,0.044395,0.0,-0.000172,0.0,0.0,1.0,0.0,19948.255322085333,885.6027950239783
1668493423.4975066,0.044428,3.300000000000525e-05,-0.000223,-5.099999999999999e-05,1.0,0.0,886.2610874496072,0.0,886.2610874496072
1668493483.4186015,0.0444,-2.8000000000000247e-05,-0.00019,3.299999999999999e-05,0.0,1.0,0.0,19960.83530291908,886.2610874496072
1668493543.4378262,0.0444,0.0,-0.00019,0.0,0.0,1.0,0.0,19960.83530291908,886.2610874496072
1668493603.4808984,0.044488,8.79999999999978e-05,-5e-06,0.000185,0.0,1.0,0.0,19960.83530291908,888.017640956264
1668493663.6258042,0.044488,0.0,-5e-06,0.0,0.0,1.0,0.0,19960.83530291908,888.017640956264
1668493723.390577,0.044488,0.0,-5e-06,0.0,0.0,1.0,0.0,19960.83530291908,888.017640956264
1668493783.3282125,0.044369,-0.000119,-4.2e-05,-3.7e-05,1.0,0.0,885.6423015552166,0.0,885.6423015552166
1668493844.0838568,0.044369,0.0,-4.2e-05,0.0,1.0,0.0,885.6423015552166,0.0,885.6423015552166
1668493904.1802003,0.044369,0.0,2.3e-05,6.5e-05,0.0,1.0,0.0,19960.83530291908,885.6423015552166
1668493964.1730778,0.044349,-1.9999999999999185e-05,2.6e-05,2.9999999999999984e-06,0.0,1.0,0.0,19960.83530291908,885.2430848491583
1668494024.9882743,0.044349,0.0,2.6e-05,0.0,0.0,1.0,0.0,19960.83530291908,885.2430848491583
1668494084.89738,0.044372,2.3000000000002185e-05,4.4e-05,1.8e-05,0.0,1.0,0.0,19960.83530291908,885.7021840611254
1668494144.983651,0.04438,8.000000000001062e-06,-1.5e-05,-5.9e-05,1.0,0.0,885.8618707435488,0.0,885.8618707435488
1668494206.0217566,0.044383,2.9999999999960614e-06,-6.8e-05,-5.3e-05,1.0,0.0,885.8618707435488,0.0,885.8618707435488
1668494265.9904282,0.044428,4.500000000000337e-05,-2.3e-05,4.5e-05,0.0,1.0,0.0,19939.2696214898,885.8618707435488
1668494325.9976928,0.044428,0.0,-4.1e-05,-1.8e-05,1.0,0.0,885.8618707435488,0.0,885.8618707435488
1668494387.0088031,0.044407,-2.1000000000000185e-05,-8.1e-05,-4e-05,1.0,0.0,885.8618707435488,0.0,885.8618707435488
1668494446.877005,0.044429,2.2000000000001185e-05,6e-05,0.000141,0.0,1.0,0.0,19938.820831968955,885.8618707435487
1668494507.133344,0.044429,0.0,6e-05,0.0,0.0,1.0,0.0,19938.820831968955,885.8618707435487
1668494567.8441436,0.044429,0.0,6e-05,0.0,0.0,1.0,0.0,19938.820831968955,885.8618707435487
1668494627.6141555,0.044429,0.0,6e-05,0.0,0.0,1.0,0.0,19938.820831968955,885.8618707435487
1668494687.8915565,0.044429,0.0,6e-05,0.0,0.0,1.0,0.0,19938.820831968955,885.8618707435487
1668494748.7005415,0.044482,5.299999999999749e-05,0.000113,5.3e-05,0.0,1.0,0.0,19938.820831968955,886.918628247643
1668494808.5020182,0.044432,-5.000000000000143e-05,6.3e-05,-5e-05,1.0,0.0,885.9216872060446,0.0,885.9216872060446
1668494868.7581024,0.044432,0.0,6.3e-05,0.0,1.0,0.0,885.9216872060446,0.0,885.9216872060446
1668494929.3569272,0.044464,3.199999999999731e-05,0.000115,5.2e-05,0.0,1.0,0.0,19924.47119481029,885.9216872060446
1668494989.407667,0.044547,8.300000000000668e-05,0.000175,6e-05,0.0,1.0,0.0,19924.47119481029,887.5754183152139
1668495049.39758,0.044551,3.9999999999970615e-06,0.000179,3.999999999999989e-06,0.0,1.0,0.0,19924.47119481029,887.6551161999931
1668495110.2504623,0.044585,3.399999999999931e-05,0.000157,-2.2e-05,1.0,0.0,888.3325482206167,0.0,888.3325482206167
1668495170.1789987,0.0445,-8.500000000000174e-05,7.2e-05,-8.499999999999999e-05,1.0,0.0,888.3325482206167,0.0,888.3325482206167
1668495230.2860982,0.044464,-3.600000000000131e-05,4.1e-05,-3.1e-05,1.0,0.0,888.3325482206167,0.0,888.3325482206167
1668495292.2680223,0.044464,0.0,4.1e-05,0.0,1.0,0.0,888.3325482206167,0.0,888.3325482206167
1668495351.469403,0.044464,0.0,3.5e-05,-6.000000000000004e-06,1.0,0.0,888.3325482206167,0.0,888.3325482206167
1668495411.359961,0.044499,3.500000000000031e-05,1.6e-05,-1.9e-05,1.0,0.0,888.3325482206167,0.0,888.3325482206167
1668495472.2820263,0.044501,2.000000000002e-06,6.9e-05,5.3e-05,0.0,1.0,0.0,19962.08058741639,888.3325482206167
1668495532.191385,0.044509,8.000000000001062e-06,7.7e-05,8.000000000000005e-06,0.0,1.0,0.0,19962.08058741639,888.492244865316
1668495592.6363657,0.044303,-0.0002059999999999,-0.000161,-0.000238,1.0,0.0,884.3800562643083,0.0,884.3800562643083
1668495653.0114534,0.044165,-0.0001379999999999,-0.000386,-0.000225,1.0,0.0,884.3800562643083,0.0,884.3800562643083
1668495713.0795896,0.044222,5.699999999999456e-05,-0.000329,5.700000000000003e-05,0.0,1.0,0.0,19998.64448157724,884.3800562643083
1668495773.4081366,0.044158,-6.399999999999462e-05,-0.000364,-3.500000000000004e-05,1.0,0.0,883.1001430174877,0.0,883.1001430174877
1668495833.8810918,0.044208,4.999999999999449e-05,-0.000314,5.000000000000002e-05,0.0,1.0,0.0,19976.02567448172,883.1001430174877
1668495893.7852314,0.044208,0.0,-0.000314,0.0,0.0,1.0,0.0,19976.02567448172,883.1001430174878
1668495953.7453315,0.044305,9.699999999999986e-05,-0.000195,0.0001189999999999,0.0,1.0,0.0,19976.02567448172,885.0378175079126
1668496014.6654663,0.044297,-7.999999999994123e-06,-0.000167,2.8000000000000003e-05,0.0,1.0,0.0,19976.02567448172,884.8780093025168
1668496074.6642652,0.044221,-7.599999999999968e-05,-0.000291,-0.000124,1.0,0.0,883.3598313512562,0.0,883.3598313512562
1668496134.7643733,0.0442,-2.1000000000000185e-05,-0.000249,4.2000000000000045e-05,0.0,1.0,0.0,19985.516546408508,883.359831351256
1668496195.501337,0.044151,-4.900000000000043e-05,-0.000333,-8.400000000000004e-05,1.0,0.0,882.3805410404821,0.0,882.3805410404821
1668496255.5181663,0.044092,-5.900000000000349e-05,-0.000417,-8.399999999999998e-05,1.0,0.0,882.3805410404821,0.0,882.3805410404821
1668496315.6242983,0.044092,0.0,-0.000125,0.000292,0.0,1.0,0.0,20012.259390376534,882.3805410404821
1668496376.4316633,0.04379,-0.0003019999999999,-0.000375,-0.00025,1.0,0.0,876.3368387045884,0.0,876.3368387045884
1668496436.3610103,0.043953,0.0001629999999999,-0.000269,0.000106,0.0,1.0,0.0,19938.04379006185,876.3368387045884
1668496496.2569504,0.043944,-9.000000000002062e-06,-0.000264,4.999999999999959e-06,0.0,1.0,0.0,19938.04379006185,876.1573963104778
1668496557.1913764,0.043854,-8.99999999999998e-05,-0.000451,-0.000187,1.0,0.0,874.3629723693723,0.0,874.3629723693723
1668496617.2348576,0.043841,-1.2999999999999123e-05,-0.000457,-5.999999999999983e-06,1.0,0.0,874.3629723693723,0.0,874.3629723693723
1668496677.127739,0.043856,1.5000000000001124e-05,-0.000344,0.0001129999999999,0.0,1.0,0.0,19937.134539615385,874.3629723693723
1668496738.0492296,0.043501,-0.000355,-0.000634,-0.00029,1.0,0.0,867.2852896078089,0.0,867.2852896078089
1668496797.9320688,0.043623,0.000122,-0.000515,0.0001189999999999,0.0,1.0,0.0,19881.376558416632,867.2852896078087
1668496858.0672965,0.043627,3.9999999999970615e-06,-0.000465,5.000000000000002e-05,0.0,1.0,0.0,19881.376558416632,867.3648151140424
1668496918.6903503,0.043673,4.599999999999743e-05,-0.000366,9.900000000000002e-05,0.0,1.0,0.0,19881.376558416632,868.2793584357295
1668496978.7921538,0.043493,-0.0001799999999999,-0.000375,-9.000000000000002e-06,1.0,0.0,864.7007106552145,0.0,864.7007106552145
1668497038.7401118,0.04372,0.000227,-0.000235,0.00014,0.0,1.0,0.0,19778.14983200399,864.7007106552145
1668497099.8881445,0.043757,3.699999999999537e-05,-0.000187,4.8e-05,0.0,1.0,0.0,19778.14983200399,865.4325021989986
1668497159.7459188,0.043798,4.099999999999937e-05,-4.1e-05,0.000146,0.0,1.0,0.0,19778.14983200399,866.2434063421107
1668497219.7407894,0.043704,-9.399999999999686e-05,-2.8e-05,1.3e-05,0.0,1.0,0.0,19778.14983200399,864.3842602579024
1668497280.4654603,0.043799,9.499999999999786e-05,1.1e-05,3.9e-05,0.0,1.0,0.0,19778.14983200399,866.2631844919428
1668497340.5263357,0.043839,4.000000000000531e-05,0.000289,0.000278,0.0,1.0,0.0,19778.14983200399,867.054310485223
1668497400.7295873,0.043901,6.199999999999956e-05,0.000271,-1.8000000000000004e-05,1.0,0.0,868.2805557748072,0.0,868.2805557748072
1668497461.424296,0.043937,3.599999999999437e-05,0.000312,4.100000000000002e-05,0.0,1.0,0.0,19761.944506334235,868.2805557748072
1668497521.646537,0.044196,0.000259,0.000749,0.000437,0.0,1.0,0.0,19761.944506334235,873.3988994019478
1668497581.4537632,0.044149,-4.699999999999843e-05,0.000536,-0.0002129999999999,1.0,0.0,872.4700880101502,0.0,872.4700880101502
1668497642.285795,0.043971,-0.0001779999999999,0.00033,-0.000206,1.0,0.0,872.4700880101502,0.0,872.4700880101502
1668497702.144849,0.043969,-2.000000000002e-06,0.000246,-8.399999999999998e-05,1.0,0.0,872.4700880101502,0.0,872.4700880101502
1668497762.1961482,0.043894,-7.499999999999868e-05,9.6e-05,-0.00015,1.0,0.0,872.4700880101502,0.0,872.4700880101502
1668497823.125344,0.0439,5.999999999999062e-06,0.00022,0.000124,0.0,1.0,0.0,19874.033895447614,872.4700880101502
1668497883.304615,0.043873,-2.6999999999999247e-05,0.000193,-2.700000000000001e-05,1.0,0.0,871.9334890949732,0.0,871.9334890949732
1668497943.1831362,0.043926,5.299999999999749e-05,0.00013,-6.300000000000001e-05,1.0,0.0,871.9334890949732,0.0,871.9334890949732
1668498004.0646682,0.044031,0.000105,0.000192,6.200000000000002e-05,0.0,1.0,0.0,19802.718291543984,871.9334890949732
1668498063.982493,0.043964,-6.699999999999762e-05,3.6e-05,-0.000156,1.0,0.0,870.6067069694398,0.0,870.6067069694398
1668498124.067055,0.043822,-0.000142,-0.000178,-0.000214,1.0,0.0,870.6067069694398,0.0,870.6067069694398
1668498184.832605,0.043851,2.9000000000001247e-05,-0.000345,-0.000167,1.0,0.0,870.6067069694398,0.0,870.6067069694398
1668498245.0199428,0.043947,9.599999999999886e-05,-0.000202,0.0001429999999999,0.0,1.0,0.0,19810.378568945314,870.6067069694398
1668498304.8085,0.043843,-0.0001039999999999,-0.000183,1.9e-05,0.0,1.0,0.0,19810.378568945314,868.5464275982694
1668498365.797474,0.043899,5.6000000000000494e-05,-0.000102,8.1e-05,0.0,1.0,0.0,19810.378568945314,869.6558087981304
1668498425.7012546,0.043977,7.800000000000168e-05,8.3e-05,0.000185,0.0,1.0,0.0,19810.378568945314,871.2010183265081
1668498485.7635405,0.043974,-3.0000000000030003e-06,0.000101,1.8000000000000004e-05,0.0,1.0,0.0,19810.378568945314,871.1415871908013
1668498546.7240472,0.043878,-9.599999999999886e-05,-0.00014,-0.000241,1.0,0.0,869.2397908481826,0.0,869.2397908481826
1668498606.6454892,0.0438,-7.800000000000168e-05,-0.000231,-9.100000000000002e-05,1.0,0.0,869.2397908481826,0.0,869.2397908481826
1668498666.7340925,0.04379,-9.999999999996125e-06,-0.000155,7.6e-05,0.0,1.0,0.0,19850.18933199777,869.2397908481827
1668498727.5834205,0.043904,0.0001139999999999,0.00022,0.000375,0.0,1.0,0.0,19850.18933199777,871.5027124320302
1668498787.3918347,0.043977,7.300000000000362e-05,0.000125,-9.5e-05,1.0,0.0,872.9517762532661,0.0,872.9517762532661
1668498847.423461,0.043977,0.0,2.9e-05,-9.6e-05,1.0,0.0,872.9517762532661,0.0,872.9517762532661
1668498909.5066514,0.043977,0.0,0.000134,0.000105,0.0,1.0,0.0,19850.18933199777,872.9517762532661
1668498968.4420938,0.04383,-0.000147,-7.2e-05,-0.000206,1.0,0.0,870.0337984214624,0.0,870.0337984214624
1668499028.3815246,0.04383,0.0,-0.000153,-8.1e-05,1.0,0.0,870.0337984214624,0.0,870.0337984214624
1668499089.2548368,0.043802,-2.8000000000000247e-05,-3.1e-05,0.000122,0.0,1.0,0.0,19862.87837134064,870.0337984214625
1668499149.1464186,0.043802,0.0,-3.1e-05,0.0,0.0,1.0,0.0,19862.87837134064,870.0337984214626
1668499209.322632,0.043802,0.0,-7.6e-05,-4.5e-05,1.0,0.0,870.0337984214627,0.0,870.0337984214627
1668499270.197398,0.043852,5.000000000000143e-05,5.2e-05,0.000128,0.0,1.0,0.0,19840.23074025045,870.0337984214627
1668499330.0318542,0.043853,1.000000000001e-06,5.3e-05,1.000000000000004e-06,0.0,1.0,0.0,19840.23074025045,870.053638652203
1668499390.0693057,0.04396,0.0001069999999999,0.000121,6.8e-05,0.0,1.0,0.0,19840.23074025045,872.1765433414097
1668499451.2095022,0.044016,5.6000000000000494e-05,9.7e-05,-2.4e-05,1.0,0.0,873.2875962628638,0.0,873.2875962628638
1668499511.1460707,0.044052,3.600000000000131e-05,7.5e-05,-2.200000000000001e-05,1.0,0.0,873.2875962628638,0.0,873.2875962628638
1668499571.24484,0.043968,-8.400000000000074e-05,-9e-06,-8.4e-05,1.0,0.0,873.2875962628638,0.0,873.2875962628638
1668499631.9292288,0.04406,9.20000000000018e-05,0.000146,0.000155,0.0,1.0,0.0,19820.41752752755,873.2875962628639
1668499691.9303746,0.04401,-5.000000000000143e-05,0.00018,3.400000000000001e-05,0.0,1.0,0.0,19820.41752752755,872.2965753864875
1668499752.040506,0.044108,9.800000000000086e-05,0.000278,9.799999999999996e-05,0.0,1.0,0.0,19820.41752752755,874.2389763041851
1668499812.836939,0.044154,4.599999999999743e-05,0.000352,7.400000000000001e-05,0.0,1.0,0.0,19820.41752752755,875.1507155104514
1668499872.708086,0.043965,-0.000189,0.000155,-0.000197,1.0,0.0,871.4046565977486,0.0,871.4046565977486
1668499932.6734104,0.043985,2.0000000000006124e-05,0.000132,-2.299999999999999e-05,1.0,0.0,871.4046565977486,0.0,871.4046565977486
1668499993.6955562,0.043896,-8.900000000000574e-05,-0.000147,-0.000279,1.0,0.0,871.4046565977486,0.0,871.4046565977486
1668500053.649723,0.043911,1.5000000000001124e-05,-0.000132,1.4999999999999983e-05,0.0,1.0,0.0,19844.791888086096,871.4046565977485
1668500113.7597077,0.04402,0.0001089999999999,6.1e-05,0.000193,0.0,1.0,0.0,19844.791888086096,873.5677389135499
1668500174.490577,0.04395,-6.999999999999368e-05,-1.9e-05,-7.999999999999999e-05,1.0,0.0,872.178603481384,0.0,872.178603481384
1668500234.4948752,0.043835,-0.000115,-0.000206,-0.000187,1.0,0.0,872.178603481384,0.0,872.178603481384
1668500294.5771785,0.04386,2.5000000000004186e-05,-0.000248,-4.200000000000002e-05,1.0,0.0,872.178603481384,0.0,872.178603481384
1668500355.3375418,0.04393,6.999999999999368e-05,-0.000178,7.000000000000002e-05,0.0,1.0,0.0,19853.82662147472,872.178603481384
1668500415.3623106,0.04379,-0.0001399999999999,-0.000175,2.999999999999992e-06,0.0,1.0,0.0,19853.82662147472,869.3990677543778
1668500475.2534945,0.043807,1.6999999999996185e-05,-0.000158,1.7000000000000007e-05,0.0,1.0,0.0,19853.82662147472,869.736582806943
1668500536.0293908,0.04362,-0.0001869999999999,-0.00037,-0.000212,1.0,0.0,866.0239172287272,0.0,866.0239172287272
1668500596.1557455,0.043269,-0.0003509999999999,-0.000642,-0.000272,1.0,0.0,866.0239172287272,0.0,866.0239172287272
1668500656.1254518,0.043154,-0.000115,-0.000743,-0.0001009999999999,1.0,0.0,866.0239172287272,0.0,866.0239172287272
1668500716.9343662,0.043229,7.499999999999868e-05,-0.000782,-3.900000000000008e-05,1.0,0.0,866.0239172287272,0.0,866.0239172287272
1668500776.9290185,0.043283,5.400000000000543e-05,-0.000599,0.000183,0.0,1.0,0.0,20008.40785594176,866.0239172287273
1668500837.12441,0.043339,5.6000000000000494e-05,-0.000543,5.600000000000006e-05,0.0,1.0,0.0,20008.40785594176,867.1443880686601
1668500897.9123209,0.043239,-0.0001,-0.000666,-0.000123,1.0,0.0,865.1435472830658,0.0,865.1435472830658
1668500957.9344814,0.043281,4.200000000000037e-05,-0.000624,4.2000000000000045e-05,0.0,1.0,0.0,19988.99164259296,865.1435472830658
1668501017.8776174,0.043258,-2.3000000000002185e-05,-0.000549,7.499999999999998e-05,0.0,1.0,0.0,19988.99164259296,864.6838004752861
1668501078.665828,0.0433,4.200000000000037e-05,-0.000286,0.000263,0.0,1.0,0.0,19988.99164259296,865.523338124275
1668501138.8263235,0.04337,7.000000000000062e-05,0.000118,0.000404,0.0,1.0,0.0,19988.99164259296,866.9225675392566
1668501198.5742743,0.043334,-3.600000000000131e-05,0.000183,6.500000000000001e-05,0.0,1.0,0.0,19988.99164259296,866.2029638401232
1668501260.0734382,0.043478,0.000144,0.00032,0.000137,0.0,1.0,0.0,19988.99164259296,869.0813786366567
1668501319.9915864,0.04353,5.199999999999649e-05,0.000292,-2.800000000000003e-05,1.0,0.0,870.1208062020714,0.0,870.1208062020714
1668501380.2307706,0.04356,3.0000000000002247e-05,0.00022,-7.199999999999999e-05,1.0,0.0,870.1208062020714,0.0,870.1208062020714
1668501440.849157,0.043502,-5.8000000000002494e-05,0.000263,4.299999999999999e-05,0.0,1.0,0.0,20001.85752843712,870.1208062020715
1668501500.929759,0.0435,-2.000000000002e-06,0.000261,-1.9999999999999944e-06,1.0,0.0,870.0808024870147,0.0,870.0808024870147
1668501560.6881936,0.0434,-9.999999999999593e-05,0.000162,-9.9e-05,1.0,0.0,870.0808024870147,0.0,870.0808024870147
1668501621.844016,0.043401,1.000000000001e-06,6.8e-05,-9.4e-05,1.0,0.0,870.0808024870147,0.0,870.0808024870147
1668501681.5051277,0.043331,-7.000000000000062e-05,-2e-06,-7e-05,1.0,0.0,870.0808024870147,0.0,870.0808024870147
1668501741.5590172,0.043362,3.099999999999631e-05,4.4e-05,4.6e-05,0.0,1.0,0.0,20065.51364067651,870.0808024870147
1668501802.6420622,0.04338,1.8000000000004124e-05,6.2e-05,1.8000000000000004e-05,0.0,1.0,0.0,20065.51364067651,870.441981732547
1668501862.5544865,0.043395,1.5000000000001124e-05,-0.000119,-0.000181,1.0,0.0,870.7429644371572,0.0,870.7429644371572
1668501922.9077554,0.043399,3.9999999999970615e-06,-9.1e-05,2.8000000000000003e-05,0.0,1.0,0.0,20063.664241967723,870.7429644371572
1668501983.6716852,0.043404,4.9999999999980616e-06,-9.8e-05,-6.999999999999994e-06,1.0,0.0,870.843282758367,0.0,870.843282758367
1668502043.7814362,0.043335,-6.899999999999962e-05,-0.000165,-6.7e-05,1.0,0.0,870.843282758367,0.0,870.843282758367
1668502103.5331798,0.043406,7.100000000000162e-05,6e-06,0.000171,0.0,1.0,0.0,20062.739776951734,870.843282758367
1668502164.206679,0.04347,6.400000000000156e-05,2.6e-05,2e-05,0.0,1.0,0.0,20062.739776951734,872.1272981040919
1668502224.5702624,0.04348,9.999999999996125e-06,0.000149,0.0001229999999999,0.0,1.0,0.0,20062.739776951734,872.3279255018614
1668502284.2749405,0.04348,0.0,0.000149,0.0,0.0,1.0,0.0,20062.739776951734,872.3279255018614
1668502344.8533566,0.043643,0.000163,0.000248,9.900000000000002e-05,0.0,1.0,0.0,20062.739776951734,875.5981520855046
1668502405.1975408,0.043679,3.600000000000131e-05,0.000284,3.600000000000001e-05,0.0,1.0,0.0,20062.739776951734,876.3204107174748
1668502464.913943,0.043568,-0.0001109999999999,0.000173,-0.000111,1.0,0.0,874.0934466022331,0.0,874.0934466022331
1668502526.2853782,0.043568,0.0,0.000169,-4.000000000000016e-06,1.0,0.0,874.0934466022331,0.0,874.0934466022331
1668502586.2021036,0.043533,-3.500000000000031e-05,0.000127,-4.199999999999999e-05,1.0,0.0,874.0934466022331,0.0,874.0934466022331
1668502646.238004,0.043416,-0.0001169999999999,1e-05,-0.000117,1.0,0.0,874.0934466022331,0.0,874.0934466022331
1668502706.9653757,0.043493,7.699999999999374e-05,0.000153,0.000143,0.0,1.0,0.0,20097.336274854188,874.0934466022331
1668502766.9869986,0.043576,8.299999999999974e-05,8.4e-05,-6.900000000000001e-05,1.0,0.0,875.761525513046,0.0,875.761525513046
1668502827.0772605,0.04347,-0.0001059999999999,-4e-05,-0.000124,1.0,0.0,875.761525513046,0.0,875.761525513046
1668502888.1741552,0.04347,0.0,-1e-05,3.0000000000000004e-05,0.0,1.0,0.0,20146.342891949527,875.761525513046
1668502948.0540247,0.043416,-5.3999999999998494e-05,-6.4e-05,-5.4e-05,1.0,0.0,874.6736229968808,0.0,874.6736229968808
1668503008.2181594,0.04352,0.0001039999999999,-7.9e-05,-1.5e-05,1.0,0.0,874.6736229968808,0.0,874.6736229968808
1668503069.0679128,0.043568,4.799999999999943e-05,-4.8e-05,3.0999999999999995e-05,0.0,1.0,0.0,20076.056348624697,874.6736229968809
1668503129.2271488,0.04355,-1.8000000000004124e-05,0.000137,0.000185,0.0,1.0,0.0,20076.056348624697,874.3122539826055
1668503189.2536778,0.043497,-5.299999999999749e-05,8.4e-05,-5.3e-05,1.0,0.0,873.2482229961284,0.0,873.2482229961284
1668503250.073676,0.043448,-4.900000000000043e-05,3.5e-05,-4.9e-05,1.0,0.0,873.2482229961284,0.0,873.2482229961284
1668503310.0064073,0.043528,7.999999999999674e-05,3.3e-05,-1.9999999999999944e-06,1.0,0.0,873.2482229961284,0.0,873.2482229961284
1668503370.019851,0.043534,6.0000000000060005e-06,3.9e-05,5.999999999999997e-06,0.0,1.0,0.0,20058.99349924492,873.2482229961284
1668503430.788647,0.043416,-0.000118,-0.000194,-0.000233,1.0,0.0,870.8812617632175,0.0,870.8812617632175
1668503490.8609447,0.043352,-6.400000000000156e-05,-6.4e-05,0.00013,0.0,1.0,0.0,20088.60633334604,870.8812617632175
1668503550.8851943,0.043389,3.699999999999537e-05,-6.8e-05,-4.000000000000002e-06,1.0,0.0,871.6245401975513,0.0,871.6245401975513
1668503611.636731,0.043335,-5.3999999999998494e-05,-0.000233,-0.000165,1.0,0.0,871.6245401975513,0.0,871.6245401975513
1668503671.87154,0.043335,0.0,-0.000233,0.0,1.0,0.0,871.6245401975513,0.0,871.6245401975513
1668503731.5132022,0.043336,1.000000000001e-06,-0.000248,-1.5000000000000012e-05,1.0,0.0,871.6245401975513,0.0,871.6245401975513
1668503792.6861773,0.043392,5.6000000000000494e-05,-5.6e-05,0.000192,0.0,1.0,0.0,20087.21746399224,871.6245401975511
1668503852.6140895,0.04352,0.000128,1.7e-05,7.3e-05,0.0,1.0,0.0,20087.21746399224,874.1957040329424
1668503912.5594325,0.043545,2.4999999999997247e-05,1.1e-05,-6e-06,1.0,0.0,874.6978844695421,0.0,874.6978844695421
1668503973.426147,0.04354,-4.9999999999980616e-06,0.000124,0.000113,0.0,1.0,0.0,20089.52421840933,874.6978844695421
1668504033.5382128,0.04354,0.0,0.0002,7.6e-05,0.0,1.0,0.0,20089.52421840933,874.6978844695423
1668504093.2813644,0.043392,-0.000148,5.2e-05,-0.000148,1.0,0.0,871.7246348852176,0.0,871.7246348852176
1668504154.2687798,0.043408,1.6000000000002124e-05,-8e-06,-6e-05,1.0,0.0,871.7246348852176,0.0,871.7246348852176
1668504214.1461487,0.043557,0.0001489999999999,0.000222,0.00023,0.0,1.0,0.0,20013.42229458452,871.7246348852176
1668504274.009158,0.043675,0.000118,0.000339,0.000117,0.0,1.0,0.0,20013.42229458452,874.0862187159788
1668504335.005663,0.043684,9.000000000002062e-06,0.000261,-7.8e-05,1.0,0.0,874.2663395166303,0.0,874.2663395166303
1668504395.3289456,0.043684,0.0,0.000184,-7.7e-05,1.0,0.0,874.2663395166303,0.0,874.2663395166303
1668504455.231854,0.04369,5.999999999999062e-06,0.000145,-3.9e-05,1.0,0.0,874.2663395166303,0.0,874.2663395166303
1668504515.9808824,0.043709,1.8999999999998185e-05,0.000164,1.9e-05,0.0,1.0,0.0,20001.975325828327,874.2663395166303
1668504576.1375272,0.043779,7.000000000000062e-05,0.000239,7.500000000000001e-05,0.0,1.0,0.0,20001.975325828327,875.6664777894383
1668504635.8697748,0.04385,7.100000000000162e-05,0.000458,0.000219,0.0,1.0,0.0,20001.975325828327,877.0866180375722
1668504696.7586071,0.043843,-7.000000000000062e-06,0.00045,-8.000000000000032e-06,1.0,0.0,876.9466042102913,0.0,876.9466042102913
1668504756.8525908,0.043924,8.099999999999774e-05,0.000374,-7.6e-05,1.0,0.0,876.9466042102913,0.0,876.9466042102913
1668504816.7924,0.04398,5.6000000000000494e-05,0.000326,-4.799999999999997e-05,1.0,0.0,876.9466042102913,0.0,876.9466042102913
1668504877.6764154,0.044091,0.0001109999999999,0.000407,8.100000000000002e-05,0.0,1.0,0.0,19889.469601739387,876.9466042102913
1668504937.628831,0.044095,4.000000000004e-06,0.000411,3.999999999999989e-06,0.0,1.0,0.0,19889.469601739387,877.0261620886984
1668504997.9430666,0.044009,-8.600000000000274e-05,0.000325,-8.600000000000003e-05,1.0,0.0,875.3156677029486,0.0,875.3156677029486
1668505058.777274,0.043958,-5.100000000000243e-05,0.000313,-1.1999999999999966e-05,1.0,0.0,875.3156677029486,0.0,875.3156677029486
1668505118.867516,0.04396,2.000000000002e-06,0.000315,1.9999999999999944e-06,0.0,1.0,0.0,19911.63939269674,875.3156677029486
1668505178.4155655,0.04403,7.000000000000062e-05,0.00025,-6.500000000000001e-05,1.0,0.0,876.7094824604375,0.0,876.7094824604375
1668505239.2653673,0.044202,0.0001719999999999,0.000344,9.4e-05,0.0,1.0,0.0,19834.158691019355,876.7094824604375
1668505299.2311811,0.044129,-7.299999999999668e-05,0.000265,-7.900000000000002e-05,1.0,0.0,875.2615888759931,0.0,875.2615888759931
1668505359.3612957,0.044119,-1.0000000000003062e-05,0.000195,-7e-05,1.0,0.0,875.2615888759931,0.0,875.2615888759931
1668505420.3174918,0.04414,2.1000000000000185e-05,0.00016,-3.499999999999998e-05,1.0,0.0,875.2615888759931,0.0,875.2615888759931
1668505480.140825,0.044155,1.5000000000001124e-05,0.000104,-5.600000000000002e-05,1.0,0.0,875.2615888759931,0.0,875.2615888759931
1668505540.1915946,0.044176,2.1000000000000185e-05,2.7e-05,-7.7e-05,1.0,0.0,875.2615888759931,0.0,875.2615888759931
1668505601.1119468,0.04415,-2.5999999999998247e-05,0.000208,0.0001809999999999,0.0,1.0,0.0,19824.724549852617,875.2615888759931
1668505661.0790064,0.044166,1.5999999999995185e-05,0.000208,0.0,0.0,1.0,0.0,19824.724549852617,875.5787844687907
1668505721.0650787,0.044166,0.0,0.000208,0.0,0.0,1.0,0.0,19824.724549852617,875.5787844687907
1668505782.108008,0.044279,0.000113,7.7e-05,-0.0001309999999999,1.0,0.0,877.818978342924,0.0,877.818978342924
1668505841.8731544,0.044272,-7.000000000000062e-06,0.000118,4.1e-05,0.0,1.0,0.0,19827.859106047254,877.818978342924
1668505902.1119733,0.044212,-5.999999999999756e-05,0.00013,1.1999999999999994e-05,0.0,1.0,0.0,19827.859106047254,876.6293067965612
1668505962.8381686,0.04421,-2.000000000002e-06,0.000128,-1.9999999999999944e-06,1.0,0.0,876.5896510783491,0.0,876.5896510783491
1668506022.916068,0.044166,-4.400000000000237e-05,1.5e-05,-0.000113,1.0,0.0,876.5896510783491,0.0,876.5896510783491
1668506082.7933085,0.0442,3.400000000000625e-05,4.9e-05,3.4e-05,0.0,1.0,0.0,19832.34504702147,876.589651078349
1668506143.5184054,0.044142,-5.8000000000002494e-05,-8e-05,-0.000129,1.0,0.0,875.4393750656218,0.0,875.4393750656218
1668506203.9011738,0.043992,-0.0001499999999999,-0.000313,-0.000233,1.0,0.0,875.4393750656218,0.0,875.4393750656218
1668506263.8132684,0.043959,-3.300000000000525e-05,-0.000207,0.000106,0.0,1.0,0.0,19914.90650528041,875.4393750656219
1668506324.3974416,0.043914,-4.499999999999643e-05,-0.000324,-0.000117,1.0,0.0,874.5432042728842,0.0,874.5432042728842
1668506384.3265705,0.043913,-1.000000000001e-06,-0.000464,-0.00014,1.0,0.0,874.5432042728842,0.0,874.5432042728842
1668506444.554136,0.043922,9.000000000002062e-06,-0.000373,9.1e-05,0.0,1.0,0.0,19911.279182935297,874.5432042728842
1668506505.3860722,0.043863,-5.900000000000349e-05,-0.000347,2.600000000000004e-05,0.0,1.0,0.0,19911.279182935297,873.368438801091
1668506565.152822,0.0438,-6.300000000000056e-05,-0.000425,-7.8e-05,1.0,0.0,872.114028212566,0.0,872.114028212566
1668506625.1140275,0.043886,8.600000000000274e-05,-0.00028,0.000145,0.0,1.0,0.0,19872.260589084584,872.114028212566
1668506686.2738044,0.043775,-0.0001109999999999,-0.000391,-0.000111,1.0,0.0,869.9082072871777,0.0,869.9082072871777
1668506746.271833,0.043778,2.9999999999960614e-06,-0.000324,6.7e-05,0.0,1.0,0.0,19870.898791337608,869.9082072871778
1668506806.3329794,0.0438,2.2000000000001185e-05,-0.000302,2.2e-05,0.0,1.0,0.0,19870.898791337608,870.3453670605871
1668506867.2754774,0.043861,6.099999999999856e-05,-7.1e-05,0.000231,0.0,1.0,0.0,19870.898791337608,871.5574918868588
1668506927.1947155,0.043957,9.60000000000058e-05,1e-06,7.2e-05,0.0,1.0,0.0,19870.898791337608,873.4650981708273
1668506987.1070042,0.043954,-3.0000000000030003e-06,2.9e-05,2.8e-05,0.0,1.0,0.0,19870.898791337608,873.4054854744533
1668507048.076749,0.044015,6.099999999999856e-05,9e-05,6.1000000000000005e-05,0.0,1.0,0.0,19870.898791337608,874.6176103007248
1668507107.8696485,0.044104,8.89999999999988e-05,0.000181,9.1e-05,0.0,1.0,0.0,19870.898791337608,876.3861202931538
1668507168.2231853,0.044081,-2.2999999999995246e-05,0.000218,3.7000000000000005e-05,0.0,1.0,0.0,19870.898791337608,875.9290896209532
1668507228.7341912,0.044079,-2.000000000002e-06,0.000216,-2.000000000000021e-06,1.0,0.0,875.8893478233704,0.0,875.8893478233704
1668507288.6823528,0.044111,3.199999999999731e-05,0.000317,0.000101,0.0,1.0,0.0,19856.483594191253,875.8893478233704
1668507348.8276489,0.044111,0.0,0.000317,0.0,0.0,1.0,0.0,19856.483594191253,875.8893478233704
1668507409.3955233,0.043952,-0.0001589999999999,0.000203,-0.000114,1.0,0.0,872.732166931894,0.0,872.732166931894
1668507468.8083928,0.043989,3.700000000000231e-05,0.00024,3.7000000000000005e-05,0.0,1.0,0.0,19839.781921205165,872.732166931894
1668507528.9933944,0.0441,0.0001109999999999,0.000388,0.000148,0.0,1.0,0.0,19839.781921205165,874.9343827251478
1668507590.0065343,0.044001,-9.900000000000186e-05,0.000289,-9.900000000000002e-05,1.0,0.0,872.9702443149484,0.0,872.9702443149484
1668507648.677817,0.044111,0.0001099999999999,0.000311,2.2000000000000047e-05,0.0,1.0,0.0,19790.3072774353,872.9702443149484
1668507708.875963,0.044089,-2.1999999999994246e-05,0.000189,-0.000122,1.0,0.0,872.534857554845,0.0,872.534857554845
1668507768.804152,0.044057,-3.200000000000425e-05,0.0001,-8.900000000000001e-05,1.0,0.0,872.534857554845,0.0,872.534857554845
1668507828.6306596,0.044057,0.0,0.0001,0.0,1.0,0.0,872.534857554845,0.0,872.534857554845
1668507888.6300254,0.044057,0.0,0.0001,0.0,1.0,0.0,872.534857554845,0.0,872.534857554845
1668507948.7037356,0.044111,5.3999999999998494e-05,9.6e-05,-4.000000000000002e-06,1.0,0.0,872.534857554845,0.0,872.534857554845
1668508008.8761415,0.044145,3.399999999999931e-05,3.7e-05,-5.9e-05,1.0,0.0,872.534857554845,0.0,872.534857554845
1668508068.7655268,0.044145,0.0,3.7e-05,0.0,1.0,0.0,872.534857554845,0.0,872.534857554845
1668508128.5256548,0.044145,0.0,0.000117,7.999999999999999e-05,0.0,1.0,0.0,19765.202345788766,872.5348575548451
1668508188.7115471,0.044145,0.0,6.6e-05,-5.099999999999999e-05,1.0,0.0,872.5348575548451,0.0,872.5348575548451
1668508248.8650916,0.044203,5.8000000000002494e-05,9.2e-05,2.5999999999999995e-05,0.0,1.0,0.0,19739.26786767516,872.5348575548451
1668508308.7596607,0.044097,-0.000106,0.000108,1.5999999999999996e-05,0.0,1.0,0.0,19739.26786767516,870.4424951608714
1668508368.818149,0.044075,-2.1999999999994246e-05,7.4e-05,-3.4e-05,1.0,0.0,870.0082312677828,0.0,870.0082312677828
1668508428.7239356,0.044218,0.0001429999999999,0.000107,3.3e-05,0.0,1.0,0.0,19675.43152715597,870.0082312677828
1668508488.801448,0.04419,-2.8000000000000247e-05,7.9e-05,-2.8000000000000003e-05,1.0,0.0,869.4573191850224,0.0,869.4573191850224
1668508548.946321,0.044254,6.400000000000156e-05,0.000197,0.000118,0.0,1.0,0.0,19646.97697801379,869.4573191850224
1668508608.8255918,0.044236,-1.8000000000004124e-05,0.000125,-7.199999999999999e-05,1.0,0.0,869.103673599418,0.0,869.103673599418
1668508668.849666,0.044161,-7.499999999999868e-05,1.6e-05,-0.000109,1.0,0.0,869.103673599418,0.0,869.103673599418
1668508728.7746232,0.044099,-6.199999999999956e-05,2e-06,-1.4e-05,1.0,0.0,869.103673599418,0.0,869.103673599418
1668508788.7268257,0.044035,-6.400000000000156e-05,-0.00011,-0.000112,1.0,0.0,869.103673599418,0.0,869.103673599418
1668508848.763354,0.043969,-6.599999999999662e-05,-0.000229,-0.000119,1.0,0.0,869.103673599418,0.0,869.103673599418
1668508908.5906422,0.04391,-5.900000000000349e-05,-0.000187,4.200000000000002e-05,0.0,1.0,0.0,19792.84157593756,869.103673599418
1668508968.8925128,0.043824,-8.59999999999958e-05,-0.000251,-6.399999999999998e-05,1.0,0.0,867.4014892238877,0.0,867.4014892238877
1668509028.9582622,0.043858,3.399999999999931e-05,-0.000332,-8.100000000000002e-05,1.0,0.0,867.4014892238877,0.0,867.4014892238877
1668509088.7358074,0.0438,-5.8000000000002494e-05,-0.000386,-5.400000000000001e-05,1.0,0.0,867.4014892238877,0.0,867.4014892238877
1668509148.7030015,0.043725,-7.499999999999868e-05,-0.000539,-0.0001529999999999,1.0,0.0,867.4014892238877,0.0,867.4014892238877
1668509208.849716,0.043728,3.0000000000030003e-06,-0.000341,0.000198,0.0,1.0,0.0,19836.294576104272,867.4014892238877
1668509268.893205,0.043781,5.299999999999749e-05,-0.000283,5.8e-05,0.0,1.0,0.0,19836.294576104272,868.4528128364211
1668509329.151058,0.043788,7.000000000000062e-06,-0.000178,0.000105,0.0,1.0,0.0,19836.294576104272,868.5916668984539
1668509389.139408,0.043793,4.9999999999980616e-06,-0.000173,4.999999999999986e-06,0.0,1.0,0.0,19836.294576104272,868.6908483713344
1668509449.4578898,0.043793,0.0,-0.000217,-4.399999999999999e-05,1.0,0.0,868.6908483713344,0.0,868.6908483713344
1668509508.7953606,0.043777,-1.5999999999995185e-05,-0.000233,-1.600000000000001e-05,1.0,0.0,868.6908483713344,0.0,868.6908483713344
1668509568.8099048,0.043777,0.0,-0.000233,0.0,1.0,0.0,868.6908483713344,0.0,868.6908483713344
1668509628.7952702,0.043777,0.0,-0.000233,0.0,1.0,0.0,868.6908483713344,0.0,868.6908483713344
1668509688.8595705,0.043777,0.0,-0.000233,0.0,1.0,0.0,868.6908483713344,0.0,868.6908483713344
1668509749.123983,0.043657,-0.00012,-0.000262,-2.9000000000000027e-05,1.0,0.0,868.6908483713344,0.0,868.6908483713344
1668509809.0058534,0.043669,1.1999999999998123e-05,-0.000189,7.300000000000001e-05,0.0,1.0,0.0,19892.620586029778,868.6908483713344
1668509868.7347894,0.04358,-8.89999999999988e-05,-0.000278,-8.899999999999997e-05,1.0,0.0,866.9204051391778,0.0,866.9204051391778
1668509928.905761,0.043628,4.799999999999943e-05,-0.00023,4.799999999999997e-05,0.0,1.0,0.0,19870.73450855363,866.9204051391778
1668509988.880754,0.043596,-3.199999999999731e-05,-0.000189,4.1e-05,0.0,1.0,0.0,19870.73450855363,866.284541634904
1668510048.8028898,0.043615,1.8999999999998185e-05,-0.00011,7.900000000000001e-05,0.0,1.0,0.0,19870.73450855363,866.6620855905666
1668510108.8794258,0.043594,-2.1000000000000185e-05,-0.000243,-0.0001329999999999,1.0,0.0,866.2448001658869,0.0,866.2448001658869
1668510168.8066757,0.043561,-3.299999999999831e-05,-0.00022,2.299999999999999e-05,0.0,1.0,0.0,19885.787749727664,866.2448001658868
1668510228.7900927,0.04336,-0.0002009999999999,-0.000433,-0.000213,1.0,0.0,862.2477568281915,0.0,862.2477568281915
1668510288.9098969,0.043296,-6.400000000000156e-05,-0.000481,-4.799999999999997e-05,1.0,0.0,862.2477568281915,0.0,862.2477568281915
1668510348.9341578,0.043213,-8.299999999999974e-05,-0.000424,5.6999999999999976e-05,0.0,1.0,0.0,19953.434309772325,862.2477568281915
1668510408.7862158,0.043402,0.000189,-0.000267,0.000157,0.0,1.0,0.0,19953.434309772325,866.0189559127385
1668510468.70945,0.04337,-3.200000000000425e-05,-0.000228,3.899999999999997e-05,0.0,1.0,0.0,19953.434309772325,865.3804460148257
1668510529.3172462,0.04348,0.0001099999999999,-0.000116,0.000112,0.0,1.0,0.0,19953.434309772325,867.5753237889006
1668510588.7435606,0.043481,1.000000000001e-06,-0.000115,9.999999999999972e-07,0.0,1.0,0.0,19953.434309772325,867.5952772232105
1668510648.711482,0.04343,-5.099999999999549e-05,-0.000138,-2.299999999999999e-05,1.0,0.0,866.5776520734121,0.0,866.5776520734121
1668510708.9452667,0.043559,0.0001289999999999,-5.8e-05,7.999999999999999e-05,0.0,1.0,0.0,19894.34220421525,866.5776520734121
1668510768.7862344,0.043559,0.0,-5.8e-05,0.0,0.0,1.0,0.0,19894.34220421525,866.5776520734121
1668510828.7935896,0.043711,0.0001519999999999,0.000211,0.000269,0.0,1.0,0.0,19894.34220421525,869.6015920884528
1668510889.1239932,0.043711,0.0,0.000411,0.0002,0.0,1.0,0.0,19894.34220421525,869.6015920884528
1668510948.981045,0.043722,1.0999999999997123e-05,0.00041,-1.0000000000000243e-06,1.0,0.0,869.820429852699,0.0,869.820429852699
1668511009.142528,0.043758,3.600000000000131e-05,0.000545,0.000135,0.0,1.0,0.0,19877.974995491088,869.820429852699
1668511068.7994862,0.043891,0.000133,0.000545,0.0,0.0,1.0,0.0,19877.974995491088,872.4642005270994
1668511128.7932386,0.044268,0.000377,0.000826,0.000281,0.0,1.0,0.0,19877.974995491088,879.9581971003995
1668511188.7280345,0.044286,1.7999999999997185e-05,0.000805,-2.099999999999997e-05,1.0,0.0,880.3160006503183,0.0,880.3160006503183
1668511248.806069,0.044296,1.0000000000003062e-05,0.000866,6.0999999999999965e-05,0.0,1.0,0.0,19873.48746275777,880.3160006503182
1668511308.8824437,0.044285,-1.1000000000004062e-05,0.000726,-0.00014,1.0,0.0,880.0973922882279,0.0,880.0973922882279
1668511369.0672038,0.044203,-8.199999999999874e-05,0.00061,-0.000116,1.0,0.0,880.0973922882279,0.0,880.0973922882279
1668511429.3177469,0.044145,-5.8000000000002494e-05,0.000506,-0.0001039999999999,1.0,0.0,880.0973922882279,0.0,880.0973922882279
1668511488.8933325,0.044145,0.0,0.000506,0.0,1.0,0.0,880.0973922882279,0.0,880.0973922882279
1668511549.0374904,0.04416,1.5000000000001124e-05,0.000377,-0.000129,1.0,0.0,880.0973922882279,0.0,880.0973922882279
1668511609.0812657,0.043981,-0.0001789999999999,0.000223,-0.000154,1.0,0.0,880.0973922882279,0.0,880.0973922882279
1668511669.1394107,0.044143,0.000162,-7.8e-05,-0.000301,1.0,0.0,880.0973922882279,0.0,880.0973922882279
1668511729.2660477,0.04413,-1.2999999999999123e-05,-0.000184,-0.000106,1.0,0.0,880.0973922882279,0.0,880.0973922882279
1668511789.0681336,0.0442,7.000000000000062e-05,-0.000114,7e-05,0.0,1.0,0.0,19911.705707878456,880.0973922882279
1668511848.859532,0.044154,-4.600000000000437e-05,-0.000124,-1e-05,1.0,0.0,879.1814538256654,0.0,879.1814538256654
1668511909.0208085,0.04413,-2.3999999999996247e-05,-0.000148,-2.3999999999999987e-05,1.0,0.0,879.1814538256654,0.0,879.1814538256654
1668511968.8975327,0.04413,0.0,-0.000148,0.0,1.0,0.0,879.1814538256654,0.0,879.1814538256654
1668512029.1973426,0.04404,-8.99999999999998e-05,-0.000181,-3.3000000000000016e-05,1.0,0.0,879.1814538256654,0.0,879.1814538256654
1668512088.9856985,0.044039,-1.000000000001e-06,-0.000106,7.500000000000001e-05,0.0,1.0,0.0,19963.70157872943,879.1814538256654
1668512148.9304972,0.044099,5.999999999999756e-05,-0.000143,-3.7000000000000005e-05,1.0,0.0,880.3792759203891,0.0,880.3792759203891
1668512209.2394035,0.044099,0.0,-0.000143,0.0,1.0,0.0,880.3792759203891,0.0,880.3792759203891
1668512269.2784278,0.044111,1.1999999999998123e-05,-0.000131,1.1999999999999994e-05,0.0,1.0,0.0,19958.27063363762,880.3792759203891
1668512328.9436405,0.04413,1.9000000000005124e-05,-0.000112,1.900000000000001e-05,0.0,1.0,0.0,19958.27063363762,880.7584830624282
1668512389.0092957,0.04413,0.0,-0.000112,0.0,0.0,1.0,0.0,19958.27063363762,880.7584830624282
1668512449.039956,0.0442,7.000000000000062e-05,0.0,0.000112,0.0,1.0,0.0,19958.27063363762,882.1555620067829
1668512508.9325163,0.0442,0.0,0.0,0.0,0.0,1.0,0.0,19958.27063363762,882.1555620067829
1668512569.1433554,0.044101,-9.900000000000186e-05,-6.1e-05,-6.1e-05,1.0,0.0,880.1796932140528,0.0,880.1796932140528
1668512629.0501325,0.044191,8.99999999999998e-05,2.9e-05,8.999999999999999e-05,0.0,1.0,0.0,19917.623344437845,880.1796932140528
1668512689.0255656,0.044077,-0.000114,3.7e-05,7.999999999999998e-06,0.0,1.0,0.0,19917.623344437845,877.9090841527868
1668512748.9878955,0.04408,3.0000000000030003e-06,4e-05,3.000000000000005e-06,0.0,1.0,0.0,19917.623344437845,877.9688370228203
1668512809.0813158,0.044114,3.399999999999931e-05,7.5e-05,3.499999999999999e-05,0.0,1.0,0.0,19917.623344437845,878.6460362165311
1668512869.3725796,0.044061,-5.299999999999749e-05,-3.8e-05,-0.000113,1.0,0.0,877.590402179276,0.0,877.590402179276
1668512928.9916282,0.044,-6.100000000000549e-05,-0.000108,-7e-05,1.0,0.0,877.590402179276,0.0,877.590402179276
1668512988.9537685,0.044,0.0,-0.000108,0.0,1.0,0.0,877.590402179276,0.0,877.590402179276
1668513048.903548,0.044016,1.6000000000002124e-05,-0.000114,-6.00000000000001e-06,1.0,0.0,877.590402179276,0.0,877.590402179276
1668513109.0980296,0.044108,9.20000000000018e-05,-9.2e-05,2.200000000000001e-05,0.0,1.0,0.0,19896.399795485533,877.5904021792759
1668513169.048393,0.044108,0.0,-9.2e-05,0.0,0.0,1.0,0.0,19896.399795485533,877.5904021792759
1668513229.1157646,0.044013,-9.50000000000048e-05,-0.000187,-9.5e-05,1.0,0.0,875.7002441987047,0.0,875.7002441987047
1668513288.9613557,0.044013,0.0,-0.000187,0.0,1.0,0.0,875.7002441987047,0.0,875.7002441987047
1668513349.1048498,0.044086,7.300000000000362e-05,-9.9e-05,8.8e-05,0.0,1.0,0.0,19863.454253021475,875.7002441987047
1668513409.1014032,0.044107,2.1000000000000185e-05,4.8e-05,0.000147,0.0,1.0,0.0,19863.454253021475,876.1173767380182
1668513468.8927534,0.044092,-1.5000000000001124e-05,1.2e-05,-3.6e-05,1.0,0.0,875.8194249242229,0.0,875.8194249242229
1668513528.832704,0.044103,1.1000000000004062e-05,2.3e-05,1.1e-05,0.0,1.0,0.0,19858.49998694472,875.8194249242229
1668513589.0576353,0.044016,-8.700000000000374e-05,-4.3e-05,-6.6e-05,1.0,0.0,874.0917354253588,0.0,874.0917354253588
1668513648.996535,0.04415,0.000134,0.00015,0.0001929999999999,0.0,1.0,0.0,19798.22730295264,874.0917354253588
1668513709.1309326,0.044189,3.899999999999737e-05,8.1e-05,-6.899999999999998e-05,1.0,0.0,874.8638662901741,0.0,874.8638662901741
1668513769.224959,0.0442,1.1000000000004062e-05,9.2e-05,1.0999999999999996e-05,0.0,1.0,0.0,19793.30014231163,874.8638662901741
1668513828.9427853,0.0442,0.0,9.2e-05,0.0,0.0,1.0,0.0,19793.30014231163,874.8638662901741
1668513889.1278336,0.044266,6.599999999999662e-05,0.000181,8.900000000000001e-05,0.0,1.0,0.0,19793.30014231163,876.1702240995666
1668513948.9051907,0.044326,5.999999999999756e-05,0.000235,5.3999999999999984e-05,0.0,1.0,0.0,19793.30014231163,877.3578221081052
1668514008.9294956,0.044197,-0.0001289999999999,0.000109,-0.0001259999999999,1.0,0.0,874.8044863897471,0.0,874.8044863897471
1668514069.0541542,0.044197,0.0,0.000109,0.0,1.0,0.0,874.8044863897471,0.0,874.8044863897471
1668514128.8851614,0.044319,0.0001219999999999,0.000234,0.000125,0.0,1.0,0.0,19738.81374556617,874.8044863897471
1668514188.9637518,0.044197,-0.0001219999999999,9.8e-05,-0.000136,1.0,0.0,872.396351112788,0.0,872.396351112788
1668514249.0225642,0.044102,-9.499999999999786e-05,2.5e-05,-7.3e-05,1.0,0.0,872.396351112788,0.0,872.396351112788
1668514308.9455662,0.044077,-2.5000000000004186e-05,0.0,-2.5e-05,1.0,0.0,872.396351112788,0.0,872.396351112788
1668514369.0385306,0.044077,0.0,-0.000123,-0.000123,1.0,0.0,872.396351112788,0.0,872.396351112788
1668514428.951893,0.04403,-4.699999999999843e-05,-0.00017,-4.7e-05,1.0,0.0,872.396351112788,0.0,872.396351112788
1668514489.2016275,0.044,-3.0000000000002247e-05,-0.000267,-9.699999999999996e-05,1.0,0.0,872.396351112788,0.0,872.396351112788
1668514549.0138085,0.043935,-6.499999999999562e-05,-0.000332,-6.500000000000001e-05,1.0,0.0,872.396351112788,0.0,872.396351112788
1668514609.198259,0.043921,-1.4000000000000123e-05,-0.000291,4.0999999999999967e-05,0.0,1.0,0.0,19862.852647088817,872.396351112788
1668514669.0135767,0.043924,2.9999999999960614e-06,-0.000288,3.0000000000000187e-06,0.0,1.0,0.0,19862.852647088817,872.4559396707292
1668514729.0420003,0.043929,5.000000000005e-06,-0.000397,-0.0001089999999999,1.0,0.0,872.5552539339648,0.0,872.5552539339648
1668514789.0700064,0.04388,-4.900000000000043e-05,-0.000317,7.999999999999999e-05,0.0,1.0,0.0,19885.03313432007,872.5552539339648
1668514848.9107492,0.043825,-5.499999999999949e-05,-0.000497,-0.00018,1.0,0.0,871.4615771115772,0.0,871.4615771115772
1668514909.097681,0.043876,5.099999999999549e-05,-0.000444,5.300000000000004e-05,0.0,1.0,0.0,19861.91943457875,871.4615771115773
1668514969.0832338,0.043823,-5.299999999999749e-05,-0.000254,0.00019,0.0,1.0,0.0,19861.91943457875,870.4088953815447
1668515028.883845,0.043862,3.899999999999737e-05,-0.000215,3.9e-05,0.0,1.0,0.0,19861.91943457875,871.1835102394931
1668515089.0804005,0.04385,-1.1999999999998123e-05,-0.000227,-1.1999999999999994e-05,1.0,0.0,870.9451672062783,0.0,870.9451672062783
1668515149.023242,0.043752,-9.800000000000086e-05,-0.000278,-5.099999999999999e-05,1.0,0.0,870.9451672062783,0.0,870.9451672062783
1668515209.1296751,0.043783,3.100000000000325e-05,-0.000152,0.0001259999999999,0.0,1.0,0.0,19892.31361958473,870.9451672062783
1668515269.2967618,0.043783,0.0,-0.000141,1.0999999999999996e-05,0.0,1.0,0.0,19892.31361958473,870.9451672062783
1668515329.237643,0.043783,0.0,-0.000158,-1.699999999999998e-05,1.0,0.0,870.9451672062783,0.0,870.9451672062783
1668515388.9475496,0.043783,0.0,-2.6e-05,0.0001319999999999,0.0,1.0,0.0,19892.31361958473,870.9451672062783
1668515449.1903007,0.043776,-7.000000000000062e-06,-3.3e-05,-7.000000000000004e-06,1.0,0.0,870.8059210109411,0.0,870.8059210109411
1668515509.1186802,0.04375,-2.6000000000005186e-05,-0.000148,-0.0001149999999999,1.0,0.0,870.8059210109411,0.0,870.8059210109411
1668515569.3808155,0.043741,-8.999999999995123e-06,-0.000169,-2.0999999999999995e-05,1.0,0.0,870.8059210109411,0.0,870.8059210109411
1668515628.967273,0.04361,-0.0001309999999999,-0.000176,-7.000000000000008e-06,1.0,0.0,870.8059210109411,0.0,870.8059210109411
1668515688.9444733,0.043746,0.0001359999999999,-0.00011,6.599999999999999e-05,0.0,1.0,0.0,19905.95531044989,870.8059210109411
1668515749.1022968,0.0437,-4.599999999999743e-05,-5e-05,6e-05,0.0,1.0,0.0,19905.95531044989,869.8902470666603
1668515809.2128584,0.043662,-3.800000000000331e-05,-9e-05,-4e-05,1.0,0.0,869.133820764863,0.0,869.133820764863
1668515869.3048823,0.043704,4.200000000000037e-05,-0.000137,-4.699999999999999e-05,1.0,0.0,869.133820764863,0.0,869.133820764863
1668515929.213497,0.0437,-3.9999999999970615e-06,-8.3e-05,5.4e-05,0.0,1.0,0.0,19888.64578409297,869.133820764863
1668515989.289741,0.043631,-6.899999999999962e-05,-0.000152,-6.900000000000001e-05,1.0,0.0,867.7615042057604,0.0,867.7615042057604
1668516049.190007,0.043631,0.0,-0.000152,0.0,1.0,0.0,867.7615042057604,0.0,867.7615042057604
1668516109.3075187,0.043638,7.000000000000062e-06,-0.000149,3.0000000000000187e-06,0.0,1.0,0.0,19885.45543346992,867.7615042057605
1668516169.1110387,0.04357,-6.800000000000556e-05,-0.000176,-2.700000000000001e-05,1.0,0.0,866.4092932362844,0.0,866.4092932362844
1668516229.261767,0.043627,5.700000000000149e-05,3.7e-05,0.000213,0.0,1.0,0.0,19859.47448223083,866.4092932362845
1668516289.2095852,0.043644,1.7000000000003124e-05,-0.000102,-0.000139,1.0,0.0,866.7469043024824,0.0,866.7469043024824
1668516349.1921008,0.043661,1.6999999999996185e-05,-6e-05,4.2e-05,0.0,1.0,0.0,19851.741927635245,866.7469043024823
1668516409.3982835,0.043712,5.100000000000243e-05,1.2e-05,7.2e-05,0.0,1.0,0.0,19851.741927635245,867.7593431407919
1668516469.1846888,0.043717,4.9999999999980616e-06,-4e-06,-1.6e-05,1.0,0.0,867.85860185043,0.0,867.85860185043
1668516529.3056126,0.043684,-3.299999999999831e-05,-2e-05,-1.6000000000000003e-05,1.0,0.0,867.85860185043,0.0,867.85860185043
1668516589.298745,0.043633,-5.100000000000243e-05,3e-06,2.3000000000000003e-05,0.0,1.0,0.0,19889.959476782024,867.85860185043
1668516649.0785358,0.04365,1.7000000000003124e-05,1.9e-05,1.6000000000000003e-05,0.0,1.0,0.0,19889.959476782024,868.1967311615354
1668516709.250864,0.043855,0.0002049999999999,0.000227,0.000208,0.0,1.0,0.0,19889.959476782024,872.2741728542757
1668516769.1445358,0.043848,-7.000000000000062e-06,0.000224,-2.999999999999992e-06,1.0,0.0,872.1349431379381,0.0,872.1349431379381
1668516829.2357266,0.043799,-4.900000000000043e-05,0.000158,-6.6e-05,1.0,0.0,872.1349431379381,0.0,872.1349431379381
1668516889.1159787,0.043787,-1.1999999999998123e-05,0.000126,-3.199999999999999e-05,1.0,0.0,872.1349431379381,0.0,872.1349431379381
1668516949.1461022,0.043862,7.499999999999868e-05,0.000141,1.5000000000000012e-05,0.0,1.0,0.0,19883.610941998497,872.1349431379381
1668517009.194719,0.043929,6.700000000000456e-05,0.000212,7.099999999999999e-05,0.0,1.0,0.0,19883.610941998497,873.4671450710521
1668517069.0507824,0.04392,-9.000000000002062e-06,0.000249,3.699999999999998e-05,0.0,1.0,0.0,19883.610941998497,873.288192572574
1668517129.0724306,0.043906,-1.4000000000000123e-05,0.000235,-1.3999999999999988e-05,1.0,0.0,873.009822019386,0.0,873.009822019386
1668517189.1083086,0.043906,0.0,0.000235,0.0,1.0,0.0,873.009822019386,0.0,873.009822019386
1668517249.101941,0.043905,-1.000000000001e-06,0.000194,-4.1e-05,1.0,0.0,873.009822019386,0.0,873.009822019386
1668517309.2601829,0.043908,3.0000000000030003e-06,0.000153,-4.1e-05,1.0,0.0,873.009822019386,0.0,873.009822019386
1668517369.3968828,0.043743,-0.000165,-2.7e-05,-0.00018,1.0,0.0,873.009822019386,0.0,873.009822019386
1668517429.1143732,0.043747,4.000000000004e-06,-5.5e-05,-2.8000000000000003e-05,1.0,0.0,873.009822019386,0.0,873.009822019386
1668517489.1225247,0.043724,-2.3000000000002185e-05,-7.8e-05,-2.3e-05,1.0,0.0,873.009822019386,0.0,873.009822019386
1668517549.2032585,0.043724,0.0,-8.1e-05,-3.000000000000005e-06,1.0,0.0,873.009822019386,0.0,873.009822019386
1668517609.2821891,0.043735,1.1000000000004062e-05,-7e-05,1.100000000000001e-05,0.0,1.0,0.0,19961.354110423825,873.0098220193861
1668517669.1066978,0.043797,6.199999999999956e-05,7e-06,7.699999999999999e-05,0.0,1.0,0.0,19961.354110423825,874.2474259742323
1668517729.1338212,0.043836,3.899999999999737e-05,4.6e-05,3.9e-05,0.0,1.0,0.0,19961.354110423825,875.0259187845388
1668517789.0011835,0.043724,-0.000112,-0.000205,-0.000251,1.0,0.0,872.7902471241713,0.0,872.7902471241713
1668517849.202623,0.043748,2.4000000000003185e-05,-0.000158,4.7e-05,0.0,1.0,0.0,19950.403381278487,872.7902471241713
1668517909.1624298,0.043665,-8.299999999999974e-05,-0.000241,-8.300000000000001e-05,1.0,0.0,871.1343636435251,0.0,871.1343636435251
1668517969.1332986,0.043665,0.0,-0.000241,0.0,1.0,0.0,871.1343636435251,0.0,871.1343636435251
1668518029.2498798,0.043559,-0.000106,-0.000347,-0.0001059999999999,1.0,0.0,871.1343636435251,0.0,871.1343636435251
1668518089.1689262,0.043631,7.200000000000262e-05,-0.000275,7.199999999999996e-05,0.0,1.0,0.0,19965.94998151601,871.1343636435251
1668518149.2769785,0.043631,0.0,-0.000166,0.000109,0.0,1.0,0.0,19965.94998151601,871.134363643525
1668518209.1387727,0.043652,2.1000000000000185e-05,-4.7e-05,0.0001189999999999,0.0,1.0,0.0,19965.94998151601,871.5536485931369
1668518269.19767,0.043568,-8.400000000000074e-05,-0.000131,-8.400000000000001e-05,1.0,0.0,869.8765087946895,0.0,869.8765087946895
1668518329.203003,0.043664,9.599999999999886e-05,-7.1e-05,6.000000000000001e-05,0.0,1.0,0.0,19922.052693172624,869.8765087946895
1668518389.2993324,0.043623,-4.099999999999937e-05,-0.000213,-0.0001419999999999,1.0,0.0,869.0597046342695,0.0,869.0597046342695
1668518450.040636,0.043623,0.0,-0.000157,5.6000000000000006e-05,0.0,1.0,0.0,19922.052693172624,869.0597046342695
1668518509.9682772,0.043676,5.299999999999749e-05,-0.000104,5.3e-05,0.0,1.0,0.0,19922.052693172624,870.1155734270075
1668518569.9894795,0.043767,9.10000000000008e-05,0.000102,0.000206,0.0,1.0,0.0,19922.052693172624,871.9284802220863
1668518630.80555,0.043767,0.0,0.000102,0.0,0.0,1.0,0.0,19922.052693172624,871.9284802220863
1668518690.76941,0.043767,0.0,0.000136,3.4e-05,0.0,1.0,0.0,19922.052693172624,871.9284802220863
1668518750.7773066,0.043789,2.2000000000001185e-05,0.00016,2.400000000000001e-05,0.0,1.0,0.0,19922.052693172624,872.366765381336
1668518811.8415096,0.043731,-5.8000000000002494e-05,0.000102,-5.8000000000000014e-05,1.0,0.0,871.2112863251319,0.0,871.2112863251319
1668518872.0773416,0.043719,-1.1999999999998123e-05,7.4e-05,-2.8000000000000003e-05,1.0,0.0,871.2112863251319,0.0,871.2112863251319
1668518932.0842311,0.043695,-2.4000000000003185e-05,5e-05,-2.4e-05,1.0,0.0,871.2112863251319,0.0,871.2112863251319
1668518992.6999152,0.043547,-0.0001479999999999,-2.1e-05,-7.1e-05,1.0,0.0,871.2112863251319,0.0,871.2112863251319
1668519052.6959636,0.0426,-0.000947,-0.001092,-0.001071,1.0,0.0,871.2112863251319,0.0,871.2112863251319
1668519112.746394,0.04271,0.0001099999999999,-0.000913,0.000179,0.0,1.0,0.0,20398.297502344463,871.2112863251319
1668519173.4495642,0.042609,-0.0001009999999999,-0.001014,-0.0001009999999999,1.0,0.0,869.1510582773952,0.0,869.1510582773952
1668519233.4575508,0.042644,3.500000000000031e-05,-0.001032,-1.8000000000000004e-05,1.0,0.0,869.1510582773952,0.0,869.1510582773952
1668519293.3360806,0.042636,-8.000000000001062e-06,-0.001158,-0.000126,1.0,0.0,869.1510582773952,0.0,869.1510582773952
1668519354.4510343,0.043066,0.0004299999999999,-0.000701,0.0004569999999999,0.0,1.0,0.0,20181.838533353348,869.1510582773952
1668519414.3593194,0.043089,2.3000000000002185e-05,-0.0007,1.0000000000000243e-06,0.0,1.0,0.0,20181.838533353348,869.6152405636625
1668519474.4739263,0.043,-8.900000000000574e-05,-0.000731,-3.0999999999999995e-05,1.0,0.0,867.8190569341939,0.0,867.8190569341939
1668519535.458155,0.042889,-0.0001109999999999,-0.000842,-0.0001109999999999,1.0,0.0,867.8190569341939,0.0,867.8190569341939
1668519595.3239238,0.04297,8.100000000000468e-05,-0.000439,0.000403,0.0,1.0,0.0,20195.928716178587,867.8190569341939
1668519655.49122,0.043153,0.0001829999999999,0.000613,0.001052,0.0,1.0,0.0,20195.928716178587,871.5149118892544
1668519716.025041,0.043037,-0.0001159999999999,0.000428,-0.000185,1.0,0.0,869.1721841581779,0.0,869.1721841581779
1668519776.0339386,0.04302,-1.6999999999996185e-05,0.000604,0.000176,0.0,1.0,0.0,20203.909441147785,869.1721841581777
1668519836.0457673,0.043,-2.0000000000006124e-05,0.000409,-0.000195,1.0,0.0,868.7681059693547,0.0,868.7681059693547
1668519897.1481988,0.042975,-2.4999999999997247e-05,0.000313,-9.6e-05,1.0,0.0,868.7681059693547,0.0,868.7681059693547
1668519957.1376736,0.042912,-6.300000000000056e-05,-0.0002,-0.000513,1.0,0.0,868.7681059693547,0.0,868.7681059693547
1668520017.142641,0.04318,0.000268,3.3e-05,0.000233,0.0,1.0,0.0,20119.68749350057,868.7681059693547
1668520077.936506,0.043379,0.0001989999999999,0.00049,0.000457,0.0,1.0,0.0,20119.68749350057,872.7719237805612
1668520137.8082836,0.043305,-7.399999999999768e-05,0.000315,-0.0001749999999999,1.0,0.0,871.2830669060422,0.0,871.2830669060422
1668520197.8302202,0.043229,-7.600000000000662e-05,7.6e-05,-0.000239,1.0,0.0,871.2830669060422,0.0,871.2830669060422
1668520258.5955265,0.043162,-6.699999999999762e-05,0.00016,8.400000000000001e-05,0.0,1.0,0.0,20186.346019786903,871.2830669060422
1668520318.5889754,0.043141,-2.1000000000000185e-05,6.1e-05,-9.900000000000002e-05,1.0,0.0,870.8591536396267,0.0,870.8591536396267
1668520378.7009768,0.043285,0.0001439999999999,0.000265,0.000204,0.0,1.0,0.0,20119.19033474937,870.8591536396267
1668520439.3964329,0.043298,1.3000000000006062e-05,0.000336,7.099999999999999e-05,0.0,1.0,0.0,20119.19033474937,871.1207031139784
1668520499.3041208,0.043359,6.099999999999856e-05,0.000384,4.800000000000003e-05,0.0,1.0,0.0,20119.19033474937,872.347973724398
1668520559.542644,0.043275,-8.400000000000074e-05,0.000363,-2.1000000000000023e-05,1.0,0.0,870.657961736279,0.0,870.657961736279
1668520620.5708957,0.043372,9.699999999999986e-05,6.4e-05,-0.000299,1.0,0.0,870.657961736279,0.0,870.657961736279
1668520680.438024,0.043296,-7.599999999999968e-05,3.1e-05,-3.3e-05,1.0,0.0,870.657961736279,0.0,870.657961736279
1668520740.4835262,0.043166,-0.0001299999999999,-0.00013,-0.0001609999999999,1.0,0.0,870.657961736279,0.0,870.657961736279
1668520801.1781986,0.043025,-0.000141,-0.000257,-0.000127,1.0,0.0,870.657961736279,0.0,870.657961736279
1668520861.3535974,0.043061,3.600000000000131e-05,-0.000101,0.000156,0.0,1.0,0.0,20219.17655735536,870.657961736279
1668520921.3120606,0.04317,0.0001089999999999,-3e-06,9.8e-05,0.0,1.0,0.0,20219.17655735536,872.8618519810309
1668520981.9509263,0.04319,1.9999999999999185e-05,-0.000152,-0.000149,1.0,0.0,873.266235512178,0.0,873.266235512178
1668521041.9765887,0.043328,0.0001379999999999,-3.1e-05,0.000121,0.0,1.0,0.0,20154.77833069096,873.266235512178
1668521101.9301455,0.043272,-5.6000000000000494e-05,5.9e-05,8.999999999999999e-05,0.0,1.0,0.0,20154.77833069096,872.1375679256591
1668521162.9739864,0.043161,-0.0001109999999999,-0.000145,-0.000204,1.0,0.0,869.9003875309525,0.0,869.9003875309525
1668521223.0855803,0.043227,6.600000000000356e-05,-0.000126,1.9e-05,0.0,1.0,0.0,20124.005541234703,869.9003875309526
1668521282.9459865,0.04325,2.2999999999995246e-05,0.000106,0.000232,0.0,1.0,0.0,20124.005541234703,870.3632396584009
1668521343.7217193,0.043423,0.000173,0.000323,0.000217,0.0,1.0,0.0,20124.005541234703,873.8446926170345
1668521404.007604,0.04341,-1.3000000000006062e-05,0.000385,6.199999999999999e-05,0.0,1.0,0.0,20124.005541234703,873.5830805449984
1668521463.8016932,0.04338,-2.9999999999995308e-05,0.000319,-6.599999999999998e-05,1.0,0.0,872.9793603787615,0.0,872.9793603787615
1668521524.5818715,0.043391,1.0999999999997123e-05,0.000185,-0.000134,1.0,0.0,872.9793603787615,0.0,872.9793603787615
1668521584.609701,0.04332,-7.100000000000162e-05,0.00013,-5.500000000000001e-05,1.0,0.0,872.9793603787615,0.0,872.9793603787615
1668521645.1567492,0.043379,5.900000000000349e-05,0.000177,4.7e-05,0.0,1.0,0.0,20124.469452471505,872.9793603787614
1668521705.5215526,0.043419,3.999999999999837e-05,0.000133,-4.399999999999999e-05,1.0,0.0,873.7843391568603,0.0,873.7843391568603
1668521765.771222,0.04357,0.0001509999999999,0.000409,0.000276,0.0,1.0,0.0,20054.724332266705,873.7843391568603
1668521825.6937249,0.043548,-2.1999999999994246e-05,0.000321,-8.800000000000002e-05,1.0,0.0,873.3431352215506,0.0,873.3431352215506
1668521886.3478007,0.04363,8.199999999999874e-05,0.000313,-7.999999999999978e-06,1.0,0.0,873.3431352215506,0.0,873.3431352215506
1668521946.3370583,0.043602,-2.8000000000000247e-05,0.00018,-0.000133,1.0,0.0,873.3431352215506,0.0,873.3431352215506
1668522006.339087,0.04357,-3.200000000000425e-05,0.00017,-1e-05,1.0,0.0,873.3431352215506,0.0,873.3431352215506
1668522067.1494684,0.04349,-7.999999999999674e-05,9.9e-05,-7.100000000000002e-05,1.0,0.0,873.3431352215506,0.0,873.3431352215506
1668522127.2372818,0.04354,5.000000000000143e-05,0.000141,4.200000000000002e-05,0.0,1.0,0.0,20058.40916907557,873.3431352215505
1668522187.1964974,0.043555,1.5000000000001124e-05,0.00021,6.9e-05,0.0,1.0,0.0,20058.40916907557,873.6440113590866
1668522248.7936406,0.043524,-3.100000000000325e-05,0.000145,-6.500000000000001e-05,1.0,0.0,873.0222006748452,0.0,873.0222006748452
1668522308.8826923,0.043288,-0.000236,-0.000101,-0.000246,1.0,0.0,873.0222006748452,0.0,873.0222006748452
1668522368.5059268,0.043322,3.399999999999931e-05,-0.000226,-0.000125,1.0,0.0,873.0222006748452,0.0,873.0222006748452
1668522429.6780114,0.043296,-2.5999999999998247e-05,-0.000294,-6.8e-05,1.0,0.0,873.0222006748452,0.0,873.0222006748452
1668522489.3877337,0.043297,1.000000000001e-06,-0.000293,9.9999999999997e-07,0.0,1.0,0.0,20163.57254948022,873.0222006748452
1668522549.4116633,0.043278,-1.9000000000005124e-05,-0.000419,-0.0001259999999999,1.0,0.0,872.639092796405,0.0,872.639092796405
1668522610.2692945,0.043291,1.3000000000006062e-05,-0.000311,0.0001079999999999,0.0,1.0,0.0,20157.517562458823,872.639092796405
1668522670.2740247,0.043157,-0.000134,-0.000349,-3.8e-05,1.0,0.0,869.9379854430355,0.0,869.9379854430355
1668522730.2699692,0.043136,-2.1000000000000185e-05,-0.000353,-3.999999999999989e-06,1.0,0.0,869.9379854430355,0.0,869.9379854430355
1668522791.0942037,0.043157,2.1000000000000185e-05,-0.000412,-5.899999999999997e-05,1.0,0.0,869.9379854430355,0.0,869.9379854430355
1668522851.3144176,0.043148,-9.000000000002062e-06,-0.000407,4.999999999999959e-06,0.0,1.0,0.0,20161.722106309346,869.9379854430355
1668522911.1252842,0.043069,-7.899999999999574e-05,-0.000353,5.400000000000001e-05,0.0,1.0,0.0,20161.722106309346,868.3452093966373
1668522971.881026,0.043127,5.799999999999556e-05,-0.000195,0.000158,0.0,1.0,0.0,20161.722106309346,869.5145892788031
1668523032.2788618,0.043107,-1.9999999999999185e-05,-0.000215,-2e-05,1.0,0.0,869.1113548366769,0.0,869.1113548366769
1668523092.3821094,0.043107,0.0,-0.000215,0.0,1.0,0.0,869.1113548366769,0.0,869.1113548366769
1668523152.8747847,0.04312,1.2999999999999123e-05,-0.000158,5.7e-05,0.0,1.0,0.0,20155.643665043528,869.1113548366769
1668523212.8519876,0.043159,3.900000000000431e-05,-0.000132,2.599999999999998e-05,0.0,1.0,0.0,20155.643665043528,869.8974249396136
1668523272.769707,0.04316,9.999999999940612e-07,-0.000131,9.999999999999972e-07,0.0,1.0,0.0,20155.643665043528,869.9175805832787
1668523333.642254,0.043514,0.000354,0.000377,0.000508,0.0,1.0,0.0,20155.643665043528,877.052678440704
1668523393.4948208,0.043522,8.000000000001062e-06,0.000365,-1.200000000000002e-05,1.0,0.0,877.2139235900244,0.0,877.2139235900244
1668523453.5939655,0.043535,1.2999999999999123e-05,0.000387,2.2e-05,0.0,1.0,0.0,20149.624981969093,877.2139235900244
1668523514.586842,0.0435,-3.500000000000031e-05,0.000352,-3.499999999999998e-05,1.0,0.0,876.5086867156555,0.0,876.5086867156555
1668523574.733508,0.043595,9.50000000000048e-05,0.000468,0.000116,0.0,1.0,0.0,20105.715947142,876.5086867156555
1668523634.630294,0.043615,1.9999999999999185e-05,0.000549,8.100000000000002e-05,0.0,1.0,0.0,20105.715947142,876.9108010345983
1668523695.3885324,0.043759,0.0001439999999999,0.00062,7.099999999999999e-05,0.0,1.0,0.0,20105.715947142,879.8060241309867
1668523755.442815,0.043708,-5.100000000000243e-05,0.000569,-5.100000000000005e-05,1.0,0.0,878.7806326176824,0.0,878.7806326176824
1668523815.289214,0.043779,7.100000000000162e-05,0.000619,5.000000000000002e-05,0.0,1.0,0.0,20073.10885624803,878.7806326176824
1668523876.9774468,0.043674,-0.000105,0.000165,-0.000454,1.0,0.0,876.6729561877763,0.0,876.6729561877763
1668523937.414867,0.043577,-9.699999999999986e-05,6.8e-05,-9.7e-05,1.0,0.0,876.6729561877763,0.0,876.6729561877763
1668523996.8479142,0.04359,1.2999999999999123e-05,6.8e-05,0.0,1.0,0.0,876.6729561877763,0.0,876.6729561877763
1668524057.900351,0.043593,3.0000000000030003e-06,8e-05,1.2000000000000009e-05,0.0,1.0,0.0,20110.406629224333,876.6729561877763
1668524118.160913,0.043627,3.399999999999931e-05,0.000127,4.699999999999999e-05,0.0,1.0,0.0,20110.406629224333,877.35671001317
1668524177.9101586,0.0435,-0.000127,-0.000115,-0.000242,1.0,0.0,874.8026883712585,0.0,874.8026883712585
1668524239.900265,0.043302,-0.0001979999999999,-0.000313,-0.000198,1.0,0.0,874.8026883712585,0.0,874.8026883712585
1668524298.949792,0.043248,-5.3999999999998494e-05,-0.000547,-0.0002339999999999,1.0,0.0,874.8026883712585,0.0,874.8026883712585
1668524358.9067135,0.0432,-4.799999999999943e-05,-0.000595,-4.800000000000008e-05,1.0,0.0,874.8026883712585,0.0,874.8026883712585
1668524419.805128,0.043278,7.799999999999474e-05,-0.000501,9.4e-05,0.0,1.0,0.0,20213.565515302427,874.8026883712583
1668524479.474046,0.043339,6.100000000000549e-05,-0.000361,0.00014,0.0,1.0,0.0,20213.565515302427,876.0357158676919
1668524540.291164,0.043205,-0.000134,-0.000372,-1.0999999999999996e-05,1.0,0.0,873.3270980886414,0.0,873.3270980886414
1668524600.7998326,0.043205,0.0,-0.000372,0.0,1.0,0.0,873.3270980886414,0.0,873.3270980886414
1668524660.6783938,0.043216,1.0999999999997123e-05,-0.000377,-5.000000000000013e-06,1.0,0.0,873.3270980886414,0.0,873.3270980886414
1668524720.9055583,0.043217,1.000000000001e-06,-0.00041,-3.299999999999999e-05,1.0,0.0,873.3270980886414,0.0,873.3270980886414
1668524782.28458,0.043183,-3.399999999999931e-05,-0.000371,3.899999999999997e-05,0.0,1.0,0.0,20223.8635131566,873.3270980886413
1668524842.1725917,0.04336,0.000177,5.8e-05,0.000429,0.0,1.0,0.0,20223.8635131566,876.9067219304702
1668524901.2969627,0.043485,0.000125,0.000256,0.000198,0.0,1.0,0.0,20223.8635131566,879.4347048696148
1668524962.1104736,0.043434,-5.100000000000243e-05,0.000156,-0.0001,1.0,0.0,878.4032878304438,0.0,878.4032878304438
1668525022.1241786,0.043505,7.100000000000162e-05,8.2e-05,-7.4e-05,1.0,0.0,878.4032878304438,0.0,878.4032878304438
1668525083.684754,0.0435,-5.000000000005e-06,0.000157,7.5e-05,0.0,1.0,0.0,20193.17903058492,878.4032878304438
1668525143.8082712,0.043474,-2.5999999999998247e-05,0.000269,0.0001119999999999,0.0,1.0,0.0,20193.17903058492,877.8782651756488
1668525203.2960875,0.043551,7.700000000000068e-05,0.000275,6.000000000000037e-06,0.0,1.0,0.0,20193.17903058492,879.4331399610039
1668525263.3485234,0.043617,6.600000000000356e-05,0.0004,0.000125,0.0,1.0,0.0,20193.17903058492,880.7658897770226
1668525324.403262,0.043573,-4.400000000000237e-05,0.000408,7.999999999999978e-06,0.0,1.0,0.0,20193.17903058492,879.8773898996768
1668525384.8822224,0.04345,-0.0001229999999999,0.000186,-0.000222,1.0,0.0,877.3936288789149,0.0,877.3936288789149
1668525445.1175046,0.043381,-6.899999999999962e-05,0.000117,-6.9e-05,1.0,0.0,877.3936288789149,0.0,877.3936288789149
1668525505.2806356,0.043321,-6.0000000000004494e-05,-0.000224,-0.000341,1.0,0.0,877.3936288789149,0.0,877.3936288789149
1668525564.8754723,0.043345,2.4000000000003185e-05,-0.0002,2.3999999999999987e-05,0.0,1.0,0.0,20242.095486882336,877.3936288789149
1668525625.341098,0.043333,-1.1999999999998123e-05,-0.000172,2.8000000000000003e-05,0.0,1.0,0.0,20242.095486882336,877.1507237330724
1668525686.2570214,0.043254,-7.900000000000268e-05,-0.000251,-7.899999999999997e-05,1.0,0.0,875.5515981896085,0.0,875.5515981896085
1668525746.941994,0.043254,0.0,-0.000251,0.0,1.0,0.0,875.5515981896085,0.0,875.5515981896085
1668525805.907213,0.043254,0.0,-0.000251,0.0,1.0,0.0,875.5515981896085,0.0,875.5515981896085
1668525866.7692418,0.043254,0.0,-0.000194,5.6999999999999976e-05,0.0,1.0,0.0,20242.095486882336,875.5515981896085
1668525926.789122,0.04321,-4.400000000000237e-05,-0.000238,-4.400000000000001e-05,1.0,0.0,874.6609459881856,0.0,874.6609459881856
1668525986.884003,0.043185,-2.4999999999997247e-05,-0.000326,-8.8e-05,1.0,0.0,874.6609459881856,0.0,874.6609459881856
1668526048.0318158,0.043193,8.000000000001062e-06,-0.00039,-6.399999999999998e-05,1.0,0.0,874.6609459881856,0.0,874.6609459881856
1668526107.684866,0.043193,0.0,-0.000289,0.000101,0.0,1.0,0.0,20250.06241724783,874.6609459881856
1668526167.6614723,0.043187,-5.999999999999062e-06,-0.000194,9.499999999999998e-05,0.0,1.0,0.0,20250.06241724783,874.5394456136821
1668526228.3982594,0.043199,1.1999999999998123e-05,-0.000183,1.0999999999999996e-05,0.0,1.0,0.0,20250.06241724783,874.782446362689
1668526288.469211,0.04317,-2.9000000000001247e-05,-4.6e-05,0.000137,0.0,1.0,0.0,20250.06241724783,874.1951945525889
1668526348.668191,0.043126,-4.400000000000237e-05,-0.000183,-0.000137,1.0,0.0,873.3041918062299,0.0,873.3041918062299
1668526409.3669891,0.043049,-7.700000000000068e-05,-0.00026,-7.699999999999997e-05,1.0,0.0,873.3041918062299,0.0,873.3041918062299
1668526469.597108,0.043032,-1.6999999999996185e-05,-0.000222,3.7999999999999975e-05,0.0,1.0,0.0,20294.29707673893,873.3041918062299
1668526529.541231,0.043066,3.399999999999931e-05,-0.000144,7.8e-05,0.0,1.0,0.0,20294.29707673893,873.994197906839
1668526590.6730146,0.043184,0.000118,-2.6e-05,0.000118,0.0,1.0,0.0,20294.29707673893,876.388924961894
1668526650.6936605,0.04311,-7.399999999999768e-05,-8.3e-05,-5.7e-05,1.0,0.0,874.8871469782154,0.0,874.8871469782154
1668526710.843673,0.04295,-0.00016,-0.000243,-0.0001599999999999,1.0,0.0,874.8871469782154,0.0,874.8871469782154
1668526771.464278,0.042918,-3.200000000000425e-05,-0.000252,-9.000000000000002e-06,1.0,0.0,874.8871469782154,0.0,874.8871469782154
1668526831.5117407,0.042863,-5.499999999999949e-05,-0.000336,-8.399999999999998e-05,1.0,0.0,874.8871469782154,0.0,874.8871469782154
1668526891.6166766,0.042847,-1.5999999999995185e-05,-0.000432,-9.6e-05,1.0,0.0,874.8871469782154,0.0,874.8871469782154
1668526952.1823518,0.042737,-0.00011,-0.000469,-3.700000000000003e-05,1.0,0.0,874.8871469782154,0.0,874.8871469782154
1668527012.485253,0.042657,-7.999999999999674e-05,-0.000375,9.4e-05,0.0,1.0,0.0,20509.81426209568,874.8871469782154
1668527072.9066682,0.04275,9.30000000000028e-05,-0.000317,5.8e-05,0.0,1.0,0.0,20509.81426209568,876.7945597045904
1668527133.2307894,0.042671,-7.900000000000268e-05,-0.000396,-7.899999999999997e-05,1.0,0.0,875.1742843778848,0.0,875.1742843778848
1668527193.1243784,0.042744,7.299999999999668e-05,-0.000376,2e-05,0.0,1.0,0.0,20474.786739141982,875.1742843778849
1668527253.2240615,0.042793,4.900000000000043e-05,-0.000327,4.9e-05,0.0,1.0,0.0,20474.786739141982,876.1775489281029
1668527313.919338,0.042821,2.8000000000000247e-05,-8.2e-05,0.000245,0.0,1.0,0.0,20474.786739141982,876.7508429567988
1668527373.9748902,0.042999,0.000178,8.1e-05,0.000163,0.0,1.0,0.0,20474.786739141982,880.3953549963661
1668527434.0053356,0.042999,0.0,9.1e-05,1e-05,0.0,1.0,0.0,20474.786739141982,880.3953549963661
1668527494.8039503,0.043149,0.0001499999999999,0.000302,0.000211,0.0,1.0,0.0,20474.786739141982,883.4665730072373
1668527555.8301764,0.043113,-3.600000000000131e-05,0.000217,-8.500000000000003e-05,1.0,0.0,882.7294806846282,0.0,882.7294806846282
1668527614.700472,0.043145,3.200000000000425e-05,0.000479,0.0002619999999999,0.0,1.0,0.0,20459.600896619035,882.7294806846284
1668527675.7638805,0.042979,-0.0001659999999999,0.000233,-0.000246,1.0,0.0,879.3331869357895,0.0,879.3331869357895
1668527735.714145,0.043033,5.3999999999998494e-05,0.000373,0.00014,0.0,1.0,0.0,20433.92714744009,879.3331869357895
1668527795.6170232,0.043031,-2.000000000002e-06,0.000331,-4.199999999999999e-05,1.0,0.0,879.2923190814945,0.0,879.2923190814945
1668527856.6289008,0.04302,-1.0999999999997123e-05,0.000227,-0.000104,1.0,0.0,879.2923190814945,0.0,879.2923190814945
1668527916.51914,0.043125,0.0001049999999999,0.000175,-5.199999999999999e-05,1.0,0.0,879.2923190814945,0.0,879.2923190814945
1668527976.5855992,0.043097,-2.7999999999993308e-05,0.000156,-1.9e-05,1.0,0.0,879.2923190814945,0.0,879.2923190814945
1668528037.2455986,0.043094,-3.0000000000030003e-06,-1.9e-05,-0.000175,1.0,0.0,879.2923190814945,0.0,879.2923190814945
1668528097.9319413,0.043031,-6.300000000000056e-05,-5.2e-05,-3.3e-05,1.0,0.0,879.2923190814945,0.0,879.2923190814945
1668528157.389779,0.043159,0.000128,1.4e-05,6.599999999999999e-05,0.0,1.0,0.0,20373.324661866456,879.2923190814945
1668528218.30382,0.043268,0.0001089999999999,0.000123,0.000109,0.0,1.0,0.0,20373.324661866456,881.5130114696378
1668528278.269488,0.043197,-7.100000000000162e-05,0.000219,9.6e-05,0.0,1.0,0.0,20373.324661866456,880.0665054186453
1668528338.367392,0.043228,3.100000000000325e-05,0.000197,-2.200000000000002e-05,1.0,0.0,880.6980784831633,0.0,880.6980784831633
1668528399.3594189,0.04309,-0.0001379999999999,0.000123,-7.399999999999998e-05,1.0,0.0,880.6980784831633,0.0,880.6980784831633
1668528459.4722087,0.04311,1.9999999999999185e-05,6.6e-05,-5.7e-05,1.0,0.0,880.6980784831633,0.0,880.6980784831633
1668528519.4308512,0.043027,-8.299999999999974e-05,-1.7e-05,-8.300000000000001e-05,1.0,0.0,880.6980784831633,0.0,880.6980784831633
1668528580.2601829,0.042997,-3.0000000000002247e-05,-0.000122,-0.000105,1.0,0.0,880.6980784831633,0.0,880.6980784831633
1668528640.2750206,0.043027,3.0000000000002247e-05,-9.2e-05,3e-05,0.0,1.0,0.0,20468.498349482023,880.6980784831632
1668528700.1581872,0.042945,-8.200000000000568e-05,-4.7e-05,4.5e-05,0.0,1.0,0.0,20468.498349482023,879.0196616185054
1668528761.1058748,0.043018,7.300000000000362e-05,-0.000169,-0.0001219999999999,1.0,0.0,880.5138619980177,0.0,880.5138619980177
1668528821.213343,0.04295,-6.799999999999862e-05,-0.000318,-0.000149,1.0,0.0,880.5138619980177,0.0,880.5138619980177
1668528882.7322216,0.042902,-4.799999999999943e-05,-0.000312,5.999999999999983e-06,0.0,1.0,0.0,20523.84182550971,880.5138619980177
1668528943.495576,0.042948,4.599999999999743e-05,-0.000331,-1.9000000000000028e-05,1.0,0.0,881.457958721991,0.0,881.457958721991
1668529003.2939534,0.042891,-5.700000000000149e-05,-0.000217,0.000114,0.0,1.0,0.0,20551.11698775946,881.4579587219908
1668529063.8618147,0.04287,-2.1000000000000185e-05,-0.000242,-2.500000000000001e-05,1.0,0.0,881.026385265248,0.0,881.026385265248
1668529124.9095857,0.042836,-3.399999999999931e-05,-0.000191,5.099999999999999e-05,0.0,1.0,0.0,20567.42892112354,881.026385265248
1668529183.2346046,0.042728,-0.0001079999999999,-0.000299,-0.000108,1.0,0.0,878.8051029417667,0.0,878.8051029417667
1668529243.9806085,0.042745,1.6999999999996185e-05,-0.0002,9.9e-05,0.0,1.0,0.0,20559.249103796155,878.8051029417667
1668529305.0377436,0.042745,0.0,-0.000211,-1.0999999999999996e-05,1.0,0.0,878.8051029417667,0.0,878.8051029417667
1668529368.3176143,0.042817,7.200000000000262e-05,-0.00018,3.0999999999999995e-05,0.0,1.0,0.0,20524.677182935902,878.8051029417667
1668529425.8834443,0.042843,2.5999999999998247e-05,-5.9e-05,0.000121,0.0,1.0,0.0,20524.677182935902,879.3387445485229
1668529485.8267891,0.042792,-5.100000000000243e-05,-0.00011,-5.1000000000000006e-05,1.0,0.0,878.2919860121931,0.0,878.2919860121931
1668529544.8238254,0.042901,0.000109,-4.5e-05,6.500000000000001e-05,0.0,1.0,0.0,20472.529451812152,878.2919860121932
1668529605.048911,0.043016,0.0001149999999999,0.000125,0.00017,0.0,1.0,0.0,20472.529451812152,880.6463268991515
1668529668.3683696,0.042949,-6.699999999999762e-05,5.6e-05,-6.9e-05,1.0,0.0,879.2746674258801,0.0,879.2746674258801
1668529728.4587638,0.043081,0.000132,0.000301,0.000245,0.0,1.0,0.0,20409.80170901047,879.27466742588
1668529789.671022,0.04306,-2.1000000000000185e-05,0.000315,1.4000000000000017e-05,0.0,1.0,0.0,20409.80170901047,878.8460615899909
1668529847.5058768,0.043,-6.0000000000004494e-05,0.000255,-6e-05,1.0,0.0,877.6214734874501,0.0,877.6214734874501
1668529909.346882,0.042882,-0.0001179999999999,5.4e-05,-0.000201,1.0,0.0,877.6214734874501,0.0,877.6214734874501
1668529966.2749815,0.042915,3.299999999999831e-05,6.5e-05,1.0999999999999996e-05,0.0,1.0,0.0,20450.226575496912,877.62147348745
1668530026.9499774,0.042919,3.9999999999970615e-06,6.9e-05,4.000000000000002e-06,0.0,1.0,0.0,20450.226575496912,877.7032743937519
1668530086.9176774,0.04298,6.099999999999856e-05,8e-05,1.100000000000001e-05,0.0,1.0,0.0,20450.226575496912,878.9507382148572
1668530146.8906856,0.0429,-7.999999999999674e-05,-7.9e-05,-0.000159,1.0,0.0,877.3147200888176,0.0,877.3147200888176
1668530207.875256,0.04293,3.0000000000002247e-05,-7e-06,7.2e-05,0.0,1.0,0.0,20435.93571136309,877.3147200888176
1668530267.870248,0.042972,4.200000000000037e-05,-4.7e-05,-4e-05,1.0,0.0,878.1730293886948,0.0,878.1730293886948
1668530327.90784,0.04301,3.799999999999637e-05,-3.6e-05,1.0999999999999996e-05,0.0,1.0,0.0,20417.88024619146,878.1730293886947
1668530388.7906673,0.043024,1.4000000000000123e-05,-2.2e-05,1.4e-05,0.0,1.0,0.0,20417.88024619146,878.4588797121414
1668530448.8827314,0.04301,-1.4000000000000123e-05,-0.000109,-8.7e-05,1.0,0.0,878.1730293886947,0.0,878.1730293886947
1668530508.7282462,0.04307,5.999999999999756e-05,9.8e-05,0.000207,0.0,1.0,0.0,20389.43648452972,878.1730293886947
1668530569.4822054,0.0432,0.00013,0.00033,0.000232,0.0,1.0,0.0,20389.43648452972,880.8236561316838
1668530629.5088663,0.04323,2.9999999999995308e-05,0.00036,3.0000000000000024e-05,0.0,1.0,0.0,20389.43648452972,881.4353392262198
1668530689.4402936,0.04323,0.0,0.000306,-5.400000000000001e-05,1.0,0.0,881.4353392262198,0.0,881.4353392262198
1668530750.493592,0.043263,3.300000000000525e-05,0.000375,6.9e-05,0.0,1.0,0.0,20373.88390139888,881.4353392262198
1668530810.4415953,0.043241,-2.2000000000001185e-05,0.000381,5.999999999999983e-06,0.0,1.0,0.0,20373.88390139888,880.987113780389
1668530870.5534294,0.043229,-1.2000000000005062e-05,0.000435,5.400000000000001e-05,0.0,1.0,0.0,20373.88390139888,880.7426271735721
1668530931.2289643,0.043197,-3.199999999999731e-05,0.00023,-0.000205,1.0,0.0,880.0906628887274,0.0,880.0906628887274
1668530991.1254947,0.043167,-3.0000000000002247e-05,0.0002,-3e-05,1.0,0.0,880.0906628887274,0.0,880.0906628887274
1668531051.2102249,0.043197,3.0000000000002247e-05,0.000251,5.0999999999999966e-05,0.0,1.0,0.0,20373.88390139888,880.0906628887274
1668531111.9962568,0.043076,-0.0001209999999999,5.2e-05,-0.0001989999999999,1.0,0.0,877.6254229366582,0.0,877.6254229366582
1668531171.9090269,0.043124,4.799999999999943e-05,0.000114,6.200000000000002e-05,0.0,1.0,0.0,20351.20635693948,877.6254229366582
1668531232.9113536,0.043119,-5.000000000005e-06,0.000109,-5e-06,1.0,0.0,877.5236669048735,0.0,877.5236669048735
1668531292.921045,0.043078,-4.099999999999937e-05,-5e-05,-0.000159,1.0,0.0,877.5236669048735,0.0,877.5236669048735
1668531352.9043505,0.04304,-3.799999999999637e-05,-0.00019,-0.00014,1.0,0.0,877.5236669048735,0.0,877.5236669048735
1668531413.0335612,0.043043,2.9999999999960614e-06,-0.000187,3.0000000000000187e-06,0.0,1.0,0.0,20387.13999732532,877.5236669048735
1668531473.794296,0.043043,0.0,-0.000187,0.0,0.0,1.0,0.0,20387.13999732532,877.5236669048736
1668531533.7575245,0.043007,-3.600000000000131e-05,-0.000377,-0.00019,1.0,0.0,876.78972986497,0.0,876.78972986497
1668531593.7303078,0.043,-7.000000000000062e-06,-0.000284,9.299999999999998e-05,0.0,1.0,0.0,20390.45883406907,876.78972986497
1668531654.6132746,0.0429,-9.999999999999593e-05,-0.000309,-2.499999999999996e-05,1.0,0.0,874.7506839815632,0.0,874.7506839815632
1668531715.545492,0.043028,0.0001279999999999,-0.000139,0.0001699999999999,0.0,1.0,0.0,20329.80115230927,874.7506839815632
1668531775.392906,0.043062,3.400000000000625e-05,-0.000202,-6.300000000000001e-05,1.0,0.0,875.4418972207418,0.0,875.4418972207418
1668531836.3204618,0.043046,-1.6000000000002124e-05,-7.3e-05,0.000129,0.0,1.0,0.0,20337.35764579152,875.4418972207417
1668531896.8790555,0.043083,3.700000000000231e-05,-3.6e-05,3.7e-05,0.0,1.0,0.0,20337.35764579152,876.1943794536361
1668531956.208183,0.043083,0.0,5e-06,4.1e-05,0.0,1.0,0.0,20337.35764579152,876.1943794536361
1668532017.1752958,0.043178,9.499999999999786e-05,0.000135,0.00013,0.0,1.0,0.0,20337.35764579152,878.1264284299862
1668532077.093846,0.043099,-7.900000000000268e-05,5.6e-05,-7.9e-05,1.0,0.0,876.5197771759687,0.0,876.5197771759687
1668532137.201757,0.043,-9.900000000000186e-05,-4.3e-05,-9.9e-05,1.0,0.0,876.5197771759687,0.0,876.5197771759687
1668532198.3804624,0.042969,-3.099999999999631e-05,-3.1e-05,1.2e-05,0.0,1.0,0.0,20398.88703893432,876.5197771759687
1668532258.3579023,0.04301,4.099999999999937e-05,5e-05,8.1e-05,0.0,1.0,0.0,20398.88703893432,877.3561315445652
1668532318.529728,0.043023,1.2999999999999123e-05,6.3e-05,1.2999999999999998e-05,0.0,1.0,0.0,20398.88703893432,877.6213170760713
1668532379.8709872,0.042956,-6.699999999999762e-05,0.0,-6.3e-05,1.0,0.0,876.2545916444627,0.0,876.2545916444627
1668532440.3360932,0.0429,-5.6000000000000494e-05,-0.000223,-0.000223,1.0,0.0,876.2545916444627,0.0,876.2545916444627
1668532499.6498268,0.04286,-3.999999999999837e-05,-0.000196,2.700000000000001e-05,0.0,1.0,0.0,20444.577499870804,876.2545916444627
1668532561.1932485,0.042819,-4.099999999999937e-05,-0.000237,-4.1e-05,1.0,0.0,875.416363966968,0.0,875.416363966968
1668532620.8904262,0.042819,0.0,-0.000237,0.0,1.0,0.0,875.416363966968,0.0,875.416363966968
1668532680.883459,0.042939,0.0001199999999999,-0.000144,9.299999999999998e-05,0.0,1.0,0.0,20387.441812034933,875.416363966968
1668532741.982561,0.042939,0.0,-0.000144,0.0,0.0,1.0,0.0,20387.441812034933,875.416363966968
1668532801.664225,0.042939,0.0,-0.000144,0.0,0.0,1.0,0.0,20387.441812034933,875.416363966968
1668532861.4534214,0.042939,0.0,-0.000144,0.0,0.0,1.0,0.0,20387.441812034933,875.416363966968
1668532922.31876,0.042827,-0.000112,-0.000256,-0.0001119999999999,1.0,0.0,873.13297048402,0.0,873.13297048402
1668532982.701341,0.042901,7.400000000000462e-05,-0.000219,3.699999999999998e-05,0.0,1.0,0.0,20352.275482716486,873.13297048402
1668533042.696761,0.042901,0.0,-0.000219,0.0,0.0,1.0,0.0,20352.275482716486,873.13297048402
1668533104.606779,0.042922,2.1000000000000185e-05,-0.000177,4.200000000000002e-05,0.0,1.0,0.0,20352.275482716486,873.560368269157
1668533164.7719886,0.042901,-2.1000000000000185e-05,-7.9e-05,9.8e-05,0.0,1.0,0.0,20352.275482716486,873.13297048402
1668533225.0373895,0.04287,-3.100000000000325e-05,-8.6e-05,-7.000000000000008e-06,1.0,0.0,872.5020499440558,0.0,872.5020499440558
1668533285.4143066,0.042819,-5.099999999999549e-05,-0.000204,-0.000118,1.0,0.0,872.5020499440558,0.0,872.5020499440558
1668533345.4932244,0.04287,5.099999999999549e-05,-3.9e-05,0.000165,0.0,1.0,0.0,20352.275482716486,872.5020499440558
1668533405.500598,0.042819,-5.099999999999549e-05,-1.6e-05,2.3e-05,0.0,1.0,0.0,20352.275482716486,871.4640838944373
1668533466.9408286,0.04286,4.099999999999937e-05,4.1e-05,5.7e-05,0.0,1.0,0.0,20352.275482716486,872.2985271892286
1668533526.6449158,0.042877,1.6999999999996185e-05,-6.2e-05,-0.000103,1.0,0.0,872.6445158724348,0.0,872.6445158724348
1668533586.477198,0.0428,-7.700000000000068e-05,-2.7e-05,3.5000000000000004e-05,0.0,1.0,0.0,20388.89055776717,872.6445158724348
1668533649.2699833,0.04278,-1.9999999999999185e-05,-0.000121,-9.4e-05,1.0,0.0,872.2367380612794,0.0,872.2367380612794
1668533708.5087197,0.04278,0.0,-0.000121,0.0,1.0,0.0,872.2367380612794,0.0,872.2367380612794
1668533768.3349962,0.042776,-3.9999999999970615e-06,-0.000111,1e-05,0.0,1.0,0.0,20390.79713066391,872.2367380612794
1668533831.8000262,0.04283,5.3999999999998494e-05,-4.1e-05,7e-05,0.0,1.0,0.0,20390.79713066391,873.3378411063352
1668533891.334899,0.042829,-1.000000000001e-06,1.1e-05,5.2e-05,0.0,1.0,0.0,20390.79713066391,873.3174503092046
1668533951.3459165,0.0428,-2.9000000000001247e-05,0.0,-1.1e-05,1.0,0.0,872.7261171924152,0.0,872.7261171924152
1668534012.913722,0.04278,-1.9999999999999185e-05,-3.5e-05,-3.5e-05,1.0,0.0,872.7261171924152,0.0,872.7261171924152
1668534073.2759247,0.04278,0.0,-8.7e-05,-5.2e-05,1.0,0.0,872.7261171924152,0.0,872.7261171924152
1668534132.37773,0.04284,6.0000000000004494e-05,-0.000129,-4.199999999999999e-05,1.0,0.0,872.7261171924152,0.0,872.7261171924152
1668534193.160399,0.04279,-5.000000000000143e-05,1e-05,0.000139,0.0,1.0,0.0,20395.56244899311,872.7261171924152
1668534253.0306003,0.042793,2.9999999999960614e-06,1.3e-05,2.9999999999999984e-06,0.0,1.0,0.0,20395.56244899311,872.7873038797621
1668534313.377488,0.042931,0.0001379999999999,0.000155,0.000142,0.0,1.0,0.0,20395.56244899311,875.6018914977232
1668534374.207166,0.04299,5.900000000000349e-05,0.000214,5.9e-05,0.0,1.0,0.0,20395.56244899311,876.8052296822138
1668534434.3776176,0.043076,8.600000000000274e-05,0.000246,3.200000000000002e-05,0.0,1.0,0.0,20395.56244899311,878.5592480528273
1668534494.2257934,0.04299,-8.600000000000274e-05,0.00019,-5.6000000000000006e-05,1.0,0.0,876.8052296822138,0.0,876.8052296822138
1668534555.2001677,0.042869,-0.000121,6.9e-05,-0.000121,1.0,0.0,876.8052296822138,0.0,876.8052296822138
1668534615.5794876,0.042869,0.0,6.9e-05,0.0,1.0,0.0,876.8052296822138,0.0,876.8052296822138
1668534675.4040534,0.042954,8.500000000000174e-05,0.000174,0.000105,0.0,1.0,0.0,20412.656089822,876.805229682214
1668534735.9618633,0.04312,0.0001659999999999,0.00028,0.0001059999999999,0.0,1.0,0.0,20412.656089822,880.1937305931245
1668534795.16072,0.04312,0.0,0.00033,5.000000000000002e-05,0.0,1.0,0.0,20412.656089822,880.1937305931247
1668534855.217095,0.043033,-8.69999999999968e-05,0.000243,-8.7e-05,1.0,0.0,878.4178295133103,0.0,878.4178295133103
1668534917.2709932,0.04295,-8.299999999999974e-05,0.000157,-8.6e-05,1.0,0.0,878.4178295133103,0.0,878.4178295133103
1668534975.1457872,0.043032,8.199999999999874e-05,-7e-06,-0.000164,1.0,0.0,878.4178295133103,0.0,878.4178295133103
1668535035.5332692,0.043032,0.0,-7e-06,0.0,1.0,0.0,878.4178295133103,0.0,878.4178295133103
1668535095.4407372,0.043031,-1.000000000001e-06,4.6e-05,5.3e-05,0.0,1.0,0.0,20413.604831709938,878.4178295133103
1668535155.6150851,0.043033,2.000000000002e-06,-1.4e-05,-6e-05,1.0,0.0,878.4586567229737,0.0,878.4586567229737
1668535215.176194,0.043096,6.300000000000056e-05,7.3e-05,8.7e-05,0.0,1.0,0.0,20383.76315024535,878.4586567229737
1668535275.4088995,0.043096,0.0,7.3e-05,0.0,0.0,1.0,0.0,20383.76315024535,878.4586567229737
1668535335.7348545,0.043127,3.099999999999631e-05,7e-06,-6.6e-05,1.0,0.0,879.0905533806313,0.0,879.0905533806313
1668535395.6036313,0.04324,0.000113,0.00012,0.000113,0.0,1.0,0.0,20330.493833964643,879.0905533806311
1668535455.693442,0.043317,7.700000000000068e-05,0.000284,0.000164,0.0,1.0,0.0,20330.493833964643,880.6560014058465
1668535515.6029923,0.043317,0.0,0.000284,0.0,0.0,1.0,0.0,20330.493833964643,880.6560014058465
1668535575.2347252,0.043277,-3.999999999999837e-05,0.000245,-3.9000000000000026e-05,1.0,0.0,879.8427816524879,0.0,879.8427816524879
1668535636.1078577,0.0433,2.2999999999995246e-05,0.000268,2.3000000000000017e-05,0.0,1.0,0.0,20319.6947263854,879.8427816524878
1668535695.4465706,0.043298,-1.9999999999950613e-06,0.000267,-1.0000000000000243e-06,1.0,0.0,879.8021422630352,0.0,879.8021422630352
1668535755.5467856,0.04325,-4.800000000000637e-05,0.000165,-0.0001019999999999,1.0,0.0,879.8021422630352,0.0,879.8021422630352
1668535815.5365222,0.04327,2.0000000000006124e-05,0.000185,2e-05,0.0,1.0,0.0,20332.843592859605,879.8021422630352
1668535875.596913,0.043214,-5.6000000000000494e-05,0.000115,-7e-05,1.0,0.0,878.663503021835,0.0,878.663503021835
1668535936.0672777,0.04328,6.599999999999662e-05,0.00022,0.000105,0.0,1.0,0.0,20301.83694597585,878.6635030218349
1668535995.5154417,0.043315,3.500000000000031e-05,6.3e-05,-0.000157,1.0,0.0,879.374067314944,0.0,879.374067314944
1668536055.3869877,0.04328,-3.500000000000031e-05,2.8e-05,-3.5e-05,1.0,0.0,879.374067314944,0.0,879.374067314944
1668536115.6617367,0.043249,-3.099999999999631e-05,-6.8e-05,-9.6e-05,1.0,0.0,879.374067314944,0.0,879.374067314944
1668536175.4739735,0.043237,-1.2000000000005062e-05,-6.1e-05,7.000000000000001e-06,0.0,1.0,0.0,20338.461672061985,879.374067314944
1668536235.5633,0.0433,6.300000000000056e-05,2.4e-05,8.5e-05,0.0,1.0,0.0,20338.461672061985,880.655390400284
1668536295.63429,0.0433,0.0,2.4e-05,0.0,0.0,1.0,0.0,20338.461672061985,880.655390400284
1668536355.6186175,0.043344,4.400000000000237e-05,1.3e-05,-1.1e-05,1.0,0.0,881.5502827138547,0.0,881.5502827138547
1668536415.735357,0.043451,0.0001069999999999,0.000251,0.0002379999999999,0.0,1.0,0.0,20288.377314995163,881.5502827138548
1668536475.389631,0.043386,-6.499999999999562e-05,0.000186,-6.499999999999998e-05,1.0,0.0,880.2315381883801,0.0,880.2315381883801
1668536535.5615327,0.043439,5.299999999999749e-05,0.000148,-3.8e-05,1.0,0.0,880.2315381883801,0.0,880.2315381883801
1668536595.4012566,0.043575,0.000136,0.000295,0.000147,0.0,1.0,0.0,20200.37953386988,880.2315381883801
1668536655.498066,0.043575,0.0,0.000326,3.0999999999999995e-05,0.0,1.0,0.0,20200.37953386988,880.2315381883801
1668536715.7371838,0.043517,-5.8000000000002494e-05,0.000271,-5.500000000000004e-05,1.0,0.0,879.0599161754155,0.0,879.0599161754155
1668536774.909101,0.0435,-1.7000000000003124e-05,0.000254,-1.699999999999998e-05,1.0,0.0,879.0599161754155,0.0,879.0599161754155
1668536834.8429666,0.043566,6.600000000000356e-05,0.000266,1.200000000000002e-05,0.0,1.0,0.0,20177.65955505246,879.0599161754155
1668536894.9612586,0.043634,6.799999999999862e-05,0.000316,4.999999999999997e-05,0.0,1.0,0.0,20177.65955505246,880.4319970251591
1668536955.070369,0.043624,-9.999999999996125e-06,0.000284,-3.1999999999999965e-05,1.0,0.0,880.2302204296086,0.0,880.2302204296086
1668537014.8508396,0.043626,1.9999999999950613e-06,0.000286,1.9999999999999944e-06,0.0,1.0,0.0,20176.73452596178,880.2302204296086
1668537075.137205,0.04363,4.000000000004e-06,0.000191,-9.5e-05,1.0,0.0,880.3109273677125,0.0,880.3109273677125
1668537134.9136734,0.04396,0.0003299999999999,0.000458,0.000267,0.0,1.0,0.0,20025.27132319637,880.3109273677125
1668537194.906175,0.044,3.999999999999837e-05,0.000435,-2.3000000000000017e-05,1.0,0.0,881.1119382206404,0.0,881.1119382206404
1668537254.561261,0.043995,-4.9999999999980616e-06,0.000515,8.000000000000005e-05,0.0,1.0,0.0,20027.54718083056,881.1119382206402
1668537368.832232,0.044027,3.199999999999731e-05,0.000507,-8.000000000000086e-06,1.0,0.0,881.752819730427,0.0,881.752819730427
1668537375.5810273,0.044018,-8.999999999995123e-06,0.000498,-9.000000000000002e-06,1.0,0.0,881.752819730427,0.0,881.752819730427
1668537435.5481186,0.04408,6.199999999999956e-05,0.000464,-3.399999999999996e-05,1.0,0.0,881.752819730427,0.0,881.752819730427
1668537495.328778,0.044326,0.0002459999999999,0.00065,0.0001859999999999,0.0,1.0,0.0,19892.45182805638,881.752819730427
1668537555.331815,0.044522,0.000196,0.000896,0.000246,0.0,1.0,0.0,19892.45182805638,885.651740288726
1668537615.457343,0.0446,7.800000000000168e-05,0.000974,7.800000000000005e-05,0.0,1.0,0.0,19892.45182805638,887.2033515313145
1668537675.4133892,0.044772,0.0001719999999999,0.000888,-8.600000000000003e-05,1.0,0.0,890.6248532457402,0.0,890.6248532457402
1668537735.4627042,0.044838,6.600000000000356e-05,0.000818,-6.999999999999997e-05,1.0,0.0,890.6248532457402,0.0,890.6248532457402
1668537795.3847752,0.044643,-0.000195,0.000648,-0.00017,1.0,0.0,890.6248532457402,0.0,890.6248532457402
1668537855.3331122,0.0444,-0.000243,0.000405,-0.000243,1.0,0.0,890.6248532457402,0.0,890.6248532457402
1668537915.4284885,0.04435,-5.000000000000143e-05,0.000323,-8.199999999999999e-05,1.0,0.0,890.6248532457402,0.0,890.6248532457402
1668537975.2836888,0.044309,-4.099999999999937e-05,0.000265,-5.8e-05,1.0,0.0,890.6248532457402,0.0,890.6248532457402
1668538035.2994978,0.044262,-4.699999999999843e-05,-6.7e-05,-0.000332,1.0,0.0,890.6248532457402,0.0,890.6248532457402
1668538095.4204094,0.044214,-4.799999999999943e-05,-0.000115,-4.8e-05,1.0,0.0,890.6248532457402,0.0,890.6248532457402
1668538155.6851947,0.044314,9.999999999999593e-05,-0.000286,-0.000171,1.0,0.0,890.6248532457402,0.0,890.6248532457402
1668538215.5031111,0.044419,0.000105,-0.000351,-6.500000000000001e-05,1.0,0.0,890.6248532457402,0.0,890.6248532457402
1668538275.4828494,0.044305,-0.000114,-0.000465,-0.000114,1.0,0.0,890.6248532457402,0.0,890.6248532457402
1668538335.3346837,0.044406,0.000101,-0.000185,0.00028,0.0,1.0,0.0,20056.40799094132,890.62485324574
1668538395.3386383,0.044406,0.0,-0.000185,0.0,0.0,1.0,0.0,20056.40799094132,890.6248532457403
1668538455.346156,0.044594,0.000188,0.000122,0.000307,0.0,1.0,0.0,20056.40799094132,894.3954579480372
1668538515.3456051,0.044534,-6.0000000000004494e-05,0.000234,0.000112,0.0,1.0,0.0,20056.40799094132,893.1920734685807
1668538575.5886035,0.044466,-6.799999999999862e-05,0.000204,-3e-05,1.0,0.0,891.8282377251967,0.0,891.8282377251967
1668538635.4750714,0.044403,-6.300000000000056e-05,0.000141,-6.299999999999999e-05,1.0,0.0,891.8282377251967,0.0,891.8282377251967
1668538695.4761498,0.044228,-0.0001749999999999,-4e-05,-0.000181,1.0,0.0,891.8282377251967,0.0,891.8282377251967
1668538755.419212,0.04433,0.0001019999999999,6.2e-05,0.000102,0.0,1.0,0.0,20117.939041849688,891.8282377251967
1668538815.4397814,0.044351,2.1000000000000185e-05,-4.9e-05,-0.000111,1.0,0.0,892.2507144450756,0.0,892.2507144450756
1668538875.5373275,0.04436,8.999999999995123e-06,-4.6e-05,2.9999999999999984e-06,0.0,1.0,0.0,20113.85740408196,892.2507144450756
1668538935.7982068,0.044431,7.100000000000162e-05,-5.6e-05,-1e-05,1.0,0.0,893.6787983207655,0.0,893.6787983207655
1668538995.4734323,0.044611,0.0001799999999999,-5.5e-05,9.999999999999972e-07,0.0,1.0,0.0,20032.700417403008,893.6787983207655
1668539055.3109877,0.044666,5.499999999999949e-05,0.0,5.5e-05,0.0,1.0,0.0,20032.700417403008,894.7805968437227
1668539115.3970025,0.044868,0.000202,0.000402,0.000402,0.0,1.0,0.0,20032.700417403008,898.8272023280381
1668539175.3906014,0.044775,-9.299999999999586e-05,0.000309,-9.300000000000004e-05,1.0,0.0,896.9641611892197,0.0,896.9641611892197
1668539235.4254737,0.044758,-1.7000000000003124e-05,0.000508,0.000199,0.0,1.0,0.0,20040.30924503373,896.9641611892198
1668539295.4818275,0.044811,5.299999999999749e-05,0.000561,5.299999999999999e-05,0.0,1.0,0.0,20040.30924503373,898.0262975792065
1668539355.5734224,0.044785,-2.5999999999998247e-05,0.000364,-0.0001969999999999,1.0,0.0,897.5052495388356,0.0,897.5052495388356
1668539415.6335306,0.044614,-0.0001709999999999,0.000234,-0.00013,1.0,0.0,897.5052495388356,0.0,897.5052495388356
1668539475.445721,0.0445,-0.000114,0.00012,-0.0001139999999999,1.0,0.0,897.5052495388356,0.0,897.5052495388356
1668539535.5009837,0.044349,-0.0001509999999999,-0.000251,-0.0003709999999999,1.0,0.0,897.5052495388356,0.0,897.5052495388356
1668539595.5571036,0.044396,4.699999999999843e-05,-0.000271,-2e-05,1.0,0.0,897.5052495388356,0.0,897.5052495388356
1668539655.4551544,0.044176,-0.0002199999999999,-0.000693,-0.000422,1.0,0.0,897.5052495388356,0.0,897.5052495388356
1668539715.60357,0.0442,2.4000000000003185e-05,-0.000657,3.600000000000001e-05,0.0,1.0,0.0,20305.548632100352,897.5052495388356
1668539775.4337187,0.044268,6.799999999999862e-05,-0.000489,0.000168,0.0,1.0,0.0,20305.548632100352,898.8860268458184
1668539836.531359,0.04417,-9.800000000000086e-05,-0.000456,3.2999999999999935e-05,0.0,1.0,0.0,20305.548632100352,896.8960830798726
1668539895.4014492,0.044154,-1.6000000000002124e-05,-0.000631,-0.000175,1.0,0.0,896.571194301759,0.0,896.571194301759
1668539955.47637,0.044132,-2.2000000000001185e-05,-0.000653,-2.2e-05,1.0,0.0,896.571194301759,0.0,896.571194301759
1668540015.493643,0.04402,-0.000112,-0.00048,0.000173,0.0,1.0,0.0,20367.36016133028,896.571194301759
1668540075.533671,0.0439,-0.0001199999999999,-0.0006,-0.0001199999999999,1.0,0.0,894.1271110823994,0.0,894.1271110823994
1668540135.5811226,0.043907,7.000000000000062e-06,-0.000442,0.0001579999999999,0.0,1.0,0.0,20364.113036244777,894.1271110823994
1668540195.4799342,0.043917,9.999999999996125e-06,-0.000432,1.0000000000000026e-05,0.0,1.0,0.0,20364.113036244777,894.3307522127618
1668540255.4378943,0.04406,0.000143,-0.000153,0.0002789999999999,0.0,1.0,0.0,20364.113036244777,897.2428203769449
1668540316.7080965,0.043995,-6.500000000000256e-05,-0.000305,-0.0001519999999999,1.0,0.0,895.919153029589,0.0,895.919153029589
1668540375.5759246,0.043983,-1.1999999999998123e-05,-0.000317,-1.200000000000002e-05,1.0,0.0,895.919153029589,0.0,895.919153029589
1668540435.3979945,0.04405,6.699999999999762e-05,-8.2e-05,0.000235,0.0,1.0,0.0,20338.68678841292,895.919153029589
1668540495.4503803,0.044149,9.900000000000186e-05,1.7e-05,9.9e-05,0.0,1.0,0.0,20338.68678841292,897.932683021642
1668540555.4619246,0.04419,4.099999999999937e-05,0.000167,0.00015,0.0,1.0,0.0,20338.68678841292,898.766569179967
1668540615.4946222,0.04419,0.0,0.000167,0.0,0.0,1.0,0.0,20338.68678841292,898.766569179967
1668540675.4152997,0.044187,-3.0000000000030003e-06,0.000232,6.500000000000001e-05,0.0,1.0,0.0,20338.68678841292,898.7055531196016
1668540735.602883,0.044182,-4.9999999999980616e-06,0.000175,-5.7e-05,1.0,0.0,898.6038596856596,0.0,898.6038596856596
1668540796.9170866,0.044159,-2.3000000000002185e-05,9.9e-05,-7.6e-05,1.0,0.0,898.6038596856596,0.0,898.6038596856596
1668540855.5726657,0.044177,1.8000000000004124e-05,0.000221,0.000122,0.0,1.0,0.0,20340.98874268645,898.6038596856596
1668540915.7865217,0.044303,0.000126,0.000319,9.8e-05,0.0,1.0,0.0,20340.98874268645,901.166824267238
1668540975.545562,0.044171,-0.000132,0.000109,-0.00021,1.0,0.0,898.4818137532033,0.0,898.4818137532033
1668541035.5451753,0.044133,-3.800000000000331e-05,7.1e-05,-3.8e-05,1.0,0.0,898.4818137532033,0.0,898.4818137532033
1668541095.583048,0.0442,6.700000000000456e-05,5e-05,-2.1e-05,1.0,0.0,898.4818137532033,0.0,898.4818137532033
1668541155.5371592,0.0441,-0.0001,-9e-05,-0.00014,1.0,0.0,898.4818137532033,0.0,898.4818137532033
1668541215.5421057,0.044155,5.499999999999949e-05,-0.000104,-1.3999999999999988e-05,1.0,0.0,898.4818137532033,0.0,898.4818137532033
1668541276.658995,0.044155,0.0,-0.000104,0.0,1.0,0.0,898.4818137532033,0.0,898.4818137532033
1668541335.5200553,0.044132,-2.3000000000002185e-05,-6.8e-05,3.5999999999999994e-05,0.0,1.0,0.0,20358.96432867768,898.4818137532033
1668541395.566373,0.044144,1.2000000000005062e-05,-6.6e-05,1.9999999999999944e-06,0.0,1.0,0.0,20358.96432867768,898.7261213251476
1668541455.6784294,0.044128,-1.6000000000002124e-05,-5e-06,6.1000000000000005e-05,0.0,1.0,0.0,20358.96432867768,898.4003778958887
1668541515.502388,0.044079,-4.900000000000043e-05,-5.4e-05,-4.9e-05,1.0,0.0,897.4027886437835,0.0,897.4027886437835
1668541575.687172,0.044034,-4.500000000000337e-05,-0.000166,-0.000112,1.0,0.0,897.4027886437835,0.0,897.4027886437835
1668541635.5770998,0.044227,0.000193,9.4e-05,0.00026,0.0,1.0,0.0,20290.835657941607,897.4027886437835
1668541695.709968,0.044227,0.0,9.4e-05,0.0,0.0,1.0,0.0,20290.835657941607,897.4027886437835
1668541756.1280396,0.04412,-0.000107,0.000198,0.000104,0.0,1.0,0.0,20290.835657941607,895.2316692283837
1668541815.6120288,0.044134,1.4000000000000123e-05,-2.1e-05,-0.0002189999999999,1.0,0.0,895.5157409275948,0.0,895.5157409275948
1668541875.678199,0.044124,-1.0000000000003062e-05,-3.1e-05,-1.0000000000000004e-05,1.0,0.0,895.5157409275948,0.0,895.5157409275948
1668541935.6022215,0.044179,5.500000000000643e-05,2.4e-05,5.5e-05,0.0,1.0,0.0,20270.167747744286,895.5157409275948
1668541995.550963,0.044116,-6.300000000000056e-05,-1.7e-05,-4.1e-05,1.0,0.0,894.2387203594869,0.0,894.2387203594869
1668542055.5230894,0.044179,6.300000000000056e-05,4.6e-05,6.3e-05,0.0,1.0,0.0,20241.262146256973,894.2387203594869
1668542115.6423028,0.04418,9.999999999940612e-07,3.6e-05,-1e-05,1.0,0.0,894.258961621633,0.0,894.258961621633
1668542175.895449,0.044129,-5.099999999999549e-05,1e-06,-3.5000000000000004e-05,1.0,0.0,894.258961621633,0.0,894.258961621633
1668542235.6194775,0.043925,-0.000204,-0.000109,-0.00011,1.0,0.0,894.258961621633,0.0,894.258961621633
1668542295.6462135,0.043756,-0.0001689999999999,-0.000462,-0.000353,1.0,0.0,894.258961621633,0.0,894.258961621633
1668542355.5991025,0.043771,1.4999999999994185e-05,-0.000456,5.999999999999983e-06,0.0,1.0,0.0,20430.39824590786,894.2589616216329
1668542415.6222172,0.043827,5.6000000000000494e-05,-0.0004,5.6000000000000006e-05,0.0,1.0,0.0,20430.39824590786,895.4030639234038
1668542475.5024884,0.043469,-0.0003579999999999,-0.000655,-0.0002549999999999,1.0,0.0,888.0889813513688,0.0,888.0889813513688
1668542535.6309931,0.04348,1.0999999999997123e-05,-0.000644,1.0999999999999942e-05,0.0,1.0,0.0,20425.229561899007,888.0889813513687
1668542595.7330077,0.04355,7.000000000000062e-05,-0.000629,1.500000000000004e-05,0.0,1.0,0.0,20425.229561899007,889.5187474207017
1668542655.7968102,0.043469,-8.099999999999774e-05,-0.00071,-8.100000000000002e-05,1.0,0.0,887.8643038261879,0.0,887.8643038261879
1668542715.7959616,0.04355,8.099999999999774e-05,-0.00063,7.999999999999999e-05,0.0,1.0,0.0,20387.24004193313,887.8643038261879
1668542775.7841334,0.043711,0.000161,-0.000151,0.000479,0.0,1.0,0.0,20387.24004193313,891.1466494729391
1668542837.81928,0.043687,-2.4000000000003185e-05,-0.000175,-2.3999999999999987e-05,1.0,0.0,890.6573557119326,0.0,890.6573557119326
1668542895.9788475,0.04371,2.3000000000002185e-05,3e-05,0.000205,0.0,1.0,0.0,20376.512370440007,890.6573557119327
1668542955.8114402,0.043711,1.000000000001e-06,-0.00012,-0.00015,1.0,0.0,890.6777322243031,0.0,890.6777322243031
1668543015.8145502,0.043711,0.0,-0.00012,0.0,1.0,0.0,890.6777322243031,0.0,890.6777322243031
1668543075.983774,0.043712,1.000000000001e-06,-0.000155,-3.5e-05,1.0,0.0,890.6777322243031,0.0,890.6777322243031
1668543135.888641,0.043816,0.0001039999999999,0.000314,0.000469,0.0,1.0,0.0,20327.68240424281,890.6777322243031
1668543195.83554,0.043829,1.2999999999999123e-05,0.000289,-2.500000000000001e-05,1.0,0.0,890.941992095558,0.0,890.941992095558
1668543255.7974882,0.043812,-1.7000000000003124e-05,0.000265,-2.3999999999999987e-05,1.0,0.0,890.941992095558,0.0,890.941992095558
1668543315.7615144,0.043887,7.500000000000562e-05,0.000417,0.000152,0.0,1.0,0.0,20300.81782978007,890.9419920955579
1668543375.944261,0.04394,5.299999999999749e-05,0.00047,5.299999999999999e-05,0.0,1.0,0.0,20300.81782978007,892.0179354405362
1668543435.8592515,0.043889,-5.100000000000243e-05,0.000339,-0.0001309999999999,1.0,0.0,890.9825937312174,0.0,890.9825937312174
1668543495.8045373,0.044021,0.000132,0.000334,-5.000000000000013e-06,1.0,0.0,890.9825937312174,0.0,890.9825937312174
1668543556.3004315,0.04406,3.900000000000431e-05,0.000373,3.9000000000000026e-05,0.0,1.0,0.0,20222.02890901537,890.9825937312174
1668543615.9522624,0.043996,-6.400000000000156e-05,0.000286,-8.7e-05,1.0,0.0,889.6883838810403,0.0,889.6883838810403
1668543676.193063,0.04401,1.4000000000000123e-05,0.000298,1.1999999999999966e-05,0.0,1.0,0.0,20215.596089094302,889.6883838810403
1668543735.7976468,0.044044,3.399999999999931e-05,0.000218,-7.999999999999997e-05,1.0,0.0,890.3757141480695,0.0,890.3757141480695
1668543795.8618927,0.044044,0.0,0.000218,0.0,1.0,0.0,890.3757141480695,0.0,890.3757141480695
1668546144.4198902,0.04384,-0.000204,-0.00025,-0.000468,1.0,0.0,890.3757141480695,0.0,890.3757141480695
1668546204.1664517,0.043824,-1.5999999999995185e-05,-0.000296,-4.599999999999998e-05,1.0,0.0,890.3757141480695,0.0,890.3757141480695
1668546264.2001677,0.043804,-1.9999999999999185e-05,-0.000236,6e-05,0.0,1.0,0.0,20326.35636353003,890.3757141480695
1668546325.1753018,0.043856,5.199999999999649e-05,-0.000282,-4.6000000000000034e-05,1.0,0.0,891.432684678973,0.0,891.432684678973
1668546385.0966303,0.043892,3.600000000000131e-05,-0.000171,0.000111,0.0,1.0,0.0,20309.68478718156,891.432684678973
1668546445.1464615,0.04399,9.800000000000086e-05,-1e-05,0.000161,0.0,1.0,0.0,20309.68478718156,893.4230337881168
1668546506.6898365,0.044001,1.0999999999997123e-05,-4.6e-05,-3.6e-05,1.0,0.0,893.6464403207757,0.0,893.6464403207757
1668546565.9507363,0.044047,4.600000000000437e-05,6.7e-05,0.000113,0.0,1.0,0.0,20288.474591249706,893.6464403207757
1668546626.0178554,0.044047,0.0,0.000185,0.000118,0.0,1.0,0.0,20288.474591249706,893.6464403207758
1668546686.625277,0.044047,0.0,0.000206,2.0999999999999995e-05,0.0,1.0,0.0,20288.474591249706,893.6464403207758
1668546746.815631,0.044121,7.399999999999768e-05,0.00028,7.399999999999998e-05,0.0,1.0,0.0,20288.474591249706,895.1477874405283
1668546806.8745298,0.044194,7.299999999999668e-05,0.000394,0.000114,0.0,1.0,0.0,20288.474591249706,896.6288460856895
1668546868.254816,0.044164,-2.9999999999995308e-05,0.000364,-2.999999999999997e-05,1.0,0.0,896.020191847952,0.0,896.020191847952
1668546928.2121525,0.044086,-7.800000000000168e-05,0.000286,-7.8e-05,1.0,0.0,896.020191847952,0.0,896.020191847952
1668546988.996699,0.044078,-8.000000000001062e-06,0.000278,-8.000000000000032e-06,1.0,0.0,896.020191847952,0.0,896.020191847952
1668547049.038392,0.044078,0.0,0.000278,0.0,1.0,0.0,896.020191847952,0.0,896.020191847952
1668547109.0806026,0.044078,0.0,0.000278,0.0,1.0,0.0,896.020191847952,0.0,896.020191847952
1668547169.1806705,0.04407,-8.000000000001062e-06,0.00017,-0.0001079999999999,1.0,0.0,896.020191847952,0.0,896.020191847952
1668547229.8450415,0.044,-7.000000000000062e-05,1e-05,-0.00016,1.0,0.0,896.020191847952,0.0,896.020191847952
1668547289.9217904,0.043956,-4.399999999999543e-05,-3.4e-05,-4.4e-05,1.0,0.0,896.020191847952,0.0,896.020191847952
1668547349.881776,0.044033,7.700000000000068e-05,3.2e-05,6.6e-05,0.0,1.0,0.0,20348.833644038605,896.020191847952
1668547410.8952036,0.044107,7.399999999999768e-05,0.000106,7.400000000000001e-05,0.0,1.0,0.0,20348.833644038605,897.5260055376108
1668547470.834831,0.0441,-7.000000000000062e-06,5.3e-05,-5.3e-05,1.0,0.0,897.3835637021025,0.0,897.3835637021025
1668547531.3513288,0.044043,-5.700000000000149e-05,-7.8e-05,-0.0001309999999999,1.0,0.0,897.3835637021025,0.0,897.3835637021025
1668547591.8100896,0.044041,-2.000000000002e-06,-8e-05,-2.000000000000008e-06,1.0,0.0,897.3835637021025,0.0,897.3835637021025
1668547651.7096388,0.043836,-0.0002049999999999,-0.000334,-0.000254,1.0,0.0,897.3835637021025,0.0,897.3835637021025
1668547711.657374,0.043966,0.0001299999999999,-0.000198,0.000136,0.0,1.0,0.0,20410.853016014706,897.3835637021025
1668547772.4445724,0.043966,0.0,-0.000198,0.0,0.0,1.0,0.0,20410.853016014706,897.3835637021025
1668547832.4336443,0.044,3.399999999999931e-05,-7.8e-05,0.0001199999999999,0.0,1.0,0.0,20410.853016014706,898.077532704647
1668547892.56716,0.043915,-8.49999999999948e-05,-0.000155,-7.7e-05,1.0,0.0,896.3426101982858,0.0,896.3426101982858
1668547953.4114416,0.043938,2.2999999999995246e-05,-0.000132,2.299999999999999e-05,0.0,1.0,0.0,20400.168651242337,896.3426101982858
1668548014.3305943,0.044029,9.10000000000008e-05,-4e-06,0.000128,0.0,1.0,0.0,20400.168651242337,898.1990255455488
1668548073.305954,0.04385,-0.0001789999999999,-0.000106,-0.000102,1.0,0.0,894.5473953569765,0.0,894.5473953569765
1668548134.5350718,0.043876,2.5999999999998247e-05,-0.000231,-0.000125,1.0,0.0,894.5473953569765,0.0,894.5473953569765
1668548194.3953898,0.043832,-4.399999999999543e-05,-0.000275,-4.400000000000001e-05,1.0,0.0,894.5473953569765,0.0,894.5473953569765
1668548254.3400698,0.043756,-7.599999999999968e-05,-0.000285,-9.999999999999972e-06,1.0,0.0,894.5473953569765,0.0,894.5473953569765
1668548315.1249208,0.043788,3.199999999999731e-05,-0.000405,-0.0001199999999999,1.0,0.0,894.5473953569765,0.0,894.5473953569765
1668548375.1861925,0.043716,-7.200000000000262e-05,-0.00031,9.499999999999998e-05,0.0,1.0,0.0,20462.700049340667,894.5473953569765
1668548435.2127404,0.04372,4.000000000004e-06,-0.000246,6.399999999999998e-05,0.0,1.0,0.0,20462.700049340667,894.629246157174
1668548496.4096737,0.043693,-2.6999999999999247e-05,-0.000204,4.200000000000002e-05,0.0,1.0,0.0,20462.700049340667,894.0767532558418
1668548555.997013,0.04362,-7.300000000000362e-05,-0.000357,-0.000153,1.0,0.0,892.5829761522399,0.0,892.5829761522399
1668548616.1378312,0.043721,0.000101,-0.000149,0.000208,0.0,1.0,0.0,20415.42911077605,892.5829761522399
1668548677.0381246,0.043663,-5.8000000000002494e-05,-0.000207,-5.8e-05,1.0,0.0,891.3988812638147,0.0,891.3988812638147
1668548736.9831164,0.04381,0.000147,-0.000127,7.999999999999999e-05,0.0,1.0,0.0,20346.9272144217,891.3988812638147
1668548797.2396169,0.043869,5.899999999999656e-05,6.6e-05,0.000193,0.0,1.0,0.0,20346.9272144217,892.5993499694655
1668548857.8373992,0.043742,-0.0001269999999999,-6.1e-05,-0.000127,1.0,0.0,890.015290213234,0.0,890.015290213234
1668548917.8903377,0.043742,0.0,-6.1e-05,0.0,1.0,0.0,890.015290213234,0.0,890.015290213234
1668548977.856535,0.043713,-2.9000000000001247e-05,-7e-06,5.4e-05,0.0,1.0,0.0,20360.42573635381,890.015290213234
1668549039.5213969,0.043694,-1.9000000000005124e-05,-2.7e-05,-2e-05,1.0,0.0,889.6284421242433,0.0,889.6284421242433
1668549098.72071,0.0437,6.0000000000060005e-06,-2e-05,6.999999999999997e-06,0.0,1.0,0.0,20357.630254559343,889.6284421242433
1668549158.7706776,0.043597,-0.000103,1.5e-05,3.5000000000000004e-05,0.0,1.0,0.0,20357.630254559343,887.5316062080236
1668549219.5690498,0.043597,0.0,-6.8e-05,-8.3e-05,1.0,0.0,887.5316062080236,0.0,887.5316062080236
1668549279.5737238,0.043554,-4.299999999999443e-05,-0.000109,-4.100000000000001e-05,1.0,0.0,887.5316062080236,0.0,887.5316062080236
1668549339.4939966,0.04354,-1.4000000000000123e-05,-0.000181,-7.2e-05,1.0,0.0,887.5316062080236,0.0,887.5316062080236
1668549400.661676,0.04354,0.0,-0.000181,0.0,1.0,0.0,887.5316062080236,0.0,887.5316062080236
1668549460.4943783,0.04357,2.9999999999995308e-05,-0.00029,-0.0001089999999999,1.0,0.0,887.5316062080236,0.0,887.5316062080236
1668549520.927266,0.043571,1.000000000001e-06,-0.000289,1.0000000000000243e-06,0.0,1.0,0.0,20369.77820587142,887.5316062080235
1668549581.4220195,0.043609,3.800000000000331e-05,-0.000133,0.0001559999999999,0.0,1.0,0.0,20369.77820587142,888.3056577798467
1668549641.284958,0.043594,-1.5000000000001124e-05,-0.0001,3.3e-05,0.0,1.0,0.0,20369.77820587142,888.0001111067586
1668549701.3085704,0.04369,9.599999999999886e-05,-4e-06,9.6e-05,0.0,1.0,0.0,20369.77820587142,889.9556098145223
1668549762.2637427,0.043719,2.9000000000001247e-05,0.000137,0.0001409999999999,0.0,1.0,0.0,20369.77820587142,890.5463333824925
1668549822.3074229,0.043719,0.0,0.000137,0.0,0.0,1.0,0.0,20369.77820587142,890.5463333824925
1668549882.288897,0.043642,-7.700000000000068e-05,8.8e-05,-4.9e-05,1.0,0.0,888.9778604606405,0.0,888.9778604606405
1668549943.562268,0.043656,1.4000000000000123e-05,0.000127,3.9e-05,0.0,1.0,0.0,20363.245841594293,888.9778604606405
1668550003.1751828,0.043656,0.0,0.000127,0.0,0.0,1.0,0.0,20363.245841594293,888.9778604606405
1668550063.097837,0.0437,4.400000000000237e-05,9.1e-05,-3.5999999999999994e-05,1.0,0.0,889.8738432776706,0.0,889.8738432776706
1668550124.1914914,0.0437,0.0,9.1e-05,0.0,1.0,0.0,889.8738432776706,0.0,889.8738432776706
1668550183.9464023,0.0437,0.0,9.1e-05,0.0,1.0,0.0,889.8738432776706,0.0,889.8738432776706
1668550243.886276,0.043515,-0.000185,-7.5e-05,-0.000166,1.0,0.0,889.8738432776706,0.0,889.8738432776706
1668550304.6901612,0.043653,0.0001379999999999,4.4e-05,0.0001189999999999,0.0,1.0,0.0,20385.17039556664,889.8738432776705
1668550364.7118382,0.043655,2.000000000002e-06,6.5e-05,2.0999999999999995e-05,0.0,1.0,0.0,20385.17039556664,889.9146136184618
1668550424.653548,0.043663,8.000000000001062e-06,7.3e-05,8.000000000000005e-06,0.0,1.0,0.0,20385.17039556664,890.0776949816263
1668550485.69771,0.043581,-8.199999999999874e-05,-0.000109,-0.000182,1.0,0.0,888.4061110091899,0.0,888.4061110091899
1668550545.8880515,0.04363,4.900000000000043e-05,-2.2e-05,8.7e-05,0.0,1.0,0.0,20362.27620924112,888.4061110091899
1668550605.5954216,0.04366,2.9999999999995308e-05,-5.9e-05,-3.7e-05,1.0,0.0,889.0169792954672,0.0,889.0169792954672
1668550666.6437564,0.043702,4.200000000000037e-05,-6e-06,5.3e-05,0.0,1.0,0.0,20342.70695381144,889.0169792954672
1668550726.4467125,0.043702,0.0,5.4e-05,6e-05,0.0,1.0,0.0,20342.70695381144,889.0169792954674
1668550786.4732895,0.043702,0.0,5.4e-05,0.0,0.0,1.0,0.0,20342.70695381144,889.0169792954675
1668550847.148484,0.04369,-1.1999999999998123e-05,-1e-05,-6.4e-05,1.0,0.0,888.7728668120219,0.0,888.7728668120219
1668550907.1580875,0.04369,0.0,0.000175,0.000185,0.0,1.0,0.0,20342.70695381144,888.7728668120219
1668550967.229655,0.04369,0.0,0.000175,0.0,0.0,1.0,0.0,20342.70695381144,888.7728668120219
1668551028.1681976,0.043724,3.399999999999931e-05,6.1e-05,-0.000114,1.0,0.0,889.4645188484515,0.0,889.4645188484515
1668551088.1320455,0.04378,5.6000000000000494e-05,0.000199,0.000138,0.0,1.0,0.0,20316.68613175997,889.4645188484515
1668551148.08161,0.043707,-7.299999999999668e-05,7.7e-05,-0.000122,1.0,0.0,887.981400760833,0.0,887.981400760833
1668551209.1718962,0.04376,5.299999999999749e-05,6.4e-05,-1.3000000000000004e-05,1.0,0.0,887.981400760833,0.0,887.981400760833
1668551269.021661,0.04379,3.0000000000002247e-05,9.1e-05,2.700000000000001e-05,0.0,1.0,0.0,20278.1776835084,887.981400760833
1668551329.2619166,0.04379,0.0,8.8e-05,-3.000000000000005e-06,1.0,0.0,887.9814007608328,0.0,887.9814007608328
1668551389.8853772,0.043722,-6.800000000000556e-05,5.2e-05,-3.6e-05,1.0,0.0,887.9814007608328,0.0,887.9814007608328
1668551450.158998,0.04379,6.800000000000556e-05,8.7e-05,3.5000000000000004e-05,0.0,1.0,0.0,20278.1776835084,887.9814007608328
1668551509.937786,0.043712,-7.800000000000168e-05,2.2e-05,-6.500000000000001e-05,1.0,0.0,886.3997029015192,0.0,886.3997029015192
1668551570.8095708,0.043679,-3.299999999999831e-05,-4.4e-05,-6.6e-05,1.0,0.0,886.3997029015192,0.0,886.3997029015192
1668551630.7389684,0.043741,6.199999999999956e-05,1.9e-05,6.3e-05,0.0,1.0,0.0,20264.73338290206,886.399702901519
1668551690.8890078,0.04371,-3.100000000000325e-05,-5e-05,-6.9e-05,1.0,0.0,885.7714961666491,0.0,885.7714961666491
1668551751.7883976,0.04371,0.0,-5e-05,0.0,1.0,0.0,885.7714961666491,0.0,885.7714961666491
1668551811.7995975,0.043689,-2.1000000000000185e-05,-7.1e-05,-2.1e-05,1.0,0.0,885.7714961666491,0.0,885.7714961666491
1668551871.748361,0.043689,0.0,-7.1e-05,0.0,1.0,0.0,885.7714961666491,0.0,885.7714961666491
1668551932.6379144,0.043793,0.0001039999999999,0.000109,0.00018,0.0,1.0,0.0,20226.32603764641,885.7714961666491
1668551992.5036197,0.043795,2.000000000002e-06,-5e-06,-0.000114,1.0,0.0,885.8119488187245,0.0,885.8119488187245
1668552052.4632876,0.043755,-3.999999999999837e-05,-3.5e-05,-3e-05,1.0,0.0,885.8119488187245,0.0,885.8119488187245
1668552113.2555938,0.043755,0.0,-3.5e-05,0.0,1.0,0.0,885.8119488187245,0.0,885.8119488187245
1668552173.21559,0.043792,3.699999999999537e-05,1.1e-05,4.599999999999999e-05,0.0,1.0,0.0,20227.711655524403,885.8119488187247
1668552233.2005484,0.043835,4.300000000000137e-05,4.5e-05,3.4e-05,0.0,1.0,0.0,20227.711655524403,886.6817404199122
1668552294.3483987,0.04386,2.5000000000004186e-05,0.000244,0.0001989999999999,0.0,1.0,0.0,20227.711655524403,887.1874332113003
1668552354.561591,0.04386,0.0,0.000244,0.0,0.0,1.0,0.0,20227.711655524403,887.1874332113003
1668552414.3253424,0.043809,-5.100000000000243e-05,0.000125,-0.0001189999999999,1.0,0.0,886.1558199168686,0.0,886.1558199168686
1668552475.097686,0.043689,-0.00012,-5.2e-05,-0.000177,1.0,0.0,886.1558199168686,0.0,886.1558199168686
1668552535.3416162,0.043623,-6.599999999999662e-05,-0.000118,-6.6e-05,1.0,0.0,886.1558199168686,0.0,886.1558199168686
1668552595.0534854,0.04369,6.699999999999762e-05,-2e-05,9.8e-05,0.0,1.0,0.0,20282.806589994703,886.1558199168686
1668552655.9814172,0.04369,0.0,-2e-05,0.0,0.0,1.0,0.0,20282.806589994703,886.1558199168686
1668552715.8658085,0.043695,4.9999999999980616e-06,6e-06,2.6e-05,0.0,1.0,0.0,20282.806589994703,886.2572339498186
1668552775.9540026,0.04372,2.5000000000004186e-05,-7.9e-05,-8.499999999999999e-05,1.0,0.0,886.7643041145685,0.0,886.7643041145685
1668552836.67061,0.04369,-3.0000000000002247e-05,-0.00018,-0.000101,1.0,0.0,886.7643041145685,0.0,886.7643041145685
1668552896.5132484,0.04372,3.0000000000002247e-05,-3.5e-05,0.000145,0.0,1.0,0.0,20282.806589994703,886.7643041145685
1668552956.8522658,0.043657,-6.300000000000056e-05,-0.000155,-0.00012,1.0,0.0,885.4864872993987,0.0,885.4864872993987
1668553018.270806,0.04367,1.2999999999999123e-05,-0.00013,2.500000000000001e-05,0.0,1.0,0.0,20276.76865810393,885.4864872993986
1668553078.56851,0.04367,0.0,-0.00019,-6.000000000000002e-05,1.0,0.0,885.4864872993986,0.0,885.4864872993986
1668553138.0311573,0.043622,-4.799999999999943e-05,-0.000187,3.0000000000000187e-06,0.0,1.0,0.0,20299.080447925327,885.4864872993986
1668553198.933322,0.043679,5.700000000000149e-05,5.6e-05,0.000243,0.0,1.0,0.0,20299.080447925327,886.6435348849304
1668553258.5673697,0.0437,2.1000000000000185e-05,1e-05,-4.6e-05,1.0,0.0,887.0698155743369,0.0,887.0698155743369
1668553319.0426686,0.043738,3.799999999999637e-05,4.8e-05,3.8e-05,0.0,1.0,0.0,20281.44440930854,887.0698155743369
1668553379.5200822,0.043693,-4.499999999999643e-05,3e-06,-4.5e-05,1.0,0.0,886.1571505759181,0.0,886.1571505759181
1668553439.6481032,0.043819,0.0001259999999999,9.9e-05,9.6e-05,0.0,1.0,0.0,20223.125826146606,886.1571505759181
1668553499.4134743,0.043812,-7.000000000000062e-06,0.000122,2.3000000000000003e-05,0.0,1.0,0.0,20223.125826146606,886.0155886951351
1668553560.577492,0.043897,8.500000000000174e-05,0.000207,8.499999999999999e-05,0.0,1.0,0.0,20223.125826146606,887.7345543903575
1668553620.4565637,0.043861,-3.600000000000131e-05,0.000201,-5.999999999999983e-06,1.0,0.0,887.0065218606162,0.0,887.0065218606162
1668553680.2984314,0.043818,-4.299999999999443e-05,0.000183,-1.8000000000000004e-05,1.0,0.0,887.0065218606162,0.0,887.0065218606162
1668553741.0139797,0.043817,-1.000000000001e-06,0.000147,-3.600000000000001e-05,1.0,0.0,887.0065218606162,0.0,887.0065218606162
1668553801.2267168,0.043865,4.799999999999943e-05,0.000195,4.8e-05,0.0,1.0,0.0,20221.2817020544,887.0065218606162
1668553861.3702233,0.04375,-0.000115,0.000128,-6.7e-05,1.0,0.0,884.6810744648799,0.0,884.6810744648799
1668553921.969319,0.0438,5.000000000000143e-05,0.000106,-2.2e-05,1.0,0.0,884.6810744648799,0.0,884.6810744648799
1668553981.250347,0.043706,-9.399999999999686e-05,-3.2e-05,-0.000138,1.0,0.0,884.6810744648799,0.0,884.6810744648799
1668554041.2554636,0.043722,1.5999999999995185e-05,-1.6e-05,1.6e-05,0.0,1.0,0.0,20234.23161028498,884.6810744648799
1668554102.7096367,0.043722,0.0,-1.6e-05,0.0,0.0,1.0,0.0,20234.23161028498,884.6810744648799
1668554161.0467355,0.043722,0.0,-1.6e-05,0.0,0.0,1.0,0.0,20234.23161028498,884.6810744648799
1668554221.325427,0.043762,4.000000000000531e-05,-5.7e-05,-4.100000000000001e-05,1.0,0.0,885.4904437292913,0.0,885.4904437292913
1668554281.3056183,0.043757,-5.000000000005e-06,-6.2e-05,-5e-06,1.0,0.0,885.4904437292913,0.0,885.4904437292913
1668554341.373712,0.04362,-0.0001369999999999,-0.000277,-0.000215,1.0,0.0,885.4904437292913,0.0,885.4904437292913
1668554401.278726,0.04373,0.0001099999999999,-0.000131,0.000146,0.0,1.0,0.0,20249.03827416628,885.4904437292914
1668554461.276447,0.0437,-2.9999999999995308e-05,-0.000118,1.3000000000000018e-05,0.0,1.0,0.0,20249.03827416628,884.8829725810665
1668554521.0910776,0.043724,2.3999999999996247e-05,-9.4e-05,2.4e-05,0.0,1.0,0.0,20249.03827416628,885.3689494996464
1668554581.7073166,0.04368,-4.400000000000237e-05,-0.000137,-4.3e-05,1.0,0.0,884.477991815583,0.0,884.477991815583
1668554641.1839066,0.043825,0.000145,-4e-05,9.7e-05,0.0,1.0,0.0,20182.0420265963,884.4779918155829
1668554701.231402,0.043842,1.6999999999996185e-05,7.2e-05,0.000112,0.0,1.0,0.0,20182.0420265963,884.821086530035
1668554761.2156565,0.043784,-5.8000000000002494e-05,1.4e-05,-5.8e-05,1.0,0.0,883.6505280924923,0.0,883.6505280924923
1668554821.309531,0.043841,5.700000000000149e-05,0.000119,0.000105,0.0,1.0,0.0,20155.80228764153,883.6505280924923
1668554881.2746906,0.043841,0.0,8.8e-05,-3.100000000000001e-05,1.0,0.0,883.6505280924923,0.0,883.6505280924923
1668554941.2095954,0.04384,-1.000000000001e-06,8.7e-05,-9.999999999999972e-07,1.0,0.0,883.6505280924923,0.0,883.6505280924923
1668555001.3340738,0.043808,-3.199999999999731e-05,5.1e-05,-3.6e-05,1.0,0.0,883.6505280924923,0.0,883.6505280924923
1668555062.115624,0.04383,2.2000000000001185e-05,0.00021,0.000159,0.0,1.0,0.0,20160.860782397725,883.6505280924923
1668555121.303407,0.04383,0.0,0.00019,-2e-05,1.0,0.0,883.6505280924923,0.0,883.6505280924923
1668555181.198863,0.04383,0.0,0.00019,0.0,1.0,0.0,883.6505280924923,0.0,883.6505280924923
1668555241.2434063,0.043787,-4.300000000000137e-05,6.3e-05,-0.000127,1.0,0.0,883.6505280924923,0.0,883.6505280924923
1668555301.2316427,0.043816,2.9000000000001247e-05,0.000155,9.2e-05,0.0,1.0,0.0,20167.30253999663,883.6505280924923
1668555361.2539468,0.043816,0.0,0.000155,0.0,0.0,1.0,0.0,20167.30253999663,883.6505280924923
1668555421.3653927,0.043834,1.7999999999997185e-05,-8e-06,-0.000163,1.0,0.0,884.0135395382122,0.0,884.0135395382122
1668555481.421875,0.043788,-4.599999999999743e-05,-5.4e-05,-4.6e-05,1.0,0.0,884.0135395382122,0.0,884.0135395382122
1668555542.318668,0.043878,8.99999999999998e-05,3.7e-05,9.1e-05,0.0,1.0,0.0,20147.07916354921,884.0135395382122
1668555601.3268206,0.043803,-7.499999999999868e-05,-3.8e-05,-7.500000000000001e-05,1.0,0.0,882.502508600946,0.0,882.502508600946
1668555661.316928,0.043718,-8.500000000000174e-05,-0.000122,-8.4e-05,1.0,0.0,882.502508600946,0.0,882.502508600946
1668555721.3337507,0.04378,6.199999999999956e-05,-2.5e-05,9.7e-05,0.0,1.0,0.0,20157.66351304125,882.502508600946
1668555781.5076275,0.04375,-3.0000000000002247e-05,-8e-05,-5.500000000000001e-05,1.0,0.0,881.8977786955546,0.0,881.8977786955546
1668555841.2833734,0.043781,3.100000000000325e-05,-4.9e-05,3.100000000000001e-05,0.0,1.0,0.0,20143.390482071096,881.8977786955546
1668555901.2718315,0.04378,-1.000000000001e-06,-5e-05,-1.000000000000004e-06,1.0,0.0,881.8776353050725,0.0,881.8776353050725
1668555961.27037,0.04375,-3.0000000000002247e-05,-3.7e-05,1.3000000000000004e-05,0.0,1.0,0.0,20157.20309268737,881.8776353050725
1668556022.3619576,0.043696,-5.3999999999998494e-05,-0.00012,-8.300000000000001e-05,1.0,0.0,880.7891463380673,0.0,880.7891463380673
1668556081.2762473,0.043674,-2.2000000000001185e-05,-0.00016,-4.000000000000001e-05,1.0,0.0,880.7891463380673,0.0,880.7891463380673
1668556141.3866248,0.04366,-1.4000000000000123e-05,-0.000143,1.7000000000000007e-05,0.0,1.0,0.0,20173.823782365263,880.7891463380673
1668556201.7180989,0.043695,3.500000000000031e-05,-0.000208,-6.499999999999998e-05,1.0,0.0,881.4952301704501,0.0,881.4952301704501
1668556261.3182988,0.043651,-4.399999999999543e-05,-5.8e-05,0.00015,0.0,1.0,0.0,20194.15890060824,881.4952301704501
1668556321.3820868,0.043759,0.0001079999999999,4.1e-05,9.9e-05,0.0,1.0,0.0,20194.15890060824,883.6761993317159
1668556381.2879813,0.043749,-9.999999999996125e-06,-3.1e-05,-7.2e-05,1.0,0.0,883.4742577427099,0.0,883.4742577427099
1668556441.2534776,0.043699,-5.000000000000143e-05,-8.2e-05,-5.1e-05,1.0,0.0,883.4742577427099,0.0,883.4742577427099
1668556501.7488413,0.043718,1.8999999999998185e-05,-6.2e-05,2e-05,0.0,1.0,0.0,20208.47837830436,883.4742577427098
1668556561.3494513,0.0436,-0.000118,-0.000106,-4.4e-05,1.0,0.0,881.0896572940701,0.0,881.0896572940701
1668556621.5703478,0.0436,0.0,-9.6e-05,1e-05,0.0,1.0,0.0,20208.47837830436,881.0896572940701
1668556681.3575842,0.0436,0.0,-6.9e-05,2.700000000000001e-05,0.0,1.0,0.0,20208.47837830436,881.0896572940701
1668556741.2905705,0.043562,-3.800000000000331e-05,-0.000107,-3.8e-05,1.0,0.0,880.3217351156944,0.0,880.3217351156944
1668556801.4826703,0.043578,1.6000000000002124e-05,-0.000106,9.999999999999972e-07,0.0,1.0,0.0,20201.058679051228,880.3217351156944
1668556861.5916038,0.043557,-2.1000000000000185e-05,-0.000176,-7e-05,1.0,0.0,879.8975128834343,0.0,879.8975128834343
1668556921.5469575,0.0436,4.300000000000137e-05,-0.000192,-1.600000000000001e-05,1.0,0.0,879.8975128834343,0.0,879.8975128834343
1668556981.7394118,0.04345,-0.0001499999999999,-0.000309,-0.0001169999999999,1.0,0.0,879.8975128834343,0.0,879.8975128834343
1668557041.4125924,0.043412,-3.800000000000331e-05,-0.000362,-5.300000000000004e-05,1.0,0.0,879.8975128834343,0.0,879.8975128834343
1668557101.3850434,0.04348,6.799999999999862e-05,-0.00012,0.000242,0.0,1.0,0.0,20236.83332298607,879.8975128834343
1668557161.336704,0.04347,-9.999999999996125e-06,-0.00013,-9.999999999999986e-06,1.0,0.0,879.6951445502044,0.0,879.6951445502044
1668557221.5063117,0.043549,7.899999999999574e-05,-5.1e-05,7.9e-05,0.0,1.0,0.0,20200.12272498116,879.6951445502045
1668557281.4607842,0.04354,-8.999999999995123e-06,-4.9e-05,2.000000000000001e-06,0.0,1.0,0.0,20200.12272498116,879.5133434456798
1668557341.4188812,0.043529,-1.1000000000004062e-05,-8.2e-05,-3.3e-05,1.0,0.0,879.2911420957049,0.0,879.2911420957049
1668557401.2507467,0.043567,3.800000000000331e-05,0.0,8.2e-05,0.0,1.0,0.0,20182.50377799033,879.2911420957048
1668557461.5618258,0.043562,-5.000000000005e-06,-5e-06,-5e-06,1.0,0.0,879.1902295768147,0.0,879.1902295768147
1668557521.882155,0.043562,0.0,-5e-06,0.0,1.0,0.0,879.1902295768147,0.0,879.1902295768147
1668557581.48575,0.043614,5.200000000000343e-05,4.4e-05,4.9e-05,0.0,1.0,0.0,20158.44062862417,879.1902295768147
1668557641.3883584,0.043614,0.0,4.4e-05,0.0,0.0,1.0,0.0,20158.44062862417,879.1902295768144
1668557701.405514,0.043694,7.999999999999674e-05,0.000139,9.5e-05,0.0,1.0,0.0,20158.44062862417,880.8029048271044
1668557761.4553745,0.043816,0.000122,0.000405,0.0002659999999999,0.0,1.0,0.0,20158.44062862417,883.2622345837966
1668557821.6474638,0.04386,4.400000000000237e-05,0.00041,5.000000000000013e-06,0.0,1.0,0.0,20158.44062862417,884.1492059714561
1668557881.6340804,0.043766,-9.40000000000038e-05,0.000278,-0.000132,1.0,0.0,882.2543125523654,0.0,882.2543125523654
1668557941.434648,0.043766,0.0,0.000278,0.0,1.0,0.0,882.2543125523654,0.0,882.2543125523654
1668558001.673547,0.043712,-5.3999999999998494e-05,0.000171,-0.0001069999999999,1.0,0.0,882.2543125523654,0.0,882.2543125523654
1668558061.3933673,0.043731,1.8999999999998185e-05,0.000182,1.0999999999999996e-05,0.0,1.0,0.0,20174.57438778819,882.2543125523654
1668558121.3755474,0.04373,-1.000000000001e-06,0.000221,3.9e-05,0.0,1.0,0.0,20174.57438778819,882.2341379779775
1668558181.374366,0.04373,0.0,0.000221,0.0,0.0,1.0,0.0,20174.57438778819,882.2341379779775
1668558241.2740626,0.043866,0.000136,0.000329,0.0001079999999999,0.0,1.0,0.0,20174.57438778819,884.9778800947169
1668558301.4014084,0.044038,0.0001719999999999,0.000476,0.000147,0.0,1.0,0.0,20174.57438778819,888.4479068894163
1668558361.4764943,0.044019,-1.8999999999998185e-05,0.000405,-7.100000000000005e-05,1.0,0.0,888.0645899760484,0.0,888.0645899760484
1668558421.42712,0.044017,-2.000000000002e-06,0.000262,-0.0001429999999999,1.0,0.0,888.0645899760484,0.0,888.0645899760484
1668558481.70803,0.044058,4.099999999999937e-05,0.000187,-7.500000000000003e-05,1.0,0.0,888.0645899760484,0.0,888.0645899760484
1668558542.2011442,0.04396,-9.800000000000086e-05,0.000205,1.8000000000000004e-05,0.0,1.0,0.0,20201.6512733405,888.0645899760483
1668558601.5821118,0.04404,8.000000000000368e-05,0.000274,6.9e-05,0.0,1.0,0.0,20201.6512733405,889.6807220779157
1668558661.4349637,0.044071,3.099999999999631e-05,0.000359,8.5e-05,0.0,1.0,0.0,20201.6512733405,890.3069732673891
1668558721.742674,0.04395,-0.0001209999999999,0.000253,-0.0001059999999999,1.0,0.0,887.862573463315,0.0,887.862573463315
1668558781.4733307,0.043988,3.799999999999637e-05,0.000258,4.999999999999959e-06,0.0,1.0,0.0,20184.19963315711,887.8625734633149
1668558841.477634,0.043915,-7.299999999999668e-05,5.4e-05,-0.0002039999999999,1.0,0.0,886.3891268900945,0.0,886.3891268900945
1668558901.4466147,0.043969,5.3999999999998494e-05,-7e-05,-0.0001239999999999,1.0,0.0,886.3891268900945,0.0,886.3891268900945
1668558961.4226654,0.04402,5.099999999999549e-05,0.0,7e-05,0.0,1.0,0.0,20136.054677194334,886.3891268900945
1668559022.0839708,0.044035,1.5000000000001124e-05,-9.9e-05,-9.9e-05,1.0,0.0,886.6911677102524,0.0,886.6911677102524
1668559081.4290638,0.044035,0.0,-9.9e-05,0.0,1.0,0.0,886.6911677102524,0.0,886.6911677102524
1668559141.584332,0.04401,-2.4999999999997247e-05,-4.8e-05,5.099999999999999e-05,0.0,1.0,0.0,20147.49301772898,886.6911677102523
1668559201.4321086,0.044013,2.9999999999960614e-06,8.3e-05,0.0001309999999999,0.0,1.0,0.0,20147.49301772898,886.7516101893054
1668559261.5378692,0.044013,0.0,8.3e-05,0.0,0.0,1.0,0.0,20147.49301772898,886.7516101893054
1668559321.608922,0.044,-1.2999999999999123e-05,-9.1e-05,-0.000174,1.0,0.0,886.4896927800751,0.0,886.4896927800751
1668559381.436513,0.044054,5.400000000000543e-05,-1.7e-05,7.400000000000001e-05,0.0,1.0,0.0,20122.796857948768,886.4896927800751
1668559441.472995,0.04405,-4.000000000004e-06,0.0001,0.000117,0.0,1.0,0.0,20122.796857948768,886.4092015926432
1668559501.9533885,0.044013,-3.700000000000231e-05,1.5e-05,-8.5e-05,1.0,0.0,885.6646581088991,0.0,885.6646581088991
1668559561.6232915,0.044013,0.0,1.5e-05,0.0,1.0,0.0,885.6646581088991,0.0,885.6646581088991
1668559621.5478897,0.044033,2.0000000000006124e-05,0.000122,0.000107,0.0,1.0,0.0,20113.65698700745,885.6646581088991
1668559681.5524895,0.044013,-2.0000000000006124e-05,4.3e-05,-7.9e-05,1.0,0.0,885.2623849691588,0.0,885.2623849691588
1668559741.5669453,0.043901,-0.0001119999999999,-0.000119,-0.000162,1.0,0.0,885.2623849691588,0.0,885.2623849691588
1668559801.725339,0.043875,-2.6000000000005186e-05,-0.00016,-4.100000000000001e-05,1.0,0.0,885.2623849691588,0.0,885.2623849691588
1668559861.57361,0.043895,2.0000000000006124e-05,-9.4e-05,6.600000000000002e-05,0.0,1.0,0.0,20167.727189182337,885.2623849691587
1668559921.493621,0.043963,6.799999999999862e-05,-5e-05,4.399999999999999e-05,0.0,1.0,0.0,20167.727189182337,886.6337904180231
1668559982.3540058,0.04395,-1.2999999999999123e-05,-0.000104,-5.399999999999999e-05,1.0,0.0,886.3716099645637,0.0,886.3716099645637
1668560041.4948096,0.043951,9.999999999940612e-07,-0.000103,9.999999999999972e-07,0.0,1.0,0.0,20167.26832073363,886.3716099645637
1668560101.6121347,0.043965,1.4000000000000123e-05,-8.9e-05,1.4e-05,0.0,1.0,0.0,20167.26832073363,886.653951721054
1668560161.5182505,0.044024,5.900000000000349e-05,-2.6e-05,6.3e-05,0.0,1.0,0.0,20167.26832073363,887.8438205519774
1668560222.0297616,0.044,-2.4000000000003185e-05,-1.3e-05,1.3e-05,0.0,1.0,0.0,20167.26832073363,887.3598061122797
1668560281.6558282,0.044148,0.000148,0.000115,0.000128,0.0,1.0,0.0,20167.26832073363,890.3445618237483
1668560341.5442853,0.04415,2.000000000002e-06,0.000159,4.399999999999999e-05,0.0,1.0,0.0,20167.26832073363,890.3848963603898
1668560401.6504734,0.044132,-1.8000000000004124e-05,0.000246,8.700000000000003e-05,0.0,1.0,0.0,20167.26832073363,890.0218855306165
1668560462.0612009,0.044149,1.7000000000003124e-05,0.000319,7.299999999999999e-05,0.0,1.0,0.0,20167.26832073363,890.3647290920691
1668560521.697605,0.044149,0.0,0.000319,0.0,0.0,1.0,0.0,20167.26832073363,890.3647290920691
1668560581.6627724,0.04414,-9.000000000002062e-06,0.000155,-0.000164,1.0,0.0,890.1832236771825,0.0,890.1832236771825
1668560641.5683331,0.044053,-8.69999999999968e-05,6.8e-05,-8.7e-05,1.0,0.0,890.1832236771825,0.0,890.1832236771825
1668560701.6557655,0.044053,0.0,6.8e-05,0.0,1.0,0.0,890.1832236771825,0.0,890.1832236771825
1668560761.519406,0.04409,3.699999999999537e-05,0.000127,5.9e-05,0.0,1.0,0.0,20190.138890387447,890.1832236771825
1668560821.5305717,0.044087,-2.9999999999960614e-06,0.000136,9.000000000000002e-06,0.0,1.0,0.0,20190.138890387447,890.1226532605114
1668560881.5629768,0.044052,-3.500000000000031e-05,8.9e-05,-4.7e-05,1.0,0.0,889.4159983993478,0.0,889.4159983993478
1668560942.1169844,0.04405,-2.000000000002e-06,-4e-06,-9.3e-05,1.0,0.0,889.4159983993478,0.0,889.4159983993478
1668561001.5992787,0.044001,-4.900000000000043e-05,-0.000177,-0.000173,1.0,0.0,889.4159983993478,0.0,889.4159983993478
1668561061.5723035,0.04408,7.900000000000268e-05,-6.1e-05,0.000116,0.0,1.0,0.0,20177.31393827921,889.4159983993478
1668561121.606853,0.044084,3.9999999999970615e-06,-6.6e-05,-5.000000000000006e-06,1.0,0.0,889.4967076551006,0.0,889.4967076551006
1668561181.6223085,0.044084,0.0,-6.6e-05,0.0,1.0,0.0,889.4967076551006,0.0,889.4967076551006
1668561241.653515,0.044084,0.0,-6.6e-05,0.0,1.0,0.0,889.4967076551006,0.0,889.4967076551006
1668561301.6341057,0.044101,1.7000000000003124e-05,-3.5e-05,3.100000000000001e-05,0.0,1.0,0.0,20169.53601177072,889.4967076551005
1668561361.515811,0.044092,-9.000000000002062e-06,-5.7e-05,-2.200000000000001e-05,1.0,0.0,889.3151818309946,0.0,889.3151818309946
1668561422.177108,0.044051,-4.099999999999937e-05,-2e-06,5.5e-05,0.0,1.0,0.0,20188.30859301706,889.3151818309946
1668561481.7562647,0.044035,-1.6000000000002124e-05,-5.5e-05,-5.3e-05,1.0,0.0,888.9921688935062,0.0,888.9921688935062
1668561541.5707383,0.044005,-2.9999999999995308e-05,-0.000135,-7.999999999999999e-05,1.0,0.0,888.9921688935062,0.0,888.9921688935062
1668561601.66438,0.044035,2.9999999999995308e-05,1.8e-05,0.000153,0.0,1.0,0.0,20188.30859301706,888.9921688935062
1668561661.5065858,0.044035,0.0,-1.5e-05,-3.3e-05,1.0,0.0,888.9921688935062,0.0,888.9921688935062
1668561721.7140372,0.044121,8.600000000000274e-05,0.000101,0.000116,0.0,1.0,0.0,20148.95784079024,888.9921688935062
1668561781.6699395,0.044121,0.0,0.000101,0.0,0.0,1.0,0.0,20148.95784079024,888.9921688935062
1668561841.5475671,0.044,-0.000121,-8e-05,-0.000181,1.0,0.0,886.5541449947706,0.0,886.5541449947706
1668561901.9576986,0.044,0.0,-8.4e-05,-3.999999999999989e-06,1.0,0.0,886.5541449947706,0.0,886.5541449947706
1668561961.838524,0.044,0.0,-9.2e-05,-8.000000000000005e-06,1.0,0.0,886.5541449947706,0.0,886.5541449947706
1668562021.6308105,0.044,0.0,-9.2e-05,0.0,1.0,0.0,886.5541449947706,0.0,886.5541449947706
1668562081.7872024,0.043891,-0.0001089999999999,-0.000133,-4.100000000000001e-05,1.0,0.0,886.5541449947706,0.0,886.5541449947706
1668562141.6306806,0.043891,0.0,-0.000133,0.0,1.0,0.0,886.5541449947706,0.0,886.5541449947706
1668562201.6183896,0.043943,5.200000000000343e-05,-9.2e-05,4.100000000000001e-05,0.0,1.0,0.0,20175.093757703627,886.5541449947706
1668562261.717949,0.043957,1.4000000000000123e-05,-7.8e-05,1.4e-05,0.0,1.0,0.0,20175.093757703627,886.8365963073784
1668562321.5404978,0.044092,0.0001349999999999,9.2e-05,0.00017,0.0,1.0,0.0,20175.093757703627,889.5602339646683
1668562381.6025507,0.04404,-5.199999999999649e-05,5e-06,-8.7e-05,1.0,0.0,888.5111290892678,0.0,888.5111290892678
1668562441.7232645,0.043976,-6.400000000000156e-05,-5.9e-05,-6.4e-05,1.0,0.0,888.5111290892678,0.0,888.5111290892678
1668562501.8932998,0.043976,0.0,-7.6e-05,-1.7000000000000007e-05,1.0,0.0,888.5111290892678,0.0,888.5111290892678
1668562561.7662578,0.043976,0.0,-7.6e-05,0.0,1.0,0.0,888.5111290892678,0.0,888.5111290892678
1668562621.6898124,0.043976,0.0,-7.6e-05,0.0,1.0,0.0,888.5111290892678,0.0,888.5111290892678
1668562681.6683505,0.043976,0.0,-7.6e-05,0.0,1.0,0.0,888.5111290892678,0.0,888.5111290892678
1668562741.5980656,0.043976,0.0,-7.6e-05,0.0,1.0,0.0,888.5111290892678,0.0,888.5111290892678
1668562801.5840158,0.043945,-3.100000000000325e-05,-0.000176,-0.0001,1.0,0.0,888.5111290892678,0.0,888.5111290892678
1668562861.6529138,0.043909,-3.600000000000131e-05,-9.1e-05,8.499999999999999e-05,0.0,1.0,0.0,20235.285000552685,888.5111290892678
1668562921.603716,0.043901,-7.999999999994123e-06,-9.9e-05,-7.999999999999991e-06,1.0,0.0,888.3492468092635,0.0,888.3492468092635
1668562981.5895672,0.043901,0.0,-9.9e-05,0.0,1.0,0.0,888.3492468092635,0.0,888.3492468092635
1668563041.6540182,0.043901,0.0,-9.9e-05,0.0,1.0,0.0,888.3492468092635,0.0,888.3492468092635
1668563101.688571,0.043901,0.0,-9.9e-05,0.0,1.0,0.0,888.3492468092635,0.0,888.3492468092635
1668563161.6815405,0.043916,1.4999999999994185e-05,2.5e-05,0.000124,0.0,1.0,0.0,20228.37341309007,888.3492468092635
1668563221.6804185,0.043891,-2.4999999999997247e-05,-6.6e-05,-9.1e-05,1.0,0.0,887.8435374739363,0.0,887.8435374739363
1668563281.789212,0.043923,3.199999999999731e-05,-0.000169,-0.0001029999999999,1.0,0.0,887.8435374739363,0.0,887.8435374739363
1668563341.5938103,0.043923,0.0,-5.3e-05,0.0001159999999999,0.0,1.0,0.0,20213.63607845403,887.8435374739363
1668563401.662698,0.043876,-4.699999999999843e-05,-0.0001,-4.7e-05,1.0,0.0,886.893496578249,0.0,886.893496578249
1668563461.9921322,0.043876,0.0,-0.0001,0.0,1.0,0.0,886.893496578249,0.0,886.893496578249
1668563521.7770655,0.043876,0.0,-0.0001,0.0,1.0,0.0,886.893496578249,0.0,886.893496578249
1668563581.6699052,0.043869,-7.000000000000062e-06,-7.6e-05,2.4e-05,0.0,1.0,0.0,20216.861487115024,886.8934965782489
1668563641.6895769,0.043918,4.900000000000043e-05,3.2e-05,0.000108,0.0,1.0,0.0,20216.861487115024,887.8841227911176
1668563701.7319014,0.043816,-0.0001019999999999,-9.1e-05,-0.000123,1.0,0.0,885.822002919432,0.0,885.822002919432
1668563761.6797335,0.0438,-1.6000000000002124e-05,-0.000101,-1e-05,1.0,0.0,885.822002919432,0.0,885.822002919432
1668563821.6621933,0.0438,0.0,-0.000101,0.0,1.0,0.0,885.822002919432,0.0,885.822002919432
1668563882.2073717,0.043755,-4.499999999999643e-05,-0.000202,-0.000101,1.0,0.0,885.822002919432,0.0,885.822002919432
1668563941.6645253,0.043755,0.0,-0.000202,0.0,1.0,0.0,885.822002919432,0.0,885.822002919432
1668564001.6628482,0.043755,0.0,-0.000202,0.0,1.0,0.0,885.822002919432,0.0,885.822002919432
1668564061.6687446,0.043599,-0.000156,-0.000265,-6.299999999999999e-05,1.0,0.0,885.822002919432,0.0,885.822002919432
1668564121.7112186,0.043591,-8.000000000001062e-06,-0.000273,-8.000000000000032e-06,1.0,0.0,885.822002919432,0.0,885.822002919432
1668564181.639311,0.043591,0.0,-0.000273,0.0,1.0,0.0,885.822002919432,0.0,885.822002919432
1668564242.07362,0.043755,0.000164,-0.000144,0.000129,0.0,1.0,0.0,20245.04634714734,885.822002919432
1668564301.7739582,0.043755,0.0,-0.000144,0.0,0.0,1.0,0.0,20245.04634714734,885.822002919432
1668564362.1010118,0.04382,6.499999999999562e-05,-0.000103,4.100000000000001e-05,0.0,1.0,0.0,20245.04634714734,887.1379309319965
1668564421.9598815,0.043762,-5.799999999999556e-05,-9.6e-05,6.999999999999994e-06,0.0,1.0,0.0,20245.04634714734,885.963718243862
1668564482.0588,0.043783,2.1000000000000185e-05,-9.3e-05,3.000000000000005e-06,0.0,1.0,0.0,20245.04634714734,886.3888642171521
1668564542.081394,0.043783,0.0,-9.3e-05,0.0,0.0,1.0,0.0,20245.04634714734,886.3888642171521
1668564602.9690948,0.043783,0.0,-9.3e-05,0.0,0.0,1.0,0.0,20245.04634714734,886.3888642171521
1668564662.795932,0.043783,0.0,-9.3e-05,0.0,0.0,1.0,0.0,20245.04634714734,886.3888642171521
1668564722.7247353,0.043783,0.0,-9.3e-05,0.0,0.0,1.0,0.0,20245.04634714734,886.3888642171521
1668564783.5191782,0.043797,1.4000000000000123e-05,-7.6e-05,1.6999999999999993e-05,0.0,1.0,0.0,20245.04634714734,886.6722948660122
1668564843.903134,0.043797,0.0,-7.6e-05,0.0,0.0,1.0,0.0,20245.04634714734,886.6722948660122
1668564903.657832,0.0437,-9.699999999999986e-05,-0.000218,-0.000142,1.0,0.0,884.7085253703389,0.0,884.7085253703389
1668564964.554176,0.043671,-2.9000000000001247e-05,-0.000163,5.500000000000001e-05,0.0,1.0,0.0,20258.49019647681,884.7085253703389
1668565024.6179698,0.0437,2.9000000000001247e-05,-0.0001,6.3e-05,0.0,1.0,0.0,20258.49019647681,885.2960215860367
1668565084.4371517,0.043633,-6.700000000000456e-05,-0.000122,-2.2e-05,1.0,0.0,883.9387027428727,0.0,883.9387027428727
1668565145.1336982,0.043683,5.000000000000143e-05,9.2e-05,0.000214,0.0,1.0,0.0,20235.302125377668,883.9387027428727
1668565205.213455,0.043674,-9.000000000002062e-06,-8.1e-05,-0.000173,1.0,0.0,883.7565850237443,0.0,883.7565850237443
1668565265.174656,0.043674,0.0,-8.1e-05,0.0,1.0,0.0,883.7565850237443,0.0,883.7565850237443
1668565326.089571,0.043596,-7.799999999999474e-05,-0.000224,-0.000143,1.0,0.0,883.7565850237443,0.0,883.7565850237443
1668565386.4594116,0.04369,9.399999999999686e-05,-0.00013,9.4e-05,0.0,1.0,0.0,20227.89162334045,883.7565850237442
1668565446.1778605,0.04369,0.0,-0.00013,0.0,0.0,1.0,0.0,20227.89162334045,883.7565850237442
1668565506.8771782,0.043595,-9.499999999999786e-05,-0.000167,-3.7000000000000005e-05,1.0,0.0,881.834935319527,0.0,881.834935319527
1668565566.845568,0.0435,-9.50000000000048e-05,-0.000283,-0.000116,1.0,0.0,881.834935319527,0.0,881.834935319527
1668565626.9134407,0.0435,0.0,-0.000297,-1.4000000000000017e-05,1.0,0.0,881.834935319527,0.0,881.834935319527
1668565687.6656785,0.043444,-5.599999999999356e-05,-0.000256,4.100000000000002e-05,0.0,1.0,0.0,20298.19849276141,881.834935319527
1668565747.74624,0.043433,-1.1000000000004062e-05,-0.000267,-1.0999999999999996e-05,1.0,0.0,881.6116551361063,0.0,881.6116551361063
1668565807.6650968,0.043412,-2.1000000000000185e-05,-0.000288,-2.1000000000000023e-05,1.0,0.0,881.6116551361063,0.0,881.6116551361063
1668565868.4557328,0.043412,0.0,-0.000224,6.400000000000001e-05,0.0,1.0,0.0,20308.017486780296,881.6116551361062
1668565928.3925698,0.043354,-5.8000000000002494e-05,-0.000279,-5.500000000000001e-05,1.0,0.0,880.4337901218729,0.0,880.4337901218729
1668565988.4028397,0.043174,-0.0001799999999999,-0.000509,-0.00023,1.0,0.0,880.4337901218729,0.0,880.4337901218729
1668566049.8633492,0.042953,-0.0002209999999999,-0.000721,-0.0002119999999999,1.0,0.0,880.4337901218729,0.0,880.4337901218729
1668566110.0197833,0.043044,9.10000000000008e-05,-0.000646,7.499999999999998e-05,0.0,1.0,0.0,20454.274466171195,880.4337901218729
1668566169.873236,0.043058,1.4000000000000123e-05,-0.000526,0.0001199999999999,0.0,1.0,0.0,20454.274466171195,880.7201499643993
1668566230.726535,0.04298,-7.800000000000168e-05,-0.00051,1.5999999999999955e-05,0.0,1.0,0.0,20454.274466171195,879.1247165560379
1668566290.751315,0.043058,7.800000000000168e-05,-0.000442,6.800000000000003e-05,0.0,1.0,0.0,20454.274466171195,880.7201499643993
1668566350.6544132,0.043011,-4.699999999999843e-05,-0.000422,2e-05,0.0,1.0,0.0,20454.274466171195,879.7587990644893
1668566412.407323,0.043142,0.0001309999999999,-0.00027,0.000152,0.0,1.0,0.0,20454.274466171195,882.4383090195577
1668566471.4735734,0.043142,0.0,-0.00027,0.0,0.0,1.0,0.0,20454.274466171195,882.4383090195577
1668566531.4433508,0.043204,6.199999999999956e-05,-0.000279,-9.000000000000002e-06,1.0,0.0,883.7064740364603,0.0,883.7064740364603
1668566592.1687317,0.043075,-0.0001289999999999,-0.000225,5.400000000000001e-05,0.0,1.0,0.0,20515.53044774139,883.7064740364603
1668566652.181674,0.043075,0.0,-0.000225,0.0,0.0,1.0,0.0,20515.53044774139,883.7064740364603
1668566712.7370057,0.043075,0.0,-0.000225,0.0,0.0,1.0,0.0,20515.53044774139,883.7064740364603
1668566773.0419214,0.043074,-1.000000000001e-06,3.5e-05,0.00026,0.0,1.0,0.0,20515.53044774139,883.6859585060126
1668566833.1474042,0.04319,0.0001159999999999,0.000151,0.000116,0.0,1.0,0.0,20515.53044774139,886.0657600379506
1668566893.5397356,0.04319,0.0,0.000132,-1.9e-05,1.0,0.0,886.0657600379506,0.0,886.0657600379506
1668566953.8362978,0.043137,-5.299999999999749e-05,0.00017,3.8e-05,0.0,1.0,0.0,20540.736723414942,886.0657600379506
1668567013.9258878,0.043195,5.799999999999556e-05,0.000137,-3.3000000000000016e-05,1.0,0.0,887.2571227679084,0.0,887.2571227679084
1668567073.8965335,0.043195,0.0,0.000137,0.0,1.0,0.0,887.2571227679084,0.0,887.2571227679084
1668567134.617635,0.043253,5.8000000000002494e-05,0.000265,0.000128,0.0,1.0,0.0,20513.19267491061,887.2571227679084
1668567195.1584764,0.043128,-0.000125,0.00014,-0.000125,1.0,0.0,884.6929736835448,0.0,884.6929736835448
1668567254.4660134,0.043245,0.0001169999999999,0.000234,9.4e-05,0.0,1.0,0.0,20457.693922616367,884.6929736835448
1668567315.5100882,0.043259,1.4000000000000123e-05,0.000248,1.4000000000000017e-05,0.0,1.0,0.0,20457.693922616367,884.9793813984614
1668567375.5940485,0.043222,-3.700000000000231e-05,8e-05,-0.000168,1.0,0.0,884.2224467233245,0.0,884.2224467233245
1668567435.832285,0.043222,0.0,1.8e-05,-6.2e-05,1.0,0.0,884.2224467233245,0.0,884.2224467233245
1668567496.297798,0.043222,0.0,1.8e-05,0.0,1.0,0.0,884.2224467233245,0.0,884.2224467233245
1668567556.295775,0.043272,5.000000000000143e-05,0.000197,0.000179,0.0,1.0,0.0,20434.05543361353,884.2224467233245
1668567616.269928,0.043284,1.2000000000005062e-05,0.000209,1.200000000000002e-05,0.0,1.0,0.0,20434.05543361353,884.467655388528
1668567677.1275735,0.043362,7.799999999999474e-05,0.000288,7.9e-05,0.0,1.0,0.0,20434.05543361353,886.0615117123498
1668567737.113699,0.04332,-4.200000000000037e-05,0.00013,-0.000158,1.0,0.0,885.203281384138,0.0,885.203281384138
1668567797.0897086,0.04332,0.0,0.00013,0.0,1.0,0.0,885.203281384138,0.0,885.203281384138
1668567858.4584165,0.043382,6.199999999999956e-05,0.000125,-4.999999999999986e-06,1.0,0.0,885.203281384138,0.0,885.203281384138
1668567918.9093795,0.043368,-1.4000000000000123e-05,0.000111,-1.4e-05,1.0,0.0,885.203281384138,0.0,885.203281384138
1668567978.53303,0.043426,5.8000000000002494e-05,0.000231,0.00012,0.0,1.0,0.0,20384.17725289315,885.203281384138
1668568039.1983426,0.043426,0.0,0.000298,6.699999999999998e-05,0.0,1.0,0.0,20384.17725289315,885.203281384138
1668568099.2014277,0.0434,-2.5999999999998247e-05,0.000141,-0.0001569999999999,1.0,0.0,884.6732927755628,0.0,884.6732927755628
1668568159.2461758,0.043223,-0.000177,1e-06,-0.00014,1.0,0.0,884.6732927755628,0.0,884.6732927755628
1668568220.0377083,0.04336,0.000137,0.000138,0.000137,0.0,1.0,0.0,20402.981844454865,884.6732927755629
1668568280.040511,0.04336,0.0,0.000138,0.0,0.0,1.0,0.0,20402.981844454865,884.673292775563
1668568339.9857564,0.043287,-7.300000000000362e-05,-7.5e-05,-0.0002129999999999,1.0,0.0,883.1838751009177,0.0,883.1838751009177
1668568400.8046894,0.04332,3.299999999999831e-05,-4.2e-05,3.3e-05,0.0,1.0,0.0,20387.43940676172,883.1838751009177
1668568460.961594,0.043288,-3.199999999999731e-05,-2.1e-05,2.1e-05,0.0,1.0,0.0,20387.43940676172,882.5314770399013
1668568520.837568,0.043464,0.000176,0.000155,0.000176,0.0,1.0,0.0,20387.43940676172,886.1196663754915
1668568581.7541716,0.043364,-0.0001,4.4e-05,-0.000111,1.0,0.0,884.0809224348153,0.0,884.0809224348153
1668568641.6700294,0.043383,1.8999999999998185e-05,1.5e-05,-2.9e-05,1.0,0.0,884.0809224348153,0.0,884.0809224348153
1668568701.8581812,0.043338,-4.499999999999643e-05,-8.8e-05,-0.000103,1.0,0.0,884.0809224348153,0.0,884.0809224348153
1668568762.510987,0.043384,4.599999999999743e-05,6.3e-05,0.0001509999999999,0.0,1.0,0.0,20378.040808473525,884.0809224348154
1668568822.737024,0.043384,0.0,-3.3e-05,-9.6e-05,1.0,0.0,884.0809224348154,0.0,884.0809224348154
1668568882.434096,0.043382,-2.000000000002e-06,2.2e-05,5.5e-05,0.0,1.0,0.0,20378.980278337,884.0809224348155
1668568943.357247,0.043383,1.000000000001e-06,9.6e-05,7.400000000000001e-05,0.0,1.0,0.0,20378.980278337,884.101301415094
1668569003.2639935,0.043457,7.400000000000462e-05,0.000137,4.1e-05,0.0,1.0,0.0,20378.980278337,885.6093459556911
1668569063.4624658,0.043451,-6.0000000000060005e-06,-1.3e-05,-0.00015,1.0,0.0,885.487072074021,0.0,885.487072074021
1668569124.3718517,0.04341,-4.099999999999937e-05,-5.4e-05,-4.1e-05,1.0,0.0,885.487072074021,0.0,885.487072074021
1668569184.3467755,0.043312,-9.799999999999393e-05,-0.000152,-9.8e-05,1.0,0.0,885.487072074021,0.0,885.487072074021
1668569244.3121123,0.043352,3.999999999999837e-05,-3.1e-05,0.000121,0.0,1.0,0.0,20425.51836302872,885.487072074021
1668569305.1012032,0.043317,-3.500000000000031e-05,-6.6e-05,-3.5000000000000004e-05,1.0,0.0,884.7721789313151,0.0,884.7721789313151
1668569365.0728092,0.043312,-4.9999999999980616e-06,-2.6e-05,4.000000000000001e-05,0.0,1.0,0.0,20427.87631444669,884.7721789313151
1668569425.1788192,0.043312,0.0,-2.6e-05,0.0,0.0,1.0,0.0,20427.87631444669,884.7721789313151
1668569486.1853266,0.043314,1.9999999999950613e-06,-7e-05,-4.4e-05,1.0,0.0,884.8130346839439,0.0,884.8130346839439
1668569546.049701,0.043282,-3.199999999999731e-05,-0.000102,-3.2000000000000005e-05,1.0,0.0,884.8130346839439,0.0,884.8130346839439
1668569605.808029,0.043222,-6.0000000000004494e-05,-0.000162,-6.000000000000001e-05,1.0,0.0,884.8130346839439,0.0,884.8130346839439
1668569666.6659005,0.043497,0.000275,0.000114,0.000276,0.0,1.0,0.0,20341.9324248556,884.8130346839439
1668569726.6901443,0.043362,-0.000135,-2e-05,-0.000134,1.0,0.0,882.0668738065885,0.0,882.0668738065885
1668569786.721684,0.043362,0.0,-2e-05,0.0,1.0,0.0,882.0668738065885,0.0,882.0668738065885
1668569847.480669,0.043362,0.0,-2e-05,0.0,1.0,0.0,882.0668738065885,0.0,882.0668738065885
1668569907.4779136,0.04327,-9.199999999999486e-05,-0.000225,-0.000205,1.0,0.0,882.0668738065885,0.0,882.0668738065885
1668569967.4874234,0.0432,-7.000000000000062e-05,-0.000251,-2.599999999999998e-05,1.0,0.0,882.0668738065885,0.0,882.0668738065885
1668570028.640952,0.043162,-3.800000000000331e-05,-0.000289,-3.8e-05,1.0,0.0,882.0668738065885,0.0,882.0668738065885
1668570088.3264928,0.043162,0.0,-0.00015,0.000139,0.0,1.0,0.0,20436.19095052566,882.0668738065884
1668570148.2267802,0.043016,-0.000146,-0.000296,-0.000146,1.0,0.0,879.0831899278118,0.0,879.0831899278118
1668570208.9074004,0.043016,0.0,-0.000296,0.0,1.0,0.0,879.0831899278118,0.0,879.0831899278118
1668570268.935252,0.04319,0.000174,-0.000102,0.000194,0.0,1.0,0.0,20353.85945653651,879.0831899278119
1668570328.9700203,0.04319,0.0,-0.000102,0.0,0.0,1.0,0.0,20353.85945653651,879.0831899278119
1668570390.3280084,0.043086,-0.0001039999999999,-0.000231,-0.000129,1.0,0.0,876.9663885443321,0.0,876.9663885443321
1668570449.9158056,0.043209,0.0001229999999999,-5.6e-05,0.000175,0.0,1.0,0.0,20295.91956639432,876.9663885443321
1668570509.9985113,0.043287,7.800000000000168e-05,2.2e-05,7.8e-05,0.0,1.0,0.0,20295.91956639432,878.5494702705109
1668570571.0872626,0.04335,6.300000000000056e-05,0.000128,0.000106,0.0,1.0,0.0,20295.91956639432,879.8281132031938
1668570630.800043,0.04332,-3.0000000000002247e-05,-4.2e-05,-0.0001699999999999,1.0,0.0,879.2192356162019,0.0,879.2192356162019
1668570691.1961503,0.04331,-9.999999999996125e-06,9.7e-05,0.000139,0.0,1.0,0.0,20300.6057634773,879.2192356162018
1668570751.5942774,0.04331,0.0,9.7e-05,0.0,0.0,1.0,0.0,20300.6057634773,879.2192356162018
1668570811.557699,0.043314,3.9999999999970615e-06,0.000152,5.500000000000001e-05,0.0,1.0,0.0,20300.6057634773,879.3004380392557
1668570871.6006098,0.043253,-6.099999999999856e-05,9.1e-05,-6.1000000000000005e-05,1.0,0.0,878.0621010876836,0.0,878.0621010876836
1668570932.5819736,0.043253,0.0,9.1e-05,0.0,1.0,0.0,878.0621010876836,0.0,878.0621010876836
1668570992.5296996,0.043182,-7.100000000000162e-05,0.000166,7.5e-05,0.0,1.0,0.0,20333.98409262386,878.0621010876836
1668571053.3716965,0.043155,-2.6999999999999247e-05,6.9e-05,-9.7e-05,1.0,0.0,877.5130835171827,0.0,877.5130835171827
1668571113.4337356,0.043189,3.399999999999931e-05,0.000103,3.4e-05,0.0,1.0,0.0,20317.976418004186,877.5130835171827
1668571173.6110582,0.043177,-1.1999999999998123e-05,9.1e-05,-1.1999999999999994e-05,1.0,0.0,877.2692678001667,0.0,877.2692678001667
1668571233.6637857,0.04325,7.299999999999668e-05,-4.1e-05,-0.000132,1.0,0.0,877.2692678001667,0.0,877.2692678001667
1668571294.1822145,0.04324,-9.999999999996125e-06,-0.000119,-7.8e-05,1.0,0.0,877.2692678001667,0.0,877.2692678001667
1668571354.1804342,0.04327,3.0000000000002247e-05,-2.1e-05,9.8e-05,0.0,1.0,0.0,20274.30709036669,877.2692678001666
1668571414.209166,0.04329,1.9999999999999185e-05,7.1e-05,9.2e-05,0.0,1.0,0.0,20274.30709036669,877.674753941974
1668571475.179051,0.0433,9.999999999996125e-06,8.1e-05,1e-05,0.0,1.0,0.0,20274.30709036669,877.8774970128776
1668571535.2916234,0.04329,-9.999999999996125e-06,3.7e-05,-4.4000000000000006e-05,1.0,0.0,877.674753941974,0.0,877.674753941974
1668571595.1622922,0.043274,-1.6000000000002124e-05,2.1e-05,-1.6e-05,1.0,0.0,877.674753941974,0.0,877.674753941974
1668571656.4235296,0.04334,6.599999999999662e-05,0.0002,0.000179,0.0,1.0,0.0,20250.917257544395,877.674753941974
1668571715.9101646,0.043367,2.7000000000006182e-05,0.000227,2.699999999999998e-05,0.0,1.0,0.0,20250.917257544395,878.2215287079279
1668571775.930274,0.043346,-2.1000000000000185e-05,0.000169,-5.8e-05,1.0,0.0,877.7962594455195,0.0,877.7962594455195
1668571837.0737548,0.043367,2.1000000000000185e-05,0.000105,-6.399999999999998e-05,1.0,0.0,877.7962594455195,0.0,877.7962594455195
1668571896.725452,0.043299,-6.800000000000556e-05,9.3e-05,-1.2000000000000009e-05,1.0,0.0,877.7962594455195,0.0,877.7962594455195
1668571956.6881597,0.04332,2.1000000000000185e-05,0.000114,2.100000000000001e-05,0.0,1.0,0.0,20263.071547680505,877.7962594455195
1668572017.4934514,0.043345,2.5000000000004186e-05,0.000139,2.4999999999999984e-05,0.0,1.0,0.0,20263.071547680505,878.3028362342116
1668572077.4415932,0.043345,0.0,0.000113,-2.5999999999999995e-05,1.0,0.0,878.3028362342116,0.0,878.3028362342116
1668572137.530868,0.043345,0.0,0.000113,0.0,1.0,0.0,878.3028362342116,0.0,878.3028362342116
1668572198.5830052,0.043271,-7.400000000000462e-05,-2.9e-05,-0.0001419999999999,1.0,0.0,878.3028362342116,0.0,878.3028362342116
1668572258.4517708,0.043271,0.0,-2.9e-05,0.0,1.0,0.0,878.3028362342116,0.0,878.3028362342116
1668572318.5063848,0.043258,-1.2999999999999123e-05,-4.2e-05,-1.2999999999999998e-05,1.0,0.0,878.3028362342116,0.0,878.3028362342116
1668572379.265712,0.043314,5.6000000000000494e-05,4e-05,8.2e-05,0.0,1.0,0.0,20277.57390760981,878.3028362342117
1668572439.2782106,0.043343,2.9000000000001247e-05,6.9e-05,2.9e-05,0.0,1.0,0.0,20277.57390760981,878.8908858775321
1668572499.346076,0.043376,3.299999999999831e-05,9e-06,-6e-05,1.0,0.0,879.5600458164831,0.0,879.5600458164831
1668572560.021174,0.0434,2.4000000000003185e-05,3.3e-05,2.4e-05,0.0,1.0,0.0,20266.360502683943,879.5600458164831
1668572620.0499096,0.04349,8.99999999999998e-05,0.000131,9.8e-05,0.0,1.0,0.0,20266.360502683943,881.3840182617247
1668572680.1334517,0.043531,4.099999999999937e-05,0.000176,4.499999999999998e-05,0.0,1.0,0.0,20266.360502683943,882.2149390423348
1668572741.195758,0.043501,-3.0000000000002247e-05,0.000223,4.7e-05,0.0,1.0,0.0,20266.360502683943,881.6069482272542
1668572801.035241,0.043485,-1.5999999999995185e-05,0.00014,-8.300000000000001e-05,1.0,0.0,881.2826864592113,0.0,881.2826864592113
1668572861.0982218,0.043438,-4.700000000000537e-05,9.3e-05,-4.699999999999999e-05,1.0,0.0,881.2826864592113,0.0,881.2826864592113
1668572921.882494,0.043482,4.400000000000237e-05,0.000211,0.000118,0.0,1.0,0.0,20267.758761308385,881.2826864592112
1668572981.8669014,0.043491,9.000000000002062e-06,0.000233,2.2e-05,0.0,1.0,0.0,20267.758761308385,881.465096288063
1668573041.982173,0.043491,0.0,0.000233,0.0,0.0,1.0,0.0,20267.758761308385,881.465096288063
1668573102.70154,0.043472,-1.9000000000005124e-05,0.000129,-0.000104,1.0,0.0,881.080008871598,0.0,881.080008871598
1668573163.426022,0.0435,2.8000000000000247e-05,0.000123,-5.999999999999983e-06,1.0,0.0,881.080008871598,0.0,881.080008871598
1668573222.6185985,0.043445,-5.499999999999949e-05,3e-05,-9.3e-05,1.0,0.0,881.080008871598,0.0,881.080008871598
1668573283.9715753,0.043445,0.0,3e-05,0.0,1.0,0.0,881.080008871598,0.0,881.080008871598
1668573343.906475,0.043445,0.0,-8.8e-05,-0.000118,1.0,0.0,881.080008871598,0.0,881.080008871598
1668573403.7310076,0.043489,4.400000000000237e-05,-4.4e-05,4.4e-05,0.0,1.0,0.0,20259.83602454869,881.080008871598
1668573464.496337,0.043506,1.7000000000003124e-05,-2.7e-05,1.7e-05,0.0,1.0,0.0,20259.83602454869,881.4244260840154
1668573524.53396,0.043506,0.0,-2.7e-05,0.0,0.0,1.0,0.0,20259.83602454869,881.4244260840154
1668573584.5010564,0.043506,0.0,-2.7e-05,0.0,0.0,1.0,0.0,20259.83602454869,881.4244260840154
1668573645.354141,0.043577,7.099999999999468e-05,0.000132,0.000159,0.0,1.0,0.0,20259.83602454869,882.8628744417582
1668573705.3103535,0.043587,1.0000000000003062e-05,0.000149,1.699999999999998e-05,0.0,1.0,0.0,20259.83602454869,883.0654728020038
1668573765.3415728,0.043513,-7.399999999999768e-05,-4.8e-05,-0.000197,1.0,0.0,881.5662449361872,0.0,881.5662449361872
1668573826.2033458,0.043492,-2.1000000000000185e-05,1e-06,4.9e-05,0.0,1.0,0.0,20269.618434107128,881.5662449361872
1668573886.126172,0.043492,0.0,1e-06,0.0,0.0,1.0,0.0,20269.618434107128,881.5662449361872
1668573946.115563,0.043468,-2.4000000000003185e-05,-4.1e-05,-4.2e-05,1.0,0.0,881.0797740937686,0.0,881.0797740937686
1668574007.3263452,0.04352,5.200000000000343e-05,1.1e-05,5.2e-05,0.0,1.0,0.0,20245.39922090461,881.0797740937686
1668574067.254645,0.043488,-3.200000000000425e-05,-2.1e-05,-3.2e-05,1.0,0.0,880.4319213186996,0.0,880.4319213186996
1668574127.1546755,0.04344,-4.799999999999943e-05,-5e-06,1.6e-05,0.0,1.0,0.0,20267.76982777853,880.4319213186996
1668574188.1311634,0.04331,-0.0001299999999999,-0.000135,-0.00013,1.0,0.0,877.7971112410883,0.0,877.7971112410883
1668574248.66355,0.043381,7.100000000000162e-05,-6.4e-05,7.1e-05,0.0,1.0,0.0,20234.59835506531,877.7971112410883
1668574308.0920038,0.043463,8.199999999999874e-05,-2.6e-05,3.8e-05,0.0,1.0,0.0,20234.59835506531,879.4563483062036
1668574368.9331412,0.043388,-7.499999999999868e-05,-0.000211,-0.000185,1.0,0.0,877.9387534295738,0.0,877.9387534295738
1668574428.8097672,0.043418,2.9999999999995308e-05,-0.000169,4.200000000000002e-05,0.0,1.0,0.0,20220.6171041866,877.9387534295738
1668574488.8295395,0.043419,1.000000000001e-06,-0.000168,9.999999999999972e-07,0.0,1.0,0.0,20220.6171041866,877.958974046678
1668574549.9106328,0.043481,6.199999999999956e-05,-4.5e-05,0.0001229999999999,0.0,1.0,0.0,20220.6171041866,879.2126523071375
1668574609.929582,0.043442,-3.899999999999737e-05,-8.4e-05,-3.899999999999999e-05,1.0,0.0,878.4240482400743,0.0,878.4240482400743
1668574669.9375236,0.043486,4.399999999999543e-05,-4e-05,4.399999999999999e-05,0.0,1.0,0.0,20200.157481490005,878.4240482400743
1668574730.9819636,0.043486,0.0,-4e-05,0.0,0.0,1.0,0.0,20200.157481490005,878.4240482400743
1668574790.8392727,0.043486,0.0,-4e-05,0.0,0.0,1.0,0.0,20200.157481490005,878.4240482400743
1668574850.883678,0.043401,-8.49999999999948e-05,-9.1e-05,-5.1e-05,1.0,0.0,876.7070348541478,0.0,876.7070348541478
1668574911.589377,0.043475,7.399999999999768e-05,8.4e-05,0.000175,0.0,1.0,0.0,20165.774234713,876.7070348541477
1668574971.5936434,0.043486,1.0999999999997123e-05,7e-05,-1.4e-05,1.0,0.0,876.9288583707295,0.0,876.9288583707295
1668575031.5293913,0.043486,0.0,9.8e-05,2.8000000000000003e-05,0.0,1.0,0.0,20165.774234713,876.9288583707295
1668575092.617272,0.043485,-9.999999999940612e-07,5.7e-05,-4.1e-05,1.0,0.0,876.9086925964949,0.0,876.9086925964949
1668575152.6933143,0.043486,9.999999999940612e-07,6.8e-05,1.0999999999999996e-05,0.0,1.0,0.0,20165.3105044496,876.9086925964949
1668575212.6339982,0.043457,-2.8999999999994308e-05,3.8e-05,-3e-05,1.0,0.0,876.3238985918662,0.0,876.3238985918662
1668575273.6093018,0.04356,0.0001029999999999,7.2e-05,3.4e-05,0.0,1.0,0.0,20117.62852598407,876.323898591866
1668575333.443704,0.043485,-7.499999999999868e-05,-1e-06,-7.3e-05,1.0,0.0,874.8150764524173,0.0,874.8150764524173
1668575393.4037418,0.043457,-2.8000000000000247e-05,-2.9e-05,-2.8e-05,1.0,0.0,874.8150764524173,0.0,874.8150764524173
1668575454.293392,0.043469,1.1999999999998123e-05,6.8e-05,9.7e-05,0.0,1.0,0.0,20125.03339051778,874.8150764524173
1668575514.5162363,0.043457,-1.1999999999998123e-05,5.6e-05,-1.2e-05,1.0,0.0,874.5735760517312,0.0,874.5735760517312
1668575574.2357044,0.043407,-5.000000000000143e-05,-5.9e-05,-0.000115,1.0,0.0,874.5735760517312,0.0,874.5735760517312
1668575635.1099143,0.043406,-1.000000000001e-06,-6e-05,-1.000000000000004e-06,1.0,0.0,874.5735760517312,0.0,874.5735760517312
1668575695.2040267,0.043406,0.0,-6e-05,0.0,1.0,0.0,874.5735760517312,0.0,874.5735760517312
1668575755.4954245,0.043407,1.000000000001e-06,-6.6e-05,-6.000000000000004e-06,1.0,0.0,874.5735760517312,0.0,874.5735760517312
1668575816.2649634,0.043483,7.599999999999968e-05,-3e-06,6.3e-05,0.0,1.0,0.0,20112.999932197206,874.5735760517312
1668575876.069563,0.043499,1.6000000000002124e-05,1.3e-05,1.6e-05,0.0,1.0,0.0,20112.999932197206,874.8953840506464
1668575936.0492446,0.043407,-9.20000000000018e-05,-7.8e-05,-9.1e-05,1.0,0.0,873.0449880568841,0.0,873.0449880568841
1668575996.920853,0.0434,-7.000000000000062e-06,-8.5e-05,-7.000000000000008e-06,1.0,0.0,873.0449880568841,0.0,873.0449880568841
1668576056.893065,0.043448,4.799999999999943e-05,-3.8e-05,4.7e-05,0.0,1.0,0.0,20094.020163342026,873.0449880568842
1668576117.1634345,0.043451,2.9999999999960614e-06,-9.1e-05,-5.3e-05,1.0,0.0,873.1052701173743,0.0,873.1052701173743
1668576177.9651897,0.043426,-2.4999999999997247e-05,-4e-05,5.1e-05,0.0,1.0,0.0,20105.588129631426,873.1052701173743
1668576237.6926632,0.043346,-7.999999999999674e-05,-0.000111,-7.099999999999999e-05,1.0,0.0,871.4968230670038,0.0,871.4968230670038
1668576297.807072,0.043349,2.9999999999960614e-06,-0.000108,3.000000000000005e-06,0.0,1.0,0.0,20104.196707352046,871.4968230670038
1668576358.8219342,0.043348,-1.000000000001e-06,-0.000109,-1.0000000000000108e-06,1.0,0.0,871.4767188702965,0.0,871.4767188702965
1668576418.795889,0.043348,0.0,-0.000109,0.0,1.0,0.0,871.4767188702965,0.0,871.4767188702965
1668576478.703513,0.043349,1.000000000001e-06,-5.7e-05,5.2e-05,0.0,1.0,0.0,20103.73293202373,871.4767188702965
1668576539.670523,0.043294,-5.499999999999949e-05,-0.000113,-5.599999999999999e-05,1.0,0.0,870.3710135590353,0.0,870.3710135590353
1668576599.5967488,0.043294,0.0,-0.000113,0.0,1.0,0.0,870.3710135590353,0.0,870.3710135590353
1668576659.630466,0.04322,-7.399999999999768e-05,-0.000267,-0.000154,1.0,0.0,870.3710135590353,0.0,870.3710135590353
1668576720.4584343,0.0432,-1.9999999999999185e-05,-0.000299,-3.200000000000002e-05,1.0,0.0,870.3710135590353,0.0,870.3710135590353
1668576780.7337763,0.04319,-1.0000000000003062e-05,-0.00021,8.9e-05,0.0,1.0,0.0,20152.142013406698,870.3710135590353
1668576840.4284904,0.043281,9.10000000000008e-05,-0.000167,4.3000000000000015e-05,0.0,1.0,0.0,20152.142013406698,872.2048584822553
1668576901.8318305,0.043211,-7.000000000000062e-05,-0.00024,-7.300000000000001e-05,1.0,0.0,870.7942085413168,0.0,870.7942085413168
1668576961.66971,0.043349,0.0001379999999999,-7.7e-05,0.000163,0.0,1.0,0.0,20087.98838592163,870.7942085413168
1668577021.5632682,0.043349,0.0,-7.7e-05,0.0,0.0,1.0,0.0,20087.98838592163,870.7942085413168
1668577082.6963928,0.043349,0.0,-7.7e-05,0.0,0.0,1.0,0.0,20087.98838592163,870.7942085413168
1668577142.5017786,0.043349,0.0,0.0,7.7e-05,0.0,1.0,0.0,20087.98838592163,870.7942085413168
1668577203.0460875,0.043289,-5.999999999999756e-05,-5.9e-05,-5.9e-05,1.0,0.0,869.5889292381615,0.0,869.5889292381615
1668577263.3641722,0.043291,2.000000000002e-06,-5.7e-05,1.9999999999999944e-06,0.0,1.0,0.0,20087.060341367986,869.5889292381615
1668577323.3729808,0.043333,4.200000000000037e-05,-1.6e-05,4.100000000000001e-05,0.0,1.0,0.0,20087.060341367986,870.432585772499
1668577383.321284,0.04332,-1.3000000000006062e-05,2.6e-05,4.2e-05,0.0,1.0,0.0,20087.060341367986,870.1714539880611
1668577444.9314032,0.043349,2.9000000000001247e-05,5.5e-05,2.9000000000000004e-05,0.0,1.0,0.0,20087.060341367986,870.7539787379608
1668577504.1774771,0.043349,0.0,5.5e-05,0.0,0.0,1.0,0.0,20087.060341367986,870.7539787379608
1668577564.1474235,0.043349,0.0,5.5e-05,0.0,0.0,1.0,0.0,20087.060341367986,870.7539787379608
1668577625.2318573,0.043219,-0.0001299999999999,1.9e-05,-3.6e-05,1.0,0.0,868.142660893583,0.0,868.142660893583
1668577685.1005638,0.043219,0.0,1.9e-05,0.0,1.0,0.0,868.142660893583,0.0,868.142660893583
1668577745.3648984,0.043219,0.0,1.9e-05,0.0,1.0,0.0,868.142660893583,0.0,868.142660893583
1668577806.2752042,0.043219,0.0,1.9e-05,0.0,1.0,0.0,868.142660893583,0.0,868.142660893583
1668577865.9806182,0.043219,0.0,1.9e-05,0.0,1.0,0.0,868.142660893583,0.0,868.142660893583
1668577925.9972897,0.043219,0.0,1.5e-05,-4.000000000000001e-06,1.0,0.0,868.142660893583,0.0,868.142660893583
1668577987.002636,0.043219,0.0,1.5e-05,0.0,1.0,0.0,868.142660893583,0.0,868.142660893583
1668578046.763866,0.043207,-1.1999999999998123e-05,5.6e-05,4.1e-05,0.0,1.0,0.0,20092.639176373803,868.142660893583
1668578106.864395,0.043274,6.699999999999762e-05,0.000123,6.7e-05,0.0,1.0,0.0,20092.639176373803,869.4888677184
1668578167.9950953,0.043349,7.499999999999868e-05,6.8e-05,-5.500000000000001e-05,1.0,0.0,870.995815656628,0.0,870.995815656628
1668578227.8460245,0.043315,-3.399999999999931e-05,9.6e-05,2.8000000000000003e-05,0.0,1.0,0.0,20108.410842817226,870.995815656628
1668578288.7511098,0.043429,0.000114,8e-05,-1.5999999999999996e-05,1.0,0.0,873.2881744927093,0.0,873.2881744927093
1668578348.848818,0.043304,-0.000125,-4.5e-05,-0.000125,1.0,0.0,873.2881744927093,0.0,873.2881744927093
1668578408.9982264,0.043239,-6.500000000000256e-05,-0.00011,-6.500000000000001e-05,1.0,0.0,873.2881744927093,0.0,873.2881744927093
1668578469.2952063,0.043296,5.700000000000149e-05,5e-06,0.000115,0.0,1.0,0.0,20170.18141381904,873.2881744927092
1668578529.697087,0.043355,5.899999999999656e-05,2.2e-05,1.7e-05,0.0,1.0,0.0,20170.18141381904,874.4782151961243
1668578589.707621,0.043355,0.0,2.2e-05,0.0,0.0,1.0,0.0,20170.18141381904,874.4782151961243
1668578649.666371,0.043303,-5.199999999999649e-05,-4.6e-05,-6.8e-05,1.0,0.0,873.4293657626058,0.0,873.4293657626058
1668578710.7681236,0.043239,-6.400000000000156e-05,2e-05,6.6e-05,0.0,1.0,0.0,20200.036211813545,873.4293657626059
1668578770.7817898,0.043239,0.0,2e-05,0.0,0.0,1.0,0.0,20200.036211813545,873.4293657626059
1668578830.7645605,0.043286,4.699999999999843e-05,6.7e-05,4.7e-05,0.0,1.0,0.0,20200.036211813545,874.3787674645611
1668578892.026722,0.043286,0.0,1.2e-05,-5.5e-05,1.0,0.0,874.3787674645611,0.0,874.3787674645611
1668578951.5858772,0.043286,0.0,-7.7e-05,-8.9e-05,1.0,0.0,874.3787674645611,0.0,874.3787674645611
1668579011.6022143,0.043345,5.900000000000349e-05,-2e-06,7.500000000000001e-05,0.0,1.0,0.0,20172.540488281487,874.3787674645611
1668579072.5262103,0.043398,5.299999999999749e-05,-2.8e-05,-2.6e-05,1.0,0.0,875.4479121104399,0.0,875.4479121104399
1668579132.615831,0.043522,0.0001239999999999,0.000163,0.000191,0.0,1.0,0.0,20115.066221920868,875.44791211044
1668579192.4993484,0.04365,0.000128,0.000295,0.000132,0.0,1.0,0.0,20115.066221920868,878.0226405868459
1668579254.1651764,0.043602,-4.799999999999943e-05,0.000299,3.999999999999989e-06,0.0,1.0,0.0,20115.066221920868,877.0571174081937
1668579314.08857,0.043779,0.0001769999999999,0.00054,0.000241,0.0,1.0,0.0,20115.066221920868,880.6174841294736
1668579375.149642,0.043739,-3.999999999999837e-05,0.000453,-8.7e-05,1.0,0.0,879.8128814805968,0.0,879.8128814805968
1668579434.948169,0.043748,9.000000000002062e-06,0.000462,9.000000000000002e-06,0.0,1.0,0.0,20110.92807626856,879.8128814805968
1668579495.0311291,0.043637,-0.0001109999999999,0.00034,-0.0001219999999999,1.0,0.0,877.5805684641311,0.0,877.5805684641311
1668579555.1176486,0.043698,6.099999999999856e-05,0.0003,-4.000000000000005e-05,1.0,0.0,877.5805684641311,0.0,877.5805684641311
1668579615.9009948,0.043772,7.399999999999768e-05,0.000366,6.600000000000003e-05,0.0,1.0,0.0,20048.90268811412,877.5805684641311
1668579675.9489372,0.043845,7.300000000000362e-05,0.000439,7.299999999999999e-05,0.0,1.0,0.0,20048.90268811412,879.0441383603637
1668579735.9068406,0.043899,5.3999999999998494e-05,0.000401,-3.8e-05,1.0,0.0,880.1267791055218,0.0,880.1267791055218
1668579796.6311877,0.043877,-2.2000000000001185e-05,0.000274,-0.000127,1.0,0.0,880.1267791055218,0.0,880.1267791055218
1668579856.685006,0.043741,-0.0001359999999999,0.000138,-0.000136,1.0,0.0,880.1267791055218,0.0,880.1267791055218
1668579916.891364,0.043741,0.0,2e-05,-0.000118,1.0,0.0,880.1267791055218,0.0,880.1267791055218
1668579977.7219205,0.043825,8.400000000000074e-05,0.000105,8.5e-05,0.0,1.0,0.0,20082.75594079913,880.1267791055219
1668580037.6335971,0.043824,-1.000000000001e-06,0.000104,-1.0000000000000108e-06,1.0,0.0,880.1066963495811,0.0,880.1066963495811
1668580097.7595663,0.043824,0.0,0.000104,0.0,1.0,0.0,880.1066963495811,0.0,880.1066963495811
1668580158.550708,0.04385,2.5999999999998247e-05,0.000278,0.000174,0.0,1.0,0.0,20070.8482633884,880.1066963495811
1668580218.5622354,0.043794,-5.6000000000000494e-05,0.000222,-5.599999999999998e-05,1.0,0.0,878.9827288468315,0.0,878.9827288468315
1668580278.6491768,0.043845,5.100000000000243e-05,0.000183,-3.9e-05,1.0,0.0,878.9827288468315,0.0,878.9827288468315
1668580339.33961,0.043845,0.0,0.000183,0.0,1.0,0.0,878.9827288468315,0.0,878.9827288468315
1668580399.3480446,0.043845,0.0,0.000183,0.0,1.0,0.0,878.9827288468315,0.0,878.9827288468315
1668580459.433379,0.043788,-5.700000000000149e-05,7.8e-05,-0.000105,1.0,0.0,878.9827288468315,0.0,878.9827288468315
1668580520.8867714,0.043844,5.6000000000000494e-05,-1e-06,-7.9e-05,1.0,0.0,878.9827288468315,0.0,878.9827288468315
1668580580.400268,0.043844,0.0,-1e-06,0.0,1.0,0.0,878.9827288468315,0.0,878.9827288468315
1668580640.4503412,0.043899,5.499999999999949e-05,0.0,1e-06,0.0,1.0,0.0,20022.841724112885,878.9827288468315
1668580701.2470002,0.043907,8.000000000001062e-06,0.000166,0.000166,0.0,1.0,0.0,20022.841724112885,879.1429115806244
1668580761.22607,0.043907,0.0,0.000166,0.0,0.0,1.0,0.0,20022.841724112885,879.1429115806244
1668580821.222897,0.043907,0.0,0.000166,0.0,0.0,1.0,0.0,20022.841724112885,879.1429115806244
1668580882.0590625,0.043907,0.0,0.000166,0.0,0.0,1.0,0.0,20022.841724112885,879.1429115806244
1668580942.141776,0.043907,0.0,0.000166,0.0,0.0,1.0,0.0,20022.841724112885,879.1429115806244
1668581002.0029702,0.04385,-5.700000000000149e-05,2.6e-05,-0.00014,1.0,0.0,878.00160960235,0.0,878.00160960235
1668581063.4504526,0.043744,-0.000106,-4.3e-05,-6.9e-05,1.0,0.0,878.00160960235,0.0,878.00160960235
1668581123.4096248,0.043744,0.0,-4.3e-05,0.0,1.0,0.0,878.00160960235,0.0,878.00160960235
1668581183.4876988,0.043744,0.0,-4.3e-05,0.0,1.0,0.0,878.00160960235,0.0,878.00160960235
1668581244.361945,0.04372,-2.3999999999996247e-05,-7.4e-05,-3.0999999999999995e-05,1.0,0.0,878.00160960235,0.0,878.00160960235
1668581304.2418995,0.043715,-5.000000000005e-06,-0.00013,-5.599999999999999e-05,1.0,0.0,878.00160960235,0.0,878.00160960235
1668581364.211343,0.043715,0.0,-0.00013,0.0,1.0,0.0,878.00160960235,0.0,878.00160960235
1668581425.06163,0.043742,2.7000000000006182e-05,-5.2e-05,7.8e-05,0.0,1.0,0.0,20072.27857899387,878.00160960235
1668581545.0368724,0.043679,-6.300000000000056e-05,-0.000165,-0.000113,1.0,0.0,876.7370560518734,0.0,876.7370560518734
1668581605.8743734,0.043697,1.7999999999997185e-05,-0.000184,-1.9e-05,1.0,0.0,876.7370560518734,0.0,876.7370560518734
1668581665.7027185,0.043697,0.0,-0.00021,-2.600000000000001e-05,1.0,0.0,876.7370560518734,0.0,876.7370560518734
1668581725.7766068,0.043676,-2.1000000000000185e-05,-0.000103,0.000107,0.0,1.0,0.0,20073.657295811736,876.7370560518733
1668581786.7279613,0.043665,-1.0999999999997123e-05,-7.4e-05,2.9e-05,0.0,1.0,0.0,20073.657295811736,876.5162458216195
1668581846.804229,0.043665,0.0,-7.4e-05,0.0,0.0,1.0,0.0,20073.657295811736,876.5162458216195
1668581906.760999,0.043664,-1.000000000001e-06,-5.5e-05,1.9e-05,0.0,1.0,0.0,20073.657295811736,876.4961721643236
1668581967.9310508,0.043687,2.2999999999995246e-05,-2.8e-05,2.7e-05,0.0,1.0,0.0,20073.657295811736,876.9578662821273
1668582027.664617,0.043732,4.500000000000337e-05,-1e-05,1.7999999999999997e-05,0.0,1.0,0.0,20073.657295811736,877.8611808604388
1668582087.733515,0.043735,3.0000000000030003e-06,-7e-06,3.000000000000001e-06,0.0,1.0,0.0,20073.657295811736,877.9214018323263
1668582148.4617708,0.043605,-0.00013,-9.2e-05,-8.5e-05,1.0,0.0,875.3118263838707,0.0,875.3118263838707
1668582208.3490794,0.043536,-6.899999999999962e-05,-0.000161,-6.900000000000001e-05,1.0,0.0,875.3118263838707,0.0,875.3118263838707
1668582268.3580973,0.043389,-0.000147,-0.000299,-0.000138,1.0,0.0,875.3118263838707,0.0,875.3118263838707
1668582329.6220868,0.043393,4.000000000004e-06,-0.000272,2.700000000000001e-05,0.0,1.0,0.0,20171.728766941,875.3118263838707
1668582389.3348374,0.043412,1.8999999999998185e-05,-0.000253,1.899999999999997e-05,0.0,1.0,0.0,20171.728766941,875.6950892304427
1668582449.4943533,0.043486,7.399999999999768e-05,-0.000136,0.000117,0.0,1.0,0.0,20171.728766941,877.1877971591963
1668582510.0667412,0.04344,-4.599999999999743e-05,-0.000246,-0.00011,1.0,0.0,876.259897635917,0.0,876.259897635917
1668582570.091599,0.043549,0.0001089999999999,-0.000136,0.00011,0.0,1.0,0.0,20121.240387515605,876.259897635917
1668582630.3412025,0.043643,9.40000000000038e-05,-4.2e-05,9.4e-05,0.0,1.0,0.0,20121.240387515605,878.1512942323436
1668582691.1882374,0.043604,-3.900000000000431e-05,-7.6e-05,-3.4000000000000007e-05,1.0,0.0,877.3665658572304,0.0,877.3665658572304
1668582750.857919,0.043575,-2.8999999999994308e-05,-0.000105,-2.9e-05,1.0,0.0,877.3665658572304,0.0,877.3665658572304
1668582810.8427012,0.043594,1.8999999999998185e-05,-8.6e-05,1.9e-05,0.0,1.0,0.0,20125.85598608135,877.3665658572304
1668582871.944434,0.04369,9.599999999999886e-05,0.000154,0.00024,0.0,1.0,0.0,20125.85598608135,879.2986480318942
1668582931.9805288,0.04369,0.0,0.000154,0.0,0.0,1.0,0.0,20125.85598608135,879.2986480318942
1668582992.0310562,0.04369,0.0,0.000273,0.000119,0.0,1.0,0.0,20125.85598608135,879.2986480318942
1668583052.869976,0.04369,0.0,0.000273,0.0,0.0,1.0,0.0,20125.85598608135,879.2986480318942
1668583113.4238577,0.04362,-7.000000000000062e-05,0.000193,-8.000000000000002e-05,1.0,0.0,877.8898381128686,0.0,877.8898381128686
1668583172.920163,0.04362,0.0,0.000193,0.0,1.0,0.0,877.8898381128686,0.0,877.8898381128686
1668583233.585058,0.043594,-2.5999999999998247e-05,7.5e-05,-0.000118,1.0,0.0,877.8898381128686,0.0,877.8898381128686
1668583293.7698302,0.043646,5.199999999999649e-05,0.000127,5.2e-05,0.0,1.0,0.0,20113.86697779564,877.8898381128686
1668583353.583155,0.043646,0.0,0.000138,1.0999999999999996e-05,0.0,1.0,0.0,20113.86697779564,877.8898381128683
1668583414.404632,0.043646,0.0,0.000138,0.0,0.0,1.0,0.0,20113.86697779564,877.8898381128683
1668583474.3123715,0.043646,0.0,0.000138,0.0,0.0,1.0,0.0,20113.86697779564,877.8898381128683
1668583534.3352914,0.04357,-7.599999999999968e-05,1.7e-05,-0.0001209999999999,1.0,0.0,876.361184222556,0.0,876.361184222556
1668583595.2814677,0.043637,6.700000000000456e-05,-6e-06,-2.3e-05,1.0,0.0,876.361184222556,0.0,876.361184222556
1668583655.399913,0.043689,5.199999999999649e-05,6.4e-05,7e-05,0.0,1.0,0.0,20059.08087213157,876.361184222556
1668583715.4260862,0.04361,-7.899999999999574e-05,1.6e-05,-4.8e-05,1.0,0.0,874.7765168336579,0.0,874.7765168336579
1668583776.2041948,0.043606,-4.000000000004e-06,-8.4e-05,-0.0001,1.0,0.0,874.7765168336579,0.0,874.7765168336579
1668583836.0666685,0.043606,0.0,-8.4e-05,0.0,1.0,0.0,874.7765168336579,0.0,874.7765168336579
1668583896.1258574,0.043606,0.0,-8.4e-05,0.0,1.0,0.0,874.7765168336579,0.0,874.7765168336579
1668583956.8462837,0.043606,0.0,-8.4e-05,0.0,1.0,0.0,874.7765168336579,0.0,874.7765168336579
1668584016.87563,0.043606,0.0,-8.4e-05,0.0,1.0,0.0,874.7765168336579,0.0,874.7765168336579
1668584076.9689045,0.04355,-5.6000000000000494e-05,-7e-05,1.4e-05,0.0,1.0,0.0,20086.716804446794,874.7765168336579
1668584138.0895865,0.04355,0.0,-7e-05,0.0,0.0,1.0,0.0,20086.716804446794,874.7765168336579
1668584197.870429,0.043623,7.300000000000362e-05,-4.3e-05,2.6999999999999992e-05,0.0,1.0,0.0,20086.716804446794,876.2428471603826
1668584257.8713217,0.04364,1.6999999999996185e-05,-2.6e-05,1.7000000000000003e-05,0.0,1.0,0.0,20086.716804446794,876.5843213460581
1668584318.505328,0.04364,0.0,-2.6e-05,0.0,0.0,1.0,0.0,20086.716804446794,876.5843213460581
1668584378.5343957,0.04369,5.000000000000143e-05,4.4e-05,7e-05,0.0,1.0,0.0,20086.716804446794,877.5886571862804
1668584438.5467494,0.043767,7.700000000000068e-05,0.000128,8.4e-05,0.0,1.0,0.0,20086.716804446794,879.1353343802228
1668584499.40562,0.043747,-1.9999999999999185e-05,0.000108,-2e-05,1.0,0.0,878.7336000441339,0.0,878.7336000441339
1668584559.7056086,0.043747,0.0,0.000108,0.0,1.0,0.0,878.7336000441339,0.0,878.7336000441339
1668584619.4980347,0.043747,0.0,0.000108,0.0,1.0,0.0,878.7336000441339,0.0,878.7336000441339
1668584681.3035057,0.043717,-3.0000000000002247e-05,2.7e-05,-8.099999999999999e-05,1.0,0.0,878.7336000441339,0.0,878.7336000441339
1668584740.642189,0.043679,-3.799999999999637e-05,-1.1e-05,-3.8e-05,1.0,0.0,878.7336000441339,0.0,878.7336000441339
1668584800.6058123,0.04359,-8.900000000000574e-05,-9.9e-05,-8.8e-05,1.0,0.0,878.7336000441339,0.0,878.7336000441339
1668584861.410098,0.043589,-9.999999999940612e-07,-3.1e-05,6.8e-05,0.0,1.0,0.0,20159.52648705256,878.7336000441339
1668584921.3017106,0.043588,-1.000000000001e-06,-1.8e-05,1.3e-05,0.0,1.0,0.0,20159.52648705256,878.7134405176471
1668584981.4092808,0.043541,-4.699999999999843e-05,-6.5e-05,-4.699999999999999e-05,1.0,0.0,877.7659427727556,0.0,877.7659427727556
1668585042.4619095,0.04352,-2.1000000000000185e-05,-8.6e-05,-2.100000000000001e-05,1.0,0.0,877.7659427727556,0.0,877.7659427727556
1668585102.7015216,0.04352,0.0,-3e-05,5.6000000000000006e-05,0.0,1.0,0.0,20169.254199741627,877.7659427727557
1668585163.227674,0.04352,0.0,-3e-05,0.0,0.0,1.0,0.0,20169.254199741627,877.7659427727557
1668585223.4550116,0.04352,0.0,-3e-05,0.0,0.0,1.0,0.0,20169.254199741627,877.7659427727557
1668585283.1380632,0.043606,8.59999999999958e-05,-5e-06,2.5e-05,0.0,1.0,0.0,20169.254199741627,879.5004986339334
1668585343.266246,0.043589,-1.6999999999996185e-05,-5.1e-05,-4.6e-05,1.0,0.0,879.1576213125378,0.0,879.1576213125378
1668585404.673582,0.043623,3.399999999999931e-05,-0.000234,-0.000183,1.0,0.0,879.1576213125378,0.0,879.1576213125378
1668585464.538499,0.043637,1.4000000000000123e-05,-0.00022,1.3999999999999988e-05,0.0,1.0,0.0,20147.068343665644,879.1576213125377
1668585524.4574082,0.043701,6.399999999999462e-05,-4.6e-05,0.000174,0.0,1.0,0.0,20147.068343665644,880.4470336865322
1668585584.890118,0.04369,-1.0999999999997123e-05,1.1e-05,5.7e-05,0.0,1.0,0.0,20147.068343665644,880.2254159347519
1668585645.1777022,0.043796,0.000106,0.000206,0.000195,0.0,1.0,0.0,20147.068343665644,882.3610051791806
1668585705.2151434,0.044047,0.000251,0.000459,0.0002529999999999,0.0,1.0,0.0,20147.068343665644,887.4179193334406
1668585765.7735925,0.043979,-6.800000000000556e-05,0.000416,-4.3000000000000015e-05,1.0,0.0,886.0479186860713,0.0,886.0479186860713
1668585825.7074406,0.043944,-3.500000000000031e-05,0.000424,8.000000000000032e-06,0.0,1.0,0.0,20163.114843575266,886.0479186860713
1668585885.6904826,0.0439,-4.399999999999543e-05,0.00038,-4.399999999999999e-05,1.0,0.0,885.1607416329542,0.0,885.1607416329542
1668585947.4125657,0.043888,-1.1999999999998123e-05,0.000338,-4.2000000000000045e-05,1.0,0.0,885.1607416329542,0.0,885.1607416329542
1668586007.078586,0.044047,0.0001589999999999,0.000449,0.000111,0.0,1.0,0.0,20095.82358918778,885.1607416329542
1668586067.1371534,0.043987,-6.0000000000004494e-05,0.00035,-9.900000000000002e-05,1.0,0.0,883.9549922176029,0.0,883.9549922176029
1668586127.7966669,0.043954,-3.299999999999831e-05,0.000253,-9.699999999999996e-05,1.0,0.0,883.9549922176029,0.0,883.9549922176029
1668586187.800497,0.043917,-3.700000000000231e-05,5.4e-05,-0.000199,1.0,0.0,883.9549922176029,0.0,883.9549922176029
1668586247.9362843,0.043865,-5.199999999999649e-05,2e-06,-5.2e-05,1.0,0.0,883.9549922176029,0.0,883.9549922176029
1668586308.7490437,0.043992,0.000127,-1.2e-05,-1.4e-05,1.0,0.0,883.9549922176029,0.0,883.9549922176029
1668586368.7361505,0.043992,0.0,-1.2e-05,0.0,1.0,0.0,883.9549922176029,0.0,883.9549922176029
1668586428.6468494,0.043977,-1.5000000000001124e-05,-5e-06,7e-06,0.0,1.0,0.0,20100.393210487364,883.9549922176028
1668586489.4404206,0.043965,-1.2000000000005062e-05,6.5e-05,7e-05,0.0,1.0,0.0,20100.393210487364,883.713787499077
1668586549.680632,0.043974,9.000000000002062e-06,0.000105,4.000000000000001e-05,0.0,1.0,0.0,20100.393210487364,883.8946910379714
1668586609.5684106,0.044055,8.099999999999774e-05,6.5e-05,-4.000000000000001e-05,1.0,0.0,885.5228228880208,0.0,885.5228228880208
1668586670.2897744,0.044019,-3.599999999999437e-05,0.00015,8.499999999999999e-05,0.0,1.0,0.0,20116.83188823056,885.5228228880208
1668586730.8171766,0.043963,-5.6000000000000494e-05,9.4e-05,-5.599999999999999e-05,1.0,0.0,884.39628030228,0.0,884.39628030228
1668586790.331283,0.04394,-2.3000000000002185e-05,-1e-05,-0.000104,1.0,0.0,884.39628030228,0.0,884.39628030228
1668586851.3245635,0.043925,-1.5000000000001124e-05,-2.2e-05,-1.2e-05,1.0,0.0,884.39628030228,0.0,884.39628030228
1668586911.1507626,0.04394,1.5000000000001124e-05,-7e-06,1.5e-05,0.0,1.0,0.0,20127.361863957216,884.39628030228
1668586971.0647798,0.043993,5.299999999999749e-05,9.1e-05,9.8e-05,0.0,1.0,0.0,20127.361863957216,885.4630304810697
1668587031.777044,0.043994,1.000000000001e-06,9.2e-05,9.999999999999972e-07,0.0,1.0,0.0,20127.361863957216,885.4831578429337
1668587091.767377,0.04394,-5.3999999999998494e-05,-1.3e-05,-0.000105,1.0,0.0,884.39628030228,0.0,884.39628030228
1668587151.7542677,0.043955,1.5000000000001124e-05,-1.4e-05,-1.0000000000000006e-06,1.0,0.0,884.39628030228,0.0,884.39628030228
1668587213.175466,0.044,4.499999999999643e-05,-4e-05,-2.6e-05,1.0,0.0,884.39628030228,0.0,884.39628030228
1668587272.6781092,0.044,0.0,-3.3e-05,7.000000000000001e-06,0.0,1.0,0.0,20099.915461415458,884.39628030228
1668587332.643873,0.044057,5.700000000000149e-05,3.8e-05,7.1e-05,0.0,1.0,0.0,20099.915461415458,885.5419754835808
1668587393.3536658,0.044055,-2.000000000002e-06,9.2e-05,5.4e-05,0.0,1.0,0.0,20099.915461415458,885.5017756526579
1668587453.3318372,0.04406,5.000000000005e-06,0.000135,4.3e-05,0.0,1.0,0.0,20099.915461415458,885.6022752299651
1668587513.289535,0.044076,1.5999999999995185e-05,0.000136,9.999999999999972e-07,0.0,1.0,0.0,20099.915461415458,885.9238738773477
1668587574.462015,0.044057,-1.8999999999998185e-05,0.000117,-1.9e-05,1.0,0.0,885.5419754835808,0.0,885.5419754835808
1668587634.4075248,0.044076,1.8999999999998185e-05,0.000136,1.9e-05,0.0,1.0,0.0,20091.25091849489,885.5419754835809
1668587694.6894562,0.044293,0.000217,0.000343,0.000207,0.0,1.0,0.0,20091.25091849489,889.9017769328941
1668587755.321876,0.044292,-1.000000000001e-06,0.000337,-5.999999999999983e-06,1.0,0.0,889.8816856819757,0.0,889.8816856819757
1668587815.123106,0.044183,-0.0001089999999999,0.000183,-0.000154,1.0,0.0,889.8816856819757,0.0,889.8816856819757
1668587875.2427664,0.044273,8.99999999999998e-05,0.000214,3.0999999999999995e-05,0.0,1.0,0.0,20099.873188669742,889.8816856819757
1668587936.1732993,0.044338,6.500000000000256e-05,0.000279,6.500000000000001e-05,0.0,1.0,0.0,20099.873188669742,891.1881774392391
1668587995.9154572,0.044402,6.399999999999462e-05,0.000343,6.399999999999998e-05,0.0,1.0,0.0,20099.873188669742,892.4745693233139
1668588056.2886307,0.044412,1.0000000000003062e-05,0.000405,6.199999999999999e-05,0.0,1.0,0.0,20099.873188669742,892.6755680552006
1668588116.7818315,0.044299,-0.000113,0.000242,-0.0001629999999999,1.0,0.0,890.4042823848808,0.0,890.4042823848808
1668588176.743953,0.044332,3.300000000000525e-05,0.000275,3.3000000000000016e-05,0.0,1.0,0.0,20084.91117894254,890.4042823848807
1668588236.798412,0.044407,7.499999999999868e-05,0.000166,-0.000109,1.0,0.0,891.9106507233014,0.0,891.9106507233014
1668588297.7822554,0.044389,-1.8000000000004124e-05,0.000175,9.000000000000002e-06,0.0,1.0,0.0,20093.05572829533,891.9106507233014
1668588357.9525826,0.044323,-6.599999999999662e-05,2.7e-05,-0.000148,1.0,0.0,890.584509045234,0.0,890.584509045234
1668588417.9117548,0.044146,-0.000177,-0.000127,-0.000154,1.0,0.0,890.584509045234,0.0,890.584509045234
1668588478.7538843,0.044189,4.300000000000137e-05,-0.000116,1.0999999999999996e-05,0.0,1.0,0.0,20153.986490874064,890.584509045234
1668588538.3902948,0.044255,6.600000000000356e-05,-9.6e-05,2e-05,0.0,1.0,0.0,20153.986490874064,891.9146721536317
1668588598.5106292,0.044255,0.0,-0.000147,-5.099999999999999e-05,1.0,0.0,891.9146721536317,0.0,891.9146721536317
1668588659.2645226,0.044229,-2.6000000000005186e-05,-0.000173,-2.600000000000001e-05,1.0,0.0,891.9146721536317,0.0,891.9146721536317
1668588719.1099343,0.04426,3.100000000000325e-05,-0.000152,2.0999999999999995e-05,0.0,1.0,0.0,20151.70971878969,891.9146721536317
1668588779.3037724,0.044144,-0.0001159999999999,-0.000155,-2.999999999999992e-06,1.0,0.0,889.5770738262521,0.0,889.5770738262521
1668588840.276163,0.044137,-7.000000000000062e-06,-0.00022,-6.500000000000001e-05,1.0,0.0,889.5770738262521,0.0,889.5770738262521
1668588899.233044,0.044137,0.0,-0.00027,-5e-05,1.0,0.0,889.5770738262521,0.0,889.5770738262521
1668588959.4854004,0.044173,3.599999999999437e-05,-0.000141,0.000129,0.0,1.0,0.0,20138.47992724633,889.5770738262521
1668589021.0342753,0.044125,-4.799999999999943e-05,-0.000245,-0.0001039999999999,1.0,0.0,888.6104267897443,0.0,888.6104267897443
1668589079.2223809,0.044125,0.0,-2.1e-05,0.000224,0.0,1.0,0.0,20138.47992724633,888.6104267897443
1668589139.189419,0.044181,5.6000000000000494e-05,-2e-05,9.999999999999972e-07,0.0,1.0,0.0,20138.47992724633,889.7381816656701
1668589199.2895856,0.044181,0.0,-2e-05,0.0,0.0,1.0,0.0,20138.47992724633,889.7381816656701
1668589259.3835557,0.044168,-1.2999999999999123e-05,-8.7e-05,-6.7e-05,1.0,0.0,889.476381426616,0.0,889.476381426616
1668589319.337616,0.044125,-4.300000000000137e-05,-0.000104,-1.6999999999999993e-05,1.0,0.0,889.476381426616,0.0,889.476381426616
1668589379.1565647,0.044059,-6.599999999999662e-05,-0.000201,-9.7e-05,1.0,0.0,889.476381426616,0.0,889.476381426616
1668589439.0246384,0.044084,2.4999999999997247e-05,-6e-05,0.000141,0.0,1.0,0.0,20176.8528587836,889.476381426616
1668589499.3142235,0.0441,1.6000000000002124e-05,-3.7e-05,2.3000000000000003e-05,0.0,1.0,0.0,20176.8528587836,889.7992110723567
1668589559.9864738,0.0441,0.0,-3.7e-05,0.0,0.0,1.0,0.0,20176.8528587836,889.7992110723568
1668589619.198143,0.044169,6.899999999999962e-05,-4e-06,3.3e-05,0.0,1.0,0.0,20176.8528587836,891.1914139196128
1668589679.1910572,0.04419,2.1000000000000185e-05,6.5e-05,6.9e-05,0.0,1.0,0.0,20176.8528587836,891.6151278296473
1668589739.3007662,0.04419,0.0,6.5e-05,0.0,0.0,1.0,0.0,20176.8528587836,891.6151278296473
1668589799.249531,0.044256,6.599999999999662e-05,0.000131,6.600000000000002e-05,0.0,1.0,0.0,20176.8528587836,892.946800118327
1668589859.1987815,0.044299,4.300000000000137e-05,0.000118,-1.3000000000000018e-05,1.0,0.0,893.8144047912547,0.0,893.8144047912547
1668589919.3511848,0.044299,0.0,0.000174,5.6000000000000006e-05,0.0,1.0,0.0,20176.8528587836,893.8144047912547
1668589979.210348,0.044299,0.0,0.000174,0.0,0.0,1.0,0.0,20176.8528587836,893.8144047912547
1668590039.3891644,0.044299,0.0,0.000174,0.0,0.0,1.0,0.0,20176.8528587836,893.8144047912547
1668590099.2706711,0.044299,0.0,0.000174,0.0,0.0,1.0,0.0,20176.8528587836,893.8144047912547
1668590159.174605,0.044276,-2.2999999999995246e-05,0.000198,2.3999999999999987e-05,0.0,1.0,0.0,20176.8528587836,893.3503371755028
1668590219.1048155,0.044287,1.0999999999997123e-05,0.000228,3.0000000000000024e-05,0.0,1.0,0.0,20176.8528587836,893.5722825569493
1668590279.1681538,0.044218,-6.899999999999962e-05,0.000134,-9.4e-05,1.0,0.0,892.1800797096932,0.0,892.1800797096932
1668590339.5868104,0.044212,-5.999999999999062e-06,0.000128,-6.00000000000001e-06,1.0,0.0,892.1800797096932,0.0,892.1800797096932
1668590399.275103,0.044208,-4.000000000004e-06,0.000108,-2e-05,1.0,0.0,892.1800797096932,0.0,892.1800797096932
1668590460.3936205,0.044253,4.500000000000337e-05,8.4e-05,-2.4e-05,1.0,0.0,892.1800797096932,0.0,892.1800797096932
1668590520.6578107,0.04428,2.6999999999999247e-05,0.000111,2.700000000000001e-05,0.0,1.0,0.0,20148.6016194601,892.1800797096932
1668590579.2340736,0.0443,1.9999999999999185e-05,0.00011,-9.999999999999972e-07,1.0,0.0,892.5830517420824,0.0,892.5830517420824
1668590639.3058486,0.044256,-4.400000000000237e-05,-1.6e-05,-0.000126,1.0,0.0,892.5830517420824,0.0,892.5830517420824
1668590699.249653,0.044299,4.300000000000137e-05,7e-06,2.3e-05,0.0,1.0,0.0,20149.05645143417,892.5830517420823
1668590759.4372313,0.044301,2.000000000002e-06,2e-06,-5e-06,1.0,0.0,892.6233498549852,0.0,892.6233498549852
1668590819.5765924,0.044301,0.0,2e-06,0.0,1.0,0.0,892.6233498549852,0.0,892.6233498549852
1668590879.2333694,0.044373,7.200000000000262e-05,9.7e-05,9.5e-05,0.0,1.0,0.0,20116.36242433429,892.6233498549853
1668590939.9831932,0.044373,0.0,8.6e-05,-1.0999999999999996e-05,1.0,0.0,892.6233498549855,0.0,892.6233498549855
1668590999.2979188,0.044371,-2.000000000002e-06,0.000159,7.299999999999999e-05,0.0,1.0,0.0,20117.269159022457,892.6233498549855
1668591059.2895324,0.044632,0.0002609999999999,0.000282,0.000123,0.0,1.0,0.0,20117.269159022457,897.8739571054903
1668591119.5351274,0.044748,0.000116,0.000495,0.0002129999999999,0.0,1.0,0.0,20117.269159022457,900.2075603279369
1668591179.3909435,0.044712,-3.600000000000131e-05,0.000432,-6.300000000000001e-05,1.0,0.0,899.4833386382121,0.0,899.4833386382121
1668591239.3825858,0.04462,-9.20000000000018e-05,0.00032,-0.0001119999999999,1.0,0.0,899.4833386382121,0.0,899.4833386382121
1668591299.456054,0.044619,-1.000000000001e-06,0.000363,4.299999999999996e-05,0.0,1.0,0.0,20159.19986190215,899.483338638212
1668591360.1020908,0.044616,-2.9999999999960614e-06,0.000317,-4.599999999999998e-05,1.0,0.0,899.4228610386264,0.0,899.4228610386264
1668591419.34684,0.04468,6.399999999999462e-05,0.000379,6.199999999999999e-05,0.0,1.0,0.0,20130.32365798179,899.4228610386263
1668591479.3221655,0.044506,-0.000174,0.000133,-0.000246,1.0,0.0,895.9201847221375,0.0,895.9201847221375
1668591539.2591836,0.044337,-0.0001689999999999,-3.6e-05,-0.000169,1.0,0.0,895.9201847221375,0.0,895.9201847221375
1668591599.2502182,0.0444,6.300000000000056e-05,-0.0002,-0.000164,1.0,0.0,895.9201847221375,0.0,895.9201847221375
1668591659.1787632,0.0444,0.0,-0.000328,-0.000128,1.0,0.0,895.9201847221375,0.0,895.9201847221375
1668591719.8853538,0.04437,-3.0000000000002247e-05,-0.000378,-5.000000000000002e-05,1.0,0.0,895.9201847221375,0.0,895.9201847221375
1668591779.442161,0.044434,6.400000000000156e-05,-0.000268,0.00011,0.0,1.0,0.0,20162.942447723308,895.9201847221375
1668591839.1074278,0.044472,3.799999999999637e-05,-0.000148,0.00012,0.0,1.0,0.0,20162.942447723308,896.6863765351509
1668591899.2402985,0.044396,-7.599999999999968e-05,-0.000183,-3.500000000000001e-05,1.0,0.0,895.153992909124,0.0,895.153992909124
1668591959.5618742,0.044363,-3.299999999999831e-05,-0.000202,-1.9e-05,1.0,0.0,895.153992909124,0.0,895.153992909124
1668592019.5666482,0.044373,1.0000000000003062e-05,-0.000255,-5.3000000000000014e-05,1.0,0.0,895.153992909124,0.0,895.153992909124
1668592079.4817748,0.04435,-2.3000000000002185e-05,-9.6e-05,0.000159,0.0,1.0,0.0,20183.8555334639,895.1539929091239
1668592139.915279,0.044202,-0.000148,-0.000135,-3.9e-05,1.0,0.0,892.1667822901712,0.0,892.1667822901712
1668592199.8015337,0.044202,0.0,-0.0003,-0.0001649999999999,1.0,0.0,892.1667822901712,0.0,892.1667822901712
1668592260.3371186,0.04426,5.8000000000002494e-05,-9.1e-05,0.0002089999999999,0.0,1.0,0.0,20157.4058357472,892.1667822901712
1668592319.6777997,0.044327,6.699999999999762e-05,-4.3e-05,4.8e-05,0.0,1.0,0.0,20157.4058357472,893.517328481166
1668592379.496206,0.044279,-4.799999999999943e-05,-0.000155,-0.000112,1.0,0.0,892.5497730010502,0.0,892.5497730010502
1668592495.7761917,0.044373,9.40000000000038e-05,-2.3e-05,0.000132,0.0,1.0,0.0,20114.70427965317,892.5497730010502
1668592499.6020875,0.044373,0.0,-2.3e-05,0.0,0.0,1.0,0.0,20114.70427965317,892.5497730010502
1668592559.644345,0.044391,1.7999999999997185e-05,2.8e-05,5.1e-05,0.0,1.0,0.0,20114.70427965317,892.9118376780839
1668592623.0733893,0.044338,-5.299999999999749e-05,-3.5e-05,-6.3e-05,1.0,0.0,891.8457583512624,0.0,891.8457583512624
1668592679.6531825,0.044338,0.0,-3.5e-05,0.0,1.0,0.0,891.8457583512624,0.0,891.8457583512624
1668592760.5876074,0.04433,-8.000000000001062e-06,7e-05,0.0001049999999999,0.0,1.0,0.0,20118.33427365807,891.8457583512622
1668592799.4666612,0.04433,0.0,7e-05,0.0,0.0,1.0,0.0,20118.33427365807,891.8457583512622
1668592859.710488,0.04433,0.0,0.000128,5.8e-05,0.0,1.0,0.0,20118.33427365807,891.8457583512622
1668592919.5174968,0.0443,-3.0000000000002247e-05,9.8e-05,-3e-05,1.0,0.0,891.2422083230525,0.0,891.2422083230525
1668592979.499101,0.0443,0.0,9.8e-05,0.0,1.0,0.0,891.2422083230525,0.0,891.2422083230525
1668593039.6319542,0.044202,-9.800000000000086e-05,-0.000148,-0.000246,1.0,0.0,891.2422083230525,0.0,891.2422083230525
1668593099.4938476,0.044237,3.500000000000031e-05,-4.2e-05,0.000106,0.0,1.0,0.0,20146.985743225185,891.2422083230525
1668593159.4926643,0.044231,-5.999999999999062e-06,-7.1e-05,-2.9000000000000007e-05,1.0,0.0,891.1213264085932,0.0,891.1213264085932
1668593219.4577184,0.044171,-5.999999999999756e-05,-0.00025,-0.000179,1.0,0.0,891.1213264085932,0.0,891.1213264085932
1668593279.5144148,0.044237,6.599999999999662e-05,-0.000145,0.000105,0.0,1.0,0.0,20144.25314575114,891.1213264085932
1668593339.4606037,0.044237,0.0,-0.000101,4.4e-05,0.0,1.0,0.0,20144.25314575114,891.1213264085932
1668593399.8168204,0.04417,-6.699999999999762e-05,-0.00016,-5.900000000000001e-05,1.0,0.0,889.7716614478278,0.0,889.7716614478278
1668593459.452853,0.044169,-1.000000000001e-06,-0.000161,-9.999999999999972e-07,1.0,0.0,889.7716614478278,0.0,889.7716614478278
1668593519.5954406,0.044182,1.2999999999999123e-05,-0.000148,1.3000000000000018e-05,0.0,1.0,0.0,20138.78188963441,889.7716614478278
1668593579.4846437,0.044182,0.0,-0.000118,3e-05,0.0,1.0,0.0,20138.78188963441,889.7716614478277
1668593640.0931685,0.044212,3.0000000000002247e-05,-6.7e-05,5.099999999999999e-05,0.0,1.0,0.0,20138.78188963441,890.3758249045165
1668593699.6695156,0.044237,2.4999999999997247e-05,3.7e-05,0.000104,0.0,1.0,0.0,20138.78188963441,890.8792944517573
1668593759.749305,0.044234,-2.9999999999960614e-06,-3e-06,-4e-05,1.0,0.0,890.8188781060886,0.0,890.8188781060886
1668593819.7076316,0.044277,4.299999999999443e-05,0.000108,0.000111,0.0,1.0,0.0,20119.22393355667,890.8188781060886
1668593881.3893435,0.044277,0.0,4e-05,-6.8e-05,1.0,0.0,890.8188781060886,0.0,890.8188781060886
1668593939.6715443,0.044277,0.0,4e-05,0.0,1.0,0.0,890.8188781060886,0.0,890.8188781060886
1668593999.637543,0.044262,-1.4999999999994185e-05,2.5e-05,-1.5000000000000002e-05,1.0,0.0,890.8188781060886,0.0,890.8188781060886
1668594059.6621828,0.044309,4.699999999999843e-05,7.2e-05,4.7e-05,0.0,1.0,0.0,20104.693811778387,890.8188781060885
1668594119.576597,0.044366,5.700000000000149e-05,0.000197,0.000125,0.0,1.0,0.0,20104.693811778387,891.9648456533599
1668594179.5276296,0.044311,-5.499999999999949e-05,0.000129,-6.8e-05,1.0,0.0,890.8590874937122,0.0,890.8590874937122
1668594239.5516334,0.044375,6.399999999999462e-05,0.000193,6.400000000000001e-05,0.0,1.0,0.0,20075.697746337177,890.8590874937122
1668594299.6705685,0.044587,0.000212,0.000375,0.000182,0.0,1.0,0.0,20075.697746337177,895.1151354159357
1668594359.566529,0.044466,-0.000121,0.000229,-0.000146,1.0,0.0,892.6859759886289,0.0,892.6859759886289
1668594419.833403,0.044391,-7.499999999999868e-05,0.000154,-7.500000000000001e-05,1.0,0.0,892.6859759886289,0.0,892.6859759886289
1668594479.6613884,0.04442,2.9000000000001247e-05,0.000183,2.9e-05,0.0,1.0,0.0,20096.487527884485,892.6859759886288
1668594540.0977328,0.04443,9.999999999996125e-06,0.000153,-3e-05,1.0,0.0,892.8869408639076,0.0,892.8869408639076
1668594599.646411,0.044329,-0.0001009999999999,5.2e-05,-0.000101,1.0,0.0,892.8869408639076,0.0,892.8869408639076
1668594659.487356,0.04442,9.10000000000008e-05,0.000143,9.100000000000002e-05,0.0,1.0,0.0,20101.01172588716,892.8869408639076
1668594719.5644946,0.044352,-6.799999999999862e-05,9e-05,-5.3e-05,1.0,0.0,891.5200720665474,0.0,891.5200720665474
1668594779.5992224,0.044398,4.599999999999743e-05,0.000136,4.599999999999999e-05,0.0,1.0,0.0,20080.18541525626,891.5200720665474
1668594839.6658523,0.044398,0.0,0.000136,0.0,0.0,1.0,0.0,20080.18541525626,891.5200720665474
1668594899.45172,0.044398,0.0,0.000136,0.0,0.0,1.0,0.0,20080.18541525626,891.5200720665474
1668594959.7400298,0.044534,0.0001359999999999,0.000227,9.1e-05,0.0,1.0,0.0,20080.18541525626,894.2509772830222
1668595020.027062,0.044473,-6.099999999999856e-05,0.000166,-6.099999999999999e-05,1.0,0.0,893.0260859726916,0.0,893.0260859726916
1668595079.6568286,0.044533,6.0000000000004494e-05,0.000222,5.6000000000000006e-05,0.0,1.0,0.0,20053.131070727137,893.0260859726917
1668595139.3400197,0.04453,-3.0000000000030003e-06,0.000108,-0.000114,1.0,0.0,892.9659265794794,0.0,892.9659265794794
1668595199.4699314,0.044488,-4.200000000000037e-05,-9.5e-05,-0.000203,1.0,0.0,892.9659265794794,0.0,892.9659265794794
1668595259.2860415,0.044489,1.000000000001e-06,9.8e-05,0.000193,0.0,1.0,0.0,20071.61155745194,892.9659265794793
1668595319.6475043,0.044507,1.7999999999997185e-05,0.000116,1.8000000000000004e-05,0.0,1.0,0.0,20071.61155745194,893.3272155875134
1668595379.5153005,0.044371,-0.0001359999999999,-4.9e-05,-0.000165,1.0,0.0,890.5974764157,0.0,890.5974764157
1668599642.1125689,0.044509,0.0001379999999999,0.000276,0.000325,0.0,1.0,0.0,20009.3795954908,890.5974764157
1668599644.0514228,0.044509,0.0,0.000276,0.0,0.0,1.0,0.0,20009.3795954908,890.5974764156999
1668599646.442144,0.044509,0.0,0.000276,0.0,0.0,1.0,0.0,20009.3795954908,890.5974764156999
1668599652.571102,0.044509,0.0,0.000276,0.0,0.0,1.0,0.0,20009.3795954908,890.5974764156999
1668599656.3290138,0.044509,0.0,0.000276,0.0,0.0,1.0,0.0,20009.3795954908,890.5974764156999
1668599662.3682566,0.044478,-3.100000000000325e-05,0.000245,-3.0999999999999995e-05,1.0,0.0,889.9771856482397,0.0,889.9771856482397
1668599662.5679543,0.044509,3.100000000000325e-05,0.000276,3.0999999999999995e-05,0.0,1.0,0.0,19995.44329569839,889.9771856482397
1668599669.0375164,0.044478,-3.100000000000325e-05,0.000245,-3.0999999999999995e-05,1.0,0.0,889.357326906073,0.0,889.357326906073
1668599670.968841,0.044478,0.0,0.000245,0.0,1.0,0.0,889.357326906073,0.0,889.357326906073
1668599671.4762075,0.044478,0.0,0.000245,0.0,1.0,0.0,889.357326906073,0.0,889.357326906073
1668599673.606629,0.044478,0.0,0.000245,0.0,1.0,0.0,889.357326906073,0.0,889.357326906073
1668599679.7547786,0.044478,0.0,0.000245,0.0,1.0,0.0,889.357326906073,0.0,889.357326906073
1668599680.804314,0.044478,0.0,0.000245,0.0,1.0,0.0,889.357326906073,0.0,889.357326906073
1668599682.3832967,0.044478,0.0,0.000245,0.0,1.0,0.0,889.357326906073,0.0,889.357326906073
1668599683.7748673,0.044478,0.0,0.000245,0.0,1.0,0.0,889.357326906073,0.0,889.357326906073
1668599684.929071,0.044478,0.0,0.000245,0.0,1.0,0.0,889.357326906073,0.0,889.357326906073
1668599685.6411328,0.044478,0.0,0.000245,0.0,1.0,0.0,889.357326906073,0.0,889.357326906073
1668599688.492666,0.044478,0.0,0.000245,0.0,1.0,0.0,889.357326906073,0.0,889.357326906073
1668599689.037545,0.044478,0.0,0.000245,0.0,1.0,0.0,889.357326906073,0.0,889.357326906073
1668599690.4248817,0.044478,0.0,0.000245,0.0,1.0,0.0,889.357326906073,0.0,889.357326906073
1668599691.746992,0.044478,0.0,0.000245,0.0,1.0,0.0,889.357326906073,0.0,889.357326906073
1668599693.0091157,0.043478,-0.0009999999999999,0.00032,7.500000000000003e-05,0.0,1.0,0.0,20455.341250887184,889.357326906073
1668599693.8448691,0.044478,0.0009999999999999,0.000245,-7.500000000000003e-05,1.0,0.0,909.8126681569602,0.0,909.8126681569602
1668599695.7553296,0.044478,0.0,0.000245,0.0,1.0,0.0,909.8126681569602,0.0,909.8126681569602
1668599697.9680588,0.044478,0.0,0.000245,0.0,1.0,0.0,909.8126681569602,0.0,909.8126681569602
1668599704.3088858,0.04439,-8.79999999999978e-05,0.000157,-8.8e-05,1.0,0.0,909.8126681569602,0.0,909.8126681569602
1668599704.5407083,0.04439,0.0,0.000157,0.0,1.0,0.0,909.8126681569602,0.0,909.8126681569602
1668599705.6688087,0.04439,0.0,0.000157,0.0,1.0,0.0,909.8126681569602,0.0,909.8126681569602
1668599764.9089353,0.044427,3.700000000000231e-05,0.000137,-2e-05,1.0,0.0,909.8126681569602,0.0,909.8126681569602
1668599825.3480296,0.04449,6.300000000000056e-05,0.000257,0.00012,0.0,1.0,0.0,20449.82396396853,909.8126681569602
1668599885.804055,0.044467,-2.3000000000002185e-05,0.0001,-0.000157,1.0,0.0,909.3423222057886,0.0,909.3423222057886
1668599946.0007553,0.044501,3.399999999999931e-05,0.000111,1.0999999999999996e-05,0.0,1.0,0.0,20434.199730473218,909.3423222057886
1668600006.009312,0.044526,2.5000000000004186e-05,8.7e-05,-2.4e-05,1.0,0.0,909.8531771990506,0.0,909.8531771990506
1668600066.8466668,0.044491,-3.500000000000031e-05,-0.00011,-0.000197,1.0,0.0,909.8531771990506,0.0,909.8531771990506
1668600127.0453908,0.044491,0.0,-0.000108,2.000000000000008e-06,0.0,1.0,0.0,20450.2748241004,909.8531771990508
1668600187.0574298,0.044491,0.0,3.6e-05,0.000144,0.0,1.0,0.0,20450.2748241004,909.8531771990508
1668600248.580181,0.044491,0.0,1.3e-05,-2.3000000000000003e-05,1.0,0.0,909.853177199051,0.0,909.853177199051
1668600308.471661,0.044597,0.0001059999999999,0.000207,0.000194,0.0,1.0,0.0,20401.667762384262,909.853177199051
1668600368.4289343,0.044539,-5.799999999999556e-05,9.3e-05,-0.0001139999999999,1.0,0.0,908.6698804688328,0.0,908.6698804688328
1668600429.295436,0.044564,2.4999999999997247e-05,6.9e-05,-2.4e-05,1.0,0.0,908.6698804688328,0.0,908.6698804688328
1668600489.3329625,0.044596,3.199999999999731e-05,0.000129,6e-05,0.0,1.0,0.0,20375.591543385795,908.6698804688328
1668600549.486477,0.044743,0.000147,0.000228,9.900000000000002e-05,0.0,1.0,0.0,20375.591543385795,911.6650924257106
1668600610.1241434,0.044752,9.000000000002062e-06,0.000237,8.999999999999975e-06,0.0,1.0,0.0,20375.591543385795,911.8484727496012
1668600670.1267283,0.044721,-3.100000000000325e-05,0.000195,-4.199999999999999e-05,1.0,0.0,911.216829411756,0.0,911.216829411756
1668600730.5296829,0.044731,1.0000000000003062e-05,0.00024,4.500000000000001e-05,0.0,1.0,0.0,20371.0364045462,911.216829411756
1668600791.351187,0.0448,6.899999999999962e-05,0.000337,9.7e-05,0.0,1.0,0.0,20371.0364045462,912.6224309236698
1668600851.362522,0.044748,-5.199999999999649e-05,0.000134,-0.000203,1.0,0.0,911.5631370306336,0.0,911.5631370306336
1668600911.4566374,0.044834,8.59999999999958e-05,0.000304,0.00017,0.0,1.0,0.0,20331.96094550193,911.5631370306336
1668600972.192677,0.044887,5.300000000000443e-05,0.000323,1.899999999999997e-05,0.0,1.0,0.0,20331.96094550193,912.6407309607451
1668601032.156879,0.044792,-9.50000000000048e-05,0.000118,-0.000205,1.0,0.0,910.7091946709224,0.0,910.7091946709224
1668601094.469368,0.044741,-5.099999999999549e-05,-2.8e-05,-0.000146,1.0,0.0,910.7091946709224,0.0,910.7091946709224
1668601154.667107,0.044799,5.799999999999556e-05,-1.6e-05,1.2e-05,0.0,1.0,0.0,20328.78400569036,910.7091946709226
1668601214.5138135,0.0448,1.000000000001e-06,-1.5e-05,9.99999999999999e-07,0.0,1.0,0.0,20328.78400569036,910.729523454928
1668601274.7154558,0.0448,0.0,7.9e-05,9.4e-05,0.0,1.0,0.0,20328.78400569036,910.729523454928
1668601335.6745603,0.0448,0.0,2.1e-05,-5.8e-05,1.0,0.0,910.729523454928,0.0,910.729523454928
1668601395.838265,0.04477,-3.0000000000002247e-05,-9e-06,-3e-05,1.0,0.0,910.729523454928,0.0,910.729523454928
1668601455.3388717,0.04477,0.0,-9e-06,0.0,1.0,0.0,910.729523454928,0.0,910.729523454928
1668601517.0279183,0.044732,-3.799999999999637e-05,-1.6e-05,-6.999999999999999e-06,1.0,0.0,910.729523454928,0.0,910.729523454928
1668601575.960841,0.04485,0.000118,-0.000109,-9.3e-05,1.0,0.0,910.729523454928,0.0,910.729523454928
1668601637.091481,0.044876,2.5999999999998247e-05,-1.1e-05,9.8e-05,0.0,1.0,0.0,20294.356080197165,910.729523454928
1668601697.6792543,0.044873,-2.9999999999960614e-06,-2e-06,9e-06,0.0,1.0,0.0,20294.356080197165,910.6686403866876
1668601757.97316,0.045179,0.0003059999999999,0.000304,0.000306,0.0,1.0,0.0,20294.356080197165,916.8787133472276
1668601817.5864787,0.045069,-0.0001099999999999,0.000337,3.299999999999999e-05,0.0,1.0,0.0,20294.356080197165,914.646334178406
1668601878.5098934,0.045061,-8.000000000001062e-06,0.000261,-7.6e-05,1.0,0.0,914.4839793297645,0.0,914.4839793297645
1668601938.5089033,0.045034,-2.6999999999999247e-05,0.000234,-2.700000000000001e-05,1.0,0.0,914.4839793297645,0.0,914.4839793297645
1668601998.8271856,0.045117,8.299999999999974e-05,0.000317,8.300000000000001e-05,0.0,1.0,0.0,20269.16637475374,914.4839793297645
1668602059.850083,0.045024,-9.299999999999586e-05,0.000254,-6.300000000000001e-05,1.0,0.0,912.5989468569124,0.0,912.5989468569124
1668602119.543467,0.045036,1.1999999999998123e-05,0.000265,1.0999999999999996e-05,0.0,1.0,0.0,20263.7655843528,912.5989468569124
1668602179.4764872,0.044923,-0.000113,0.000152,-0.0001129999999999,1.0,0.0,910.3091413458808,0.0,910.3091413458808
1668602240.4406624,0.045,7.700000000000068e-05,0.000118,-3.400000000000001e-05,1.0,0.0,910.3091413458808,0.0,910.3091413458808
1668602300.0281105,0.045,0.0,0.000118,0.0,1.0,0.0,910.3091413458808,0.0,910.3091413458808
1668602360.184297,0.045,0.0,-0.000163,-0.000281,1.0,0.0,910.3091413458808,0.0,910.3091413458808
1668602421.600704,0.044925,-7.499999999999868e-05,-0.000144,1.9e-05,0.0,1.0,0.0,20262.8634690235,910.3091413458808
1668602482.5671248,0.044726,-0.0001989999999999,-0.000335,-0.000191,1.0,0.0,906.2768315155452,0.0,906.2768315155452
1668602541.443998,0.044662,-6.400000000000156e-05,-0.000455,-0.0001199999999999,1.0,0.0,906.2768315155452,0.0,906.2768315155452
1668602602.4154842,0.04472,5.8000000000002494e-05,-0.000397,5.8e-05,0.0,1.0,0.0,20265.582100079275,906.2768315155452
1668602662.5368,0.044715,-5.000000000005e-06,-0.000272,0.000125,0.0,1.0,0.0,20265.582100079275,906.1755036050448
1668602722.4311104,0.04466,-5.499999999999949e-05,-0.000263,9.000000000000002e-06,0.0,1.0,0.0,20265.582100079275,905.0608965895404
1668602783.986852,0.044576,-8.400000000000074e-05,-0.000347,-8.399999999999998e-05,1.0,0.0,903.3585876931336,0.0,903.3585876931336
1668602843.8582726,0.044576,0.0,-0.000347,0.0,1.0,0.0,903.3585876931336,0.0,903.3585876931336
1668602904.2190747,0.0446,2.4000000000003185e-05,-0.0004,-5.300000000000004e-05,1.0,0.0,903.3585876931336,0.0,903.3585876931336
1668602965.6275218,0.044716,0.0001159999999999,-0.000295,0.000105,0.0,1.0,0.0,20202.133189308828,903.3585876931336
1668603024.6080215,0.044716,0.0,-0.000295,0.0,0.0,1.0,0.0,20202.133189308828,903.3585876931336
1668603084.7149348,0.04471,-5.999999999999062e-06,-7.9e-05,0.000216,0.0,1.0,0.0,20202.133189308828,903.2373748939978
1668603145.8443975,0.044711,1.000000000001e-06,-7.8e-05,9.999999999999972e-07,0.0,1.0,0.0,20202.133189308828,903.257577027187
1668603205.79026,0.04482,0.0001089999999999,3.1e-05,0.0001089999999999,0.0,1.0,0.0,20202.133189308828,905.4596095448215
1668603265.9881146,0.04482,0.0,0.000158,0.000127,0.0,1.0,0.0,20202.133189308828,905.4596095448215
1668603326.9474185,0.044761,-5.899999999999656e-05,4.1e-05,-0.000117,1.0,0.0,904.2676836866524,0.0,904.2676836866524
1668603386.8775568,0.044761,0.0,4.1e-05,0.0,1.0,0.0,904.2676836866524,0.0,904.2676836866524
1668603446.859655,0.044819,5.799999999999556e-05,0.000243,0.000202,0.0,1.0,0.0,20175.989729504283,904.2676836866524
1668603508.8323069,0.044761,-5.799999999999556e-05,0.000185,-5.8e-05,1.0,0.0,903.0974762823412,0.0,903.0974762823412
1668603568.2834842,0.044762,1.000000000001e-06,0.000139,-4.600000000000001e-05,1.0,0.0,903.0974762823412,0.0,903.0974762823412
1668603628.40457,0.04482,5.799999999999556e-05,0.000104,-3.5e-05,1.0,0.0,903.0974762823412,0.0,903.0974762823412
1668603689.167086,0.045004,0.000184,0.000305,0.000201,0.0,1.0,0.0,20067.04906857926,903.0974762823412
1668603748.6745913,0.04529,0.0002859999999999,0.00047,0.000165,0.0,1.0,0.0,20067.04906857926,908.8366523159548
1668603808.869188,0.0452,-8.99999999999998e-05,0.00038,-8.999999999999997e-05,1.0,0.0,907.0306178997826,0.0,907.0306178997826
1668603869.918321,0.045215,1.5000000000001124e-05,0.000395,1.4999999999999983e-05,0.0,1.0,0.0,20060.391858891577,907.0306178997826
1668603930.0948467,0.045324,0.000109,0.000505,0.00011,0.0,1.0,0.0,20060.391858891577,909.217200612402
1668603990.1145282,0.045254,-7.000000000000062e-05,0.000435,-7.000000000000002e-05,1.0,0.0,907.8129731822796,0.0,907.8129731822796
1668604050.99028,0.045333,7.899999999999574e-05,0.000572,0.000137,0.0,1.0,0.0,20025.433418972483,907.8129731822796
1668604111.0800016,0.045232,-0.0001009999999999,0.00047,-0.000102,1.0,0.0,905.7904044069634,0.0,905.7904044069634
1668604171.1450324,0.04517,-6.199999999999956e-05,0.000409,-6.0999999999999965e-05,1.0,0.0,905.7904044069634,0.0,905.7904044069634
1668604231.9372413,0.045027,-0.000143,-5.3e-05,-0.000462,1.0,0.0,905.7904044069634,0.0,905.7904044069634
1668604291.859465,0.045125,9.800000000000086e-05,-0.000165,-0.000112,1.0,0.0,905.7904044069634,0.0,905.7904044069634
1668604352.173767,0.045094,-3.099999999999631e-05,-0.000196,-3.0999999999999995e-05,1.0,0.0,905.7904044069634,0.0,905.7904044069634
1668604412.9389796,0.045163,6.899999999999962e-05,-2.5e-05,0.0001709999999999,0.0,1.0,0.0,20056.02826222712,905.7904044069634
1668604473.111029,0.045023,-0.00014,-0.000331,-0.000306,1.0,0.0,902.9825604502516,0.0,902.9825604502516
1668604533.9623404,0.04514,0.0001169999999999,-0.000214,0.000117,0.0,1.0,0.0,20004.044316576244,902.9825604502516
1668604594.619613,0.04514,0.0,-0.000214,0.0,0.0,1.0,0.0,20004.044316576244,902.9825604502516
1668604654.6091108,0.04507,-7.000000000000062e-05,-0.000333,-0.000119,1.0,0.0,901.5822773480912,0.0,901.5822773480912
1668604714.87329,0.045025,-4.499999999999643e-05,-0.000216,0.000117,0.0,1.0,0.0,20024.037253705523,901.5822773480912
1668604775.7377193,0.045071,4.599999999999743e-05,-0.0001,0.0001159999999999,0.0,1.0,0.0,20024.037253705523,902.5033830617616
1668604835.805128,0.045,-7.100000000000162e-05,-0.000171,-7.1e-05,1.0,0.0,901.0816764167485,0.0,901.0816764167485
1668604895.1798458,0.045001,1.000000000001e-06,-4e-06,0.000167,0.0,1.0,0.0,20023.59228498808,901.0816764167485
1668604956.7138658,0.045,-1.000000000001e-06,-9.4e-05,-8.999999999999999e-05,1.0,0.0,901.0616528244636,0.0,901.0616528244636
1668605016.6098611,0.044945,-5.499999999999949e-05,-0.000149,-5.5e-05,1.0,0.0,901.0616528244636,0.0,901.0616528244636
1668605088.4790635,0.044899,-4.599999999999743e-05,-0.000119,2.9999999999999984e-05,0.0,1.0,0.0,20068.63522181928,901.0616528244636
1668605154.4849331,0.044912,1.2999999999999123e-05,-0.000228,-0.000109,1.0,0.0,901.3225450823472,0.0,901.3225450823472
1668605212.713306,0.045083,0.0001709999999999,-5.7e-05,0.000171,0.0,1.0,0.0,19992.514807851014,901.3225450823472
1668605341.905061,0.045114,3.100000000000325e-05,4.4e-05,0.000101,0.0,1.0,0.0,19992.514807851014,901.9423130413908
1668605388.5811713,0.044957,-0.000157,-4.3e-05,-8.7e-05,1.0,0.0,898.803488216558,0.0,898.803488216558
1668605448.7740932,0.045353,0.000396,0.000352,0.000395,0.0,1.0,0.0,19817.95004115622,898.803488216558
1668605509.223235,0.045195,-0.0001579999999999,0.000195,-0.000157,1.0,0.0,895.6722521100553,0.0,895.6722521100553
1668605596.1456356,0.044665,-0.0005299999999999,-0.000235,-0.00043,1.0,0.0,895.6722521100553,0.0,895.6722521100553
1668605630.6967475,0.044674,8.999999999995123e-06,-0.000226,9.000000000000002e-06,0.0,1.0,0.0,20049.072214488413,895.6722521100553
1668605690.2853062,0.044777,0.0001029999999999,-0.000168,5.8e-05,0.0,1.0,0.0,20049.072214488413,897.7373065481477
1668605750.992121,0.045108,0.000331,0.000108,0.000276,0.0,1.0,0.0,20049.072214488413,904.3735494511434
1668605810.305388,0.045156,4.799999999999943e-05,0.000156,4.8e-05,0.0,1.0,0.0,20049.072214488413,905.3359049174388
1668605871.187416,0.045293,0.0001369999999999,0.000249,9.299999999999998e-05,0.0,1.0,0.0,20049.072214488413,908.0826278108236
1668605931.1518548,0.045319,2.5999999999998247e-05,0.000283,3.400000000000001e-05,0.0,1.0,0.0,20049.072214488413,908.6039036884004
1668605991.1569023,0.04521,-0.0001089999999999,0.000174,-0.0001089999999999,1.0,0.0,906.4185548170212,0.0,906.4185548170212
1668606051.9841986,0.04521,0.0,0.000319,0.000145,0.0,1.0,0.0,20049.072214488413,906.4185548170212
1668606111.7588365,0.045213,3.0000000000030003e-06,-5.2e-05,-0.000371,1.0,0.0,906.4787020336648,0.0,906.4787020336648
1668606171.8635478,0.045123,-8.99999999999998e-05,-7.2e-05,-2.0000000000000005e-05,1.0,0.0,906.4787020336648,0.0,906.4787020336648
1668606232.709981,0.04513,7.000000000000062e-06,0.000466,0.000538,0.0,1.0,0.0,20085.94509270252,906.4787020336648
1668606292.7508063,0.0452,6.999999999999368e-05,0.000512,4.599999999999998e-05,0.0,1.0,0.0,20085.94509270252,907.884718190154
1668606352.6033092,0.045054,-0.000146,5e-06,-0.000507,1.0,0.0,904.9521702066191,0.0,904.9521702066191
1668606413.5255983,0.045054,0.0,-0.000153,-0.000158,1.0,0.0,904.9521702066191,0.0,904.9521702066191
1668606473.5423353,0.044873,-0.0001809999999999,-0.000421,-0.000268,1.0,0.0,904.9521702066191,0.0,904.9521702066191
1668606533.687289,0.044922,4.899999999999349e-05,-0.000385,3.600000000000001e-05,0.0,1.0,0.0,20144.966168171926,904.9521702066191
1668606594.7425334,0.044961,3.900000000000431e-05,-0.000346,3.899999999999997e-05,0.0,1.0,0.0,20144.966168171926,905.737823887178
1668606654.464731,0.045081,0.00012,-0.000129,0.000217,0.0,1.0,0.0,20144.966168171926,908.1552198273588
1668606714.5090742,0.045179,9.799999999999393e-05,3.5e-05,0.0001639999999999,0.0,1.0,0.0,20144.966168171926,910.1294265118394
1668606775.2800992,0.045174,-4.9999999999980616e-06,3e-05,-4.999999999999996e-06,1.0,0.0,910.0287016809986,0.0,910.0287016809986
1668606835.226653,0.045199,2.5000000000004186e-05,6.8e-05,3.8e-05,0.0,1.0,0.0,20133.823794353822,910.0287016809984
1668606895.225314,0.045365,0.0001659999999999,0.000235,0.000167,0.0,1.0,0.0,20133.823794353822,913.3709164308611
1668606956.4166217,0.045411,4.599999999999743e-05,0.000217,-1.8000000000000004e-05,1.0,0.0,914.2970723254016,0.0,914.2970723254016
1668607016.2262075,0.045577,0.0001659999999999,0.000479,0.0002619999999999,0.0,1.0,0.0,20060.4926240297,914.2970723254016
1668607076.23325,0.045615,3.800000000000331e-05,0.000561,8.199999999999999e-05,0.0,1.0,0.0,20060.4926240297,915.0593710451147
1668607137.1038957,0.045613,-2.000000000002e-06,0.000691,0.00013,0.0,1.0,0.0,20060.4926240297,915.0192500598666
1668607197.8419971,0.045611,-2.000000000002e-06,0.000689,-1.99999999999994e-06,1.0,0.0,914.9791290746184,0.0,914.9791290746184
1668607257.272714,0.045457,-0.000154,0.000496,-0.000193,1.0,0.0,914.9791290746184,0.0,914.9791290746184
1668607317.9335434,0.045425,-3.199999999999731e-05,0.000297,-0.000199,1.0,0.0,914.9791290746184,0.0,914.9791290746184
1668607378.1061504,0.045343,-8.199999999999874e-05,0.000169,-0.000128,1.0,0.0,914.9791290746184,0.0,914.9791290746184
1668607437.8883624,0.045361,1.7999999999997185e-05,0.000112,-5.699999999999999e-05,1.0,0.0,914.9791290746184,0.0,914.9791290746184
1668607498.9786556,0.045776,0.0004149999999999,0.000391,0.000279,0.0,1.0,0.0,19988.18439956786,914.9791290746184
1668607559.0598,0.045683,-9.299999999999586e-05,4.7e-05,-0.000344,1.0,0.0,913.1202279254586,0.0,913.1202279254586
1668607619.0444436,0.04564,-4.300000000000137e-05,3.7e-05,-1e-05,1.0,0.0,913.1202279254586,0.0,913.1202279254586
1668607679.918898,0.045868,0.0002279999999999,0.000225,0.000188,0.0,1.0,0.0,19907.56579588076,913.1202279254584
1668607739.608705,0.04575,-0.000118,0.000147,-7.8e-05,1.0,0.0,910.7711351615447,0.0,910.7711351615447
1668607800.2080302,0.045934,0.000184,0.000293,0.000146,0.0,1.0,0.0,19827.821116418007,910.7711351615447
1668607860.7411602,0.045855,-7.900000000000268e-05,0.00039,9.699999999999996e-05,0.0,1.0,0.0,19827.821116418007,909.2047372933476
1668607920.4957154,0.045789,-6.599999999999662e-05,0.000439,4.9e-05,0.0,1.0,0.0,19827.821116418007,907.8961010996642
1668607980.7475264,0.045733,-5.6000000000000494e-05,0.000383,-5.6000000000000006e-05,1.0,0.0,906.7857431171448,0.0,906.7857431171448
1668608041.3593888,0.0457,-3.300000000000525e-05,2.6e-05,-0.000357,1.0,0.0,906.7857431171448,0.0,906.7857431171448
1668608101.3267474,0.045711,1.1000000000004062e-05,2.2e-05,-3.999999999999999e-06,1.0,0.0,906.7857431171448,0.0,906.7857431171448
1668608161.2151492,0.04572,8.999999999995123e-06,2.5e-05,3.0000000000000018e-06,0.0,1.0,0.0,19833.458948319003,906.7857431171448
1668608222.467524,0.045637,-8.299999999999974e-05,-3e-06,-2.8000000000000003e-05,1.0,0.0,905.1395660244344,0.0,905.1395660244344
1668608282.4619403,0.04571,7.300000000000362e-05,-0.000154,-0.000151,1.0,0.0,905.1395660244344,0.0,905.1395660244344
1668608342.3618548,0.045546,-0.0001639999999999,-0.000324,-0.00017,1.0,0.0,905.1395660244344,0.0,905.1395660244344
1668608403.4476671,0.045453,-9.30000000000028e-05,-0.000344,-2e-05,1.0,0.0,905.1395660244344,0.0,905.1395660244344
1668608463.158365,0.04547,1.6999999999996185e-05,-0.000314,3.0000000000000024e-05,0.0,1.0,0.0,19906.30230975224,905.1395660244344
1668608523.367038,0.045406,-6.399999999999462e-05,-0.000327,-1.299999999999999e-05,1.0,0.0,903.86556267661,0.0,903.86556267661
1668608584.0739188,0.04547,6.399999999999462e-05,-0.000275,5.199999999999996e-05,0.0,1.0,0.0,19878.283762406205,903.86556267661
1668608644.35385,0.04551,4.000000000000531e-05,-0.000228,4.7e-05,0.0,1.0,0.0,19878.283762406205,904.6606940271064
1668608704.2112513,0.045523,1.2999999999999123e-05,-0.000188,4.000000000000002e-05,0.0,1.0,0.0,19878.283762406205,904.9191117160176
1668608765.18379,0.045538,1.5000000000001124e-05,-0.000172,1.5999999999999982e-05,0.0,1.0,0.0,19878.283762406205,905.217285972454
1668608824.9667923,0.045456,-8.199999999999874e-05,-0.000181,-9.000000000000002e-06,1.0,0.0,903.5872667039364,0.0,903.5872667039364
1668608885.8595092,0.045436,-2.0000000000006124e-05,-0.000274,-9.299999999999998e-05,1.0,0.0,903.5872667039364,0.0,903.5872667039364
1668608945.7623186,0.045368,-6.799999999999862e-05,-0.000179,9.5e-05,0.0,1.0,0.0,19916.84153376689,903.5872667039364
1668609005.7005882,0.045404,3.600000000000131e-05,-8e-06,0.0001709999999999,0.0,1.0,0.0,19916.84153376689,904.3042729991516
1668609065.9293964,0.045422,1.7999999999997185e-05,2e-05,2.8000000000000003e-05,0.0,1.0,0.0,19916.84153376689,904.6627761467596
1668609126.5526564,0.0455,7.800000000000168e-05,9.4e-05,7.4e-05,0.0,1.0,0.0,19916.84153376689,906.2162897863934
1668609186.571598,0.045339,-0.000161,-0.000131,-0.000225,1.0,0.0,903.0096782994568,0.0,903.0096782994568
1668609246.7369688,0.04529,-4.900000000000043e-05,-0.000271,-0.0001399999999999,1.0,0.0,903.0096782994568,0.0,903.0096782994568
1668609307.7580638,0.045234,-5.599999999999356e-05,-0.000289,-1.8000000000000004e-05,1.0,0.0,903.0096782994568,0.0,903.0096782994568
1668609368.522693,0.0452,-3.400000000000625e-05,-0.000276,1.299999999999999e-05,0.0,1.0,0.0,19978.09022786409,903.0096782994568
1668609427.8119428,0.045374,0.000174,-1.3e-05,0.000263,0.0,1.0,0.0,19978.09022786409,906.4858659991052
1668609488.634861,0.045342,-3.199999999999731e-05,-7.7e-05,-6.4e-05,1.0,0.0,905.8465671118136,0.0,905.8465671118136
1668609548.5372217,0.04534,-2.000000000002e-06,-6.5e-05,1.2000000000000009e-05,0.0,1.0,0.0,19978.97148460109,905.8465671118136
1668609608.397989,0.045367,2.6999999999999247e-05,-3.7e-05,2.8e-05,0.0,1.0,0.0,19978.97148460109,906.3859993418976
1668609669.3570817,0.0454,3.300000000000525e-05,3.2e-05,6.9e-05,0.0,1.0,0.0,19978.97148460109,907.0453054008896
1668609729.2982717,0.04549,8.99999999999998e-05,1.4e-05,-1.7999999999999997e-05,1.0,0.0,908.8434128345036,0.0,908.8434128345036
1668609789.2816749,0.045572,8.199999999999874e-05,0.000355,0.000341,0.0,1.0,0.0,19943.02231270305,908.8434128345036
1668609850.5897584,0.045604,3.199999999999731e-05,0.000306,-4.9e-05,1.0,0.0,909.48158954851,0.0,909.48158954851
1668609911.452369,0.045604,0.0,0.000405,9.899999999999995e-05,0.0,1.0,0.0,19943.02231270305,909.48158954851
1668609970.5482404,0.045445,-0.0001589999999999,0.000245,-0.0001599999999999,1.0,0.0,906.31064900079,0.0,906.31064900079
1668610031.425709,0.04542,-2.4999999999997247e-05,4.6e-05,-0.0001989999999999,1.0,0.0,906.31064900079,0.0,906.31064900079
1668610091.318709,0.045422,1.9999999999950613e-06,8e-05,3.4000000000000007e-05,0.0,1.0,0.0,19953.120712447493,906.31064900079
1668610151.3933592,0.045524,0.000102,0.000153,7.3e-05,0.0,1.0,0.0,19953.120712447493,908.3458673134596
1668610212.3182092,0.045598,7.399999999999768e-05,0.000348,0.000195,0.0,1.0,0.0,19953.120712447493,909.8223982461808
1668610272.318431,0.04575,0.0001519999999999,0.000236,-0.000112,1.0,0.0,912.8552725944728,0.0,912.8552725944728
1668610332.3006065,0.045703,-4.699999999999843e-05,0.000189,-4.699999999999998e-05,1.0,0.0,912.8552725944728,0.0,912.8552725944728
1668610392.9436045,0.04571,7.000000000000062e-06,0.000138,-5.100000000000002e-05,1.0,0.0,912.8552725944728,0.0,912.8552725944728
1668610453.1686711,0.045868,0.0001579999999999,0.000264,0.000126,0.0,1.0,0.0,19901.789321410848,912.8552725944728
1668610512.9507337,0.045868,0.0,0.000423,0.0001589999999999,0.0,1.0,0.0,19901.789321410848,912.8552725944728
1668610574.2238352,0.045832,-3.600000000000131e-05,0.000354,-6.9e-05,1.0,0.0,912.138808178902,0.0,912.138808178902
1668610634.0125668,0.045865,3.300000000000525e-05,0.000387,3.299999999999999e-05,0.0,1.0,0.0,19887.46992649955,912.138808178902
1668610694.1146102,0.045654,-0.000211,0.00013,-0.0002569999999999,1.0,0.0,907.9425520244104,0.0,907.9425520244104
1668610754.8172162,0.045658,3.9999999999970615e-06,4.2e-05,-8.8e-05,1.0,0.0,907.9425520244104,0.0,907.9425520244104
1668610818.8285367,0.045641,-1.6999999999996185e-05,2.5e-05,-1.6999999999999996e-05,1.0,0.0,907.9425520244104,0.0,907.9425520244104
1668610874.8102136,0.045601,-3.999999999999837e-05,-0.000119,-0.000144,1.0,0.0,907.9425520244104,0.0,907.9425520244104
1668610935.4068396,0.045827,0.0002259999999999,0.000107,0.000226,0.0,1.0,0.0,19812.393393074177,907.9425520244102
1668610994.865271,0.045844,1.7000000000003124e-05,-2.4e-05,-0.0001309999999999,1.0,0.0,908.2793627120926,0.0,908.2793627120926
1668611054.8723714,0.045675,-0.000169,-0.000202,-0.000178,1.0,0.0,908.2793627120926,0.0,908.2793627120926
1668611114.8254206,0.045548,-0.000127,-0.000329,-0.0001269999999999,1.0,0.0,908.2793627120926,0.0,908.2793627120926
1668611174.76545,0.045539,-8.999999999995123e-06,-0.000331,-2.0000000000000486e-06,1.0,0.0,908.2793627120926,0.0,908.2793627120926
1668611234.783163,0.0455,-3.900000000000431e-05,-0.00037,-3.899999999999997e-05,1.0,0.0,908.2793627120926,0.0,908.2793627120926
1668611294.6893785,0.0455,0.0,-0.00037,0.0,1.0,0.0,908.2793627120926,0.0,908.2793627120926
1668611355.0376463,0.045478,-2.2000000000001185e-05,-0.00021,0.0001599999999999,0.0,1.0,0.0,19971.84050996289,908.2793627120926
1668611414.7888436,0.045449,-2.8999999999994308e-05,-0.00019,2e-05,0.0,1.0,0.0,19971.84050996289,907.7001793373036
1668611474.6902306,0.045479,2.9999999999995308e-05,-0.00016,3e-05,0.0,1.0,0.0,19971.84050996289,908.2993345526024
1668611534.9248884,0.045385,-9.399999999999686e-05,-0.000442,-0.000282,1.0,0.0,906.421981544666,0.0,906.421981544666
1668611594.7779324,0.045372,-1.2999999999999123e-05,-0.000472,-2.999999999999997e-05,1.0,0.0,906.421981544666,0.0,906.421981544666
1668611654.730492,0.045291,-8.100000000000468e-05,-0.000339,0.0001329999999999,0.0,1.0,0.0,20013.29141649921,906.421981544666
1668611714.900874,0.045384,9.30000000000028e-05,-0.000216,0.000123,0.0,1.0,0.0,20013.29141649921,908.2832176464004
1668611774.8663225,0.045443,5.899999999999656e-05,-9.8e-05,0.000118,0.0,1.0,0.0,20013.29141649921,909.4640018399735
1668611834.874607,0.045409,-3.399999999999931e-05,-0.000132,-3.400000000000001e-05,1.0,0.0,908.7835499318128,0.0,908.7835499318128
1668611911.9891536,0.04542,1.1000000000004062e-05,-8e-05,5.2e-05,0.0,1.0,0.0,20008.444516332293,908.7835499318128
1668611954.7583234,0.045415,-5.000000000005e-06,-8.5e-05,-5e-06,1.0,0.0,908.683507709231,0.0,908.683507709231
1668612014.7663448,0.045568,0.000153,0.0001,0.000185,0.0,1.0,0.0,19941.263775220134,908.683507709231
1668612074.764068,0.045587,1.9000000000005124e-05,0.000119,1.9e-05,0.0,1.0,0.0,19941.263775220134,909.0623917209602
1668612134.7937057,0.045587,0.0,9.5e-05,-2.4e-05,1.0,0.0,909.0623917209602,0.0,909.0623917209602
1668612194.9041266,0.045618,3.099999999999631e-05,0.000257,0.000162,0.0,1.0,0.0,19927.71256348284,909.0623917209602
1668612254.9077857,0.045601,-1.6999999999996185e-05,0.00024,-1.7000000000000007e-05,1.0,0.0,908.7236206073812,0.0,908.7236206073812
1668612314.7552798,0.045471,-0.00013,0.00018,-6e-05,1.0,0.0,908.7236206073812,0.0,908.7236206073812
1668612374.7161353,0.045455,-1.5999999999995185e-05,9.8e-05,-8.200000000000001e-05,1.0,0.0,908.7236206073812,0.0,908.7236206073812
1668612434.8015306,0.04551,5.499999999999949e-05,0.000153,5.500000000000001e-05,0.0,1.0,0.0,19967.559231100444,908.7236206073812
1668612494.7695322,0.04551,0.0,0.000153,0.0,0.0,1.0,0.0,19967.559231100444,908.7236206073812
1668612557.0925138,0.04543,-8.000000000000368e-05,-1.8e-05,-0.000171,1.0,0.0,907.1262158688932,0.0,907.1262158688932
1668612614.9942253,0.045319,-0.0001109999999999,-0.00025,-0.000232,1.0,0.0,907.1262158688932,0.0,907.1262158688932
1668612674.9670143,0.045328,9.000000000002062e-06,-0.000259,-9.000000000000002e-06,1.0,0.0,907.1262158688932,0.0,907.1262158688932
1668612734.8698049,0.045368,3.999999999999837e-05,-0.000219,4e-05,0.0,1.0,0.0,19994.846937685,907.126215868893
1668612795.0645063,0.045457,8.89999999999988e-05,-0.00013,8.900000000000002e-05,0.0,1.0,0.0,19994.846937685,908.905757246347
1668612854.9379437,0.04538,-7.700000000000068e-05,-0.000213,-8.300000000000001e-05,1.0,0.0,907.3661540321452,0.0,907.3661540321452
1668612914.8741946,0.045284,-9.599999999999886e-05,-0.000317,-0.000104,1.0,0.0,907.3661540321452,0.0,907.3661540321452
1668612974.8210554,0.045305,2.1000000000000185e-05,-0.000167,0.00015,0.0,1.0,0.0,20027.9473354408,907.3661540321452
1668613034.7902856,0.045354,4.900000000000043e-05,-3.9e-05,0.000128,0.0,1.0,0.0,20027.9473354408,908.347523451582
1668613094.7896743,0.045351,-2.9999999999960614e-06,-0.000159,-0.0001199999999999,1.0,0.0,908.2874396095758,0.0,908.2874396095758
1668613155.271595,0.04524,-0.0001109999999999,-0.00023,-7.100000000000002e-05,1.0,0.0,908.2874396095758,0.0,908.2874396095758
1668613214.902869,0.045315,7.499999999999868e-05,5.4e-05,0.000284,0.0,1.0,0.0,20043.858316442143,908.2874396095756
1668613274.8296866,0.045352,3.700000000000231e-05,4.9e-05,-5e-06,1.0,0.0,909.0290623672842,0.0,909.0290623672842
1668613334.7660675,0.04541,5.799999999999556e-05,6.5e-05,1.5999999999999996e-05,0.0,1.0,0.0,20018.25726419917,909.0290623672842
1668613394.8865676,0.045403,-7.000000000000062e-06,5.8e-05,-6.999999999999994e-06,1.0,0.0,908.8889345664348,0.0,908.8889345664348
1668613454.87214,0.04535,-5.299999999999749e-05,-1.1e-05,-6.9e-05,1.0,0.0,908.8889345664348,0.0,908.8889345664348
1668613514.9255989,0.045546,0.000196,0.000262,0.000273,0.0,1.0,0.0,19955.40628302013,908.8889345664348
1668613574.946071,0.045534,-1.2000000000005062e-05,0.00025,-1.200000000000002e-05,1.0,0.0,908.6494696910386,0.0,908.6494696910386
1668613637.2661898,0.045577,4.300000000000137e-05,0.000223,-2.700000000000001e-05,1.0,0.0,908.6494696910386,0.0,908.6494696910386
1668613694.885781,0.0458,0.000223,0.000449,0.000226,0.0,1.0,0.0,19839.508071856737,908.6494696910386
1668613754.8923917,0.046102,0.0003019999999999,0.000794,0.000345,0.0,1.0,0.0,19839.508071856737,914.6410011287392
1668613815.0114706,0.046017,-8.49999999999948e-05,0.000702,-9.199999999999996e-05,1.0,0.0,912.9546429426316,0.0,912.9546429426316
1668613875.539679,0.045881,-0.000136,0.000478,-0.000224,1.0,0.0,912.9546429426316,0.0,912.9546429426316
1668613934.8186636,0.045908,2.6999999999999247e-05,0.000505,2.700000000000001e-05,0.0,1.0,0.0,19886.613290551355,912.9546429426316
1668613994.954934,0.046085,0.000177,0.000685,0.0001799999999999,0.0,1.0,0.0,19886.613290551355,916.4745734950592
1668614055.0215113,0.045995,-8.99999999999998e-05,0.000503,-0.0001819999999999,1.0,0.0,914.6847782989096,0.0,914.6847782989096
1668614114.925723,0.045883,-0.000112,0.000391,-0.0001119999999999,1.0,0.0,914.6847782989096,0.0,914.6847782989096
1668614174.8962717,0.045883,0.0,0.000349,-4.199999999999999e-05,1.0,0.0,914.6847782989096,0.0,914.6847782989096
1668614234.910899,0.045703,-0.0001799999999999,-7.7e-05,-0.000426,1.0,0.0,914.6847782989096,0.0,914.6847782989096
1668614294.8660972,0.045734,3.099999999999631e-05,-0.000359,-0.000282,1.0,0.0,914.6847782989096,0.0,914.6847782989096
1668614355.6191535,0.045793,5.900000000000349e-05,-0.0003,5.9000000000000025e-05,0.0,1.0,0.0,19974.33621511824,914.6847782989096
1668614414.9183874,0.045869,7.599999999999968e-05,-3.6e-05,0.0002639999999999,0.0,1.0,0.0,19974.33621511824,916.2028278512586
1668614475.1177733,0.045884,1.5000000000001124e-05,4e-06,4e-05,0.0,1.0,0.0,19974.33621511824,916.5024428944854
1668614534.8640692,0.04594,5.6000000000000494e-05,-0.000157,-0.0001609999999999,1.0,0.0,917.621005722532,0.0,917.621005722532
1668614595.058325,0.046,5.999999999999756e-05,-9.7e-05,6e-05,0.0,1.0,0.0,19948.282733098524,917.621005722532
1668614655.042337,0.045861,-0.000139,-2.2e-05,7.500000000000001e-05,0.0,1.0,0.0,19948.282733098524,914.8481944226314
1668614715.1031744,0.045812,-4.900000000000043e-05,-7.1e-05,-4.9000000000000005e-05,1.0,0.0,913.8707285687096,0.0,913.8707285687096
1668614774.944975,0.045798,-1.4000000000000123e-05,-3.4e-05,3.7000000000000005e-05,0.0,1.0,0.0,19954.380727732863,913.8707285687096
1668614835.4457085,0.045752,-4.599999999999743e-05,1.8e-05,5.2e-05,0.0,1.0,0.0,19954.380727732863,912.952827055234
1668614894.9942532,0.045824,7.199999999999568e-05,9e-05,7.2e-05,0.0,1.0,0.0,19954.380727732863,914.3895424676308
1668614955.3930302,0.045777,-4.699999999999843e-05,-9e-05,-0.00018,1.0,0.0,913.4516865734272,0.0,913.4516865734272
1668615015.1554046,0.045769,-8.000000000001062e-06,-0.000137,-4.699999999999999e-05,1.0,0.0,913.4516865734272,0.0,913.4516865734272
1668615075.0394938,0.045756,-1.2999999999999123e-05,-0.000195,-5.8e-05,1.0,0.0,913.4516865734272,0.0,913.4516865734272
1668615134.9833286,0.045756,0.0,-0.000195,0.0,1.0,0.0,913.4516865734272,0.0,913.4516865734272
1668615194.973924,0.0457,-5.6000000000000494e-05,-0.00024,-4.500000000000001e-05,1.0,0.0,913.4516865734272,0.0,913.4516865734272
1668615255.2407532,0.045612,-8.79999999999978e-05,-0.000248,-8.000000000000005e-06,1.0,0.0,913.4516865734272,0.0,913.4516865734272
1668615315.4371047,0.045611,-1.000000000001e-06,-0.000144,0.000104,0.0,1.0,0.0,20027.004156309384,913.4516865734272
1668615375.0908918,0.045594,-1.6999999999996185e-05,-0.000161,-1.7000000000000007e-05,1.0,0.0,913.11122750277,0.0,913.11122750277
1668615435.1490898,0.045783,0.0001889999999999,3.1e-05,0.000192,0.0,1.0,0.0,19944.329281671584,913.11122750277
1668615494.9626915,0.045731,-5.199999999999649e-05,-0.000108,-0.000139,1.0,0.0,912.0741223801232,0.0,912.0741223801232
1668615555.0556142,0.045696,-3.500000000000031e-05,-0.000143,-3.500000000000001e-05,1.0,0.0,912.0741223801232,0.0,912.0741223801232
1668615615.1595764,0.045687,-9.000000000002062e-06,-0.000155,-1.1999999999999994e-05,1.0,0.0,912.0741223801232,0.0,912.0741223801232
1668615674.9614491,0.045696,9.000000000002062e-06,-6e-05,9.5e-05,0.0,1.0,0.0,19959.605269172866,912.0741223801232
1668615734.893746,0.045692,-3.9999999999970615e-06,-8e-06,5.2e-05,0.0,1.0,0.0,19959.605269172866,911.9942839590466
1668615795.6002934,0.045584,-0.000108,-8.6e-05,-7.8e-05,1.0,0.0,909.8386465899758,0.0,909.8386465899758
1668615854.986791,0.045647,6.300000000000056e-05,-2.3e-05,6.3e-05,0.0,1.0,0.0,19932.057891865312,909.8386465899758
1668615914.8238273,0.045687,3.999999999999837e-05,1.6e-05,3.9e-05,0.0,1.0,0.0,19932.057891865312,910.6359289056504
1668615974.9978886,0.045848,0.000161,5.1e-05,3.5e-05,0.0,1.0,0.0,19932.057891865312,913.8449902262408
1668616035.0778663,0.045751,-9.699999999999986e-05,1.3e-05,-3.8e-05,1.0,0.0,911.91158061073,0.0,911.91158061073
1668616095.018684,0.045787,3.600000000000131e-05,4.9e-05,3.6e-05,0.0,1.0,0.0,19916.386323863324,911.91158061073
1668616155.051498,0.045787,0.0,4.9e-05,0.0,0.0,1.0,0.0,19916.386323863324,911.91158061073
1668616216.0757651,0.045683,-0.0001039999999999,-1.3e-05,-6.2e-05,1.0,0.0,909.8402764330484,0.0,909.8402764330484
1668616275.305755,0.045708,2.4999999999997247e-05,1.2e-05,2.5e-05,0.0,1.0,0.0,19905.493052267622,909.8402764330484
1668616335.0994074,0.045867,0.0001589999999999,0.000195,0.000183,0.0,1.0,0.0,19905.493052267622,913.005249828359
1668616394.9676766,0.045686,-0.000181,0.000118,-7.7e-05,1.0,0.0,909.4023555858986,0.0,909.4023555858986
1668616455.407128,0.045572,-0.0001139999999999,-0.000147,-0.000265,1.0,0.0,909.4023555858986,0.0,909.4023555858986
1668616514.9941254,0.045627,5.499999999999949e-05,-6e-05,8.7e-05,0.0,1.0,0.0,19931.2327259276,909.4023555858986
1668616575.358126,0.04563,2.9999999999960614e-06,-5.7e-05,2.9999999999999984e-06,0.0,1.0,0.0,19931.2327259276,909.4621492840764
1668616635.1225147,0.045599,-3.099999999999631e-05,-0.000166,-0.0001089999999999,1.0,0.0,908.8442810695726,0.0,908.8442810695726
1668616695.027203,0.0457,0.0001009999999999,-6.5e-05,0.000101,0.0,1.0,0.0,19887.18339320728,908.8442810695726
1668616755.1127884,0.045744,4.400000000000237e-05,6.1e-05,0.000126,0.0,1.0,0.0,19887.18339320728,909.719317138874
1668616815.089711,0.045676,-6.799999999999862e-05,-7e-06,-6.8e-05,1.0,0.0,908.3669886681356,0.0,908.3669886681356
1668616875.0161626,0.045612,-6.400000000000156e-05,-0.000269,-0.0002619999999999,1.0,0.0,908.3669886681356,0.0,908.3669886681356
1668616935.2047904,0.045449,-0.0001629999999999,-0.000304,-3.500000000000004e-05,1.0,0.0,908.3669886681356,0.0,908.3669886681356
1668616995.201411,0.045459,9.999999999996125e-06,-0.000247,5.700000000000003e-05,0.0,1.0,0.0,19982.115503379653,908.3669886681356
1668617055.0826397,0.045459,0.0,-0.000247,0.0,0.0,1.0,0.0,19982.115503379653,908.3669886681356
1668617114.9664052,0.04536,-9.900000000000186e-05,-0.000213,3.3999999999999986e-05,0.0,1.0,0.0,19982.115503379653,906.388759233301
1668617175.027275,0.045439,7.900000000000268e-05,-0.000133,7.999999999999999e-05,0.0,1.0,0.0,19982.115503379653,907.967346358068
1668617235.1492658,0.04539,-4.900000000000043e-05,-0.000236,-0.0001029999999999,1.0,0.0,906.9882226984024,0.0,906.9882226984024
1668617295.6794446,0.045374,-1.6000000000002124e-05,-0.000326,-9.000000000000002e-05,1.0,0.0,906.9882226984024,0.0,906.9882226984024
1668617355.4252064,0.045292,-8.199999999999874e-05,-0.000444,-0.000118,1.0,0.0,906.9882226984024,0.0,906.9882226984024
1668617415.1634812,0.045321,2.9000000000001247e-05,-0.000415,2.9e-05,0.0,1.0,0.0,20012.53773523096,906.9882226984024
1668617475.0486348,0.04525,-7.100000000000162e-05,-0.000272,0.000143,0.0,1.0,0.0,20012.53773523096,905.5673325192008
1668617535.065786,0.045441,0.000191,-8e-06,0.000264,0.0,1.0,0.0,20012.53773523096,909.38972722663
1668617595.379336,0.045458,1.6999999999996185e-05,-1e-06,7e-06,0.0,1.0,0.0,20012.53773523096,909.7299403681288
1668617655.0393584,0.045455,-2.9999999999960614e-06,-4e-06,-3e-06,1.0,0.0,909.6699027549232,0.0,909.6699027549232
1668617715.1377368,0.045386,-6.899999999999962e-05,-5.3e-05,-4.9e-05,1.0,0.0,909.6699027549232,0.0,909.6699027549232
1668617775.7840755,0.045404,1.7999999999997185e-05,-3.5e-05,1.8000000000000004e-05,0.0,1.0,0.0,20035.01679928912,909.6699027549232
1668617835.0857146,0.045481,7.700000000000068e-05,0.000105,0.00014,0.0,1.0,0.0,20035.01679928912,911.2125990484684
1668617895.1314542,0.045411,-7.000000000000062e-05,3.5e-05,-7.000000000000001e-05,1.0,0.0,909.8101478725182,0.0,909.8101478725182
1668617955.1528218,0.04553,0.000119,0.000209,0.000174,0.0,1.0,0.0,19982.652050791086,909.8101478725182
1668618015.199083,0.04553,0.0,0.000209,0.0,0.0,1.0,0.0,19982.652050791086,909.8101478725182
1668618075.121524,0.04541,-0.00012,8e-06,-0.000201,1.0,0.0,907.4122296264233,0.0,907.4122296264233
1668618135.1503365,0.045452,4.200000000000037e-05,5e-05,4.2e-05,0.0,1.0,0.0,19964.1870462559,907.4122296264233
1668618195.1726494,0.045452,0.0,5e-05,0.0,0.0,1.0,0.0,19964.1870462559,907.4122296264233
1668618255.5059297,0.04546,8.000000000001062e-06,-1.7e-05,-6.7e-05,1.0,0.0,907.5719431227932,0.0,907.5719431227932
1668618315.005964,0.04548,1.9999999999999185e-05,2.5e-05,4.2e-05,0.0,1.0,0.0,19955.40772037804,907.5719431227932
1668618375.0870578,0.045483,3.0000000000030003e-06,7.1e-05,4.600000000000001e-05,0.0,1.0,0.0,19955.40772037804,907.6318093459544
1668618434.952061,0.045483,0.0,7.1e-05,0.0,0.0,1.0,0.0,19955.40772037804,907.6318093459544
1668618495.0447495,0.045507,2.3999999999996247e-05,0.000103,3.199999999999999e-05,0.0,1.0,0.0,19955.40772037804,908.1107391312436
1668618555.2622542,0.04546,-4.699999999999843e-05,4.9e-05,-5.4e-05,1.0,0.0,907.1728349683856,0.0,907.1728349683856
1668618615.1155918,0.045356,-0.0001039999999999,-5.5e-05,-0.000104,1.0,0.0,907.1728349683856,0.0,907.1728349683856
1668618675.2277143,0.045356,0.0,-0.000174,-0.0001189999999999,1.0,0.0,907.1728349683856,0.0,907.1728349683856
1668618735.270422,0.045354,-2.000000000002e-06,-0.000176,-1.9999999999999944e-06,1.0,0.0,907.1728349683856,0.0,907.1728349683856
1668618795.0287862,0.045435,8.100000000000468e-05,-4e-06,0.000172,0.0,1.0,0.0,19966.387916108408,907.1728349683856
1668618855.1743562,0.045415,-2.0000000000006124e-05,-3.7e-05,-3.3e-05,1.0,0.0,906.7735072100631,0.0,906.7735072100631
1668618915.2199152,0.045397,-1.7999999999997185e-05,-6.3e-05,-2.6e-05,1.0,0.0,906.7735072100631,0.0,906.7735072100631
1668618975.15494,0.045417,1.9999999999999185e-05,-6.3e-05,0.0,1.0,0.0,906.7735072100631,0.0,906.7735072100631
1668619035.2603495,0.04546,4.300000000000137e-05,-4.7e-05,1.6000000000000003e-05,0.0,1.0,0.0,19946.62356379373,906.7735072100631
1668619095.1163018,0.045452,-8.000000000001062e-06,-5.5e-05,-8.000000000000005e-06,1.0,0.0,906.6139342215528,0.0,906.6139342215528
1668619155.0120275,0.045401,-5.100000000000243e-05,4.5e-05,0.0001,0.0,1.0,0.0,19969.030070296973,906.6139342215528
1668619215.151106,0.045447,4.600000000000437e-05,2.4e-05,-2.1e-05,1.0,0.0,907.5325096047866,0.0,907.5325096047866
1668619275.6522925,0.045403,-4.400000000000237e-05,3.1e-05,7.000000000000001e-06,0.0,1.0,0.0,19988.38203653473,907.5325096047866
1668619335.1747477,0.045422,1.8999999999998185e-05,-1.3e-05,-4.4e-05,1.0,0.0,907.9122888634804,0.0,907.9122888634804
1668619395.3178923,0.045461,3.900000000000431e-05,2.6e-05,3.9e-05,0.0,1.0,0.0,19971.23443970613,907.9122888634804
1668619455.326043,0.045335,-0.000126,-8.1e-05,-0.000107,1.0,0.0,905.3959133240776,0.0,905.3959133240776
1668619515.2098198,0.045375,3.999999999999837e-05,-4.2e-05,3.9000000000000006e-05,0.0,1.0,0.0,19953.628943781325,905.3959133240776
1668619575.1221554,0.045382,7.000000000000062e-06,-7.8e-05,-3.6e-05,1.0,0.0,905.535588726684,0.0,905.535588726684
1668619635.2022736,0.045427,4.500000000000337e-05,-3.3e-05,4.5e-05,0.0,1.0,0.0,19933.862872888018,905.535588726684
1668619695.1486735,0.045433,5.999999999999062e-06,-2.7e-05,6.000000000000004e-06,0.0,1.0,0.0,19933.862872888018,905.6551919039214
1668619755.2338047,0.045433,0.0,-9.6e-05,-6.9e-05,1.0,0.0,905.6551919039214,0.0,905.6551919039214
1668619815.2264988,0.045433,0.0,-9.6e-05,0.0,1.0,0.0,905.6551919039214,0.0,905.6551919039214
1668619875.2462614,0.045433,0.0,-9.6e-05,0.0,1.0,0.0,905.6551919039214,0.0,905.6551919039214
1668619935.1245308,0.045433,0.0,-9e-06,8.7e-05,0.0,1.0,0.0,19933.862872888018,905.6551919039214
1668619995.4752717,0.045433,0.0,-5.9e-05,-5e-05,1.0,0.0,905.6551919039214,0.0,905.6551919039214
1668620071.833556,0.045365,-6.799999999999862e-05,-0.000132,-7.300000000000001e-05,1.0,0.0,905.6551919039214,0.0,905.6551919039214
1668620115.642737,0.045365,0.0,-0.000132,0.0,1.0,0.0,905.6551919039214,0.0,905.6551919039214
1668620175.685593,0.045365,0.0,-9.6e-05,3.600000000000001e-05,0.0,1.0,0.0,19963.7427951928,905.6551919039216
1668620242.1030178,0.045225,-0.00014,-0.000185,-8.9e-05,1.0,0.0,902.8602679125944,0.0,902.8602679125944
1668620295.490805,0.044955,-0.0002699999999999,-0.000455,-0.00027,1.0,0.0,902.8602679125944,0.0,902.8602679125944
1668620355.3696115,0.045254,0.000299,-0.000179,0.000276,0.0,1.0,0.0,19950.94948319694,902.8602679125944
1668620415.437404,0.045346,9.199999999999486e-05,-8.7e-05,9.2e-05,0.0,1.0,0.0,19950.94948319694,904.6957552650484
1668620475.6700366,0.045258,-8.79999999999978e-05,-0.000175,-8.8e-05,1.0,0.0,902.940071710527,0.0,902.940071710527
1668620535.7663438,0.04532,6.199999999999956e-05,-0.000113,6.2e-05,0.0,1.0,0.0,19923.65559820228,902.940071710527
1668620595.550007,0.04532,0.0,-0.000113,0.0,0.0,1.0,0.0,19923.65559820228,902.9400717105271
1668620655.7105834,0.045133,-0.0001869999999999,-0.00023,-0.000117,1.0,0.0,899.2143481136635,0.0,899.2143481136635
1668620715.5571432,0.04511,-2.3000000000002185e-05,-0.000255,-2.500000000000001e-05,1.0,0.0,899.2143481136635,0.0,899.2143481136635
1668620775.5053058,0.045042,-6.799999999999862e-05,-0.000323,-6.799999999999997e-05,1.0,0.0,899.2143481136635,0.0,899.2143481136635
1668620835.5878432,0.045122,8.000000000000368e-05,-0.000182,0.0001409999999999,0.0,1.0,0.0,19928.51265709994,899.2143481136635
1668620899.7719157,0.044944,-0.000178,-1.8e-05,0.000164,0.0,1.0,0.0,19928.51265709994,895.6670728606996
1668620972.9748442,0.045106,0.000162,0.000144,0.000162,0.0,1.0,0.0,19928.51265709994,898.8954919111499
1668621015.8967342,0.045149,4.300000000000137e-05,-4.5e-05,-0.000189,1.0,0.0,899.7524179554051,0.0,899.7524179554051
1668621088.6071055,0.045071,-7.800000000000168e-05,-0.000188,-0.0001429999999999,1.0,0.0,899.7524179554051,0.0,899.7524179554051
1668621138.3602903,0.045071,0.0,-0.000188,0.0,1.0,0.0,899.7524179554051,0.0,899.7524179554051
1668621196.9169092,0.0451,2.9000000000001247e-05,-0.000138,5e-05,0.0,1.0,0.0,19950.1644779469,899.7524179554051
1668621258.7397218,0.045149,4.900000000000043e-05,-0.000171,-3.3000000000000016e-05,1.0,0.0,900.7299760148246,0.0,900.7299760148246
1668621318.446367,0.045099,-5.000000000000143e-05,-3.4e-05,0.000137,0.0,1.0,0.0,19972.282667350155,900.7299760148246
1668621382.1236274,0.045099,0.0,3e-06,3.7e-05,0.0,1.0,0.0,19972.282667350155,900.7299760148246
1668621439.6947527,0.045073,-2.5999999999998247e-05,7.3e-05,7e-05,0.0,1.0,0.0,19972.282667350155,900.2106966654736
1668621499.7313943,0.045055,-1.8000000000004124e-05,5.5e-05,-1.7999999999999997e-05,1.0,0.0,899.8511955774612,0.0,899.8511955774612
1668621559.7167604,0.045095,4.000000000000531e-05,0.000146,9.1e-05,0.0,1.0,0.0,19954.566927097487,899.8511955774612
1668621620.7112887,0.045095,0.0,0.000146,0.0,0.0,1.0,0.0,19954.566927097487,899.8511955774612
1668621681.369758,0.045095,0.0,0.000139,-7.000000000000008e-06,1.0,0.0,899.8511955774612,0.0,899.8511955774612
1668621747.03836,0.045066,-2.9000000000001247e-05,-8.3e-05,-0.0002219999999999,1.0,0.0,899.8511955774612,0.0,899.8511955774612
1668621801.4312637,0.045024,-4.200000000000037e-05,-0.000125,-4.2e-05,1.0,0.0,899.8511955774612,0.0,899.8511955774612
1668621861.2552342,0.045095,7.100000000000162e-05,2.4e-05,0.000149,0.0,1.0,0.0,19954.566927097487,899.8511955774612
1668621921.2695434,0.045113,1.7999999999997185e-05,1.3e-05,-1.1e-05,1.0,0.0,900.210377782149,0.0,900.210377782149
1668621982.2750025,0.045129,1.6000000000002124e-05,2.9e-05,1.6000000000000003e-05,0.0,1.0,0.0,19947.49225070684,900.2103777821488
1668622042.118133,0.045079,-5.000000000000143e-05,-7e-05,-9.9e-05,1.0,0.0,899.2130031696137,0.0,899.2130031696137
1668622102.2967925,0.045046,-3.299999999999831e-05,-2.7e-05,4.3e-05,0.0,1.0,0.0,19962.10547372937,899.2130031696137
1668622164.1406963,0.045046,0.0,-2.7e-05,0.0,0.0,1.0,0.0,19962.10547372937,899.2130031696134
1668622223.10125,0.044996,-5.000000000000143e-05,-6e-05,-3.3e-05,1.0,0.0,898.2148978959268,0.0,898.2148978959268
1668622282.8802474,0.04493,-6.600000000000356e-05,-0.000194,-0.000134,1.0,0.0,898.2148978959268,0.0,898.2148978959268
1668622343.826187,0.044851,-7.899999999999574e-05,-0.000273,-7.900000000000002e-05,1.0,0.0,898.2148978959268,0.0,898.2148978959268
1668622403.6930046,0.044874,2.2999999999995246e-05,-0.00015,0.000123,0.0,1.0,0.0,20016.376919729173,898.2148978959268
1668622463.8395324,0.044872,-1.9999999999950613e-06,-0.000152,-2.000000000000021e-06,1.0,0.0,898.1748651420875,0.0,898.1748651420875
1668622524.963831,0.044853,-1.9000000000005124e-05,-0.000146,6.00000000000001e-06,0.0,1.0,0.0,20024.855977127227,898.1748651420875
1668622584.7248566,0.044948,9.50000000000048e-05,-0.000181,-3.500000000000001e-05,1.0,0.0,900.0772264599146,0.0,900.0772264599146
1668622644.7350657,0.04491,-3.800000000000331e-05,-0.000136,4.500000000000001e-05,0.0,1.0,0.0,20041.799743039737,900.0772264599145
1668622706.1091695,0.044948,3.800000000000331e-05,-9.8e-05,3.8e-05,0.0,1.0,0.0,20041.799743039737,900.83881485015
1668622765.0076168,0.044948,0.0,-9.8e-05,0.0,0.0,1.0,0.0,20041.799743039737,900.83881485015
1668622824.838689,0.04492,-2.8000000000000247e-05,-7.6e-05,2.2e-05,0.0,1.0,0.0,20041.799743039737,900.277644457345
1668622944.831363,0.04492,0.0,1.3e-05,8.900000000000001e-05,0.0,1.0,0.0,20041.799743039737,900.277644457345
1668623021.1520638,0.044967,4.699999999999843e-05,0.000116,0.000103,0.0,1.0,0.0,20041.799743039737,901.2196090452678
1668623064.8264213,0.045015,4.799999999999943e-05,0.000142,2.600000000000001e-05,0.0,1.0,0.0,20041.799743039737,902.1816154329338
1668623124.6475153,0.045011,-3.9999999999970615e-06,0.00016,1.8000000000000004e-05,0.0,1.0,0.0,20041.799743039737,902.1014482339616
1668623184.7461195,0.045069,5.799999999999556e-05,0.000218,5.8e-05,0.0,1.0,0.0,20041.799743039737,903.263872619058
1668623244.6091957,0.045069,0.0,0.000218,0.0,0.0,1.0,0.0,20041.799743039737,903.263872619058
1668623304.6675076,0.045068,-1.000000000001e-06,0.00012,-9.8e-05,1.0,0.0,903.2438308193148,0.0,903.2438308193148
1668623364.6077614,0.045068,0.0,0.000152,3.2000000000000005e-05,0.0,1.0,0.0,20041.799743039737,903.2438308193148
1668623424.5381272,0.045068,0.0,0.000152,0.0,0.0,1.0,0.0,20041.799743039737,903.2438308193148
1668623484.6825638,0.045097,2.9000000000001247e-05,0.000149,-3.0000000000000187e-06,1.0,0.0,903.825043011863,0.0,903.825043011863
1668623544.5772274,0.045104,7.000000000000062e-06,0.000156,7.000000000000008e-06,0.0,1.0,0.0,20038.689318283592,903.825043011863
1668623604.6810656,0.04516,5.6000000000000494e-05,0.000212,5.6000000000000006e-05,0.0,1.0,0.0,20038.689318283592,904.9472096136868
1668623665.1596382,0.045106,-5.3999999999998494e-05,0.000186,-2.600000000000001e-05,1.0,0.0,903.8651203904996,0.0,903.8651203904996
1668623724.855475,0.045198,9.20000000000018e-05,0.000231,4.500000000000001e-05,0.0,1.0,0.0,19997.9008007102,903.8651203904996
1668623784.4177575,0.045182,-1.6000000000002124e-05,0.000167,-6.400000000000001e-05,1.0,0.0,903.5451539776882,0.0,903.5451539776882
1668623844.8354747,0.045194,1.1999999999998123e-05,0.000179,1.1999999999999994e-05,0.0,1.0,0.0,19992.59091865487,903.5451539776882
1668623904.5284202,0.045257,6.300000000000056e-05,0.000188,9.000000000000002e-06,0.0,1.0,0.0,19992.59091865487,904.8046872055636
1668623964.842409,0.045346,8.89999999999988e-05,0.000277,8.900000000000002e-05,0.0,1.0,0.0,19992.59091865487,906.5840277973238
1668624024.72359,0.045298,-4.799999999999943e-05,0.00023,-4.7e-05,1.0,0.0,905.6243834332284,0.0,905.6243834332284
1668624084.7761068,0.045309,1.1000000000004062e-05,0.000205,-2.500000000000001e-05,1.0,0.0,905.6243834332284,0.0,905.6243834332284
1668624145.293321,0.045364,5.499999999999949e-05,0.000204,-9.999999999999972e-07,1.0,0.0,905.6243834332284,0.0,905.6243834332284
1668624204.641714,0.045353,-1.1000000000004062e-05,0.000193,-1.0999999999999996e-05,1.0,0.0,905.6243834332284,0.0,905.6243834332284
1668624264.5300536,0.045353,0.0,0.000193,0.0,1.0,0.0,905.6243834332284,0.0,905.6243834332284
1668624324.6552577,0.045335,-1.7999999999997185e-05,0.000155,-3.8e-05,1.0,0.0,905.6243834332284,0.0,905.6243834332284
1668624384.9660466,0.045225,-0.0001099999999999,4.5e-05,-0.0001099999999999,1.0,0.0,905.6243834332284,0.0,905.6243834332284
1668624444.792303,0.045261,3.600000000000131e-05,0.000131,8.6e-05,0.0,1.0,0.0,20008.93447854065,905.6243834332284
1668624504.9157765,0.045261,0.0,0.000131,0.0,0.0,1.0,0.0,20008.93447854065,905.6243834332284
1668624564.6284158,0.045373,0.0001119999999999,0.000179,4.799999999999997e-05,0.0,1.0,0.0,20008.93447854065,907.8653840948248
1668624625.1460266,0.045373,0.0,0.000179,0.0,0.0,1.0,0.0,20008.93447854065,907.8653840948248
1668624685.0744133,0.045373,0.0,0.000179,0.0,0.0,1.0,0.0,20008.93447854065,907.8653840948248
1668624744.5662656,0.045352,-2.099999999999325e-05,0.000134,-4.499999999999998e-05,1.0,0.0,907.4451964707756,0.0,907.4451964707756
1668624804.6580892,0.045362,9.999999999996125e-06,0.000144,1e-05,0.0,1.0,0.0,20004.52353226876,907.4451964707756
1668624864.7317193,0.045261,-0.0001009999999999,-9.5e-05,-0.000239,1.0,0.0,905.4247395940164,0.0,905.4247395940164
1668624924.6146567,0.045242,-1.9000000000005124e-05,-5.6e-05,3.9000000000000006e-05,0.0,1.0,0.0,20012.924706998285,905.4247395940164
1668624984.6958923,0.045287,4.500000000000337e-05,-1.1e-05,4.5e-05,0.0,1.0,0.0,20012.924706998285,906.3253212058312
1668625044.6177309,0.045287,0.0,-6.6e-05,-5.500000000000001e-05,1.0,0.0,906.3253212058312,0.0,906.3253212058312
1668625105.3405523,0.045385,9.800000000000086e-05,0.00016,0.000226,0.0,1.0,0.0,19969.710723935907,906.3253212058312
1668625164.670084,0.045366,-1.9000000000005124e-05,0.000141,-1.9e-05,1.0,0.0,905.9458967020764,0.0,905.9458967020764
1668625224.791716,0.045366,0.0,0.000141,0.0,1.0,0.0,905.9458967020764,0.0,905.9458967020764
1668625284.7742438,0.045353,-1.2999999999999123e-05,9.2e-05,-4.900000000000001e-05,1.0,0.0,905.9458967020764,0.0,905.9458967020764
1668625344.7311022,0.045353,0.0,9.2e-05,0.0,1.0,0.0,905.9458967020764,0.0,905.9458967020764
1668625404.4894035,0.045353,0.0,9.2e-05,0.0,1.0,0.0,905.9458967020764,0.0,905.9458967020764
1668625464.7853253,0.045353,0.0,9.2e-05,0.0,1.0,0.0,905.9458967020764,0.0,905.9458967020764
1668625524.7834811,0.045353,0.0,9.2e-05,0.0,1.0,0.0,905.9458967020764,0.0,905.9458967020764
1668625585.167303,0.045431,7.800000000000168e-05,9.6e-05,4.000000000000002e-06,0.0,1.0,0.0,19941.139237570744,905.9458967020764
1668625644.634416,0.045604,0.0001729999999999,0.000242,0.000146,0.0,1.0,0.0,19941.139237570744,909.3957137901762
1668625704.8147185,0.045604,0.0,0.000261,1.9e-05,0.0,1.0,0.0,19941.139237570744,909.3957137901762
1668625764.7169452,0.045591,-1.2999999999999123e-05,0.000248,-1.299999999999999e-05,1.0,0.0,909.1364789800878,0.0,909.1364789800878
1668625824.6618123,0.045591,0.0,0.000304,5.6000000000000006e-05,0.0,1.0,0.0,19941.139237570744,909.1364789800878
1668625884.704391,0.045669,7.800000000000168e-05,0.000413,0.0001089999999999,0.0,1.0,0.0,19941.139237570744,910.6918878406184
1668625944.6321416,0.045756,8.69999999999968e-05,0.000375,-3.8e-05,1.0,0.0,912.4267669542868,0.0,912.4267669542868
1668626004.908548,0.045868,0.000112,0.000502,0.0001269999999999,0.0,1.0,0.0,19892.447173504115,912.4267669542868
1668626065.41166,0.045706,-0.000162,0.000353,-0.0001489999999999,1.0,0.0,909.204190512179,0.0,909.204190512179
1668626124.721589,0.045697,-8.999999999995123e-06,9.3e-05,-0.00026,1.0,0.0,909.204190512179,0.0,909.204190512179
1668626185.037849,0.045628,-6.899999999999962e-05,2.4e-05,-6.9e-05,1.0,0.0,909.204190512179,0.0,909.204190512179
1668626244.8801963,0.045628,0.0,2.4e-05,0.0,1.0,0.0,909.204190512179,0.0,909.204190512179
1668626304.7234352,0.045628,0.0,2.4e-05,0.0,1.0,0.0,909.204190512179,0.0,909.204190512179
1668626364.8155491,0.045628,0.0,2.4e-05,0.0,1.0,0.0,909.204190512179,0.0,909.204190512179
1668626424.6965966,0.045627,-1.000000000001e-06,-5.3e-05,-7.7e-05,1.0,0.0,909.204190512179,0.0,909.204190512179
1668626484.6105847,0.045568,-5.900000000000349e-05,-0.000112,-5.9e-05,1.0,0.0,909.204190512179,0.0,909.204190512179
1668626544.7623804,0.045568,0.0,-0.000112,0.0,1.0,0.0,909.204190512179,0.0,909.204190512179
1668626604.7261362,0.045561,-7.000000000000062e-06,1.5e-05,0.000127,0.0,1.0,0.0,19955.755811158208,909.204190512179
1668626664.7303033,0.0455,-6.099999999999856e-05,-9.1e-05,-0.000106,1.0,0.0,907.9868894076984,0.0,907.9868894076984
1668626725.0625415,0.0455,0.0,-9.1e-05,0.0,1.0,0.0,907.9868894076984,0.0,907.9868894076984
1668626784.5781505,0.0455,0.0,-9.1e-05,0.0,1.0,0.0,907.9868894076984,0.0,907.9868894076984
1668626844.825852,0.0455,0.0,-8.6e-05,5e-06,0.0,1.0,0.0,19955.755811158208,907.9868894076984
1668626904.8162315,0.0455,0.0,-8.6e-05,0.0,0.0,1.0,0.0,19955.755811158208,907.9868894076984
1668626964.9152431,0.045556,5.6000000000000494e-05,-0.0002,-0.000114,1.0,0.0,909.1044117331232,0.0,909.1044117331232
1668627024.873516,0.04545,-0.000106,-0.000418,-0.000218,1.0,0.0,909.1044117331232,0.0,909.1044117331232
1668627085.8356435,0.04545,0.0,-0.000375,4.3000000000000015e-05,0.0,1.0,0.0,20002.2972878575,909.1044117331232
1668627144.7897346,0.0455,5.000000000000143e-05,-0.000325,5.000000000000002e-05,0.0,1.0,0.0,20002.2972878575,910.1045265975162
1668627204.924834,0.045546,4.600000000000437e-05,-8.2e-05,0.000243,0.0,1.0,0.0,20002.2972878575,911.0246322727576
1668627264.9550838,0.0455,-4.600000000000437e-05,-0.000128,-4.599999999999999e-05,1.0,0.0,910.1045265975162,0.0,910.1045265975162
1668627324.77393,0.04545,-5.000000000000143e-05,-0.000118,1e-05,0.0,1.0,0.0,20024.30201534689,910.104526597516
1668627384.9427466,0.04545,0.0,-0.000118,0.0,0.0,1.0,0.0,20024.30201534689,910.104526597516
1668627444.8224154,0.04545,0.0,-5e-05,6.8e-05,0.0,1.0,0.0,20024.30201534689,910.104526597516
1668627505.0700717,0.045397,-5.299999999999749e-05,-0.000103,-5.3e-05,1.0,0.0,909.0432385907028,0.0,909.0432385907028
1668627564.927806,0.045327,-7.000000000000062e-05,-0.000173,-7.000000000000001e-05,1.0,0.0,909.0432385907028,0.0,909.0432385907028
1668627625.0139446,0.045438,0.0001109999999999,-6.2e-05,0.000111,0.0,1.0,0.0,20006.233517996014,909.0432385907028
1668627684.7347145,0.045355,-8.299999999999974e-05,-0.000133,-7.1e-05,1.0,0.0,907.3827212087092,0.0,907.3827212087092
1668627744.8039625,0.045385,3.0000000000002247e-05,-6.5e-05,6.800000000000001e-05,0.0,1.0,0.0,19993.009170622656,907.3827212087092
1668627805.004916,0.045344,-4.099999999999937e-05,-0.000106,-4.100000000000001e-05,1.0,0.0,906.5630078327138,0.0,906.5630078327138
1668627865.1168647,0.045344,0.0,-0.000106,0.0,1.0,0.0,906.5630078327138,0.0,906.5630078327138
1668627924.9636216,0.045344,0.0,-0.000106,0.0,1.0,0.0,906.5630078327138,0.0,906.5630078327138
1668627985.364414,0.0454,5.6000000000000494e-05,-0.000146,-4e-05,1.0,0.0,906.5630078327138,0.0,906.5630078327138
1668628044.9911473,0.045383,-1.7000000000003124e-05,-0.000117,2.9e-05,0.0,1.0,0.0,19975.828125789696,906.5630078327138
1668628104.8315082,0.045383,0.0,-0.000117,0.0,0.0,1.0,0.0,19975.828125789696,906.5630078327138
1668628164.8803153,0.045383,0.0,-0.000117,0.0,0.0,1.0,0.0,19975.828125789696,906.5630078327138
1668628224.7650845,0.045381,-2.000000000002e-06,-6.9e-05,4.8e-05,0.0,1.0,0.0,19975.828125789696,906.5230561764622
1668628284.825565,0.045383,2.000000000002e-06,-0.000108,-3.9e-05,1.0,0.0,906.5630078327138,0.0,906.5630078327138
1668628344.896472,0.045391,8.000000000001062e-06,-6e-06,0.000102,0.0,1.0,0.0,19972.30745814619,906.5630078327138
1668628404.8500876,0.045255,-0.000136,-0.000142,-0.000136,1.0,0.0,903.846774018406,0.0,903.846774018406
1668628465.7732615,0.045355,0.0001,5.1e-05,0.000193,0.0,1.0,0.0,19928.27194396221,903.846774018406
1668628525.0380228,0.045355,0.0,5.1e-05,0.0,0.0,1.0,0.0,19928.27194396221,903.846774018406
1668628585.0494497,0.045324,-3.099999999999631e-05,-0.000114,-0.000165,1.0,0.0,903.2289975881432,0.0,903.2289975881432
1668628645.027778,0.045273,-5.100000000000243e-05,-0.000127,-1.299999999999999e-05,1.0,0.0,903.2289975881432,0.0,903.2289975881432
1668628705.0857592,0.045273,0.0,-0.000127,0.0,1.0,0.0,903.2289975881432,0.0,903.2289975881432
1668628765.1044366,0.045235,-3.800000000000331e-05,-0.000109,1.799999999999999e-05,0.0,1.0,0.0,19967.48087958756,903.2289975881432
1668628825.189754,0.045235,0.0,-0.000188,-7.899999999999998e-05,1.0,0.0,903.2289975881432,0.0,903.2289975881432
1668628884.9564414,0.045314,7.900000000000268e-05,-0.000109,7.899999999999998e-05,0.0,1.0,0.0,19932.669761842768,903.2289975881432
1668628945.4948957,0.045338,2.4000000000003185e-05,-4.5e-05,6.400000000000001e-05,0.0,1.0,0.0,19932.669761842768,903.7073816624276
1668629004.9460251,0.04536,2.1999999999994246e-05,-2.2e-05,2.3000000000000003e-05,0.0,1.0,0.0,19932.669761842768,904.145900397188
1668629064.9039662,0.04536,0.0,-2.2e-05,0.0,0.0,1.0,0.0,19932.669761842768,904.145900397188
1668629124.910038,0.045335,-2.4999999999997247e-05,-4.9e-05,-2.7e-05,1.0,0.0,903.647583653142,0.0,903.647583653142
1668629185.2784312,0.045359,2.3999999999996247e-05,0.000104,0.0001529999999999,0.0,1.0,0.0,19922.12314321617,903.647583653142
1668629245.36141,0.045359,0.0,0.000104,0.0,0.0,1.0,0.0,19922.12314321617,903.6475836531422
1668629304.9031706,0.04536,1.000000000001e-06,5e-06,-9.9e-05,1.0,0.0,903.6675057762856,0.0,903.6675057762856
1668629364.995474,0.04536,0.0,2.3e-05,1.8e-05,0.0,1.0,0.0,19922.123143216173,903.6675057762856
1668629425.4365816,0.045503,0.000143,0.000268,0.000245,0.0,1.0,0.0,19922.123143216173,906.5163693857656
1668629485.0217783,0.0455,-3.0000000000030003e-06,0.000265,-3.0000000000000187e-06,1.0,0.0,906.456603016336,0.0,906.456603016336
1668629544.8659215,0.045479,-2.1000000000000185e-05,0.000165,-0.0001,1.0,0.0,906.456603016336,0.0,906.456603016336
1668629605.0935256,0.045336,-0.0001429999999999,-1.3e-05,-0.000178,1.0,0.0,906.456603016336,0.0,906.456603016336
1668629665.1633265,0.045427,9.10000000000008e-05,7.8e-05,9.1e-05,0.0,1.0,0.0,19954.13747366844,906.456603016336
1668629724.923878,0.045427,0.0,7.8e-05,0.0,0.0,1.0,0.0,19954.13747366844,906.4566030163362
1668629785.0597582,0.045427,0.0,7.8e-05,0.0,0.0,1.0,0.0,19954.13747366844,906.4566030163364
1668629845.0265207,0.045424,-3.0000000000030003e-06,6.4e-05,-1.4e-05,1.0,0.0,906.3967406039152,0.0,906.3967406039152
1668629905.6924229,0.045424,0.0,6.4e-05,0.0,1.0,0.0,906.3967406039152,0.0,906.3967406039152
1668629965.0629756,0.045424,0.0,6.4e-05,0.0,1.0,0.0,906.3967406039152,0.0,906.3967406039152
1668630024.9631355,0.045425,1.000000000001e-06,6.6e-05,2.000000000000008e-06,0.0,1.0,0.0,19953.69819711426,906.3967406039152
1668630084.9978063,0.045435,1.0000000000003062e-05,7.6e-05,1e-05,0.0,1.0,0.0,19953.69819711426,906.5962775858864
1668630145.03385,0.04542,-1.5000000000001124e-05,6e-05,-1.6000000000000003e-05,1.0,0.0,906.2969721129296,0.0,906.2969721129296
1668630204.9318628,0.04542,0.0,-0.000179,-0.0002389999999999,1.0,0.0,906.2969721129296,0.0,906.2969721129296
1668630265.0650544,0.045399,-2.1000000000000185e-05,-0.0002,-2.1000000000000023e-05,1.0,0.0,906.2969721129296,0.0,906.2969721129296
1668630325.141911,0.045396,-3.0000000000030003e-06,-0.000104,9.600000000000002e-05,0.0,1.0,0.0,19964.247337054578,906.2969721129296
1668630385.0247457,0.045396,0.0,-0.000104,0.0,0.0,1.0,0.0,19964.247337054578,906.2969721129296
1668630445.0579329,0.045396,0.0,-8.3e-05,2.0999999999999995e-05,0.0,1.0,0.0,19964.247337054578,906.2969721129296
1668630504.8439698,0.045335,-6.099999999999856e-05,-0.000144,-6.1000000000000005e-05,1.0,0.0,905.0791530253692,0.0,905.0791530253692
1668630565.010873,0.045228,-0.000107,-0.000126,1.8000000000000004e-05,0.0,1.0,0.0,20011.478575779813,905.0791530253694
1668630625.0736618,0.045284,5.6000000000000494e-05,-0.000143,-1.7000000000000007e-05,1.0,0.0,906.199795825613,0.0,906.199795825613
1668630685.0376327,0.045344,6.0000000000004494e-05,-8.3e-05,6.000000000000001e-05,0.0,1.0,0.0,19984.99902579421,906.1997958256128
1668630745.0216107,0.04519,-0.000154,-0.000234,-0.0001509999999999,1.0,0.0,903.1221059756404,0.0,903.1221059756404
1668630805.2713628,0.045166,-2.4000000000003185e-05,-0.00028,-4.599999999999998e-05,1.0,0.0,903.1221059756404,0.0,903.1221059756404
1668630865.2630537,0.045252,8.600000000000274e-05,-0.000183,9.699999999999996e-05,0.0,1.0,0.0,19957.617474932387,903.1221059756404
1668630925.0496142,0.045233,-1.8999999999998185e-05,-0.000187,-3.999999999999989e-06,1.0,0.0,902.7429112436168,0.0,902.7429112436168
1668630985.0825417,0.04513,-0.0001029999999999,-0.000261,-7.400000000000001e-05,1.0,0.0,902.7429112436168,0.0,902.7429112436168
1668631045.0235376,0.045116,-1.4000000000000123e-05,-0.000275,-1.4000000000000017e-05,1.0,0.0,902.7429112436168,0.0,902.7429112436168
1668631105.1426206,0.045238,0.0001219999999999,-0.000161,0.000114,0.0,1.0,0.0,19955.411628357066,902.7429112436168
1668631164.9825268,0.045238,0.0,-0.000161,0.0,0.0,1.0,0.0,19955.411628357066,902.742911243617
1668631225.0520785,0.045238,0.0,-0.000161,0.0,0.0,1.0,0.0,19955.411628357066,902.742911243617
1668631285.9339583,0.045138,-0.0001,-0.000258,-9.699999999999996e-05,1.0,0.0,900.7473700807813,0.0,900.7473700807813
1668631345.0550728,0.045138,0.0,-0.000135,0.0001229999999999,0.0,1.0,0.0,19955.411628357066,900.7473700807813
1668631404.8862822,0.045138,0.0,-0.000135,0.0,0.0,1.0,0.0,19955.411628357066,900.7473700807813
1668631465.1104782,0.045106,-3.199999999999731e-05,-0.000122,1.3000000000000004e-05,0.0,1.0,0.0,19955.411628357066,900.1087969086738
1668631524.931205,0.045115,9.000000000002062e-06,-0.000229,-0.000107,1.0,0.0,900.288395613329,0.0,900.288395613329
1668631585.0667057,0.045172,5.699999999999456e-05,-0.000172,5.7e-05,0.0,1.0,0.0,19930.23101951052,900.288395613329
1668631645.132094,0.045163,-8.999999999995123e-06,-3e-06,0.000169,0.0,1.0,0.0,19930.23101951052,900.1090235341536
1668631705.1921728,0.045129,-3.399999999999931e-05,-3.7e-05,-3.4e-05,1.0,0.0,899.4313956794903,0.0,899.4313956794903
1668631766.256344,0.045111,-1.8000000000004124e-05,-0.000208,-0.0001709999999999,1.0,0.0,899.4313956794903,0.0,899.4313956794903
1668631824.872025,0.045058,-5.299999999999749e-05,-0.000127,8.099999999999999e-05,0.0,1.0,0.0,19961.63601756603,899.4313956794902
1668631885.1241057,0.044992,-6.600000000000356e-05,-0.000174,-4.7e-05,1.0,0.0,898.1139277023308,0.0,898.1139277023308
1668631945.0499296,0.045029,3.700000000000231e-05,-0.000209,-3.500000000000001e-05,1.0,0.0,898.1139277023308,0.0,898.1139277023308
1668632005.048627,0.045029,0.0,-0.000209,0.0,1.0,0.0,898.1139277023308,0.0,898.1139277023308
1668632065.0457034,0.045029,0.0,-0.000209,0.0,1.0,0.0,898.1139277023308,0.0,898.1139277023308
1668632124.811077,0.045053,2.4000000000003185e-05,-8.5e-05,0.000124,0.0,1.0,0.0,19934.608743087712,898.1139277023308
1668632185.0327785,0.045063,9.999999999996125e-06,-1.1e-05,7.400000000000001e-05,0.0,1.0,0.0,19934.608743087712,898.3132737897615
1668632245.8229845,0.045066,3.0000000000030003e-06,-8e-06,3e-06,0.0,1.0,0.0,19934.608743087712,898.3730776159908
1668632305.086848,0.045066,0.0,-8e-06,0.0,0.0,1.0,0.0,19934.608743087712,898.3730776159908
1668632365.121811,0.045067,1.000000000001e-06,-0.000105,-9.7e-05,1.0,0.0,898.393012224734,0.0,898.393012224734
1668632425.0167863,0.045124,5.699999999999456e-05,-4.8e-05,5.7e-05,0.0,1.0,0.0,19909.427626645112,898.393012224734
1668632485.0217524,0.045124,0.0,-4.8e-05,0.0,0.0,1.0,0.0,19909.427626645112,898.393012224734
1668632545.1625917,0.045124,0.0,-4.8e-05,0.0,0.0,1.0,0.0,19909.427626645112,898.393012224734
1668632665.0927095,0.045046,-7.799999999999474e-05,-4.9e-05,-9.999999999999972e-07,1.0,0.0,896.8400768698558,0.0,896.8400768698558
1668632904.9739275,0.04496,-8.600000000000274e-05,-3.6e-05,1.2999999999999998e-05,0.0,1.0,0.0,19947.51060653594,896.8400768698558
1668633025.0911877,0.044983,2.3000000000002185e-05,-4.6e-05,-1e-05,1.0,0.0,897.2988696138062,0.0,897.2988696138062
1668633566.395871,0.045235,0.0002519999999999,0.000275,0.000321,0.0,1.0,0.0,19836.384870427904,897.2988696138062
1668633626.4663148,0.045138,-9.699999999999986e-05,-0.000135,-0.00041,1.0,0.0,895.3747402813747,0.0,895.3747402813747
1668633686.523514,0.045193,5.499999999999949e-05,3e-06,0.000138,0.0,1.0,0.0,19812.243937808395,895.3747402813747
1668633747.2631934,0.044996,-0.0001969999999999,-0.000189,-0.000192,1.0,0.0,891.4717282256265,0.0,891.4717282256265
1668633807.149832,0.045319,0.0003229999999999,0.0003,0.000489,0.0,1.0,0.0,19671.037053457192,891.4717282256264
1668633867.5255165,0.045291,-2.8000000000000247e-05,0.000272,-2.7999999999999976e-05,1.0,0.0,890.9209391881296,0.0,890.9209391881296
1668633928.2197456,0.045046,-0.0002449999999999,-4.9e-05,-0.000321,1.0,0.0,890.9209391881296,0.0,890.9209391881296
1668633988.3086154,0.045278,0.0002319999999999,0.000189,0.000238,0.0,1.0,0.0,19676.68490631498,890.9209391881295
1668634048.1302104,0.045278,0.0,0.000189,0.0,0.0,1.0,0.0,19676.68490631498,890.9209391881295
1668634109.1540153,0.045278,0.0,0.000189,0.0,0.0,1.0,0.0,19676.68490631498,890.9209391881295
1668634169.1180296,0.0453,2.2000000000001185e-05,0.000151,-3.8e-05,1.0,0.0,891.3538262560685,0.0,891.3538262560685
1668634229.0021152,0.0453,0.0,0.000133,-1.8000000000000004e-05,1.0,0.0,891.3538262560685,0.0,891.3538262560685
1668634290.058277,0.045344,4.400000000000237e-05,0.000201,6.8e-05,0.0,1.0,0.0,19657.591440015625,891.3538262560686
1668634349.86813,0.0453,-4.400000000000237e-05,0.000157,-4.400000000000001e-05,1.0,0.0,890.4888922327078,0.0,890.4888922327078
1668634410.042378,0.045278,-2.2000000000001185e-05,8.8e-05,-6.9e-05,1.0,0.0,890.4888922327078,0.0,890.4888922327078
1668634471.7740448,0.045279,1.000000000001e-06,8.9e-05,9.999999999999972e-07,0.0,1.0,0.0,19666.708457181205,890.4888922327077
1668634532.0197575,0.045279,0.0,8.9e-05,0.0,0.0,1.0,0.0,19666.708457181205,890.4888922327077
1668634591.7141018,0.04528,1.000000000001e-06,2.2e-05,-6.7e-05,1.0,0.0,890.508558941165,0.0,890.508558941165
1668634652.5815437,0.045307,2.6999999999999247e-05,4.9e-05,2.7e-05,0.0,1.0,0.0,19654.988389016376,890.508558941165
1668634712.175128,0.045307,0.0,4.9e-05,0.0,0.0,1.0,0.0,19654.988389016376,890.508558941165
1668634772.0893447,0.045306,-1.000000000001e-06,1.9e-05,-3e-05,1.0,0.0,890.4889039527759,0.0,890.4889039527759
1668634833.3182642,0.045306,0.0,2.8e-05,8.999999999999999e-06,0.0,1.0,0.0,19654.988389016376,890.4889039527759
1668634893.1209426,0.045306,0.0,2.8e-05,0.0,0.0,1.0,0.0,19654.988389016376,890.4889039527759
1668634953.1885142,0.045306,0.0,2.8e-05,0.0,0.0,1.0,0.0,19654.988389016376,890.4889039527759
1668635013.8866425,0.045307,1.000000000001e-06,7e-06,-2.1e-05,1.0,0.0,890.508558941165,0.0,890.508558941165
1668635074.0249224,0.045307,0.0,7e-06,0.0,1.0,0.0,890.508558941165,0.0,890.508558941165
1668635134.1224923,0.045306,-1.000000000001e-06,2.8e-05,2.1e-05,0.0,1.0,0.0,19655.42221650918,890.508558941165
1668635195.111143,0.045281,-2.4999999999997247e-05,3e-06,-2.5e-05,1.0,0.0,890.0171733857522,0.0,890.0171733857522
1668635255.049872,0.045309,2.8000000000000247e-05,3.1e-05,2.8000000000000003e-05,0.0,1.0,0.0,19643.275582903003,890.0171733857522
1668635315.6466842,0.045309,0.0,3.1e-05,0.0,0.0,1.0,0.0,19643.275582903003,890.0171733857522
1668635375.8362112,0.045349,3.999999999999837e-05,7e-05,3.899999999999999e-05,0.0,1.0,0.0,19643.275582903003,890.8029044090683
1668635435.841743,0.045349,0.0,6.9e-05,-9.999999999999972e-07,1.0,0.0,890.8029044090683,0.0,890.8029044090683
1668635495.8508475,0.04535,1.000000000001e-06,7e-05,9.999999999999972e-07,0.0,1.0,0.0,19642.84243459908,890.8029044090682
1668635556.6144538,0.045338,-1.1999999999998123e-05,3.1e-05,-3.899999999999999e-05,1.0,0.0,890.5671902998531,0.0,890.5671902998531
1668635616.7172852,0.045339,9.999999999940612e-07,3.3e-05,2.000000000000001e-06,0.0,1.0,0.0,19642.40919075968,890.5671902998531
1668635676.571205,0.045339,0.0,3.3e-05,0.0,0.0,1.0,0.0,19642.40919075968,890.5671902998531
1668635737.6303113,0.045339,0.0,3.3e-05,0.0,0.0,1.0,0.0,19642.40919075968,890.5671902998531
1668635797.5487175,0.045309,-2.9999999999995308e-05,3e-06,-3.0000000000000004e-05,1.0,0.0,889.9779180241304,0.0,889.9779180241304
1668635858.0922203,0.045309,0.0,2e-06,-1.0000000000000002e-06,1.0,0.0,889.9779180241304,0.0,889.9779180241304
1668635918.3767908,0.045309,0.0,2e-06,0.0,1.0,0.0,889.9779180241304,0.0,889.9779180241304
1668635978.4021504,0.045309,0.0,2e-06,0.0,1.0,0.0,889.9779180241304,0.0,889.9779180241304
1668636038.34552,0.045309,0.0,2e-06,0.0,1.0,0.0,889.9779180241304,0.0,889.9779180241304
1668636099.2566662,0.045309,0.0,2e-06,0.0,1.0,0.0,889.9779180241304,0.0,889.9779180241304
1668636159.2910595,0.04531,1.000000000001e-06,1e-06,-1e-06,1.0,0.0,889.9779180241304,0.0,889.9779180241304
1668636219.0632253,0.045334,2.3999999999996247e-05,5.3e-05,5.2e-05,0.0,1.0,0.0,19631.57713910377,889.9779180241305
1668636280.385275,0.045309,-2.4999999999997247e-05,2.8e-05,-2.5e-05,1.0,0.0,889.4871285956527,0.0,889.4871285956527
1668636340.1856086,0.045309,0.0,2.8e-05,0.0,1.0,0.0,889.4871285956527,0.0,889.4871285956527
1668636400.9459412,0.04531,1.000000000001e-06,1e-06,-2.7e-05,1.0,0.0,889.4871285956527,0.0,889.4871285956527
1668636460.8207734,0.045281,-2.9000000000001247e-05,-2.8e-05,-2.9e-05,1.0,0.0,889.4871285956527,0.0,889.4871285956527
1668636520.9875305,0.045282,1.000000000001e-06,-6.8e-05,-4e-05,1.0,0.0,889.4871285956527,0.0,889.4871285956527
1668636581.0334542,0.045258,-2.4000000000003185e-05,-8e-05,-1.2000000000000009e-05,1.0,0.0,889.4871285956527,0.0,889.4871285956527
1668636641.727296,0.045258,0.0,-8e-05,0.0,1.0,0.0,889.4871285956527,0.0,889.4871285956527
1668636701.7643018,0.045258,0.0,-8.1e-05,-9.999999999999972e-07,1.0,0.0,889.4871285956527,0.0,889.4871285956527
1668636761.7923074,0.045258,0.0,-8.1e-05,0.0,1.0,0.0,889.4871285956527,0.0,889.4871285956527
1668636822.5874672,0.045258,0.0,-8.1e-05,0.0,1.0,0.0,889.4871285956527,0.0,889.4871285956527
1668636883.3506515,0.045191,-6.699999999999762e-05,-0.000118,-3.699999999999999e-05,1.0,0.0,889.4871285956527,0.0,889.4871285956527
1668636942.5954888,0.045191,0.0,-0.000118,0.0,1.0,0.0,889.4871285956527,0.0,889.4871285956527
1668637003.614052,0.045191,0.0,-0.000118,0.0,1.0,0.0,889.4871285956527,0.0,889.4871285956527
1668637063.6536353,0.045191,0.0,-0.000118,0.0,1.0,0.0,889.4871285956527,0.0,889.4871285956527
1668637123.4994245,0.045273,8.199999999999874e-05,-3.6e-05,8.199999999999999e-05,0.0,1.0,0.0,19647.18769676524,889.4871285956526
1668637184.182204,0.045274,1.000000000001e-06,-3.5e-05,1.000000000000004e-06,0.0,1.0,0.0,19647.18769676524,889.5067757833494
1668637244.4970777,0.045274,0.0,-3.5e-05,0.0,0.0,1.0,0.0,19647.18769676524,889.5067757833494
1668637304.4075563,0.045274,0.0,-3.5e-05,0.0,0.0,1.0,0.0,19647.18769676524,889.5067757833494
1668637365.2946978,0.045449,0.000175,0.000168,0.000203,0.0,1.0,0.0,19647.18769676524,892.9450336302834
1668637425.0292768,0.045445,-4.000000000004e-06,0.000164,-3.999999999999989e-06,1.0,0.0,892.8664448794963,0.0,892.8664448794963
1668637485.1506677,0.045492,4.699999999999843e-05,0.000209,4.500000000000001e-05,0.0,1.0,0.0,19626.889230622884,892.8664448794963
1668637545.9545991,0.045492,0.0,0.000209,0.0,0.0,1.0,0.0,19626.889230622884,892.8664448794963
1668637605.9079585,0.045562,7.000000000000062e-05,0.000304,9.5e-05,0.0,1.0,0.0,19626.889230622884,894.2403271256399
1668637665.9934602,0.045592,3.0000000000002247e-05,0.000334,2.999999999999997e-05,0.0,1.0,0.0,19626.889230622884,894.8291338025585
1668637726.831956,0.045586,-5.999999999999062e-06,0.000395,6.100000000000002e-05,0.0,1.0,0.0,19626.889230622884,894.7113724671749
1668637786.8817308,0.045534,-5.200000000000343e-05,0.000261,-0.000134,1.0,0.0,893.6907742271824,0.0,893.6907742271824
1668637846.7258213,0.045431,-0.0001029999999999,0.000158,-0.000103,1.0,0.0,893.6907742271824,0.0,893.6907742271824
1668637907.557444,0.045498,6.699999999999762e-05,0.000224,6.6e-05,0.0,1.0,0.0,19642.418880548208,893.6907742271823
1668637967.7334125,0.045579,8.100000000000468e-05,0.000183,-4.1e-05,1.0,0.0,895.2818101565068,0.0,895.2818101565068
1668638027.5645957,0.045579,0.0,0.000183,0.0,1.0,0.0,895.2818101565068,0.0,895.2818101565068
1668638088.7711966,0.045547,-3.200000000000425e-05,0.000102,-8.1e-05,1.0,0.0,895.2818101565068,0.0,895.2818101565068
1668638148.556389,0.045536,-1.0999999999997123e-05,4.3e-05,-5.9e-05,1.0,0.0,895.2818101565068,0.0,895.2818101565068
1668638208.6986337,0.045526,-1.0000000000003062e-05,3.4e-05,-9.000000000000002e-06,1.0,0.0,895.2818101565068,0.0,895.2818101565068
1668638269.3856473,0.045526,0.0,3.4e-05,0.0,1.0,0.0,895.2818101565068,0.0,895.2818101565068
1668638329.45758,0.045444,-8.199999999999874e-05,-0.000125,-0.000159,1.0,0.0,895.2818101565068,0.0,895.2818101565068
1668638389.3099303,0.045444,0.0,-0.000125,0.0,1.0,0.0,895.2818101565068,0.0,895.2818101565068
1668638450.2978282,0.045444,0.0,-0.000125,0.0,1.0,0.0,895.2818101565068,0.0,895.2818101565068
1668638510.375211,0.04547,2.5999999999998247e-05,-0.000122,3.000000000000005e-06,0.0,1.0,0.0,19689.505391610004,895.2818101565068
1668638570.4466312,0.04547,0.0,-0.000122,0.0,0.0,1.0,0.0,19689.505391610004,895.2818101565068
1668638631.1650777,0.04547,0.0,-0.000122,0.0,0.0,1.0,0.0,19689.505391610004,895.2818101565068
1668638690.9857895,0.045431,-3.899999999999737e-05,-0.000154,-3.2000000000000005e-05,1.0,0.0,894.5139194462341,0.0,894.5139194462341
1668638750.8862717,0.04546,2.9000000000001247e-05,-0.000126,2.8000000000000003e-05,0.0,1.0,0.0,19676.94499441782,894.5139194462341
1668638812.0583668,0.045533,7.299999999999668e-05,-5.3e-05,7.3e-05,0.0,1.0,0.0,19676.94499441782,895.9503364308265
1668638872.11575,0.045533,0.0,0.000102,0.000155,0.0,1.0,0.0,19676.94499441782,895.9503364308265
1668638931.9820704,0.045463,-6.999999999999368e-05,3.2e-05,-7e-05,1.0,0.0,894.5729502812173,0.0,894.5729502812173
1668638993.0209854,0.045463,0.0,3.2e-05,0.0,1.0,0.0,894.5729502812173,0.0,894.5729502812173
1668639052.7855854,0.045404,-5.900000000000349e-05,-0.000158,-0.0001899999999999,1.0,0.0,894.5729502812173,0.0,894.5729502812173
1668639113.0303378,0.045354,-5.000000000000143e-05,-0.000208,-5e-05,1.0,0.0,894.5729502812173,0.0,894.5729502812173
1668639173.7654672,0.045337,-1.6999999999996185e-05,-0.000242,-3.400000000000001e-05,1.0,0.0,894.5729502812173,0.0,894.5729502812173
1668639233.7427216,0.0451,-0.000237,-0.000447,-0.000205,1.0,0.0,894.5729502812173,0.0,894.5729502812173
1668639294.1101837,0.045143,4.300000000000137e-05,-0.000393,5.400000000000001e-05,0.0,1.0,0.0,19816.426694752616,894.5729502812173
1668639354.7449374,0.04511,-3.300000000000525e-05,-0.000416,-2.2999999999999963e-05,1.0,0.0,893.9190082002905,0.0,893.9190082002905
1668639414.646879,0.045122,1.2000000000005062e-05,-0.000322,9.399999999999995e-05,0.0,1.0,0.0,19811.156602107407,893.9190082002905
1668639475.2942188,0.044933,-0.000189,-0.000537,-0.000215,1.0,0.0,890.1746996024921,0.0,890.1746996024921
1668639535.5735464,0.044981,4.799999999999943e-05,-0.000213,0.000324,0.0,1.0,0.0,19790.01577560508,890.1746996024921
1668639595.5972345,0.044917,-6.400000000000156e-05,-0.000616,-0.000403,1.0,0.0,888.9081385928533,0.0,888.9081385928533
1668639655.444383,0.044508,-0.0004089999999999,-0.000955,-0.000339,1.0,0.0,888.9081385928533,0.0,888.9081385928533
1668639716.4607673,0.044397,-0.0001109999999999,-0.000957,-1.99999999999994e-06,1.0,0.0,888.9081385928533,0.0,888.9081385928533
1668639776.4226398,0.044304,-9.299999999999586e-05,-0.001,-4.300000000000007e-05,1.0,0.0,888.9081385928533,0.0,888.9081385928533
1668639836.2417474,0.044189,-0.000115,-0.000931,6.900000000000005e-05,0.0,1.0,0.0,20116.05011638312,888.9081385928534
1668639897.3769965,0.04429,0.000101,-0.00082,0.0001109999999999,0.0,1.0,0.0,20116.05011638312,890.9398596546083
1668639957.3055198,0.044435,0.0001449999999999,-0.000641,0.000179,0.0,1.0,0.0,20116.05011638312,893.8566869214841
1668640017.8298244,0.04455,0.0001149999999999,-0.000545,9.599999999999996e-05,0.0,1.0,0.0,20116.05011638312,896.170032684868
1668640078.141646,0.044368,-0.000182,-0.000564,-1.9000000000000028e-05,1.0,0.0,892.5089115636863,0.0,892.5089115636863
1668640138.0253465,0.044435,6.700000000000456e-05,-0.000546,1.8000000000000004e-05,0.0,1.0,0.0,20085.71872541209,892.5089115636863
1668640198.1120207,0.044435,0.0,-0.000546,0.0,0.0,1.0,0.0,20085.71872541209,892.5089115636863
1668640259.0418434,0.044486,5.099999999999549e-05,-0.000179,0.000367,0.0,1.0,0.0,20085.71872541209,893.5332832186822
1668640318.7493296,0.044506,1.9999999999999185e-05,0.000109,0.000288,0.0,1.0,0.0,20085.71872541209,893.9349975931905
1668640378.9051192,0.044592,8.600000000000274e-05,0.000332,0.000223,0.0,1.0,0.0,20085.71872541209,895.6623694035759
1668640439.593784,0.044546,-4.599999999999743e-05,0.000242,-8.999999999999999e-05,1.0,0.0,894.738426342207,0.0,894.738426342207
1668640499.6716723,0.044573,2.6999999999999247e-05,0.000361,0.0001189999999999,0.0,1.0,0.0,20073.55184399092,894.738426342207
1668640560.613313,0.04464,6.699999999999762e-05,0.000245,-0.000116,1.0,0.0,896.0833543157545,0.0,896.0833543157545
1668640620.758977,0.044638,-2.000000000002e-06,9.9e-05,-0.000146,1.0,0.0,896.0833543157545,0.0,896.0833543157545
1668640680.5508907,0.044749,0.0001109999999999,0.000337,0.000238,0.0,1.0,0.0,20024.65651334677,896.0833543157546
1668640740.7240765,0.0448,5.100000000000243e-05,0.000474,0.0001369999999999,0.0,1.0,0.0,20024.65651334677,897.1046117979353
1668640801.291907,0.044648,-0.0001519999999999,0.000213,-0.0002609999999999,1.0,0.0,894.0608640079066,0.0,894.0608640079066
1668640861.1633854,0.044475,-0.0001729999999999,-1.1e-05,-0.000224,1.0,0.0,894.0608640079066,0.0,894.0608640079066
1668640921.3197272,0.04447,-4.9999999999980616e-06,-3.6e-05,-2.5e-05,1.0,0.0,894.0608640079066,0.0,894.0608640079066
1668640982.1315129,0.044632,0.0001619999999999,4e-05,7.6e-05,0.0,1.0,0.0,20031.835096072475,894.0608640079066
1668641042.644993,0.044638,5.999999999999062e-06,9.2e-05,5.2e-05,0.0,1.0,0.0,20031.835096072475,894.1810550184831
1668641101.9145646,0.044552,-8.59999999999958e-05,-6.6e-05,-0.000158,1.0,0.0,892.4583172002209,0.0,892.4583172002209
1668641162.9796786,0.044519,-3.299999999999831e-05,-0.000121,-5.5e-05,1.0,0.0,892.4583172002209,0.0,892.4583172002209
1668641223.2123878,0.044456,-6.300000000000056e-05,-0.000248,-0.000127,1.0,0.0,892.4583172002209,0.0,892.4583172002209
1668641282.886347,0.044456,0.0,-0.000248,0.0,1.0,0.0,892.4583172002209,0.0,892.4583172002209
1668641343.9154167,0.04445,-5.999999999999062e-06,-0.000346,-9.8e-05,1.0,0.0,892.4583172002209,0.0,892.4583172002209
1668641403.7234032,0.044495,4.499999999999643e-05,-0.000213,0.000133,0.0,1.0,0.0,20057.49673446951,892.4583172002209
1668641463.5903888,0.044519,2.4000000000003185e-05,-7.3e-05,0.00014,0.0,1.0,0.0,20057.49673446951,892.9396971218482
1668641524.834054,0.044514,-5.000000000005e-06,-7.8e-05,-5e-06,1.0,0.0,892.8394096381758,0.0,892.8394096381758
1668641585.0083003,0.044434,-7.999999999999674e-05,-0.000136,-5.8e-05,1.0,0.0,892.8394096381758,0.0,892.8394096381758
1668641644.7060306,0.044434,0.0,-0.000136,0.0,1.0,0.0,892.8394096381758,0.0,892.8394096381758
1668641705.4082766,0.044435,1.000000000001e-06,-0.000163,-2.700000000000001e-05,1.0,0.0,892.8394096381758,0.0,892.8394096381758
1668641765.7380376,0.044435,0.0,-0.000163,0.0,1.0,0.0,892.8394096381758,0.0,892.8394096381758
1668641825.3433423,0.044579,0.0001439999999999,-5.4e-05,0.000109,0.0,1.0,0.0,20028.25118639216,892.8394096381759
1668641886.24158,0.044604,2.4999999999997247e-05,-3.4e-05,2e-05,0.0,1.0,0.0,20028.25118639216,893.3401159178358
1668641946.217062,0.044582,-2.2000000000001185e-05,-5.6e-05,-2.2e-05,1.0,0.0,892.8994943917353,0.0,892.8994943917353
1668642006.261299,0.044582,0.0,-1.7e-05,3.9e-05,0.0,1.0,0.0,20028.25118639216,892.8994943917353
1668642066.9416597,0.044627,4.500000000000337e-05,0.000108,0.000125,0.0,1.0,0.0,20028.25118639216,893.800765695123
1668642127.4658532,0.044638,1.0999999999997123e-05,0.000182,7.400000000000001e-05,0.0,1.0,0.0,20028.25118639216,894.0210764581732
1668642186.937954,0.044749,0.0001109999999999,0.000293,0.000111,0.0,1.0,0.0,20028.25118639216,896.2442123398628
1668642248.3304975,0.044689,-5.999999999999756e-05,0.000194,-9.900000000000002e-05,1.0,0.0,895.0425172686793,0.0,895.0425172686793
1668642308.302164,0.044689,0.0,0.000194,0.0,1.0,0.0,895.0425172686793,0.0,895.0425172686793
1668642368.3431044,0.044709,1.9999999999999185e-05,0.000195,9.999999999999972e-07,0.0,1.0,0.0,20019.291804081487,895.0425172686791
1668642429.034602,0.044775,6.600000000000356e-05,0.000341,0.000146,0.0,1.0,0.0,20019.291804081487,896.3637905277486
1668642489.0262945,0.04474,-3.500000000000031e-05,0.000305,-3.600000000000001e-05,1.0,0.0,895.6631153146058,0.0,895.6631153146058
1668642549.4003804,0.04474,0.0,0.000305,0.0,1.0,0.0,895.6631153146058,0.0,895.6631153146058
1668642609.9062676,0.04474,0.0,0.000161,-0.0001439999999999,1.0,0.0,895.6631153146058,0.0,895.6631153146058
1668642669.8318844,0.04474,0.0,0.000158,-3.0000000000000187e-06,1.0,0.0,895.6631153146058,0.0,895.6631153146058
1668642730.1874754,0.04474,0.0,0.000158,0.0,1.0,0.0,895.6631153146058,0.0,895.6631153146058
1668642790.579967,0.044696,-4.400000000000237e-05,0.000114,-4.399999999999999e-05,1.0,0.0,895.6631153146058,0.0,895.6631153146058
1668642850.8898458,0.044682,-1.4000000000000123e-05,0.0001,-1.4e-05,1.0,0.0,895.6631153146058,0.0,895.6631153146058
1668642910.8515215,0.044682,0.0,0.0001,0.0,1.0,0.0,895.6631153146058,0.0,895.6631153146058
1668642971.7945137,0.044682,0.0,4.5e-05,-5.5e-05,1.0,0.0,895.6631153146058,0.0,895.6631153146058
1668643031.5463324,0.044682,0.0,4.5e-05,0.0,1.0,0.0,895.6631153146058,0.0,895.6631153146058
1668643091.6370022,0.044682,0.0,4.5e-05,0.0,1.0,0.0,895.6631153146058,0.0,895.6631153146058
1668643152.9728465,0.04463,-5.199999999999649e-05,-8e-06,-5.3e-05,1.0,0.0,895.6631153146058,0.0,895.6631153146058
1668643212.498467,0.04463,0.0,-0.000141,-0.000133,1.0,0.0,895.6631153146058,0.0,895.6631153146058
1668643272.588285,0.0446,-3.0000000000002247e-05,-8.9e-05,5.200000000000002e-05,0.0,1.0,0.0,20082.132630372325,895.6631153146058
1668643333.2599485,0.044677,7.700000000000068e-05,-0.000135,-4.600000000000001e-05,1.0,0.0,897.2094395271444,0.0,897.2094395271444
1668643393.2917747,0.044698,2.1000000000000185e-05,-0.000114,2.0999999999999995e-05,0.0,1.0,0.0,20072.697649271653,897.2094395271444
1668643453.2216592,0.044648,-5.000000000000143e-05,-0.000164,-5e-05,1.0,0.0,896.2058046446808,0.0,896.2058046446808
1668643514.3368204,0.044538,-0.0001099999999999,-0.000202,-3.8e-05,1.0,0.0,896.2058046446808,0.0,896.2058046446808
1668643574.4649503,0.044538,0.0,-0.000202,0.0,1.0,0.0,896.2058046446808,0.0,896.2058046446808
1668643634.1563385,0.044538,0.0,-0.000202,0.0,1.0,0.0,896.2058046446808,0.0,896.2058046446808
1668643695.0229018,0.044538,0.0,-0.000202,0.0,1.0,0.0,896.2058046446808,0.0,896.2058046446808
1668643754.9056537,0.044538,0.0,-0.000202,0.0,1.0,0.0,896.2058046446808,0.0,896.2058046446808
1668643815.082029,0.044538,0.0,-0.000202,0.0,1.0,0.0,896.2058046446808,0.0,896.2058046446808
1668643875.803584,0.044577,3.899999999999737e-05,-0.000163,3.9e-05,0.0,1.0,0.0,20104.66843091013,896.2058046446808
1668643935.8459718,0.044592,1.5000000000001124e-05,-0.000148,1.5000000000000012e-05,0.0,1.0,0.0,20104.66843091013,896.5073746711445
1668643995.5802994,0.044592,0.0,-0.000148,0.0,0.0,1.0,0.0,20104.66843091013,896.5073746711445
1668644056.721628,0.044564,-2.8000000000000247e-05,-0.000118,3e-05,0.0,1.0,0.0,20104.66843091013,895.944443955079
1668644116.8163133,0.04454,-2.3999999999996247e-05,-9e-05,2.799999999999999e-05,0.0,1.0,0.0,20104.66843091013,895.4619319127372
1668644176.600536,0.044541,9.999999999940612e-07,-8.9e-05,1.0000000000000108e-06,0.0,1.0,0.0,20104.66843091013,895.482036581168
1668644238.156675,0.044541,0.0,-8.9e-05,0.0,0.0,1.0,0.0,20104.66843091013,895.482036581168
1668644297.355407,0.044541,0.0,-5.9e-05,3e-05,0.0,1.0,0.0,20104.66843091013,895.482036581168
1668644357.23816,0.044541,0.0,-5.9e-05,0.0,0.0,1.0,0.0,20104.66843091013,895.482036581168
1668644418.1866338,0.044541,0.0,-5.9e-05,0.0,0.0,1.0,0.0,20104.66843091013,895.482036581168
1668644478.168633,0.044658,0.000117,5.8e-05,0.000117,0.0,1.0,0.0,20104.66843091013,897.8342827875846
1668644538.1288362,0.044715,5.699999999999456e-05,6.7e-05,9.000000000000002e-06,0.0,1.0,0.0,20104.66843091013,898.9802488881464
1668644598.9657335,0.044772,5.700000000000149e-05,0.000234,0.000167,0.0,1.0,0.0,20104.66843091013,900.1262149887083
1668644658.786341,0.04468,-9.20000000000018e-05,0.000142,-9.2e-05,1.0,0.0,898.2765854930645,0.0,898.2765854930645
1668644720.207187,0.044751,7.100000000000162e-05,0.000213,7.099999999999999e-05,0.0,1.0,0.0,20072.771234007385,898.2765854930644
1668644780.0521123,0.044655,-9.599999999999886e-05,6.3e-05,-0.00015,1.0,0.0,896.3495994545998,0.0,896.3495994545998
1668644839.9219518,0.044612,-4.300000000000137e-05,4.8e-05,-1.5e-05,1.0,0.0,896.3495994545998,0.0,896.3495994545998
1668644899.8419347,0.044636,2.4000000000003185e-05,9.5e-05,4.7e-05,0.0,1.0,0.0,20081.31551784657,896.3495994545998
1668644960.7302158,0.044636,0.0,9.5e-05,0.0,0.0,1.0,0.0,20081.31551784657,896.3495994545996
1668645020.8292382,0.044636,0.0,9.5e-05,0.0,0.0,1.0,0.0,20081.31551784657,896.3495994545996
1668645080.7385752,0.044636,0.0,9.5e-05,0.0,0.0,1.0,0.0,20081.31551784657,896.3495994545996
1668645141.555257,0.044692,5.6000000000000494e-05,0.000151,5.6000000000000006e-05,0.0,1.0,0.0,20081.31551784657,897.474153123599
1668645201.5220523,0.044692,0.0,0.000151,0.0,0.0,1.0,0.0,20081.31551784657,897.474153123599
1668645261.4739802,0.044612,-8.000000000000368e-05,7.1e-05,-8e-05,1.0,0.0,895.8676478821712,0.0,895.8676478821712
1668645322.809524,0.04465,3.800000000000331e-05,0.000109,3.8e-05,0.0,1.0,0.0,20064.225036554784,895.8676478821711
1668645382.5951493,0.04465,0.0,0.000109,0.0,0.0,1.0,0.0,20064.225036554784,895.8676478821711
1668645442.4474528,0.044571,-7.900000000000268e-05,-0.000144,-0.000253,1.0,0.0,894.2825741042833,0.0,894.2825741042833
1668645503.2984793,0.044531,-3.999999999999837e-05,-0.000241,-9.7e-05,1.0,0.0,894.2825741042833,0.0,894.2825741042833
1668645563.3247385,0.044575,4.399999999999543e-05,-0.000176,6.500000000000001e-05,0.0,1.0,0.0,20062.42454524472,894.2825741042832
1668645623.0699422,0.044605,3.0000000000002247e-05,-5e-05,0.000126,0.0,1.0,0.0,20062.42454524472,894.8844468406407
1668645683.9785917,0.044605,0.0,-5e-05,0.0,0.0,1.0,0.0,20062.42454524472,894.8844468406407
1668645744.251933,0.0445,-0.000105,-0.000112,-6.199999999999999e-05,1.0,0.0,892.7778922633901,0.0,892.7778922633901
1668645804.172187,0.044495,-4.9999999999980616e-06,-0.000141,-2.900000000000001e-05,1.0,0.0,892.7778922633901,0.0,892.7778922633901
1668645865.4289148,0.044454,-4.099999999999937e-05,-0.000182,-4.1e-05,1.0,0.0,892.7778922633901,0.0,892.7778922633901
1668645925.943838,0.044429,-2.4999999999997247e-05,-0.000263,-8.099999999999999e-05,1.0,0.0,892.7778922633901,0.0,892.7778922633901
1668645985.9482598,0.04449,6.099999999999856e-05,-0.000122,0.000141,0.0,1.0,0.0,20066.933968608453,892.7778922633901
1668646046.6285136,0.04449,0.0,-0.000122,0.0,0.0,1.0,0.0,20066.933968608453,892.7778922633901
1668646106.7928672,0.044512,2.2000000000001185e-05,-0.000138,-1.5999999999999996e-05,1.0,0.0,893.2193648106995,0.0,893.2193648106995
1668646166.64706,0.044512,0.0,-0.000138,0.0,1.0,0.0,893.2193648106995,0.0,893.2193648106995
1668646227.3098462,0.044306,-0.000206,-0.000293,-0.000155,1.0,0.0,893.2193648106995,0.0,893.2193648106995
1668646287.757072,0.044306,0.0,-0.000293,0.0,1.0,0.0,893.2193648106995,0.0,893.2193648106995
1668646347.1959708,0.044416,0.0001099999999999,-0.000115,0.000178,0.0,1.0,0.0,20110.30630427548,893.2193648106995
1668646408.029328,0.044338,-7.799999999999474e-05,-0.000237,-0.0001219999999999,1.0,0.0,891.6507609189663,0.0,891.6507609189663
1668646467.818621,0.044522,0.0001839999999999,-0.000215,2.2e-05,0.0,1.0,0.0,20027.1946659846,891.6507609189663
1668646527.790851,0.044522,0.0,-0.000215,0.0,0.0,1.0,0.0,20027.1946659846,891.6507609189663
1668646590.263852,0.044522,0.0,-0.000215,0.0,0.0,1.0,0.0,20027.1946659846,891.6507609189663
1668646649.0581005,0.044522,0.0,-8.3e-05,0.000132,0.0,1.0,0.0,20027.1946659846,891.6507609189663
1668646708.9785502,0.044518,-3.9999999999970615e-06,-8.7e-05,-4.000000000000002e-06,1.0,0.0,891.5706521403024,0.0,891.5706521403024
1668646769.804072,0.044518,0.0,1.8e-05,0.000105,0.0,1.0,0.0,20027.1946659846,891.5706521403024
1668646829.7179,0.044454,-6.400000000000156e-05,0.0,-1.8e-05,1.0,0.0,890.2889116816795,0.0,890.2889116816795
1668646889.646142,0.044454,0.0,0.0,0.0,1.0,0.0,890.2889116816795,0.0,890.2889116816795
1668646950.5141814,0.044454,0.0,0.0,0.0,1.0,0.0,890.2889116816795,0.0,890.2889116816795
1668647010.3564534,0.044454,0.0,0.0,0.0,1.0,0.0,890.2889116816795,0.0,890.2889116816795
1668647071.4682949,0.044454,0.0,0.0,0.0,1.0,0.0,890.2889116816795,0.0,890.2889116816795
1668647131.5903912,0.044522,6.799999999999862e-05,9.3e-05,9.3e-05,0.0,1.0,0.0,19996.606434609395,890.2889116816795
1668647191.716654,0.044548,2.5999999999998247e-05,0.000119,2.600000000000001e-05,0.0,1.0,0.0,19996.606434609395,890.8088234489793
1668647251.7335987,0.044548,0.0,0.000119,0.0,0.0,1.0,0.0,19996.606434609395,890.8088234489793
1668647312.4587202,0.0444,-0.0001479999999999,-9e-05,-0.000209,1.0,0.0,887.8493256966572,0.0,887.8493256966572
1668647372.8753333,0.0444,0.0,-9e-05,0.0,1.0,0.0,887.8493256966572,0.0,887.8493256966572
1668647432.4723074,0.044415,1.5000000000001124e-05,-9.7e-05,-6.999999999999994e-06,1.0,0.0,887.8493256966572,0.0,887.8493256966572
1668647493.604561,0.044406,-9.000000000002062e-06,-0.000106,-9.000000000000002e-06,1.0,0.0,887.8493256966572,0.0,887.8493256966572
1668647554.3616998,0.044328,-7.800000000000168e-05,-7.2e-05,3.4e-05,0.0,1.0,0.0,20029.08603358277,887.8493256966573
1668647613.2636385,0.044327,-1.000000000001e-06,-1.1e-05,6.1000000000000005e-05,0.0,1.0,0.0,20029.08603358277,887.8292966106235
1668647674.454297,0.044284,-4.300000000000137e-05,-5.4e-05,-4.3e-05,1.0,0.0,886.9680459111794,0.0,886.9680459111794
1668647734.300743,0.044284,0.0,-0.000238,-0.000184,1.0,0.0,886.9680459111794,0.0,886.9680459111794
1668647794.0649543,0.044369,8.500000000000174e-05,-0.000153,8.5e-05,0.0,1.0,0.0,19990.71527217605,886.9680459111793
1668647855.068142,0.044324,-4.499999999999643e-05,-0.000194,-4.1e-05,1.0,0.0,886.0684637239312,0.0,886.0684637239312
1668647914.95445,0.044348,2.3999999999996247e-05,-0.00017,2.3999999999999987e-05,0.0,1.0,0.0,19979.896809865862,886.0684637239312
1668647975.1358144,0.044452,0.0001039999999999,-6.6e-05,0.000104,0.0,1.0,0.0,19979.896809865862,888.1463729921572
1668648036.23489,0.044348,-0.0001039999999999,-0.0002,-0.000134,1.0,0.0,886.0684637239312,0.0,886.0684637239312
1668648095.4214065,0.044285,-6.300000000000056e-05,-0.000263,-6.299999999999999e-05,1.0,0.0,886.0684637239312,0.0,886.0684637239312
1668648155.684208,0.044372,8.700000000000374e-05,-2.8e-05,0.000235,0.0,1.0,0.0,19969.09005057088,886.0684637239311
1668648216.6693602,0.044392,1.9999999999999185e-05,-1.4e-05,1.4e-05,0.0,1.0,0.0,19969.09005057088,886.4678455249426
1668648276.4858713,0.044404,1.1999999999998123e-05,-2e-06,1.2e-05,0.0,1.0,0.0,19969.09005057088,886.7074746055494
1668648336.375522,0.044435,3.100000000000325e-05,9.8e-05,0.0001,0.0,1.0,0.0,19969.09005057088,887.3265163971172
1668648397.2610629,0.044435,0.0,9.8e-05,0.0,0.0,1.0,0.0,19969.09005057088,887.3265163971172
1668648457.4606614,0.04442,-1.5000000000001124e-05,9.3e-05,-5e-06,1.0,0.0,887.0269800463586,0.0,887.0269800463586
1668648518.3891191,0.04442,0.0,9.3e-05,0.0,1.0,0.0,887.0269800463586,0.0,887.0269800463586
1668648578.03015,0.04442,0.0,9.3e-05,0.0,1.0,0.0,887.0269800463586,0.0,887.0269800463586
1668648638.1790123,0.044501,8.099999999999774e-05,0.000217,0.0001239999999999,0.0,1.0,0.0,19932.74263603871,887.0269800463586
1668648698.0625808,0.044498,-2.9999999999960614e-06,0.000129,-8.8e-05,1.0,0.0,886.9671818184506,0.0,886.9671818184506
1668648758.8053668,0.044509,1.0999999999997123e-05,0.00014,1.0999999999999996e-05,0.0,1.0,0.0,19927.81643753961,886.9671818184506
1668648818.7944565,0.044466,-4.300000000000137e-05,0.00014,0.0,0.0,1.0,0.0,19927.81643753961,886.1102857116364
1668648878.7263415,0.044449,-1.6999999999996185e-05,0.000123,-1.699999999999998e-05,1.0,0.0,885.7715128321983,0.0,885.7715128321983
1668648939.716545,0.04451,6.099999999999856e-05,5.8e-05,-6.500000000000001e-05,1.0,0.0,885.7715128321983,0.0,885.7715128321983
1668649000.4566152,0.044493,-1.7000000000003124e-05,0.000145,8.7e-05,0.0,1.0,0.0,19908.10942917309,885.7715128321984
1668649059.6816416,0.044414,-7.899999999999574e-05,6.6e-05,-7.9e-05,1.0,0.0,884.1987721872937,0.0,884.1987721872937
1668649120.4793346,0.044569,0.0001549999999999,0.000318,0.0002519999999999,0.0,1.0,0.0,19838.873930025213,884.1987721872937
1668649180.6247394,0.044569,0.0,0.000318,0.0,0.0,1.0,0.0,19838.873930025213,884.1987721872937
1668649240.5656826,0.044498,-7.099999999999468e-05,0.000126,-0.0001919999999999,1.0,0.0,882.790212138262,0.0,882.790212138262
1668649301.2676804,0.044498,0.0,0.000126,0.0,1.0,0.0,882.790212138262,0.0,882.790212138262
1668649360.8281631,0.044484,-1.4000000000000123e-05,8e-05,-4.599999999999999e-05,1.0,0.0,882.790212138262,0.0,882.790212138262
1668649420.7133808,0.044484,0.0,8e-05,0.0,1.0,0.0,882.790212138262,0.0,882.790212138262
1668649482.2830782,0.044498,1.4000000000000123e-05,6.3e-05,-1.7000000000000007e-05,1.0,0.0,882.790212138262,0.0,882.790212138262
1668649540.8718386,0.044498,0.0,6.3e-05,0.0,1.0,0.0,882.790212138262,0.0,882.790212138262
1668649600.5310507,0.044498,0.0,6.3e-05,0.0,1.0,0.0,882.790212138262,0.0,882.790212138262
1668649660.574541,0.044531,3.299999999999831e-05,3e-05,-3.3e-05,1.0,0.0,882.790212138262,0.0,882.790212138262
1668649720.510316,0.044531,0.0,3e-05,0.0,1.0,0.0,882.790212138262,0.0,882.790212138262
1668649781.1480596,0.044531,0.0,3e-05,0.0,1.0,0.0,882.790212138262,0.0,882.790212138262
1668649840.3931856,0.04453,-1.000000000001e-06,2.1e-05,-9.000000000000002e-06,1.0,0.0,882.790212138262,0.0,882.790212138262
1668649900.7166631,0.04453,0.0,2.1e-05,0.0,1.0,0.0,882.790212138262,0.0,882.790212138262
1668649960.517525,0.04453,0.0,2.1e-05,0.0,1.0,0.0,882.790212138262,0.0,882.790212138262
1668650020.9052944,0.044539,9.000000000002062e-06,9e-05,6.900000000000001e-05,0.0,1.0,0.0,19820.61142230993,882.790212138262
1668650080.381914,0.044539,0.0,9e-05,0.0,0.0,1.0,0.0,19820.61142230993,882.790212138262
1668650140.640105,0.044537,-2.000000000002e-06,1e-05,-8e-05,1.0,0.0,882.7505709154173,0.0,882.7505709154173
1668650200.4946425,0.044537,0.0,1e-05,0.0,1.0,0.0,882.7505709154173,0.0,882.7505709154173
1668650260.6270552,0.044537,0.0,1e-05,0.0,1.0,0.0,882.7505709154173,0.0,882.7505709154173
1668650320.3390503,0.044553,1.6000000000002124e-05,0.000139,0.000129,0.0,1.0,0.0,19813.493387996707,882.7505709154174
1668650380.538628,0.044551,-2.000000000002e-06,0.000137,-1.9999999999999944e-06,1.0,0.0,882.7109439286413,0.0,882.7109439286413
1668650440.53447,0.044551,0.0,0.000137,0.0,1.0,0.0,882.7109439286413,0.0,882.7109439286413
1668650500.649617,0.044551,0.0,0.000137,0.0,1.0,0.0,882.7109439286413,0.0,882.7109439286413
1668650560.5952823,0.044551,0.0,0.000137,0.0,1.0,0.0,882.7109439286413,0.0,882.7109439286413
1668650620.8314383,0.044629,7.800000000000168e-05,0.000131,-5.999999999999983e-06,1.0,0.0,882.7109439286413,0.0,882.7109439286413
1668650680.6794453,0.044692,6.300000000000056e-05,0.000208,7.699999999999997e-05,0.0,1.0,0.0,19750.983261627163,882.7109439286412
1668650740.7282915,0.044656,-3.600000000000131e-05,0.000172,-3.599999999999998e-05,1.0,0.0,881.9999085312227,0.0,881.9999085312227
1668650800.742591,0.044667,1.0999999999997123e-05,0.000169,-3.0000000000000187e-06,1.0,0.0,881.9999085312227,0.0,881.9999085312227
1668650860.8590217,0.044646,-2.1000000000000185e-05,0.000148,-2.0999999999999995e-05,1.0,0.0,881.9999085312227,0.0,881.9999085312227
1668650920.9144468,0.044661,1.5000000000001124e-05,0.00013,-1.8000000000000004e-05,1.0,0.0,881.9999085312227,0.0,881.9999085312227
1668650980.7970686,0.044661,0.0,0.000131,1.0000000000000243e-06,0.0,1.0,0.0,19748.772050138214,881.9999085312228
1668651040.9076047,0.044661,0.0,0.000131,0.0,0.0,1.0,0.0,19748.772050138214,881.9999085312228
1668651100.6257527,0.044667,5.999999999999062e-06,0.000128,-3.0000000000000187e-06,1.0,0.0,882.1184011635236,0.0,882.1184011635236
1668651160.9187846,0.044838,0.000171,0.000287,0.000159,0.0,1.0,0.0,19673.45557704455,882.1184011635237
1668651220.506293,0.044776,-6.199999999999956e-05,0.000225,-6.199999999999999e-05,1.0,0.0,880.8986469177469,0.0,880.8986469177469
1668651280.540322,0.044765,-1.1000000000004062e-05,7.3e-05,-0.000152,1.0,0.0,880.8986469177469,0.0,880.8986469177469
1668651340.4950898,0.044732,-3.299999999999831e-05,7.6e-05,3.000000000000005e-06,0.0,1.0,0.0,19692.807093752723,880.8986469177468
1668651400.6024475,0.044735,2.9999999999960614e-06,7.9e-05,2.999999999999992e-06,0.0,1.0,0.0,19692.807093752723,880.957725339028
1668651460.7802448,0.044749,1.4000000000000123e-05,0.000103,2.4e-05,0.0,1.0,0.0,19692.807093752723,881.2334246383406
1668651520.929355,0.04477,2.1000000000000185e-05,0.000123,2.000000000000001e-05,0.0,1.0,0.0,19692.807093752723,881.6469735873094
1668651580.5623765,0.044789,1.9000000000005124e-05,0.000142,1.9e-05,0.0,1.0,0.0,19692.807093752723,882.0211369220907
1668651640.639554,0.044789,0.0,0.000142,0.0,0.0,1.0,0.0,19692.807093752723,882.0211369220907
1668651700.7780695,0.044748,-4.099999999999937e-05,8.7e-05,-5.500000000000001e-05,1.0,0.0,881.213731831247,0.0,881.213731831247
1668651760.7899466,0.04474,-8.000000000001062e-06,7.9e-05,-8.000000000000005e-06,1.0,0.0,881.213731831247,0.0,881.213731831247
1668651820.4086502,0.044754,1.4000000000000123e-05,9.3e-05,1.4e-05,0.0,1.0,0.0,19690.166953372813,881.213731831247
1668651880.7775772,0.044754,0.0,9.3e-05,0.0,0.0,1.0,0.0,19690.166953372813,881.213731831247
1668651940.6932678,0.044754,0.0,9.3e-05,0.0,0.0,1.0,0.0,19690.166953372813,881.213731831247
1668652000.6775117,0.044757,2.9999999999960614e-06,9e-05,-2.999999999999992e-06,1.0,0.0,881.272802332107,0.0,881.272802332107
1668652060.8197477,0.044818,6.099999999999856e-05,0.000151,6.1000000000000005e-05,0.0,1.0,0.0,19663.36744906304,881.272802332107
1668652120.7282915,0.0448,-1.7999999999997185e-05,2.4e-05,-0.000127,1.0,0.0,880.918861718024,0.0,880.918861718024
1668652180.8808832,0.044755,-4.499999999999643e-05,-2.1e-05,-4.5e-05,1.0,0.0,880.918861718024,0.0,880.918861718024
1668652240.5749464,0.044771,1.5999999999995185e-05,3.7e-05,5.8e-05,0.0,1.0,0.0,19676.10421295089,880.9188617180241
1668652300.5938392,0.044754,-1.6999999999996185e-05,1.9e-05,-1.7999999999999997e-05,1.0,0.0,880.5843679464042,0.0,880.5843679464042
1668652360.6427166,0.044673,-8.100000000000468e-05,-7.6e-05,-9.5e-05,1.0,0.0,880.5843679464042,0.0,880.5843679464042
1668652420.6419992,0.044652,-2.1000000000000185e-05,-9.7e-05,-2.0999999999999995e-05,1.0,0.0,880.5843679464042,0.0,880.5843679464042
1668652481.9675872,0.044734,8.200000000000568e-05,-6e-06,9.1e-05,0.0,1.0,0.0,19684.901147816072,880.5843679464042
1668652540.883511,0.044734,0.0,-6e-06,0.0,0.0,1.0,0.0,19684.901147816072,880.5843679464042
1668652601.146195,0.044734,0.0,-6e-06,0.0,0.0,1.0,0.0,19684.901147816072,880.5843679464042
1668652660.9016774,0.044734,0.0,-2e-05,-1.4e-05,1.0,0.0,880.5843679464042,0.0,880.5843679464042
1668652720.4934664,0.044651,-8.299999999999974e-05,-0.000103,-8.3e-05,1.0,0.0,880.5843679464042,0.0,880.5843679464042
1668652780.9331732,0.044691,3.999999999999837e-05,-0.000127,-2.4e-05,1.0,0.0,880.5843679464042,0.0,880.5843679464042
1668652840.7325778,0.044665,-2.5999999999998247e-05,-0.000153,-2.600000000000001e-05,1.0,0.0,880.5843679464042,0.0,880.5843679464042
1668652900.6347876,0.044665,0.0,-0.000153,0.0,1.0,0.0,880.5843679464042,0.0,880.5843679464042
1668652961.2884758,0.044665,0.0,-0.000153,0.0,1.0,0.0,880.5843679464042,0.0,880.5843679464042
1668653021.174265,0.044717,5.199999999999649e-05,-5.1e-05,0.000102,0.0,1.0,0.0,19692.3847294408,880.5843679464043
1668653080.569769,0.044657,-5.999999999999756e-05,-0.000114,-6.300000000000001e-05,1.0,0.0,879.4028248626379,0.0,879.4028248626379
1668653140.8188434,0.044651,-5.999999999999062e-06,-0.00012,-5.999999999999997e-06,1.0,0.0,879.4028248626379,0.0,879.4028248626379
1668653201.0049255,0.044651,0.0,-0.000103,1.7000000000000007e-05,0.0,1.0,0.0,19695.03090328633,879.4028248626378
1668653260.6953833,0.044651,0.0,-0.000103,0.0,0.0,1.0,0.0,19695.03090328633,879.402824862638
1668653320.8593726,0.044651,0.0,-0.000103,0.0,0.0,1.0,0.0,19695.03090328633,879.402824862638
1668653380.58156,0.044651,0.0,-0.000103,0.0,0.0,1.0,0.0,19695.03090328633,879.402824862638
1668653441.471661,0.0448,0.0001489999999999,6.3e-05,0.000166,0.0,1.0,0.0,19695.03090328633,882.3373844672276
1668653500.6677165,0.044817,1.7000000000003124e-05,8.3e-05,2e-05,0.0,1.0,0.0,19695.03090328633,882.6721999925835
1668653560.8416145,0.044817,0.0,8.3e-05,0.0,0.0,1.0,0.0,19695.03090328633,882.6721999925835
1668653620.5927632,0.044895,7.799999999999474e-05,0.000244,0.000161,0.0,1.0,0.0,19695.03090328633,884.2084124030397
1668653680.8897529,0.044912,1.7000000000003124e-05,0.000261,1.7000000000000007e-05,0.0,1.0,0.0,19695.03090328633,884.5432279283956
1668653740.7473652,0.044912,0.0,0.000261,0.0,0.0,1.0,0.0,19695.03090328633,884.5432279283956
1668653800.369818,0.044912,0.0,0.000261,0.0,0.0,1.0,0.0,19695.03090328633,884.5432279283956
1668653860.7683563,0.044912,0.0,0.000247,-1.4000000000000017e-05,1.0,0.0,884.5432279283956,0.0,884.5432279283956
1668653920.7537403,0.044912,0.0,0.000247,0.0,1.0,0.0,884.5432279283956,0.0,884.5432279283956
1668653980.668171,0.044994,8.199999999999874e-05,0.000264,1.7000000000000034e-05,0.0,1.0,0.0,19659.13739450584,884.5432279283956
1668654040.757342,0.045122,0.000128,0.000382,0.000118,0.0,1.0,0.0,19659.13739450584,887.0595975148926
1668654100.6836102,0.045076,-4.600000000000437e-05,0.000425,4.299999999999996e-05,0.0,1.0,0.0,19659.13739450584,886.1552771947452
1668654160.9267623,0.045076,0.0,0.000425,0.0,0.0,1.0,0.0,19659.13739450584,886.1552771947452
1668654220.6091268,0.045076,0.0,0.000425,0.0,0.0,1.0,0.0,19659.13739450584,886.1552771947452
1668654280.29994,0.045076,0.0,0.000425,0.0,0.0,1.0,0.0,19659.13739450584,886.1552771947452
1668654340.943822,0.045176,0.0001,0.000376,-4.9e-05,1.0,0.0,888.1211909341959,0.0,888.1211909341959
1668654400.7935903,0.045176,0.0,0.000376,0.0,1.0,0.0,888.1211909341959,0.0,888.1211909341959
1668654460.5230656,0.045176,0.0,0.000376,0.0,1.0,0.0,888.1211909341959,0.0,888.1211909341959
1668654520.7295656,0.045176,0.0,0.000376,0.0,1.0,0.0,888.1211909341959,0.0,888.1211909341959
1668654580.598055,0.045176,0.0,0.000376,0.0,1.0,0.0,888.1211909341959,0.0,888.1211909341959
1668654640.5267737,0.045176,0.0,0.000376,0.0,1.0,0.0,888.1211909341959,0.0,888.1211909341959
1668654700.6548944,0.045176,0.0,0.000376,0.0,1.0,0.0,888.1211909341959,0.0,888.1211909341959
1668654760.65556,0.045067,-0.0001089999999999,0.00025,-0.0001259999999999,1.0,0.0,888.1211909341959,0.0,888.1211909341959
1668654820.625261,0.045107,3.999999999999837e-05,0.000211,-3.9e-05,1.0,0.0,888.1211909341959,0.0,888.1211909341959
1668654880.6333027,0.045107,0.0,0.000195,-1.600000000000001e-05,1.0,0.0,888.1211909341959,0.0,888.1211909341959
1668654941.6658435,0.045107,0.0,0.000195,0.0,1.0,0.0,888.1211909341959,0.0,888.1211909341959
1668655000.7739336,0.045107,0.0,0.000195,0.0,1.0,0.0,888.1211909341959,0.0,888.1211909341959
1668655060.977931,0.045107,0.0,0.000195,0.0,1.0,0.0,888.1211909341959,0.0,888.1211909341959
1668655120.9859946,0.045107,0.0,0.000195,0.0,1.0,0.0,888.1211909341959,0.0,888.1211909341959
1668655180.9773867,0.045107,0.0,0.000195,0.0,1.0,0.0,888.1211909341959,0.0,888.1211909341959
1668655240.6346767,0.045107,0.0,0.000195,0.0,1.0,0.0,888.1211909341959,0.0,888.1211909341959
1668655300.4954743,0.045107,0.0,0.000195,0.0,1.0,0.0,888.1211909341959,0.0,888.1211909341959
1668655361.098399,0.045107,0.0,0.000195,0.0,1.0,0.0,888.1211909341959,0.0,888.1211909341959
1668655420.945601,0.045108,1.000000000001e-06,2e-06,-0.000193,1.0,0.0,888.1211909341959,0.0,888.1211909341959
1668655480.718397,0.045108,0.0,2e-06,0.0,1.0,0.0,888.1211909341959,0.0,888.1211909341959
1668655540.7218237,0.045108,0.0,2e-06,0.0,1.0,0.0,888.1211909341959,0.0,888.1211909341959
1668655600.6287332,0.045252,0.0001439999999999,0.000209,0.000207,0.0,1.0,0.0,19626.12019212844,888.1211909341959
1668655660.5620914,0.045174,-7.800000000000168e-05,9.8e-05,-0.000111,1.0,0.0,886.59035355921,0.0,886.59035355921
1668655720.8945897,0.045117,-5.700000000000149e-05,-5.9e-05,-0.000157,1.0,0.0,886.59035355921,0.0,886.59035355921
1668655780.498486,0.045117,0.0,-5.9e-05,0.0,1.0,0.0,886.59035355921,0.0,886.59035355921
1668655840.776503,0.045117,0.0,-5.9e-05,0.0,1.0,0.0,886.59035355921,0.0,886.59035355921
1668655900.8135216,0.045122,5.000000000005e-06,-5.4e-05,5e-06,0.0,1.0,0.0,19648.73794510904,886.59035355921
1668655961.4737113,0.045122,0.0,-5.4e-05,0.0,0.0,1.0,0.0,19648.73794510904,886.59035355921
1668656020.9501734,0.045151,2.8999999999994308e-05,7.1e-05,0.000125,0.0,1.0,0.0,19648.73794510904,887.1601669596181
1668656080.8355262,0.045149,-1.9999999999950613e-06,6.9e-05,-2.000000000000008e-06,1.0,0.0,887.120869483728,0.0,887.120869483728
1668656140.7285898,0.045239,8.99999999999998e-05,0.00011,4.100000000000001e-05,0.0,1.0,0.0,19609.648079836603,887.1208694837281
1668656200.6671262,0.045161,-7.800000000000168e-05,5.4e-05,-5.6000000000000006e-05,1.0,0.0,885.5913169335008,0.0,885.5913169335008
1668656260.6912498,0.045158,-3.0000000000030003e-06,5.1e-05,-2.9999999999999984e-06,1.0,0.0,885.5913169335008,0.0,885.5913169335008
1668656320.8011963,0.045248,8.99999999999998e-05,0.000141,9.000000000000002e-05,0.0,1.0,0.0,19571.943885552973,885.5913169335008
1668656380.8775542,0.045245,-2.9999999999960614e-06,0.000138,-3.0000000000000187e-06,1.0,0.0,885.5326011018443,0.0,885.5326011018443
1668656441.2977333,0.045245,0.0,0.000138,0.0,1.0,0.0,885.5326011018443,0.0,885.5326011018443
1668656500.771209,0.045248,2.9999999999960614e-06,0.00014,1.9999999999999944e-06,0.0,1.0,0.0,19570.646240758582,885.5326011018443
1668656560.7731297,0.045122,-0.0001259999999999,-5.2e-05,-0.0001919999999999,1.0,0.0,883.0666996755087,0.0,883.0666996755087
1668656620.6613002,0.045161,3.899999999999737e-05,4.4e-05,9.6e-05,0.0,1.0,0.0,19553.745481178645,883.0666996755087
1668656680.6647148,0.045123,-3.799999999999637e-05,1e-06,-4.3e-05,1.0,0.0,882.3236573472241,0.0,882.3236573472241
1668656740.6946192,0.045123,0.0,1e-06,0.0,1.0,0.0,882.3236573472241,0.0,882.3236573472241
1668656800.8860376,0.045123,0.0,1e-06,0.0,1.0,0.0,882.3236573472241,0.0,882.3236573472241
1668656860.6842082,0.045123,0.0,1e-06,0.0,1.0,0.0,882.3236573472241,0.0,882.3236573472241
1668656920.8894176,0.045124,9.999999999940612e-07,-2.5e-05,-2.6e-05,1.0,0.0,882.3236573472241,0.0,882.3236573472241
1668656980.6383655,0.045122,-1.9999999999950613e-06,-2.7e-05,-1.999999999999998e-06,1.0,0.0,882.3236573472241,0.0,882.3236573472241
1668657040.7962835,0.045237,0.0001149999999999,7.9e-05,0.000106,0.0,1.0,0.0,19504.46884955289,882.3236573472241
1668657100.898054,0.045186,-5.100000000000243e-05,2.8e-05,-5.099999999999999e-05,1.0,0.0,881.3289294358968,0.0,881.3289294358968
1668657160.726438,0.045282,9.60000000000058e-05,3.7e-05,8.999999999999999e-06,0.0,1.0,0.0,19463.11844520774,881.328929435897
1668657220.8613198,0.045368,8.59999999999958e-05,0.00012,8.300000000000001e-05,0.0,1.0,0.0,19463.11844520774,883.0027576221847
1668657280.945465,0.045486,0.000118,0.000283,0.000163,0.0,1.0,0.0,19463.11844520774,885.2994055987192
1668657341.055648,0.045451,-3.500000000000031e-05,0.000329,4.599999999999998e-05,0.0,1.0,0.0,19463.11844520774,884.618196453137
1668657400.8610797,0.04544,-1.0999999999997123e-05,0.000318,-1.0999999999999996e-05,1.0,0.0,884.4041021502397,0.0,884.4041021502397
1668657460.6089787,0.0455,5.999999999999756e-05,0.000377,5.9000000000000025e-05,0.0,1.0,0.0,19437.45279451077,884.4041021502399
1668657520.626064,0.045408,-9.20000000000018e-05,0.000285,-9.2e-05,1.0,0.0,882.615856493145,0.0,882.615856493145
1668657580.7619617,0.045485,7.700000000000068e-05,0.000336,5.099999999999999e-05,0.0,1.0,0.0,19404.547795825987,882.615856493145
1668657640.765444,0.04556,7.500000000000562e-05,0.000374,3.8e-05,0.0,1.0,0.0,19404.547795825987,884.071197577832
1668657700.8854766,0.045611,5.099999999999549e-05,0.000381,7.000000000000008e-06,0.0,1.0,0.0,19404.547795825987,885.0608295154191
1668657760.7763436,0.04571,9.900000000000186e-05,0.000342,-3.899999999999997e-05,1.0,0.0,886.9818797472059,0.0,886.9818797472059
1668657820.7417834,0.045718,8.000000000001062e-06,0.000232,-0.00011,1.0,0.0,886.9818797472059,0.0,886.9818797472059
1668657880.7078376,0.04582,0.0001019999999999,0.000372,0.00014,0.0,1.0,0.0,19357.963329271188,886.9818797472058
1668657941.274172,0.04599,0.00017,0.00055,0.000178,0.0,1.0,0.0,19357.963329271188,890.272733513182
1668658001.056973,0.04594,-5.000000000000143e-05,0.00044,-0.00011,1.0,0.0,889.3048353467184,0.0,889.3048353467184
1668658060.9855902,0.045882,-5.8000000000002494e-05,0.000474,3.399999999999996e-05,0.0,1.0,0.0,19382.43396858721,889.3048353467184
1668658120.770281,0.045924,4.200000000000037e-05,0.000439,-3.499999999999998e-05,1.0,0.0,890.1188975733991,0.0,890.1188975733991
1668658180.8186326,0.045898,-2.5999999999998247e-05,0.00039,-4.9e-05,1.0,0.0,890.1188975733991,0.0,890.1188975733991
1668658240.770263,0.045938,3.999999999999837e-05,0.00043,4e-05,0.0,1.0,0.0,19376.5270053855,890.1188975733991
1668658300.9319963,0.045929,-9.000000000002062e-06,0.000253,-0.0001769999999999,1.0,0.0,889.9445088303505,0.0,889.9445088303505
1668658360.832729,0.045913,-1.5999999999995185e-05,0.000237,-1.6000000000000037e-05,1.0,0.0,889.9445088303505,0.0,889.9445088303505
1668658420.9567108,0.045913,0.0,0.000257,2.0000000000000025e-05,0.0,1.0,0.0,19383.27943785748,889.9445088303505
1668658480.988295,0.0459,-1.2999999999999123e-05,0.0,-0.000257,1.0,0.0,889.6925261976584,0.0,889.6925261976584
1668658540.870403,0.045877,-2.3000000000002185e-05,-5.6e-05,-5.6e-05,1.0,0.0,889.6925261976584,0.0,889.6925261976584
1668658600.8420818,0.04591,3.299999999999831e-05,-2.3e-05,3.3e-05,0.0,1.0,0.0,19379.057420990164,889.6925261976585
1668658660.7996972,0.04581,-0.0001,-0.000129,-0.0001059999999999,1.0,0.0,887.7546204555593,0.0,887.7546204555593
1668658720.9674118,0.04581,0.0,-0.000129,0.0,1.0,0.0,887.7546204555593,0.0,887.7546204555593
1668658780.9186566,0.045827,1.7000000000003124e-05,4e-06,0.0001329999999999,0.0,1.0,0.0,19371.868559049453,887.7546204555593
1668658840.929795,0.0457,-0.000127,-0.000144,-0.000148,1.0,0.0,885.29439314856,0.0,885.29439314856
1668658900.9176729,0.045756,5.6000000000000494e-05,-8.8e-05,5.6000000000000006e-05,0.0,1.0,0.0,19348.159654440075,885.2943931485601
1668658960.8461678,0.045631,-0.000125,-0.000308,-0.00022,1.0,0.0,882.875873191755,0.0,882.875873191755
1668659020.9243398,0.045599,-3.199999999999731e-05,-0.00034,-3.200000000000002e-05,1.0,0.0,882.875873191755,0.0,882.875873191755
1668659080.866575,0.0456,1.000000000001e-06,-0.0003,4.000000000000005e-05,0.0,1.0,0.0,19361.31300859112,882.875873191755
1668659140.7062006,0.0456,0.0,-0.00031,-1.0000000000000026e-05,1.0,0.0,882.8758731917552,0.0,882.8758731917552
1668659201.0056963,0.04564,3.999999999999837e-05,-0.00027,4e-05,0.0,1.0,0.0,19344.34428553364,882.8758731917552
1668659260.9014788,0.045599,-4.099999999999937e-05,-0.000318,-4.799999999999997e-05,1.0,0.0,882.0827550760484,0.0,882.0827550760484
1668659321.0038278,0.0456,1.000000000001e-06,-0.00021,0.0001079999999999,0.0,1.0,0.0,19343.9200674572,882.0827550760484
1668659380.7705762,0.045606,5.999999999999062e-06,-0.000308,-9.8e-05,1.0,0.0,882.198818596453,0.0,882.198818596453
1668659440.8230486,0.045676,7.000000000000062e-05,-0.000238,7e-05,0.0,1.0,0.0,19314.274861994327,882.198818596453
1668659501.0733705,0.045595,-8.100000000000468e-05,-0.000182,5.6000000000000006e-05,0.0,1.0,0.0,19314.274861994327,880.6343623326312
1668659561.3625407,0.045546,-4.899999999999349e-05,-8.4e-05,9.8e-05,0.0,1.0,0.0,19314.274861994327,879.6879628643936
1668659620.7941844,0.0455,-4.600000000000437e-05,-9.9e-05,-1.5e-05,1.0,0.0,878.7995062207418,0.0,878.7995062207418
1668659680.9458525,0.045444,-5.6000000000000494e-05,-0.000156,-5.7e-05,1.0,0.0,878.7995062207418,0.0,878.7995062207418
1668659741.049901,0.045403,-4.099999999999937e-05,-0.000197,-4.1e-05,1.0,0.0,878.7995062207418,0.0,878.7995062207418
1668659801.232734,0.045475,7.200000000000262e-05,-0.000165,3.199999999999999e-05,0.0,1.0,0.0,19324.89293503556,878.7995062207418
1668659861.20808,0.045435,-3.999999999999837e-05,-0.000164,9.999999999999972e-07,0.0,1.0,0.0,19324.89293503556,878.0265105033407
1668659921.1959305,0.045477,4.199999999999343e-05,-0.000122,4.2e-05,0.0,1.0,0.0,19324.89293503556,878.8381560066122
1668659982.258618,0.045461,-1.5999999999995185e-05,-0.000138,-1.5999999999999996e-05,1.0,0.0,878.5289577196517,0.0,878.5289577196517
1668660041.910512,0.045541,7.999999999999674e-05,-0.000135,2.999999999999992e-06,0.0,1.0,0.0,19290.94569112781,878.5289577196518
1668660102.0122724,0.045488,-5.299999999999749e-05,-0.000167,-3.199999999999999e-05,1.0,0.0,877.5065375980219,0.0,877.5065375980219
1668660162.907875,0.045499,1.0999999999997123e-05,-0.000156,1.0999999999999996e-05,0.0,1.0,0.0,19286.281843513527,877.506537598022
1668660222.875981,0.045577,7.800000000000168e-05,-1.8e-05,0.000138,0.0,1.0,0.0,19286.281843513527,879.010867581816
1668660282.7868395,0.045385,-0.0001919999999999,-0.000151,-0.000133,1.0,0.0,875.3079014678615,0.0,875.3079014678615
1668660344.344463,0.045351,-3.399999999999931e-05,-9.3e-05,5.8000000000000014e-05,0.0,1.0,0.0,19300.74092010896,875.3079014678616
1668660403.7154016,0.045344,-7.000000000000062e-06,-5.9e-05,3.4e-05,0.0,1.0,0.0,19300.74092010896,875.1727962814208
1668660463.7638154,0.045275,-6.899999999999962e-05,-0.000185,-0.000126,1.0,0.0,873.8410451579333,0.0,873.8410451579333
1668660524.6495888,0.045341,6.599999999999662e-05,-9.5e-05,8.999999999999999e-05,0.0,1.0,0.0,19272.64606334076,873.8410451579333
1668660584.509931,0.045346,4.9999999999980616e-06,-9e-05,5e-06,0.0,1.0,0.0,19272.64606334076,873.93740838825
1668660644.6222692,0.045346,0.0,-0.000124,-3.4e-05,1.0,0.0,873.93740838825,0.0,873.93740838825
1668660705.4163463,0.045382,3.600000000000131e-05,-0.000174,-5e-05,1.0,0.0,873.93740838825,0.0,873.93740838825
1668660765.114406,0.045408,2.5999999999998247e-05,-0.000148,2.600000000000001e-05,0.0,1.0,0.0,19246.331227718685,873.93740838825
1668660825.3743908,0.045544,0.000136,9.9e-05,0.000247,0.0,1.0,0.0,19246.331227718685,876.5549094352198
1668660886.888671,0.045566,2.2000000000001185e-05,0.000188,8.9e-05,0.0,1.0,0.0,19246.331227718685,876.9783287222297
1668660946.4699812,0.045566,0.0,0.000188,0.0,0.0,1.0,0.0,19246.331227718685,876.9783287222297
1668661006.7011907,0.045566,0.0,0.000166,-2.2e-05,1.0,0.0,876.9783287222297,0.0,876.9783287222297
1668661067.1523054,0.045603,3.699999999999537e-05,0.000259,9.3e-05,0.0,1.0,0.0,19230.71571436593,876.9783287222297
1668661127.17459,0.045603,0.0,0.000259,0.0,0.0,1.0,0.0,19230.71571436593,876.9783287222295
1668661187.3258336,0.045665,6.199999999999956e-05,0.000391,0.000132,0.0,1.0,0.0,19230.71571436593,878.1706330965202
1668661247.6073468,0.045665,0.0,0.000391,0.0,0.0,1.0,0.0,19230.71571436593,878.1706330965202
1668661307.2425823,0.045596,-6.899999999999962e-05,0.00025,-0.000141,1.0,0.0,876.8437137122289,0.0,876.8437137122289
1668661367.2707047,0.045585,-1.0999999999997123e-05,0.000239,-1.0999999999999996e-05,1.0,0.0,876.8437137122289,0.0,876.8437137122289
1668661428.2115154,0.045479,-0.000106,6.9e-05,-0.00017,1.0,0.0,876.8437137122289,0.0,876.8437137122289
1668661487.5017986,0.04548,1.000000000001e-06,1.7e-05,-5.2e-05,1.0,0.0,876.8437137122289,0.0,876.8437137122289
1668661547.3013842,0.045418,-6.199999999999956e-05,8e-06,-9e-06,1.0,0.0,876.8437137122289,0.0,876.8437137122289
1668661609.043748,0.0454,-1.7999999999997185e-05,-0.00014,-0.000148,1.0,0.0,876.8437137122289,0.0,876.8437137122289
1668661667.238247,0.0454,0.0,-0.00014,0.0,1.0,0.0,876.8437137122289,0.0,876.8437137122289
1668661727.2107291,0.0454,0.0,-0.00014,0.0,1.0,0.0,876.8437137122289,0.0,876.8437137122289
1668661787.4001112,0.0454,0.0,-0.00014,0.0,1.0,0.0,876.8437137122289,0.0,876.8437137122289
1668661847.13816,0.04536,-4.000000000000531e-05,-0.000207,-6.7e-05,1.0,0.0,876.8437137122289,0.0,876.8437137122289
1668661907.7169342,0.04536,0.0,-0.000206,9.999999999999972e-07,0.0,1.0,0.0,19330.769702650552,876.843713712229
1668661967.0950413,0.04536,0.0,-0.000243,-3.7000000000000005e-05,1.0,0.0,876.843713712229,0.0,876.843713712229
1668662027.3664982,0.045399,3.900000000000431e-05,-0.000204,3.9e-05,0.0,1.0,0.0,19314.163609599967,876.8437137122289
1668662087.1771035,0.045399,0.0,-0.000204,0.0,0.0,1.0,0.0,19314.163609599967,876.8437137122289
1668662147.2483675,0.045342,-5.700000000000149e-05,-0.000261,-5.7e-05,1.0,0.0,875.7428063864817,0.0,875.7428063864817
1668662207.3104277,0.04535,8.000000000001062e-06,-0.000253,7.999999999999978e-06,0.0,1.0,0.0,19310.756480407534,875.7428063864817
1668662267.0782633,0.04539,3.999999999999837e-05,-0.000195,5.800000000000003e-05,0.0,1.0,0.0,19310.756480407534,876.515236645698
1668662327.301988,0.0454,1.0000000000003062e-05,-3.8e-05,0.000157,0.0,1.0,0.0,19310.756480407534,876.7083442105021
1668662388.4554906,0.045321,-7.900000000000268e-05,-0.000159,-0.0001209999999999,1.0,0.0,875.1827944485499,0.0,875.1827944485499
1668662447.1212473,0.045396,7.499999999999868e-05,-8.4e-05,7.5e-05,0.0,1.0,0.0,19278.852640068508,875.18279444855
1668662507.4598625,0.045396,0.0,-8.4e-05,0.0,0.0,1.0,0.0,19278.852640068508,875.18279444855
1668662567.1130612,0.045393,-2.9999999999960614e-06,8e-06,9.2e-05,0.0,1.0,0.0,19278.852640068508,875.1249578906298
1668662627.222459,0.0454,7.000000000000062e-06,0.0,-8e-06,1.0,0.0,875.2599098591103,0.0,875.2599098591103
1668662687.254449,0.0454,0.0,0.0,0.0,1.0,0.0,875.2599098591103,0.0,875.2599098591103
1668662747.5280926,0.045399,-1.000000000001e-06,3.9e-05,3.9e-05,0.0,1.0,0.0,19279.277293753392,875.2599098591103
1668662807.4224858,0.045395,-4.000000000004e-06,-4e-06,-4.3e-05,1.0,0.0,875.1827927499352,0.0,875.1827927499352
1668662868.0053785,0.045396,1.000000000001e-06,-3e-06,9.999999999999995e-07,0.0,1.0,0.0,19278.85260265079,875.1827927499352
1668662927.1815815,0.045381,-1.5000000000001124e-05,3.1e-05,3.4e-05,0.0,1.0,0.0,19278.85260265079,874.8936099608954
1668662987.0664873,0.045394,1.2999999999999123e-05,4.4e-05,1.2999999999999998e-05,0.0,1.0,0.0,19278.85260265079,875.1442350447298
1668663047.1165369,0.045403,9.000000000002062e-06,5e-06,-3.9e-05,1.0,0.0,875.3177447181538,0.0,875.3177447181538
1668663107.1650524,0.045449,4.600000000000437e-05,5.1e-05,4.6e-05,0.0,1.0,0.0,19259.340023282224,875.3177447181539
1668663167.114492,0.045449,0.0,5.1e-05,0.0,0.0,1.0,0.0,19259.340023282224,875.3177447181539
1668663227.299112,0.0454,-4.900000000000043e-05,8.1e-05,3.0000000000000004e-05,0.0,1.0,0.0,19259.340023282224,874.3740370570131
1668663287.3319275,0.04546,5.999999999999756e-05,6e-05,-2.1e-05,1.0,0.0,875.52959745841,0.0,875.52959745841
1668663348.064795,0.045406,-5.3999999999998494e-05,6e-06,-5.4e-05,1.0,0.0,875.52959745841,0.0,875.52959745841
1668663407.4537797,0.045406,0.0,6e-06,0.0,1.0,0.0,875.52959745841,0.0,875.52959745841
1668663467.216271,0.04549,8.400000000000074e-05,9.4e-05,8.8e-05,0.0,1.0,0.0,19246.638765847656,875.52959745841
1668663527.4342992,0.045423,-6.700000000000456e-05,2.7e-05,-6.7e-05,1.0,0.0,874.240072661098,0.0,874.240072661098
1668663587.2961853,0.045423,0.0,2.7e-05,0.0,1.0,0.0,874.240072661098,0.0,874.240072661098
1668663647.3652155,0.045423,0.0,2.7e-05,0.0,1.0,0.0,874.240072661098,0.0,874.240072661098
1668663707.1382532,0.045423,0.0,2.7e-05,0.0,1.0,0.0,874.240072661098,0.0,874.240072661098
1668663767.739565,0.045382,-4.099999999999937e-05,-1.8e-05,-4.5e-05,1.0,0.0,874.240072661098,0.0,874.240072661098
1668663827.7819602,0.045296,-8.59999999999958e-05,-0.000104,-8.599999999999999e-05,1.0,0.0,874.240072661098,0.0,874.240072661098
1668663887.8864002,0.045247,-4.900000000000043e-05,-0.000153,-4.900000000000001e-05,1.0,0.0,874.240072661098,0.0,874.240072661098
1668663947.4034247,0.045247,0.0,-0.000153,0.0,1.0,0.0,874.240072661098,0.0,874.240072661098
1668664007.6936626,0.045327,7.999999999999674e-05,-6.9e-05,8.400000000000001e-05,0.0,1.0,0.0,19287.402048692788,874.240072661098
1668664067.178604,0.045332,4.9999999999980616e-06,-6.4e-05,5e-06,0.0,1.0,0.0,19287.402048692788,874.3365096713414
1668664127.407068,0.045332,0.0,-6.4e-05,0.0,0.0,1.0,0.0,19287.402048692788,874.3365096713414
1668664187.3445635,0.045377,4.500000000000337e-05,-7.2e-05,-8.000000000000005e-06,1.0,0.0,875.2044427635326,0.0,875.2044427635326
1668664247.2944856,0.045355,-2.2000000000001185e-05,-9.4e-05,-2.2e-05,1.0,0.0,875.2044427635326,0.0,875.2044427635326
1668664307.555552,0.045355,0.0,-9.4e-05,0.0,1.0,0.0,875.2044427635326,0.0,875.2044427635326
1668664367.7297828,0.045355,0.0,-9.4e-05,0.0,1.0,0.0,875.2044427635326,0.0,875.2044427635326
1668664427.3865752,0.045289,-6.599999999999662e-05,-7.4e-05,2e-05,0.0,1.0,0.0,19324.87894993337,875.2044427635326
1668664487.6775792,0.045289,0.0,-7.4e-05,0.0,0.0,1.0,0.0,19324.87894993337,875.2044427635324
1668664547.341352,0.045289,0.0,-7.4e-05,0.0,0.0,1.0,0.0,19324.87894993337,875.2044427635324
1668664607.4759593,0.045289,0.0,-0.000117,-4.3e-05,1.0,0.0,875.2044427635324,0.0,875.2044427635324
1668664667.25459,0.045225,-6.400000000000156e-05,-0.000219,-0.000102,1.0,0.0,875.2044427635324,0.0,875.2044427635324
1668664727.8068607,0.045214,-1.1000000000004062e-05,-0.000209,1e-05,0.0,1.0,0.0,19356.93463890681,875.2044427635324
1668664787.919706,0.045226,1.2000000000005062e-05,-0.000137,7.200000000000002e-05,0.0,1.0,0.0,19356.93463890681,875.4367259791994
1668664847.3461435,0.045235,8.999999999995123e-06,-1.2e-05,0.000125,0.0,1.0,0.0,19356.93463890681,875.6109383909494
1668664907.2038746,0.04524,5.000000000005e-06,-7e-06,5e-06,0.0,1.0,0.0,19356.93463890681,875.707723064144
1668664967.2661092,0.0453,5.999999999999756e-05,-2.2e-05,-1.5e-05,1.0,0.0,876.8691391424784,0.0,876.8691391424784
1668665027.4243343,0.04524,-5.999999999999756e-05,-9.2e-05,-7e-05,1.0,0.0,876.8691391424784,0.0,876.8691391424784
1668665087.414166,0.04516,-8.000000000000368e-05,-0.000172,-8e-05,1.0,0.0,876.8691391424784,0.0,876.8691391424784
1668665147.25956,0.04516,0.0,-0.000179,-6.99999999999998e-06,1.0,0.0,876.8691391424784,0.0,876.8691391424784
1668665207.329767,0.04516,0.0,-0.000179,0.0,1.0,0.0,876.8691391424784,0.0,876.8691391424784
1668665267.2408614,0.045157,-2.9999999999960614e-06,-0.000198,-1.9e-05,1.0,0.0,876.8691391424784,0.0,876.8691391424784
1668665327.442248,0.045157,0.0,-0.000198,0.0,1.0,0.0,876.8691391424784,0.0,876.8691391424784
1668665387.3192992,0.045157,0.0,-0.000198,0.0,1.0,0.0,876.8691391424784,0.0,876.8691391424784
1668665447.1186905,0.045157,0.0,-0.000198,0.0,1.0,0.0,876.8691391424784,0.0,876.8691391424784
1668665507.1541526,0.045188,3.099999999999631e-05,-0.000101,9.7e-05,0.0,1.0,0.0,19404.911461947384,876.8691391424784
1668665567.4507203,0.045125,-6.300000000000056e-05,-0.000174,-7.3e-05,1.0,0.0,875.6466297203757,0.0,875.6466297203757
1668665627.5282035,0.045214,8.89999999999988e-05,1.4e-05,0.000188,0.0,1.0,0.0,19366.714507019413,875.6466297203757
1668665687.4371126,0.045214,0.0,1.4e-05,0.0,0.0,1.0,0.0,19366.714507019413,875.6466297203757
1668665747.6075504,0.045169,-4.499999999999643e-05,-4.5e-05,-5.9e-05,1.0,0.0,874.7751275675598,0.0,874.7751275675598
1668665807.4067006,0.045157,-1.1999999999998123e-05,-5.7e-05,-1.2e-05,1.0,0.0,874.7751275675598,0.0,874.7751275675598
1668665867.5622754,0.045157,0.0,-5.7e-05,0.0,1.0,0.0,874.7751275675598,0.0,874.7751275675598
1668665927.3826544,0.045157,0.0,-5.7e-05,0.0,1.0,0.0,874.7751275675598,0.0,874.7751275675598
1668665987.8329265,0.045157,0.0,-8.3e-05,-2.5999999999999995e-05,1.0,0.0,874.7751275675598,0.0,874.7751275675598
1668666047.339181,0.045157,0.0,-8.3e-05,0.0,1.0,0.0,874.7751275675598,0.0,874.7751275675598
1668666107.4603214,0.04511,-4.700000000000537e-05,-0.000222,-0.000139,1.0,0.0,874.7751275675598,0.0,874.7751275675598
1668666167.2453628,0.04511,0.0,-5e-05,0.000172,0.0,1.0,0.0,19392.04450382532,874.7751275675598
1668666227.646368,0.044974,-0.0001359999999999,-0.000186,-0.000136,1.0,0.0,872.1378095150397,0.0,872.1378095150397
1668666287.2436233,0.044995,2.1000000000000185e-05,-0.000165,2.0999999999999995e-05,0.0,1.0,0.0,19382.99387743171,872.1378095150397
1668666347.499289,0.04498,-1.5000000000001124e-05,-0.000177,-1.1999999999999994e-05,1.0,0.0,871.8470646068782,0.0,871.8470646068782
1668666407.230173,0.04498,0.0,-0.000177,0.0,1.0,0.0,871.8470646068782,0.0,871.8470646068782
1668666467.2847855,0.04498,0.0,-0.000177,0.0,1.0,0.0,871.8470646068782,0.0,871.8470646068782
1668666527.729215,0.04498,0.0,-0.000177,0.0,1.0,0.0,871.8470646068782,0.0,871.8470646068782
1668666587.25573,0.04498,0.0,-0.000177,0.0,1.0,0.0,871.8470646068782,0.0,871.8470646068782
1668666647.53066,0.04498,0.0,-0.000177,0.0,1.0,0.0,871.8470646068782,0.0,871.8470646068782
1668666708.2937143,0.045087,0.000107,-0.000101,7.599999999999999e-05,0.0,1.0,0.0,19336.99435772791,871.8470646068782
1668666767.4700794,0.045204,0.0001169999999999,-1e-05,9.1e-05,0.0,1.0,0.0,19336.99435772791,874.1094929467324
1668666827.4289727,0.045225,2.1000000000000185e-05,6.8e-05,7.8e-05,0.0,1.0,0.0,19336.99435772791,874.5155698282447
1668666887.3559394,0.045272,4.699999999999843e-05,0.000115,4.7e-05,0.0,1.0,0.0,19336.99435772791,875.4244085630579
1668666947.431735,0.045208,-6.400000000000156e-05,5.1e-05,-6.400000000000001e-05,1.0,0.0,874.1868409241632,0.0,874.1868409241632
1668667007.922951,0.045208,0.0,5.1e-05,0.0,1.0,0.0,874.1868409241632,0.0,874.1868409241632
1668667067.4585545,0.045208,0.0,5.1e-05,0.0,1.0,0.0,874.1868409241632,0.0,874.1868409241632
1668667127.5325434,0.045208,0.0,5.1e-05,0.0,1.0,0.0,874.1868409241632,0.0,874.1868409241632
1668667188.3059816,0.045252,4.400000000000237e-05,0.000142,9.100000000000002e-05,0.0,1.0,0.0,19318.19236551232,874.1868409241632
1668667247.6899014,0.04528,2.8000000000000247e-05,0.000306,0.000164,0.0,1.0,0.0,19318.19236551232,874.7277503103977
1668667307.2405107,0.04528,0.0,0.000306,0.0,0.0,1.0,0.0,19318.19236551232,874.7277503103979
1668667367.6982236,0.045359,7.899999999999574e-05,0.000379,7.299999999999999e-05,0.0,1.0,0.0,19318.19236551232,876.2538875072732
1668667428.007841,0.045359,0.0,0.000379,0.0,0.0,1.0,0.0,19318.19236551232,876.2538875072732
1668667487.5173297,0.045366,7.000000000000062e-06,0.000386,7.000000000000008e-06,0.0,1.0,0.0,19318.19236551232,876.3891148538319
1668667547.2755806,0.045366,0.0,0.000386,0.0,0.0,1.0,0.0,19318.19236551232,876.3891148538319
1668667607.708149,0.045409,4.300000000000137e-05,0.000282,-0.0001039999999999,1.0,0.0,877.2197971255489,0.0,877.2197971255489
1668667667.882543,0.04537,-3.899999999999737e-05,0.000214,-6.800000000000003e-05,1.0,0.0,877.2197971255489,0.0,877.2197971255489
1668667727.9179091,0.045409,3.899999999999737e-05,0.000253,3.9000000000000026e-05,0.0,1.0,0.0,19318.19236551232,877.2197971255489
1668667787.217419,0.045409,0.0,0.000137,-0.000116,1.0,0.0,877.2197971255489,0.0,877.2197971255489
1668667847.2461696,0.045411,2.000000000002e-06,0.000203,6.6e-05,0.0,1.0,0.0,19317.341549966943,877.2197971255488
1668667907.2618947,0.04537,-4.099999999999937e-05,0.000162,-4.1e-05,1.0,0.0,876.4277861220002,0.0,876.4277861220002
1668667967.4535182,0.045398,2.8000000000000247e-05,0.00019,2.8000000000000003e-05,0.0,1.0,0.0,19305.42724617825,876.4277861220002
1668668027.545709,0.045397,-1.000000000001e-06,9.2e-05,-9.8e-05,1.0,0.0,876.408480694754,0.0,876.408480694754
1668668087.3629894,0.045366,-3.100000000000325e-05,8.6e-05,-5.999999999999997e-06,1.0,0.0,876.408480694754,0.0,876.408480694754
1668668148.293536,0.045356,-9.999999999996125e-06,7.6e-05,-1e-05,1.0,0.0,876.408480694754,0.0,876.408480694754
1668668207.3056748,0.045356,0.0,7.6e-05,0.0,1.0,0.0,876.408480694754,0.0,876.408480694754
1668668267.3811305,0.045417,6.099999999999856e-05,8.7e-05,1.0999999999999996e-05,0.0,1.0,0.0,19296.925836025144,876.408480694754
1668668327.2718036,0.045375,-4.200000000000037e-05,9e-06,-7.8e-05,1.0,0.0,875.5980098096409,0.0,875.5980098096409
1668668387.487844,0.045338,-3.699999999999537e-05,-7.1e-05,-8e-05,1.0,0.0,875.5980098096409,0.0,875.5980098096409
1668668447.3249636,0.045341,2.9999999999960614e-06,-6.8e-05,3.000000000000005e-06,0.0,1.0,0.0,19311.396083228003,875.5980098096409
1668668507.3551664,0.04528,-6.099999999999856e-05,-0.000129,-6.099999999999999e-05,1.0,0.0,874.420014648564,0.0,874.420014648564
1668668567.099076,0.04524,-3.999999999999837e-05,-0.000172,-4.3000000000000015e-05,1.0,0.0,874.420014648564,0.0,874.420014648564
1668668627.7397408,0.04524,0.0,-0.000172,0.0,1.0,0.0,874.420014648564,0.0,874.420014648564
1668668687.3762012,0.04524,0.0,-0.000172,0.0,1.0,0.0,874.420014648564,0.0,874.420014648564
1668668747.4692,0.045211,-2.9000000000001247e-05,-0.000159,1.3000000000000018e-05,0.0,1.0,0.0,19340.86869674557,874.4200146485639
1668668807.3520794,0.0452,-1.1000000000004062e-05,-0.00017,-1.1000000000000023e-05,1.0,0.0,874.2072650928997,0.0,874.2072650928997
1668668867.0833232,0.045122,-7.799999999999474e-05,-0.000371,-0.000201,1.0,0.0,874.2072650928997,0.0,874.2072650928997
1668668927.333574,0.045043,-7.900000000000268e-05,-0.000323,4.800000000000003e-05,0.0,1.0,0.0,19408.28242108429,874.2072650928995
1668668987.361121,0.045044,1.000000000001e-06,-0.000312,1.0999999999999996e-05,0.0,1.0,0.0,19408.28242108429,874.2266733753207
1668669047.2617867,0.044986,-5.8000000000002494e-05,-0.000455,-0.000143,1.0,0.0,873.1009929948978,0.0,873.1009929948978
1668669108.709681,0.044986,0.0,-0.000455,0.0,1.0,0.0,873.1009929948978,0.0,873.1009929948978
1668669167.2575886,0.044986,0.0,-0.000455,0.0,1.0,0.0,873.1009929948978,0.0,873.1009929948978
1668669227.4161935,0.045179,0.0001929999999999,-0.000215,0.00024,0.0,1.0,0.0,19325.3722524823,873.1009929948978
1668669287.3079517,0.045184,5.000000000005e-06,-9.6e-05,0.0001189999999999,0.0,1.0,0.0,19325.3722524823,873.1976198561603
1668669347.3754516,0.045097,-8.700000000000374e-05,-0.000114,-1.8000000000000004e-05,1.0,0.0,871.5163124701942,0.0,871.5163124701942
1668669407.38199,0.045213,0.000116,2e-06,0.000116,0.0,1.0,0.0,19275.79042466092,871.5163124701942
1668669467.3785374,0.045183,-3.0000000000002247e-05,-5.7e-05,-5.9e-05,1.0,0.0,870.9380387574545,0.0,870.9380387574545
1668669527.6615567,0.045287,0.0001039999999999,8.7e-05,0.000144,0.0,1.0,0.0,19231.524251053383,870.9380387574546
1668669588.135564,0.045295,8.000000000001062e-06,0.000255,0.000168,0.0,1.0,0.0,19231.524251053383,871.091890951463
1668669647.2435906,0.045328,3.299999999999831e-05,0.000288,3.299999999999999e-05,0.0,1.0,0.0,19231.524251053383,871.7265312517477
1668669707.251147,0.045341,1.2999999999999123e-05,0.000301,1.299999999999999e-05,0.0,1.0,0.0,19231.524251053383,871.9765410670115
1668669767.317633,0.045405,6.400000000000156e-05,0.000419,0.000118,0.0,1.0,0.0,19231.524251053383,873.2073586190788
1668669827.3865378,0.045479,7.399999999999768e-05,0.000316,-0.000103,1.0,0.0,874.6304914136567,0.0,874.6304914136567
1668669887.354622,0.045296,-0.0001829999999999,3e-05,-0.0002859999999999,1.0,0.0,874.6304914136567,0.0,874.6304914136567
1668669947.4021132,0.045386,8.99999999999998e-05,0.00012,9e-05,0.0,1.0,0.0,19270.93137561488,874.6304914136567
1668670007.341943,0.045386,0.0,0.000289,0.000169,0.0,1.0,0.0,19270.93137561488,874.6304914136568
1668670067.776823,0.045281,-0.000105,6.8e-05,-0.0002209999999999,1.0,0.0,872.6070436192174,0.0,872.6070436192174
1668670127.3087432,0.0452,-8.100000000000468e-05,4e-06,-6.4e-05,1.0,0.0,872.6070436192174,0.0,872.6070436192174
1668670187.2550952,0.04519,-9.999999999996125e-06,-9.7e-05,-0.000101,1.0,0.0,872.6070436192174,0.0,872.6070436192174
1668670247.3701403,0.045193,2.9999999999960614e-06,-0.000135,-3.8e-05,1.0,0.0,872.6070436192174,0.0,872.6070436192174
1668670307.342075,0.045212,1.9000000000005124e-05,-0.000116,1.9e-05,0.0,1.0,0.0,19300.34158230597,872.6070436192174
1668670367.472679,0.04518,-3.200000000000425e-05,-0.000196,-7.999999999999999e-05,1.0,0.0,871.9894326885836,0.0,871.9894326885836
1668670427.4713063,0.04525,7.000000000000062e-05,-8.6e-05,0.0001099999999999,0.0,1.0,0.0,19270.484700300192,871.9894326885836
1668670487.338073,0.04525,0.0,-0.00023,-0.000144,1.0,0.0,871.9894326885836,0.0,871.9894326885836
1668670547.6639683,0.045259,9.000000000002062e-06,-3.8e-05,0.000192,0.0,1.0,0.0,19266.65265888737,871.9894326885837
1668670607.344605,0.045073,-0.0001859999999999,-0.000313,-0.000275,1.0,0.0,868.4058352940306,0.0,868.4058352940306
1668670667.273466,0.045034,-3.900000000000431e-05,-0.000352,-3.899999999999997e-05,1.0,0.0,868.4058352940306,0.0,868.4058352940306
1668670727.287996,0.045034,0.0,-0.000352,0.0,1.0,0.0,868.4058352940306,0.0,868.4058352940306
1668670787.425902,0.045034,0.0,-0.000352,0.0,1.0,0.0,868.4058352940306,0.0,868.4058352940306
1668670847.453388,0.045034,0.0,-0.000352,0.0,1.0,0.0,868.4058352940306,0.0,868.4058352940306
1668670907.171803,0.045034,0.0,-0.000352,0.0,1.0,0.0,868.4058352940306,0.0,868.4058352940306
1668670967.5455456,0.045034,0.0,-0.000352,0.0,1.0,0.0,868.4058352940306,0.0,868.4058352940306
1668671027.3236444,0.045034,0.0,-0.000352,0.0,1.0,0.0,868.4058352940306,0.0,868.4058352940306
1668671087.1816578,0.045116,8.200000000000568e-05,-0.000321,3.0999999999999995e-05,0.0,1.0,0.0,19248.289637690188,868.4058352940306
1668671147.3748105,0.045192,7.599999999999968e-05,-3.3e-05,0.000288,0.0,1.0,0.0,19248.289637690188,869.868705306495
1668671207.729911,0.045205,1.2999999999999123e-05,5.2e-05,8.5e-05,0.0,1.0,0.0,19248.289637690188,870.118933071785
1668671267.5899708,0.04513,-7.499999999999868e-05,-2.3e-05,-7.5e-05,1.0,0.0,868.6753113489583,0.0,868.6753113489583
1668671327.5088606,0.04513,0.0,-2.3e-05,0.0,1.0,0.0,868.6753113489583,0.0,868.6753113489583
1668671388.360634,0.04513,0.0,-2.3e-05,0.0,1.0,0.0,868.6753113489583,0.0,868.6753113489583
1668671448.260466,0.04513,0.0,-8.2e-05,-5.9e-05,1.0,0.0,868.6753113489583,0.0,868.6753113489583
1668671508.3646543,0.045187,5.699999999999456e-05,-1.8e-05,6.4e-05,0.0,1.0,0.0,19224.00936882197,868.6753113489584
1668671569.8547332,0.04518,-7.000000000000062e-06,-5.2e-05,-3.4e-05,1.0,0.0,868.5407432833766,0.0,868.5407432833766
1668671629.192481,0.04518,0.0,-5.2e-05,0.0,1.0,0.0,868.5407432833766,0.0,868.5407432833766
1668671689.2670913,0.045199,1.9000000000005124e-05,-7.4e-05,-2.2e-05,1.0,0.0,868.5407432833766,0.0,868.5407432833766
1668671750.09057,0.045178,-2.1000000000000185e-05,0.000105,0.000179,0.0,1.0,0.0,19224.86040292569,868.5407432833767
1668671810.1086254,0.04513,-4.799999999999943e-05,9.6e-05,-9.000000000000002e-06,1.0,0.0,867.6179499840364,0.0,867.6179499840364
1668671870.2175355,0.045209,7.899999999999574e-05,0.000175,7.9e-05,0.0,1.0,0.0,19191.26611922485,867.6179499840364
1668671930.9363222,0.04518,-2.9000000000001247e-05,-9.5e-05,-0.00027,1.0,0.0,867.0614032665786,0.0,867.0614032665786
1668671990.864258,0.045108,-7.199999999999568e-05,-2.2e-05,7.300000000000001e-05,0.0,1.0,0.0,19221.89862699696,867.0614032665786
1668672050.850222,0.045144,3.599999999999437e-05,1.4e-05,3.6e-05,0.0,1.0,0.0,19221.89862699696,867.7533916171506
1668672112.2947156,0.045081,-6.299999999999362e-05,-0.000128,-0.0001419999999999,1.0,0.0,866.54241200365,0.0,866.54241200365
1668672171.5894563,0.045034,-4.700000000000537e-05,-0.000173,-4.500000000000001e-05,1.0,0.0,866.54241200365,0.0,866.54241200365
1668672231.6226008,0.04507,3.600000000000131e-05,-0.00011,6.3e-05,0.0,1.0,0.0,19226.590015612383,866.54241200365
1668672293.2931268,0.045061,-9.000000000002062e-06,-0.000119,-9.000000000000002e-06,1.0,0.0,866.3693726935095,0.0,866.3693726935095
1668672352.917612,0.045061,0.0,-0.000119,0.0,1.0,0.0,866.3693726935095,0.0,866.3693726935095
1668672413.0139945,0.045061,0.0,-0.000119,0.0,1.0,0.0,866.3693726935095,0.0,866.3693726935095
1668672473.8250885,0.04513,6.900000000000656e-05,-4.8e-05,7.1e-05,0.0,1.0,0.0,19197.194165599587,866.3693726935094
1668672533.6461911,0.045167,3.699999999999537e-05,-4.2e-05,6.000000000000004e-06,0.0,1.0,0.0,19197.194165599587,867.0796688776365
1668672593.6866393,0.04521,4.300000000000137e-05,8e-05,0.000122,0.0,1.0,0.0,19197.194165599587,867.9051482267573
1668672654.890066,0.045148,-6.199999999999956e-05,3.1e-05,-4.9000000000000005e-05,1.0,0.0,866.7149221884902,0.0,866.7149221884902
1668672714.4911892,0.045123,-2.4999999999997247e-05,1.5e-05,-1.6000000000000003e-05,1.0,0.0,866.7149221884902,0.0,866.7149221884902
1668672774.4822776,0.045186,6.299999999999362e-05,1.1e-05,-4.000000000000001e-06,1.0,0.0,866.7149221884902,0.0,866.7149221884902
1668672835.1060624,0.045091,-9.499999999999786e-05,1e-05,-9.99999999999999e-07,1.0,0.0,866.7149221884902,0.0,866.7149221884902
1668672895.4141033,0.045195,0.0001039999999999,0.000161,0.000151,0.0,1.0,0.0,19177.230273005647,866.7149221884902
1668672955.3744626,0.045149,-4.599999999999743e-05,8.8e-05,-7.300000000000001e-05,1.0,0.0,865.832769595932,0.0,865.832769595932
1668673017.1431243,0.04515,1.000000000001e-06,0.00016,7.200000000000002e-05,0.0,1.0,0.0,19176.8055281491,865.832769595932
1668673076.2332416,0.04522,7.000000000000062e-05,0.00023,7e-05,0.0,1.0,0.0,19176.8055281491,867.1751459829023
1668673136.0143793,0.045135,-8.500000000000174e-05,-1.6e-05,-0.000246,1.0,0.0,865.5451175130097,0.0,865.5451175130097
1668673197.2786176,0.045135,0.0,-1.6e-05,0.0,1.0,0.0,865.5451175130097,0.0,865.5451175130097
1668673256.902358,0.045135,0.0,-9e-05,-7.400000000000001e-05,1.0,0.0,865.5451175130097,0.0,865.5451175130097
1668673316.857445,0.04515,1.5000000000001124e-05,2.6e-05,0.000116,0.0,1.0,0.0,19170.434496412174,865.5451175130097
1668673377.74641,0.04515,0.0,2e-06,-2.4e-05,1.0,0.0,865.5451175130097,0.0,865.5451175130097
1668673437.7238426,0.04529,0.0001399999999999,0.000126,0.000124,0.0,1.0,0.0,19111.17503892713,865.5451175130096
1668673497.6880176,0.045305,1.5000000000001124e-05,0.000141,1.5000000000000012e-05,0.0,1.0,0.0,19111.17503892713,865.8317851385935
1668673558.838266,0.045257,-4.799999999999943e-05,7.1e-05,-7.000000000000001e-05,1.0,0.0,864.914448736725,0.0,864.914448736725
1668673618.5632207,0.045181,-7.599999999999968e-05,2.3e-05,-4.8e-05,1.0,0.0,864.914448736725,0.0,864.914448736725
1668673679.0397377,0.045258,7.700000000000068e-05,0.0001,7.7e-05,0.0,1.0,0.0,19110.75276717321,864.9144487367251
1668673739.3799672,0.045243,-1.5000000000001124e-05,0.000117,1.6999999999999993e-05,0.0,1.0,0.0,19110.75276717321,864.6277874452175
1668673799.412399,0.045243,0.0,0.000117,0.0,0.0,1.0,0.0,19110.75276717321,864.6277874452175
1668673859.5095837,0.045338,9.50000000000048e-05,0.000195,7.8e-05,0.0,1.0,0.0,19110.75276717321,866.443308958099
1668673920.134545,0.045338,0.0,0.000195,0.0,0.0,1.0,0.0,19110.75276717321,866.443308958099
1668673981.1738658,0.045266,-7.200000000000262e-05,4.6e-05,-0.000149,1.0,0.0,865.0673347588626,0.0,865.0673347588626
1668674040.2447915,0.045215,-5.100000000000243e-05,8e-05,3.4000000000000007e-05,0.0,1.0,0.0,19132.308631181302,865.0673347588626
1668674101.1511762,0.045215,0.0,8e-05,0.0,0.0,1.0,0.0,19132.308631181302,865.0673347588626
1668674161.0505364,0.045215,0.0,8e-05,0.0,0.0,1.0,0.0,19132.308631181302,865.0673347588626
1668674221.8592107,0.045215,0.0,8e-05,0.0,0.0,1.0,0.0,19132.308631181302,865.0673347588626
1668674281.6732464,0.045215,0.0,8e-05,0.0,0.0,1.0,0.0,19132.308631181302,865.0673347588626
1668674342.2978666,0.045215,0.0,8e-05,0.0,0.0,1.0,0.0,19132.308631181302,865.0673347588626
1668674402.1822624,0.045169,-4.599999999999743e-05,7.7e-05,-3.000000000000005e-06,1.0,0.0,864.1872485618283,0.0,864.1872485618283
1668674462.698445,0.045096,-7.300000000000362e-05,-5.4e-05,-0.0001309999999999,1.0,0.0,864.1872485618283,0.0,864.1872485618283
1668674522.6699204,0.045215,0.000119,6.5e-05,0.0001189999999999,0.0,1.0,0.0,19112.84415706797,864.1872485618283
1668674582.5203462,0.045215,0.0,-9e-05,-0.000155,1.0,0.0,864.1872485618283,0.0,864.1872485618283
1668674643.586492,0.045173,-4.200000000000037e-05,-8e-06,8.2e-05,0.0,1.0,0.0,19130.6144945394,864.1872485618283
1668674703.3255773,0.045173,0.0,-8e-06,0.0,0.0,1.0,0.0,19130.6144945394,864.1872485618283
1668674763.4018507,0.045173,0.0,-8e-06,0.0,0.0,1.0,0.0,19130.6144945394,864.1872485618283
1668674824.401689,0.045173,0.0,-8e-06,0.0,0.0,1.0,0.0,19130.6144945394,864.1872485618283
1668674884.6999457,0.045173,0.0,-8e-06,0.0,0.0,1.0,0.0,19130.6144945394,864.1872485618283
1668674944.1802115,0.045185,1.2000000000005062e-05,-7.3e-05,-6.5e-05,1.0,0.0,864.4168159357629,0.0,864.4168159357629
1668675005.072866,0.045214,2.8999999999994308e-05,-2.9e-05,4.4e-05,0.0,1.0,0.0,19118.344228242644,864.4168159357629
1668675065.5173728,0.045249,3.500000000000031e-05,-8.9e-05,-6e-05,1.0,0.0,865.0859579837513,0.0,865.0859579837513
1668675125.1432588,0.045174,-7.499999999999868e-05,-0.000164,-7.500000000000001e-05,1.0,0.0,865.0859579837513,0.0,865.0859579837513
1668675195.7123709,0.045174,0.0,-0.000164,0.0,1.0,0.0,865.0859579837513,0.0,865.0859579837513
1668675246.5168655,0.045326,0.0001519999999999,6e-05,0.000224,0.0,1.0,0.0,19085.86590442023,865.0859579837512
1668675305.6936874,0.045335,9.000000000002062e-06,0.00012,6e-05,0.0,1.0,0.0,19085.86590442023,865.2577307768911
1668675367.1831229,0.04535,1.5000000000001124e-05,0.000224,0.000104,0.0,1.0,0.0,19085.86590442023,865.5440187654574
1668675426.858377,0.04538,2.9999999999995308e-05,0.000284,6.000000000000002e-05,0.0,1.0,0.0,19085.86590442023,866.1165947425899
1668675486.944633,0.045356,-2.3999999999996247e-05,0.000141,-0.000143,1.0,0.0,865.6585339608839,0.0,865.6585339608839
1668675547.8967535,0.045342,-1.4000000000000123e-05,0.000127,-1.4000000000000017e-05,1.0,0.0,865.6585339608839,0.0,865.6585339608839
1668675607.609991,0.04537,2.8000000000000247e-05,0.000197,7e-05,0.0,1.0,0.0,19079.976503435835,865.6585339608838
1668675667.3706586,0.045339,-3.100000000000325e-05,0.000151,-4.599999999999998e-05,1.0,0.0,865.0670546892773,0.0,865.0670546892773
1668675728.4104917,0.04534,1.000000000001e-06,4.8e-05,-0.000103,1.0,0.0,865.0670546892773,0.0,865.0670546892773
1668675788.345075,0.045341,1.000000000001e-06,4.9e-05,9.999999999999972e-07,0.0,1.0,0.0,19079.134882099585,865.0670546892773
1668675848.555691,0.045341,0.0,4.9e-05,0.0,0.0,1.0,0.0,19079.134882099585,865.0670546892773
1668675909.3880706,0.045341,0.0,4.9e-05,0.0,0.0,1.0,0.0,19079.134882099585,865.0670546892773
1668675969.3151653,0.045341,0.0,4.9e-05,0.0,0.0,1.0,0.0,19079.134882099585,865.0670546892773
1668676029.421249,0.045341,0.0,4.9e-05,0.0,0.0,1.0,0.0,19079.134882099585,865.0670546892773
1668676090.0946295,0.045341,0.0,4.9e-05,0.0,0.0,1.0,0.0,19079.134882099585,865.0670546892773
1668676150.075766,0.045242,-9.900000000000186e-05,6.8e-05,1.9e-05,0.0,1.0,0.0,19079.134882099585,863.1782203359494
1668676210.1073732,0.045242,0.0,6.8e-05,0.0,0.0,1.0,0.0,19079.134882099585,863.1782203359494
1668676270.9524896,0.045242,0.0,6.8e-05,0.0,0.0,1.0,0.0,19079.134882099585,863.1782203359494
1668676330.9545376,0.045242,0.0,6.8e-05,0.0,0.0,1.0,0.0,19079.134882099585,863.1782203359494
1668676390.956523,0.04537,0.000128,4.4e-05,-2.4e-05,1.0,0.0,865.6203496008582,0.0,865.6203496008582
1668676452.3014553,0.04534,-3.0000000000002247e-05,-5.6e-05,-0.0001,1.0,0.0,865.6203496008582,0.0,865.6203496008582
1668676512.3904731,0.04534,0.0,-5.6e-05,0.0,1.0,0.0,865.6203496008582,0.0,865.6203496008582
1668676572.4103804,0.045393,5.300000000000443e-05,6.6e-05,0.000122,0.0,1.0,0.0,19069.46775055313,865.6203496008583
1668676633.191507,0.045393,0.0,6.6e-05,0.0,0.0,1.0,0.0,19069.46775055313,865.6203496008583
1668676693.21263,0.045393,0.0,6.6e-05,0.0,0.0,1.0,0.0,19069.46775055313,865.6203496008583
1668676753.118332,0.04542,2.6999999999999247e-05,6.4e-05,-2.000000000000008e-06,1.0,0.0,866.1352252301232,0.0,866.1352252301232
1668676813.957015,0.045416,-4.000000000004e-06,6e-05,-3.999999999999996e-06,1.0,0.0,866.1352252301232,0.0,866.1352252301232
1668676874.0074658,0.045416,0.0,9e-05,3.0000000000000004e-05,0.0,1.0,0.0,19071.147287962904,866.1352252301232
1668676933.7057378,0.045399,-1.6999999999996185e-05,5.7e-05,-3.3e-05,1.0,0.0,865.8110157262279,0.0,865.8110157262279
1668676994.8033464,0.04544,4.099999999999937e-05,9e-05,3.3e-05,0.0,1.0,0.0,19053.93960665114,865.8110157262278
1668677054.533082,0.045546,0.000106,0.000207,0.0001169999999999,0.0,1.0,0.0,19053.93960665114,867.8307333245328
1668677114.6017418,0.045517,-2.9000000000001247e-05,0.000178,-2.9e-05,1.0,0.0,867.27816907594,0.0,867.27816907594
1668677175.5570266,0.04549,-2.6999999999999247e-05,0.000149,-2.9e-05,1.0,0.0,867.27816907594,0.0,867.27816907594
1668677235.5663006,0.04549,0.0,0.000149,0.0,1.0,0.0,867.27816907594,0.0,867.27816907594
1668677295.8729982,0.04544,-5.000000000000143e-05,0.000198,4.9e-05,0.0,1.0,0.0,19086.22731241065,867.27816907594
1668677356.3987346,0.04547,2.9999999999995308e-05,0.0001,-9.799999999999998e-05,1.0,0.0,867.8507558953122,0.0,867.8507558953122
1668677416.2634137,0.04547,0.0,0.0001,0.0,1.0,0.0,867.8507558953122,0.0,867.8507558953122
1668677476.1340177,0.04544,-2.9999999999995308e-05,4.7e-05,-5.300000000000001e-05,1.0,0.0,867.8507558953122,0.0,867.8507558953122
1668677536.964431,0.04544,0.0,4.7e-05,0.0,1.0,0.0,867.8507558953122,0.0,867.8507558953122
1668677597.0364146,0.045519,7.899999999999574e-05,0.000197,0.00015,0.0,1.0,0.0,19065.681493339314,867.8507558953122
1668677657.0273836,0.045709,0.00019,0.00031,0.000113,0.0,1.0,0.0,19065.681493339314,871.4732353790467
1668677717.898178,0.045699,-1.0000000000003062e-05,0.0003,-1.0000000000000026e-05,1.0,0.0,871.2825785641132,0.0,871.2825785641132
1668677777.990436,0.045682,-1.6999999999996185e-05,0.000208,-9.2e-05,1.0,0.0,871.2825785641132,0.0,871.2825785641132
1668677838.1822855,0.045546,-0.0001359999999999,5.6e-05,-0.0001519999999999,1.0,0.0,871.2825785641132,0.0,871.2825785641132
1668677898.965133,0.045484,-6.20000000000065e-05,-1.1e-05,-6.7e-05,1.0,0.0,871.2825785641132,0.0,871.2825785641132
1668677958.8190017,0.04548,-3.9999999999970615e-06,1e-05,2.1e-05,0.0,1.0,0.0,19157.488534830987,871.2825785641132
1668678018.8447597,0.045593,0.000113,0.000153,0.000143,0.0,1.0,0.0,19157.488534830987,873.4473747685493
1668678079.5314493,0.045567,-2.5999999999998247e-05,0.000127,-2.600000000000001e-05,1.0,0.0,872.9492800666436,0.0,872.9492800666436
1668678139.4487436,0.04555,-1.7000000000003124e-05,1.5e-05,-0.000112,1.0,0.0,872.9492800666436,0.0,872.9492800666436
1668678199.34343,0.045535,-1.5000000000001124e-05,-0.000129,-0.000144,1.0,0.0,872.9492800666436,0.0,872.9492800666436
1668678261.197672,0.045535,0.0,-0.000129,0.0,1.0,0.0,872.9492800666436,0.0,872.9492800666436
1668678321.006182,0.045519,-1.6000000000002124e-05,-0.000163,-3.400000000000001e-05,1.0,0.0,872.9492800666436,0.0,872.9492800666436
1668678381.1284215,0.04544,-7.899999999999574e-05,-0.000177,-1.3999999999999988e-05,1.0,0.0,872.9492800666436,0.0,872.9492800666436
1668678441.904239,0.04544,0.0,-8.5e-05,9.2e-05,0.0,1.0,0.0,19211.03169160748,872.9492800666436
1668678501.9434538,0.045411,-2.9000000000001247e-05,-0.000114,-2.9e-05,1.0,0.0,872.3921601475871,0.0,872.3921601475871
1668678561.5389583,0.045498,8.69999999999968e-05,-7.8e-05,3.600000000000001e-05,0.0,1.0,0.0,19174.2968954149,872.3921601475871
1668678622.2696629,0.045563,6.500000000000256e-05,-4e-06,7.4e-05,0.0,1.0,0.0,19174.2968954149,873.6384894457891
1668678682.3627722,0.045692,0.000129,0.000137,0.0001409999999999,0.0,1.0,0.0,19174.2968954149,876.1119737452976
1668678742.5630448,0.045731,3.899999999999737e-05,0.000176,3.9e-05,0.0,1.0,0.0,19174.2968954149,876.8597713242189
1668678803.406795,0.045629,-0.0001019999999999,8.8e-05,-8.8e-05,1.0,0.0,874.9039930408866,0.0,874.9039930408866
1668678863.0864246,0.04559,-3.900000000000431e-05,5.5e-05,-3.3e-05,1.0,0.0,874.9039930408866,0.0,874.9039930408866
1668678923.07431,0.045567,-2.2999999999995246e-05,3.2e-05,-2.3000000000000003e-05,1.0,0.0,874.9039930408866,0.0,874.9039930408866
1668678984.0505035,0.04558,1.2999999999999123e-05,0.00013,9.8e-05,0.0,1.0,0.0,19194.909895587683,874.9039930408867
1668679044.0414076,0.045546,-3.399999999999931e-05,6.8e-05,-6.199999999999999e-05,1.0,0.0,874.2513661044367,0.0,874.2513661044367
1668679103.9220033,0.045559,1.2999999999999123e-05,0.000148,7.999999999999999e-05,0.0,1.0,0.0,19189.43273786599,874.2513661044367
1668679164.7220917,0.045569,9.999999999996125e-06,0.000158,1e-05,0.0,1.0,0.0,19189.43273786599,874.4432604318154
1668679224.6663525,0.04554,-2.9000000000001247e-05,5e-05,-0.000108,1.0,0.0,873.8867668824172,0.0,873.8867668824172
1668679284.7769952,0.045571,3.100000000000325e-05,-0.000135,-0.000185,1.0,0.0,873.8867668824172,0.0,873.8867668824172
1668679345.3983774,0.045599,2.8000000000000247e-05,-0.000105,3e-05,0.0,1.0,0.0,19164.6037606618,873.8867668824172
1668679405.4244783,0.045622,2.3000000000002185e-05,5.5e-05,0.00016,0.0,1.0,0.0,19164.6037606618,874.3275527689126
1668679465.498932,0.045613,-9.000000000002062e-06,6.7e-05,1.2e-05,0.0,1.0,0.0,19164.6037606618,874.1550713350667
1668679526.8607802,0.04569,7.700000000000068e-05,0.00011,4.3e-05,0.0,1.0,0.0,19164.6037606618,875.6307458246378
1668679586.3976989,0.04573,3.999999999999837e-05,0.000164,5.4e-05,0.0,1.0,0.0,19164.6037606618,876.3973299750642
1668679646.335461,0.045559,-0.0001709999999999,-2.1e-05,-0.000185,1.0,0.0,873.120182731991,0.0,873.120182731991
1668679707.2376463,0.045575,1.5999999999995185e-05,-5e-06,1.6e-05,0.0,1.0,0.0,19157.87564963228,873.120182731991
1668679767.2622294,0.045604,2.9000000000001247e-05,2e-06,7.000000000000001e-06,0.0,1.0,0.0,19157.87564963228,873.6757611258304
1668679827.2471998,0.04565,4.600000000000437e-05,5.2e-05,5e-05,0.0,1.0,0.0,19157.87564963228,874.5570234057136
1668679889.3828206,0.045646,-4.000000000004e-06,4.8e-05,-3.999999999999996e-06,1.0,0.0,874.480391903115,0.0,874.480391903115
1668679948.053943,0.0457,5.3999999999998494e-05,0.000101,5.3e-05,0.0,1.0,0.0,19135.238334860285,874.480391903115
1668680008.1101625,0.045569,-0.0001309999999999,-4.4e-05,-0.000145,1.0,0.0,871.9736756812483,0.0,871.9736756812483
1668680069.419519,0.045571,2.000000000002e-06,-4.2e-05,2.000000000000001e-06,0.0,1.0,0.0,19134.398535938388,871.9736756812483
1668680129.2545726,0.045568,-3.0000000000030003e-06,-0.000162,-0.00012,1.0,0.0,871.9162724856404,0.0,871.9162724856404
1668680189.2570784,0.045451,-0.0001169999999999,-0.000279,-0.000117,1.0,0.0,871.9162724856404,0.0,871.9162724856404
1668680250.4558198,0.045509,5.8000000000002494e-05,-9.3e-05,0.000186,0.0,1.0,0.0,19159.205266774494,871.9162724856404
1668680310.0961864,0.045521,1.1999999999998123e-05,-8.1e-05,1.1999999999999994e-05,0.0,1.0,0.0,19159.205266774494,872.1461829488417
1668680370.2395318,0.045521,0.0,-8.1e-05,0.0,0.0,1.0,0.0,19159.205266774494,872.1461829488417
1668680430.6986952,0.04545,-7.100000000000162e-05,-0.000151,-7.000000000000001e-05,1.0,0.0,870.7858793749007,0.0,870.7858793749007
1668680490.5819468,0.0455,5.000000000000143e-05,-0.000101,5.000000000000001e-05,0.0,1.0,0.0,19138.151195052764,870.7858793749007
1668680550.7435093,0.045417,-8.299999999999974e-05,-0.000229,-0.000128,1.0,0.0,869.1974128257114,0.0,869.1974128257114
1668680611.3624356,0.045388,-2.9000000000001247e-05,-0.000261,-3.199999999999999e-05,1.0,0.0,869.1974128257114,0.0,869.1974128257114
1668680671.5077157,0.04536,-2.8000000000000247e-05,-0.000289,-2.7999999999999976e-05,1.0,0.0,869.1974128257114,0.0,869.1974128257114
1668680731.542734,0.045593,0.000233,1.1e-05,0.0003,0.0,1.0,0.0,19064.27330567656,869.1974128257114
1668680792.7917085,0.045349,-0.000244,-0.000219,-0.00023,1.0,0.0,864.5457301391264,0.0,864.5457301391264
1668680852.4906976,0.045443,9.399999999999686e-05,-6.2e-05,0.000157,0.0,1.0,0.0,19024.83837200727,864.5457301391264
1668680912.6125522,0.045449,6.0000000000060005e-06,-8.8e-05,-2.5999999999999995e-05,1.0,0.0,864.6598791693585,0.0,864.6598791693585
1668680973.3087242,0.045564,0.0001149999999999,2.7e-05,0.000115,0.0,1.0,0.0,18976.82115638132,864.6598791693585
1668681033.3155923,0.045417,-0.000147,-0.000104,-0.0001309999999999,1.0,0.0,861.8702864593704,0.0,861.8702864593704
1668681093.2880166,0.045464,4.699999999999843e-05,4.9e-05,0.0001529999999999,0.0,1.0,0.0,18957.203203839752,861.8702864593704
1668681154.030151,0.04547,5.999999999999062e-06,5.5e-05,6.000000000000004e-06,0.0,1.0,0.0,18957.203203839752,861.9840296785934
1668681214.0231352,0.04547,0.0,5.5e-05,0.0,0.0,1.0,0.0,18957.203203839752,861.9840296785934
1668681274.036466,0.04547,0.0,5.5e-05,0.0,0.0,1.0,0.0,18957.203203839752,861.9840296785934
1668681335.1030965,0.04547,0.0,-3e-05,-8.5e-05,1.0,0.0,861.9840296785934,0.0,861.9840296785934
1668681394.9775631,0.045392,-7.799999999999474e-05,2e-06,3.2e-05,0.0,1.0,0.0,18989.77858826651,861.9840296785934
1668681454.9666874,0.045432,3.999999999999837e-05,7.2e-05,7.000000000000001e-05,0.0,1.0,0.0,18989.77858826651,862.7436208221241
1668681516.062305,0.045566,0.000134,-2.7e-05,-9.9e-05,1.0,0.0,865.2882511529517,0.0,865.2882511529517
1668681575.9736235,0.04546,-0.000106,0.000111,0.000138,0.0,1.0,0.0,19034.05743847232,865.2882511529518
1668681635.7801304,0.045478,1.7999999999997185e-05,5.7e-05,-5.4e-05,1.0,0.0,865.6308641868441,0.0,865.6308641868441
1668681696.5102088,0.045392,-8.59999999999958e-05,-8.6e-05,-0.000143,1.0,0.0,865.6308641868441,0.0,865.6308641868441
1668681756.7450676,0.045392,0.0,-8.6e-05,0.0,1.0,0.0,865.6308641868441,0.0,865.6308641868441
1668681816.4435697,0.045392,0.0,-0.000172,-8.6e-05,1.0,0.0,865.6308641868441,0.0,865.6308641868441
1668681877.6338575,0.045357,-3.500000000000031e-05,-9.6e-05,7.6e-05,0.0,1.0,0.0,19084.835068166856,865.6308641868442
1668681937.5816624,0.045381,2.3999999999996247e-05,-7.2e-05,2.4e-05,0.0,1.0,0.0,19084.835068166856,866.08890022848
1668681997.5602894,0.045345,-3.599999999999437e-05,-0.000125,-5.3e-05,1.0,0.0,865.4018461660262,0.0,865.4018461660262
1668682058.375918,0.045381,3.599999999999437e-05,-8.9e-05,3.600000000000001e-05,0.0,1.0,0.0,19069.69538278192,865.4018461660263
1668682118.3725457,0.045345,-3.599999999999437e-05,-4.7e-05,4.2e-05,0.0,1.0,0.0,19069.69538278192,864.7153371322462
1668682178.3708167,0.045324,-2.1000000000000185e-05,-6.8e-05,-2.1e-05,1.0,0.0,864.3148735292078,0.0,864.3148735292078
1668682239.3035157,0.045347,2.2999999999995246e-05,-0.000108,-4e-05,1.0,0.0,864.3148735292078,0.0,864.3148735292078
1668682299.149012,0.045369,2.2000000000001185e-05,-8.8e-05,2e-05,0.0,1.0,0.0,19050.780787083862,864.314873529208
1668682359.124363,0.045326,-4.300000000000137e-05,-0.000158,-7e-05,1.0,0.0,863.4956899553631,0.0,863.4956899553631
1668682420.047989,0.045326,0.0,-0.000158,0.0,1.0,0.0,863.4956899553631,0.0,863.4956899553631
1668682479.9873953,0.045326,0.0,-0.000158,0.0,1.0,0.0,863.4956899553631,0.0,863.4956899553631
1668682540.0306876,0.045428,0.000102,3.6e-05,0.000194,0.0,1.0,0.0,19008.00585443698,863.4956899553631
1668682600.950843,0.045428,0.0,3.6e-05,0.0,0.0,1.0,0.0,19008.00585443698,863.4956899553631
1668682660.933268,0.045385,-4.300000000000137e-05,2e-05,-1.6e-05,1.0,0.0,862.6783457036223,0.0,862.6783457036223
1668682721.0078938,0.045391,5.999999999999062e-06,1e-05,-1e-05,1.0,0.0,862.6783457036223,0.0,862.6783457036223
1668682781.739452,0.045371,-1.9999999999999185e-05,2.6e-05,1.5999999999999996e-05,0.0,1.0,0.0,19013.871100562523,862.6783457036222
1668682841.750792,0.045515,0.0001439999999999,0.000191,0.000165,0.0,1.0,0.0,19013.871100562523,865.4163431421032
1668682901.9404342,0.045469,-4.599999999999743e-05,0.000189,-1.9999999999999944e-06,1.0,0.0,864.5417050714774,0.0,864.5417050714774
1668682962.5097437,0.045469,0.0,0.000189,0.0,1.0,0.0,864.5417050714774,0.0,864.5417050714774
1668683022.5071256,0.045431,-3.800000000000331e-05,4.7e-05,-0.000142,1.0,0.0,864.5417050714774,0.0,864.5417050714774
1668683082.8638904,0.045406,-2.4999999999997247e-05,2.1e-05,-2.6e-05,1.0,0.0,864.5417050714774,0.0,864.5417050714774
1668683143.7624264,0.04538,-2.6000000000005186e-05,5.4e-05,3.3e-05,0.0,1.0,0.0,19051.16141629523,864.5417050714774
1668683203.4670372,0.045371,-8.999999999995123e-06,4.5e-05,-8.999999999999995e-06,1.0,0.0,864.3702446187308,0.0,864.3702446187308
1668683263.7858052,0.045375,3.9999999999970615e-06,-5.3e-05,-9.8e-05,1.0,0.0,864.3702446187308,0.0,864.3702446187308
1668683324.6822414,0.045233,-0.0001419999999999,-0.000158,-0.0001049999999999,1.0,0.0,864.3702446187308,0.0,864.3702446187308
1668683384.4137015,0.04524,7.000000000000062e-06,-0.000193,-3.500000000000001e-05,1.0,0.0,864.3702446187308,0.0,864.3702446187308
1668683444.2980251,0.045296,5.6000000000000494e-05,-0.000137,5.6000000000000006e-05,0.0,1.0,0.0,19082.705859650538,864.3702446187308
1668683504.9402225,0.045212,-8.400000000000074e-05,-0.000232,-9.5e-05,1.0,0.0,862.7672973265202,0.0,862.7672973265202
1668683565.1185997,0.045115,-9.699999999999986e-05,-0.000317,-8.5e-05,1.0,0.0,862.7672973265202,0.0,862.7672973265202
1668683625.0859962,0.04515,3.500000000000031e-05,-0.000319,-1.9999999999999944e-06,1.0,0.0,862.7672973265202,0.0,862.7672973265202
1668683686.6188786,0.045153,2.9999999999960614e-06,-0.000316,3.0000000000000187e-06,0.0,1.0,0.0,19107.64062911701,862.7672973265202
1668683745.9330544,0.045153,0.0,-0.000316,0.0,0.0,1.0,0.0,19107.64062911701,862.7672973265203
1668683806.059763,0.045145,-8.000000000001062e-06,-0.000261,5.499999999999998e-05,0.0,1.0,0.0,19107.64062911701,862.6144362014874
1668683866.7083576,0.045104,-4.099999999999937e-05,-0.000302,-4.100000000000002e-05,1.0,0.0,861.8310229356936,0.0,861.8310229356936
1668683926.723561,0.045077,-2.6999999999999247e-05,-0.000294,8.000000000000032e-06,0.0,1.0,0.0,19119.0856298266,861.8310229356935
1668683986.7997203,0.045012,-6.499999999999562e-05,-0.000363,-6.9e-05,1.0,0.0,860.588282369755,0.0,860.588282369755
1668684047.5615103,0.045069,5.699999999999456e-05,-0.000164,0.0001989999999999,0.0,1.0,0.0,19094.90519802425,860.5882823697549
1668684107.4674544,0.045118,4.900000000000043e-05,-5.5e-05,0.0001089999999999,0.0,1.0,0.0,19094.90519802425,861.5239327244582
1668684167.5283456,0.045118,0.0,-5.5e-05,0.0,0.0,1.0,0.0,19094.90519802425,861.5239327244582
1668684228.4289148,0.045118,0.0,1e-06,5.6e-05,0.0,1.0,0.0,19094.90519802425,861.5239327244582
1668684289.5662696,0.04509,-2.8000000000000247e-05,-0.000117,-0.000118,1.0,0.0,860.9892753789135,0.0,860.9892753789135
1668684409.3488278,0.04518,8.99999999999998e-05,9.4e-05,0.0002109999999999,0.0,1.0,0.0,19056.86753826723,860.9892753789134
1668684469.2665973,0.045189,9.000000000002062e-06,8.5e-05,-8.999999999999988e-06,1.0,0.0,861.1607871867578,0.0,861.1607871867578
1668684529.4957533,0.045174,-1.5000000000001124e-05,0.000162,7.7e-05,0.0,1.0,0.0,19063.195359869787,861.1607871867577
1668684590.647849,0.045178,4.000000000004e-06,0.000166,3.999999999999989e-06,0.0,1.0,0.0,19063.195359869787,861.2370399681973
1668684650.2388277,0.045178,0.0,0.000166,0.0,0.0,1.0,0.0,19063.195359869787,861.2370399681973
1668684709.975922,0.045115,-6.300000000000056e-05,6.2e-05,-0.000104,1.0,0.0,860.0360586605256,0.0,860.0360586605256
1668684770.927749,0.045132,1.6999999999996185e-05,1.4e-05,-4.8e-05,1.0,0.0,860.0360586605256,0.0,860.0360586605256
1668684830.7587595,0.04517,3.800000000000331e-05,3.1e-05,1.7e-05,0.0,1.0,0.0,19039.983587791136,860.0360586605257
1668684890.6844928,0.045149,-2.1000000000000185e-05,5.9e-05,2.8e-05,0.0,1.0,0.0,19039.983587791136,859.636219005182
1668684952.0730429,0.045162,1.2999999999999123e-05,-4.2e-05,-0.0001009999999999,1.0,0.0,859.8837387918232,0.0,859.8837387918232
1668685011.1222825,0.045128,-3.399999999999931e-05,-5.3e-05,-1.1000000000000005e-05,1.0,0.0,859.8837387918232,0.0,859.8837387918232
1668685070.928811,0.04515,2.2000000000001185e-05,-4.8e-05,5e-06,0.0,1.0,0.0,19045.04404854537,859.8837387918232
1668685132.347397,0.045188,3.799999999999637e-05,1.4e-05,6.2e-05,0.0,1.0,0.0,19045.04404854537,860.6074504656681
1668685190.7877314,0.045168,-1.9999999999999185e-05,-1e-05,-2.4e-05,1.0,0.0,860.2265495846972,0.0,860.2265495846972
1668685250.7339666,0.045157,-1.0999999999997123e-05,-2.1e-05,-1.0999999999999998e-05,1.0,0.0,860.2265495846972,0.0,860.2265495846972
1668685310.8505397,0.04514,-1.7000000000003124e-05,2.5e-05,4.6e-05,0.0,1.0,0.0,19056.857545075258,860.2265495846972
1668685370.7744682,0.045205,6.500000000000256e-05,7.3e-05,4.8e-05,0.0,1.0,0.0,19056.857545075258,861.4652453251271
1668685430.9558048,0.045215,9.999999999996125e-06,8.3e-05,1e-05,0.0,1.0,0.0,19056.857545075258,861.6558139005778
1668685490.7791574,0.0452,-1.5000000000001124e-05,3e-05,-5.3e-05,1.0,0.0,861.3699610374016,0.0,861.3699610374016
1668685550.888676,0.045201,1.000000000001e-06,3.1e-05,1.0000000000000006e-06,0.0,1.0,0.0,19056.43594251016,861.3699610374016
1668685610.8232214,0.045201,0.0,5.2e-05,2.0999999999999995e-05,0.0,1.0,0.0,19056.43594251016,861.3699610374017
1668685670.9439492,0.045261,6.0000000000004494e-05,0.000147,9.5e-05,0.0,1.0,0.0,19056.43594251016,862.5133471939524
1668685730.8651118,0.045261,0.0,0.000147,0.0,0.0,1.0,0.0,19056.43594251016,862.5133471939524
1668685791.1337,0.045136,-0.000125,1.7e-05,-0.00013,1.0,0.0,860.1312927011387,0.0,860.1312927011387
1668685850.8884318,0.045155,1.8999999999998185e-05,1.5e-05,-1.9999999999999995e-06,1.0,0.0,860.1312927011387,0.0,860.1312927011387
1668685911.3353364,0.045052,-0.0001029999999999,-0.000136,-0.000151,1.0,0.0,860.1312927011387,0.0,860.1312927011387
1668685970.9424975,0.045177,0.000125,2e-05,0.000156,0.0,1.0,0.0,19039.141437039616,860.1312927011388
1668686030.6582894,0.045177,0.0,2e-05,0.0,0.0,1.0,0.0,19039.141437039616,860.1312927011388
1668686091.0125177,0.045191,1.4000000000000123e-05,5.1e-05,3.0999999999999995e-05,0.0,1.0,0.0,19039.141437039616,860.3978406812573
1668686160.8067784,0.04519,-1.000000000001e-06,-0.00011,-0.000161,1.0,0.0,860.3788015398203,0.0,860.3788015398203
1668686210.715877,0.045104,-8.600000000000274e-05,-9.6e-05,1.4e-05,0.0,1.0,0.0,19075.44345379169,860.3788015398203
1668686280.7618594,0.045177,7.300000000000362e-05,-2.4e-05,7.2e-05,0.0,1.0,0.0,19075.44345379169,861.7713089119472
1668686330.739781,0.045212,3.500000000000031e-05,1.1e-05,3.5e-05,0.0,1.0,0.0,19075.44345379169,862.4389494328299
1668686401.094129,0.045135,-7.700000000000068e-05,-0.000126,-0.000137,1.0,0.0,860.970140286888,0.0,860.970140286888
1668686471.2052417,0.045057,-7.800000000000168e-05,-0.000204,-7.8e-05,1.0,0.0,860.970140286888,0.0,860.970140286888
1668686510.947981,0.04509,3.299999999999831e-05,-0.000143,6.099999999999999e-05,0.0,1.0,0.0,19094.48082250805,860.9701402868878
1668686570.8903573,0.04509,0.0,-0.000143,0.0,0.0,1.0,0.0,19094.48082250805,860.9701402868878
1668686631.1737106,0.045184,9.40000000000038e-05,0.000149,0.000292,0.0,1.0,0.0,19094.48082250805,862.7650214842037
1668686691.269156,0.045225,4.099999999999937e-05,4e-05,-0.0001089999999999,1.0,0.0,863.5478951979266,0.0,863.5478951979266
1668686750.8590996,0.04525,2.4999999999997247e-05,7.3e-05,3.3e-05,0.0,1.0,0.0,19083.93138558953,863.5478951979266
1668686821.1178892,0.04522,-2.9999999999995308e-05,2.9e-05,-4.4e-05,1.0,0.0,862.9753772563588,0.0,862.9753772563588
1668686871.07424,0.04531,8.99999999999998e-05,0.000263,0.000234,0.0,1.0,0.0,19046.02465805249,862.9753772563588
1668686930.8728335,0.04525,-6.0000000000004494e-05,0.000146,-0.000117,1.0,0.0,861.8326157768754,0.0,861.8326157768754
1668687000.9398315,0.045217,-3.299999999999831e-05,0.000113,-3.3e-05,1.0,0.0,861.8326157768754,0.0,861.8326157768754
1668687051.024154,0.045219,2.000000000002e-06,5.3e-05,-6e-05,1.0,0.0,861.8326157768754,0.0,861.8326157768754
1668687110.826892,0.045163,-5.6000000000000494e-05,-4.9e-05,-0.000102,1.0,0.0,861.8326157768754,0.0,861.8326157768754
1668687170.9051485,0.045163,0.0,-4.9e-05,0.0,1.0,0.0,861.8326157768754,0.0,861.8326157768754
1668687230.753863,0.045213,5.000000000000143e-05,0.000156,0.000205,0.0,1.0,0.0,19061.61094766716,861.8326157768753
1668687290.8960023,0.04528,6.699999999999762e-05,0.00019,3.400000000000001e-05,0.0,1.0,0.0,19061.61094766716,863.109743710369
1668687350.758466,0.045275,-4.9999999999980616e-06,8.8e-05,-0.000102,1.0,0.0,863.0144356556307,0.0,863.0144356556307
1668687410.8387628,0.045275,0.0,8.8e-05,0.0,1.0,0.0,863.0144356556307,0.0,863.0144356556307
1668687470.8659763,0.04531,3.500000000000031e-05,0.00014,5.199999999999999e-05,0.0,1.0,0.0,19046.886684079247,863.0144356556308
1668687530.7910104,0.045271,-3.900000000000431e-05,1e-05,-0.00013,1.0,0.0,862.2716070749516,0.0,862.2716070749516
1668687590.7908213,0.04529,1.8999999999998185e-05,7.7e-05,6.7e-05,0.0,1.0,0.0,19038.896159747223,862.2716070749517
1668687651.2427366,0.04526,-2.9999999999995308e-05,4.7e-05,-3.0000000000000004e-05,1.0,0.0,861.7004401901593,0.0,861.7004401901593
1668687710.8944528,0.045238,-2.2000000000001185e-05,7.1e-05,2.4000000000000007e-05,0.0,1.0,0.0,19048.15509505635,861.7004401901592
1668687790.978891,0.045313,7.499999999999868e-05,0.000146,7.5e-05,0.0,1.0,0.0,19048.15509505635,863.1290518222884
1668687830.7918432,0.045313,0.0,0.00015,3.999999999999989e-06,0.0,1.0,0.0,19048.15509505635,863.1290518222884
1668687890.9480176,0.045365,5.200000000000343e-05,0.000202,5.200000000000002e-05,0.0,1.0,0.0,19048.15509505635,864.1195558872314
1668687951.1474345,0.045355,-1.0000000000003062e-05,0.000143,-5.9e-05,1.0,0.0,863.9290743362808,0.0,863.9290743362808
1668688011.0343547,0.045281,-7.399999999999768e-05,6.9e-05,-7.400000000000001e-05,1.0,0.0,863.9290743362808,0.0,863.9290743362808
1668688071.0459447,0.045281,0.0,6.9e-05,0.0,1.0,0.0,863.9290743362808,0.0,863.9290743362808
1668688141.189904,0.045246,-3.500000000000031e-05,-4.5e-05,-0.000114,1.0,0.0,863.9290743362808,0.0,863.9290743362808
1668688191.114545,0.045246,0.0,-4.5e-05,0.0,1.0,0.0,863.9290743362808,0.0,863.9290743362808
1668688250.7504344,0.045246,0.0,-4.5e-05,0.0,1.0,0.0,863.9290743362808,0.0,863.9290743362808
1668688311.0384035,0.045246,0.0,-4.5e-05,0.0,1.0,0.0,863.9290743362808,0.0,863.9290743362808
1668688381.0494776,0.045246,0.0,-2.9e-05,1.6000000000000003e-05,0.0,1.0,0.0,19094.04310516468,863.9290743362809
1668688430.915325,0.045189,-5.700000000000149e-05,0.0,2.9e-05,0.0,1.0,0.0,19094.04310516468,862.8407138792866
1668688491.1896925,0.045188,-1.000000000001e-06,-1e-06,-1e-06,1.0,0.0,862.8216198361816,0.0,862.8216198361816
1668688551.1081333,0.045188,0.0,-1e-06,0.0,1.0,0.0,862.8216198361816,0.0,862.8216198361816
1668688610.9188652,0.045188,0.0,-1e-06,0.0,1.0,0.0,862.8216198361816,0.0,862.8216198361816
1668688671.0233634,0.045246,5.8000000000002494e-05,-0.000104,-0.000103,1.0,0.0,862.8216198361816,0.0,862.8216198361816
1668688730.806362,0.045246,0.0,-0.000104,0.0,1.0,0.0,862.8216198361816,0.0,862.8216198361816
1668688791.020676,0.045246,0.0,-0.000104,0.0,1.0,0.0,862.8216198361816,0.0,862.8216198361816
1668688851.0623746,0.045384,0.0001379999999999,0.000124,0.000228,0.0,1.0,0.0,19011.58161105636,862.8216198361815
1668688910.9683824,0.04537,-1.4000000000000123e-05,0.000114,-1e-05,1.0,0.0,862.555457693627,0.0,862.555457693627
1668688970.9599233,0.04537,0.0,5.7e-05,-5.7e-05,1.0,0.0,862.555457693627,0.0,862.555457693627
1668689031.0785644,0.04536,-1.0000000000003062e-05,-5e-06,-6.2e-05,1.0,0.0,862.555457693627,0.0,862.555457693627
1668689091.218814,0.04537,1.0000000000003062e-05,8.9e-05,9.4e-05,0.0,1.0,0.0,19011.58161105636,862.555457693627
1668689151.2582395,0.045385,1.5000000000001124e-05,0.000139,5e-05,0.0,1.0,0.0,19011.58161105636,862.840631417793
1668689215.1418977,0.045391,5.999999999999062e-06,0.000187,4.8e-05,0.0,1.0,0.0,19011.58161105636,862.9547009074593
1668689272.913783,0.045351,-3.999999999999837e-05,0.000163,-2.3999999999999987e-05,1.0,0.0,862.1942376430171,0.0,862.1942376430171
1668689332.069153,0.045355,3.9999999999970615e-06,0.000109,-5.4e-05,1.0,0.0,862.1942376430171,0.0,862.1942376430171
1668689391.327882,0.045379,2.4000000000003185e-05,0.000133,2.4e-05,0.0,1.0,0.0,18999.850980475927,862.1942376430171
1668689451.131407,0.04538,9.999999999940612e-07,-4e-06,-0.000137,1.0,0.0,862.2132374939976,0.0,862.2132374939976
1668689511.2900746,0.045372,-7.999999999994123e-06,-1.1e-05,-7e-06,1.0,0.0,862.2132374939976,0.0,862.2132374939976
1668689571.2877064,0.045372,0.0,-1.1e-05,0.0,1.0,0.0,862.2132374939976,0.0,862.2132374939976
1668689631.1072772,0.04539,1.7999999999997185e-05,6.8e-05,7.9e-05,0.0,1.0,0.0,18995.665069266302,862.2132374939977
1668689691.102311,0.045372,-1.7999999999997185e-05,-1.3e-05,-8.1e-05,1.0,0.0,861.8713155227507,0.0,861.8713155227507
1668689751.4514332,0.04532,-5.200000000000343e-05,-6.5e-05,-5.2e-05,1.0,0.0,861.8713155227507,0.0,861.8713155227507
1668689811.2756026,0.045313,-7.000000000000062e-06,-0.000107,-4.2e-05,1.0,0.0,861.8713155227507,0.0,861.8713155227507
1668689871.196216,0.045293,-1.9999999999999185e-05,-5.8e-05,4.9e-05,0.0,1.0,0.0,19028.79728705872,861.8713155227507
1668689931.4807098,0.045286,-7.000000000000062e-06,-6.5e-05,-6.999999999999994e-06,1.0,0.0,861.7381139417411,0.0,861.7381139417411
1668689991.128457,0.045272,-1.4000000000000123e-05,-9.8e-05,-3.3e-05,1.0,0.0,861.7381139417411,0.0,861.7381139417411
1668690051.0955906,0.045252,-1.9999999999999185e-05,-0.000127,-2.9e-05,1.0,0.0,861.7381139417411,0.0,861.7381139417411
1668690111.0232737,0.045241,-1.0999999999997123e-05,-0.000138,-1.0999999999999996e-05,1.0,0.0,861.7381139417411,0.0,861.7381139417411
1668690171.378185,0.045241,0.0,-0.000138,0.0,1.0,0.0,861.7381139417411,0.0,861.7381139417411
1668690231.106207,0.04529,4.899999999999349e-05,-8.9e-05,4.9e-05,0.0,1.0,0.0,19027.116669060302,861.7381139417411
1668690291.288322,0.045385,9.50000000000048e-05,1.3e-05,0.000102,0.0,1.0,0.0,19027.116669060302,863.5456900253018
1668690351.3594563,0.045398,1.2999999999999123e-05,8e-06,-5e-06,1.0,0.0,863.7930425419996,0.0,863.7930425419996
1668690411.2901375,0.045462,6.400000000000156e-05,6.2e-05,5.4000000000000005e-05,0.0,1.0,0.0,19000.3308816594,863.7930425419997
1668690471.0633829,0.04549,2.8000000000000247e-05,0.00017,0.000108,0.0,1.0,0.0,19000.3308816594,864.3250518066861
1668690531.0497558,0.045444,-4.600000000000437e-05,0.000145,-2.500000000000001e-05,1.0,0.0,863.4510365861297,0.0,863.4510365861297
1668690590.9546468,0.04548,3.600000000000131e-05,0.000187,4.199999999999999e-05,0.0,1.0,0.0,18985.291041911383,863.4510365861297
1668690651.2388122,0.045497,1.7000000000003124e-05,0.000225,3.8e-05,0.0,1.0,0.0,18985.291041911383,863.7737865338422
1668690711.3938851,0.045567,7.000000000000062e-05,0.000403,0.000178,0.0,1.0,0.0,18985.291041911383,865.1027569067761
1668690771.0680754,0.045599,3.199999999999731e-05,0.000358,-4.500000000000001e-05,1.0,0.0,865.7102862201172,0.0,865.7102862201172
1668690830.943224,0.045609,9.999999999996125e-06,0.000276,-8.199999999999999e-05,1.0,0.0,865.7102862201172,0.0,865.7102862201172
1668690891.0554872,0.04561,1.000000000001e-06,0.000161,-0.0001149999999999,1.0,0.0,865.7102862201172,0.0,865.7102862201172
1668690951.4821928,0.045606,-3.9999999999970615e-06,0.000137,-2.400000000000001e-05,1.0,0.0,865.7102862201172,0.0,865.7102862201172
1668691011.4536395,0.04568,7.399999999999768e-05,0.000214,7.7e-05,0.0,1.0,0.0,18951.62623073812,865.7102862201173
1668691071.6508732,0.045699,1.8999999999998185e-05,0.000255,4.100000000000002e-05,0.0,1.0,0.0,18951.62623073812,866.0703671185012
1668691131.4762442,0.045698,-9.999999999940612e-07,0.000254,-1.0000000000000243e-06,1.0,0.0,866.0514154922706,0.0,866.0514154922706
1668691191.548738,0.045752,5.3999999999998494e-05,0.000273,1.9000000000000028e-05,0.0,1.0,0.0,18929.25807598073,866.0514154922706
1668691251.657699,0.045884,0.000132,0.000317,4.399999999999999e-05,0.0,1.0,0.0,18929.25807598073,868.5500775582999
1668691311.5484607,0.04592,3.600000000000131e-05,0.000365,4.799999999999997e-05,0.0,1.0,0.0,18929.25807598073,869.2315308490353
1668691371.4060752,0.045707,-0.000213,0.000138,-0.000227,1.0,0.0,865.1995988788512,0.0,865.1995988788512
1668691431.339182,0.0457,-7.000000000000062e-06,9e-05,-4.799999999999999e-05,1.0,0.0,865.1995988788512,0.0,865.1995988788512
1668691491.131878,0.045779,7.900000000000268e-05,0.000203,0.000113,0.0,1.0,0.0,18899.486639700543,865.1995988788514
1668691551.4439418,0.045685,-9.399999999999686e-05,-1e-06,-0.000204,1.0,0.0,863.4230471347194,0.0,863.4230471347194
1668691611.1546762,0.045692,7.000000000000062e-06,7.5e-05,7.599999999999999e-05,0.0,1.0,0.0,18896.59124430358,863.4230471347194
1668691671.6471014,0.045617,-7.500000000000562e-05,-8.2e-05,-0.000157,1.0,0.0,862.0058027913964,0.0,862.0058027913964
1668691731.321836,0.045618,1.000000000001e-06,-8.1e-05,9.999999999999972e-07,0.0,1.0,0.0,18896.177008886763,862.0058027913964
1668691791.3779352,0.0456,-1.7999999999997185e-05,-0.00011,-2.9e-05,1.0,0.0,861.6656716052364,0.0,861.6656716052364
1668691851.3155158,0.045546,-5.3999999999998494e-05,-0.000229,-0.000119,1.0,0.0,861.6656716052364,0.0,861.6656716052364
1668691911.2237706,0.045461,-8.500000000000174e-05,-0.00043,-0.0002009999999999,1.0,0.0,861.6656716052364,0.0,861.6656716052364
1668691971.197315,0.045629,0.000168,-7.1e-05,0.000359,0.0,1.0,0.0,18884.16734106021,861.6656716052365
1668692031.1938832,0.045646,1.6999999999996185e-05,-5.4e-05,1.7000000000000007e-05,0.0,1.0,0.0,18884.16734106021,861.9867024500343
1668692091.2774582,0.045646,0.0,-5.4e-05,0.0,0.0,1.0,0.0,18884.16734106021,861.9867024500343
1668692151.3247864,0.045519,-0.000127,-0.000182,-0.000128,1.0,0.0,859.5884131977195,0.0,859.5884131977195
1668692211.492144,0.045641,0.000122,-8e-05,0.000102,0.0,1.0,0.0,18833.68929685413,859.5884131977194
1668692271.3842714,0.045661,1.9999999999999185e-05,-2e-05,6.000000000000001e-05,0.0,1.0,0.0,18833.68929685413,859.9650869836564
1668692331.7903645,0.045651,-1.0000000000003062e-05,-3e-05,-1e-05,1.0,0.0,859.7767500906878,0.0,859.7767500906878
1668692391.2728446,0.04559,-6.099999999999856e-05,-0.000113,-8.3e-05,1.0,0.0,859.7767500906878,0.0,859.7767500906878
1668692451.5450668,0.045656,6.600000000000356e-05,3.8e-05,0.0001509999999999,0.0,1.0,0.0,18831.62673231749,859.7767500906878
1668692511.4865837,0.045713,5.699999999999456e-05,9.3e-05,5.5e-05,0.0,1.0,0.0,18831.62673231749,860.8501528144295
1668692571.8776464,0.045741,2.8000000000000247e-05,0.00034,0.000247,0.0,1.0,0.0,18831.62673231749,861.3774383629343
1668692631.0800314,0.0458,5.900000000000349e-05,0.000254,-8.600000000000003e-05,1.0,0.0,862.488504340141,0.0,862.488504340141
1668692691.1528735,0.045743,-5.700000000000149e-05,9.7e-05,-0.000157,1.0,0.0,862.488504340141,0.0,862.488504340141
1668692751.291161,0.045694,-4.900000000000043e-05,4.8e-05,-4.9e-05,1.0,0.0,862.488504340141,0.0,862.488504340141
1668692811.3192067,0.045771,7.700000000000068e-05,0.000178,0.00013,0.0,1.0,0.0,18843.55824299537,862.4885043401409
1668692871.382604,0.045746,-2.4999999999997247e-05,8.5e-05,-9.299999999999998e-05,1.0,0.0,862.0174153840661,0.0,862.0174153840661
1668692931.5501142,0.045672,-7.400000000000462e-05,2.1e-05,-6.400000000000001e-05,1.0,0.0,862.0174153840661,0.0,862.0174153840661
1668692991.895893,0.045868,0.000196,0.000364,0.000343,0.0,1.0,0.0,18793.438026163472,862.0174153840661
1668693051.7352242,0.04583,-3.799999999999637e-05,0.000204,-0.00016,1.0,0.0,861.303264739072,0.0,861.303264739072
1668693111.1357925,0.045798,-3.200000000000425e-05,8.5e-05,-0.0001189999999999,1.0,0.0,861.303264739072,0.0,861.303264739072
1668693171.493471,0.045848,5.000000000000143e-05,0.000135,5e-05,0.0,1.0,0.0,18786.05969156936,861.303264739072
1668693231.525831,0.045861,1.2999999999999123e-05,4.6e-05,-8.9e-05,1.0,0.0,861.5474835150624,0.0,861.5474835150624
1668693291.302347,0.045744,-0.0001169999999999,-7.1e-05,-0.000117,1.0,0.0,861.5474835150624,0.0,861.5474835150624
1668693351.6109846,0.045712,-3.199999999999731e-05,1.8e-05,8.900000000000001e-05,0.0,1.0,0.0,18847.293566570315,861.5474835150623
1668693411.2900546,0.045813,0.0001009999999999,9.9e-05,8.099999999999999e-05,0.0,1.0,0.0,18847.293566570315,863.4510601652859
1668693471.3955562,0.04582,7.000000000000062e-06,0.000141,4.200000000000002e-05,0.0,1.0,0.0,18847.293566570315,863.5829912202519
1668693531.3507783,0.045693,-0.000127,-0.000174,-0.000315,1.0,0.0,861.1893849372974,0.0,861.1893849372974
1668693591.6093574,0.045593,-9.999999999999593e-05,-0.000307,-0.0001329999999999,1.0,0.0,861.1893849372974,0.0,861.1893849372974
1668693651.2314074,0.045674,8.099999999999774e-05,-0.000124,0.0001829999999999,0.0,1.0,0.0,18855.133882237104,861.1893849372974
1668693711.5230882,0.045685,1.1000000000004062e-05,-0.000163,-3.9e-05,1.0,0.0,861.3967914100022,0.0,861.3967914100022
1668693771.4385276,0.045629,-5.6000000000000494e-05,-0.000219,-5.6000000000000006e-05,1.0,0.0,861.3967914100022,0.0,861.3967914100022
1668693831.867816,0.045603,-2.6000000000005186e-05,-0.000239,-2e-05,1.0,0.0,861.3967914100022,0.0,861.3967914100022
1668693891.7362506,0.045603,0.0,-0.000141,9.8e-05,0.0,1.0,0.0,18889.03781352109,861.3967914100022
1668693951.235504,0.045603,0.0,-0.000135,6.00000000000001e-06,0.0,1.0,0.0,18889.03781352109,861.3967914100022
1668694011.5687785,0.045509,-9.399999999999686e-05,-0.000402,-0.000267,1.0,0.0,859.6212218555312,0.0,859.6212218555312
1668694071.163553,0.045582,7.299999999999668e-05,-0.000197,0.000205,0.0,1.0,0.0,18858.78684251528,859.6212218555312
1668694131.5495858,0.045689,0.000107,1e-05,0.000207,0.0,1.0,0.0,18858.78684251528,861.6391120476806
1668694191.1825106,0.045666,-2.3000000000002185e-05,7.3e-05,6.3e-05,0.0,1.0,0.0,18858.78684251528,861.2053599503027
1668694251.2683322,0.045667,1.000000000001e-06,7.7e-05,4.000000000000002e-06,0.0,1.0,0.0,18858.78684251528,861.2242187371453
1668694311.385852,0.0457,3.299999999999831e-05,2.6e-05,-5.1000000000000006e-05,1.0,0.0,861.8465587029483,0.0,861.8465587029483
1668694371.2941933,0.04577,7.000000000000062e-05,0.000141,0.000115,0.0,1.0,0.0,18829.9444767959,861.8465587029483
1668694431.1489058,0.04578,1.0000000000003062e-05,0.00014,-1.0000000000000243e-06,1.0,0.0,862.0348581477162,0.0,862.0348581477162
1668694491.168319,0.045742,-3.800000000000331e-05,0.00012,-1.9999999999999985e-05,1.0,0.0,862.0348581477162,0.0,862.0348581477162
1668694551.2564456,0.0456,-0.0001419999999999,6e-05,-6e-05,1.0,0.0,862.0348581477162,0.0,862.0348581477162
1668694611.2939827,0.045619,1.8999999999998185e-05,7.9e-05,1.9e-05,0.0,1.0,0.0,18896.399705116644,862.0348581477162
1668694671.2765543,0.045613,-5.999999999999062e-06,-4.3e-05,-0.000122,1.0,0.0,861.9214797494855,0.0,861.9214797494855
1668694731.7298138,0.045682,6.899999999999962e-05,1.6e-05,5.9e-05,0.0,1.0,0.0,18867.857794087067,861.9214797494855
1668694791.7718265,0.045686,3.9999999999970615e-06,2e-05,4.000000000000002e-06,0.0,1.0,0.0,18867.857794087067,861.9969511806617
1668694851.813769,0.045666,-1.9999999999999185e-05,0.0,-2e-05,1.0,0.0,861.61959402478,0.0,861.61959402478
1668694912.4601789,0.045676,1.0000000000003062e-05,1e-05,1e-05,0.0,1.0,0.0,18863.72699064673,861.6195940247801
1668694972.532294,0.045636,-3.999999999999837e-05,-0.000133,-0.000143,1.0,0.0,860.8650449451542,0.0,860.8650449451542
1668695032.5302997,0.045636,0.0,-0.000176,-4.299999999999999e-05,1.0,0.0,860.8650449451542,0.0,860.8650449451542
1668695093.8460646,0.045636,0.0,-0.000106,7e-05,0.0,1.0,0.0,18863.72699064673,860.8650449451542
1668695191.594082,0.04574,0.0001039999999999,3.8e-05,0.000144,0.0,1.0,0.0,18863.72699064673,862.8268725521815
1668695213.941174,0.04574,0.0,0.000121,8.3e-05,0.0,1.0,0.0,18863.72699064673,862.8268725521815
1668695276.976899,0.045741,9.999999999940612e-07,0.000141,2.000000000000001e-05,0.0,1.0,0.0,18863.72699064673,862.845736279172
1668695336.8118138,0.04566,-8.099999999999774e-05,1.7e-05,-0.000124,1.0,0.0,861.3177743929297,0.0,861.3177743929297
1668695396.7543218,0.04566,0.0,-2.6e-05,-4.3e-05,1.0,0.0,861.3177743929297,0.0,861.3177743929297
1668695457.479961,0.045605,-5.499999999999949e-05,-7.1e-05,-4.500000000000001e-05,1.0,0.0,861.3177743929297,0.0,861.3177743929297
1668695517.5966854,0.0456,-4.9999999999980616e-06,-7.6e-05,-5e-06,1.0,0.0,861.3177743929297,0.0,861.3177743929297
1668695577.584421,0.045599,-1.000000000001e-06,1.6e-05,9.2e-05,0.0,1.0,0.0,18888.96191567643,861.3177743929296
1668695638.378827,0.045626,2.6999999999999247e-05,-1e-05,-2.6e-05,1.0,0.0,861.8277763646529,0.0,861.8277763646529
1668695698.5003114,0.045626,0.0,-1e-05,0.0,1.0,0.0,861.8277763646529,0.0,861.8277763646529
1668695758.4381251,0.045626,0.0,-6e-05,-5e-05,1.0,0.0,861.8277763646529,0.0,861.8277763646529
1668695819.2713623,0.045614,-1.1999999999998123e-05,-0.000126,-6.6e-05,1.0,0.0,861.8277763646529,0.0,861.8277763646529
1668695879.3558888,0.045546,-6.799999999999862e-05,-0.000194,-6.8e-05,1.0,0.0,861.8277763646529,0.0,861.8277763646529
1668695939.2833953,0.045532,-1.4000000000000123e-05,-0.000208,-1.3999999999999988e-05,1.0,0.0,861.8277763646529,0.0,861.8277763646529
1668696000.0827968,0.045532,0.0,-0.000208,0.0,1.0,0.0,861.8277763646529,0.0,861.8277763646529
1668696060.08593,0.045551,1.8999999999998185e-05,-0.000189,1.899999999999997e-05,0.0,1.0,0.0,18920.0627069582,861.8277763646529
1668696120.034654,0.045551,0.0,-0.00011,7.900000000000001e-05,0.0,1.0,0.0,18920.0627069582,861.827776364653
1668696181.0491772,0.045532,-1.8999999999998185e-05,-0.000128,-1.799999999999999e-05,1.0,0.0,861.4682951732209,0.0,861.4682951732209
1668696240.9177864,0.045596,6.399999999999462e-05,-4e-06,0.000124,0.0,1.0,0.0,18893.50590343936,861.4682951732209
1668696301.0197482,0.045478,-0.000118,-0.000148,-0.000144,1.0,0.0,859.2388614766152,0.0,859.2388614766152
1668696362.0597136,0.04552,4.200000000000037e-05,-0.000106,4.199999999999999e-05,0.0,1.0,0.0,18876.07340677977,859.2388614766152
1668696422.0500257,0.04547,-5.000000000000143e-05,-0.000156,-5e-05,1.0,0.0,858.2950578062761,0.0,858.2950578062761
1668696481.976894,0.045432,-3.799999999999637e-05,-0.000158,-1.9999999999999944e-06,1.0,0.0,858.2950578062761,0.0,858.2950578062761
1668696542.9232275,0.045451,1.8999999999998185e-05,-0.000174,-1.600000000000001e-05,1.0,0.0,858.2950578062761,0.0,858.2950578062761
1668696602.9898815,0.045386,-6.499999999999562e-05,-0.000146,2.8000000000000003e-05,0.0,1.0,0.0,18911.00907342079,858.2950578062761
1668696663.476656,0.045416,2.9999999999995308e-05,-0.000135,1.0999999999999996e-05,0.0,1.0,0.0,18911.00907342079,858.8623880784786
1668696724.141637,0.04538,-3.600000000000131e-05,-0.000155,-2e-05,1.0,0.0,858.1815917518354,0.0,858.1815917518354
1668696783.65959,0.045391,1.1000000000004062e-05,-0.000197,-4.199999999999999e-05,1.0,0.0,858.1815917518354,0.0,858.1815917518354
1668696844.0234718,0.045506,0.0001149999999999,-4e-06,0.000193,0.0,1.0,0.0,18858.647030102304,858.1815917518354
1668696919.9610937,0.045546,4.000000000000531e-05,9.7e-05,0.000101,0.0,1.0,0.0,18858.647030102304,858.9359376330395
1668696966.5828552,0.045619,7.299999999999668e-05,9.9e-05,1.9999999999999944e-06,0.0,1.0,0.0,18858.647030102304,860.312618866237
1668697026.7015848,0.045473,-0.000146,-4.7e-05,-0.000146,1.0,0.0,857.5592563998421,0.0,857.5592563998421
1668697087.672878,0.045473,0.0,-4.7e-05,0.0,1.0,0.0,857.5592563998421,0.0,857.5592563998421
1668697147.713037,0.045473,0.0,-4.7e-05,0.0,1.0,0.0,857.5592563998421,0.0,857.5592563998421
1668697207.7551365,0.045473,0.0,-4.7e-05,0.0,1.0,0.0,857.5592563998421,0.0,857.5592563998421
1668697268.3493254,0.045536,6.300000000000056e-05,6.6e-05,0.000113,0.0,1.0,0.0,18832.555700980367,857.559256399842
1668697328.3162663,0.045537,1.000000000001e-06,8.1e-05,1.5e-05,0.0,1.0,0.0,18832.555700980367,857.578088955543
1668697388.5642972,0.045598,6.099999999999856e-05,0.000166,8.499999999999999e-05,0.0,1.0,0.0,18832.555700980367,858.7268748533028
1668697450.1440048,0.0456,2.000000000002e-06,0.000226,6e-05,0.0,1.0,0.0,18832.555700980367,858.7645399647048
1668697510.107869,0.045531,-6.899999999999962e-05,0.000115,-0.0001109999999999,1.0,0.0,857.4650936213371,0.0,857.4650936213371
1668697570.120815,0.045531,0.0,0.000115,0.0,1.0,0.0,857.4650936213371,0.0,857.4650936213371
1668697631.1879215,0.045531,0.0,0.000115,0.0,1.0,0.0,857.4650936213371,0.0,857.4650936213371
1668697690.8302736,0.045501,-3.0000000000002247e-05,0.000123,8.000000000000005e-06,0.0,1.0,0.0,18844.97249777669,857.4650936213371
1668697751.0732522,0.045478,-2.3000000000002185e-05,8.7e-05,-3.600000000000001e-05,1.0,0.0,857.0316592538883,0.0,857.0316592538883
1668697811.8219512,0.04553,5.200000000000343e-05,2.4e-05,-6.3e-05,1.0,0.0,857.0316592538883,0.0,857.0316592538883
1668697871.608874,0.04557,3.999999999999837e-05,1.5e-05,-9e-06,1.0,0.0,857.0316592538883,0.0,857.0316592538883
1668697931.7785478,0.045548,-2.2000000000001185e-05,7.5e-05,6e-05,0.0,1.0,0.0,18816.010785410737,857.0316592538883
1668697992.551641,0.045592,4.400000000000237e-05,5.6e-05,-1.9e-05,1.0,0.0,857.8595637284463,0.0,857.8595637284463
1668698052.3823829,0.04555,-4.200000000000037e-05,1.3e-05,-4.3e-05,1.0,0.0,857.8595637284463,0.0,857.8595637284463
1668698112.350764,0.04555,0.0,1.3e-05,0.0,1.0,0.0,857.8595637284463,0.0,857.8595637284463
1668698173.3124073,0.045481,-6.899999999999962e-05,-0.000119,-0.000132,1.0,0.0,857.8595637284463,0.0,857.8595637284463
1668698233.3718567,0.045441,-3.999999999999837e-05,-9e-05,2.9e-05,0.0,1.0,0.0,18878.53620581515,857.8595637284463
1668698293.4474063,0.045102,-0.0003389999999999,-0.000399,-0.000309,1.0,0.0,851.459739954675,0.0,851.459739954675
1668698354.2307267,0.045142,3.999999999999837e-05,-0.000336,6.300000000000001e-05,0.0,1.0,0.0,18861.808071301115,851.459739954675
1668698414.2451088,0.045101,-4.099999999999937e-05,-0.000456,-0.00012,1.0,0.0,850.6864058237517,0.0,850.6864058237517
1668698474.1108313,0.044731,-0.00037,-0.000773,-0.000317,1.0,0.0,850.6864058237517,0.0,850.6864058237517
1668698534.9942448,0.044736,4.9999999999980616e-06,-0.000812,-3.899999999999997e-05,1.0,0.0,850.6864058237517,0.0,850.6864058237517
1668698595.0230422,0.044607,-0.0001289999999999,-0.000985,-0.0001729999999999,1.0,0.0,850.6864058237517,0.0,850.6864058237517
1668698655.0416307,0.044727,0.00012,-0.000823,0.000162,0.0,1.0,0.0,19019.527485048216,850.6864058237517
1668698716.1755097,0.044592,-0.000135,-0.000934,-0.000111,1.0,0.0,848.11876961327,0.0,848.11876961327
1668698776.4402378,0.044636,4.400000000000237e-05,-0.00089,4.4000000000000094e-05,0.0,1.0,0.0,19000.77895898535,848.11876961327
1668698836.5249264,0.044752,0.0001159999999999,-0.000351,0.000539,0.0,1.0,0.0,19000.77895898535,850.3228599725123
1668698897.389105,0.04476,8.000000000001062e-06,-0.00038,-2.9e-05,1.0,0.0,850.4748662041842,0.0,850.4748662041842
1668698957.0032334,0.044776,1.6000000000002124e-05,-0.000364,1.600000000000001e-05,0.0,1.0,0.0,18993.989329198324,850.4748662041842
1668699017.1117346,0.04482,4.399999999999543e-05,8.3e-05,0.000447,0.0,1.0,0.0,18993.989329198324,851.3106017346689
1668699078.150159,0.044958,0.0001379999999999,0.000238,0.000155,0.0,1.0,0.0,18993.989329198324,853.9317722620982
1668699138.1028068,0.044993,3.500000000000031e-05,0.000323,8.499999999999998e-05,0.0,1.0,0.0,18993.989329198324,854.5965618886202
1668699198.0599885,0.044915,-7.800000000000168e-05,0.000245,-7.8e-05,1.0,0.0,853.1150307209426,0.0,853.1150307209426
1668699259.606605,0.044915,0.0,0.000206,-3.9e-05,1.0,0.0,853.1150307209426,0.0,853.1150307209426
1668699319.676216,0.044925,1.0000000000003062e-05,0.000173,-3.299999999999999e-05,1.0,0.0,853.1150307209426,0.0,853.1150307209426
1668699379.6730754,0.044934,9.000000000002062e-06,0.000164,-9.000000000000002e-06,1.0,0.0,853.1150307209426,0.0,853.1150307209426
1668699440.6217067,0.045,6.599999999999662e-05,0.000237,7.299999999999999e-05,0.0,1.0,0.0,18958.11179379873,853.1150307209426
1668699500.964251,0.044934,-6.599999999999662e-05,0.000251,1.3999999999999988e-05,0.0,1.0,0.0,18958.11179379873,851.8637953425522
1668699560.50236,0.044855,-7.900000000000268e-05,0.000172,-7.899999999999997e-05,1.0,0.0,850.366104510842,0.0,850.366104510842
1668699621.3350632,0.044817,-3.799999999999637e-05,-0.000143,-0.000315,1.0,0.0,850.366104510842,0.0,850.366104510842
1668699681.5912366,0.0448,-1.7000000000003124e-05,-0.00016,-1.7000000000000007e-05,1.0,0.0,850.366104510842,0.0,850.366104510842
1668699741.4681826,0.044778,-2.2000000000001185e-05,-0.000215,-5.499999999999998e-05,1.0,0.0,850.366104510842,0.0,850.366104510842
1668699802.143083,0.044849,7.100000000000162e-05,-3.1e-05,0.000184,0.0,1.0,0.0,18960.6480525952,850.366104510842
1668699862.055476,0.044849,0.0,-3.1e-05,0.0,0.0,1.0,0.0,18960.6480525952,850.3661045108421
1668699922.7921903,0.04487,2.1000000000000185e-05,-5.5e-05,-2.4e-05,1.0,0.0,850.7642781199465,0.0,850.7642781199465
1668699983.2515917,0.04488,1.0000000000003062e-05,-7.6e-05,-2.1e-05,1.0,0.0,850.7642781199465,0.0,850.7642781199465
1668700043.3947096,0.044907,2.6999999999999247e-05,-6.3e-05,1.3000000000000004e-05,0.0,1.0,0.0,18945.025900637906,850.7642781199464
1668700103.7430143,0.045088,0.000181,0.000268,0.000331,0.0,1.0,0.0,18945.025900637906,854.193327807962
1668700164.1817625,0.04513,4.200000000000037e-05,0.000244,-2.400000000000001e-05,1.0,0.0,854.9890188957887,0.0,854.9890188957887
1668700224.1504505,0.04516,2.9999999999995308e-05,0.000435,0.000191,0.0,1.0,0.0,18932.440630996207,854.9890188957887
1668700283.981712,0.045238,7.800000000000168e-05,0.00046,2.500000000000001e-05,0.0,1.0,0.0,18932.440630996207,856.4657492650064
1668700345.0782602,0.045385,0.000147,0.000536,7.6e-05,0.0,1.0,0.0,18932.440630996207,859.2488180377629
1668700405.1827545,0.045389,3.9999999999970615e-06,0.00054,3.999999999999989e-06,0.0,1.0,0.0,18932.440630996207,859.3245478002868
1668700464.8179278,0.045392,3.0000000000030003e-06,0.000543,2.9999999999999645e-06,0.0,1.0,0.0,18932.440630996207,859.3813451221798
1668700526.0524137,0.045446,5.3999999999998494e-05,0.000576,3.300000000000004e-05,0.0,1.0,0.0,18932.440630996207,860.4036969162536
1668700586.0662584,0.045413,-3.299999999999831e-05,0.000533,-4.299999999999996e-05,1.0,0.0,859.7789263754307,0.0,859.7789263754307
1668700646.2020988,0.045413,0.0,0.000533,0.0,1.0,0.0,859.7789263754307,0.0,859.7789263754307
1668700707.155075,0.045289,-0.0001239999999999,0.000389,-0.000144,1.0,0.0,859.7789263754307,0.0,859.7789263754307
1668700767.1031885,0.045156,-0.000133,0.000256,-0.000133,1.0,0.0,859.7789263754307,0.0,859.7789263754307
1668700827.3849216,0.045313,0.0001569999999999,0.000176,-7.999999999999999e-05,1.0,0.0,859.7789263754307,0.0,859.7789263754307
1668700887.8821118,0.045168,-0.0001449999999999,-3.9e-05,-0.000215,1.0,0.0,859.7789263754307,0.0,859.7789263754307
1668700948.0719402,0.045379,0.000211,0.000142,0.000181,0.0,1.0,0.0,18946.62567212655,859.7789263754307
1668701008.260046,0.045317,-6.199999999999956e-05,8e-05,-6.2e-05,1.0,0.0,858.6042355837589,0.0,858.6042355837589
1668701069.4354322,0.045292,-2.5000000000004186e-05,-9.7e-05,-0.000177,1.0,0.0,858.6042355837589,0.0,858.6042355837589
1668701129.3409314,0.045353,6.099999999999856e-05,-3.6e-05,6.1e-05,0.0,1.0,0.0,18931.586346741315,858.6042355837589
1668701189.3664374,0.045281,-7.199999999999568e-05,-7.5e-05,-3.899999999999999e-05,1.0,0.0,857.2411613667934,0.0,857.2411613667934
1668701250.14343,0.045225,-5.6000000000000494e-05,-0.000188,-0.000113,1.0,0.0,857.2411613667934,0.0,857.2411613667934
1668701309.971904,0.045093,-0.000132,-6.3e-05,0.000125,0.0,1.0,0.0,19010.515187873803,857.2411613667934
1668701370.2124918,0.045113,1.9999999999999185e-05,-0.000162,-9.9e-05,1.0,0.0,857.6213716705508,0.0,857.6213716705508
1668701431.142504,0.045194,8.099999999999774e-05,-8.1e-05,8.1e-05,0.0,1.0,0.0,18976.44314888151,857.621371670551
1668701490.9752371,0.045164,-2.9999999999995308e-05,-9.7e-05,-1.5999999999999996e-05,1.0,0.0,857.0520783760845,0.0,857.0520783760845
1668701550.9658675,0.045096,-6.800000000000556e-05,-0.000204,-0.000107,1.0,0.0,857.0520783760845,0.0,857.0520783760845
1668701611.6788902,0.045127,3.100000000000325e-05,-0.000173,3.0999999999999995e-05,0.0,1.0,0.0,18992.00209134409,857.0520783760845
1668701671.7626455,0.045096,-3.100000000000325e-05,-0.000216,-4.299999999999999e-05,1.0,0.0,856.463326311253,0.0,856.463326311253
1668701731.6347392,0.04501,-8.59999999999958e-05,-0.000302,-8.600000000000003e-05,1.0,0.0,856.463326311253,0.0,856.463326311253
1668701792.7359598,0.045103,9.299999999999586e-05,-0.00025,5.200000000000002e-05,0.0,1.0,0.0,18989.054526555952,856.463326311253
1668701852.7283075,0.045011,-9.199999999999486e-05,-0.00027,-2e-05,1.0,0.0,854.71633329481,0.0,854.71633329481
1668701912.726072,0.045044,3.299999999999831e-05,-0.000238,3.199999999999999e-05,0.0,1.0,0.0,18975.142822458263,854.71633329481
1668701973.5329237,0.045006,-3.800000000000331e-05,-9e-05,0.000148,0.0,1.0,0.0,18975.142822458263,853.9952778675565
1668702033.6105163,0.045103,9.699999999999986e-05,-5.2e-05,3.800000000000001e-05,0.0,1.0,0.0,18975.142822458263,855.835866721335
1668702093.5775511,0.04515,4.700000000000537e-05,-4.4e-05,7.999999999999998e-06,0.0,1.0,0.0,18975.142822458263,856.7276984339907
1668702154.58635,0.045092,-5.8000000000002494e-05,-7.2e-05,-2.8000000000000003e-05,1.0,0.0,855.627140150288,0.0,855.627140150288
1668702214.4786644,0.045111,1.8999999999998185e-05,-5.3e-05,1.9e-05,0.0,1.0,0.0,18967.15080912168,855.627140150288
1668702274.5857325,0.045111,0.0,-5.3e-05,0.0,0.0,1.0,0.0,18967.15080912168,855.627140150288
1668702335.538656,0.045175,6.400000000000156e-05,0.000165,0.0002179999999999,0.0,1.0,0.0,18967.15080912168,856.8410378020718
1668702395.598856,0.045111,-6.400000000000156e-05,1.7e-05,-0.000148,1.0,0.0,855.627140150288,0.0,855.627140150288
1668702455.500415,0.045024,-8.69999999999968e-05,-8e-05,-9.7e-05,1.0,0.0,855.627140150288,0.0,855.627140150288
1668702516.3622217,0.045024,0.0,-8e-05,0.0,1.0,0.0,855.627140150288,0.0,855.627140150288
1668702576.3428788,0.045,-2.4000000000003185e-05,-1.8e-05,6.2e-05,0.0,1.0,0.0,19013.936447784177,855.6271401502879
1668702636.368755,0.044894,-0.0001059999999999,-0.000124,-0.000106,1.0,0.0,853.611662886823,0.0,853.611662886823
1668702697.2820432,0.044893,-1.000000000001e-06,-0.000254,-0.00013,1.0,0.0,853.611662886823,0.0,853.611662886823
1668702757.2466774,0.044893,0.0,-0.000277,-2.3000000000000017e-05,1.0,0.0,853.611662886823,0.0,853.611662886823
1668702817.4898334,0.04485,-4.300000000000137e-05,-0.000231,4.600000000000001e-05,0.0,1.0,0.0,19032.59003092136,853.611662886823
1668702878.183826,0.044913,6.300000000000056e-05,-0.000198,3.3000000000000016e-05,0.0,1.0,0.0,19032.59003092136,854.8107160587712
1668702938.249213,0.044913,0.0,-0.000198,0.0,0.0,1.0,0.0,19032.59003092136,854.8107160587712
1668702998.3331497,0.044877,-3.600000000000131e-05,-0.000235,-3.7000000000000005e-05,1.0,0.0,854.1255428176579,0.0,854.1255428176579
1668703059.2228687,0.044843,-3.399999999999931e-05,-0.000219,1.5999999999999982e-05,0.0,1.0,0.0,19047.020556556385,854.125542817658
1668703119.1299949,0.04487,2.6999999999999247e-05,-0.000154,6.500000000000001e-05,0.0,1.0,0.0,19047.020556556385,854.639812372685
1668703179.1232872,0.044894,2.4000000000003185e-05,-0.00013,2.400000000000001e-05,0.0,1.0,0.0,19047.020556556385,855.0969408660424
1668703239.9113655,0.044929,3.499999999999337e-05,-9.5e-05,3.499999999999998e-05,0.0,1.0,0.0,19047.020556556385,855.7635865855217
1668703300.398672,0.044947,1.8000000000004124e-05,5.3e-05,0.000148,0.0,1.0,0.0,19047.020556556385,856.1064329555398
1668703359.8748171,0.044907,-3.999999999999837e-05,-3.6e-05,-8.9e-05,1.0,0.0,855.3445521332776,0.0,855.3445521332776
1668703420.9668906,0.044887,-1.9999999999999185e-05,-5.6e-05,-2e-05,1.0,0.0,855.3445521332776,0.0,855.3445521332776
1668703480.905022,0.044924,3.699999999999537e-05,7.4e-05,0.00013,0.0,1.0,0.0,19039.81284242894,855.3445521332776
1668703540.8125362,0.044928,4.000000000004e-06,7.8e-05,4.000000000000002e-06,0.0,1.0,0.0,19039.81284242894,855.4207113846475
1668703601.8747125,0.044865,-6.300000000000056e-05,5.6e-05,-2.2e-05,1.0,0.0,854.2212031755744,0.0,854.2212031755744
1668703661.752741,0.044747,-0.000118,-6.2e-05,-0.000118,1.0,0.0,854.2212031755744,0.0,854.2212031755744
1668703721.6819196,0.044907,0.00016,1.3e-05,7.500000000000001e-05,0.0,1.0,0.0,19022.005548702306,854.2212031755744
1668703782.5019538,0.04485,-5.700000000000149e-05,-4.4e-05,-5.7e-05,1.0,0.0,853.1369488592984,0.0,853.1369488592984
1668703842.6385536,0.044817,-3.299999999999831e-05,-0.00013,-8.599999999999999e-05,1.0,0.0,853.1369488592984,0.0,853.1369488592984
1668703902.6478631,0.044827,9.999999999996125e-06,-0.00012,9.999999999999986e-06,0.0,1.0,0.0,19031.765428409184,853.1369488592985
1668703963.3785338,0.044816,-1.0999999999997123e-05,-0.000144,-2.4e-05,1.0,0.0,852.9275994395861,0.0,852.9275994395861
1668704023.2895632,0.044869,5.299999999999749e-05,-9.1e-05,5.3e-05,0.0,1.0,0.0,19009.284794392253,852.927599439586
1668704083.3858297,0.044894,2.5000000000004186e-05,7e-06,9.8e-05,0.0,1.0,0.0,19009.284794392253,853.4028315594459
1668704144.51463,0.044894,0.0,7e-06,0.0,0.0,1.0,0.0,19009.284794392253,853.4028315594459
1668704204.459848,0.04487,-2.4000000000003185e-05,-5.8e-05,-6.5e-05,1.0,0.0,852.9466087243804,0.0,852.9466087243804
1668704264.3293242,0.044827,-4.300000000000137e-05,-0.000101,-4.3e-05,1.0,0.0,852.9466087243804,0.0,852.9466087243804
1668704325.3676534,0.044742,-8.500000000000174e-05,-5e-06,9.6e-05,0.0,1.0,0.0,19063.66744276922,852.9466087243803
1668704385.2570684,0.044741,-9.999999999940612e-07,-6e-06,-9.999999999999995e-07,1.0,0.0,852.9275450569377,0.0,852.9275450569377
1668704445.1746895,0.044741,0.0,-4.9e-05,-4.3e-05,1.0,0.0,852.9275450569377,0.0,852.9275450569377
1668704506.0585103,0.04474,-1.000000000001e-06,-0.00011,-6.1000000000000005e-05,1.0,0.0,852.9275450569377,0.0,852.9275450569377
1668704566.0193655,0.044646,-9.40000000000038e-05,-0.000218,-0.000108,1.0,0.0,852.9275450569377,0.0,852.9275450569377
1668704626.0086331,0.04464,-5.999999999999062e-06,-0.000187,3.100000000000002e-05,0.0,1.0,0.0,19106.79984446545,852.9275450569377
1668704686.9898252,0.044658,1.8000000000004124e-05,-0.000211,-2.400000000000001e-05,1.0,0.0,853.2714674541381,0.0,853.2714674541381
1668704747.088452,0.044662,3.9999999999970615e-06,-0.000232,-2.0999999999999995e-05,1.0,0.0,853.2714674541381,0.0,853.2714674541381
1668704807.1280184,0.044613,-4.900000000000043e-05,-0.000281,-4.9e-05,1.0,0.0,853.2714674541381,0.0,853.2714674541381
1668704867.9122036,0.044613,0.0,-0.000281,0.0,1.0,0.0,853.2714674541381,0.0,853.2714674541381
1668704927.9060037,0.044613,0.0,-0.000281,0.0,1.0,0.0,853.2714674541381,0.0,853.2714674541381
1668704987.8583777,0.04474,0.000127,-0.000154,0.000127,0.0,1.0,0.0,19071.780676221235,853.2714674541381
1668705048.8102045,0.044749,8.999999999995123e-06,-0.000121,3.3e-05,0.0,1.0,0.0,19071.780676221235,853.443113480224
1668705108.8422031,0.044762,1.3000000000006062e-05,2e-05,0.000141,0.0,1.0,0.0,19071.780676221235,853.691046629015
1668705168.8100092,0.04477,7.999999999994123e-06,2.9e-05,8.999999999999999e-06,0.0,1.0,0.0,19071.780676221235,853.8436208744247
1668705229.55901,0.044894,0.000124,9e-05,6.1000000000000005e-05,0.0,1.0,0.0,19071.780676221235,856.2085216782762
1668705289.6070852,0.044849,-4.500000000000337e-05,0.000203,0.000113,0.0,1.0,0.0,19071.780676221235,855.3502915478462
1668705349.6695905,0.0448,-4.900000000000043e-05,9e-05,-0.000113,1.0,0.0,854.4157742947114,0.0,854.4157742947114
1668705410.7537,0.04475,-5.000000000000143e-05,9.2e-05,1.9999999999999944e-06,0.0,1.0,0.0,19093.08992837344,854.4157742947114
1668705470.6521552,0.04484,8.99999999999998e-05,5.4e-05,-3.8e-05,1.0,0.0,856.134152388265,0.0,856.134152388265
1668705530.730377,0.04489,5.000000000000143e-05,0.000277,0.000223,0.0,1.0,0.0,19071.823399159388,856.134152388265
1668705591.8683677,0.044882,-8.000000000001062e-06,0.000269,-8.000000000000032e-06,1.0,0.0,855.9815778010716,0.0,855.9815778010716
1668705651.9188378,0.044883,1.000000000001e-06,0.000143,-0.0001259999999999,1.0,0.0,855.9815778010716,0.0,855.9815778010716
1668705711.8627193,0.044917,3.399999999999931e-05,0.000168,2.4999999999999984e-05,0.0,1.0,0.0,19056.962348355224,855.9815778010716
1668705772.6208458,0.04496,4.300000000000137e-05,0.000191,2.3000000000000017e-05,0.0,1.0,0.0,19056.962348355224,856.8010271820509
1668705832.562493,0.04496,0.0,0.000131,-6e-05,1.0,0.0,856.8010271820509,0.0,856.8010271820509
1668705892.647257,0.044957,-3.0000000000030003e-06,0.000108,-2.3000000000000017e-05,1.0,0.0,856.8010271820509,0.0,856.8010271820509
1668705953.7091658,0.044973,1.6000000000002124e-05,0.000113,5e-06,0.0,1.0,0.0,19051.45369848689,856.8010271820509
1668706013.7597198,0.044895,-7.800000000000168e-05,0.000176,6.3e-05,0.0,1.0,0.0,19051.45369848689,855.3150137935688
1668706073.9362469,0.044936,4.099999999999937e-05,0.000128,-4.8e-05,1.0,0.0,856.0961233952069,0.0,856.0961233952069
1668706134.719119,0.044936,0.0,0.000128,0.0,1.0,0.0,856.0961233952069,0.0,856.0961233952069
1668706194.4870102,0.044936,0.0,0.000128,0.0,1.0,0.0,856.0961233952069,0.0,856.0961233952069
1668706254.43311,0.044936,0.0,0.000128,0.0,1.0,0.0,856.0961233952069,0.0,856.0961233952069
1668706315.4214275,0.04494,4.000000000004e-06,0.0001,-2.799999999999999e-05,1.0,0.0,856.0961233952069,0.0,856.0961233952069
1668706375.458668,0.04494,0.0,0.0001,0.0,1.0,0.0,856.0961233952069,0.0,856.0961233952069
1668706435.378953,0.04494,0.0,0.0001,0.0,1.0,0.0,856.0961233952069,0.0,856.0961233952069
1668706496.3214247,0.045019,7.900000000000268e-05,0.000137,3.699999999999999e-05,0.0,1.0,0.0,19016.329180905992,856.096123395207
1668706556.198411,0.045019,0.0,0.000137,0.0,0.0,1.0,0.0,19016.329180905992,856.096123395207
1668706616.7585006,0.044989,-3.0000000000002247e-05,0.000106,-3.0999999999999995e-05,1.0,0.0,855.5256335197797,0.0,855.5256335197797
1668706677.2132626,0.04499,1.000000000001e-06,3e-05,-7.6e-05,1.0,0.0,855.5256335197797,0.0,855.5256335197797
1668706737.242767,0.045013,2.2999999999995246e-05,5e-06,-2.5e-05,1.0,0.0,855.5256335197797,0.0,855.5256335197797
1668706797.209362,0.045001,-1.1999999999998123e-05,0.000108,0.000103,0.0,1.0,0.0,19011.25827247794,855.5256335197797
1668706858.149779,0.045012,1.1000000000004062e-05,5.5e-05,-5.3e-05,1.0,0.0,855.734757360777,0.0,855.734757360777
1668706917.9318843,0.044974,-3.800000000000331e-05,1.7e-05,-3.8e-05,1.0,0.0,855.734757360777,0.0,855.734757360777
1668706978.1186285,0.04501,3.600000000000131e-05,0.000115,9.8e-05,0.0,1.0,0.0,19012.103029566253,855.734757360777
1668707038.922841,0.04505,3.999999999999837e-05,0.000155,4e-05,0.0,1.0,0.0,19012.103029566253,856.4952414819597
1668707098.7755609,0.045,-5.000000000000143e-05,0.0001,-5.5e-05,1.0,0.0,855.5446363304814,0.0,855.5446363304814
1668707158.9798822,0.045,0.0,6.4e-05,-3.600000000000001e-05,1.0,0.0,855.5446363304814,0.0,855.5446363304814
1668707219.8118644,0.04493,-7.000000000000062e-05,-1e-05,-7.4e-05,1.0,0.0,855.5446363304814,0.0,855.5446363304814
1668707279.963628,0.04492,-9.999999999996125e-06,-9.9e-05,-8.9e-05,1.0,0.0,855.5446363304814,0.0,855.5446363304814
1668707339.851091,0.04495,2.9999999999995308e-05,-3.9e-05,6e-05,0.0,1.0,0.0,19033.25108632884,855.5446363304814
1668707400.6242476,0.04494,-9.999999999996125e-06,-7.3e-05,-3.4e-05,1.0,0.0,855.3543038196182,0.0,855.3543038196182
1668707460.597513,0.044868,-7.200000000000262e-05,-0.000133,-6.000000000000001e-05,1.0,0.0,855.3543038196182,0.0,855.3543038196182
1668707520.795154,0.04486,-8.000000000001062e-06,-0.000141,-8.000000000000005e-06,1.0,0.0,855.3543038196182,0.0,855.3543038196182
1668707581.5146546,0.04486,0.0,-0.000141,0.0,1.0,0.0,855.3543038196182,0.0,855.3543038196182
1668707641.430275,0.04486,0.0,-0.000141,0.0,1.0,0.0,855.3543038196182,0.0,855.3543038196182
1668707701.5077832,0.044816,-4.399999999999543e-05,-0.000158,-1.699999999999998e-05,1.0,0.0,855.3543038196182,0.0,855.3543038196182
1668707762.4551406,0.044816,0.0,-0.000158,0.0,1.0,0.0,855.3543038196182,0.0,855.3543038196182
1668707822.565375,0.044749,-6.700000000000456e-05,-0.000301,-0.000143,1.0,0.0,855.3543038196182,0.0,855.3543038196182
1668707882.605537,0.044701,-4.799999999999943e-05,-0.000299,1.9999999999999944e-06,0.0,1.0,0.0,19135.014962072844,855.3543038196182
1668707943.35578,0.044712,1.1000000000004062e-05,-0.000231,6.8e-05,0.0,1.0,0.0,19135.014962072844,855.5647889842011
1668708003.3450503,0.044701,-1.1000000000004062e-05,-0.000229,1.9999999999999944e-06,0.0,1.0,0.0,19135.014962072844,855.3543038196182
1668708063.3931644,0.04464,-6.099999999999856e-05,-0.00031,-8.099999999999999e-05,1.0,0.0,854.1870679069317,0.0,854.1870679069317
1668708124.2093332,0.044592,-4.799999999999943e-05,-0.000313,-3.0000000000000187e-06,1.0,0.0,854.1870679069317,0.0,854.1870679069317
1668708184.0887954,0.044393,-0.0001989999999999,-0.000547,-0.0002339999999999,1.0,0.0,854.1870679069317,0.0,854.1870679069317
1668708244.6894429,0.044407,1.4000000000000123e-05,-0.000479,6.799999999999997e-05,0.0,1.0,0.0,19235.414864929666,854.1870679069317
1668708305.5844593,0.044587,0.0001799999999999,-0.000273,0.0002059999999999,0.0,1.0,0.0,19235.414864929666,857.649442582619
1668708365.156316,0.044586,-1.000000000001e-06,-0.00023,4.3000000000000015e-05,0.0,1.0,0.0,19235.414864929666,857.6302071677541
1668708425.182267,0.04463,4.400000000000237e-05,-8.6e-05,0.000144,0.0,1.0,0.0,19235.414864929666,858.4765654218111
1668708486.178594,0.04458,-5.000000000000143e-05,-0.000158,-7.199999999999999e-05,1.0,0.0,857.5147946785645,0.0,857.5147946785645
1668708546.1481316,0.0447,0.0001199999999999,7e-05,0.0002279999999999,0.0,1.0,0.0,19183.776167305696,857.5147946785645
1668708606.0749724,0.04469,-9.999999999996125e-06,4e-05,-2.999999999999999e-05,1.0,0.0,857.3229569168916,0.0,857.3229569168916
1668708667.01749,0.044583,-0.000107,-8.5e-05,-0.000125,1.0,0.0,857.3229569168916,0.0,857.3229569168916
1668708727.1172726,0.044643,6.0000000000004494e-05,4.3e-05,0.000128,0.0,1.0,0.0,19203.972782225468,857.3229569168916
1668708787.009626,0.04458,-6.300000000000056e-05,0.000192,0.000149,0.0,1.0,0.0,19203.972782225468,856.1131066316113
1668708849.5902054,0.044559,-2.1000000000000185e-05,4.6e-05,-0.000146,1.0,0.0,855.7098232031847,0.0,855.7098232031847
1668708909.2131422,0.04463,7.100000000000162e-05,6e-05,1.4e-05,0.0,1.0,0.0,19173.421985283097,855.7098232031847
1668708969.1288345,0.044638,7.999999999994123e-06,0.000113,5.3e-05,0.0,1.0,0.0,19173.421985283097,855.8632105790668
1668709030.1191487,0.044628,-9.999999999996125e-06,8.4e-05,-2.9e-05,1.0,0.0,855.6714763592141,0.0,855.6714763592141
1668709090.0028436,0.044638,9.999999999996125e-06,4.8e-05,-3.5999999999999994e-05,1.0,0.0,855.6714763592141,0.0,855.6714763592141
1668709150.184435,0.044666,2.8000000000000247e-05,-3.4e-05,-8.2e-05,1.0,0.0,855.6714763592141,0.0,855.6714763592141
1668709210.910527,0.044584,-8.199999999999874e-05,-2.9e-05,5e-06,0.0,1.0,0.0,19192.34425711498,855.6714763592142
1668709270.9019375,0.0446,1.6000000000002124e-05,-8e-06,2.1e-05,0.0,1.0,0.0,19192.34425711498,855.9785538673281
1668709330.8857694,0.044612,1.1999999999998123e-05,-3.8e-05,-3.0000000000000004e-05,1.0,0.0,856.2088619984135,0.0,856.2088619984135
1668709391.634604,0.04462,8.000000000001062e-06,9.4e-05,0.000132,0.0,1.0,0.0,19188.9032272168,856.2088619984135
1668709451.8544247,0.0446,-1.9999999999999185e-05,3e-05,-6.4e-05,1.0,0.0,855.8250839338693,0.0,855.8250839338693
1668709511.650759,0.04464,3.999999999999837e-05,6.8e-05,3.8e-05,0.0,1.0,0.0,19171.70886948632,855.8250839338693
1668709572.7244627,0.044658,1.8000000000004124e-05,8.6e-05,1.8000000000000004e-05,0.0,1.0,0.0,19171.70886948632,856.1701746935202
1668709632.7588787,0.044674,1.5999999999995185e-05,0.0001,1.4e-05,0.0,1.0,0.0,19171.70886948632,856.4769220354318
1668709692.7140806,0.044674,0.0,0.0001,0.0,0.0,1.0,0.0,19171.70886948632,856.4769220354318
1668709753.4159727,0.044674,0.0,0.0001,0.0,0.0,1.0,0.0,19171.70886948632,856.4769220354318
1668709813.3299167,0.0446,-7.399999999999768e-05,-6.5e-05,-0.000165,1.0,0.0,855.0582155790898,0.0,855.0582155790898
1668709873.3888154,0.0446,0.0,-6.5e-05,0.0,1.0,0.0,855.0582155790898,0.0,855.0582155790898
1668709934.1077824,0.044624,2.3999999999996247e-05,1e-05,7.5e-05,0.0,1.0,0.0,19161.39780340377,855.0582155790898
1668709994.376793,0.0446,-2.3999999999996247e-05,-1.4e-05,-2.4e-05,1.0,0.0,854.5983420318081,0.0,854.5983420318081
1668710054.273551,0.044659,5.899999999999656e-05,8.7e-05,0.000101,0.0,1.0,0.0,19136.083253807927,854.5983420318081
1668710115.220633,0.044654,-4.9999999999980616e-06,5.4e-05,-3.3e-05,1.0,0.0,854.5026616155392,0.0,854.5026616155392
1668710175.1944835,0.0446,-5.3999999999998494e-05,0.0,-5.4e-05,1.0,0.0,854.5026616155392,0.0,854.5026616155392
1668710235.2116594,0.0445,-0.0001,-0.00012,-0.00012,1.0,0.0,854.5026616155392,0.0,854.5026616155392
1668710296.0517695,0.044511,1.1000000000004062e-05,-0.000163,-4.3e-05,1.0,0.0,854.5026616155392,0.0,854.5026616155392
1668710356.1826663,0.044422,-8.89999999999988e-05,-0.000252,-8.9e-05,1.0,0.0,854.5026616155392,0.0,854.5026616155392
1668710416.1104677,0.044415,-7.000000000000062e-06,-0.000259,-7.000000000000008e-06,1.0,0.0,854.5026616155392,0.0,854.5026616155392
1668710476.734094,0.044415,0.0,-0.000259,0.0,1.0,0.0,854.5026616155392,0.0,854.5026616155392
1668710536.7503695,0.044415,0.0,-0.000243,1.600000000000001e-05,0.0,1.0,0.0,19239.05576079116,854.5026616155392
1668710596.8974056,0.044477,6.199999999999956e-05,-0.000181,6.199999999999999e-05,0.0,1.0,0.0,19239.05576079116,855.6954830727084
1668710657.9505825,0.044477,0.0,-0.000123,5.8e-05,0.0,1.0,0.0,19239.05576079116,855.6954830727085
1668710717.9501145,0.044477,0.0,-0.000123,0.0,0.0,1.0,0.0,19239.05576079116,855.6954830727085
1668710777.93251,0.044488,1.0999999999997123e-05,-0.000112,1.100000000000001e-05,0.0,1.0,0.0,19239.05576079116,855.9071126860772
1668710838.9967265,0.044483,-4.9999999999980616e-06,-7.7e-05,3.5e-05,0.0,1.0,0.0,19239.05576079116,855.8109174072732
1668710898.97394,0.044484,1.000000000001e-06,-1.6e-05,6.1000000000000005e-05,0.0,1.0,0.0,19239.05576079116,855.8301564630341
1668710958.988839,0.044515,3.099999999999631e-05,1.5e-05,3.1e-05,0.0,1.0,0.0,19239.05576079116,856.4265671916186
1668711019.709322,0.044515,0.0,1.5e-05,0.0,0.0,1.0,0.0,19239.05576079116,856.4265671916186
1668711080.3203523,0.044515,0.0,1.5e-05,0.0,0.0,1.0,0.0,19239.05576079116,856.4265671916186
1668711139.8806174,0.044547,3.200000000000425e-05,0.000132,0.000117,0.0,1.0,0.0,19239.05576079116,857.0422169759639
1668711202.047183,0.044547,0.0,0.000132,0.0,0.0,1.0,0.0,19239.05576079116,857.0422169759639
1668711262.1362555,0.044547,0.0,0.000132,0.0,0.0,1.0,0.0,19239.05576079116,857.0422169759639
1668711322.0689824,0.044547,0.0,0.000132,0.0,0.0,1.0,0.0,19239.05576079116,857.0422169759639
1668711383.951624,0.044547,0.0,0.000132,0.0,0.0,1.0,0.0,19239.05576079116,857.0422169759639
1668711444.167924,0.044547,0.0,0.000132,0.0,0.0,1.0,0.0,19239.05576079116,857.0422169759639
1668711503.6121676,0.044475,-7.200000000000262e-05,-2e-06,-0.000134,1.0,0.0,855.6570049611869,0.0,855.6570049611869
1668711564.440893,0.044519,4.400000000000237e-05,4.2e-05,4.4e-05,0.0,1.0,0.0,19220.04099286118,855.657004961187
1668711624.563097,0.044575,5.599999999999356e-05,4.1e-05,-9.999999999999972e-07,1.0,0.0,856.7333272567871,0.0,856.7333272567871
1668711684.5630815,0.044542,-3.299999999999831e-05,5.4e-05,1.2999999999999998e-05,0.0,1.0,0.0,19234.28061732269,856.7333272567872
1668711745.3845809,0.044655,0.000113,0.000172,0.000118,0.0,1.0,0.0,19234.28061732269,858.9068009665447
1668711805.4825697,0.044697,4.200000000000037e-05,0.000214,4.199999999999999e-05,0.0,1.0,0.0,19234.28061732269,859.7146407524723
1668711865.3755713,0.044687,-1.0000000000003062e-05,0.000204,-1e-05,1.0,0.0,859.522297946299,0.0,859.522297946299
1668711926.4210432,0.044612,-7.499999999999868e-05,9.7e-05,-0.000107,1.0,0.0,859.522297946299,0.0,859.522297946299
1668711986.4184964,0.044628,1.6000000000002124e-05,8.1e-05,-1.5999999999999996e-05,1.0,0.0,859.522297946299,0.0,859.522297946299
1668712046.2959847,0.044665,3.700000000000231e-05,0.000146,6.5e-05,0.0,1.0,0.0,19243.75457172952,859.522297946299
1668712107.176564,0.044762,9.699999999999986e-05,0.000243,9.7e-05,0.0,1.0,0.0,19243.75457172952,861.3889421397569
1668712167.2589135,0.04476,-2.000000000002e-06,0.000185,-5.8e-05,1.0,0.0,861.3504546306134,0.0,861.3504546306134
1668712227.1379223,0.044734,-2.5999999999998247e-05,0.000215,3e-05,0.0,1.0,0.0,19254.93929965157,861.3504546306134
1668712287.8985922,0.044723,-1.1000000000004062e-05,0.000131,-8.399999999999998e-05,1.0,0.0,861.1386502983172,0.0,861.1386502983172
1668712348.286266,0.044796,7.300000000000362e-05,9.6e-05,-3.500000000000001e-05,1.0,0.0,861.1386502983172,0.0,861.1386502983172
1668712407.8215256,0.044767,-2.9000000000001247e-05,8e-05,-1.5999999999999996e-05,1.0,0.0,861.1386502983172,0.0,861.1386502983172
1668712469.424224,0.044767,0.0,8e-05,0.0,1.0,0.0,861.1386502983172,0.0,861.1386502983172
1668712529.6303844,0.04477,2.9999999999960614e-06,7.5e-05,-5.000000000000013e-06,1.0,0.0,861.1386502983172,0.0,861.1386502983172
1668712589.3788078,0.044707,-6.300000000000056e-05,1.2e-05,-6.299999999999999e-05,1.0,0.0,861.1386502983172,0.0,861.1386502983172
1668712650.1795971,0.044774,6.700000000000456e-05,7.9e-05,6.7e-05,0.0,1.0,0.0,19233.00688565501,861.1386502983173
1668712710.1700866,0.044736,-3.800000000000331e-05,-1.3e-05,-9.2e-05,1.0,0.0,860.4077960366625,0.0,860.4077960366625
1668712770.2824297,0.044811,7.499999999999868e-05,1.8e-05,3.1e-05,0.0,1.0,0.0,19200.81667529541,860.4077960366625
1668712831.1266086,0.04485,3.900000000000431e-05,0.000115,9.7e-05,0.0,1.0,0.0,19200.81667529541,861.1566278869991
1668712891.145883,0.0448,-5.000000000000143e-05,0.0,-0.000115,1.0,0.0,860.1965870532343,0.0,860.1965870532343
1668712951.0831814,0.044742,-5.8000000000002494e-05,-5.8e-05,-5.8e-05,1.0,0.0,860.1965870532343,0.0,860.1965870532343
1668713012.0025268,0.044742,0.0,-5.8e-05,0.0,1.0,0.0,860.1965870532343,0.0,860.1965870532343
1668713072.095673,0.044744,2.000000000002e-06,-2.3e-05,3.5e-05,0.0,1.0,0.0,19224.847734964114,860.1965870532343
1668713131.9406264,0.044742,-2.000000000002e-06,-2.5e-05,-2.000000000000001e-06,1.0,0.0,860.1581373577643,0.0,860.1581373577643
1668713193.301651,0.044742,0.0,-2.5e-05,0.0,1.0,0.0,860.1581373577643,0.0,860.1581373577643
1668713253.2140214,0.044742,0.0,-2.5e-05,0.0,1.0,0.0,860.1581373577643,0.0,860.1581373577643
1668713312.9618857,0.044742,0.0,3.5e-05,6e-05,0.0,1.0,0.0,19224.847734964114,860.1581373577643
1668713373.8867393,0.044742,0.0,3.5e-05,0.0,0.0,1.0,0.0,19224.847734964114,860.1581373577643
1668713433.9370885,0.044742,0.0,3.5e-05,0.0,0.0,1.0,0.0,19224.847734964114,860.1581373577643
1668713493.9444685,0.044743,1.000000000001e-06,-3.1e-05,-6.6e-05,1.0,0.0,860.1773622054993,0.0,860.1773622054993
1668713554.7387471,0.044773,3.0000000000002247e-05,-1e-06,3e-05,0.0,1.0,0.0,19211.96618956736,860.1773622054992
1668713614.663184,0.044792,1.8999999999998185e-05,6e-06,7e-06,0.0,1.0,0.0,19211.96618956736,860.5423895631011
1668713674.9262762,0.044792,0.0,-8e-06,-1.4e-05,1.0,0.0,860.5423895631011,0.0,860.5423895631011
1668713735.939698,0.044837,4.500000000000337e-05,3.7e-05,4.5e-05,0.0,1.0,0.0,19192.684380380066,860.5423895631011
1668713796.007257,0.044838,1.000000000001e-06,3.8e-05,1.000000000000004e-06,0.0,1.0,0.0,19192.684380380066,860.5615822474814
1668713855.8949304,0.044838,0.0,3.8e-05,0.0,0.0,1.0,0.0,19192.684380380066,860.5615822474814
1668713916.683344,0.044838,0.0,3.8e-05,0.0,0.0,1.0,0.0,19192.684380380066,860.5615822474814
1668713976.7117493,0.044838,0.0,3.8e-05,0.0,0.0,1.0,0.0,19192.684380380066,860.5615822474814
1668714036.9815571,0.04474,-9.800000000000086e-05,-0.00011,-0.000148,1.0,0.0,858.6806991782041,0.0,858.6806991782041
1668714097.5713992,0.044709,-3.100000000000325e-05,-9.1e-05,1.9e-05,0.0,1.0,0.0,19205.99206375012,858.6806991782041
1668714157.6586978,0.044709,0.0,-9.1e-05,0.0,0.0,1.0,0.0,19205.99206375012,858.6806991782041
1668714217.5152133,0.044709,0.0,-9.1e-05,0.0,0.0,1.0,0.0,19205.99206375012,858.6806991782041
1668714278.5258236,0.044709,0.0,-9.1e-05,0.0,0.0,1.0,0.0,19205.99206375012,858.6806991782041
1668714338.4456947,0.044709,0.0,-9.1e-05,0.0,0.0,1.0,0.0,19205.99206375012,858.6806991782041
1668714398.570559,0.04483,0.000121,8.8e-05,0.000179,0.0,1.0,0.0,19205.99206375012,861.0046242179179
1668714459.4975076,0.044836,5.999999999999062e-06,-2.8e-05,-0.000116,1.0,0.0,861.1198601703004,0.0,861.1198601703004
1668714519.4054644,0.044807,-2.9000000000001247e-05,-5.7e-05,-2.9000000000000004e-05,1.0,0.0,861.1198601703004,0.0,861.1198601703004
1668714579.600001,0.044831,2.4000000000003185e-05,-3.3e-05,2.4e-05,0.0,1.0,0.0,19208.134107432365,861.1198601703004
1668714640.321587,0.044843,1.1999999999998123e-05,3.9e-05,7.2e-05,0.0,1.0,0.0,19208.134107432365,861.3503577795896
1668714700.191703,0.044867,2.3999999999996247e-05,6.3e-05,2.4e-05,0.0,1.0,0.0,19208.134107432365,861.8113529981679
1668714760.5097384,0.044868,1.000000000001e-06,9.5e-05,3.2000000000000005e-05,0.0,1.0,0.0,19208.134107432365,861.8305611322753
1668714821.1375258,0.044849,-1.8999999999998185e-05,5.7e-05,-3.8e-05,1.0,0.0,861.4656065842341,0.0,861.4656065842341
1668714881.0446763,0.04488,3.100000000000325e-05,8.8e-05,3.0999999999999995e-05,0.0,1.0,0.0,19194.86645686796,861.4656065842341
1668714941.1416535,0.044887,7.000000000000062e-06,4.9e-05,-3.9e-05,1.0,0.0,861.5999706494322,0.0,861.5999706494322
1668715002.0957942,0.045,0.0001129999999999,0.000162,0.000113,0.0,1.0,0.0,19146.666014431827,861.5999706494322
1668715062.190394,0.045,0.0,0.000162,0.0,0.0,1.0,0.0,19146.666014431827,861.5999706494322
1668715121.9305892,0.04503,3.0000000000002247e-05,0.000321,0.000159,0.0,1.0,0.0,19146.666014431827,862.1743706298652
1668715182.8426998,0.044987,-4.300000000000137e-05,0.000215,-0.000106,1.0,0.0,861.3510639912446,0.0,861.3510639912446
1668715242.9035182,0.044926,-6.099999999999856e-05,9.5e-05,-0.0001199999999999,1.0,0.0,861.3510639912446,0.0,861.3510639912446
1668715302.8877995,0.044964,3.799999999999637e-05,0.000126,3.0999999999999995e-05,0.0,1.0,0.0,19156.45992329964,861.3510639912447
1668715363.643887,0.04495,-1.4000000000000123e-05,0.000112,-1.4e-05,1.0,0.0,861.0828735523186,0.0,861.0828735523186
1668715423.634011,0.044868,-8.199999999999874e-05,1e-06,-0.000111,1.0,0.0,861.0828735523186,0.0,861.0828735523186
1668715483.7151268,0.044868,0.0,0.0,-1e-06,1.0,0.0,861.0828735523186,0.0,861.0828735523186
1668715544.7560928,0.044861,-7.000000000000062e-06,-7e-06,-7e-06,1.0,0.0,861.0828735523186,0.0,861.0828735523186
1668715604.8647225,0.044861,0.0,-9e-06,-2.0000000000000003e-06,1.0,0.0,861.0828735523186,0.0,861.0828735523186
1668715664.6427069,0.044892,3.100000000000325e-05,2.2e-05,3.1e-05,0.0,1.0,0.0,19181.20987152095,861.0828735523186
1668715725.5207736,0.044826,-6.600000000000356e-05,-0.000174,-0.000196,1.0,0.0,859.8169137007981,0.0,859.8169137007981
1668715785.547047,0.044802,-2.3999999999996247e-05,-0.000198,-2.3999999999999987e-05,1.0,0.0,859.8169137007981,0.0,859.8169137007981
1668715845.6541376,0.044802,0.0,-0.000198,0.0,1.0,0.0,859.8169137007981,0.0,859.8169137007981
1668715906.615173,0.044802,0.0,-0.000196,1.9999999999999944e-06,0.0,1.0,0.0,19191.4850609526,859.8169137007981
1668715966.438221,0.044782,-1.9999999999999185e-05,-0.000205,-9.000000000000002e-06,1.0,0.0,859.4330839995793,0.0,859.4330839995793
1668716026.4764357,0.044782,0.0,-0.000205,0.0,1.0,0.0,859.4330839995793,0.0,859.4330839995793
1668716087.387308,0.044771,-1.1000000000004062e-05,-0.000216,-1.0999999999999996e-05,1.0,0.0,859.4330839995793,0.0,859.4330839995793
1668716147.406397,0.044781,1.0000000000003062e-05,-0.000131,8.499999999999998e-05,0.0,1.0,0.0,19191.913624072247,859.4330839995794
1668716207.3217125,0.044767,-1.4000000000000123e-05,-0.000183,-5.199999999999999e-05,1.0,0.0,859.1643972088423,0.0,859.1643972088423
1668716268.188005,0.04475,-1.7000000000003124e-05,-0.0002,-1.7000000000000007e-05,1.0,0.0,859.1643972088423,0.0,859.1643972088423
1668716328.3338642,0.04475,0.0,-0.0002,0.0,1.0,0.0,859.1643972088423,0.0,859.1643972088423
1668716388.265296,0.04475,0.0,-0.000118,8.200000000000001e-05,0.0,1.0,0.0,19199.204406901503,859.1643972088422
1668716449.2187474,0.04475,0.0,-0.000118,0.0,0.0,1.0,0.0,19199.204406901503,859.1643972088422
1668716509.2297752,0.044824,7.400000000000462e-05,-3.7e-05,8.099999999999999e-05,0.0,1.0,0.0,19199.204406901503,860.5851383349531
1668716569.1339753,0.044885,6.099999999999856e-05,-7e-06,3e-05,0.0,1.0,0.0,19199.204406901503,861.7562898037739
1668716630.050632,0.044894,9.000000000002062e-06,2e-06,9e-06,0.0,1.0,0.0,19199.204406901503,861.9290826434361
1668716689.9417808,0.044894,0.0,2e-06,0.0,0.0,1.0,0.0,19199.204406901503,861.9290826434361
1668716749.9673193,0.044894,0.0,2e-06,0.0,0.0,1.0,0.0,19199.204406901503,861.9290826434361
1668716811.0836227,0.044894,0.0,2e-06,0.0,0.0,1.0,0.0,19199.204406901503,861.9290826434361
1668716871.0856578,0.044894,0.0,2e-06,0.0,0.0,1.0,0.0,19199.204406901503,861.9290826434361
1668716930.9881086,0.044749,-0.000145,-6.9e-05,-7.099999999999999e-05,1.0,0.0,859.1451980044353,0.0,859.1451980044353
1668716991.857576,0.044749,0.0,-6.9e-05,0.0,1.0,0.0,859.1451980044353,0.0,859.1451980044353
1668717051.8455353,0.04471,-3.899999999999737e-05,-9.2e-05,-2.3000000000000003e-05,1.0,0.0,859.1451980044353,0.0,859.1451980044353
1668717111.8508558,0.04471,0.0,-9.2e-05,0.0,1.0,0.0,859.1451980044353,0.0,859.1451980044353
1668717172.5729053,0.04471,0.0,-7.2e-05,2e-05,0.0,1.0,0.0,19215.951644026736,859.1451980044353
1668717232.8491836,0.044813,0.0001029999999999,4.2e-05,0.000114,0.0,1.0,0.0,19215.951644026736,861.1244410237701
1668717292.4913256,0.04485,3.700000000000231e-05,6.9e-05,2.7e-05,0.0,1.0,0.0,19215.951644026736,861.8354312345991
1668717353.6947284,0.04485,0.0,6.9e-05,0.0,0.0,1.0,0.0,19215.951644026736,861.8354312345991
1668717413.5954363,0.04485,0.0,6.9e-05,0.0,0.0,1.0,0.0,19215.951644026736,861.8354312345991
1668717473.7581224,0.04485,0.0,6.9e-05,0.0,0.0,1.0,0.0,19215.951644026736,861.8354312345991
1668717534.38644,0.04485,0.0,6.9e-05,0.0,0.0,1.0,0.0,19215.951644026736,861.8354312345991
1668717594.5278685,0.04485,0.0,6.9e-05,0.0,0.0,1.0,0.0,19215.951644026736,861.8354312345991
1668717654.50866,0.044766,-8.400000000000074e-05,1.6e-05,-5.3e-05,1.0,0.0,860.2212912965009,0.0,860.2212912965009
1668717715.2990177,0.044706,-5.999999999999756e-05,-4.4e-05,-6e-05,1.0,0.0,860.2212912965009,0.0,860.2212912965009
1668717775.1902564,0.044746,3.999999999999837e-05,-7.8e-05,-3.4e-05,1.0,0.0,860.2212912965009,0.0,860.2212912965009
1668717835.7734094,0.044671,-7.499999999999868e-05,-0.000223,-0.000145,1.0,0.0,860.2212912965009,0.0,860.2212912965009
1668717896.32341,0.044683,1.1999999999998123e-05,-6.6e-05,0.000157,0.0,1.0,0.0,19251.645845097708,860.2212912965009
1668717956.3116615,0.044695,1.1999999999998123e-05,-1.5e-05,5.1000000000000006e-05,0.0,1.0,0.0,19251.645845097708,860.4523110466421
1668718016.3230078,0.044592,-0.0001029999999999,-0.000118,-0.000103,1.0,0.0,858.469391524597,0.0,858.469391524597
1668718077.0574224,0.044604,1.1999999999998123e-05,-0.000106,1.1999999999999994e-05,0.0,1.0,0.0,19246.46649458786,858.469391524597
1668718137.1729035,0.044605,1.000000000001e-06,-0.000165,-5.9e-05,1.0,0.0,858.4886379910915,0.0,858.4886379910915
1668718197.1160853,0.044566,-3.899999999999737e-05,-0.000247,-8.199999999999999e-05,1.0,0.0,858.4886379910915,0.0,858.4886379910915
1668718257.9448016,0.044627,6.099999999999856e-05,-0.000223,2.3999999999999987e-05,0.0,1.0,0.0,19236.978465751487,858.4886379910915
1668718318.3737931,0.044627,0.0,-0.000223,0.0,0.0,1.0,0.0,19236.978465751487,858.4886379910915
1668718377.9642322,0.044551,-7.599999999999968e-05,-0.000215,8.000000000000005e-06,0.0,1.0,0.0,19236.978465751487,857.0266276276944
1668718438.8786588,0.04456,9.000000000002062e-06,-0.00014,7.500000000000001e-05,0.0,1.0,0.0,19236.978465751487,857.1997604338862
1668718498.6982036,0.044556,-4.000000000004e-06,-0.00019,-5.000000000000002e-05,1.0,0.0,857.1228125200232,0.0,857.1228125200232
1668718558.7729523,0.044556,0.0,-0.000195,-4.999999999999986e-06,1.0,0.0,857.1228125200232,0.0,857.1228125200232
1668718619.649999,0.044542,-1.4000000000000123e-05,-0.000117,7.8e-05,0.0,1.0,0.0,19243.024842171955,857.1228125200232
1668718679.7534797,0.044509,-3.299999999999831e-05,-0.000162,-4.500000000000001e-05,1.0,0.0,856.4877927002316,0.0,856.4877927002316
1668718739.811589,0.044563,5.3999999999998494e-05,-4.1e-05,0.000121,0.0,1.0,0.0,19219.7067679517,856.4877927002315
1668718800.4321308,0.044511,-5.199999999999649e-05,-8e-05,-3.9000000000000006e-05,1.0,0.0,855.4883679482981,0.0,855.4883679482981
1668718860.5555165,0.044511,0.0,-8e-05,0.0,1.0,0.0,855.4883679482981,0.0,855.4883679482981
1668718920.4383872,0.04451,-1.000000000001e-06,-8.3e-05,-2.999999999999992e-06,1.0,0.0,855.4883679482981,0.0,855.4883679482981
1668718981.2561648,0.044441,-6.899999999999962e-05,-0.000186,-0.000103,1.0,0.0,855.4883679482981,0.0,855.4883679482981
1668719041.4104652,0.044493,5.199999999999649e-05,-4.9e-05,0.000137,0.0,1.0,0.0,19227.482254473696,855.4883679482981
1668719101.530846,0.044493,0.0,-4.9e-05,0.0,0.0,1.0,0.0,19227.482254473696,855.4883679482981
1668719162.147968,0.044538,4.500000000000337e-05,-2.2e-05,2.7e-05,0.0,1.0,0.0,19227.482254473696,856.3536046497495
1668719222.1613235,0.044533,-4.9999999999980616e-06,-2.3e-05,-1.0000000000000006e-06,1.0,0.0,856.2574672384771,0.0,856.2574672384771
1668719282.1288962,0.044527,-6.0000000000060005e-06,-2.9e-05,-6e-06,1.0,0.0,856.2574672384771,0.0,856.2574672384771
1668719342.830466,0.044527,0.0,-2.9e-05,0.0,1.0,0.0,856.2574672384771,0.0,856.2574672384771
1668719402.9266226,0.044537,1.0000000000003062e-05,-1.9e-05,1e-05,0.0,1.0,0.0,19225.755377292524,856.2574672384771
1668719462.9066987,0.044537,0.0,2.8e-05,4.7e-05,0.0,1.0,0.0,19225.755377292524,856.2574672384771
1668719523.5987668,0.044537,0.0,2.8e-05,0.0,0.0,1.0,0.0,19225.755377292524,856.2574672384771
1668719583.7277124,0.044537,0.0,2.8e-05,0.0,0.0,1.0,0.0,19225.755377292524,856.2574672384771
1668719643.9979825,0.044481,-5.6000000000000494e-05,-9.1e-05,-0.000119,1.0,0.0,855.1808249373488,0.0,855.1808249373488
1668719704.9532757,0.04455,6.899999999999962e-05,3.9e-05,0.00013,0.0,1.0,0.0,19195.978113071804,855.1808249373488
1668719764.767056,0.044551,1.000000000001e-06,8.2e-05,4.3e-05,0.0,1.0,0.0,19195.978113071804,855.2000209154619
1668719824.6483378,0.044499,-5.200000000000343e-05,5.9e-05,-2.3000000000000003e-05,1.0,0.0,854.2018300535822,0.0,854.2018300535822
1668719885.5511785,0.044493,-5.999999999999062e-06,0.0,-5.9e-05,1.0,0.0,854.2018300535822,0.0,854.2018300535822
1668719945.447424,0.04445,-4.299999999999443e-05,-8.8e-05,-8.8e-05,1.0,0.0,854.2018300535822,0.0,854.2018300535822
1668720005.4235194,0.044463,1.2999999999999123e-05,-6.4e-05,2.4e-05,0.0,1.0,0.0,19211.520366452605,854.2018300535823
1668720066.2266853,0.044489,2.5999999999998247e-05,-4.8e-05,1.5999999999999996e-05,0.0,1.0,0.0,19211.520366452605,854.70132958311
1668720126.1914597,0.04447,-1.8999999999998185e-05,-6.7e-05,-1.9e-05,1.0,0.0,854.3363106961474,0.0,854.3363106961474
1668720186.179014,0.04446,-1.0000000000003062e-05,-7.7e-05,-1e-05,1.0,0.0,854.3363106961474,0.0,854.3363106961474
1668720248.4894044,0.044426,-3.399999999999931e-05,-5.3e-05,2.4e-05,0.0,1.0,0.0,19230.54766794552,854.3363106961474
1668720307.8627474,0.044402,-2.4000000000003185e-05,-0.000159,-0.0001059999999999,1.0,0.0,853.8747775521168,0.0,853.8747775521168
1668720368.288939,0.044353,-4.900000000000043e-05,-0.000198,-3.9e-05,1.0,0.0,853.8747775521168,0.0,853.8747775521168
1668720429.273653,0.044424,7.100000000000162e-05,-7.5e-05,0.000123,0.0,1.0,0.0,19221.02416603901,853.8747775521167
1668720489.1290495,0.044424,0.0,1.2e-05,8.7e-05,0.0,1.0,0.0,19221.02416603901,853.8747775521169
1668720548.7474897,0.044424,0.0,-6.6e-05,-7.8e-05,1.0,0.0,853.8747775521169,0.0,853.8747775521169
1668720609.8430853,0.044449,2.5000000000004186e-05,2.2e-05,8.8e-05,0.0,1.0,0.0,19210.213448044207,853.874777552117
1668720669.7998922,0.04445,1.000000000001e-06,-3.9e-05,-6.1e-05,1.0,0.0,853.893987765565,0.0,853.893987765565
1668720729.8104265,0.044449,-1.000000000001e-06,-2.1e-05,1.8e-05,0.0,1.0,0.0,19210.64563354777,853.893987765565
1668720790.5873277,0.044544,9.499999999999786e-05,7.5e-05,9.6e-05,0.0,1.0,0.0,19210.64563354777,855.718999100752
1668720850.4746878,0.044551,7.000000000000062e-06,0.00015,7.5e-05,0.0,1.0,0.0,19210.64563354777,855.8534736201867
1668720910.618431,0.044629,7.800000000000168e-05,0.000244,9.4e-05,0.0,1.0,0.0,19210.64563354777,857.3519039796034
1668720971.712365,0.044648,1.8999999999998185e-05,0.000298,5.3999999999999984e-05,0.0,1.0,0.0,19210.64563354777,857.7169062466409
1668721031.4953969,0.04468,3.199999999999731e-05,0.000256,-4.199999999999999e-05,1.0,0.0,858.3316469069143,0.0,858.3316469069143
1668721091.5203428,0.044654,-2.5999999999998247e-05,0.00023,-2.599999999999998e-05,1.0,0.0,858.3316469069143,0.0,858.3316469069143
1668721152.2507448,0.044576,-7.800000000000168e-05,0.000127,-0.000103,1.0,0.0,858.3316469069143,0.0,858.3316469069143
1668721212.3225243,0.044634,5.8000000000002494e-05,0.000184,5.7e-05,0.0,1.0,0.0,19230.44421084631,858.3316469069143
1668721272.2577672,0.044588,-4.599999999999743e-05,0.000138,-4.600000000000001e-05,1.0,0.0,857.4470464732154,0.0,857.4470464732154
1668721333.0651867,0.04466,7.199999999999568e-05,0.00021,7.200000000000002e-05,0.0,1.0,0.0,19199.441255557893,857.4470464732154
1668721393.411697,0.044658,-1.9999999999950613e-06,8.8e-05,-0.000122,1.0,0.0,857.4086475907044,0.0,857.4086475907044
1668721453.1585302,0.044658,0.0,8.8e-05,0.0,1.0,0.0,857.4086475907044,0.0,857.4086475907044
1668721514.0277598,0.044658,0.0,8.8e-05,0.0,1.0,0.0,857.4086475907044,0.0,857.4086475907044
1668721574.1359367,0.044658,0.0,0.000107,1.9e-05,0.0,1.0,0.0,19199.441255557893,857.4086475907044
1668721634.3735025,0.044741,8.299999999999974e-05,0.000111,4.000000000000002e-06,0.0,1.0,0.0,19199.441255557893,859.0022012149158
1668721694.8998451,0.044653,-8.800000000000474e-05,5e-06,-0.000106,1.0,0.0,857.3126503844265,0.0,857.3126503844265
1668721754.8777664,0.044667,1.4000000000000123e-05,-1.3e-05,-1.8e-05,1.0,0.0,857.3126503844265,0.0,857.3126503844265
1668721814.8191807,0.04467,3.0000000000030003e-06,1.6e-05,2.9e-05,0.0,1.0,0.0,19192.134550804265,857.3126503844265
1668721875.771043,0.04466,-1.0000000000003062e-05,2.6e-05,1e-05,0.0,1.0,0.0,19192.134550804265,857.1207290389184
1668721935.787999,0.044588,-7.199999999999568e-05,-4.6e-05,-7.2e-05,1.0,0.0,855.7388953512606,0.0,855.7388953512606
1668721995.601473,0.044588,0.0,-4.6e-05,0.0,1.0,0.0,855.7388953512606,0.0,855.7388953512606
1668722057.1563911,0.044588,0.0,-4.6e-05,0.0,1.0,0.0,855.7388953512606,0.0,855.7388953512606
1668722117.263167,0.04467,8.199999999999874e-05,3.6e-05,8.2e-05,0.0,1.0,0.0,19156.903858322377,855.7388953512606
1668722177.1437938,0.044651,-1.8999999999998185e-05,-9e-06,-4.5e-05,1.0,0.0,855.3749141779525,0.0,855.3749141779525
1668722238.0673127,0.044651,0.0,-9e-06,0.0,1.0,0.0,855.3749141779525,0.0,855.3749141779525
1668722297.950785,0.044651,0.0,-9e-06,0.0,1.0,0.0,855.3749141779525,0.0,855.3749141779525
1668722358.2031724,0.044636,-1.5000000000001124e-05,-2.2e-05,-1.3e-05,1.0,0.0,855.3749141779525,0.0,855.3749141779525
1668722418.9570389,0.04468,4.399999999999543e-05,2.2e-05,4.4e-05,0.0,1.0,0.0,19144.4698786471,855.3749141779524
1668722478.6023617,0.044695,1.5000000000001124e-05,3.7e-05,1.5e-05,0.0,1.0,0.0,19144.4698786471,855.6620812261322
1668722538.7134752,0.04471,1.5000000000001124e-05,1.5e-05,-2.2e-05,1.0,0.0,855.9492482743119,0.0,855.9492482743119
1668722599.7242534,0.044651,-5.899999999999656e-05,-2e-06,-1.7e-05,1.0,0.0,855.9492482743119,0.0,855.9492482743119
1668722659.5976317,0.044651,0.0,-2e-06,0.0,1.0,0.0,855.9492482743119,0.0,855.9492482743119
1668722719.5607638,0.044681,2.9999999999995308e-05,6.7e-05,6.9e-05,0.0,1.0,0.0,19156.895509820995,855.9492482743119
1668722780.9902449,0.044747,6.600000000000356e-05,9.5e-05,2.8000000000000003e-05,0.0,1.0,0.0,19156.895509820995,857.2136033779601
1668722840.4631383,0.044703,-4.400000000000237e-05,5.1e-05,-4.4000000000000006e-05,1.0,0.0,856.3706999755279,0.0,856.3706999755279
1668722900.5167048,0.044703,0.0,5.1e-05,0.0,1.0,0.0,856.3706999755279,0.0,856.3706999755279
1668722961.7232656,0.044703,0.0,5.1e-05,0.0,1.0,0.0,856.3706999755279,0.0,856.3706999755279
1668723021.4919047,0.044664,-3.899999999999737e-05,7.6e-05,2.5000000000000005e-05,0.0,1.0,0.0,19173.6230515746,856.3706999755279
1668723081.3016982,0.044639,-2.5000000000004186e-05,-1.2e-05,-8.8e-05,1.0,0.0,855.8913593992385,0.0,855.8913593992385
1668723142.2080486,0.044639,0.0,-1.2e-05,0.0,1.0,0.0,855.8913593992385,0.0,855.8913593992385
1668723202.2183104,0.044639,0.0,-1.2e-05,0.0,1.0,0.0,855.8913593992385,0.0,855.8913593992385
1668723262.196865,0.044626,-1.2999999999999123e-05,-2.5e-05,-1.3e-05,1.0,0.0,855.8913593992385,0.0,855.8913593992385
1668723323.5824628,0.044626,0.0,-2.5e-05,0.0,1.0,0.0,855.8913593992385,0.0,855.8913593992385
1668723383.398771,0.044681,5.499999999999949e-05,4.5e-05,7.000000000000001e-05,0.0,1.0,0.0,19155.59990598327,855.8913593992384
1668723443.070545,0.044606,-7.499999999999868e-05,-8.9e-05,-0.000134,1.0,0.0,854.4546894062896,0.0,854.4546894062896
1668723504.0708964,0.044572,-3.399999999999931e-05,-0.000159,-7e-05,1.0,0.0,854.4546894062896,0.0,854.4546894062896
1668723564.011554,0.044636,6.400000000000156e-05,-1.5e-05,0.0001439999999999,0.0,1.0,0.0,19142.725365317,854.4546894062897
1668723624.3059573,0.0445,-0.000136,-0.000266,-0.000251,1.0,0.0,851.8512787566065,0.0,851.8512787566065
1668723684.9057589,0.044477,-2.2999999999995246e-05,-0.000226,4.000000000000002e-05,0.0,1.0,0.0,19152.624474596003,851.8512787566065
1668723744.7316236,0.044479,1.9999999999950613e-06,-0.000224,1.9999999999999944e-06,0.0,1.0,0.0,19152.624474596003,851.8895840055555
1668723804.8510854,0.044479,0.0,-0.000224,0.0,0.0,1.0,0.0,19152.624474596003,851.8895840055555
1668723866.1325738,0.044479,0.0,-0.000185,3.9e-05,0.0,1.0,0.0,19152.624474596003,851.8895840055555
1668723926.1181245,0.044479,0.0,-0.000185,0.0,0.0,1.0,0.0,19152.624474596003,851.8895840055555
1668723986.1264703,0.044522,4.300000000000137e-05,-0.000104,8.1e-05,0.0,1.0,0.0,19152.624474596003,852.7131468579632
1668724046.8701663,0.04457,4.799999999999943e-05,-0.000111,-7.000000000000008e-06,1.0,0.0,853.6324728327438,0.0,853.6324728327438
1668724107.0215125,0.044576,5.999999999999062e-06,-1.4e-05,9.7e-05,0.0,1.0,0.0,19150.0465010935,853.6324728327438
1668724167.1459622,0.044592,1.6000000000002124e-05,2e-06,1.6e-05,0.0,1.0,0.0,19150.0465010935,853.9388735767614
1668724227.705721,0.044609,1.7000000000003124e-05,-2.7e-05,-2.9e-05,1.0,0.0,854.26442436728,0.0,854.26442436728
1668724287.7949803,0.0447,9.099999999999386e-05,0.000159,0.000186,0.0,1.0,0.0,19111.060947813872,854.2644243672801
1668724347.6909142,0.0447,0.0,0.000159,0.0,0.0,1.0,0.0,19111.060947813872,854.2644243672801
1668724408.7476144,0.0447,0.0,0.000159,0.0,0.0,1.0,0.0,19111.060947813872,854.2644243672801
1668724468.398626,0.0447,0.0,0.000159,0.0,0.0,1.0,0.0,19111.060947813872,854.2644243672801
1668724528.7168624,0.044605,-9.499999999999786e-05,0.000142,-1.699999999999998e-05,1.0,0.0,852.4488735772377,0.0,852.4488735772377
1668724589.5251803,0.044598,-7.000000000000062e-06,0.000119,-2.3000000000000003e-05,1.0,0.0,852.4488735772377,0.0,852.4488735772377
1668724649.5681422,0.044483,-0.0001149999999999,4e-06,-0.000115,1.0,0.0,852.4488735772377,0.0,852.4488735772377
1668724709.6552444,0.044477,-5.999999999999062e-06,-2e-06,-6e-06,1.0,0.0,852.4488735772377,0.0,852.4488735772377
1668724770.407993,0.04445,-2.6999999999999247e-05,-7.3e-05,-7.1e-05,1.0,0.0,852.4488735772377,0.0,852.4488735772377
1668724830.433092,0.0445,4.999999999999449e-05,-7e-05,3.000000000000005e-06,0.0,1.0,0.0,19156.154462409835,852.4488735772376
1668724890.462865,0.0446,0.0001,3e-05,0.0001,0.0,1.0,0.0,19156.154462409835,854.3644890234787
1668724951.2136106,0.044581,-1.8999999999998185e-05,-1.1e-05,-4.1e-05,1.0,0.0,854.000522088693,0.0,854.000522088693
1668725011.17522,0.044581,0.0,-1.1e-05,0.0,1.0,0.0,854.000522088693,0.0,854.000522088693
1668725071.2153387,0.0446,1.8999999999998185e-05,-8.7e-05,-7.6e-05,1.0,0.0,854.000522088693,0.0,854.000522088693
1668725132.459795,0.044601,1.000000000001e-06,-8.6e-05,9.999999999999972e-07,0.0,1.0,0.0,19147.56445121618,854.000522088693
1668725192.5197632,0.044601,0.0,-8.6e-05,0.0,0.0,1.0,0.0,19147.56445121618,854.000522088693
1668725252.4100878,0.04459,-1.1000000000004062e-05,-0.00011,-2.4e-05,1.0,0.0,853.7898988797295,0.0,853.7898988797295
1668725313.167421,0.044647,5.700000000000149e-05,-5.3e-05,5.7e-05,0.0,1.0,0.0,19123.119109452586,853.7898988797295
1668725373.1244814,0.044647,0.0,-5.3e-05,0.0,0.0,1.0,0.0,19123.119109452586,853.7898988797295
1668725433.2040584,0.044701,5.3999999999998494e-05,0.000103,0.000156,0.0,1.0,0.0,19123.119109452586,854.8225473116399
1668725494.0196826,0.044671,-2.9999999999995308e-05,7.3e-05,-3e-05,1.0,0.0,854.2488537383565,0.0,854.2488537383565
1668725554.0069168,0.044671,0.0,7.3e-05,0.0,1.0,0.0,854.2488537383565,0.0,854.2488537383565
1668725614.0555365,0.044671,0.0,7.3e-05,0.0,1.0,0.0,854.2488537383565,0.0,854.2488537383565
1668725675.2306125,0.044567,-0.0001039999999999,8.4e-05,1.0999999999999996e-05,0.0,1.0,0.0,19167.74415460669,854.2488537383565
1668725735.285953,0.044513,-5.400000000000543e-05,3.6e-05,-4.8e-05,1.0,0.0,853.2137955540076,0.0,853.2137955540076
1668725795.137726,0.04455,3.700000000000231e-05,0.0001,6.400000000000001e-05,0.0,1.0,0.0,19151.824816027107,853.2137955540076
1668725855.9797778,0.04455,0.0,5e-05,-5e-05,1.0,0.0,853.2137955540076,0.0,853.2137955540076
1668725916.2625356,0.044565,1.5000000000001124e-05,-3.5e-05,-8.5e-05,1.0,0.0,853.2137955540076,0.0,853.2137955540076
1668725976.4850187,0.04455,-1.5000000000001124e-05,-3.1e-05,3.999999999999996e-06,0.0,1.0,0.0,19151.824816027107,853.2137955540076
1668726036.9172573,0.04456,1.0000000000003062e-05,1.7e-05,4.8e-05,0.0,1.0,0.0,19151.824816027107,853.4053138021679
1668726096.7989924,0.04454,-1.9999999999999185e-05,-6.1e-05,-7.8e-05,1.0,0.0,853.0222773058474,0.0,853.0222773058474
1668726160.2132213,0.04457,2.9999999999995308e-05,-7.7e-05,-1.6000000000000003e-05,1.0,0.0,853.0222773058474,0.0,853.0222773058474
1668726218.127633,0.04457,0.0,-7.7e-05,0.0,1.0,0.0,853.0222773058474,0.0,853.0222773058474
1668726277.8304188,0.04458,1.0000000000003062e-05,6.7e-05,0.000144,0.0,1.0,0.0,19134.64058559549,853.0222773058473
1668726338.147217,0.044651,7.100000000000162e-05,0.000101,3.4e-05,0.0,1.0,0.0,19134.64058559549,854.3808367874245
1668726399.0784109,0.044635,-1.6000000000002124e-05,8.5e-05,-1.5999999999999996e-05,1.0,0.0,854.0746825380547,0.0,854.0746825380547
1668726458.8721344,0.044635,0.0,8.5e-05,0.0,1.0,0.0,854.0746825380547,0.0,854.0746825380547
1668726518.824309,0.044569,-6.600000000000356e-05,1.9e-05,-6.6e-05,1.0,0.0,854.0746825380547,0.0,854.0746825380547
1668726579.9949489,0.044569,0.0,1.9e-05,0.0,1.0,0.0,854.0746825380547,0.0,854.0746825380547
1668726639.6766071,0.044569,0.0,1.9e-05,0.0,1.0,0.0,854.0746825380547,0.0,854.0746825380547
1668726699.7933934,0.044636,6.700000000000456e-05,8.6e-05,6.7e-05,0.0,1.0,0.0,19134.21190380085,854.0746825380547
1668726760.228511,0.04457,-6.600000000000356e-05,2e-05,-6.6e-05,1.0,0.0,852.8118245524039,0.0,852.8118245524039
1668726819.5959024,0.04457,0.0,2e-05,0.0,1.0,0.0,852.8118245524039,0.0,852.8118245524039
1668726879.8224146,0.044628,5.8000000000002494e-05,0.000128,0.000108,0.0,1.0,0.0,19109.344459810072,852.8118245524039
1668726941.2669685,0.044654,2.5999999999998247e-05,9.4e-05,-3.4e-05,1.0,0.0,853.308667508359,0.0,853.308667508359
1668726999.7078326,0.044654,0.0,9.4e-05,0.0,1.0,0.0,853.308667508359,0.0,853.308667508359
1668727059.792785,0.044654,0.0,9.4e-05,0.0,1.0,0.0,853.308667508359,0.0,853.308667508359
1668727121.0890625,0.044715,6.099999999999856e-05,0.000145,5.1000000000000006e-05,0.0,1.0,0.0,19083.27557885182,853.308667508359
1668727179.9473708,0.044729,1.4000000000000123e-05,0.000159,1.3999999999999988e-05,0.0,1.0,0.0,19083.27557885182,853.5758333664629
1668727239.6043742,0.044733,4.000000000004e-06,0.000153,-5.999999999999983e-06,1.0,0.0,853.6521664687784,0.0,853.6521664687784
1668727299.5720544,0.044661,-7.200000000000262e-05,8.1e-05,-7.2e-05,1.0,0.0,853.6521664687784,0.0,853.6521664687784
1668727359.7952163,0.044661,0.0,8.1e-05,0.0,1.0,0.0,853.6521664687784,0.0,853.6521664687784
1668727419.7952893,0.044661,0.0,8.1e-05,0.0,1.0,0.0,853.6521664687784,0.0,853.6521664687784
1668727479.6690874,0.044669,8.000000000001062e-06,3.3e-05,-4.8e-05,1.0,0.0,853.6521664687784,0.0,853.6521664687784
1668727539.85854,0.04468,1.0999999999997123e-05,4.4e-05,1.0999999999999996e-05,0.0,1.0,0.0,19105.912409775705,853.6521664687784
1668727599.6487665,0.04472,4.000000000000531e-05,8.5e-05,4.100000000000001e-05,0.0,1.0,0.0,19105.912409775705,854.4164029651696
1668727659.4516988,0.04472,0.0,8.5e-05,0.0,0.0,1.0,0.0,19105.912409775705,854.4164029651696
1668727719.5634568,0.04472,0.0,0.000151,6.6e-05,0.0,1.0,0.0,19105.912409775705,854.4164029651696
1668727779.6044674,0.04472,0.0,0.000151,0.0,0.0,1.0,0.0,19105.912409775705,854.4164029651696
1668727839.9041777,0.04472,0.0,0.000151,0.0,0.0,1.0,0.0,19105.912409775705,854.4164029651696
1668727900.1816597,0.04472,0.0,0.000151,0.0,0.0,1.0,0.0,19105.912409775705,854.4164029651696
1668727959.7833738,0.04472,0.0,0.000151,0.0,0.0,1.0,0.0,19105.912409775705,854.4164029651696
1668728019.8808043,0.04472,0.0,0.000151,0.0,0.0,1.0,0.0,19105.912409775705,854.4164029651696
1668728079.745462,0.044726,5.999999999999062e-06,0.000157,5.999999999999983e-06,0.0,1.0,0.0,19105.912409775705,854.5310384396282
1668728139.675785,0.044726,0.0,0.000157,0.0,0.0,1.0,0.0,19105.912409775705,854.5310384396282
1668728199.7463405,0.044821,9.499999999999786e-05,0.000251,9.399999999999998e-05,0.0,1.0,0.0,19105.912409775705,856.3461001185568
1668728259.7892425,0.044764,-5.700000000000149e-05,0.000136,-0.0001149999999999,1.0,0.0,855.2570631111996,0.0,855.2570631111996
1668728320.0757418,0.044764,0.0,0.00011,-2.5999999999999995e-05,1.0,0.0,855.2570631111996,0.0,855.2570631111996
1668728379.879542,0.044764,0.0,0.00011,0.0,1.0,0.0,855.2570631111996,0.0,855.2570631111996
1668728439.7309544,0.044764,0.0,0.00011,0.0,1.0,0.0,855.2570631111996,0.0,855.2570631111996
1668728499.7912872,0.04479,2.6000000000005186e-05,6.1e-05,-4.9000000000000005e-05,1.0,0.0,855.2570631111996,0.0,855.2570631111996
1668728559.6724536,0.044753,-3.700000000000231e-05,9.2e-05,3.1e-05,0.0,1.0,0.0,19110.608520349462,855.2570631111996
1668728619.5372946,0.044869,0.0001159999999999,0.000208,0.0001159999999999,0.0,1.0,0.0,19110.608520349462,857.47389369956
1668728679.668915,0.044684,-0.0001849999999999,5e-06,-0.0002029999999999,1.0,0.0,853.9384311232953,0.0,853.9384311232953
1668728739.9143126,0.04466,-2.4000000000003185e-05,-6e-05,-6.500000000000001e-05,1.0,0.0,853.9384311232953,0.0,853.9384311232953
1668728799.5862834,0.04466,0.0,-6e-05,0.0,1.0,0.0,853.9384311232953,0.0,853.9384311232953
1668728859.6045568,0.04466,0.0,-6e-05,0.0,1.0,0.0,853.9384311232953,0.0,853.9384311232953
1668728919.4795122,0.04466,0.0,-6e-05,0.0,1.0,0.0,853.9384311232953,0.0,853.9384311232953
1668728979.7689035,0.044649,-1.0999999999997123e-05,-7.1e-05,-1.1000000000000005e-05,1.0,0.0,853.9384311232953,0.0,853.9384311232953
1668729039.753329,0.044649,0.0,-7.1e-05,0.0,1.0,0.0,853.9384311232953,0.0,853.9384311232953
1668729099.7352536,0.044649,0.0,-7.1e-05,0.0,1.0,0.0,853.9384311232953,0.0,853.9384311232953
1668729159.68002,0.044616,-3.299999999999831e-05,-0.00018,-0.000109,1.0,0.0,853.9384311232953,0.0,853.9384311232953
1668729219.9196253,0.044671,5.499999999999949e-05,-0.00016,2e-05,0.0,1.0,0.0,19116.17002357895,853.9384311232953
1668729279.7753742,0.044707,3.599999999999437e-05,-0.000124,3.600000000000001e-05,0.0,1.0,0.0,19116.17002357895,854.6266132441441
1668729339.5491548,0.044667,-3.999999999999837e-05,-9.7e-05,2.700000000000001e-05,0.0,1.0,0.0,19116.17002357895,853.8619664432009
1668729399.7820797,0.044623,-4.399999999999543e-05,-0.000141,-4.400000000000001e-05,1.0,0.0,853.0208549621635,0.0,853.0208549621635
1668729459.7397883,0.044623,0.0,-0.000141,0.0,1.0,0.0,853.0208549621635,0.0,853.0208549621635
1668729519.873152,0.044667,4.399999999999543e-05,-9.7e-05,4.400000000000001e-05,0.0,1.0,0.0,19097.339310053587,853.0208549621635
1668729579.7342618,0.044667,0.0,-9.7e-05,0.0,0.0,1.0,0.0,19097.339310053587,853.0208549621635
1668729639.7305958,0.044667,0.0,1.3e-05,0.00011,0.0,1.0,0.0,19097.339310053587,853.0208549621635
1668729699.8477097,0.044592,-7.499999999999868e-05,-0.000277,-0.00029,1.0,0.0,851.5885545139096,0.0,851.5885545139096
1668729759.732318,0.044513,-7.900000000000268e-05,-0.000137,0.00014,0.0,1.0,0.0,19131.232550354045,851.5885545139096
1668729819.8253536,0.044597,8.400000000000074e-05,-6.3e-05,7.4e-05,0.0,1.0,0.0,19131.232550354045,853.1955780481393
1668729880.023239,0.044569,-2.8000000000000247e-05,-8e-05,-1.7000000000000007e-05,1.0,0.0,852.6599035367294,0.0,852.6599035367294
1668729939.792392,0.04455,-1.8999999999998185e-05,-9.9e-05,-1.8999999999999987e-05,1.0,0.0,852.6599035367294,0.0,852.6599035367294
1668729999.8578897,0.044603,5.299999999999749e-05,-7.9e-05,2e-05,0.0,1.0,0.0,19116.64918361387,852.6599035367294
1668730059.9695575,0.04457,-3.299999999999831e-05,-0.000138,-5.9e-05,1.0,0.0,852.0290541136702,0.0,852.0290541136702
1668730119.8743153,0.044522,-4.799999999999943e-05,-0.000185,-4.7e-05,1.0,0.0,852.0290541136702,0.0,852.0290541136702
1668730179.7870476,0.044438,-8.400000000000074e-05,-0.000269,-8.399999999999998e-05,1.0,0.0,852.0290541136702,0.0,852.0290541136702
1668730239.738829,0.044358,-7.999999999999674e-05,-0.000309,-4e-05,1.0,0.0,852.0290541136702,0.0,852.0290541136702
1668730299.770952,0.043713,-0.0006449999999999,-0.000991,-0.0006819999999999,1.0,0.0,852.0290541136702,0.0,852.0290541136702
1668730359.7694302,0.043445,-0.000268,-0.001133,-0.0001419999999999,1.0,0.0,852.0290541136702,0.0,852.0290541136702
1668730419.6598585,0.04344,-4.9999999999980616e-06,-0.001163,-3.000000000000008e-05,1.0,0.0,852.0290541136702,0.0,852.0290541136702
1668730479.7035625,0.043463,2.3000000000002185e-05,-0.001134,2.8999999999999943e-05,0.0,1.0,0.0,19603.549090345125,852.0290541136702
1668730539.7974224,0.043615,0.0001519999999999,-0.000907,0.000227,0.0,1.0,0.0,19603.549090345125,855.0087935754026
1668730600.0919883,0.043597,-1.8000000000004124e-05,-0.000973,-6.599999999999998e-05,1.0,0.0,854.6559296917764,0.0,854.6559296917764
1668730659.7125356,0.043816,0.000219,-0.000754,0.000219,0.0,1.0,0.0,19505.56713738763,854.6559296917764
1668730719.7729588,0.043865,4.900000000000043e-05,-0.000705,4.9e-05,0.0,1.0,0.0,19505.56713738763,855.6117024815084
1668730779.8383808,0.043782,-8.299999999999974e-05,-0.000576,0.000129,0.0,1.0,0.0,19505.56713738763,853.9927404091052
1668730839.8004117,0.043791,8.999999999995123e-06,0.000179,0.000755,0.0,1.0,0.0,19505.56713738763,854.1682905133416
1668730899.688998,0.043598,-0.0001929999999999,0.000139,-4e-05,1.0,0.0,850.4037160558258,0.0,850.4037160558258
1668730959.8116782,0.043654,5.6000000000000494e-05,0.000229,9.000000000000002e-05,0.0,1.0,0.0,19480.54510596568,850.4037160558258
1668731019.671495,0.04373,7.599999999999968e-05,0.000256,2.699999999999998e-05,0.0,1.0,0.0,19480.54510596568,851.8842374838791
1668731079.7341485,0.043763,3.300000000000525e-05,0.000169,-8.7e-05,1.0,0.0,852.5270954723761,0.0,852.5270954723761
1668731139.828219,0.043609,-0.000154,1.5e-05,-0.0001539999999999,1.0,0.0,852.5270954723761,0.0,852.5270954723761
1668731199.819118,0.043616,7.000000000000062e-06,-0.000196,-0.000211,1.0,0.0,852.5270954723761,0.0,852.5270954723761
1668731259.6605744,0.043626,9.999999999996125e-06,-0.000186,1e-05,0.0,1.0,0.0,19541.72042984404,852.5270954723761
1668731319.9027064,0.04368,5.3999999999998494e-05,-0.000102,8.4e-05,0.0,1.0,0.0,19541.72042984404,853.5823483755877
1668731379.8350554,0.043772,9.20000000000018e-05,-1e-05,9.2e-05,0.0,1.0,0.0,19541.72042984404,855.3801866551333
1668731439.7112644,0.043706,-6.599999999999662e-05,-8.5e-05,-7.500000000000001e-05,1.0,0.0,854.0904331067637,0.0,854.0904331067637
1668731499.8870964,0.04359,-0.000116,-4.5e-05,4e-05,0.0,1.0,0.0,19593.72409054288,854.0904331067638
1668731559.995607,0.043633,4.300000000000137e-05,-2.2e-05,2.3000000000000003e-05,0.0,1.0,0.0,19593.72409054288,854.9329632426574
1668731619.7598822,0.043574,-5.899999999999656e-05,-0.000129,-0.000107,1.0,0.0,853.7769335213155,0.0,853.7769335213155
1668731679.7023764,0.043594,1.9999999999999185e-05,-0.000169,-4e-05,1.0,0.0,853.7769335213155,0.0,853.7769335213155
1668731739.6141958,0.043609,1.5000000000001124e-05,-4e-05,0.000129,0.0,1.0,0.0,19577.998429712112,853.7769335213155
1668731799.6846566,0.043586,-2.3000000000002185e-05,-1.8e-05,2.2000000000000003e-05,0.0,1.0,0.0,19577.998429712112,853.3266395574321
1668731860.0925057,0.043683,9.699999999999986e-05,7.9e-05,9.7e-05,0.0,1.0,0.0,19577.998429712112,855.2257054051141
1668731919.7783587,0.043706,2.3000000000002185e-05,1.5e-05,-6.4e-05,1.0,0.0,855.6759993689976,0.0,855.6759993689976
1668731979.5752325,0.043709,2.9999999999960614e-06,-6.3e-05,-7.8e-05,1.0,0.0,855.6759993689976,0.0,855.6759993689976
1668732039.8024328,0.043656,-5.299999999999749e-05,7.9e-05,0.0001419999999999,0.0,1.0,0.0,19600.42146254805,855.6759993689976
1668732099.7388484,0.043579,-7.700000000000068e-05,-9e-06,-8.8e-05,1.0,0.0,854.1667669163814,0.0,854.1667669163814
1668732159.6516106,0.043548,-3.099999999999631e-05,3.5e-05,4.4e-05,0.0,1.0,0.0,19614.37418288742,854.1667669163813
1668732219.7858446,0.043505,-4.300000000000137e-05,-6.5e-05,-0.0001,1.0,0.0,853.3233488265172,0.0,853.3233488265172
1668732279.706938,0.043434,-7.100000000000162e-05,-0.00016,-9.500000000000002e-05,1.0,0.0,853.3233488265172,0.0,853.3233488265172
1668732339.903932,0.043545,0.0001109999999999,-6.4e-05,9.600000000000002e-05,0.0,1.0,0.0,19596.356615604946,853.3233488265172
1668732399.760088,0.043543,-2.000000000002e-06,-0.000144,-8e-05,1.0,0.0,853.2841561132861,0.0,853.2841561132861
1668732459.7687402,0.043534,-8.999999999995123e-06,-0.000153,-9.000000000000002e-06,1.0,0.0,853.2841561132861,0.0,853.2841561132861
1668732519.8479488,0.043534,0.0,-0.000153,0.0,1.0,0.0,853.2841561132861,0.0,853.2841561132861
1668732579.9337878,0.043501,-3.300000000000525e-05,-0.000103,5.000000000000001e-05,0.0,1.0,0.0,19615.276800838743,853.2841561132861
1668732639.8562396,0.043543,4.200000000000037e-05,-5.8e-05,4.5e-05,0.0,1.0,0.0,19615.276800838743,854.1079977389213
1668732699.8527136,0.043619,7.599999999999968e-05,7.1e-05,0.000129,0.0,1.0,0.0,19615.276800838743,855.5987587757851
1668732759.9644723,0.04361,-8.999999999995123e-06,0.000138,6.699999999999999e-05,0.0,1.0,0.0,19615.276800838743,855.4222212845776
1668732819.801448,0.04361,0.0,0.000138,0.0,0.0,1.0,0.0,19615.276800838743,855.4222212845776
1668732879.9737191,0.04354,-7.000000000000062e-05,4e-05,-9.8e-05,1.0,0.0,854.0491519085189,0.0,854.0491519085189
1668732939.9360793,0.043534,-5.999999999999062e-06,0.0001,6e-05,0.0,1.0,0.0,19617.98024322412,854.0491519085189
1668732999.789358,0.0435,-3.400000000000625e-05,6.6e-05,-3.4e-05,1.0,0.0,853.3821405802491,0.0,853.3821405802491
1668733059.9275696,0.043507,7.000000000000062e-06,-2.7e-05,-9.3e-05,1.0,0.0,853.3821405802491,0.0,853.3821405802491
1668733120.020335,0.043468,-3.899999999999737e-05,-6.6e-05,-3.9000000000000006e-05,1.0,0.0,853.3821405802491,0.0,853.3821405802491
1668733180.1363378,0.0434,-6.799999999999862e-05,-0.000143,-7.7e-05,1.0,0.0,853.3821405802491,0.0,853.3821405802491
1668733240.2921348,0.043257,-0.000143,-0.000244,-0.0001009999999999,1.0,0.0,853.3821405802491,0.0,853.3821405802491
1668733300.0843496,0.043258,1.000000000001e-06,-0.000285,-4.1e-05,1.0,0.0,853.3821405802491,0.0,853.3821405802491
1668733359.927749,0.043103,-0.0001549999999999,-0.00051,-0.000225,1.0,0.0,853.3821405802491,0.0,853.3821405802491
1668733419.931189,0.04305,-5.300000000000443e-05,-0.00056,-4.999999999999992e-05,1.0,0.0,853.3821405802491,0.0,853.3821405802491
1668733479.8024223,0.0432,0.00015,-0.000373,0.0001869999999999,0.0,1.0,0.0,19754.2162171354,853.3821405802491
1668733539.7586062,0.0431,-0.0001,-0.0004,-2.700000000000001e-05,1.0,0.0,851.4067189585357,0.0,851.4067189585357
1668733599.9773982,0.043296,0.000196,-0.000204,0.000196,0.0,1.0,0.0,19664.78933292997,851.4067189585359
1668733659.891652,0.043307,1.0999999999997123e-05,-0.000105,9.9e-05,0.0,1.0,0.0,19664.78933292997,851.6230316411982
1668733719.8601086,0.043307,0.0,-9.3e-05,1.2000000000000009e-05,0.0,1.0,0.0,19664.78933292997,851.6230316411982
1668733779.722022,0.043382,7.499999999999868e-05,0.000124,0.000217,0.0,1.0,0.0,19664.78933292997,853.0978908411679
1668733839.893355,0.04349,0.000108,0.000209,8.5e-05,0.0,1.0,0.0,19664.78933292997,855.2216880891244
1668733899.7342436,0.0435,9.999999999996125e-06,0.000397,0.000188,0.0,1.0,0.0,19664.78933292997,855.4183359824536
1668733960.7441387,0.04353,3.0000000000002247e-05,0.00053,0.0001329999999999,0.0,1.0,0.0,19664.78933292997,856.0082796624415
1668734019.9037197,0.043488,-4.200000000000037e-05,0.000488,-4.199999999999999e-05,1.0,0.0,855.1823585104585,0.0,855.1823585104585
1668734080.022403,0.0435,1.1999999999998123e-05,0.000297,-0.0001909999999999,1.0,0.0,855.1823585104585,0.0,855.1823585104585
1668734140.282689,0.043512,1.2000000000005062e-05,0.000349,5.200000000000002e-05,0.0,1.0,0.0,19653.9427861385,855.1823585104585
1668734200.3011208,0.043509,-3.0000000000030003e-06,0.000346,-3.0000000000000187e-06,1.0,0.0,855.1233966821001,0.0,855.1233966821001
1668734260.4733627,0.043617,0.000108,0.000417,7.099999999999999e-05,0.0,1.0,0.0,19605.277682603115,855.1233966821002
1668734320.094477,0.04358,-3.700000000000231e-05,0.000288,-0.000129,1.0,0.0,854.3980014078437,0.0,854.3980014078437
1668734379.9060967,0.04361,3.0000000000002247e-05,0.000235,-5.3000000000000014e-05,1.0,0.0,854.3980014078437,0.0,854.3980014078437
1668734439.9700313,0.043622,1.1999999999998123e-05,0.000167,-6.8e-05,1.0,0.0,854.3980014078437,0.0,854.3980014078437
1668734499.8879128,0.04364,1.7999999999997185e-05,0.00014,-2.700000000000001e-05,1.0,0.0,854.3980014078437,0.0,854.3980014078437
1668734560.3406928,0.043599,-4.099999999999937e-05,0.000167,2.700000000000001e-05,0.0,1.0,0.0,19596.733902333624,854.3980014078437
1668734619.7677352,0.04359,-9.000000000002062e-06,0.000102,-6.5e-05,1.0,0.0,854.2216308027226,0.0,854.2216308027226
1668734679.9176888,0.043599,9.000000000002062e-06,8.6e-05,-1.5999999999999996e-05,1.0,0.0,854.2216308027226,0.0,854.2216308027226
1668734739.932951,0.043529,-7.000000000000062e-05,1.6e-05,-7.000000000000001e-05,1.0,0.0,854.2216308027226,0.0,854.2216308027226
1668734800.1247046,0.04353,1.000000000001e-06,-3e-06,-1.9e-05,1.0,0.0,854.2216308027226,0.0,854.2216308027226
1668734860.248346,0.043569,3.899999999999737e-05,3.6e-05,3.9e-05,0.0,1.0,0.0,19606.17941202972,854.2216308027226
1668734919.819449,0.043569,0.0,3.6e-05,0.0,0.0,1.0,0.0,19606.17941202972,854.2216308027228
1668734980.043049,0.043504,-6.499999999999562e-05,-9.5e-05,-0.000131,1.0,0.0,852.947229140941,0.0,852.947229140941
1668735039.842607,0.043566,6.199999999999956e-05,-6.4e-05,3.100000000000001e-05,0.0,1.0,0.0,19578.27730663685,852.947229140941
1668735100.0247428,0.043569,2.9999999999960614e-06,-6.1e-05,2.9999999999999984e-06,0.0,1.0,0.0,19578.27730663685,853.0059639728609
1668735160.5217154,0.04362,5.100000000000243e-05,5.2e-05,0.000113,0.0,1.0,0.0,19578.27730663685,854.0044561154994
1668735220.0031424,0.043658,3.800000000000331e-05,3.8e-05,-1.3999999999999996e-05,1.0,0.0,854.7484306531517,0.0,854.7484306531517
1668735280.0111606,0.04372,6.199999999999956e-05,0.000121,8.3e-05,0.0,1.0,0.0,19550.51305245086,854.7484306531517
1668735339.9990976,0.043629,-9.10000000000008e-05,3e-05,-9.1e-05,1.0,0.0,852.9693339653786,0.0,852.9693339653786
1668735399.8819163,0.04376,0.0001309999999999,0.000231,0.000201,0.0,1.0,0.0,19491.98660798397,852.9693339653785
1668735460.0427167,0.043703,-5.700000000000149e-05,0.000174,-5.7e-05,1.0,0.0,851.8582907287234,0.0,851.8582907287234
1668735519.8234277,0.04371,7.000000000000062e-06,0.000141,-3.299999999999999e-05,1.0,0.0,851.8582907287234,0.0,851.8582907287234
1668735580.057435,0.043696,-1.4000000000000123e-05,0.000192,5.099999999999999e-05,0.0,1.0,0.0,19495.109179987263,851.8582907287234
1668735640.1541154,0.043778,8.199999999999874e-05,0.000209,1.7000000000000007e-05,0.0,1.0,0.0,19495.109179987263,853.4568896814824
1668735700.0511456,0.04374,-3.799999999999637e-05,0.000171,-3.8e-05,1.0,0.0,852.7160755326429,0.0,852.7160755326429
1668735759.6073265,0.043697,-4.300000000000137e-05,8.2e-05,-8.900000000000001e-05,1.0,0.0,852.7160755326429,0.0,852.7160755326429
1668735819.645779,0.04365,-4.699999999999843e-05,3.5e-05,-4.7e-05,1.0,0.0,852.7160755326429,0.0,852.7160755326429
1668735879.6860304,0.043641,-9.000000000002062e-06,-8.7e-05,-0.000122,1.0,0.0,852.7160755326429,0.0,852.7160755326429
1668735939.598429,0.043637,-3.9999999999970615e-06,-9.1e-05,-4.000000000000002e-06,1.0,0.0,852.7160755326429,0.0,852.7160755326429
1668735999.5185206,0.043637,0.0,8e-06,9.9e-05,0.0,1.0,0.0,19541.12508954884,852.7160755326428
1668736059.489954,0.043637,0.0,-8.2e-05,-9e-05,1.0,0.0,852.7160755326428,0.0,852.7160755326428
1668736119.487339,0.043637,0.0,-1.4e-05,6.8e-05,0.0,1.0,0.0,19541.12508954884,852.7160755326428
1668736179.6163409,0.043637,0.0,-1.4e-05,0.0,0.0,1.0,0.0,19541.12508954884,852.7160755326428
1668736239.525772,0.043637,0.0,-1.4e-05,0.0,0.0,1.0,0.0,19541.12508954884,852.7160755326428
1668736299.6246045,0.043655,1.7999999999997185e-05,-8.8e-05,-7.4e-05,1.0,0.0,853.0678157842547,0.0,853.0678157842547
1668736359.834417,0.043695,3.999999999999837e-05,-3.5e-05,5.3e-05,0.0,1.0,0.0,19523.236429437115,853.0678157842547
1668736419.4592817,0.043695,0.0,-3.5e-05,0.0,0.0,1.0,0.0,19523.236429437115,853.0678157842547
1668736479.8850503,0.043695,0.0,4.5e-05,7.999999999999999e-05,0.0,1.0,0.0,19523.236429437115,853.0678157842547
1668736539.7039905,0.043638,-5.699999999999456e-05,-1.2e-05,-5.7e-05,1.0,0.0,851.9549913077768,0.0,851.9549913077768
1668736599.5228088,0.04369,5.199999999999649e-05,4e-05,5.2e-05,0.0,1.0,0.0,19499.999801047765,851.9549913077768
1668736659.6758394,0.043731,4.099999999999937e-05,9.4e-05,5.399999999999999e-05,0.0,1.0,0.0,19499.999801047765,852.7544912996198
1668736719.6086147,0.043649,-8.199999999999874e-05,1.2e-05,-8.199999999999999e-05,1.0,0.0,851.1554913159339,0.0,851.1554913159339
1668736779.6546712,0.043656,7.000000000000062e-06,1.9e-05,7.000000000000001e-06,0.0,1.0,0.0,19496.87308310276,851.155491315934
1668736839.932053,0.0436,-5.6000000000000494e-05,-5.5e-05,-7.400000000000001e-05,1.0,0.0,850.0636664232803,0.0,850.0636664232803
1668736899.5114512,0.04361,1.0000000000003062e-05,-4.5e-05,1e-05,0.0,1.0,0.0,19492.40234861913,850.0636664232803
1668736959.596238,0.04361,0.0,-4.5e-05,0.0,0.0,1.0,0.0,19492.40234861913,850.0636664232803
1668737019.754036,0.04362,9.999999999996125e-06,-7.5e-05,-2.999999999999999e-05,1.0,0.0,850.2585904467663,0.0,850.2585904467663
1668737086.4369495,0.04365,3.0000000000002247e-05,-4.5e-05,2.999999999999999e-05,0.0,1.0,0.0,19479.005508516984,850.2585904467663
1668737140.364038,0.04368,2.9999999999995308e-05,-1.5e-05,3.0000000000000004e-05,0.0,1.0,0.0,19479.005508516984,850.8429606120218
1668737200.2558136,0.04368,0.0,-1.5e-05,0.0,0.0,1.0,0.0,19479.005508516984,850.8429606120218
1668737260.9622228,0.043694,1.4000000000000123e-05,2.4e-05,3.9e-05,0.0,1.0,0.0,19479.005508516984,851.115666689141
1668737320.7636063,0.043673,-2.1000000000000185e-05,0.0,-2.4e-05,1.0,0.0,850.7066075734622,0.0,850.7066075734622
1668737380.7756937,0.0437,2.7000000000006182e-05,-2.8e-05,-2.8e-05,1.0,0.0,850.7066075734622,0.0,850.7066075734622
1668737441.6194696,0.043747,4.699999999999843e-05,1.9e-05,4.7e-05,0.0,1.0,0.0,19446.05590265532,850.7066075734622
1668737501.6760366,0.04376,1.2999999999999123e-05,0.000104,8.499999999999999e-05,0.0,1.0,0.0,19446.05590265532,850.9594063001969
1668737561.7464986,0.04379,3.0000000000002247e-05,0.00019,8.600000000000002e-05,0.0,1.0,0.0,19446.05590265532,851.5427879772765
1668737622.3788028,0.043773,-1.7000000000003124e-05,0.000163,-2.700000000000001e-05,1.0,0.0,851.2122050269313,0.0,851.2122050269313
1668737682.3657758,0.043749,-2.3999999999996247e-05,9.9e-05,-6.400000000000001e-05,1.0,0.0,851.2122050269313,0.0,851.2122050269313
1668737744.7059698,0.043765,1.5999999999995185e-05,0.000115,1.600000000000001e-05,0.0,1.0,0.0,19449.610534146723,851.2122050269313
1668737803.962379,0.04379,2.5000000000004186e-05,0.00014,2.4999999999999984e-05,0.0,1.0,0.0,19449.610534146723,851.698445290285
1668737865.5506186,0.043828,3.799999999999637e-05,0.000148,8.000000000000005e-06,0.0,1.0,0.0,19449.610534146723,852.4375304905825
1668737927.0534554,0.04384,1.1999999999998123e-05,0.000146,-1.9999999999999944e-06,1.0,0.0,852.6709258169923,0.0,852.6709258169923
1668737985.2125638,0.043876,3.600000000000131e-05,0.000182,3.600000000000001e-05,0.0,1.0,0.0,19433.652243071207,852.6709258169923
1668738044.145502,0.04384,-3.600000000000131e-05,0.000147,-3.500000000000001e-05,1.0,0.0,851.9713143362417,0.0,851.9713143362417
1668738104.3159802,0.043838,-1.9999999999950613e-06,9.1e-05,-5.599999999999999e-05,1.0,0.0,851.9713143362417,0.0,851.9713143362417
1668738165.4426022,0.04387,3.199999999999731e-05,0.000159,6.799999999999999e-05,0.0,1.0,0.0,19420.36276125465,851.9713143362417
1668738225.156953,0.04386,-9.999999999996125e-06,6e-05,-9.9e-05,1.0,0.0,851.777110708629,0.0,851.777110708629
1668738285.622234,0.043734,-0.000126,-6.6e-05,-0.000126,1.0,0.0,851.777110708629,0.0,851.777110708629
1668738346.1148648,0.0437,-3.399999999999931e-05,-6.5e-05,1.0000000000000108e-06,0.0,1.0,0.0,19491.467064270688,851.7771107086292
1668738405.963806,0.04371,9.999999999996125e-06,-0.00011,-4.500000000000001e-05,1.0,0.0,851.9720253792717,0.0,851.9720253792717
1668738466.0630195,0.043593,-0.0001169999999999,-0.000256,-0.0001459999999999,1.0,0.0,851.9720253792717,0.0,851.9720253792717
1668738527.2422352,0.043615,2.2000000000001185e-05,-0.000261,-5.000000000000013e-06,1.0,0.0,851.9720253792717,0.0,851.9720253792717
1668738587.275914,0.043603,-1.1999999999998123e-05,-0.000273,-1.200000000000002e-05,1.0,0.0,851.9720253792717,0.0,851.9720253792717
1668738647.313136,0.043603,0.0,-0.000273,0.0,1.0,0.0,851.9720253792717,0.0,851.9720253792717
1668738708.1702695,0.043664,6.099999999999856e-05,-0.000217,5.600000000000003e-05,0.0,1.0,0.0,19512.001314109373,851.9720253792717
1668738767.879052,0.043581,-8.299999999999974e-05,-0.000269,-5.199999999999999e-05,1.0,0.0,850.3525292702006,0.0,850.3525292702006
1668738827.9509778,0.043603,2.2000000000001185e-05,-0.000247,2.2e-05,0.0,1.0,0.0,19502.156486255542,850.3525292702006
1668738888.7763286,0.043587,-1.6000000000002124e-05,-0.00019,5.6999999999999976e-05,0.0,1.0,0.0,19502.156486255542,850.0404947664204
1668738948.803147,0.043512,-7.499999999999868e-05,-0.000222,-3.199999999999999e-05,1.0,0.0,848.5778330299512,0.0,848.5778330299512
1668739008.8700924,0.0435,-1.2000000000005062e-05,-0.000234,-1.1999999999999994e-05,1.0,0.0,848.5778330299512,0.0,848.5778330299512
1668739069.4380429,0.0435,0.0,-0.000234,0.0,1.0,0.0,848.5778330299512,0.0,848.5778330299512
1668739129.7829175,0.0435,0.0,-0.000234,0.0,1.0,0.0,848.5778330299512,0.0,848.5778330299512
1668739189.5524652,0.0435,0.0,-0.000209,2.4999999999999984e-05,0.0,1.0,0.0,19507.536391493133,848.5778330299512
1668739250.5894349,0.043276,-0.0002239999999999,-0.000414,-0.0002049999999999,1.0,0.0,844.2081448782569,0.0,844.2081448782569
1668739310.3256624,0.043224,-5.200000000000343e-05,-0.000345,6.9e-05,0.0,1.0,0.0,19531.004647377777,844.208144878257
1668739370.3967133,0.043256,3.200000000000425e-05,-0.000341,3.999999999999989e-06,0.0,1.0,0.0,19531.004647377777,844.8331370269732
1668739431.363949,0.043285,2.8999999999994308e-05,-0.000318,2.3000000000000017e-05,0.0,1.0,0.0,19531.004647377777,845.399536161747
1668739491.49964,0.043218,-6.699999999999762e-05,-0.000512,-0.000194,1.0,0.0,844.0909588503728,0.0,844.0909588503728
1668739550.936662,0.043285,6.699999999999762e-05,-0.000318,0.000194,0.0,1.0,0.0,19500.772989496887,844.0909588503727
1668739612.4579916,0.043442,0.000157,-0.000145,0.0001729999999999,0.0,1.0,0.0,19500.772989496887,847.1525802097237
1668739672.2159488,0.043358,-8.400000000000074e-05,-0.000154,-9.000000000000002e-06,1.0,0.0,845.514515278606,0.0,845.514515278606
1668739732.162639,0.043348,-1.0000000000003062e-05,-0.000152,1.9999999999999944e-06,0.0,1.0,0.0,19505.27164525713,845.514515278606
1668739793.352732,0.043348,0.0,-0.000152,0.0,0.0,1.0,0.0,19505.27164525713,845.514515278606
1668739853.3578532,0.043423,7.500000000000562e-05,0.000184,0.000336,0.0,1.0,0.0,19505.27164525713,846.9774106520003
1668739913.250743,0.043425,1.9999999999950613e-06,0.000186,1.9999999999999944e-06,0.0,1.0,0.0,19505.27164525713,847.0164211952908
1668739974.2144706,0.043425,0.0,0.000183,-2.999999999999992e-06,1.0,0.0,847.0164211952908,0.0,847.0164211952908
1668740034.193413,0.043425,0.0,0.000125,-5.8e-05,1.0,0.0,847.0164211952908,0.0,847.0164211952908
1668740094.0346937,0.043283,-0.0001419999999999,6.5e-05,-6.000000000000001e-05,1.0,0.0,847.0164211952908,0.0,847.0164211952908
1668740154.6941404,0.043411,0.0001279999999999,0.000151,8.600000000000002e-05,0.0,1.0,0.0,19511.5620740202,847.0164211952908
1668740215.0643487,0.043454,4.300000000000137e-05,0.000169,1.7999999999999977e-05,0.0,1.0,0.0,19511.5620740202,847.8554183644737
1668740274.7256691,0.043438,-1.6000000000002124e-05,8e-05,-8.899999999999998e-05,1.0,0.0,847.5432333712894,0.0,847.5432333712894
1668740335.7266936,0.043504,6.600000000000356e-05,0.000146,6.599999999999999e-05,0.0,1.0,0.0,19481.961046600067,847.5432333712894
1668740395.934483,0.043409,-9.499999999999786e-05,6.1e-05,-8.5e-05,1.0,0.0,845.6924470718624,0.0,845.6924470718624
1668740455.7132366,0.043448,3.899999999999737e-05,2.3e-05,-3.8e-05,1.0,0.0,845.6924470718624,0.0,845.6924470718624
1668740516.626593,0.04341,-3.800000000000331e-05,-1.5e-05,-3.8e-05,1.0,0.0,845.6924470718624,0.0,845.6924470718624
1668740576.8902557,0.043386,-2.3999999999996247e-05,-3.9e-05,-2.4e-05,1.0,0.0,845.6924470718624,0.0,845.6924470718624
1668740636.823596,0.04337,-1.6000000000002124e-05,-5.5e-05,-1.6000000000000003e-05,1.0,0.0,845.6924470718624,0.0,845.6924470718624
1668740697.724393,0.043393,2.3000000000002185e-05,0.000141,0.000196,0.0,1.0,0.0,19489.144495007546,845.6924470718625
1668740757.652158,0.0434,7.000000000000062e-06,8.3e-05,-5.8000000000000014e-05,1.0,0.0,845.8288710833275,0.0,845.8288710833275
1668740817.517165,0.0434,0.0,-9e-06,-9.2e-05,1.0,0.0,845.8288710833275,0.0,845.8288710833275
1668740878.4224951,0.043451,5.099999999999549e-05,-9e-06,0.0,1.0,0.0,845.8288710833275,0.0,845.8288710833275
1668740938.493,0.04354,8.900000000000574e-05,8e-05,8.900000000000001e-05,0.0,1.0,0.0,19426.47843553807,845.8288710833276
1668740998.1951466,0.043484,-5.6000000000000494e-05,3.7e-05,-4.300000000000001e-05,1.0,0.0,844.7409882909374,0.0,844.7409882909374
1668741059.344945,0.043547,6.300000000000056e-05,0.0001,6.300000000000001e-05,0.0,1.0,0.0,19398.3739015532,844.7409882909373
1668741119.2049594,0.043547,0.0,6.8e-05,-3.2000000000000005e-05,1.0,0.0,844.7409882909373,0.0,844.7409882909373
1668741179.2599926,0.043547,0.0,6.8e-05,0.0,1.0,0.0,844.7409882909373,0.0,844.7409882909373
1668741239.782028,0.043504,-4.300000000000137e-05,0.000104,3.5999999999999994e-05,0.0,1.0,0.0,19417.54754254637,844.7409882909373
1668741299.8825395,0.04355,4.599999999999743e-05,0.000164,6.000000000000001e-05,0.0,1.0,0.0,19417.54754254637,845.6341954778944
1668741360.2959857,0.04362,7.000000000000062e-05,0.00024,7.6e-05,0.0,1.0,0.0,19417.54754254637,846.9934238058727
1668741420.9710388,0.043589,-3.099999999999631e-05,0.000196,-4.400000000000001e-05,1.0,0.0,846.3914798320537,0.0,846.3914798320537
1668741480.685756,0.04357,-1.9000000000005124e-05,0.00017,-2.599999999999998e-05,1.0,0.0,846.3914798320537,0.0,846.3914798320537
1668741540.8735013,0.043527,-4.299999999999443e-05,8.1e-05,-8.900000000000001e-05,1.0,0.0,846.3914798320537,0.0,846.3914798320537
1668741601.837479,0.043515,-1.2000000000005062e-05,-6e-05,-0.000141,1.0,0.0,846.3914798320537,0.0,846.3914798320537
1668741661.5558355,0.043577,6.199999999999956e-05,3.7e-05,9.7e-05,0.0,1.0,0.0,19422.89464240433,846.3914798320536
1668741721.6235354,0.043472,-0.000105,-7.5e-05,-0.0001119999999999,1.0,0.0,844.3520758946011,0.0,844.3520758946011
1668741782.8564794,0.043533,6.100000000000549e-05,-1.4e-05,6.099999999999999e-05,0.0,1.0,0.0,19395.67858623576,844.3520758946011
1668741842.466481,0.043608,7.499999999999868e-05,0.000104,0.000118,0.0,1.0,0.0,19395.67858623576,845.8067517885689
1668741902.6686718,0.043455,-0.000153,-0.000121,-0.000225,1.0,0.0,842.8392129648751,0.0,842.8392129648751
1668741963.7406485,0.043407,-4.799999999999943e-05,-0.000213,-9.2e-05,1.0,0.0,842.8392129648751,0.0,842.8392129648751
1668742023.5707796,0.04353,0.0001229999999999,-4e-05,0.000173,0.0,1.0,0.0,19362.260807830808,842.8392129648751
1668742084.149208,0.04354,1.0000000000003062e-05,-4.2e-05,-1.9999999999999944e-06,1.0,0.0,843.0328355729534,0.0,843.0328355729534
1668742144.3183897,0.043532,-8.000000000001062e-06,2.6e-05,6.8e-05,0.0,1.0,0.0,19365.819065812582,843.0328355729536
1668742204.6059067,0.04353,-2.000000000002e-06,1.5e-05,-1.0999999999999998e-05,1.0,0.0,842.9941039348217,0.0,842.9941039348217
1668742264.682366,0.043504,-2.5999999999998247e-05,-7.1e-05,-8.6e-05,1.0,0.0,842.9941039348217,0.0,842.9941039348217
1668742325.4670691,0.043497,-7.000000000000062e-06,3.7e-05,0.000108,0.0,1.0,0.0,19380.51139009177,842.9941039348219
1668742385.8266914,0.04352,2.3000000000002185e-05,-1.3e-05,-5e-05,1.0,0.0,843.439855696794,0.0,843.439855696794
1668742445.6158202,0.04352,0.0,-1.3e-05,0.0,1.0,0.0,843.439855696794,0.0,843.439855696794
1668742506.610978,0.043497,-2.3000000000002185e-05,-0.000111,-9.8e-05,1.0,0.0,843.439855696794,0.0,843.439855696794
1668742566.106758,0.04355,5.299999999999749e-05,-5.8e-05,5.3e-05,0.0,1.0,0.0,19367.160865598027,843.4398556967941
1668742626.0602198,0.04354,-9.999999999996125e-06,8.5e-05,0.000143,0.0,1.0,0.0,19367.160865598027,843.2461840881382
1668742687.292364,0.04355,9.999999999996125e-06,0.000143,5.8e-05,0.0,1.0,0.0,19367.160865598027,843.4398556967941
1668742747.417385,0.04355,0.0,0.0,-0.000143,1.0,0.0,843.4398556967941,0.0,843.4398556967941
1668742807.476773,0.043536,-1.4000000000000123e-05,-1.4e-05,-1.4e-05,1.0,0.0,843.4398556967941,0.0,843.4398556967941
1668742868.1745486,0.043524,-1.1999999999998123e-05,-5.6e-05,-4.2e-05,1.0,0.0,843.4398556967941,0.0,843.4398556967941
1668742928.041926,0.043561,3.700000000000231e-05,2.9e-05,8.5e-05,0.0,1.0,0.0,19362.270280682125,843.4398556967941
1668742988.4158275,0.043561,0.0,2.9e-05,0.0,0.0,1.0,0.0,19362.270280682125,843.4398556967941
1668743049.8473408,0.043561,0.0,2.9e-05,0.0,0.0,1.0,0.0,19362.270280682125,843.4398556967941
1668743109.6585944,0.043547,-1.4000000000000123e-05,4e-06,-2.5e-05,1.0,0.0,843.1687839128646,0.0,843.1687839128646
1668743169.708233,0.04365,0.0001029999999999,0.000153,0.000149,0.0,1.0,0.0,19316.581532940767,843.1687839128645
1668743230.5264428,0.043601,-4.900000000000043e-05,0.000104,-4.900000000000001e-05,1.0,0.0,842.2222714177504,0.0,842.2222714177504
1668743290.3615296,0.04365,4.900000000000043e-05,0.00013,2.5999999999999995e-05,0.0,1.0,0.0,19294.89739788661,842.2222714177504
1668743350.43696,0.04366,9.999999999996125e-06,0.00011,-1.9999999999999985e-05,1.0,0.0,842.4152203917292,0.0,842.4152203917292
1668743411.3826735,0.043508,-0.0001519999999999,-4.2e-05,-0.000152,1.0,0.0,842.4152203917292,0.0,842.4152203917292
1668743471.4865718,0.04366,0.0001519999999999,0.00011,0.000152,0.0,1.0,0.0,19294.89739788661,842.4152203917292
1668743531.4952128,0.04368,1.9999999999999185e-05,0.000144,3.4e-05,0.0,1.0,0.0,19294.89739788661,842.801118339687
1668743592.2346554,0.04371,3.0000000000002247e-05,0.000149,4.999999999999986e-06,0.0,1.0,0.0,19294.89739788661,843.3799652616236
1668743652.327956,0.043652,-5.799999999999556e-05,9.1e-05,-5.799999999999999e-05,1.0,0.0,842.2608612125463,0.0,842.2608612125463
1668743712.182467,0.043681,2.8999999999994308e-05,-1.3e-05,-0.000104,1.0,0.0,842.2608612125463,0.0,842.2608612125463
1668743773.1611636,0.04368,-1.000000000001e-06,7.9e-05,9.2e-05,0.0,1.0,0.0,19282.528873913605,842.2608612125462
1668743832.9665003,0.04372,4.000000000000531e-05,7e-05,-9.000000000000002e-06,1.0,0.0,843.0321623675028,0.0,843.0321623675028
1668743893.2954154,0.043722,1.9999999999950613e-06,6.2e-05,-7.999999999999991e-06,1.0,0.0,843.0321623675028,0.0,843.0321623675028
1668743953.6256285,0.043701,-2.1000000000000185e-05,4.1e-05,-2.1e-05,1.0,0.0,843.0321623675028,0.0,843.0321623675028
1668744014.2975583,0.043759,5.8000000000002494e-05,0.000251,0.0002099999999999,0.0,1.0,0.0,19265.343412041017,843.0321623675028
1668744074.3889587,0.043764,4.9999999999980616e-06,8.4e-05,-0.000167,1.0,0.0,843.128489084563,0.0,843.128489084563
1668744134.3624456,0.043743,-2.1000000000000185e-05,6.5e-05,-1.9e-05,1.0,0.0,843.128489084563,0.0,843.128489084563
1668744194.606949,0.043743,0.0,6.5e-05,0.0,1.0,0.0,843.128489084563,0.0,843.128489084563
1668744254.9350338,0.04377,2.7000000000006182e-05,8.9e-05,2.4e-05,0.0,1.0,0.0,19262.702515068835,843.128489084563
1668744316.0537045,0.043735,-3.500000000000031e-05,5.4e-05,-3.5e-05,1.0,0.0,842.4542944965356,0.0,842.4542944965356
1668744375.390582,0.043824,8.89999999999988e-05,0.000126,7.2e-05,0.0,1.0,0.0,19223.58284265552,842.4542944965356
1668744435.864309,0.043805,-1.9000000000005124e-05,0.000107,-1.9e-05,1.0,0.0,842.089046422525,0.0,842.089046422525
1668744496.8550503,0.043805,0.0,0.000107,0.0,1.0,0.0,842.089046422525,0.0,842.089046422525
1668744556.7999232,0.043808,3.0000000000030003e-06,5.5e-05,-5.2e-05,1.0,0.0,842.089046422525,0.0,842.089046422525
1668744616.6621163,0.043867,5.900000000000349e-05,0.000108,5.3e-05,0.0,1.0,0.0,19196.412939624886,842.0890464225249
1668744677.3513231,0.043891,2.3999999999996247e-05,0.000129,2.0999999999999995e-05,0.0,1.0,0.0,19196.412939624886,842.5497603330758
1668744737.379228,0.044013,0.0001219999999999,0.00025,0.000121,0.0,1.0,0.0,19196.412939624886,844.89172271171
1668744797.59526,0.044084,7.100000000000162e-05,0.000341,9.1e-05,0.0,1.0,0.0,19196.412939624886,846.2546680304234
1668744859.453395,0.044065,-1.8999999999998185e-05,0.000322,-1.899999999999997e-05,1.0,0.0,845.8899361845706,0.0,845.8899361845706
1668744919.6532516,0.044065,0.0,0.000322,0.0,1.0,0.0,845.8899361845706,0.0,845.8899361845706
1668744979.6252506,0.043998,-6.699999999999762e-05,0.000228,-9.4e-05,1.0,0.0,845.8899361845706,0.0,845.8899361845706
1668745040.1561325,0.04406,6.199999999999956e-05,0.000325,9.699999999999996e-05,0.0,1.0,0.0,19198.59137958625,845.8899361845706
1668745099.801264,0.044087,2.6999999999999247e-05,0.000352,2.700000000000001e-05,0.0,1.0,0.0,19198.59137958625,846.4082981518192
1668745160.2462208,0.04407,-1.7000000000003124e-05,0.000265,-8.7e-05,1.0,0.0,846.081922098366,0.0,846.081922098366
1668745220.97665,0.044085,1.5000000000001124e-05,0.00028,1.4999999999999983e-05,0.0,1.0,0.0,19192.05902457448,846.081922098366
1668745281.052299,0.044004,-8.099999999999774e-05,0.000196,-8.399999999999998e-05,1.0,0.0,844.5273653173754,0.0,844.5273653173754
1668745341.145508,0.043994,-1.0000000000003062e-05,0.000127,-6.9e-05,1.0,0.0,844.5273653173754,0.0,844.5273653173754
1668745401.6883757,0.044048,5.3999999999998494e-05,7.4e-05,-5.3e-05,1.0,0.0,844.5273653173754,0.0,844.5273653173754
1668745461.5787592,0.044048,0.0,-1.7e-05,-9.1e-05,1.0,0.0,844.5273653173754,0.0,844.5273653173754
1668745521.2580051,0.044029,-1.8999999999998185e-05,-3.6e-05,-1.9e-05,1.0,0.0,844.5273653173754,0.0,844.5273653173754
1668745582.4001057,0.044041,1.1999999999998123e-05,-2.4e-05,1.2e-05,0.0,1.0,0.0,19175.93527207319,844.5273653173754
1668745642.3861454,0.044042,1.000000000001e-06,-2.6e-05,-1.999999999999998e-06,1.0,0.0,844.5465412526474,0.0,844.5465412526474
1668745702.487315,0.044042,0.0,-4.5e-05,-1.9000000000000004e-05,1.0,0.0,844.5465412526474,0.0,844.5465412526474
1668745763.4765108,0.044087,4.500000000000337e-05,0.0,4.5e-05,0.0,1.0,0.0,19156.362221349773,844.5465412526474
1668745823.130605,0.044062,-2.5000000000004186e-05,-2.3e-05,-2.3e-05,1.0,0.0,844.0676321971137,0.0,844.0676321971137
1668745883.1344717,0.044087,2.5000000000004186e-05,8.7e-05,0.00011,0.0,1.0,0.0,19145.499403386795,844.0676321971137
1668745944.1145573,0.044122,3.500000000000031e-05,0.000162,7.500000000000001e-05,0.0,1.0,0.0,19145.499403386795,844.7377246762322
1668746004.1348104,0.044,-0.000122,4e-05,-0.000122,1.0,0.0,842.4019737490189,0.0,842.4019737490189
1668746064.0953605,0.044051,5.100000000000243e-05,9.1e-05,5.1e-05,0.0,1.0,0.0,19123.33372111913,842.4019737490189
1668746124.8434465,0.04399,-6.099999999999856e-05,-6e-05,-0.000151,1.0,0.0,841.2354503920304,0.0,841.2354503920304
1668746184.796287,0.04399,0.0,-6e-05,0.0,1.0,0.0,841.2354503920304,0.0,841.2354503920304
1668746244.9385917,0.04399,0.0,-3.9e-05,2.1e-05,0.0,1.0,0.0,19123.33372111913,841.2354503920304
1668746305.8268056,0.044001,1.0999999999997123e-05,-8.6e-05,-4.7e-05,1.0,0.0,841.4458070629628,0.0,841.4458070629628
1668746365.874822,0.043964,-3.699999999999537e-05,-0.000123,-3.7000000000000005e-05,1.0,0.0,841.4458070629628,0.0,841.4458070629628
1668746425.671447,0.043968,3.9999999999970615e-06,-0.000119,4.000000000000002e-06,0.0,1.0,0.0,19137.68665991091,841.4458070629629
1668746486.9090123,0.043968,0.0,-0.000119,0.0,0.0,1.0,0.0,19137.68665991091,841.4458070629629
1668746546.4384656,0.043969,1.000000000001e-06,-0.000118,1.0000000000000108e-06,0.0,1.0,0.0,19137.68665991091,841.4649447496228
1668746606.6445453,0.044023,5.3999999999998494e-05,-6.4e-05,5.4e-05,0.0,1.0,0.0,19137.68665991091,842.4983798292579
1668746668.194598,0.044023,0.0,-3.9e-05,2.5e-05,0.0,1.0,0.0,19137.68665991091,842.4983798292579
1668746727.998582,0.044023,0.0,-3.9e-05,0.0,0.0,1.0,0.0,19137.68665991091,842.4983798292579
1668746788.0727365,0.04402,-3.0000000000030003e-06,-0.000102,-6.3e-05,1.0,0.0,842.4409667692781,0.0,842.4409667692781
1668746848.9745996,0.044031,1.1000000000004062e-05,-9.1e-05,1.0999999999999996e-05,0.0,1.0,0.0,19132.905606715227,842.4409667692781
1668746908.6465628,0.044031,0.0,-9.1e-05,0.0,0.0,1.0,0.0,19132.905606715227,842.4409667692781
1668746969.5027542,0.043931,-0.0001,-7e-05,2.100000000000001e-05,0.0,1.0,0.0,19132.905606715227,840.5276762086066
1668747029.892832,0.043894,-3.699999999999537e-05,-0.000157,-8.7e-05,1.0,0.0,839.8197587011582,0.0,839.8197587011582
1668747089.714387,0.043894,0.0,-0.000157,0.0,1.0,0.0,839.8197587011582,0.0,839.8197587011582
1668747150.29291,0.043894,0.0,-9.6e-05,6.099999999999999e-05,0.0,1.0,0.0,19132.905606715227,839.8197587011582
1668747210.406492,0.043888,-5.999999999999062e-06,-0.000102,-5.999999999999997e-06,1.0,0.0,839.7049612675179,0.0,839.7049612675179
1668747270.338557,0.043975,8.69999999999968e-05,-1.5e-05,8.7e-05,0.0,1.0,0.0,19095.05312717494,839.7049612675179
1668747330.5296988,0.043975,0.0,-1.5e-05,0.0,0.0,1.0,0.0,19095.05312717494,839.7049612675179
1668747391.685406,0.043975,0.0,-1.5e-05,0.0,0.0,1.0,0.0,19095.05312717494,839.7049612675179
1668747452.5466125,0.043971,-3.9999999999970615e-06,7e-06,2.2e-05,0.0,1.0,0.0,19095.05312717494,839.6285810550092
1668747511.6151557,0.043985,1.4000000000000123e-05,1.7e-05,1e-05,0.0,1.0,0.0,19095.05312717494,839.8959117987897
1668747572.6146526,0.043985,0.0,-3.8e-05,-5.5e-05,1.0,0.0,839.8959117987897,0.0,839.8959117987897
1668747632.2152631,0.044,1.4999999999994185e-05,-2.3e-05,1.5000000000000002e-05,0.0,1.0,0.0,19088.54344997249,839.8959117987897
1668747692.1539793,0.044024,2.4000000000003185e-05,-7e-06,1.6e-05,0.0,1.0,0.0,19088.54344997249,840.3540368415889
1668747752.9814415,0.043968,-5.6000000000000494e-05,-6.3e-05,-5.6e-05,1.0,0.0,839.2850784083905,0.0,839.2850784083905
1668747812.7030563,0.043968,0.0,-6.3e-05,0.0,1.0,0.0,839.2850784083905,0.0,839.2850784083905
1668747873.030126,0.043858,-0.0001099999999999,-7.3e-05,-1e-05,1.0,0.0,839.2850784083905,0.0,839.2850784083905
1668747933.9472487,0.043913,5.499999999999949e-05,-1.8e-05,5.5e-05,0.0,1.0,0.0,19112.45140182612,839.2850784083905
1668747994.2939456,0.043931,1.7999999999997185e-05,3.7e-05,5.5e-05,0.0,1.0,0.0,19112.45140182612,839.6291025336233
1668748054.6511788,0.04386,-7.099999999999468e-05,-3.4e-05,-7.099999999999999e-05,1.0,0.0,838.2721184840938,0.0,838.2721184840938
1668748114.7027514,0.043845,-1.5000000000001124e-05,-4.3e-05,-9.000000000000002e-06,1.0,0.0,838.2721184840938,0.0,838.2721184840938
1668748174.6635702,0.043763,-8.199999999999874e-05,-0.000125,-8.2e-05,1.0,0.0,838.2721184840938,0.0,838.2721184840938
1668748234.8440776,0.043807,4.399999999999543e-05,-0.000168,-4.299999999999999e-05,1.0,0.0,838.2721184840938,0.0,838.2721184840938
1668748295.5391574,0.043742,-6.499999999999562e-05,-0.000229,-6.100000000000002e-05,1.0,0.0,838.2721184840938,0.0,838.2721184840938
1668748355.4699252,0.04378,3.799999999999637e-05,-0.000191,3.8e-05,0.0,1.0,0.0,19147.375936137363,838.2721184840938
1668748415.7747476,0.043751,-2.9000000000001247e-05,-0.000234,-4.299999999999999e-05,1.0,0.0,837.7168445819458,0.0,837.7168445819458
1668748476.572636,0.043699,-5.199999999999649e-05,-0.000286,-5.200000000000002e-05,1.0,0.0,837.7168445819458,0.0,837.7168445819458
1668748536.5877433,0.043713,1.4000000000000123e-05,-0.000287,-9.9999999999997e-07,1.0,0.0,837.7168445819458,0.0,837.7168445819458
1668748596.5033498,0.043713,0.0,-0.000287,0.0,1.0,0.0,837.7168445819458,0.0,837.7168445819458
1668748657.4564416,0.043713,0.0,-0.000311,-2.400000000000004e-05,1.0,0.0,837.7168445819458,0.0,837.7168445819458
1668748717.4290042,0.043712,-1.000000000001e-06,-0.000312,-9.9999999999997e-07,1.0,0.0,837.7168445819458,0.0,837.7168445819458
1668748777.433452,0.043712,0.0,-0.000312,0.0,1.0,0.0,837.7168445819458,0.0,837.7168445819458
1668748838.1956303,0.043696,-1.6000000000002124e-05,-0.000272,4e-05,0.0,1.0,0.0,19171.47667022029,837.7168445819458
1668748898.159304,0.043712,1.6000000000002124e-05,-0.000201,7.099999999999999e-05,0.0,1.0,0.0,19171.47667022029,838.0235882086694
1668748958.2008646,0.043753,4.099999999999937e-05,-0.00016,4.1e-05,0.0,1.0,0.0,19171.47667022029,838.8096187521484
1668749019.11154,0.043781,2.8000000000000247e-05,-7.9e-05,8.100000000000002e-05,0.0,1.0,0.0,19171.47667022029,839.3464200989146
1668749079.0837388,0.043743,-3.800000000000331e-05,-0.000117,-3.8e-05,1.0,0.0,838.6179039854461,0.0,838.6179039854461
1668749139.2616532,0.043743,0.0,-0.000117,0.0,1.0,0.0,838.6179039854461,0.0,838.6179039854461
1668749200.1565824,0.043743,0.0,-0.000117,0.0,1.0,0.0,838.6179039854461,0.0,838.6179039854461
1668749260.1951718,0.043743,0.0,-0.000117,0.0,1.0,0.0,838.6179039854461,0.0,838.6179039854461
1668749319.9641173,0.043812,6.899999999999962e-05,4.9e-05,0.000166,0.0,1.0,0.0,19141.28330104643,838.6179039854462
1668749381.008283,0.043822,1.0000000000003062e-05,5.9e-05,1e-05,0.0,1.0,0.0,19141.28330104643,838.8093168184568
1668749441.13438,0.043822,0.0,1.5e-05,-4.4e-05,1.0,0.0,838.8093168184568,0.0,838.8093168184568
1668749500.9592414,0.04376,-6.199999999999956e-05,-2e-05,-3.5000000000000004e-05,1.0,0.0,838.8093168184568,0.0,838.8093168184568
1668749561.7290688,0.043867,0.000107,0.000168,0.000188,0.0,1.0,0.0,19121.64763531713,838.8093168184569
1668749621.7908554,0.043917,4.999999999999449e-05,0.000204,3.600000000000001e-05,0.0,1.0,0.0,19121.64763531713,839.7653992002224
1668749681.7379477,0.043944,2.6999999999999247e-05,0.000232,2.8000000000000003e-05,0.0,1.0,0.0,19121.64763531713,840.2816836863759
1668749742.82377,0.043943,-9.999999999940612e-07,0.000231,-9.999999999999972e-07,1.0,0.0,840.2625620387407,0.0,840.2625620387407
1668749804.045681,0.043914,-2.9000000000001247e-05,0.000161,-7e-05,1.0,0.0,840.2625620387407,0.0,840.2625620387407
1668749862.629156,0.043881,-3.299999999999831e-05,0.000138,-2.3000000000000017e-05,1.0,0.0,840.2625620387407,0.0,840.2625620387407
1668749923.9111435,0.043877,-4.000000000004e-06,0.000134,-3.999999999999989e-06,1.0,0.0,840.2625620387407,0.0,840.2625620387407
1668749983.892979,0.043877,0.0,0.000134,0.0,1.0,0.0,840.2625620387407,0.0,840.2625620387407
1668750043.6704702,0.043877,0.0,0.000134,0.0,1.0,0.0,840.2625620387407,0.0,840.2625620387407
1668750104.3955112,0.043877,0.0,0.000134,0.0,1.0,0.0,840.2625620387407,0.0,840.2625620387407
1668750164.401715,0.043877,0.0,0.000134,0.0,1.0,0.0,840.2625620387407,0.0,840.2625620387407
1668750224.4341424,0.04386,-1.6999999999996185e-05,0.000117,-1.7000000000000007e-05,1.0,0.0,840.2625620387407,0.0,840.2625620387407
1668750285.3095207,0.04386,0.0,0.000117,0.0,1.0,0.0,840.2625620387407,0.0,840.2625620387407
1668750345.5073087,0.04386,0.0,0.000117,0.0,1.0,0.0,840.2625620387407,0.0,840.2625620387407
1668750405.7387936,0.043938,7.799999999999474e-05,0.000116,-9.999999999999972e-07,1.0,0.0,840.2625620387407,0.0,840.2625620387407
1668750466.2638922,0.043987,4.900000000000043e-05,0.000165,4.9e-05,0.0,1.0,0.0,19102.52033643442,840.2625620387408
1668750526.189819,0.043987,0.0,0.000165,0.0,0.0,1.0,0.0,19102.52033643442,840.2625620387408
1668750586.2706285,0.043938,-4.900000000000043e-05,0.000208,4.299999999999999e-05,0.0,1.0,0.0,19102.52033643442,839.3265385422555
1668750646.9712975,0.043938,0.0,0.000208,0.0,0.0,1.0,0.0,19102.52033643442,839.3265385422555
1668750707.0946856,0.043901,-3.699999999999537e-05,-0.000163,-0.000371,1.0,0.0,838.6197452898075,0.0,838.6197452898075
1668750767.116656,0.04392,1.8999999999998185e-05,5e-05,0.000213,0.0,1.0,0.0,19094.256495669568,838.6197452898074
1668750827.914667,0.04392,0.0,5e-05,0.0,0.0,1.0,0.0,19094.256495669568,838.6197452898074
1668750888.0137148,0.04392,0.0,-2.4e-05,-7.400000000000001e-05,1.0,0.0,838.6197452898074,0.0,838.6197452898074
1668750947.782446,0.04392,0.0,-2.4e-05,0.0,1.0,0.0,838.6197452898074,0.0,838.6197452898074
1668751008.8889382,0.04392,0.0,-2.4e-05,0.0,1.0,0.0,838.6197452898074,0.0,838.6197452898074
1668751068.9645438,0.04392,0.0,-2.4e-05,0.0,1.0,0.0,838.6197452898074,0.0,838.6197452898074
1668751129.0675986,0.043919,-1.000000000001e-06,-2e-05,3.999999999999999e-06,0.0,1.0,0.0,19094.69125639945,838.6197452898074
1668751189.74445,0.043919,0.0,-2e-05,0.0,0.0,1.0,0.0,19094.69125639945,838.6197452898074
1668751249.6311183,0.043919,0.0,4e-06,2.4e-05,0.0,1.0,0.0,19094.69125639945,838.6197452898074
1668751309.6749218,0.043919,0.0,4e-06,0.0,0.0,1.0,0.0,19094.69125639945,838.6197452898074
1668751370.497999,0.043919,0.0,4e-06,0.0,0.0,1.0,0.0,19094.69125639945,838.6197452898074
1668751430.518,0.043891,-2.8000000000000247e-05,1.4e-05,1e-05,0.0,1.0,0.0,19094.69125639945,838.0850939346282
1668751490.5671816,0.043889,-2.000000000002e-06,2.9e-05,1.5e-05,0.0,1.0,0.0,19094.69125639945,838.0469045521154
1668751551.5658555,0.043887,-1.9999999999950613e-06,-0.0001,-0.000129,1.0,0.0,838.0087151696026,0.0,838.0087151696026
1668751611.475875,0.043919,3.199999999999731e-05,-1.9e-05,8.1e-05,0.0,1.0,0.0,19080.778596270466,838.0087151696026
1668751671.4359405,0.043919,0.0,-1e-06,1.8e-05,0.0,1.0,0.0,19080.778596270466,838.0087151696026
1668751732.478011,0.043967,4.799999999999943e-05,4.7e-05,4.8e-05,0.0,1.0,0.0,19080.778596270466,838.9245925422235
1668751792.366844,0.043965,-2.000000000002e-06,4.5e-05,-1.9999999999999944e-06,1.0,0.0,838.886430985031,0.0,838.886430985031
1668751852.6423771,0.043965,0.0,4.5e-05,0.0,1.0,0.0,838.886430985031,0.0,838.886430985031
1668751913.1520195,0.044057,9.20000000000018e-05,0.000137,9.2e-05,0.0,1.0,0.0,19040.93403965388,838.886430985031
1668751973.1136613,0.044057,0.0,0.000137,0.0,0.0,1.0,0.0,19040.93403965388,838.886430985031
1668752033.5870037,0.044057,0.0,0.000138,9.999999999999972e-07,0.0,1.0,0.0,19040.93403965388,838.886430985031
1668752094.313661,0.044135,7.800000000000168e-05,0.000216,7.8e-05,0.0,1.0,0.0,19040.93403965388,840.371623840124
1668752154.2075284,0.044017,-0.000118,9.8e-05,-0.000118,1.0,0.0,838.1247936234448,0.0,838.1247936234448
1668752214.4184966,0.044061,4.400000000000237e-05,0.000183,8.5e-05,0.0,1.0,0.0,19021.919466726693,838.1247936234448
1668752275.109636,0.044041,-2.0000000000006124e-05,0.000152,-3.0999999999999995e-05,1.0,0.0,837.7443552341102,0.0,837.7443552341102
1668752335.5607462,0.044059,1.8000000000004124e-05,0.00017,1.8000000000000004e-05,0.0,1.0,0.0,19014.14819297102,837.7443552341102
1668752394.965049,0.044145,8.59999999999958e-05,0.000258,8.799999999999997e-05,0.0,1.0,0.0,19014.14819297102,839.3795719787056
1668752455.836414,0.044145,0.0,0.000258,0.0,0.0,1.0,0.0,19014.14819297102,839.3795719787056
1668752515.8984418,0.044145,0.0,0.000258,0.0,0.0,1.0,0.0,19014.14819297102,839.3795719787056
1668752575.731451,0.044101,-4.399999999999543e-05,0.000181,-7.699999999999997e-05,1.0,0.0,838.542949458215,0.0,838.542949458215
1668752636.5731947,0.044145,4.399999999999543e-05,0.00018,-9.999999999999972e-07,1.0,0.0,838.542949458215,0.0,838.542949458215
1668752696.619292,0.044139,-5.999999999999062e-06,8.2e-05,-9.8e-05,1.0,0.0,838.542949458215,0.0,838.542949458215
1668752756.572862,0.044206,6.700000000000456e-05,5.2e-05,-3.0000000000000004e-05,1.0,0.0,838.542949458215,0.0,838.542949458215
1668752817.8206685,0.044129,-7.700000000000068e-05,-2.5e-05,-7.7e-05,1.0,0.0,838.542949458215,0.0,838.542949458215
1668752877.5268817,0.044163,3.399999999999931e-05,2.8e-05,5.3e-05,0.0,1.0,0.0,18987.45441791126,838.5429494582149
1668752937.633255,0.044274,0.0001109999999999,0.000257,0.000229,0.0,1.0,0.0,18987.45441791126,840.6505568986031
1668752998.3343744,0.044217,-5.700000000000149e-05,0.000156,-0.000101,1.0,0.0,839.5682719967822,0.0,839.5682719967822
1668753058.3217556,0.044211,-5.999999999999062e-06,0.00015,-6.00000000000001e-06,1.0,0.0,839.5682719967822,0.0,839.5682719967822
1668753118.434101,0.044262,5.100000000000243e-05,0.000203,5.3000000000000014e-05,0.0,1.0,0.0,18968.15037722611,839.5682719967821
1668753179.3547957,0.044174,-8.800000000000474e-05,2.9e-05,-0.000174,1.0,0.0,837.8990747635861,0.0,837.8990747635861
1668753239.1140182,0.044174,0.0,2.9e-05,0.0,1.0,0.0,837.8990747635861,0.0,837.8990747635861
1668753299.198279,0.0441,-7.399999999999768e-05,-2.8e-05,-5.7e-05,1.0,0.0,837.8990747635861,0.0,837.8990747635861
1668753360.5890062,0.0441,0.0,-2.8e-05,0.0,1.0,0.0,837.8990747635861,0.0,837.8990747635861
1668753420.234617,0.044146,4.599999999999743e-05,4.6e-05,7.4e-05,0.0,1.0,0.0,18980.181098255474,837.8990747635861
1668753480.6716762,0.044167,2.1000000000000185e-05,2.2e-05,-2.4e-05,1.0,0.0,838.2976585666495,0.0,838.2976585666495
1668753541.272977,0.044043,-0.0001239999999999,-0.000187,-0.0002089999999999,1.0,0.0,838.2976585666495,0.0,838.2976585666495
1668753601.482348,0.044043,0.0,-8.6e-05,0.0001009999999999,0.0,1.0,0.0,19033.618476639866,838.2976585666494
1668753661.048103,0.044043,0.0,-8.6e-05,0.0,0.0,1.0,0.0,19033.618476639866,838.2976585666496
1668753721.860571,0.044043,0.0,-0.000111,-2.5e-05,1.0,0.0,838.2976585666496,0.0,838.2976585666496
1668753782.108338,0.044056,1.2999999999999123e-05,-9.8e-05,1.3000000000000004e-05,0.0,1.0,0.0,19028.00205571658,838.2976585666496
1668753841.884405,0.044056,0.0,-9.8e-05,0.0,0.0,1.0,0.0,19028.00205571658,838.2976585666496
1668753902.9571674,0.044049,-7.000000000000062e-06,-0.000246,-0.000148,1.0,0.0,838.1644625522596,0.0,838.1644625522596
1668753963.0485775,0.044001,-4.799999999999943e-05,-0.00021,3.600000000000001e-05,0.0,1.0,0.0,19048.759404383072,838.1644625522596
1668754022.979919,0.044001,0.0,-0.00021,0.0,0.0,1.0,0.0,19048.759404383072,838.1644625522596
1668754083.8690536,0.044001,0.0,-0.00021,0.0,0.0,1.0,0.0,19048.759404383072,838.1644625522596
1668754143.7255898,0.044001,0.0,-0.00021,0.0,0.0,1.0,0.0,19048.759404383072,838.1644625522596
1668754203.719076,0.044001,0.0,-0.00021,0.0,0.0,1.0,0.0,19048.759404383072,838.1644625522596
1668754264.8785353,0.044002,1.000000000001e-06,-0.000164,4.600000000000001e-05,0.0,1.0,0.0,19048.759404383072,838.1835113116639
1668754324.968619,0.044,-2.000000000002e-06,-0.000166,-1.9999999999999944e-06,1.0,0.0,838.1454137928552,0.0,838.1454137928552
1668754384.834601,0.043919,-8.099999999999774e-05,-0.000255,-8.900000000000002e-05,1.0,0.0,838.1454137928552,0.0,838.1454137928552
1668754446.872444,0.043877,-4.200000000000037e-05,-0.000223,3.200000000000002e-05,0.0,1.0,0.0,19102.158620526818,838.1454137928552
1668754505.696043,0.043897,1.9999999999999185e-05,-0.000249,-2.599999999999998e-05,1.0,0.0,838.5274569652657,0.0,838.5274569652657
1668754565.730857,0.043897,0.0,-0.000271,-2.2e-05,1.0,0.0,838.5274569652657,0.0,838.5274569652657
1668754626.5057569,0.043951,5.3999999999998494e-05,-9.2e-05,0.0001789999999999,0.0,1.0,0.0,19078.688925514,838.5274569652659
1668754686.7712874,0.043951,0.0,-9.2e-05,0.0,0.0,1.0,0.0,19078.688925514,838.5274569652659
1668754746.7234006,0.043972,2.1000000000000185e-05,-7.1e-05,2.0999999999999995e-05,0.0,1.0,0.0,19078.688925514,838.9281094327016
1668754807.390467,0.043989,1.7000000000003124e-05,-6.7e-05,4.000000000000002e-06,0.0,1.0,0.0,19078.688925514,839.2524471444355
1668754867.437624,0.043989,0.0,-6e-05,7.000000000000001e-06,0.0,1.0,0.0,19078.688925514,839.2524471444355
1668754927.4299204,0.043951,-3.800000000000331e-05,-5e-05,1e-05,0.0,1.0,0.0,19078.688925514,838.5274569652659
1668754988.1517427,0.043951,0.0,-4.9e-05,1.000000000000004e-06,0.0,1.0,0.0,19078.688925514,838.5274569652659
1668755048.3929772,0.043911,-3.999999999999837e-05,-8.9e-05,-4e-05,1.0,0.0,837.7643094082453,0.0,837.7643094082453
1668755108.0764277,0.043911,0.0,-8.9e-05,0.0,1.0,0.0,837.7643094082453,0.0,837.7643094082453
1668755169.3173232,0.043911,0.0,-8.9e-05,0.0,1.0,0.0,837.7643094082453,0.0,837.7643094082453
1668755229.0987,0.043908,-2.9999999999960614e-06,3e-06,9.2e-05,0.0,1.0,0.0,19079.99247080817,837.7643094082453
1668755289.0552778,0.043908,0.0,3e-06,0.0,0.0,1.0,0.0,19079.99247080817,837.7643094082453
1668755350.8862283,0.043912,3.9999999999970615e-06,3.5e-05,3.2e-05,0.0,1.0,0.0,19079.99247080817,837.8406293781284
1668755409.886078,0.04398,6.799999999999862e-05,8.3e-05,4.8e-05,0.0,1.0,0.0,19079.99247080817,839.1380688661433
1668755469.9026332,0.043925,-5.499999999999949e-05,2.8e-05,-5.5e-05,1.0,0.0,838.0886692802488,0.0,838.0886692802488
1668755530.916591,0.043912,-1.2999999999999123e-05,-3.9e-05,-6.7e-05,1.0,0.0,838.0886692802488,0.0,838.0886692802488
1668755590.6597464,0.044054,0.000142,4.5e-05,8.400000000000001e-05,0.0,1.0,0.0,19024.121970314813,838.0886692802488
1668755650.7114727,0.044054,0.0,4.5e-05,0.0,0.0,1.0,0.0,19024.121970314813,838.0886692802488
1668755711.8197918,0.044054,0.0,4.5e-05,0.0,0.0,1.0,0.0,19024.121970314813,838.0886692802488
1668755771.926999,0.044054,0.0,6.5e-05,1.999999999999999e-05,0.0,1.0,0.0,19024.121970314813,838.0886692802488
1668755831.7448027,0.044006,-4.799999999999943e-05,1.7e-05,-4.8e-05,1.0,0.0,837.1755114256737,0.0,837.1755114256737
1668755892.7153888,0.044006,0.0,1.7e-05,0.0,1.0,0.0,837.1755114256737,0.0,837.1755114256737
1668755952.392634,0.044012,5.999999999999062e-06,6.1e-05,4.4e-05,0.0,1.0,0.0,19021.52847918008,837.1755114256738
1668756012.3928444,0.044083,7.099999999999468e-05,0.000132,7.100000000000002e-05,0.0,1.0,0.0,19021.52847918008,838.5260399476954
1668756073.100334,0.044075,-7.999999999994123e-06,0.000164,3.199999999999999e-05,0.0,1.0,0.0,19021.52847918008,838.3738677198621
1668756133.1597962,0.044083,7.999999999994123e-06,0.000172,8.000000000000005e-06,0.0,1.0,0.0,19021.52847918008,838.5260399476954
1668756193.3032205,0.044083,0.0,0.000172,0.0,0.0,1.0,0.0,19021.52847918008,838.5260399476954
1668756254.5175023,0.044115,3.200000000000425e-05,0.000207,3.499999999999998e-05,0.0,1.0,0.0,19021.52847918008,839.1347288590292
1668756314.6828914,0.044115,0.0,0.000203,-3.999999999999989e-06,1.0,0.0,839.1347288590292,0.0,839.1347288590292
1668756374.3955865,0.044115,0.0,0.000134,-6.9e-05,1.0,0.0,839.1347288590292,0.0,839.1347288590292
1668756435.4181385,0.044115,0.0,0.000134,0.0,1.0,0.0,839.1347288590292,0.0,839.1347288590292
1668756495.3385408,0.044114,-1.000000000001e-06,0.000189,5.500000000000001e-05,0.0,1.0,0.0,19021.95966947067,839.1347288590292
1668756555.4356787,0.044114,0.0,0.000189,0.0,0.0,1.0,0.0,19021.95966947067,839.1347288590292
1668756616.2995155,0.044114,0.0,0.000189,0.0,0.0,1.0,0.0,19021.95966947067,839.1347288590292
1668756676.2052617,0.044125,1.0999999999997123e-05,0.000101,-8.800000000000001e-05,1.0,0.0,839.3439704153933,0.0,839.3439704153933
1668756736.211514,0.044125,0.0,0.000101,0.0,1.0,0.0,839.3439704153933,0.0,839.3439704153933
1668756797.2602618,0.044251,0.000126,0.000197,9.6e-05,0.0,1.0,0.0,18967.796669349693,839.3439704153932
1668756857.2146883,0.04425,-1.000000000001e-06,0.000196,-9.999999999999972e-07,1.0,0.0,839.3250026187238,0.0,839.3250026187238
1668756917.275274,0.044413,0.000163,0.00033,0.000134,0.0,1.0,0.0,18898.183023410347,839.3250026187237
1668756978.4136937,0.044355,-5.8000000000002494e-05,0.000272,-5.8e-05,1.0,0.0,838.228908003366,0.0,838.228908003366
1668757038.1077528,0.044311,-4.399999999999543e-05,0.000196,-7.6e-05,1.0,0.0,838.228908003366,0.0,838.228908003366
1668757098.0536969,0.044393,8.199999999999874e-05,0.000278,8.199999999999999e-05,0.0,1.0,0.0,18882.00635242867,838.228908003366
1668757158.8959289,0.0443,-9.30000000000028e-05,0.000185,-9.299999999999998e-05,1.0,0.0,836.4728814125901,0.0,836.4728814125901
1668757218.9845996,0.044282,-1.7999999999997185e-05,0.000167,-1.8000000000000004e-05,1.0,0.0,836.4728814125901,0.0,836.4728814125901
1668757279.2744498,0.044283,1.000000000001e-06,0.000169,1.9999999999999944e-06,0.0,1.0,0.0,18889.255050755142,836.4728814125901
1668757339.7932167,0.044283,0.0,0.000169,0.0,0.0,1.0,0.0,18889.255050755142,836.47288141259
1668757399.786768,0.04437,8.69999999999968e-05,0.000245,7.6e-05,0.0,1.0,0.0,18889.255050755142,838.1162466020056
1668757459.7228668,0.044372,2.000000000002e-06,0.000124,-0.0001209999999999,1.0,0.0,838.1540251121072,0.0,838.1540251121072
1668757520.8257525,0.044372,0.0,0.000124,0.0,1.0,0.0,838.1540251121072,0.0,838.1540251121072
1668757580.8478622,0.0444,2.8000000000000247e-05,5.6e-05,-6.8e-05,1.0,0.0,838.1540251121072,0.0,838.1540251121072
1668757640.8764963,0.044373,-2.6999999999999247e-05,1.8e-05,-3.8e-05,1.0,0.0,838.1540251121072,0.0,838.1540251121072
1668757702.0113597,0.04438,7.000000000000062e-06,5.6e-05,3.8e-05,0.0,1.0,0.0,18885.85004759142,838.1540251121072
1668757761.724059,0.04435,-3.0000000000002247e-05,2.6e-05,-3e-05,1.0,0.0,837.5874496106794,0.0,837.5874496106794
1668757821.611642,0.04435,0.0,2.6e-05,0.0,1.0,0.0,837.5874496106794,0.0,837.5874496106794
1668757882.4112558,0.044286,-6.400000000000156e-05,-0.000126,-0.000152,1.0,0.0,837.5874496106794,0.0,837.5874496106794
1668757942.338593,0.044245,-4.099999999999937e-05,-5.5e-05,7.099999999999999e-05,0.0,1.0,0.0,18930.668993347936,837.5874496106794
1668758002.4963727,0.044248,3.0000000000030003e-06,-3.4e-05,2.1e-05,0.0,1.0,0.0,18930.668993347936,837.6442416176595
1668758064.3510206,0.044248,0.0,-3.4e-05,0.0,0.0,1.0,0.0,18930.668993347936,837.6442416176595
1668758124.0327048,0.044282,3.399999999999931e-05,-8.8e-05,-5.4e-05,1.0,0.0,838.2878843634334,0.0,838.2878843634334
1668758184.210896,0.044282,0.0,-8.8e-05,0.0,1.0,0.0,838.2878843634334,0.0,838.2878843634334
1668758245.249508,0.044286,3.9999999999970615e-06,-8.6e-05,1.9999999999999944e-06,0.0,1.0,0.0,18928.959137502447,838.2878843634334
1668758305.0260625,0.044286,0.0,-8.6e-05,0.0,0.0,1.0,0.0,18928.959137502447,838.2878843634334
1668758364.966241,0.044287,1.000000000001e-06,-0.000189,-0.000103,1.0,0.0,838.3068133225709,0.0,838.3068133225709
1668758425.9173446,0.04428,-7.000000000000062e-06,-0.000196,-6.99999999999998e-06,1.0,0.0,838.3068133225709,0.0,838.3068133225709
1668758485.9475229,0.044403,0.0001229999999999,3e-05,0.000226,0.0,1.0,0.0,18879.508441379432,838.3068133225709
1668758545.916391,0.044325,-7.799999999999474e-05,-8.1e-05,-0.000111,1.0,0.0,836.8342116641434,0.0,836.8342116641434
1668758606.8805003,0.044427,0.0001019999999999,7.7e-05,0.000158,0.0,1.0,0.0,18836.16295640361,836.8342116641433
1668758673.8896332,0.044585,0.0001579999999999,0.000235,0.000158,0.0,1.0,0.0,18836.16295640361,839.8103254112549
1668758727.2384508,0.044506,-7.900000000000268e-05,0.000261,2.600000000000001e-05,0.0,1.0,0.0,18836.16295640361,838.322268537699
1668758788.0926502,0.04451,4.000000000004e-06,0.000265,3.999999999999989e-06,0.0,1.0,0.0,18836.16295640361,838.3976131895246
1668758848.0898724,0.04451,0.0,0.000262,-2.9999999999999645e-06,1.0,0.0,838.3976131895246,0.0,838.3976131895246
1668758908.0121596,0.04446,-5.000000000000143e-05,0.000178,-8.400000000000004e-05,1.0,0.0,838.3976131895246,0.0,838.3976131895246
1668758968.9388626,0.044444,-1.6000000000002124e-05,0.000162,-1.5999999999999982e-05,1.0,0.0,838.3976131895246,0.0,838.3976131895246
1668759028.8396266,0.044438,-5.999999999999062e-06,0.000152,-1e-05,1.0,0.0,838.3976131895246,0.0,838.3976131895246
1668759088.9274056,0.044429,-8.999999999995123e-06,0.000149,-3.0000000000000187e-06,1.0,0.0,838.3976131895246,0.0,838.3976131895246
1668759149.5859876,0.044429,0.0,0.000149,0.0,1.0,0.0,838.3976131895246,0.0,838.3976131895246
1668759209.739257,0.0444,-2.9000000000001247e-05,1.1e-05,-0.000138,1.0,0.0,838.3976131895246,0.0,838.3976131895246
1668759269.583214,0.044429,2.9000000000001247e-05,0.000104,9.3e-05,0.0,1.0,0.0,18870.503796833706,838.3976131895246
1668759330.7308176,0.044504,7.499999999999868e-05,-8.1e-05,-0.000185,1.0,0.0,839.8129009742872,0.0,839.8129009742872
1668759390.8936515,0.044471,-3.300000000000525e-05,-0.000114,-3.3e-05,1.0,0.0,839.8129009742872,0.0,839.8129009742872
1668759450.7234046,0.044498,2.7000000000006182e-05,-8.7e-05,2.700000000000001e-05,0.0,1.0,0.0,18873.04824878168,839.8129009742872
1668759511.7116358,0.044509,1.0999999999997123e-05,5.4e-05,0.000141,0.0,1.0,0.0,18873.04824878168,840.0205045050238
1668759571.440401,0.04455,4.099999999999937e-05,4e-05,-1.3999999999999996e-05,1.0,0.0,840.7942994832239,0.0,840.7942994832239
1668759631.7209802,0.044559,9.000000000002062e-06,4.9e-05,8.999999999999995e-06,0.0,1.0,0.0,18869.23628185605,840.794299483224
1668759692.3678572,0.044511,-4.799999999999943e-05,1e-06,-4.8e-05,1.0,0.0,839.8885761416947,0.0,839.8885761416947
1668759752.69846,0.044511,0.0,6.7e-05,6.6e-05,0.0,1.0,0.0,18869.23628185605,839.8885761416947
1668759812.4674983,0.044498,-1.2999999999999123e-05,5.4e-05,-1.3000000000000004e-05,1.0,0.0,839.6432760700305,0.0,839.6432760700305
1668759874.0690763,0.044498,0.0,6.9e-05,1.5e-05,0.0,1.0,0.0,18869.23628185605,839.6432760700305
1668759933.8837228,0.044451,-4.700000000000537e-05,5.1e-05,-1.7999999999999997e-05,1.0,0.0,838.7564219647833,0.0,838.7564219647833
1668759993.9244113,0.044407,-4.399999999999543e-05,7e-06,-4.4e-05,1.0,0.0,838.7564219647833,0.0,838.7564219647833
1668760054.8511891,0.044487,7.999999999999674e-05,5.7e-05,5e-05,0.0,1.0,0.0,18853.96682097654,838.7564219647834
1668760114.867125,0.044584,9.699999999999986e-05,0.000154,9.7e-05,0.0,1.0,0.0,18853.96682097654,840.585256746418
1668760174.660501,0.044584,0.0,0.000154,0.0,0.0,1.0,0.0,18853.96682097654,840.585256746418
1668760235.5367315,0.044584,0.0,0.000154,0.0,0.0,1.0,0.0,18853.96682097654,840.585256746418
1668760295.5748196,0.044463,-0.0001209999999999,-3.5e-05,-0.0001889999999999,1.0,0.0,838.30392676108,0.0,838.30392676108
1668760355.5135956,0.044463,0.0,-3.5e-05,0.0,1.0,0.0,838.30392676108,0.0,838.30392676108
1668760416.5143704,0.044463,0.0,-3.5e-05,0.0,1.0,0.0,838.30392676108,0.0,838.30392676108
1668760476.6514142,0.044463,0.0,-3.5e-05,0.0,1.0,0.0,838.30392676108,0.0,838.30392676108
1668760536.644137,0.044463,0.0,-3.5e-05,0.0,1.0,0.0,838.30392676108,0.0,838.30392676108
1668760597.4960864,0.044404,-5.900000000000349e-05,-0.000105,-7.000000000000001e-05,1.0,0.0,838.30392676108,0.0,838.30392676108
1668760657.4287393,0.044394,-9.999999999996125e-06,-0.000115,-1e-05,1.0,0.0,838.30392676108,0.0,838.30392676108
1668760717.4211593,0.044394,0.0,-0.000165,-5e-05,1.0,0.0,838.30392676108,0.0,838.30392676108
1668760778.2150843,0.044394,0.0,-0.000165,0.0,1.0,0.0,838.30392676108,0.0,838.30392676108
1668760838.4840107,0.044394,0.0,-0.000165,0.0,1.0,0.0,838.30392676108,0.0,838.30392676108
1668760898.2676768,0.044394,0.0,-0.000117,4.8e-05,0.0,1.0,0.0,18883.27086455557,838.30392676108
1668760959.354537,0.044363,-3.100000000000325e-05,-0.000148,-3.0999999999999995e-05,1.0,0.0,837.7185453642787,0.0,837.7185453642787
1668761019.1997566,0.044394,3.100000000000325e-05,-0.000117,3.0999999999999995e-05,0.0,1.0,0.0,18870.084816963525,837.7185453642787
1668761079.060871,0.044394,0.0,-0.000117,0.0,0.0,1.0,0.0,18870.084816963525,837.7185453642787
1668761140.466163,0.04445,5.6000000000000494e-05,-4.8e-05,6.9e-05,0.0,1.0,0.0,18870.084816963525,838.7752701140288
1668761200.0757189,0.04445,0.0,-4.8e-05,0.0,0.0,1.0,0.0,18870.084816963525,838.7752701140288
1668761260.0496464,0.04445,0.0,-4.8e-05,0.0,0.0,1.0,0.0,18870.084816963525,838.7752701140288
1668761320.878773,0.0444,-5.000000000000143e-05,6.2e-05,0.00011,0.0,1.0,0.0,18870.084816963525,837.8317658731805
1668761380.9677503,0.044418,1.7999999999997185e-05,1.1e-05,-5.1000000000000006e-05,1.0,0.0,838.1714273998858,0.0,838.1714273998858
1668761441.2238865,0.044418,0.0,1.1e-05,0.0,1.0,0.0,838.1714273998858,0.0,838.1714273998858
1668761501.8031924,0.044418,0.0,-0.000166,-0.000177,1.0,0.0,838.1714273998858,0.0,838.1714273998858
1668761561.783168,0.04441,-8.000000000001062e-06,-0.000174,-8.000000000000005e-06,1.0,0.0,838.1714273998858,0.0,838.1714273998858
1668761621.924157,0.044458,4.799999999999943e-05,-5e-06,0.000169,0.0,1.0,0.0,18853.106918887173,838.1714273998859
1668761683.1355648,0.044371,-8.69999999999968e-05,-2.3e-05,-1.8e-05,1.0,0.0,836.5312070979428,0.0,836.5312070979428
1668761742.8752236,0.044409,3.799999999999637e-05,1.5e-05,3.8e-05,0.0,1.0,0.0,18836.974646984683,836.5312070979428
1668761802.824757,0.044409,0.0,1.5e-05,0.0,0.0,1.0,0.0,18836.974646984683,836.5312070979428
1668761863.7327614,0.044409,0.0,1.5e-05,0.0,0.0,1.0,0.0,18836.974646984683,836.5312070979428
1668761923.6935282,0.044398,-1.0999999999997123e-05,4e-06,-1.1e-05,1.0,0.0,836.324000376826,0.0,836.324000376826
1668761983.7756257,0.044409,1.0999999999997123e-05,1.5e-05,1.1e-05,0.0,1.0,0.0,18832.30877472643,836.3240003768259
1668762044.7881496,0.044348,-6.099999999999856e-05,-0.000102,-0.000117,1.0,0.0,835.1752295415677,0.0,835.1752295415677
1668762104.694336,0.044372,2.4000000000003185e-05,-7.8e-05,2.4e-05,0.0,1.0,0.0,18822.12272472657,835.1752295415675
1668762164.6071208,0.04436,-1.2000000000005062e-05,-5.8e-05,2e-05,0.0,1.0,0.0,18822.12272472657,834.9493640688706
1668762225.835758,0.044446,8.600000000000274e-05,2.8e-05,8.6e-05,0.0,1.0,0.0,18822.12272472657,836.5680666231972
1668762285.6075995,0.044446,0.0,2.8e-05,0.0,0.0,1.0,0.0,18822.12272472657,836.5680666231972
1668762345.565324,0.044446,0.0,2.8e-05,0.0,0.0,1.0,0.0,18822.12272472657,836.5680666231972
1668762406.9052584,0.044301,-0.0001449999999999,-0.000109,-0.000137,1.0,0.0,833.8388588281118,0.0,833.8388588281118
1668762466.8964496,0.04427,-3.100000000000325e-05,-0.00014,-3.099999999999998e-05,1.0,0.0,833.8388588281118,0.0,833.8388588281118
1668762526.5848048,0.044306,3.600000000000131e-05,-0.000152,-1.200000000000002e-05,1.0,0.0,833.8388588281118,0.0,833.8388588281118
1668762587.5359654,0.044306,0.0,-0.000152,0.0,1.0,0.0,833.8388588281118,0.0,833.8388588281118
1668762647.6345625,0.044333,2.6999999999999247e-05,-7.6e-05,7.6e-05,0.0,1.0,0.0,18808.536729481693,833.8388588281118
1668762707.6514308,0.044365,3.200000000000425e-05,-4.4e-05,3.2000000000000005e-05,0.0,1.0,0.0,18808.536729481693,834.4407320034553
1668762768.3134542,0.044331,-3.399999999999931e-05,-7.8e-05,-3.4e-05,1.0,0.0,833.801241754653,0.0,833.801241754653
1668762828.269009,0.044283,-4.799999999999943e-05,-0.000126,-4.8e-05,1.0,0.0,833.801241754653,0.0,833.801241754653
1668762888.236864,0.044283,0.0,-0.000126,0.0,1.0,0.0,833.801241754653,0.0,833.801241754653
1668762949.371252,0.044283,0.0,-0.000126,0.0,1.0,0.0,833.801241754653,0.0,833.801241754653
1668763009.3132443,0.044283,0.0,-0.000126,0.0,1.0,0.0,833.801241754653,0.0,833.801241754653
1668763069.3544345,0.044317,3.399999999999931e-05,-0.000129,-2.999999999999992e-06,1.0,0.0,833.801241754653,0.0,833.801241754653
1668763130.019146,0.044283,-3.399999999999931e-05,-0.000163,-3.400000000000001e-05,1.0,0.0,833.801241754653,0.0,833.801241754653
1668763190.0476372,0.044283,0.0,-0.000163,0.0,1.0,0.0,833.801241754653,0.0,833.801241754653
1668763250.1892352,0.044349,6.599999999999662e-05,1e-06,0.000164,0.0,1.0,0.0,18800.90287841108,833.801241754653
1668763311.514737,0.044289,-5.999999999999756e-05,-5.9e-05,-6e-05,1.0,0.0,832.6731875819485,0.0,832.6731875819485
1668763371.0348692,0.044289,0.0,-5.9e-05,0.0,1.0,0.0,832.6731875819485,0.0,832.6731875819485
1668763430.974794,0.044289,0.0,-5.9e-05,0.0,1.0,0.0,832.6731875819485,0.0,832.6731875819485
1668763491.820695,0.044312,2.2999999999995246e-05,-9e-06,5e-05,0.0,1.0,0.0,18791.144330699324,832.6731875819484
1668763551.966236,0.044289,-2.2999999999995246e-05,-0.000157,-0.000148,1.0,0.0,832.2409912623424,0.0,832.2409912623424
1668763611.9413888,0.044306,1.6999999999996185e-05,5e-06,0.000162,0.0,1.0,0.0,18783.9342586183,832.2409912623424
1668763672.8436334,0.044306,0.0,5e-06,0.0,0.0,1.0,0.0,18783.9342586183,832.2409912623424
1668763732.816296,0.044306,0.0,5e-06,0.0,0.0,1.0,0.0,18783.9342586183,832.2409912623424
1668763792.8751032,0.044306,0.0,5e-06,0.0,0.0,1.0,0.0,18783.9342586183,832.2409912623424
1668763853.8639114,0.044306,0.0,5e-06,0.0,0.0,1.0,0.0,18783.9342586183,832.2409912623424
1668763913.62807,0.044359,5.300000000000443e-05,5.3e-05,4.8e-05,0.0,1.0,0.0,18783.9342586183,833.2365397780493
1668763973.5522814,0.044209,-0.00015,-0.000156,-0.0002089999999999,1.0,0.0,830.4189496392564,0.0,830.4189496392564
1668764034.7203171,0.044209,0.0,-0.000156,0.0,1.0,0.0,830.4189496392564,0.0,830.4189496392564
1668764094.4529755,0.044209,0.0,-0.000156,0.0,1.0,0.0,830.4189496392564,0.0,830.4189496392564
1668764154.5917108,0.044209,0.0,-0.000156,0.0,1.0,0.0,830.4189496392564,0.0,830.4189496392564
1668764215.579238,0.044209,0.0,-0.000156,0.0,1.0,0.0,830.4189496392564,0.0,830.4189496392564
1668764275.391421,0.044209,0.0,-0.000156,0.0,1.0,0.0,830.4189496392564,0.0,830.4189496392564
1668764335.5742536,0.044288,7.900000000000268e-05,1.4e-05,0.0001699999999999,0.0,1.0,0.0,18750.427872996217,830.4189496392564
1668764396.3433075,0.044276,-1.1999999999998123e-05,2e-06,-1.2e-05,1.0,0.0,830.1939445047806,0.0,830.1939445047806
1668764456.3453257,0.044276,0.0,2e-06,0.0,1.0,0.0,830.1939445047806,0.0,830.1939445047806
1668764516.248354,0.044276,0.0,2e-06,0.0,1.0,0.0,830.1939445047806,0.0,830.1939445047806
1668764577.0704243,0.044271,-5.000000000005e-06,-1.2e-05,-1.4e-05,1.0,0.0,830.1939445047806,0.0,830.1939445047806
1668764637.0977015,0.044263,-8.000000000001062e-06,-2e-05,-8.000000000000001e-06,1.0,0.0,830.1939445047806,0.0,830.1939445047806
1668764697.083779,0.044263,0.0,-2e-05,0.0,1.0,0.0,830.1939445047806,0.0,830.1939445047806
1668764758.155201,0.044386,0.000123,0.000103,0.000123,0.0,1.0,0.0,18703.95945804489,830.1939445047806
1668764818.1086402,0.044386,0.0,9.7e-05,-5.999999999999997e-06,1.0,0.0,830.1939445047806,0.0,830.1939445047806
1668764878.130444,0.044386,0.0,9.7e-05,0.0,1.0,0.0,830.1939445047806,0.0,830.1939445047806
1668764938.9837346,0.044386,0.0,8.3e-05,-1.4e-05,1.0,0.0,830.1939445047806,0.0,830.1939445047806
1668764998.972463,0.044455,6.899999999999962e-05,0.000166,8.3e-05,0.0,1.0,0.0,18674.9284558493,830.1939445047806
1668765058.839827,0.044435,-1.9999999999999185e-05,0.000129,-3.7000000000000005e-05,1.0,0.0,829.8204459356637,0.0,829.8204459356637
1668765120.0430665,0.044457,2.2000000000001185e-05,0.000157,2.8000000000000003e-05,0.0,1.0,0.0,18665.68697698144,829.8204459356637
1668765179.8287704,0.04437,-8.700000000000374e-05,7e-05,-8.7e-05,1.0,0.0,828.1965311686663,0.0,828.1965311686663
1668765239.7364404,0.04442,5.000000000000143e-05,0.000177,0.000107,0.0,1.0,0.0,18644.67652338285,828.1965311686663
1668765300.7108953,0.04442,0.0,0.000177,0.0,0.0,1.0,0.0,18644.67652338285,828.1965311686662
1668765360.682701,0.04442,0.0,0.000177,0.0,0.0,1.0,0.0,18644.67652338285,828.1965311686662
1668765420.6986654,0.044434,1.4000000000000123e-05,0.000225,4.8e-05,0.0,1.0,0.0,18644.67652338285,828.4575566399935
1668765481.7091568,0.044437,2.9999999999960614e-06,0.000161,-6.399999999999998e-05,1.0,0.0,828.5134906695636,0.0,828.5134906695636
1668765541.5342956,0.044445,8.000000000001062e-06,0.000182,2.0999999999999995e-05,0.0,1.0,0.0,18641.32052355864,828.5134906695636
1668765601.4747968,0.044445,0.0,0.000182,0.0,0.0,1.0,0.0,18641.32052355864,828.5134906695637
1668765662.3831332,0.044429,-1.5999999999995185e-05,4.3e-05,-0.000139,1.0,0.0,828.2152295411869,0.0,828.2152295411869
1668765722.3418434,0.044429,0.0,4.3e-05,0.0,1.0,0.0,828.2152295411869,0.0,828.2152295411869
1668765782.2711442,0.04443,9.999999999940612e-07,-1.6e-05,-5.9e-05,1.0,0.0,828.2152295411869,0.0,828.2152295411869
1668765843.6039548,0.044401,-2.8999999999994308e-05,-4.5e-05,-2.9000000000000004e-05,1.0,0.0,828.2152295411869,0.0,828.2152295411869
1668765903.1468902,0.044401,0.0,-4.5e-05,0.0,1.0,0.0,828.2152295411869,0.0,828.2152295411869
1668765963.1551852,0.044329,-7.200000000000262e-05,-8.6e-05,-4.1e-05,1.0,0.0,828.2152295411869,0.0,828.2152295411869
1668766024.4816225,0.044347,1.7999999999997185e-05,-0.00011,-2.4e-05,1.0,0.0,828.2152295411869,0.0,828.2152295411869
1668766084.2731278,0.044245,-0.0001019999999999,-0.000125,-1.5e-05,1.0,0.0,828.2152295411869,0.0,828.2152295411869
1668766144.0620952,0.044233,-1.1999999999998123e-05,-0.000187,-6.199999999999999e-05,1.0,0.0,828.2152295411869,0.0,828.2152295411869
1668766205.2630136,0.04418,-5.300000000000443e-05,-0.00028,-9.299999999999998e-05,1.0,0.0,828.2152295411869,0.0,828.2152295411869
1668766264.9356272,0.044283,0.000103,-0.000177,0.0001029999999999,0.0,1.0,0.0,18702.780514897066,828.2152295411868
1668766325.041125,0.044283,0.0,-0.000177,0.0,0.0,1.0,0.0,18702.780514897066,828.2152295411868
1668766385.6733043,0.044283,0.0,-0.000177,0.0,0.0,1.0,0.0,18702.780514897066,828.2152295411868
1668766446.7932773,0.044198,-8.500000000000174e-05,-0.000247,-7e-05,1.0,0.0,826.6254931974205,0.0,826.6254931974205
1668766505.9463067,0.044116,-8.199999999999874e-05,-0.000329,-8.199999999999999e-05,1.0,0.0,826.6254931974205,0.0,826.6254931974205
1668766567.205941,0.044126,9.999999999996125e-06,-0.000319,9.999999999999972e-06,0.0,1.0,0.0,18733.29767478177,826.6254931974205
1668766626.6428304,0.044125,-1.000000000001e-06,-0.000239,7.999999999999999e-05,0.0,1.0,0.0,18733.29767478177,826.6067598997456
1668766686.6650696,0.0441,-2.4999999999997247e-05,-0.000329,-8.999999999999997e-05,1.0,0.0,826.1384274578761,0.0,826.1384274578761
1668766747.684023,0.044069,-3.100000000000325e-05,-0.000332,-3.0000000000000187e-06,1.0,0.0,826.1384274578761,0.0,826.1384274578761
1668766807.4431586,0.044069,0.0,-0.00026,7.200000000000002e-05,0.0,1.0,0.0,18746.475469329373,826.1384274578761
1668766867.5799942,0.04405,-1.8999999999998185e-05,-0.00021,4.999999999999997e-05,0.0,1.0,0.0,18746.475469329373,825.7822444239588
1668766928.3777,0.04405,0.0,-0.00021,0.0,0.0,1.0,0.0,18746.475469329373,825.7822444239588
1668766988.3266687,0.04405,0.0,-0.000195,1.5000000000000012e-05,0.0,1.0,0.0,18746.475469329373,825.7822444239588
1668767048.6510272,0.04403,-1.9999999999999185e-05,-0.000179,1.600000000000001e-05,0.0,1.0,0.0,18746.475469329373,825.4073149145722
1668767109.742759,0.04405,1.9999999999999185e-05,-0.000233,-5.400000000000001e-05,1.0,0.0,825.7822444239588,0.0,825.7822444239588
1668767169.413095,0.044069,1.8999999999998185e-05,-4.7e-05,0.000186,0.0,1.0,0.0,18738.39307504048,825.7822444239589
1668767229.4850624,0.044069,0.0,-5.7e-05,-1.0000000000000006e-05,1.0,0.0,825.7822444239589,0.0,825.7822444239589
1668767290.2405684,0.044069,0.0,-5.7e-05,0.0,1.0,0.0,825.7822444239589,0.0,825.7822444239589
1668767350.257388,0.044075,6.0000000000060005e-06,-5.1e-05,6.000000000000004e-06,0.0,1.0,0.0,18735.84218772453,825.7822444239589
1668767410.1505654,0.04405,-2.5000000000004186e-05,-5e-05,9.999999999999972e-07,0.0,1.0,0.0,18735.84218772453,825.3138483692655
1668767470.96069,0.043827,-0.000223,-0.000242,-0.000192,1.0,0.0,821.135755561403,0.0,821.135755561403
1668767530.9024932,0.0438,-2.6999999999999247e-05,-0.000269,-2.699999999999998e-05,1.0,0.0,821.135755561403,0.0,821.135755561403
1668767591.0638845,0.043839,3.900000000000431e-05,-0.000211,5.799999999999997e-05,0.0,1.0,0.0,18730.71364678489,821.135755561403
1668767652.3300626,0.043839,0.0,-0.000211,0.0,0.0,1.0,0.0,18730.71364678489,821.1357555614029
1668767712.3979104,0.043976,0.0001369999999999,-7.4e-05,0.000137,0.0,1.0,0.0,18730.71364678489,823.7018633310124
1668767772.4151442,0.043935,-4.099999999999937e-05,-9.5e-05,-2.100000000000001e-05,1.0,0.0,822.9339040714942,0.0,822.9339040714942
1668767833.1847117,0.043935,0.0,-9.5e-05,0.0,1.0,0.0,822.9339040714942,0.0,822.9339040714942
1668767893.2313488,0.043935,0.0,-9.5e-05,0.0,1.0,0.0,822.9339040714942,0.0,822.9339040714942
1668767953.3831327,0.04393,-5.000000000005e-06,-0.00012,-2.5e-05,1.0,0.0,822.9339040714942,0.0,822.9339040714942
1668768014.001495,0.043996,6.600000000000356e-05,-7.3e-05,4.7e-05,0.0,1.0,0.0,18704.743705598103,822.9339040714943
1668768074.0277753,0.04404,4.400000000000237e-05,-2.9e-05,4.4e-05,0.0,1.0,0.0,18704.743705598103,823.7569127945405
1668768133.8681836,0.04404,0.0,-2.9e-05,0.0,0.0,1.0,0.0,18704.743705598103,823.7569127945405
1668768194.691345,0.044241,0.0002009999999999,0.000166,0.000195,0.0,1.0,0.0,18704.743705598103,827.5165662793657
1668768254.744764,0.044257,1.5999999999995185e-05,0.000207,4.1e-05,0.0,1.0,0.0,18704.743705598103,827.8158421786552
1668768435.7304883,0.044277,1.9999999999999185e-05,0.000438,0.000231,0.0,1.0,0.0,18704.743705598103,828.1899370527672
1668768495.7554414,0.044264,-1.2999999999999123e-05,0.000288,-0.00015,1.0,0.0,827.9467753845944,0.0,827.9467753845944
1668768556.600082,0.044264,0.0,0.000288,0.0,1.0,0.0,827.9467753845944,0.0,827.9467753845944
1668768616.4525497,0.044264,0.0,0.000288,0.0,1.0,0.0,827.9467753845944,0.0,827.9467753845944
1668768676.439147,0.044264,0.0,0.000288,0.0,1.0,0.0,827.9467753845944,0.0,827.9467753845944
1668768737.4195223,0.044264,0.0,0.000288,0.0,1.0,0.0,827.9467753845944,0.0,827.9467753845944
1668768797.335546,0.044264,0.0,0.000288,0.0,1.0,0.0,827.9467753845944,0.0,827.9467753845944
1668768857.4480388,0.044063,-0.0002009999999999,0.000128,-0.00016,1.0,0.0,827.9467753845944,0.0,827.9467753845944
1668768918.563216,0.044063,0.0,0.000123,-4.999999999999986e-06,1.0,0.0,827.9467753845944,0.0,827.9467753845944
1668768978.4137232,0.044063,0.0,0.000123,0.0,1.0,0.0,827.9467753845944,0.0,827.9467753845944
1668769038.534445,0.044063,0.0,0.000123,0.0,1.0,0.0,827.9467753845944,0.0,827.9467753845944
1668769099.2993991,0.044173,0.0001099999999999,0.000177,5.3999999999999984e-05,0.0,1.0,0.0,18743.27701049497,827.9467753845944
1668769159.2797797,0.044096,-7.699999999999374e-05,5.6e-05,-0.0001209999999999,1.0,0.0,826.5035430547863,0.0,826.5035430547863
1668769219.1237266,0.044096,0.0,5.6e-05,0.0,1.0,0.0,826.5035430547863,0.0,826.5035430547863
1668769279.9565268,0.044096,0.0,5.6e-05,0.0,1.0,0.0,826.5035430547863,0.0,826.5035430547863
1668769339.9290693,0.044058,-3.800000000000331e-05,-0.000183,-0.000239,1.0,0.0,826.5035430547863,0.0,826.5035430547863
1668769400.0146198,0.044096,3.800000000000331e-05,-0.000145,3.8e-05,0.0,1.0,0.0,18743.27701049497,826.5035430547863
1668769461.5425012,0.044083,-1.3000000000006062e-05,-0.000158,-1.299999999999999e-05,1.0,0.0,826.2598804536498,0.0,826.2598804536498
1668769521.4287994,0.04404,-4.299999999999443e-05,-0.000218,-6.000000000000002e-05,1.0,0.0,826.2598804536498,0.0,826.2598804536498
1668769581.5662403,0.044,-4.000000000000531e-05,-0.00021,8.000000000000005e-06,0.0,1.0,0.0,18778.63364667386,826.2598804536499
1668769642.5541751,0.043946,-5.3999999999998494e-05,-0.000331,-0.000121,1.0,0.0,825.2458342367295,0.0,825.2458342367295
1668769702.6029522,0.043946,0.0,-0.000331,0.0,1.0,0.0,825.2458342367295,0.0,825.2458342367295
1668769762.3930943,0.043997,5.100000000000243e-05,-0.000267,6.400000000000004e-05,0.0,1.0,0.0,18756.866018972418,825.2458342367295
1668769823.1319704,0.044074,7.700000000000068e-05,1.1e-05,0.000278,0.0,1.0,0.0,18756.866018972418,826.6901129201904
1668769883.4148908,0.044071,-3.0000000000030003e-06,-0.000102,-0.000113,1.0,0.0,826.6338423221334,0.0,826.6338423221334
1668769943.3093832,0.044078,7.000000000000062e-06,-9.5e-05,6.999999999999994e-06,0.0,1.0,0.0,18753.88725264607,826.6338423221334
1668770007.1600332,0.04401,-6.799999999999862e-05,-8.6e-05,9.000000000000002e-06,0.0,1.0,0.0,18753.88725264607,825.3585779889535
1668770066.6684017,0.044106,9.599999999999886e-05,2.3e-05,0.000109,0.0,1.0,0.0,18753.88725264607,827.1589511652076
1668770127.2582512,0.044105,-1.000000000001e-06,6.5e-05,4.199999999999999e-05,0.0,1.0,0.0,18753.88725264607,827.1401972779548
1668770187.6225882,0.044164,5.900000000000349e-05,0.000125,6.000000000000001e-05,0.0,1.0,0.0,18753.88725264607,828.246676625861
1668770247.9676237,0.044173,8.999999999995123e-06,0.000134,9.000000000000002e-06,0.0,1.0,0.0,18753.88725264607,828.4154616111348
1668770307.9901388,0.044173,0.0,0.00019,5.6000000000000006e-05,0.0,1.0,0.0,18753.88725264607,828.4154616111348
1668770368.546858,0.044152,-2.1000000000000185e-05,0.000169,-2.1000000000000023e-05,1.0,0.0,828.0216299788292,0.0,828.0216299788292
1668770428.583367,0.044152,0.0,0.000206,3.7000000000000005e-05,0.0,1.0,0.0,18753.88725264607,828.0216299788292
1668770488.8932714,0.044173,2.1000000000000185e-05,0.000176,-3e-05,1.0,0.0,828.4154616111348,0.0,828.4154616111348
1668770549.4028566,0.044173,0.0,0.000176,0.0,1.0,0.0,828.4154616111348,0.0,828.4154616111348
1668770609.6734426,0.044173,0.0,0.000176,0.0,1.0,0.0,828.4154616111348,0.0,828.4154616111348
1668770669.4270313,0.044172,-9.999999999940612e-07,0.00012,-5.599999999999999e-05,1.0,0.0,828.4154616111348,0.0,828.4154616111348
1668770730.7474437,0.044172,0.0,0.00012,0.0,1.0,0.0,828.4154616111348,0.0,828.4154616111348
1668770791.0546944,0.044227,5.499999999999949e-05,0.000149,2.8999999999999987e-05,0.0,1.0,0.0,18730.98925116184,828.4154616111348
1668770850.8029952,0.044192,-3.500000000000031e-05,0.000114,-3.499999999999998e-05,1.0,0.0,827.759876987344,0.0,827.759876987344
1668770911.9178696,0.044165,-2.6999999999999247e-05,5.6e-05,-5.800000000000001e-05,1.0,0.0,827.759876987344,0.0,827.759876987344
1668770971.462847,0.044166,9.999999999940612e-07,5.7e-05,1.000000000000004e-06,0.0,1.0,0.0,18742.015962218546,827.7598769873441
1668771031.526326,0.044166,0.0,5.7e-05,0.0,0.0,1.0,0.0,18742.015962218546,827.7598769873442
1668771092.3137083,0.044166,0.0,5.7e-05,0.0,0.0,1.0,0.0,18742.015962218546,827.7598769873442
1668771152.2519867,0.044171,5.000000000005e-06,6.6e-05,9.000000000000002e-06,0.0,1.0,0.0,18742.015962218546,827.8535870671554
1668771212.512005,0.044309,0.0001379999999999,0.000148,8.199999999999999e-05,0.0,1.0,0.0,18742.015962218546,830.4399852699415
1668771274.7691932,0.044309,0.0,0.000148,0.0,0.0,1.0,0.0,18742.015962218546,830.4399852699415
1668771334.6871517,0.044173,-0.000136,0.0,-0.000148,1.0,0.0,827.8910710990798,0.0,827.8910710990798
1668771394.221001,0.044173,0.0,0.0,0.0,1.0,0.0,827.8910710990798,0.0,827.8910710990798
1668771455.6245313,0.044173,0.0,0.0,0.0,1.0,0.0,827.8910710990798,0.0,827.8910710990798
1668771515.3142664,0.044173,0.0,0.0,0.0,1.0,0.0,827.8910710990798,0.0,827.8910710990798
1668771574.9267871,0.044173,0.0,0.0,0.0,1.0,0.0,827.8910710990798,0.0,827.8910710990798
1668771635.6665242,0.044173,0.0,0.0,0.0,1.0,0.0,827.8910710990798,0.0,827.8910710990798
1668771695.611663,0.044129,-4.399999999999543e-05,-2.3e-05,-2.3e-05,1.0,0.0,827.8910710990798,0.0,827.8910710990798
1668771755.6949253,0.044277,0.0001479999999999,0.000212,0.000235,0.0,1.0,0.0,18697.99379133816,827.8910710990797
1668771816.709737,0.044277,0.0,0.000212,0.0,0.0,1.0,0.0,18697.99379133816,827.8910710990796
1668771876.67618,0.0443,2.3000000000002185e-05,0.000127,-8.5e-05,1.0,0.0,828.3211249562804,0.0,828.3211249562804
1668771937.0761192,0.044309,9.000000000002062e-06,0.000136,9.000000000000002e-06,0.0,1.0,0.0,18694.19587344061,828.3211249562804
1668771998.3902004,0.044309,0.0,0.000136,0.0,0.0,1.0,0.0,18694.19587344061,828.3211249562802
1668772058.103592,0.044309,0.0,0.000137,9.999999999999972e-07,0.0,1.0,0.0,18694.19587344061,828.3211249562801
1668772117.8717597,0.044309,0.0,0.000137,0.0,0.0,1.0,0.0,18694.19587344061,828.3211249562801
1668772179.0355935,0.044309,0.0,8.2e-05,-5.5e-05,1.0,0.0,828.3211249562801,0.0,828.3211249562801
1668772239.0206034,0.044309,0.0,8.2e-05,0.0,1.0,0.0,828.3211249562801,0.0,828.3211249562801
1668772298.9907017,0.044309,0.0,8.2e-05,0.0,1.0,0.0,828.3211249562801,0.0,828.3211249562801
1668772359.8010695,0.044309,0.0,8.2e-05,0.0,1.0,0.0,828.3211249562801,0.0,828.3211249562801
1668772419.9897652,0.044279,-3.0000000000002247e-05,7.4e-05,-8.000000000000005e-06,1.0,0.0,828.3211249562801,0.0,828.3211249562801
1668772479.3922756,0.044278,-1.000000000001e-06,0.000112,3.8e-05,0.0,1.0,0.0,18707.284090434983,828.3211249562802
1668772541.2992527,0.044147,-0.0001309999999999,-1.9e-05,-0.0001309999999999,1.0,0.0,825.8704707404332,0.0,825.8704707404332
1668772601.1552656,0.044147,0.0,-1.9e-05,0.0,1.0,0.0,825.8704707404332,0.0,825.8704707404332
1668772661.3351386,0.044195,4.799999999999943e-05,2.4e-05,4.3e-05,0.0,1.0,0.0,18686.966189397743,825.8704707404332
1668772721.8672206,0.044195,0.0,2.4e-05,0.0,0.0,1.0,0.0,18686.966189397743,825.8704707404332
1668772781.813987,0.044195,0.0,2.4e-05,0.0,0.0,1.0,0.0,18686.966189397743,825.8704707404332
1668772841.618446,0.044195,0.0,-0.000114,-0.000138,1.0,0.0,825.8704707404332,0.0,825.8704707404332
1668772902.418461,0.044193,-1.9999999999950613e-06,6.4e-05,0.000178,0.0,1.0,0.0,18687.811887412783,825.8704707404332
1668772962.7632663,0.044122,-7.100000000000162e-05,-0.000155,-0.000219,1.0,0.0,824.5436360964269,0.0,824.5436360964269
1668773022.4819715,0.04414,1.7999999999997185e-05,-0.000137,1.8000000000000004e-05,0.0,1.0,0.0,18680.191121350857,824.5436360964268
1668773083.212583,0.044075,-6.499999999999562e-05,-0.000234,-9.7e-05,1.0,0.0,823.329423673539,0.0,823.329423673539
1668773143.3385217,0.04408,4.9999999999980616e-06,-0.000229,4.999999999999986e-06,0.0,1.0,0.0,18678.0722248988,823.329423673539
1668773203.4226768,0.044117,3.700000000000231e-05,-0.000192,3.7000000000000005e-05,0.0,1.0,0.0,18678.0722248988,824.0205123458603
1668773264.116037,0.044124,6.999999999993123e-06,-0.000185,7.000000000000008e-06,0.0,1.0,0.0,18678.0722248988,824.1512588514345
1668773324.0962586,0.044111,-1.2999999999999123e-05,-0.000168,1.7000000000000007e-05,0.0,1.0,0.0,18678.0722248988,823.9084439125108
1668773384.0184762,0.04411,-9.999999999940612e-07,-3.7e-05,0.0001309999999999,0.0,1.0,0.0,18678.0722248988,823.889765840286
1668773445.4786549,0.044066,-4.400000000000237e-05,-0.000129,-9.2e-05,1.0,0.0,823.0679306623905,0.0,823.0679306623905
1668773505.4854405,0.044068,2.000000000002e-06,-0.000127,1.9999999999999944e-06,0.0,1.0,0.0,18677.22453168717,823.0679306623905
1668773565.0784922,0.044109,4.099999999999937e-05,-3.6e-05,9.1e-05,0.0,1.0,0.0,18677.22453168717,823.8336968681895
1668773625.8444388,0.044109,0.0,-8.4e-05,-4.8e-05,1.0,0.0,823.8336968681895,0.0,823.8336968681895
1668773685.8609042,0.044127,1.7999999999997185e-05,-1.3e-05,7.099999999999999e-05,0.0,1.0,0.0,18669.60583924104,823.8336968681895
1668773746.0119958,0.044108,-1.8999999999998185e-05,2.8e-05,4.1e-05,0.0,1.0,0.0,18669.60583924104,823.4789743572438
1668773807.273635,0.044108,0.0,-9e-06,-3.7e-05,1.0,0.0,823.4789743572438,0.0,823.4789743572438
1668773867.0729392,0.044108,0.0,-2.1e-05,-1.2e-05,1.0,0.0,823.4789743572438,0.0,823.4789743572438
1668773926.8424408,0.044108,0.0,-2.1e-05,0.0,1.0,0.0,823.4789743572438,0.0,823.4789743572438
1668773987.6151764,0.044055,-5.300000000000443e-05,-5.5e-05,-3.4e-05,1.0,0.0,823.4789743572438,0.0,823.4789743572438
1668774047.9532738,0.044055,0.0,-5.5e-05,0.0,1.0,0.0,823.4789743572438,0.0,823.4789743572438
1668774107.8367608,0.044055,0.0,-5.5e-05,0.0,1.0,0.0,823.4789743572438,0.0,823.4789743572438
1668774168.950515,0.044054,-9.999999999940612e-07,-5.6e-05,-9.999999999999972e-07,1.0,0.0,823.4789743572438,0.0,823.4789743572438
1668774228.7460904,0.044054,0.0,-5.6e-05,0.0,1.0,0.0,823.4789743572438,0.0,823.4789743572438
1668774288.9356334,0.044054,0.0,-5.6e-05,0.0,1.0,0.0,823.4789743572438,0.0,823.4789743572438
1668774349.6301785,0.044054,0.0,-5.6e-05,0.0,1.0,0.0,823.4789743572438,0.0,823.4789743572438
1668774409.911209,0.044054,0.0,-5.6e-05,0.0,1.0,0.0,823.4789743572438,0.0,823.4789743572438
1668774469.8123791,0.044054,0.0,-5.6e-05,0.0,1.0,0.0,823.4789743572438,0.0,823.4789743572438
1668774530.8605072,0.044054,0.0,-5.6e-05,0.0,1.0,0.0,823.4789743572438,0.0,823.4789743572438
1668774590.4731514,0.044058,3.9999999999970615e-06,-5.1e-05,5e-06,0.0,1.0,0.0,18690.79337140233,823.4789743572439
1668774650.4567227,0.044058,0.0,-3.2e-05,1.9e-05,0.0,1.0,0.0,18690.79337140233,823.4789743572439
1668774711.5345569,0.044054,-3.9999999999970615e-06,-5.4e-05,-2.2e-05,1.0,0.0,823.4042111837583,0.0,823.4042111837583
1668774771.186977,0.044094,3.999999999999837e-05,-4.6e-05,7.999999999999998e-06,0.0,1.0,0.0,18673.83796398055,823.4042111837584
1668774831.1830437,0.044094,0.0,-4.6e-05,0.0,0.0,1.0,0.0,18673.83796398055,823.4042111837584
1668774892.186098,0.044094,0.0,-4.6e-05,0.0,0.0,1.0,0.0,18673.83796398055,823.4042111837584
1668774952.5688405,0.044094,0.0,-4.6e-05,0.0,0.0,1.0,0.0,18673.83796398055,823.4042111837584
1668775012.5041478,0.044126,3.199999999999731e-05,1.7e-05,6.3e-05,0.0,1.0,0.0,18673.83796398055,824.0017739986057
1668775073.4210606,0.044062,-6.400000000000156e-05,-4.7e-05,-6.4e-05,1.0,0.0,822.8066483689109,0.0,822.8066483689109
1668775133.192031,0.044062,0.0,-4.7e-05,0.0,1.0,0.0,822.8066483689109,0.0,822.8066483689109
1668775193.24092,0.044062,0.0,-4.7e-05,0.0,1.0,0.0,822.8066483689109,0.0,822.8066483689109
1668775253.99532,0.044062,0.0,-4.7e-05,0.0,1.0,0.0,822.8066483689109,0.0,822.8066483689109
1668775313.916307,0.044062,0.0,-4.7e-05,0.0,1.0,0.0,822.8066483689109,0.0,822.8066483689109
1668775374.3237484,0.04411,4.800000000000637e-05,2e-06,4.9e-05,0.0,1.0,0.0,18653.51730602836,822.806648368911
1668775434.7738085,0.04411,0.0,2e-06,0.0,0.0,1.0,0.0,18653.51730602836,822.806648368911
1668775494.775499,0.04411,0.0,2e-06,0.0,0.0,1.0,0.0,18653.51730602836,822.806648368911
1668775554.8701434,0.04411,0.0,2e-06,0.0,0.0,1.0,0.0,18653.51730602836,822.806648368911
1668775615.8282554,0.04411,0.0,2e-06,0.0,0.0,1.0,0.0,18653.51730602836,822.806648368911
1668775675.707259,0.04411,0.0,2e-06,0.0,0.0,1.0,0.0,18653.51730602836,822.806648368911
1668775735.8936243,0.044081,-2.9000000000001247e-05,-4.2e-05,-4.4e-05,1.0,0.0,822.2656963670362,0.0,822.2656963670362
1668775796.6209412,0.044065,-1.6000000000002124e-05,-5.8e-05,-1.6000000000000003e-05,1.0,0.0,822.2656963670362,0.0,822.2656963670362
1668775856.6541927,0.044065,0.0,-5.8e-05,0.0,1.0,0.0,822.2656963670362,0.0,822.2656963670362
1668775916.6832216,0.044065,0.0,-5.8e-05,0.0,1.0,0.0,822.2656963670362,0.0,822.2656963670362
1668775977.3528552,0.044062,-3.0000000000030003e-06,3e-06,6.1e-05,0.0,1.0,0.0,18661.560899801105,822.2656963670362
1668776037.4265192,0.044054,-7.999999999994123e-06,-5e-06,-8.000000000000001e-06,1.0,0.0,822.1164038798379,0.0,822.1164038798379
1668776097.3948455,0.044054,0.0,0.0,5e-06,0.0,1.0,0.0,18661.560899801105,822.1164038798379
1668776158.6475272,0.044,-5.400000000000543e-05,-5.7e-05,-5.7e-05,1.0,0.0,821.1086795912486,0.0,821.1086795912486
1668776218.6474526,0.044064,6.400000000000156e-05,7e-06,6.4e-05,0.0,1.0,0.0,18634.45623618484,821.1086795912486
1668776278.5506456,0.044064,0.0,1e-05,3.000000000000001e-06,0.0,1.0,0.0,18634.45623618484,821.1086795912488
1668776339.373775,0.044,-6.400000000000156e-05,-5.4e-05,-6.4e-05,1.0,0.0,819.9160743921329,0.0,819.9160743921329
1668776399.3559651,0.044,0.0,-5.4e-05,0.0,1.0,0.0,819.9160743921329,0.0,819.9160743921329
1668776459.3853877,0.044,0.0,-5.4e-05,0.0,1.0,0.0,819.9160743921329,0.0,819.9160743921329
1668776520.014539,0.044,0.0,-5.4e-05,0.0,1.0,0.0,819.9160743921329,0.0,819.9160743921329
1668776580.045141,0.044,0.0,-5.4e-05,0.0,1.0,0.0,819.9160743921329,0.0,819.9160743921329
1668776640.1723387,0.044056,5.6000000000000494e-05,-3.8e-05,1.5999999999999996e-05,0.0,1.0,0.0,18610.769801891525,819.916074392133
1668776701.093216,0.044056,0.0,-3.8e-05,0.0,0.0,1.0,0.0,18610.769801891525,819.916074392133
1668776761.2002354,0.044056,0.0,-3.8e-05,0.0,0.0,1.0,0.0,18610.769801891525,819.916074392133
1668776821.1497023,0.044009,-4.699999999999843e-05,-5.3e-05,-1.5e-05,1.0,0.0,819.0413682114441,0.0,819.0413682114441
1668776882.4672306,0.044009,0.0,-0.000101,-4.8e-05,1.0,0.0,819.0413682114441,0.0,819.0413682114441
1668776942.3108716,0.044009,0.0,-0.000101,0.0,1.0,0.0,819.0413682114441,0.0,819.0413682114441
1668777002.383283,0.044009,0.0,-0.000101,0.0,1.0,0.0,819.0413682114441,0.0,819.0413682114441
1668777062.8285437,0.044009,0.0,-0.000101,0.0,1.0,0.0,819.0413682114441,0.0,819.0413682114441
1668777122.6742742,0.044009,0.0,-0.000101,0.0,1.0,0.0,819.0413682114441,0.0,819.0413682114441
1668777183.5190065,0.044009,0.0,-0.000101,0.0,1.0,0.0,819.0413682114441,0.0,819.0413682114441
1668777244.1876068,0.044009,0.0,-0.000101,0.0,1.0,0.0,819.0413682114441,0.0,819.0413682114441
1668777303.4958084,0.044009,0.0,-0.000101,0.0,1.0,0.0,819.0413682114441,0.0,819.0413682114441
1668777363.7678423,0.044009,0.0,-0.000101,0.0,1.0,0.0,819.0413682114441,0.0,819.0413682114441
1668777424.6795266,0.044009,0.0,-5.6e-05,4.5e-05,0.0,1.0,0.0,18610.769801891525,819.0413682114441
1668777484.6756265,0.044009,0.0,-5.6e-05,0.0,0.0,1.0,0.0,18610.769801891525,819.0413682114441
1668777544.663398,0.044009,0.0,-5.6e-05,0.0,0.0,1.0,0.0,18610.769801891525,819.0413682114441
1668777605.4618862,0.044009,0.0,-5.3e-05,2.9999999999999984e-06,0.0,1.0,0.0,18610.769801891525,819.0413682114441
1668777665.4941444,0.044009,0.0,-5.3e-05,0.0,0.0,1.0,0.0,18610.769801891525,819.0413682114441
1668777725.477944,0.044009,0.0,-4.5e-05,7.999999999999998e-06,0.0,1.0,0.0,18610.769801891525,819.0413682114441
1668777786.255416,0.043992,-1.6999999999996185e-05,-8e-06,3.7000000000000005e-05,0.0,1.0,0.0,18610.769801891525,818.7249851248121
1668777847.2047997,0.043992,0.0,-8e-06,0.0,0.0,1.0,0.0,18610.769801891525,818.7249851248121
1668777906.274397,0.043992,0.0,-7.2e-05,-6.4e-05,1.0,0.0,818.7249851248121,0.0,818.7249851248121
1668777967.3792253,0.043975,-1.7000000000003124e-05,-8.9e-05,-1.6999999999999993e-05,1.0,0.0,818.7249851248121,0.0,818.7249851248121
1668778027.4380317,0.04395,-2.4999999999997247e-05,-0.000114,-2.500000000000001e-05,1.0,0.0,818.7249851248121,0.0,818.7249851248121
1668778087.4476926,0.04395,0.0,-5e-05,6.400000000000001e-05,0.0,1.0,0.0,18628.55483787968,818.7249851248121
1668778148.1417377,0.043948,-2.000000000002e-06,-0.000108,-5.8e-05,1.0,0.0,818.6877280151363,0.0,818.6877280151363
1668778208.211934,0.04395,2.000000000002e-06,-0.000106,1.9999999999999944e-06,0.0,1.0,0.0,18627.707122073632,818.6877280151363
1668778268.387899,0.043951,9.999999999940612e-07,-5.8e-05,4.8e-05,0.0,1.0,0.0,18627.707122073632,818.7063557222582
1668778329.0573337,0.04395,-9.999999999940612e-07,-5.9e-05,-9.999999999999972e-07,1.0,0.0,818.6877280151363,0.0,818.6877280151363
1668778389.036131,0.04393,-2.0000000000006124e-05,-7.9e-05,-2e-05,1.0,0.0,818.6877280151363,0.0,818.6877280151363
1668778448.9774222,0.043891,-3.899999999999737e-05,-0.000118,-3.9e-05,1.0,0.0,818.6877280151363,0.0,818.6877280151363
1668778510.0635393,0.043893,2.000000000002e-06,-9.9e-05,1.9e-05,0.0,1.0,0.0,18651.8972960412,818.6877280151363
1668778570.1469264,0.043949,5.6000000000000494e-05,-4.3e-05,5.599999999999999e-05,0.0,1.0,0.0,18651.8972960412,819.7322342637148
1668778630.02591,0.04395,1.000000000001e-06,-4.2e-05,1.000000000000004e-06,0.0,1.0,0.0,18651.8972960412,819.7508861610107
1668778690.9934945,0.04395,0.0,-4.2e-05,0.0,0.0,1.0,0.0,18651.8972960412,819.7508861610107
1668778751.4983387,0.04395,0.0,-4.2e-05,0.0,0.0,1.0,0.0,18651.8972960412,819.7508861610107
1668778811.629471,0.04395,0.0,-4.2e-05,0.0,0.0,1.0,0.0,18651.8972960412,819.7508861610107
1668778871.9520304,0.043978,2.8000000000000247e-05,-1.4e-05,2.8e-05,0.0,1.0,0.0,18651.8972960412,820.2731392853
1668778932.1146882,0.043978,0.0,-1.4e-05,0.0,0.0,1.0,0.0,18651.8972960412,820.2731392853
1668778992.976222,0.043978,0.0,-1.4e-05,0.0,0.0,1.0,0.0,18651.8972960412,820.2731392853
1668779053.8299372,0.044,2.1999999999994246e-05,5e-05,6.4e-05,0.0,1.0,0.0,18651.8972960412,820.6834810258127
1668779113.7409596,0.043981,-1.8999999999998185e-05,5.1e-05,9.999999999999972e-07,0.0,1.0,0.0,18651.8972960412,820.329094977188
1668779174.1572683,0.04397,-1.0999999999997123e-05,4e-05,-1.0999999999999996e-05,1.0,0.0,820.1239241069316,0.0,820.1239241069316
1668779234.7239218,0.044122,0.0001519999999999,0.000172,0.000132,0.0,1.0,0.0,18587.64163244938,820.1239241069316
1668779294.1850655,0.044171,4.900000000000043e-05,0.000221,4.9e-05,0.0,1.0,0.0,18587.64163244938,821.0347185469216
1668779354.1235523,0.044171,0.0,0.00026,3.899999999999997e-05,0.0,1.0,0.0,18587.64163244938,821.0347185469216
1668779414.6911025,0.044158,-1.2999999999999123e-05,0.000247,-1.299999999999999e-05,1.0,0.0,820.7930792056998,0.0,820.7930792056998
1668779474.055621,0.04422,6.199999999999956e-05,0.00033,8.300000000000001e-05,0.0,1.0,0.0,18561.58026245364,820.7930792056998
1668779534.090274,0.044214,-5.999999999999062e-06,0.000321,-9.000000000000002e-06,1.0,0.0,820.6817097241252,0.0,820.6817097241252
1668779594.867435,0.04419,-2.4000000000003185e-05,0.00024,-8.099999999999999e-05,1.0,0.0,820.6817097241252,0.0,820.6817097241252
1668779654.0985863,0.044197,7.000000000000062e-06,0.000219,-2.0999999999999995e-05,1.0,0.0,820.6817097241252,0.0,820.6817097241252
1668779713.6927917,0.04418,-1.7000000000003124e-05,0.000202,-1.7000000000000007e-05,1.0,0.0,820.6817097241252,0.0,820.6817097241252
1668779774.2088194,0.044176,-3.9999999999970615e-06,0.000176,-2.600000000000001e-05,1.0,0.0,820.6817097241252,0.0,820.6817097241252
1668779833.6830504,0.04419,1.4000000000000123e-05,0.00022,4.400000000000001e-05,0.0,1.0,0.0,18571.661229330737,820.6817097241253
1668779893.612743,0.04419,0.0,0.00022,0.0,0.0,1.0,0.0,18571.661229330737,820.6817097241253
1668779953.7198448,0.04419,0.0,0.00022,0.0,0.0,1.0,0.0,18571.661229330737,820.6817097241253
1668780013.6921718,0.044197,7.000000000000062e-06,7.5e-05,-0.000145,1.0,0.0,820.8117113527306,0.0,820.8117113527306
1668780073.4631517,0.044197,0.0,7.5e-05,0.0,1.0,0.0,820.8117113527306,0.0,820.8117113527306
1668780133.7091277,0.044197,0.0,7.5e-05,0.0,1.0,0.0,820.8117113527306,0.0,820.8117113527306
1668780193.6010032,0.044197,0.0,-2.5e-05,-0.0001,1.0,0.0,820.8117113527306,0.0,820.8117113527306
1668780254.3901944,0.044197,0.0,5.6e-05,8.1e-05,0.0,1.0,0.0,18571.661229330737,820.8117113527306
1668780313.71432,0.044197,0.0,5.6e-05,0.0,0.0,1.0,0.0,18571.661229330737,820.8117113527306
1668780373.6742976,0.044122,-7.499999999999868e-05,-3.6e-05,-9.2e-05,1.0,0.0,819.4188367605308,0.0,819.4188367605308
1668780433.7381208,0.044144,2.2000000000001185e-05,-7.6e-05,-4e-05,1.0,0.0,819.4188367605308,0.0,819.4188367605308
1668780493.8434305,0.044148,3.9999999999970615e-06,-7.2e-05,4.000000000000002e-06,0.0,1.0,0.0,18560.7238552263,819.4188367605307
1668780553.7631085,0.044148,0.0,-7.2e-05,0.0,0.0,1.0,0.0,18560.7238552263,819.4188367605307
1668780613.8041716,0.044148,0.0,-7.2e-05,0.0,0.0,1.0,0.0,18560.7238552263,819.4188367605307
1668780673.937337,0.044148,0.0,-7.3e-05,-9.999999999999972e-07,1.0,0.0,819.4188367605307,0.0,819.4188367605307
1668780734.5770292,0.044192,4.400000000000237e-05,2e-06,7.5e-05,0.0,1.0,0.0,18542.2437717354,819.4188367605307
1668780793.7625334,0.044192,0.0,2e-06,0.0,0.0,1.0,0.0,18542.2437717354,819.4188367605309
1668780853.857375,0.044192,0.0,1.2e-05,1e-05,0.0,1.0,0.0,18542.2437717354,819.4188367605309
1668780913.8116438,0.044197,4.9999999999980616e-06,-0.000102,-0.000114,1.0,0.0,819.5115479793895,0.0,819.5115479793895
1668780973.6580503,0.044192,-4.9999999999980616e-06,2e-06,0.000104,0.0,1.0,0.0,18544.34169033738,819.5115479793895
1668781033.640983,0.044185,-7.000000000000062e-06,-5e-06,-7.000000000000001e-06,1.0,0.0,819.3817375875572,0.0,819.3817375875572
1668781093.6311495,0.044149,-3.600000000000131e-05,-4.8e-05,-4.3e-05,1.0,0.0,819.3817375875572,0.0,819.3817375875572
1668781153.6944437,0.044148,-1.000000000001e-06,-4.9e-05,-9.999999999999972e-07,1.0,0.0,819.3817375875572,0.0,819.3817375875572
1668781214.4400082,0.044148,0.0,-4.9e-05,0.0,1.0,0.0,819.3817375875572,0.0,819.3817375875572
1668781273.6665766,0.044099,-4.900000000000043e-05,-9.8e-05,-4.9e-05,1.0,0.0,819.3817375875572,0.0,819.3817375875572
1668781333.7244074,0.044119,1.9999999999999185e-05,2e-05,0.000118,0.0,1.0,0.0,18572.08317476727,819.3817375875572
1668781393.79522,0.044116,-2.9999999999960614e-06,1.7e-05,-3.0000000000000018e-06,1.0,0.0,819.326021338033,0.0,819.326021338033
1668781453.7530012,0.044116,0.0,-3.2e-05,-4.9e-05,1.0,0.0,819.326021338033,0.0,819.326021338033
1668781513.6940908,0.044116,0.0,-3.2e-05,0.0,1.0,0.0,819.326021338033,0.0,819.326021338033
1668781573.808806,0.044116,0.0,-3.2e-05,0.0,1.0,0.0,819.326021338033,0.0,819.326021338033
1668781633.615745,0.0441,-1.6000000000002124e-05,-4.8e-05,-1.6000000000000003e-05,1.0,0.0,819.326021338033,0.0,819.326021338033
1668781694.0333743,0.044112,1.1999999999998123e-05,-8e-05,-3.2000000000000005e-05,1.0,0.0,819.326021338033,0.0,819.326021338033
1668781753.6910272,0.044112,0.0,-8e-05,0.0,1.0,0.0,819.326021338033,0.0,819.326021338033
1668781813.7922585,0.044099,-1.2999999999999123e-05,-9.3e-05,-1.299999999999999e-05,1.0,0.0,819.326021338033,0.0,819.326021338033
1668781873.683011,0.044078,-2.1000000000000185e-05,-0.000119,-2.600000000000001e-05,1.0,0.0,819.326021338033,0.0,819.326021338033
1668781933.5981658,0.044372,0.000294,0.000224,0.000343,0.0,1.0,0.0,18464.933321419656,819.326021338033
1668781993.710189,0.0444,2.8000000000000247e-05,0.000252,2.8000000000000003e-05,0.0,1.0,0.0,18464.933321419656,819.8430394710327
1668782053.7689364,0.044469,6.899999999999962e-05,0.00033,7.8e-05,0.0,1.0,0.0,18464.933321419656,821.1171198702107
1668782113.653776,0.044475,5.999999999999062e-06,0.000376,4.599999999999998e-05,0.0,1.0,0.0,18464.933321419656,821.2279094701393
1668782173.7757573,0.044451,-2.4000000000003185e-05,0.000335,-4.0999999999999967e-05,1.0,0.0,820.784751070425,0.0,820.784751070425
1668782233.7252483,0.044423,-2.8000000000000247e-05,0.000323,-1.200000000000002e-05,1.0,0.0,820.784751070425,0.0,820.784751070425
1668782293.7319152,0.0445,7.700000000000068e-05,0.0004,7.700000000000003e-05,0.0,1.0,0.0,18444.601147650003,820.784751070425
1668782354.0457826,0.044432,-6.799999999999862e-05,0.000383,-1.7000000000000034e-05,1.0,0.0,819.5305181923849,0.0,819.5305181923849
1668782413.8780243,0.0445,6.799999999999862e-05,0.000422,3.9000000000000026e-05,0.0,1.0,0.0,18416.41613915472,819.5305181923849
1668782474.0705166,0.044583,8.299999999999974e-05,0.000505,8.300000000000001e-05,0.0,1.0,0.0,18416.41613915472,821.0590807319348
1668782533.976855,0.044562,-2.1000000000000185e-05,0.000193,-0.000312,1.0,0.0,820.6723359930126,0.0,820.6723359930126
1668782594.036837,0.044625,6.300000000000056e-05,0.000165,-2.8000000000000003e-05,1.0,0.0,820.6723359930126,0.0,820.6723359930126
1668782654.0330772,0.044608,-1.6999999999996185e-05,0.000148,-1.7000000000000007e-05,1.0,0.0,820.6723359930126,0.0,820.6723359930126
1668782713.9171584,0.044608,0.0,0.000148,0.0,1.0,0.0,820.6723359930126,0.0,820.6723359930126
1668782773.686386,0.044608,0.0,0.000148,0.0,1.0,0.0,820.6723359930126,0.0,820.6723359930126
1668782833.6454043,0.044575,-3.300000000000525e-05,0.00016,1.200000000000002e-05,0.0,1.0,0.0,18411.045114818007,820.6723359930127
1668782893.9255834,0.044591,1.6000000000002124e-05,0.000176,1.5999999999999982e-05,0.0,1.0,0.0,18411.045114818007,820.9669127148497
1668782953.8557289,0.044598,7.000000000000062e-06,0.000183,7.000000000000008e-06,0.0,1.0,0.0,18411.045114818007,821.0957900306535
1668783013.6187966,0.044595,-2.9999999999960614e-06,0.000169,-1.4000000000000017e-05,1.0,0.0,821.0405568953091,0.0,821.0405568953091
1668783073.7263992,0.044658,6.300000000000056e-05,0.000158,-1.0999999999999996e-05,1.0,0.0,821.0405568953091,0.0,821.0405568953091
1668783133.9873035,0.04465,-8.000000000001062e-06,4.5e-05,-0.0001129999999999,1.0,0.0,821.0405568953091,0.0,821.0405568953091
1668783193.82645,0.044607,-4.300000000000137e-05,0.000118,7.299999999999999e-05,0.0,1.0,0.0,18406.092247748315,821.0405568953091
1668783253.45226,0.044595,-1.1999999999998123e-05,-2.2e-05,-0.00014,1.0,0.0,820.8196837883362,0.0,820.8196837883362
1668783313.3374374,0.044519,-7.599999999999968e-05,-9.8e-05,-7.6e-05,1.0,0.0,820.8196837883362,0.0,820.8196837883362
1668783373.2227883,0.044504,-1.5000000000001124e-05,-0.000104,-5.999999999999997e-06,1.0,0.0,820.8196837883362,0.0,820.8196837883362
1668783433.575006,0.0445,-4.000000000004e-06,-9.1e-05,1.299999999999999e-05,0.0,1.0,0.0,18445.38615254688,820.8196837883362
1668783493.2774973,0.044506,5.999999999999062e-06,-8.5e-05,5.999999999999997e-06,0.0,1.0,0.0,18445.38615254688,820.9303561052513
1668783553.2781525,0.0445,-5.999999999999062e-06,-9.1e-05,-5.999999999999997e-06,1.0,0.0,820.8196837883361,0.0,820.8196837883361
1668783613.3239112,0.0445,0.0,-9.1e-05,0.0,1.0,0.0,820.8196837883361,0.0,820.8196837883361
1668783674.0785964,0.044582,8.199999999999874e-05,-1.3e-05,7.8e-05,0.0,1.0,0.0,18411.459418337807,820.8196837883361
1668783733.3260047,0.044675,9.30000000000028e-05,8e-05,9.3e-05,0.0,1.0,0.0,18411.459418337807,822.5319495142415
1668783793.2877772,0.044768,9.30000000000028e-05,0.000167,8.699999999999999e-05,0.0,1.0,0.0,18411.459418337807,824.244215240147
1668783853.2614455,0.044818,4.999999999999449e-05,0.00021,4.3000000000000015e-05,0.0,1.0,0.0,18411.459418337807,825.1647882110638
1668783913.2427154,0.044809,-8.999999999995123e-06,0.000202,-8.000000000000005e-06,1.0,0.0,824.9990850762988,0.0,824.9990850762988
1668783973.5188076,0.044809,0.0,0.000202,0.0,1.0,0.0,824.9990850762988,0.0,824.9990850762988
1668784033.4613855,0.044767,-4.200000000000037e-05,0.000263,6.099999999999999e-05,0.0,1.0,0.0,18428.732885301644,824.9990850762987
1668784093.4997416,0.0448,3.299999999999831e-05,0.000296,3.299999999999999e-05,0.0,1.0,0.0,18428.732885301644,825.6072332615137
1668784154.4428816,0.044816,1.6000000000002124e-05,0.000325,2.9e-05,0.0,1.0,0.0,18428.732885301644,825.9020929876785
1668784213.6087277,0.044802,-1.4000000000000123e-05,0.000311,-1.399999999999996e-05,1.0,0.0,825.6440907272843,0.0,825.6440907272843
1668784273.3849778,0.0448,-2.000000000002e-06,0.000129,-0.000182,1.0,0.0,825.6440907272843,0.0,825.6440907272843
1668784333.3839805,0.0448,0.0,0.000129,0.0,1.0,0.0,825.6440907272843,0.0,825.6440907272843
1668784393.4260852,0.044744,-5.6000000000000494e-05,-4.9e-05,-0.000178,1.0,0.0,825.6440907272843,0.0,825.6440907272843
1668784454.110567,0.044744,0.0,-4.9e-05,0.0,1.0,0.0,825.6440907272843,0.0,825.6440907272843
1668784513.707665,0.044744,0.0,-4.9e-05,0.0,1.0,0.0,825.6440907272843,0.0,825.6440907272843
1668784573.523064,0.044746,2.000000000002e-06,-1.5e-05,3.4e-05,0.0,1.0,0.0,18451.79660142324,825.6440907272844
1668784634.483009,0.044796,5.000000000000143e-05,3.5e-05,5e-05,0.0,1.0,0.0,18451.79660142324,826.5666805573555
1668784693.4563456,0.044618,-0.000178,-0.000148,-0.000183,1.0,0.0,823.2822607623021,0.0,823.2822607623021
1668784753.63072,0.044647,2.9000000000001247e-05,-0.00012,2.799999999999999e-05,0.0,1.0,0.0,18439.811426575183,823.2822607623021
1668784813.33391,0.0446,-4.699999999999843e-05,-0.000161,-4.100000000000001e-05,1.0,0.0,822.4155896252531,0.0,822.4155896252531
1668784873.4334486,0.0446,0.0,-0.000161,0.0,1.0,0.0,822.4155896252531,0.0,822.4155896252531
1668784933.34102,0.04468,7.999999999999674e-05,-0.000122,3.900000000000001e-05,0.0,1.0,0.0,18406.79475437004,822.4155896252531
1668784993.4824934,0.04468,0.0,-0.000122,0.0,0.0,1.0,0.0,18406.79475437004,822.4155896252533
1668785053.4194567,0.04468,0.0,-0.000122,0.0,0.0,1.0,0.0,18406.79475437004,822.4155896252533
1668785114.3962872,0.04465,-2.9999999999995308e-05,-0.000149,-2.6999999999999992e-05,1.0,0.0,821.8633857826223,0.0,821.8633857826223
1668785173.4322307,0.044575,-7.500000000000562e-05,-0.000169,-2e-05,1.0,0.0,821.8633857826223,0.0,821.8633857826223
1668785233.4029698,0.044673,9.800000000000086e-05,-7.1e-05,9.799999999999998e-05,0.0,1.0,0.0,18397.317972435754,821.8633857826223
1668785293.424059,0.04468,7.000000000000062e-06,-6.4e-05,7.000000000000008e-06,0.0,1.0,0.0,18397.317972435754,821.9921670084294
1668785353.4711456,0.044728,4.799999999999943e-05,-6.8e-05,-4.000000000000002e-06,1.0,0.0,822.8752382711064,0.0,822.8752382711064
1668785413.5065105,0.04468,-4.799999999999943e-05,6.2e-05,0.00013,0.0,1.0,0.0,18417.082324778567,822.8752382711064
1668785473.54684,0.04468,0.0,6.2e-05,0.0,0.0,1.0,0.0,18417.082324778567,822.8752382711064
1668785533.5086222,0.04455,-0.0001299999999999,-9.7e-05,-0.000159,1.0,0.0,820.4810175688851,0.0,820.4810175688851
1668785594.354496,0.044543,-7.000000000000062e-06,-5.7e-05,4e-05,0.0,1.0,0.0,18419.97659719564,820.481017568885
1668785653.4065735,0.04455,7.000000000000062e-06,-0.00013,-7.299999999999999e-05,1.0,0.0,820.6099574050656,0.0,820.6099574050656
1668785713.3919947,0.044543,-7.000000000000062e-06,-6e-05,7e-05,0.0,1.0,0.0,18422.871324452004,820.6099574050656
1668785773.4267256,0.044536,-7.000000000000062e-06,-0.000144,-8.400000000000001e-05,1.0,0.0,820.4809973057944,0.0,820.4809973057944
1668785833.504454,0.044535,-1.000000000001e-06,-0.000145,-9.999999999999972e-07,1.0,0.0,820.4809973057944,0.0,820.4809973057944
1668785893.4714148,0.044535,0.0,-0.000145,0.0,1.0,0.0,820.4809973057944,0.0,820.4809973057944
1668785953.6246386,0.044534,-1.000000000001e-06,-0.000146,-9.999999999999972e-07,1.0,0.0,820.4809973057944,0.0,820.4809973057944
1668786013.6510754,0.044602,6.800000000000556e-05,-0.000127,1.9e-05,0.0,1.0,0.0,18395.61000192356,820.4809973057944
1668786074.5592248,0.044591,-1.1000000000004062e-05,-8.7e-05,4e-05,0.0,1.0,0.0,18395.61000192356,820.2786455957732
1668786133.4260082,0.044535,-5.6000000000000494e-05,0.0,8.7e-05,0.0,1.0,0.0,18395.61000192356,819.2484914356658
1668786193.7129502,0.044436,-9.899999999999493e-05,-0.000107,-0.000107,1.0,0.0,817.4273260454754,0.0,817.4273260454754
1668786253.429257,0.044462,2.5999999999998247e-05,-8.8e-05,1.9e-05,0.0,1.0,0.0,18384.852819159627,817.4273260454754
1668786313.5281188,0.044462,0.0,-8.8e-05,0.0,0.0,1.0,0.0,18384.852819159627,817.4273260454754
1668786373.277722,0.044459,-3.0000000000030003e-06,-8.4e-05,4.000000000000002e-06,0.0,1.0,0.0,18384.852819159627,817.3721714870178
1668786433.705586,0.044536,7.700000000000068e-05,1e-06,8.499999999999999e-05,0.0,1.0,0.0,18384.852819159627,818.7878051540931
1668786493.5852287,0.04447,-6.599999999999662e-05,-6.5e-05,-6.599999999999999e-05,1.0,0.0,817.5744048680286,0.0,817.5744048680286
1668786554.161531,0.044479,8.999999999995123e-06,-5.5e-05,9.999999999999992e-06,0.0,1.0,0.0,18381.13277879513,817.5744048680285
1668786613.8165553,0.044479,0.0,-5.5e-05,0.0,0.0,1.0,0.0,18381.13277879513,817.5744048680285
1668786673.3741486,0.044479,0.0,-5.5e-05,0.0,0.0,1.0,0.0,18381.13277879513,817.5744048680285
1668786733.4792635,0.044479,0.0,-5.5e-05,0.0,0.0,1.0,0.0,18381.13277879513,817.5744048680285
1668786793.5186086,0.044479,0.0,-0.000123,-6.8e-05,1.0,0.0,817.5744048680285,0.0,817.5744048680285
1668786853.5467238,0.044397,-8.199999999999874e-05,-0.000194,-7.099999999999999e-05,1.0,0.0,817.5744048680285,0.0,817.5744048680285
1668786913.4278748,0.044379,-1.7999999999997185e-05,-0.000156,3.8e-05,0.0,1.0,0.0,18422.55131634396,817.5744048680285
1668786973.417369,0.044379,0.0,-0.000156,0.0,0.0,1.0,0.0,18422.55131634396,817.5744048680286
1668787033.4824746,0.044547,0.000168,9.5e-05,0.000251,0.0,1.0,0.0,18422.55131634396,820.6693934891745
1668787093.4740252,0.044533,-1.4000000000000123e-05,4.4e-05,-5.1000000000000006e-05,1.0,0.0,820.4114777707457,0.0,820.4114777707457
1668787154.0391183,0.044533,0.0,1.9e-05,-2.5e-05,1.0,0.0,820.4114777707457,0.0,820.4114777707457
1668787213.4931269,0.044496,-3.700000000000231e-05,-1.8e-05,-3.7000000000000005e-05,1.0,0.0,820.4114777707457,0.0,820.4114777707457
1668787273.4815466,0.044527,3.099999999999631e-05,5e-05,6.8e-05,0.0,1.0,0.0,18425.0337496518,820.4114777707457
1668787333.5609865,0.044449,-7.799999999999474e-05,-2.8e-05,-7.8e-05,1.0,0.0,818.9743251382729,0.0,818.9743251382729
1668787393.3958993,0.04459,0.0001409999999999,0.000111,0.000139,0.0,1.0,0.0,18366.771140127224,818.9743251382729
1668787453.3558407,0.044595,5.000000000005e-06,0.000112,9.999999999999972e-07,0.0,1.0,0.0,18366.771140127224,819.0661589939737
1668787513.541689,0.044603,7.999999999994123e-06,0.00012,8.000000000000005e-06,0.0,1.0,0.0,18366.771140127224,819.2130931630945
1668787573.8534942,0.044504,-9.899999999999493e-05,0.000125,5e-06,0.0,1.0,0.0,18366.771140127224,817.3947828202221
1668787633.5739589,0.044418,-8.600000000000274e-05,-0.000129,-0.000254,1.0,0.0,815.815240502171,0.0,815.815240502171
1668787693.499678,0.044423,4.9999999999980616e-06,-0.00011,1.8999999999999987e-05,0.0,1.0,0.0,18364.703880921395,815.8152405021712
1668787753.5919473,0.044463,4.000000000000531e-05,-7e-05,4.000000000000001e-05,0.0,1.0,0.0,18364.703880921395,816.549828657408
1668787813.8052638,0.0445,3.699999999999537e-05,-3.3e-05,3.699999999999999e-05,0.0,1.0,0.0,18364.703880921395,817.229322701002
1668787873.6299636,0.044467,-3.299999999999831e-05,-2.7e-05,6.000000000000004e-06,0.0,1.0,0.0,18364.703880921395,816.6232874729317
1668787933.7199385,0.044453,-1.4000000000000123e-05,-7.3e-05,-4.6e-05,1.0,0.0,816.3661816185988,0.0,816.3661816185988
1668787993.6687477,0.044394,-5.899999999999656e-05,-5.5e-05,1.7999999999999997e-05,0.0,1.0,0.0,18389.110727093725,816.3661816185988
1668788054.0761871,0.044484,8.99999999999998e-05,-0.000106,-5.1e-05,1.0,0.0,818.0212015840373,0.0,818.0212015840373
1668788113.5645816,0.044516,3.199999999999731e-05,-8.7e-05,1.9e-05,0.0,1.0,0.0,18375.89184976272,818.0212015840373
1668788173.999018,0.044486,-3.0000000000002247e-05,-8.7e-05,0.0,0.0,1.0,0.0,18375.89184976272,817.4699248285443
1668788233.6668298,0.044435,-5.099999999999549e-05,0.0,8.7e-05,0.0,1.0,0.0,18375.89184976272,816.5327543442065
1668788293.691627,0.044416,-1.9000000000005124e-05,-1.9e-05,-1.9e-05,1.0,0.0,816.183612399061,0.0,816.183612399061
1668788353.7091806,0.044416,0.0,-1.9e-05,0.0,1.0,0.0,816.183612399061,0.0,816.183612399061
1668788413.997494,0.044343,-7.299999999999668e-05,-6.6e-05,-4.7e-05,1.0,0.0,816.183612399061,0.0,816.183612399061
1668788473.663666,0.0443,-4.300000000000137e-05,-0.000163,-9.7e-05,1.0,0.0,816.183612399061,0.0,816.183612399061
1668788533.9212582,0.0443,0.0,-0.000163,0.0,1.0,0.0,816.183612399061,0.0,816.183612399061
1668788593.619718,0.0443,0.0,-0.000163,0.0,1.0,0.0,816.183612399061,0.0,816.183612399061
1668788653.7041044,0.044347,4.699999999999843e-05,4.1e-05,0.000204,0.0,1.0,0.0,18404.483108193588,816.183612399061
1668788713.6210022,0.044416,6.899999999999962e-05,-5.1e-05,-9.2e-05,1.0,0.0,817.4535217335264,0.0,817.4535217335264
1668788773.5343485,0.044495,7.900000000000268e-05,2.7e-05,7.8e-05,0.0,1.0,0.0,18371.806309327483,817.4535217335264
1668788833.927777,0.044501,5.999999999999062e-06,3.3e-05,6.000000000000004e-06,0.0,1.0,0.0,18371.806309327483,817.5637525713823
1668788893.5248342,0.044509,8.000000000001062e-06,5.1e-05,1.7999999999999997e-05,0.0,1.0,0.0,18371.806309327483,817.710727021857
1668788953.3790195,0.044501,-8.000000000001062e-06,-1.5e-05,-6.6e-05,1.0,0.0,817.5637525713823,0.0,817.5637525713823
1668789013.7903628,0.044522,2.1000000000000185e-05,6e-06,2.1e-05,0.0,1.0,0.0,18363.14075224344,817.5637525713823
1668789073.5436747,0.04465,0.000128,0.000234,0.0002279999999999,0.0,1.0,0.0,18363.14075224344,819.9142345876695
1668789133.466285,0.044665,1.5000000000001124e-05,0.000249,1.4999999999999983e-05,0.0,1.0,0.0,18363.14075224344,820.1896816989532
1668789193.547338,0.044616,-4.900000000000043e-05,0.000316,6.7e-05,0.0,1.0,0.0,18363.14075224344,819.2898878020933
1668789253.6199274,0.044578,-3.800000000000331e-05,0.000278,-3.8e-05,1.0,0.0,818.592088453508,0.0,818.592088453508
1668789313.610522,0.044578,0.0,0.000278,0.0,1.0,0.0,818.592088453508,0.0,818.592088453508
1668789373.949794,0.04461,3.199999999999731e-05,0.000263,-1.4999999999999983e-05,1.0,0.0,818.592088453508,0.0,818.592088453508
1668789433.4481812,0.044578,-3.199999999999731e-05,0.000231,-3.199999999999999e-05,1.0,0.0,818.592088453508,0.0,818.592088453508
1668789493.4787123,0.044701,0.0001229999999999,0.000285,5.3999999999999984e-05,0.0,1.0,0.0,18312.612434923336,818.592088453508
1668789554.6432998,0.044701,0.0,0.000192,-9.299999999999998e-05,1.0,0.0,818.592088453508,0.0,818.592088453508
1668789614.2465656,0.044701,0.0,0.00022,2.8000000000000003e-05,0.0,1.0,0.0,18312.612434923336,818.592088453508
1668789674.3690743,0.044748,4.700000000000537e-05,0.000267,4.699999999999998e-05,0.0,1.0,0.0,18312.612434923336,819.4527812379495
1668789735.1553288,0.044748,0.0,0.000226,-4.1e-05,1.0,0.0,819.4527812379495,0.0,819.4527812379495
1668789795.0541146,0.044729,-1.9000000000005124e-05,0.000207,-1.9e-05,1.0,0.0,819.4527812379495,0.0,819.4527812379495
1668789855.2563996,0.044729,0.0,0.000207,0.0,1.0,0.0,819.4527812379495,0.0,819.4527812379495
1668789916.2912483,0.044729,0.0,9.7e-05,-0.0001099999999999,1.0,0.0,819.4527812379495,0.0,819.4527812379495
1668789976.351646,0.044682,-4.699999999999843e-05,1.2e-05,-8.5e-05,1.0,0.0,819.4527812379495,0.0,819.4527812379495
1668790036.2957745,0.04469,8.000000000001062e-06,7.4e-05,6.199999999999999e-05,0.0,1.0,0.0,18336.37908341797,819.4527812379495
1668790097.315489,0.04469,0.0,7.4e-05,0.0,0.0,1.0,0.0,18336.37908341797,819.4527812379492
1668790156.9513607,0.04469,0.0,0.000112,3.8e-05,0.0,1.0,0.0,18336.37908341797,819.4527812379491
1668790217.3155098,0.044658,-3.199999999999731e-05,8e-05,-3.199999999999999e-05,1.0,0.0,818.8660171072798,0.0,818.8660171072798
1668790277.9296622,0.0447,4.199999999999343e-05,-1e-06,-8.1e-05,1.0,0.0,818.8660171072798,0.0,818.8660171072798
1668790337.7921743,0.0448,0.0001,9.9e-05,0.0001,0.0,1.0,0.0,18278.259310430352,818.8660171072797
1668790397.8654816,0.044796,-3.9999999999970615e-06,9.5e-05,-3.999999999999989e-06,1.0,0.0,818.7929040700382,0.0,818.7929040700382
1668790459.1316204,0.0449,0.0001039999999999,0.000199,0.000104,0.0,1.0,0.0,18235.922139644503,818.7929040700382
1668790519.0575478,0.04486,-4.000000000000531e-05,0.000112,-8.700000000000001e-05,1.0,0.0,818.0634671844523,0.0,818.0634671844523
1668790579.1453917,0.044748,-0.0001119999999999,1.6e-05,-9.6e-05,1.0,0.0,818.0634671844523,0.0,818.0634671844523
1668790639.9979172,0.044758,9.999999999996125e-06,6.8e-05,5.2e-05,0.0,1.0,0.0,18277.48038751625,818.0634671844523
1668790700.0551617,0.044758,0.0,6.8e-05,0.0,0.0,1.0,0.0,18277.48038751625,818.0634671844523
1668790760.0977323,0.044829,7.100000000000162e-05,0.000139,7.099999999999999e-05,0.0,1.0,0.0,18277.48038751625,819.361168291966
1668790820.771768,0.044748,-8.099999999999774e-05,5.8e-05,-8.099999999999999e-05,1.0,0.0,817.8806923805772,0.0,817.8806923805772
1668790881.1122785,0.044725,-2.3000000000002185e-05,3.5e-05,-2.3000000000000003e-05,1.0,0.0,817.8806923805772,0.0,817.8806923805772
1668790940.9187684,0.044641,-8.400000000000074e-05,-4.9e-05,-8.4e-05,1.0,0.0,817.8806923805772,0.0,817.8806923805772
1668791001.6376865,0.044802,0.000161,0.000144,0.000193,0.0,1.0,0.0,18255.450479455765,817.8806923805772
1668791062.482278,0.044821,1.8999999999998185e-05,2e-05,-0.000124,1.0,0.0,818.2275459396868,0.0,818.2275459396868
1668791121.6143234,0.044821,0.0,2e-05,0.0,1.0,0.0,818.2275459396868,0.0,818.2275459396868
1668791183.7921994,0.044821,0.0,4e-06,-1.6000000000000003e-05,1.0,0.0,818.2275459396868,0.0,818.2275459396868
1668791242.6581285,0.044905,8.400000000000074e-05,5e-06,1.0000000000000006e-06,0.0,1.0,0.0,18221.301546368708,818.2275459396868
1668791302.6151352,0.044905,0.0,7.6e-05,7.1e-05,0.0,1.0,0.0,18221.301546368708,818.2275459396868
1668791363.3835144,0.04499,8.500000000000174e-05,0.00025,0.000174,0.0,1.0,0.0,18221.301546368708,819.7763565711282
1668791423.388588,0.045167,0.0001769999999999,0.000435,0.000185,0.0,1.0,0.0,18221.301546368708,823.0015269448354
1668791483.2551882,0.045157,-9.999999999996125e-06,0.000399,-3.600000000000001e-05,1.0,0.0,822.8193139293718,0.0,822.8193139293718
1668791544.0871084,0.045107,-5.000000000000143e-05,0.000511,0.0001119999999999,0.0,1.0,0.0,18241.499410942244,822.8193139293718
1668791604.143494,0.04511,2.9999999999960614e-06,0.000469,-4.199999999999994e-05,1.0,0.0,822.8740384276045,0.0,822.8740384276045
1668791664.1229312,0.04502,-8.99999999999998e-05,0.000379,-9.000000000000002e-05,1.0,0.0,822.8740384276045,0.0,822.8740384276045
1668791725.6077108,0.04502,0.0,0.000379,0.0,1.0,0.0,822.8740384276045,0.0,822.8740384276045
1668791785.15441,0.045158,0.0001379999999999,0.000356,-2.3000000000000017e-05,1.0,0.0,822.8740384276045,0.0,822.8740384276045
1668791845.1183774,0.045158,0.0,0.000337,-1.899999999999997e-05,1.0,0.0,822.8740384276045,0.0,822.8740384276045
1668791905.8943708,0.045099,-5.899999999999656e-05,0.000194,-0.000143,1.0,0.0,822.8740384276045,0.0,822.8740384276045
1668791965.8613815,0.045087,-1.1999999999998123e-05,0.000182,-1.1999999999999994e-05,1.0,0.0,822.8740384276045,0.0,822.8740384276045
1668792025.9217722,0.04509,2.9999999999960614e-06,-0.000167,-0.000349,1.0,0.0,822.8740384276045,0.0,822.8740384276045
1668792086.6037972,0.045081,-8.999999999995123e-06,-0.000106,6.099999999999999e-05,0.0,1.0,0.0,18253.233921776457,822.8740384276045
1668792146.564254,0.045066,-1.5000000000001124e-05,-0.000121,-1.5e-05,1.0,0.0,822.6002399187778,0.0,822.6002399187778
1668792206.6539683,0.045008,-5.8000000000002494e-05,-0.000102,1.9e-05,0.0,1.0,0.0,18276.75613043853,822.6002399187777
1668792268.182771,0.045069,6.099999999999856e-05,4.9e-05,0.0001509999999999,0.0,1.0,0.0,18276.75613043853,823.7151220427343
1668792328.087521,0.045081,1.2000000000005062e-05,-7.7e-05,-0.000126,1.0,0.0,823.9344431162995,0.0,823.9344431162995
1668792388.1428711,0.045104,2.2999999999995246e-05,-5.4e-05,2.3000000000000003e-05,0.0,1.0,0.0,18267.43621666148,823.9344431162995
1668792448.914881,0.045022,-8.199999999999874e-05,-0.000136,-8.2e-05,1.0,0.0,822.4365133465332,0.0,822.4365133465332
1668792508.841373,0.045002,-1.9999999999999185e-05,-0.000156,-2e-05,1.0,0.0,822.4365133465332,0.0,822.4365133465332
1668792569.0309412,0.045002,0.0,-0.000156,0.0,1.0,0.0,822.4365133465332,0.0,822.4365133465332
1668792629.7315917,0.045074,7.200000000000262e-05,-1.5e-05,0.0001409999999999,0.0,1.0,0.0,18246.36183490556,822.4365133465332
1668792689.6192014,0.045013,-6.100000000000549e-05,-7.7e-05,-6.2e-05,1.0,0.0,821.323485274604,0.0,821.323485274604
1668792749.6561654,0.045072,5.900000000000349e-05,-1.8e-05,5.9e-05,0.0,1.0,0.0,18222.477042833776,821.323485274604
1668792810.4330862,0.045072,0.0,-1.8e-05,0.0,0.0,1.0,0.0,18222.477042833776,821.323485274604
1668792870.5040882,0.045072,0.0,-9e-06,9e-06,0.0,1.0,0.0,18222.477042833776,821.323485274604
1668792930.5537162,0.045072,0.0,-9e-06,0.0,0.0,1.0,0.0,18222.477042833776,821.323485274604
1668792991.6537268,0.044999,-7.300000000000362e-05,-9e-06,0.0,0.0,1.0,0.0,18222.477042833776,819.993244450477
1668793051.6382384,0.044994,-4.9999999999980616e-06,-1.4e-05,-5e-06,1.0,0.0,819.9021320652629,0.0,819.9021320652629
1668793111.4873142,0.045081,8.700000000000374e-05,0.0,1.4e-05,0.0,1.0,0.0,18187.310220830568,819.9021320652629
1668793172.130949,0.045139,5.799999999999556e-05,5.8e-05,5.8e-05,0.0,1.0,0.0,18187.310220830568,820.956996058071
1668793232.1740298,0.045189,5.000000000000143e-05,0.000108,5e-05,0.0,1.0,0.0,18187.310220830568,821.8663615691125
1668793292.7113364,0.045189,0.0,0.000108,0.0,0.0,1.0,0.0,18187.310220830568,821.8663615691125
1668793352.9516711,0.04511,-7.900000000000268e-05,0.000199,9.100000000000002e-05,0.0,1.0,0.0,18187.310220830568,820.4295640616668
1668793412.952098,0.045017,-9.299999999999586e-05,0.000106,-9.3e-05,1.0,0.0,818.7381442111297,0.0,818.7381442111297
1668793472.9745324,0.04504,2.2999999999995246e-05,3.8e-05,-6.8e-05,1.0,0.0,818.7381442111297,0.0,818.7381442111297
1668793534.0293934,0.045031,-8.999999999995123e-06,2.9e-05,-9.000000000000002e-06,1.0,0.0,818.7381442111297,0.0,818.7381442111297
1668793593.963999,0.04505,1.8999999999998185e-05,-2.7e-05,-5.6e-05,1.0,0.0,818.7381442111297,0.0,818.7381442111297
1668793654.0730467,0.0451,5.000000000000143e-05,2.3e-05,5e-05,0.0,1.0,0.0,18153.839117763408,818.7381442111297
1668793714.6824548,0.045065,-3.500000000000031e-05,-7e-06,-3e-05,1.0,0.0,818.102759842008,0.0,818.102759842008
1668793774.6755831,0.045089,2.3999999999996247e-05,1.7e-05,2.4e-05,0.0,1.0,0.0,18144.176181374794,818.102759842008
1668793835.4461637,0.045089,0.0,1.7e-05,0.0,0.0,1.0,0.0,18144.176181374794,818.102759842008
1668793895.5292008,0.045066,-2.2999999999995246e-05,-6e-06,-2.3e-05,1.0,0.0,817.6854437898365,0.0,817.6854437898365
1668793955.5125034,0.045058,-8.000000000001062e-06,6.4e-05,7e-05,0.0,1.0,0.0,18147.397660567192,817.6854437898365
1668794015.639696,0.04508,2.2000000000001185e-05,6e-05,-3.999999999999996e-06,1.0,0.0,818.084686538369,0.0,818.084686538369
1668794076.529814,0.0451,1.9999999999999185e-05,8e-05,2.0000000000000005e-05,0.0,1.0,0.0,18139.35003411018,818.084686538369
1668794136.6270998,0.045081,-1.8999999999998185e-05,8.1e-05,9.999999999999972e-07,0.0,1.0,0.0,18139.35003411018,817.7400388877211
1668794196.891648,0.04508,-1.000000000001e-06,4.9e-05,-3.2000000000000005e-05,1.0,0.0,817.7218995376869,0.0,817.7218995376869
1668794257.5952454,0.04508,0.0,4.9e-05,0.0,1.0,0.0,817.7218995376869,0.0,817.7218995376869
1668794317.6383834,0.04508,0.0,4.9e-05,0.0,1.0,0.0,817.7218995376869,0.0,817.7218995376869
1668794378.4660854,0.04508,0.0,-2e-05,-6.9e-05,1.0,0.0,817.7218995376869,0.0,817.7218995376869
1668794438.1379025,0.045069,-1.1000000000004062e-05,-2e-05,0.0,1.0,0.0,817.7218995376869,0.0,817.7218995376869
1668794498.355252,0.04508,1.1000000000004062e-05,-9e-06,1.1e-05,0.0,1.0,0.0,18139.35003411018,817.7218995376869
1668794558.3878453,0.045066,-1.4000000000000123e-05,0.0,9e-06,0.0,1.0,0.0,18139.35003411018,817.4679486372094
1668794619.3088036,0.044993,-7.300000000000362e-05,-6.5e-05,-6.5e-05,1.0,0.0,816.1437760847192,0.0,816.1437760847192
1668794678.9432487,0.044994,1.000000000001e-06,-7.3e-05,-8.000000000000005e-06,1.0,0.0,816.1437760847192,0.0,816.1437760847192
1668794739.1084242,0.045057,6.300000000000056e-05,-4.3e-05,3e-05,0.0,1.0,0.0,18113.584483758776,816.1437760847191
1668794799.987244,0.044996,-6.099999999999856e-05,-0.000183,-0.00014,1.0,0.0,815.0388474312099,0.0,815.0388474312099
1668794861.0387354,0.044996,0.0,-0.000183,0.0,1.0,0.0,815.0388474312099,0.0,815.0388474312099
1668794920.015849,0.045004,8.000000000001062e-06,-7.6e-05,0.000107,0.0,1.0,0.0,18110.36457717558,815.0388474312099
1668794980.72279,0.044996,-8.000000000001062e-06,-8.4e-05,-7.999999999999991e-06,1.0,0.0,814.8939645145924,0.0,814.8939645145924
1668795040.767428,0.044993,-3.0000000000030003e-06,-7e-05,1.4e-05,0.0,1.0,0.0,18111.572122654467,814.8939645145924
1668795100.7206736,0.04491,-8.299999999999974e-05,-0.000104,-3.4e-05,1.0,0.0,813.3907040284121,0.0,813.3907040284121
1668795161.5928402,0.044902,-8.000000000001062e-06,-0.000178,-7.4e-05,1.0,0.0,813.3907040284121,0.0,813.3907040284121
1668795221.6173315,0.044903,1.000000000001e-06,-0.000177,9.999999999999972e-07,0.0,1.0,0.0,18114.395564403538,813.3907040284121
1668795281.564636,0.044903,0.0,-0.000177,0.0,0.0,1.0,0.0,18114.395564403538,813.3907040284121
1668795342.471645,0.044903,0.0,-0.000177,0.0,0.0,1.0,0.0,18114.395564403538,813.3907040284121
1668795402.7683449,0.045044,0.000141,-2.2e-05,0.000155,0.0,1.0,0.0,18114.395564403538,815.944833802993
1668795462.6917443,0.045051,7.000000000000062e-06,5.8e-05,7.999999999999999e-05,0.0,1.0,0.0,18114.395564403538,816.0716345719438
1668795523.3768334,0.045056,4.9999999999980616e-06,6.3e-05,5e-06,0.0,1.0,0.0,18114.395564403538,816.1622065497658
1668795583.3000827,0.045066,1.0000000000003062e-05,7.2e-05,9.000000000000002e-06,0.0,1.0,0.0,18114.395564403538,816.3433505054098
1668795643.3688393,0.045121,5.499999999999949e-05,0.000125,5.3e-05,0.0,1.0,0.0,18114.395564403538,817.339642261452
1668795704.0481417,0.04513,9.000000000002062e-06,0.000134,9.000000000000002e-06,0.0,1.0,0.0,18114.395564403538,817.5026718215317
1668795764.3945065,0.045168,3.799999999999637e-05,8.8e-05,-4.600000000000001e-05,1.0,0.0,818.191018852979,0.0,818.191018852979
1668795824.1314464,0.04523,6.199999999999956e-05,0.000234,0.000146,0.0,1.0,0.0,18089.564865199623,818.1910188529789
1668795884.9616847,0.045191,-3.899999999999737e-05,0.00028,4.599999999999998e-05,0.0,1.0,0.0,18089.564865199623,817.4855258232362
1668795945.5428977,0.045087,-0.0001039999999999,0.000177,-0.0001029999999999,1.0,0.0,815.6042110772555,0.0,815.6042110772555
1668796005.103847,0.045095,8.000000000001062e-06,0.000192,1.5000000000000012e-05,0.0,1.0,0.0,18086.35571742445,815.6042110772556
1668796065.7996862,0.045095,0.0,5.1e-05,-0.000141,1.0,0.0,815.6042110772556,0.0,815.6042110772556
1668796125.8126082,0.045095,0.0,5.1e-05,0.0,1.0,0.0,815.6042110772556,0.0,815.6042110772556
1668796185.923592,0.045042,-5.300000000000443e-05,-1.4e-05,-6.5e-05,1.0,0.0,815.6042110772556,0.0,815.6042110772556
1668796246.6555982,0.045042,0.0,-1.4e-05,0.0,1.0,0.0,815.6042110772556,0.0,815.6042110772556
1668796306.7627206,0.045091,4.900000000000043e-05,1.1e-05,2.5e-05,0.0,1.0,0.0,18087.96014897109,815.6042110772556
1668796366.7226005,0.045087,-3.9999999999970615e-06,-4.3e-05,-5.4e-05,1.0,0.0,815.5318592366597,0.0,815.5318592366597
1668796427.5223174,0.045087,0.0,-4.3e-05,0.0,1.0,0.0,815.5318592366597,0.0,815.5318592366597
1668796487.3276086,0.045186,9.899999999999493e-05,-4e-06,3.9e-05,0.0,1.0,0.0,18048.330439442743,815.5318592366598
1668796547.4715073,0.045149,-3.699999999999537e-05,-0.000101,-9.7e-05,1.0,0.0,814.8640710104005,0.0,814.8640710104005
1668796608.440962,0.04515,1.000000000001e-06,-0.0001,9.999999999999972e-07,0.0,1.0,0.0,18047.93069790477,814.8640710104005
1668796668.5034306,0.04515,0.0,-0.0001,0.0,0.0,1.0,0.0,18047.93069790477,814.8640710104004
1668796728.5339198,0.04515,0.0,0.00012,0.00022,0.0,1.0,0.0,18047.93069790477,814.8640710104004
1668796789.2062168,0.04515,0.0,0.00012,0.0,0.0,1.0,0.0,18047.93069790477,814.8640710104004
1668796849.3627295,0.04515,0.0,0.00012,0.0,0.0,1.0,0.0,18047.93069790477,814.8640710104004
1668796909.1749814,0.04515,0.0,0.00012,0.0,0.0,1.0,0.0,18047.93069790477,814.8640710104004
1668796970.661017,0.04515,0.0,0.00012,0.0,0.0,1.0,0.0,18047.93069790477,814.8640710104004
1668797030.0978444,0.04515,0.0,0.00012,0.0,0.0,1.0,0.0,18047.93069790477,814.8640710104004
1668797090.403385,0.04515,0.0,0.00012,0.0,0.0,1.0,0.0,18047.93069790477,814.8640710104004
1668797151.0967708,0.045144,-6.0000000000060005e-06,5.7e-05,-6.3e-05,1.0,0.0,814.7557834262128,0.0,814.7557834262128
1668797211.2165918,0.045144,0.0,5.7e-05,0.0,1.0,0.0,814.7557834262128,0.0,814.7557834262128
1668797271.1711235,0.045139,-4.9999999999980616e-06,4.4e-05,-1.3000000000000004e-05,1.0,0.0,814.7557834262128,0.0,814.7557834262128
1668797332.075277,0.045139,0.0,4.4e-05,0.0,1.0,0.0,814.7557834262128,0.0,814.7557834262128
1668797391.9985209,0.045081,-5.799999999999556e-05,-1.4e-05,-5.8e-05,1.0,0.0,814.7557834262128,0.0,814.7557834262128
1668797452.076024,0.045081,0.0,3.9e-05,5.3e-05,0.0,1.0,0.0,18073.1524018148,814.7557834262128
1668797513.35041,0.045113,3.199999999999731e-05,2.4e-05,-1.5e-05,1.0,0.0,815.334124303071,0.0,815.334124303071
1668797572.7369115,0.045112,-1.000000000001e-06,2.3e-05,-1.0000000000000006e-06,1.0,0.0,815.334124303071,0.0,815.334124303071
1668797632.815985,0.045112,0.0,2.3e-05,0.0,1.0,0.0,815.334124303071,0.0,815.334124303071
1668797694.9371774,0.045112,0.0,2.3e-05,0.0,1.0,0.0,815.334124303071,0.0,815.334124303071
1668797755.1796515,0.045112,0.0,2.3e-05,0.0,1.0,0.0,815.334124303071,0.0,815.334124303071
1668797815.291958,0.045112,0.0,2.3e-05,0.0,1.0,0.0,815.334124303071,0.0,815.334124303071
1668797876.091612,0.04512,8.000000000001062e-06,3.3e-05,1.0000000000000004e-05,0.0,1.0,0.0,18070.3484996248,815.334124303071
1668797935.7873626,0.045081,-3.899999999999737e-05,-2e-05,-5.3e-05,1.0,0.0,814.6293807115857,0.0,814.6293807115857
1668797996.2804766,0.045149,6.799999999999862e-05,-3.7e-05,-1.6999999999999996e-05,1.0,0.0,814.6293807115857,0.0,814.6293807115857
1668798058.1795352,0.04506,-8.89999999999988e-05,-0.000126,-8.9e-05,1.0,0.0,814.6293807115857,0.0,814.6293807115857
1668798117.1240156,0.04506,0.0,-9e-05,3.5999999999999994e-05,0.0,1.0,0.0,18078.77010012396,814.6293807115857
1668798176.8904588,0.045059,-1.000000000001e-06,-9.1e-05,-9.999999999999972e-07,1.0,0.0,814.6113019414855,0.0,814.6113019414855
1668798237.501259,0.044952,-0.000107,-0.000192,-0.000101,1.0,0.0,814.6113019414855,0.0,814.6113019414855
1668798297.6340327,0.044899,-5.299999999999749e-05,-0.000245,-5.299999999999999e-05,1.0,0.0,814.6113019414855,0.0,814.6113019414855
1668798357.4948294,0.044899,0.0,-0.000245,0.0,1.0,0.0,814.6113019414855,0.0,814.6113019414855
1668798418.495206,0.044989,8.99999999999998e-05,-0.00015,9.5e-05,0.0,1.0,0.0,18106.89950746817,814.6113019414855
1668798478.3611915,0.045,1.0999999999997123e-05,-8.1e-05,6.899999999999998e-05,0.0,1.0,0.0,18106.89950746817,814.8104778360677
1668798539.3105216,0.045029,2.9000000000001247e-05,-5.2e-05,2.9000000000000007e-05,0.0,1.0,0.0,18106.89950746817,815.3355779217842
1668798599.055812,0.045045,1.6000000000002124e-05,-3.6e-05,1.5999999999999996e-05,0.0,1.0,0.0,18106.89950746817,815.6252883139038
1668798659.179644,0.045002,-4.300000000000137e-05,-7.9e-05,-4.3e-05,1.0,0.0,814.8466916350826,0.0,814.8466916350826
1668798719.4368768,0.045053,5.100000000000243e-05,-5.9e-05,2e-05,0.0,1.0,0.0,18086.402495618106,814.8466916350826
1668798780.0300891,0.045056,2.9999999999960614e-06,-6.4e-05,-5e-06,1.0,0.0,814.9009508425694,0.0,814.9009508425694
1668798840.260754,0.045061,4.9999999999980616e-06,-6e-05,3.999999999999996e-06,0.0,1.0,0.0,18084.39561577793,814.9009508425694
1668798900.2756546,0.045066,5.000000000005e-06,-5.5e-05,5e-06,0.0,1.0,0.0,18084.39561577793,814.9913728206482
1668798961.4908326,0.045086,1.9999999999999185e-05,2.6e-05,8.1e-05,0.0,1.0,0.0,18084.39561577793,815.3530607329637
1668799021.602731,0.045086,0.0,2.6e-05,0.0,0.0,1.0,0.0,18084.39561577793,815.3530607329637
1668799081.2636266,0.045086,0.0,2.6e-05,0.0,0.0,1.0,0.0,18084.39561577793,815.3530607329637
1668799141.797983,0.045068,-1.8000000000004124e-05,8e-06,-1.7999999999999997e-05,1.0,0.0,815.0275416118797,0.0,815.0275416118797
1668799202.2304657,0.045084,1.6000000000002124e-05,2.4e-05,1.6000000000000003e-05,0.0,1.0,0.0,18077.977588764963,815.0275416118795
1668799262.2785354,0.045084,0.0,2.4e-05,0.0,0.0,1.0,0.0,18077.977588764963,815.0275416118795
1668799322.74306,0.045084,0.0,2.4e-05,0.0,0.0,1.0,0.0,18077.977588764963,815.0275416118795
1668799383.149242,0.045084,0.0,2.4e-05,0.0,0.0,1.0,0.0,18077.977588764963,815.0275416118795
1668799442.8729837,0.045039,-4.499999999999643e-05,0.000225,0.000201,0.0,1.0,0.0,18077.977588764963,814.2140326203852
1668799504.0841198,0.044995,-4.400000000000237e-05,9.6e-05,-0.000129,1.0,0.0,813.4186016064796,0.0,813.4186016064796
1668799564.096073,0.044917,-7.800000000000168e-05,-7.2e-05,-0.000168,1.0,0.0,813.4186016064796,0.0,813.4186016064796
1668799624.335962,0.044936,1.8999999999998185e-05,-5.3e-05,1.9e-05,0.0,1.0,0.0,18101.71358390777,813.4186016064796
1668799685.0235183,0.044936,0.0,-5.3e-05,0.0,0.0,1.0,0.0,18101.71358390777,813.4186016064796
1668799744.9952965,0.044907,-2.8999999999994308e-05,-0.000122,-6.9e-05,1.0,0.0,812.8936519125463,0.0,812.8936519125463
1668799804.8786118,0.044899,-8.000000000001062e-06,-0.000103,1.9e-05,0.0,1.0,0.0,18104.93890537754,812.8936519125463
1668799866.2369394,0.044892,-7.000000000000062e-06,-0.000164,-6.1000000000000005e-05,1.0,0.0,812.7669173402086,0.0,812.7669173402086
1668799925.8257024,0.044892,0.0,-0.000164,0.0,1.0,0.0,812.7669173402086,0.0,812.7669173402086
1668799985.626615,0.044892,0.0,-0.000164,0.0,1.0,0.0,812.7669173402086,0.0,812.7669173402086
1668800047.2405243,0.044899,7.000000000000062e-06,-0.000157,7.000000000000008e-06,0.0,1.0,0.0,18102.11624624621,812.7669173402086
1668800105.6475134,0.044877,-2.2000000000001185e-05,-0.000179,-2.2e-05,1.0,0.0,812.3686707827911,0.0,812.3686707827911
1668800165.5947127,0.0449,2.3000000000002185e-05,-0.000166,1.299999999999999e-05,0.0,1.0,0.0,18092.8434472782,812.3686707827912
1668800227.3076437,0.044946,4.599999999999743e-05,-0.00012,4.599999999999999e-05,0.0,1.0,0.0,18092.8434472782,813.2009415813659
1668800285.7123623,0.044946,0.0,-0.00012,0.0,0.0,1.0,0.0,18092.8434472782,813.2009415813659
1668800345.6953914,0.044959,1.2999999999999123e-05,-0.000127,-6.999999999999994e-06,1.0,0.0,813.4361485461806,0.0,813.4361485461806
1668800405.846283,0.044959,0.0,-0.000127,0.0,1.0,0.0,813.4361485461806,0.0,813.4361485461806
1668800465.9433143,0.044971,1.1999999999998123e-05,-0.000113,1.4e-05,0.0,1.0,0.0,18088.015577731887,813.4361485461807
1668800525.7742443,0.044971,0.0,-0.000113,0.0,0.0,1.0,0.0,18088.015577731887,813.4361485461807
1668800585.7436533,0.044971,0.0,-6.8e-05,4.5e-05,0.0,1.0,0.0,18088.015577731887,813.4361485461807
1668800646.6662192,0.044924,-4.699999999999843e-05,-3.7e-05,3.1e-05,0.0,1.0,0.0,18088.015577731887,812.5860118140273
1668800705.551376,0.044998,7.400000000000462e-05,6.2e-05,9.9e-05,0.0,1.0,0.0,18088.015577731887,813.9245249667795
1668800765.5770607,0.044998,0.0,6.2e-05,0.0,0.0,1.0,0.0,18088.015577731887,813.9245249667795
1668800825.9134858,0.044907,-9.10000000000008e-05,5e-06,-5.7e-05,1.0,0.0,812.2785155492058,0.0,812.2785155492058
1668800885.857479,0.044927,1.9999999999999185e-05,2.8e-05,2.3e-05,0.0,1.0,0.0,18079.96339727125,812.2785155492058
1668800945.7460015,0.044927,0.0,3.5e-05,6.999999999999997e-06,0.0,1.0,0.0,18079.96339727125,812.2785155492057
1668801005.6616037,0.044997,7.000000000000062e-05,0.00012,8.5e-05,0.0,1.0,0.0,18079.96339727125,813.5441129870145
1668801065.4344285,0.044997,0.0,0.00012,0.0,0.0,1.0,0.0,18079.96339727125,813.5441129870145
1668801125.8233662,0.044997,0.0,0.00012,0.0,0.0,1.0,0.0,18079.96339727125,813.5441129870145
1668801186.2101514,0.044997,0.0,0.00012,0.0,0.0,1.0,0.0,18079.96339727125,813.5441129870145
1668801246.960598,0.044918,-7.900000000000268e-05,-2.8e-05,-0.000148,1.0,0.0,812.11579587863,0.0,812.11579587863
1668801305.9900537,0.044912,-5.999999999999062e-06,-3.4e-05,-6e-06,1.0,0.0,812.11579587863,0.0,812.11579587863
1668801365.9953313,0.044912,0.0,-3.4e-05,0.0,1.0,0.0,812.11579587863,0.0,812.11579587863
1668801426.5028255,0.044911,-1.000000000001e-06,-4.8e-05,-1.4e-05,1.0,0.0,812.11579587863,0.0,812.11579587863
1668801486.15282,0.044907,-3.9999999999970615e-06,-6.4e-05,-1.5999999999999996e-05,1.0,0.0,812.11579587863,0.0,812.11579587863
1668801546.0640717,0.044634,-0.000273,-0.000337,-0.000273,1.0,0.0,812.11579587863,0.0,812.11579587863
1668801605.8984814,0.044641,7.000000000000062e-06,-0.00033,7.000000000000008e-06,0.0,1.0,0.0,18192.15062114716,812.11579587863
1668801665.979231,0.04467,2.9000000000001247e-05,-0.000254,7.6e-05,0.0,1.0,0.0,18192.15062114716,812.6433682466435
1668801726.3680997,0.044749,7.899999999999574e-05,-0.000249,5.000000000000013e-06,0.0,1.0,0.0,18192.15062114716,814.0805481457143
1668801785.687127,0.0447,-4.900000000000043e-05,-0.000207,4.199999999999999e-05,0.0,1.0,0.0,18192.15062114716,813.189132765278
1668801846.3236864,0.044746,4.600000000000437e-05,-0.000181,2.599999999999998e-05,0.0,1.0,0.0,18192.15062114716,814.0259716938509
1668801905.942571,0.044669,-7.700000000000068e-05,-0.000258,-7.699999999999997e-05,1.0,0.0,812.6251760960225,0.0,812.6251760960225
1668801965.8424094,0.044669,0.0,-0.000258,0.0,1.0,0.0,812.6251760960225,0.0,812.6251760960225
1668802025.7477076,0.044697,2.8000000000000247e-05,-0.0003,-4.199999999999999e-05,1.0,0.0,812.6251760960225,0.0,812.6251760960225
1668802085.7117565,0.044675,-2.2000000000001185e-05,-0.000237,6.299999999999999e-05,0.0,1.0,0.0,18189.707355255123,812.6251760960226
1668802145.7510457,0.044705,3.0000000000002247e-05,-0.000207,3e-05,0.0,1.0,0.0,18189.707355255123,813.1708673166803
1668802205.8466368,0.04468,-2.5000000000004186e-05,-0.000231,-2.400000000000001e-05,1.0,0.0,812.7161246327988,0.0,812.7161246327988
1668802265.7538989,0.044683,3.0000000000030003e-06,-0.000224,7.000000000000008e-06,0.0,1.0,0.0,18188.486105069016,812.7161246327988
1668802325.7322512,0.044642,-4.099999999999937e-05,1e-06,0.000225,0.0,1.0,0.0,18188.486105069016,811.970396702491
1668802385.598205,0.044636,-5.999999999999062e-06,-7.4e-05,-7.5e-05,1.0,0.0,811.8612657858606,0.0,811.8612657858606
1668802446.4277418,0.044588,-4.799999999999943e-05,-0.000177,-0.000103,1.0,0.0,811.8612657858606,0.0,811.8612657858606
1668802505.8983717,0.044615,2.6999999999999247e-05,-6.1e-05,0.000116,0.0,1.0,0.0,18197.047311125418,811.8612657858605
1668802565.9807072,0.044643,2.8000000000000247e-05,-4.4e-05,1.7e-05,0.0,1.0,0.0,18197.047311125418,812.3707831105721
1668802626.6553564,0.044653,9.999999999996125e-06,-1.6e-05,2.8e-05,0.0,1.0,0.0,18197.047311125418,812.5527535836833
1668802686.1908178,0.044664,1.1000000000004062e-05,-5e-06,1.1e-05,0.0,1.0,0.0,18197.047311125418,812.7529211041057
1668802746.0501292,0.0447,3.599999999999437e-05,2e-05,2.5e-05,0.0,1.0,0.0,18197.047311125418,813.4080148073061
1668802805.867952,0.044727,2.7000000000006182e-05,2.2e-05,1.999999999999998e-06,0.0,1.0,0.0,18197.047311125418,813.8993350847066
1668802865.6473398,0.044655,-7.200000000000262e-05,-2.8e-05,-5e-05,1.0,0.0,812.5891476783055,0.0,812.5891476783055
1668802925.787274,0.044727,7.200000000000262e-05,4.4e-05,7.2e-05,0.0,1.0,0.0,18167.75432464296,812.5891476783055
1668802985.879374,0.044766,3.899999999999737e-05,8.3e-05,3.9e-05,0.0,1.0,0.0,18167.75432464296,813.2976900969667
1668803046.7800808,0.044758,-8.000000000001062e-06,0.000116,3.3e-05,0.0,1.0,0.0,18167.75432464296,813.1523480623696
1668803106.6285307,0.044758,0.0,0.000116,0.0,0.0,1.0,0.0,18167.75432464296,813.1523480623696
1668803165.8131857,0.044758,0.0,0.000116,0.0,0.0,1.0,0.0,18167.75432464296,813.1523480623696
1668803225.7353806,0.044758,0.0,0.000116,0.0,0.0,1.0,0.0,18167.75432464296,813.1523480623696
1668803285.845111,0.04467,-8.79999999999978e-05,2.5e-05,-9.1e-05,1.0,0.0,811.553585681801,0.0,811.553585681801
1668803345.5856214,0.044716,4.599999999999743e-05,0.000158,0.0001329999999999,0.0,1.0,0.0,18149.06489135435,811.553585681801
1668803405.7091336,0.04467,-4.599999999999743e-05,5.5e-05,-0.0001029999999999,1.0,0.0,810.7187286967987,0.0,810.7187286967987
1668803465.7799911,0.044729,5.899999999999656e-05,8.6e-05,3.1e-05,0.0,1.0,0.0,18125.125281065943,810.7187286967986
1668803526.2728922,0.044736,7.000000000000062e-06,7.2e-05,-1.4e-05,1.0,0.0,810.845604573766,0.0,810.845604573766
1668803585.795375,0.0447,-3.600000000000131e-05,0.0,-7.2e-05,1.0,0.0,810.845604573766,0.0,810.845604573766
1668803646.6061594,0.044779,7.900000000000268e-05,4e-05,4e-05,0.0,1.0,0.0,18107.720238812075,810.8456045737659
1668803705.6941986,0.044867,8.79999999999978e-05,0.000214,0.000174,0.0,1.0,0.0,18107.720238812075,812.4390839547813
1668803765.6603117,0.044867,0.0,0.000214,0.0,0.0,1.0,0.0,18107.720238812075,812.4390839547813
1668803825.535032,0.044877,1.0000000000003062e-05,0.000111,-0.000103,1.0,0.0,812.6201611571695,0.0,812.6201611571695
1668803885.7132018,0.044901,2.4000000000003185e-05,0.000143,3.2000000000000005e-05,0.0,1.0,0.0,18098.041494781173,812.6201611571695
1668803945.657527,0.044948,4.699999999999843e-05,0.000212,6.9e-05,0.0,1.0,0.0,18098.041494781173,813.4707691074242
1668804006.366955,0.04491,-3.800000000000331e-05,0.000194,-1.8000000000000004e-05,1.0,0.0,812.7830435306224,0.0,812.7830435306224
1668804065.9623542,0.044929,1.8999999999998185e-05,0.000213,1.9e-05,0.0,1.0,0.0,18090.388024007265,812.7830435306223
1668804125.9431794,0.044929,0.0,0.000213,0.0,0.0,1.0,0.0,18090.388024007265,812.7830435306223
1668804185.7786868,0.044929,0.0,0.000259,4.600000000000001e-05,0.0,1.0,0.0,18090.388024007265,812.7830435306223
1668804246.5279112,0.044901,-2.7999999999993308e-05,0.000169,-9.000000000000002e-05,1.0,0.0,812.2765126659502,0.0,812.2765126659502
1668804305.6784792,0.044901,0.0,0.000165,-3.999999999999989e-06,1.0,0.0,812.2765126659502,0.0,812.2765126659502
1668804366.1358798,0.0449,-1.000000000001e-06,0.000164,-9.999999999999972e-07,1.0,0.0,812.2765126659502,0.0,812.2765126659502
1668804425.8612592,0.0449,0.0,0.000164,0.0,1.0,0.0,812.2765126659502,0.0,812.2765126659502
1668804486.3870485,0.044887,-1.2999999999999123e-05,0.000108,-5.6000000000000006e-05,1.0,0.0,812.2765126659502,0.0,812.2765126659502
1668804546.2720478,0.044869,-1.8000000000004124e-05,9e-05,-1.799999999999999e-05,1.0,0.0,812.2765126659502,0.0,812.2765126659502
1668804605.945879,0.0448,-6.899999999999962e-05,2.1e-05,-6.900000000000001e-05,1.0,0.0,812.2765126659502,0.0,812.2765126659502
1668804665.7340264,0.0448,0.0,2.1e-05,0.0,1.0,0.0,812.2765126659502,0.0,812.2765126659502
1668804725.7914712,0.044799,-1.000000000001e-06,-6.8e-05,-8.9e-05,1.0,0.0,812.2765126659502,0.0,812.2765126659502
1668804786.0938587,0.0448,1.000000000001e-06,-7.7e-05,-9.000000000000002e-06,1.0,0.0,812.2765126659502,0.0,812.2765126659502
1668804846.7880883,0.0448,0.0,-7.7e-05,0.0,1.0,0.0,812.2765126659502,0.0,812.2765126659502
1668804905.7938027,0.044841,4.099999999999937e-05,-0.000107,-3e-05,1.0,0.0,812.2765126659502,0.0,812.2765126659502
1668804966.3493717,0.044843,2.000000000002e-06,-8.2e-05,2.5e-05,0.0,1.0,0.0,18113.786157615465,812.2765126659503
1668805025.843904,0.044819,-2.4000000000003185e-05,-0.000106,-2.4e-05,1.0,0.0,811.8417817981675,0.0,811.8417817981675
1668805086.0496266,0.044819,0.0,-0.000106,0.0,1.0,0.0,811.8417817981675,0.0,811.8417817981675
1668805145.8978548,0.044819,0.0,-0.000106,0.0,1.0,0.0,811.8417817981675,0.0,811.8417817981675
1668805206.0260022,0.044819,0.0,-0.000106,0.0,1.0,0.0,811.8417817981675,0.0,811.8417817981675
1668805265.8742936,0.044819,0.0,-0.000106,0.0,1.0,0.0,811.8417817981675,0.0,811.8417817981675
1668805325.7975194,0.044819,0.0,-0.000106,0.0,1.0,0.0,811.8417817981675,0.0,811.8417817981675
1668805385.7250645,0.044819,0.0,-0.000106,0.0,1.0,0.0,811.8417817981675,0.0,811.8417817981675
1668805446.6158526,0.044819,0.0,-0.000106,0.0,1.0,0.0,811.8417817981675,0.0,811.8417817981675
1668805505.7975638,0.044819,0.0,-0.000106,0.0,1.0,0.0,811.8417817981675,0.0,811.8417817981675
1668805565.8314242,0.044749,-7.000000000000062e-05,-0.00018,-7.400000000000001e-05,1.0,0.0,811.8417817981675,0.0,811.8417817981675
1668805625.9086373,0.044749,0.0,-0.00018,0.0,1.0,0.0,811.8417817981675,0.0,811.8417817981675
1668805686.083414,0.044749,0.0,-0.00018,0.0,1.0,0.0,811.8417817981675,0.0,811.8417817981675
1668805746.22781,0.044743,-5.999999999999062e-06,-0.000186,-5.999999999999983e-06,1.0,0.0,811.8417817981675,0.0,811.8417817981675
1668805806.024272,0.044735,-8.000000000001062e-06,-0.000166,2e-05,0.0,1.0,0.0,18147.798855441324,811.8417817981676
1668805865.9327068,0.044743,8.000000000001062e-06,-0.000157,9.000000000000002e-06,0.0,1.0,0.0,18147.798855441324,811.9869641890111
1668805926.6249695,0.04476,1.7000000000003124e-05,-0.00014,1.7000000000000007e-05,0.0,1.0,0.0,18147.798855441324,812.2954767695537
1668805986.000326,0.04471,-5.000000000000143e-05,-0.000159,-1.9e-05,1.0,0.0,811.3880868267815,0.0,811.3880868267815
1668806046.7010632,0.044724,1.4000000000000123e-05,-7.6e-05,8.299999999999998e-05,0.0,1.0,0.0,18142.118031186423,811.3880868267815
1668806105.990303,0.044724,0.0,-7.6e-05,0.0,0.0,1.0,0.0,18142.118031186423,811.3880868267815
1668806165.97229,0.044724,0.0,-7.6e-05,0.0,0.0,1.0,0.0,18142.118031186423,811.3880868267815
1668806225.815613,0.044689,-3.500000000000031e-05,-0.000111,-3.5e-05,1.0,0.0,810.75311269569,0.0,810.75311269569
1668806285.7024431,0.04478,9.10000000000008e-05,-2e-05,9.1e-05,0.0,1.0,0.0,18105.250395169496,810.75311269569
1668806345.8147757,0.04478,0.0,-2e-05,0.0,0.0,1.0,0.0,18105.250395169496,810.75311269569
1668806406.0416095,0.04478,0.0,-2e-05,0.0,0.0,1.0,0.0,18105.250395169496,810.75311269569
1668806465.8202257,0.04478,0.0,-2e-05,0.0,0.0,1.0,0.0,18105.250395169496,810.75311269569
1668806526.003432,0.04478,0.0,-2e-05,0.0,0.0,1.0,0.0,18105.250395169496,810.75311269569
1668806585.8110938,0.04478,0.0,-2e-05,0.0,0.0,1.0,0.0,18105.250395169496,810.75311269569
1668806646.6083734,0.04478,0.0,-2e-05,0.0,0.0,1.0,0.0,18105.250395169496,810.75311269569
1668806705.9387822,0.044756,-2.4000000000003185e-05,-4.4e-05,-2.4e-05,1.0,0.0,810.3185866862059,0.0,810.3185866862059
1668806765.9607532,0.044756,0.0,-4.4e-05,0.0,1.0,0.0,810.3185866862059,0.0,810.3185866862059
1668806825.8517742,0.044756,0.0,-4.4e-05,0.0,1.0,0.0,810.3185866862059,0.0,810.3185866862059
1668806885.8536296,0.044756,0.0,-8.5e-05,-4.100000000000001e-05,1.0,0.0,810.3185866862059,0.0,810.3185866862059
1668806945.8484547,0.044756,0.0,-8.5e-05,0.0,1.0,0.0,810.3185866862059,0.0,810.3185866862059
1668807005.8904195,0.044682,-7.399999999999768e-05,-0.000137,-5.199999999999999e-05,1.0,0.0,810.3185866862059,0.0,810.3185866862059
1668807065.9122088,0.044672,-9.999999999996125e-06,-0.000147,-1e-05,1.0,0.0,810.3185866862059,0.0,810.3185866862059
1668807125.9469826,0.044672,0.0,-7.7e-05,7e-05,0.0,1.0,0.0,18139.29500998849,810.3185866862059
1668807185.9507954,0.044706,3.399999999999931e-05,-4.3e-05,3.4e-05,0.0,1.0,0.0,18139.29500998849,810.9353227165456
1668807246.3832564,0.044706,0.0,-4.3e-05,0.0,0.0,1.0,0.0,18139.29500998849,810.9353227165456
1668807305.8872724,0.044706,0.0,-4.3e-05,0.0,0.0,1.0,0.0,18139.29500998849,810.9353227165456
1668807365.9643526,0.044706,0.0,-4.3e-05,0.0,0.0,1.0,0.0,18139.29500998849,810.9353227165456
1668807426.0837624,0.044706,0.0,-4.3e-05,0.0,0.0,1.0,0.0,18139.29500998849,810.9353227165456
1668807486.1493142,0.044706,0.0,-4.3e-05,0.0,0.0,1.0,0.0,18139.29500998849,810.9353227165456
1668807546.1245594,0.044738,3.199999999999731e-05,-5e-06,3.8e-05,0.0,1.0,0.0,18139.29500998849,811.5157801568652
1668807606.1473553,0.044738,0.0,-5e-06,0.0,0.0,1.0,0.0,18139.29500998849,811.5157801568652
1668807666.0940416,0.044746,8.000000000001062e-06,1.1e-05,1.6e-05,0.0,1.0,0.0,18139.29500998849,811.6608945169451
1668807725.9732478,0.044746,0.0,1.1e-05,0.0,0.0,1.0,0.0,18139.29500998849,811.6608945169451
1668807786.1252658,0.044746,0.0,1.1e-05,0.0,0.0,1.0,0.0,18139.29500998849,811.6608945169451
1668807846.7293808,0.044768,2.2000000000001185e-05,8e-06,-3e-06,1.0,0.0,812.0599590071648,0.0,812.0599590071648
1668807907.1041305,0.044733,-3.500000000000031e-05,2.3e-05,1.5e-05,0.0,1.0,0.0,18153.487559679987,812.0599590071648
1668807966.6650476,0.044733,0.0,2.3e-05,0.0,0.0,1.0,0.0,18153.487559679987,812.0599590071648
1668808026.1188717,0.044733,0.0,2.3e-05,0.0,0.0,1.0,0.0,18153.487559679987,812.0599590071648
1668808086.0627856,0.044733,0.0,2.3e-05,0.0,0.0,1.0,0.0,18153.487559679987,812.0599590071648
1668808146.3449178,0.044733,0.0,2.3e-05,0.0,0.0,1.0,0.0,18153.487559679987,812.0599590071648
1668808205.8775744,0.044733,0.0,2.3e-05,0.0,0.0,1.0,0.0,18153.487559679987,812.0599590071648
1668808265.9267,0.044655,-7.800000000000168e-05,-6.9e-05,-9.2e-05,1.0,0.0,810.6439869775098,0.0,810.6439869775098
1668808325.9466035,0.044704,4.900000000000043e-05,-7.6e-05,-7.000000000000008e-06,1.0,0.0,810.6439869775098,0.0,810.6439869775098
1668808387.1425216,0.044704,0.0,-7.6e-05,0.0,1.0,0.0,810.6439869775098,0.0,810.6439869775098
1668808446.6506622,0.044704,0.0,-7.6e-05,0.0,1.0,0.0,810.6439869775098,0.0,810.6439869775098
1668808505.9230258,0.044704,0.0,-7.6e-05,0.0,1.0,0.0,810.6439869775098,0.0,810.6439869775098
1668808566.058216,0.044777,7.299999999999668e-05,2.1e-05,9.7e-05,0.0,1.0,0.0,18104.026329979897,810.6439869775098
1668808625.9221003,0.044667,-0.0001099999999999,-8.9e-05,-0.0001099999999999,1.0,0.0,808.652544081212,0.0,808.652544081212
1668808685.9399438,0.044667,0.0,-8.9e-05,0.0,1.0,0.0,808.652544081212,0.0,808.652544081212
1668808745.9444697,0.044681,1.4000000000000123e-05,-7.5e-05,1.4e-05,0.0,1.0,0.0,18098.353753971754,808.6525440812119
1668808805.955361,0.044681,0.0,-7.5e-05,0.0,0.0,1.0,0.0,18098.353753971754,808.6525440812119
1668808867.06664,0.044732,5.100000000000243e-05,6e-05,0.000135,0.0,1.0,0.0,18098.353753971754,809.5755601226646
1668808926.1720154,0.044757,2.4999999999997247e-05,8.5e-05,2.5000000000000005e-05,0.0,1.0,0.0,18098.353753971754,810.0280189665137
1668808985.9853227,0.044757,0.0,8.5e-05,0.0,0.0,1.0,0.0,18098.353753971754,810.0280189665137
1668809046.6636744,0.044753,-3.9999999999970615e-06,4.7e-05,-3.800000000000001e-05,1.0,0.0,809.955625551498,0.0,809.955625551498
1668809106.3086388,0.044757,3.9999999999970615e-06,5.1e-05,4.000000000000002e-06,0.0,1.0,0.0,18096.73627704041,809.955625551498
1668809166.0031004,0.044757,0.0,5.1e-05,0.0,0.0,1.0,0.0,18096.73627704041,809.9556255514977
1668809226.294473,0.044757,0.0,5.1e-05,0.0,0.0,1.0,0.0,18096.73627704041,809.9556255514976
1668809286.560478,0.044757,0.0,1.9e-05,-3.2e-05,1.0,0.0,809.9556255514976,0.0,809.9556255514976
1668809347.0426111,0.044706,-5.099999999999549e-05,-4e-05,-5.9e-05,1.0,0.0,809.9556255514976,0.0,809.9556255514976
1668809406.6975782,0.044706,0.0,-4e-05,0.0,1.0,0.0,809.9556255514976,0.0,809.9556255514976
1668809467.5160408,0.044706,0.0,-4e-05,0.0,1.0,0.0,809.9556255514976,0.0,809.9556255514976
1668809527.498731,0.044706,0.0,-4e-05,0.0,1.0,0.0,809.9556255514976,0.0,809.9556255514976
1668809587.777378,0.044706,0.0,-4e-05,0.0,1.0,0.0,809.9556255514976,0.0,809.9556255514976
1668809649.8872645,0.04475,4.399999999999543e-05,-1.8e-05,2.2000000000000003e-05,0.0,1.0,0.0,18099.56705143012,809.9556255514976
1668809709.2335646,0.044772,2.2000000000001185e-05,4e-06,2.2e-05,0.0,1.0,0.0,18099.56705143012,810.3538160266294
1668809769.453398,0.044772,0.0,4e-06,0.0,0.0,1.0,0.0,18099.56705143012,810.3538160266294
1668809830.1877272,0.044772,0.0,4e-06,0.0,0.0,1.0,0.0,18099.56705143012,810.3538160266294
1668809890.0585723,0.044772,0.0,4e-06,0.0,0.0,1.0,0.0,18099.56705143012,810.3538160266294
1668809950.131006,0.044772,0.0,4e-06,0.0,0.0,1.0,0.0,18099.56705143012,810.3538160266294
1668810011.189147,0.044772,0.0,4e-06,0.0,0.0,1.0,0.0,18099.56705143012,810.3538160266294
1668810071.3258555,0.044772,0.0,4e-06,0.0,0.0,1.0,0.0,18099.56705143012,810.3538160266294
1668810131.1361666,0.04477,-2.000000000002e-06,3.7e-05,3.3e-05,0.0,1.0,0.0,18099.56705143012,810.3176168925264
1668810191.9250407,0.044726,-4.399999999999543e-05,3.8e-05,1.000000000000004e-06,0.0,1.0,0.0,18099.56705143012,809.5212359422636
1668810251.7640586,0.044747,2.1000000000000185e-05,5.9e-05,2.0999999999999995e-05,0.0,1.0,0.0,18099.56705143012,809.9013268503436
1668810311.8757482,0.044747,0.0,5.9e-05,0.0,0.0,1.0,0.0,18099.56705143012,809.9013268503436
1668810373.155991,0.044718,-2.9000000000001247e-05,1.4e-05,-4.5e-05,1.0,0.0,809.3764394058521,0.0,809.3764394058521
1668810432.9905777,0.0447,-1.8000000000004124e-05,-4e-06,-1.8e-05,1.0,0.0,809.3764394058521,0.0,809.3764394058521
1668810493.1262677,0.0447,0.0,-4e-06,0.0,1.0,0.0,809.3764394058521,0.0,809.3764394058521
1668810553.583176,0.0447,0.0,-4e-06,0.0,1.0,0.0,809.3764394058521,0.0,809.3764394058521
1668810613.036391,0.044776,7.600000000000662e-05,0.000109,0.000113,0.0,1.0,0.0,18076.122016389407,809.3764394058521
1668810673.0481973,0.04478,3.9999999999970615e-06,9.9e-05,-1.0000000000000013e-05,1.0,0.0,809.4487438939176,0.0,809.4487438939176
1668810734.2016954,0.044819,3.899999999999737e-05,6.2e-05,-3.699999999999999e-05,1.0,0.0,809.4487438939176,0.0,809.4487438939176
1668810793.2395744,0.044861,4.200000000000037e-05,0.000104,4.199999999999999e-05,0.0,1.0,0.0,18043.484182116263,809.4487438939176
1668810853.0544765,0.044921,6.0000000000004494e-05,0.000164,6.000000000000001e-05,0.0,1.0,0.0,18043.484182116263,810.5313529448447
1668810914.6408195,0.044892,-2.9000000000001247e-05,0.000135,-2.9e-05,1.0,0.0,810.0080919035632,0.0,810.0080919035632
1668810972.98805,0.044858,-3.399999999999931e-05,0.000152,1.7000000000000007e-05,0.0,1.0,0.0,18057.160192241365,810.0080919035631
1668811032.939396,0.044848,-1.0000000000003062e-05,7.6e-05,-7.6e-05,1.0,0.0,809.8275203016407,0.0,809.8275203016407
1668811093.2018175,0.044826,-2.2000000000001185e-05,5.6e-05,-2.0000000000000005e-05,1.0,0.0,809.8275203016407,0.0,809.8275203016407
1668811152.990174,0.044826,0.0,5.6e-05,0.0,1.0,0.0,809.8275203016407,0.0,809.8275203016407
1668811212.876059,0.044826,0.0,5.6e-05,0.0,1.0,0.0,809.8275203016407,0.0,809.8275203016407
1668811273.2421534,0.044826,0.0,5.6e-05,0.0,1.0,0.0,809.8275203016407,0.0,809.8275203016407
1668811332.9470685,0.044827,1.000000000001e-06,8e-05,2.4000000000000007e-05,0.0,1.0,0.0,18065.61938790552,809.8275203016406
1668811393.0868452,0.04477,-5.700000000000149e-05,7e-05,-1.0000000000000013e-05,1.0,0.0,808.7977799965302,0.0,808.7977799965302
1668811453.3434343,0.044771,1.000000000001e-06,-2.6e-05,-9.6e-05,1.0,0.0,808.7977799965302,0.0,808.7977799965302
1668811512.9941442,0.044596,-0.000175,-0.000201,-0.000175,1.0,0.0,808.7977799965302,0.0,808.7977799965302
1668811572.9892614,0.044744,0.000148,-8.6e-05,0.000115,0.0,1.0,0.0,18076.117021199047,808.7977799965302
1668811633.066754,0.044811,6.699999999999762e-05,-1.9e-05,6.7e-05,0.0,1.0,0.0,18076.117021199047,810.0088798369504
1668811693.1635172,0.044811,0.0,-1.9e-05,0.0,0.0,1.0,0.0,18076.117021199047,810.0088798369504
1668811753.0546832,0.044811,0.0,-1.9e-05,0.0,0.0,1.0,0.0,18076.117021199047,810.0088798369504
1668811813.1303782,0.044811,0.0,-1.9e-05,0.0,0.0,1.0,0.0,18076.117021199047,810.0088798369504
1668811873.0908492,0.044736,-7.499999999999868e-05,-0.000185,-0.000166,1.0,0.0,808.6531710603605,0.0,808.6531710603605
1668811932.960183,0.044736,0.0,-0.000185,0.0,1.0,0.0,808.6531710603605,0.0,808.6531710603605
1668811992.938927,0.0447,-3.600000000000131e-05,-0.000121,6.4e-05,0.0,1.0,0.0,18090.6749677933,808.6531710603605
1668812052.956707,0.044593,-0.0001069999999999,-0.000228,-0.000107,1.0,0.0,806.7174688388067,0.0,806.7174688388067
1668812113.3726077,0.044593,0.0,-0.000228,0.0,1.0,0.0,806.7174688388067,0.0,806.7174688388067
1668812173.3312562,0.044593,0.0,-0.000228,0.0,1.0,0.0,806.7174688388067,0.0,806.7174688388067
1668812233.1362522,0.044653,5.999999999999756e-05,-0.000241,-1.299999999999999e-05,1.0,0.0,806.7174688388067,0.0,806.7174688388067
1668812293.085602,0.044681,2.8000000000000247e-05,-0.000145,9.6e-05,0.0,1.0,0.0,18055.045071480195,806.7174688388066
1668812353.2657485,0.044688,7.000000000000062e-06,-0.000138,7.000000000000008e-06,0.0,1.0,0.0,18055.045071480195,806.843854154307
1668812413.1092632,0.044694,5.999999999999062e-06,-0.000132,5.999999999999983e-06,0.0,1.0,0.0,18055.045071480195,806.9521844247358
1668812473.1165864,0.044694,0.0,-0.000132,0.0,0.0,1.0,0.0,18055.045071480195,806.9521844247358
1668812533.1385393,0.044694,0.0,-0.000132,0.0,0.0,1.0,0.0,18055.045071480195,806.9521844247358
1668812593.2027843,0.044811,0.0001169999999999,4.1e-05,0.000173,0.0,1.0,0.0,18055.045071480195,809.064624698099
1668812653.1674316,0.04485,3.900000000000431e-05,0.000254,0.000213,0.0,1.0,0.0,18055.045071480195,809.7687714558867
1668812713.2197387,0.044916,6.599999999999662e-05,0.00032,6.600000000000003e-05,0.0,1.0,0.0,18055.045071480195,810.9604044306044
1668812773.2225804,0.04488,-3.599999999999437e-05,-6e-06,-0.000326,1.0,0.0,810.3104228080313,0.0,810.3104228080313
1668812832.9177525,0.04488,0.0,6.9e-05,7.5e-05,0.0,1.0,0.0,18055.045071480195,810.3104228080313
1668812893.3668242,0.0448,-8.000000000000368e-05,6.4e-05,-5e-06,1.0,0.0,808.8660192023127,0.0,808.8660192023127
1668812953.2970045,0.0448,0.0,6.4e-05,0.0,1.0,0.0,808.8660192023127,0.0,808.8660192023127
1668813013.2192788,0.0448,0.0,6.4e-05,0.0,1.0,0.0,808.8660192023127,0.0,808.8660192023127
1668813073.1954584,0.0448,0.0,6.4e-05,0.0,1.0,0.0,808.8660192023127,0.0,808.8660192023127
1668813133.132483,0.0448,0.0,6.4e-05,0.0,1.0,0.0,808.8660192023127,0.0,808.8660192023127
1668813192.9797585,0.0448,0.0,6.4e-05,0.0,1.0,0.0,808.8660192023127,0.0,808.8660192023127
1668813253.1324842,0.044852,5.200000000000343e-05,0.000259,0.000195,0.0,1.0,0.0,18034.112619332755,808.8660192023127
1668813313.2773447,0.04483,-2.2000000000001185e-05,0.000177,-8.200000000000001e-05,1.0,0.0,808.4692687246874,0.0,808.4692687246874
1668813373.2373817,0.04483,0.0,0.000177,0.0,1.0,0.0,808.4692687246874,0.0,808.4692687246874
1668813433.0816865,0.04483,0.0,0.000177,0.0,1.0,0.0,808.4692687246874,0.0,808.4692687246874
1668813493.2733486,0.04483,0.0,0.000177,0.0,1.0,0.0,808.4692687246874,0.0,808.4692687246874
1668813553.022195,0.04483,0.0,0.000177,0.0,1.0,0.0,808.4692687246874,0.0,808.4692687246874
1668813613.0855403,0.044912,8.199999999999874e-05,0.000231,5.400000000000001e-05,0.0,1.0,0.0,18001.186068861047,808.4692687246874
1668813673.118511,0.044838,-7.399999999999768e-05,0.000157,-7.400000000000001e-05,1.0,0.0,807.1371809555917,0.0,807.1371809555917
1668813733.1153846,0.044838,0.0,0.000157,0.0,1.0,0.0,807.1371809555917,0.0,807.1371809555917
1668813793.1733792,0.044838,0.0,0.000157,0.0,1.0,0.0,807.1371809555917,0.0,807.1371809555917
1668813853.1303284,0.044838,0.0,0.000157,0.0,1.0,0.0,807.1371809555917,0.0,807.1371809555917
1668813912.935632,0.044838,0.0,0.000157,0.0,1.0,0.0,807.1371809555917,0.0,807.1371809555917
1668813973.1716323,0.044838,0.0,0.000157,0.0,1.0,0.0,807.1371809555917,0.0,807.1371809555917
1668814033.3482578,0.044838,0.0,0.000157,0.0,1.0,0.0,807.1371809555917,0.0,807.1371809555917
1668814093.1382513,0.044832,-6.0000000000060005e-06,5.2e-05,-0.000105,1.0,0.0,807.1371809555917,0.0,807.1371809555917
1668814153.1409175,0.044838,6.0000000000060005e-06,5.8e-05,6.000000000000004e-06,0.0,1.0,0.0,18001.186068861047,807.1371809555917
1668814213.178972,0.0448,-3.800000000000331e-05,-5e-05,-0.000108,1.0,0.0,806.4531358849749,0.0,806.4531358849749
1668814273.131139,0.0448,0.0,-5e-05,0.0,1.0,0.0,806.4531358849749,0.0,806.4531358849749
1668814333.296359,0.044806,5.999999999999062e-06,-0.00011,-6e-05,1.0,0.0,806.4531358849749,0.0,806.4531358849749
1668814393.132872,0.0448,-5.999999999999062e-06,-0.000116,-5.999999999999997e-06,1.0,0.0,806.4531358849749,0.0,806.4531358849749
1668814453.259452,0.044772,-2.8000000000000247e-05,-0.000108,8.000000000000005e-06,0.0,1.0,0.0,18012.443846264963,806.4531358849749
1668814513.2079988,0.044772,0.0,-0.000108,0.0,0.0,1.0,0.0,18012.443846264963,806.4531358849749
1668814573.1312392,0.044606,-0.0001659999999999,-0.000274,-0.000166,1.0,0.0,803.463070206495,0.0,803.463070206495
1668814633.7762969,0.044592,-1.4000000000000123e-05,-0.000288,-1.4000000000000017e-05,1.0,0.0,803.463070206495,0.0,803.463070206495
1668814693.1511495,0.044592,0.0,-0.000208,8.000000000000002e-05,0.0,1.0,0.0,18018.09899099603,803.463070206495
1668814753.0598075,0.044518,-7.399999999999768e-05,-0.000312,-0.000104,1.0,0.0,802.1297308811613,0.0,802.1297308811613
1668814813.3189733,0.044597,7.899999999999574e-05,-0.000233,7.9e-05,0.0,1.0,0.0,17986.181377248726,802.1297308811614
1668814873.021344,0.044588,-8.999999999995123e-06,-0.00025,-1.7000000000000007e-05,1.0,0.0,801.9678552487662,0.0,801.9678552487662
1668814933.6426136,0.04459,1.9999999999950613e-06,-0.000248,1.9999999999999944e-06,0.0,1.0,0.0,17985.374641147482,801.9678552487662
1668814993.253872,0.04459,0.0,-0.00024,8.000000000000005e-06,0.0,1.0,0.0,17985.374641147482,801.9678552487662
1668815053.299409,0.044601,1.1000000000004062e-05,-0.000229,1.0999999999999996e-05,0.0,1.0,0.0,17985.374641147482,802.1656943698189
1668815113.0388331,0.044601,0.0,-0.000229,0.0,0.0,1.0,0.0,17985.374641147482,802.1656943698189
1668815173.1726286,0.044601,0.0,-0.000229,0.0,0.0,1.0,0.0,17985.374641147482,802.1656943698189
1668815233.2432003,0.044601,0.0,-0.000229,0.0,0.0,1.0,0.0,17985.374641147482,802.1656943698189
1668815293.3825552,0.04456,-4.099999999999937e-05,-0.00024,-1.0999999999999996e-05,1.0,0.0,801.4282940095319,0.0,801.4282940095319
1668815353.203117,0.044521,-3.900000000000431e-05,-0.000279,-3.9e-05,1.0,0.0,801.4282940095319,0.0,801.4282940095319
1668815413.3518188,0.044521,0.0,-0.000279,0.0,1.0,0.0,801.4282940095319,0.0,801.4282940095319
1668815473.419845,0.044521,0.0,-0.000279,0.0,1.0,0.0,801.4282940095319,0.0,801.4282940095319
1668815533.1535456,0.044551,3.0000000000002247e-05,-0.000221,5.8e-05,0.0,1.0,0.0,17989.007968609727,801.4282940095319
1668815593.1762996,0.044521,-3.0000000000002247e-05,-0.000251,-2.999999999999997e-05,1.0,0.0,800.8886237704736,0.0,800.8886237704736
1668815654.5391836,0.044521,0.0,-0.000251,0.0,1.0,0.0,800.8886237704736,0.0,800.8886237704736
1668815713.6194196,0.044521,0.0,-0.000251,0.0,1.0,0.0,800.8886237704736,0.0,800.8886237704736
1668815774.4753551,0.044521,0.0,-0.000251,0.0,1.0,0.0,800.8886237704736,0.0,800.8886237704736
1668815833.9253223,0.044521,0.0,-0.000251,0.0,1.0,0.0,800.8886237704736,0.0,800.8886237704736
1668815894.5069804,0.044521,0.0,-0.000251,0.0,1.0,0.0,800.8886237704736,0.0,800.8886237704736
1668815953.602661,0.044521,0.0,-7.1e-05,0.0001799999999999,0.0,1.0,0.0,17989.007968609727,800.8886237704736
1668816013.943038,0.044517,-3.9999999999970615e-06,-9.7e-05,-2.5999999999999995e-05,1.0,0.0,800.8166677385992,0.0,800.8166677385992
1668816076.5327077,0.044617,9.999999999999593e-05,9.9e-05,0.000196,0.0,1.0,0.0,17948.68923815136,800.8166677385992
1668816133.5332778,0.04455,-6.699999999999762e-05,-5e-05,-0.000149,1.0,0.0,799.6141055596431,0.0,799.6141055596431
1668816193.8451293,0.044569,1.8999999999998185e-05,-3.1e-05,1.9e-05,0.0,1.0,0.0,17941.03761716985,799.6141055596431
1668816253.994486,0.04455,-1.8999999999998185e-05,-3.8e-05,-7.000000000000001e-06,1.0,0.0,799.2732258449169,0.0,799.2732258449169
1668816313.8030963,0.044595,4.500000000000337e-05,5e-06,4.3e-05,0.0,1.0,0.0,17922.933643792283,799.2732258449169
1668816673.9107244,0.044544,-5.100000000000243e-05,2.3e-05,1.8e-05,0.0,1.0,0.0,17922.933643792283,798.3591562290835
1668817093.6619503,0.044588,4.400000000000237e-05,6.7e-05,4.4e-05,0.0,1.0,0.0,17922.933643792283,799.1477653094104
1668817273.6923864,0.044633,4.499999999999643e-05,6.4e-05,-3.000000000000005e-06,1.0,0.0,799.954297323381,0.0,799.954297323381
1668817513.7901857,0.044563,-7.000000000000062e-05,-3.4e-05,-9.8e-05,1.0,0.0,799.954297323381,0.0,799.954297323381
1668817573.6332955,0.044563,0.0,-3.4e-05,0.0,1.0,0.0,799.954297323381,0.0,799.954297323381
1668817633.669127,0.044563,0.0,-3.4e-05,0.0,1.0,0.0,799.954297323381,0.0,799.954297323381
1668817753.8868666,0.044497,-6.599999999999662e-05,-4.9e-05,-1.5e-05,1.0,0.0,799.954297323381,0.0,799.954297323381
1668817813.8028877,0.044597,9.999999999999593e-05,7e-06,5.6e-05,0.0,1.0,0.0,17937.401558925063,799.954297323381
1668817873.876414,0.044597,0.0,7e-06,0.0,0.0,1.0,0.0,17937.401558925063,799.954297323381
1668817934.0905411,0.044544,-5.299999999999749e-05,2.3e-05,1.6e-05,0.0,1.0,0.0,17937.401558925063,799.0036150407581
1668817993.674709,0.044584,3.999999999999837e-05,0.000134,0.000111,0.0,1.0,0.0,17937.401558925063,799.7211111031149
1668818053.7458944,0.044584,0.0,0.000134,0.0,0.0,1.0,0.0,17937.401558925063,799.7211111031149
1668818113.7736802,0.044588,4.000000000004e-06,6.6e-05,-6.8e-05,1.0,0.0,799.7928607093507,0.0,799.7928607093507
1668818174.0640273,0.044637,4.900000000000043e-05,6.8e-05,1.9999999999999944e-06,0.0,1.0,0.0,17917.710883557378,799.7928607093507
1668818233.8454602,0.044584,-5.300000000000443e-05,-4e-06,-7.2e-05,1.0,0.0,798.8432220325221,0.0,798.8432220325221
1668818293.9408946,0.044563,-2.1000000000000185e-05,-3.4e-05,-3e-05,1.0,0.0,798.8432220325221,0.0,798.8432220325221
1668818354.0362203,0.044524,-3.899999999999737e-05,-0.000131,-9.7e-05,1.0,0.0,798.8432220325221,0.0,798.8432220325221
1668818414.232985,0.044534,9.999999999996125e-06,-0.000103,2.8000000000000017e-05,0.0,1.0,0.0,17937.82777276962,798.8432220325221
1668818473.9955113,0.04454,6.0000000000060005e-06,-9.7e-05,5.999999999999997e-06,0.0,1.0,0.0,17937.82777276962,798.9508489991589
1668818533.9315765,0.04454,0.0,-2.3e-05,7.4e-05,0.0,1.0,0.0,17937.82777276962,798.9508489991589
1668818593.881121,0.04454,0.0,-2.3e-05,0.0,0.0,1.0,0.0,17937.82777276962,798.9508489991589
1668818653.9331205,0.04454,0.0,-2.3e-05,0.0,0.0,1.0,0.0,17937.82777276962,798.9508489991589
1668818713.883837,0.044505,-3.500000000000031e-05,8e-06,3.1e-05,0.0,1.0,0.0,17937.82777276962,798.323025027112
1668818774.0833085,0.044512,7.000000000000062e-06,-6e-05,-6.8e-05,1.0,0.0,798.4485898215213,0.0,798.4485898215213
1668818833.8825934,0.044552,3.999999999999837e-05,-3.2e-05,2.8000000000000003e-05,0.0,1.0,0.0,17921.722702045277,798.4485898215212
1668818894.0023649,0.044542,-1.0000000000003062e-05,1.4e-05,4.6e-05,0.0,1.0,0.0,17921.722702045277,798.2693725945007
1668818953.76289,0.044563,2.1000000000000185e-05,3.5e-05,2.0999999999999995e-05,0.0,1.0,0.0,17921.722702045277,798.6457287712436
1668819014.0051098,0.044594,3.100000000000325e-05,1e-05,-2.5e-05,1.0,0.0,799.2013021750072,0.0,799.2013021750072
1668819073.741715,0.0446,5.999999999999062e-06,6e-05,5e-05,0.0,1.0,0.0,17919.3117079598,799.2013021750072
1668819133.7189617,0.0446,0.0,6e-05,0.0,0.0,1.0,0.0,17919.3117079598,799.2013021750072
1668819193.765399,0.0446,0.0,6e-05,0.0,0.0,1.0,0.0,17919.3117079598,799.2013021750072
1668819253.896774,0.044603,2.9999999999960614e-06,6.3e-05,2.9999999999999984e-06,0.0,1.0,0.0,17919.3117079598,799.255060110131
1668819313.7075686,0.0446,-2.9999999999960614e-06,6e-05,-2.9999999999999984e-06,1.0,0.0,799.2013021750072,0.0,799.2013021750072
1668819373.972893,0.0446,0.0,6e-05,0.0,1.0,0.0,799.2013021750072,0.0,799.2013021750072
1668819433.8708217,0.04467,7.000000000000062e-05,0.000101,4.1e-05,0.0,1.0,0.0,17891.231300089705,799.2013021750072
1668819493.9453013,0.04467,0.0,0.000101,0.0,0.0,1.0,0.0,17891.231300089705,799.2013021750072
1668819554.1138642,0.04467,0.0,0.000101,0.0,0.0,1.0,0.0,17891.231300089705,799.2013021750072
1668819613.758293,0.04467,0.0,0.000101,0.0,0.0,1.0,0.0,17891.231300089705,799.2013021750072
1668819673.8493,0.04467,0.0,0.000101,0.0,0.0,1.0,0.0,17891.231300089705,799.2013021750072
1668819733.6149356,0.044666,-4.000000000004e-06,0.000161,6.000000000000001e-05,0.0,1.0,0.0,17891.231300089705,799.1297372498067
1668819793.5850246,0.044666,0.0,0.000161,0.0,0.0,1.0,0.0,17891.231300089705,799.1297372498067
1668819853.897287,0.044666,0.0,0.000161,0.0,0.0,1.0,0.0,17891.231300089705,799.1297372498067
1668819913.8298676,0.044666,0.0,0.000161,0.0,0.0,1.0,0.0,17891.231300089705,799.1297372498067
1668819973.7164123,0.044666,0.0,0.000102,-5.900000000000001e-05,1.0,0.0,799.1297372498067,0.0,799.1297372498067
1668820033.9072728,0.044667,1.000000000001e-06,6.7e-05,-3.5e-05,1.0,0.0,799.1297372498067,0.0,799.1297372498067
1668820093.6976063,0.044667,0.0,6.7e-05,0.0,1.0,0.0,799.1297372498067,0.0,799.1297372498067
1668820153.7760246,0.044667,0.0,6.7e-05,0.0,1.0,0.0,799.1297372498067,0.0,799.1297372498067
1668820214.2591484,0.044666,-1.000000000001e-06,0.000103,3.5999999999999994e-05,0.0,1.0,0.0,17891.231300089705,799.1297372498067
1668820273.991752,0.044615,-5.099999999999549e-05,5.2e-05,-5.1e-05,1.0,0.0,798.2172844535022,0.0,798.2172844535022
1668820334.3070712,0.044607,-8.000000000001062e-06,1.3e-05,-3.9e-05,1.0,0.0,798.2172844535022,0.0,798.2172844535022
1668820393.9772344,0.044607,0.0,1.3e-05,0.0,1.0,0.0,798.2172844535022,0.0,798.2172844535022
1668820453.9713848,0.044607,0.0,7e-06,-5.999999999999999e-06,1.0,0.0,798.2172844535022,0.0,798.2172844535022
1668820515.37676,0.044589,-1.8000000000004124e-05,-1.1e-05,-1.8e-05,1.0,0.0,798.2172844535022,0.0,798.2172844535022
1668820575.0447776,0.044589,0.0,-1.1e-05,0.0,1.0,0.0,798.2172844535022,0.0,798.2172844535022
1668820635.035789,0.044589,0.0,-1.1e-05,0.0,1.0,0.0,798.2172844535022,0.0,798.2172844535022
1668820696.041304,0.044589,0.0,-1.1e-05,0.0,1.0,0.0,798.2172844535022,0.0,798.2172844535022
1668820755.9206734,0.044589,0.0,-1.1e-05,0.0,1.0,0.0,798.2172844535022,0.0,798.2172844535022
1668820815.6564894,0.044669,8.000000000000368e-05,6.9e-05,7.999999999999999e-05,0.0,1.0,0.0,17869.602732398358,798.2172844535023
1668820876.595811,0.044607,-6.199999999999956e-05,-6.3e-05,-0.000132,1.0,0.0,797.1093690840936,0.0,797.1093690840936
1668820936.3009417,0.044685,7.800000000000168e-05,1.5e-05,7.8e-05,0.0,1.0,0.0,17838.410408058488,797.1093690840936
1668820996.026358,0.044633,-5.200000000000343e-05,-3.7e-05,-5.2e-05,1.0,0.0,796.1817717428745,0.0,796.1817717428745
1668821057.5616496,0.044633,0.0,-3.7e-05,0.0,1.0,0.0,796.1817717428745,0.0,796.1817717428745
1668821116.735667,0.044633,0.0,-3.7e-05,0.0,1.0,0.0,796.1817717428745,0.0,796.1817717428745
1668821176.030277,0.044633,0.0,-3.7e-05,0.0,1.0,0.0,796.1817717428745,0.0,796.1817717428745
1668821237.5079772,0.044633,0.0,-3.7e-05,0.0,1.0,0.0,796.1817717428745,0.0,796.1817717428745
1668870526.0378993,0.044758,0.000125,-1e-05,2.7e-05,0.0,1.0,0.0,17788.591352224732,796.1817717428745
1668870585.955223,0.044758,0.0,-1e-05,0.0,0.0,1.0,0.0,17788.591352224732,796.1817717428745
1668870645.791141,0.044758,0.0,4.5e-05,5.5e-05,0.0,1.0,0.0,17788.591352224732,796.1817717428745
1668870710.7099748,0.044737,-2.1000000000000185e-05,-2.5e-05,-7.000000000000001e-05,1.0,0.0,795.8082113244778,0.0,795.8082113244778
1668870765.7787943,0.044708,-2.9000000000001247e-05,-1.2e-05,1.3e-05,0.0,1.0,0.0,17800.12998399566,795.8082113244778
1668870825.8712068,0.044708,0.0,-1.2e-05,0.0,0.0,1.0,0.0,17800.12998399566,795.8082113244778
1668870886.016535,0.044708,0.0,-1.2e-05,0.0,0.0,1.0,0.0,17800.12998399566,795.8082113244778
1668870945.9775336,0.044708,0.0,-1.2e-05,0.0,0.0,1.0,0.0,17800.12998399566,795.8082113244778
1668871005.760223,0.0447,-8.000000000001062e-06,-1.3e-05,-9.99999999999999e-07,1.0,0.0,795.6658102846059,0.0,795.6658102846059
1668871066.8338928,0.0447,0.0,-1.3e-05,0.0,1.0,0.0,795.6658102846059,0.0,795.6658102846059
1668871125.6036894,0.0447,0.0,-1.3e-05,0.0,1.0,0.0,795.6658102846059,0.0,795.6658102846059
1668871185.779394,0.0447,0.0,-1.3e-05,0.0,1.0,0.0,795.6658102846059,0.0,795.6658102846059
1668871246.13597,0.044747,4.700000000000537e-05,-1.1e-05,1.9999999999999995e-06,0.0,1.0,0.0,17781.43362202172,795.6658102846059
1668871305.8426642,0.044747,0.0,-1.1e-05,0.0,0.0,1.0,0.0,17781.43362202172,795.6658102846059
1668871365.9898982,0.044747,0.0,-1.1e-05,0.0,0.0,1.0,0.0,17781.43362202172,795.6658102846059
1668871425.6776645,0.044747,0.0,-1.1e-05,0.0,0.0,1.0,0.0,17781.43362202172,795.6658102846059
1668871485.987639,0.044747,0.0,-1.1e-05,0.0,0.0,1.0,0.0,17781.43362202172,795.6658102846059
1668871545.9772043,0.044747,0.0,-1.1e-05,0.0,0.0,1.0,0.0,17781.43362202172,795.6658102846059
1668871605.8242447,0.044747,0.0,-1.1e-05,0.0,0.0,1.0,0.0,17781.43362202172,795.6658102846059
1668871667.2926033,0.044695,-5.200000000000343e-05,-6.3e-05,-5.2e-05,1.0,0.0,794.7411757362607,0.0,794.7411757362607
1668871725.7130742,0.044695,0.0,-9.5e-05,-3.2000000000000005e-05,1.0,0.0,794.7411757362607,0.0,794.7411757362607
1668871786.0279164,0.044692,-2.9999999999960614e-06,-9.8e-05,-2.999999999999992e-06,1.0,0.0,794.7411757362607,0.0,794.7411757362607
1668871845.874087,0.044692,0.0,-9.8e-05,0.0,1.0,0.0,794.7411757362607,0.0,794.7411757362607
1668871906.08413,0.044692,0.0,-9.8e-05,0.0,1.0,0.0,794.7411757362607,0.0,794.7411757362607
1668871966.8164797,0.044692,0.0,-9.8e-05,0.0,1.0,0.0,794.7411757362607,0.0,794.7411757362607
1668872025.9239805,0.044692,0.0,-9.8e-05,0.0,1.0,0.0,794.7411757362607,0.0,794.7411757362607
1668872085.8317945,0.044691,-1.000000000001e-06,-9.9e-05,-9.999999999999972e-07,1.0,0.0,794.7411757362607,0.0,794.7411757362607
1668872146.0879445,0.044691,0.0,-9.9e-05,0.0,1.0,0.0,794.7411757362607,0.0,794.7411757362607
1668872205.8301606,0.044691,0.0,-9.9e-05,0.0,1.0,0.0,794.7411757362607,0.0,794.7411757362607
1668872266.7842624,0.044691,0.0,-9.9e-05,0.0,1.0,0.0,794.7411757362607,0.0,794.7411757362607
1668872326.5287492,0.044691,0.0,-6.7e-05,3.199999999999999e-05,0.0,1.0,0.0,17783.02512220046,794.7411757362607
1668872385.850514,0.044691,0.0,-6.7e-05,0.0,0.0,1.0,0.0,17783.02512220046,794.7411757362607
1668872445.742466,0.044691,0.0,-2.2e-05,4.5e-05,0.0,1.0,0.0,17783.02512220046,794.7411757362607
1668872505.914515,0.044691,0.0,-2.2e-05,0.0,0.0,1.0,0.0,17783.02512220046,794.7411757362607
1668872565.8277469,0.044691,0.0,-2.2e-05,0.0,0.0,1.0,0.0,17783.02512220046,794.7411757362607
1668872626.1461506,0.044691,0.0,-2.2e-05,0.0,0.0,1.0,0.0,17783.02512220046,794.7411757362607
1668872685.7282474,0.044691,0.0,-2.2e-05,0.0,0.0,1.0,0.0,17783.02512220046,794.7411757362607
1668872746.0962358,0.044717,2.5999999999998247e-05,-2e-05,1.999999999999998e-06,0.0,1.0,0.0,17783.02512220046,795.2035343894379
1668872806.4574275,0.044717,0.0,-2e-05,0.0,0.0,1.0,0.0,17783.02512220046,795.2035343894379
1668872866.6118622,0.044691,-2.5999999999998247e-05,-1.7e-05,3.0000000000000018e-06,0.0,1.0,0.0,17783.02512220046,794.7411757362607
1668872925.9463315,0.044691,0.0,-7e-06,1e-05,0.0,1.0,0.0,17783.02512220046,794.7411757362607
1668872986.8209288,0.044749,5.799999999999556e-05,5.1e-05,5.8e-05,0.0,1.0,0.0,17783.02512220046,795.7725911933483
1668873046.2910435,0.044749,0.0,5.1e-05,0.0,0.0,1.0,0.0,17783.02512220046,795.7725911933483
1668873106.2849874,0.044749,0.0,5.1e-05,0.0,0.0,1.0,0.0,17783.02512220046,795.7725911933483
1668873166.332975,0.044731,-1.7999999999997185e-05,3.1e-05,-2e-05,1.0,0.0,795.4524967411487,0.0,795.4524967411487
1668873226.1576068,0.044731,0.0,3.1e-05,0.0,1.0,0.0,795.4524967411487,0.0,795.4524967411487
1668873286.4384055,0.044731,0.0,3.1e-05,0.0,1.0,0.0,795.4524967411487,0.0,795.4524967411487
1668873346.2554083,0.044731,0.0,3.1e-05,0.0,1.0,0.0,795.4524967411487,0.0,795.4524967411487
1668873406.3686988,0.044731,0.0,3.1e-05,0.0,1.0,0.0,795.4524967411487,0.0,795.4524967411487
1668873466.9636354,0.044731,0.0,-1.6e-05,-4.7e-05,1.0,0.0,795.4524967411487,0.0,795.4524967411487
1668873526.3243322,0.044691,-3.999999999999837e-05,-1e-06,1.5e-05,0.0,1.0,0.0,17798.941548435898,795.4524967411487
1668873586.0563135,0.044691,0.0,-1e-06,0.0,0.0,1.0,0.0,17798.941548435898,795.4524967411487
1668873646.369036,0.044692,1.000000000001e-06,1e-06,2e-06,0.0,1.0,0.0,17798.941548435898,795.4702956826972
1668873706.1999526,0.044632,-6.0000000000004494e-05,-5.9e-05,-6e-05,1.0,0.0,794.402359189791,0.0,794.402359189791
1668873766.5540483,0.044689,5.700000000000149e-05,-2e-06,5.7e-05,0.0,1.0,0.0,17776.23932488512,794.402359189791
1668873826.5309029,0.04469,1.000000000001e-06,-1e-06,1e-06,0.0,1.0,0.0,17776.23932488512,794.4201354291159
1668873886.1044805,0.044674,-1.6000000000002124e-05,-4.3e-05,-4.2e-05,1.0,0.0,794.1357155999177,0.0,794.1357155999177
1668873945.8901296,0.044674,0.0,-4.3e-05,0.0,1.0,0.0,794.1357155999177,0.0,794.1357155999177
1668874006.0856156,0.044674,0.0,-4.3e-05,0.0,1.0,0.0,794.1357155999177,0.0,794.1357155999177
1668874067.0106509,0.044674,0.0,-4.3e-05,0.0,1.0,0.0,794.1357155999177,0.0,794.1357155999177
1668874126.29935,0.044674,0.0,-4.3e-05,0.0,1.0,0.0,794.1357155999177,0.0,794.1357155999177
1668874186.1816678,0.044616,-5.799999999999556e-05,-7.5e-05,-3.199999999999999e-05,1.0,0.0,794.1357155999177,0.0,794.1357155999177
1668874246.127682,0.044616,0.0,-7.5e-05,0.0,1.0,0.0,794.1357155999177,0.0,794.1357155999177
1668874306.1740866,0.044616,0.0,-7.5e-05,0.0,1.0,0.0,794.1357155999177,0.0,794.1357155999177
1668874365.927577,0.044616,0.0,-7.5e-05,0.0,1.0,0.0,794.1357155999177,0.0,794.1357155999177
1668874426.143767,0.044616,0.0,-0.000133,-5.8000000000000014e-05,1.0,0.0,794.1357155999177,0.0,794.1357155999177
1668874485.9897478,0.044689,7.299999999999668e-05,-4.2e-05,9.100000000000002e-05,0.0,1.0,0.0,17770.272675600656,794.1357155999177
1668874546.3479323,0.044689,0.0,-4.2e-05,0.0,0.0,1.0,0.0,17770.272675600656,794.1357155999177
1668874606.591088,0.044659,-3.0000000000002247e-05,-7.2e-05,-3.0000000000000004e-05,1.0,0.0,793.6026074196496,0.0,793.6026074196496
1668874666.8810945,0.044652,-7.000000000000062e-06,-7.9e-05,-6.999999999999994e-06,1.0,0.0,793.6026074196496,0.0,793.6026074196496
1668874726.2149217,0.044718,6.600000000000356e-05,-1.3e-05,6.599999999999999e-05,0.0,1.0,0.0,17746.826947082824,793.6026074196498
1668874786.1573727,0.04472,2.000000000002e-06,-1.1e-05,1.9999999999999995e-06,0.0,1.0,0.0,17746.826947082824,793.6381010735439
1668874846.1728103,0.04472,0.0,-1.1e-05,0.0,0.0,1.0,0.0,17746.826947082824,793.6381010735439
1668874906.1590154,0.04472,0.0,-1.1e-05,0.0,0.0,1.0,0.0,17746.826947082824,793.6381010735439
1669655807.3634222,0.046844,0.0021239999999999,0.00041,0.000421,0.0,1.0,0.0,17746.826947082824,831.3323615091477
1669655867.4076405,0.046788,-5.599999999999356e-05,0.000523,0.000113,0.0,1.0,0.0,17746.826947082824,830.3385392001112
1669655927.4638517,0.046558,-0.00023,0.000293,-0.00023,1.0,0.0,826.2567690022821,0.0,826.2567690022821
1669655987.5706763,0.046554,-4.000000000004e-06,0.000112,-0.000181,1.0,0.0,826.2567690022821,0.0,826.2567690022821
1669656047.6400375,0.046702,0.000148,0.000162,5.000000000000001e-05,0.0,1.0,0.0,17692.106740659547,826.2567690022821
1669656107.4943223,0.046689,-1.2999999999999123e-05,0.000149,-1.3000000000000018e-05,1.0,0.0,826.0267716146536,0.0,826.0267716146536
1669656167.7058103,0.046677,-1.1999999999998123e-05,5.7e-05,-9.2e-05,1.0,0.0,826.0267716146536,0.0,826.0267716146536
1669656227.7338855,0.046689,1.1999999999998123e-05,6.9e-05,1.1999999999999994e-05,0.0,1.0,0.0,17692.106740659547,826.0267716146536
1669656287.5034273,0.046689,0.0,6.9e-05,0.0,0.0,1.0,0.0,17692.106740659547,826.0267716146536
1669656347.696057,0.046689,0.0,6.9e-05,0.0,0.0,1.0,0.0,17692.106740659547,826.0267716146536
1669656407.6257925,0.046807,0.000118,0.00013,6.099999999999999e-05,0.0,1.0,0.0,17692.106740659547,828.1144402100514
1669656467.7981682,0.046692,-0.000115,1.5e-05,-0.0001149999999999,1.0,0.0,826.0798479348755,0.0,826.0798479348755
1669656527.6928709,0.046692,0.0,1.5e-05,0.0,1.0,0.0,826.0798479348755,0.0,826.0798479348755
1669656587.7692597,0.046841,0.000149,8.6e-05,7.1e-05,0.0,1.0,0.0,17635.828610296012,826.0798479348755
1669656647.9163098,0.046859,1.7999999999997185e-05,0.000104,1.799999999999999e-05,0.0,1.0,0.0,17635.828610296012,826.3972928498608
1669656707.6687658,0.04692,6.100000000000549e-05,9e-05,-1.3999999999999988e-05,1.0,0.0,827.4730783950889,0.0,827.4730783950889
1669656767.7577777,0.046806,-0.000114,-2.4e-05,-0.000114,1.0,0.0,827.4730783950889,0.0,827.4730783950889
1669656827.5829432,0.046876,7.000000000000062e-05,3.2e-05,5.6e-05,0.0,1.0,0.0,17652.38242160357,827.4730783950889
1669656887.6480825,0.046876,0.0,3.2e-05,0.0,0.0,1.0,0.0,17652.38242160357,827.4730783950889
1669656947.7146554,0.046882,5.999999999999062e-06,0.000324,0.000292,0.0,1.0,0.0,17652.38242160357,827.5789926896185
1669657007.5775416,0.0468,-8.199999999999874e-05,4.6e-05,-0.000278,1.0,0.0,826.1314973310471,0.0,826.1314973310471
1669657067.734854,0.046793,-7.000000000000062e-06,3.9e-05,-7.000000000000001e-06,1.0,0.0,826.1314973310471,0.0,826.1314973310471
1669657127.7173295,0.046793,0.0,3.9e-05,0.0,1.0,0.0,826.1314973310471,0.0,826.1314973310471
1669657187.723903,0.046793,0.0,3.9e-05,0.0,1.0,0.0,826.1314973310471,0.0,826.1314973310471
1669657247.6670194,0.046717,-7.599999999999968e-05,2.8e-05,-1.1e-05,1.0,0.0,826.1314973310471,0.0,826.1314973310471
1669657307.9356878,0.046719,1.9999999999950613e-06,3e-05,2.000000000000001e-06,0.0,1.0,0.0,17682.987592436635,826.1314973310471
1669657367.8192503,0.046719,0.0,3e-05,0.0,0.0,1.0,0.0,17682.987592436635,826.1314973310471
1669657427.692012,0.046712,-7.000000000000062e-06,2e-05,-1e-05,1.0,0.0,826.0077164179,0.0,826.0077164179
1669657487.8797045,0.046707,-4.9999999999980616e-06,1.5e-05,-5.000000000000001e-06,1.0,0.0,826.0077164179,0.0,826.0077164179
1669657547.814464,0.04681,0.0001029999999999,-4.7e-05,-6.2e-05,1.0,0.0,826.0077164179,0.0,826.0077164179
1669657607.759615,0.046848,3.800000000000331e-05,-5.6e-05,-9.000000000000002e-06,1.0,0.0,826.0077164179,0.0,826.0077164179
1669657667.8349705,0.046897,4.900000000000043e-05,9.1e-05,0.000147,0.0,1.0,0.0,17613.231473610253,826.0077164179
1669657727.7302787,0.046893,-4.000000000004e-06,8.7e-05,-4.000000000000002e-06,1.0,0.0,825.9372634920055,0.0,825.9372634920055
1669657787.6767948,0.046988,9.50000000000048e-05,0.000112,2.5e-05,0.0,1.0,0.0,17577.621169064558,825.9372634920055
1669657847.6588347,0.046982,-5.999999999999062e-06,0.000106,-5.999999999999997e-06,1.0,0.0,825.831797764991,0.0,825.831797764991
1669657907.5710263,0.046988,5.999999999999062e-06,0.000116,1e-05,0.0,1.0,0.0,17575.376644355816,825.8317977649912
1669657967.7320838,0.046998,9.999999999996125e-06,0.000126,1e-05,0.0,1.0,0.0,17575.376644355816,826.0075515314346
1669658027.9416788,0.047044,4.600000000000437e-05,0.000326,0.0002,0.0,1.0,0.0,17575.376644355816,826.816018857075
1669658087.951417,0.047044,0.0,0.000326,0.0,0.0,1.0,0.0,17575.376644355816,826.816018857075
1669658147.6985602,0.047044,0.0,0.000337,1.0999999999999996e-05,0.0,1.0,0.0,17575.376644355816,826.816018857075
1669658207.78629,0.047085,4.099999999999937e-05,0.000308,-2.9e-05,1.0,0.0,827.5366092994936,0.0,827.5366092994936
1669658267.6251614,0.046998,-8.700000000000374e-05,9.3e-05,-0.000215,1.0,0.0,827.5366092994936,0.0,827.5366092994936
1669658327.820712,0.04699,-8.000000000001062e-06,8.5e-05,-7.999999999999991e-06,1.0,0.0,827.5366092994936,0.0,827.5366092994936
1669658387.6543136,0.04699,0.0,8.5e-05,0.0,1.0,0.0,827.5366092994936,0.0,827.5366092994936
1669658447.840552,0.04699,0.0,8.5e-05,0.0,1.0,0.0,827.5366092994936,0.0,827.5366092994936
1669658507.8178754,0.04699,0.0,8.5e-05,0.0,1.0,0.0,827.5366092994936,0.0,827.5366092994936
1669658567.9102254,0.046923,-6.699999999999762e-05,3e-05,-5.500000000000001e-05,1.0,0.0,827.5366092994936,0.0,827.5366092994936
1669658627.9743788,0.046985,6.199999999999956e-05,9.2e-05,6.2e-05,0.0,1.0,0.0,17612.783000946976,827.5366092994936
1669658687.8476973,0.047253,0.000268,0.000266,0.000174,0.0,1.0,0.0,17612.783000946976,832.2568351437475
1669658747.7693918,0.047136,-0.000117,0.000149,-0.000117,1.0,0.0,830.1961395326366,0.0,830.1961395326366
1669658807.7621517,0.047243,0.000107,0.000255,0.000106,0.0,1.0,0.0,17572.892058773505,830.1961395326367
1669658867.7337663,0.047391,0.000148,0.000393,0.000138,0.0,1.0,0.0,17572.892058773505,832.7969275573352
1669658927.7433095,0.047405,1.4000000000000123e-05,0.000361,-3.200000000000002e-05,1.0,0.0,833.042948046158,0.0,833.042948046158
1669658987.7406795,0.047405,0.0,0.000361,0.0,1.0,0.0,833.042948046158,0.0,833.042948046158
1669659047.8711443,0.047409,3.9999999999970615e-06,0.000402,4.100000000000002e-05,0.0,1.0,0.0,17571.409395814255,833.042948046158
1669659107.828001,0.047409,0.0,0.000402,0.0,0.0,1.0,0.0,17571.409395814255,833.042948046158
1669659167.7472973,0.04741,1.000000000001e-06,0.000338,-6.400000000000004e-05,1.0,0.0,833.0605194555538,0.0,833.0605194555538
1669659227.7852082,0.047261,-0.000149,0.000196,-0.0001419999999999,1.0,0.0,833.0605194555538,0.0,833.0605194555538
1669659287.8252225,0.047261,0.0,0.000196,0.0,1.0,0.0,833.0605194555538,0.0,833.0605194555538
1669659347.8244872,0.047221,-3.999999999999837e-05,0.000231,3.500000000000001e-05,0.0,1.0,0.0,17641.738198165094,833.0605194555538
1669659407.9911475,0.04729,6.899999999999962e-05,0.0003,6.899999999999997e-05,0.0,1.0,0.0,17641.738198165094,834.2777993912273
1669659467.710709,0.04735,6.0000000000004494e-05,0.000365,6.500000000000001e-05,0.0,1.0,0.0,17641.738198165094,835.3363036831173
1669659527.8585997,0.047366,1.5999999999995185e-05,0.00023,-0.0001349999999999,1.0,0.0,835.6185714942878,0.0,835.6185714942878
1669659587.8955913,0.047292,-7.399999999999768e-05,0.000156,-7.400000000000001e-05,1.0,0.0,835.6185714942878,0.0,835.6185714942878
1669659647.9136147,0.047365,7.299999999999668e-05,-2.5e-05,-0.000181,1.0,0.0,835.6185714942878,0.0,835.6185714942878
1669659707.8904436,0.047349,-1.5999999999995185e-05,-5.7e-05,-3.2000000000000005e-05,1.0,0.0,835.6185714942878,0.0,835.6185714942878
1669659767.9254138,0.047365,1.5999999999995185e-05,-4.1e-05,1.6000000000000003e-05,0.0,1.0,0.0,17642.110661760536,835.6185714942877
1669659827.9107935,0.047362,-2.9999999999960614e-06,-4.3e-05,-2.000000000000001e-06,1.0,0.0,835.5656451623025,0.0,835.5656451623025
1669659887.725793,0.047362,0.0,-4.3e-05,0.0,1.0,0.0,835.5656451623025,0.0,835.5656451623025
1669659948.811645,0.047362,0.0,-4.3e-05,0.0,1.0,0.0,835.5656451623025,0.0,835.5656451623025
1669660007.7011926,0.047292,-7.000000000000062e-05,-0.000116,-7.3e-05,1.0,0.0,835.5656451623025,0.0,835.5656451623025
1669660068.0824797,0.047266,-2.5999999999998247e-05,-0.000143,-2.700000000000001e-05,1.0,0.0,835.5656451623025,0.0,835.5656451623025
1669660127.76678,0.047089,-0.000177,-0.00032,-0.000177,1.0,0.0,835.5656451623025,0.0,835.5656451623025
1669660188.085919,0.047164,7.499999999999868e-05,-0.000271,4.900000000000005e-05,0.0,1.0,0.0,17716.17431011582,835.5656451623025
1669660247.7663505,0.047164,0.0,-0.000271,0.0,0.0,1.0,0.0,17716.17431011582,835.5656451623025
1669660307.7184613,0.047164,0.0,-0.000271,0.0,0.0,1.0,0.0,17716.17431011582,835.5656451623025
1669660367.986144,0.047164,0.0,-0.000271,0.0,0.0,1.0,0.0,17716.17431011582,835.5656451623025
1669660427.832445,0.047239,7.500000000000562e-05,-2.2e-05,0.000249,0.0,1.0,0.0,17716.17431011582,836.8943582355613
1669660487.8010588,0.047239,0.0,-2.2e-05,0.0,0.0,1.0,0.0,17716.17431011582,836.8943582355613
1669660547.706175,0.047239,0.0,-2.2e-05,0.0,0.0,1.0,0.0,17716.17431011582,836.8943582355613
1669660607.7579827,0.047239,0.0,-2.2e-05,0.0,0.0,1.0,0.0,17716.17431011582,836.8943582355613
1669660668.0214365,0.047285,4.599999999999743e-05,-5e-06,1.7e-05,0.0,1.0,0.0,17716.17431011582,837.7093022538266
1669660727.7945926,0.047285,0.0,-5e-06,0.0,0.0,1.0,0.0,17716.17431011582,837.7093022538266
1669660787.8747785,0.047265,-1.9999999999999185e-05,-0.000101,-9.6e-05,1.0,0.0,837.3549787676243,0.0,837.3549787676243
1669660847.7722137,0.047226,-3.900000000000431e-05,-6.6e-05,3.5e-05,0.0,1.0,0.0,17730.804615415753,837.3549787676243
1669660907.9091475,0.047226,0.0,-6.6e-05,0.0,0.0,1.0,0.0,17730.804615415753,837.3549787676243
1669660967.9244833,0.047291,6.500000000000256e-05,-7.4e-05,-7.999999999999991e-06,1.0,0.0,838.5074810676264,0.0,838.5074810676264
1669661027.874673,0.047309,1.7999999999997185e-05,-5.6e-05,1.7999999999999997e-05,0.0,1.0,0.0,17724.058446968367,838.5074810676264
1669661087.875122,0.047308,-9.999999999940612e-07,-5.4e-05,2.000000000000001e-06,0.0,1.0,0.0,17724.058446968367,838.4897570091796
1669661147.9088633,0.047347,3.899999999999737e-05,-1.5e-05,3.9e-05,0.0,1.0,0.0,17724.058446968367,839.1809952886113
1669661207.8738017,0.047347,0.0,-1.5e-05,0.0,0.0,1.0,0.0,17724.058446968367,839.1809952886113
1669661267.7972696,0.047277,-7.000000000000062e-05,0.000188,0.000203,0.0,1.0,0.0,17724.058446968367,837.9403111973235
1669661328.0143166,0.047212,-6.500000000000256e-05,4.8e-05,-0.00014,1.0,0.0,836.7882473982705,0.0,836.7882473982705
1669661388.005932,0.04721,-1.9999999999950613e-06,4.6e-05,-2.000000000000001e-06,1.0,0.0,836.7882473982705,0.0,836.7882473982705
1669661447.8163044,0.047131,-7.900000000000268e-05,-0.000108,-0.000154,1.0,0.0,836.7882473982705,0.0,836.7882473982705
1669661507.801948,0.047183,5.200000000000343e-05,-5.6e-05,5.2e-05,0.0,1.0,0.0,17734.952152221573,836.7882473982705
1669661567.9416034,0.047183,0.0,-5.6e-05,0.0,0.0,1.0,0.0,17734.952152221573,836.7882473982705
1669661627.676598,0.047313,0.0001299999999999,2.8e-05,8.4e-05,0.0,1.0,0.0,17734.952152221573,839.0937911780593
1669661687.9526548,0.047325,1.1999999999998123e-05,4e-05,1.2000000000000004e-05,0.0,1.0,0.0,17734.952152221573,839.3066106038859
1669661747.76765,0.047325,0.0,4e-05,0.0,0.0,1.0,0.0,17734.952152221573,839.3066106038859
1669661807.8569548,0.047335,1.0000000000003062e-05,7e-05,2.999999999999999e-05,0.0,1.0,0.0,17734.952152221573,839.4839601254082
1669661867.8999574,0.047361,2.5999999999998247e-05,0.000135,6.500000000000001e-05,0.0,1.0,0.0,17734.952152221573,839.945068881366
1669661927.664974,0.047362,1.000000000001e-06,0.000136,9.999999999999972e-07,0.0,1.0,0.0,17734.952152221573,839.9628038335181
1669661987.962539,0.047362,0.0,0.000136,0.0,0.0,1.0,0.0,17734.952152221573,839.9628038335181
1669662048.0163765,0.047362,0.0,0.000136,0.0,0.0,1.0,0.0,17734.952152221573,839.9628038335181
1669662107.9911735,0.047363,1.000000000001e-06,5.4e-05,-8.2e-05,1.0,0.0,839.9805387856704,0.0,839.9805387856704
1669662168.0465205,0.047362,-1.000000000001e-06,5.3e-05,-9.999999999999972e-07,1.0,0.0,839.9805387856704,0.0,839.9805387856704
1669662228.031175,0.047362,0.0,5.3e-05,0.0,1.0,0.0,839.9805387856704,0.0,839.9805387856704
1669662287.7532654,0.047362,0.0,5.3e-05,0.0,1.0,0.0,839.9805387856704,0.0,839.9805387856704
1669662347.7910347,0.047362,0.0,5.3e-05,0.0,1.0,0.0,839.9805387856704,0.0,839.9805387856704
1669662407.886854,0.047362,0.0,5.3e-05,0.0,1.0,0.0,839.9805387856704,0.0,839.9805387856704
1669662467.6216345,0.047339,-2.3000000000002185e-05,5.1e-05,-2.000000000000001e-06,1.0,0.0,839.9805387856704,0.0,839.9805387856704
1669662527.8924186,0.047339,0.0,5.1e-05,0.0,1.0,0.0,839.9805387856704,0.0,839.9805387856704
1669662587.8951015,0.047339,0.0,5.1e-05,0.0,1.0,0.0,839.9805387856704,0.0,839.9805387856704
1669662647.8780737,0.047339,0.0,-8e-06,-5.9e-05,1.0,0.0,839.9805387856704,0.0,839.9805387856704
1669662707.9220653,0.047339,0.0,-8e-06,0.0,1.0,0.0,839.9805387856704,0.0,839.9805387856704
1669662767.7874255,0.047295,-4.400000000000237e-05,8.8e-05,9.6e-05,0.0,1.0,0.0,17760.451184811725,839.9805387856705
1669662827.8447585,0.047353,5.8000000000002494e-05,0.000143,5.500000000000001e-05,0.0,1.0,0.0,17760.451184811725,841.0106449543896
1669662887.898793,0.047353,0.0,0.000143,0.0,0.0,1.0,0.0,17760.451184811725,841.0106449543896
1669662947.761037,0.047354,1.000000000001e-06,2.9e-05,-0.000114,1.0,0.0,841.0284054055744,0.0,841.0284054055744
1669663007.8386762,0.047362,8.000000000001062e-06,3.7e-05,7.999999999999998e-06,0.0,1.0,0.0,17757.45123528513,841.0284054055744
1669663067.792964,0.047362,0.0,3.7e-05,0.0,0.0,1.0,0.0,17757.45123528513,841.0284054055744
1669663127.923241,0.047246,-0.0001159999999999,-0.000116,-0.000153,1.0,0.0,838.9685410622814,0.0,838.9685410622814
1669663187.7792592,0.047197,-4.900000000000043e-05,-0.000165,-4.9e-05,1.0,0.0,838.9685410622814,0.0,838.9685410622814
1669663247.6837442,0.047197,0.0,-0.000165,0.0,1.0,0.0,838.9685410622814,0.0,838.9685410622814
1669663307.776056,0.047211,1.4000000000000123e-05,-0.000151,1.3999999999999988e-05,0.0,1.0,0.0,17770.61576883102,838.9685410622814
1669663367.8762486,0.047181,-3.0000000000002247e-05,-0.000158,-6.99999999999998e-06,1.0,0.0,838.4354225892164,0.0,838.4354225892164
1669663427.803308,0.047069,-0.000112,-0.00027,-0.000112,1.0,0.0,838.4354225892164,0.0,838.4354225892164
1669663487.7973497,0.047167,9.800000000000086e-05,-0.000172,9.8e-05,0.0,1.0,0.0,17775.890401959343,838.4354225892164
1669663547.971463,0.047125,-4.200000000000037e-05,-0.000214,-4.199999999999999e-05,1.0,0.0,837.6888351923341,0.0,837.6888351923341
1669663607.8079095,0.047125,0.0,-0.000214,0.0,1.0,0.0,837.6888351923341,0.0,837.6888351923341
1669663668.4009547,0.047125,0.0,-0.000214,0.0,1.0,0.0,837.6888351923341,0.0,837.6888351923341
1669663727.8429627,0.047125,0.0,-0.000214,0.0,1.0,0.0,837.6888351923341,0.0,837.6888351923341
1669663787.977843,0.047239,0.000114,-3.2e-05,0.000182,0.0,1.0,0.0,17732.992552601325,837.6888351923341
1669663847.8157332,0.047239,0.0,-3.2e-05,0.0,0.0,1.0,0.0,17732.992552601325,837.6888351923341
1669663908.1174731,0.047239,0.0,-3.2e-05,0.0,0.0,1.0,0.0,17732.992552601325,837.6888351923341
1669663967.92896,0.047239,0.0,-3.2e-05,0.0,0.0,1.0,0.0,17732.992552601325,837.6888351923341
1669664027.9896233,0.047239,0.0,-3.2e-05,0.0,0.0,1.0,0.0,17732.992552601325,837.6888351923341
1669664087.87912,0.047096,-0.000143,-0.000257,-0.000225,1.0,0.0,835.153017257312,0.0,835.153017257312
1669664148.2088766,0.047096,0.0,-0.000257,0.0,1.0,0.0,835.153017257312,0.0,835.153017257312
1669664207.8456028,0.047164,6.799999999999862e-05,-0.000198,5.9000000000000025e-05,0.0,1.0,0.0,17707.42552067916,835.1530172573118
1669664268.3383093,0.047161,-2.9999999999960614e-06,-0.000201,-3.0000000000000187e-06,1.0,0.0,835.0998949807499,0.0,835.0998949807499
1669664328.1234136,0.047161,0.0,-8.9e-05,0.000112,0.0,1.0,0.0,17707.42552067916,835.0998949807499
1669664388.2696507,0.04705,-0.0001109999999999,-0.000147,-5.8e-05,1.0,0.0,833.1343707479546,0.0,833.1343707479546
1669664447.9410048,0.04705,0.0,-0.000147,0.0,1.0,0.0,833.1343707479546,0.0,833.1343707479546
1669664507.8023467,0.047109,5.899999999999656e-05,-0.000102,4.5e-05,0.0,1.0,0.0,17685.248482199888,833.1343707479544
1669664568.0610669,0.047109,0.0,-0.000102,0.0,0.0,1.0,0.0,17685.248482199888,833.1343707479544
1669664628.0597446,0.047109,0.0,-0.000102,0.0,0.0,1.0,0.0,17685.248482199888,833.1343707479544
1669664687.9360256,0.046987,-0.0001219999999999,-0.00018,-7.800000000000001e-05,1.0,0.0,830.9767704331261,0.0,830.9767704331261
1669664747.9195173,0.046816,-0.0001709999999999,-0.000309,-0.0001289999999999,1.0,0.0,830.9767704331261,0.0,830.9767704331261
1669664807.850539,0.046826,9.999999999996125e-06,-0.000413,-0.000104,1.0,0.0,830.9767704331261,0.0,830.9767704331261
1669664868.2222526,0.046992,0.0001659999999999,-0.000104,0.000309,0.0,1.0,0.0,17683.36675249247,830.9767704331261
1669664927.9427114,0.046954,-3.799999999999637e-05,-0.00021,-0.000106,1.0,0.0,830.3048024965316,0.0,830.3048024965316
1669664988.1679173,0.046963,8.999999999995123e-06,-0.000201,9.000000000000002e-06,0.0,1.0,0.0,17679.977908066598,830.3048024965316
1669665048.1152034,0.046963,0.0,-0.000198,3.0000000000000187e-06,0.0,1.0,0.0,17679.977908066598,830.3048024965316
1669665108.0223973,0.046963,0.0,-0.000198,0.0,0.0,1.0,0.0,17679.977908066598,830.3048024965316
1669665167.9298208,0.04702,5.700000000000149e-05,-8.9e-05,0.0001089999999999,0.0,1.0,0.0,17679.977908066598,831.3125612372914
1669665228.0697885,0.047035,1.5000000000001124e-05,-7.4e-05,1.5e-05,0.0,1.0,0.0,17679.977908066598,831.5777609059124
1669665288.0509205,0.047035,0.0,-7.4e-05,0.0,0.0,1.0,0.0,17679.977908066598,831.5777609059124
1669665348.0072677,0.047035,0.0,-7.4e-05,0.0,0.0,1.0,0.0,17679.977908066598,831.5777609059124
1669665407.9803782,0.047035,0.0,-7.4e-05,0.0,0.0,1.0,0.0,17679.977908066598,831.5777609059124
1669665468.0497837,0.047035,0.0,-7.4e-05,0.0,0.0,1.0,0.0,17679.977908066598,831.5777609059124
1669665528.0133991,0.047035,0.0,-7.4e-05,0.0,0.0,1.0,0.0,17679.977908066598,831.5777609059124
1669665588.024957,0.047035,0.0,3.9e-05,0.000113,0.0,1.0,0.0,17679.977908066598,831.5777609059124
1669665648.0326035,0.047035,0.0,3.9e-05,0.0,0.0,1.0,0.0,17679.977908066598,831.5777609059124
1669665708.0206485,0.047,-3.500000000000031e-05,0.000184,0.000145,0.0,1.0,0.0,17679.977908066598,830.9589616791301
1669665767.8408313,0.046986,-1.4000000000000123e-05,0.00017,-1.3999999999999988e-05,1.0,0.0,830.7114419884172,0.0,830.7114419884172
1669665828.0329044,0.046986,0.0,0.00017,0.0,1.0,0.0,830.7114419884172,0.0,830.7114419884172
1669665888.077868,0.046989,3.0000000000030003e-06,0.000173,2.999999999999992e-06,0.0,1.0,0.0,17678.849134657412,830.7114419884172
1669665947.8715594,0.046989,0.0,0.000173,0.0,0.0,1.0,0.0,17678.849134657412,830.7114419884172
1669666007.8410723,0.047079,8.99999999999998e-05,0.000179,5.999999999999983e-06,0.0,1.0,0.0,17678.849134657412,832.3025384105364
1669666067.822183,0.047077,-2.000000000002e-06,8.5e-05,-9.399999999999998e-05,1.0,0.0,832.267180712267,0.0,832.267180712267
1669666127.9576385,0.047077,0.0,8.5e-05,0.0,1.0,0.0,832.267180712267,0.0,832.267180712267
1669666187.7923489,0.046963,-0.000114,0.0,-8.5e-05,1.0,0.0,832.267180712267,0.0,832.267180712267
1669666247.8420248,0.046963,0.0,-6.4e-05,-6.4e-05,1.0,0.0,832.267180712267,0.0,832.267180712267
1669666308.0064852,0.046963,0.0,-6.4e-05,0.0,1.0,0.0,832.267180712267,0.0,832.267180712267
1669666367.9338672,0.046963,0.0,-6.4e-05,0.0,1.0,0.0,832.267180712267,0.0,832.267180712267
1669666427.7613952,0.046963,0.0,-6.4e-05,0.0,1.0,0.0,832.267180712267,0.0,832.267180712267
1669666487.932655,0.046963,0.0,-6.4e-05,0.0,1.0,0.0,832.267180712267,0.0,832.267180712267
1669666548.2393637,0.04701,4.700000000000537e-05,4.7e-05,0.0001109999999999,0.0,1.0,0.0,17704.045537380705,832.267180712267
1669666607.9926145,0.04701,0.0,4.7e-05,0.0,0.0,1.0,0.0,17704.045537380705,832.267180712267
1669666667.9562728,0.04701,0.0,4.7e-05,0.0,0.0,1.0,0.0,17704.045537380705,832.267180712267
1669666727.9949248,0.04701,0.0,-7e-05,-0.000117,1.0,0.0,832.267180712267,0.0,832.267180712267
1669666788.3887272,0.046954,-5.6000000000000494e-05,-8.1e-05,-1.100000000000001e-05,1.0,0.0,832.267180712267,0.0,832.267180712267
1669666847.9266317,0.04687,-8.400000000000074e-05,-0.000165,-8.4e-05,1.0,0.0,832.267180712267,0.0,832.267180712267
1669666907.911276,0.046983,0.0001129999999999,-3e-06,0.000162,0.0,1.0,0.0,17714.219626508886,832.267180712267
1669666968.002208,0.046983,0.0,-3e-06,0.0,0.0,1.0,0.0,17714.219626508886,832.267180712267
1669667028.1579597,0.046926,-5.699999999999456e-05,-6.3e-05,-6e-05,1.0,0.0,831.2574701935561,0.0,831.2574701935561
1669667088.2186856,0.046926,0.0,-6.3e-05,0.0,1.0,0.0,831.2574701935561,0.0,831.2574701935561
1669667148.264448,0.046926,0.0,-6.3e-05,0.0,1.0,0.0,831.2574701935561,0.0,831.2574701935561
1669667207.8100302,0.046926,0.0,-6.3e-05,0.0,1.0,0.0,831.2574701935561,0.0,831.2574701935561
1669667268.4051602,0.046926,0.0,-6.3e-05,0.0,1.0,0.0,831.2574701935561,0.0,831.2574701935561
1669667327.994425,0.046926,0.0,-6.3e-05,0.0,1.0,0.0,831.2574701935561,0.0,831.2574701935561
1669667388.4625492,0.046926,0.0,-6.3e-05,0.0,1.0,0.0,831.2574701935561,0.0,831.2574701935561
1669667448.0934813,0.046926,0.0,-0.000151,-8.800000000000001e-05,1.0,0.0,831.2574701935561,0.0,831.2574701935561
1669667508.6507795,0.046926,0.0,-0.000151,0.0,1.0,0.0,831.2574701935561,0.0,831.2574701935561
1669667567.9842682,0.046904,-2.2000000000001185e-05,-3.5e-05,0.000116,0.0,1.0,0.0,17722.528359917193,831.2574701935561
1669667627.9655578,0.046904,0.0,-3.5e-05,0.0,0.0,1.0,0.0,17722.528359917193,831.2574701935561
1669667687.9626236,0.046904,0.0,-3.5e-05,0.0,0.0,1.0,0.0,17722.528359917193,831.2574701935561
1669667747.8951683,0.046881,-2.3000000000002185e-05,-8.2e-05,-4.7e-05,1.0,0.0,830.8498520412779,0.0,830.8498520412779
1669667807.8703914,0.046881,0.0,-8.2e-05,0.0,1.0,0.0,830.8498520412779,0.0,830.8498520412779
1669667867.9789464,0.046881,0.0,-0.000129,-4.699999999999999e-05,1.0,0.0,830.8498520412779,0.0,830.8498520412779
1669667928.1056025,0.046881,0.0,-0.000129,0.0,1.0,0.0,830.8498520412779,0.0,830.8498520412779
1669667988.2082603,0.046871,-9.999999999996125e-06,-0.000139,-1e-05,1.0,0.0,830.8498520412779,0.0,830.8498520412779
1669668047.947894,0.046871,0.0,-0.000139,0.0,1.0,0.0,830.8498520412779,0.0,830.8498520412779
1669668107.8731277,0.046871,0.0,-0.000139,0.0,1.0,0.0,830.8498520412779,0.0,830.8498520412779
1669668168.0604427,0.046871,0.0,-0.000139,0.0,1.0,0.0,830.8498520412779,0.0,830.8498520412779
1669668228.0050557,0.046871,0.0,-0.000139,0.0,1.0,0.0,830.8498520412779,0.0,830.8498520412779
1669668287.9991674,0.046871,0.0,-0.000139,0.0,1.0,0.0,830.8498520412779,0.0,830.8498520412779
1669668347.8969142,0.046871,0.0,-0.000139,0.0,1.0,0.0,830.8498520412779,0.0,830.8498520412779
1669668407.9087665,0.046871,0.0,-0.000139,0.0,1.0,0.0,830.8498520412779,0.0,830.8498520412779
1669668468.031179,0.046871,0.0,-0.000139,0.0,1.0,0.0,830.8498520412779,0.0,830.8498520412779
1669668527.937807,0.046871,0.0,-0.000139,0.0,1.0,0.0,830.8498520412779,0.0,830.8498520412779
1669668587.8270335,0.046871,0.0,-0.000139,0.0,1.0,0.0,830.8498520412779,0.0,830.8498520412779
1669668647.8761058,0.046871,0.0,-0.000139,0.0,1.0,0.0,830.8498520412779,0.0,830.8498520412779
1669668708.0171008,0.046871,0.0,-0.000139,0.0,1.0,0.0,830.8498520412779,0.0,830.8498520412779
1669668767.977593,0.046871,0.0,-0.000139,0.0,1.0,0.0,830.8498520412779,0.0,830.8498520412779
1669668828.1754165,0.046945,7.399999999999768e-05,7e-06,0.000146,0.0,1.0,0.0,17698.367281739866,830.849852041278
1669668888.002499,0.046945,0.0,7e-06,0.0,0.0,1.0,0.0,17698.367281739866,830.849852041278
1669668947.940981,0.046945,0.0,7e-06,0.0,0.0,1.0,0.0,17698.367281739866,830.849852041278
1669669007.9088714,0.046872,-7.300000000000362e-05,2e-06,-5e-06,1.0,0.0,829.5578712297109,0.0,829.5578712297109
1669669067.9647942,0.046852,-1.9999999999999185e-05,-1.8e-05,-2e-05,1.0,0.0,829.5578712297109,0.0,829.5578712297109
1669669128.012969,0.046852,0.0,-1.8e-05,0.0,1.0,0.0,829.5578712297109,0.0,829.5578712297109
1669669188.208171,0.046849,-2.9999999999960614e-06,-7.7e-05,-5.9e-05,1.0,0.0,829.5578712297109,0.0,829.5578712297109
1669669248.081418,0.046807,-4.200000000000037e-05,-0.000119,-4.2e-05,1.0,0.0,829.5578712297109,0.0,829.5578712297109
1669669307.9474485,0.046807,0.0,-0.000119,0.0,1.0,0.0,829.5578712297109,0.0,829.5578712297109
1669669367.8635893,0.046823,1.5999999999995185e-05,-0.000103,1.600000000000001e-05,0.0,1.0,0.0,17716.888521233388,829.5578712297108
1669669428.0633254,0.046823,0.0,-0.000103,0.0,0.0,1.0,0.0,17716.888521233388,829.5578712297108
1669669488.1789415,0.046823,0.0,-0.000103,0.0,0.0,1.0,0.0,17716.888521233388,829.5578712297108
1669669548.0833678,0.046823,0.0,-8.1e-05,2.2e-05,0.0,1.0,0.0,17716.888521233388,829.5578712297108
1669669608.0243285,0.046823,0.0,-8.1e-05,0.0,0.0,1.0,0.0,17716.888521233388,829.5578712297108
1669669667.979361,0.046906,8.300000000000668e-05,2.5e-05,0.000106,0.0,1.0,0.0,17716.888521233388,831.0283729769734
1669669727.9622717,0.04699,8.39999999999938e-05,0.000119,9.4e-05,0.0,1.0,0.0,17716.888521233388,832.5165916127569
1669669787.983343,0.047003,1.3000000000006062e-05,5.8e-05,-6.1000000000000005e-05,1.0,0.0,832.746911163533,0.0,832.746911163533
1669669847.9845457,0.04708,7.699999999999374e-05,0.000228,0.00017,0.0,1.0,0.0,17687.912301689317,832.746911163533
1669669907.9295971,0.047013,-6.699999999999762e-05,0.000164,-6.400000000000001e-05,1.0,0.0,831.5618210393199,0.0,831.5618210393199
1669669967.9403098,0.047004,-9.000000000002062e-06,0.000319,0.000155,0.0,1.0,0.0,17691.29906049102,831.5618210393199
1669670028.1077366,0.047013,9.000000000002062e-06,0.000328,9.000000000000002e-06,0.0,1.0,0.0,17691.29906049102,831.7210427308643
1669670087.9529693,0.047013,0.0,0.000328,0.0,0.0,1.0,0.0,17691.29906049102,831.7210427308643
1669670148.0896993,0.047118,0.000105,0.000311,-1.699999999999998e-05,1.0,0.0,833.5786291322158,0.0,833.5786291322158
1669670208.0670192,0.047083,-3.500000000000031e-05,0.00026,-5.100000000000005e-05,1.0,0.0,833.5786291322158,0.0,833.5786291322158
1669670268.1946824,0.047083,0.0,0.00026,0.0,1.0,0.0,833.5786291322158,0.0,833.5786291322158
1669670327.9457002,0.047017,-6.599999999999662e-05,0.000111,-0.000149,1.0,0.0,833.5786291322158,0.0,833.5786291322158
1669670388.0139544,0.047004,-1.3000000000006062e-05,9.8e-05,-1.3000000000000004e-05,1.0,0.0,833.5786291322158,0.0,833.5786291322158
1669670448.1775794,0.047,-3.9999999999970615e-06,1.6e-05,-8.2e-05,1.0,0.0,833.5786291322158,0.0,833.5786291322158
1669670508.029863,0.046929,-7.100000000000162e-05,-5.5e-05,-7.1e-05,1.0,0.0,833.5786291322158,0.0,833.5786291322158
1669670568.044722,0.046929,0.0,-5.5e-05,0.0,1.0,0.0,833.5786291322158,0.0,833.5786291322158
1669670628.0233228,0.046929,0.0,-5.5e-05,0.0,1.0,0.0,833.5786291322158,0.0,833.5786291322158
1669670688.0415547,0.046929,0.0,-5.5e-05,0.0,1.0,0.0,833.5786291322158,0.0,833.5786291322158
1669670747.9668944,0.046929,0.0,-5.5e-05,0.0,1.0,0.0,833.5786291322158,0.0,833.5786291322158
1669670808.0350862,0.046929,0.0,-5.5e-05,0.0,1.0,0.0,833.5786291322158,0.0,833.5786291322158
1669670868.005921,0.046929,0.0,-8.4e-05,-2.9e-05,1.0,0.0,833.5786291322158,0.0,833.5786291322158
1669670928.0998971,0.047002,7.300000000000362e-05,-1.1e-05,7.3e-05,0.0,1.0,0.0,17734.960834266964,833.5786291322158
1669670988.101011,0.04693,-7.200000000000262e-05,-8.3e-05,-7.2e-05,1.0,0.0,832.3017119521486,0.0,832.3017119521486
1669671048.0688722,0.04693,0.0,-8.3e-05,0.0,1.0,0.0,832.3017119521486,0.0,832.3017119521486
1669671108.2939222,0.04693,0.0,-8.3e-05,0.0,1.0,0.0,832.3017119521486,0.0,832.3017119521486
1669671168.0859652,0.04693,0.0,-8.3e-05,0.0,1.0,0.0,832.3017119521486,0.0,832.3017119521486
1669671228.066023,0.046947,1.7000000000003124e-05,-0.000156,-7.3e-05,1.0,0.0,832.3017119521486,0.0,832.3017119521486
1669671287.908372,0.046947,0.0,-6.6e-05,8.999999999999999e-05,0.0,1.0,0.0,17728.538819352645,832.3017119521487
1669671347.9695134,0.046929,-1.8000000000004124e-05,-8.4e-05,-1.799999999999999e-05,1.0,0.0,831.9825982534003,0.0,831.9825982534003
1669671408.1063805,0.046956,2.6999999999999247e-05,-0.000162,-7.800000000000001e-05,1.0,0.0,831.9825982534003,0.0,831.9825982534003
1669671468.2050967,0.047029,7.300000000000362e-05,-5.4e-05,0.000108,0.0,1.0,0.0,17690.84178386528,831.9825982534002
1669671528.0012178,0.047029,0.0,-5.4e-05,0.0,0.0,1.0,0.0,17690.84178386528,831.9825982534002
1669671587.9828317,0.047029,0.0,-5.4e-05,0.0,0.0,1.0,0.0,17690.84178386528,831.9825982534002
1669671648.1301494,0.047033,3.9999999999970615e-06,-5e-05,3.999999999999996e-06,0.0,1.0,0.0,17690.84178386528,832.0533616205356
1669671708.2135737,0.047023,-9.999999999996125e-06,1.9e-05,6.9e-05,0.0,1.0,0.0,17690.84178386528,831.876453202697
1669672188.0421631,0.04708,5.699999999999456e-05,0.000151,0.000132,0.0,1.0,0.0,17690.84178386528,832.8848311843773
1669672247.948753,0.04708,0.0,0.000151,0.0,0.0,1.0,0.0,17690.84178386528,832.8848311843773
1669672308.0816262,0.047061,-1.8999999999998185e-05,0.000105,-4.600000000000001e-05,1.0,0.0,832.5487051904838,0.0,832.5487051904838
1669672368.1223505,0.047061,0.0,0.000105,0.0,1.0,0.0,832.5487051904838,0.0,832.5487051904838
1669672428.019659,0.047061,0.0,0.000105,0.0,1.0,0.0,832.5487051904838,0.0,832.5487051904838
1669672488.073039,0.047061,0.0,0.000105,0.0,1.0,0.0,832.5487051904838,0.0,832.5487051904838
1669672547.9353652,0.047069,8.000000000001062e-06,4e-05,-6.500000000000001e-05,1.0,0.0,832.5487051904838,0.0,832.5487051904838
1669672608.1318357,0.047069,0.0,4e-05,0.0,1.0,0.0,832.5487051904838,0.0,832.5487051904838
1669672667.8867052,0.047069,0.0,4e-05,0.0,1.0,0.0,832.5487051904838,0.0,832.5487051904838
1669672727.985218,0.047069,0.0,4e-05,0.0,1.0,0.0,832.5487051904838,0.0,832.5487051904838
1669672788.1249208,0.047069,0.0,4e-05,0.0,1.0,0.0,832.5487051904838,0.0,832.5487051904838
1669672847.9052234,0.047069,0.0,4e-05,0.0,1.0,0.0,832.5487051904838,0.0,832.5487051904838
1669672907.8676229,0.047069,0.0,4e-05,0.0,1.0,0.0,832.5487051904838,0.0,832.5487051904838
1669672968.1138966,0.047069,0.0,4e-05,0.0,1.0,0.0,832.5487051904838,0.0,832.5487051904838
1669673028.119867,0.047069,0.0,4e-05,0.0,1.0,0.0,832.5487051904838,0.0,832.5487051904838
1669673088.1525638,0.047164,9.499999999999786e-05,0.000131,9.100000000000002e-05,0.0,1.0,0.0,17652.20730197786,832.5487051904838
1669673148.0427155,0.047164,0.0,0.000131,0.0,0.0,1.0,0.0,17652.20730197786,832.5487051904838
1669673208.23747,0.047158,-5.999999999999062e-06,0.000135,3.999999999999989e-06,0.0,1.0,0.0,17652.20730197786,832.442791946672
1669673268.1805308,0.047143,-1.5000000000001124e-05,2.5e-05,-0.00011,1.0,0.0,832.1780088371423,0.0,832.1780088371423
1669673328.081565,0.047145,2.000000000002e-06,2.7e-05,1.999999999999998e-06,0.0,1.0,0.0,17651.45845449448,832.1780088371423
1669673388.0496316,0.047145,0.0,2.7e-05,0.0,0.0,1.0,0.0,17651.45845449448,832.1780088371423
1669673448.1116476,0.047077,-6.799999999999862e-05,-8.2e-05,-0.0001089999999999,1.0,0.0,830.9777096622367,0.0,830.9777096622367
1669673508.2598157,0.047077,0.0,-8.2e-05,0.0,1.0,0.0,830.9777096622367,0.0,830.9777096622367
1669673568.1749914,0.047077,0.0,-8.2e-05,0.0,1.0,0.0,830.9777096622367,0.0,830.9777096622367
1669673628.1821256,0.047077,0.0,-8.2e-05,0.0,1.0,0.0,830.9777096622367,0.0,830.9777096622367
1669673688.2323475,0.047077,0.0,-8.2e-05,0.0,1.0,0.0,830.9777096622367,0.0,830.9777096622367
1669673748.1003273,0.047077,0.0,-8.2e-05,0.0,1.0,0.0,830.9777096622367,0.0,830.9777096622367
1669673808.3160832,0.047077,0.0,-8.2e-05,0.0,1.0,0.0,830.9777096622367,0.0,830.9777096622367
1669673868.502899,0.047077,0.0,-8.2e-05,0.0,1.0,0.0,830.9777096622367,0.0,830.9777096622367
1669673928.159731,0.047077,0.0,-8.2e-05,0.0,1.0,0.0,830.9777096622367,0.0,830.9777096622367
1669673988.1461878,0.047077,0.0,-8.2e-05,0.0,1.0,0.0,830.9777096622367,0.0,830.9777096622367
1669674048.2257931,0.047077,0.0,-2.3e-05,5.9e-05,0.0,1.0,0.0,17651.45845449448,830.9777096622367
1669674108.1115396,0.047077,0.0,-2.3e-05,0.0,0.0,1.0,0.0,17651.45845449448,830.9777096622367
1669674168.0123522,0.047077,0.0,-2.3e-05,0.0,0.0,1.0,0.0,17651.45845449448,830.9777096622367
1669674228.1376688,0.047077,0.0,-2.3e-05,0.0,0.0,1.0,0.0,17651.45845449448,830.9777096622367
1669674288.2775,0.047139,6.199999999999956e-05,5.9e-05,8.2e-05,0.0,1.0,0.0,17651.45845449448,832.0721000864154
1669674348.109254,0.047084,-5.499999999999949e-05,4e-06,-5.5e-05,1.0,0.0,831.1012698714181,0.0,831.1012698714181
1669674408.0567968,0.047084,0.0,4e-06,0.0,1.0,0.0,831.1012698714181,0.0,831.1012698714181
1669674468.126887,0.047086,2.000000000002e-06,6e-06,2.0000000000000003e-06,0.0,1.0,0.0,17650.708700493098,831.101269871418
1669674528.1594713,0.047152,6.599999999999662e-05,7.2e-05,6.6e-05,0.0,1.0,0.0,17650.708700493098,832.2662166456505
1669674588.2812276,0.04718,2.8000000000000247e-05,0.000119,4.7e-05,0.0,1.0,0.0,17650.708700493098,832.7604364892644
1669674648.029616,0.047152,-2.8000000000000247e-05,8.3e-05,-3.600000000000001e-05,1.0,0.0,832.2662166456505,0.0,832.2662166456505
1669674708.1587908,0.047077,-7.499999999999868e-05,-8.7e-05,-0.00017,1.0,0.0,832.2662166456505,0.0,832.2662166456505
1669674768.1621752,0.047077,0.0,-8.7e-05,0.0,1.0,0.0,832.2662166456505,0.0,832.2662166456505
1669674828.0274994,0.047077,0.0,-8.7e-05,0.0,1.0,0.0,832.2662166456505,0.0,832.2662166456505
1669674888.0133443,0.047093,1.6000000000002124e-05,2.4e-05,0.000111,0.0,1.0,0.0,17672.82221658528,832.2662166456506
1669674948.042139,0.0471,7.000000000000062e-06,3.1e-05,7.000000000000001e-06,0.0,1.0,0.0,17672.82221658528,832.3899264011667
1669675008.0952487,0.0471,0.0,3.1e-05,0.0,0.0,1.0,0.0,17672.82221658528,832.3899264011667
1669675068.4597616,0.0471,0.0,3.1e-05,0.0,0.0,1.0,0.0,17672.82221658528,832.3899264011667
1669675128.2515082,0.047077,-2.3000000000002185e-05,-6.8e-05,-9.9e-05,1.0,0.0,831.9834514901852,0.0,831.9834514901852
1669675188.1472833,0.04707,-7.000000000000062e-06,-7e-06,6.1e-05,0.0,1.0,0.0,17675.45042469057,831.9834514901852
1669675248.122609,0.04707,0.0,-7e-06,0.0,0.0,1.0,0.0,17675.45042469057,831.9834514901852
1669675308.0941093,0.04711,3.999999999999837e-05,3.3e-05,4e-05,0.0,1.0,0.0,17675.45042469057,832.6904695071728
1669675368.139056,0.04714,3.0000000000002247e-05,1e-06,-3.2000000000000005e-05,1.0,0.0,833.2207330199135,0.0,833.2207330199135
1669675428.1456492,0.047131,-9.000000000002062e-06,4.7e-05,4.6e-05,0.0,1.0,0.0,17678.825677789853,833.2207330199136
1669675488.114548,0.047121,-9.999999999996125e-06,-3.1e-05,-7.8e-05,1.0,0.0,833.0439447631358,0.0,833.0439447631358
1669675548.2817595,0.047121,0.0,-3.1e-05,0.0,1.0,0.0,833.0439447631358,0.0,833.0439447631358
1669675608.068016,0.047121,0.0,-3.1e-05,0.0,1.0,0.0,833.0439447631358,0.0,833.0439447631358
1669675788.12666,0.047121,0.0,-4.3e-05,-1.2e-05,1.0,0.0,833.0439447631358,0.0,833.0439447631358
1669675848.283146,0.047121,0.0,-4.3e-05,0.0,1.0,0.0,833.0439447631358,0.0,833.0439447631358
1669675908.196231,0.047121,0.0,-4.3e-05,0.0,1.0,0.0,833.0439447631358,0.0,833.0439447631358
1669675968.352286,0.047121,0.0,-4.3e-05,0.0,1.0,0.0,833.0439447631358,0.0,833.0439447631358
1669676028.094817,0.047121,0.0,-4.3e-05,0.0,1.0,0.0,833.0439447631358,0.0,833.0439447631358
1669676088.222941,0.047121,0.0,-4.3e-05,0.0,1.0,0.0,833.0439447631358,0.0,833.0439447631358
1669676148.5420685,0.047121,0.0,-4.3e-05,0.0,1.0,0.0,833.0439447631358,0.0,833.0439447631358
1669676208.2062812,0.04712,-1.000000000001e-06,4.3e-05,8.6e-05,0.0,1.0,0.0,17679.200865092014,833.0439447631358
1669676268.1646152,0.047069,-5.100000000000243e-05,-8e-06,-5.1e-05,1.0,0.0,832.142305519016,0.0,832.142305519016
1669676328.200617,0.047069,0.0,-8e-06,0.0,1.0,0.0,832.142305519016,0.0,832.142305519016
1669676388.1744914,0.047069,0.0,-8e-06,0.0,1.0,0.0,832.142305519016,0.0,832.142305519016
1669676448.065733,0.04707,1.000000000001e-06,-3e-05,-2.2e-05,1.0,0.0,832.142305519016,0.0,832.142305519016
1669676508.043852,0.04707,0.0,-3e-05,0.0,1.0,0.0,832.142305519016,0.0,832.142305519016
1669676568.110997,0.04711,3.999999999999837e-05,4.1e-05,7.1e-05,0.0,1.0,0.0,17663.814593908213,832.142305519016
1669676628.2443652,0.047117,7.000000000000062e-06,4.7e-05,5.999999999999997e-06,0.0,1.0,0.0,17663.814593908213,832.2659522211733
1669676688.0947602,0.047117,0.0,4.7e-05,0.0,0.0,1.0,0.0,17663.814593908213,832.2659522211733
1669676748.315231,0.047117,0.0,4.7e-05,0.0,0.0,1.0,0.0,17663.814593908213,832.2659522211733
1669676808.153093,0.047069,-4.799999999999943e-05,-7.5e-05,-0.0001219999999999,1.0,0.0,831.4180891206657,0.0,831.4180891206657
1669676868.317479,0.047151,8.199999999999874e-05,2e-05,9.5e-05,0.0,1.0,0.0,17633.09556787058,831.4180891206656
1669676928.183246,0.047187,3.600000000000131e-05,6.7e-05,4.7e-05,0.0,1.0,0.0,17633.09556787058,832.0528805611091
1669676988.477936,0.047203,1.6000000000002124e-05,8.3e-05,1.5999999999999996e-05,0.0,1.0,0.0,17633.09556787058,832.335010090195
1669677048.210364,0.047238,3.500000000000031e-05,0.000117,3.4e-05,0.0,1.0,0.0,17633.09556787058,832.9521684350705
1669677108.2679608,0.047238,0.0,0.000117,0.0,0.0,1.0,0.0,17633.09556787058,832.9521684350705
1669677168.3741858,0.047238,0.0,0.000117,0.0,0.0,1.0,0.0,17633.09556787058,832.9521684350705
1669677228.3862174,0.047238,0.0,0.000117,0.0,0.0,1.0,0.0,17633.09556787058,832.9521684350705
1669677288.3349326,0.047238,0.0,0.000117,0.0,0.0,1.0,0.0,17633.09556787058,832.9521684350705
1669677348.3251512,0.047238,0.0,0.000117,0.0,0.0,1.0,0.0,17633.09556787058,832.9521684350705
1669677408.240095,0.047238,0.0,0.000117,0.0,0.0,1.0,0.0,17633.09556787058,832.9521684350705
1669677468.3416307,0.047238,0.0,0.000117,0.0,0.0,1.0,0.0,17633.09556787058,832.9521684350705
1669677648.2887752,0.047131,-0.000107,1.1e-05,-0.000106,1.0,0.0,831.0654272093083,0.0,831.0654272093083
1669677708.225489,0.04716,2.9000000000001247e-05,4e-05,2.9000000000000004e-05,0.0,1.0,0.0,17622.25248535429,831.0654272093083
1669677768.2380228,0.04716,0.0,4e-05,0.0,0.0,1.0,0.0,17622.25248535429,831.0654272093083
1669677828.1335592,0.0471,-5.999999999999756e-05,3.1e-05,-9.000000000000002e-06,1.0,0.0,830.0080920601871,0.0,830.0080920601871
1669678008.385013,0.047015,-8.500000000000174e-05,-5.5e-05,-8.6e-05,1.0,0.0,830.0080920601871,0.0,830.0080920601871
1669678068.0150917,0.047015,0.0,-5.5e-05,0.0,1.0,0.0,830.0080920601871,0.0,830.0080920601871
1669678128.1497116,0.047015,0.0,-5.5e-05,0.0,1.0,0.0,830.0080920601871,0.0,830.0080920601871
1669678188.321509,0.047015,0.0,-5.5e-05,0.0,1.0,0.0,830.0080920601871,0.0,830.0080920601871
1669678248.038154,0.047015,0.0,-5.5e-05,0.0,1.0,0.0,830.0080920601871,0.0,830.0080920601871
1669678308.2206852,0.047015,0.0,-5.5e-05,0.0,1.0,0.0,830.0080920601871,0.0,830.0080920601871
1669678367.9941332,0.047015,0.0,-5.5e-05,0.0,1.0,0.0,830.0080920601871,0.0,830.0080920601871
1669678428.23846,0.047015,0.0,-5.5e-05,0.0,1.0,0.0,830.0080920601871,0.0,830.0080920601871
1669678488.1543438,0.04705,3.500000000000031e-05,-6e-05,-5e-06,1.0,0.0,830.0080920601871,0.0,830.0080920601871
1669678548.301933,0.047078,2.8000000000000247e-05,-3.2e-05,2.8000000000000003e-05,0.0,1.0,0.0,17630.487532609437,830.0080920601871
1669678608.3056357,0.047053,-2.5000000000004186e-05,-5.7e-05,-2.5000000000000005e-05,1.0,0.0,829.5673298718718,0.0,829.5673298718718
1669678668.3455024,0.047053,0.0,-5.7e-05,0.0,1.0,0.0,829.5673298718718,0.0,829.5673298718718
1669678728.2387495,0.047053,0.0,-5.7e-05,0.0,1.0,0.0,829.5673298718718,0.0,829.5673298718718
1669678788.35241,0.047053,0.0,-5.7e-05,0.0,1.0,0.0,829.5673298718718,0.0,829.5673298718718
1669678848.3086216,0.047053,0.0,-5.7e-05,0.0,1.0,0.0,829.5673298718718,0.0,829.5673298718718
1669678908.2969828,0.04715,9.699999999999986e-05,3.3e-05,9e-05,0.0,1.0,0.0,17594.216964408737,829.567329871872
1669678968.3508997,0.04715,0.0,3.3e-05,0.0,0.0,1.0,0.0,17594.216964408737,829.567329871872
1669679028.2046,0.047084,-6.599999999999662e-05,1.5e-05,-1.8000000000000004e-05,1.0,0.0,828.406111552221,0.0,828.406111552221
1669679088.2142067,0.047074,-1.0000000000003062e-05,5e-06,-1e-05,1.0,0.0,828.406111552221,0.0,828.406111552221
1669679148.2162244,0.047074,0.0,5e-06,0.0,1.0,0.0,828.406111552221,0.0,828.406111552221
1669679208.3841424,0.047074,0.0,5e-06,0.0,1.0,0.0,828.406111552221,0.0,828.406111552221
1669679268.0900805,0.047074,0.0,5e-06,0.0,1.0,0.0,828.406111552221,0.0,828.406111552221
1669679328.4571743,0.047074,0.0,5e-06,0.0,1.0,0.0,828.406111552221,0.0,828.406111552221
1669679388.4087324,0.047074,0.0,-0.000202,-0.000207,1.0,0.0,828.406111552221,0.0,828.406111552221
1669679448.324231,0.047074,0.0,-0.000202,0.0,1.0,0.0,828.406111552221,0.0,828.406111552221
1669679508.310776,0.047074,0.0,-0.000129,7.300000000000001e-05,0.0,1.0,0.0,17597.954530148723,828.406111552221
1669679568.345795,0.047074,0.0,-0.000129,0.0,0.0,1.0,0.0,17597.954530148723,828.406111552221
1669679628.2154405,0.047074,0.0,-0.000129,0.0,0.0,1.0,0.0,17597.954530148723,828.406111552221
1669679688.3843458,0.047074,0.0,-0.000129,0.0,0.0,1.0,0.0,17597.954530148723,828.406111552221
1669679748.380968,0.047074,0.0,-0.000129,0.0,0.0,1.0,0.0,17597.954530148723,828.406111552221
