Time,Price,Price Change,MACD,MACD Change,Cash Allocation,Coin Allocation,Cash Balance,Coin Balance,Total Balance
1668123347.9311082,17621.2,0.0,-34.85945208,0.0,1.0,0.0,1000.0,0.0,1000.0
1668123352.5509057,17609.68,-11.520000000000437,-30.43333612,4.426115959999997,1.0,0.0,1000.0,0.0,1000.0
1668123352.8495443,17609.68,0.0,-30.43333612,0.0,1.0,0.0,1000.0,0.0,1000.0
1668123362.5784063,17609.68,0.0,-30.43333612,0.0,1.0,0.0,1000.0,0.0,1000.0
1668123362.8516016,17609.68,0.0,-30.43333612,0.0,1.0,0.0,1000.0,0.0,1000.0
1668123372.5533934,17609.68,0.0,-30.43333612,0.0,1.0,0.0,1000.0,0.0,1000.0
1668123372.8483748,17609.68,0.0,-30.43333612,0.0,1.0,0.0,1000.0,0.0,1000.0
1668123382.5815408,17609.68,0.0,-30.43333612,0.0,1.0,0.0,1000.0,0.0,1000.0
1668123382.9026637,17609.68,0.0,-30.43333612,0.0,1.0,0.0,1000.0,0.0,1000.0
1668123392.5625534,17609.68,0.0,-30.43333612,0.0,1.0,0.0,1000.0,0.0,1000.0
1668123392.86577,17609.68,0.0,-30.43333612,0.0,1.0,0.0,1000.0,0.0,1000.0
1668123402.5679548,17609.68,0.0,-30.43333612,0.0,1.0,0.0,1000.0,0.0,1000.0
1668123402.8680303,17609.68,0.0,-30.43333612,0.0,1.0,0.0,1000.0,0.0,1000.0
1668123412.5840318,17616.86,7.180000000000291,-26.44950964,3.983826480000001,1.0,0.0,1000.0,0.0,1000.0
1668123412.8646145,17616.86,0.0,-26.44950964,0.0,1.0,0.0,1000.0,0.0,1000.0
1668123422.591149,17616.86,0.0,-26.44950964,0.0,1.0,0.0,1000.0,0.0,1000.0
1668123422.8823829,17616.86,0.0,-26.44950964,0.0,1.0,0.0,1000.0,0.0,1000.0
1668123432.5952978,17616.86,0.0,-26.44950964,0.0,1.0,0.0,1000.0,0.0,1000.0
1668123432.875833,17616.86,0.0,-26.44950964,0.0,1.0,0.0,1000.0,0.0,1000.0
1668123442.6048212,17616.86,0.0,-26.44950964,0.0,1.0,0.0,1000.0,0.0,1000.0
1668123442.877036,17616.86,0.0,-26.44950964,0.0,1.0,0.0,1000.0,0.0,1000.0
1668123452.5860262,17616.86,0.0,-26.44950964,0.0,1.0,0.0,1000.0,0.0,1000.0
1668123452.8817542,17616.86,0.0,-26.44950964,0.0,1.0,0.0,1000.0,0.0,1000.0
1668123462.6004944,17616.86,0.0,-26.44950964,0.0,1.0,0.0,1000.0,0.0,1000.0
1668123462.882894,17616.86,0.0,-26.44950964,0.0,1.0,0.0,1000.0,0.0,1000.0
1668123472.6139016,17587.68,-29.18000000000029,-25.31980872,1.1297009199999977,1.0,0.0,1000.0,0.0,1000.0
1668123472.9095328,17587.68,0.0,-25.31980872,0.0,1.0,0.0,1000.0,0.0,1000.0
1668123482.5979495,17587.68,0.0,-25.31980872,0.0,1.0,0.0,1000.0,0.0,1000.0
1668123482.905316,17587.68,0.0,-25.31980872,0.0,1.0,0.0,1000.0,0.0,1000.0
1668123492.612048,17587.68,0.0,-25.31980872,0.0,1.0,0.0,1000.0,0.0,1000.0
1668123492.9074976,17587.68,0.0,-25.31980872,0.0,1.0,0.0,1000.0,0.0,1000.0
1668123502.5985105,17587.68,0.0,-25.31980872,0.0,1.0,0.0,1000.0,0.0,1000.0
1668123502.922395,17587.68,0.0,-25.31980872,0.0,1.0,0.0,1000.0,0.0,1000.0
1668123512.617881,17587.68,0.0,-25.31980872,0.0,1.0,0.0,1000.0,0.0,1000.0
1668123512.905195,17587.68,0.0,-25.31980872,0.0,1.0,0.0,1000.0,0.0,1000.0
1668123522.6080732,17587.68,0.0,-25.31980872,0.0,1.0,0.0,1000.0,0.0,1000.0
1668123523.8102102,17587.68,0.0,-25.31980872,0.0,1.0,0.0,1000.0,0.0,1000.0
1668123532.60455,17601.6,13.919999999998254,-21.96173377,3.3580749500000024,1.0,0.0,1000.0,0.0,1000.0
1668123533.811437,17601.6,0.0,-21.96173377,0.0,1.0,0.0,1000.0,0.0,1000.0
1668123542.6323547,17601.6,0.0,-21.96173377,0.0,1.0,0.0,1000.0,0.0,1000.0
1668123543.8173869,17601.6,0.0,-21.96173377,0.0,1.0,0.0,1000.0,0.0,1000.0
1668123552.6369276,17601.6,0.0,-21.96173377,0.0,1.0,0.0,1000.0,0.0,1000.0
1668123553.824427,17601.6,0.0,-21.96173377,0.0,1.0,0.0,1000.0,0.0,1000.0
1668123562.6288106,17601.6,0.0,-21.96173377,0.0,1.0,0.0,1000.0,0.0,1000.0
1668123563.8571253,17601.6,0.0,-21.96173377,0.0,1.0,0.0,1000.0,0.0,1000.0
1668123572.6392028,17601.6,0.0,-21.96173377,0.0,1.0,0.0,1000.0,0.0,1000.0
1668123573.8348837,17601.6,0.0,-21.96173377,0.0,1.0,0.0,1000.0,0.0,1000.0
1668123582.646767,17601.6,0.0,-21.96173377,0.0,1.0,0.0,1000.0,0.0,1000.0
1668123583.8373222,17601.6,0.0,-21.96173377,0.0,1.0,0.0,1000.0,0.0,1000.0
1668123592.6449633,17590.15,-11.44999999999709,-21.66780028,0.293933489999997,1.0,0.0,1000.0,0.0,1000.0
1668123593.8341603,17590.15,0.0,-21.66780028,0.0,1.0,0.0,1000.0,0.0,1000.0
1668123602.658919,17590.15,0.0,-21.66780028,0.0,1.0,0.0,1000.0,0.0,1000.0
1668123603.8452015,17590.15,0.0,-21.66780028,0.0,1.0,0.0,1000.0,0.0,1000.0
1668123612.643792,17590.15,0.0,-21.66780028,0.0,1.0,0.0,1000.0,0.0,1000.0
1668123613.8411329,17590.15,0.0,-21.66780028,0.0,1.0,0.0,1000.0,0.0,1000.0
1668123622.657893,17590.15,0.0,-21.66780028,0.0,1.0,0.0,1000.0,0.0,1000.0
1668123623.8493297,17590.15,0.0,-21.66780028,0.0,1.0,0.0,1000.0,0.0,1000.0
1668123635.462926,17590.15,0.0,-21.66780028,0.0,1.0,0.0,1000.0,0.0,1000.0
1668123642.667148,17590.15,0.0,-21.66780028,0.0,1.0,0.0,1000.0,0.0,1000.0
1668123643.8449695,17590.15,0.0,-21.66780028,0.0,1.0,0.0,1000.0,0.0,1000.0
1668123652.6638486,17595.98,5.829999999998108,-19.38344414,2.28435614,0.0,1.0,0.0,0.0568311625723602,1000.0
1668123653.8475976,17595.98,0.0,-19.38344414,0.0,0.0,1.0,0.0,0.0568311625723602,999.9999999999986
1668123662.6656413,17595.98,0.0,-19.38344414,0.0,0.0,1.0,0.0,0.0568311625723602,999.9999999999986
1668123663.8483784,17595.98,0.0,-19.38344414,0.0,0.0,1.0,0.0,0.0568311625723602,999.9999999999986
1668123672.6672316,17595.98,0.0,-19.38344414,0.0,0.0,1.0,0.0,0.0568311625723602,999.9999999999986
1668123673.8495915,17595.98,0.0,-19.38344414,0.0,0.0,1.0,0.0,0.0568311625723602,999.9999999999986
1668123682.6711006,17595.98,0.0,-19.38344414,0.0,0.0,1.0,0.0,0.0568311625723602,999.9999999999986
1668123683.850122,17595.98,0.0,-19.38344414,0.0,0.0,1.0,0.0,0.0568311625723602,999.9999999999986
1668123692.655294,17595.98,0.0,-19.38344414,0.0,0.0,1.0,0.0,0.0568311625723602,999.9999999999986
1668123693.853487,17595.98,0.0,-19.38344414,0.0,0.0,1.0,0.0,0.0568311625723602,999.9999999999986
1668123702.6788063,17595.98,0.0,-19.38344414,0.0,0.0,1.0,0.0,0.0568311625723602,999.9999999999986
1668123704.6373656,17595.98,0.0,-19.38344414,0.0,0.0,1.0,0.0,0.0568311625723602,999.9999999999986
1668123712.6802983,17583.0,-12.979999999999563,-19.6233192,-0.2398750599999992,1.0,0.0,999.2623315098092,0.0,999.2623315098092
1668123714.6616545,17583.0,0.0,-19.6233192,0.0,1.0,0.0,999.2623315098092,0.0,999.2623315098092
1668123722.6720438,17583.0,0.0,-19.6233192,0.0,1.0,0.0,999.2623315098092,0.0,999.2623315098092
1668123724.658146,17583.0,0.0,-19.6233192,0.0,1.0,0.0,999.2623315098092,0.0,999.2623315098092
1668123732.683088,17583.0,0.0,-19.6233192,0.0,1.0,0.0,999.2623315098092,0.0,999.2623315098092
1668123734.6475737,17583.0,0.0,-19.6233192,0.0,1.0,0.0,999.2623315098092,0.0,999.2623315098092
1668123742.6577327,17583.0,0.0,-19.6233192,0.0,1.0,0.0,999.2623315098092,0.0,999.2623315098092
1668123744.6670008,17583.0,0.0,-19.6233192,0.0,1.0,0.0,999.2623315098092,0.0,999.2623315098092
1668123752.6920154,17583.0,0.0,-19.6233192,0.0,1.0,0.0,999.2623315098092,0.0,999.2623315098092
1668123754.6726563,17583.0,0.0,-19.6233192,0.0,1.0,0.0,999.2623315098092,0.0,999.2623315098092
1668123762.675647,17583.0,0.0,-19.6233192,0.0,1.0,0.0,999.2623315098092,0.0,999.2623315098092
1668123764.68947,17583.0,0.0,-19.6233192,0.0,1.0,0.0,999.2623315098092,0.0,999.2623315098092
1668123772.673846,17525.97,-57.02999999999884,-25.14701463,-5.52369543,1.0,0.0,999.2623315098092,0.0,999.2623315098092
1668123774.6743124,17525.97,0.0,-25.14701463,0.0,1.0,0.0,999.2623315098092,0.0,999.2623315098092
1668123782.691758,17525.97,0.0,-25.14701463,0.0,1.0,0.0,999.2623315098092,0.0,999.2623315098092
1668123784.6679602,17525.97,0.0,-25.14701463,0.0,1.0,0.0,999.2623315098092,0.0,999.2623315098092
1668123792.6807864,17525.97,0.0,-25.14701463,0.0,1.0,0.0,999.2623315098092,0.0,999.2623315098092
1668123794.680513,17525.97,0.0,-25.14701463,0.0,1.0,0.0,999.2623315098092,0.0,999.2623315098092
1668123802.682006,17525.97,0.0,-25.14701463,0.0,1.0,0.0,999.2623315098092,0.0,999.2623315098092
1668123804.6729968,17525.97,0.0,-25.14701463,0.0,1.0,0.0,999.2623315098092,0.0,999.2623315098092
1668123826.172439,17527.49,1.5200000000004366,-26.25548301,-1.108468379999998,1.0,0.0,999.2623315098092,0.0,999.2623315098092
1668123887.078984,17521.2,-6.290000000000873,-28.40746369,-2.151980680000001,1.0,0.0,999.2623315098092,0.0,999.2623315098092
1668123946.9099643,17550.57,29.36999999999898,-27.36927615,1.0381875399999991,0.0,1.0,0.0,0.0569361753783386,999.2623315098092
1668124006.8805225,17554.69,4.119999999998981,-25.84748625,1.5217899000000017,0.0,1.0,0.0,0.0569361753783386,999.4969085523668
1668124067.8507528,17555.13,0.4400000000023283,-24.69907155,1.1484147,0.0,1.0,0.0,0.0569361753783386,999.5219604695334
1668124127.8534062,17519.12,-36.01000000000204,-26.07911566,-1.38004411,1.0,0.0,997.4716887941591,0.0,997.4716887941591
1668124187.8010452,17560.3,41.18000000000029,-22.85929049,3.21982517,0.0,1.0,0.0,0.0568026564918685,997.4716887941591
1668124248.970006,17575.7,15.400000000001455,-19.57691657,3.2823739199999977,0.0,1.0,0.0,0.0568026564918685,998.3464497041332
1668124308.6629486,17569.01,-6.690000000002328,-17.03980525,2.537111320000001,0.0,1.0,0.0,0.0568026564918685,997.9664399322024
1668124368.7180152,17569.63,0.6200000000026193,-15.10737485,1.9324304000000008,0.0,1.0,0.0,0.0568026564918685,998.0016575792276
1668124429.766317,17584.83,15.200000000000728,-11.79930041,3.3080744399999986,0.0,1.0,0.0,0.0568026564918685,998.865057957904
1668124489.6489477,17589.06,4.229999999999563,-9.08675049,2.7125499200000007,0.0,1.0,0.0,0.0568026564918685,999.1053331948646
1668124549.718032,17606.46,17.399999999997817,-5.19884862,3.88790187,0.0,1.0,0.0,0.0568026564918685,1000.093699417823
1668124610.884936,17588.25,-18.209999999999127,-4.17583361,1.02301501,0.0,1.0,0.0,0.0568026564918685,999.059323043106
1668124670.8986392,17594.06,5.81000000000131,-1.80965741,2.3661762,0.0,1.0,0.0,0.0568026564918685,999.389346477324
1668124730.6495266,17602.56,8.5,0.99572466,2.8053820700000003,0.0,1.0,0.0,0.0568026564918685,999.8721690575048
1668124791.5007522,17595.7,-6.860000000000582,1.93926592,0.94354126,0.0,1.0,0.0,0.0568026564918685,999.4825028339706
1668124851.5654497,17586.36,-9.340000000000146,1.97513146,0.03586554,0.0,1.0,0.0,0.0568026564918685,998.9519660223364
1668124911.5936332,17628.22,41.86000000000058,7.04079065,5.06565919,0.0,1.0,0.0,0.0568026564918685,1001.329725223086
1668124972.7839,17639.27,11.049999999999272,10.99576766,3.95497701,0.0,1.0,0.0,0.0568026564918685,1001.9573945773212
1668125032.7943134,17622.41,-16.860000000000582,11.36362326,0.3678556000000004,0.0,1.0,0.0,0.0568026564918685,1000.9997017888684
1668125092.6114054,17621.24,-1.1699999999982538,11.82019273,0.4565694699999998,0.0,1.0,0.0,0.0568026564918685,1000.9332426807728
1668125153.6148658,17654.86,33.61999999999898,14.92147062,3.101277889999998,0.0,1.0,0.0,0.0568026564918685,1002.8429479920296
1668125203.2621768,17645.09,-9.770000000000437,15.16196107,0.2404904500000011,0.0,1.0,0.0,0.0568026564918685,1002.287986038104
1668125253.8126657,17646.46,1.3699999999989814,16.04900474,0.8870436700000006,0.0,1.0,0.0,0.0568026564918685,1002.3658056774976
1668125313.9836006,17639.13,-7.329999999998108,15.24611391,-0.8028908300000008,1.0,0.0,1001.9494422054124,0.0,1001.9494422054124
1668125374.4310715,17623.02,-16.110000000000582,12.75034407,-2.4957698399999995,1.0,0.0,1001.9494422054124,0.0,1001.9494422054124
1668125455.479057,17609.82,-13.200000000000728,10.15023573,-2.60010834,1.0,0.0,1001.9494422054124,0.0,1001.9494422054124
1668125494.0563693,17601.38,-8.43999999999869,7.18919817,-2.9610375600000003,1.0,0.0,1001.9494422054124,0.0,1001.9494422054124
1668125558.1078525,17546.93,-54.45000000000073,-2.19890635,-9.38810452,1.0,0.0,1001.9494422054124,0.0,1001.9494422054124
1668125613.7673335,17578.96,32.02999999999884,-1.70701135,0.4918950000000002,0.0,1.0,0.0,0.0569970830018051,1001.9494422054124
1668125673.8539517,17617.12,38.159999999999854,2.09036342,3.79737477,0.0,1.0,0.0,0.0569970830018051,1004.1244508927606
1668125733.7903376,17598.16,-18.959999999999127,-0.15532412,-2.24568754,1.0,0.0,1003.0437861990464,0.0,1003.0437861990464
1668125793.9757462,17605.51,7.349999999998545,0.39671722,0.5520413399999999,0.0,1.0,0.0,0.0569732876922648,1003.0437861990464
1668125853.9836564,17591.42,-14.090000000000146,-1.57771189,-1.97442911,1.0,0.0,1002.2410325754608,0.0,1002.2410325754608
1668125913.828967,17553.53,-37.88999999999942,-7.45291665,-5.87520476,1.0,0.0,1002.2410325754608,0.0,1002.2410325754608
1668125973.8652468,17544.7,-8.829999999998108,-10.98243772,-3.5295210700000004,1.0,0.0,1002.2410325754608,0.0,1002.2410325754608
1668126033.7955866,17445.07,-99.63000000000102,-27.30308316,-16.32064544,1.0,0.0,1002.2410325754608,0.0,1002.2410325754608
1668126093.8572447,17467.74,22.67000000000189,-30.19724742,-2.89416426,1.0,0.0,1002.2410325754608,0.0,1002.2410325754608
1668126153.858376,17463.64,-4.100000000002183,-34.17249885,-3.9752514299999966,1.0,0.0,1002.2410325754608,0.0,1002.2410325754608
1668126213.8129303,17464.49,0.8500000000021828,-36.54436884,-2.3718699900000004,1.0,0.0,1002.2410325754608,0.0,1002.2410325754608
1668126273.8361416,17435.31,-29.18000000000029,-42.08304416,-5.538675320000003,1.0,0.0,1002.2410325754608,0.0,1002.2410325754608
1668126333.8106356,17482.4,47.09000000000015,-37.46238849,4.620655669999998,0.0,1.0,0.0,0.0573285723113222,1002.2410325754608
1668126393.9121869,17502.31,19.90999999999985,-33.54386881,3.918519680000003,0.0,1.0,0.0,0.0573285723113222,1003.3824444501776
1668126453.8376386,17502.18,-0.1300000000010186,-31.35427926,2.189589550000001,0.0,1.0,0.0,0.0573285723113222,1003.3749917357771
1668126513.8790448,17515.42,13.239999999997965,-27.40171085,3.952568409999998,0.0,1.0,0.0,0.0573285723113222,1004.134022033179
1668126573.9116054,17507.86,-7.559999999997672,-25.86117703,1.5405338200000005,0.0,1.0,0.0,0.0573285723113222,1003.7006180265056
1668126633.8717802,17498.41,-9.450000000000728,-25.25099595,0.6101810800000003,0.0,1.0,0.0,0.0573285723113222,1003.1588630181636
1668126693.9192257,17539.78,41.36999999999898,-18.12891798,7.122077969999999,0.0,1.0,0.0,0.0573285723113222,1005.5305460546828
1668126753.813218,17550.19,10.409999999999854,-13.37261619,4.75630179,0.0,1.0,0.0,0.0573285723113222,1006.1273364924436
1668126813.8938968,17537.22,-12.969999999997526,-11.93536826,1.4372479299999998,0.0,1.0,0.0,0.0573285723113222,1005.383784909566
1668126873.939582,17547.74,10.520000000000437,-8.4851942,3.45017406,0.0,1.0,0.0,0.0573285723113222,1005.9868814902812
1668126933.8490777,17546.44,-1.3000000000029104,-6.4665263,2.0186679000000005,0.0,1.0,0.0,0.0573285723113222,1005.9123543462762
1668126994.0380487,17535.13,-11.309999999997672,-6.32193265,0.14459365,0.0,1.0,0.0,0.0573285723113222,1005.2639681934352
1668127054.1815147,17504.96,-30.17000000000189,-9.69401425,-3.3720816000000005,1.0,0.0,1003.5343651668026,0.0,1003.5343651668026
1668127114.3281264,17523.37,18.40999999999985,-7.63699994,2.0570143100000005,0.0,1.0,0.0,0.0572683430850802,1003.5343651668026
1668127173.9537227,17522.94,-0.430000000000291,-7.15800599,0.4789939499999995,0.0,1.0,0.0,0.0572683430850802,1003.5097397792752
1668127234.021596,17507.98,-14.959999999999129,-8.88406039,-1.7260543999999998,1.0,0.0,1002.6530053667224,0.0,1002.6530053667224
1668127294.1723254,17518.02,10.040000000000871,-7.90343248,0.98062791,0.0,1.0,0.0,0.0572355212156809,1002.6530053667224
1668127354.1732335,17496.05,-21.970000000001164,-10.65392144,-2.75048896,1.0,0.0,1001.3955409656138,0.0,1001.3955409656138
1668127414.037561,17488.44,-7.610000000000582,-12.48433875,-1.83041731,1.0,0.0,1001.3955409656138,0.0,1001.3955409656138
1668127474.2152483,17498.19,9.75,-11.91901069,0.5653280599999988,0.0,1.0,0.0,0.0572285214051061,1001.3955409656138
1668127534.1478703,17489.53,-8.659999999999854,-13.08008064,-1.16106995,1.0,0.0,1000.8999419702452,0.0,1000.8999419702452
1668127594.1352012,17509.49,19.960000000002765,-10.47784919,2.60223145,0.0,1.0,0.0,0.05716328356624,1000.8999419702452
1668127654.2701287,17536.66,27.169999999998254,-5.61546649,4.8623827,0.0,1.0,0.0,0.05716328356624,1002.4530683847383
1668127714.1844573,17524.74,-11.919999999998254,-5.20615354,0.4093129500000003,0.0,1.0,0.0,0.05716328356624,1001.7716820446288
1668127774.229927,17538.89,14.149999999997815,-2.016042,3.19011154,0.0,1.0,0.0,0.05716328356624,1002.5805425070912
1668127834.2844925,17556.07,17.18000000000029,1.95242351,3.96846551,0.0,1.0,0.0,0.05716328356624,1003.5626077187592
1668127894.1560466,17560.08,4.010000000002037,4.5324926,2.5800690900000003,0.0,1.0,0.0,0.05716328356624,1003.7918324858598
1668127954.209194,17549.18,-10.900000000001455,4.60238869,0.0698960899999994,0.0,1.0,0.0,0.05716328356624,1003.1687526949876
1668128014.4327798,17563.2,14.020000000000437,7.37784738,2.7754586900000007,0.0,1.0,0.0,0.05716328356624,1003.9701819305864
1668128074.0833242,17553.95,-9.25,7.28442811,-0.09341927,1.0,0.0,1003.4414215575988,0.0,1003.4414215575988
1668128134.2857718,17551.38,-2.569999999999709,7.34180986,0.0573817499999993,0.0,1.0,0.0,0.0571716538276533,1003.4414215575988
1668128194.1597064,17546.13,-5.25,6.79118569,-0.5506241699999999,1.0,0.0,1003.1412703750024,0.0,1003.1412703750024
1668128254.1908813,17569.37,23.239999999997963,9.67489229,2.883706600000001,0.0,1.0,0.0,0.0570960296456277,1003.1412703750024
1668128314.3154871,17580.34,10.970000000001164,12.07595845,2.401066159999999,0.0,1.0,0.0,0.0570960296456277,1003.7676138202144
1668128374.2092535,17565.09,-15.25,10.97812048,-1.0978379700000005,1.0,0.0,1002.8968993681186,0.0,1002.8968993681186
1668128434.1791308,17553.81,-11.279999999998836,9.35143262,-1.6266878599999988,1.0,0.0,1002.8968993681186,0.0,1002.8968993681186
1668128494.6192791,17555.08,1.2700000000004366,8.85491768,-0.4965149400000008,1.0,0.0,1002.8968993681186,0.0,1002.8968993681186
1668128554.2765653,17568.65,13.569999999999707,10.29445203,1.4395343500000006,0.0,1.0,0.0,0.0570844600676841,1002.8968993681186
1668128614.2608354,17592.95,24.299999999999272,13.80009275,3.505640719999999,0.0,1.0,0.0,0.0570844600676841,1004.284051747763
1668128674.3217387,17584.33,-8.619999999998981,13.65212902,-0.1479637299999989,1.0,0.0,1003.7919837019796,0.0,1003.7919837019796
1668128734.355935,17598.42,14.089999999996508,15.85635083,2.20422181,0.0,1.0,0.0,0.0570387559622954,1003.7919837019796
1668128794.241338,17609.33,10.910000000003492,18.19317013,2.3368192999999984,0.0,1.0,0.0,0.0570387559622954,1004.4142765295272
1668128854.1906126,17611.69,2.359999999996944,19.499989,1.3068188700000007,0.0,1.0,0.0,0.0570387559622954,1004.5488879935982
1668128914.2798643,17599.43,-12.2599999999984,18.31352579,-1.1864632099999994,1.0,0.0,1003.8495928455004,0.0,1003.8495928455004
1668128974.287385,17630.4,30.970000000001164,22.31949952,4.005973730000001,0.0,1.0,0.0,0.0569385602621324,1003.8495928455004
1668159113.1986876,17365.14,-265.26000000000204,-2.49498042,-24.81447994,1.0,0.0,988.7460703503658,0.0,988.7460703503658
1668159113.6640415,17365.14,0.0,-2.49498042,0.0,1.0,0.0,988.7460703503658,0.0,988.7460703503658
1668159114.561559,17365.14,0.0,-2.49498042,0.0,1.0,0.0,988.7460703503658,0.0,988.7460703503658
1668159116.5939174,17365.14,0.0,-2.49498042,0.0,1.0,0.0,988.7460703503658,0.0,988.7460703503658
1668159118.403474,17365.14,0.0,-2.49498042,0.0,1.0,0.0,988.7460703503658,0.0,988.7460703503658
1668159119.0752292,17365.14,0.0,-2.49498042,0.0,1.0,0.0,988.7460703503658,0.0,988.7460703503658
1668159119.8373053,17365.14,0.0,-2.49498042,0.0,1.0,0.0,988.7460703503658,0.0,988.7460703503658
1668159121.7249365,17365.14,0.0,-2.49498042,0.0,1.0,0.0,988.7460703503658,0.0,988.7460703503658
1668159122.7533033,17365.14,0.0,-2.49498042,0.0,1.0,0.0,988.7460703503658,0.0,988.7460703503658
1668159123.987551,17365.14,0.0,-2.49498042,0.0,1.0,0.0,988.7460703503658,0.0,988.7460703503658
1668159124.9758224,17365.14,0.0,-2.49498042,0.0,1.0,0.0,988.7460703503658,0.0,988.7460703503658
1668159125.4517066,17365.14,0.0,-2.49498042,0.0,1.0,0.0,988.7460703503658,0.0,988.7460703503658
1668159128.047161,17365.14,0.0,-2.49498042,0.0,1.0,0.0,988.7460703503658,0.0,988.7460703503658
1668159129.1026742,17365.14,0.0,-2.49498042,0.0,1.0,0.0,988.7460703503658,0.0,988.7460703503658
1668159129.288811,17365.14,0.0,-2.49498042,0.0,1.0,0.0,988.7460703503658,0.0,988.7460703503658
1668159130.9199145,17365.14,0.0,-2.49498042,0.0,1.0,0.0,988.7460703503658,0.0,988.7460703503658
1668159131.162773,17365.14,0.0,-2.49498042,0.0,1.0,0.0,988.7460703503658,0.0,988.7460703503658
1668159132.5804856,17359.61,-5.529999999998836,-2.80545157,-0.3104711499999997,1.0,0.0,988.7460703503658,0.0,988.7460703503658
1668159133.356297,17359.61,0.0,-2.80545157,0.0,1.0,0.0,988.7460703503658,0.0,988.7460703503658
1668159133.9772785,17359.61,0.0,-2.80545157,0.0,1.0,0.0,988.7460703503658,0.0,988.7460703503658
1668159134.6197014,17359.61,0.0,-2.80545157,0.0,1.0,0.0,988.7460703503658,0.0,988.7460703503658
1668159136.268106,17359.61,0.0,-2.80545157,0.0,1.0,0.0,988.7460703503658,0.0,988.7460703503658
1668159137.6939847,17359.61,0.0,-2.80545157,0.0,1.0,0.0,988.7460703503658,0.0,988.7460703503658
1668159138.1388826,17359.61,0.0,-2.80545157,0.0,1.0,0.0,988.7460703503658,0.0,988.7460703503658
1668159139.4194946,17359.61,0.0,-2.80545157,0.0,1.0,0.0,988.7460703503658,0.0,988.7460703503658
1668159139.9895165,17359.61,0.0,-2.80545157,0.0,1.0,0.0,988.7460703503658,0.0,988.7460703503658
1668159141.2543788,17359.61,0.0,-2.80545157,0.0,1.0,0.0,988.7460703503658,0.0,988.7460703503658
1668159142.5954676,17359.61,0.0,-2.80545157,0.0,1.0,0.0,988.7460703503658,0.0,988.7460703503658
1668159143.6010396,17359.61,0.0,-2.80545157,0.0,1.0,0.0,988.7460703503658,0.0,988.7460703503658
1668159145.1435263,17359.61,0.0,-2.80545157,0.0,1.0,0.0,988.7460703503658,0.0,988.7460703503658
1668159145.345445,17359.61,0.0,-2.80545157,0.0,1.0,0.0,988.7460703503658,0.0,988.7460703503658
1668159145.6922212,17359.61,0.0,-2.80545157,0.0,1.0,0.0,988.7460703503658,0.0,988.7460703503658
1668159146.1340847,17359.61,0.0,-2.80545157,0.0,1.0,0.0,988.7460703503658,0.0,988.7460703503658
1668159147.2374766,17359.61,0.0,-2.80545157,0.0,1.0,0.0,988.7460703503658,0.0,988.7460703503658
1668159147.5363207,17359.61,0.0,-2.80545157,0.0,1.0,0.0,988.7460703503658,0.0,988.7460703503658
1668159149.026959,17359.61,0.0,-2.80545157,0.0,1.0,0.0,988.7460703503658,0.0,988.7460703503658
1668159150.5208423,17359.61,0.0,-2.80545157,0.0,1.0,0.0,988.7460703503658,0.0,988.7460703503658
1668159150.8423238,17359.61,0.0,-2.80545157,0.0,1.0,0.0,988.7460703503658,0.0,988.7460703503658
1668159151.1874974,17359.61,0.0,-2.80545157,0.0,1.0,0.0,988.7460703503658,0.0,988.7460703503658
1668159155.0720398,17359.61,0.0,-2.80545157,0.0,1.0,0.0,988.7460703503658,0.0,988.7460703503658
1668159157.304138,17359.61,0.0,-2.80545157,0.0,1.0,0.0,988.7460703503658,0.0,988.7460703503658
1668159157.50564,17359.61,0.0,-2.80545157,0.0,1.0,0.0,988.7460703503658,0.0,988.7460703503658
1668159159.1100616,17359.61,0.0,-2.80545157,0.0,1.0,0.0,988.7460703503658,0.0,988.7460703503658
1668159159.3865464,17359.61,0.0,-2.80545157,0.0,1.0,0.0,988.7460703503658,0.0,988.7460703503658
1668159159.7922072,17359.61,0.0,-2.80545157,0.0,1.0,0.0,988.7460703503658,0.0,988.7460703503658
1668159162.4867868,17364.52,4.909999999999855,-2.41377066,0.3916809099999998,0.0,1.0,0.0,0.0569405932528146,988.7460703503658
1668159163.8043408,17359.61,-4.909999999999855,-2.80545157,-0.3916809099999998,1.0,0.0,988.4664920374928,0.0,988.4664920374928
1668159164.429407,17364.52,4.909999999999855,-2.41377066,0.3916809099999998,0.0,1.0,0.0,0.0569244927033682,988.4664920374928
1668159164.743535,17364.52,0.0,-2.41377066,0.0,0.0,1.0,0.0,0.0569244927033682,988.4664920374912
1668159166.0298417,17364.52,0.0,-2.41377066,0.0,0.0,1.0,0.0,0.0569244927033682,988.4664920374912
1668159166.1945598,17364.52,0.0,-2.41377066,0.0,0.0,1.0,0.0,0.0569244927033682,988.4664920374912
1668159166.6852388,17364.52,0.0,-2.41377066,0.0,0.0,1.0,0.0,0.0569244927033682,988.4664920374912
1668159167.6216617,17364.52,0.0,-2.41377066,0.0,0.0,1.0,0.0,0.0569244927033682,988.4664920374912
1668159169.0762577,17364.52,0.0,-2.41377066,0.0,0.0,1.0,0.0,0.0569244927033682,988.4664920374912
1668159169.3725133,17364.52,0.0,-2.41377066,0.0,0.0,1.0,0.0,0.0569244927033682,988.4664920374912
1668159170.0874827,17364.52,0.0,-2.41377066,0.0,0.0,1.0,0.0,0.0569244927033682,988.4664920374912
1668159171.7593408,17364.52,0.0,-2.41377066,0.0,0.0,1.0,0.0,0.0569244927033682,988.4664920374912
1668159172.788438,17364.52,0.0,-2.41377066,0.0,0.0,1.0,0.0,0.0569244927033682,988.4664920374912
1668159173.3127065,17364.52,0.0,-2.41377066,0.0,0.0,1.0,0.0,0.0569244927033682,988.4664920374912
1668159174.9677978,17364.52,0.0,-2.41377066,0.0,0.0,1.0,0.0,0.0569244927033682,988.4664920374912
1668159175.8945143,17364.52,0.0,-2.41377066,0.0,0.0,1.0,0.0,0.0569244927033682,988.4664920374912
1668159176.4717286,17364.52,0.0,-2.41377066,0.0,0.0,1.0,0.0,0.0569244927033682,988.4664920374912
1668159177.4016228,17364.52,0.0,-2.41377066,0.0,0.0,1.0,0.0,0.0569244927033682,988.4664920374912
1668159177.6040263,17364.52,0.0,-2.41377066,0.0,0.0,1.0,0.0,0.0569244927033682,988.4664920374912
1668159178.9249458,17364.52,0.0,-2.41377066,0.0,0.0,1.0,0.0,0.0569244927033682,988.4664920374912
1668159179.341172,17364.52,0.0,-2.41377066,0.0,0.0,1.0,0.0,0.0569244927033682,988.4664920374912
1668159180.701426,17364.52,0.0,-2.41377066,0.0,0.0,1.0,0.0,0.0569244927033682,988.4664920374912
1668159181.723377,17364.52,0.0,-2.41377066,0.0,0.0,1.0,0.0,0.0569244927033682,988.4664920374912
1668159181.9326515,17364.52,0.0,-2.41377066,0.0,0.0,1.0,0.0,0.0569244927033682,988.4664920374912
1668159182.2829604,17364.52,0.0,-2.41377066,0.0,0.0,1.0,0.0,0.0569244927033682,988.4664920374912
1668159183.3211572,17364.52,0.0,-2.41377066,0.0,0.0,1.0,0.0,0.0569244927033682,988.4664920374912
1668159183.546032,17364.52,0.0,-2.41377066,0.0,0.0,1.0,0.0,0.0569244927033682,988.4664920374912
1668159183.7436943,17364.52,0.0,-2.41377066,0.0,0.0,1.0,0.0,0.0569244927033682,988.4664920374912
1668159184.9100454,17364.52,0.0,-2.41377066,0.0,0.0,1.0,0.0,0.0569244927033682,988.4664920374912
1668159190.2090087,17364.52,0.0,-2.41377066,0.0,0.0,1.0,0.0,0.0569244927033682,988.4664920374912
1668159191.1372178,17368.29,3.770000000000437,-1.38282915,1.03094151,0.0,1.0,0.0,0.0569244927033682,988.6810973749828
1668159191.5261862,17368.29,0.0,-1.38282915,0.0,0.0,1.0,0.0,0.0569244927033682,988.6810973749828
1668159193.115032,17364.52,-3.770000000000437,-2.41377066,-1.03094151,1.0,0.0,988.4664920374912,0.0,988.4664920374912
1668159194.2264574,17368.29,3.770000000000437,-1.38282915,1.03094151,0.0,1.0,0.0,0.0569121365452494,988.4664920374912
1668159194.6071868,17364.52,-3.770000000000437,-2.41377066,-1.03094151,1.0,0.0,988.2519332827142,0.0,988.2519332827142
1668159195.7001164,17368.29,3.770000000000437,-1.38282915,1.03094151,0.0,1.0,0.0,0.056899783069186,988.2519332827142
1668159196.083249,17368.29,0.0,-1.38282915,0.0,0.0,1.0,0.0,0.056899783069186,988.2519332827126
1668159196.229972,17368.29,0.0,-1.38282915,0.0,0.0,1.0,0.0,0.056899783069186,988.2519332827126
1668159197.0280411,17368.29,0.0,-1.38282915,0.0,0.0,1.0,0.0,0.056899783069186,988.2519332827126
1668159197.5964944,17368.29,0.0,-1.38282915,0.0,0.0,1.0,0.0,0.056899783069186,988.2519332827126
1668159197.652801,17368.29,0.0,-1.38282915,0.0,0.0,1.0,0.0,0.056899783069186,988.2519332827126
1668159197.89999,17368.29,0.0,-1.38282915,0.0,0.0,1.0,0.0,0.056899783069186,988.2519332827126
1668159198.7352655,17368.29,0.0,-1.38282915,0.0,0.0,1.0,0.0,0.056899783069186,988.2519332827126
1668159215.6007032,17368.29,0.0,-1.38282915,0.0,0.0,1.0,0.0,0.056899783069186,988.2519332827126
1668159275.608286,17369.39,1.0999999999985448,-0.54401191,0.83881724,0.0,1.0,0.0,0.056899783069186,988.3145230440886
1668159335.6423512,17401.27,31.88000000000102,4.46039313,5.00440504,0.0,1.0,0.0,0.056899783069186,990.1284881283344
1668159395.700822,17434.3,33.02999999999884,11.00711179,6.54671866,0.0,1.0,0.0,0.056899783069186,992.0078879631094
1668159455.5756202,17429.08,-5.219999999997526,13.18765897,2.18054718,0.0,1.0,0.0,0.056899783069186,991.7108710954884
1668159515.6479447,17418.87,-10.210000000002765,13.64996434,0.462305370000001,0.0,1.0,0.0,0.056899783069186,991.1299243103518
1668159575.649784,17410.29,-8.579999999998108,13.22826026,-0.4217040799999996,1.0,0.0,990.6417241716184,0.0,990.6417241716184
1668159635.7025588,17420.67,10.37999999999738,14.80507876,1.5768185,0.0,1.0,0.0,0.0568658796803807,990.6417241716184
1668159695.6370423,17378.68,-41.98999999999796,9.3648073,-5.44027146,1.0,0.0,988.2539258838384,0.0,988.2539258838384
1668159755.6848092,17359.01,-19.67000000000189,4.76076908,-4.6040382200000005,1.0,0.0,988.2539258838384,0.0,988.2539258838384
1668159815.6806595,17381.89,22.88000000000102,5.66349398,0.9027249,0.0,1.0,0.0,0.0568553779758034,988.2539258838384
1668159875.619693,17359.38,-22.5099999999984,1.70068277,-3.96281121,1.0,0.0,986.9741113256022,0.0,986.9741113256022
1668159935.678596,17366.3,6.919999999998254,0.80112392,-0.89955885,1.0,0.0,986.9741113256022,0.0,986.9741113256022
1668159995.6022477,17341.53,-24.77000000000044,-3.70135071,-4.50247463,1.0,0.0,986.9741113256022,0.0,986.9741113256022
1668160055.6497986,17348.02,6.490000000001601,-4.81681915,-1.11546844,1.0,0.0,986.9741113256022,0.0,986.9741113256022
1668160115.863791,17355.81,7.790000000000873,-4.95259513,-0.13577598,1.0,0.0,986.9741113256022,0.0,986.9741113256022
1668160175.7890792,17393.26,37.44999999999709,-0.18287844,4.76971669,0.0,1.0,0.0,0.056744630467526,986.9741113256022
1668160235.5473664,17385.71,-7.549999999999272,0.20493356,0.387812,0.0,1.0,0.0,0.056744630467526,986.5456893655714
1668160295.719407,17380.18,-5.529999999998836,0.13907651,-0.06585705,1.0,0.0,986.231891559086,0.0,986.231891559086
1668160355.6177423,17387.03,6.849999999998545,1.40785619,1.26877968,0.0,1.0,0.0,0.0567222746817073,986.231891559086
1668160415.68687,17390.02,2.9900000000016007,2.42403372,1.0161775300000002,0.0,1.0,0.0,0.0567222746817073,986.4014911603836
1668160475.6779454,17378.06,-11.959999999999129,1.26557099,-1.15846273,1.0,0.0,985.7230927551904,0.0,985.7230927551904
1668160535.698362,17355.4,-22.65999999999985,-2.11538401,-3.380955,1.0,0.0,985.7230927551904,0.0,985.7230927551904
1668160595.8344712,17380.98,25.57999999999811,0.3764964,2.4918804100000003,0.0,1.0,0.0,0.0567127453547032,985.7230927551904
1668160655.7535102,17413.32,32.340000000000146,5.16995388,4.79345748,0.0,1.0,0.0,0.0567127453547032,987.5571829399604
1668160715.7210398,17386.02,-27.299999999999272,2.95167699,-2.2182768899999994,1.0,0.0,986.0089249917768,0.0,986.0089249917768
1668160775.7323546,17392.16,6.139999999999418,3.83239961,0.8807226199999998,0.0,1.0,0.0,0.056692723905011,986.0089249917768
1668160835.631044,17392.14,-0.0200000000004365,4.09217626,0.2597766499999996,0.0,1.0,0.0,0.056692723905011,986.007791137298
1668160895.742409,17386.32,-5.819999999999709,3.48363806,-0.6085381999999995,1.0,0.0,985.6778394841708,0.0,985.6778394841708
1668160955.654016,17411.8,25.479999999999563,6.87595226,3.3923142,0.0,1.0,0.0,0.0566097611668047,985.6778394841708
1668161015.7911315,17416.43,4.630000000001019,8.51741111,1.6414588499999994,0.0,1.0,0.0,0.0566097611668047,985.9399426783724
1668161075.7047524,17415.16,-1.2700000000004366,9.03978163,0.5223705200000008,0.0,1.0,0.0,0.0566097611668047,985.8680482816904
1668161135.807507,17411.49,-3.6699999999982538,9.10722622,0.0674445899999991,0.0,1.0,0.0,0.0566097611668047,985.6602904582084
1668161195.7220533,17389.67,-21.820000000003347,6.25532456,-2.85190166,1.0,0.0,984.4250654695484,0.0,984.4250654695484
1668161255.7862687,17368.39,-21.27999999999884,2.22616827,-4.02915629,1.0,0.0,984.4250654695484,0.0,984.4250654695484
1668161315.6388347,17349.67,-18.720000000001164,-2.24788933,-4.4740576,1.0,0.0,984.4250654695484,0.0,984.4250654695484
1668161375.9334197,17318.59,-31.07999999999811,-8.9511438,-6.703254470000001,1.0,0.0,984.4250654695484,0.0,984.4250654695484
1668161435.7216177,17330.89,12.299999999999272,-10.41973116,-1.468587359999999,1.0,0.0,984.4250654695484,0.0,984.4250654695484
1668161495.6500666,17332.36,1.4700000000011642,-12.12893719,-1.7092060300000007,1.0,0.0,984.4250654695484,0.0,984.4250654695484
1668161555.685731,17322.89,-9.470000000001164,-14.67924445,-2.5503072600000003,1.0,0.0,984.4250654695484,0.0,984.4250654695484
1668161615.6966586,17321.63,-1.2599999999983993,-16.05881044,-1.379565989999998,1.0,0.0,984.4250654695484,0.0,984.4250654695484
1668161675.7925775,17315.27,-6.360000000000582,-17.77759256,-1.7187821200000002,1.0,0.0,984.4250654695484,0.0,984.4250654695484
1668161735.6250956,17316.53,1.2599999999983993,-18.34538458,-0.5677920200000024,1.0,0.0,984.4250654695484,0.0,984.4250654695484
1668161795.7600112,17299.3,-17.229999999999563,-21.06110609,-2.715721509999998,1.0,0.0,984.4250654695484,0.0,984.4250654695484
1668161855.7315643,17299.87,0.569999999999709,-21.82635235,-0.7652462600000014,1.0,0.0,984.4250654695484,0.0,984.4250654695484
1668161915.731863,17299.96,0.0900000000001455,-22.200073,-0.3737206499999992,1.0,0.0,984.4250654695484,0.0,984.4250654695484
1668161975.7477732,17252.41,-47.54999999999927,-29.05536738,-6.85529438,1.0,0.0,984.4250654695484,0.0,984.4250654695484
1668162035.7645037,17277.97,25.56000000000131,-27.42075884,1.6346085399999986,0.0,1.0,0.0,0.0569757364707513,984.4250654695484
1668162096.7106445,17273.94,-4.030000000002474,-27.99477322,-0.5740143799999977,1.0,0.0,984.1954532515696,0.0,984.1954532515696
1668162156.6978402,17284.93,10.9900000000016,-26.2553542,1.7394190199999997,0.0,1.0,0.0,0.056939510501435,984.1954532515696
1668162216.6573904,17285.39,0.4599999999991269,-25.36088988,0.8944643200000009,0.0,1.0,0.0,0.056939510501435,984.2216454263996
1668162277.594628,17297.07,11.680000000000293,-22.73583766,2.625052219999997,0.0,1.0,0.0,0.056939510501435,984.8866989090563
1668162338.0321038,17277.21,-19.860000000000586,-23.88815363,-1.15231597,1.0,0.0,983.7558802304978,0.0,983.7558802304978
1668162397.6281078,17296.09,18.88000000000102,-20.60857189,3.279581740000001,0.0,1.0,0.0,0.0568773566875807,983.7558802304978
1668162458.4735758,17294.43,-1.6599999999998545,-19.21889565,1.38967624,0.0,1.0,0.0,0.0568773566875807,983.6614638183962
1668162518.4999886,17299.49,5.06000000000131,-17.04401535,2.1748803000000017,0.0,1.0,0.0,0.0568773566875807,983.9492632432356
1668162578.451411,17316.08,16.590000000000146,-13.16560885,3.878406499999999,0.0,1.0,0.0,0.0568773566875807,984.8928585906824
1668162639.2925837,17312.13,-3.950000000000728,-11.62515202,1.54045683,0.0,1.0,0.0,0.0568773566875807,984.6681930317664
1668162699.3508682,17333.83,21.700000000000728,-6.91757247,4.70757955,0.0,1.0,0.0,0.0568773566875807,985.902431671887
1668162759.418361,17332.14,-1.6900000000023283,-4.74560675,2.17196572,0.0,1.0,0.0,0.0568773566875807,985.8063089390848
1668162820.3451734,17319.71,-12.430000000000293,-4.55697595,0.1886308000000003,0.0,1.0,0.0,0.0568773566875807,985.0993233954582
1668162880.560665,17298.69,-21.02000000000044,-6.66208823,-2.10511228,1.0,0.0,983.9037613578852,0.0,983.9037613578852
1668162940.3499722,17308.91,10.220000000001164,-5.39164912,1.27043911,0.0,1.0,0.0,0.0568437736031838,983.9037613578852
1668163001.3026924,17282.2,-26.709999999999127,-9.20050124,-3.808852119999999,1.0,0.0,982.3854641649432,0.0,982.3854641649432
1668163061.5327692,17287.66,5.459999999999127,-9.0791427,0.1213585399999992,0.0,1.0,0.0,0.0568258205080932,982.3854641649432
1668163121.237274,17297.44,9.779999999998836,-7.83064918,1.2484935200000002,0.0,1.0,0.0,0.0568258205080932,982.9412206895116
1668163182.2528512,17305.48,8.040000000000873,-6.41543577,1.4152134099999998,0.0,1.0,0.0,0.0568258205080932,983.3981002863968
1668163242.1779706,17313.39,7.9099999999998545,-5.24423305,1.17120272,0.0,1.0,0.0,0.0568258205080932,983.8475925266156
1668163302.2139325,17335.74,22.350000000002183,-1.72064277,3.52359028,0.0,1.0,0.0,0.0568258205080932,985.1176496149716
1668163363.315655,17357.08,21.340000000000146,3.10198541,4.822628180000001,0.0,1.0,0.0,0.0568258205080932,986.3303126246144
1668163423.4377973,17347.79,-9.290000000000871,5.30496686,2.20298145,0.0,1.0,0.0,0.0568258205080932,985.8024007520942
1668163483.4223506,17352.91,5.119999999998981,7.5055124,2.20054554,0.0,1.0,0.0,0.0568258205080932,986.0933489530956
1668163544.2794392,17384.49,31.580000000001743,11.5218616,4.0163492,0.0,1.0,0.0,0.0568258205080932,987.8879083647412
1668163604.3998566,17387.03,2.539999999997235,14.2217346,2.699873,0.0,1.0,0.0,0.0568258205080932,988.0322459488316
1668163664.361439,17359.87,-27.15999999999985,13.20708412,-1.0146504800000002,1.0,0.0,986.4888566638318,0.0,986.4888566638318
1668163725.176967,17337.44,-22.43000000000029,9.63863416,-3.568449959999999,1.0,0.0,986.4888566638318,0.0,986.4888566638318
1668163785.166252,17336.8,-0.6399999999994179,9.03024076,-0.6083934000000006,1.0,0.0,986.4888566638318,0.0,986.4888566638318
1668163845.2579925,17322.15,-14.649999999997815,5.71711545,-3.31312531,1.0,0.0,986.4888566638318,0.0,986.4888566638318
1668163906.540582,17338.32,16.169999999998254,5.91642057,0.19930512,0.0,1.0,0.0,0.0568964499826875,986.4888566638318
1668163966.548748,17322.79,-15.529999999998836,4.10996991,-1.80645066,1.0,0.0,985.6052547955992,0.0,985.6052547955992
1668164026.7574034,17317.08,-5.709999999999127,1.42305951,-2.6869104000000004,1.0,0.0,985.6052547955992,0.0,985.6052547955992
1668164087.4399705,17319.04,1.9599999999991269,-0.37160321,-1.79466272,1.0,0.0,985.6052547955992,0.0,985.6052547955992
1668164147.427726,17346.44,27.399999999997817,1.60831345,1.97991666,0.0,1.0,0.0,0.0568188778098329,985.6052547955992
1668164207.4563265,17333.82,-12.61999999999898,1.98945665,0.3811431999999999,0.0,1.0,0.0,0.0568188778098329,984.8882005576376
1668164268.2770789,17333.09,-0.7299999999995634,2.31860535,0.3291486999999999,0.0,1.0,0.0,0.0568188778098329,984.8467227768364
1668164328.2199988,17322.28,-10.81000000000131,0.88965784,-1.42894751,1.0,0.0,984.2325107077122,0.0,984.2325107077122
1668164388.2355108,17332.4,10.12000000000262,1.05524027,0.16558243,0.0,1.0,0.0,0.056785702540197,984.2325107077122
1668164449.0042806,17336.6,4.19999999999709,1.88787968,0.8326394099999999,0.0,1.0,0.0,0.056785702540197,984.4710106583792
1668164509.0874012,17316.42,-20.18000000000029,0.40186946,-1.4860102199999998,1.0,0.0,983.325075181118,0.0,983.325075181118
1668164569.014438,17307.78,-8.639999999999418,-1.6577174,-2.05958686,1.0,0.0,983.325075181118,0.0,983.325075181118
1668164630.2722175,17312.58,4.80000000000291,-2.48417552,-0.8264581200000001,1.0,0.0,983.325075181118,0.0,983.325075181118
1668164690.4723644,17317.12,4.539999999997235,-2.10705202,0.3771235000000001,0.0,1.0,0.0,0.0567834071243438,983.325075181118
1668164750.7894125,17330.69,13.569999999999707,-1.01088374,1.09616828,0.0,1.0,0.0,0.0567834071243438,984.0956260157938
1668164811.1733146,17313.26,-17.43000000000029,-2.1545147,-1.14363096,1.0,0.0,983.1058912296164,0.0,983.1058912296164
1668164871.084764,17365.86,52.60000000000218,2.87082634,5.02534104,0.0,1.0,0.0,0.0566114140750654,983.1058912296164
1668164931.130528,17374.78,8.919999999998254,7.2539804,4.38315406,0.0,1.0,0.0,0.0566114140750654,983.6108650431648
1668164992.0512936,17373.98,-0.7999999999992724,9.45939559,2.20541519,0.0,1.0,0.0,0.0566114140750654,983.5655759119048
1668165052.099299,17379.27,5.290000000000873,11.37180142,1.9124058300000009,0.0,1.0,0.0,0.0566114140750654,983.8650502923618
1668165112.0543833,17407.65,28.38000000000102,15.66319453,4.29139311,0.0,1.0,0.0,0.0566114140750654,985.4716822238122
1668165173.129672,17412.3,4.649999999997817,18.39238695,2.7291924199999986,0.0,1.0,0.0,0.0566114140750654,985.7349252992612
1668165233.1853688,17396.43,-15.86999999999898,18.18931057,-0.2030763799999988,1.0,0.0,984.83650215789,0.0,984.83650215789
1668165293.1201842,17404.56,8.130000000001019,19.62700719,1.4376966200000003,0.0,1.0,0.0,0.0565849698100894,984.83650215789
1668165354.4041233,17412.24,7.680000000000291,20.91010771,1.283100519999998,0.0,1.0,0.0,0.0565849698100894,985.2710747260312
1668165414.0458076,17388.0,-24.2400000000016,18.83151944,-2.0785882699999974,1.0,0.0,983.8994550578344,0.0,983.8994550578344
1668165474.0976207,17380.23,-7.770000000000437,17.38500889,-1.4465105499999993,1.0,0.0,983.8994550578344,0.0,983.8994550578344
1668165534.959376,17402.53,22.299999999999272,18.13205264,0.7470437499999996,0.0,1.0,0.0,0.0565377249777954,983.8994550578344
1668165594.968891,17405.07,2.540000000000873,18.96229068,0.8302380399999976,0.0,1.0,0.0,0.0565377249777954,984.0430608792772
1668165654.9607778,17395.9,-9.169999999998254,17.95882699,-1.0034636900000002,1.0,0.0,983.524609941231,0.0,983.524609941231
1668165716.1602416,17390.56,-5.3400000000001455,16.72673499,-1.232091999999998,1.0,0.0,983.524609941231,0.0,983.524609941231
1668165776.193865,17380.44,-10.12000000000262,13.68297256,-3.043762430000001,1.0,0.0,983.524609941231,0.0,983.524609941231
1668165836.215824,17385.5,5.06000000000131,12.92407627,-0.7588962899999991,1.0,0.0,983.524609941231,0.0,983.524609941231
1668165897.5648997,17389.5,4.0,11.87117809,-1.0528981799999997,1.0,0.0,983.524609941231,0.0,983.524609941231
1668165957.2511446,17386.63,-2.8699999999989814,11.6280157,-0.2431623900000001,1.0,0.0,983.524609941231,0.0,983.524609941231
1668166017.14491,17378.99,-7.639999999999418,9.73866947,-1.889346230000001,1.0,0.0,983.524609941231,0.0,983.524609941231
1668166077.9871,17371.94,-7.05000000000291,8.06676976,-1.67189971,1.0,0.0,983.524609941231,0.0,983.524609941231
1668166138.0166984,17360.68,-11.2599999999984,4.84825348,-3.21851628,1.0,0.0,983.524609941231,0.0,983.524609941231
1668166198.0097992,17367.73,7.049999999999272,3.77779503,-1.0704584500000005,1.0,0.0,983.524609941231,0.0,983.524609941231
1668166258.8517215,17370.03,2.2999999999992724,3.573764,-0.2040310299999999,1.0,0.0,983.524609941231,0.0,983.524609941231
1668166318.859808,17366.93,-3.099999999998545,2.58486083,-0.98890317,1.0,0.0,983.524609941231,0.0,983.524609941231
1668166378.9363306,17367.13,0.2000000000007276,1.44448613,-1.1403747000000002,1.0,0.0,983.524609941231,0.0,983.524609941231
1668166440.1933954,17384.32,17.18999999999869,3.07777088,1.63328475,0.0,1.0,0.0,0.0565753857465365,983.524609941231
1668166500.6735127,17394.94,10.61999999999898,4.66434647,1.5865755899999998,0.0,1.0,0.0,0.0565753857465365,984.1254405378576
1668166560.1274333,17412.17,17.229999999999563,7.2487874,2.5844409300000004,0.0,1.0,0.0,0.0565753857465365,985.1002344342704
1668166621.0819514,17460.01,47.84000000000015,14.46701374,7.21822634,0.0,1.0,0.0,0.0565753857465365,987.8068008883846
1668166681.022403,17428.13,-31.87999999999738,14.2404926,-0.2265211400000009,1.0,0.0,986.0031775907852,0.0,986.0031775907852
1668166741.1857018,17404.3,-23.830000000001743,13.35739747,-0.8830951299999992,1.0,0.0,986.0031775907852,0.0,986.0031775907852
1668166801.9804766,17344.89,-59.409999999999854,5.81559258,-7.541804890000001,1.0,0.0,986.0031775907852,0.0,986.0031775907852
1668166861.9792998,17335.9,-8.989999999997963,1.05798664,-4.75760594,1.0,0.0,986.0031775907852,0.0,986.0031775907852
1668166922.0147274,17352.9,17.0,-0.44870053,-1.50668717,1.0,0.0,986.0031775907852,0.0,986.0031775907852
1668166983.0894578,17364.06,11.159999999999854,-0.30483484,0.14386569,0.0,1.0,0.0,0.0567841379027016,986.0031775907852
1668167043.3710165,17343.95,-20.110000000000586,-3.97016269,-3.66532785,1.0,0.0,984.8612485775616,0.0,984.8612485775616
1668167103.1649232,17345.68,1.7299999999995634,-5.99614805,-2.0259853600000004,1.0,0.0,984.8612485775616,0.0,984.8612485775616
1668167164.0031545,17354.35,8.669999999998254,-6.58020894,-0.5840608899999999,1.0,0.0,984.8612485775616,0.0,984.8612485775616
1668167223.9956326,17325.05,-29.299999999999272,-9.52971116,-2.9495022199999994,1.0,0.0,984.8612485775616,0.0,984.8612485775616
1668167283.9601953,17322.93,-2.1199999999989814,-11.22805994,-1.69834878,1.0,0.0,984.8612485775616,0.0,984.8612485775616
1668167345.0479214,17312.09,-10.840000000000146,-13.82593138,-2.5978714400000005,1.0,0.0,984.8612485775616,0.0,984.8612485775616
1668167405.0253038,17304.41,-7.680000000000291,-17.06456559,-3.2386342100000007,1.0,0.0,984.8612485775616,0.0,984.8612485775616
1668167465.0988803,17318.13,13.720000000001164,-17.64587611,-0.5813105199999988,1.0,0.0,984.8612485775616,0.0,984.8612485775616
1668167526.464147,17310.43,-7.700000000000728,-18.5123258,-0.8664496899999996,1.0,0.0,984.8612485775616,0.0,984.8612485775616
1668167586.196416,17315.2,4.770000000000437,-17.95022801,0.5620977899999993,0.0,1.0,0.0,0.0568784217668615,984.8612485775616
1668167646.2390585,17314.19,-1.0100000000020373,-18.47108799,-0.5208599800000009,1.0,0.0,984.8038013715756,0.0,984.8038013715756
1668167707.2817383,17321.94,7.75,-17.40694178,1.0641462100000003,0.0,1.0,0.0,0.0568529738223071,984.8038013715756
1668167767.2280748,17313.88,-8.059999999997672,-16.88687149,0.5200702899999996,0.0,1.0,0.0,0.0568529738223071,984.3455664025664
1668167827.296799,17315.1,1.2199999999975262,-15.84817187,1.038699620000001,0.0,1.0,0.0,0.0568529738223071,984.4149270306297
1668167888.1872284,17334.13,19.03000000000248,-13.63123439,2.2169374800000003,0.0,1.0,0.0,0.0568529738223071,985.4968391224684
1668167948.170358,17339.71,5.579999999998108,-11.32891328,2.3023211099999994,0.0,1.0,0.0,0.0568529738223071,985.8140787163966
1668168008.2173772,17345.36,5.650000000001455,-9.09998706,2.22892622,0.0,1.0,0.0,0.0568529738223071,986.1352980184928
1668168069.0496397,17340.74,-4.619999999998981,-7.35525248,1.7447345800000005,0.0,1.0,0.0,0.0568529738223071,985.8726372794335
1668168129.0971825,17327.19,-13.55000000000291,-8.00463487,-0.6493823900000004,1.0,0.0,985.1022794841411,0.0,985.1022794841411
1668168189.024442,17349.94,22.75,-6.09529458,1.9093402900000005,0.0,1.0,0.0,0.0567784257169846,985.1022794841411
1668168250.673457,17356.47,6.530000000002474,-3.41317427,2.68212031,0.0,1.0,0.0,0.0567784257169846,985.4730426040716
1668168310.4129536,17381.94,25.46999999999753,0.87418118,4.28735545,0.0,1.0,0.0,0.0567784257169846,986.9191891070832
1668168370.2495136,17365.07,-16.86999999999898,2.1022504,1.22806922,0.0,1.0,0.0,0.0567784257169846,985.9613370652376
1668168431.4183278,17363.99,-1.0799999999981085,3.16720004,1.06494964,0.0,1.0,0.0,0.0567784257169846,985.9000163654634
1668168491.1813295,17353.63,-10.360000000000582,3.19988445,0.0326844099999998,0.0,1.0,0.0,0.0567784257169846,985.3117918750356
1668168551.188406,17334.99,-18.63999999999941,0.48217235,-2.7177121,1.0,0.0,984.253442019671,0.0,984.253442019671
1668168612.1519463,17349.22,14.229999999999563,1.52399465,1.0418222999999998,0.0,1.0,0.0,0.0567318554966546,984.2534420196708
1668168672.126372,17353.95,4.729999999999563,2.19022081,0.6662261600000001,0.0,1.0,0.0,0.0567318554966546,984.5217836961692
1668168732.2931132,17341.87,-12.080000000001746,0.59026602,-1.59995479,1.0,0.0,983.8364628817694,0.0,983.8364628817694
1668168793.5893602,17333.01,-8.860000000000582,-0.11651461,-0.7067806299999999,1.0,0.0,983.8364628817694,0.0,983.8364628817694
1668168853.342851,17322.89,-10.11999999999898,-3.59354293,-3.47702832,1.0,0.0,983.8364628817694,0.0,983.8364628817694
1668168913.3098614,17304.89,-18.0,-7.10303855,-3.50949562,1.0,0.0,983.8364628817694,0.0,983.8364628817694
1668168974.2194135,17310.89,6.0,-7.86728071,-0.7642421600000002,1.0,0.0,983.8364628817694,0.0,983.8364628817694
1668169034.2259643,17288.17,-22.720000000001164,-9.67970236,-1.81242165,1.0,0.0,983.8364628817694,0.0,983.8364628817694
1668169094.2943923,17281.4,-6.769999999996799,-14.80855519,-5.12885283,1.0,0.0,983.8364628817694,0.0,983.8364628817694
1668169155.215481,17293.83,12.430000000000293,-14.42716159,0.3813935999999991,0.0,1.0,0.0,0.0568894491782195,983.8364628817694
1668169215.1715136,17308.71,14.87999999999738,-12.65545655,1.7717050400000005,0.0,1.0,0.0,0.0568894491782195,984.6829778855396
1668169275.240586,17309.92,1.2099999999991269,-11.93505842,0.7203981299999995,0.0,1.0,0.0,0.0568894491782195,984.7518141190452
1668169336.3931372,17308.86,-1.0599999999976717,-11.40635093,0.5287074900000004,0.0,1.0,0.0,0.0568894491782195,984.6915113029164
1668169396.6683097,17303.4,-5.459999999999127,-11.59790354,-0.1915526100000004,1.0,0.0,984.3808949104034,0.0,984.3808949104034
1668169456.6054711,17281.79,-21.610000000000586,-14.23226429,-2.634360749999999,1.0,0.0,984.3808949104034,0.0,984.3808949104034
1668169517.29263,17301.57,19.77999999999884,-11.97038762,2.2618766699999995,0.0,1.0,0.0,0.0568954664178108,984.3808949104034
1668169577.3105576,17299.4,-2.1699999999982538,-11.69046823,0.2799193899999999,0.0,1.0,0.0,0.0568954664178108,984.2574317482762
1668169637.39081,17299.07,-0.3300000000017462,-11.24895917,0.4415090600000013,0.0,1.0,0.0,0.0568954664178108,984.2386562443584
1668169698.214793,17278.2,-20.86999999999898,-13.72910072,-2.480141550000001,1.0,0.0,983.0512478602186,0.0,983.0512478602186
1668169758.2486713,17294.38,16.18000000000029,-11.86405877,1.86504195,0.0,1.0,0.0,0.0568422370654639,983.0512478602186
1668169818.2401052,17275.21,-19.17000000000189,-14.07246655,-2.20840778,1.0,0.0,981.9615821756726,0.0,981.9615821756726
1668169879.033676,17287.88,12.670000000001892,-12.60440296,1.46806359,0.0,1.0,0.0,0.056800578334398,981.9615821756726
1668169938.1942103,17305.46,17.57999999999811,-9.61728679,2.98711617,0.0,1.0,0.0,0.056800578334398,982.9601363427912
1668169998.5742135,17296.67,-8.790000000000873,-9.44215461,0.1751321800000003,0.0,1.0,0.0,0.056800578334398,982.4608592592316
1668170058.246258,17310.86,14.190000000002328,-6.70953508,2.732619529999999,0.0,1.0,0.0,0.056800578334398,983.266859465797
1668170118.3363612,17301.33,-9.529999999998836,-6.78715875,-0.0776236699999994,1.0,0.0,982.7255499542704,0.0,982.7255499542704
1668170178.2794013,17308.81,7.479999999999563,-4.99292017,1.79423858,0.0,1.0,0.0,0.0567760319718265,982.7255499542704
1668170238.28963,17311.25,2.4399999999986903,-3.71659953,1.2763206399999998,0.0,1.0,0.0,0.0567760319718265,982.8640834722814
1668170298.1704853,17311.02,-0.2299999999995634,-2.85929095,0.8573085799999998,0.0,1.0,0.0,0.0567760319718265,982.851024984928
1668170358.242572,17307.77,-3.25,-2.67460352,0.1846874300000003,0.0,1.0,0.0,0.0567760319718265,982.6665028810196
1668170418.5521123,17305.0,-2.770000000000437,-2.44780555,0.2267979699999998,0.0,1.0,0.0,0.0567760319718265,982.5092332724575
1668170478.2464128,17312.97,7.970000000001164,-1.17521236,1.27259319,0.0,1.0,0.0,0.0567760319718265,982.961738247273
1668170538.3374994,17318.99,6.020000000000437,0.3153406,1.49055296,0.0,1.0,0.0,0.0567760319718265,983.3035299597436
1668170598.3092372,17314.31,-4.680000000000291,0.30534593,-0.00999467,1.0,0.0,983.0378181301154,0.0,983.0378181301154
1668170658.688702,17322.04,7.729999999999563,1.6840698,1.37872387,0.0,1.0,0.0,0.0567506955375992,983.0378181301154
1668170718.234847,17315.08,-6.959999999999127,1.35057029,-0.33349951,1.0,0.0,982.6428332891732,0.0,982.6428332891732
1668170778.3413577,17319.2,4.119999999998981,2.03525304,0.6846827500000001,0.0,1.0,0.0,0.0567371953259488,982.642833289173
1668170838.5747826,17303.76,-15.440000000002328,0.16523142,-1.87002162,1.0,0.0,981.7668109933396,0.0,981.7668109933396
1668170898.25288,17307.83,4.070000000003347,0.3007756,0.13554418,0.0,1.0,0.0,0.0567238533654039,981.7668109933396
1668170958.313591,17312.2,4.369999999998981,0.7038002,0.4030246,0.0,1.0,0.0,0.0567238533654039,982.0146942325456
1668171018.3511188,17323.94,11.739999999997965,2.39801253,1.69421233,0.0,1.0,0.0,0.0567238533654039,982.6806322710552
1668171078.3036077,17342.8,18.860000000000586,5.63041158,3.23239905,0.0,1.0,0.0,0.0567238533654039,983.7504441455268
1668171138.3334873,17322.08,-20.71999999999753,4.07474548,-1.5556660999999998,1.0,0.0,982.5751259037957,0.0,982.5751259037957
1668171198.2253406,17385.98,63.89999999999782,13.17078973,9.096044249999998,0.0,1.0,0.0,0.0565153719205817,982.5751259037957
1668171258.3745775,17368.59,-17.389999999999418,13.57521536,0.4044256300000004,0.0,1.0,0.0,0.0565153719205817,981.5923235860962
1668171318.313884,17383.23,14.639999999999418,16.85251718,3.27730182,0.0,1.0,0.0,0.0565153719205817,982.4197086310136
1668171378.362179,17381.83,-1.3999999999978172,18.21810142,1.3655842400000004,0.0,1.0,0.0,0.0565153719205817,982.3405871103248
1668171438.3904388,17405.09,23.2599999999984,22.39410619,4.176004769999999,0.0,1.0,0.0,0.0565153719205817,983.6551346611974
1668171498.5112977,17393.17,-11.920000000001892,22.27192225,-0.1221839399999993,1.0,0.0,982.981471427904,0.0,982.981471427904
1668171558.6510744,17399.68,6.510000000002037,23.58764676,1.315724509999999,0.0,1.0,0.0,0.0564942269873873,982.981471427904
1668171618.3598125,17399.17,-0.5100000000020373,23.94215828,0.3545115200000026,0.0,1.0,0.0,0.0564942269873873,982.9526593721394
1668171678.345626,17423.67,24.5,27.36920476,3.427046479999998,0.0,1.0,0.0,0.0564942269873873,984.3367679333304
1668171738.342063,17492.91,69.2400000000016,37.99963907,10.630434310000002,0.0,1.0,0.0,0.0564942269873873,988.2484282099372
1668171798.3402755,17468.99,-23.919999999998254,38.15132046,0.1516813900000002,0.0,1.0,0.0,0.0564942269873873,986.8970863003988
1668171858.326002,17441.9,-27.090000000000146,35.6233315,-2.527988960000002,1.0,0.0,985.3666576913106,0.0,985.3666576913106
1668171919.0266707,17474.28,32.37999999999738,39.41905385,3.7957223499999984,0.0,1.0,0.0,0.0563895426702164,985.3666576913106
1668171978.5295284,17477.04,2.7600000000020373,40.31011729,0.8910634400000035,0.0,1.0,0.0,0.0563895426702164,985.5222928290788
1668172038.466282,17452.67,-24.37000000000262,36.93136691,-3.37875038,1.0,0.0,984.1480796742056,0.0,984.1480796742056
1668172098.330718,17428.87,-23.799999999999272,32.02201293,-4.909353979999999,1.0,0.0,984.1480796742056,0.0,984.1480796742056
1668172158.3106034,17377.12,-51.75,21.98270888,-10.039304050000002,1.0,0.0,984.1480796742056,0.0,984.1480796742056
1668172218.3818352,17373.99,-3.1299999999973807,16.62403559,-5.358673290000002,1.0,0.0,984.1480796742056,0.0,984.1480796742056
1668172278.3691094,17396.25,22.2599999999984,15.53163403,-1.092401559999999,1.0,0.0,984.1480796742056,0.0,984.1480796742056
1668172338.35888,17433.39,37.13999999999942,18.37618371,2.84454968,0.0,1.0,0.0,0.0564519052045646,984.1480796742056
1668172398.6727924,17443.37,9.979999999999563,19.46375277,1.08756906,0.0,1.0,0.0,0.0564519052045646,984.711469688146
1668172458.3172336,17424.17,-19.200000000000728,16.84424721,-2.6195055600000003,1.0,0.0,983.6275931082182,0.0,983.6275931082182
1668172518.3605156,17421.33,-2.8399999999965075,15.46439333,-1.3798538799999989,1.0,0.0,983.6275931082182,0.0,983.6275931082182
1668172578.3425207,17422.92,1.5899999999965075,14.46116994,-1.0032233900000005,1.0,0.0,983.6275931082182,0.0,983.6275931082182
1668172638.4362743,17466.43,43.51000000000204,19.54686325,5.085693310000002,0.0,1.0,0.0,0.0563153199084311,983.6275931082182
1668172698.432942,17476.75,10.319999999999707,22.05018473,2.5033214800000003,0.0,1.0,0.0,0.0563153199084311,984.2087672096732
1668172758.3449984,17493.14,16.389999999999418,25.59184337,3.541658639999998,0.0,1.0,0.0,0.0563153199084311,985.1317753029724
1668172818.42704,17473.95,-19.18999999999869,24.27538987,-1.316453499999998,1.0,0.0,984.0510843139296,0.0,984.0510843139296
1668172878.4294553,17493.67,19.71999999999753,27.04798879,2.77259892,0.0,1.0,0.0,0.0562518376254913,984.0510843139296
1668172939.100134,17475.24,-18.429999999996653,25.05743363,-1.990555160000003,1.0,0.0,983.0143629464906,0.0,983.0143629464906
1668172998.4052124,17487.71,12.469999999997526,26.13691469,1.0794810600000029,0.0,1.0,0.0,0.0562117260033755,983.0143629464906
1668173058.2850194,17508.68,20.970000000001164,28.77918384,2.6422691500000006,0.0,1.0,0.0,0.0562117260033755,984.1931228407806
1668173118.4329,17501.23,-7.450000000000728,28.19394326,-0.5852405800000007,1.0,0.0,983.7743454820552,0.0,983.7743454820552
1668173178.4352243,17491.23,-10.0,26.58137288,-1.612570380000001,1.0,0.0,983.7743454820552,0.0,983.7743454820552
1668173238.3873832,17467.11,-24.11999999999898,22.19363704,-4.387735840000001,1.0,0.0,983.7743454820552,0.0,983.7743454820552
1668173298.4581962,17468.7,1.5900000000001455,20.19413324,-1.9995038,1.0,0.0,983.7743454820552,0.0,983.7743454820552
1668173358.4228058,17470.86,2.1599999999998545,18.62134513,-1.5727881099999976,1.0,0.0,983.7743454820552,0.0,983.7743454820552
1668173418.5975506,17460.07,-10.790000000000871,15.41784531,-3.203499820000001,1.0,0.0,983.7743454820552,0.0,983.7743454820552
1668173478.628185,17424.45,-35.61999999999898,8.37131651,-7.046528800000001,1.0,0.0,983.7743454820552,0.0,983.7743454820552
1668173538.3805504,17407.59,-16.860000000000582,2.54933616,-5.82198035,1.0,0.0,983.7743454820552,0.0,983.7743454820552
1668173598.440299,17405.04,-2.5499999999992724,-1.2356328,-3.784968960000001,1.0,0.0,983.7743454820552,0.0,983.7743454820552
1668173658.4609306,17405.34,0.2999999999992724,-4.04895006,-2.81331726,1.0,0.0,983.7743454820552,0.0,983.7743454820552
1668173718.474337,17404.98,-0.3600000000005821,-6.27599857,-2.2270485099999995,1.0,0.0,983.7743454820552,0.0,983.7743454820552
1668173778.4806807,17422.49,17.510000000002037,-5.45218379,0.8238147799999993,0.0,1.0,0.0,0.0564657718547724,983.7743454820552
1668173838.4202764,17432.31,9.819999999999707,-4.54564742,0.9065363700000004,0.0,1.0,0.0,0.0564657718547724,984.3288393616676
1668173898.460888,17413.03,-19.28000000000248,-7.02656046,-2.48091304,1.0,0.0,983.2401792803072,0.0,983.2401792803072
1668173958.6190264,17398.59,-14.43999999999869,-9.72650511,-2.69994465,1.0,0.0,983.2401792803072,0.0,983.2401792803072
1668174018.4028587,17386.9,-11.68999999999869,-12.48103781,-2.7545327000000004,1.0,0.0,983.2401792803072,0.0,983.2401792803072
1668174078.452472,17378.45,-8.450000000000728,-14.99899345,-2.5179556400000003,1.0,0.0,983.2401792803072,0.0,983.2401792803072
1668174138.4065208,17374.98,-3.470000000001164,-16.72447945,-1.725486,1.0,0.0,983.2401792803072,0.0,983.2401792803072
1668174198.4682815,17373.83,-1.1499999999978172,-17.74646245,-1.0219829999999988,1.0,0.0,983.2401792803072,0.0,983.2401792803072
1668174258.450775,17378.65,4.819999999999709,-17.59847855,0.1479838999999998,0.0,1.0,0.0,0.0565774774956804,983.2401792803072
1668174318.400415,17391.24,12.590000000000146,-16.00605146,1.592427090000001,0.0,1.0,0.0,0.0565774774956804,983.9524897219768
1668174378.4889033,17418.29,27.049999999999272,-11.49535008,4.510701379999999,0.0,1.0,0.0,0.0565774774956804,985.482910488235
1668174438.43217,17397.74,-20.549999999999272,-12.34468472,-0.8493346400000004,1.0,0.0,984.3202433256988,0.0,984.3202433256988
1668174498.495003,17380.06,-17.68000000000029,-14.08436191,-1.73967719,1.0,0.0,984.3202433256988,0.0,984.3202433256988
1668174558.5258746,17356.99,-23.06999999999971,-17.44309289,-3.358730979999999,1.0,0.0,984.3202433256988,0.0,984.3202433256988
1668174618.4141874,17356.71,-0.2800000000024738,-18.41069158,-0.9675986900000026,1.0,0.0,984.3202433256988,0.0,984.3202433256988
1668174678.4737334,17368.07,11.360000000000582,-17.39934503,1.0113465500000025,0.0,1.0,0.0,0.0566741292110003,984.3202433256988
1668174738.510692,17392.16,24.090000000000146,-13.71326823,3.686076799999999,0.0,1.0,0.0,0.0566741292110003,985.685523098391
1668174798.6353395,17388.86,-3.2999999999992724,-12.57647883,1.1367894000000014,0.0,1.0,0.0,0.0566741292110003,985.4984984719948
1668174858.4735246,17379.35,-9.510000000002035,-12.81276122,-0.2362823900000012,1.0,0.0,984.959527503198,0.0,984.959527503198
1668174918.5228257,17377.88,-1.4699999999975262,-12.39780161,0.4149596100000003,0.0,1.0,0.0,0.0566789232923232,984.959527503198
1668174978.507264,17365.79,-12.090000000000146,-13.54798765,-1.1501860399999997,1.0,0.0,984.2742793205932,0.0,984.2742793205932
1668175038.4850962,17350.12,-15.670000000001892,-15.8515908,-2.3036031500000007,1.0,0.0,984.2742793205932,0.0,984.2742793205932
1668175098.4785078,17305.06,-45.05999999999767,-22.76806568,-6.916474879999999,1.0,0.0,984.2742793205932,0.0,984.2742793205932
1668175158.4849637,17303.08,-1.979999999999564,-25.52481289,-2.7567472100000003,1.0,0.0,984.2742793205932,0.0,984.2742793205932
1668175218.5853312,17303.39,0.3099999999976717,-27.06409737,-1.5392844799999992,1.0,0.0,984.2742793205932,0.0,984.2742793205932
1668175278.5608346,17252.03,-51.36000000000058,-35.26829378,-8.204196410000002,1.0,0.0,984.2742793205932,0.0,984.2742793205932
1668175338.5149386,17140.61,-111.41999999999824,-53.55825875,-18.28996497,1.0,0.0,984.2742793205932,0.0,984.2742793205932
1668175398.526452,17107.05,-33.56000000000131,-65.28019634,-11.721937590000003,1.0,0.0,984.2742793205932,0.0,984.2742793205932
1668175458.5483935,17135.29,28.2400000000016,-67.68315663,-2.402960289999996,1.0,0.0,984.2742793205932,0.0,984.2742793205932
1668175518.5076416,17174.09,38.79999999999927,-65.08149585,2.601660780000003,0.0,1.0,0.0,0.0573115826993216,984.2742793205932
1668175578.5712032,17139.14,-34.95000000000073,-69.66708746,-4.585591610000009,1.0,0.0,982.2712395052508,0.0,982.2712395052508
1668175638.5141392,17153.53,14.389999999999418,-68.34522579,1.321861670000004,0.0,1.0,0.0,0.0572635043343994,982.2712395052508
1668175698.6360142,17197.78,44.25,-61.07541958,7.269806209999999,0.0,1.0,0.0,0.0572635043343994,984.8051495720472
1668175758.5529096,17226.08,28.30000000000291,-53.36619925,7.709220330000001,0.0,1.0,0.0,0.0572635043343994,986.4257067447109
1668175818.6830657,17237.44,11.359999999996944,-47.00099543,6.365203819999998,0.0,1.0,0.0,0.0572635043343994,987.0762201539496
1668175878.6018991,17191.74,-45.69999999999709,-48.58097857,-1.579983139999996,1.0,0.0,984.4592780058676,0.0,984.4592780058676
1668175938.61398,17197.91,6.169999999998254,-45.43932014,3.14165843,0.0,1.0,0.0,0.0572429602205074,984.4592780058676
1668175998.5503318,17204.92,7.009999999998399,-42.06975345,3.369566689999999,0.0,1.0,0.0,0.0572429602205074,984.860551157012
1668176058.5127623,17167.12,-37.79999999999927,-44.74735965,-2.6776062,1.0,0.0,982.6967672606768,0.0,982.6967672606768
1668176118.5439355,17071.29,-95.82999999999812,-57.41704517,-12.669685520000002,1.0,0.0,982.6967672606768,0.0,982.6967672606768
1668176178.582241,17002.39,-68.90000000000146,-70.43966076,-13.022615589999994,1.0,0.0,982.6967672606768,0.0,982.6967672606768
1668176238.5494568,16989.3,-13.090000000000146,-77.41792819,-6.9782674300000025,1.0,0.0,982.6967672606768,0.0,982.6967672606768
1668176298.6119332,16913.03,-76.27000000000044,-91.93220009,-14.514271899999995,1.0,0.0,982.6967672606768,0.0,982.6967672606768
1668176358.4912634,16931.48,18.450000000000728,-94.88114602,-2.948945930000008,1.0,0.0,982.6967672606768,0.0,982.6967672606768
1668176418.5241258,16768.1,-163.38000000000102,-120.3450604,-25.46391437999999,1.0,0.0,982.6967672606768,0.0,982.6967672606768
1668176478.5453453,16766.88,-1.2199999999975262,-128.73950193,-8.394441529999995,1.0,0.0,982.6967672606768,0.0,982.6967672606768
1668176538.5699036,16738.93,-27.950000000000728,-137.88655762,-9.147055690000002,1.0,0.0,982.6967672606768,0.0,982.6967672606768
1668176598.5538664,16614.77,-124.15999999999984,-158.98768979,-21.10113217,1.0,0.0,982.6967672606768,0.0,982.6967672606768
1668176658.657061,16595.14,-19.63000000000102,-168.81866182,-9.830972029999998,1.0,0.0,982.6967672606768,0.0,982.6967672606768
1668176718.58131,16594.56,-0.5799999999981083,-173.66287944,-4.844217620000023,1.0,0.0,982.6967672606768,0.0,982.6967672606768
1668176778.6539228,16609.57,15.0099999999984,-173.46208385,0.2007955900000126,0.0,1.0,0.0,0.0591644917514828,982.6967672606768
1668176838.548071,16510.63,-98.93999999999868,-186.02685654,-12.564772690000012,1.0,0.0,976.8430324467844,0.0,976.8430324467844
1668176898.5716803,16610.83,100.20000000000071,-173.37267335,12.654183189999998,0.0,1.0,0.0,0.0588075991655314,976.8430324467844
1668176958.585312,16579.3,-31.53000000000248,-172.31790281,1.0547705400000211,0.0,1.0,0.0,0.0588075991655314,974.9888288450948
1668177018.622884,16460.34,-118.95999999999913,-184.29912713,-11.981224319999995,1.0,0.0,967.9930768483632,0.0,967.9930768483632
1668177078.6262224,16409.28,-51.06000000000131,-192.86724316,-8.568116029999999,1.0,0.0,967.9930768483632,0.0,967.9930768483632
1668177138.6439626,16539.42,130.13999999999942,-174.51234337,18.35489978999999,0.0,1.0,0.0,0.0585264221386459,967.9930768483632
1668177198.6598587,16545.62,6.200000000000728,-165.23584211,9.276501260000003,0.0,1.0,0.0,0.0585264221386459,968.3559406656224
1668177258.6408062,16583.16,37.54000000000087,-151.16564749,14.070194619999995,0.0,1.0,0.0,0.0585264221386459,970.5530225527071
1668177318.6195457,16614.75,31.590000000000146,-136.29989522,14.865752270000002,0.0,1.0,0.0,0.0585264221386459,972.401872228067
1668177378.6898384,16538.51,-76.2400000000016,-135.8514983,0.4483969199999933,0.0,1.0,0.0,0.0585264221386459,967.9398178042164
1668177438.69585,16545.7,7.190000000002328,-128.17066732,7.680830979999996,0.0,1.0,0.0,0.0585264221386459,968.3606227793936
1668177498.627334,16592.58,46.88000000000102,-114.44190905,13.72875827,0.0,1.0,0.0,0.0585264221386459,971.1043414492532
1668177558.6455505,16546.13,-46.45000000000073,-111.95159135,2.4903177000000056,0.0,1.0,0.0,0.0585264221386459,968.3857891409132
1668177618.6060565,16521.62,-24.51000000000204,-109.50872066,2.4428706900000066,0.0,1.0,0.0,0.0585264221386459,966.9513065342948
1668177678.858103,16546.4,24.78000000000248,-101.01247131,8.49624935,0.0,1.0,0.0,0.0585264221386459,968.4015912748906
1668177738.5889578,16592.01,45.609999999996944,-88.26759377,12.74487753999999,0.0,1.0,0.0,0.0585264221386459,971.070981388634
1668177798.6601958,16549.9,-42.109999999996944,-86.19476768,2.0728260900000066,0.0,1.0,0.0,0.0585264221386459,968.606433752376
1668177858.7308748,16553.21,3.309999999997672,-80.38093539,5.8138322899999935,0.0,1.0,0.0,0.0585264221386459,968.8001562096548
1668177918.6139224,16590.47,37.26000000000204,-69.95899762,10.42193777,0.0,1.0,0.0,0.0585264221386459,970.9808506985408
1668177978.6521206,16800.86,210.38999999999945,-33.76496108,36.194036540000006,0.0,1.0,0.0,0.0585264221386459,983.2942246522904
1668178038.6830096,16881.95,81.09000000000015,-6.54332082,27.22164026,0.0,1.0,0.0,0.0585264221386459,988.0401322235132
1668178098.737049,17239.43,357.4799999999996,60.48532026,67.02864108,0.0,1.0,0.0,0.0585264221386459,1008.9621576096364
1668178158.6800609,17015.34,-224.0900000000001,58.27299365,-2.212326610000005,1.0,0.0,995.8469716725872,0.0,995.8469716725872
1668178218.767206,16990.14,-25.200000000000728,66.19066227,7.917668620000008,0.0,1.0,0.0,0.0586132293007937,995.8469716725872
1668178278.6475585,17067.58,77.44000000000233,84.16175271,17.971090439999998,0.0,1.0,0.0,0.0586132293007937,1000.3859801496408
1668178338.904286,16924.11,-143.47000000000116,72.16132158,-12.000431129999996,1.0,0.0,991.9767401418555,0.0,991.9767401418555
1668178398.7688017,16867.48,-56.63000000000102,63.17429266,-8.987028920000007,1.0,0.0,991.9767401418555,0.0,991.9767401418555
1668178458.6003156,16885.32,17.840000000000146,61.36386714,-1.810425519999996,1.0,0.0,991.9767401418555,0.0,991.9767401418555
1668178518.7260587,16881.39,-3.930000000000291,57.50657611,-3.857291030000006,1.0,0.0,991.9767401418555,0.0,991.9767401418555
1668178578.719087,16848.77,-32.61999999999898,49.3492864,-8.15728971,1.0,0.0,991.9767401418555,0.0,991.9767401418555
1668178638.7141235,16930.57,81.79999999999927,56.00743149,6.658145090000005,0.0,1.0,0.0,0.0585908649349582,991.9767401418555
1668178698.8028166,16889.94,-40.63000000000102,49.68161774,-6.325813750000002,1.0,0.0,989.5961932995478,0.0,989.5961932995478
1668178758.7219243,16973.16,83.22000000000116,58.4685097,8.786891959999998,0.0,1.0,0.0,0.058303591865012,989.5961932995478
1668178818.683993,16916.02,-57.13999999999942,51.45223321,-7.016276489999996,1.0,0.0,986.2647260603804,0.0,986.2647260603804
1668178878.7363913,17005.01,88.98999999999796,61.65967937,10.207446159999996,0.0,1.0,0.0,0.0579984796280849,986.2647260603804
1668178938.7672338,16966.13,-38.87999999999738,57.75441458,-3.905264789999997,1.0,0.0,984.00974517244,0.0,984.00974517244
1668178998.7386744,16978.23,12.099999999998545,58.17703061,0.4226160300000003,0.0,1.0,0.0,0.0579571454251968,984.00974517244
1668179058.763747,16967.8,-10.430000000000293,55.64960584,-2.527424770000003,1.0,0.0,983.4052521456542,0.0,983.4052521456542
1668179118.751145,16910.35,-57.45000000000073,45.48956653,-10.160039310000002,1.0,0.0,983.4052521456542,0.0,983.4052521456542
1668179178.8142636,16969.64,59.29000000000087,49.02424965,3.534683120000004,0.0,1.0,0.0,0.0579508611936172,983.4052521456542
1668179238.7249894,16974.56,4.920000000001892,48.22481589,-0.7994337599999994,1.0,0.0,983.6903703827268,0.0,983.6903703827268
1668179298.798599,16942.56,-32.0,42.2178112,-6.007004690000002,1.0,0.0,983.6903703827268,0.0,983.6903703827268
1668179358.7394817,16902.49,-40.06999999999971,33.42753308,-8.790278119999996,1.0,0.0,983.6903703827268,0.0,983.6903703827268
1668179418.8527455,16701.35,-201.14000000000303,0.16782665,-33.25970643,1.0,0.0,983.6903703827268,0.0,983.6903703827268
1668179478.7446806,16798.39,97.04000000000087,0.21932305,0.0514964,0.0,1.0,0.0,0.0585586101038686,983.6903703827268
1668179538.835955,16807.5,9.110000000000582,-4.33997014,-4.55929319,1.0,0.0,984.2238393207716,0.0,984.2238393207716
1668179598.828981,16827.43,19.93000000000029,-5.8917804,-1.55181026,1.0,0.0,984.2238393207716,0.0,984.2238393207716
1668179658.83583,16883.52,56.09000000000015,-0.07578854,5.8159918600000005,0.0,1.0,0.0,0.0582949431943558,984.2238393207716
1668179718.7894344,16923.43,39.909999999999854,6.49291579,6.568704329999999,0.0,1.0,0.0,0.0582949431943558,986.5503905036568
1668179778.816928,16934.47,11.040000000000871,10.65380062,4.1608848300000005,0.0,1.0,0.0,0.0582949431943558,987.1939666765225
1668179838.8328314,16893.42,-41.05000000000291,7.49127752,-3.1625231000000005,1.0,0.0,984.800959258394,0.0,984.800959258394
1668179898.7319,16917.03,23.610000000000586,10.8312873,3.34000978,0.0,1.0,0.0,0.0582135847284301,984.800959258394
1668179958.7649877,16887.42,-29.610000000000586,7.53885165,-3.29243565,1.0,0.0,983.0772550145848,0.0,983.0772550145848
1668180018.743797,16902.07,14.650000000001455,8.72405714,1.1852054899999995,0.0,1.0,0.0,0.0581631276532747,983.0772550145848
1668180078.8247075,16962.12,60.04999999999927,17.23579149,8.511734350000001,0.0,1.0,0.0,0.0581631276532747,986.5699508301636
1668180138.819,16959.99,-2.1299999999973807,19.63174077,2.39594928,0.0,1.0,0.0,0.0581631276532747,986.4460633682623
1668180199.6792245,16955.81,-4.180000000000291,20.849914,1.218173229999998,0.0,1.0,0.0,0.0581631276532747,986.2029414946718
1668180259.6860626,16920.8,-35.01000000000204,16.87886451,-3.971049489999999,1.0,0.0,984.1666503955304,0.0,984.1666503955304
1668180319.7022955,16927.52,6.720000000001164,16.85501277,-0.0238517400000013,1.0,0.0,984.1666503955304,0.0,984.1666503955304
1668180380.61656,16991.85,64.32999999999811,24.98157111,8.126558340000003,0.0,1.0,0.0,0.0579199233983074,984.1666503955304
1668180440.6345556,16971.69,-20.15999999999985,24.29846786,-0.683103250000002,1.0,0.0,982.9989847398195,0.0,982.9989847398195
1668180500.8238952,16949.06,-22.62999999999738,21.6391983,-2.6592695599999985,1.0,0.0,982.9989847398195,0.0,982.9989847398195
1668180561.5508575,16924.35,-24.710000000002765,17.23042086,-4.4087774400000015,1.0,0.0,982.9989847398195,0.0,982.9989847398195
1668180621.55378,16948.23,23.88000000000102,18.49999113,1.2695702700000029,0.0,1.0,0.0,0.0580000970449315,982.9989847398195
1668180681.5138266,16893.88,-54.34999999999855,10.10830343,-8.391687700000002,1.0,0.0,979.8466794654277,0.0,979.8466794654277
1668180742.5842967,16871.3,-22.580000000001743,3.62330741,-6.48499602,1.0,0.0,979.8466794654277,0.0,979.8466794654277
1668180802.6826632,16870.27,-1.0299999999988358,-0.23318599,-3.8564934,1.0,0.0,979.8466794654277,0.0,979.8466794654277
1668180862.6320388,16842.85,-27.42000000000189,-7.06378276,-6.83059677,1.0,0.0,979.8466794654277,0.0,979.8466794654277
1668180923.639902,16882.77,39.92000000000189,-5.02354122,2.04024154,0.0,1.0,0.0,0.0580382650160742,979.8466794654277
1668180983.5381138,16842.29,-40.47999999999956,-11.53889673,-6.515355509999999,1.0,0.0,977.4972904975764,0.0,977.4972904975764
1668181043.5840428,16789.45,-52.84000000000015,-21.33091984,-9.79202311,1.0,0.0,977.4972904975764,0.0,977.4972904975764
1668181104.498821,16772.11,-17.340000000000146,-28.03151268,-6.700592839999999,1.0,0.0,977.4972904975764,0.0,977.4972904975764
1668181164.449842,16812.88,40.77000000000044,-26.30318516,1.728327519999997,0.0,1.0,0.0,0.0581397886916207,977.4972904975764
1668181224.4651358,16834.4,21.52000000000044,-23.95605026,2.3471349000000004,0.0,1.0,0.0,0.0581397886916207,978.7484587502196
1668181285.3386662,16851.29,16.889999999999418,-20.68089202,3.27515824,0.0,1.0,0.0,0.0581397886916207,979.7304397812212
1668181345.336055,16803.85,-47.44000000000233,-25.77105703,-5.09016501,1.0,0.0,976.9722882056903,0.0,976.9722882056903
1668181405.3762023,16799.67,-4.180000000000291,-27.09131005,-1.3202530199999991,1.0,0.0,976.9722882056903,0.0,976.9722882056903
1668181466.4576595,16822.9,23.2300000000032,-24.27186495,2.8194451,0.0,1.0,0.0,0.0580739520656777,976.9722882056903
1668181526.4373305,16815.84,-7.06000000000131,-24.16781257,0.1040523800000023,0.0,1.0,0.0,0.0580739520656777,976.5622861041056
1668181586.450714,16753.54,-62.29999999999927,-32.15226704,-7.984454469999999,1.0,0.0,972.944278890414,0.0,972.944278890414
1668181647.2304292,16774.45,20.90999999999985,-31.28687735,0.8653896899999971,0.0,1.0,0.0,0.058001560640761,972.944278890414
1668181707.2462094,16862.32,87.86999999999898,-19.01817697,12.268700380000002,0.0,1.0,0.0,0.058001560640761,978.040876023917
1668181767.2316866,16891.7,29.38000000000102,-10.64906548,8.369111489999998,0.0,1.0,0.0,0.058001560640761,979.7449618755428
1668181828.256674,16892.0,0.2999999999992724,-5.76453878,4.884526700000001,0.0,1.0,0.0,0.058001560640761,979.7623623437348
1668181888.192902,16904.83,12.830000000001746,-0.07700676,5.68753202,0.0,1.0,0.0,0.058001560640761,980.506522366756
1668181948.20474,16895.62,-9.210000000002765,2.2760974,2.35310416,0.0,1.0,0.0,0.058001560640761,979.9723279932545
1668182009.3631277,16893.86,-1.7599999999983993,4.58379603,2.3076986300000004,0.0,1.0,0.0,0.058001560640761,979.8702452465268
1668182069.365827,16883.37,-10.4900000000016,4.80106797,0.2172719399999998,0.0,1.0,0.0,0.058001560640761,979.261808875405
1668182129.3500433,16871.71,-11.659999999999854,4.03169852,-0.7693694500000001,1.0,0.0,978.5855106783338,0.0,978.5855106783338
1668182190.2528217,16851.67,-20.04000000000088,1.30062417,-2.73107435,1.0,0.0,978.5855106783338,0.0,978.5855106783338
1668182250.2527485,16876.15,24.4800000000032,3.72599128,2.42536711,0.0,1.0,0.0,0.0579863008256227,978.5855106783338
1668182310.286478,16857.62,-18.53000000000248,1.34808515,-2.3779061300000004,1.0,0.0,977.5110245240336,0.0,977.5110245240336
1668182371.144059,16887.64,30.02000000000044,4.85491951,3.50683436,0.0,1.0,0.0,0.0578832225535381,977.5110245240336
1668182431.1310368,16871.27,-16.36999999999898,3.46239802,-1.39252149,1.0,0.0,976.5634761708308,0.0,976.5634761708308
1668182491.1692717,16900.78,29.5099999999984,7.63936782,4.1769698,0.0,1.0,0.0,0.0577821542065414,976.5634761708308
1668182552.187771,16861.83,-38.94999999999709,3.2793777,-4.359990120000001,1.0,0.0,974.312861264486,0.0,974.312861264486
1668182612.27914,16838.16,-23.67000000000189,-1.00376134,-4.28313904,1.0,0.0,974.312861264486,0.0,974.312861264486
1668182672.2368834,16889.22,51.06000000000131,4.35543254,5.359193879999999,0.0,1.0,0.0,0.0576884463145418,974.312861264486
1668182733.097228,16876.46,-12.760000000002035,3.58278883,-0.7726437099999997,1.0,0.0,973.576756689512,0.0,973.576756689512
1668182793.1297965,16865.98,-10.479999999999563,2.17200199,-1.41078684,1.0,0.0,973.576756689512,0.0,973.576756689512
1668182853.1560228,16827.64,-38.34000000000015,-3.59972982,-5.77173181,1.0,0.0,973.576756689512,0.0,973.576756689512
1668182914.0879145,16840.32,12.680000000000293,-4.01701144,-0.4172816200000002,1.0,0.0,973.576756689512,0.0,973.576756689512
1668182974.102132,16837.83,-2.4899999999979627,-5.32008482,-1.3030733799999998,1.0,0.0,973.576756689512,0.0,973.576756689512
1668183034.0792894,16785.99,-51.84000000000015,-13.5773652,-8.25728038,1.0,0.0,973.576756689512,0.0,973.576756689512
1668183095.131143,16759.83,-26.15999999999985,-20.25769999,-6.68033479,1.0,0.0,973.576756689512,0.0,973.576756689512
1668183155.0285711,16766.49,6.659999999999855,-22.77801188,-2.520311890000002,1.0,0.0,973.576756689512,0.0,973.576756689512
1668183215.0237534,16732.89,-33.60000000000218,-29.65906299,-6.881051109999998,1.0,0.0,973.576756689512,0.0,973.576756689512
1668183277.1330993,16709.29,-23.599999999998545,-35.94837665,-6.289313660000001,1.0,0.0,973.576756689512,0.0,973.576756689512
1668183336.8513317,16706.78,-2.5100000000020373,-39.42243742,-3.474060770000001,1.0,0.0,973.576756689512,0.0,973.576756689512
1668183396.9757714,16686.82,-19.959999999999127,-44.28224354,-4.859806120000002,1.0,0.0,973.576756689512,0.0,973.576756689512
1668183458.7574022,16657.34,-29.479999999999563,-50.57892779,-6.296684249999998,1.0,0.0,973.576756689512,0.0,973.576756689512
1668183518.110921,16686.59,29.25,-48.86563092,1.7132968700000006,0.0,1.0,0.0,0.0583448599557795,973.576756689512
1668183578.204844,16734.87,48.27999999999884,-41.98768507,6.877945850000003,0.0,1.0,0.0,0.0583448599557795,976.3936465281756
1668183639.280881,16751.37,16.5,-36.88185547,5.1058296,0.0,1.0,0.0,0.0583448599557795,977.356336717446
1668183700.7938707,16764.0,12.63000000000102,-31.72751835,5.154337119999997,0.0,1.0,0.0,0.0583448599557795,978.0932322986876
1668183760.3187842,16747.59,-16.409999999999854,-30.33740572,1.3901126300000008,0.0,1.0,0.0,0.0583448599557795,977.1357931468132
1668183820.6111395,16758.89,11.299999999999272,-26.2013281,4.136077619999998,0.0,1.0,0.0,0.0583448599557795,977.7950900643136
1668183881.1691792,16746.66,-12.229999999999563,-25.06707174,1.134256360000002,0.0,1.0,0.0,0.0583448599557795,977.0815324270544
1668183941.012953,16725.79,-20.86999999999898,-26.27300722,-1.2059354800000008,1.0,0.0,975.8638751997772,0.0,975.8638751997772
1668184001.1381106,16723.65,-2.139999999999418,-25.90672236,0.3662848600000004,0.0,1.0,0.0,0.0583523259097013,975.8638751997772
1668184061.189886,16683.94,-39.710000000002765,-30.96392024,-5.05719788,1.0,0.0,973.5467043379018,0.0,973.5467043379018
1668184121.2020435,16693.17,9.229999999999563,-31.60783938,-0.6439191400000013,1.0,0.0,973.5467043379018,0.0,973.5467043379018
1668184183.9976394,16628.45,-64.71999999999753,-39.12929171,-7.521452329999995,1.0,0.0,973.5467043379018,0.0,973.5467043379018
1668184244.0684292,16616.75,-11.700000000000728,-44.52412503,-5.394833320000004,1.0,0.0,973.5467043379018,0.0,973.5467043379018
1668184304.144652,16675.56,58.81000000000131,-40.06150164,4.462623389999997,0.0,1.0,0.0,0.0583816498119344,973.5467043379018
1668184366.136818,16703.06,27.5,-35.41069497,4.6508066700000015,0.0,1.0,0.0,0.0583816498119344,975.1521997077292
1668184426.5281222,16699.43,-3.630000000001018,-32.20750305,3.203191920000002,0.0,1.0,0.0,0.0583816498119344,974.9402743189116
1668184485.801233,16702.4,2.970000000001164,-28.00266481,4.204838240000001,0.0,1.0,0.0,0.0583816498119344,975.1136678188532
1668184546.6589491,16688.2,-14.200000000000728,-26.6473275,1.3553373099999997,0.0,1.0,0.0,0.0583816498119344,974.2846483915238
1668184608.068469,16726.49,38.29000000000087,-22.10569244,4.541635060000001,0.0,1.0,0.0,0.0583816498119344,976.5200817628228
1668184668.0737312,16743.63,17.139999999999418,-16.88962376,5.216068679999999,0.0,1.0,0.0,0.0583816498119344,977.5207432405992
1668184728.089371,16740.04,-3.590000000000145,-12.26444101,4.625182749999999,0.0,1.0,0.0,0.0583816498119344,977.3111531177744
1668184789.7029016,16749.56,9.520000000000437,-9.01722288,3.2472181300000003,0.0,1.0,0.0,0.0583816498119344,977.866946423984
1668184848.5473082,16743.16,-6.400000000001455,-6.86415764,2.15306524,0.0,1.0,0.0,0.0583816498119344,977.4933038651876
1668184909.456937,16771.23,28.06999999999971,-1.2332178,5.63093984,0.0,1.0,0.0,0.0583816498119344,979.1320767754086
1668184969.3188767,16761.07,-10.159999999999854,2.16548795,3.3987057500000004,0.0,1.0,0.0,0.0583816498119344,978.5389192133192
1668185030.206607,16779.67,18.599999999998545,6.6158285,4.45034055,0.0,1.0,0.0,0.0583816498119344,979.6248178998212
1668185090.4294505,16758.11,-21.55999999999767,7.78204809,1.16621959,0.0,1.0,0.0,0.0583816498119344,978.366109529876
1668185150.962565,16770.09,11.979999999999563,8.98038828,1.1983401899999997,0.0,1.0,0.0,0.0583816498119344,979.065521694623
1668185211.22636,16766.78,-3.3100000000013097,10.02914828,1.0487599999999997,0.0,1.0,0.0,0.0583816498119344,978.8722784337456
1668185272.0855317,16783.73,16.950000000000728,13.08455364,3.05540536,0.0,1.0,0.0,0.0583816498119344,979.8618473980578
1668185332.2972963,16787.8,4.069999999999709,14.58903631,1.5044826699999998,0.0,1.0,0.0,0.0583816498119344,980.0994607127924
1668185392.0567832,16795.97,8.170000000001892,16.58092681,1.991890500000002,0.0,1.0,0.0,0.0583816498119344,980.576438791756
1668185454.069713,16847.33,51.36000000000058,23.76378255,7.182855739999997,0.0,1.0,0.0,0.0583816498119344,983.574920326097
1668185514.194514,16817.78,-29.55000000000291,23.70645087,-0.0573316799999972,1.0,0.0,981.849742574154,0.0,981.849742574154
1668185573.7379403,16823.7,5.920000000001892,25.20953187,1.503080999999998,0.0,1.0,0.0,0.0583611062117223,981.849742574154
1668185636.2923036,16809.74,-13.959999999999129,23.04692792,-2.1626039499999976,1.0,0.0,981.035021531437,0.0,981.035021531437
1668185696.192371,16791.45,-18.29000000000088,21.31202388,-1.73490404,1.0,0.0,981.035021531437,0.0,981.035021531437
1668185756.1819797,16804.82,13.36999999999898,19.77048693,-1.5415369500000011,1.0,0.0,981.035021531437,0.0,981.035021531437
1668185817.8199215,16796.02,-8.799999999999272,18.01832341,-1.75216352,1.0,0.0,981.035021531437,0.0,981.035021531437
1668185877.4835794,16824.92,28.899999999997817,19.58308546,1.5647620499999988,0.0,1.0,0.0,0.0583084508890049,981.035021531437
1668185937.1397612,16856.63,31.710000000002765,22.56344443,2.980358970000001,0.0,1.0,0.0,0.0583084508890049,982.8839825091268
1668185999.6712904,16837.78,-18.850000000002183,22.07816423,-0.4852802000000018,1.0,0.0,981.7848682098688,0.0,981.7848682098688
1668186060.487608,16818.28,-19.5,20.8646561,-1.2135081299999977,1.0,0.0,981.7848682098688,0.0,981.7848682098688
1668186120.6134803,16800.13,-18.149999999997817,17.75168682,-3.112969280000001,1.0,0.0,981.7848682098688,0.0,981.7848682098688
1668186181.6534836,16817.3,17.169999999998254,18.23464517,0.4829583500000005,0.0,1.0,0.0,0.0583794585462511,981.7848682098688
1668186241.4147072,16844.01,26.709999999999127,20.0283273,1.7936821300000003,0.0,1.0,0.0,0.0583794585462511,983.344183547639
1668186301.677794,16861.49,17.4800000000032,21.91773726,1.8894099599999985,0.0,1.0,0.0,0.0583794585462511,984.3646564830276
1668186362.5597236,16859.49,-2.0,24.17167703,2.2539397700000023,0.0,1.0,0.0,0.0583794585462511,984.2478975659352
1668186422.4920237,16863.56,4.069999999999709,24.60244124,0.4307642099999995,0.0,1.0,0.0,0.0583794585462511,984.4855019622184
1668186483.3907526,16853.36,-10.200000000000728,23.78126518,-0.8211760600000026,1.0,0.0,983.8900314850464,0.0,983.8900314850464
1668186544.9768336,16821.1,-32.26000000000204,20.00745981,-3.773805369999998,1.0,0.0,983.8900314850464,0.0,983.8900314850464
1668186604.8013003,16842.18,21.080000000001743,19.95150542,-0.0559543900000001,1.0,0.0,983.8900314850464,0.0,983.8900314850464
1668186664.377669,16882.48,40.29999999999927,21.89311505,1.9416096299999983,0.0,1.0,0.0,0.0582787618575615,983.8900314850464
1668186726.7428265,16910.75,28.27000000000044,28.90958064,7.016465590000003,0.0,1.0,0.0,0.0582787618575615,985.5375720827582
1668186786.3818283,16904.27,-6.479999999999563,30.3332289,1.4236482600000002,0.0,1.0,0.0,0.0582787618575615,985.1599257059212
1668186845.793087,16893.56,-10.709999999999129,29.91436375,-0.418865150000002,1.0,0.0,984.5357601664268,0.0,984.5357601664268
1668186908.5099788,16895.51,1.9499999999970896,28.96987949,-0.9444842599999994,1.0,0.0,984.5357601664268,0.0,984.5357601664268
1668186968.1651342,16914.06,18.55000000000291,29.7623973,0.7925178099999997,0.0,1.0,0.0,0.058208127449378,984.5357601664268
1668187028.0353518,16912.78,-1.2800000000024738,29.39181439,-0.3705829099999995,1.0,0.0,984.4612537632912,0.0,984.4612537632912
1668187088.9464536,16882.1,-30.68000000000029,27.0796859,-2.312128489999999,1.0,0.0,984.4612537632912,0.0,984.4612537632912
1668187149.1065984,16891.24,9.140000000003056,25.50387757,-1.575808330000001,1.0,0.0,984.4612537632912,0.0,984.4612537632912
1668187208.553313,16885.92,-5.320000000003347,23.70410238,-1.799775190000002,1.0,0.0,984.4612537632912,0.0,984.4612537632912
1668187270.5645254,16840.63,-45.28999999999724,17.32134169,-6.382760689999998,1.0,0.0,984.4612537632912,0.0,984.4612537632912
1668187330.851321,16853.73,13.099999999998545,15.21172489,-2.1096168000000013,1.0,0.0,984.4612537632912,0.0,984.4612537632912
1668187390.5207102,16853.46,-0.2700000000004365,12.26972229,-2.9420025999999986,1.0,0.0,984.4612537632912,0.0,984.4612537632912
1668187451.86157,16855.05,1.5900000000001455,9.96972333,-2.29999896,1.0,0.0,984.4612537632912,0.0,984.4612537632912
1668187512.551011,16848.47,-6.579999999998108,5.62126662,-4.348456710000001,1.0,0.0,984.4612537632912,0.0,984.4612537632912
1668187572.4137774,16827.22,-21.25,1.15745543,-4.46381119,1.0,0.0,984.4612537632912,0.0,984.4612537632912
1668187634.2715409,16818.38,-8.840000000000146,-2.34455254,-3.50200797,1.0,0.0,984.4612537632912,0.0,984.4612537632912
1668187693.5252423,16805.8,-12.580000000001746,-6.28741702,-3.94286448,1.0,0.0,984.4612537632912,0.0,984.4612537632912
1668187753.8249595,16819.18,13.38000000000102,-6.72762303,-0.4402060099999998,1.0,0.0,984.4612537632912,0.0,984.4612537632912
1668187815.0444038,16834.4,15.220000000001164,-5.49737832,1.23024471,0.0,1.0,0.0,0.0584791411492712,984.4612537632912
1668187874.7346473,16828.14,-6.260000000002037,-6.38953399,-0.8921556700000002,1.0,0.0,984.0951743396964,0.0,984.0951743396964
1668187935.0719757,16849.07,20.93000000000029,-3.66573744,2.7237965500000003,0.0,1.0,0.0,0.0584064980642668,984.0951743396964
1668187998.0436668,16839.28,-9.790000000000871,-4.11916494,-0.4534275000000001,1.0,0.0,983.5233747236466,0.0,983.5233747236466
1668188058.1569593,16796.58,-42.69999999999709,-9.91553009,-5.796365150000001,1.0,0.0,983.5233747236466,0.0,983.5233747236466
1668188118.5386455,16799.74,3.1599999999998545,-11.22841051,-1.312880419999999,1.0,0.0,983.5233747236466,0.0,983.5233747236466
1668188179.8524468,16797.13,-2.610000000000582,-12.78851745,-1.5601069400000007,1.0,0.0,983.5233747236466,0.0,983.5233747236466
1668188239.73778,16775.72,-21.40999999999985,-16.51405704,-3.72553959,1.0,0.0,983.5233747236466,0.0,983.5233747236466
1668188299.1756692,16764.31,-11.409999999999854,-19.73998324,-3.2259262,1.0,0.0,983.5233747236466,0.0,983.5233747236466
1668188361.7694676,16787.57,23.2599999999984,-17.94125133,1.7987319100000008,0.0,1.0,0.0,0.0585864049843811,983.5233747236466
1668188422.2524712,16779.06,-8.5099999999984,-18.98426271,-1.0430113799999994,1.0,0.0,983.0248044172296,0.0,983.0248044172296
1668188482.750519,16807.29,28.229999999999563,-15.19682534,3.7874373699999992,0.0,1.0,0.0,0.0584880016003311,983.0248044172296
1668188543.7226903,16786.15,-21.13999999999941,-16.67279149,-1.4759661500000014,1.0,0.0,981.788368063398,0.0,981.788368063398
1668188603.745109,16801.15,15.0,-14.19749529,2.4752962000000007,0.0,1.0,0.0,0.0584357837447673,981.788368063398
1668188663.316202,16805.39,4.239999999997963,-12.57552332,1.6219719700000006,0.0,1.0,0.0,0.0584357837447673,982.0361357864748
1668188724.9946222,16830.44,25.049999999999272,-7.68120591,4.89431741,0.0,1.0,0.0,0.0584357837447673,983.4999521692812
1668188784.5668218,16826.24,-4.19999999999709,-6.04681852,1.6343873899999997,0.0,1.0,0.0,0.0584357837447673,983.2545218775534
1668188844.4656374,16811.2,-15.040000000000871,-6.49350047,-0.4466819499999994,1.0,0.0,982.375647690032,0.0,982.375647690032
1668188905.9076953,16835.67,24.46999999999753,-2.37033249,4.12316798,0.0,1.0,0.0,0.058350849576526,982.375647690032
1668188965.8418667,16827.34,-8.329999999998108,-1.89004307,0.4802894200000001,0.0,1.0,0.0,0.058350849576526,981.889585113059
1668189025.9999306,16847.76,20.419999999998254,1.86002289,3.75006596,0.0,1.0,0.0,0.058350849576526,983.0811094614116
1668189088.0178626,16843.58,-4.179999999996653,3.03790103,1.17787814,0.0,1.0,0.0,0.058350849576526,982.837202910182
1668189147.418591,16868.44,24.859999999996944,7.81250217,4.77460114,0.0,1.0,0.0,0.058350849576526,984.287805030654
1668189207.8586986,16865.11,-3.3299999999981083,9.3272816,1.514779429999999,0.0,1.0,0.0,0.058350849576526,984.0934967015644
1668189270.0386484,16901.46,36.34999999999855,15.66758811,6.340306510000001,0.0,1.0,0.0,0.058350849576526,986.214550083671
1668189330.542701,16899.96,-1.5,17.95726881,2.289680699999998,0.0,1.0,0.0,0.058350849576526,986.1270238093064
1668189389.6275582,16959.07,59.11000000000058,28.10122206,10.143953250000004,0.0,1.0,0.0,0.058350849576526,989.5761425277748
1668189450.718387,16924.23,-34.840000000000146,27.1091078,-0.992114260000001,1.0,0.0,987.5431989285286,0.0,987.5431989285286
1668189510.5503335,16945.59,21.360000000000586,31.33811328,4.229005480000001,0.0,1.0,0.0,0.0582772980420586,987.5431989285286
1668189571.203261,16921.48,-24.110000000000586,29.43106937,-1.9070439100000025,1.0,0.0,986.1381332727336,0.0,986.1381332727336
1668189632.977973,16909.31,-12.169999999998254,27.38803112,-2.0430382499999986,1.0,0.0,986.1381332727336,0.0,986.1381332727336
1668189696.1004186,16939.38,30.06999999999971,30.53097977,3.142948649999997,0.0,1.0,0.0,0.0582157158805536,986.1381332727336
1668189752.894128,16982.85,43.469999999997526,36.76328457,6.232304800000005,0.0,1.0,0.0,0.0582157158805536,988.6687704420596
1668189816.8297956,16979.76,-3.090000000000145,38.17790076,1.4146161899999967,0.0,1.0,0.0,0.0582157158805536,988.4888838799887
1668189874.71758,17000.0,20.2400000000016,41.90544271,3.727541950000002,0.0,1.0,0.0,0.0582157158805536,989.6671699694112
1668189934.1244266,17001.43,1.430000000000291,43.39696392,1.4915212099999948,0.0,1.0,0.0,0.0582157158805536,989.7504184431205
1668189995.374724,16973.64,-27.79000000000088,40.03055835,-3.3664055699999977,1.0,0.0,988.1326036987998,0.0,988.1326036987998
1668190055.7564747,16990.38,16.7400000000016,40.94888302,0.918324669999997,0.0,1.0,0.0,0.0581583580649049,988.1326036987998
1668190116.448934,16998.89,8.5099999999984,41.2808545,0.33197148,0.0,1.0,0.0,0.0581583580649049,988.6275313259312
1668190178.0307724,17039.1,40.20999999999913,46.21780133,4.936946830000004,0.0,1.0,0.0,0.0581583580649049,990.966078903721
1668190239.4589808,17000.82,-38.27999999999884,41.71899467,-4.49880666,1.0,0.0,988.7397769569964,0.0,988.7397769569964
1668190298.0967948,16996.7,-4.119999999998981,39.52892558,-2.190069090000001,1.0,0.0,988.7397769569964,0.0,988.7397769569964
1668190361.1282578,16989.74,-6.959999999999127,36.63620238,-2.892723199999999,1.0,0.0,988.7397769569964,0.0,988.7397769569964
1668190420.6565816,17004.78,15.039999999997235,36.41609269,-0.220109690000001,1.0,0.0,988.7397769569964,0.0,988.7397769569964
1668190480.8341117,17012.73,7.950000000000728,36.11123248,-0.3048602100000011,1.0,0.0,988.7397769569964,0.0,988.7397769569964
1668190543.3280768,16992.74,-19.989999999997963,31.93551831,-4.175714169999999,1.0,0.0,988.7397769569964,0.0,988.7397769569964
1668190603.1510832,17010.0,17.2599999999984,32.48562132,0.5501030100000008,0.0,1.0,0.0,0.0581269710145206,988.7397769569964
1668190664.2108667,17025.61,15.610000000000582,32.51953469,0.0339133700000005,0.0,1.0,0.0,0.0581269710145206,989.647138974532
1668190726.0931523,17007.87,-17.7400000000016,30.74838496,-1.7711497300000012,1.0,0.0,988.6159665087343,0.0,988.6159665087343
1668190784.1596065,16995.34,-12.529999999998836,27.14655185,-3.6018331099999976,1.0,0.0,988.6159665087343,0.0,988.6159665087343
1668190844.129279,16971.06,-24.27999999999884,21.69928195,-5.447269900000002,1.0,0.0,988.6159665087343,0.0,988.6159665087343
1668190905.2978098,16945.54,-25.52000000000044,15.13846378,-6.560818169999999,1.0,0.0,988.6159665087343,0.0,988.6159665087343
1668190965.2319877,16953.23,7.68999999999869,11.68666568,-3.4517980999999995,1.0,0.0,988.6159665087343,0.0,988.6159665087343
1668191025.2546697,16947.39,-5.8400000000001455,6.64268609,-5.043979590000001,1.0,0.0,988.6159665087343,0.0,988.6159665087343
1668191086.432764,16982.62,35.22999999999956,6.91645382,0.2737677300000003,0.0,1.0,0.0,0.0582133950184797,988.6159665087343
1668191146.147807,16941.99,-40.62999999999738,3.2952229,-3.62123092,1.0,0.0,986.2507562691328,0.0,986.2507562691328
1668191206.5655243,16953.66,11.669999999998254,2.88447196,-0.4107509400000002,1.0,0.0,986.2507562691328,0.0,986.2507562691328
1668191267.0438583,16962.16,8.5,2.6575792,-0.2268927600000001,1.0,0.0,986.2507562691328,0.0,986.2507562691328
1668191327.0681045,16958.02,-4.139999999999418,1.83070845,-0.8268707499999999,1.0,0.0,986.2507562691328,0.0,986.2507562691328
1668191387.0526776,16964.92,6.899999999997817,1.73480554,-0.0959029099999999,1.0,0.0,986.2507562691328,0.0,986.2507562691328
1668191447.9423635,16945.43,-19.489999999997963,-0.37260151,-2.10740705,1.0,0.0,986.2507562691328,0.0,986.2507562691328
1668191507.8602276,16947.87,2.4399999999986903,-1.2669411,-0.89433959,1.0,0.0,986.2507562691328,0.0,986.2507562691328
1668191567.9026265,16958.31,10.440000000002328,-0.88166196,0.3852791399999999,0.0,1.0,0.0,0.0581573727729433,986.2507562691328
1668191629.0372336,16961.22,2.9099999999998545,-0.08704566,0.7946162999999999,0.0,1.0,0.0,0.0581573727729433,986.4199942239014
1668191689.0229774,16953.94,-7.280000000002474,-0.97071746,-0.8836718,1.0,0.0,985.9966085501144,0.0,985.9966085501144
1668191749.1467211,16961.65,7.710000000002765,-0.48649098,0.48422648,0.0,1.0,0.0,0.058130937058017,985.9966085501144
1668191809.990246,16932.73,-28.92000000000189,-3.78101006,-3.29451908,1.0,0.0,984.3154618503962,0.0,984.3154618503962
1668191869.9839094,16937.84,5.110000000000582,-4.84625496,-1.0652448999999995,1.0,0.0,984.3154618503962,0.0,984.3154618503962
1668191929.948429,16903.83,-34.0099999999984,-8.81082425,-3.96456929,1.0,0.0,984.3154618503962,0.0,984.3154618503962
1668191990.8555691,16915.5,11.669999999998254,-10.64063776,-1.829813510000001,1.0,0.0,984.3154618503962,0.0,984.3154618503962
1668192050.9699006,16917.86,2.360000000000582,-11.71847067,-1.0778329099999997,1.0,0.0,984.3154618503962,0.0,984.3154618503962
1668192110.9173284,16893.6,-24.26000000000204,-14.20936385,-2.4908931800000005,1.0,0.0,984.3154618503962,0.0,984.3154618503962
1668192171.983816,16862.33,-31.2699999999968,-19.63132468,-5.421960829999998,1.0,0.0,984.3154618503962,0.0,984.3154618503962
1668192232.0019884,16837.66,-24.67000000000189,-26.3288501,-6.697525420000002,1.0,0.0,984.3154618503962,0.0,984.3154618503962
1668192292.064376,16862.73,25.06999999999971,-26.85500245,-0.5261523500000003,1.0,0.0,984.3154618503962,0.0,984.3154618503962
1668192352.977787,16847.45,-15.279999999998836,-29.5646963,-2.7096938500000007,1.0,0.0,984.3154618503962,0.0,984.3154618503962
1668192413.0074527,16824.13,-23.31999999999971,-32.85381445,-3.28911815,1.0,0.0,984.3154618503962,0.0,984.3154618503962
1668192472.9465032,16832.09,7.959999999999127,-33.11946534,-0.2656508899999963,1.0,0.0,984.3154618503962,0.0,984.3154618503962
1668192533.8916144,16835.36,3.270000000000437,-32.81442676,0.3050385799999944,0.0,1.0,0.0,0.0584671466395964,984.3154618503962
1668192594.2103431,16860.47,25.110000000000586,-29.1866914,3.627735360000002,0.0,1.0,0.0,0.0584671466395964,985.783571902516
1668192653.894863,16869.11,8.639999999999418,-25.96608028,3.220611120000001,0.0,1.0,0.0,0.0584671466395964,986.288728049482
1668192715.3416996,16868.96,-0.1500000000014552,-23.83196915,2.134111130000001,0.0,1.0,0.0,0.0584671466395964,986.279957977486
1668192775.2555037,16867.1,-1.860000000000582,-22.48205964,1.3499095099999998,0.0,1.0,0.0,0.0584671466395964,986.1712090847363
1668192835.3802874,16844.39,-22.709999999999127,-24.10107908,-1.6190194400000024,1.0,0.0,984.8434201845512,0.0,984.8434201845512
1668192896.1622083,16831.72,-12.669999999998254,-24.74845187,-0.6473727899999986,1.0,0.0,984.8434201845512,0.0,984.8434201845512
1668192956.1985586,16825.14,-6.580000000001746,-25.76184456,-1.01339269,1.0,0.0,984.8434201845512,0.0,984.8434201845512
1668193016.1911695,16857.42,32.27999999999884,-22.59471296,3.167131600000001,0.0,1.0,0.0,0.0584219542601745,984.8434201845512
1668193077.0672157,16835.77,-21.649999999997817,-22.66278647,-0.0680735100000013,1.0,0.0,983.578584874818,0.0,983.578584874818
1668193137.035228,16845.64,9.86999999999898,-22.2197138,0.4430726699999994,0.0,1.0,0.0,0.0583877243532936,983.578584874818
1668193197.0082152,16843.59,-2.0499999999992724,-21.0360839,1.1836298999999997,0.0,1.0,0.0,0.0583877243532936,983.4588900398924
1668193257.91037,16829.89,-13.700000000000728,-21.27912009,-0.243036189999998,1.0,0.0,982.6589782162524,0.0,982.6589782162524
1668193317.930193,16788.03,-41.86000000000058,-24.9576625,-3.678542410000002,1.0,0.0,982.6589782162524,0.0,982.6589782162524
1668193377.9278426,16729.84,-58.18999999999869,-35.16583636,-10.20817386,1.0,0.0,982.6589782162524,0.0,982.6589782162524
1668193439.0721557,16713.26,-16.580000000001746,-43.69476736,-8.528931,1.0,0.0,982.6589782162524,0.0,982.6589782162524
1668193499.14915,16738.23,24.970000000001164,-42.99531761,0.6994497499999994,0.0,1.0,0.0,0.0587074605986566,982.6589782162524
1668193559.0269415,16756.03,17.799999999999272,-41.28297101,1.7123466000000036,0.0,1.0,0.0,0.0587074605986566,983.703971014908
1668193619.9244,16734.34,-21.68999999999869,-42.16517403,-0.8822030200000057,1.0,0.0,982.4306061945232,0.0,982.4306061945232
1668193679.8705056,16757.84,23.5,-40.12814626,2.0370277700000017,0.0,1.0,0.0,0.0586251334416919,982.4306061945232
1668193740.1542935,16807.45,49.61000000000058,-32.20016756,7.927978700000004,0.0,1.0,0.0,0.0586251334416919,985.3389990645646
1668193800.7795284,16802.85,-4.600000000002183,-28.22828634,3.9718812199999967,0.0,1.0,0.0,0.0586251334416919,985.0693234507328
1668193860.7328615,16820.08,17.2300000000032,-23.47331626,4.75497008,0.0,1.0,0.0,0.0586251334416919,986.0794344999332
1668193920.8016891,16866.65,46.56999999999971,-13.59240114,9.88091512,0.0,1.0,0.0,0.0586251334416919,988.8096069643128
1668193981.8948298,16812.87,-53.78000000000248,-13.2238718,0.3685293400000002,0.0,1.0,0.0,0.0586251334416919,985.6567472878183
1668194041.8640456,16783.07,-29.799999999999272,-14.42865025,-1.204778450000001,1.0,0.0,983.909718311256,0.0,983.909718311256
1668194101.88797,16784.67,1.5999999999985448,-14.39068347,0.0379667799999996,0.0,1.0,0.0,0.0586195449961933,983.909718311256
1668194162.8047042,16810.47,25.80000000000291,-11.97949766,2.411185810000001,0.0,1.0,0.0,0.0586195449961933,985.4221025721577
1668194223.017692,16828.1,17.62999999999738,-8.69233372,3.2871639399999992,0.0,1.0,0.0,0.0586195449961933,986.4555651504404
1668194282.765228,16820.64,-7.459999999999127,-6.42929319,2.2630405300000005,0.0,1.0,0.0,0.0586195449961933,986.0182633447688
1668194343.6728094,16827.57,6.930000000000291,-4.24094931,2.18834388,0.0,1.0,0.0,0.0586195449961933,986.4244967915924
1668194403.6259546,16825.43,-2.139999999999418,-3.53343276,0.7075165500000002,0.0,1.0,0.0,0.0586195449961933,986.2990509653006
1668194463.6239717,16831.05,5.619999999998981,-0.83689707,2.69653569,0.0,1.0,0.0,0.0586195449961933,986.6284928081792
1668194524.809648,16824.4,-6.649999999997817,-0.92749867,-0.0906015999999999,1.0,0.0,986.2386728339546,0.0,986.2386728339546
1668194584.6922095,16836.94,12.539999999997235,1.07273386,2.00023253,0.0,1.0,0.0,0.058575885691459,986.2386728339546
1668194644.76213,16850.99,14.05000000000291,3.35513682,2.28240296,0.0,1.0,0.0,0.058575885691459,987.0616640279188
1668194705.6058996,16805.68,-45.31000000000131,0.27346421,-3.08167261,1.0,0.0,984.4075906472387,0.0,984.4075906472387
1668194765.6622064,16792.54,-13.139999999999418,-1.53365028,-1.80711449,1.0,0.0,984.4075906472387,0.0,984.4075906472387
1668194825.6225317,16802.34,9.799999999999272,-2.30068562,-0.7670353399999998,1.0,0.0,984.4075906472387,0.0,984.4075906472387
1668194886.470901,16820.49,18.15000000000145,-0.35265698,1.94802864,0.0,1.0,0.0,0.0585243111614012,984.4075906472387
1668194946.4948685,16827.2,6.709999999999127,0.31934532,0.6720022999999999,0.0,1.0,0.0,0.0585243111614012,984.8002887751304
1668195006.461934,16831.98,4.779999999998836,1.5902316,1.27088628,0.0,1.0,0.0,0.0585243111614012,985.0800349824816
1668195067.3875954,16812.0,-19.979999999999563,0.285816,-1.3044156,1.0,0.0,983.910719245477,0.0,983.910719245477
1668195127.428466,16812.56,0.5600000000013097,-0.02703408,-0.31285008,1.0,0.0,983.910719245477,0.0,983.910719245477
1668195187.392795,16821.61,9.049999999999272,1.19429483,1.22132891,0.0,1.0,0.0,0.0584908768688298,983.910719245477
1668195248.5676346,16798.89,-22.720000000001164,-1.24084951,-2.43514434,1.0,0.0,982.581806523016,0.0,982.581806523016
1668195308.6965506,16793.83,-5.059999999997672,-3.14860118,-1.90775167,1.0,0.0,982.581806523016,0.0,982.581806523016
1668195368.5595205,16802.97,9.139999999999418,-3.69196345,-0.5433622699999998,1.0,0.0,982.581806523016,0.0,982.581806523016
1668195429.5019946,16765.74,-37.22999999999956,-7.12056943,-3.42860598,1.0,0.0,982.581806523016,0.0,982.581806523016
1668195489.5731878,16759.64,-6.100000000002183,-9.59514507,-2.4745756399999994,1.0,0.0,982.581806523016,0.0,982.581806523016
1668195549.4709957,16768.07,8.430000000000291,-10.68788839,-1.0927433200000003,1.0,0.0,982.581806523016,0.0,982.581806523016
1668195610.3680532,16776.69,8.619999999998981,-10.75458244,-0.0666940500000006,1.0,0.0,982.581806523016,0.0,982.581806523016
1668195670.3966825,16801.98,25.29000000000088,-7.36923045,3.38535199,0.0,1.0,0.0,0.0584801199931803,982.581806523016
1668195730.399894,16801.65,-0.3299999999981082,-5.97445979,1.3947706599999998,0.0,1.0,0.0,0.0584801199931803,982.5625080834178
1668195791.575735,16767.33,-34.31999999999971,-10.56344872,-4.58898893,1.0,0.0,980.555470365252,0.0,980.555470365252
1668195851.5368052,16772.32,4.989999999997963,-10.60859743,-0.0451487099999994,1.0,0.0,980.555470365252,0.0,980.555470365252
1668195911.5306754,16787.99,15.670000000001892,-8.74479591,1.863801519999999,0.0,1.0,0.0,0.0584081519208226,980.555470365252
1668195972.4904697,16786.53,-1.4600000000027649,-8.37065304,0.37414287,0.0,1.0,0.0,0.0584081519208226,980.470194463446
1668196032.5054548,16757.1,-29.43000000000029,-12.05117789,-3.68052485,1.0,0.0,978.7512425524162,0.0,978.7512425524162
1668196092.492718,16740.54,-16.55999999999767,-15.40683059,-3.3556527000000003,1.0,0.0,978.7512425524162,0.0,978.7512425524162
1668196153.4304898,16744.07,3.529999999998836,-16.2169515,-0.8101209100000002,1.0,0.0,978.7512425524162,0.0,978.7512425524162
1668196213.4108388,16736.29,-7.779999999998836,-17.98727643,-1.770324930000001,1.0,0.0,978.7512425524162,0.0,978.7512425524162
1668196273.4118466,16743.44,7.149999999997817,-17.53804499,0.4492314400000019,0.0,1.0,0.0,0.0584558037388025,978.7512425524162
1668196334.6058133,16741.63,-1.809999999997672,-17.82520565,-0.2871606600000014,1.0,0.0,978.6454375476482,0.0,978.6454375476482
1668196394.5313768,16773.82,32.18999999999869,-13.19455649,4.630649160000001,0.0,1.0,0.0,0.0583436234291084,978.6454375476482
1668196454.5391846,16770.59,-3.2299999999995634,-11.78532502,1.40923147,0.0,1.0,0.0,0.0583436234291084,978.456987643971
1668196515.4668026,16791.86,21.27000000000044,-7.3426466,4.44267842,0.0,1.0,0.0,0.0583436234291084,979.6979565143082
1668196575.4563034,16829.4,37.54000000000087,-0.01644429,7.32620231,0.0,1.0,0.0,0.0583436234291084,981.8881761378368
1668196635.4473507,16866.13,36.72999999999956,8.7009074,8.717351690000001,0.0,1.0,0.0,0.0583436234291084,984.031137426388
1668196696.313076,16859.06,-7.069999999999709,12.27943629,3.5785288899999994,0.0,1.0,0.0,0.0583436234291084,983.6186480087443
1668196756.3222032,16859.0,-0.0600000000013096,15.10716864,2.82773235,0.0,1.0,0.0,0.0583436234291084,983.6151473913384
1668196816.3155785,16849.17,-9.830000000001746,15.89087267,0.7837040300000009,0.0,1.0,0.0,0.0583436234291084,983.0416295730304
1668196877.2238228,16841.49,-7.679999999996653,15.85249933,-0.0383733399999997,1.0,0.0,982.5935505450948,0.0,982.5935505450948
1668196937.316594,16805.72,-35.77000000000044,11.06523935,-4.78725998,1.0,0.0,982.5935505450948,0.0,982.5935505450948
1668196997.1829958,16815.09,9.36999999999898,10.74861088,-0.3166284700000012,1.0,0.0,982.5935505450948,0.0,982.5935505450948
1668197058.3519278,16806.97,-8.119999999998981,8.72032139,-2.028289489999999,1.0,0.0,982.5935505450948,0.0,982.5935505450948
1668197118.349358,16797.88,-9.090000000000146,6.15159732,-2.568724070000001,1.0,0.0,982.5935505450948,0.0,982.5935505450948
1668197178.3947177,16809.19,11.309999999997672,6.17529799,0.0237006700000002,0.0,1.0,0.0,0.0584557346633059,982.5935505450948
1668197239.2306285,16826.0,16.81000000000131,7.76895704,1.5936590500000003,0.0,1.0,0.0,0.0584557346633059,983.5761914447852
1668197299.23752,16807.93,-18.06999999999971,5.38537578,-2.38358126,1.0,0.0,982.5198963194192,0.0,982.5198963194192
1668197359.232667,16824.21,16.279999999998836,6.9403975,1.55502172,0.0,1.0,0.0,0.058399169786838,982.5198963194192
1668197420.100425,16788.15,-36.05999999999767,1.96460341,-4.975794090000001,1.0,0.0,980.4140222569044,0.0,980.4140222569044
1668197480.103411,16783.2,-4.950000000000728,-0.50383619,-2.4684396,1.0,0.0,980.4140222569044,0.0,980.4140222569044
1668197540.103855,16752.14,-31.06000000000131,-6.40843165,-5.90459546,1.0,0.0,980.4140222569044,0.0,980.4140222569044
1668197601.2878215,16756.46,4.319999999999709,-8.28212358,-1.8736919300000008,1.0,0.0,980.4140222569044,0.0,980.4140222569044
1668197661.245589,16734.92,-21.54000000000088,-13.22510824,-4.9429846600000005,1.0,0.0,980.4140222569044,0.0,980.4140222569044
1668197721.2164383,16731.83,-3.0899999999965075,-15.91267556,-2.6875673199999994,1.0,0.0,980.4140222569044,0.0,980.4140222569044
1668197782.113284,16709.75,-22.080000000001743,-20.76513876,-4.852463199999999,1.0,0.0,980.4140222569044,0.0,980.4140222569044
1668197842.272609,16706.72,-3.029999999998836,-23.48148194,-2.716343179999999,1.0,0.0,980.4140222569044,0.0,980.4140222569044
1668197902.1297653,16699.88,-6.8400000000001455,-26.0140158,-2.532533860000001,1.0,0.0,980.4140222569044,0.0,980.4140222569044
1668197962.9777377,16707.63,7.75,-26.17993291,-0.1659171100000023,1.0,0.0,980.4140222569044,0.0,980.4140222569044
1668198023.011472,16720.35,12.719999999997526,-24.58202837,1.5979045400000018,0.0,1.0,0.0,0.0586359748603889,980.4140222569044
1668198083.0259166,16747.94,27.590000000000146,-20.1817587,4.40026967,0.0,1.0,0.0,0.0586359748603889,982.0317888033017
1668198144.117362,16755.29,7.350000000002183,-17.06836011,3.113398589999999,0.0,1.0,0.0,0.0586359748603889,982.4627632185257
1668198204.171434,16743.63,-11.659999999999854,-16.50466423,0.5636958800000009,0.0,1.0,0.0,0.0586359748603889,981.7790677516534
1668198264.1425135,16726.41,-17.220000000001164,-17.5003239,-0.995659670000002,1.0,0.0,980.7693562645576,0.0,980.7693562645576
1668198324.9338937,16723.54,-2.8699999999989814,-17.40417301,0.0961508900000005,0.0,1.0,0.0,0.0586460376370408,980.7693562645576
1668198384.1644175,16721.57,-1.970000000001164,-17.35773749,0.0464355199999992,0.0,1.0,0.0,0.0586460376370408,980.6538235704124
1668198444.2285988,16732.82,11.25,-15.4100954,1.9476420900000024,0.0,1.0,0.0,0.0586460376370408,981.313591493829
1668198504.194178,16712.14,-20.68000000000029,-17.21432973,-1.80423433,1.0,0.0,980.100791435495,0.0,980.100791435495
1668198564.6474912,16698.12,-14.020000000000437,-19.31754902,-2.103219290000002,1.0,0.0,980.100791435495,0.0,980.100791435495
1668198624.1564877,16684.44,-13.680000000000293,-21.74691699,-2.4293679699999977,1.0,0.0,980.100791435495,0.0,980.100791435495
1668198684.1693225,16706.02,21.580000000001743,-19.47746944,2.269447549999999,0.0,1.0,0.0,0.0586675217338118,980.100791435495
1668198744.141118,16719.5,13.479999999999563,-16.99021663,2.487252810000001,0.0,1.0,0.0,0.0586675217338118,980.8916296284664
1668198804.0601697,16685.42,-34.080000000001746,-20.29265849,-3.302441860000002,1.0,0.0,978.892240487778,0.0,978.892240487778
1668198864.079862,16655.67,-29.75,-24.79976661,-4.507108119999998,1.0,0.0,978.892240487778,0.0,978.892240487778
1668198924.341383,16715.63,59.960000000002765,-17.67885152,7.12091509,0.0,1.0,0.0,0.0585614924766687,978.892240487778
1668198984.192352,16697.49,-18.13999999999941,-18.21475596,-0.535904440000003,1.0,0.0,977.8299350142509,0.0,977.8299350142509
1668199044.5714045,16700.62,3.1299999999973807,-16.92874252,1.2860134400000014,0.0,1.0,0.0,0.0585505169876478,977.8299350142509
1668199104.1654904,16702.49,1.87000000000262,-15.81576128,1.11298124,0.0,1.0,0.0,0.0585505169876478,977.9394244810176
1668199164.1164796,16661.52,-40.97000000000117,-20.6744374,-4.858676119999998,1.0,0.0,975.5406098000336,0.0,975.5406098000336
1668199224.1901665,16595.36,-66.15999999999985,-30.72935646,-10.054919060000003,1.0,0.0,975.5406098000336,0.0,975.5406098000336
1668199284.1705694,16623.33,27.970000000001164,-30.34369827,0.3856581900000009,0.0,1.0,0.0,0.0586850294014516,975.5406098000336
1668199344.1526687,16637.62,14.289999999997235,-29.42378813,0.9199101400000024,0.0,1.0,0.0,0.0586850294014516,976.3792188701792
1668199404.2887857,16622.62,-15.0,-31.34311602,-1.9193278900000017,1.0,0.0,975.4989434291572,0.0,975.4989434291572
1668199464.1905303,16615.22,-7.399999999997817,-32.63701615,-1.2939001300000008,1.0,0.0,975.4989434291572,0.0,975.4989434291572
1668199524.695685,16632.73,17.5099999999984,-30.47041019,2.166605960000002,0.0,1.0,0.0,0.0586493584293833,975.4989434291572
1668199584.236312,16666.15,33.42000000000189,-24.66446855,5.80594164,0.0,1.0,0.0,0.0586493584293833,977.4590049878666
1668199644.2071671,16682.45,16.299999999999272,-19.49715278,5.167315769999998,0.0,1.0,0.0,0.0586493584293833,978.4149895302654
1668199704.2471094,16686.16,3.709999999999127,-15.84453212,3.65262066,0.0,1.0,0.0,0.0586493584293833,978.6325786500385
1668199764.2362266,16669.79,-16.36999999999898,-15.34820488,0.4963272399999994,0.0,1.0,0.0,0.0586493584293833,977.6724886525494
1668199824.2432387,16693.9,24.110000000000586,-10.25945246,5.0887524200000005,0.0,1.0,0.0,0.0586493584293833,979.086524684282
1668199884.1289902,16682.97,-10.930000000000293,-9.42945159,0.830000870000001,0.0,1.0,0.0,0.0586493584293833,978.4454871966489
1668199944.1396475,16684.93,1.9599999999991269,-7.58276897,1.8466826199999995,0.0,1.0,0.0,0.0586493584293833,978.5604399391704
1668200004.4037116,16676.29,-8.639999999999418,-7.39339545,0.1893735200000001,0.0,1.0,0.0,0.0586493584293833,978.0537094823404
1668200064.3492134,16671.7,-4.5900000000001455,-7.30781493,0.0855805199999997,0.0,1.0,0.0,0.0586493584293833,977.7845089271495
1668200124.2975636,16664.0,-7.700000000000728,-7.77315245,-0.4653375200000003,1.0,0.0,977.3329088672432,0.0,977.3329088672432
1668200184.2573955,16650.38,-13.61999999999898,-9.53054044,-1.757387989999999,1.0,0.0,977.3329088672432,0.0,977.3329088672432
1668200244.2881036,16659.43,9.049999999999272,-8.78197669,0.7485637499999989,0.0,1.0,0.0,0.058665447069152,977.3329088672432
1668200304.279775,16691.12,31.68999999999869,-4.10119121,4.680785480000001,0.0,1.0,0.0,0.058665447069152,979.1920168848644
1668200364.3757143,16696.17,5.049999999999272,-1.73514962,2.36604159,0.0,1.0,0.0,0.058665447069152,979.4882773925634
1668200424.253178,16626.64,-69.52999999999884,-10.00619583,-8.27104621,1.0,0.0,975.4092688578454,0.0,975.4092688578454
1668200484.5320723,16660.56,33.92000000000189,-7.3407392,2.6654566299999995,0.0,1.0,0.0,0.0585460073885778,975.4092688578454
1668200544.2433486,16676.27,15.709999999999129,-4.95731731,2.38342189,0.0,1.0,0.0,0.0585460073885778,976.3290266339184
1668200604.324874,16714.67,38.39999999999782,1.4129822,6.37029951,0.0,1.0,0.0,0.0585460073885778,978.5771933176396
1668200664.2844665,16703.29,-11.37999999999738,2.3791696,0.9661874,0.0,1.0,0.0,0.0585460073885778,977.9109397535576
1668200724.2774336,16697.37,-5.920000000001892,2.98341928,0.6042496800000001,0.0,1.0,0.0,0.0585460073885778,977.5643473898172
1668200784.248135,16696.04,-1.3299999999981085,3.53399111,0.55057183,0.0,1.0,0.0,0.0585460073885778,977.4864811999904
1668200844.3314412,16700.12,4.079999999998108,4.6568351,1.1228439900000002,0.0,1.0,0.0,0.0585460073885778,977.7253489101358
1668200904.2798097,16722.14,22.02000000000044,8.44599459,3.78915949,0.0,1.0,0.0,0.0585460073885778,979.0145319928324
1668200964.2212176,16726.02,3.880000000001018,10.38445714,1.9384625500000008,0.0,1.0,0.0,0.0585460073885778,979.2416905015
1668201024.2594025,16730.49,4.470000000001164,12.07139052,1.6869333799999993,0.0,1.0,0.0,0.0585460073885778,979.5033911545272
1668201084.293537,16716.98,-13.510000000002035,11.17069046,-0.9007000600000001,1.0,0.0,978.7124345947072,0.0,978.7124345947072
1668201144.4623437,16730.82,13.840000000000146,13.22845946,2.0577690000000004,0.0,1.0,0.0,0.0584975772015183,978.7124345947072
1668201204.252637,16743.5,12.680000000000293,15.52615408,2.29769462,0.0,1.0,0.0,0.0584975772015183,979.4541838736216
1668201264.3241842,16764.78,21.27999999999884,19.36510614,3.838952060000002,0.0,1.0,0.0,0.0584975772015183,980.69901231647
1668201324.3194516,16761.68,-3.099999999998545,20.38393422,1.0188280799999987,0.0,1.0,0.0,0.0584975772015183,980.5176698271453
1668201384.3233645,16782.03,20.349999999998545,24.02034088,3.636406659999999,0.0,1.0,0.0,0.0584975772015183,981.708095523196
1668201444.3153667,16756.39,-25.63999999999941,21.69924247,-2.3210984099999976,1.0,0.0,980.2082176437492,0.0,980.2082176437492
1668201504.3969555,16736.93,-19.459999999999127,18.33349381,-3.3657486600000013,1.0,0.0,980.2082176437492,0.0,980.2082176437492
1668201564.3142068,16739.14,2.209999999999127,17.16567119,-1.167822619999999,1.0,0.0,980.2082176437492,0.0,980.2082176437492
1668201624.2728372,16785.43,46.29000000000087,22.50689244,5.34122125,0.0,1.0,0.0,0.0583963721896757,980.2082176437492
1668201684.2882216,16802.89,17.459999999999127,25.96770902,3.4608165799999995,0.0,1.0,0.0,0.0583963721896757,981.22781830218
1668201744.3623035,16821.03,18.13999999999941,30.05587403,4.088165009999997,0.0,1.0,0.0,0.0583963721896757,982.2871284937006
1668201804.3436542,16873.05,52.02000000000044,38.8210623,8.765188270000003,0.0,1.0,0.0,0.0583963721896757,985.3249077750075
1668201864.3373415,16831.85,-41.20000000000073,36.2849857,-2.536076600000001,1.0,0.0,982.9189772407929,0.0,982.9189772407929
1668201924.3373957,16819.74,-12.109999999996944,34.87386669,-1.4111190100000002,1.0,0.0,982.9189772407929,0.0,982.9189772407929
1668201984.2284243,16828.09,8.349999999998545,35.33150021,0.4576335200000017,0.0,1.0,0.0,0.0584094200376152,982.9189772407929
1668202044.301847,16817.55,-10.540000000000871,33.12182667,-2.2096735400000043,1.0,0.0,982.3033419535956,0.0,982.3033419535956
1668202104.3203728,16801.31,-16.239999999997963,29.37616208,-3.745664589999997,1.0,0.0,982.3033419535956,0.0,982.3033419535956
1668202164.3719869,16820.01,18.69999999999709,29.6438907,0.2677286199999997,0.0,1.0,0.0,0.0584008774045672,982.3033419535956
1668202224.4231632,16840.18,20.17000000000189,31.41818931,1.7742986099999989,0.0,1.0,0.0,0.0584008774045672,983.4812876508446
1668202284.3688405,16814.33,-25.849999999998545,27.55802514,-3.860164169999997,1.0,0.0,981.9716249699366,0.0,981.9716249699366
1668202344.5059345,16799.84,-14.4900000000016,23.66439885,-3.89362629,1.0,0.0,981.9716249699366,0.0,981.9716249699366
1668202404.454272,16801.91,2.069999999999709,21.66003286,-2.00436599,1.0,0.0,981.9716249699366,0.0,981.9716249699366
1668202464.347881,16809.2,7.290000000000873,20.52051944,-1.13951342,1.0,0.0,981.9716249699366,0.0,981.9716249699366
1668202524.4131253,16813.18,3.979999999999563,19.64900913,-0.8715103100000015,1.0,0.0,981.9716249699366,0.0,981.9716249699366
1668202584.3101823,16804.24,-8.93999999999869,17.18662829,-2.462380839999998,1.0,0.0,981.9716249699366,0.0,981.9716249699366
1668202644.4124303,16785.79,-18.450000000000728,12.9283981,-4.258230190000001,1.0,0.0,981.9716249699366,0.0,981.9716249699366
1668202704.618677,16802.7,16.909999999999854,12.95453085,0.0261327499999985,0.0,1.0,0.0,0.058441299610773,981.9716249699366
1668202764.3977363,16803.09,0.3899999999994179,12.08669035,-0.8678404999999998,1.0,0.0,981.9944170767836,0.0,981.9944170767836
1668202824.4665377,16803.81,0.7200000000011642,11.20392562,-0.8827647299999999,1.0,0.0,981.9944170767836,0.0,981.9944170767836
1668202884.440422,16814.0,10.18999999999869,11.86448375,0.6605581300000001,0.0,1.0,0.0,0.0584033791528954,981.9944170767836
1668202944.333598,16803.29,-10.709999999999129,10.11687227,-1.7476114799999998,1.0,0.0,981.368916886056,0.0,981.368916886056
1668203004.4407,16817.87,14.579999999998108,11.37293313,1.2560608599999998,0.0,1.0,0.0,0.0583527472198355,981.368916886056
1668203064.4150455,16829.9,12.030000000002474,12.80376791,1.4308347799999996,0.0,1.0,0.0,0.0583527472198355,982.0709004351096
1668203124.432072,16818.38,-11.520000000000437,11.56741429,-1.2363536199999992,1.0,0.0,981.398676787137,0.0,981.398676787137
1668203244.4352753,16800.44,-17.94000000000233,6.39533088,-5.17208341,1.0,0.0,981.398676787137,0.0,981.398676787137
1668203304.7560444,16802.51,2.069999999999709,5.89330645,-0.5020244300000005,1.0,0.0,981.398676787137,0.0,981.398676787137
1668203364.4974306,16818.26,15.75,7.43115833,1.5378518799999998,0.0,1.0,0.0,0.0583531635726369,981.398676787137
1668203424.457576,16816.56,-1.6999999999970896,7.47570802,0.0445496900000002,0.0,1.0,0.0,0.0583531635726369,981.2994764090628
1668203484.4433694,16803.49,-13.069999999999707,5.53281101,-1.9428970100000005,1.0,0.0,980.5368005611684,0.0,980.5368005611684
1668203544.4574034,16808.38,4.889999999999418,5.45567721,-0.0771337999999994,1.0,0.0,980.5368005611684,0.0,980.5368005611684
1668203604.4435246,16807.76,-0.6200000000026193,4.78890802,-0.6667691900000001,1.0,0.0,980.5368005611684,0.0,980.5368005611684
1668203664.9120526,16822.11,14.350000000002185,6.29686232,1.5079542999999995,0.0,1.0,0.0,0.0582885738210705,980.5368005611684
1668203724.4030457,16820.02,-2.090000000000145,6.35173244,0.0548701200000003,0.0,1.0,0.0,0.0582885738210705,980.4149774418822
1668203784.332038,16789.71,-30.31000000000131,2.16826434,-4.183468100000001,1.0,0.0,978.6482507693656,0.0,978.6482507693656
1668203844.352418,16788.39,-1.319999999999709,0.57366996,-1.5945943799999998,1.0,0.0,978.6482507693656,0.0,978.6482507693656
1668203904.4057102,16790.96,2.569999999999709,-0.23639274,-0.8100627,1.0,0.0,978.6482507693656,0.0,978.6482507693656
1668203964.5171134,16803.44,12.479999999999563,0.83868874,1.07508148,0.0,1.0,0.0,0.0582409465424559,978.6482507693656
1668204024.4229426,16804.07,0.6300000000010186,0.81883371,-0.0198550299999999,1.0,0.0,978.6849425656868,0.0,978.6849425656868
1668204084.3741467,16822.14,18.06999999999971,3.44471118,2.62587747,0.0,1.0,0.0,0.058178385304467,978.6849425656868
1668204144.8346868,16838.04,15.900000000001455,6.60393009,3.1592189100000003,0.0,1.0,0.0,0.058178385304467,979.6099788920276
1668204204.3947122,16844.22,6.180000000000291,8.64262562,2.03869553,0.0,1.0,0.0,0.058178385304467,979.9695213132092
1668204264.4304838,16825.06,-19.15999999999985,7.18602445,-1.4566011700000008,1.0,0.0,978.8548234507756,0.0,978.8548234507756
1668204324.3880832,16807.98,-17.080000000001746,4.79213246,-2.39389199,1.0,0.0,978.8548234507756,0.0,978.8548234507756
1668204384.5064228,16823.14,15.159999999999854,6.02563692,1.2335044599999998,0.0,1.0,0.0,0.0581850251172358,978.8548234507756
1668204444.4882586,16812.74,-10.399999999997815,4.6159742,-1.40966272,1.0,0.0,978.2496991895551,0.0,978.2496991895551
1668204504.4058232,16851.23,38.48999999999796,9.29151156,4.67553736,0.0,1.0,0.0,0.0580521243368914,978.2496991895551
1668204564.4611824,16867.5,16.270000000000437,12.9380995,3.64658794,0.0,1.0,0.0,0.0580521243368914,979.1942072525156
1668204624.535741,16837.83,-29.669999999998254,10.25728433,-2.6808151700000007,1.0,0.0,977.4718007234402,0.0,977.4718007234402
1668204685.1705415,16847.53,9.69999999999709,11.39998843,1.142704100000001,0.0,1.0,0.0,0.0580187007070734,977.4718007234402
1668204744.4606493,16863.05,15.520000000000437,13.83004378,2.43005535,0.0,1.0,0.0,0.0580187007070734,978.372250958414
1668204804.434625,16855.38,-7.669999999998254,13.37005069,-0.4599930900000011,1.0,0.0,977.9272475239908,0.0,977.9272475239908
1668204864.474891,16854.92,-0.4600000000027648,13.34663575,-0.0234149399999985,1.0,0.0,977.9272475239908,0.0,977.9272475239908
1668204924.4623578,16846.67,-8.25,11.95247496,-1.3941607900000008,1.0,0.0,977.9272475239908,0.0,977.9272475239908
1668204984.4114535,16863.51,16.840000000000146,13.70763762,1.75516266,0.0,1.0,0.0,0.057990729541121,977.9272475239908
1668205044.4594245,16884.79,21.28000000000248,16.77447176,3.066834140000001,0.0,1.0,0.0,0.057990729541121,979.1612902486244
1668205104.510351,16894.36,9.569999999999707,19.11647618,2.3420044199999985,0.0,1.0,0.0,0.057990729541121,979.716261530333
1668205164.421161,16899.47,5.110000000000582,20.85964551,1.7431693300000006,0.0,1.0,0.0,0.057990729541121,980.0125941582882
1668205224.4550889,16893.12,-6.350000000002183,20.8470076,-0.0126379099999986,1.0,0.0,979.644353025702,0.0,979.644353025702
1668205284.413295,16884.81,-8.309999999997672,19.75157434,-1.09543326,1.0,0.0,979.644353025702,0.0,979.644353025702
1668205344.4770296,16876.25,-8.56000000000131,17.97004768,-1.7815266600000008,1.0,0.0,979.644353025702,0.0,979.644353025702
1668205404.400669,16880.61,4.360000000000582,17.43643507,-0.5336126099999987,1.0,0.0,979.644353025702,0.0,979.644353025702
1668205464.4502113,16889.62,9.0099999999984,17.97112917,0.5346940999999994,0.0,1.0,0.0,0.05800274683656,979.644353025702
1668205524.4753726,16892.15,2.530000000002474,17.91415205,-0.0569771200000026,1.0,0.0,979.7910999751972,0.0,979.7910999751972
1668205584.4861238,16887.87,-4.280000000002474,16.90220682,-1.0119452299999985,1.0,0.0,979.7910999751972,0.0,979.7910999751972
1668205644.8380916,16885.29,-2.5799999999981083,15.92916802,-0.9730387999999994,1.0,0.0,979.7910999751972,0.0,979.7910999751972
1668205704.5186954,16892.86,7.569999999999709,16.03026004,0.1010920200000011,0.0,1.0,0.0,0.0580003090048219,979.7910999751972
1668205764.5299778,16895.48,2.6199999999989814,15.98034765,-0.0499123900000011,1.0,0.0,979.9430607847884,0.0,979.9430607847884
1668205824.5867,16891.02,-4.459999999999127,14.88365555,-1.0966921000000005,1.0,0.0,979.9430607847884,0.0,979.9430607847884
1668205884.531057,16897.18,6.159999999999855,15.00435022,0.1206946699999989,0.0,1.0,0.0,0.0579944736805069,979.9430607847884
1668205944.517574,16895.42,-1.7600000000020373,14.20050954,-0.8038406799999986,1.0,0.0,979.8409905111098,0.0,979.8409905111098
1668206004.4916868,16915.58,20.16000000000349,16.46375678,2.26324724,0.0,1.0,0.0,0.0579253558264694,979.8409905111098
1668206064.487079,16908.03,-7.55000000000291,15.62659333,-0.8371634500000003,1.0,0.0,979.4036540746192,0.0,979.4036540746192
1668206124.475124,16889.93,-18.099999999998545,12.80269953,-2.8238938000000005,1.0,0.0,979.4036540746192,0.0,979.4036540746192
1668206184.4705374,16874.21,-15.720000000001164,9.43405335,-3.3686461800000007,1.0,0.0,979.4036540746192,0.0,979.4036540746192
1668206244.4756143,16858.38,-15.829999999998108,5.43636612,-3.99768723,1.0,0.0,979.4036540746192,0.0,979.4036540746192
1668206304.5129137,16860.08,1.7000000000007276,3.38450601,-2.05186011,1.0,0.0,979.4036540746192,0.0,979.4036540746192
1668206364.8693287,16875.74,15.659999999999854,3.84584088,0.4613348699999999,0.0,1.0,0.0,0.058036190061865,979.4036540746192
1668206424.485352,16857.89,-17.850000000002183,0.8055174,-3.04032348,1.0,0.0,978.3677080820132,0.0,978.3677080820132
1668206484.547606,16870.82,12.930000000000293,1.211502,0.4059846,0.0,1.0,0.0,0.0579917104255758,978.3677080820132
1668206544.566582,16886.8,15.979999999999563,2.96970847,1.75820647,0.0,1.0,0.0,0.0579917104255758,979.2944156146134
1668206604.4850082,16929.97,43.17000000000189,9.41412962,6.44442115,0.0,1.0,0.0,0.0579917104255758,981.7979177536856
1668206664.4468462,16957.45,27.479999999999563,15.47037131,6.05624169,0.0,1.0,0.0,0.0579917104255758,983.3915299561804
1668206724.6091468,16900.56,-56.88999999999942,10.38084742,-5.089523890000001,1.0,0.0,980.0923815500694,0.0,980.0923815500694
1668206784.5147865,16905.45,4.889999999999418,10.40567902,0.0248315999999988,0.0,1.0,0.0,0.0579749359851449,980.0923815500694
1668206844.643368,16909.66,4.209999999999127,10.59304386,0.1873648400000007,0.0,1.0,0.0,0.0579749359851449,980.3364560305652
1668206904.5311377,16926.82,17.159999999999854,12.98207024,2.3890263800000007,0.0,1.0,0.0,0.0579749359851449,981.3313059320704
1668206964.5698924,16912.58,-14.239999999997965,11.63172977,-1.3503404700000008,1.0,0.0,980.505742843642,0.0,980.505742843642
1668207024.5906954,16909.07,-3.5100000000020373,10.85049843,-0.7812313399999997,1.0,0.0,980.505742843642,0.0,980.505742843642
1668207084.567402,16901.77,-7.299999999999272,9.07105366,-1.7794447699999996,1.0,0.0,980.505742843642,0.0,980.505742843642
1668207145.129519,16890.35,-11.420000000001892,6.63356739,-2.437486270000001,1.0,0.0,980.505742843642,0.0,980.505742843642
1668207204.594525,16901.71,11.360000000000582,6.84100783,0.20744044,0.0,1.0,0.0,0.058012221416865,980.505742843642
1668207264.6050262,16923.87,22.15999999999985,9.47935828,2.63835045,0.0,1.0,0.0,0.058012221416865,981.7912936702388
1668207324.8247063,16943.67,19.799999999999272,12.71927969,3.239921410000001,0.0,1.0,0.0,0.058012221416865,982.9399356542928
1668207384.5350046,16956.34,12.670000000001892,15.66630338,2.94702369,0.0,1.0,0.0,0.058012221416865,983.6749504996446
1668207444.4887342,16974.8,18.459999999999127,19.6032884,3.93698502,0.0,1.0,0.0,0.058012221416865,984.745856107
1668207504.7292836,16952.35,-22.450000000000728,18.04055971,-1.56272869,1.0,0.0,983.4434817361912,0.0,983.4434817361912
1668207564.519691,16934.61,-17.739999999997963,15.54141788,-2.499141830000001,1.0,0.0,983.4434817361912,0.0,983.4434817361912
1668207624.9499178,16922.96,-11.650000000001455,12.81936127,-2.722056609999999,1.0,0.0,983.4434817361912,0.0,983.4434817361912
1668207684.5725265,16925.0,2.040000000000873,11.6827288,-1.1366324700000003,1.0,0.0,983.4434817361912,0.0,983.4434817361912
1668207744.6257596,16945.48,20.479999999999563,13.42667308,1.743944280000001,0.0,1.0,0.0,0.0580357406067099,983.4434817361912
1668207804.5339024,16962.49,17.010000000002037,15.63647894,2.2098058599999995,0.0,1.0,0.0,0.0580357406067099,984.4306696839108
1668207864.570743,16957.43,-5.06000000000131,15.40878384,-0.2276951,1.0,0.0,984.1370088364408,0.0,984.1370088364408
1668207924.7099686,16945.24,-12.18999999999869,13.87335796,-1.53542588,1.0,0.0,984.1370088364408,0.0,984.1370088364408
1668207984.6691737,16933.0,-12.2400000000016,11.45138073,-2.4219772299999995,1.0,0.0,984.1370088364408,0.0,984.1370088364408
1668208044.5311208,16915.04,-17.959999999999127,7.64944365,-3.80193708,1.0,0.0,984.1370088364408,0.0,984.1370088364408
1668208104.8195417,16914.31,-0.7299999999995634,5.60284114,-2.0466025100000005,1.0,0.0,984.1370088364408,0.0,984.1370088364408
1668208164.5925822,16895.94,-18.37000000000262,1.3843233,-4.21851784,1.0,0.0,984.1370088364408,0.0,984.1370088364408
1668208224.905676,16892.04,-3.899999999997817,-1.21903986,-2.60336316,1.0,0.0,984.1370088364408,0.0,984.1370088364408
1668208284.4866254,16883.8,-8.2400000000016,-4.41958512,-3.20054526,1.0,0.0,984.1370088364408,0.0,984.1370088364408
1668208344.6478534,16887.08,3.280000000002474,-5.68737657,-1.2677914499999998,1.0,0.0,984.1370088364408,0.0,984.1370088364408
1668208404.6676457,16894.3,7.219999999997526,-5.87895758,-0.1915810100000001,1.0,0.0,984.1370088364408,0.0,984.1370088364408
1668208464.7209337,16904.34,10.040000000000871,-4.99402695,0.8849306299999995,0.0,1.0,0.0,0.0582180084425917,984.1370088364408
1668208524.6629856,16896.08,-8.2599999999984,-5.92315234,-0.9291253899999994,1.0,0.0,983.6561280867048,0.0,983.6561280867048
1668208584.8854656,16876.38,-19.700000000000728,-8.96969353,-3.046541190000001,1.0,0.0,983.6561280867048,0.0,983.6561280867048
1668208645.360279,16873.49,-2.889999999999418,-10.43166364,-1.461970109999999,1.0,0.0,983.6561280867048,0.0,983.6561280867048
1668208705.3406062,16854.03,-19.460000000002765,-14.02849296,-3.5968293199999994,1.0,0.0,983.6561280867048,0.0,983.6561280867048
1668208765.3133116,16849.23,-4.799999999999272,-16.14895258,-2.12045962,1.0,0.0,983.6561280867048,0.0,983.6561280867048
1668208826.2668304,16858.62,9.389999999999418,-15.91509341,0.2338591699999987,0.0,1.0,0.0,0.0583473693627773,983.6561280867048
1668208886.2396083,16874.46,15.840000000000146,-13.98318954,1.931903870000001,0.0,1.0,0.0,0.0583473693627773,984.580350417411
1668208946.1896102,16884.79,10.330000000001746,-11.67920355,2.30398599,0.0,1.0,0.0,0.0583473693627773,985.1830787429284
1668209007.3809366,16902.75,17.959999999999127,-8.01086311,3.66834044,0.0,1.0,0.0,0.0583473693627773,986.230997496684
1668209067.4843905,16889.4,-13.349999999998545,-8.05519544,-0.0443323299999995,1.0,0.0,985.452060115691,0.0,985.452060115691
1668209127.3928382,16904.0,14.599999999998545,-5.09987108,2.9553243600000005,0.0,1.0,0.0,0.0582969746873929,985.452060115691
1668209188.2985437,16894.2,-9.799999999999272,-4.94348938,0.1563816999999998,0.0,1.0,0.0,0.0582969746873929,984.8807497637532
1668209248.3452184,16893.15,-1.0499999999992724,-4.38244196,0.5610474199999995,0.0,1.0,0.0,0.0582969746873929,984.8195379403314
1668209308.288939,16883.97,-9.180000000000293,-5.12501571,-0.7425737499999991,1.0,0.0,984.2843717127012,0.0,984.2843717127012
1668209369.1827798,16867.7,-16.270000000000437,-7.37462188,-2.2496061700000007,1.0,0.0,984.2843717127012,0.0,984.2843717127012
1668209429.1951504,16864.21,-3.4900000000016007,-8.5295809,-1.1549590199999988,1.0,0.0,984.2843717127012,0.0,984.2843717127012
1668209489.2923934,16885.03,20.81999999999971,-6.05463677,2.474944129999999,0.0,1.0,0.0,0.0582933149489637,984.2843717127012
1668209550.2192807,16875.62,-9.409999999999854,-6.80116373,-0.7465269599999997,1.0,0.0,983.7358316190308,0.0,983.7358316190308
1668209610.1678183,16876.88,1.2600000000020373,-6.6451624,0.1560013299999996,0.0,1.0,0.0,0.0582889628663017,983.7358316190308
1668209670.3035104,16877.41,0.5299999999988358,-6.2130127,0.4321497000000001,0.0,1.0,0.0,0.0582889628663017,983.7667247693488
1668209731.057813,16880.5,3.090000000000145,-5.53556884,0.6774438600000003,0.0,1.0,0.0,0.0582889628663017,983.9468376646058
1668209791.1041975,16900.15,19.65000000000145,-2.48703087,3.04853797,0.0,1.0,0.0,0.0582889628663017,985.0922157849288
1668209851.0796928,16900.47,0.3199999999997089,-1.12123807,1.3657928,0.0,1.0,0.0,0.0582889628663017,985.110868253046
1668209911.854704,16921.33,20.860000000000586,2.76786193,3.8891,0.0,1.0,0.0,0.0582889628663017,986.326776018437
1668209972.344669,16933.6,12.2699999999968,6.33848732,3.57062539,0.0,1.0,0.0,0.0582889628663017,987.0419815928065
1668210031.950292,16961.97,28.37000000000262,12.30733741,5.968850090000001,0.0,1.0,0.0,0.0582889628663017,988.6956394693236
1668210092.7320397,16985.46,23.489999999997963,18.39102661,6.0836892,0.0,1.0,0.0,0.0582889628663017,990.0648472070528
1668210152.6884615,16962.01,-23.450000000000728,18.06502551,-0.3260010999999991,1.0,0.0,988.697971027838,0.0,988.697971027838
1668210212.7285018,16924.0,-38.0099999999984,13.79741638,-4.267609130000002,1.0,0.0,988.697971027838,0.0,988.697971027838
1668210273.996522,16922.87,-1.1300000000010186,12.51247857,-1.2849378099999988,1.0,0.0,988.697971027838,0.0,988.697971027838
1668210333.7578902,16919.59,-3.279999999998836,10.97012403,-1.5423545400000016,1.0,0.0,988.697971027838,0.0,988.697971027838
1668210393.7603135,16922.89,3.2999999999992724,10.16408392,-0.8060401099999996,1.0,0.0,988.697971027838,0.0,988.697971027838
1668210454.8228977,16955.15,32.26000000000204,14.12527097,3.961187050000001,0.0,1.0,0.0,0.0583125463961001,988.697971027838
1668210514.9461606,16971.93,16.779999999998836,17.11259753,2.987326559999998,0.0,1.0,0.0,0.0583125463961001,989.6764555563632
1668210574.8599432,16984.97,13.040000000000871,20.15395473,3.0413572,0.0,1.0,0.0,0.0583125463961001,990.4368511613684
1668210635.645038,17002.52,17.549999999999272,23.97302805,3.819073320000001,0.0,1.0,0.0,0.0583125463961001,991.46023635062
1668210696.2702749,16994.53,-7.990000000001601,24.30056793,0.3275398799999998,0.0,1.0,0.0,0.0583125463961001,990.9943191049148
1668210755.6113722,17016.17,21.63999999999941,28.00621179,3.705643859999999,0.0,1.0,0.0,0.0583125463961001,992.2562026089264
1668210816.6850889,17094.29,78.12000000000262,40.28108353,12.274871739999998,0.0,1.0,0.0,0.0583125463961001,996.81157873339
1668210876.6305888,17123.17,28.87999999999738,48.81842099,8.537337460000003,0.0,1.0,0.0,0.0583125463961001,998.4956450733092
1668210936.6708667,17090.46,-32.70999999999913,48.34005698,-0.4783640099999999,1.0,0.0,996.5882416806928,0.0,996.5882416806928
1668210997.6527472,17066.41,-24.049999999999272,46.05897707,-2.2810799100000025,1.0,0.0,996.5882416806928,0.0,996.5882416806928
1668211057.6787715,17053.26,-13.150000000001455,43.27224415,-2.7867329199999986,1.0,0.0,996.5882416806928,0.0,996.5882416806928
1668211117.6465209,17070.22,16.960000000002765,43.93577557,0.6635314199999982,0.0,1.0,0.0,0.0583816870362943,996.5882416806928
1668211178.8263628,17068.31,-1.9099999999998545,42.72903781,-1.2067377599999958,1.0,0.0,996.4767326584524,0.0,996.4767326584524
1668211238.4924006,17069.98,1.6699999999982538,41.56679748,-1.162240330000003,1.0,0.0,996.4767326584524,0.0,996.4767326584524
1668211298.4801736,17050.54,-19.43999999999869,37.22997722,-4.336820259999996,1.0,0.0,996.4767326584524,0.0,996.4767326584524
1668211359.587136,17076.63,26.090000000000146,38.65281549,1.4228382699999995,0.0,1.0,0.0,0.0583532425694327,996.4767326584524
1668211419.5760632,17110.34,33.70999999999913,42.19680678,3.543991290000001,0.0,1.0,0.0,0.0583532425694327,998.4438204654672
1668211479.6390653,17074.05,-36.29000000000087,37.16389051,-5.032916270000001,1.0,0.0,996.3261812926224,0.0,996.3261812926224
1668211540.4281104,17072.08,-1.9699999999975264,34.8799491,-2.283941410000004,1.0,0.0,996.3261812926224,0.0,996.3261812926224
1668211600.5476246,17054.5,-17.580000000001746,30.19243704,-4.687512059999996,1.0,0.0,996.3261812926224,0.0,996.3261812926224
1668211660.5382636,17036.77,-17.729999999999563,24.70125983,-5.49117721,1.0,0.0,996.3261812926224,0.0,996.3261812926224
1668211721.4334283,17052.84,16.06999999999971,23.0114066,-1.6898532300000009,1.0,0.0,996.3261812926224,0.0,996.3261812926224
1668211781.648088,17017.57,-35.27000000000044,17.3034518,-5.7079548,1.0,0.0,996.3261812926224,0.0,996.3261812926224
1668211841.3706074,17027.34,9.770000000000437,15.46283961,-1.8406121900000016,1.0,0.0,996.3261812926224,0.0,996.3261812926224
1668211902.7323744,17016.31,-11.029999999998836,11.50218021,-3.960659399999999,1.0,0.0,996.3261812926224,0.0,996.3261812926224
1668211962.7827868,17017.21,0.8999999999978172,8.88437005,-2.617810160000001,1.0,0.0,996.3261812926224,0.0,996.3261812926224
1668212022.8491993,17032.19,14.979999999999563,8.43046902,-0.453901029999999,1.0,0.0,996.3261812926224,0.0,996.3261812926224
1668212083.6497066,17012.68,-19.5099999999984,5.07614839,-3.35432063,1.0,0.0,996.3261812926224,0.0,996.3261812926224
1668212143.6685202,16995.49,-17.18999999999869,1.68490228,-3.39124611,1.0,0.0,996.3261812926224,0.0,996.3261812926224
1668212203.697453,16990.3,-5.190000000002328,-2.77535951,-4.46026179,1.0,0.0,996.3261812926224,0.0,996.3261812926224
1668212264.6761837,16967.74,-22.55999999999767,-7.71310161,-4.9377421,1.0,0.0,996.3261812926224,0.0,996.3261812926224
1668212324.6247363,16970.6,2.859999999996944,-9.65440794,-1.9413063300000009,1.0,0.0,996.3261812926224,0.0,996.3261812926224
1668212384.7432575,16974.58,3.9800000000032014,-11.05959593,-1.40518799,1.0,0.0,996.3261812926224,0.0,996.3261812926224
1668212445.6634266,16982.41,7.829999999998108,-11.52002285,-0.4604269199999997,1.0,0.0,996.3261812926224,0.0,996.3261812926224
1668212505.5212526,16973.86,-8.549999999999272,-13.0057046,-1.4856817499999997,1.0,0.0,996.3261812926224,0.0,996.3261812926224
1668212565.4686637,16963.19,-10.670000000001892,-14.80275804,-1.797053440000001,1.0,0.0,996.3261812926224,0.0,996.3261812926224
1668212626.555095,16953.77,-9.419999999998254,-17.04537354,-2.2426154999999994,1.0,0.0,996.3261812926224,0.0,996.3261812926224
1668212686.456875,16953.77,0.0,-17.92992834,-0.8845548000000001,1.0,0.0,996.3261812926224,0.0,996.3261812926224
1668212746.6211846,16940.8,-12.970000000001164,-20.24089069,-2.3109623500000005,1.0,0.0,996.3261812926224,0.0,996.3261812926224
1668212807.3546858,16955.69,14.889999999999418,-19.83719941,0.4036912800000003,0.0,1.0,0.0,0.0587605801528939,996.3261812926224
1668212867.32771,16937.8,-17.889999999999418,-21.16461649,-1.32741708,1.0,0.0,995.2749545136862,0.0,995.2749545136862
1668212927.5406773,16942.54,4.740000000001601,-20.78158528,0.3830312099999986,0.0,1.0,0.0,0.0587441407553817,995.2749545136862
1668212988.2296176,16935.79,-6.75,-21.99284822,-1.2112629399999977,1.0,0.0,994.878431563586,0.0,994.878431563586
1668213048.1650438,16946.05,10.2599999999984,-20.83449592,1.158352300000001,0.0,1.0,0.0,0.0587085740667344,994.878431563586
1668213108.1232016,16952.28,6.229999999999563,-18.85922925,1.97526667,0.0,1.0,0.0,0.0587085740667344,995.2441859800202
1668213169.2245102,16923.94,-28.340000000000146,-20.50850796,-1.6492787100000008,1.0,0.0,993.5803849909688,0.0,993.5803849909688
1668213229.3319914,16932.2,8.260000000002037,-19.64139197,0.8671159899999985,0.0,1.0,0.0,0.0586799343848388,993.5803849909688
1668213289.263106,16933.08,0.8800000000010186,-19.38277292,0.2586190500000001,0.0,1.0,0.0,0.0586799343848388,993.6320233332264
1668213350.110572,16955.93,22.849999999998545,-16.5708297,2.81194322,0.0,1.0,0.0,0.0586799343848388,994.97285983392
1668213410.2477386,16965.83,9.900000000001455,-13.80311106,2.76771864,0.0,1.0,0.0,0.0586799343848388,995.5537911843298
1668213470.1633675,16974.4,8.569999999999709,-10.46873512,3.334375940000001,0.0,1.0,0.0,0.0586799343848388,996.0566782220078
1668213531.0510828,16962.99,-11.409999999999854,-9.8587951,0.6099400199999998,0.0,1.0,0.0,0.0586799343848388,995.3871401706768
1668213590.9570262,16960.02,-2.970000000001164,-9.41139475,0.4474003500000005,0.0,1.0,0.0,0.0586799343848388,995.2128607655538
1668213650.961651,16948.94,-11.080000000001746,-8.96608768,0.4453070700000001,0.0,1.0,0.0,0.0586799343848388,994.5626870925696
1668213712.0460656,16922.06,-26.87999999999738,-11.06318842,-2.09710074,1.0,0.0,992.9853704563054,0.0,992.9853704563054
1668213772.0623956,16910.13,-11.930000000000293,-13.55098651,-2.48779809,1.0,0.0,992.9853704563054,0.0,992.9853704563054
1668213832.102403,16898.01,-12.12000000000262,-16.81667011,-3.265683600000001,1.0,0.0,992.9853704563054,0.0,992.9853704563054
1668213892.8616383,16900.08,2.070000000003347,-18.47484646,-1.658176349999998,1.0,0.0,992.9853704563054,0.0,992.9853704563054
1668213952.89857,16876.5,-23.580000000001743,-21.36382649,-2.8889800300000026,1.0,0.0,992.9853704563054,0.0,992.9853704563054
1668214012.832326,16906.27,29.77000000000044,-19.96372863,1.4000978600000025,0.0,1.0,0.0,0.0587347398602001,992.9853704563054
1668214073.6892886,16916.64,10.36999999999898,-18.2849546,1.6787740299999996,0.0,1.0,0.0,0.0587347398602001,993.5944497086554
1668214133.8963945,16906.71,-9.930000000000293,-17.49786926,0.7870853399999973,0.0,1.0,0.0,0.0587347398602001,993.0112137418436
1668214193.6605358,16925.79,19.080000000001743,-15.48385395,2.0140153100000013,0.0,1.0,0.0,0.0587347398602001,994.1318725783764
1668214254.6312504,16933.07,7.279999999998836,-12.18705053,3.29680342,0.0,1.0,0.0,0.0587347398602001,994.5594614845584
1668214314.9574814,16924.4,-8.669999999998254,-11.44570549,0.7413450400000006,0.0,1.0,0.0,0.0587347398602001,994.0502312899706
1668214374.5835197,16913.63,-10.770000000000437,-11.33622797,0.1094775200000004,0.0,1.0,0.0,0.0587347398602001,993.4176581416764
1668214435.7327363,16905.21,-8.420000000001892,-11.95506725,-0.6188392800000013,1.0,0.0,992.9231116320532,0.0,992.9231116320532
1668214495.6760678,16896.47,-8.739999999997963,-12.43630577,-0.4812385199999998,1.0,0.0,992.9231116320532,0.0,992.9231116320532
1668214555.6597586,16894.89,-1.5800000000017462,-13.68383246,-1.247526689999999,1.0,0.0,992.9231116320532,0.0,992.9231116320532
1668214616.5417032,16867.85,-27.04000000000088,-17.2380352,-3.554202739999999,1.0,0.0,992.9231116320532,0.0,992.9231116320532
1668214676.510834,16878.83,10.9800000000032,-17.96842586,-0.7303906600000012,1.0,0.0,992.9231116320532,0.0,992.9231116320532
1668214736.5601933,16884.83,6.0,-17.57636611,0.3920597500000014,0.0,1.0,0.0,0.0588056327266577,992.9231116320532
1668214797.4601288,16891.69,6.859999999996944,-17.01414905,0.5622170599999983,0.0,1.0,0.0,0.0588056327266577,993.3265182725564
1668214857.9292274,16891.3,-0.3899999999994179,-15.51836778,1.4957812700000002,0.0,1.0,0.0,0.0588056327266577,993.3035840757932
1668214917.3844354,16891.4,0.1000000000021827,-14.54483157,0.9735362100000008,0.0,1.0,0.0,0.0588056327266577,993.309464639066
1668214978.5711076,16893.69,2.289999999997235,-13.96591999,0.5789115799999998,0.0,1.0,0.0,0.0588056327266577,993.44412953801
1668215038.5939882,16896.78,3.090000000000145,-12.78244199,1.1834779999999991,0.0,1.0,0.0,0.0588056327266577,993.6258389431352
1668215098.586645,16893.88,-2.899999999997817,-12.4367977,0.3456442900000009,0.0,1.0,0.0,0.0588056327266577,993.455302608228
1668215159.4356356,16878.08,-15.799999999999272,-13.22633367,-0.7895359700000011,1.0,0.0,992.526173611147,0.0,992.526173611147
1668215219.4275937,16878.64,0.5599999999976717,-13.65230024,-0.4259665699999999,1.0,0.0,992.526173611147,0.0,992.526173611147
1668215279.5271952,16882.47,3.830000000001746,-13.40192916,0.2503710800000007,0.0,1.0,0.0,0.0587903413191995,992.526173611147
1668215340.3578258,16869.84,-12.63000000000102,-13.97931752,-0.5773883600000005,1.0,0.0,991.7836516002844,0.0,991.7836516002844
1668215400.432655,16852.71,-17.13000000000102,-15.47807362,-1.4987560999999996,1.0,0.0,991.7836516002844,0.0,991.7836516002844
1668215460.4402647,16864.85,12.139999999999418,-15.23013908,0.2479345399999992,0.0,1.0,0.0,0.0588077363036306,991.7836516002844
1668215521.5853906,16870.04,5.190000000002328,-13.94591252,1.2842265600000005,0.0,1.0,0.0,0.0588077363036306,992.0888637517004
1668215581.598018,16857.96,-12.080000000001746,-14.4807219,-0.5348093800000004,1.0,0.0,991.3784662971524,0.0,991.3784662971524
1668215641.4878967,16854.05,-3.909999999999856,-15.49437845,-1.0136565499999983,1.0,0.0,991.3784662971524,0.0,991.3784662971524
1668215702.3284144,16857.25,3.200000000000728,-15.64252897,-0.1481505200000015,1.0,0.0,991.3784662971524,0.0,991.3784662971524
1668215762.3714187,16869.91,12.659999999999854,-14.23981339,1.4027155800000006,0.0,1.0,0.0,0.0587660791490382,991.3784662971524
1668215822.2998765,16882.72,12.81000000000131,-11.50152962,2.7382837700000007,0.0,1.0,0.0,0.0587660791490382,992.1312597710502
1668215883.0898209,16886.81,4.0900000000001455,-9.30404884,2.19748078,0.0,1.0,0.0,0.0587660791490382,992.3716130347698
1668215943.0679998,16892.81,6.0,-6.88834251,2.41570633,0.0,1.0,0.0,0.0587660791490382,992.724209509664
1668216003.196974,16887.92,-4.890000000003056,-5.59249225,1.29585026,0.0,1.0,0.0,0.0587660791490382,992.436843382625
1668216064.033151,16891.77,3.850000000002183,-4.03226494,1.56022731,0.0,1.0,0.0,0.0587660791490382,992.663092787349
1668216123.9822178,16891.31,-0.4599999999991269,-3.18460266,0.8476622800000002,0.0,1.0,0.0,0.0587660791490382,992.6360603909404
1668216184.4244063,16893.54,2.2299999999995634,-2.04656884,1.13803382,0.0,1.0,0.0,0.0587660791490382,992.7671087474428
1668216245.056996,16876.65,-16.889999999999418,-3.16288952,-1.1163206799999998,1.0,0.0,991.7745496706156,0.0,991.7745496706156
1668216305.0873485,16887.19,10.539999999997235,-1.67572883,1.4871606899999998,0.0,1.0,0.0,0.0587294007866682,991.7745496706156
1668216365.100283,16892.87,5.680000000000291,0.00574996,1.68147879,0.0,1.0,0.0,0.0587294007866682,992.1081326670836
1668216426.0470767,16902.22,9.350000000002185,1.34114357,1.33539361,0.0,1.0,0.0,0.0587294007866682,992.657252564439
1668216486.062442,16896.06,-6.159999999999855,1.70915926,0.36801569,0.0,1.0,0.0,0.0587294007866682,992.2954794555932
1668216546.0279071,16889.68,-6.380000000001019,1.36654074,-0.34261852,1.0,0.0,991.9207858785742,0.0,991.9207858785742
1668216606.8704076,16879.92,-9.760000000002035,0.41791017,-0.94863057,1.0,0.0,991.9207858785742,0.0,991.9207858785742
1668216666.8571348,16886.12,6.200000000000728,0.11174908,-0.30616109,1.0,0.0,991.9207858785742,0.0,991.9207858785742
1668216727.0997252,16881.16,-4.959999999999127,-0.81292049,-0.92466957,1.0,0.0,991.9207858785742,0.0,991.9207858785742
1668216787.8359876,16869.75,-11.409999999999854,-2.48354126,-1.67062077,1.0,0.0,991.9207858785742,0.0,991.9207858785742
1668216847.114172,16863.12,-6.630000000001019,-4.0018255,-1.5182842399999998,1.0,0.0,991.9207858785742,0.0,991.9207858785742
1668216906.9469807,16853.62,-9.5,-5.56178576,-1.5599602600000004,1.0,0.0,991.9207858785742,0.0,991.9207858785742
1668216966.872881,16825.77,-27.849999999998545,-9.52437647,-3.96259071,1.0,0.0,991.9207858785742,0.0,991.9207858785742
1668217026.9615574,16843.49,17.720000000001164,-10.28357357,-0.7591970999999997,1.0,0.0,991.9207858785742,0.0,991.9207858785742
1668217086.928271,16836.21,-7.280000000002474,-12.24538008,-1.9618065100000008,1.0,0.0,991.9207858785742,0.0,991.9207858785742
1668217146.983044,16827.33,-8.87999999999738,-14.06013109,-1.81475101,1.0,0.0,991.9207858785742,0.0,991.9207858785742
1668217206.8734465,16826.62,-0.7100000000027649,-15.24295215,-1.1828210600000002,1.0,0.0,991.9207858785742,0.0,991.9207858785742
1668217266.8453424,16859.36,32.7400000000016,-12.19203128,3.050920870000001,0.0,1.0,0.0,0.0588350201833624,991.9207858785742
1668217326.9493804,16863.66,4.299999999999272,-10.39565764,1.7963736400000003,0.0,1.0,0.0,0.0588350201833624,992.1737764653612
1668217386.990795,16866.59,2.930000000000291,-9.01758808,1.37806956,0.0,1.0,0.0,0.0588350201833624,992.3461630744983
1668217447.0192578,16882.57,15.979999999999563,-6.06111062,2.9564774599999994,0.0,1.0,0.0,0.0588350201833624,993.2863466970286
1668217507.0255153,16884.28,1.7099999999991269,-3.07689178,2.98421884,0.0,1.0,0.0,0.0588350201833624,993.386954581542
1668217567.018213,16888.46,4.180000000000291,-0.56085636,2.51603542,0.0,1.0,0.0,0.0588350201833624,993.6328849659086
1668217627.0602584,16886.69,-1.7700000000004366,0.26426098,0.82511734,0.0,1.0,0.0,0.0588350201833624,993.528746980184
1668217687.09425,16904.52,17.830000000001746,3.1831018,2.91884082,0.0,1.0,0.0,0.0588350201833624,994.5777753900536
1668217747.054678,16910.81,6.290000000000873,6.24326167,3.06015987,0.0,1.0,0.0,0.0588350201833624,994.9478476670068
1668217807.1240714,16920.94,10.12999999999738,8.94066698,2.69740531,0.0,1.0,0.0,0.0588350201833624,995.5438464214642
1668217867.0784483,16915.96,-4.979999999999563,10.67408758,1.7334206000000003,0.0,1.0,0.0,0.0588350201833624,995.250848020951
1668217927.0357184,16902.45,-13.5099999999984,10.54990194,-0.1241856400000003,1.0,0.0,994.455986898274,0.0,994.455986898274
1668217987.1915565,16906.47,4.020000000000437,10.294804,-0.2550979400000006,1.0,0.0,994.455986898274,0.0,994.455986898274
1668218047.0809608,16909.89,3.4199999999982538,10.56941643,0.2746124300000012,0.0,1.0,0.0,0.0588091339978127,994.455986898274
1668218107.0514443,16908.37,-1.5200000000004366,10.10703304,-0.4623833900000011,1.0,0.0,994.3665970145962,0.0,994.3665970145962
1668218167.2811708,16906.81,-1.5599999999976717,9.72429304,-0.3827400000000001,1.0,0.0,994.3665970145962,0.0,994.3665970145962
1668218227.1128948,16899.49,-7.319999999999709,9.00912802,-0.7151650199999988,1.0,0.0,994.3665970145962,0.0,994.3665970145962
1668218287.2060578,16897.23,-2.2600000000020373,8.05137281,-0.9577552100000002,1.0,0.0,994.3665970145962,0.0,994.3665970145962
1668218347.5495088,16897.2,-0.0299999999988358,7.54981122,-0.5015615900000006,1.0,0.0,994.3665970145962,0.0,994.3665970145962
1668218407.1659143,16896.66,-0.5400000000008731,6.99179914,-0.5580120799999992,1.0,0.0,994.3665970145962,0.0,994.3665970145962
1668218467.2429402,16878.4,-18.2599999999984,4.64469868,-2.34710046,1.0,0.0,994.3665970145962,0.0,994.3665970145962
1668218527.1050532,16869.94,-8.460000000002765,2.2247642,-2.41993448,1.0,0.0,994.3665970145962,0.0,994.3665970145962
1668218587.122697,16859.39,-10.549999999999272,-1.09995836,-3.32472256,1.0,0.0,994.3665970145962,0.0,994.3665970145962
1668218647.207404,16876.71,17.31999999999971,-1.15007211,-0.0501137499999999,1.0,0.0,994.3665970145962,0.0,994.3665970145962
1668218707.0699005,16881.25,4.540000000000873,-1.15609486,-0.00602275,1.0,0.0,994.3665970145962,0.0,994.3665970145962
1668218767.1942687,16891.18,9.930000000000293,-0.53679135,0.6193035100000001,0.0,1.0,0.0,0.0588689835177054,994.3665970145962
1668218827.2114823,16892.64,1.4599999999991269,0.04014817,0.57693952,0.0,1.0,0.0,0.0588689835177054,994.4525457305308
1668218887.0642354,16888.55,-4.0900000000001455,-0.07807977,-0.11822794,1.0,0.0,994.2117715879436,0.0,994.2117715879436
1668218947.116336,16907.17,18.61999999999898,2.22857093,2.3066507,0.0,1.0,0.0,0.0588041506407011,994.2117715879436
1668219007.1849422,16900.26,-6.909999999999855,3.05426637,0.8256954400000001,0.0,1.0,0.0,0.0588041506407011,993.8054349070152
1668219067.4926956,16908.46,8.200000000000728,4.60508741,1.5508210400000002,0.0,1.0,0.0,0.0588041506407011,994.287628942269
1668219127.3043587,16912.14,3.680000000000291,5.29077875,0.68569134,0.0,1.0,0.0,0.0588041506407011,994.5040282166268
1668219187.1776865,16913.55,1.4099999999998545,5.85084776,0.5600690099999994,0.0,1.0,0.0,0.0588041506407011,994.58694206903
1668219247.1447985,16913.9,0.3500000000021828,6.42957708,0.5787293199999999,0.0,1.0,0.0,0.0588041506407011,994.6075235217544
1668219307.1138785,16910.84,-3.0600000000013097,6.21326262,-0.2163144599999995,1.0,0.0,994.427582820794,0.0,994.427582820794
1668219367.211604,16897.46,-13.38000000000102,5.08013858,-1.1331240400000002,1.0,0.0,994.427582820794,0.0,994.427582820794
1668219427.189753,16910.03,12.569999999999707,5.6344124,0.5542738200000006,0.0,1.0,0.0,0.0588069673927718,994.427582820794
1668219487.138689,16929.05,19.02000000000044,7.84718863,2.21277623,0.0,1.0,0.0,0.0588069673927718,995.5460913406034
1668219547.0278373,16933.07,4.020000000000437,9.16880073,1.3216120999999994,0.0,1.0,0.0,0.0588069673927718,995.7824953495224
1668219607.2818427,16948.1,15.029999999998836,11.5239775,2.3551767700000017,0.0,1.0,0.0,0.0588069673927718,996.6663640694358
1668219667.095231,16950.14,2.040000000000873,12.80767984,1.2837023399999996,0.0,1.0,0.0,0.0588069673927718,996.786330282917
1668219727.2526393,16959.5,9.360000000000582,15.17812445,2.37044461,0.0,1.0,0.0,0.0588069673927718,997.3367634977134
1668219787.418426,16965.2,5.700000000000728,17.43298114,2.2548566899999987,0.0,1.0,0.0,0.0588069673927718,997.6719632118522
1668219847.1785872,16960.94,-4.260000000002037,17.70419401,0.2712128699999994,0.0,1.0,0.0,0.0588069673927718,997.4214455307588
1668219907.1352825,16956.08,-4.859999999996944,17.92716471,0.2229707000000012,0.0,1.0,0.0,0.0588069673927718,997.1356436692304
1668219967.1545506,16951.52,-4.56000000000131,16.59074884,-1.3364158699999995,1.0,0.0,996.8674838979192,0.0,996.8674838979192
1668220027.2529986,16964.05,12.529999999998836,17.61331494,1.0225660999999988,0.0,1.0,0.0,0.0587635313441023,996.8674838979192
1668220087.2978945,16985.36,21.31000000000131,20.17266283,2.559347890000001,0.0,1.0,0.0,0.0587635313441023,998.1197347508617
1668220147.1770551,16973.25,-12.110000000000582,19.4428369,-0.7298259300000005,1.0,0.0,997.4081083862844,0.0,997.4081083862844
1668220207.1412938,16966.95,-6.299999999999272,18.8131343,-0.6297025999999981,1.0,0.0,997.4081083862844,0.0,997.4081083862844
1668220267.2758815,16977.74,10.790000000000871,19.60791158,0.7947772799999981,0.0,1.0,0.0,0.0587479905091186,997.4081083862844
1668220327.180861,16980.01,2.2699999999967986,19.35656954,-0.2513420400000008,1.0,0.0,997.5414663247388,0.0,997.5414663247388
1668220387.32435,16960.5,-19.5099999999984,16.90811657,-2.448452969999998,1.0,0.0,997.5414663247388,0.0,997.5414663247388
1668220447.2403164,16940.22,-20.27999999999884,13.48171127,-3.4264053000000008,1.0,0.0,997.5414663247388,0.0,997.5414663247388
1668220507.2153993,16951.79,11.569999999999707,11.92003261,-1.56167866,1.0,0.0,997.5414663247388,0.0,997.5414663247388
1668220567.350594,16959.93,8.139999999999418,11.31695731,-0.6030753000000004,1.0,0.0,997.5414663247388,0.0,997.5414663247388
1668220627.4899857,16954.87,-5.06000000000131,10.16966686,-1.14729045,1.0,0.0,997.5414663247388,0.0,997.5414663247388
1668220687.383535,16961.02,6.150000000001455,10.30979638,0.1401295200000003,0.0,1.0,0.0,0.0588137662902784,997.5414663247388
1668220747.1876876,16960.91,-0.110000000000582,9.74314618,-0.5666501999999998,1.0,0.0,997.5349968104458,0.0,997.5349968104458
1668220807.476821,16948.85,-12.06000000000131,7.82868794,-1.91445824,1.0,0.0,997.5349968104458,0.0,997.5349968104458
1668220867.3684452,16953.74,4.890000000003056,6.86692855,-0.96175939,1.0,0.0,997.5349968104458,0.0,997.5349968104458
1668220927.1338463,16949.22,-4.520000000000437,5.59561133,-1.2713172200000002,1.0,0.0,997.5349968104458,0.0,997.5349968104458
1668220987.2442515,16944.01,-5.210000000002765,4.45323446,-1.1423768699999997,1.0,0.0,997.5349968104458,0.0,997.5349968104458
1668221047.6520047,16947.17,3.1599999999998545,3.82844904,-0.6247854199999998,1.0,0.0,997.5349968104458,0.0,997.5349968104458
1668221107.3668847,16942.42,-4.75,2.67448897,-1.15396007,1.0,0.0,997.5349968104458,0.0,997.5349968104458
1668221167.2367487,16949.48,7.06000000000131,2.08445562,-0.5900333500000001,1.0,0.0,997.5349968104458,0.0,997.5349968104458
1668221227.2985122,16944.63,-4.849999999998545,2.47246947,0.3880138500000001,0.0,1.0,0.0,0.0588702731668054,997.5349968104458
1668221287.237292,16951.11,6.479999999999563,2.30638714,-0.16608233,1.0,0.0,997.9164761805666,0.0,997.9164761805666
1668221347.548964,16950.5,-0.6100000000005821,1.6972198,-0.60916734,1.0,0.0,997.9164761805666,0.0,997.9164761805666
1668221407.1724017,16945.51,-4.990000000001601,0.74748682,-0.94973298,1.0,0.0,997.9164761805666,0.0,997.9164761805666
1668221467.38508,16947.86,2.350000000002183,1.13335278,0.38586596,0.0,1.0,0.0,0.0588815624026022,997.9164761805666
1668221527.2855525,16945.73,-2.130000000001018,0.7986065,-0.33474628,1.0,0.0,997.791058452648,0.0,997.791058452648
1668221587.6333733,16943.28,-2.450000000000728,0.64420948,-0.15439702,1.0,0.0,997.791058452648,0.0,997.791058452648
1668221647.4922545,16944.87,1.5900000000001455,0.57854441,-0.0656650699999999,1.0,0.0,997.791058452648,0.0,997.791058452648
1668221707.1940005,16929.05,-15.819999999999707,-1.0733282,-1.65187261,1.0,0.0,997.791058452648,0.0,997.791058452648
1668221768.0527923,16909.06,-19.989999999997963,-3.9283246,-2.8549964,1.0,0.0,997.791058452648,0.0,997.791058452648
1668221827.573096,16901.21,-7.850000000002183,-6.64273048,-2.71440588,1.0,0.0,997.791058452648,0.0,997.791058452648
1668221887.370684,16900.38,-0.8299999999981083,-8.97105797,-2.3283274900000004,1.0,0.0,997.791058452648,0.0,997.791058452648
1668221947.232061,16898.43,-1.950000000000728,-10.21650212,-1.245444149999999,1.0,0.0,997.791058452648,0.0,997.791058452648
1668222007.4206057,16901.14,2.709999999999127,-11.88196399,-1.6654618699999997,1.0,0.0,997.791058452648,0.0,997.791058452648
1668222067.2571704,16895.5,-5.639999999999418,-13.54226342,-1.6602994300000002,1.0,0.0,997.791058452648,0.0,997.791058452648
1668222127.1942816,16910.41,14.909999999999854,-12.66865642,0.8736069999999998,0.0,1.0,0.0,0.0590045456291508,997.791058452648
1668222187.236301,16903.06,-7.349999999998545,-12.96812745,-0.2994710300000012,1.0,0.0,997.3573750422738,0.0,997.3573750422738
1668222247.4707603,16892.49,-10.569999999999707,-14.0151994,-1.0470719499999994,1.0,0.0,997.3573750422738,0.0,997.3573750422738
1668222307.3252895,16906.17,13.679999999996651,-12.75560312,1.2595962800000002,0.0,1.0,0.0,0.0589936913589697,997.3573750422738
1668222367.33437,16895.32,-10.849999999998545,-12.82073996,-0.0651368399999992,1.0,0.0,996.717293491028,0.0,996.717293491028
1668222427.3378716,16891.17,-4.150000000001455,-14.05445018,-1.2337102200000007,1.0,0.0,996.717293491028,0.0,996.717293491028
1668222487.731491,16863.97,-27.19999999999709,-16.81080859,-2.7563584100000007,1.0,0.0,996.717293491028,0.0,996.717293491028
1668222547.3122733,16868.3,4.329999999998108,-17.07217724,-0.2613686499999978,1.0,0.0,996.717293491028,0.0,996.717293491028
1668222607.4127476,16862.28,-6.020000000000437,-18.31974758,-1.2475703400000029,1.0,0.0,996.717293491028,0.0,996.717293491028
1668222667.5256894,16857.94,-4.3400000000001455,-19.10778924,-0.7880416599999975,1.0,0.0,996.717293491028,0.0,996.717293491028
1668222727.3024423,16838.74,-19.19999999999709,-21.83980883,-2.73201959,1.0,0.0,996.717293491028,0.0,996.717293491028
1668222787.4823534,16876.13,37.38999999999942,-18.80551056,3.0342982700000007,0.0,1.0,0.0,0.0590607736187756,996.717293491028
1668222847.423675,16850.25,-25.88000000000102,-20.43239884,-1.6268882800000029,1.0,0.0,995.1888006697736,0.0,995.1888006697736
1668222908.3460507,16866.62,16.36999999999898,-18.60028825,1.8321105900000028,0.0,1.0,0.0,0.0590034518279165,995.1888006697736
1668222967.3814523,16870.53,3.909999999999856,-17.14873738,1.4515508699999984,0.0,1.0,0.0,0.0590034518279165,995.41950416642
1668223027.4155796,16862.06,-8.469999999997526,-17.28282739,-0.1340900100000013,1.0,0.0,994.9197449294376,0.0,994.9197449294376
1668223087.3798385,16873.69,11.62999999999738,-15.2528282,2.0299991900000016,0.0,1.0,0.0,0.0589627843660419,994.9197449294376
1668223147.3276882,16869.36,-4.329999999998108,-14.50995921,0.7428689899999998,0.0,1.0,0.0,0.0589627843660419,994.6644360731326
1668223207.5146537,16872.39,3.029999999998836,-13.49162224,1.01833697,0.0,1.0,0.0,0.0589627843660419,994.8430933097616
1668223267.4595654,16855.83,-16.55999999999767,-14.01941039,-0.527788150000001,1.0,0.0,993.8666696006602,0.0,993.8666696006602
1668223327.4605875,16863.59,7.759999999998399,-13.28287366,0.736536730000001,0.0,1.0,0.0,0.0589356518748771,993.8666696006602
1668223387.3948903,16857.57,-6.020000000000437,-13.27363053,0.0092431299999997,0.0,1.0,0.0,0.0589356518748771,993.511876976372
1668223447.3228672,16820.97,-36.59999999999855,-16.01275562,-2.73912509,1.0,0.0,991.3548321177516,0.0,991.3548321177516
1668223507.2686725,16796.38,-24.590000000000146,-20.78457127,-4.771815650000001,1.0,0.0,991.3548321177516,0.0,991.3548321177516
1668223567.400843,16823.97,27.590000000000146,-20.81065391,-0.0260826399999984,1.0,0.0,991.3548321177516,0.0,991.3548321177516
1668223627.5448642,16842.0,18.02999999999884,-18.86643551,1.9442184000000005,0.0,1.0,0.0,0.058862061044873,991.3548321177516
1668223687.3764737,16846.94,4.93999999999869,-16.75777474,2.10866077,0.0,1.0,0.0,0.058862061044873,991.6456106993128
1668223747.3721204,16862.91,15.970000000001164,-14.06512064,2.6926540999999986,0.0,1.0,0.0,0.058862061044873,992.5856378141992
1668223807.5333917,16883.66,20.75,-9.20621474,4.8589059,0.0,1.0,0.0,0.058862061044873,993.8070255808803
1668223867.5090685,16867.44,-16.220000000001164,-8.17084897,1.0353657700000003,0.0,1.0,0.0,0.058862061044873,992.8522829507326
1668223927.29775,16851.37,-16.06999999999971,-8.36172508,-0.1908761099999996,1.0,0.0,991.9063696297414,0.0,991.9063696297414
1668223987.4001937,16839.7,-11.669999999998254,-9.73741631,-1.375691230000001,1.0,0.0,991.9063696297414,0.0,991.9063696297414
1668224047.3472662,16862.77,23.06999999999971,-7.69709604,2.0403202700000005,0.0,1.0,0.0,0.0588222676126011,991.9063696297414
1668224107.7567067,16868.35,5.579999999998108,-5.45987234,2.2372236999999995,0.0,1.0,0.0,0.0588222676126011,992.2345978830195
1668224167.287433,16867.43,-0.9199999999982538,-3.85853471,1.6013376300000006,0.0,1.0,0.0,0.0588222676126011,992.1804813968162
1668224227.2698765,16869.65,2.220000000001164,-2.70903188,1.14950283,0.0,1.0,0.0,0.0588222676126011,992.3110668309164
1668224287.2834687,16870.82,1.1699999999982538,-1.94343029,0.7656015899999999,0.0,1.0,0.0,0.0588222676126011,992.3798888840228
1668224347.3168952,16907.67,36.84999999999855,2.35314708,4.29657737,0.0,1.0,0.0,0.0588222676126011,994.5474894455472
1668224407.368409,16896.73,-10.93999999999869,4.62456041,2.27141333,0.0,1.0,0.0,0.0588222676126011,993.9039738378654
1668224467.4066074,16881.99,-14.739999999997965,5.03604642,0.4114860099999999,0.0,1.0,0.0,0.0588222676126011,993.0369336132558
1668224527.3506763,16892.08,10.090000000000146,6.02504812,0.9890017000000002,0.0,1.0,0.0,0.0588222676126011,993.6304502934668
1668224587.271274,16882.51,-9.570000000003349,5.87763196,-0.1474161599999996,1.0,0.0,993.067521192414,0.0,993.067521192414
1668224647.2767613,16864.64,-17.86999999999898,4.44313402,-1.4344979400000009,1.0,0.0,993.067521192414,0.0,993.067521192414
1668224707.2625327,16863.14,-1.5,3.23614679,-1.2069872299999995,1.0,0.0,993.067521192414,0.0,993.067521192414
1668224767.2478635,16884.0,20.860000000000586,4.16369322,0.92754643,0.0,1.0,0.0,0.058817076592775,993.067521192414
1668224827.3925638,16872.56,-11.43999999999869,3.31968671,-0.8440065099999998,1.0,0.0,992.3946538361918,0.0,992.3946538361918
1668224887.3868487,16863.48,-9.080000000001746,1.45649267,-1.86319404,1.0,0.0,992.3946538361918,0.0,992.3946538361918
1668224947.3636658,16857.83,-5.649999999997817,0.28424731,-1.17224536,1.0,0.0,992.3946538361918,0.0,992.3946538361918
1668225007.699005,16861.65,3.819999999999709,-0.98511954,-1.26936685,1.0,0.0,992.3946538361918,0.0,992.3946538361918
1668225067.4244416,16850.47,-11.180000000000293,-2.79110917,-1.80598963,1.0,0.0,992.3946538361918,0.0,992.3946538361918
1668225127.4364493,16884.32,33.849999999998545,-0.01685727,2.7742519,0.0,1.0,0.0,0.0587761102511793,992.3946538361918
1668225187.3431745,16878.84,-5.479999999999563,1.16114528,1.17800255,0.0,1.0,0.0,0.0587761102511793,992.0725607520152
1668225247.5259504,16903.64,24.799999999999272,4.63065809,3.46951281,0.0,1.0,0.0,0.0587761102511793,993.5302082862444
1668225307.4857423,16901.21,-2.430000000000291,5.14742923,0.5167711400000004,0.0,1.0,0.0,0.0587761102511793,993.387382338334
1668225367.315355,16890.18,-11.029999999998836,5.40979287,0.2623636400000002,0.0,1.0,0.0,0.0587761102511793,992.7390818422635
1668225427.284475,16902.21,12.029999999998836,6.81989264,1.4100997699999995,0.0,1.0,0.0,0.0587761102511793,993.4461584485852
1668225487.923627,16928.58,26.37000000000262,9.74815256,2.9282599199999995,0.0,1.0,0.0,0.0587761102511793,994.996084475909
1668225547.5108497,16911.76,-16.820000000003347,9.86963407,0.1214815100000006,0.0,1.0,0.0,0.0587761102511793,994.007470301484
1668225607.361931,16905.34,-6.419999999998254,9.68968419,-0.1799498800000005,1.0,0.0,993.6301276736716,0.0,993.6301276736716
1668225667.366501,16909.12,3.779999999998836,10.2635242,0.5738400100000014,0.0,1.0,0.0,0.058762970969138,993.6301276736716
1668225727.4863174,16927.09,17.970000000001164,12.30613455,2.0426103499999986,0.0,1.0,0.0,0.058762970969138,994.686098261986
1668225787.469792,16916.62,-10.470000000001164,12.41749267,0.1113581200000002,0.0,1.0,0.0,0.058762970969138,994.0708499559393
1668225847.3377566,16929.52,12.900000000001455,14.10574685,1.6882541799999995,0.0,1.0,0.0,0.058762970969138,994.8288922814412
1668225907.3912048,16910.76,-18.76000000000204,12.88324821,-1.2224986399999995,1.0,0.0,993.72649894606,0.0,993.72649894606
1668225967.7610786,16906.93,-3.829999999998108,11.85151145,-1.0317367599999994,1.0,0.0,993.72649894606,0.0,993.72649894606
1668226027.4575834,16915.78,8.849999999998545,11.28237813,-0.5691333200000006,1.0,0.0,993.72649894606,0.0,993.72649894606
1668226087.3177722,16924.42,8.639999999999418,12.7683374,1.4859592700000004,0.0,1.0,0.0,0.0587155423314985,993.72649894606
1668226147.346156,16917.69,-6.729999999999563,12.25829116,-0.5100462399999994,1.0,0.0,993.3313433461688,0.0,993.3313433461688
1668226207.3992195,16902.98,-14.709999999999129,9.73187551,-2.526415650000001,1.0,0.0,993.3313433461688,0.0,993.3313433461688
1668226267.407446,16892.97,-10.0099999999984,7.59099042,-2.1408850900000003,1.0,0.0,993.3313433461688,0.0,993.3313433461688
1668226327.3536189,16906.74,13.770000000000437,7.18531122,-0.4056791999999998,1.0,0.0,993.3313433461688,0.0,993.3313433461688
1668226387.452635,16924.19,17.44999999999709,8.06760664,0.8822954199999993,0.0,1.0,0.0,0.0586929917086825,993.3313433461688
1668226447.8935263,16906.67,-17.520000000000437,7.0487656,-1.018841039999999,1.0,0.0,992.3030421314312,0.0,992.3030421314312
1668226507.4328392,16899.67,-7.0,5.1425384,-1.9062272,1.0,0.0,992.3030421314312,0.0,992.3030421314312
1668226567.3279915,16880.77,-18.899999999997817,1.43010501,-3.71243339,1.0,0.0,992.3030421314312,0.0,992.3030421314312
1668226627.359904,16852.83,-27.93999999999869,-4.33760515,-5.76771016,1.0,0.0,992.3030421314312,0.0,992.3030421314312
1668226687.3554597,16832.61,-20.220000000001164,-9.07844869,-4.74084354,1.0,0.0,992.3030421314312,0.0,992.3030421314312
1668226747.4385214,16841.75,9.139999999999418,-11.89943084,-2.8209821500000007,1.0,0.0,992.3030421314312,0.0,992.3030421314312
1668226807.4204197,16837.49,-4.259999999998399,-13.46734555,-1.5679147099999984,1.0,0.0,992.3030421314312,0.0,992.3030421314312
1668226867.4748487,16834.67,-2.820000000003347,-15.44461923,-1.9772736800000013,1.0,0.0,992.3030421314312,0.0,992.3030421314312
1668226928.1019175,16801.99,-32.67999999999665,-20.003496,-4.558876769999998,1.0,0.0,992.3030421314312,0.0,992.3030421314312
1668226987.8238385,16803.12,1.1299999999973809,-22.55183011,-2.5483341100000025,1.0,0.0,992.3030421314312,0.0,992.3030421314312
1668227047.8262453,16814.73,11.610000000000582,-23.31499747,-0.7631673600000006,1.0,0.0,992.3030421314312,0.0,992.3030421314312
1668227108.6677094,16820.09,5.360000000000582,-22.97797352,0.3370239500000025,0.0,1.0,0.0,0.0589951089519396,992.3030421314312
1668227168.7137296,16819.39,-0.7000000000007276,-22.64981229,0.3281612299999992,0.0,1.0,0.0,0.0589951089519396,992.2617455551632
1668227228.6709728,16873.29,53.900000000001455,-15.18899931,7.46081298,0.0,1.0,0.0,0.0589951089519396,995.441581927673
1668227289.7138724,16854.01,-19.28000000000248,-13.94913659,1.2398627199999996,0.0,1.0,0.0,0.0589951089519396,994.3041562270796
1668227349.606968,16841.03,-12.979999999999563,-13.05712454,0.89201205,0.0,1.0,0.0,0.0589951089519396,993.5383997128832
1668227410.0974047,16801.49,-39.53999999999724,-16.08349002,-3.026365479999999,1.0,0.0,991.2057331049238,0.0,991.2057331049238
1668227470.5560324,16817.63,16.139999999999418,-17.31304423,-1.22955421,1.0,0.0,991.2057331049238,0.0,991.2057331049238
1668227530.6575356,16813.48,-4.150000000001455,-17.93378307,-0.6207388400000013,1.0,0.0,991.2057331049238,0.0,991.2057331049238
1668227590.546523,16797.44,-16.040000000000873,-20.03158995,-2.0978068800000003,1.0,0.0,991.2057331049238,0.0,991.2057331049238
1668227651.7852285,16788.14,-9.299999999999272,-22.85102454,-2.81943459,1.0,0.0,991.2057331049238,0.0,991.2057331049238
1668227711.7818997,16776.72,-11.419999999998254,-24.61966402,-1.7686394799999974,1.0,0.0,991.2057331049238,0.0,991.2057331049238
1668227771.8398826,16832.57,55.84999999999855,-17.1696946,7.449969419999999,0.0,1.0,0.0,0.058886179181487,991.2057331049238
1668227832.808311,16817.1,-15.470000000001164,-16.74503515,0.42465945,0.0,1.0,0.0,0.058886179181487,990.294763912985
1668227892.7726452,16830.88,13.780000000002474,-13.37728032,3.367754829999999,0.0,1.0,0.0,0.058886179181487,991.106215462106
1668227952.82296,16822.37,-8.510000000002037,-12.58153485,0.79574547,0.0,1.0,0.0,0.058886179181487,990.6050940772716
1668228013.6267672,16825.2,2.8300000000017462,-11.00451709,1.5770177600000004,0.0,1.0,0.0,0.058886179181487,990.7717419643552
1668228073.6911693,16820.92,-4.280000000002474,-10.32676689,0.6777502000000002,0.0,1.0,0.0,0.058886179181487,990.5197091174582
1668228133.6725216,16815.3,-5.619999999998981,-10.3492289,-0.0224620099999999,1.0,0.0,990.1887687904584,0.0,990.1887687904584
1668228194.738515,16807.25,-8.049999999999272,-10.98859504,-0.6393661399999999,1.0,0.0,990.1887687904584,0.0,990.1887687904584
1668228254.7114785,16805.27,-1.979999999999564,-11.14893261,-0.1603375699999993,1.0,0.0,990.1887687904584,0.0,990.1887687904584
1668228314.997554,16823.32,18.049999999999272,-8.43862411,2.7103085,0.0,1.0,0.0,0.0588581070080375,990.1887687904584
1668228375.5452886,16815.48,-7.8400000000001455,-8.43897154,-0.0003474300000014,1.0,0.0,989.7273212315145,0.0,989.7273212315145
1668228435.9158316,16805.65,-9.829999999998108,-9.15565517,-0.7166836299999986,1.0,0.0,989.7273212315145,0.0,989.7273212315145
1668228495.682541,16799.51,-6.140000000003056,-9.92850075,-0.7728455800000003,1.0,0.0,989.7273212315145,0.0,989.7273212315145
1668228556.841996,16794.97,-4.539999999997235,-10.73577231,-0.8072715600000002,1.0,0.0,989.7273212315145,0.0,989.7273212315145
1668228616.7870262,16792.05,-2.920000000001892,-11.34166563,-0.6058933199999998,1.0,0.0,989.7273212315145,0.0,989.7273212315145
1668228677.0072553,16783.44,-8.610000000000582,-12.75178499,-1.4101193600000013,1.0,0.0,989.7273212315145,0.0,989.7273212315145
1668228738.0797143,16779.86,-3.5799999999981083,-13.67801014,-0.9262251499999988,1.0,0.0,989.7273212315145,0.0,989.7273212315145
1668228797.9418783,16789.85,9.989999999997965,-12.5071813,1.1708288400000004,0.0,1.0,0.0,0.0589479549389371,989.7273212315145
1668228858.4338496,16806.28,16.43000000000029,-9.81474198,2.6924393199999983,0.0,1.0,0.0,0.0589479549389371,990.6958361311596
1668228918.8907745,16814.79,8.510000000002037,-7.41730395,2.397438030000001,0.0,1.0,0.0,0.0589479549389371,991.1974832276902
1668228978.9289434,16811.25,-3.540000000000873,-6.4220656,0.9952383500000002,0.0,1.0,0.0,0.0589479549389371,990.9888074672062
1668229038.958831,16792.67,-18.580000000001743,-8.04002582,-1.6179602200000005,1.0,0.0,989.8935544644409,0.0,989.8935544644409
1668229099.721442,16790.24,-2.429999999996653,-8.39830452,-0.3582786999999996,1.0,0.0,989.8935544644409,0.0,989.8935544644409
1668229159.7918143,16770.25,-19.9900000000016,-11.19259249,-2.794287969999999,1.0,0.0,989.8935544644409,0.0,989.8935544644409
1668229219.721032,16766.72,-3.529999999998836,-12.56956773,-1.3769752400000002,1.0,0.0,989.8935544644409,0.0,989.8935544644409
1668229280.736096,16725.81,-40.909999999999854,-19.06766776,-6.49810003,1.0,0.0,989.8935544644409,0.0,989.8935544644409
1668229340.8799274,16723.82,-1.9900000000016007,-21.65176773,-2.5840999700000005,1.0,0.0,989.8935544644409,0.0,989.8935544644409
1668229400.6878998,16703.5,-20.31999999999971,-26.17730865,-4.525540920000001,1.0,0.0,989.8935544644409,0.0,989.8935544644409
1668229462.055836,16727.67,24.169999999998254,-24.7529223,1.424386349999999,0.0,1.0,0.0,0.0591770135628238,989.8935544644409
1668229521.8264563,16758.93,31.26000000000204,-20.44648683,4.30643547,0.0,1.0,0.0,0.0591770135628238,991.7434279084148
1668229582.0769017,16758.37,-0.5600000000013097,-18.84344017,1.6030466600000004,0.0,1.0,0.0,0.0591770135628238,991.7102887808196
1668229643.4625838,16766.89,8.520000000000437,-16.09004183,2.7533983400000004,0.0,1.0,0.0,0.0591770135628238,992.2144769363748
1668229703.5470085,16759.2,-7.68999999999869,-15.44278123,0.647260600000001,0.0,1.0,0.0,0.0591770135628238,991.7594057020768
1668229763.4827664,16749.16,-10.040000000000871,-15.64783627,-0.2050550400000013,1.0,0.0,991.165268485906,0.0,991.165268485906
1668229824.2396417,16731.5,-17.659999999999854,-17.45923144,-1.811395169999999,1.0,0.0,991.165268485906,0.0,991.165268485906
1668229884.2708678,16730.13,-1.3699999999989814,-17.72945552,-0.2702240799999984,1.0,0.0,991.165268485906,0.0,991.165268485906
1668229944.7157934,16724.47,-5.659999999999855,-18.58798576,-0.8585302400000003,1.0,0.0,991.165268485906,0.0,991.165268485906
1668230005.453395,16715.19,-9.280000000002474,-20.01181851,-1.4238327500000023,1.0,0.0,991.165268485906,0.0,991.165268485906
1668230065.576212,16720.63,5.440000000002328,-19.54529489,0.4665236200000002,0.0,1.0,0.0,0.0592779858465803,991.165268485906
1668230125.51465,16703.04,-17.590000000000146,-21.78360995,-2.238315059999998,1.0,0.0,990.1225687148648,0.0,990.1225687148648
1668230186.2809956,16674.49,-28.549999999999272,-26.22556231,-4.441952360000002,1.0,0.0,990.1225687148648,0.0,990.1225687148648
1668230246.2396336,16690.19,15.69999999999709,-25.30086594,0.9246963699999996,0.0,1.0,0.0,0.0593236247589071,990.1225687148648
1668230306.3716908,16707.02,16.830000000001746,-22.99392027,2.306945670000001,0.0,1.0,0.0,0.0593236247589071,991.1209853195562
1668230367.3887172,16761.26,54.23999999999796,-14.31312162,8.68079865,0.0,1.0,0.0,0.0593236247589071,994.3386987264792
1668230427.37928,16742.06,-19.19999999999709,-13.4485709,0.8645507200000004,0.0,1.0,0.0,0.0593236247589071,993.1996851311084
1668230487.2815025,16735.31,-6.75,-12.46208483,0.9864860699999998,0.0,1.0,0.0,0.0593236247589071,992.7992506639856
1668230548.4749522,16747.77,12.459999999999129,-9.24065435,3.2214304800000004,0.0,1.0,0.0,0.0593236247589071,993.5384230284816
1668230608.6081464,16762.0,14.229999999999563,-5.39938801,3.84126634,0.0,1.0,0.0,0.0593236247589071,994.3825982088008
1668230668.3710425,16755.01,-6.990000000001601,-4.23862458,1.1607634300000005,0.0,1.0,0.0,0.0593236247589071,993.967926071736
1668230729.369449,16744.42,-10.590000000000146,-4.39740252,-0.1587779400000002,1.0,0.0,993.3396888855392,0.0,993.3396888855392
1668230789.299757,16734.25,-10.169999999998254,-5.13423524,-0.7368327199999998,1.0,0.0,993.3396888855392,0.0,993.3396888855392
1668230849.2532835,16730.86,-3.389999999999418,-5.52976703,-0.3955317900000006,1.0,0.0,993.3396888855392,0.0,993.3396888855392
1668230910.1530886,16706.02,-24.840000000000146,-9.07808525,-3.5483182200000005,1.0,0.0,993.3396888855392,0.0,993.3396888855392
1668230970.1453595,16697.83,-8.18999999999869,-11.42828942,-2.35020417,1.0,0.0,993.3396888855392,0.0,993.3396888855392
1668231030.119905,16689.93,-7.900000000001455,-13.75127105,-2.3229816299999992,1.0,0.0,993.3396888855392,0.0,993.3396888855392
1668231090.9539366,16720.36,30.43000000000029,-10.54165536,3.20961569,0.0,1.0,0.0,0.0594089893330968,993.3396888855392
1668231151.0008094,16708.68,-11.680000000000293,-11.44013087,-0.8984755100000008,1.0,0.0,992.645791890128,0.0,992.645791890128
1668231211.1647491,16703.53,-5.150000000001455,-12.03171539,-0.5915845199999996,1.0,0.0,992.645791890128,0.0,992.645791890128
1668231272.1521971,16702.26,-1.2700000000004366,-12.21452014,-0.1828047499999989,1.0,0.0,992.645791890128,0.0,992.645791890128
1668231332.118753,16697.18,-5.079999999998108,-12.8585435,-0.6440233600000003,1.0,0.0,992.645791890128,0.0,992.645791890128
1668231392.725168,16721.7,24.52000000000044,-9.51479369,3.3437498100000003,0.0,1.0,0.0,0.0593627317730929,992.645791890128
1668231452.9413457,16711.46,-10.2400000000016,-9.68353111,-0.1687374200000011,1.0,0.0,992.037917516771,0.0,992.037917516771
1668231513.0424545,16731.78,20.31999999999971,-6.3006818,3.38284931,0.0,1.0,0.0,0.0592906383849638,992.037917516771
1668231573.0299916,16722.45,-9.329999999998108,-6.05802625,0.2426555500000002,0.0,1.0,0.0,0.0592906383849638,991.484735860638
1668231633.8336458,16721.27,-1.180000000000291,-5.40966141,0.6483648400000002,0.0,1.0,0.0,0.0592906383849638,991.4147729073436
1668231693.9163594,16722.13,0.8600000000005821,-4.57348459,0.8361768200000004,0.0,1.0,0.0,0.0592906383849638,991.4657628563548
1668231753.921755,16734.47,12.340000000000146,-2.21995191,2.35353268,0.0,1.0,0.0,0.0592906383849638,992.1974093340252
1668231814.9531617,16688.35,-46.12000000000262,-7.64159918,-5.42164727,1.0,0.0,989.4629250917104,0.0,989.4629250917104
1668231875.1494222,16717.35,29.0,-4.82025599,2.8213431900000003,0.0,1.0,0.0,0.0591877854499493,989.4629250917104
1668231935.025956,16719.62,2.270000000000437,-4.04646267,0.7737933199999993,0.0,1.0,0.0,0.0591877854499493,989.5972813646812
1668231995.8556993,16721.99,2.37000000000262,-3.20156146,0.8449012100000002,0.0,1.0,0.0,0.0591877854499493,989.7375564161978
1668232057.214257,16700.75,-21.2400000000016,-5.59279626,-2.3912348,1.0,0.0,988.4804078532408,0.0,988.4804078532408
1668232116.0487916,16671.87,-28.88000000000102,-10.2188442,-4.626047939999999,1.0,0.0,988.4804078532408,0.0,988.4804078532408
1668232177.15581,16669.65,-2.219999999997526,-12.38713846,-2.16829426,1.0,0.0,988.4804078532408,0.0,988.4804078532408
1668232237.590212,16653.06,-16.590000000000146,-15.9981025,-3.6109640400000007,1.0,0.0,988.4804078532408,0.0,988.4804078532408
1668232297.192375,16658.1,5.039999999997235,-16.8949323,-0.8968298000000008,1.0,0.0,988.4804078532408,0.0,988.4804078532408
1668232358.1578171,16673.94,15.840000000000146,-15.4796257,1.415306600000001,0.0,1.0,0.0,0.0592829533903349,988.4804078532408
1668232418.3473015,16664.38,-9.559999999997672,-16.61401662,-1.1343909200000013,1.0,0.0,987.9136628188292,0.0,987.9136628188292
1668232479.0862622,16654.04,-10.340000000000146,-18.24425699,-1.6302403699999992,1.0,0.0,987.9136628188292,0.0,987.9136628188292
1668232539.4499793,16657.08,3.040000000000873,-18.01559826,0.2286587299999993,0.0,1.0,0.0,0.0593089342681207,987.9136628188292
1668232598.8106563,16663.73,6.649999999997817,-17.0318554,0.9837428599999996,0.0,1.0,0.0,0.0593089342681207,988.3080672317108
1668232658.700636,16678.29,14.56000000000131,-14.34878087,2.6830745300000007,0.0,1.0,0.0,0.0593089342681207,989.1716053146548
1668232718.3031323,16676.3,-1.9900000000016007,-13.3267939,1.0219869700000004,0.0,1.0,0.0,0.0593089342681207,989.0535805354612
1668232778.1645582,16690.32,14.020000000000437,-10.17416924,3.1526246600000007,0.0,1.0,0.0,0.0593089342681207,989.8850917939004
1668232838.1381848,16701.86,11.540000000000871,-6.76598952,3.40817972,0.0,1.0,0.0,0.0593089342681207,990.5695168953544
1668232898.137432,16684.28,-17.580000000001746,-7.27900649,-0.5130169700000007,1.0,0.0,989.5268658309208,0.0,989.5268658309208
1668232958.1935222,16678.91,-5.369999999998981,-7.41871313,-0.13970664,1.0,0.0,989.5268658309208,0.0,989.5268658309208
1668233018.110556,16704.9,25.9900000000016,-3.27910542,4.13960771,0.0,1.0,0.0,0.059235725196255,989.5268658309208
1668233078.1150627,16727.64,22.739999999997963,1.48078369,4.75988911,0.0,1.0,0.0,0.059235725196255,990.873886221883
1668233137.988811,16730.5,2.860000000000582,4.15371132,2.67292763,0.0,1.0,0.0,0.059235725196255,991.0433003959442
1668233198.021478,16730.18,-0.3199999999997089,6.15579773,2.0020864099999995,0.0,1.0,0.0,0.059235725196255,991.0243449638816
1668233258.0145178,16717.68,-12.5,5.81157691,-0.3442208199999994,1.0,0.0,990.2838983989284,0.0,990.2838983989284
1668233318.1161857,16724.81,7.130000000001019,7.19029325,1.3787163399999995,0.0,1.0,0.0,0.0592104722504428,990.2838983989284
1668233378.1772504,16736.32,11.5099999999984,9.39820409,2.2079108400000003,0.0,1.0,0.0,0.0592104722504428,990.9654109345308
1668233438.063542,16730.22,-6.099999999998545,9.40116441,0.0029603199999996,0.0,1.0,0.0,0.0592104722504428,990.6042270538032
1668233498.341051,16744.87,14.649999999997815,11.93521519,2.5340507799999994,0.0,1.0,0.0,0.0592104722504428,991.471660472272
1668233558.1266923,16742.53,-2.340000000000145,12.43753879,0.5023236000000004,0.0,1.0,0.0,0.0592104722504428,991.333107967206
1668233618.059981,16752.32,9.790000000000871,14.09944511,1.66190632,0.0,1.0,0.0,0.0592104722504428,991.912778490538
1668233678.1479409,16749.98,-2.340000000000145,14.42004679,0.3206016800000011,0.0,1.0,0.0,0.0592104722504428,991.7742259854718
1668233738.3514802,16746.8,-3.180000000000291,14.20361552,-0.216431270000001,1.0,0.0,991.5859366837154,0.0,991.5859366837154
1668233798.0255277,16753.63,6.830000000001746,15.03643648,0.8328209600000012,0.0,1.0,0.0,0.0591863337487884,991.5859366837152
1668233858.2281928,16745.47,-8.159999999999854,13.93718669,-1.09924979,1.0,0.0,991.1029762003236,0.0,991.1029762003236
1668233918.2943385,16754.76,9.289999999997235,14.71450817,0.7773214799999995,0.0,1.0,0.0,0.0591535167439177,991.1029762003236
1668233979.764573,16756.05,1.2900000000008731,14.78382113,0.0693129599999995,0.0,1.0,0.0,0.0591535167439177,991.1792842369222
1668234062.1081183,16757.25,1.2000000000007276,14.75866021,-0.0251609199999993,1.0,0.0,991.250268457015,0.0,991.250268457015
1668234098.9869778,16758.31,1.0600000000013097,14.58524362,-0.1734165900000004,1.0,0.0,991.250268457015,0.0,991.250268457015
1668234158.762576,16774.25,15.93999999999869,16.5862959,2.00105228,0.0,1.0,0.0,0.0590935671315865,991.250268457015
1668234218.8431494,16765.06,-9.18999999999869,15.726777,-0.8595188999999994,1.0,0.0,990.7071985750756,0.0,990.7071985750756
1668234278.8447227,16766.3,1.2399999999979627,15.50942797,-0.2173490299999994,1.0,0.0,990.7071985750756,0.0,990.7071985750756
1668234338.77079,16781.95,15.650000000001455,17.25780038,1.7483724099999982,0.0,1.0,0.0,0.0590340930925831,990.7071985750756
1668234398.7175045,16753.76,-28.19000000000233,13.50781178,-3.7499885999999982,1.0,0.0,989.0430274907948,0.0,989.0430274907948
1668234458.888201,16723.12,-30.63999999999941,7.93505558,-5.572756200000001,1.0,0.0,989.0430274907948,0.0,989.0430274907948
1668234518.787889,16740.78,17.659999999999854,7.86955196,-0.0655036200000003,1.0,0.0,989.0430274907948,0.0,989.0430274907948
1668234578.8058524,16733.44,-7.3400000000001455,5.42974135,-2.4398106100000003,1.0,0.0,989.0430274907948,0.0,989.0430274907948
1668234638.92405,16742.34,8.900000000001455,5.15662444,-0.2731169099999997,1.0,0.0,989.0430274907948,0.0,989.0430274907948
1668234698.694501,16734.33,-8.0099999999984,3.30156912,-1.85505532,1.0,0.0,989.0430274907948,0.0,989.0430274907948
1668234758.7053883,16753.98,19.649999999997817,5.13698785,1.83541873,0.0,1.0,0.0,0.0590333179036142,989.0430274907948
1668234818.7834806,16769.37,15.389999999999418,7.41577277,2.2787849200000005,0.0,1.0,0.0,0.0590333179036142,989.9515502533308
1668234878.8972511,16751.34,-18.02999999999884,5.64109992,-1.77467285,1.0,0.0,988.8871795315288,0.0,988.8871795315288
1668234939.464135,16756.34,5.0,5.98444517,0.3433452499999996,0.0,1.0,0.0,0.0590157026851644,988.8871795315288
1668234998.733838,16771.41,15.069999999999707,8.00245931,2.018014140000001,0.0,1.0,0.0,0.0590157026851644,989.7765461709932
1668235058.7574246,16777.42,6.009999999998399,9.4000496,1.3975902899999983,0.0,1.0,0.0,0.0590157026851644,990.1312305441307
1668235118.884509,16777.3,-0.1199999999989813,9.94050377,0.5404541700000003,0.0,1.0,0.0,0.0590157026851644,990.1241486598086
1668235178.8920877,16775.41,-1.889999999999418,10.14576436,0.2052605899999999,0.0,1.0,0.0,0.0590157026851644,990.0126089817336
1668235238.8092642,16776.94,1.5299999999988358,10.42474429,0.2789799300000002,0.0,1.0,0.0,0.0590157026851644,990.102903006842
1668235298.7920496,16785.6,8.659999999999854,11.72022628,1.2954819900000007,0.0,1.0,0.0,0.0590157026851644,990.6139789920954
1668235358.783206,16775.39,-10.209999999999129,10.54896015,-1.1712661300000011,1.0,0.0,990.01142866768,0.0,990.01142866768
1668235419.2056088,16755.78,-19.610000000000586,7.37708684,-3.17187331,1.0,0.0,990.01142866768,0.0,990.01142866768
1668235478.8031163,16759.29,3.5100000000020373,6.52972893,-0.8473579099999995,1.0,0.0,990.01142866768,0.0,990.01142866768
1668235538.7726643,16753.08,-6.209999999999127,4.6941974,-1.83553153,1.0,0.0,990.01142866768,0.0,990.01142866768
1668235598.8248372,16767.12,14.039999999997235,5.57545895,0.8812615499999996,0.0,1.0,0.0,0.0590448108361889,990.01142866768
1668235658.839527,16763.51,-3.610000000000582,4.81455659,-0.7609023600000002,1.0,0.0,989.7982769005608,0.0,989.7982769005608
1668235718.8676083,16775.05,11.540000000000871,6.02048756,1.2059309700000007,0.0,1.0,0.0,0.0590041923511739,989.7982769005608
1668235778.804974,16769.52,-5.529999999998836,5.39371702,-0.6267705399999999,1.0,0.0,989.4719837168576,0.0,989.4719837168576
1668235838.9290977,16762.46,-7.06000000000131,4.25469537,-1.13902165,1.0,0.0,989.4719837168576,0.0,989.4719837168576
1668235898.9344196,16766.23,3.770000000000437,4.22112149,-0.0335738800000005,1.0,0.0,989.4719837168576,0.0,989.4719837168576
1668235958.9273524,16757.01,-9.220000000001164,2.60772798,-1.61339351,1.0,0.0,989.4719837168576,0.0,989.4719837168576
1668236018.8533952,16754.05,-2.959999999999127,1.50687442,-1.10085356,1.0,0.0,989.4719837168576,0.0,989.4719837168576
1668236078.9301684,16757.45,3.400000000001455,1.25598441,-0.25089001,1.0,0.0,989.4719837168576,0.0,989.4719837168576
1668236138.903313,16785.41,27.959999999999127,4.78635185,3.53036744,0.0,1.0,0.0,0.058948335710409,989.4719837168576
1668236198.8428009,16781.65,-3.7599999999983993,5.21875515,0.4324032999999998,0.0,1.0,0.0,0.058948335710409,989.2503379745852
1668236258.927455,16770.43,-11.220000000001164,4.14697064,-1.0717845099999996,1.0,0.0,988.5889376479143,0.0,988.5889376479143
1668236318.908723,16770.64,0.2099999999991268,3.92440729,-0.2225633500000001,1.0,0.0,988.5889376479143,0.0,988.5889376479143
1668236378.8422391,16762.86,-7.779999999998836,2.71162205,-1.21278524,1.0,0.0,988.5889376479143,0.0,988.5889376479143
1668236438.922766,16760.67,-2.1900000000023283,1.83190668,-0.87971537,1.0,0.0,988.5889376479143,0.0,988.5889376479143
1668236498.9232311,16766.73,6.06000000000131,2.13844995,0.3065432700000001,0.0,1.0,0.0,0.0589613441409216,988.5889376479143
1668236558.927837,16774.55,7.819999999999709,3.00828043,0.8698304800000001,0.0,1.0,0.0,0.0589613441409216,989.0500153590964
1668236618.8547878,16775.02,0.4700000000011641,3.30693289,0.29865246,0.0,1.0,0.0,0.0589613441409216,989.0777271908428
1668236678.8847015,16781.55,6.529999999998836,4.39695631,1.09002342,0.0,1.0,0.0,0.0589613441409216,989.4627447680828
1668236738.9277706,16793.86,12.31000000000131,6.46084527,2.06388896,0.0,1.0,0.0,0.0589613441409216,990.1885589144576
1668236798.815775,16792.29,-1.569999999999709,7.14393595,0.6830906800000003,0.0,1.0,0.0,0.0589613441409216,990.0959896041564
1668236858.8885565,16804.88,12.590000000000146,9.41683699,2.27290104,0.0,1.0,0.0,0.0589613441409216,990.8383129268906
1668236918.8393762,16796.06,-8.819999999999709,9.05659977,-0.3602372200000001,1.0,0.0,990.3182738715676,0.0,990.3182738715676
1668236978.9640553,16792.48,-3.5800000000017462,8.71632134,-0.3402784299999997,1.0,0.0,990.3182738715676,0.0,990.3182738715676
1668237038.8701787,16824.25,31.77000000000044,13.06522458,4.34890324,0.0,1.0,0.0,0.0588625510124711,990.3182738715676
1668237098.9789877,16811.15,-13.099999999998545,12.48613603,-0.5790885499999998,1.0,0.0,989.5471744533036,0.0,989.5471744533036
1668237158.9796145,16826.81,15.659999999999854,14.92262195,2.436485919999999,0.0,1.0,0.0,0.0588077701271544,989.5471744533036
1668237218.9027517,16803.7,-23.110000000000586,12.49592965,-2.426692299999999,1.0,0.0,988.1881268856644,0.0,988.1881268856644
1668237278.9525883,16804.74,1.0400000000008731,12.0122904,-0.4836392500000013,1.0,0.0,988.1881268856644,0.0,988.1881268856644
1668237338.862831,16803.03,-1.7100000000027649,11.21734446,-0.7949459399999999,1.0,0.0,988.1881268856644,0.0,988.1881268856644
1668237399.1457376,16826.34,23.31000000000131,13.78934998,2.572005520000001,0.0,1.0,0.0,0.0587286437148937,988.1881268856644
1668237458.856943,16805.38,-20.959999999999127,11.28846399,-2.5008859900000004,1.0,0.0,986.9571745134004,0.0,986.9571745134004
1668237518.9937997,16798.0,-7.380000000001019,9.3418585,-1.94660549,1.0,0.0,986.9571745134004,0.0,986.9571745134004
1668237579.0287938,16804.63,6.630000000001019,9.15896855,-0.1828899499999998,1.0,0.0,986.9571745134004,0.0,986.9571745134004
1668237638.8482249,16829.27,24.63999999999941,12.01233918,2.853370629999999,0.0,1.0,0.0,0.0586452754346088,986.9571745134004
1668237699.015527,16821.19,-8.080000000001746,11.41067196,-0.6016672199999995,1.0,0.0,986.483320687887,0.0,986.483320687887
1668237758.953335,16822.08,0.8900000000030559,11.44005263,0.0293806700000001,0.0,1.0,0.0,0.0586421727091945,986.483320687887
1668237818.913318,16837.49,15.409999999999854,13.45547211,2.0154194800000003,0.0,1.0,0.0,0.0586421727091945,987.3869965693356
1668237878.959905,16845.59,8.099999999998545,15.06308473,1.6076126199999994,0.0,1.0,0.0,0.0586421727091945,987.8619981682798
1668237939.0108013,16826.77,-18.81999999999971,13.06556261,-1.9975221199999995,1.0,0.0,986.7583524778928,0.0,986.7583524778928
1668237998.9959283,16849.52,22.75,15.67987197,2.61430936,0.0,1.0,0.0,0.0585629948199054,986.7583524778928
1668238058.9241416,16853.72,4.200000000000728,16.71239565,1.0325236800000006,0.0,1.0,0.0,0.0585629948199054,987.004317056136
1668238119.2631805,16836.73,-16.9900000000016,14.74903744,-1.9633582100000009,1.0,0.0,986.0093317741458,0.0,986.0093317741458
1668238179.2089193,16827.45,-9.279999999998836,12.69837097,-2.050666470000001,1.0,0.0,986.0093317741458,0.0,986.0093317741458
1668238238.9475296,16806.23,-21.220000000001164,8.52792095,-4.170450019999999,1.0,0.0,986.0093317741458,0.0,986.0093317741458
1668238299.7209609,16827.42,21.18999999999869,9.48500044,0.95707949,0.0,1.0,0.0,0.0585953955968381,986.0093317741458
1668238359.0543685,16808.59,-18.82999999999811,6.19658522,-3.28841522,1.0,0.0,984.9059804750568,0.0,984.9059804750568
1668238418.952703,16798.9,-9.68999999999869,3.29976357,-2.89682165,1.0,0.0,984.9059804750568,0.0,984.9059804750568
1668238478.8871012,16788.69,-10.210000000002765,0.13209043,-3.16767314,1.0,0.0,984.9059804750568,0.0,984.9059804750568
1668238538.9257464,16800.7,12.010000000002035,-0.04024246,-0.17233289,1.0,0.0,984.9059804750568,0.0,984.9059804750568
1668238598.9324389,16802.25,1.5499999999992724,-0.65755994,-0.61731748,1.0,0.0,984.9059804750568,0.0,984.9059804750568
1668238659.0703828,16800.36,-1.889999999999418,-1.497769,-0.84020906,1.0,0.0,984.9059804750568,0.0,984.9059804750568
1668238718.9977355,16802.45,2.090000000000145,-1.67429218,-0.17652318,1.0,0.0,984.9059804750568,0.0,984.9059804750568
1668238779.5521014,16816.48,14.029999999998836,0.00730364,1.68159582,0.0,1.0,0.0,0.0585679036561192,984.9059804750568
1668238839.0479262,16809.84,-6.639999999999418,-0.4914207,-0.49872434,1.0,0.0,984.5170895947788,0.0,984.5170895947788
1668238899.0158017,16801.57,-8.270000000000437,-1.63000507,-1.13858437,1.0,0.0,984.5170895947788,0.0,984.5170895947788
1668238959.0185068,16789.15,-12.419999999998254,-3.70291624,-2.07291117,1.0,0.0,984.5170895947788,0.0,984.5170895947788
1668239019.0280666,16794.71,5.559999999997672,-3.762574,-0.0596577599999998,1.0,0.0,984.5170895947788,0.0,984.5170895947788
1668239079.1084318,16786.59,-8.119999999998981,-5.26179667,-1.49922267,1.0,0.0,984.5170895947788,0.0,984.5170895947788
1668239139.0266497,16779.47,-7.119999999998981,-6.79537533,-1.53357866,1.0,0.0,984.5170895947788,0.0,984.5170895947788
1668239198.964497,16785.32,5.849999999998545,-6.7287393,0.0666360299999997,0.0,1.0,0.0,0.0586534596656351,984.5170895947788
1668239259.5772038,16797.53,12.209999999999129,-5.23943683,1.4893024700000002,0.0,1.0,0.0,0.0586534596656351,985.2332483372955
1668239319.0171385,16796.7,-0.8299999999981083,-4.94508135,0.2943554800000001,0.0,1.0,0.0,0.0586534596656351,985.1845659657732
1668239379.181142,16793.18,-3.520000000000437,-5.02238107,-0.07729972,1.0,0.0,984.97810578775,0.0,984.97810578775
1668239439.0657682,16790.03,-3.150000000001455,-5.40725304,-0.3848719699999998,1.0,0.0,984.97810578775,0.0,984.97810578775
1668239499.033173,16795.46,5.430000000000291,-4.49543824,0.9118147999999991,0.0,1.0,0.0,0.0586454974015448,984.97810578775
1668239559.006263,16804.92,9.459999999999129,-2.85471909,1.6407191500000002,0.0,1.0,0.0,0.0586454974015448,985.5328921931682
1668239619.0257652,16811.01,6.0900000000001455,-1.25381617,1.6009029200000002,0.0,1.0,0.0,0.0586454974015448,985.8900432723436
1668239679.0166168,16810.38,-0.6299999999973807,-0.40244879,0.8513673799999999,0.0,1.0,0.0,0.0586454974015448,985.8530966089808
1668239739.3429554,16796.35,-14.030000000002474,-1.67540279,-1.272954,1.0,0.0,985.0303002804368,0.0,985.0303002804368
1668239799.0541546,16801.83,5.480000000003201,-1.05199242,0.62341037,0.0,1.0,0.0,0.0586263698823542,985.0303002804368
1668239859.2218237,16803.15,1.319999999999709,-0.65685112,0.3951412999999999,0.0,1.0,0.0,0.0586263698823542,985.10768708868
1668239919.113923,16808.13,4.979999999999563,0.28170386,0.93855498,0.0,1.0,0.0,0.0586263698823542,985.3996464106942
1668239979.0369174,16808.83,0.7000000000007276,0.82986652,0.54816266,0.0,1.0,0.0,0.0586263698823542,985.440684869612
1668240039.0484123,16822.02,13.18999999999869,3.04195334,2.21208682,0.0,1.0,0.0,0.0586263698823542,986.21396668836
1668240099.0828495,16821.63,-0.3899999999994179,3.86090398,0.8189506399999997,0.0,1.0,0.0,0.0586263698823542,986.191102404106
1668240159.0737317,16827.71,6.079999999998108,5.37873014,1.5178261600000005,0.0,1.0,0.0,0.0586263698823542,986.5475507329904
1668240219.0144572,16829.22,1.5100000000020373,6.2336027,0.8548725599999996,0.0,1.0,0.0,0.0586263698823542,986.636076551513
1668240279.0702355,16812.44,-16.780000000002474,4.36939051,-1.86421219,1.0,0.0,985.652326064887,0.0,985.652326064887
1668240339.1299603,16806.3,-6.139999999999418,3.16890655,-1.2004839599999997,1.0,0.0,985.652326064887,0.0,985.652326064887
1668240399.068635,16804.01,-2.290000000000873,2.19039582,-0.97851073,1.0,0.0,985.652326064887,0.0,985.652326064887
1668240459.0613742,16792.56,-11.44999999999709,-0.1567496,-2.34714542,1.0,0.0,985.652326064887,0.0,985.652326064887
1668240519.0169744,16794.88,2.319999999999709,-0.86968128,-0.7129316800000001,1.0,0.0,985.652326064887,0.0,985.652326064887
1668240579.069234,16791.95,-2.930000000000291,-1.89868118,-1.0289999,1.0,0.0,985.652326064887,0.0,985.652326064887
1668240639.0030684,16797.34,5.389999999999418,-1.81754733,0.08113385,0.0,1.0,0.0,0.0586790721664791,985.652326064887
1668240699.4602425,16822.65,25.31000000000131,1.5077442,3.3252915300000003,0.0,1.0,0.0,0.0586790721664791,987.1374933814196
1668240759.0311706,16814.03,-8.62000000000262,1.23692962,-0.2708145800000001,1.0,0.0,986.6316797793444,0.0,986.6316797793444
1668240819.1223967,16810.0,-4.029999999998836,1.0390862,-0.1978434199999998,1.0,0.0,986.6316797793444,0.0,986.6316797793444
1668240879.0739453,16802.0,-8.0,0.06465715,-0.97442905,1.0,0.0,986.6316797793444,0.0,986.6316797793444
1668240939.1203427,16800.82,-1.180000000000291,-0.39079193,-0.45544908,1.0,0.0,986.6316797793444,0.0,986.6316797793444
1668240999.1068838,16803.53,2.709999999999127,-0.32645699,0.06433494,0.0,1.0,0.0,0.0587157388822077,986.6316797793444
1668241059.2999792,16802.66,-0.8699999999989814,-0.50137995,-0.17492296,1.0,0.0,986.580597086516,0.0,986.580597086516
1668241119.1196566,16799.52,-3.139999999999418,-1.01958599,-0.5182060399999999,1.0,0.0,986.580597086516,0.0,986.580597086516
1668241179.1634803,16799.0,-0.5200000000004366,-1.36748721,-0.34790122,1.0,0.0,986.580597086516,0.0,986.580597086516
1668241239.01806,16797.02,-1.979999999999564,-1.87249848,-0.50501127,1.0,0.0,986.580597086516,0.0,986.580597086516
1668241299.0041392,16779.5,-17.520000000000437,-4.56155933,-2.68906085,1.0,0.0,986.580597086516,0.0,986.580597086516
1668241359.148595,16759.63,-19.86999999999898,-8.36963693,-3.8080776000000007,1.0,0.0,986.580597086516,0.0,986.580597086516
1668241419.160751,16758.15,-1.4799999999995634,-10.25469891,-1.88506198,1.0,0.0,986.580597086516,0.0,986.580597086516
1668241479.1282156,16748.41,-9.7400000000016,-12.86848329,-2.61378438,1.0,0.0,986.580597086516,0.0,986.580597086516
1668241539.223212,16755.46,7.049999999999272,-13.11627955,-0.2477962599999994,1.0,0.0,986.580597086516,0.0,986.580597086516
1668241599.187981,16761.61,6.150000000001455,-12.84376259,0.272516959999999,0.0,1.0,0.0,0.0588595365890577,986.580597086516
1668241659.1466684,16759.09,-2.520000000000437,-13.09914994,-0.2553873499999994,1.0,0.0,986.4322710543112,0.0,986.4322710543112
1668241719.4176316,16731.26,-27.830000000001743,-16.98908052,-3.8899305800000015,1.0,0.0,986.4322710543112,0.0,986.4322710543112
1668241779.0888617,16736.01,4.75,-17.49266508,-0.5035845599999966,1.0,0.0,986.4322710543112,0.0,986.4322710543112
1668241839.1192238,16752.31,16.30000000000291,-15.61927929,1.8733857899999984,0.0,1.0,0.0,0.0588833582386137,986.4322710543112
1668241899.0236895,16752.42,0.1099999999969441,-14.90219686,0.7170824299999996,0.0,1.0,0.0,0.0588833582386137,986.4387482237167
1668241959.184476,16750.2,-2.219999999997526,-14.5668786,0.3353182599999993,0.0,1.0,0.0,0.0588833582386137,986.3080271684272
1668242019.3044834,16754.05,3.849999999998545,-13.5167565,1.0501221000000012,0.0,1.0,0.0,0.0588833582386137,986.5347280976458
1668242079.3371692,16753.97,-0.0799999999981082,-12.81009014,0.7066663599999998,0.0,1.0,0.0,0.0588833582386137,986.5300174289868
1668242140.1760235,16757.16,3.1899999999986903,-11.5726296,1.237460539999999,0.0,1.0,0.0,0.0588833582386137,986.717855341768
1668242200.1637514,16777.44,20.27999999999884,-7.89985055,3.672779050000001,0.0,1.0,0.0,0.0588833582386137,987.912009846847
1668242260.1483989,16802.42,24.979999999999563,-2.62031818,5.27953237,0.0,1.0,0.0,0.0588833582386137,989.3829161356476
1668242321.073855,16894.49,92.07000000000336,12.17411976,14.79443794,0.0,1.0,0.0,0.0588833582386137,994.8043069286769
1668242381.1202726,16842.25,-52.2400000000016,12.53154135,0.3574215899999995,0.0,1.0,0.0,0.0588833582386137,991.7282402942916
1668242441.1036062,16873.31,31.06000000000131,18.13449129,5.60294994,0.0,1.0,0.0,0.0588833582386137,993.5571574011832
1668242502.354059,16870.03,-3.280000000002474,20.0077884,1.8732971099999995,0.0,1.0,0.0,0.0588833582386137,993.3640199861602
1668242562.4092596,16878.79,8.760000000002037,23.68946297,3.681674570000002,0.0,1.0,0.0,0.0588833582386137,993.8798382043308
1668242622.4797175,16861.01,-17.780000000002474,23.57127263,-0.1181903400000017,1.0,0.0,992.832892094848,0.0,992.832892094848
1668242683.2566488,16854.28,-6.729999999999563,23.05272433,-0.5185482999999991,1.0,0.0,992.832892094848,0.0,992.832892094848
1668242743.326934,16857.51,3.2299999999995634,23.3862734,0.3335490700000001,0.0,1.0,0.0,0.0588955837543532,992.832892094848
1668242803.2538192,16821.55,-35.95999999999913,18.86965923,-4.51661417,1.0,0.0,990.71500690304,0.0,990.71500690304
1668242864.316975,16829.2,7.650000000001455,17.84670856,-1.0229506700000002,1.0,0.0,990.71500690304,0.0,990.71500690304
1668242924.2347405,16853.78,24.57999999999811,17.93517496,0.0884664000000015,0.0,1.0,0.0,0.058782955924608,990.71500690304
1668242984.190188,16845.79,-7.989999999997963,16.6570606,-1.27811436,1.0,0.0,990.2453310852022,0.0,990.2453310852022
1668243045.0145974,16850.78,4.989999999997963,15.83505282,-0.8220077800000016,1.0,0.0,990.2453310852022,0.0,990.2453310852022
1668243105.0582447,16850.15,-0.6299999999973807,15.26456657,-0.5704862500000001,1.0,0.0,990.2453310852022,0.0,990.2453310852022
1668243165.2606933,16850.27,0.1199999999989813,14.70119423,-0.563372339999999,1.0,0.0,990.2453310852022,0.0,990.2453310852022
1668243226.1237855,16843.39,-6.880000000001019,13.71640098,-0.984793250000001,1.0,0.0,990.2453310852022,0.0,990.2453310852022
1668243286.2857656,16828.1,-15.290000000000871,11.22806473,-2.48833625,1.0,0.0,990.2453310852022,0.0,990.2453310852022
1668243346.1514018,16836.05,7.950000000000728,10.96415957,-0.2639051600000002,1.0,0.0,990.2453310852022,0.0,990.2453310852022
1668243406.9951143,16838.68,2.630000000001018,10.47196579,-0.4921937799999991,1.0,0.0,990.2453310852022,0.0,990.2453310852022
1668243466.991613,16855.14,16.459999999999127,10.77032372,0.2983579299999999,0.0,1.0,0.0,0.058750347436165,990.2453310852022
1668243526.8827543,16847.82,-7.319999999999709,10.27920746,-0.4911162600000001,1.0,0.0,989.8152785419694,0.0,989.8152785419694
1668243587.9147508,16850.23,2.4099999999998545,10.1185282,-0.1606792600000002,1.0,0.0,989.8152785419694,0.0,989.8152785419694
1668243647.8018987,16841.33,-8.899999999997817,8.61942561,-1.4991025899999997,1.0,0.0,989.8152785419694,0.0,989.8152785419694
1668243707.8105798,16841.12,-0.2100000000027648,7.81678869,-0.8026369200000003,1.0,0.0,989.8152785419694,0.0,989.8152785419694
1668243769.1367724,16821.9,-19.21999999999753,4.85055968,-2.96622901,1.0,0.0,989.8152785419694,0.0,989.8152785419694
1668243829.191299,16816.96,-4.940000000002328,2.24914312,-2.60141656,1.0,0.0,989.8152785419694,0.0,989.8152785419694
1668243889.8873549,16825.1,8.139999999999418,1.55423342,-0.6949096999999997,1.0,0.0,989.8152785419694,0.0,989.8152785419694
1668243950.091641,16813.66,-11.43999999999869,-0.86581075,-2.42004417,1.0,0.0,989.8152785419694,0.0,989.8152785419694
1668244010.1630669,16816.12,2.459999999999127,-1.51561819,-0.6498074400000001,1.0,0.0,989.8152785419694,0.0,989.8152785419694
1668244070.2322986,16814.06,-2.059999999997672,-2.39588778,-0.8802695899999997,1.0,0.0,989.8152785419694,0.0,989.8152785419694
1668244131.1001604,16802.08,-11.979999999999563,-4.36349581,-1.96760803,1.0,0.0,989.8152785419694,0.0,989.8152785419694
1668244191.1989295,16812.57,10.489999999997965,-4.54564641,-0.1821505999999999,1.0,0.0,989.8152785419694,0.0,989.8152785419694
1668244251.0776474,16826.59,14.020000000000437,-3.56706799,0.9785784199999998,0.0,1.0,0.0,0.0588244723703358,989.8152785419694
1668244312.3633957,16827.23,0.6399999999994179,-3.03467064,0.5323973500000001,0.0,1.0,0.0,0.0588244723703358,989.8529262042856
1668244372.6358187,16831.98,4.75,-1.48746005,1.54721059,0.0,1.0,0.0,0.0588244723703358,990.1323424480448
1668244432.5630834,16831.06,-0.9199999999982538,-1.13213618,0.3553238699999999,0.0,1.0,0.0,0.0588244723703358,990.0782239334642
1668244493.3413897,16840.61,9.549999999999272,1.11792149,2.2500576700000003,0.0,1.0,0.0,0.0588244723703358,990.6399976446008
1668244553.2984166,16841.61,1.0,1.77687439,0.6589528999999998,0.0,1.0,0.0,0.0588244723703358,990.6988221169712
1668244613.2918882,16817.02,-24.590000000000146,0.19647923,-1.58039516,1.0,0.0,989.2523283413846,0.0,989.2523283413846
1668244674.1911316,16864.19,47.169999999998254,5.82453307,5.62805384,0.0,1.0,0.0,0.0586599373193366,989.2523283413846
1668244734.3324304,16870.57,6.380000000001019,7.89828257,2.0737495,0.0,1.0,0.0,0.0586599373193366,989.6265787414804
1668244794.3720782,16864.64,-5.930000000000291,8.72021877,0.8219362000000006,0.0,1.0,0.0,0.0586599373193366,989.2787253131768
1668244855.165053,16869.71,5.069999999999709,9.9504205,1.2302017299999992,0.0,1.0,0.0,0.0586599373193366,989.5761311953858
1668244915.1695724,16875.48,5.770000000000437,11.83385256,1.8834320600000003,0.0,1.0,0.0,0.0586599373193366,989.9145990337184
1668244975.1971016,16867.08,-8.399999999997817,12.27673362,0.4428810599999995,0.0,1.0,0.0,0.0586599373193366,989.421855560236
1668245036.2525666,16860.05,-7.030000000002474,11.66704377,-0.6096898500000005,1.0,0.0,989.0094762008812,0.0,989.0094762008812
1668245096.2039104,16884.69,24.63999999999941,14.61312082,2.9460770500000013,0.0,1.0,0.0,0.0585743342756592,989.0094762008812
1668245156.2157588,16871.56,-13.12999999999738,13.79881854,-0.8143022800000015,1.0,0.0,988.2403951918408,0.0,988.2403951918408
1668245217.2276134,16866.73,-4.830000000001746,12.75277615,-1.0460423899999984,1.0,0.0,988.2403951918408,0.0,988.2403951918408
1668245277.2899034,16861.69,-5.040000000000873,11.57998453,-1.17279162,1.0,0.0,988.2403951918408,0.0,988.2403951918408
1668245337.1627014,16863.85,2.1599999999998545,10.63592557,-0.9440589600000012,1.0,0.0,988.2403951918408,0.0,988.2403951918408
1668245398.1395185,16864.02,0.1700000000018917,9.68337184,-0.95255373,1.0,0.0,988.2403951918408,0.0,988.2403951918408
1668245458.0921922,16856.85,-7.170000000001892,8.13501378,-1.54835806,1.0,0.0,988.2403951918408,0.0,988.2403951918408
1668245518.071355,16855.94,-0.9099999999998544,6.87453974,-1.2604740399999992,1.0,0.0,988.2403951918408,0.0,988.2403951918408
1668245579.2536354,16857.55,1.610000000000582,5.77552406,-1.09901568,1.0,0.0,988.2403951918408,0.0,988.2403951918408
1668245639.6761804,16859.62,2.069999999999709,5.10960184,-0.6659222200000006,1.0,0.0,988.2403951918408,0.0,988.2403951918408
1668245699.3112297,16860.35,0.7299999999995634,5.07588212,-0.0337197199999996,1.0,0.0,988.2403951918408,0.0,988.2403951918408
1668245760.1768177,16858.78,-1.569999999999709,4.70173698,-0.3741451400000004,1.0,0.0,988.2403951918408,0.0,988.2403951918408
1668245820.1845734,16853.3,-5.479999999999563,3.87259893,-0.8291380499999996,1.0,0.0,988.2403951918408,0.0,988.2403951918408
1668245880.2147624,16858.84,5.540000000000873,3.51762941,-0.35496952,1.0,0.0,988.2403951918408,0.0,988.2403951918408
1668245941.082304,16858.29,-0.5499999999992724,3.14626014,-0.3713692700000002,1.0,0.0,988.2403951918408,0.0,988.2403951918408
1668246001.2246034,16860.81,2.520000000000437,2.76123561,-0.3850245299999999,1.0,0.0,988.2403951918408,0.0,988.2403951918408
1668246061.2192514,16859.48,-1.3300000000017462,2.92146168,0.1602260700000002,0.0,1.0,0.0,0.0586163034204993,988.2403951918408
