Time,Price,Price Change,MACD,MACD Change,Cash Allocation,Coin Allocation,Cash Balance,Coin Balance,Total Balance
1668394855.0688548,16164.98,0.0,18.01405852,0.0,1.0,0.0,1000.0,0.0,1000.0
1668394914.9044478,16196.63,31.64999999999964,26.77697054,8.762912020000002,0.0,1.0,0.0,0.0617412387638663,1000.0
1668394974.9258626,16170.81,-25.81999999999971,28.55523805,1.7782675099999992,0.0,1.0,0.0,0.0617412387638663,998.4058412151168
1668395036.1472878,16161.0,-9.80999999999949,29.05874498,0.5035069300000004,0.0,1.0,0.0,0.0617412387638663,997.8001596628432
1668395095.741202,16138.4,-22.600000000000364,26.89633566,-2.162409320000002,1.0,0.0,996.40480766678,0.0,996.40480766678
1668395155.8799326,16141.0,2.600000000000364,25.57708747,-1.3192481899999997,1.0,0.0,996.40480766678,0.0,996.40480766678
1668395216.338207,16131.84,-9.159999999999854,23.26609469,-2.3109927799999994,1.0,0.0,996.40480766678,0.0,996.40480766678
1668395275.7833574,16143.75,11.909999999999854,23.06546827,-0.2006264199999989,1.0,0.0,996.40480766678,0.0,996.40480766678
1668395335.8030975,16142.2,-1.5499999999992724,22.62586679,-0.4396014800000003,1.0,0.0,996.40480766678,0.0,996.40480766678
1668395397.0849004,16154.0,11.799999999999272,22.52973502,-0.0961317699999995,1.0,0.0,996.40480766678,0.0,996.40480766678
1668395455.798229,16145.98,-8.020000000000437,21.45981134,-1.0699236799999987,1.0,0.0,996.40480766678,0.0,996.40480766678
1668395515.844105,16150.03,4.050000000001091,20.96745918,-0.4923521600000029,1.0,0.0,996.40480766678,0.0,996.40480766678
1668395576.174942,16159.9,9.86999999999898,21.55558749,0.5881283100000019,0.0,1.0,0.0,0.0616590948995216,996.40480766678
1668395635.8860545,16153.0,-6.899999999999636,20.18902098,-1.366566510000002,1.0,0.0,995.9793599119724,0.0,995.9793599119724
1668395696.1458974,16154.03,1.0300000000006548,19.28709894,-0.9019220399999988,1.0,0.0,995.9793599119724,0.0,995.9793599119724
1668395755.9259875,16161.23,7.199999999998909,19.40726719,0.1201682499999989,0.0,1.0,0.0,0.0616276954113005,995.9793599119724
1668395815.8254216,16166.07,4.8400000000001455,18.98485533,-0.4224118600000004,1.0,0.0,996.2776379577626,0.0,996.2776379577626
1668395875.766148,16169.22,3.149999999999636,19.22390922,0.239053890000001,0.0,1.0,0.0,0.0616156894369526,996.2776379577626
1668395935.8621871,16162.49,-6.729999999999563,18.5253635,-0.6985457199999985,1.0,0.0,995.862964367852,0.0,995.862964367852
1668395995.8817527,16128.0,-34.48999999999978,14.62462782,-3.90073568,1.0,0.0,995.862964367852,0.0,995.862964367852
1668396055.94402,16137.1,9.100000000000364,12.50996991,-2.11465791,1.0,0.0,995.862964367852,0.0,995.862964367852
1668396115.7864523,16130.33,-6.770000000000437,10.23619947,-2.27377044,1.0,0.0,995.862964367852,0.0,995.862964367852
1668396175.9995072,16129.71,-0.6200000000008004,8.23260668,-2.003592790000001,1.0,0.0,995.862964367852,0.0,995.862964367852
1668396235.7497616,16130.08,0.3700000000008003,6.69299081,-1.5396158699999996,1.0,0.0,995.862964367852,0.0,995.862964367852
1668396296.8576226,16140.63,10.549999999999272,5.99160413,-0.7013866800000006,1.0,0.0,995.862964367852,0.0,995.862964367852
1668396355.7705672,16161.0,20.3700000000008,7.49169616,1.5000920300000002,0.0,1.0,0.0,0.061621370235001,995.862964367852
1668396416.0578337,16160.49,-0.5100000000002183,8.54314543,1.051449269999999,0.0,1.0,0.0,0.061621370235001,995.8315374690312
1668396476.0570974,16169.96,9.469999999999343,10.72127,2.1781245700000014,0.0,1.0,0.0,0.061621370235001,996.4150918451568
1668396535.9294894,16159.83,-10.1299999999992,10.33694594,-0.3843240600000008,1.0,0.0,995.7908673646762,0.0,995.7908673646762
1668396595.8155236,16166.45,6.6200000000008,10.53059832,0.1936523799999996,0.0,1.0,0.0,0.0615961368986188,995.7908673646762
1668396655.9233296,16164.88,-1.570000000001528,10.68785789,0.1572595700000008,0.0,1.0,0.0,0.0615961368986188,995.694161429745
1668396716.0403335,16185.2,20.320000000001528,12.73410596,2.0462480700000008,0.0,1.0,0.0,0.0615961368986188,996.945794931525
1668396775.8320792,16176.44,-8.760000000000218,12.43893797,-0.2951679900000012,1.0,0.0,996.4062127722932,0.0,996.4062127722932
1668396835.935192,16186.0,9.55999999999949,13.87931428,1.4403763099999995,0.0,1.0,0.0,0.0615597561332196,996.4062127722932
1668396895.8802783,16184.63,-1.3700000000008004,13.95448677,0.0751724900000017,0.0,1.0,0.0,0.0615597561332196,996.32187590639
1668396955.8234508,16185.0,0.3700000000008003,14.13803435,0.183547579999999,0.0,1.0,0.0,0.0615597561332196,996.3446530161592
1668397016.1625173,16169.33,-15.670000000000073,12.10120908,-2.03682527,1.0,0.0,995.3800116375515,0.0,995.3800116375515
1668397076.1590807,16178.79,9.460000000000946,12.74570599,0.6444969099999991,0.0,1.0,0.0,0.0615237611488591,995.3800116375515
1668397136.1466863,16171.67,-7.1200000000008,11.36068356,-1.3850224299999994,1.0,0.0,994.9419624581702,0.0,994.9419624581702
1668397195.7350345,16169.55,-2.1200000000008004,10.75564879,-0.6050347699999996,1.0,0.0,994.9419624581702,0.0,994.9419624581702
1668397255.7896566,16166.84,-2.709999999999127,9.26334993,-1.49229886,1.0,0.0,994.9419624581702,0.0,994.9419624581702
1668397315.9815185,16174.0,7.159999999999855,8.72842139,-0.534928540000001,1.0,0.0,994.9419624581702,0.0,994.9419624581702
1668397375.9329238,16169.67,-4.329999999999927,7.56131072,-1.1671106699999996,1.0,0.0,994.9419624581702,0.0,994.9419624581702
1668397435.8756554,16161.77,-7.899999999999636,6.15540592,-1.4059048,1.0,0.0,994.9419624581702,0.0,994.9419624581702
1668397495.876521,16153.07,-8.700000000000728,3.97367695,-2.1817289699999995,1.0,0.0,994.9419624581702,0.0,994.9419624581702
1668397555.9721837,16161.85,8.780000000000655,3.65325852,-0.3204184300000001,1.0,0.0,994.9419624581702,0.0,994.9419624581702
1668397615.9453387,16157.32,-4.530000000000655,2.30692396,-1.3463345599999998,1.0,0.0,994.9419624581702,0.0,994.9419624581702
1668397675.9968123,16175.99,18.67000000000008,3.83021757,1.5232936099999996,0.0,1.0,0.0,0.06150733046065,994.9419624581702
1668397735.723143,16186.0,10.010000000000218,5.45387362,1.6236560500000006,0.0,1.0,0.0,0.06150733046065,995.5576508360808
1668397796.0431902,16196.94,10.94000000000051,7.05325871,1.5993850899999993,0.0,1.0,0.0,0.06150733046065,996.2305410313204
1668397856.1061888,16184.85,-12.090000000000146,6.83825453,-0.2150041799999993,1.0,0.0,995.4869174060512,0.0,995.4869174060512
1668397916.0715172,16177.43,-7.420000000000073,6.25306426,-0.58519027,1.0,0.0,995.4869174060512,0.0,995.4869174060512
1668397975.7972038,16147.79,-29.63999999999941,2.42703497,-3.8260292900000006,1.0,0.0,995.4869174060512,0.0,995.4869174060512
1668398035.8900695,16151.44,3.649999999999636,1.34445258,-1.0825823899999998,1.0,0.0,995.4869174060512,0.0,995.4869174060512
1668398095.9841554,16150.2,-1.2399999999997815,-0.0452371,-1.38968968,1.0,0.0,995.4869174060512,0.0,995.4869174060512
1668398155.9121747,16140.26,-9.94000000000051,-1.93547827,-1.89024117,1.0,0.0,995.4869174060512,0.0,995.4869174060512
1668398216.2650497,16148.13,7.869999999998981,-3.14811126,-1.21263299,1.0,0.0,995.4869174060512,0.0,995.4869174060512
1668398275.9389231,16147.96,-0.1700000000000727,-3.64679822,-0.4986869600000001,1.0,0.0,995.4869174060512,0.0,995.4869174060512
1668398336.0225194,16129.52,-18.43999999999869,-6.06284755,-2.41604933,1.0,0.0,995.4869174060512,0.0,995.4869174060512
1668398395.9830794,16144.7,15.180000000000293,-5.77360448,0.2892430699999995,0.0,1.0,0.0,0.0616602920714569,995.4869174060512
1668398455.9093418,16135.36,-9.340000000000146,-6.94054526,-1.16694078,1.0,0.0,994.9110102781028,0.0,994.9110102781028
1668398515.8995533,16145.63,10.269999999998618,-6.33547771,0.6050675500000002,0.0,1.0,0.0,0.0616210708580651,994.9110102781028
1668398576.056187,16139.47,-6.159999999999855,-6.98923348,-0.6537557700000001,1.0,0.0,994.531424481616,0.0,994.531424481616
1668398636.680522,16140.72,1.25,-6.68008739,0.3091460900000005,0.0,1.0,0.0,0.0616162986831824,994.531424481616
1668398695.9216542,16123.7,-17.019999999998618,-9.00111068,-2.3210232900000003,1.0,0.0,993.482715078028,0.0,993.482715078028
1668398756.0525014,16127.9,4.199999999998909,-9.09673534,-0.0956246600000003,1.0,0.0,993.482715078028,0.0,993.482715078028
1668398815.8131928,16127.44,-0.4599999999991269,-9.29112527,-0.1943899299999998,1.0,0.0,993.482715078028,0.0,993.482715078028
1668398876.0815876,16114.2,-13.239999999999782,-10.38715297,-1.0960277000000005,1.0,0.0,993.482715078028,0.0,993.482715078028
1668398936.058301,16111.98,-2.220000000001164,-11.36156057,-0.9744075999999992,1.0,0.0,993.482715078028,0.0,993.482715078028
1668398995.996147,16105.75,-6.229999999999563,-12.47287997,-1.1113193999999993,1.0,0.0,993.482715078028,0.0,993.482715078028
1668399056.6545186,16093.44,-12.30999999999949,-14.11791421,-1.645034240000001,1.0,0.0,993.482715078028,0.0,993.482715078028
1668399115.8617165,16108.01,14.569999999999707,-14.30298525,-0.1850710400000004,1.0,0.0,993.482715078028,0.0,993.482715078028
1668399176.031159,16102.37,-5.639999999999418,-14.49838749,-0.1954022399999999,1.0,0.0,993.482715078028,0.0,993.482715078028
1668399235.961926,16103.33,0.9599999999991268,-14.37740978,0.12097771,0.0,1.0,0.0,0.0616942405749635,993.482715078028
1668399296.093933,16097.0,-6.329999999999927,-14.93318403,-0.5557742499999989,1.0,0.0,993.0921905351876,0.0,993.0921905351876
1668399355.9499362,16085.83,-11.170000000000073,-16.29585932,-1.362675290000002,1.0,0.0,993.0921905351876,0.0,993.0921905351876
1668399415.8315265,16077.23,-8.600000000000364,-18.33501522,-2.039155899999997,1.0,0.0,993.0921905351876,0.0,993.0921905351876
1668399475.8943152,16043.57,-33.659999999999854,-22.95429041,-4.61927519,1.0,0.0,993.0921905351876,0.0,993.0921905351876
1668399536.1514585,16029.16,-14.409999999999854,-26.33313176,-3.378841350000002,1.0,0.0,993.0921905351876,0.0,993.0921905351876
1668399596.0280986,15977.2,-51.95999999999913,-35.89970496,-9.5665732,1.0,0.0,993.0921905351876,0.0,993.0921905351876
1668399656.0800085,15941.91,-35.29000000000087,-45.95306177,-10.053356809999997,1.0,0.0,993.0921905351876,0.0,993.0921905351876
1668399716.0606272,15960.0,18.090000000000146,-48.93680904,-2.983747270000002,1.0,0.0,993.0921905351876,0.0,993.0921905351876
1668399776.1123476,15972.14,12.139999999999418,-48.59358102,0.3432280199999979,0.0,1.0,0.0,0.0621765267857148,993.0921905351876
1668399836.195001,15949.27,-22.86999999999898,-50.15480283,-1.5612218099999993,1.0,0.0,991.6702133675976,0.0,991.6702133675976
1668399896.1065211,15985.0,35.72999999999956,-46.48365496,3.671147869999999,0.0,1.0,0.0,0.0620375485372285,991.6702133675976
1668399956.8984206,15997.81,12.80999999999949,-43.6155328,2.8681221600000057,0.0,1.0,0.0,0.0620375485372285,992.4649143643596
1668400015.9933753,15971.0,-26.80999999999949,-43.66942635,-0.053893550000005,1.0,0.0,990.8016876880764,0.0,990.8016876880764
1668400075.9736583,15980.66,9.659999999999854,-41.53535244,2.134073910000005,0.0,1.0,0.0,0.0620000480385714,990.8016876880764
1668400135.990374,15965.55,-15.110000000000582,-42.40744992,-0.8720974800000008,1.0,0.0,989.8648669622136,0.0,989.8648669622136
1668400196.0813804,15965.58,0.0300000000006548,-40.86002376,1.5474261600000006,0.0,1.0,0.0,0.0619999315378591,989.8648669622136
1668400255.9423244,15955.39,-10.19000000000051,-41.28762399,-0.427600230000003,1.0,0.0,989.2330876598415,0.0,989.2330876598415
1668400316.1250992,15990.62,35.23000000000138,-35.37982558,5.907798409999998,0.0,1.0,0.0,0.0618633353590943,989.2330876598415
1668400376.0420482,16000.94,10.319999999999707,-30.79565016,4.584175420000001,0.0,1.0,0.0,0.0618633353590943,989.8715172807464
1668400436.6718676,16010.37,9.430000000000293,-25.85298845,4.942661709999999,0.0,1.0,0.0,0.0618633353590943,990.4548885331828
1668400496.1734707,16012.57,2.1999999999989086,-21.4910815,4.361906950000002,0.0,1.0,0.0,0.0618633353590943,990.5909878709726
1668400555.978753,16005.0,-7.569999999999709,-19.19156846,2.299513040000001,0.0,1.0,0.0,0.0618633353590943,990.1226824223044
1668400615.9887457,15985.76,-19.23999999999978,-18.72104713,0.4705213300000004,0.0,1.0,0.0,0.0618633353590943,988.9324318499952
1668400676.078569,15977.28,-8.479999999999563,-18.84258363,-0.1215365000000012,1.0,0.0,988.4078307661504,0.0,988.4078307661504
1668400735.988523,15959.0,-18.28000000000065,-20.03671585,-1.1941322200000002,1.0,0.0,988.4078307661504,0.0,988.4078307661504
1668400796.225203,15965.69,6.690000000000509,-19.89471459,0.1420012600000006,0.0,1.0,0.0,0.0619082439134262,988.4078307661504
1668400855.9995866,15950.02,-15.670000000000073,-21.20230357,-1.307588980000002,1.0,0.0,987.437728584026,0.0,987.437728584026
1668400917.3326263,15968.83,18.80999999999949,-19.73558943,1.4667141400000006,0.0,1.0,0.0,0.0618353209711685,987.437728584026
1668400976.1045778,15929.43,-39.39999999999964,-22.57978136,-2.8441919299999974,1.0,0.0,985.0014169377606,0.0,985.0014169377606
1668401035.983435,15916.44,-12.989999999999782,-28.12717703,-5.54739567,1.0,0.0,985.0014169377606,0.0,985.0014169377606
1668401096.0648694,15907.65,-8.790000000000873,-30.29882052,-2.171643490000001,1.0,0.0,985.0014169377606,0.0,985.0014169377606
1668401156.0917077,15904.39,-3.2600000000002183,-31.2654817,-0.9666611799999992,1.0,0.0,985.0014169377606,0.0,985.0014169377606
1668401216.0600815,15914.0,9.610000000000582,-31.21575966,0.0497220399999989,0.0,1.0,0.0,0.061895275665311,985.0014169377606
1668401276.0041842,15927.31,13.30999999999949,-29.10231653,2.1134431300000003,0.0,1.0,0.0,0.061895275665311,985.8252430568646
1668401335.9706905,15939.4,12.090000000000146,-26.96708134,2.1352351899999995,0.0,1.0,0.0,0.061895275665311,986.573556939658
1668401397.3504689,15949.61,10.210000000000946,-23.71268991,3.2543914299999983,0.0,1.0,0.0,0.061895275665311,987.2055077042012
1668401456.0817738,15951.0,1.389999999999418,-20.67069747,3.0419924400000014,0.0,1.0,0.0,0.061895275665311,987.2915421373758
1668401516.0626557,15945.42,-5.579999999999927,-19.25589907,1.414798399999999,0.0,1.0,0.0,0.061895275665311,986.9461664991634
1668401576.0286784,15943.96,-1.460000000000946,-17.29195122,1.9639478500000005,0.0,1.0,0.0,0.061895275665311,986.855799396692
1668401636.7303677,15942.98,-0.9799999999995634,-15.85921118,1.4327400400000003,0.0,1.0,0.0,0.061895275665311,986.79514202654
1668401696.0514755,15949.03,6.050000000001091,-14.31649152,1.5427196600000013,0.0,1.0,0.0,0.061895275665311,987.1696084443151
1668401756.1587038,15968.7,19.67000000000008,-10.80581994,3.5106715800000003,0.0,1.0,0.0,0.061895275665311,988.3870885166518
1668401816.1045578,15974.4,5.699999999998909,-7.56218535,3.243634589999999,0.0,1.0,0.0,0.061895275665311,988.739891587944
1668401877.3792078,15970.36,-4.039999999999054,-5.85544452,1.7067408300000002,0.0,1.0,0.0,0.061895275665311,988.4898346742564
1668401936.0202892,15988.39,18.02999999999884,-1.38075744,4.47468708,0.0,1.0,0.0,0.061895275665311,989.6058064945016
1668401996.0760286,15991.81,3.4200000000000728,0.94437591,2.32513335,0.0,1.0,0.0,0.061895275665311,989.817488337277
1668402056.038154,15983.68,-8.1299999999992,2.01574865,1.07137274,0.0,1.0,0.0,0.061895275665311,989.314279746118
1668402115.9416564,15980.36,-3.319999999999709,2.98765685,0.9719082,0.0,1.0,0.0,0.061895275665311,989.1087874309094
1668402175.9334257,15988.53,8.170000000000073,4.32890513,1.3412482799999998,0.0,1.0,0.0,0.061895275665311,989.614471833095
1668402236.1061494,15993.0,4.469999999999345,5.71610756,1.3872024300000003,0.0,1.0,0.0,0.061895275665311,989.8911437153188
1668402296.2523556,15996.8,3.799999999999272,7.15334833,1.4372407699999998,0.0,1.0,0.0,0.061895275665311,990.126345762847
1668402356.8033805,15985.95,-10.849999999998545,6.44712715,-0.70622118,1.0,0.0,989.4547820218784,0.0,989.4547820218784
1668402416.196165,15982.63,-3.320000000001528,6.14728213,-0.2998450200000002,1.0,0.0,989.4547820218784,0.0,989.4547820218784
1668402476.1708355,15976.86,-5.769999999998618,4.94770677,-1.19957536,1.0,0.0,989.4547820218784,0.0,989.4547820218784
1668402536.3438373,15995.36,18.5,6.03530385,1.08759708,0.0,1.0,0.0,0.0618588629466219,989.4547820218784
1668402596.0867617,15997.03,1.6700000000000728,7.25474607,1.2194422200000004,0.0,1.0,0.0,0.0618588629466219,989.558086322999
1668402656.002823,15995.15,-1.8800000000010184,7.49491358,0.24016751,0.0,1.0,0.0,0.0618588629466219,989.4417916606592
1668402716.2549753,15988.75,-6.399999999999636,6.59984316,-0.8950704200000006,1.0,0.0,989.0458949378008,0.0,989.0458949378008
1668402776.123158,15976.21,-12.540000000000871,5.06784187,-1.5320012900000002,1.0,0.0,989.0458949378008,0.0,989.0458949378008
1668402836.7806497,15986.84,10.63000000000102,5.71576912,0.6479272500000004,0.0,1.0,0.0,0.0618662534270563,989.0458949378008
1668402896.2005515,15974.09,-12.75,3.7772527,-1.93851642,1.0,0.0,988.257100206606,0.0,988.257100206606
1668402956.3000207,15979.7,5.610000000000582,3.41735756,-0.3598951399999999,1.0,0.0,988.257100206606,0.0,988.257100206606
1668403016.0586426,15974.11,-5.5900000000001455,2.15223822,-1.26511934,1.0,0.0,988.257100206606,0.0,988.257100206606
1668403076.0813184,15982.51,8.399999999999636,2.18528286,0.0330446399999999,0.0,1.0,0.0,0.0618336606832472,988.257100206606
1668403136.013624,15993.26,10.75,3.06958913,0.8843062700000002,0.0,1.0,0.0,0.0618336606832472,988.92181205895
1668403196.0519714,16004.0,10.739999999999782,4.91196281,1.84237368,0.0,1.0,0.0,0.0618336606832472,989.5859055746882
1668403256.158698,15998.03,-5.969999999999345,4.87733683,-0.0346259800000003,1.0,0.0,989.2167586204092,0.0,989.2167586204092
1668403317.2582946,16002.55,4.519999999998618,6.09122231,1.21388548,0.0,1.0,0.0,0.0618161954576245,989.2167586204092
1668403376.067721,15987.75,-14.799999999999272,5.42914636,-0.6620759500000002,1.0,0.0,988.301878927636,0.0,988.301878927636
1668403436.3553076,16001.63,13.8799999999992,6.10916321,0.6800168500000003,0.0,1.0,0.0,0.0617625753706113,988.301878927636
1668403496.1041677,15997.52,-4.109999999998763,5.89419127,-0.2149719399999998,1.0,0.0,988.0480347428615,0.0,988.0480347428615
1668403556.3798988,15988.7,-8.819999999999709,4.51130501,-1.3828862600000005,1.0,0.0,988.0480347428615,0.0,988.0480347428615
1668403616.1159277,15977.43,-11.270000000000437,2.74917313,-1.76213188,1.0,0.0,988.0480347428615,0.0,988.0480347428615
1668403676.1876876,15971.68,-5.75,1.42420744,-1.32496569,1.0,0.0,988.0480347428615,0.0,988.0480347428615
1668403736.056865,15969.32,-2.360000000000582,-0.51006696,-1.9342744,1.0,0.0,988.0480347428615,0.0,988.0480347428615
1668403796.4800289,15940.33,-28.98999999999978,-4.19778916,-3.6877222,1.0,0.0,988.0480347428615,0.0,988.0480347428615
1668403856.24457,15941.76,1.430000000000291,-6.1531948,-1.9554056399999995,1.0,0.0,988.0480347428615,0.0,988.0480347428615
1668403916.1737216,15956.51,14.75,-6.75138153,-0.5981867300000001,1.0,0.0,988.0480347428615,0.0,988.0480347428615
1668403976.1180692,15959.47,2.959999999999127,-6.92962744,-0.1782459100000002,1.0,0.0,988.0480347428615,0.0,988.0480347428615
1668404036.3878691,15951.2,-8.269999999998618,-7.7869363,-0.8573088599999998,1.0,0.0,988.0480347428615,0.0,988.0480347428615
1668404096.5020938,15923.24,-27.960000000000942,-10.91569499,-3.1287586900000006,1.0,0.0,988.0480347428615,0.0,988.0480347428615
1668404156.0582032,15917.85,-5.389999999999418,-13.24916531,-2.33347032,1.0,0.0,988.0480347428615,0.0,988.0480347428615
1668404216.304355,15934.24,16.389999999999418,-14.97736066,-1.72819535,1.0,0.0,988.0480347428615,0.0,988.0480347428615
1668404276.1203325,15943.12,8.880000000001019,-14.03946991,0.9378907500000012,0.0,1.0,0.0,0.0619733173144818,988.0480347428615
1668404336.087866,15951.91,8.789999999999054,-13.05907104,0.98039887,0.0,1.0,0.0,0.0619733173144818,988.5927802020552
1668404396.1109514,15938.0,-13.909999999999854,-12.94431989,0.11475115,0.0,1.0,0.0,0.0619733173144818,987.730731358211
1668404456.4050548,15920.71,-17.290000000000873,-14.26357071,-1.3192508200000006,1.0,0.0,986.6592127018436,0.0,986.6592127018436
1668404516.3797112,15898.18,-22.52999999999884,-16.9988702,-2.735299489999999,1.0,0.0,986.6592127018436,0.0,986.6592127018436
1668404576.408552,15878.14,-20.04000000000088,-20.66756647,-3.6686962700000016,1.0,0.0,986.6592127018436,0.0,986.6592127018436
1668404636.2187688,15882.0,3.860000000000582,-21.94772981,-1.280163339999998,1.0,0.0,986.6592127018436,0.0,986.6592127018436
1668404696.1537416,15874.39,-7.610000000000582,-25.99793617,-4.050206360000001,1.0,0.0,986.6592127018436,0.0,986.6592127018436
1668404756.237466,15893.23,18.840000000000146,-25.45822064,0.5397155299999987,0.0,1.0,0.0,0.062080471540514,986.6592127018436
1668404816.286188,15832.07,-61.159999999999854,-31.15453103,-5.696310390000001,1.0,0.0,982.8623710624256,0.0,982.8623710624256
1668404876.4365025,15845.46,13.389999999999418,-32.3780133,-1.223482269999998,1.0,0.0,982.8623710624256,0.0,982.8623710624256
1668404936.2452583,15886.23,40.77000000000044,-28.93738908,3.44062422,0.0,1.0,0.0,0.0618688241994749,982.8623710624256
1668404996.1284077,15876.0,-10.229999999999563,-28.18626314,0.7511259399999979,0.0,1.0,0.0,0.0618688241994749,982.2294529908636
1668405056.0776188,15889.34,13.340000000000146,-25.5693634,2.616899740000001,0.0,1.0,0.0,0.0618688241994749,983.0547831056844
1668405116.9958832,15894.96,5.619999999998981,-22.91309962,2.65626378,0.0,1.0,0.0,0.0618688241994749,983.4024858976854
1668405176.2886326,15890.47,-4.489999999999782,-20.79162972,2.121469900000001,0.0,1.0,0.0,0.0618688241994749,983.1246948770298
1668405236.6342993,15896.0,5.530000000000655,-17.801113,2.9905167199999987,0.0,1.0,0.0,0.0618688241994749,983.466829474853
1668405296.4670491,15894.93,-1.069999999999709,-15.96741629,1.8336967100000017,0.0,1.0,0.0,0.0618688241994749,983.4006298329596
1668405356.3055303,15868.61,-26.31999999999971,-17.12644237,-1.1590260800000003,1.0,0.0,981.7722423800294,0.0,981.7722423800294
1668405416.2764227,15858.93,-9.680000000000293,-17.79462483,-0.6681824600000006,1.0,0.0,981.7722423800294,0.0,981.7722423800294
1668405476.2909696,15856.66,-2.270000000000437,-18.41836213,-0.6237372999999984,1.0,0.0,981.7722423800294,0.0,981.7722423800294
1668405536.1158905,15866.54,9.88000000000102,-18.15049922,0.267862909999998,0.0,1.0,0.0,0.0618768958058927,981.7722423800294
1668405596.7559748,15869.58,3.039999999999054,-17.16997822,0.9805209999999996,0.0,1.0,0.0,0.0618768958058927,981.9603481432788
1668405656.2120085,15850.54,-19.03999999999905,-18.19300109,-1.0230228699999984,1.0,0.0,980.7822120471344,0.0,980.7822120471344
1668405716.363954,15894.53,43.98999999999978,-12.93434142,5.258659669999998,0.0,1.0,0.0,0.0617056441459504,980.7822120471344
1668405776.2892616,15897.99,3.459999999999127,-10.43617646,2.4981649600000004,0.0,1.0,0.0,0.0617056441459504,980.995713575878
1668405836.4260848,15892.0,-5.989999999999782,-9.04504974,1.3911267200000008,0.0,1.0,0.0,0.0617056441459504,980.6260967674438
1668405896.2994792,15904.94,12.94000000000051,-5.763816,3.28123374,0.0,1.0,0.0,0.0617056441459504,981.4245678026924
1668405956.371747,15906.1,1.1599999999998545,-3.53720417,2.2266118300000004,0.0,1.0,0.0,0.0617056441459504,981.4961463499016
1668406016.2663412,15904.37,-1.7299999999995634,-1.96055966,1.57664451,0.0,1.0,0.0,0.0617056441459504,981.3893955855292
1668406076.3031,15909.61,5.239999999999782,-0.60357328,1.35698638,0.0,1.0,0.0,0.0617056441459504,981.712733160854
1668406136.385522,15903.49,-6.1200000000008,-0.91834957,-0.3147762899999999,1.0,0.0,981.3350946186808,0.0,981.3350946186808
1668406196.2341888,15935.79,32.30000000000109,2.94264718,3.86099675,0.0,1.0,0.0,0.0615805739545187,981.3350946186808
1668406256.156971,15928.75,-7.040000000000873,4.35729573,1.41464855,0.0,1.0,0.0,0.0615805739545187,980.9015673780398
1668406316.264095,15927.16,-1.5900000000001455,5.99916444,1.641868710000001,0.0,1.0,0.0,0.0615805739545187,980.803654265452
1668406376.44543,15910.34,-16.81999999999971,4.80308641,-1.196078030000001,1.0,0.0,979.7678690115372,0.0,979.7678690115372
1668406436.528303,15888.34,-22.0,2.20691069,-2.59617572,1.0,0.0,979.7678690115372,0.0,979.7678690115372
1668406496.50435,15892.81,4.469999999999345,1.17396385,-1.03294684,1.0,0.0,979.7678690115372,0.0,979.7678690115372
1668406556.44782,15901.96,9.149999999999636,1.32972266,0.15575881,0.0,1.0,0.0,0.0616130256277551,979.7678690115372
1668406617.3248427,15910.45,8.4900000000016,2.08156759,0.7518449300000001,0.0,1.0,0.0,0.0616130256277551,980.290963599116
1668406677.4480138,15925.35,14.899999999999636,3.88617009,1.8046025,0.0,1.0,0.0,0.0616130256277551,981.2089976809696
1668406737.3270442,15949.91,24.55999999999949,7.97127583,4.08510574,0.0,1.0,0.0,0.0616130256277551,982.7222135903874
1668406798.2194514,15939.08,-10.829999999999927,8.71107438,0.7397985499999997,0.0,1.0,0.0,0.0616130256277551,982.0549445228388
1668406858.1771562,15917.99,-21.090000000000146,7.06406166,-1.647012719999999,1.0,0.0,980.7555258123492,0.0,980.7555258123492
1668406918.2392366,15936.0,18.01000000000022,9.20754779,2.1434861299999994,0.0,1.0,0.0,0.0615433939390279,980.7555258123492
1668406978.9395714,15924.01,-11.989999999999782,7.8244165,-1.3831312899999997,1.0,0.0,980.0176205190196,0.0,980.0176205190196
1668407039.724994,15927.57,3.5599999999994907,8.27303633,0.4486198300000001,0.0,1.0,0.0,0.0615296382636535,980.0176205190196
1668407098.9283657,15944.48,16.909999999999854,9.59512175,1.3220854200000005,0.0,1.0,0.0,0.0615296382636535,981.058086702058
1668407159.878378,15944.72,0.2399999999997817,10.92841924,1.3332974899999996,0.0,1.0,0.0,0.0615296382636535,981.0728538152412
1668407219.7216406,15937.25,-7.469999999999345,10.85539093,-0.0730283099999997,1.0,0.0,980.6132274174116,0.0,980.6132274174116
1668407279.8121948,15952.76,15.510000000000218,12.17129108,1.3159001499999992,0.0,1.0,0.0,0.0614698163463508,980.6132274174116
1668407340.633214,15954.06,1.2999999999992724,12.42150211,0.2502110300000009,0.0,1.0,0.0,0.0614698163463508,980.6931381786612
1668407400.5195923,15957.0,2.9400000000005093,13.30047412,0.87897201,0.0,1.0,0.0,0.0614698163463508,980.8738594387196
1668407460.9809134,15963.68,6.680000000000291,14.43132068,1.1308465600000002,0.0,1.0,0.0,0.0614698163463508,981.2844778119132
1668407521.2677803,15957.96,-5.720000000001164,14.16768508,-0.2636356000000006,1.0,0.0,980.932870462412,0.0,980.932870462412
1668407581.8449414,15952.41,-5.549999999999272,13.61123168,-0.5564534000000005,1.0,0.0,980.932870462412,0.0,980.932870462412
1668407641.3039658,15963.51,11.100000000000364,14.42411831,0.8128866300000013,0.0,1.0,0.0,0.0614484452643818,980.932870462412
1668407702.410973,15970.0,6.489999999999782,15.09493445,0.6708161399999995,0.0,1.0,0.0,0.0614484452643818,981.3316708721774
1668407762.4750605,15964.43,-5.569999999999709,14.7533908,-0.3415436500000002,1.0,0.0,980.9894030320548,0.0,980.9894030320548
1668407822.3364909,15976.31,11.8799999999992,15.09646803,0.3430772300000004,0.0,1.0,0.0,0.0614027521393898,980.9894030320548
1668407883.195389,15976.95,0.6400000000012369,15.8385137,0.7420456699999995,0.0,1.0,0.0,0.0614027521393898,981.028700793424
1668407943.175878,15976.9,-0.0500000000010913,15.58109116,-0.2574225400000003,1.0,0.0,981.0256306558168,0.0,981.0256306558168
1668408003.233282,15985.22,8.319999999999709,16.94840991,1.367318749999999,0.0,1.0,0.0,0.0613707931861943,981.0256306558168
1668408064.1302178,15994.95,9.730000000001382,18.13972876,1.1913188500000018,0.0,1.0,0.0,0.0613707931861943,981.6227684735186
1668408124.766214,16106.4,111.44999999999892,29.56532039,11.42559163,0.0,1.0,0.0,0.0613707931861943,988.46254337412
1668408184.0617864,16252.38,145.97999999999956,53.7408667,24.17554631,0.0,1.0,0.0,0.0613707931861943,997.4214517634404
1668408245.5509603,16356.9,104.52000000000044,73.61126411,19.870397409999995,0.0,1.0,0.0,0.0613707931861943,1003.8359270672617
1668408305.3689878,16437.78,80.8799999999992,103.80279125,30.191527140000005,0.0,1.0,0.0,0.0613707931861943,1008.7995968201608
1668408365.3938158,16426.0,-11.779999999998836,113.88844574,10.085654489999996,0.0,1.0,0.0,0.0613707931861943,1008.0766488764276
1668408426.372279,16331.45,-94.54999999999929,110.74271462,-3.1457311199999936,1.0,0.0,1002.274040380673,0.0,1002.274040380673
1668408486.3368714,16322.0,-9.450000000000728,109.5333739,-1.20934072,1.0,0.0,1002.274040380673,0.0,1002.274040380673
1668408546.187405,16334.67,12.670000000000073,112.13586811,2.6024942100000032,0.0,1.0,0.0,0.0613586953627268,1002.274040380673
1668408608.8330252,16354.85,20.18000000000029,112.26820823,0.1323401199999949,0.0,1.0,0.0,0.0613586953627268,1003.5122588530924
1668408667.1601791,16402.28,47.42999999999847,118.49045322,6.222244990000007,0.0,1.0,0.0,0.0613586953627268,1006.4225017741464
1668408727.0618117,16398.62,-3.659999999999856,116.92643606,-1.564017160000006,1.0,0.0,1006.1979289491188,0.0,1006.1979289491188
1668408787.8426628,16529.27,130.65000000000146,131.43684205,14.510405989999995,0.0,1.0,0.0,0.0608737063977488,1006.1979289491188
1668408848.1331606,16507.47,-21.799999999999272,132.98016467,1.543322619999998,0.0,1.0,0.0,0.0608737063977488,1004.8708821496464
1668408907.7545986,16489.46,-18.010000000002037,133.04735362,0.067188950000002,0.0,1.0,0.0,0.0608737063977488,1003.7745466974228
1668408968.9600918,16467.41,-22.049999999999272,128.37014101,-4.677212609999998,1.0,0.0,1002.4322814713526,0.0,1002.4322814713526
1668409028.749921,16496.05,28.63999999999941,125.67392859,-2.696212419999995,1.0,0.0,1002.4322814713526,0.0,1002.4322814713526
1668409089.2143407,16513.66,17.610000000000582,125.19011418,-0.4838144100000079,1.0,0.0,1002.4322814713526,0.0,1002.4322814713526
1668409149.5773163,16546.2,32.54000000000087,124.72764662,-0.4624675599999932,1.0,0.0,1002.4322814713526,0.0,1002.4322814713526
1668409209.5103178,16701.39,155.1899999999987,140.9698114,16.242164779999996,0.0,1.0,0.0,0.0600208893673731,1002.4322814713526
1668409269.444014,16594.21,-107.18000000000028,134.2711734,-6.698637999999988,1.0,0.0,995.9992425489564,0.0,995.9992425489564
1668409330.2648056,16558.33,-35.87999999999738,128.82689519,-5.4442782100000215,1.0,0.0,995.9992425489564,0.0,995.9992425489564
1668409390.4866192,16577.45,19.11999999999898,124.02307155,-4.80382363999999,1.0,0.0,995.9992425489564,0.0,995.9992425489564
1668409450.326226,16539.32,-38.13000000000102,117.06469046,-6.958381090000003,1.0,0.0,995.9992425489564,0.0,995.9992425489564
1668409511.3395443,16533.62,-5.700000000000728,109.08656561,-7.97812485,1.0,0.0,995.9992425489564,0.0,995.9992425489564
1668409571.175625,16548.59,14.970000000001164,105.23686439,-3.84970122,1.0,0.0,995.9992425489564,0.0,995.9992425489564
1668409631.923705,16510.49,-38.09999999999855,86.01555895,-19.221305439999995,1.0,0.0,995.9992425489564,0.0,995.9992425489564
1668409692.0379295,16511.91,1.4199999999982538,78.58410735,-7.431451600000003,1.0,0.0,995.9992425489564,0.0,995.9992425489564
1668409752.081838,16521.22,9.31000000000131,73.0935351,-5.49057225,1.0,0.0,995.9992425489564,0.0,995.9992425489564
1668409812.1249194,16508.15,-13.069999999999707,65.38461448,-7.708920620000001,1.0,0.0,995.9992425489564,0.0,995.9992425489564
1668409872.9211452,16528.71,20.55999999999767,62.49391325,-2.8907012299999977,1.0,0.0,995.9992425489564,0.0,995.9992425489564
1668409932.8581986,16467.96,-60.75,49.61980192,-12.874111329999998,1.0,0.0,995.9992425489564,0.0,995.9992425489564
1668409992.7979996,16509.8,41.84000000000015,48.67923035,-0.940571570000003,1.0,0.0,995.9992425489564,0.0,995.9992425489564
1668410054.0706477,16522.35,12.549999999999272,46.54668669,-2.132543659999996,1.0,0.0,995.9992425489564,0.0,995.9992425489564
1668410114.1903071,16503.29,-19.05999999999767,40.79834079,-5.748345900000004,1.0,0.0,995.9992425489564,0.0,995.9992425489564
1668410174.7366776,16479.63,-23.65999999999985,33.7456909,-7.052649889999998,1.0,0.0,995.9992425489564,0.0,995.9992425489564
1668410234.9451375,16436.4,-43.22999999999956,23.20318182,-10.54250908,1.0,0.0,995.9992425489564,0.0,995.9992425489564
1668410294.9314077,16434.25,-2.150000000001455,16.99496601,-6.208215810000002,1.0,0.0,995.9992425489564,0.0,995.9992425489564
1668410354.9774375,16408.26,-25.9900000000016,8.54422971,-8.450736299999999,1.0,0.0,995.9992425489564,0.0,995.9992425489564
1668410415.70372,16387.51,-20.75,0.56164304,-7.98258667,1.0,0.0,995.9992425489564,0.0,995.9992425489564
1668410475.7796636,16447.98,60.47000000000117,4.03550929,3.4738662500000004,0.0,1.0,0.0,0.0605545022883634,995.9992425489564
1668410535.7597108,16462.66,14.680000000000293,4.9368546,0.90134531,0.0,1.0,0.0,0.0605545022883634,996.8881826425486
1668410596.5321257,16462.7,0.0400000000008731,4.80962587,-0.1272287300000005,1.0,0.0,996.8906048226402,0.0,996.8906048226402
1668410656.5520546,16484.16,21.459999999999127,7.72968245,2.9200565800000007,0.0,1.0,0.0,0.0604756690557869,996.8906048226402
1668410716.3986845,16532.82,48.659999999999854,15.35747401,7.62779156,0.0,1.0,0.0,0.0604756690557869,999.8333508788947
1668410777.5610857,16566.38,33.56000000000131,22.85723852,7.4997645099999986,0.0,1.0,0.0,0.0604756690557869,1001.8629143324072
1668410837.45086,16636.62,70.23999999999796,36.30945016,13.452211639999998,0.0,1.0,0.0,0.0604756690557869,1006.1107253268854
1668410897.713957,16691.44,54.81999999999971,49.79405158,13.484601420000004,0.0,1.0,0.0,0.0604756690557869,1009.4260015045236
1668410958.3036294,16703.05,11.610000000000582,57.94116714,8.147115559999996,0.0,1.0,0.0,0.0604756690557869,1010.1281240222612
1668411018.448555,16764.86,61.81000000000131,71.78775938,13.84659224,0.0,1.0,0.0,0.0604756690557869,1013.8661251265996
1668411078.2888842,16785.15,20.29000000000088,80.7770366,8.989277220000005,0.0,1.0,0.0,0.0604756690557869,1015.0931764517416
1668411138.9146764,16756.73,-28.42000000000189,81.61374493,0.8367083299999933,0.0,1.0,0.0,0.0604756690557869,1013.374457937176
1668411199.2317398,16716.67,-40.06000000000131,77.45246876,-4.161276169999994,1.0,0.0,1010.9518026348012,0.0,1010.9518026348012
1668411258.8382866,16736.4,19.7300000000032,78.74279815,1.2903293899999966,0.0,1.0,0.0,0.0604043762478669,1010.9518026348012
1668411319.923249,16715.7,-20.700000000000728,74.72147881,-4.021319340000005,1.0,0.0,1009.7014320464688,0.0,1009.7014320464688
1668411379.8847404,16781.56,65.86000000000058,81.15384506,6.432366250000001,0.0,1.0,0.0,0.0601673165096968,1009.7014320464688
1668411439.8964462,16795.75,14.18999999999869,83.15771933,2.0038742700000114,0.0,1.0,0.0,0.0601673165096968,1010.55520626774
1668411500.8517623,16798.67,2.9199999999982538,83.37432509,0.2166057599999931,0.0,1.0,0.0,0.0601673165096968,1010.730894831948
1668411560.7159688,16738.71,-59.95999999999913,73.7772468,-9.59707829,1.0,0.0,1007.1232625340268,0.0,1007.1232625340268
1668411620.7642672,16739.13,0.4200000000018917,69.20954852,-4.567698280000002,1.0,0.0,1007.1232625340268,0.0,1007.1232625340268
1668411681.7691412,16752.98,13.849999999998545,66.88064955,-2.3288989699999973,1.0,0.0,1007.1232625340268,0.0,1007.1232625340268
1668411741.5954154,16736.49,-16.489999999997963,61.09715553,-5.783494019999999,1.0,0.0,1007.1232625340268,0.0,1007.1232625340268
1668411801.4328427,16781.22,44.72999999999956,63.39156674,2.29441121,0.0,1.0,0.0,0.060014901332205,1007.1232625340268
1668411862.8644538,16807.74,26.52000000000044,65.33077795,1.9392112099999963,0.0,1.0,0.0,0.060014901332205,1008.7148577173554
1668411922.964638,16825.62,17.87999999999738,66.89378402,1.56300607,0.0,1.0,0.0,0.060014901332205,1009.787924153175
1668411982.748384,16849.26,23.63999999999941,69.65795224,2.764168220000002,0.0,1.0,0.0,0.060014901332205,1011.2066764206684
1668412043.7513206,16791.12,-58.13999999999942,61.2541108,-8.40384144,1.0,0.0,1007.717410057214,0.0,1007.717410057214
1668412103.864986,16773.92,-17.200000000000728,55.17413771,-6.079973090000003,1.0,0.0,1007.717410057214,0.0,1007.717410057214
1668412164.331547,16775.49,1.570000000003347,51.15269979,-4.021437919999997,1.0,0.0,1007.717410057214,0.0,1007.717410057214
1668412225.0250187,16771.35,-4.140000000003056,46.74507838,-4.407621409999997,1.0,0.0,1007.717410057214,0.0,1007.717410057214
1668412284.7658904,16807.2,35.85000000000218,48.13680583,1.3917274499999976,0.0,1.0,0.0,0.059957483105884,1007.717410057214
1668412344.8578498,16856.01,48.80999999999767,53.16652747,5.029721639999998,0.0,1.0,0.0,0.059957483105884,1010.6439348076116
1668412405.657054,16813.48,-42.52999999999884,47.37375532,-5.792772149999998,1.0,0.0,1008.0939430511186,0.0,1008.0939430511186
1668412465.683399,16788.27,-25.209999999999127,41.48911603,-5.884639290000003,1.0,0.0,1008.0939430511186,0.0,1008.0939430511186
1668412525.6475115,16795.65,7.380000000001019,39.02470059,-2.464415439999996,1.0,0.0,1008.0939430511186,0.0,1008.0939430511186
1668412586.71748,16805.12,9.469999999997526,37.52723726,-1.4974633300000022,1.0,0.0,1008.0939430511186,0.0,1008.0939430511186
1668412647.1628218,16803.91,-1.2099999999991269,35.23609897,-2.2911382899999992,1.0,0.0,1008.0939430511186,0.0,1008.0939430511186
1668412707.2256408,16796.07,-7.8400000000001455,31.93246469,-3.3036342800000007,1.0,0.0,1008.0939430511186,0.0,1008.0939430511186
1668412767.480431,16797.12,1.0499999999992724,29.61867114,-2.31379355,1.0,0.0,1008.0939430511186,0.0,1008.0939430511186
1668412827.488582,16822.96,25.840000000000146,31.167612,1.5489408599999983,0.0,1.0,0.0,0.0599236961302362,1008.0939430511186
1668412887.5881126,16854.85,31.88999999999941,34.805297,3.6376850000000047,0.0,1.0,0.0,0.0599236961302362,1010.0049097207116
1668412948.2221413,16862.92,8.069999999999709,36.50738828,1.7020912799999977,0.0,1.0,0.0,0.0599236961302362,1010.4884939484824
1668413008.2294867,16868.15,5.230000000003201,37.5573527,1.049964420000002,0.0,1.0,0.0,0.0599236961302362,1010.8018948792438
1668413068.2151053,16883.02,14.86999999999898,39.55901643,2.001663729999997,0.0,1.0,0.0,0.0599236961302362,1011.6929602407004
1668413129.1866386,16920.51,37.48999999999796,45.21739236,5.658375929999998,0.0,1.0,0.0,0.0599236961302362,1013.9394996086228
1668413189.1724164,16884.27,-36.23999999999796,41.77453197,-3.44286039,1.0,0.0,1011.7678648608633,0.0,1011.7678648608633
1668413250.005332,16837.14,-47.13000000000102,34.1922297,-7.58230227,1.0,0.0,1011.7678648608633,0.0,1011.7678648608633
1668413309.8763,16803.91,-33.22999999999956,25.94183095,-8.250398749999999,1.0,0.0,1011.7678648608633,0.0,1011.7678648608633
1668413369.9265373,16825.8,21.88999999999941,27.68804178,1.746210829999999,0.0,1.0,0.0,0.0601319322029777,1011.7678648608633
1668413429.9441185,16824.98,-0.819999999999709,20.846757,-6.841284779999999,1.0,0.0,1011.7185566764558,0.0,1011.7185566764558
1668413490.6996243,16838.02,13.040000000000871,20.3505138,-0.4962431999999985,1.0,0.0,1011.7185566764558,0.0,1011.7185566764558
1668413550.6625896,16864.0,25.979999999999563,22.58740866,2.23689486,0.0,1.0,0.0,0.0599927986644008,1011.7185566764558
1668413610.6214857,16911.92,47.919999999998254,29.2329089,6.6455002400000005,0.0,1.0,0.0,0.0599927986644008,1014.593411588453
1668413671.965633,16858.63,-53.28999999999724,23.57817612,-5.654732780000003,1.0,0.0,1011.3963953476272,0.0,1011.3963953476272
1668413732.5825994,16876.74,18.110000000000586,24.8591115,1.2809353800000025,0.0,1.0,0.0,0.059928421919614,1011.3963953476272
1668413792.015143,16905.11,28.36999999999898,28.36736236,3.5082508600000004,0.0,1.0,0.0,0.059928421919614,1013.0965646774858
1668413912.650124,16857.22,-47.88999999999942,20.84803319,-7.519329170000002,1.0,0.0,1010.2265925517556,0.0,1010.2265925517556
1668413972.5755594,16849.66,-7.56000000000131,17.76747772,-3.08055547,1.0,0.0,1010.2265925517556,0.0,1010.2265925517556
1668414033.4375443,16824.22,-25.43999999999869,12.02769319,-5.739784529999998,1.0,0.0,1010.2265925517556,0.0,1010.2265925517556
1668414093.48647,16850.52,26.299999999999272,12.63001895,0.6023257599999994,0.0,1.0,0.0,0.0599522502897094,1010.2265925517556
1668414153.4695082,16840.0,-10.520000000000437,9.89962413,-2.7303948200000008,1.0,0.0,1009.5958948787064,0.0,1009.5958948787064
1668414215.0517612,16808.7,-31.299999999999272,3.88045844,-6.01916569,1.0,0.0,1009.5958948787064,0.0,1009.5958948787064
1668414274.2202375,16842.21,33.5099999999984,5.73605335,1.85559491,0.0,1.0,0.0,0.0599443834792884,1009.5958948787064
1668414334.241036,16820.31,-21.899999999997817,2.01305175,-3.7230016,1.0,0.0,1008.2831128805096,0.0,1008.2831128805096
1668414395.2275078,16808.61,-11.700000000000728,-1.21197284,-3.22502459,1.0,0.0,1008.2831128805096,0.0,1008.2831128805096
1668414455.327078,16795.9,-12.709999999999129,-4.78974712,-3.5777742800000003,1.0,0.0,1008.2831128805096,0.0,1008.2831128805096
1668414515.2232044,16782.57,-13.330000000001746,-8.74343919,-3.95369207,1.0,0.0,1008.2831128805096,0.0,1008.2831128805096
1668414575.9483993,16784.19,1.6199999999989814,-10.56304633,-1.8196071400000005,1.0,0.0,1008.2831128805096,0.0,1008.2831128805096
1668414636.1241655,16781.68,-2.5099999999984,-12.32558869,-1.7625423599999994,1.0,0.0,1008.2831128805096,0.0,1008.2831128805096
1668414696.75099,16807.63,25.950000000000728,-9.7395551,2.5860335899999995,0.0,1.0,0.0,0.0599896066774738,1008.2831128805096
1668414756.738143,16799.65,-7.979999999999563,-10.26679215,-0.5272370500000001,1.0,0.0,1007.8043958192228,0.0,1007.8043958192228
1668414816.7848637,16794.66,-4.990000000001601,-10.95432504,-0.68753289,1.0,0.0,1007.8043958192228,0.0,1007.8043958192228
1668414876.7985227,16798.48,3.819999999999709,-10.41690343,0.5374216100000009,0.0,1.0,0.0,0.0599937849031116,1007.8043958192228
1668414937.7729793,16797.96,-0.5200000000004366,-10.2910162,0.12588723,0.0,1.0,0.0,0.0599937849031116,1007.7731990510724
1668414997.8096268,16779.38,-18.57999999999811,-12.56600121,-2.27498501,1.0,0.0,1006.6585145275728,0.0,1006.6585145275728
1668415057.8386345,16737.27,-42.11000000000058,-18.88648158,-6.320480370000002,1.0,0.0,1006.6585145275728,0.0,1006.6585145275728
1668415118.6504798,16756.47,19.200000000000728,-18.3896709,0.4968106800000029,0.0,1.0,0.0,0.0600758103901103,1006.6585145275728
1668415179.549719,16727.73,-28.7400000000016,-23.05298606,-4.66331516,1.0,0.0,1004.9319357369598,0.0,1004.9319357369598
1668415238.6303017,16732.48,4.75,-23.97616123,-0.9231751700000004,1.0,0.0,1004.9319357369598,0.0,1004.9319357369598
1668415299.387504,16756.06,23.580000000001743,-21.38975911,2.586402119999999,0.0,1.0,0.0,0.0599742383195667,1004.9319357369598
1668415359.428461,16761.43,5.369999999998981,-19.83423922,1.5555198899999994,0.0,1.0,0.0,0.0599742383195667,1005.2539973967348
1668415419.3662372,16780.42,18.989999999997963,-16.11332113,3.7209180900000014,0.0,1.0,0.0,0.0599742383195667,1006.3929081824232
1668415480.3996174,16776.27,-4.149999999997817,-14.71113509,1.4021860399999984,0.0,1.0,0.0,0.0599742383195667,1006.1440150933972
1668415540.247141,16777.36,1.0900000000001455,-12.96251422,1.7486208700000017,0.0,1.0,0.0,0.0599742383195667,1006.2093870131656
1668415600.3657634,16770.23,-7.130000000001019,-12.52558919,0.4369250299999994,0.0,1.0,0.0,0.0599742383195667,1005.781770693947
1668415661.9794147,16756.32,-13.909999999999854,-13.70638874,-1.1807995499999997,1.0,0.0,1004.947529038922,0.0,1004.947529038922
1668415721.076856,16743.67,-12.650000000001455,-15.31731159,-1.6109228499999997,1.0,0.0,1004.947529038922,0.0,1004.947529038922
1668415781.1425712,16767.93,24.26000000000204,-12.41022271,2.90708888,0.0,1.0,0.0,0.0599327125673188,1004.947529038922
1668415842.1240597,16751.98,-15.950000000000728,-12.8294048,-0.4191820900000014,1.0,0.0,1003.9916022734732,0.0,1003.9916022734732
1668415901.955494,16796.12,44.13999999999942,-7.17549897,5.653905830000001,0.0,1.0,0.0,0.0597752101243306,1003.9916022734732
1668415962.0253396,16781.45,-14.669999999998254,-6.00393558,1.171563389999999,0.0,1.0,0.0,0.0597752101243306,1003.1146999409476
1668416022.720632,16787.83,6.380000000001019,-3.84992577,2.15400981,0.0,1.0,0.0,0.0597752101243306,1003.496065781541
1668416082.682795,16775.68,-12.150000000001455,-3.79237387,0.0575518999999999,0.0,1.0,0.0,0.0597752101243306,1002.7697969785304
1668416142.8779683,16786.4,10.720000000001164,-2.19758219,1.5947916800000002,0.0,1.0,0.0,0.0597752101243306,1003.4105872310632
1668416204.1867251,16778.08,-8.319999999999709,-2.60918962,-0.4116074300000001,1.0,0.0,1002.9132574828288,0.0,1002.9132574828288
1668416263.721293,16792.89,14.809999999997672,-1.07056367,1.53862595,0.0,1.0,0.0,0.0597224931195779,1002.9132574828288
1668416323.7737367,16798.0,5.110000000000582,0.73760104,1.80816471,0.0,1.0,0.0,0.0597224931195779,1003.2184394226696
1668416384.68335,16776.2,-21.799999999999272,-1.15668142,-1.89428246,1.0,0.0,1001.9164890726628,0.0,1001.9164890726628
1668416444.6292984,16771.67,-4.530000000002474,-2.46373927,-1.30705785,1.0,0.0,1001.9164890726628,0.0,1001.9164890726628
1668416504.5638258,16738.6,-33.06999999999971,-6.16757502,-3.70383575,1.0,0.0,1001.9164890726628,0.0,1001.9164890726628
1668416565.71921,16702.69,-35.909999999999854,-11.35835846,-5.19078344,1.0,0.0,1001.9164890726628,0.0,1001.9164890726628
1668416625.5176675,16714.86,12.170000000001892,-14.0614748,-2.70311634,1.0,0.0,1001.9164890726628,0.0,1001.9164890726628
1668416685.6481738,16720.0,5.139999999999418,-15.4941128,-1.4326380000000007,1.0,0.0,1001.9164890726628,0.0,1001.9164890726628
1668416747.362827,16715.22,-4.779999999998836,-17.50873158,-2.01461878,1.0,0.0,1001.9164890726628,0.0,1001.9164890726628
1668416806.7160668,16705.78,-9.440000000002328,-18.6309999,-1.12226832,1.0,0.0,1001.9164890726628,0.0,1001.9164890726628
1668416866.722239,16679.35,-26.43000000000029,-22.48641589,-3.855415990000001,1.0,0.0,1001.9164890726628,0.0,1001.9164890726628
1668416927.4157338,16703.87,24.52000000000044,-21.35893072,1.12748517,0.0,1.0,0.0,0.05998109953398,1001.9164890726628
1668416987.3025246,16685.73,-18.13999999999941,-24.08498324,-2.72605252,1.0,0.0,1000.828431927116,0.0,1000.828431927116
1668417047.404165,16710.73,25.0,-21.56033995,2.52464329,0.0,1.0,0.0,0.0598913651245107,1000.828431927116
1668417107.975099,16710.7,-0.0299999999988358,-20.06316712,1.4971728300000002,0.0,1.0,0.0,0.0598913651245107,1000.8266351861612
1668417167.9507785,16701.01,-9.690000000002328,-20.7204003,-0.6572331800000022,1.0,0.0,1000.2462878581044,0.0,1000.2462878581044
1668417228.0977385,16704.62,3.610000000000582,-20.12066062,0.5997396800000026,0.0,1.0,0.0,0.0598784221286149,1000.2462878581044
1668417289.0454907,16699.63,-4.989999999997963,-19.95136588,0.169294739999998,0.0,1.0,0.0,0.0598784221286149,999.9474945316812
1668417349.012581,16679.62,-20.01000000000204,-21.53484352,-1.583477639999998,1.0,0.0,998.7493273048876,0.0,998.7493273048876
1668417408.9665923,16692.67,13.049999999999272,-21.00329051,0.5315530099999997,0.0,1.0,0.0,0.0598316103598098,998.7493273048876
1668417469.7734945,16683.25,-9.419999999998254,-20.79205381,0.2112367000000006,0.0,1.0,0.0,0.0598316103598098,998.1857135352968
1668417529.7143471,16652.78,-30.470000000001164,-24.00958819,-3.21753438,1.0,0.0,996.3626443676334,0.0,996.3626443676334
1668417589.7119904,16661.73,8.950000000000728,-24.99752241,-0.9879342199999996,1.0,0.0,996.3626443676334,0.0,996.3626443676334
1668417650.9044862,16673.26,11.529999999998836,-24.28187813,0.7156442799999994,0.0,1.0,0.0,0.0597581183504385,996.3626443676334
1668417710.4088576,16701.95,28.69000000000233,-19.74160622,4.540271909999998,0.0,1.0,0.0,0.0597581183504385,998.0771047831064
1668417770.423982,16685.64,-16.31000000000131,-18.64362031,1.097985910000002,0.0,1.0,0.0,0.0597581183504385,997.1024498728106
1668417831.419376,16693.45,7.81000000000131,-16.48281631,2.160803999999999,0.0,1.0,0.0,0.0597581183504385,997.5691607771276
1668417891.2493043,16689.0,-4.450000000000728,-15.65419544,0.82862087,0.0,1.0,0.0,0.0597581183504385,997.303237150468
1668417951.234302,16702.39,13.389999999999418,-13.20432475,2.449870690000001,0.0,1.0,0.0,0.0597581183504385,998.1033983551804
1668418012.3645768,16706.51,4.119999999998981,-11.01605289,2.1882718600000004,0.0,1.0,0.0,0.0597581183504385,998.3496018027842
1668418072.2135825,16703.34,-3.1699999999982538,-9.47721928,1.5388336099999993,0.0,1.0,0.0,0.0597581183504385,998.1601685676134
1668418132.318615,16701.08,-2.2599999999984,-8.01570185,1.461517430000001,0.0,1.0,0.0,0.0597581183504385,998.0251152201416
1668418193.1609502,16699.69,-1.390000000003056,-6.83657947,1.179122379999999,0.0,1.0,0.0,0.0597581183504385,997.9420514356342
1668418253.6267574,16706.04,6.350000000002183,-4.87210917,1.9644703000000003,0.0,1.0,0.0,0.0597581183504385,998.3215154871596
1668418313.1424026,16697.58,-8.459999999999127,-4.79139346,0.0807157099999997,0.0,1.0,0.0,0.0597581183504385,997.815961805915
1668418373.79633,16723.68,26.099999999998545,-2.24439205,2.54700141,0.0,1.0,0.0,0.0597581183504385,999.3756486948612
1668418433.7203774,16745.15,21.470000000001164,2.13753665,4.3819287,0.0,1.0,0.0,0.0597581183504385,1000.6586554958452
1668418493.640627,16731.7,-13.450000000000728,3.00490109,0.8673644400000002,0.0,1.0,0.0,0.0597581183504385,999.854908804032
1668418554.730715,16726.2,-5.5,3.00553965,0.0006385599999996,0.0,1.0,0.0,0.0597581183504385,999.5262391531044
1668418614.8891397,16732.37,6.169999999998254,4.51213537,1.5065957200000004,0.0,1.0,0.0,0.0597581183504385,999.8949467433264
1668418674.7305088,16746.87,14.5,6.7910165,2.27888113,0.0,1.0,0.0,0.0597581183504385,1000.761439459408
1668418735.3690162,16740.0,-6.869999999998981,7.46761891,0.6766024100000001,0.0,1.0,0.0,0.0597581183504385,1000.3509011863404
1668418795.6421895,16727.66,-12.340000000000146,6.6551592,-0.8124597099999997,1.0,0.0,999.613486005896,0.0,999.613486005896
1668418855.3792932,16722.47,-5.18999999999869,6.26370817,-0.3914510299999998,1.0,0.0,999.613486005896,0.0,999.613486005896
1668418916.1780438,16735.53,13.059999999997672,6.94401681,0.6803086399999998,0.0,1.0,0.0,0.0597300166774458,999.613486005896
1668418976.238203,16735.83,0.3000000000029104,7.24902335,0.3050065399999999,0.0,1.0,0.0,0.0597300166774458,999.6314050108978
1668419036.1852355,16735.98,0.1499999999978172,7.14728982,-0.1017335299999997,1.0,0.0,999.6403645133992,0.0,999.6403645133992
1668419097.0121791,16756.51,20.52999999999884,9.21759263,2.0703028100000003,0.0,1.0,0.0,0.0596568357321064,999.6403645133992
1668419157.05887,16747.13,-9.37999999999738,10.28619369,1.0686010599999989,0.0,1.0,0.0,0.0596568357321064,999.0807833942312
1668419218.2539048,16756.17,9.039999999997235,11.22204341,0.9358497200000002,0.0,1.0,0.0,0.0596568357321064,999.6200811892492
1668419277.9514346,16755.0,-1.1699999999982538,11.61978324,0.3977398300000008,0.0,1.0,0.0,0.0596568357321064,999.5502826914428
1668419337.770707,16770.6,15.599999999998545,13.27143072,1.6516474799999994,0.0,1.0,0.0,0.0596568357321064,1000.4809293288636
1668419397.8373396,16771.5,0.9000000000014552,13.92290777,0.6514770500000004,0.0,1.0,0.0,0.0596568357321064,1000.5346204810226
1668419458.5667126,16755.82,-15.680000000000293,13.00483032,-0.9180774500000002,1.0,0.0,999.5992012967432,0.0,999.5992012967432
1668419518.4245882,16741.74,-14.079999999998108,10.71710857,-2.28772175,1.0,0.0,999.5992012967432,0.0,999.5992012967432
1668419578.674575,16760.28,18.539999999997235,10.71269073,-0.0044178400000003,1.0,0.0,999.5992012967432,0.0,999.5992012967432
1668419639.392827,16764.87,4.5900000000001455,11.17802908,0.4653383499999997,0.0,1.0,0.0,0.0596246318221819,999.5992012967432
1668419699.1801949,16786.0,21.13000000000102,13.78912892,2.61109984,0.0,1.0,0.0,0.0596246318221819,1000.8590697671456
1668419759.244132,16774.43,-11.569999999999707,13.30435879,-0.4847701299999993,1.0,0.0,1000.1692127769628,0.0,1000.1692127769628
1668419820.7934823,16773.84,-0.5900000000001455,13.84103465,0.536675859999999,0.0,1.0,0.0,0.0596267290481465,1000.1692127769628
1668419879.411924,16779.75,5.909999999999855,14.35113851,0.510103860000001,0.0,1.0,0.0,0.0596267290481465,1000.5216067456362
1668419939.4789388,16756.55,-23.200000000000728,12.75526848,-1.5958700300000004,1.0,0.0,999.1382666317191,0.0,999.1382666317191
1668419999.4157856,16749.89,-6.659999999999855,10.28133571,-2.47393277,1.0,0.0,999.1382666317191,0.0,999.1382666317191
1668420059.47307,16746.02,-3.869999999998981,8.53062105,-1.75071466,1.0,0.0,999.1382666317191,0.0,999.1382666317191
1668420119.4238195,16732.49,-13.529999999998836,5.61440702,-2.916214030000001,1.0,0.0,999.1382666317191,0.0,999.1382666317191
1668420179.4326794,16721.16,-11.330000000001746,2.20981432,-3.4045927,1.0,0.0,999.1382666317191,0.0,999.1382666317191
1668420239.3970397,16748.83,27.67000000000189,2.76655484,0.55674052,0.0,1.0,0.0,0.0596542126603302,999.1382666317191
1668420300.1831102,16755.27,6.43999999999869,4.06437399,1.29781915,0.0,1.0,0.0,0.0596542126603302,999.5224397612508
1668420359.448553,16748.0,-7.270000000000437,2.98826918,-1.07610481,1.0,0.0,999.0887536352102,0.0,999.0887536352102
1668420419.4221113,16740.15,-7.849999999998545,1.28439903,-1.70387015,1.0,0.0,999.0887536352102,0.0,999.0887536352102
1668420479.350546,16741.61,1.4599999999991269,0.23937762,-1.0450214100000002,1.0,0.0,999.0887536352102,0.0,999.0887536352102
1668420539.4102786,16730.76,-10.850000000002185,-1.50362591,-1.74300353,1.0,0.0,999.0887536352102,0.0,999.0887536352102
1668420599.2978966,16720.22,-10.539999999997235,-3.85083579,-2.3472098800000003,1.0,0.0,999.0887536352102,0.0,999.0887536352102
1668420659.284648,16734.17,13.94999999999709,-3.22524428,0.62559151,0.0,1.0,0.0,0.0597035140455254,999.0887536352102
1668420719.519468,16715.34,-18.82999999999811,-6.21917044,-2.99392616,1.0,0.0,997.9645364657326,0.0,997.9645364657326
1668420780.5014155,16715.2,-0.1399999999994179,-7.03959078,-0.8204203400000001,1.0,0.0,997.9645364657326,0.0,997.9645364657326
1668420839.402015,16716.0,0.7999999999992724,-7.94246015,-0.9028693699999994,1.0,0.0,997.9645364657326,0.0,997.9645364657326
1668420899.40423,16721.11,5.110000000000582,-7.85514342,0.0873167299999995,0.0,1.0,0.0,0.0596829119876451,997.9645364657326
1668420959.473888,16714.01,-7.100000000002183,-8.46655705,-0.6114136300000004,1.0,0.0,997.54078779062,0.0,997.54078779062
1668421019.3811705,16720.61,6.600000000002183,-7.59009415,0.8764629000000008,0.0,1.0,0.0,0.0596593538029186,997.54078779062
1668421079.4525907,16719.7,-0.9099999999998544,-7.83563345,-0.2455393000000008,1.0,0.0,997.486497778658,0.0,997.486497778658
1668421139.4469707,16718.78,-0.9200000000018916,-7.85054284,-0.0149093899999996,1.0,0.0,997.486497778658,0.0,997.486497778658
1668421199.3445678,16730.13,11.350000000002185,-6.38104085,1.4695019900000004,0.0,1.0,0.0,0.0596221606035731,997.486497778658
1668421260.052803,16743.0,12.86999999999898,-4.17467711,2.20636374,0.0,1.0,0.0,0.0596221606035731,998.2538349856244
1668421319.3936706,16741.3,-1.7000000000007276,-3.01388306,1.1607940500000002,0.0,1.0,0.0,0.0596221606035731,998.1524773125984
1668421379.4372942,16744.47,3.170000000001892,-1.59276621,1.42111685,0.0,1.0,0.0,0.0596221606035731,998.3414795617116
1668421439.5003765,16743.45,-1.0200000000004366,-0.59361695,0.99914926,0.0,1.0,0.0,0.0596221606035731,998.280664957896
1668421499.4644518,16722.54,-20.90999999999985,-1.6824935,-1.0888765500000002,1.0,0.0,997.0339655796754,0.0,997.0339655796754
1668421559.5656788,16737.47,14.930000000000293,-1.16071419,0.5217793100000001,0.0,1.0,0.0,0.0595689770066608,997.0339655796754
1668421619.5096097,16752.63,15.159999999999854,1.18732641,2.3480406,0.0,1.0,0.0,0.0595689770066608,997.937031271096
1668421679.4352272,16747.0,-5.630000000001019,2.01029354,0.8229671300000001,0.0,1.0,0.0,0.0595689770066608,997.6016579305484
1668421740.407445,16753.0,6.0,3.28605144,1.2757579,0.0,1.0,0.0,0.0595689770066608,997.9590717925884
1668421799.4270902,16747.5,-5.5,4.01407861,0.7280271700000003,0.0,1.0,0.0,0.0595689770066608,997.6314424190516
1668421859.5072718,16760.7,13.200000000000728,5.39917107,1.38509246,0.0,1.0,0.0,0.0595689770066608,998.4177529155396
1668421919.4681475,16768.57,7.869999999998981,7.06470734,1.6655362699999996,0.0,1.0,0.0,0.0595689770066608,998.886560764582
1668421979.5046146,16767.35,-1.2200000000011642,8.21607169,1.1513643499999997,0.0,1.0,0.0,0.0595689770066608,998.8138866126338
1668422039.3934193,16777.0,9.650000000001455,9.53918269,1.3231110000000008,0.0,1.0,0.0,0.0595689770066608,999.3887272407484
1668422099.3724704,16776.65,-0.3499999999985448,10.5012583,0.9620756099999994,0.0,1.0,0.0,0.0595689770066608,999.367878098796
1668422159.3650043,16767.34,-9.31000000000131,10.47477233,-0.0264859699999995,1.0,0.0,998.813290922864,0.0,998.813290922864
1668422220.6847355,16776.03,8.68999999999869,11.03606762,0.5612952900000003,0.0,1.0,0.0,0.0595381202181245,998.813290922864
1668422279.5287037,16780.79,4.760000000002037,11.57522127,0.5391536499999994,0.0,1.0,0.0,0.0595381202181245,999.0966923751014
1668422339.4612265,16809.49,28.700000000000728,14.76043435,3.1852130800000005,0.0,1.0,0.0,0.0595381202181245,1000.8054364253616
1668422399.3601234,16791.05,-18.44000000000233,14.65299497,-0.1074393800000006,1.0,0.0,999.7075534885392,0.0,999.7075534885392
1668422459.4432695,16794.21,3.1599999999998545,15.26678293,0.6137879599999998,0.0,1.0,0.0,0.0595269175202965,999.7075534885392
1668422519.397732,16788.0,-6.209999999999127,14.66288198,-0.6039009499999999,1.0,0.0,999.3378913307376,0.0,999.3378913307376
1668422579.6998627,16790.6,2.599999999998545,13.55893878,-1.1039431999999998,1.0,0.0,999.3378913307376,0.0,999.3378913307376
1668422639.5240438,16797.41,6.81000000000131,13.83631358,0.2773748000000005,0.0,1.0,0.0,0.059493570218905,999.3378913307376
1668422700.403093,16779.51,-17.900000000001455,12.34960924,-1.486704340000001,1.0,0.0,998.2729564238184,0.0,998.2729564238184
1668422759.649688,16799.51,20.0,13.342012,0.9924027600000008,0.0,1.0,0.0,0.0594227424742637,998.2729564238184
1668422819.5586765,16811.21,11.700000000000728,14.75351297,1.4115009699999987,0.0,1.0,0.0,0.0594227424742637,998.9682025107666
1668422879.5062065,16795.67,-15.540000000000871,14.331606,-0.4219069699999984,1.0,0.0,998.0447730927164,0.0,998.0447730927164
1668422939.5289102,16792.6,-3.069999999999709,13.42340505,-0.9082009500000012,1.0,0.0,998.0447730927164,0.0,998.0447730927164
1668422999.513765,16752.65,-39.94999999999709,8.12224615,-5.301158899999999,1.0,0.0,998.0447730927164,0.0,998.0447730927164
1668423059.617399,16776.85,24.19999999999709,7.69631522,-0.4259309300000007,1.0,0.0,998.0447730927164,0.0,998.0447730927164
1668423119.4820063,16798.36,21.51000000000204,8.88236104,1.1860458199999997,0.0,1.0,0.0,0.0594132268324239,998.0447730927164
1668423180.2645788,16788.49,-9.86999999999898,7.73204179,-1.150319249999999,1.0,0.0,997.4583645438804,0.0,997.4583645438804
1668423239.4130335,16790.66,2.1699999999982538,7.40395652,-0.3280852699999999,1.0,0.0,997.4583645438804,0.0,997.4583645438804
1668423299.5113466,16788.88,-1.7799999999988358,7.18852625,-0.2154302700000006,1.0,0.0,997.4583645438804,0.0,997.4583645438804
1668423359.730116,16790.65,1.7700000000004366,6.69575283,-0.4927734199999998,1.0,0.0,997.4583645438804,0.0,997.4583645438804
1668423419.4937558,16793.77,3.1199999999989814,6.78087656,0.0851237300000002,0.0,1.0,0.0,0.0593945471769519,997.4583645438804
1668423479.5247371,16794.34,0.569999999999709,6.84086615,0.0599895899999998,0.0,1.0,0.0,0.0593945471769519,997.4922194357704
1668423539.6213353,16793.75,-0.5900000000001455,6.60216646,-0.2386996899999998,1.0,0.0,997.457176652936,0.0,997.457176652936
1668423599.4883509,16779.23,-14.520000000000437,4.77877761,-1.8233888500000008,1.0,0.0,997.457176652936,0.0,997.457176652936
1668423660.7342055,16791.34,12.110000000000582,4.84109551,0.0623179,0.0,1.0,0.0,0.0594030718604313,997.457176652936
1668423719.5332887,16803.0,11.659999999999854,5.52953843,0.68844292,0.0,1.0,0.0,0.0594030718604313,998.1498164708272
1668423779.477934,16798.15,-4.849999999998545,5.62791654,0.0983781100000005,0.0,1.0,0.0,0.0594030718604313,997.861711572304
1668423839.5089283,16797.87,-0.2800000000024738,6.05352699,0.4256104499999997,0.0,1.0,0.0,0.0594030718604313,997.8450787121832
1668423899.6102226,16774.2,-23.669999999998254,3.67401332,-2.37951367,1.0,0.0,996.4390080012467,0.0,996.4390080012467
1668423959.5350175,16783.5,9.299999999999272,3.07136958,-0.60264374,1.0,0.0,996.4390080012467,0.0,996.4390080012467
1668424019.5366273,16787.83,4.330000000001746,2.78556646,-0.2858031199999997,1.0,0.0,996.4390080012467,0.0,996.4390080012467
1668424079.5667498,16797.31,9.479999999999563,3.51802836,0.7324619000000001,0.0,1.0,0.0,0.0593213441914953,996.4390080012467
1668424140.5753443,16814.97,17.659999999999854,5.63914923,2.12112087,0.0,1.0,0.0,0.0593213441914953,997.4866229396678
1668424199.422746,16807.42,-7.55000000000291,5.70047428,0.0613250499999997,0.0,1.0,0.0,0.0593213441914953,997.0387467910218
1668424259.7495787,16802.56,-4.859999999996944,5.48358947,-0.2168848099999998,1.0,0.0,996.7504450582512,0.0,996.7504450582512
1668424319.6139698,16799.23,-3.3300000000017462,5.00614686,-0.4774426099999997,1.0,0.0,996.7504450582512,0.0,996.7504450582512
1668424379.6347792,16795.73,-3.5,3.85181518,-1.1543316800000003,1.0,0.0,996.7504450582512,0.0,996.7504450582512
1668424439.4615965,16805.15,9.420000000001892,4.74933895,0.8975237700000003,0.0,1.0,0.0,0.0593122016202325,996.7504450582512
1668424499.514397,16812.37,7.219999999997526,6.38816372,1.6388247699999994,0.0,1.0,0.0,0.0593122016202325,997.1786791539482
1668424559.6070664,16817.27,4.900000000001455,7.27013041,0.8819666900000005,0.0,1.0,0.0,0.0593122016202325,997.4693089418874
1668424620.756039,16818.56,1.2900000000008731,7.8628205,0.5926900899999996,0.0,1.0,0.0,0.0593122016202325,997.5458216819776
1668424679.6930618,16828.25,9.68999999999869,9.2696384,1.4068179,0.0,1.0,0.0,0.0593122016202325,998.1205569156776
1668424739.418143,16832.35,4.099999999998545,12.61556745,3.3459290500000005,0.0,1.0,0.0,0.0593122016202325,998.3637369423204
1668424799.4047172,16798.46,-33.88999999999942,9.86267668,-2.7528907700000005,1.0,0.0,996.3536464294108,0.0,996.3536464294108
1668424859.527432,16770.58,-27.87999999999738,4.99106347,-4.87161321,1.0,0.0,996.3536464294108,0.0,996.3536464294108
1668424919.4754932,16824.0,53.419999999998254,6.14923298,1.1581695099999996,0.0,1.0,0.0,0.0592221615804452,996.3536464294108
1668424979.496766,16793.88,-30.11999999999898,3.54641375,-2.60281923,1.0,0.0,994.5698749226073,0.0,994.5698749226073
1668425039.5977027,16799.18,5.299999999999272,3.41542577,-0.13098798,1.0,0.0,994.5698749226073,0.0,994.5698749226073
1668425100.777014,16783.16,-16.020000000000437,0.67372373,-2.7417020400000003,1.0,0.0,994.5698749226073,0.0,994.5698749226073
1668425159.5072558,16769.9,-13.2599999999984,-1.6924822,-2.36620593,1.0,0.0,994.5698749226073,0.0,994.5698749226073
1668425219.474249,16764.03,-5.870000000002619,-4.56523764,-2.8727554400000006,1.0,0.0,994.5698749226073,0.0,994.5698749226073
1668425279.5040655,16759.48,-4.549999999999272,-6.92532924,-2.3600916,1.0,0.0,994.5698749226073,0.0,994.5698749226073
1668425339.6856563,16782.03,22.549999999999272,-6.57411813,0.3512111100000004,0.0,1.0,0.0,0.0592639790849263,994.5698749226073
1668425399.50243,16785.27,3.2400000000016007,-6.23472482,0.3393933099999993,0.0,1.0,0.0,0.0592639790849263,994.761890214841
1668425459.905929,16776.16,-9.110000000000582,-6.46285826,-0.2281334399999997,1.0,0.0,994.2219953653772,0.0,994.2219953653772
1668425519.4946043,16764.26,-11.900000000001455,-7.10972644,-0.6468681800000002,1.0,0.0,994.2219953653772,0.0,994.2219953653772
1668425580.7065928,16772.23,7.970000000001164,-7.32722707,-0.2175006299999999,1.0,0.0,994.2219953653772,0.0,994.2219953653772
1668425639.5713084,16758.89,-13.340000000000146,-8.73818982,-1.4109627500000004,1.0,0.0,994.2219953653772,0.0,994.2219953653772
1668425699.920714,16757.9,-0.9899999999979628,-9.65657198,-0.9183821600000002,1.0,0.0,994.2219953653772,0.0,994.2219953653772
1668425759.6457877,16765.4,7.5,-9.10087886,0.5556931200000008,0.0,1.0,0.0,0.0593020145875062,994.2219953653772
1668425819.653384,16784.8,19.399999999997817,-6.70632855,2.39455031,0.0,1.0,0.0,0.0593020145875062,995.372454448374
1668425879.6779866,16767.13,-17.669999999998254,-7.52308576,-0.8167572099999996,1.0,0.0,994.3245878506128,0.0,994.3245878506128
1668425939.5696363,16755.73,-11.400000000001455,-8.38201871,-0.8589329500000007,1.0,0.0,994.3245878506128,0.0,994.3245878506128
1668425999.7569208,16746.57,-9.159999999999854,-9.5309752,-1.1489564899999998,1.0,0.0,994.3245878506128,0.0,994.3245878506128
1668426060.7667272,16749.58,3.0100000000020373,-10.49651782,-0.965542619999999,1.0,0.0,994.3245878506128,0.0,994.3245878506128
1668426119.6757047,16750.69,1.109999999996944,-10.2844628,0.2120550199999993,0.0,1.0,0.0,0.0593602166746929,994.3245878506128
1668426179.61274,16753.92,3.2299999999995634,-9.74010264,0.5443601600000001,0.0,1.0,0.0,0.0593602166746929,994.5163213504708
1668426239.671465,16766.0,12.080000000001746,-8.59729123,1.1428114100000002,0.0,1.0,0.0,0.0593602166746929,995.2333927679013
1668426299.6612396,16740.49,-25.5099999999984,-9.93910511,-1.34181388,1.0,0.0,993.7191136405298,0.0,993.7191136405298
1668426359.684255,16748.37,7.879999999997381,-9.99734978,-0.0582446700000005,1.0,0.0,993.7191136405298,0.0,993.7191136405298
1668426419.5799367,16755.78,7.4099999999998545,-9.37683718,0.6205125999999996,0.0,1.0,0.0,0.0593060492343853,993.7191136405298
1668426479.5642889,16765.52,9.7400000000016,-7.8659454,1.5108917800000006,0.0,1.0,0.0,0.0593060492343853,994.2967545600716
1668426540.4696543,16762.88,-2.639999999999418,-7.0739176,0.7920278000000005,0.0,1.0,0.0,0.0593060492343853,994.1401865900928
1668426599.4525826,16751.07,-11.81000000000131,-7.86745416,-0.7935365600000006,1.0,0.0,993.4397821486344,0.0,993.4397821486344
1668426659.56593,16749.37,-1.7000000000007276,-7.77934781,0.0881063500000003,0.0,1.0,0.0,0.0593120685821994,993.4397821486344
1668426719.690943,16758.61,9.2400000000016,-6.96080227,0.8185455399999997,0.0,1.0,0.0,0.0593120685821994,993.9878256623329
1668426779.5944014,16758.56,-0.0499999999992724,-6.53607524,0.4247270300000005,0.0,1.0,0.0,0.0593120685821994,993.9848600589036
1668426839.5413015,16764.39,5.829999999998108,-5.140837,1.3952382399999994,0.0,1.0,0.0,0.0593120685821994,994.3306494187378
1668426899.577691,16756.83,-7.559999999997672,-4.87698893,0.2638480699999999,0.0,1.0,0.0,0.0593120685821994,993.8822501802564
1668426959.690271,16761.88,5.049999999999272,-4.1857638,0.6912251300000003,0.0,1.0,0.0,0.0593120685821994,994.1817761265966
1668427020.819276,16764.17,2.289999999997235,-3.09063829,1.0951255100000004,0.0,1.0,0.0,0.0593120685821994,994.3176007636496
1668427079.5966823,16756.91,-7.259999999998399,-3.09990569,-0.0092674000000001,1.0,0.0,993.886995145743,0.0,993.886995145743
1668427139.7295525,16758.4,1.4900000000016007,-2.44815408,0.6517516099999998,0.0,1.0,0.0,0.0593067951084675,993.886995145743
1668427199.6818564,16749.81,-8.590000000000146,-3.25969641,-0.81154233,1.0,0.0,993.37754977576,0.0,993.37754977576
1668427260.0184731,16752.35,2.539999999997235,-3.47324394,-0.21354753,1.0,0.0,993.37754977576,0.0,993.37754977576
1668427320.0288167,16754.17,1.819999999999709,-3.50874561,-0.0355016699999999,1.0,0.0,993.37754977576,0.0,993.37754977576
1668427379.751029,16739.3,-14.86999999999898,-4.64380847,-1.1350628599999997,1.0,0.0,993.37754977576,0.0,993.37754977576
1668427439.520919,16720.09,-19.209999999999127,-8.14132843,-3.49751996,1.0,0.0,993.37754977576,0.0,993.37754977576
1668427500.3584986,16717.81,-2.279999999998836,-10.65381622,-2.51248779,1.0,0.0,993.37754977576,0.0,993.37754977576
1668427559.5807128,16689.88,-27.93000000000029,-15.63784172,-4.984025500000001,1.0,0.0,993.37754977576,0.0,993.37754977576
1668427619.739789,16710.12,20.239999999997963,-15.3661648,0.2716769200000009,0.0,1.0,0.0,0.0594476610446699,993.37754977576
1668427679.9252229,16704.19,-5.930000000000291,-15.52588599,-0.1597211900000008,1.0,0.0,993.0250251457644,0.0,993.0250251457644
1668427739.9433432,16699.84,-4.349999999998545,-15.77835849,-0.2524724999999996,1.0,0.0,993.0250251457644,0.0,993.0250251457644
1668427799.8936648,16681.67,-18.17000000000189,-18.53540244,-2.757043949999998,1.0,0.0,993.0250251457644,0.0,993.0250251457644
1668427859.730893,16688.06,6.390000000003056,-19.14618582,-0.6107833800000009,1.0,0.0,993.0250251457644,0.0,993.0250251457644
1668427919.8080592,16692.49,4.430000000000291,-19.75078367,-0.6045978500000011,1.0,0.0,993.0250251457644,0.0,993.0250251457644
1668427979.930705,16714.26,21.7699999999968,-17.12088966,2.629894010000001,0.0,1.0,0.0,0.0594118450440381,993.0250251457644
1668428039.6919963,16714.39,0.1300000000010186,-15.6803831,1.440506559999999,0.0,1.0,0.0,0.0594118450440381,993.03274868562
1668428099.72984,16697.85,-16.540000000000873,-15.43113323,0.2492498699999998,0.0,1.0,0.0,0.0594118450440381,992.0500767685916
1668428159.7353656,16709.83,11.9800000000032,-13.96807794,1.4630552899999998,0.0,1.0,0.0,0.0594118450440381,992.7618306722192
1668428219.7722998,16697.24,-12.590000000000146,-13.56536048,0.4027174599999998,0.0,1.0,0.0,0.0594118450440381,992.0138355431149
1668428279.8334813,16695.0,-2.2400000000016007,-13.09934325,0.4660172300000003,0.0,1.0,0.0,0.0594118450440381,991.880753010216
1668428339.8141906,16701.24,6.240000000001601,-12.27612273,0.8232205199999996,0.0,1.0,0.0,0.0594118450440381,992.251482923291
1668428399.9002807,16695.6,-5.640000000003056,-12.17360865,0.1025140800000006,0.0,1.0,0.0,0.0594118450440381,991.9164001172423
1668428459.7357178,16699.46,3.860000000000582,-11.88186136,0.29174729,0.0,1.0,0.0,0.0594118450440381,992.1457298391124
1668428520.227548,16699.57,0.110000000000582,-11.53329211,0.3485692500000006,0.0,1.0,0.0,0.0594118450440381,992.1522651420672
1668428579.7393267,16702.05,2.4799999999995634,-10.78040675,0.7528853600000005,0.0,1.0,0.0,0.0594118450440381,992.2996065177764
1668428639.5756502,16710.76,8.709999999999127,-8.90670645,1.8737003,0.0,1.0,0.0,0.0594118450440381,992.81708368811
1668428699.7765226,16713.92,3.1599999999998545,-7.4037039,1.5030025499999995,0.0,1.0,0.0,0.0594118450440381,993.0048251184492
1668428759.6165612,16731.41,17.4900000000016,-4.95025433,2.45344957,0.0,1.0,0.0,0.0594118450440381,994.0439382882696
1668428819.654581,16723.88,-7.529999999998836,-4.12099533,0.8292589999999995,0.0,1.0,0.0,0.0594118450440381,993.596567095088
1668428879.6022928,16754.67,30.789999999997235,0.37781606,4.49881139,0.0,1.0,0.0,0.0594118450440381,995.4258578039936
1668428939.75816,16751.98,-2.6899999999986903,3.09996763,2.7221515700000003,0.0,1.0,0.0,0.0594118450440381,995.2660399408252
1668428999.7993217,16752.59,0.6100000000005821,5.01329987,1.91333224,0.0,1.0,0.0,0.0594118450440381,995.3022811663022
1668429059.636441,16749.89,-2.700000000000728,6.60671423,1.5934143599999997,0.0,1.0,0.0,0.0594118450440381,995.1418691846832
1668429119.6415184,16746.6,-3.290000000000873,7.04371793,0.4370037,0.0,1.0,0.0,0.0594118450440381,994.9464042144884
1668429179.8713708,16758.62,12.020000000000437,8.45700421,1.4132862799999997,0.0,1.0,0.0,0.0594118450440381,995.6605345919176
1668429239.7446842,16796.03,37.409999999999854,14.90147093,6.444466720000001,0.0,1.0,0.0,0.0594118450440381,997.8831317150152
1668429299.743843,16820.46,24.43000000000029,18.70923,3.807759070000001,0.0,1.0,0.0,0.0594118450440381,999.334563089441
1668429359.755034,16796.26,-24.200000000000728,19.41680043,0.707570429999997,0.0,1.0,0.0,0.0594118450440381,997.8967964393752
1668429419.7234786,16782.04,-14.219999999997526,19.74389298,0.3270925499999997,0.0,1.0,0.0,0.0594118450440381,997.0519600028492
1668429480.415465,16785.74,3.700000000000728,20.17950488,0.4356119000000014,0.0,1.0,0.0,0.0594118450440381,997.2717838295122
1668429539.74868,16761.39,-24.350000000002183,17.46243289,-2.717071990000001,1.0,0.0,995.8251054026896,0.0,995.8251054026896
1668429599.8205826,16780.42,19.02999999999884,17.73279961,0.2703667200000019,0.0,1.0,0.0,0.0593444684580415,995.8251054026896
1668429659.7903445,16792.88,12.460000000002765,17.90866586,0.1758662499999985,0.0,1.0,0.0,0.0593444684580415,996.564537479676
1668429719.6950028,16798.51,5.629999999997381,18.00294141,0.0942755499999989,0.0,1.0,0.0,0.0593444684580415,996.8986468370946
1668429780.0517406,16790.29,-8.219999999997526,16.96247013,-1.0404712799999984,1.0,0.0,996.4108353063696,0.0,996.4108353063696
1668429839.9779692,16785.57,-4.720000000001164,16.31084004,-0.6516300900000012,1.0,0.0,996.4108353063696,0.0,996.4108353063696
1668429899.8022358,16779.85,-5.720000000001164,15.02227767,-1.2885623699999993,1.0,0.0,996.4108353063696,0.0,996.4108353063696
1668429960.5321598,16774.72,-5.129999999997381,13.35142109,-1.6708565799999988,1.0,0.0,996.4108353063696,0.0,996.4108353063696
1668430019.7856717,16786.3,11.579999999998108,13.1291006,-0.2223204900000013,1.0,0.0,996.4108353063696,0.0,996.4108353063696
1668430079.6445053,16811.44,25.13999999999941,15.68240469,2.553304090000001,0.0,1.0,0.0,0.0592698088507807,996.4108353063696
1668430139.862297,16806.26,-5.180000000000291,15.35733446,-0.3250702299999997,1.0,0.0,996.1038176965216,0.0,996.1038176965216
1668430199.7242525,16801.67,-4.5900000000001455,15.14444249,-0.2128919700000011,1.0,0.0,996.1038176965216,0.0,996.1038176965216
1668430259.6607654,16804.66,2.9900000000016007,15.02067472,-0.1237677699999988,1.0,0.0,996.1038176965216,0.0,996.1038176965216
1668430319.856268,16798.16,-6.5,14.1930117,-0.827663020000001,1.0,0.0,996.1038176965216,0.0,996.1038176965216
1668430379.7136197,16803.58,5.420000000001892,14.0624608,-0.1305508999999993,1.0,0.0,996.1038176965216,0.0,996.1038176965216
1668430440.3679037,16799.51,-4.070000000003347,13.38450428,-0.6779565200000004,1.0,0.0,996.1038176965216,0.0,996.1038176965216
1668430500.0534234,16803.57,4.06000000000131,13.89055442,0.506050140000001,0.0,1.0,0.0,0.059279297059882,996.1038176965216
1668430559.8158374,16787.44,-16.13000000000102,11.84494953,-2.0456048900000017,1.0,0.0,995.1476426349452,0.0,995.1476426349452
1668430619.6920545,16790.05,2.610000000000582,10.62268281,-1.2222667199999986,1.0,0.0,995.1476426349452,0.0,995.1476426349452
1668430679.7561083,16796.78,6.729999999999563,10.26040896,-0.3622738500000011,1.0,0.0,995.1476426349452,0.0,995.1476426349452
1668430739.815086,16801.02,4.240000000001601,10.74306171,0.4826527499999997,0.0,1.0,0.0,0.0592313825371879,995.1476426349452
1668430799.6493726,16821.68,20.65999999999985,12.30998339,1.56692168,0.0,1.0,0.0,0.0592313825371879,996.3713629981628
1668430859.8272712,16820.27,-1.4099999999998545,12.92814087,0.6181574800000007,0.0,1.0,0.0,0.0592313825371879,996.2878467487856
1668430920.47184,16809.0,-11.270000000000437,12.33603285,-0.5921080199999995,1.0,0.0,995.6203090675914,0.0,995.6203090675914
1668430979.979454,16816.17,7.169999999998254,12.06693036,-0.2691024899999998,1.0,0.0,995.6203090675914,0.0,995.6203090675914
1668431040.587226,16806.91,-9.2599999999984,11.14465303,-0.92227733,1.0,0.0,995.6203090675914,0.0,995.6203090675914
1668431100.6912427,16816.62,9.709999999999129,11.4124756,0.2678225699999998,0.0,1.0,0.0,0.0592045434259435,995.6203090675914
1668431160.4325783,16836.64,20.02000000000044,14.00846052,2.59598492,0.0,1.0,0.0,0.0592045434259435,996.8055840269774
1668431221.5651605,16848.82,12.180000000000293,16.01315793,2.0046974099999986,0.0,1.0,0.0,0.0592045434259435,997.5266953659052
1668431281.5773158,16808.98,-39.84000000000015,14.15663229,-1.8565256399999992,1.0,0.0,995.1679863558156,0.0,995.1679863558156
1668431341.594388,16799.99,-8.989999999997963,11.14573067,-3.0109016199999985,1.0,0.0,995.1679863558156,0.0,995.1679863558156
1668431402.2874768,16766.83,-33.159999999999854,4.9178734,-6.22785727,1.0,0.0,995.1679863558156,0.0,995.1679863558156
1668431462.984127,16771.8,4.969999999997526,1.90627464,-3.0115987600000005,1.0,0.0,995.1679863558156,0.0,995.1679863558156
1668431522.1411445,16787.14,15.340000000000146,1.51784258,-0.3884320599999999,1.0,0.0,995.1679863558156,0.0,995.1679863558156
1668431582.9684155,16826.26,39.11999999999898,4.06638799,2.54854541,0.0,1.0,0.0,0.0591437423619874,995.1679863558156
1668431643.197265,16914.63,88.37000000000262,12.19530495,8.128916960000002,0.0,1.0,0.0,0.0591437423619874,1000.394518868343
1668431703.0921674,17065.13,150.5,38.98240165,26.7870967,0.0,1.0,0.0,0.0591437423619874,1009.295652093822
1668431764.011561,17026.0,-39.13000000000102,47.15512019,8.172718539999998,0.0,1.0,0.0,0.0591437423619874,1006.9813574551974
1668431824.0399473,17007.29,-18.709999999999127,52.55405257,5.398932380000005,0.0,1.0,0.0,0.0591437423619874,1005.8747780356048
1668431884.043114,16996.08,-11.209999999999129,55.24284324,2.688790669999996,0.0,1.0,0.0,0.0591437423619874,1005.2117766837268
1668431944.9319055,17001.52,5.43999999999869,55.79710957,0.5542663300000044,0.0,1.0,0.0,0.0591437423619874,1005.533518642176
1668432004.897986,16999.89,-1.6300000000010186,56.84976869,1.0526591199999942,0.0,1.0,0.0,0.0591437423619874,1005.437114342126
1668432064.8482084,16999.02,-0.8699999999989814,57.26323227,0.4134635800000055,0.0,1.0,0.0,0.0591437423619874,1005.385659286271
1668432125.6514473,16996.41,-2.610000000000582,55.16902422,-2.094208050000006,1.0,0.0,1005.2312941187062,0.0,1005.2312941187062
1668432185.6208026,17024.62,28.209999999999127,56.99304787,1.8240236500000009,0.0,1.0,0.0,0.0590457404699021,1005.2312941187062
1668432245.6930826,17083.34,58.72000000000117,61.86726775,4.874219880000005,0.0,1.0,0.0,0.0590457404699021,1008.6984599990974
1668432306.6469555,17112.15,28.81000000000131,68.93520381,7.067936060000001,0.0,1.0,0.0,0.0590457404699021,1010.3995677820352
1668432366.76628,17074.58,-37.56999999999971,68.87372462,-0.06147919,1.0,0.0,1008.1812193125812,0.0,1008.1812193125812
1668432426.6881342,17071.27,-3.3100000000013097,68.26730593,-0.6064186899999982,1.0,0.0,1008.1812193125812,0.0,1008.1812193125812
1668432487.526997,17097.33,26.06000000000131,68.82817004,0.5608641099999971,0.0,1.0,0.0,0.0589671731967845,1008.1812193125812
1668432547.5250478,17117.18,19.849999999998545,70.98626564,2.158095599999996,0.0,1.0,0.0,0.0589671731967845,1009.3517177005358
1668432607.4624927,17155.21,38.02999999999884,76.93672304,5.950457400000005,0.0,1.0,0.0,0.0589671731967845,1011.5942392972096
1668432668.4840322,17137.51,-17.700000000000728,75.5293986,-1.407324440000011,1.0,0.0,1010.5505203316264,0.0,1010.5505203316264
1668432728.253821,17120.78,-16.729999999999563,71.90448721,-3.624911389999994,1.0,0.0,1010.5505203316264,0.0,1010.5505203316264
1668432788.1949892,17098.14,-22.63999999999941,67.51749074,-4.38699647,1.0,0.0,1010.5505203316264,0.0,1010.5505203316264
1668432849.4216125,17104.62,6.479999999999563,64.21004786,-3.3074428799999964,1.0,0.0,1010.5505203316264,0.0,1010.5505203316264
1668432909.4676974,17140.18,35.56000000000131,63.60128144,-0.608766420000002,1.0,0.0,1010.5505203316264,0.0,1010.5505203316264
1668432969.5101871,17139.09,-1.0900000000001455,60.90087302,-2.7004084200000023,1.0,0.0,1010.5505203316264,0.0,1010.5505203316264
1668433030.2788866,17113.32,-25.77000000000044,55.78938733,-5.111485690000002,1.0,0.0,1010.5505203316264,0.0,1010.5505203316264
1668433090.2650218,17077.53,-35.79000000000087,48.25979994,-7.529587389999996,1.0,0.0,1010.5505203316264,0.0,1010.5505203316264
1668433150.290551,17087.25,9.720000000001164,44.46688931,-3.7929106300000015,1.0,0.0,1010.5505203316264,0.0,1010.5505203316264
1668433210.9448602,17079.57,-7.680000000000291,39.34927882,-5.117610489999997,1.0,0.0,1010.5505203316264,0.0,1010.5505203316264
1668433270.9929347,17096.92,17.349999999998545,36.43463802,-2.914640800000001,1.0,0.0,1010.5505203316264,0.0,1010.5505203316264
1668433331.0383167,17094.57,-2.349999999998545,32.75812457,-3.6765134500000016,1.0,0.0,1010.5505203316264,0.0,1010.5505203316264
1668433391.7745,17067.2,-27.36999999999898,24.39313753,-8.364987039999999,1.0,0.0,1010.5505203316264,0.0,1010.5505203316264
1668433451.7490263,17063.25,-3.950000000000728,20.53381639,-3.859321140000002,1.0,0.0,1010.5505203316264,0.0,1010.5505203316264
1668433511.759473,17066.81,3.5600000000013097,18.04904004,-2.484776349999997,1.0,0.0,1010.5505203316264,0.0,1010.5505203316264
1668433572.9062576,17059.79,-7.020000000000437,14.76946594,-3.2795741000000014,1.0,0.0,1010.5505203316264,0.0,1010.5505203316264
1668433632.7075448,17071.52,11.729999999999563,14.1078851,-0.6615808399999992,1.0,0.0,1010.5505203316264,0.0,1010.5505203316264
1668433693.0132952,17085.45,13.930000000000293,15.21911017,1.1112250699999997,0.0,1.0,0.0,0.0591468483611275,1010.5505203316264
1668433753.4026046,17050.52,-34.93000000000029,9.21486931,-6.004240860000001,1.0,0.0,1008.4845209183716,0.0,1008.4845209183716
1668433813.4364796,16831.5,-219.02000000000044,-23.49502326,-32.70989257,1.0,0.0,1008.4845209183716,0.0,1008.4845209183716
1668433873.4048953,16715.98,-115.52000000000044,-52.13622397,-28.641200710000003,1.0,0.0,1008.4845209183716,0.0,1008.4845209183716
1668433934.329655,16523.0,-192.9799999999996,-93.87319104,-41.73696706999999,1.0,0.0,1008.4845209183716,0.0,1008.4845209183716
1668433994.6322944,16664.25,141.25,-93.64533401,0.2278570299999955,0.0,1.0,0.0,0.060517846342822,1008.4845209183716
1668434054.2084093,16625.81,-38.43999999999869,-106.63394198,-12.988607970000004,1.0,0.0,1006.1582149049536,0.0,1006.1582149049536
1668434115.2595358,16625.88,0.0699999999997089,-113.21198088,-6.578038899999996,1.0,0.0,1006.1582149049536,0.0,1006.1582149049536
1668434175.215797,16636.49,10.610000000000582,-115.578819,-2.366838119999997,1.0,0.0,1006.1582149049536,0.0,1006.1582149049536
1668434235.356224,16893.25,256.7599999999984,-80.74961525,34.82920374999999,0.0,1.0,0.0,0.0595597777162448,1006.1582149049536
1668434296.0509856,16741.16,-152.09000000000017,-89.7140341,-8.964418850000001,1.0,0.0,997.0997683120888,0.0,997.0997683120888
1668434355.9306655,16733.92,-7.240000000001601,-87.23143044,2.482603660000009,0.0,1.0,0.0,0.0595855465014825,997.0997683120888
1668434416.196013,16729.9,-4.019999999996799,-84.51681021,2.714620229999994,0.0,1.0,0.0,0.0595855465014825,996.860234415152
1668434477.291703,16660.23,-69.67000000000189,-91.02429311,-6.507482899999999,1.0,0.0,992.7089093903936,0.0,992.7089093903936
1668434536.691561,16702.09,41.86000000000058,-84.81366105,6.210632060000009,0.0,1.0,0.0,0.0594362088451441,992.7089093903936
1668434596.9186978,16705.47,3.380000000001018,-81.2348414,3.57881965,0.0,1.0,0.0,0.0594362088451441,992.9098037762894
1668434658.1980631,16722.09,16.61999999999898,-75.1503229,6.084518499999987,0.0,1.0,0.0,0.0594362088451441,993.8976335672957
1668434718.0831642,16705.94,-16.150000000001455,-72.949831,2.200491900000003,0.0,1.0,0.0,0.0594362088451441,992.9377387944464
1668434778.0213675,16742.99,37.05000000000291,-63.96777077,8.982060230000002,0.0,1.0,0.0,0.0594362088451441,995.1398503321592
1668434839.0042417,16747.2,4.209999999999127,-58.21909345,5.748677319999999,0.0,1.0,0.0,0.0594362088451441,995.3900767713972
1668434899.1839535,16795.68,48.47999999999956,-46.26954267,11.949550780000004,0.0,1.0,0.0,0.0594362088451441,998.27154417621
1668434959.0102546,16759.66,-36.02000000000044,-44.49872988,1.7708127900000008,0.0,1.0,0.0,0.0594362088451441,996.1306519336076
1668435020.8509543,16772.1,12.43999999999869,-38.59378592,5.904943959999997,0.0,1.0,0.0,0.0594362088451441,996.8700383716412
1668435079.7716732,16770.33,-1.7699999999967986,-34.63841972,3.9553662,0.0,1.0,0.0,0.0594362088451441,996.7648362819856
1668435139.8198795,16746.68,-23.65000000000145,-34.37919273,0.2592269900000019,0.0,1.0,0.0,0.0594362088451441,995.3591699427976
1668435200.622836,16747.37,0.6899999999986903,-32.19815823,2.1810345000000027,0.0,1.0,0.0,0.0594362088451441,995.4001809269008
1668435260.4434412,16742.49,-4.879999999997381,-30.86416346,1.3339947699999968,0.0,1.0,0.0,0.0594362088451441,995.1101322277368
1668435320.570054,16718.05,-24.44000000000233,-32.59932299,-1.7351595299999971,1.0,0.0,993.6575112835612,0.0,993.6575112835612
1668435381.6087914,16729.67,11.61999999999898,-30.30778919,2.2915337999999963,0.0,1.0,0.0,0.0593949259778322,993.6575112835612
1668435441.4967575,16690.57,-39.09999999999855,-34.54993142,-4.242142229999999,1.0,0.0,991.3351696778268,0.0,991.3351696778268
1668435502.5392427,16693.25,2.680000000000291,-34.65723407,-0.1073026500000011,1.0,0.0,991.3351696778268,0.0,991.3351696778268
1668435562.3606308,16689.51,-3.7400000000016007,-35.1755785,-0.5183444299999991,1.0,0.0,991.3351696778268,0.0,991.3351696778268
1668435622.3266137,16628.52,-60.98999999999796,-43.32045236,-8.144873859999997,1.0,0.0,991.3351696778268,0.0,991.3351696778268
1668435682.2221282,16640.75,12.229999999999563,-43.78237518,-0.4619228200000052,1.0,0.0,991.3351696778268,0.0,991.3351696778268
1668435743.0845475,16650.88,10.13000000000102,-43.10149958,0.6808756000000002,0.0,1.0,0.0,0.0595365031564594,991.3351696778268
1668435803.0743606,16616.94,-33.94000000000233,-47.38220362,-4.280704039999996,1.0,0.0,989.3145007606964,0.0,989.3145007606964
1668435862.9969466,16639.87,22.93000000000029,-44.74408269,2.6381209299999995,0.0,1.0,0.0,0.0594544609279217,989.3145007606964
1668435924.0444255,16635.53,-4.3400000000001455,-44.22815347,0.5159292199999967,0.0,1.0,0.0,0.0594544609279217,989.0564684002692
1668435984.5121217,16621.23,-14.299999999999272,-45.14764605,-0.9194925799999965,1.0,0.0,988.206269609,0.0,988.206269609
1668436043.996251,16611.46,-9.770000000000437,-45.68570407,-0.5380580200000011,1.0,0.0,988.206269609,0.0,988.206269609
1668436104.9154496,16586.67,-24.79000000000088,-48.49498973,-2.8092856600000005,1.0,0.0,988.206269609,0.0,988.206269609
1668436164.8465092,16601.74,15.070000000003349,-46.48670223,2.0082875000000016,0.0,1.0,0.0,0.0595242588794307,988.206269609
1668436224.867341,16608.4,6.659999999999855,-44.5076368,1.9790654299999983,0.0,1.0,0.0,0.0595242588794307,988.6027011731368
1668436285.5508063,16646.91,38.5099999999984,-37.42225459,7.085382209999999,0.0,1.0,0.0,0.0595242588794307,990.8949803825836
1668436345.530085,16655.76,8.849999999998545,-32.60036221,4.821892380000001,0.0,1.0,0.0,0.0595242588794307,991.4217700736666
1668436405.6046822,16618.7,-37.05999999999767,-34.3249418,-1.7245795899999976,1.0,0.0,989.215801039595,0.0,989.215801039595
1668436467.0063272,16568.94,-49.76000000000204,-39.91978264,-5.594840840000003,1.0,0.0,989.215801039595,0.0,989.215801039595
1668436526.9453728,16559.02,-9.919999999998254,-42.07718166,-2.15739902,1.0,0.0,989.215801039595,0.0,989.215801039595
1668436586.990661,16535.57,-23.450000000000728,-46.16675478,-4.089573119999997,1.0,0.0,989.215801039595,0.0,989.215801039595
1668436648.121941,16527.75,-7.819999999999709,-48.28078082,-2.114026039999999,1.0,0.0,989.215801039595,0.0,989.215801039595
1668436707.978092,16504.14,-23.610000000000586,-52.31943235,-4.038651530000003,1.0,0.0,989.215801039595,0.0,989.215801039595
1668436768.1532946,16511.93,7.790000000000873,-52.25327928,0.0661530699999985,0.0,1.0,0.0,0.0599091566545882,989.215801039595
1668436828.910941,16546.24,34.31000000000131,-47.24354048,5.009738800000001,0.0,1.0,0.0,0.0599091566545882,991.2712842044136
1668436888.8927944,16530.49,-15.75,-47.30085456,-0.0573140799999976,1.0,0.0,990.3277149871038,0.0,990.3277149871038
1668436948.9479885,16553.6,23.109999999996944,-42.46233931,4.83851525,0.0,1.0,0.0,0.0598255192216257,990.3277149871038
1668437010.0943651,16542.58,-11.0199999999968,-41.18975638,1.272582929999999,0.0,1.0,0.0,0.0598255192216257,989.6684377652808
1668437070.7323062,16536.01,-6.570000000003347,-39.88510686,1.304649519999998,0.0,1.0,0.0,0.0598255192216257,989.2753841039946
1668437129.902452,16517.61,-18.399999999997817,-40.67823691,-0.793130050000002,1.0,0.0,988.1745945503168,0.0,988.1745945503168
1668437190.688849,16523.12,5.509999999998399,-39.0026326,1.6756043100000042,0.0,1.0,0.0,0.0598055690783772,988.1745945503168
1668437249.9476194,16478.87,-44.25,-43.74753498,-4.744902379999999,1.0,0.0,985.5281981185976,0.0,985.5281981185976
1668437309.902945,16520.8,41.93000000000029,-38.27419696,5.47333802,0.0,1.0,0.0,0.0596537817853008,985.5281981185976
1668437370.0369856,16542.57,21.77000000000044,-33.05044094,5.223756019999996,0.0,1.0,0.0,0.0596537817853008,986.8268609480634
1668437429.8484397,16567.66,25.090000000000146,-26.5329144,6.517526540000002,0.0,1.0,0.0,0.0596537817853008,988.3235743330566
1668437490.0893805,16570.35,2.6899999999986903,-22.20103704,4.33187736,0.0,1.0,0.0,0.0596537817853008,988.484043006059
1668437549.974927,16572.36,2.0100000000020373,-18.35270531,3.848331729999998,0.0,1.0,0.0,0.0596537817853008,988.6039471074477
1668437610.1121714,16569.92,-2.4400000000023283,-15.67503761,2.6776677000000007,0.0,1.0,0.0,0.0596537817853008,988.4583918798912
1668437670.0757267,16556.9,-13.0199999999968,-14.95390427,0.7211333399999997,0.0,1.0,0.0,0.0596537817853008,987.6816996410467
1668437729.9215157,16576.0,19.099999999998545,-10.86598066,4.087923610000001,0.0,1.0,0.0,0.0596537817853008,988.821086873146
1668437790.0415742,16580.54,4.540000000000873,-8.18863013,2.67735053,0.0,1.0,0.0,0.0596537817853008,989.0919150424512
1668437849.952345,16591.09,10.549999999999272,-4.53916903,3.6494611,0.0,1.0,0.0,0.0596537817853008,989.7212624402864
1668437909.9683363,16609.11,18.02000000000044,0.10543244,4.6446014700000005,0.0,1.0,0.0,0.0596537817853008,990.7962235880574
1668437970.0689938,16603.21,-5.900000000001455,1.78288417,1.67745173,0.0,1.0,0.0,0.0596537817853008,990.444266275524
1668438030.037966,16606.71,3.5,3.83808484,2.05520067,0.0,1.0,0.0,0.0596537817853008,990.6530545117726
1668438089.9659257,16657.8,51.09000000000015,12.51237234,8.6742875,0.0,1.0,0.0,0.0596537817853008,993.7007662231836
1668438149.989761,16625.23,-32.56999999999971,11.36797506,-1.1443972800000015,1.0,0.0,991.7578425504364,0.0,991.7578425504364
1668438210.0887623,16622.43,-2.7999999999992724,12.08015609,0.71218103,0.0,1.0,0.0,0.0596638302913855,991.7578425504364
1668438269.9619808,16625.56,3.130000000001018,12.91199556,0.8318394700000002,0.0,1.0,0.0,0.0596638302913855,991.9445903392472
1668438330.0007915,16617.16,-8.400000000001455,12.24386318,-0.6681323799999994,1.0,0.0,991.4434141647996,0.0,991.4434141647996
1668438390.0945485,16614.59,-2.569999999999709,11.75951954,-0.4843436400000005,1.0,0.0,991.4434141647996,0.0,991.4434141647996
1668438450.1928215,16628.53,13.93999999999869,13.25412919,1.494609650000001,0.0,1.0,0.0,0.0596230342769204,991.4434141647996
1668438509.9863155,16638.52,9.9900000000016,14.81504379,1.5609146000000005,0.0,1.0,0.0,0.0596230342769204,992.0390482772256
1668438569.9410243,16641.68,3.1599999999998545,15.6908698,0.875826009999999,0.0,1.0,0.0,0.0596230342769204,992.2274570655408
1668438629.9601269,16631.31,-10.36999999999898,14.53544253,-1.1554272700000006,1.0,0.0,991.6091662000892,0.0,991.6091662000892
1668438689.9317565,16634.0,2.6899999999986903,14.49293201,-0.0425105199999986,1.0,0.0,991.6091662000892,0.0,991.6091662000892
1668438750.1148195,16618.65,-15.349999999998545,11.95581068,-2.53712133,1.0,0.0,991.6091662000892,0.0,991.6091662000892
1668438809.9607434,16619.43,0.7799999999988358,10.83121498,-1.1245957000000004,1.0,0.0,991.6091662000892,0.0,991.6091662000892
1668438870.085784,16636.15,16.720000000001164,12.15180406,1.3205890799999995,0.0,1.0,0.0,0.059605687986709,991.6091662000892
1668438929.97822,16662.4,26.25,15.77624483,3.62444077,0.0,1.0,0.0,0.059605687986709,993.17381550974
1668438989.9553406,16663.26,0.8599999999969441,16.9176961,1.141451270000001,0.0,1.0,0.0,0.059605687986709,993.2250764014084
1668439050.085682,16665.97,2.710000000002765,17.94791905,1.0302229499999989,0.0,1.0,0.0,0.059605687986709,993.3866078158526
1668439110.0484197,16648.97,-17.0,15.97800316,-1.96991589,1.0,0.0,992.3733111200786,0.0,992.3733111200786
1668439170.0185363,16624.66,-24.31000000000131,11.87850553,-4.09949763,1.0,0.0,992.3733111200786,0.0,992.3733111200786
1668439230.0445158,16620.13,-4.529999999998836,9.47740497,-2.40110056,1.0,0.0,992.3733111200786,0.0,992.3733111200786
1668439289.928002,16578.0,-42.13000000000102,1.44949522,-8.027909750000001,1.0,0.0,992.3733111200786,0.0,992.3733111200786
1668439350.7104132,16592.1,14.099999999998545,0.14910416,-1.30039106,1.0,0.0,992.3733111200786,0.0,992.3733111200786
1668439410.0446525,16598.19,6.0900000000001455,-0.9698896,-1.11899376,1.0,0.0,992.3733111200786,0.0,992.3733111200786
1668439470.2761672,16564.31,-33.87999999999738,-7.00552427,-6.03563467,1.0,0.0,992.3733111200786,0.0,992.3733111200786
1668439530.0972872,16548.97,-15.340000000000146,-11.82681371,-4.821289439999999,1.0,0.0,992.3733111200786,0.0,992.3733111200786
1668439590.0760715,16559.49,10.520000000000437,-12.83080197,-1.00398826,1.0,0.0,992.3733111200786,0.0,992.3733111200786
1668439650.0144022,16511.55,-47.94000000000233,-20.94727181,-8.11646984,1.0,0.0,992.3733111200786,0.0,992.3733111200786
1668439710.146237,16515.44,3.889999999999418,-23.55086302,-2.603591210000001,1.0,0.0,992.3733111200786,0.0,992.3733111200786
1668439770.0138314,16492.59,-22.849999999998545,-28.79558368,-5.244720659999999,1.0,0.0,992.3733111200786,0.0,992.3733111200786
1668439830.8602874,16521.47,28.88000000000102,-27.14902548,1.6465582000000012,0.0,1.0,0.0,0.0600656788481944,992.3733111200786
1668439890.0317948,16492.89,-28.580000000001743,-31.31096327,-4.16193779,1.0,0.0,990.656634018597,0.0,990.656634018597
1668439950.0078323,16463.69,-29.200000000000728,-36.55584482,-5.244881549999999,1.0,0.0,990.656634018597,0.0,990.656634018597
1668440009.9101589,16509.02,45.33000000000175,-32.01554487,4.540299949999998,0.0,1.0,0.0,0.060006992178736,990.656634018597
1668440069.985709,16532.49,23.470000000001164,-27.60880469,4.40674018,0.0,1.0,0.0,0.060006992178736,992.0649981250313
1668440130.212675,16516.77,-15.720000000001164,-27.65016703,-0.0413623399999991,1.0,0.0,991.1216882079814,0.0,991.1216882079814
1668440190.1923318,16495.92,-20.850000000002183,-29.21113866,-1.560971630000001,1.0,0.0,991.1216882079814,0.0,991.1216882079814
1668440250.14495,16537.15,41.2300000000032,-22.94141023,6.269728430000001,0.0,1.0,0.0,0.0599330409537303,991.1216882079814
1668440311.1347902,16533.2,-3.950000000000728,-20.89851612,2.042894109999999,0.0,1.0,0.0,0.0599330409537303,990.884952696214
1668440370.0670233,16541.42,8.219999999997526,-17.78999501,3.1085211100000016,0.0,1.0,0.0,0.0599330409537303,991.3776022928536
1668440430.1672697,16550.55,9.13000000000102,-14.26804118,3.521953829999997,0.0,1.0,0.0,0.0599330409537303,991.9247909567612
1668440490.0181208,16554.35,3.799999999999272,-11.37951979,2.888521390000001,0.0,1.0,0.0,0.0599330409537303,992.1525365123852
1668440550.1003034,16548.43,-5.919999999998254,-9.98597581,1.3935439800000005,0.0,1.0,0.0,0.0599330409537303,991.7977329099392
1668440610.3348982,16540.37,-8.06000000000131,-9.62600159,0.3599742199999998,0.0,1.0,0.0,0.0599330409537303,991.314672599852
1668440670.0546813,16543.9,3.530000000002474,-8.23151699,1.3944846000000002,0.0,1.0,0.0,0.0599330409537303,991.5262362344188
1668440729.9893577,16547.77,3.869999999998981,-6.71871599,1.5128009999999996,0.0,1.0,0.0,0.0599330409537303,991.7581771029096
1668440791.052428,16552.99,5.220000000001164,-4.96086732,1.7578486699999996,0.0,1.0,0.0,0.0599330409537303,992.0710275766884
1668440850.136018,16556.24,3.25,-3.54604893,1.4148183900000002,0.0,1.0,0.0,0.0599330409537303,992.265809959788
1668440910.0687883,16534.48,-21.76000000000204,-5.52195954,-1.97591061,1.0,0.0,990.9616669886346,0.0,990.9616669886346
1668440970.0795171,16536.21,1.7299999999995634,-5.40256326,0.1193962800000001,0.0,1.0,0.0,0.0599267708252758,990.9616669886346
1668441030.4266217,16542.05,5.8400000000001455,-4.46350105,0.9390622100000005,0.0,1.0,0.0,0.0599267708252758,991.3116393302536
1668441090.1574533,16538.56,-3.4899999999979627,-4.60275401,-0.1392529600000003,1.0,0.0,991.1024949000736,0.0,991.1024949000736
1668441150.0209866,16586.74,48.18000000000029,2.36525432,6.96800833,0.0,1.0,0.0,0.0597526997408817,991.1024949000736
1668441210.083425,16578.61,-8.130000000001019,3.64143801,1.27618369,0.0,1.0,0.0,0.0597526997408817,990.6167054511787
1668441270.2398477,16578.79,0.180000000000291,5.13336529,1.4919272800000003,0.0,1.0,0.0,0.0597526997408817,990.6274609371322
1668441330.065319,16584.15,5.360000000000582,7.11708356,1.98371827,0.0,1.0,0.0,0.0597526997408817,990.9477354077434
1668441390.2601323,16594.12,9.969999999997526,9.53581021,2.418726649999999,0.0,1.0,0.0,0.0597526997408817,991.5434698241598
1668441450.1014056,16596.02,1.9000000000014552,10.96762254,1.4318123300000014,0.0,1.0,0.0,0.0597526997408817,991.6569999536677
1668441510.1843336,16594.67,-1.3500000000021828,11.72812987,0.7605073299999994,0.0,1.0,0.0,0.0597526997408817,991.5763338090172
1668441570.0557687,16597.24,2.570000000003347,12.56361657,0.8354867000000006,0.0,1.0,0.0,0.0597526997408817,991.7298982473516
1668441629.9805727,16593.77,-3.470000000001164,12.55136565,-0.0122509200000013,1.0,0.0,991.5225563792504,0.0,991.5225563792504
1668441691.0126803,16580.5,-13.270000000000437,10.68487531,-1.8664903399999984,1.0,0.0,991.5225563792504,0.0,991.5225563792504
1668441750.2088175,16567.24,-13.2599999999984,7.86055225,-2.824323060000001,1.0,0.0,991.5225563792504,0.0,991.5225563792504
1668441810.2745862,16597.78,30.539999999997235,10.82538728,2.96483503,0.0,1.0,0.0,0.059738263573758,991.5225563792504
1668441870.1565893,16575.4,-22.37999999999738,7.95247049,-2.87291679,1.0,0.0,990.1856140404684,0.0,990.1856140404684
1668441930.2674136,16598.96,23.55999999999767,10.3402222,2.38775171,0.0,1.0,0.0,0.0596534731115966,990.1856140404684
1668441990.1489053,16598.67,-0.2900000000008731,10.51497745,0.1747552500000004,0.0,1.0,0.0,0.0596534731115966,990.1683145332652
1668442050.2356384,16593.09,-5.579999999998108,9.68596974,-0.8290077099999991,1.0,0.0,989.8354481533024,0.0,989.8354481533024
1668442110.1714044,16596.67,3.5799999999981083,9.90924788,0.2232781399999996,0.0,1.0,0.0,0.0596406055041946,989.8354481533024
1668442170.146555,16594.58,-2.0899999999965075,9.54712662,-0.3621212600000003,1.0,0.0,989.7107992877976,0.0,989.7107992877976
1668442230.1775367,16588.09,-6.490000000001601,8.28161903,-1.2655075900000003,1.0,0.0,989.7107992877976,0.0,989.7107992877976
1668442290.1769,16556.24,-31.849999999998545,3.03314448,-5.24847455,1.0,0.0,989.7107992877976,0.0,989.7107992877976
1668442350.1352072,16507.74,-48.5,-5.90707144,-8.94021592,1.0,0.0,989.7107992877976,0.0,989.7107992877976
1668442410.2245338,16488.64,-19.100000000002183,-12.51299519,-6.60592375,1.0,0.0,989.7107992877976,0.0,989.7107992877976
1668442470.2796938,16477.51,-11.13000000000102,-17.9336092,-5.42061401,1.0,0.0,989.7107992877976,0.0,989.7107992877976
1668442530.1316383,16492.81,15.30000000000291,-19.19332997,-1.2597207700000013,1.0,0.0,989.7107992877976,0.0,989.7107992877976
1668442590.1085863,16470.08,-22.729999999999563,-24.04597559,-4.8526456200000005,1.0,0.0,989.7107992877976,0.0,989.7107992877976
1668442650.2186744,16410.45,-59.63000000000102,-34.58270945,-10.536733860000002,1.0,0.0,989.7107992877976,0.0,989.7107992877976
1668442710.331306,16386.82,-23.63000000000102,-42.05743117,-7.474721719999998,1.0,0.0,989.7107992877976,0.0,989.7107992877976
1668442770.0996218,16386.86,0.0400000000008731,-45.88106119,-3.823630019999996,1.0,0.0,989.7107992877976,0.0,989.7107992877976
1668442830.497615,16396.57,9.709999999999129,-47.01624838,-1.1351871900000037,1.0,0.0,989.7107992877976,0.0,989.7107992877976
1668442890.3128476,16419.24,22.67000000000189,-44.63279639,2.383451989999997,0.0,1.0,0.0,0.0602775036656871,989.7107992877976
1668442950.1305835,16430.31,11.069999999999707,-42.29063789,2.342158500000004,0.0,1.0,0.0,0.0602775036656871,990.3780712533754
1668443010.2053285,16415.99,-14.319999999999707,-42.68984905,-0.3992111600000001,1.0,0.0,989.5148974008828,0.0,989.5148974008828
1668443070.2045708,16441.59,25.599999999998545,-38.00225488,4.687594169999997,0.0,1.0,0.0,0.060183649963348,989.5148974008828
1668443130.3882308,16438.46,-3.130000000001018,-35.93901583,2.06323905,0.0,1.0,0.0,0.060183649963348,989.3265225764976
1668443190.1922936,16444.12,5.659999999999855,-33.02931601,2.90969982,0.0,1.0,0.0,0.060183649963348,989.66716203529
1668443250.1795082,16447.59,3.470000000001164,-30.12270442,2.9066115900000007,0.0,1.0,0.0,0.060183649963348,989.8759993006628
1668443310.401296,16443.74,-3.849999999998545,-28.26328477,1.859419650000003,0.0,1.0,0.0,0.060183649963348,989.644292248304
1668443370.1163497,16458.78,15.039999999997235,-24.1176709,4.145613869999998,0.0,1.0,0.0,0.060183649963348,990.5494543437528
1668443430.1473925,16468.51,9.729999999999563,-20.15937293,3.95829797,0.0,1.0,0.0,0.060183649963348,991.135041257896
1668443490.324935,16461.92,-6.5900000000001455,-18.36810475,1.7912681799999994,0.0,1.0,0.0,0.060183649963348,990.7384310046376
1668443550.8364158,16452.39,-9.529999999998836,-17.67774525,0.6903594999999996,0.0,1.0,0.0,0.060183649963348,990.1648808204868
1668443610.1391895,16449.36,-3.029999999998836,-16.68454565,0.9931996000000004,0.0,1.0,0.0,0.060183649963348,989.982524361098
1668443670.2917452,16453.25,3.889999999999418,-15.07511119,1.609434460000001,0.0,1.0,0.0,0.060183649963348,990.2166387594556
1668443730.1947098,16489.56,36.31000000000131,-8.65530034,6.419810849999999,0.0,1.0,0.0,0.060183649963348,992.4019070896248
1668443790.3489037,16505.21,15.649999999997815,-3.68268093,4.97261941,0.0,1.0,0.0,0.060183649963348,993.3437812115508
1668443850.2669842,16491.2,-14.0099999999984,-2.7033917,0.97928923,0.0,1.0,0.0,0.060183649963348,992.5006082755646
1668443910.2858546,16462.48,-28.720000000001164,-5.0896472,-2.3862555,1.0,0.0,990.7721338486172,0.0,990.7721338486172
1668443970.28699,16473.28,10.799999999999272,-3.48898072,1.60066648,0.0,1.0,0.0,0.060144193132674,990.7721338486172
1668444030.1863568,16471.49,-1.7899999999972351,-3.13744054,0.3515401799999997,0.0,1.0,0.0,0.060144193132674,990.6644757429086
1668444090.2969432,16471.42,-0.0700000000033469,-2.80303366,0.3344068799999999,0.0,1.0,0.0,0.060144193132674,990.6602656493892
1668444150.222694,16482.39,10.970000000001164,-0.95396909,1.84906457,0.0,1.0,0.0,0.060144193132674,991.3200474480548
1668444210.2359238,16486.97,4.580000000001746,0.33130562,1.28527471,0.0,1.0,0.0,0.060144193132674,991.5955078526024
1668444270.19164,16482.93,-4.040000000000873,0.61528341,0.2839777899999999,0.0,1.0,0.0,0.060144193132674,991.3525253123464
1668444330.2218494,16436.4,-46.52999999999884,-5.31264559,-5.927929,1.0,0.0,988.5540160058832,0.0,988.5540160058832
1668444390.3182478,16448.48,12.079999999998108,-5.46510468,-0.1524590899999998,1.0,0.0,988.5540160058832,0.0,988.5540160058832
1668444450.4347513,16492.58,44.10000000000218,-0.0431804,5.42192428,0.0,1.0,0.0,0.0599393191365985,988.5540160058832
1668444510.325132,16483.91,-8.670000000001892,0.13041613,0.17359653,0.0,1.0,0.0,0.0599393191365985,988.0343421089674
1668444570.214255,16476.17,-7.740000000001601,-0.03837032,-0.1687864499999999,1.0,0.0,987.57041177885,0.0,987.57041177885
1668444630.2856383,16500.59,24.42000000000189,3.60877118,3.6471415,0.0,1.0,0.0,0.0598506121162243,987.57041177885
1668444690.264042,16495.55,-5.040000000000873,4.28308502,0.6743138399999995,0.0,1.0,0.0,0.0598506121162243,987.2687646937836
1668444750.237952,16488.55,-7.0,3.97205809,-0.3110269299999997,1.0,0.0,986.84981040897,0.0,986.84981040897
1668444810.3346884,16470.77,-17.779999999998836,1.62530665,-2.34675144,1.0,0.0,986.84981040897,0.0,986.84981040897
1668444870.409303,16465.74,-5.029999999998836,0.16773348,-1.45757317,1.0,0.0,986.84981040897,0.0,986.84981040897
1668444930.351849,16463.51,-2.2300000000032014,-1.06385059,-1.2315840699999998,1.0,0.0,986.84981040897,0.0,986.84981040897
1668444990.3151236,16456.29,-7.219999999997526,-2.7266261,-1.66277551,1.0,0.0,986.84981040897,0.0,986.84981040897
1668445050.3843806,16461.54,5.25,-2.8886477,-0.1620216000000001,1.0,0.0,986.84981040897,0.0,986.84981040897
1668445110.274695,16479.98,18.43999999999869,-0.70406668,2.18458102,0.0,1.0,0.0,0.0598817359249811,986.84981040897
1668445170.36735,16468.53,-11.450000000000728,-1.75556795,-1.0515012700000002,1.0,0.0,986.1641645326288,0.0,986.1641645326288
1668445230.3448555,16470.14,1.610000000000582,-1.61617445,0.1393935000000001,0.0,1.0,0.0,0.0598758823259929,986.1641645326288
1668445290.3985865,16489.84,19.700000000000728,1.19567176,2.81184621,0.0,1.0,0.0,0.0598758823259929,987.3437194144508
1668445350.2759764,16499.6,9.7599999999984,3.59941892,2.40374716,0.0,1.0,0.0,0.0598758823259929,987.9281080259524
1668445410.193993,16510.42,10.819999999999707,6.22906437,2.6296454499999995,0.0,1.0,0.0,0.0598758823259929,988.5759650727196
1668445470.303857,16470.08,-40.33999999999651,1.90578357,-4.323280799999999,1.0,0.0,986.1605719796892,0.0,986.1605719796892
1668445530.330816,16478.42,8.339999999996508,2.19707211,0.29128854,0.0,1.0,0.0,0.0598455781549256,986.1605719796892
1668445590.3304565,16471.17,-7.25,0.98839505,-1.20867706,1.0,0.0,985.7266915380658,0.0,985.7266915380658
1668445650.3319218,16508.34,37.17000000000189,5.48815187,4.49975682,0.0,1.0,0.0,0.0597108304976797,985.7266915380658
1668445710.51064,16508.66,0.3199999999997089,6.88981242,1.40166055,0.0,1.0,0.0,0.0597108304976797,985.745799003825
1668445770.5561385,16528.67,20.0099999999984,10.61500255,3.72519013,0.0,1.0,0.0,0.0597108304976797,986.9406127220834
1668445830.3065145,16507.7,-20.96999999999753,9.07877438,-1.5362281699999991,1.0,0.0,985.6884766065472,0.0,985.6884766065472
1668445890.2048783,16512.69,4.989999999997963,10.02783759,0.9490632100000004,0.0,1.0,0.0,0.0596927863725745,985.6884766065472
1668445950.357574,16517.95,5.260000000002037,10.96757348,0.9397358899999996,0.0,1.0,0.0,0.0596927863725745,986.002460662867
1668446010.2191834,16516.8,-1.1500000000014552,11.0542742,0.0867007199999996,0.0,1.0,0.0,0.0596927863725745,985.9338139585384
1668446070.4595177,16514.06,-2.7399999999979627,10.85925585,-0.1950183499999997,1.0,0.0,985.7702557238777,0.0,985.7702557238777
1668446130.460177,16517.04,2.9799999999995634,10.93349729,0.0742414399999997,0.0,1.0,0.0,0.0596820166158026,985.7702557238777
1668446190.4158037,16519.59,2.5499999999992724,11.13754048,0.2040431900000001,0.0,1.0,0.0,0.0596820166158026,985.9224448662465
1668446250.309085,16519.45,-0.1399999999994179,11.08924413,-0.0482963499999993,1.0,0.0,985.9140893839204,0.0,985.9140893839204
1668446310.3855608,16516.32,-3.130000000001018,10.47940148,-0.6098426500000009,1.0,0.0,985.9140893839204,0.0,985.9140893839204
1668446370.4435244,16517.55,1.2299999999995634,10.0489889,-0.4304125800000005,1.0,0.0,985.9140893839204,0.0,985.9140893839204
1668446430.4168448,16504.31,-13.239999999997965,7.63933447,-2.40965443,1.0,0.0,985.9140893839204,0.0,985.9140893839204
1668446490.3701038,16495.69,-8.62000000000262,5.40019323,-2.2391412399999995,1.0,0.0,985.9140893839204,0.0,985.9140893839204
1668446550.2514932,16498.44,2.75,4.64917872,-0.7510145100000001,1.0,0.0,985.9140893839204,0.0,985.9140893839204
1668446610.3667252,16526.8,28.360000000000586,7.61504975,2.96587103,0.0,1.0,0.0,0.0596554741016966,985.9140893839204
1668446670.2498064,16516.53,-10.270000000000437,6.71893667,-0.8961130800000001,1.0,0.0,985.301427664895,0.0,985.301427664895
1668446730.393607,16522.59,6.06000000000131,7.52381502,0.8048783500000001,0.0,1.0,0.0,0.0596335942285619,985.301427664895
1668446790.5508673,16517.36,-5.229999999999563,6.96475564,-0.5590593799999999,1.0,0.0,984.9895439670792,0.0,984.9895439670792
1668446850.4711556,16527.02,9.659999999999854,8.03917644,1.0744208000000004,0.0,1.0,0.0,0.0595987385485755,984.9895439670792
1668446910.256852,16519.1,-7.920000000001892,7.20642561,-0.8327508300000002,1.0,0.0,984.5175219577736,0.0,984.5175219577736
1668446970.4538505,16532.21,13.110000000000582,8.74597661,1.5395509999999994,0.0,1.0,0.0,0.0595514769022274,984.5175219577736
1668447030.504599,16552.13,19.92000000000189,11.7790813,3.03310469,0.0,1.0,0.0,0.0595514769022274,985.7037873776652
1668447090.3727808,16538.88,-13.25,10.90316795,-0.8759133499999994,1.0,0.0,984.9147303087108,0.0,984.9147303087108
1668447150.2699015,16558.72,19.840000000000146,13.85351653,2.95034858,0.0,1.0,0.0,0.0594801246901155,984.9147303087108
1668447210.3623328,16570.63,11.909999999999854,16.26352765,2.41001112,0.0,1.0,0.0,0.0594801246901155,985.6231385937688
1668447270.2549007,16584.6,13.969999999997526,19.43111177,3.167584120000001,0.0,1.0,0.0,0.0594801246901155,986.4540759356896
1668447330.5458145,16576.72,-7.879999999997381,19.66294378,0.2318320099999979,0.0,1.0,0.0,0.0594801246901155,985.9853725531316
1668447390.4261398,16565.0,-11.720000000001164,18.4252523,-1.2376914799999987,1.0,0.0,985.2882654917632,0.0,985.2882654917632
1668447450.329648,16561.39,-3.610000000000582,17.35775297,-1.0674993300000004,1.0,0.0,985.2882654917632,0.0,985.2882654917632
1668447510.3168707,16565.74,4.350000000002183,17.16413395,-0.1936190199999998,1.0,0.0,985.2882654917632,0.0,985.2882654917632
1668447570.5152335,16580.58,14.840000000000146,18.51960119,1.3554672399999994,0.0,1.0,0.0,0.0594242339828741,985.2882654917632
1668447630.3033087,16594.66,14.079999999998108,20.55841772,2.038816530000002,0.0,1.0,0.0,0.0594242339828741,986.1249587062416
1668447690.3996196,16579.07,-15.590000000000146,18.83766308,-1.7207546400000029,1.0,0.0,985.1985348984484,0.0,985.1985348984484
1668447750.464529,16576.09,-2.9799999999995634,17.75586535,-1.081797729999998,1.0,0.0,985.1985348984484,0.0,985.1985348984484
1668447810.420985,16581.54,5.450000000000728,17.73575545,-0.0201099000000013,1.0,0.0,985.1985348984484,0.0,985.1985348984484
1668447870.373894,16574.6,-6.940000000002328,16.19620505,-1.5395503999999995,1.0,0.0,985.1985348984484,0.0,985.1985348984484
1668447930.6010115,16579.77,5.170000000001892,15.97002301,-0.2261820399999994,1.0,0.0,985.1985348984484,0.0,985.1985348984484
1668447990.4079814,16577.19,-2.5800000000017462,14.92298269,-1.0470403200000007,1.0,0.0,985.1985348984484,0.0,985.1985348984484
1668448050.4450135,16589.37,12.180000000000293,15.81563328,0.8926505900000006,0.0,1.0,0.0,0.0593873386932986,985.1985348984484
1668448110.4217112,16586.96,-2.4099999999998545,15.23284084,-0.5827924400000004,1.0,0.0,985.055411412196,0.0,985.055411412196
1668448170.2685466,16575.82,-11.139999999999418,13.17848911,-2.0543517300000005,1.0,0.0,985.055411412196,0.0,985.055411412196
1668448230.3818986,16572.97,-2.849999999998545,11.85379126,-1.3246978499999995,1.0,0.0,985.055411412196,0.0,985.055411412196
1668448290.3000104,16570.49,-2.4799999999995634,10.36463238,-1.4891588799999995,1.0,0.0,985.055411412196,0.0,985.055411412196
1668448350.3812685,16565.06,-5.430000000000291,8.46719741,-1.897434969999999,1.0,0.0,985.055411412196,0.0,985.055411412196
1668448410.435035,16558.12,-6.940000000002328,6.24242737,-2.224770040000001,1.0,0.0,985.055411412196,0.0,985.055411412196
1668448470.6068866,16575.74,17.62000000000262,7.43839934,1.1959719700000004,0.0,1.0,0.0,0.0594275375586366,985.055411412196
1668448530.514606,16579.11,3.3699999999989814,7.57892256,0.1405232199999995,0.0,1.0,0.0,0.0594275375586366,985.2556822137676
1668448590.4416797,16567.14,-11.970000000001164,5.80092561,-1.7779969499999997,1.0,0.0,984.5443345891908,0.0,984.5443345891908
1668448650.5369766,16571.98,4.8400000000001455,5.78863662,-0.01228899,1.0,0.0,984.5443345891908,0.0,984.5443345891908
1668448710.3562074,16579.37,7.389999999999418,6.23175964,0.4431230199999998,0.0,1.0,0.0,0.0593837000193126,984.5443345891908
1668448771.2489145,16584.58,5.210000000002765,6.88879505,0.6570354099999998,0.0,1.0,0.0,0.0593837000193126,984.8537236662914
1668448831.2953236,16582.52,-2.0600000000013097,6.70823251,-0.1805625399999995,1.0,0.0,984.7313932442516,0.0,984.7313932442516
1668448891.226773,16574.86,-7.6599999999998545,5.53623133,-1.1720011800000003,1.0,0.0,984.7313932442516,0.0,984.7313932442516
1668448952.0746365,16566.46,-8.400000000001455,3.69900596,-1.83722537,1.0,0.0,984.7313932442516,0.0,984.7313932442516
1668449012.3023908,16574.93,8.470000000001164,4.08914026,0.3901342999999997,0.0,1.0,0.0,0.0594108930320822,984.7313932442516
1668449072.221166,16580.9,5.970000000001164,4.74591157,0.6567713099999999,0.0,1.0,0.0,0.0594108930320822,985.0860762756516
1668449133.1590304,16593.84,12.93999999999869,6.47650166,1.7305900900000006,0.0,1.0,0.0,0.0594108930320822,985.8548532314868
1668449193.2845652,16587.56,-6.279999999998836,6.1651951,-0.3113065600000002,1.0,0.0,985.4817528232454,0.0,985.4817528232454
1668449253.2249832,16571.4,-16.159999999999854,3.9591143,-2.2060808,1.0,0.0,985.4817528232454,0.0,985.4817528232454
1668449314.0897472,16573.0,1.5999999999985448,3.49258607,-0.4665282299999997,1.0,0.0,985.4817528232454,0.0,985.4817528232454
1668449374.1611054,16576.69,3.6899999999986894,3.33663256,-0.1559535100000002,1.0,0.0,985.4817528232454,0.0,985.4817528232454
1668449434.116987,16569.36,-7.329999999998108,2.01148646,-1.3251461,1.0,0.0,985.4817528232454,0.0,985.4817528232454
1668449495.0061188,16568.74,-0.6199999999989814,1.32082019,-0.6906662699999999,1.0,0.0,985.4817528232454,0.0,985.4817528232454
1668449555.0363853,16551.49,-17.25,-1.77183614,-3.09265633,1.0,0.0,985.4817528232454,0.0,985.4817528232454
1668449614.97562,16554.96,3.469999999997526,-2.46727266,-0.6954365199999999,1.0,0.0,985.4817528232454,0.0,985.4817528232454
1668449676.3777306,16547.1,-7.860000000000582,-4.31199567,-1.84472301,1.0,0.0,985.4817528232454,0.0,985.4817528232454
1668449736.337526,16553.32,6.220000000001164,-4.33763122,-0.0256355499999996,1.0,0.0,985.4817528232454,0.0,985.4817528232454
1668449796.7329004,16563.64,10.319999999999707,-3.28497904,1.0526521799999995,0.0,1.0,0.0,0.0594966899077283,985.4817528232454
1668449857.3939111,16566.17,2.529999999998836,-2.68483648,0.6001425600000001,0.0,1.0,0.0,0.0594966899077283,985.6322794487112
1668449917.2187257,16574.97,8.80000000000291,-0.96727777,1.71755871,0.0,1.0,0.0,0.0594966899077283,986.1558503198994
1668449977.2805662,16574.65,-0.3199999999997089,-0.31458784,0.65268993,0.0,1.0,0.0,0.0594966899077283,986.136811379129
1668450037.8654444,16576.41,1.7599999999983993,0.53689305,0.8514808899999999,0.0,1.0,0.0,0.0594966899077283,986.2415255533664
1668450098.0089552,16585.6,9.18999999999869,2.20861288,1.67171983,0.0,1.0,0.0,0.0594966899077283,986.7883001336183
1668450158.0317204,16576.41,-9.18999999999869,1.85411563,-0.3544972500000001,1.0,0.0,986.2415255533664,0.0,986.2415255533664
1668450218.9006798,16573.2,-3.209999999999127,1.54897797,-0.30513766,1.0,0.0,986.2415255533664,0.0,986.2415255533664
1668450278.797093,16573.18,-0.0200000000004365,1.49067894,-0.0582990299999999,1.0,0.0,986.2415255533664,0.0,986.2415255533664
1668450339.069296,16579.25,6.069999999999709,2.27009026,0.7794113199999999,0.0,1.0,0.0,0.0594864982163467,986.2415255533664
1668450400.0031652,16595.96,16.709999999999127,4.76832283,2.49823257,0.0,1.0,0.0,0.0594864982163467,987.2355449385612
1668450459.8937526,16600.62,4.659999999999855,6.37379464,1.60547181,0.0,1.0,0.0,0.0594864982163467,987.5127520202492
1668450519.74123,16596.78,-3.8400000000001455,6.82716758,0.4533729400000004,0.0,1.0,0.0,0.0594864982163467,987.2843238670986
1668450580.5238676,16641.0,44.22000000000117,13.43027956,6.60311198,0.0,1.0,0.0,0.0594864982163467,989.9148168182256
1668450640.6393154,16618.72,-22.27999999999884,12.4717139,-0.9585656600000014,1.0,0.0,988.5894576379652,0.0,988.5894576379652
1668450700.5431595,16625.89,7.169999999998254,13.99822394,1.5265100400000016,0.0,1.0,0.0,0.0594608443600893,988.5894576379652
1668450761.3335495,16612.54,-13.349999999998545,12.81749712,-1.1807268200000005,1.0,0.0,987.795655365758,0.0,987.795655365758
1668450821.5734134,16621.6,9.059999999997672,13.35827664,0.5407795199999992,0.0,1.0,0.0,0.0594284338069595,987.795655365758
1668450881.5444658,16596.63,-24.96999999999753,10.25246291,-3.1058137299999995,1.0,0.0,986.3117273735984,0.0,986.3117273735984
1668450942.6548295,16615.54,18.90999999999985,11.4402769,1.1878139900000004,0.0,1.0,0.0,0.0593607988289034,986.3117273735984
1668451002.4603157,16623.22,7.680000000000291,12.30927632,0.8689994199999997,0.0,1.0,0.0,0.0593607988289034,986.7676183086036
1668451062.451625,16637.04,13.819999999999707,13.5104593,1.2011829800000005,0.0,1.0,0.0,0.0593607988289034,987.5879845484192
1668451123.469012,16636.63,-0.4099999999998545,14.14299526,0.6325359599999985,0.0,1.0,0.0,0.0593607988289034,987.5636466208992
1668451183.2030358,16626.86,-9.770000000000437,13.80091044,-0.3420848200000002,1.0,0.0,986.9836916163408,0.0,986.9836916163408
1668451243.2667243,16631.71,4.849999999998545,14.5204811,0.7195706600000005,0.0,1.0,0.0,0.0593434885298229,986.9836916163408
1668451304.0608714,16634.02,2.3100000000013097,14.70488254,0.1844014400000002,0.0,1.0,0.0,0.0593434885298229,987.1207750748448
1668451364.1444678,16622.5,-11.520000000000437,12.85117172,-1.85371082,1.0,0.0,986.4371380869812,0.0,986.4371380869812
1668451424.1884823,16624.66,2.1599999999998545,12.22450375,-0.6266679699999997,1.0,0.0,986.4371380869812,0.0,986.4371380869812
1668451485.2369432,16627.27,2.610000000000582,11.52382364,-0.7006801100000004,1.0,0.0,986.4371380869812,0.0,986.4371380869812
1668451545.122747,16628.48,1.2099999999991269,11.4237206,-0.1001030400000004,1.0,0.0,986.4371380869812,0.0,986.4371380869812
1668451605.1382723,16619.13,-9.349999999998545,10.09646197,-1.327258629999999,1.0,0.0,986.4371380869812,0.0,986.4371380869812
1668451665.9163384,16623.77,4.639999999999418,9.32802899,-0.76843298,1.0,0.0,986.4371380869812,0.0,986.4371380869812
1668451726.142475,16643.11,19.340000000000146,10.40401355,1.0759845600000002,0.0,1.0,0.0,0.0592700005039311,986.4371380869812
1668451786.0314493,16623.94,-19.17000000000189,8.49761485,-1.9063987000000004,1.0,0.0,985.3009321773204,0.0,985.3009321773204
1668451846.8777325,16617.64,-6.299999999999272,7.24758778,-1.2500270699999998,1.0,0.0,985.3009321773204,0.0,985.3009321773204
1668451906.8645055,16616.63,-1.0099999999983993,6.18501007,-1.0625777100000002,1.0,0.0,985.3009321773204,0.0,985.3009321773204
1668451966.8613572,16622.32,5.68999999999869,6.22058456,0.0355744900000001,0.0,1.0,0.0,0.0592757769178622,985.3009321773204
1668452027.5012765,16628.38,6.06000000000131,6.2367978,0.0162132399999999,0.0,1.0,0.0,0.0592757769178622,985.6601433854416
1668452087.481214,16629.46,1.0799999999981085,6.99150335,0.7547055500000006,0.0,1.0,0.0,0.0592757769178622,985.7241612245126
1668452148.0148144,16632.42,2.959999999999127,7.12383151,0.1323281599999992,0.0,1.0,0.0,0.0592757769178622,985.8996175241896
1668452208.5428486,16631.84,-0.5799999999981083,7.09774274,-0.0260887699999994,1.0,0.0,985.8652375735772,0.0,985.8652375735772
1668452268.796166,16625.64,-6.200000000000728,6.08561062,-1.0121321200000004,1.0,0.0,985.8652375735772,0.0,985.8652375735772
1668452328.6230092,16621.85,-3.790000000000873,4.95795962,-1.1276510000000002,1.0,0.0,985.8652375735772,0.0,985.8652375735772
1668452389.3511558,16607.64,-14.209999999999129,2.34443272,-2.6135269,1.0,0.0,985.8652375735772,0.0,985.8652375735772
1668452449.1380196,16612.81,5.170000000001892,1.708762,-0.63567072,1.0,0.0,985.8652375735772,0.0,985.8652375735772
1668452509.3201308,16605.99,-6.819999999999709,0.25605709,-1.45270491,1.0,0.0,985.8652375735772,0.0,985.8652375735772
1668452570.3655653,16610.68,4.68999999999869,-0.84337494,-1.09943203,1.0,0.0,985.8652375735772,0.0,985.8652375735772
1668452630.036689,16615.84,5.159999999999855,-0.96007544,-0.1167004999999999,1.0,0.0,985.8652375735772,0.0,985.8652375735772
1668452691.0734696,16615.01,-0.8300000000017462,-0.97341242,-0.0133369799999999,1.0,0.0,985.8652375735772,0.0,985.8652375735772
1668452750.9193552,16626.43,11.420000000001892,0.10289766,1.0763100799999998,0.0,1.0,0.0,0.0592950643988864,985.8652375735772
1668452810.892003,16605.89,-20.54000000000088,-1.30611426,-1.40901192,1.0,0.0,984.6473169508236,0.0,984.6473169508236
1668452871.0448804,16598.04,-7.849999999998545,-3.11375974,-1.80764548,1.0,0.0,984.6473169508236,0.0,984.6473169508236
1668452931.7441435,16612.76,14.719999999997526,-2.51077196,0.6029877799999999,0.0,1.0,0.0,0.0592705436634745,984.6473169508236
1668452991.8367224,16609.78,-2.9799999999995634,-2.67297973,-0.1622077700000002,1.0,0.0,984.4706907307054,0.0,984.4706907307054
1668453052.384899,16596.16,-13.61999999999898,-3.87138398,-1.1984042499999998,1.0,0.0,984.4706907307054,0.0,984.4706907307054
1668453112.3938394,16587.41,-8.75,-5.26735955,-1.39597557,1.0,0.0,984.4706907307054,0.0,984.4706907307054
1668453172.507166,16575.33,-12.079999999998108,-8.20646889,-2.93910934,1.0,0.0,984.4706907307054,0.0,984.4706907307054
1668453233.176498,16574.73,-0.6000000000021828,-9.44332222,-1.2368533300000006,1.0,0.0,984.4706907307054,0.0,984.4706907307054
1668453293.3732038,16559.7,-15.029999999998836,-11.91496712,-2.4716449,1.0,0.0,984.4706907307054,0.0,984.4706907307054
1668453353.4013116,16562.72,3.020000000000437,-12.50340641,-0.5884392900000002,1.0,0.0,984.4706907307054,0.0,984.4706907307054
1668453413.4615,16552.54,-10.180000000000293,-15.40542215,-2.9020157399999995,1.0,0.0,984.4706907307054,0.0,984.4706907307054
1668453474.055846,16530.95,-21.590000000000146,-19.08530799,-3.6798858400000007,1.0,0.0,984.4706907307054,0.0,984.4706907307054
1668453534.1938756,16538.54,7.5900000000001455,-20.64895609,-1.5636480999999982,1.0,0.0,984.4706907307054,0.0,984.4706907307054
1668453594.459238,16542.85,4.309999999997672,-19.97900015,0.6699559399999977,0.0,1.0,0.0,0.0595103437878422,984.4706907307054
1668453655.3997152,16523.24,-19.609999999996944,-21.87711255,-1.8981123999999987,1.0,0.0,983.303692889026,0.0,983.303692889026
1668453716.5435064,16519.0,-4.240000000001601,-23.29617436,-1.4190618099999988,1.0,0.0,983.303692889026,0.0,983.303692889026
1668453775.260353,16541.18,22.18000000000029,-22.39951015,0.8966642099999973,0.0,1.0,0.0,0.0594458008974587,983.303692889026
1668453835.9610069,16541.32,0.1399999999994179,-21.08821506,1.3112950900000016,0.0,1.0,0.0,0.0594458008974587,983.3120153011516
1668453895.9610822,16542.27,0.9500000000007276,-19.57618893,1.5120261299999989,0.0,1.0,0.0,0.0594458008974587,983.368488812004
1668453956.0592096,16563.74,21.470000000001164,-15.28274511,4.29344382,0.0,1.0,0.0,0.0594458008974587,984.6447901572726
1668454016.9926565,16547.2,-16.540000000000873,-15.56645613,-0.2837110200000001,1.0,0.0,983.6615566104286,0.0,983.6615566104286
1668454076.9797456,16534.88,-12.319999999999707,-16.28638813,-0.7199319999999982,1.0,0.0,983.6615566104286,0.0,983.6615566104286
1668454137.020691,16547.35,12.469999999997526,-15.17760644,1.108781689999999,0.0,1.0,0.0,0.0594452620274804,983.6615566104286
1668454197.716276,16554.49,7.140000000003056,-12.72750918,2.45009726,0.0,1.0,0.0,0.0594452620274804,984.085995781304
1668454257.6000865,16557.18,2.6899999999986903,-11.1147458,1.6127633800000003,0.0,1.0,0.0,0.0594452620274804,984.245903536158
1668454317.663499,16541.34,-15.840000000000146,-12.04400216,-0.92925636,1.0,0.0,983.3042905856428,0.0,983.3042905856428
1668454378.5535436,16518.23,-23.110000000000586,-14.21971738,-2.1757152200000007,1.0,0.0,983.3042905856428,0.0,983.3042905856428
1668454438.3047252,16532.96,14.729999999999563,-13.32215931,0.8975580700000005,0.0,1.0,0.0,0.0594753928265502,983.3042905856428
1668454498.4593246,16501.63,-31.32999999999811,-15.97217591,-2.6500166000000007,1.0,0.0,981.4409265283856,0.0,981.4409265283856
1668454564.7779033,16505.64,4.009999999998399,-16.53587099,-0.5636950799999987,1.0,0.0,981.4409265283856,0.0,981.4409265283856
1668454619.5174656,16512.96,7.319999999999709,-16.5507714,-0.0149004099999991,1.0,0.0,981.4409265283856,0.0,981.4409265283856
1668454679.5217865,16513.34,0.3800000000010186,-16.20315002,0.3476213799999996,0.0,1.0,0.0,0.0594332174186679,981.4409265283856
1668454740.4298477,16502.83,-10.5099999999984,-17.14658216,-0.9434321400000024,1.0,0.0,980.8162834133152,0.0,980.8162834133152
1668454800.4730017,16512.18,9.349999999998545,-16.76905006,0.3775320999999998,0.0,1.0,0.0,0.0593995634382204,980.8162834133152
1668454860.2284458,16510.74,-1.4399999999986903,-16.63620281,0.132847250000001,0.0,1.0,0.0,0.0593995634382204,980.7307480419632
1668454921.0263908,16504.54,-6.200000000000728,-16.43159677,0.2046060400000016,0.0,1.0,0.0,0.0593995634382204,980.3624707486462
1668454980.9827812,16510.51,5.969999999997526,-15.28395836,1.147638409999999,0.0,1.0,0.0,0.0593995634382204,980.7170861423722
1668455041.028717,16499.49,-11.0199999999968,-16.12260159,-0.8386432299999989,1.0,0.0,980.0625029532832,0.0,980.0625029532832
1668455101.8724902,16470.0,-29.4900000000016,-18.77374586,-2.65114427,1.0,0.0,980.0625029532832,0.0,980.0625029532832
1668455162.0194223,16406.02,-63.97999999999956,-27.97732279,-9.20357693,1.0,0.0,980.0625029532832,0.0,980.0625029532832
1668455221.922861,16377.97,-28.05000000000109,-35.8169694,-7.839646609999999,1.0,0.0,980.0625029532832,0.0,980.0625029532832
1668455282.878145,16393.34,15.3700000000008,-39.90214456,-4.085175160000006,1.0,0.0,980.0625029532832,0.0,980.0625029532832
1668455341.909184,16389.57,-3.770000000000437,-43.38810815,-3.485963589999997,1.0,0.0,980.0625029532832,0.0,980.0625029532832
1668455402.0208137,16421.49,31.92000000000189,-41.41457492,1.973533230000001,0.0,1.0,0.0,0.0596817038498506,980.0625029532832
1668455463.1012185,16452.77,31.27999999999884,-36.71067025,4.70390467,0.0,1.0,0.0,0.0596817038498506,981.9293466497064
1668455522.1373284,16458.76,5.989999999997963,-32.28392454,4.426745709999999,0.0,1.0,0.0,0.0596817038498506,982.286840055767
1668455581.984042,16440.63,-18.12999999999738,-30.682289,1.6016355400000002,0.0,1.0,0.0,0.0596817038498506,981.2048107649694
1668455642.049121,16413.73,-26.90000000000145,-30.88739184,-0.2051028399999985,1.0,0.0,979.5993729314084,0.0,979.5993729314084
1668455702.0098732,16364.53,-49.19999999999891,-39.26596096,-8.378569120000002,1.0,0.0,979.5993729314084,0.0,979.5993729314084
1668455762.68506,16246.98,-117.55000000000108,-49.70444973,-10.43848877,1.0,0.0,979.5993729314084,0.0,979.5993729314084
1668455822.0005994,16217.33,-29.64999999999964,-59.65996731,-9.95551758,1.0,0.0,979.5993729314084,0.0,979.5993729314084
1668455882.154785,16218.96,1.6299999999991996,-65.83296218,-6.172994869999997,1.0,0.0,979.5993729314084,0.0,979.5993729314084
1668455942.0043695,16242.47,23.51000000000022,-68.99841027,-3.165448089999998,1.0,0.0,979.5993729314084,0.0,979.5993729314084
1668456002.04063,16243.42,0.9500000000007276,-71.54305543,-2.5446451600000017,1.0,0.0,979.5993729314084,0.0,979.5993729314084
1668456061.9286058,16273.88,30.459999999999127,-68.46564555,3.0774098799999905,0.0,1.0,0.0,0.0601945800836314,979.5993729314084
1668456121.96728,16302.49,28.610000000000586,-63.30051835,5.165127200000008,0.0,1.0,0.0,0.0601945800836314,981.3215398676
1668456182.1826928,16298.2,-4.289999999999054,-60.99687284,2.3036455099999955,0.0,1.0,0.0,0.0601945800836314,981.0633051190412
1668456242.1670046,16327.9,29.69999999999891,-54.72779327,6.269079570000002,0.0,1.0,0.0,0.0601945800836314,982.8510841475252
1668456301.9762747,16303.82,-24.079999999999927,-50.86769273,3.8601005399999977,0.0,1.0,0.0,0.0601945800836314,981.4015986591112
1668456361.9162898,16273.3,-30.52000000000044,-49.50063592,1.3670568100000011,0.0,1.0,0.0,0.0601945800836314,979.5644600749588
1668456422.0647874,16214.84,-58.45999999999913,-52.72712165,-3.2264857300000003,1.0,0.0,976.0454849232698,0.0,976.0454849232698
1668456482.2192724,16228.85,14.010000000000218,-53.59694752,-0.8698258699999997,1.0,0.0,976.0454849232698,0.0,976.0454849232698
1668456542.259597,16248.53,19.68000000000029,-52.27186175,1.3250857700000012,0.0,1.0,0.0,0.060069771537688,976.0454849232698
1668456602.0288382,16203.65,-44.88000000000102,-54.02328456,-1.751422810000001,1.0,0.0,973.349553576658,0.0,973.349553576658
1668456662.052601,16267.73,64.07999999999993,-48.50287835,5.520406209999997,0.0,1.0,0.0,0.0598331514954242,973.349553576658
1668456722.051556,16223.84,-43.88999999999942,-49.09291731,-0.590038959999994,1.0,0.0,970.723476557523,0.0,970.723476557523
1668456782.004211,16212.55,-11.290000000000871,-49.99212475,-0.899207440000005,1.0,0.0,970.723476557523,0.0,970.723476557523
1668456841.9487731,16219.73,7.180000000000291,-48.61548571,1.3766390400000006,0.0,1.0,0.0,0.0598483129224421,970.723476557523
1668456902.0392523,16236.15,16.420000000000073,-46.39251589,2.222969820000003,0.0,1.0,0.0,0.0598483129224421,971.7061858557084
1668456962.4071226,16265.81,29.65999999999985,-40.20958544,6.182930450000001,0.0,1.0,0.0,0.0598483129224421,973.481286816988
1668457022.135012,16263.54,-2.2699999999986176,-36.87981653,3.3297689099999985,0.0,1.0,0.0,0.0598483129224421,973.345431146654
1668457082.1494446,16294.79,31.25,-30.23027889,6.649537639999998,0.0,1.0,0.0,0.0598483129224421,975.2156909254804
1668457142.5444758,16289.5,-5.290000000000873,-26.38461098,3.84566791,0.0,1.0,0.0,0.0598483129224421,974.8990933501208
1668457202.0778549,16300.56,11.05999999999949,-21.14915503,5.235455950000002,0.0,1.0,0.0,0.0598483129224421,975.5610156910428
1668457261.9987884,16296.85,-3.709999999999127,-16.84589029,4.30326474,0.0,1.0,0.0,0.0598483129224421,975.3389784501006
1668457322.1013784,16291.24,-5.610000000000582,-13.5863877,3.2595025900000003,0.0,1.0,0.0,0.0598483129224421,975.0032294146056
1668457382.3574896,16290.37,-0.8699999999989814,-11.86028274,1.726104959999999,0.0,1.0,0.0,0.0598483129224421,974.9511613823632
1668457442.1991425,16304.78,14.409999999999854,-8.79504011,3.06524263,0.0,1.0,0.0,0.0598483129224421,975.8135755715756
1668457504.8221445,16310.17,5.389999999999418,-6.10956531,2.6854748000000006,0.0,1.0,0.0,0.0598483129224421,976.1361579782276
1668457562.1714334,16304.39,-5.780000000000655,-4.44440021,1.6651650999999994,0.0,1.0,0.0,0.0598483129224421,975.7902347295358
1668457622.308112,16303.49,-0.8999999999996362,-2.77826277,1.6661374400000004,0.0,1.0,0.0,0.0598483129224421,975.7363712479056
1668457681.974542,16302.1,-1.389999999999418,-1.2292114,1.54905137,0.0,1.0,0.0,0.0598483129224421,975.6531820929434
1668457742.132056,16294.29,-7.809999999999491,-0.46351213,0.76569927,0.0,1.0,0.0,0.0598483129224421,975.1857667690192
1668457802.087072,16315.25,20.959999999999127,0.87908228,1.34259441,0.0,1.0,0.0,0.0598483129224421,976.4401874078736
1668457862.3317254,16325.37,10.1200000000008,3.29225695,2.41317467,0.0,1.0,0.0,0.0598483129224421,977.0458523346488
1668457922.086803,16318.53,-6.8400000000001455,3.49136116,0.1991042099999997,0.0,1.0,0.0,0.0598483129224421,976.6364898742592
1668457982.3643136,16314.72,-3.8100000000013097,3.80736981,0.3160086500000001,0.0,1.0,0.0,0.0598483129224421,976.4084678020246
1668458042.34801,16288.62,-26.099999999998545,2.27143023,-1.53593958,1.0,0.0,974.846426834749,0.0,974.846426834749
1668458102.0432358,16308.82,20.19999999999891,2.93141273,0.6599824999999999,0.0,1.0,0.0,0.0597741851853628,974.846426834749
1668458162.3537712,16304.8,-4.020000000000437,2.69745382,-0.2339589100000001,1.0,0.0,974.6061346103032,0.0,974.6061346103032
1668458222.2661614,16302.67,-2.1299999999992,2.23587129,-0.4615825299999998,1.0,0.0,974.6061346103032,0.0,974.6061346103032
1668458282.3123753,16317.31,14.639999999999418,3.98106705,1.74519576,0.0,1.0,0.0,0.0597283580817121,974.6061346103032
1668458342.068958,16325.84,8.530000000000655,5.58985823,1.60879118,0.0,1.0,0.0,0.0597283580817121,975.1156175047388
1668458402.3251033,16330.97,5.1299999999992,6.92060399,1.33074576,0.0,1.0,0.0,0.0597283580817121,975.4220239816976
1668458462.113104,16310.76,-20.209999999999127,6.07729935,-0.8433046400000004,1.0,0.0,974.2149138648664,0.0,974.2149138648664
1668458523.2056675,16305.12,-5.639999999999418,4.43383649,-1.6434628599999996,1.0,0.0,974.2149138648664,0.0,974.2149138648664
1668458582.19078,16303.62,-1.5,3.68401986,-0.7498166300000002,1.0,0.0,974.2149138648664,0.0,974.2149138648664
1668458642.425366,16305.92,2.2999999999992724,3.44177723,-0.2422426299999998,1.0,0.0,974.2149138648664,0.0,974.2149138648664
1668458702.393219,16306.69,0.7700000000004366,3.1607957,-0.28098153,1.0,0.0,974.2149138648664,0.0,974.2149138648664
1668458776.8902972,16299.42,-7.270000000000437,1.54072912,-1.62006658,1.0,0.0,974.2149138648664,0.0,974.2149138648664
1668458822.298808,16294.56,-4.860000000000582,1.15303682,-0.3876922999999999,1.0,0.0,974.2149138648664,0.0,974.2149138648664
1668458882.3691597,16288.05,-6.510000000000218,-0.96311425,-2.11615107,1.0,0.0,974.2149138648664,0.0,974.2149138648664
1668458942.3233764,16258.65,-29.39999999999964,-6.01667541,-5.05356116,1.0,0.0,974.2149138648664,0.0,974.2149138648664
1668459002.1939332,16271.85,13.200000000000728,-7.09449312,-1.0778177099999997,1.0,0.0,974.2149138648664,0.0,974.2149138648664
1668459062.6304293,16288.34,16.48999999999978,-5.99882154,1.0956715800000003,0.0,1.0,0.0,0.0598105708663293,974.2149138648664
1668459122.167213,16254.39,-33.95000000000073,-9.89595805,-3.897136510000001,1.0,0.0,972.1843449839542,0.0,972.1843449839542
1668459182.357972,16284.14,29.75,-8.37878186,1.5171761900000007,0.0,1.0,0.0,0.0597013010809262,972.1843449839542
1668459242.2893825,16255.95,-28.18999999999869,-11.07283271,-2.69405085,1.0,0.0,970.5013653064824,0.0,970.5013653064824
1668459482.9745271,16248.52,-7.430000000000291,-12.81563135,-1.7427986400000002,1.0,0.0,970.5013653064824,0.0,970.5013653064824
1668459543.0175474,16258.63,10.109999999998765,-11.59892537,1.2167059800000004,0.0,1.0,0.0,0.0596914601849284,970.5013653064824
1668459604.214255,16285.84,27.210000000000942,-8.24645943,3.35246594,0.0,1.0,0.0,0.0596914601849284,972.1255699381144
1668459663.7573252,16277.41,-8.430000000000291,-7.80961327,0.43684616,0.0,1.0,0.0,0.0596914601849284,971.6223709287552
1668459755.6580498,16302.64,25.229999999999563,-1.64753535,6.16207792,0.0,1.0,0.0,0.0596914601849284,973.1283864692213
1668459784.6005611,16305.56,2.9200000000000728,-1.41460088,0.23293447,0.0,1.0,0.0,0.0596914601849284,973.302685532961
1668459844.6879454,16315.84,10.280000000000657,2.32457412,3.739175,0.0,1.0,0.0,0.0596914601849284,973.9163137436622
1668459906.712996,16307.78,-8.05999999999949,3.08783322,0.7632591,0.0,1.0,0.0,0.0596914601849284,973.4352005745716
1668459965.4286835,16311.21,3.429999999998472,3.95335498,0.86552176,0.0,1.0,0.0,0.0596914601849284,973.639942283006
1668460025.4060774,16308.62,-2.5899999999983265,5.06885484,1.1154998600000003,0.0,1.0,0.0,0.0596914601849284,973.485341401127
1668460085.4918242,16294.68,-13.94000000000051,4.42347592,-0.6453789200000006,1.0,0.0,972.6532424461492,0.0,972.6532424461492
1668460146.347953,16304.48,9.799999999999272,4.60163713,0.1781612100000007,0.0,1.0,0.0,0.0596555819287796,972.6532424461492
1668460206.3988972,16307.55,3.069999999999709,5.1554144,0.5537772699999994,0.0,1.0,0.0,0.0596555819287796,972.8363850826696
1668460266.1632888,16303.39,-4.159999999999855,4.9823774,-0.1730369999999998,1.0,0.0,972.588217861846,0.0,972.588217861846
1668460326.998479,16286.04,-17.349999999998545,3.04383749,-1.93853991,1.0,0.0,972.588217861846,0.0,972.588217861846
1668460386.9404266,16306.77,20.729999999999563,4.80068077,1.7568432799999996,0.0,1.0,0.0,0.0596432167659104,972.588217861846
1668460446.8079,16305.31,-1.460000000000946,4.7299958,-0.0706849699999994,1.0,0.0,972.5011387653664,0.0,972.5011387653664
1668460508.0610218,16315.57,10.260000000000218,6.57585825,1.84586245,0.0,1.0,0.0,0.0596057102979158,972.5011387653664
1668460567.89466,16324.4,8.829999999999927,7.75129617,1.1754379200000002,0.0,1.0,0.0,0.0596057102979158,973.0274571872968
1668460627.9718115,16326.81,2.4099999999998545,8.94593197,1.1946358000000004,0.0,1.0,0.0,0.0596057102979158,973.1711069491148
1668460688.7212462,16372.08,45.27000000000044,14.39492389,5.448991919999999,0.0,1.0,0.0,0.0596057102979158,975.8694574543014
1668460748.7192404,16351.06,-21.02000000000044,14.85018473,0.4552608400000011,0.0,1.0,0.0,0.0596057102979158,974.6165454238392
1668460809.073202,16346.16,-4.899999999999636,15.50803161,0.6578468799999992,0.0,1.0,0.0,0.0596057102979158,974.3244774433794
1668460869.682736,16349.85,3.690000000000509,17.11606916,1.6080375499999988,0.0,1.0,0.0,0.0596057102979158,974.5444225143788
1668460929.4944117,16348.91,-0.9400000000005092,17.21015332,0.0940841600000013,0.0,1.0,0.0,0.0596057102979158,974.4883931466986
1668460989.518391,16344.01,-4.899999999999636,16.29206352,-0.9180898000000006,1.0,0.0,974.1963251662388,0.0,974.1963251662388
1668461051.0763254,16352.79,8.780000000000655,16.58910174,0.297038220000001,0.0,1.0,0.0,0.0595737073102656,974.1963251662388
1668461111.0748053,16344.32,-8.470000000001164,15.42957961,-1.159522130000001,1.0,0.0,973.6917358653204,0.0,973.6917358653204
1668461171.0362918,16348.86,4.540000000000873,15.58083778,0.1512581700000002,0.0,1.0,0.0,0.0595571639775079,973.6917358653204
1668461231.7625113,16351.23,2.3699999999989814,15.2608002,-0.3200375799999992,1.0,0.0,973.8328863439464,0.0,973.8328863439464
1668461291.7114172,16344.79,-6.43999999999869,14.74706801,-0.5137321900000007,1.0,0.0,973.8328863439464,0.0,973.8328863439464
1668461351.6773808,16356.06,11.269999999998618,14.56740453,-0.1796634800000003,1.0,0.0,973.8328863439464,0.0,973.8328863439464
1668461412.6428072,16349.62,-6.43999999999869,13.19344863,-1.3739558999999986,1.0,0.0,973.8328863439464,0.0,973.8328863439464
1668461472.7947109,16372.9,23.27999999999884,15.72207927,2.52863064,0.0,1.0,0.0,0.0594783383727956,973.8328863439464
1668461532.6483755,16375.62,2.720000000001164,16.29230024,0.5702209699999994,0.0,1.0,0.0,0.0594783383727956,973.9946674243192
1668461593.3548803,16376.51,0.8899999999994179,16.48333335,0.1910331099999993,0.0,1.0,0.0,0.0594783383727956,974.0476031454708
1668461655.9201574,16363.02,-13.489999999999782,14.50880417,-1.97452918,1.0,0.0,973.245240360822,0.0,973.245240360822
1668461713.497118,16364.64,1.6199999999989814,13.86859127,-0.6402128999999999,1.0,0.0,973.245240360822,0.0,973.245240360822
1668461774.4814508,16373.79,9.150000000001455,14.40117093,0.5325796599999997,0.0,1.0,0.0,0.0594392159885293,973.245240360822
1668461834.474724,16373.87,0.0799999999999272,14.09375693,-0.3074139999999996,1.0,0.0,973.2499954981002,0.0,973.2499954981002
1668461894.3732162,16378.12,4.25,14.28808351,0.1943265800000002,0.0,1.0,0.0,0.0594237919552488,973.2499954981002
1668461955.029955,16367.02,-11.100000000000364,12.44276005,-1.84532346,1.0,0.0,972.5903914073964,0.0,972.5903914073964
1668462014.3876784,16372.57,5.549999999999272,12.33350215,-0.1092579000000011,1.0,0.0,972.5903914073964,0.0,972.5903914073964
1668462074.6704652,16371.34,-1.2299999999995634,11.51084425,-0.8226578999999994,1.0,0.0,972.5903914073964,0.0,972.5903914073964
1668462135.4565394,16377.18,5.8400000000001455,11.71443969,0.2035954400000008,0.0,1.0,0.0,0.0593869268950696,972.5903914073964
1668462194.8346102,16378.63,1.4499999999989086,11.58043246,-0.1340072299999999,1.0,0.0,972.6765024513936,0.0,972.6765024513936
1668462254.456545,16383.35,4.720000000001164,11.92007699,0.3396445299999993,0.0,1.0,0.0,0.0593698176777883,972.6765024513936
1668462314.427101,16385.07,1.7199999999993452,12.03913447,0.1190574800000003,0.0,1.0,0.0,0.0593698176777883,972.7786185377988
1668462374.492647,16378.6,-6.469999999999345,10.98297095,-1.05616352,1.0,0.0,972.3944958174236,0.0,972.3944958174236
1668462434.4923,16366.27,-12.329999999999927,8.63982799,-2.34314296,1.0,0.0,972.3944958174236,0.0,972.3944958174236
1668462494.5319068,16362.28,-3.9899999999997817,7.00577249,-1.6340555000000003,1.0,0.0,972.3944958174236,0.0,972.3944958174236
1668462554.316526,16367.63,5.349999999998545,6.55635477,-0.4494177199999996,1.0,0.0,972.3944958174236,0.0,972.3944958174236
1668462614.5209167,16366.18,-1.4499999999989086,5.4565315,-1.0998232700000008,1.0,0.0,972.3944958174236,0.0,972.3944958174236
1668462674.6495192,16364.37,-1.809999999999491,4.50304596,-0.95348554,1.0,0.0,972.3944958174236,0.0,972.3944958174236
1668462734.8522532,16375.63,11.2599999999984,5.46376163,0.96071567,0.0,1.0,0.0,0.0593805854075491,972.3944958174236
1668462794.5287333,16380.39,4.760000000000218,6.06833562,0.6045739900000004,0.0,1.0,0.0,0.0593805854075491,972.6771474039632
1668462854.3694315,16385.91,5.520000000000437,6.95567322,0.8873376000000004,0.0,1.0,0.0,0.0593805854075491,973.0049282354128
1668462914.4023595,16401.39,15.479999999999563,8.19054502,1.2348717999999996,0.0,1.0,0.0,0.0593805854075491,973.9241396975216
1668462974.3702784,16390.92,-10.470000000001164,8.86649784,0.6759528199999991,0.0,1.0,0.0,0.0593805854075491,973.3024249683044
1668463034.4835184,16402.6,11.680000000000293,10.45401517,1.5875173300000007,0.0,1.0,0.0,0.0593805854075491,973.9959902058648
1668463094.4862046,16403.87,1.2700000000004366,11.13694789,0.6829327200000002,0.0,1.0,0.0,0.0593805854075491,974.0714035493324
1668463154.549012,16416.58,12.710000000002765,13.20022892,2.0632810300000006,0.0,1.0,0.0,0.0593805854075491,974.8261307898624
1668463214.608874,16407.87,-8.710000000002765,12.61512814,-0.5851007800000012,1.0,0.0,974.3089258909624,0.0,974.3089258909624
1668463274.5055234,16393.25,-14.61999999999898,10.58060397,-2.034524169999999,1.0,0.0,974.3089258909624,0.0,974.3089258909624
1668463336.070765,16408.7,15.450000000000728,11.96381991,1.3832159399999997,0.0,1.0,0.0,0.0593775817640009,974.3089258909624
1668463394.4607944,16434.35,25.649999999997817,14.00997376,2.04615385,0.0,1.0,0.0,0.0593775817640009,975.831960863208
1668463454.33367,16427.93,-6.419999999998254,16.47118956,2.4612158,0.0,1.0,0.0,0.0593775817640009,975.4507567882832
1668463514.6004066,16437.59,9.659999999999854,17.86909631,1.3979067500000006,0.0,1.0,0.0,0.0593775817640009,976.0243442281236
1668463574.5865786,16431.44,-6.150000000001455,17.42266729,-0.44642902,1.0,0.0,975.6591721002748,0.0,975.6591721002748
1668463634.9664743,16425.99,-5.44999999999709,16.98790946,-0.4347578299999988,1.0,0.0,975.6591721002748,0.0,975.6591721002748
1668463694.8670402,16429.05,3.059999999997672,16.17564311,-0.8122663500000016,1.0,0.0,975.6591721002748,0.0,975.6591721002748
1668463754.5031066,16441.57,12.520000000000437,17.35133029,1.1756871800000006,0.0,1.0,0.0,0.0593409979764873,975.6591721002748
1668463814.5941763,16415.35,-26.220000000001164,13.74185421,-3.60947608,1.0,0.0,974.1032511333308,0.0,974.1032511333308
1668463874.3317766,16424.61,9.260000000002035,14.48054366,0.7386894500000007,0.0,1.0,0.0,0.0593075422267762,974.1032511333308
1668463934.428983,16411.73,-12.88000000000102,12.10717427,-2.3733693900000006,1.0,0.0,973.3393699894498,0.0,973.3393699894498
1668463994.6092188,16415.41,3.680000000000291,9.55698147,-2.5501928,1.0,0.0,973.3393699894498,0.0,973.3393699894498
1668464054.3308191,16414.57,-0.8400000000001455,8.66707653,-0.889904940000001,1.0,0.0,973.3393699894498,0.0,973.3393699894498
1668464115.239817,16415.83,1.2600000000020373,8.1209377,-0.5461388299999985,1.0,0.0,973.3393699894498,0.0,973.3393699894498
1668464174.4900692,16425.19,9.359999999996944,8.86760437,0.7466666699999998,0.0,1.0,0.0,0.0592589412962315,973.3393699894498
1668464234.6256402,16414.99,-10.19999999999709,7.38084749,-1.4867568800000006,1.0,0.0,972.7349287882272,0.0,972.7349287882272
1668464294.5230784,16412.48,-2.5100000000020373,6.32214406,-1.0587034299999996,1.0,0.0,972.7349287882272,0.0,972.7349287882272
1668464354.5663178,16421.59,9.110000000000582,6.77406507,0.4519210099999995,0.0,1.0,0.0,0.0592351245395986,972.7349287882272
1668464414.460597,16416.27,-5.319999999999709,5.72951811,-1.04454696,1.0,0.0,972.4197979256764,0.0,972.4197979256764
1668464474.8186102,16420.2,3.930000000000291,5.73389908,0.0043809699999997,0.0,1.0,0.0,0.0592209472433756,972.4197979256764
1668464534.6131546,16423.54,3.340000000000145,5.81413673,0.0802376500000008,0.0,1.0,0.0,0.0592209472433756,972.6175958894688
1668464594.9759686,16427.81,4.270000000000437,6.35036364,0.5362269099999999,0.0,1.0,0.0,0.0592209472433756,972.8704693341982
1668464654.576125,16414.35,-13.460000000002765,4.51962422,-1.8307394200000005,1.0,0.0,972.0733553843022,0.0,972.0733553843022
1668464714.7441592,16416.62,2.270000000000437,4.70070684,0.1810826199999997,0.0,1.0,0.0,0.0592127584962253,972.0733553843022
1668464774.573309,16421.83,5.210000000002765,4.4951296,-0.2055772399999993,1.0,0.0,972.3818538560676,0.0,972.3818538560676
1668464834.4742014,16395.22,-26.610000000000586,0.67817743,-3.81695217,1.0,0.0,972.3818538560676,0.0,972.3818538560676
1668464894.5103984,16408.95,13.729999999999563,1.77344809,1.0952706600000002,0.0,1.0,0.0,0.0592592368101595,972.3818538560676
1668464954.6837804,16402.82,-6.130000000001019,-0.62338491,-2.396833,1.0,0.0,972.0185947344204,0.0,972.0185947344204
1668465014.4607267,16405.46,2.639999999999418,-0.90111647,-0.27773156,1.0,0.0,972.0185947344204,0.0,972.0185947344204
1668465074.928985,16405.13,-0.3299999999981082,-0.92744125,-0.02632478,1.0,0.0,972.0185947344204,0.0,972.0185947344204
1668465135.1145165,16407.17,2.039999999997235,-0.94557566,-0.01813441,1.0,0.0,972.0185947344204,0.0,972.0185947344204
1668465194.5899117,16381.41,-25.7599999999984,-4.830665,-3.88508934,1.0,0.0,972.0185947344204,0.0,972.0185947344204
1668465254.6452386,16376.66,-4.75,-6.65612708,-1.8254620800000003,1.0,0.0,972.0185947344204,0.0,972.0185947344204
1668465314.5347624,16388.59,11.930000000000293,-6.16652591,0.4896011700000002,0.0,1.0,0.0,0.0593106908363941,972.0185947344204
1668465374.9612265,16372.68,-15.909999999999854,-7.4356997,-1.26917379,1.0,0.0,971.074961643213,0.0,971.074961643213
1668465434.9049149,16361.74,-10.94000000000051,-11.21205039,-3.77635069,1.0,0.0,971.074961643213,0.0,971.074961643213
1668465494.587554,16376.18,14.44000000000051,-10.25841158,0.9536388099999992,0.0,1.0,0.0,0.0592980146556286,971.074961643213
1668465554.846038,16374.96,-1.2200000000011642,-10.4693086,-0.2108970199999991,1.0,0.0,971.002618065332,0.0,971.002618065332
1668465614.6485555,16387.32,12.360000000000582,-8.58950313,1.879805469999999,0.0,1.0,0.0,0.0592532896205927,971.002618065332
1668465674.6902916,16379.13,-8.19000000000051,-9.24283646,-0.6533333299999988,1.0,0.0,970.5173336233383,0.0,970.5173336233383
1668465734.651641,16369.95,-9.179999999998472,-10.08943115,-0.8465946899999999,1.0,0.0,970.5173336233383,0.0,970.5173336233383
1668465794.6494172,16377.63,7.679999999998472,-9.2180003,0.8714308499999994,0.0,1.0,0.0,0.0592587165312281,970.5173336233383
1668465854.623556,16374.76,-2.8699999999989814,-9.12930804,0.0886922600000001,0.0,1.0,0.0,0.0592587165312281,970.3472611068928
1668465914.6421733,16366.12,-8.639999999999418,-10.18838119,-1.0590731499999997,1.0,0.0,969.8352657960628,0.0,969.8352657960628
1668465974.6441636,16376.11,9.989999999999782,-8.86232628,1.32605491,0.0,1.0,0.0,0.0592225666410437,969.8352657960628
1668466035.700616,16389.47,13.360000000000582,-6.45816627,2.404160009999999,0.0,1.0,0.0,0.0592225666410437,970.6264792863866
1668466094.5819883,16403.2,13.729999999999563,-3.33654315,3.1216231200000006,0.0,1.0,0.0,0.0592225666410437,971.439605126368
1668466154.5494938,16418.55,15.349999999998545,0.50185798,3.83840113,0.0,1.0,0.0,0.0592225666410437,972.348671524308
1668466214.5965085,16435.29,16.7400000000016,4.7118756,4.21001762,0.0,1.0,0.0,0.0592225666410437,973.3400572898792
1668466274.577186,16437.27,1.979999999999564,4.86982432,0.1579487200000002,0.0,1.0,0.0,0.0592225666410437,973.4573179718284
1668466335.238846,16426.38,-10.889999999999418,7.31252902,2.4427047,0.0,1.0,0.0,0.0592225666410437,972.8123842211075
1668466394.9707522,16412.28,-14.100000000002185,6.27494618,-1.037582840000001,1.0,0.0,971.9773460314686,0.0,971.9773460314686
1668466454.873689,16433.53,21.25,9.29110458,3.016158400000001,0.0,1.0,0.0,0.0591459866523789,971.9773460314686
1668466514.7272017,16420.31,-13.219999999997526,8.23651768,-1.0545869000000003,1.0,0.0,971.1954360879238,0.0,971.1954360879238
1668466574.7053924,16426.43,6.119999999998981,9.38297478,1.1464570999999992,0.0,1.0,0.0,0.0591239506142189,971.1954360879238
1668466634.7407887,16417.95,-8.479999999999563,8.307206,-1.0757687799999989,1.0,0.0,970.6940649867151,0.0,970.6940649867151
1668466694.6672316,16418.11,0.1599999999998544,7.83231263,-0.4748933700000011,1.0,0.0,970.6940649867151,0.0,970.6940649867151
1668466754.7769136,16425.97,7.860000000000582,8.47209729,0.639784660000001,0.0,1.0,0.0,0.0590950832728122,970.6940649867151
1668466814.81726,16412.36,-13.610000000000582,6.35075274,-2.1213445500000008,1.0,0.0,969.889780903372,0.0,969.889780903372
1668466874.6015902,16415.09,2.7299999999995634,6.56853052,0.2177777800000004,0.0,1.0,0.0,0.0590852551465372,969.889780903372
1668466934.9838123,16491.2,76.11000000000058,16.34022495,9.77169443,0.0,1.0,0.0,0.0590852551465372,974.3867596725744
1668466994.6374817,16470.56,-20.63999999999941,16.44622917,0.1060042199999991,0.0,1.0,0.0,0.0590852551465372,973.16724000635
1668467054.4976592,16464.18,-6.380000000001019,16.82603738,0.3798082100000002,0.0,1.0,0.0,0.0590852551465372,972.7902760785148
1668467114.6553414,16463.71,-0.4700000000011641,16.7885445,-0.0374928799999985,1.0,0.0,972.762506008596,0.0,972.762506008596
1668467174.5554953,16470.57,6.860000000000582,18.13251411,1.3439696099999985,0.0,1.0,0.0,0.0590606461105229,972.762506008596
1668467234.6712594,16556.15,85.58000000000175,30.4611026,12.32858849,0.0,1.0,0.0,0.0590606461105229,977.8169161027338
1668467294.748009,16559.88,3.729999999999563,34.82728093,4.36617833,0.0,1.0,0.0,0.0590606461105229,978.037212312726
1668467354.5724337,16578.54,18.65999999999985,40.38213373,5.554852799999999,0.0,1.0,0.0,0.0590606461105229,979.1392839691484
1668467414.864189,16583.09,4.549999999999272,43.75098992,3.3688561900000025,0.0,1.0,0.0,0.0590606461105229,979.4080099089512
1668467474.644385,16560.91,-22.18000000000029,42.5939767,-1.1570132200000032,1.0,0.0,978.0980447782198,0.0,978.0980447782198
1668467534.8158529,16564.03,3.1199999999989814,42.90562413,0.3116474300000007,0.0,1.0,0.0,0.0590495214496846,978.0980447782198
1668467594.546275,16555.02,-9.0099999999984,41.19216492,-1.7134592099999963,1.0,0.0,977.5660085899576,0.0,977.5660085899576
1668467654.7509987,16550.41,-4.610000000000582,39.2917241,-1.90044082,1.0,0.0,977.5660085899576,0.0,977.5660085899576
1668467714.6492193,16560.18,9.770000000000437,39.02423998,-0.267484120000006,1.0,0.0,977.5660085899576,0.0,977.5660085899576
1668467774.8344448,16621.64,61.45999999999913,46.35385307,7.329613090000002,0.0,1.0,0.0,0.0588128493090909,977.5660085899576
1668467835.455169,16612.95,-8.68999999999869,46.49559002,0.141736950000002,0.0,1.0,0.0,0.0588128493090909,977.0549249294615
1668467894.8359835,16614.86,1.9099999999998545,46.98927035,0.4936803299999965,0.0,1.0,0.0,0.0588128493090909,977.167257471642
1668467955.4148178,16701.15,86.29000000000087,58.72658384,11.737313490000004,0.0,1.0,0.0,0.0588128493090909,982.2422182385236
1668468015.5593407,16685.65,-15.5,59.74024688,1.0136630399999973,0.0,1.0,0.0,0.0588128493090909,981.3306190742328
1668468075.0107932,16675.89,-9.760000000002035,59.57877448,-0.1614724000000009,1.0,0.0,980.7566056649758,0.0,980.7566056649758
1668468134.9101157,16673.28,-2.610000000000582,58.92119635,-0.6575781299999974,1.0,0.0,980.7566056649758,0.0,980.7566056649758
1668468194.8369226,16669.49,-3.789999999997235,57.56575273,-1.3554436200000026,1.0,0.0,980.7566056649758,0.0,980.7566056649758
1668468254.7759712,16663.44,-6.05000000000291,55.01145957,-2.5542931600000003,1.0,0.0,980.7566056649758,0.0,980.7566056649758
1668468314.736317,16667.95,4.510000000002037,53.38563384,-1.6258257300000023,1.0,0.0,980.7566056649758,0.0,980.7566056649758
1668468374.751141,16677.45,9.5,52.53044939,-0.8551844499999959,1.0,0.0,980.7566056649758,0.0,980.7566056649758
1668468434.7866695,16673.39,-4.06000000000131,50.15418629,-2.3762631000000027,1.0,0.0,980.7566056649758,0.0,980.7566056649758
1668468494.6935902,16655.94,-17.450000000000728,45.51841327,-4.635773019999995,1.0,0.0,980.7566056649758,0.0,980.7566056649758
1668468554.8404543,16645.68,-10.2599999999984,41.22588606,-4.292527210000003,1.0,0.0,980.7566056649758,0.0,980.7566056649758
1668468614.7283468,16645.68,0.0,38.00819065,-3.217695409999997,1.0,0.0,980.7566056649758,0.0,980.7566056649758
1668468675.0879614,16652.34,6.659999999999855,36.01173422,-1.996456430000002,1.0,0.0,980.7566056649758,0.0,980.7566056649758
1668468734.9218066,16673.18,20.840000000000146,36.43441754,0.4226833199999973,0.0,1.0,0.0,0.05882240854264,980.7566056649758
1668468795.0753822,16693.73,20.549999999999272,37.95288237,1.5184648299999992,0.0,1.0,0.0,0.05882240854264,981.9654061605256
1668468854.9049337,16683.28,-10.450000000000728,36.06177508,-1.8911072900000008,1.0,0.0,981.350711991255,0.0,981.350711991255
1668468915.0231164,16701.55,18.27000000000044,37.28999122,1.228216140000001,0.0,1.0,0.0,0.0587580620955094,981.350711991255
1668468975.0014603,16714.87,13.319999999999707,38.56839428,1.2784030600000025,0.0,1.0,0.0,0.0587580620955094,982.1333693783672
1668469034.9572055,16701.61,-13.2599999999984,37.5106165,-1.057777780000002,1.0,0.0,981.3542374749808,0.0,981.3542374749808
1668469095.0629964,16694.06,-7.549999999999272,35.15297127,-2.357645229999996,1.0,0.0,981.3542374749808,0.0,981.3542374749808
1668469155.177419,16708.29,14.229999999999563,33.6493893,-1.503581969999999,1.0,0.0,981.3542374749808,0.0,981.3542374749808
1668469215.1764116,16697.66,-10.63000000000102,31.27016376,-2.379225540000004,1.0,0.0,981.3542374749808,0.0,981.3542374749808
1668469275.376731,16700.08,2.420000000001892,29.97983775,-1.2903260099999976,1.0,0.0,981.3542374749808,0.0,981.3542374749808
1668469335.3435056,16700.34,0.2599999999983993,30.0005785,0.020740749999998,0.0,1.0,0.0,0.058762530432014,981.3542374749808
1668469395.0801198,16704.8,4.459999999999127,27.88613511,-2.114443389999998,1.0,0.0,981.6163183607074,0.0,981.6163183607074
1668469455.0755675,16711.17,6.369999999998981,27.54094047,-0.3451946400000025,1.0,0.0,981.6163183607074,0.0,981.6163183607074
1668469514.9836588,16703.98,-7.18999999999869,25.45773502,-2.0832054499999977,1.0,0.0,981.6163183607074,0.0,981.6163183607074
1668469575.6070323,16684.0,-19.979999999999563,21.3365884,-4.121146620000001,1.0,0.0,981.6163183607074,0.0,981.6163183607074
1668469635.1210542,16660.68,-23.31999999999971,15.72491018,-5.61167822,1.0,0.0,981.6163183607074,0.0,981.6163183607074
1668469695.102847,16665.91,5.229999999999563,13.43891044,-2.2859997399999994,1.0,0.0,981.6163183607074,0.0,981.6163183607074
1668469755.1188407,16661.82,-4.0900000000001455,10.58954919,-2.849361250000001,1.0,0.0,981.6163183607074,0.0,981.6163183607074
1668469815.0856729,16657.38,-4.43999999999869,7.87105436,-2.71849483,1.0,0.0,981.6163183607074,0.0,981.6163183607074
1668469875.204764,16653.88,-3.5,5.33046075,-2.54059361,1.0,0.0,981.6163183607074,0.0,981.6163183607074
1668469935.1810544,16634.04,-19.840000000000146,0.82206158,-4.508399170000001,1.0,0.0,981.6163183607074,0.0,981.6163183607074
1668469995.1365905,16626.64,-7.400000000001455,-2.74863024,-3.5706918199999995,1.0,0.0,981.6163183607074,0.0,981.6163183607074
1668470055.485378,16631.43,4.790000000000873,-4.28148559,-1.5328553500000002,1.0,0.0,981.6163183607074,0.0,981.6163183607074
1668470115.13138,16631.13,-0.2999999999992724,-5.87828608,-1.5968004899999997,1.0,0.0,981.6163183607074,0.0,981.6163183607074
1668470175.11477,16621.93,-9.200000000000728,-8.33276399,-2.4544779100000005,1.0,0.0,981.6163183607074,0.0,981.6163183607074
1668470235.1104355,16609.61,-12.319999999999707,-9.31555601,-0.9827920199999998,1.0,0.0,981.6163183607074,0.0,981.6163183607074
1668470295.0571852,16621.78,12.169999999998254,-10.61035935,-1.2948033399999996,1.0,0.0,981.6163183607074,0.0,981.6163183607074
1668470355.2711797,16612.85,-8.930000000000291,-12.24481907,-1.6344597200000006,1.0,0.0,981.6163183607074,0.0,981.6163183607074
1668470415.204455,16617.72,4.870000000002619,-12.09898794,0.1458311299999994,0.0,1.0,0.0,0.0590704572204073,981.6163183607074
1668470475.081769,16601.94,-15.780000000002474,-14.57074183,-2.4717538899999987,1.0,0.0,980.6841865457689,0.0,980.6841865457689
1668470535.200447,16598.14,-3.799999999999272,-15.81093893,-1.2401971000000014,1.0,0.0,980.6841865457689,0.0,980.6841865457689
1668470595.1447527,16611.8,13.659999999999854,-14.52075448,1.29018445,0.0,1.0,0.0,0.0590353957154413,980.6841865457689
1668470655.0809567,16629.27,17.470000000001164,-11.56162791,2.9591265700000005,0.0,1.0,0.0,0.0590353957154413,981.7155349089164
1668470715.5971806,16638.79,9.520000000000437,-8.93756206,2.624065850000001,0.0,1.0,0.0,0.0590353957154413,982.2775518761276
1668470775.3703032,16633.19,-5.600000000002183,-8.2194103,0.7181517599999996,0.0,1.0,0.0,0.0590353957154413,981.946953660121
1668470835.5814383,16592.59,-40.59999999999855,-12.98919553,-4.76978523,1.0,0.0,979.5501165940742,0.0,979.5501165940742
1668470895.882353,16590.01,-2.5800000000017462,-14.24702565,-1.2578301199999995,1.0,0.0,979.5501165940742,0.0,979.5501165940742
1668470955.4984798,16594.61,4.600000000002183,-14.32612914,-0.0791034900000013,1.0,0.0,979.5501165940742,0.0,979.5501165940742
1668471015.6665184,16607.04,12.430000000000293,-12.8297304,1.49639874,0.0,1.0,0.0,0.05898402825513,979.5501165940742
1668471075.660966,16599.89,-7.150000000001455,-13.3025682,-0.4728377999999988,1.0,0.0,979.12838079205,0.0,979.12838079205
1668471135.418345,16595.74,-4.149999999997817,-13.65757557,-0.3550073700000009,1.0,0.0,979.12838079205,0.0,979.12838079205
1668471195.7908533,16593.68,-2.0600000000013097,-13.66295385,-0.0053782799999986,1.0,0.0,979.12838079205,0.0,979.12838079205
1668471255.5596428,16608.8,15.11999999999898,-11.37508405,2.2878698,0.0,1.0,0.0,0.0589523855300834,979.12838079205
1668471315.2089517,16600.52,-8.279999999998836,-11.4216128,-0.0465287500000002,1.0,0.0,978.64025503986,0.0,978.64025503986
1668471375.3695843,16599.69,-0.8300000000017462,-11.0824013,0.3392114999999993,0.0,1.0,0.0,0.0589553332044068,978.64025503986
1668471435.1501725,16582.96,-16.729999999999563,-12.85468138,-1.7722800799999998,1.0,0.0,977.6539323153498,0.0,977.6539323153498
1668471495.545193,16582.93,-0.0299999999988358,-13.22286444,-0.3681830599999998,1.0,0.0,977.6539323153498,0.0,977.6539323153498
1668471555.5701506,16574.34,-8.590000000000146,-14.40923281,-1.1863683700000005,1.0,0.0,977.6539323153498,0.0,977.6539323153498
1668471615.4750605,16585.44,11.099999999998545,-13.08508287,1.32414994,0.0,1.0,0.0,0.0589465176875229,977.6539323153498
1668471675.203273,16597.38,11.940000000002328,-11.05561891,2.029463960000001,0.0,1.0,0.0,0.0589465176875229,978.3577537365388
1668471739.5793371,16614.04,16.659999999999854,-7.74546966,3.31014925,0.0,1.0,0.0,0.0589465176875229,979.339802721213
1668471795.757052,16599.93,-14.110000000000582,-8.05378343,-0.3083137699999989,1.0,0.0,978.508067356642,0.0,978.508067356642
1668471855.8343492,16592.83,-7.099999999998545,-8.30910339,-0.2553199600000013,1.0,0.0,978.508067356642,0.0,978.508067356642
1668471917.3474796,16613.33,20.5,-5.0290227,3.280080690000001,0.0,1.0,0.0,0.0588989725332995,978.508067356642
1668471977.1037753,16611.43,-1.9000000000014552,-3.95167643,1.0773462699999996,0.0,1.0,0.0,0.0588989725332995,978.3961593088274
1668472037.3068745,16625.63,14.200000000000728,-0.87303387,3.07864256,0.0,1.0,0.0,0.0588989725332995,979.2325247188004
1668472098.4951088,16625.15,-0.4799999999995634,0.45409556,1.32712943,0.0,1.0,0.0,0.0588989725332995,979.2042532119845
1668472158.1583235,16631.8,6.649999999997817,2.53500413,2.08090857,0.0,1.0,0.0,0.0588989725332995,979.5959313793306
1668472218.3020232,16634.01,2.209999999999127,4.03324615,1.4982420200000002,0.0,1.0,0.0,0.0588989725332995,979.7260981086292
1668472279.1905098,16652.17,18.15999999999985,7.6819082,3.64866205,0.0,1.0,0.0,0.0588989725332995,980.795703449834
1668472339.287496,16638.47,-13.69999999999709,7.17551187,-0.5063963299999994,1.0,0.0,979.9887875261278,0.0,979.9887875261278
1668472399.040162,16612.7,-25.77000000000044,4.19222208,-2.9832897900000006,1.0,0.0,979.9887875261278,0.0,979.9887875261278
1668472460.6025963,16612.05,-0.6500000000014552,3.16631023,-1.0259118499999995,1.0,0.0,979.9887875261278,0.0,979.9887875261278
1668472519.9759004,16627.47,15.420000000001892,4.53625916,1.36994893,0.0,1.0,0.0,0.0589379374929636,979.9887875261278
1668472580.3073244,16645.61,18.13999999999941,7.15845909,2.62219993,0.0,1.0,0.0,0.0589379374929636,981.05792171225
1668472641.1138115,16634.3,-11.31000000000131,6.34332943,-0.8151296600000002,1.0,0.0,980.3913336392044,0.0,980.3913336392044
1668472701.197574,16625.98,-8.319999999999709,5.17812376,-1.1652056699999995,1.0,0.0,980.3913336392044,0.0,980.3913336392044
1668472760.8554354,16615.28,-10.700000000000728,3.25549518,-1.92262858,1.0,0.0,980.3913336392044,0.0,980.3913336392044
1668472822.0124562,16614.21,-1.069999999999709,2.22954929,-1.02594589,1.0,0.0,980.3913336392044,0.0,980.3913336392044
1668472881.643175,16627.07,12.860000000000582,3.28513363,1.0555843399999998,0.0,1.0,0.0,0.0589635656576416,980.3913336392044
1668472941.9996517,16638.64,11.569999999999707,4.95273431,1.6676006800000005,0.0,1.0,0.0,0.0589635656576416,981.073542093862
1668473002.4533284,16618.65,-19.989999999997963,2.57680843,-2.3759258800000005,1.0,0.0,979.8948604163658,0.0,979.8948604163658
1668473062.449271,16615.1,-3.5500000000029104,1.4665791,-1.11022933,1.0,0.0,979.8948604163658,0.0,979.8948604163658
1668473122.7835865,16618.88,3.780000000002474,1.33375158,-0.1328275199999999,1.0,0.0,979.8948604163658,0.0,979.8948604163658
1668473182.9962988,16623.7,4.819999999999709,1.6596041,0.32585252,0.0,1.0,0.0,0.0589456535197558,979.8948604163658
1668473242.339707,16622.57,-1.1300000000010186,1.38326568,-0.2763384199999998,1.0,0.0,979.8282518278872,0.0,979.8282518278872
1668473302.3552191,16628.52,5.950000000000728,2.03392897,0.6506632899999998,0.0,1.0,0.0,0.0589245616463694,979.8282518278872
1668473362.602385,16619.83,-8.68999999999869,0.95282832,-1.0811006499999998,1.0,0.0,979.3161973871796,0.0,979.3161973871796
1668473422.4209905,16616.38,-3.450000000000728,0.26320461,-0.68962371,1.0,0.0,979.3161973871796,0.0,979.3161973871796
1668473482.4735825,16619.24,2.860000000000582,0.19231826,-0.07088635,1.0,0.0,979.3161973871796,0.0,979.3161973871796
1668473542.6011455,16630.48,11.239999999997965,1.630379,1.43806074,0.0,1.0,0.0,0.0588868269218434,979.3161973871796
1668473603.167846,16616.7,-13.779999999998836,0.14775825,-1.48262075,1.0,0.0,978.5047369121952,0.0,978.5047369121952
1668473662.4090958,16597.97,-18.729999999999563,-2.86447169,-3.01222994,1.0,0.0,978.5047369121952,0.0,978.5047369121952
1668473722.4350772,16584.62,-13.350000000002185,-5.85603196,-2.9915602700000004,1.0,0.0,978.5047369121952,0.0,978.5047369121952
1668473782.309301,16579.36,-5.259999999998399,-8.16993174,-2.3138997800000007,1.0,0.0,978.5047369121952,0.0,978.5047369121952
1668473842.4322877,16567.54,-11.819999999999707,-11.15436946,-2.984437719999999,1.0,0.0,978.5047369121952,0.0,978.5047369121952
1668473902.3694649,16559.17,-8.37000000000262,-13.73850397,-2.58413451,1.0,0.0,978.5047369121952,0.0,978.5047369121952
1668473962.4442909,16544.85,-14.319999999999707,-17.20672001,-3.468216040000001,1.0,0.0,978.5047369121952,0.0,978.5047369121952
1668474022.4524612,16564.16,19.31000000000131,-16.01595953,1.1907604800000016,0.0,1.0,0.0,0.0590736105490526,978.5047369121952
1668474082.9291236,16557.74,-6.419999999998254,-17.07555546,-1.0595959300000004,1.0,0.0,978.1254843324704,0.0,978.1254843324704
1668474142.5609946,16553.8,-3.940000000002328,-17.89950345,-0.8239479900000006,1.0,0.0,978.1254843324704,0.0,978.1254843324704
1668474202.5695577,16542.22,-11.579999999998108,-19.63216015,-1.7326566999999995,1.0,0.0,978.1254843324704,0.0,978.1254843324704
1668474262.6588342,16566.3,24.07999999999811,-16.63731672,2.9948434299999995,0.0,1.0,0.0,0.0590430865270139,978.1254843324704
1668474322.39473,16570.0,3.700000000000728,-15.10585176,1.531464960000001,0.0,1.0,0.0,0.0590430865270139,978.3439437526204
1668474382.40719,16565.81,-4.18999999999869,-14.60552115,0.5003306100000007,0.0,1.0,0.0,0.0590430865270139,978.0965532200722
1668474442.351508,16569.44,3.6299999999973807,-13.24249744,1.3630237100000002,0.0,1.0,0.0,0.0590430865270139,978.3108796241652
1668474502.2683363,16571.07,1.6300000000010186,-11.97684919,1.26564825,0.0,1.0,0.0,0.0590430865270139,978.4071198552042
1668474562.5142312,16591.46,20.38999999999941,-8.1795778,3.797271389999999,0.0,1.0,0.0,0.0590430865270139,979.61100838949
1668474622.4879608,16596.0,4.540000000000873,-5.7193063,2.4602715,0.0,1.0,0.0,0.0590430865270139,979.8790640023228
1668474682.509164,16603.89,7.889999999999418,-2.94835629,2.7709500100000004,0.0,1.0,0.0,0.0590430865270139,980.3449139550208
1668474742.5185869,16592.23,-11.659999999999854,-2.81769272,0.1306635699999998,0.0,1.0,0.0,0.0590430865270139,979.6564715661158
1668474802.64317,16589.34,-2.889999999999418,-2.33467244,0.4830202800000003,0.0,1.0,0.0,0.0590430865270139,979.4858370460528
1668474862.598434,16583.17,-6.170000000001892,-2.64996459,-0.3152921500000003,1.0,0.0,979.121541202181,0.0,979.121541202181
1668474922.6094587,16589.1,5.930000000000291,-1.64288789,1.0070767000000005,0.0,1.0,0.0,0.0590219807706374,979.121541202181
1668474982.6453054,16585.51,-3.590000000000145,-1.71325865,-0.07037076,1.0,0.0,978.9096522912142,0.0,978.9096522912142
1668475042.5740056,16599.78,14.270000000000437,0.49274778,2.20600643,0.0,1.0,0.0,0.0589712425279861,978.9096522912142
1668475102.4531653,16614.94,15.159999999999854,3.55659461,3.06384683,0.0,1.0,0.0,0.0589712425279861,979.8036563279372
1668475162.4876058,16606.65,-8.289999999997235,3.67939293,0.1227983200000002,0.0,1.0,0.0,0.0589712425279861,979.3147847273804
1668475222.6622388,16612.61,5.959999999999127,5.03619328,1.35680035,0.0,1.0,0.0,0.0589712425279861,979.6662533328472
1668475282.4592092,16621.63,9.020000000000437,7.03066296,1.99446968,0.0,1.0,0.0,0.0589712425279861,980.1981739404496
1668475342.49414,16616.22,-5.409999999999855,7.18525955,0.1545965899999997,0.0,1.0,0.0,0.0589712425279861,979.8791395183732
1668475402.481204,16617.61,1.389999999999418,7.8256236,0.6403640500000005,0.0,1.0,0.0,0.0589712425279861,979.9611095454871
1668475462.937536,16621.88,4.270000000000437,8.6233334,0.7977097999999998,0.0,1.0,0.0,0.0589712425279861,980.2129167510816
1668475522.4184978,16630.02,8.139999999999418,10.19370554,1.57037214,0.0,1.0,0.0,0.0589712425279861,980.6929426652596
1668475582.4896202,16646.29,16.270000000000437,13.00223411,2.80852857,0.0,1.0,0.0,0.0589712425279861,981.6524047811898
1668475642.4267163,16626.09,-20.200000000000728,11.22889431,-1.7733398000000005,1.0,0.0,980.4611856821244,0.0,980.4611856821244
1668475702.524174,16624.02,-2.069999999999709,10.59451284,-0.6343814699999992,1.0,0.0,980.4611856821244,0.0,980.4611856821244
1668475762.5219882,16631.58,7.56000000000131,11.21482917,0.6203163299999996,0.0,1.0,0.0,0.0589517764206482,980.4611856821244
1668475822.4504392,16638.3,6.719999999997526,11.99690378,0.7820746100000004,0.0,1.0,0.0,0.0589517764206482,980.8573416196708
1668475882.4986515,16636.1,-2.200000000000728,11.8363377,-0.1605660800000006,1.0,0.0,980.7276477115456,0.0,980.7276477115456
1668475943.2147186,16628.19,-7.9099999999998545,10.57220917,-1.264128529999999,1.0,0.0,980.7276477115456,0.0,980.7276477115456
1668476002.6292825,16640.58,12.390000000003056,11.68904144,1.1168322699999995,0.0,1.0,0.0,0.0589359053417336,980.7276477115456
1668476062.4858315,16643.52,2.9399999999986903,12.01911328,0.3300718399999987,0.0,1.0,0.0,0.0589359053417336,980.90091927325
1668476122.440328,16633.22,-10.299999999999272,10.55471404,-1.4643992399999988,1.0,0.0,980.2938794482304,0.0,980.2938794482304
1668476183.6379535,16630.88,-2.340000000000145,9.65611487,-0.8985991700000007,1.0,0.0,980.2938794482304,0.0,980.2938794482304
1668476242.3874753,16636.11,5.229999999999563,9.67074309,0.0146282200000005,0.0,1.0,0.0,0.0589256670849273,980.2938794482304
1668476302.5705109,16634.3,-1.8100000000013097,8.98925759,-0.6814855000000009,1.0,0.0,980.1872239908062,0.0,980.1872239908062
1668476362.5395024,16650.82,16.520000000000437,10.81117539,1.8219178000000007,0.0,1.0,0.0,0.0588672043773703,980.1872239908062
1668476423.465903,16664.57,13.75,12.95012463,2.1389492399999988,0.0,1.0,0.0,0.0588672043773703,980.9966480509938
1668476482.470626,16648.69,-15.88000000000102,11.44165489,-1.508469739999999,1.0,0.0,980.061836845481,0.0,980.061836845481
1668476542.5080798,16650.03,1.3400000000001455,11.27930682,-0.1623480700000001,1.0,0.0,980.061836845481,0.0,980.061836845481
1668476602.5731845,16651.44,1.4099999999998545,11.25232689,-0.0269799299999995,1.0,0.0,980.061836845481,0.0,980.061836845481
1668476662.4955251,16665.95,14.510000000002035,12.89543803,1.6431111399999985,0.0,1.0,0.0,0.0588062388790006,980.061836845481
1668476722.5092432,16696.42,30.46999999999753,17.46775504,4.572317010000001,0.0,1.0,0.0,0.0588062388790006,981.853662944123
1668476782.4557488,16677.57,-18.849999999998545,16.2631042,-1.2046508399999991,1.0,0.0,980.745165341254,0.0,980.745165341254
1668476842.4410214,16695.77,18.200000000000728,18.964242,2.701137799999998,0.0,1.0,0.0,0.0587421344053765,980.745165341254
1668476903.6383524,16724.32,28.549999999999272,23.72893491,4.764692910000001,0.0,1.0,0.0,0.0587421344053765,982.4222532785262
1668476962.6889286,16779.13,54.81000000000131,33.28140314,9.552468230000002,0.0,1.0,0.0,0.0587421344053765,985.641909665285
1668477022.8149958,16761.47,-17.659999999999854,34.36429748,1.0828943399999955,0.0,1.0,0.0,0.0587421344053765,984.604523571686
1668477082.4444366,16741.14,-20.330000000001743,33.05781963,-1.3064778500000005,1.0,0.0,983.4102959792248,0.0,983.4102959792248
1668477142.6240523,16730.24,-10.899999999997815,31.41313012,-1.6446895099999956,1.0,0.0,983.4102959792248,0.0,983.4102959792248
1668477202.516863,16743.64,13.399999999997815,32.31582336,0.9026932400000014,0.0,1.0,0.0,0.0587333635923386,983.4102959792248
1668477262.6127205,16723.54,-20.099999999998545,28.90138653,-3.414436830000003,1.0,0.0,982.2297553710184,0.0,982.2297553710184
1668477322.567279,16763.24,39.70000000000073,32.79465963,3.8932730999999983,0.0,1.0,0.0,0.0585942667032756,982.2297553710184
1668477383.4610655,16753.95,-9.290000000000871,31.72360374,-1.071055889999997,1.0,0.0,981.6854146333444,0.0,981.6854146333444
1668477442.634447,16738.27,-15.680000000000293,28.8869913,-2.8366124400000032,1.0,0.0,981.6854146333444,0.0,981.6854146333444
1668477502.6014163,16718.69,-19.580000000001743,24.54749218,-4.339499119999999,1.0,0.0,981.6854146333444,0.0,981.6854146333444
1668477562.5600352,16719.33,0.6400000000030559,22.18206826,-2.365423919999998,1.0,0.0,981.6854146333444,0.0,981.6854146333444
1668477625.5699923,16716.7,-2.630000000001018,19.66424578,-2.5178224799999995,1.0,0.0,981.6854146333444,0.0,981.6854146333444
1668477684.8120432,16688.52,-28.18000000000029,13.6482776,-6.0159681800000016,1.0,0.0,981.6854146333444,0.0,981.6854146333444
1668477807.8070312,16713.23,24.709999999999127,11.65089239,-1.997385210000001,1.0,0.0,981.6854146333444,0.0,981.6854146333444
1668477821.1910832,16713.23,0.0,11.65089239,0.0,1.0,0.0,981.6854146333444,0.0,981.6854146333444
1668477866.582093,16732.79,19.56000000000131,13.43062486,1.7797324700000008,0.0,1.0,0.0,0.0586683640106249,981.6854146333444
1668477927.1848435,16755.4,22.610000000000586,16.67768941,3.24706455,0.0,1.0,0.0,0.0586683640106249,983.0119063436244
1668477986.4083023,16736.71,-18.69000000000233,14.94394853,-1.7337408799999992,1.0,0.0,981.9153946202658,0.0,981.9153946202658
1668478046.3882134,16739.94,3.2299999999995634,14.9975221,0.0535735699999992,0.0,1.0,0.0,0.0586570438496354,981.9153946202658
1668478106.563767,16747.05,7.110000000000582,15.71492235,0.7174002500000007,0.0,1.0,0.0,0.0586570438496354,982.3324462020364
1668478166.6184258,16739.7,-7.349999999998545,14.57448118,-1.1404411700000008,1.0,0.0,981.9013169297418,0.0,981.9013169297418
1668478226.4854734,16752.81,13.110000000000582,15.92603535,1.35155417,0.0,1.0,0.0,0.0586111414699827,981.9013169297418
1668478286.5040543,16742.52,-10.290000000000871,14.48672765,-1.4393076999999987,1.0,0.0,981.2982082840148,0.0,981.2982082840148
1668478346.617864,16736.16,-6.360000000000582,12.9217785,-1.5649491500000003,1.0,0.0,981.2982082840148,0.0,981.2982082840148
1668478407.2816198,16740.35,4.18999999999869,12.61275199,-0.3090265100000007,1.0,0.0,981.2982082840148,0.0,981.2982082840148
1668478466.6317644,16759.95,19.600000000002183,14.66010966,2.04735767,0.0,1.0,0.0,0.058550187099843,981.2982082840148
1668478526.57726,16775.87,15.919999999998254,17.12259881,2.46248915,0.0,1.0,0.0,0.058550187099843,982.2303272626432
1668478586.5390146,16760.68,-15.18999999999869,15.71448197,-1.40811684,1.0,0.0,981.3409499205966,0.0,981.3409499205966
1668478646.5961356,16751.73,-8.950000000000728,14.11634712,-1.5981348499999992,1.0,0.0,981.3409499205966,0.0,981.3409499205966
1668478706.536821,16749.77,-1.9599999999991269,12.98567709,-1.130670030000001,1.0,0.0,981.3409499205966,0.0,981.3409499205966
1668478766.5763605,16742.69,-7.080000000001746,11.11722136,-1.868455729999999,1.0,0.0,981.3409499205966,0.0,981.3409499205966
1668478826.6213727,16749.32,6.630000000001019,10.92912818,-0.1880931800000009,1.0,0.0,981.3409499205966,0.0,981.3409499205966
1668478886.4174776,16737.02,-12.299999999999272,8.43595856,-2.49316962,1.0,0.0,981.3409499205966,0.0,981.3409499205966
1668478946.609055,16747.2,10.180000000000293,8.62940469,0.1934461299999998,0.0,1.0,0.0,0.0585973147702658,981.3409499205966
1668479006.5357232,16734.43,-12.770000000000437,6.15566749,-2.4737371999999995,1.0,0.0,980.5926622109793,0.0,980.5926622109793
1668479066.784598,16742.91,8.479999999999563,6.15178797,-0.0038795199999999,1.0,0.0,980.5926622109793,0.0,980.5926622109793
1668479126.551696,16749.16,6.25,6.53011168,0.3783237100000001,0.0,1.0,0.0,0.058545781532386,980.5926622109793
1668479186.485089,16745.3,-3.860000000000582,5.85998189,-0.6701297899999998,1.0,0.0,980.3666754942632,0.0,980.3666754942632
1668479246.5441806,16738.16,-7.139999999999418,4.47460699,-1.3853749000000004,1.0,0.0,980.3666754942632,0.0,980.3666754942632
1668479306.7999337,16735.4,-2.7599999999984,3.2792412,-1.19536579,1.0,0.0,980.3666754942632,0.0,980.3666754942632
1668479366.687788,16737.56,2.1599999999998545,2.82254704,-0.45669416,1.0,0.0,980.3666754942632,0.0,980.3666754942632
1668479426.55031,16732.89,-4.670000000001892,1.68914667,-1.13340037,1.0,0.0,980.3666754942632,0.0,980.3666754942632
1668479486.4971192,16745.47,12.580000000001746,2.84334774,1.15420107,0.0,1.0,0.0,0.0585451871756518,980.3666754942632
1668479546.6974669,16752.88,7.4099999999998545,3.98323133,1.1398835900000002,0.0,1.0,0.0,0.0585451871756518,980.8004953312336
1668479606.756944,16758.48,5.599999999998545,5.08660295,1.1033716199999994,0.0,1.0,0.0,0.0585451871756518,981.128348379417
1668479666.6292017,16772.99,14.510000000002035,7.53422396,2.4476210100000007,0.0,1.0,0.0,0.0585451871756518,981.977839045336
1668479727.1626248,16767.56,-5.430000000000291,7.7722013,0.2379773399999996,0.0,1.0,0.0,0.0585451871756518,981.659938678972
1668479787.140179,16761.67,-5.890000000003056,7.37870086,-0.3935004399999995,1.0,0.0,981.3151075265074,0.0,981.3151075265074
1668479847.141204,16778.84,17.17000000000189,9.77855147,2.39985061,0.0,1.0,0.0,0.0584852771423118,981.3151075265074
1668479907.8848865,16787.31,8.470000000001164,11.67468878,1.8961373100000003,0.0,1.0,0.0,0.0584852771423118,981.8104778239024
1668479967.9405415,16801.55,14.239999999997965,14.51885946,2.8441706799999995,0.0,1.0,0.0,0.0584852771423118,982.6433081704088
1668480028.068183,16794.01,-7.540000000000873,14.57217344,0.0533139800000004,0.0,1.0,0.0,0.0584852771423118,982.2023291807558
1668480088.6883402,16783.11,-10.899999999997815,13.46086201,-1.1113114300000009,1.0,0.0,981.5648396599048,0.0,981.5648396599048
1668480148.751358,16774.66,-8.450000000000728,11.9901049,-1.4707571099999992,1.0,0.0,981.5648396599048,0.0,981.5648396599048
1668480208.7739415,16784.97,10.31000000000131,12.58173178,0.5916268799999997,0.0,1.0,0.0,0.0584787961884891,981.5648396599048
1668480269.717406,16790.03,5.059999999997672,12.97279998,0.3910681999999994,0.0,1.0,0.0,0.0584787961884891,981.8607423686176
1668480329.6333375,16775.97,-14.059999999997672,10.82755024,-2.145249739999999,1.0,0.0,981.0385304942076,0.0,981.0385304942076
1668480389.6706023,16767.86,-8.110000000000582,8.75570121,-2.071849030000001,1.0,0.0,981.0385304942076,0.0,981.0385304942076
1668480450.3268266,16758.05,-9.81000000000131,6.15278247,-2.60291874,1.0,0.0,981.0385304942076,0.0,981.0385304942076
1668480510.4519527,16765.33,7.280000000002474,5.61413556,-0.5386469099999998,1.0,0.0,981.0385304942076,0.0,981.0385304942076
1668480570.4067943,16764.77,-0.5600000000013097,4.61536007,-0.99877549,1.0,0.0,981.0385304942076,0.0,981.0385304942076
1668480631.501131,16763.26,-1.5100000000020373,3.6536639,-0.9616961700000002,1.0,0.0,981.0385304942076,0.0,981.0385304942076
1668480691.010572,16761.11,-2.149999999997817,2.55354079,-1.1001231100000002,1.0,0.0,981.0385304942076,0.0,981.0385304942076
1668480751.0902293,16762.71,1.5999999999985448,2.02263606,-0.53090473,1.0,0.0,981.0385304942076,0.0,981.0385304942076
1668480812.0632553,16766.46,3.75,2.03119508,0.0085590199999998,0.0,1.0,0.0,0.0585119655845186,981.0385304942076
1668480872.4642155,16766.51,0.0499999999992724,1.81513223,-0.2160628499999999,1.0,0.0,981.0414560924868,0.0,981.0414560924868
1668480933.7057655,16769.69,3.180000000000291,2.23313475,0.4180025200000001,0.0,1.0,0.0,0.0585008700871922,981.0414560924868
1668480993.1313512,16770.43,0.7400000000016007,2.33354149,0.1004067399999999,0.0,1.0,0.0,0.0585008700871922,981.0847467363508
1668481052.9660738,16769.66,-0.7700000000004366,2.23051594,-0.1030255499999999,1.0,0.0,981.0397010663836,0.0,981.0397010663836
1668481113.2309706,16772.82,3.1599999999998545,2.61920901,0.38869307,0.0,1.0,0.0,0.0584898485207844,981.0397010663836
1668481173.7342064,16753.8,-19.02000000000044,0.00767914,-2.61152987,1.0,0.0,979.9272241475176,0.0,979.9272241475176
1668481233.9592388,16765.92,12.11999999999898,0.86295903,0.8552798899999999,0.0,1.0,0.0,0.0584475665008253,979.9272241475176
1668481293.8258474,16766.92,1.0,0.90770946,0.04475043,0.0,1.0,0.0,0.0584475665008253,979.9856717140176
1668481354.5766382,16774.89,7.970000000001164,2.08404399,1.17633453,0.0,1.0,0.0,0.0584475665008253,980.4514988190292
1668481414.583502,16804.3,29.40999999999985,6.64183047,4.557786480000001,0.0,1.0,0.0,0.0584475665008253,982.1704417498185
1668481474.517021,16792.93,-11.36999999999898,6.57947295,-0.0623575199999999,1.0,0.0,981.505892918704,0.0,981.505892918704
1668481535.4045951,16812.85,19.919999999998254,10.00407242,3.4245994699999995,0.0,1.0,0.0,0.0583783173536137,981.505892918704
1668481595.5239594,16826.88,14.030000000002474,13.18830166,3.1842292400000005,0.0,1.0,0.0,0.0583783173536137,982.3249407111754
1668481655.4928627,16832.88,6.0,15.5139061,2.32560444,0.0,1.0,0.0,0.0583783173536137,982.675210615297
1668481716.2493875,16836.17,3.289999999997235,17.36612389,1.852217790000001,0.0,1.0,0.0,0.0583783173536137,982.8672752793902
1668481776.2978425,16850.57,14.400000000001455,20.55470324,3.1885793499999977,0.0,1.0,0.0,0.0583783173536137,983.7079230492824
1668481836.2122111,16834.96,-15.610000000000582,19.64267118,-0.9120320599999978,1.0,0.0,982.7966375153924,0.0,982.7966375153924
1668481896.8990772,16820.58,-14.37999999999738,17.54183429,-2.10083689,1.0,0.0,982.7966375153924,0.0,982.7966375153924
1668481956.9501483,16808.49,-12.090000000000146,14.95376718,-2.588067110000001,1.0,0.0,982.7966375153924,0.0,982.7966375153924
1668482016.923827,16815.8,7.309999999997672,14.61670542,-0.3370617599999992,1.0,0.0,982.7966375153924,0.0,982.7966375153924
1668482077.98098,16825.38,9.580000000001746,15.01031049,0.3936050699999995,0.0,1.0,0.0,0.0584115566789809,982.7966375153924
1668482137.8565364,16827.19,1.809999999997672,14.77642224,-0.2338882499999997,1.0,0.0,982.9023624329806,0.0,982.9023624329806
1668482197.9002855,16827.99,0.8000000000029104,14.51385847,-0.2625637699999998,1.0,0.0,982.9023624329806,0.0,982.9023624329806
1668482258.6542587,16834.04,6.049999999999272,14.95756894,0.4437104699999992,0.0,1.0,0.0,0.0583877882215428,982.9023624329806
1668482318.736245,16832.0,-2.040000000000873,14.45118836,-0.5063805800000001,1.0,0.0,982.7832513450084,0.0,982.7832513450084
1668482379.1497076,16844.0,12.0,15.68632141,1.23513305,0.0,1.0,0.0,0.0583461916020546,982.7832513450084
1668482439.5297854,16839.48,-4.520000000000437,15.05755461,-0.6287667999999993,1.0,0.0,982.5195265589664,0.0,982.5195265589664
1668482499.6342998,16818.11,-21.36999999999898,11.59024638,-3.4673082300000004,1.0,0.0,982.5195265589664,0.0,982.5195265589664
1668482559.5188427,16799.84,-18.27000000000044,7.61682089,-3.97342549,1.0,0.0,982.5195265589664,0.0,982.5195265589664
1668482620.5544293,16794.99,-4.849999999998545,4.815695,-2.80112589,1.0,0.0,982.5195265589664,0.0,982.5195265589664
1668482680.2213578,16793.2,-1.7900000000008731,2.55223064,-2.26346436,1.0,0.0,982.5195265589664,0.0,982.5195265589664
1668482740.2895682,16803.14,9.93999999999869,2.38414443,-0.1680862099999998,1.0,0.0,982.5195265589664,0.0,982.5195265589664
1668482801.3562992,16803.46,0.3199999999997089,1.59614968,-0.7879947500000002,1.0,0.0,982.5195265589664,0.0,982.5195265589664
1668482861.5489562,16809.54,6.080000000001746,1.80006924,0.2039195600000001,0.0,1.0,0.0,0.0584501138376758,982.5195265589664
1668482921.4680452,16819.08,9.540000000000871,3.05142855,1.2513593099999998,0.0,1.0,0.0,0.0584501138376758,983.0771406449765
1668482982.0964255,16820.9,1.819999999999709,3.03514923,-0.0162793199999997,1.0,0.0,983.183519852161,0.0,983.183519852161
1668483041.994316,16831.56,10.659999999999854,4.82162311,1.78647388,0.0,1.0,0.0,0.0584130953905734,983.183519852161
1668483101.9455476,16839.93,8.369999999998981,5.8327603,1.0111371900000004,0.0,1.0,0.0,0.0584130953905734,983.6724374605787
1668483162.8683295,16835.39,-4.540000000000873,6.25674178,0.4239814799999992,0.0,1.0,0.0,0.0584130953905734,983.4072420075056
1668483222.9676907,16847.35,11.959999999999129,8.61898613,2.36224435,0.0,1.0,0.0,0.0584130953905734,984.1058626283766
1668483283.0751352,16856.38,9.030000000002474,10.90364599,2.28465986,0.0,1.0,0.0,0.0584130953905734,984.6333328797537
1668483343.359811,16859.15,2.770000000000437,12.02329757,1.119651580000001,0.0,1.0,0.0,0.0584130953905734,984.7951371539856
1668483402.771556,16858.12,-1.0300000000024738,13.47448042,1.4511828500000004,0.0,1.0,0.0,0.0584130953905734,984.7349716657332
1668483462.820954,16866.47,8.350000000002183,14.89229046,1.417810039999999,0.0,1.0,0.0,0.0584130953905734,985.2227210122446
1668483524.1254196,16857.29,-9.180000000000293,14.04488937,-0.84740109,1.0,0.0,984.686488796559,0.0,984.686488796559
1668483582.664799,16861.4,4.110000000000582,14.16238732,0.1174979500000006,0.0,1.0,0.0,0.0583988570816515,984.686488796559
1668483642.640867,16854.66,-6.740000000001601,13.42159802,-0.7407893000000012,1.0,0.0,984.2928804998284,0.0,984.2928804998284
1668483702.7633977,16848.0,-6.659999999999855,12.48215881,-0.9394392099999996,1.0,0.0,984.2928804998284,0.0,984.2928804998284
1668483762.8896108,16852.46,4.459999999999127,11.60197049,-0.8801883200000002,1.0,0.0,984.2928804998284,0.0,984.2928804998284
1668483822.903566,16856.15,3.690000000002328,11.73336079,0.1313903000000014,0.0,1.0,0.0,0.0583936949125291,984.2928804998284
1668483882.780645,16852.01,-4.140000000003056,10.60922681,-1.1241339800000016,1.0,0.0,984.0511306028892,0.0,984.0511306028892
1668483942.7354467,16864.63,12.62000000000262,10.93588596,0.3266591500000011,0.0,1.0,0.0,0.0583499982272299,984.0511306028892
1668484002.6683474,16884.94,20.30999999999767,13.87451267,2.9386267099999994,0.0,1.0,0.0,0.0583499982272299,985.2362190668832
1668484063.4778914,16863.26,-21.68000000000029,11.63598156,-2.2385311100000003,1.0,0.0,983.9711911053168,0.0,983.9711911053168
1668484122.6745918,16853.51,-9.75,9.84460345,-1.79137811,1.0,0.0,983.9711911053168,0.0,983.9711911053168
1668484182.645138,16844.27,-9.239999999997965,8.01293589,-1.83166756,1.0,0.0,983.9711911053168,0.0,983.9711911053168
1668484242.8256843,16836.43,-7.8400000000001455,5.33998297,-2.67295292,1.0,0.0,983.9711911053168,0.0,983.9711911053168
1668484302.796794,16834.0,-2.430000000000291,3.49204345,-1.84793952,1.0,0.0,983.9711911053168,0.0,983.9711911053168
1668484362.795163,16826.23,-7.770000000000437,1.05791945,-2.434124,1.0,0.0,983.9711911053168,0.0,983.9711911053168
1668484422.649438,16803.83,-22.399999999997817,-3.61910053,-4.67701998,1.0,0.0,983.9711911053168,0.0,983.9711911053168
1668484482.9296896,16813.46,9.62999999999738,-4.40275534,-0.7836548099999998,1.0,0.0,983.9711911053168,0.0,983.9711911053168
1668484543.211456,16812.89,-0.569999999999709,-5.95757074,-1.5548154000000007,1.0,0.0,983.9711911053168,0.0,983.9711911053168
1668484602.8089883,16820.0,7.110000000000582,-5.9886634,-0.0310926599999996,1.0,0.0,983.9711911053168,0.0,983.9711911053168
1668484662.6652205,16817.04,-2.959999999999127,-6.56083551,-0.5721721100000003,1.0,0.0,983.9711911053168,0.0,983.9711911053168
1668484722.933573,16822.99,5.950000000000728,-6.12701906,0.4338164500000001,0.0,1.0,0.0,0.0584896734234114,983.9711911053168
1668484782.872831,16829.08,6.0900000000001455,-5.01639376,1.1106253000000006,0.0,1.0,0.0,0.0584896734234114,984.3273932164644
1668484842.6589203,16823.06,-6.020000000000437,-5.31945296,-0.3030591999999998,1.0,0.0,983.9752853824556,0.0,983.9752853824556
1668484902.6638207,16821.05,-2.0100000000020373,-5.07280721,0.2466457499999998,0.0,1.0,0.0,0.0584966625378591,983.9752853824556
1668484962.7774,16813.56,-7.489999999997963,-5.83928003,-0.7664728200000006,1.0,0.0,983.5371453800464,0.0,983.5371453800464
1668485022.8581104,16808.16,-5.400000000001455,-7.2419141,-1.4026340699999995,1.0,0.0,983.5371453800464,0.0,983.5371453800464
1668485082.9289646,16799.28,-8.880000000001019,-8.93245497,-1.6905408700000004,1.0,0.0,983.5371453800464,0.0,983.5371453800464
1668485142.862174,16799.59,0.3100000000013097,-9.52622946,-0.5937744899999995,1.0,0.0,983.5371453800464,0.0,983.5371453800464
1668485202.869426,16823.98,24.38999999999941,-6.67048199,2.85574747,0.0,1.0,0.0,0.0584604323935267,983.5371453800464
1668485262.868027,16807.85,-16.13000000000102,-7.14757665,-0.4770946600000005,1.0,0.0,982.5941786055376,0.0,982.5941786055376
1668485322.8690343,16815.95,8.100000000002183,-6.65272356,0.4948530900000003,0.0,1.0,0.0,0.0584322728484288,982.5941786055376
1668485382.7369564,16826.18,10.229999999999563,-4.77712418,1.87559938,0.0,1.0,0.0,0.0584322728484288,983.1919407567756
1668485442.7339947,16853.72,27.54000000000088,-2.04205489,2.73506929,0.0,1.0,0.0,0.0584322728484288,984.8011655510217
1668485502.8482692,16847.16,-6.56000000000131,-0.32229443,1.7197604600000005,0.0,1.0,0.0,0.0584322728484288,984.4178498411358
1668485562.9297457,16832.86,-14.299999999999272,-0.558968,-0.23667357,1.0,0.0,983.5822683394032,0.0,983.5822683394032
1668485622.7587676,16822.13,-10.729999999999563,-1.36110276,-0.8021347600000001,1.0,0.0,983.5822683394032,0.0,983.5822683394032
1668485682.867118,16821.55,-0.5800000000017462,-1.43715141,-0.0760486499999999,1.0,0.0,983.5822683394032,0.0,983.5822683394032
1668485743.0961733,16832.23,10.680000000000293,0.11814477,1.55529618,0.0,1.0,0.0,0.0584344598629773,983.5822683394032
1668485802.9441,16830.82,-1.4099999999998545,0.46913549,0.35099072,0.0,1.0,0.0,0.0584344598629773,983.4998757509956
1668485862.832379,16816.42,-14.400000000001455,-1.2093386,-1.67847409,1.0,0.0,982.6584195289688,0.0,982.6584195289688
1668485923.6919332,16807.32,-9.099999999998545,-2.6543405,-1.4450019,1.0,0.0,982.6584195289688,0.0,982.6584195289688
1668485982.6762831,16802.54,-4.779999999998836,-4.10881502,-1.4544745199999998,1.0,0.0,982.6584195289688,0.0,982.6584195289688
1668486042.7247698,16803.84,1.2999999999992724,-4.71964267,-0.61082765,1.0,0.0,982.6584195289688,0.0,982.6584195289688
1668486102.8434212,16799.49,-4.349999999998545,-5.79379369,-1.0741510200000004,1.0,0.0,982.6584195289688,0.0,982.6584195289688
1668486162.743796,16786.49,-13.0,-7.24527201,-1.4514783199999997,1.0,0.0,982.6584195289688,0.0,982.6584195289688
1668486222.752158,16788.46,1.9699999999975264,-8.18726748,-0.9419954699999992,1.0,0.0,982.6584195289688,0.0,982.6584195289688
1668486282.896447,16779.42,-9.040000000000871,-9.75407935,-1.5668118700000004,1.0,0.0,982.6584195289688,0.0,982.6584195289688
1668486342.9812334,16783.8,4.380000000001019,-10.26022904,-0.5061496900000009,1.0,0.0,982.6584195289688,0.0,982.6584195289688
1668486403.2542791,16792.02,8.220000000001164,-9.56367184,0.6965572000000009,0.0,1.0,0.0,0.0585193692914234,982.6584195289688
1668486462.9336138,16804.14,12.11999999999898,-7.9429881,1.6206837399999996,0.0,1.0,0.0,0.0585193692914234,983.3676742847796
1668486522.929251,16792.43,-11.709999999999129,-8.1238521,-0.1808640000000005,1.0,0.0,982.6824124703772,0.0,982.6824124703772
1668486582.7679365,16762.13,-30.299999999999272,-10.56493756,-2.44108546,1.0,0.0,982.6824124703772,0.0,982.6824124703772
1668486643.0161057,16786.14,24.0099999999984,-9.54298905,1.0219485100000014,0.0,1.0,0.0,0.0585412973125672,982.6824124703772
1668486703.1309495,16780.44,-5.700000000000728,-9.98641551,-0.4434264600000013,1.0,0.0,982.348727075695,0.0,982.348727075695
1668486763.0649698,16795.27,14.830000000001746,-8.31333048,1.673085030000001,0.0,1.0,0.0,0.0584896061257541,982.348727075695
1668486822.9497287,16789.66,-5.610000000000582,-8.24486377,0.0684667099999991,0.0,1.0,0.0,0.0584896061257541,982.0206003853286
1668486882.8200097,16784.81,-4.849999999998545,-8.34326574,-0.0984019699999994,1.0,0.0,981.7369257956188,0.0,981.7369257956188
1668486942.9912202,16787.99,3.180000000000291,-7.80155378,0.5417119599999998,0.0,1.0,0.0,0.0584785269585947,981.7369257956188
1668487002.828792,16787.82,-0.1700000000018917,-7.71997094,0.0815828400000002,0.0,1.0,0.0,0.0584785269585947,981.7269844460352
1668487063.184014,16796.13,8.31000000000131,-6.57689756,1.1430733799999997,0.0,1.0,0.0,0.0584785269585947,982.2129410050612
1668487123.1101031,16789.34,-6.790000000000873,-6.64185253,-0.0649549700000005,1.0,0.0,981.8158718070124,0.0,981.8158718070124
1668487183.2471645,16777.24,-12.099999999998545,-7.49667042,-0.8548178899999996,1.0,0.0,981.8158718070124,0.0,981.8158718070124
1668487243.7139783,16775.65,-1.5900000000001455,-8.02850417,-0.5318337499999997,1.0,0.0,981.8158718070124,0.0,981.8158718070124
1668487303.187755,16785.8,10.149999999997815,-6.75445083,1.27405334,0.0,1.0,0.0,0.0584908596436876,981.8158718070124
1668487362.7968805,16786.01,0.2099999999991268,-6.50997125,0.2444795799999992,0.0,1.0,0.0,0.0584908596436876,981.8281548875364
1668487423.2424457,16793.78,7.770000000000437,-5.12357836,1.3863928900000009,0.0,1.0,0.0,0.0584908596436876,982.282628866968
1668487483.007954,16782.54,-11.239999999997965,-5.80795399,-0.6843756299999999,1.0,0.0,981.6251916045728,0.0,981.6251916045728
1668487543.2204385,16775.96,-6.580000000001746,-6.35787802,-0.5499240300000006,1.0,0.0,981.6251916045728,0.0,981.6251916045728
1668487603.3536246,16777.25,1.2900000000008731,-6.50247747,-0.1445994499999994,1.0,0.0,981.6251916045728,0.0,981.6251916045728
1668487664.1137087,16778.93,1.680000000000291,-6.13082093,0.37165654,0.0,1.0,0.0,0.0585034439981913,981.6251916045728
1668487722.8827446,16781.8,2.8699999999989814,-5.69611391,0.4347070199999994,0.0,1.0,0.0,0.0585034439981913,981.7930964888468
1668487783.2965283,16779.0,-2.7999999999992724,-5.55615271,0.1399612000000001,0.0,1.0,0.0,0.0585034439981913,981.629286845652
1668487842.9705288,16774.3,-4.700000000000728,-6.13348153,-0.57732882,1.0,0.0,981.3543206588604,0.0,981.3543206588604
1668487902.986044,16779.75,5.450000000000728,-5.86894906,0.2645324699999998,0.0,1.0,0.0,0.058484442298536,981.3543206588604
1668487962.9587238,16784.62,4.869999999998981,-5.039048,0.8299010600000001,0.0,1.0,0.0,0.058484442298536,981.6391398928532
1668488023.1258564,16781.22,-3.399999999997817,-4.63426766,0.4047803400000003,0.0,1.0,0.0,0.058484442298536,981.4402927890384
1668488083.496449,16775.45,-5.770000000000437,-4.82104492,-0.1867772600000004,1.0,0.0,981.1028375569756,0.0,981.1028375569756
1668488143.3390243,16774.81,-0.6399999999994179,-5.01538431,-0.1943393899999996,1.0,0.0,981.1028375569756,0.0,981.1028375569756
1668488203.4307573,16768.92,-5.890000000003056,-5.64375527,-0.6283709599999998,1.0,0.0,981.1028375569756,0.0,981.1028375569756
1668488263.045148,16768.22,-0.6999999999970896,-6.15429719,-0.5105419200000005,1.0,0.0,981.1028375569756,0.0,981.1028375569756
1668488323.1775398,16769.24,1.0200000000004366,-6.20793267,-0.0536354799999996,1.0,0.0,981.1028375569756,0.0,981.1028375569756
1668488383.0111582,16771.31,2.069999999999709,-6.00002647,0.2079062,0.0,1.0,0.0,0.0584988791905328,981.1028375569756
1668488442.9722154,16763.2,-8.110000000000582,-6.46096636,-0.4609398899999997,1.0,0.0,980.6284116467396,0.0,980.6284116467396
1668488502.9157166,16769.11,5.909999999999855,-5.75864631,0.70232005,0.0,1.0,0.0,0.0584782622122903,980.6284116467396
1668488562.972949,16775.24,6.130000000001019,-4.75891625,0.9997300599999992,0.0,1.0,0.0,0.0584782622122903,980.9868833941008
1668488623.0726976,16784.38,9.139999999999418,-3.26703143,1.4918848200000006,0.0,1.0,0.0,0.0584782622122903,981.5213747107211
1668488682.9824345,16780.07,-4.31000000000131,-2.7611458,0.5058856299999999,0.0,1.0,0.0,0.0584782622122903,981.269333400586
1668488743.0867748,16783.81,3.7400000000016007,-1.64152033,1.11962547,0.0,1.0,0.0,0.0584782622122903,981.48804210126
1668488803.186298,16770.89,-12.920000000001892,-1.76489673,-0.1233763999999999,1.0,0.0,980.7325029534773,0.0,980.7325029534773
1668488862.981196,16764.98,-5.909999999999855,-2.88007885,-1.1151821199999998,1.0,0.0,980.7325029534773,0.0,980.7325029534773
1668488923.061441,16750.83,-14.149999999997815,-5.4357117,-2.55563285,1.0,0.0,980.7325029534773,0.0,980.7325029534773
1668488983.0573351,16775.45,24.61999999999898,-3.17092004,2.26479166,0.0,1.0,0.0,0.0584623663122883,980.7325029534773
1668489043.0631928,16767.27,-8.180000000000291,-2.93406654,0.2368535,0.0,1.0,0.0,0.0584623663122883,980.2542807970424
1668489103.0564525,16770.17,2.899999999997817,-3.17292311,-0.2388565700000002,1.0,0.0,980.4238216593478,0.0,980.4238216593478
1668489162.940491,16771.17,1.0,-2.83679536,0.3361277500000001,0.0,1.0,0.0,0.0584588804275043,980.4238216593478
1668489223.053204,16770.89,-0.2799999999988358,-2.6270822,0.2097131600000001,0.0,1.0,0.0,0.0584588804275043,980.4074531728276
1668489283.0517476,16768.18,-2.709999999999127,-2.89343047,-0.2663482700000004,1.0,0.0,980.249029606869,0.0,980.249029606869
1668489342.9241168,16767.32,-0.8600000000005821,-3.08538646,-0.1919559899999998,1.0,0.0,980.249029606869,0.0,980.249029606869
1668489403.0872903,16761.81,-5.509999999998399,-4.4304878,-1.3451013399999998,1.0,0.0,980.249029606869,0.0,980.249029606869
1668489463.0197368,16767.0,5.18999999999869,-3.89532609,0.5351617099999997,0.0,1.0,0.0,0.0584629945492258,980.249029606869
1668489523.109326,16778.98,11.979999999999563,-1.98685357,1.90847252,0.0,1.0,0.0,0.0584629945492258,980.9494162815688
1668489582.9978535,16779.42,0.4399999999986903,-1.11113916,0.87571441,0.0,1.0,0.0,0.0584629945492258,980.9751399991704
1668489642.9759488,16767.31,-12.109999999996944,-1.5217052,-0.4105660399999999,1.0,0.0,980.2671531351792,0.0,980.2671531351792
1668489703.0227697,16774.85,7.539999999997235,-0.91612158,0.60558362,0.0,1.0,0.0,0.0584367164615587,980.2671531351792
1668489763.2490742,16779.17,4.319999999999709,-0.02290648,0.8932151,0.0,1.0,0.0,0.0584367164615587,980.5195997502918
1668489823.3889852,16782.01,2.840000000000145,0.43121668,0.45412316,0.0,1.0,0.0,0.0584367164615587,980.6855600250426
1668489883.243808,16781.72,-0.2899999999972351,0.95547518,0.5242585,0.0,1.0,0.0,0.0584367164615587,980.6686133772688
1668489942.9961913,16769.91,-11.81000000000131,0.12093133,-0.83454385,1.0,0.0,979.978475755858,0.0,979.978475755858
1668490003.1919289,16773.94,4.029999999998836,0.27648808,0.15555675,0.0,1.0,0.0,0.0584226768282143,979.978475755858
1668490063.303079,16773.06,-0.8799999999973807,0.10317818,-0.1733099,1.0,0.0,979.9270638002482,0.0,979.9270638002482
1668490123.2608054,16766.26,-6.80000000000291,-0.94942205,-1.05260023,1.0,0.0,979.9270638002482,0.0,979.9270638002482
1668490183.8250678,16750.45,-15.809999999997672,-2.999211,-2.04978895,1.0,0.0,979.9270638002482,0.0,979.9270638002482
1668490243.118332,16756.46,6.009999999998399,-3.91628818,-0.9170771800000002,1.0,0.0,979.9270638002482,0.0,979.9270638002482
1668490303.1295116,16741.54,-14.919999999998254,-6.05042676,-2.13413858,1.0,0.0,979.9270638002482,0.0,979.9270638002482
1668490363.3767078,16739.18,-2.360000000000582,-7.91010393,-1.8596771700000003,1.0,0.0,979.9270638002482,0.0,979.9270638002482
1668490423.770772,16730.63,-8.549999999999272,-9.06849447,-1.1583905399999992,1.0,0.0,979.9270638002482,0.0,979.9270638002482
1668490483.3644528,16721.94,-8.690000000002328,-11.17706924,-2.1085747700000006,1.0,0.0,979.9270638002482,0.0,979.9270638002482
1668490543.8287966,16723.18,1.2400000000016007,-12.84897721,-1.6719079699999997,1.0,0.0,979.9270638002482,0.0,979.9270638002482
1668490603.69375,16719.78,-3.400000000001455,-13.35470715,-0.5057299400000002,1.0,0.0,979.9270638002482,0.0,979.9270638002482
1668490663.058001,16723.18,3.400000000001455,-13.91186864,-0.5571614900000004,1.0,0.0,979.9270638002482,0.0,979.9270638002482
1668490723.0176284,16722.22,-0.9599999999991268,-13.66524426,0.2466243800000001,0.0,1.0,0.0,0.0586002973169978,979.9270638002482
1668490783.1332066,16718.95,-3.270000000000437,-13.81255945,-0.1473151900000004,1.0,0.0,979.7354408280204,0.0,979.7354408280204
1668490843.006219,16706.88,-12.069999999999707,-16.22989246,-2.4173330099999983,1.0,0.0,979.7354408280204,0.0,979.7354408280204
1668490903.309909,16687.98,-18.90000000000145,-18.85769175,-2.6277992900000022,1.0,0.0,979.7354408280204,0.0,979.7354408280204
1668490963.1081882,16673.98,-14.0,-21.78795894,-2.9302671899999986,1.0,0.0,979.7354408280204,0.0,979.7354408280204
1668491023.0722082,16690.39,16.409999999999854,-20.78955167,0.9984072699999976,0.0,1.0,0.0,0.0587005720554175,979.7354408280204
1668491083.0946765,16675.29,-15.099999999998545,-22.41578885,-1.6262371799999968,1.0,0.0,978.849062189983,0.0,978.849062189983
1668491143.2001576,16678.19,2.899999999997817,-22.6988026,-0.283013750000002,1.0,0.0,978.849062189983,0.0,978.849062189983
1668491203.1033976,16694.09,15.900000000001455,-21.0252404,1.6735621999999992,0.0,1.0,0.0,0.0586344665800881,978.849062189983
1668491263.0141098,16678.0,-16.090000000000146,-21.48717245,-0.4619320499999979,1.0,0.0,977.9056336227092,0.0,977.9056336227092
1668491323.2520976,16687.91,9.909999999999854,-20.38292461,1.104247839999999,0.0,1.0,0.0,0.0585996469074143,977.9056336227092
1668491383.0590472,16694.47,6.56000000000131,-18.40424173,1.978682880000001,0.0,1.0,0.0,0.0585996469074143,978.2900473064208
1668491443.1026363,16697.17,2.6999999999970896,-16.74757401,1.656667719999998,0.0,1.0,0.0,0.0585996469074143,978.4482663530708
1668491503.1175733,16668.3,-28.86999999999898,-18.11300443,-1.3654304199999991,1.0,0.0,976.7564945468538,0.0,976.7564945468538
1668491563.1066957,16663.31,-4.989999999997963,-19.18032072,-1.0673162900000008,1.0,0.0,976.7564945468538,0.0,976.7564945468538
1668491623.0714996,16661.85,-1.4600000000027649,-19.70708149,-0.5267607699999992,1.0,0.0,976.7564945468538,0.0,976.7564945468538
1668491682.9464986,16665.67,3.819999999999709,-19.58939707,0.1176844199999997,0.0,1.0,0.0,0.0586088944847014,976.7564945468538
1668491743.153061,16667.19,1.5200000000004366,-19.21199914,0.3773979300000007,0.0,1.0,0.0,0.0586088944847014,976.8455800664702
1668491803.1908011,16665.93,-1.2599999999983993,-18.82736897,0.3846301700000012,0.0,1.0,0.0,0.0586088944847014,976.7717328594196
1668491863.0842466,16664.26,-1.6700000000018915,-18.30187962,0.5254893499999973,0.0,1.0,0.0,0.0586088944847014,976.67385600563
1668491923.2734466,16656.94,-7.319999999999709,-18.53624607,-0.2343664499999995,1.0,0.0,976.244838898002,0.0,976.244838898002
1668491983.1766765,16644.22,-12.719999999997526,-19.90523181,-1.3689857399999994,1.0,0.0,976.244838898002,0.0,976.244838898002
1668492043.1422026,16657.74,13.520000000000437,-18.23975185,1.665479959999999,0.0,1.0,0.0,0.0586060797501943,976.244838898002
1668492103.5477707,16685.84,28.099999999998545,-13.4636297,4.776122150000001,0.0,1.0,0.0,0.0586060797501943,977.891669738982
1668492163.0737684,16679.94,-5.900000000001455,-11.90429847,1.5593312299999995,0.0,1.0,0.0,0.0586060797501943,977.545893868456
1668492223.1175604,16691.24,11.30000000000291,-9.11935256,2.784945910000001,0.0,1.0,0.0,0.0586060797501943,978.2081425696332
1668492283.0480137,16690.18,-1.0600000000013097,-7.68751552,1.4318370399999996,0.0,1.0,0.0,0.0586060797501943,978.146020125098
1668492342.9816358,16714.36,24.18000000000029,-3.93274224,3.75477328,0.0,1.0,0.0,0.0586060797501943,979.5631151334576
1668492403.1372905,16714.35,-0.0100000000020372,-1.4537057,2.47903654,0.0,1.0,0.0,0.0586060797501943,979.56252907266
1668492463.1096418,16714.46,0.110000000000582,0.20608054,1.65978624,0.0,1.0,0.0,0.0586060797501943,979.5689757414326
1668492523.083967,16707.63,-6.829999999998108,1.36617185,1.16009131,0.0,1.0,0.0,0.0586060797501943,979.1686962167388
1668492583.1707911,16707.38,-0.25,2.3208718,0.95469995,0.0,1.0,0.0,0.0586060797501943,979.1540446968012
1668492643.0166612,16705.02,-2.360000000000582,2.85418621,0.53331441,0.0,1.0,0.0,0.0586060797501943,979.0157343485909
1668492703.0619984,16706.9,1.8800000000010184,3.00516889,0.1509826800000002,0.0,1.0,0.0,0.0586060797501943,979.1259137785212
1668492763.1849213,16714.02,7.119999999998981,4.2424334,1.2372645100000002,0.0,1.0,0.0,0.0586060797501943,979.5431890663426
1668492823.2295702,16701.5,-12.520000000000437,3.1092314,-1.1332020000000005,1.0,0.0,978.80944094787,0.0,978.80944094787
1668492883.204185,16708.16,6.659999999999855,3.56010563,0.4508742299999997,0.0,1.0,0.0,0.0585827189198493,978.80944094787
1668492943.198849,16717.04,8.880000000001019,4.65911365,1.0990080200000003,0.0,1.0,0.0,0.0585827189198493,979.3296554918776
1668493003.143084,16714.63,-2.4099999999998545,5.14835573,0.4892420799999994,0.0,1.0,0.0,0.0585827189198493,979.1884711392808
1668493063.2751904,16717.84,3.209999999999127,5.79783488,0.6494791500000003,0.0,1.0,0.0,0.0585827189198493,979.3765216670134
1668493123.1997745,16726.0,8.159999999999854,6.99195095,1.1941160699999998,0.0,1.0,0.0,0.0585827189198493,979.8545566533994
1668493183.013584,16722.91,-3.090000000000145,7.31714048,0.3251895300000003,0.0,1.0,0.0,0.0585827189198493,979.673536051937
1668493243.159159,16717.46,-5.450000000000728,7.34282902,0.0256885399999999,0.0,1.0,0.0,0.0585827189198493,979.354260233824
1668493303.145091,16709.34,-8.119999999998981,6.40698348,-0.93584554,1.0,0.0,978.8785685561948,0.0,978.8785685561948
1668493363.2247734,16708.59,-0.75,5.42374491,-0.98323857,1.0,0.0,978.8785685561948,0.0,978.8785685561948
1668493423.2591505,16704.26,-4.330000000001746,4.17507745,-1.24866746,1.0,0.0,978.8785685561948,0.0,978.8785685561948
1668493483.1708362,16723.5,19.2400000000016,5.9954653,1.8203878500000004,0.0,1.0,0.0,0.0585331161871734,978.8785685561948
1668493543.1934574,16712.55,-10.950000000000728,5.35889826,-0.6365670400000001,1.0,0.0,978.2376309339448,0.0,978.2376309339448
1668493603.2333033,16707.49,-5.059999999997672,4.33844026,-1.0204580000000003,1.0,0.0,978.2376309339448,0.0,978.2376309339448
1668493663.3089492,16708.87,1.3799999999973809,3.60439427,-0.7340459899999998,1.0,0.0,978.2376309339448,0.0,978.2376309339448
1668493723.1407266,16719.0,10.13000000000102,4.15643819,0.5520439200000005,0.0,1.0,0.0,0.0585105347768374,978.2376309339448
1668493783.0858543,16717.74,-1.2599999999983993,4.07222004,-0.0842181499999998,1.0,0.0,978.1639076601258,0.0,978.1639076601258
1668493843.841044,16714.56,-3.180000000000291,4.02880225,-0.0434177900000003,1.0,0.0,978.1639076601258,0.0,978.1639076601258
1668493903.9386916,16717.95,3.389999999999418,4.04632695,0.0175247,0.0,1.0,0.0,0.0585097998056056,978.1639076601258
1668493963.9278078,16723.91,5.959999999999127,4.70200546,0.6556785099999995,0.0,1.0,0.0,0.0585097998056056,978.5126260669656
1668494024.7412765,16736.91,13.0,6.22385961,1.5218541500000002,0.0,1.0,0.0,0.0585097998056056,979.2732534644384
1668494084.6424286,16729.3,-7.610000000000582,6.1471803,-0.0766793100000002,1.0,0.0,978.8279938879176,0.0,978.8279938879176
1668494144.7234192,16734.25,4.950000000000728,6.98991769,0.8427373900000008,0.0,1.0,0.0,0.0584924925758798,978.8279938879176
1668494205.7533472,16727.25,-7.0,6.37755043,-0.6123672600000001,1.0,0.0,978.4185464398854,0.0,978.4185464398854
1668494265.7545702,16723.24,-4.009999999998399,5.54326962,-0.8342808100000001,1.0,0.0,978.4185464398854,0.0,978.4185464398854
1668494325.7413192,16720.84,-2.400000000001455,4.71691963,-0.8263499900000006,1.0,0.0,978.4185464398854,0.0,978.4185464398854
1668494386.7644584,16717.34,-3.5,4.02732889,-0.6895907399999999,1.0,0.0,978.4185464398854,0.0,978.4185464398854
1668494446.6314254,16713.2,-4.139999999999418,2.82280623,-1.20452266,1.0,0.0,978.4185464398854,0.0,978.4185464398854
1668494506.8480976,16705.9,-7.299999999999272,0.88896049,-1.93384574,1.0,0.0,978.4185464398854,0.0,978.4185464398854
1668494567.5910242,16709.76,3.859999999996944,0.6744434,-0.2145170899999999,1.0,0.0,978.4185464398854,0.0,978.4185464398854
1668494627.3719492,16713.37,3.610000000000582,0.41735505,-0.25708835,1.0,0.0,978.4185464398854,0.0,978.4185464398854
1668494687.5921607,16717.46,4.0900000000001455,0.59908686,0.18173181,0.0,1.0,0.0,0.0585267466732317,978.4185464398854
1668494748.4482086,16715.93,-1.5299999999988358,0.43619228,-0.16289458,1.0,0.0,978.329000517474,0.0,978.329000517474
1668494808.252942,16714.76,-1.1700000000018915,0.35425388,-0.0819383999999999,1.0,0.0,978.329000517474,0.0,978.329000517474
1668494868.511685,16708.01,-6.75,-0.80899606,-1.16324994,1.0,0.0,978.329000517474,0.0,978.329000517474
1668494929.0736015,16701.81,-6.19999999999709,-1.85118104,-1.04218498,1.0,0.0,978.329000517474,0.0,978.329000517474
1668494989.154383,16698.29,-3.520000000000437,-3.09410346,-1.24292242,1.0,0.0,978.329000517474,0.0,978.329000517474
1668495049.1062567,16699.47,1.180000000000291,-3.58412356,-0.4900201000000002,1.0,0.0,978.329000517474,0.0,978.329000517474
1668495110.009966,16709.7,10.229999999999563,-2.82780665,0.7563169100000002,0.0,1.0,0.0,0.0585485676294292,978.329000517474
1668495169.9219358,16721.0,11.299999999999272,-1.46407186,1.36373479,0.0,1.0,0.0,0.0585485676294292,978.9905993316856
1668495230.0297098,16725.45,4.450000000000728,0.07273951,1.53681137,0.0,1.0,0.0,0.0585485676294292,979.2511404576368
1668495292.0172422,16725.06,-0.3899999999994179,0.71431962,0.64158011,0.0,1.0,0.0,0.0585485676294292,979.2283065162612
1668495351.2239327,16725.93,0.8699999999989814,1.55738888,0.8430692599999999,0.0,1.0,0.0,0.0585485676294292,979.2792437700988
1668495411.0957828,16719.69,-6.240000000001601,1.59992007,0.04253119,0.0,1.0,0.0,0.0585485676294292,978.913900708091
1668495472.0121207,16717.05,-2.639999999999418,1.49191962,-0.10800045,1.0,0.0,978.7593324895494,0.0,978.7593324895494
1668495531.902064,16728.18,11.13000000000102,2.66434615,1.17242653,0.0,1.0,0.0,0.0585096126709271,978.7593324895494
1668495592.343013,16742.38,14.200000000000728,4.57368819,1.9093420400000003,0.0,1.0,0.0,0.0585096126709271,979.5901689894764
1668495652.765515,16766.76,24.37999999999738,8.17069262,3.59700443,0.0,1.0,0.0,0.0585096126709271,981.0166333463936
1668495712.7766185,16764.64,-2.1199999999989814,10.30362953,2.13293691,0.0,1.0,0.0,0.0585096126709271,980.8925929675312
1668495773.141405,16761.0,-3.639999999999418,11.25108904,0.9474595099999998,0.0,1.0,0.0,0.0585096126709271,980.6796179774092
1668495833.6166737,16750.67,-10.330000000001746,10.84387091,-0.4072181300000004,1.0,0.0,980.0752136785184,0.0,980.0752136785184
1668495893.5344572,16757.0,6.330000000001746,11.02478207,0.1809111600000008,0.0,1.0,0.0,0.0584875105137267,980.0752136785184
1668495953.4439468,16753.84,-3.1599999999998545,10.84721416,-0.1775679100000005,1.0,0.0,979.890393145295,0.0,979.890393145295
1668496014.412608,16756.55,2.709999999999127,11.05167524,0.2044610799999997,0.0,1.0,0.0,0.0584780514572089,979.890393145295
1668496074.4002542,16766.05,9.5,12.192132,1.140456760000001,0.0,1.0,0.0,0.0584780514572089,980.4459346341372
1668496134.5101578,16785.88,19.830000000001743,14.80469777,2.61256577,0.0,1.0,0.0,0.0584780514572089,981.6055543945338
1668496195.2558374,16767.0,-18.88000000000102,13.80365001,-1.0010477600000005,1.0,0.0,980.5014887830216,0.0,980.5014887830216
1668496255.263198,16781.83,14.830000000001746,15.14707823,1.3434282199999998,0.0,1.0,0.0,0.0584263747626463,980.5014887830216
1668496315.3339329,16774.62,-7.210000000002765,14.85942173,-0.2876565000000006,1.0,0.0,980.080234620982,0.0,980.080234620982
1668496376.15312,16826.22,51.60000000000218,19.85229978,4.99287805,0.0,1.0,0.0,0.0582472019634226,980.080234620982
1668496436.0620394,16831.12,4.899999999997817,22.66480069,2.8125009100000007,0.0,1.0,0.0,0.0582472019634226,980.3656459106012
1668496496.0122263,16836.44,5.319999999999709,25.20057028,2.535769590000001,0.0,1.0,0.0,0.0582472019634226,980.6755210250468
1668496556.8948324,16850.69,14.25,28.89841397,3.697843689999999,0.0,1.0,0.0,0.0582472019634226,981.5055436530256
1668496616.978656,16874.68,23.9900000000016,32.6256557,3.727241730000003,0.0,1.0,0.0,0.0582472019634226,982.902894028128
1668496676.8685317,16858.7,-15.979999999999563,33.3647194,0.7390636999999955,0.0,1.0,0.0,0.0582472019634226,981.9721037407526
1668496737.7411647,16920.68,61.97999999999956,39.42109246,6.056373059999999,0.0,1.0,0.0,0.0582472019634226,985.5822653184456
1668496797.6763048,16923.0,2.319999999999709,43.08101922,3.6599267600000047,0.0,1.0,0.0,0.0582472019634226,985.7173988270006
1668496857.783389,16902.67,-20.330000000001743,43.77888822,0.6978689999999972,0.0,1.0,0.0,0.0582472019634226,984.5332332110842
1668496918.4218235,16891.48,-11.18999999999869,43.35547353,-0.4234146900000013,1.0,0.0,983.8814470211136,0.0,983.8814470211136
1668496978.5361145,16912.0,20.52000000000044,45.87708628,2.5216127500000027,0.0,1.0,0.0,0.0581765283243326,983.8814470211136
1668497038.4786994,16885.66,-26.340000000000146,42.27251133,-3.60457495,1.0,0.0,982.34907726505,0.0,982.34907726505
1668497099.6463747,16881.72,-3.9399999999986894,40.15303013,-2.1194812000000027,1.0,0.0,982.34907726505,0.0,982.34907726505
1668497159.4741197,16881.98,0.2599999999983993,38.31060631,-1.8424238200000005,1.0,0.0,982.34907726505,0.0,982.34907726505
1668497219.4566822,16876.14,-5.8400000000001455,35.24331521,-3.0672910999999985,1.0,0.0,982.34907726505,0.0,982.34907726505
1668497280.206925,16874.36,-1.7799999999988358,32.99431782,-2.2489973899999995,1.0,0.0,982.34907726505,0.0,982.34907726505
1668497340.268746,16846.0,-28.360000000000586,26.91948388,-6.074833939999998,1.0,0.0,982.34907726505,0.0,982.34907726505
1668497400.478559,16810.46,-35.54000000000087,19.13715954,-7.782324340000002,1.0,0.0,982.34907726505,0.0,982.34907726505
1668497461.1844096,16828.77,18.31000000000131,16.03828576,-3.098873779999998,1.0,0.0,982.34907726505,0.0,982.34907726505
1668497521.391354,16786.16,-42.61000000000058,6.65040072,-9.38788504,1.0,0.0,982.34907726505,0.0,982.34907726505
1668497581.2210186,16797.85,11.68999999999869,2.99245828,-3.65794244,1.0,0.0,982.34907726505,0.0,982.34907726505
1668497642.0178373,16813.27,15.420000000001892,1.10930908,-1.8831492,1.0,0.0,982.34907726505,0.0,982.34907726505
1668497701.884171,16819.73,6.459999999999127,-0.04885755,-1.15816663,1.0,0.0,982.34907726505,0.0,982.34907726505
1668497761.933484,16839.47,19.7400000000016,1.44702513,1.49588268,0.0,1.0,0.0,0.0583361042399226,982.34907726505
1668497822.8644185,16832.33,-7.139999999999418,1.46981595,0.0227908199999999,0.0,1.0,0.0,0.0583361042399226,981.9325574807764
1668497883.0378635,16829.09,-3.2400000000016007,1.29438022,-0.17543573,1.0,0.0,981.743548503039,0.0,981.743548503039
1668497942.924774,16828.42,-0.6700000000018917,1.16022284,-0.13415738,1.0,0.0,981.743548503039,0.0,981.743548503039
1668498003.810151,16827.2,-1.2199999999975262,1.04949635,-0.11072649,1.0,0.0,981.743548503039,0.0,981.743548503039
1668498063.7351575,16840.23,13.029999999998836,1.64212006,0.59262371,0.0,1.0,0.0,0.0582975142562209,981.743548503039
1668498123.809549,16869.79,29.56000000000131,4.46616391,2.82404385,0.0,1.0,0.0,0.0582975142562209,983.4668230244528
1668498184.5691943,16856.31,-13.479999999999563,5.31580262,0.8496387100000007,0.0,1.0,0.0,0.0582975142562209,982.680972532279
1668498244.6706457,16840.94,-15.37000000000262,4.48440668,-0.8313959400000002,1.0,0.0,981.7849397381608,0.0,981.7849397381608
1668498304.5630095,16852.66,11.720000000001164,5.52035055,1.0359438699999997,0.0,1.0,0.0,0.0582569718808876,981.7849397381608
1668498365.533738,16853.0,0.3400000000001455,5.95409142,0.4337408700000003,0.0,1.0,0.0,0.0582569718808876,981.8047471085988
1668498425.4328992,16840.24,-12.7599999999984,5.21905854,-0.7350328800000003,1.0,0.0,981.0613881473986,0.0,981.0613881473986
1668498485.4668405,16843.04,2.7999999999992724,4.47784339,-0.7412151499999995,1.0,0.0,981.0613881473986,0.0,981.0613881473986
1668498546.4654083,16856.92,13.87999999999738,5.70067012,1.2228267299999995,0.0,1.0,0.0,0.058199326338821,981.0613881473986
1668498606.3846188,16856.66,-0.2599999999983993,6.36833491,0.6676647899999999,0.0,1.0,0.0,0.058199326338821,981.0462563225504
1668498666.4776096,16858.01,1.3499999999985448,7.41649199,1.0481570800000002,0.0,1.0,0.0,0.058199326338821,981.1248254131076
1668498727.3098254,16839.66,-18.349999999998545,6.0880642,-1.32842779,1.0,0.0,980.0568677747904,0.0,980.0568677747904
1668498787.1349008,16817.94,-21.720000000001164,3.01362086,-3.07444334,1.0,0.0,980.0568677747904,0.0,980.0568677747904
1668498847.1540546,16828.34,10.400000000001455,1.80264524,-1.21097562,1.0,0.0,980.0568677747904,0.0,980.0568677747904
1668498909.2460442,16823.98,-4.360000000000582,0.04450451,-1.75814073,1.0,0.0,980.0568677747904,0.0,980.0568677747904
1668498968.1908293,16843.68,19.700000000000728,1.02977202,0.98526751,0.0,1.0,0.0,0.0581854361858448,980.0568677747904
1668499028.136716,16845.36,1.680000000000291,1.55543322,0.5256612,0.0,1.0,0.0,0.0581854361858448,980.1546193075826
1668499089.0136228,16846.18,0.819999999999709,2.38528768,0.8298544599999997,0.0,1.0,0.0,0.0581854361858448,980.202331365255
1668499148.865292,16840.72,-5.459999999999127,2.40171708,0.0164294000000002,0.0,1.0,0.0,0.0581854361858448,979.8846388836804
1668499209.0660317,16857.92,17.19999999999709,3.2156283,0.81391122,0.0,1.0,0.0,0.0581854361858448,980.8854283860768
1668499269.9487212,16850.06,-7.859999999996944,2.59111583,-0.62451247,1.0,0.0,980.428090857656,0.0,980.428090857656
1668499329.7777555,16845.19,-4.870000000002619,1.92130963,-0.6698062,1.0,0.0,980.428090857656,0.0,980.428090857656
1668499389.8105495,16839.43,-5.759999999998399,1.43510512,-0.4862045100000001,1.0,0.0,980.428090857656,0.0,980.428090857656
1668499450.9287496,16820.85,-18.580000000001743,-0.99436913,-2.42947425,1.0,0.0,980.428090857656,0.0,980.428090857656
1668499510.883212,16817.8,-3.0499999999992724,-2.56796503,-1.5735959,1.0,0.0,980.428090857656,0.0,980.428090857656
1668499570.9954104,16830.57,12.770000000000437,-2.08282255,0.4851424799999999,0.0,1.0,0.0,0.0582528156121662,980.428090857656
1668499631.676726,16826.21,-4.360000000000582,-3.14841601,-1.06559346,1.0,0.0,980.174108581587,0.0,980.174108581587
1668499691.6734698,16822.47,-3.7399999999979614,-3.93500712,-0.7865911099999998,1.0,0.0,980.174108581587,0.0,980.174108581587
1668499751.7892346,16808.03,-14.440000000002328,-6.33876832,-2.4037612,1.0,0.0,980.174108581587,0.0,980.174108581587
1668499812.5755644,16813.85,5.819999999999709,-6.42759341,-0.0888250900000002,1.0,0.0,980.174108581587,0.0,980.174108581587
1668499872.4587674,16845.58,31.7300000000032,-2.30642475,4.12116866,0.0,1.0,0.0,0.0581858332323129,980.174108581587
1668499932.4095294,16831.31,-14.270000000000437,-2.93380744,-0.6273826899999997,1.0,0.0,979.3437967413604,0.0,979.3437967413604
1668499993.4122677,16837.57,6.259999999998399,-1.67699044,1.256817,0.0,1.0,0.0,0.0581642004601234,979.3437967413604
1668500053.3621469,16835.54,-2.029999999998836,-1.35202233,0.3249681099999999,0.0,1.0,0.0,0.0581642004601234,979.225723414426
1668500113.4994383,16828.3,-7.240000000001601,-2.06974519,-0.7177228599999999,1.0,0.0,978.8046146030944,0.0,978.8046146030944
1668500174.2311256,16844.09,15.790000000000871,0.23639099,2.30613618,0.0,1.0,0.0,0.0581096761299122,978.8046146030944
1668500234.2381976,16857.09,13.0,2.82321984,2.5868288500000003,0.0,1.0,0.0,0.0581096761299122,979.5600403927816
1668500294.3171916,16846.46,-10.63000000000102,2.518601,-0.3046188400000003,1.0,0.0,978.9423345355206,0.0,978.9423345355206
1668500355.077552,16851.28,4.819999999999709,3.58072445,1.06212345,0.0,1.0,0.0,0.0580930549213781,978.9423345355206
1668500415.1005769,16866.0,14.720000000001164,6.19725165,2.6165272,0.0,1.0,0.0,0.0580930549213781,979.797464303963
1668500474.9994664,16859.69,-6.31000000000131,6.2210611,0.0238094499999999,0.0,1.0,0.0,0.0580930549213781,979.430897127409
1668500535.767066,16901.9,42.210000000002765,12.72924396,6.50818286,0.0,1.0,0.0,0.0580930549213781,981.8830049756406
1668500595.8957503,16960.32,58.419999999998254,23.08827751,10.35903355,0.0,1.0,0.0,0.0580930549213781,985.2768012441474
1668500655.8576088,16965.04,4.720000000001164,28.03095924,4.94268173,0.0,1.0,0.0,0.0580930549213781,985.5510004633765
1668500716.676407,16944.35,-20.69000000000233,28.40669261,0.3757333699999989,0.0,1.0,0.0,0.0580930549213781,984.3490551570528
1668500776.6770513,16930.86,-13.489999999997965,27.76285715,-0.6438354600000018,1.0,0.0,983.5653798461636,0.0,983.5653798461636
1668500836.8618526,16937.85,6.989999999997963,28.76342931,1.0005721600000008,0.0,1.0,0.0,0.05806908077744,983.5653798461636
1668500897.6563418,16944.28,6.430000000000291,29.70165427,0.9382249599999994,0.0,1.0,0.0,0.05806908077744,983.938764035561
1668500957.6625376,16955.72,11.440000000002328,31.31356555,1.611911280000001,0.0,1.0,0.0,0.05806908077744,984.6030743196552
1668501017.6180458,16947.64,-8.080000000001746,30.30266344,-1.01090211,1.0,0.0,984.1338761469732,0.0,984.1338761469732
1668501078.40966,16939.5,-8.139999999999418,28.58024638,-1.7224170600000015,1.0,0.0,984.1338761469732,0.0,984.1338761469732
1668501138.5584564,16947.97,8.470000000001164,28.66043198,0.0801856,0.0,1.0,0.0,0.0580679500935494,984.1338761469732
1668501198.31704,16939.75,-8.220000000001164,26.5807465,-2.0796854799999984,1.0,0.0,983.6565575972036,0.0,983.6565575972036
1668501259.7388296,16913.18,-26.56999999999971,21.55141485,-5.02933165,1.0,0.0,983.6565575972036,0.0,983.6565575972036
1668501319.7176616,16912.98,-0.2000000000007276,18.92716972,-2.624245130000002,1.0,0.0,983.6565575972036,0.0,983.6565575972036
1668501379.948132,16913.36,0.3800000000010186,16.64344079,-2.2837289299999988,1.0,0.0,983.6565575972036,0.0,983.6565575972036
1668501440.5813217,16927.88,14.520000000000437,16.84787383,0.2044330400000014,0.0,1.0,0.0,0.0581086679251745,983.6565575972036
1668501500.677421,16920.61,-7.270000000000437,14.80459629,-2.043277540000002,1.0,0.0,983.234107581387,0.0,983.234107581387
1668501560.4112537,16929.08,8.470000000001164,14.68673606,-0.1178602299999997,1.0,0.0,983.234107581387,0.0,983.234107581387
1668501621.5552015,16935.34,6.259999999998399,14.7825837,0.0958476400000005,0.0,1.0,0.0,0.0580581262366971,983.234107581387
1668501681.2412553,16945.93,10.590000000000146,15.79499744,1.0124137399999995,0.0,1.0,0.0,0.0580581262366971,983.8489431382324
1668501741.3012078,16941.12,-4.81000000000131,14.97583802,-0.8191594200000001,1.0,0.0,983.569683551034,0.0,983.569683551034
1668501802.3595417,16938.41,-2.709999999999127,14.24299916,-0.7328388599999993,1.0,0.0,983.569683551034,0.0,983.569683551034
1668501862.245315,16937.22,-1.1899999999986903,13.49678573,-0.746213430000001,1.0,0.0,983.569683551034,0.0,983.569683551034
1668501922.6093502,16926.22,-11.0,11.21647356,-2.2803121699999984,1.0,0.0,983.569683551034,0.0,983.569683551034
1668501983.382852,16934.54,8.319999999999709,11.16571147,-0.0507620900000009,1.0,0.0,983.569683551034,0.0,983.569683551034
1668502043.5090897,16945.31,10.770000000000437,12.00117425,0.8354627800000003,0.0,1.0,0.0,0.0580437704327058,983.569683551034
1668502103.26392,16930.61,-14.700000000000728,9.80477971,-2.19639454,1.0,0.0,982.7164401256732,0.0,982.7164401256732
1668502163.947723,16926.8,-3.8100000000013097,8.23727025,-1.56750946,1.0,0.0,982.7164401256732,0.0,982.7164401256732
1668502224.3097742,16918.53,-8.270000000000437,6.06309716,-2.17417309,1.0,0.0,982.7164401256732,0.0,982.7164401256732
1668502284.0091715,16925.56,7.030000000002474,5.75258275,-0.3105144099999997,1.0,0.0,982.7164401256732,0.0,982.7164401256732
1668502344.5841286,16913.52,-12.040000000000871,3.27660423,-2.4759785200000004,1.0,0.0,982.7164401256732,0.0,982.7164401256732
1668502404.9294896,16905.81,-7.709999999999127,0.98772915,-2.28887508,1.0,0.0,982.7164401256732,0.0,982.7164401256732
1668502464.637853,16905.62,-0.1900000000023283,-0.31054342,-1.29827257,1.0,0.0,982.7164401256732,0.0,982.7164401256732
1668502526.0181985,16916.64,11.020000000000437,0.30403084,0.61457426,0.0,1.0,0.0,0.0580917037973068,982.7164401256732
1668502585.936954,16929.81,13.170000000001892,1.81932309,1.51529225,0.0,1.0,0.0,0.0580917037973068,983.4815078646828
1668502645.9698725,16936.06,6.25,3.12368146,1.30435837,0.0,1.0,0.0,0.0580917037973068,983.844581013416
1668502706.7021804,16916.2,-19.860000000000586,0.91193628,-2.21174518,1.0,0.0,982.6908797760012,0.0,982.6908797760012
1668502766.727449,16926.77,10.569999999999707,1.90413649,0.99220021,0.0,1.0,0.0,0.058055428163554,982.6908797760012
1668502826.817438,16920.56,-6.209999999999127,1.16812979,-0.7360066999999999,1.0,0.0,982.3303555671054,0.0,982.3303555671054
1668502887.897441,16920.35,-0.2100000000027648,0.83121546,-0.33691433,1.0,0.0,982.3303555671054,0.0,982.3303555671054
1668502947.7931175,16916.72,-3.6299999999973807,0.17932951,-0.65188595,1.0,0.0,982.3303555671054,0.0,982.3303555671054
1668503007.9454718,16913.66,-3.0600000000013097,-0.60289653,-0.78222604,1.0,0.0,982.3303555671054,0.0,982.3303555671054
1668503068.802364,16913.24,-0.4199999999982537,-1.07700487,-0.4741083399999999,1.0,0.0,982.3303555671054,0.0,982.3303555671054
1668503128.9688196,16908.9,-4.3400000000001455,-1.96124082,-0.8842359500000001,1.0,0.0,982.3303555671054,0.0,982.3303555671054
1668503188.9883494,16921.77,12.86999999999898,-0.6042094,1.35703142,0.0,1.0,0.0,0.0580512768798479,982.3303555671054
1668503249.8154235,16921.79,0.0200000000004365,-0.28515966,0.31904974,0.0,1.0,0.0,0.0580512768798479,982.3315165926416
1668503309.739529,16924.83,3.040000000000873,0.34530016,0.63045982,0.0,1.0,0.0,0.0580512768798479,982.5079924743562
1668503369.7649858,16920.69,-4.140000000003056,0.15430928,-0.19099088,1.0,0.0,982.2676601880736,0.0,982.2676601880736
1668503430.5256796,16936.13,15.440000000002328,2.30432946,2.15002018,0.0,1.0,0.0,0.0579983538262916,982.2676601880736
1668503490.5907652,16940.88,4.75,3.71403732,1.40970786,0.0,1.0,0.0,0.0579983538262916,982.5431523687467
1668503550.6211858,16942.57,1.6899999999986903,4.7182141,1.00417678,0.0,1.0,0.0,0.0579983538262916,982.6411695867132
1668503611.370035,16935.96,-6.610000000000582,4.41116327,-0.3070508299999996,1.0,0.0,982.2578004679216,0.0,982.2578004679216
1668503671.5674465,16937.7,1.7400000000016007,4.74061714,0.32945387,0.0,1.0,0.0,0.0579923956893746,982.2578004679216
1668503731.2390938,16946.85,9.149999999997815,6.25995828,1.51934114,0.0,1.0,0.0,0.0579923956893746,982.7884308884778
1668503792.405639,16934.67,-12.180000000000293,4.99282199,-1.2671362899999998,1.0,0.0,982.0820835089812,0.0,982.0820835089812
1668503852.3378265,16920.95,-13.719999999997526,2.76490361,-2.22791838,1.0,0.0,982.0820835089812,0.0,982.0820835089812
1668503912.281215,16907.91,-13.040000000000871,0.09931367,-2.6655899400000003,1.0,0.0,982.0820835089812,0.0,982.0820835089812
1668503973.1491656,16917.57,9.659999999999854,0.09156255,-0.00775112,1.0,0.0,982.0820835089812,0.0,982.0820835089812
1668504033.2662952,16919.11,1.5400000000008731,-0.3348594,-0.42642195,1.0,0.0,982.0820835089812,0.0,982.0820835089812
1668504093.0133514,16935.19,16.07999999999811,1.54547472,1.88033412,0.0,1.0,0.0,0.0579906150157737,982.0820835089812
1668504153.991634,16924.21,-10.979999999999563,0.44390675,-1.10156797,1.0,0.0,981.4453465561072,0.0,981.4453465561072
1668504213.873804,16909.01,-15.200000000000728,-1.88728515,-2.3311919000000003,1.0,0.0,981.4453465561072,0.0,981.4453465561072
1668504273.7441502,16889.4,-19.609999999996944,-5.51371115,-3.626426,1.0,0.0,981.4453465561072,0.0,981.4453465561072
1668504334.7424195,16876.81,-12.590000000000146,-8.75507867,-3.24136752,1.0,0.0,981.4453465561072,0.0,981.4453465561072
1668504395.0292034,16882.81,6.0,-9.60671744,-0.851638770000001,1.0,0.0,981.4453465561072,0.0,981.4453465561072
1668504454.9650602,16876.44,-6.370000000002619,-11.39689708,-1.7901796399999998,1.0,0.0,981.4453465561072,0.0,981.4453465561072
1668504515.710857,16869.06,-7.379999999997381,-13.32711815,-1.93022107,1.0,0.0,981.4453465561072,0.0,981.4453465561072
1668504575.8262022,16867.32,-1.7400000000016007,-14.55162246,-1.2245043100000004,1.0,0.0,981.4453465561072,0.0,981.4453465561072
1668504635.5903337,16856.3,-11.020000000000437,-16.80346555,-2.2518430899999977,1.0,0.0,981.4453465561072,0.0,981.4453465561072
1668504696.4726603,16856.88,0.5800000000017462,-17.69652038,-0.8930548300000005,1.0,0.0,981.4453465561072,0.0,981.4453465561072
1668504756.5902796,16835.21,-21.67000000000189,-21.2926305,-3.5961101200000023,1.0,0.0,981.4453465561072,0.0,981.4453465561072
1668504816.535951,16828.7,-6.509999999998399,-23.41031198,-2.117681479999998,1.0,0.0,981.4453465561072,0.0,981.4453465561072
1668504877.4029183,16806.14,-22.56000000000131,-27.43719721,-4.026885230000001,1.0,0.0,981.4453465561072,0.0,981.4453465561072
1668504937.3696573,16809.55,3.4099999999998545,-28.45620446,-1.0190072499999978,1.0,0.0,981.4453465561072,0.0,981.4453465561072
1668504997.6585376,16828.36,18.81000000000131,-26.53611553,1.9200889299999984,0.0,1.0,0.0,0.0583209146082034,981.4453465561072
1668505058.4691868,16826.99,-1.3699999999989814,-26.12806421,0.4080513199999984,0.0,1.0,0.0,0.0583209146082034,981.3654469030926
1668505118.532678,16820.88,-6.110000000000582,-26.23453383,-0.1064696199999986,1.0,0.0,981.0091061148364,0.0,981.0091061148364
1668505178.1241314,16813.72,-7.159999999999855,-26.56692217,-0.3323883400000014,1.0,0.0,981.0091061148364,0.0,981.0091061148364
1668505239.0031383,16777.0,-36.72000000000117,-31.32166722,-4.754745049999997,1.0,0.0,981.0091061148364,0.0,981.0091061148364
1668505298.956367,16790.02,13.020000000000437,-30.57106118,0.7506060399999974,0.0,1.0,0.0,0.0584281082520947,981.0091061148364
1668505359.076877,16800.0,9.979999999999563,-29.02066226,1.5503989199999992,0.0,1.0,0.0,0.0584281082520947,981.592218635191
1668505420.0176904,16807.75,7.75,-27.0034281,2.017234160000001,0.0,1.0,0.0,0.0584281082520947,982.0450364741448
1668505479.852638,16792.27,-15.479999999999563,-27.787905,-0.7844768999999978,1.0,0.0,981.1405693584022,0.0,981.1405693584022
1668505539.9063654,16781.35,-10.920000000001892,-28.66203861,-0.8741336100000012,1.0,0.0,981.1405693584022,0.0,981.1405693584022
1668505600.8476548,16797.02,15.670000000001892,-26.12262355,2.53941506,0.0,1.0,0.0,0.0584115854692321,981.1405693584022
1668505660.8054338,16763.97,-33.04999999999927,-29.48675694,-3.3641333899999992,1.0,0.0,979.2100664586428,0.0,979.2100664586428
1668505720.801623,16779.23,15.2599999999984,-27.51683403,1.969922910000001,0.0,1.0,0.0,0.0583584626027918,979.2100664586428
1668505781.8379502,16746.85,-32.38000000000102,-30.10947205,-2.5926380200000025,1.0,0.0,977.3204194395638,0.0,977.3204194395638
1668505841.6180265,16746.55,-0.2999999999992724,-31.38810978,-1.2786377299999998,1.0,0.0,977.3204194395638,0.0,977.3204194395638
1668505901.8425007,16762.99,16.44000000000233,-29.9855611,1.4025486799999989,0.0,1.0,0.0,0.0583022730097413,977.3204194395638
1668505962.565248,16765.19,2.1999999999970896,-28.52210756,1.4634535400000033,0.0,1.0,0.0,0.0583022730097413,977.4486844401848
1668506022.6162975,16785.65,20.460000000002765,-25.0397234,3.4823841599999987,0.0,1.0,0.0,0.0583022730097413,978.641548945964
1668506082.4707472,16790.8,5.149999999997817,-22.12168098,2.918042419999999,0.0,1.0,0.0,0.0583022730097413,978.9418056519642
1668506143.2489154,16795.95,5.150000000001455,-19.2602532,2.86142778,0.0,1.0,0.0,0.0583022730097413,979.2420623579644
1668506203.623888,16804.95,9.0,-15.86496817,3.395285030000002,0.0,1.0,0.0,0.0583022730097413,979.766782815052
1668506263.5337155,16803.7,-1.25,-13.34762412,2.5173440499999984,0.0,1.0,0.0,0.0583022730097413,979.69390497379
1668506324.117946,16799.19,-4.510000000002037,-11.87011519,1.4775089300000008,0.0,1.0,0.0,0.0583022730097413,979.430961722516
1668506384.045169,16793.51,-5.680000000000291,-10.74904026,1.1210749300000007,0.0,1.0,0.0,0.0583022730097413,979.0998048118204
1668506444.2920282,16803.5,9.9900000000016,-8.58904798,2.159992279999999,0.0,1.0,0.0,0.0583022730097413,979.682244519188
1668506505.0910366,16816.17,12.669999999998254,-5.61539778,2.9736502,0.0,1.0,0.0,0.0583022730097413,980.4209343182212
1668506564.8893547,16828.0,11.830000000001746,-2.638681,2.9767167800000003,0.0,1.0,0.0,0.0583022730097413,981.1106502079266
1668506624.840505,16834.6,6.599999999998545,0.05282228,2.69150328,0.0,1.0,0.0,0.0583022730097413,981.4954452097908
1668506685.9970765,16830.52,-4.079999999998108,1.77600336,1.72318108,0.0,1.0,0.0,0.0583022730097413,981.2575719359112
1668506745.9908128,16829.5,-1.0200000000004366,3.12417995,1.3481765899999998,0.0,1.0,0.0,0.0583022730097413,981.1981036174412
1668506806.0537684,16824.56,-4.93999999999869,3.76959125,0.6454113000000001,0.0,1.0,0.0,0.0583022730097413,980.9100903887733
1668506867.0012605,16821.44,-3.12000000000262,4.40230705,0.6327158000000002,0.0,1.0,0.0,0.0583022730097413,980.7281872969826
1668506926.9179225,16800.94,-20.5,1.97894274,-2.42336431,1.0,0.0,979.5329907002828,0.0,979.5329907002828
1668506986.8312693,16798.82,-2.1199999999989814,0.86209145,-1.11685129,1.0,0.0,979.5329907002828,0.0,979.5329907002828
1668507047.8078637,16783.89,-14.930000000000293,-1.85212814,-2.71421959,1.0,0.0,979.5329907002828,0.0,979.5329907002828
1668507107.6018384,16787.85,3.959999999999127,-3.1392055,-1.28707736,1.0,0.0,979.5329907002828,0.0,979.5329907002828
1668507167.924433,16793.57,5.720000000001164,-2.99532272,0.1438827800000002,0.0,1.0,0.0,0.058327859454558,979.5329907002828
1668507228.452972,16795.11,1.5400000000008731,-3.40426162,-0.4089389000000003,1.0,0.0,979.6228156038416,0.0,979.6228156038416
1668507288.41841,16791.68,-3.430000000000291,-4.21805602,-0.8137943999999995,1.0,0.0,979.6228156038416,0.0,979.6228156038416
1668507348.555583,16797.91,6.229999999999563,-3.58174652,0.6363094999999999,0.0,1.0,0.0,0.0583181369351211,979.6228156038416
1668507409.1280203,16821.09,23.18000000000029,-1.07501179,2.50673473,0.0,1.0,0.0,0.0583181369351211,980.974630017996
1668507468.4243517,16806.66,-14.430000000000293,-1.24271849,-0.1677066999999998,1.0,0.0,980.1330993020224,0.0,980.1330993020224
1668507528.6402493,16807.0,0.3400000000001455,-1.11070716,0.1320113299999998,0.0,1.0,0.0,0.0583169571786768,980.1330993020224
1668507589.6910791,16806.07,-0.930000000000291,-0.81907555,0.29163161,0.0,1.0,0.0,0.0583169571786768,980.0788645318448
1668507648.383429,16803.65,-2.4199999999982538,-1.0880623,-0.26898675,1.0,0.0,979.9377374954724,0.0,979.9377374954724
1668507708.5424857,16806.97,3.319999999999709,-0.69200307,0.39605923,0.0,1.0,0.0,0.058305437416469,979.9377374954724
1668507768.449325,16809.19,2.219999999997526,0.17669727,0.8687003400000001,0.0,1.0,0.0,0.058305437416469,980.0671755665364
1668507828.357948,16815.02,5.830000000001746,1.22448403,1.04778676,0.0,1.0,0.0,0.058305437416469,980.4070962666746
1668507888.349278,16803.34,-11.680000000000293,0.28393453,-0.9405495,1.0,0.0,979.7260887576502,0.0,979.7260887576502
1668507948.4326973,16787.55,-15.790000000000871,-1.55263096,-1.83656549,1.0,0.0,979.7260887576502,0.0,979.7260887576502
1668508008.5570197,16796.56,9.010000000002035,-1.6495434,-0.0969124400000001,1.0,0.0,979.7260887576502,0.0,979.7260887576502
1668508068.4890232,16794.87,-1.6900000000023283,-2.2228559,-0.5733124999999999,1.0,0.0,979.7260887576502,0.0,979.7260887576502
1668508128.2475111,16796.25,1.3800000000010186,-2.44432278,-0.2214668799999999,1.0,0.0,979.7260887576502,0.0,979.7260887576502
1668508188.3976414,16789.93,-6.319999999999709,-3.15777657,-0.71345379,1.0,0.0,979.7260887576502,0.0,979.7260887576502
1668508248.551689,16782.7,-7.229999999999563,-4.23767567,-1.0798991,1.0,0.0,979.7260887576502,0.0,979.7260887576502
1668508308.469111,16795.0,12.299999999999272,-3.6343556,0.6033200699999997,0.0,1.0,0.0,0.0583343905184668,979.7260887576502
1668508368.5459158,16796.5,1.5,-3.41834027,0.2160153300000002,0.0,1.0,0.0,0.0583343905184668,979.8135903434276
1668508428.4524078,16761.72,-34.77999999999884,-6.76581318,-3.3474729100000005,1.0,0.0,977.7847202411954,0.0,977.7847202411954
1668508488.5268295,16778.5,16.779999999998836,-6.14641545,0.6193977300000002,0.0,1.0,0.0,0.0582760509128465,977.7847202411954
1668508548.6711624,16772.96,-5.540000000000873,-7.47430198,-1.3278865299999998,1.0,0.0,977.4618709191378,0.0,977.4618709191378
1668508608.550849,16780.05,7.0900000000001455,-7.42162713,0.0526748499999998,0.0,1.0,0.0,0.0582514277918801,977.4618709191378
1668508668.577778,16802.02,21.970000000001164,-4.39103839,3.03058874,0.0,1.0,0.0,0.0582514277918801,978.7416547877252
1668508728.501147,16806.56,4.540000000000873,-3.42378199,0.9672564,0.0,1.0,0.0,0.0582514277918801,979.0061162699004
1668508788.447474,16810.31,3.75,-0.88395443,2.53982756,0.0,1.0,0.0,0.0582514277918801,979.22455912412
1668508848.4806876,16820.59,10.279999999998836,1.60403809,2.48799252,0.0,1.0,0.0,0.0582514277918801,979.8233838018205
1668508908.3146088,16839.24,18.65000000000145,5.18082698,3.57678889,0.0,1.0,0.0,0.0582514277918801,980.9097729301392
1668508968.6071577,16836.57,-2.670000000001892,6.90284245,1.7220154699999997,0.0,1.0,0.0,0.0582514277918801,980.7542416179348
1668509028.6456332,16834.65,-1.919999999998253,8.46104402,1.5582015699999996,0.0,1.0,0.0,0.0582514277918801,980.6423988765744
1668509088.4648874,16861.7,27.049999999999272,12.07666938,3.615625360000001,0.0,1.0,0.0,0.0582514277918801,982.2180999983448
1668509148.4243608,16868.15,6.450000000000728,13.62168959,1.5450202100000006,0.0,1.0,0.0,0.0582514277918801,982.5938217076024
1668509208.570392,16845.0,-23.15000000000145,13.36355097,-0.2581386200000004,1.0,0.0,981.2453011542202,0.0,981.2453011542202
1668509268.5634325,16847.92,2.9199999999982538,14.2437385,0.8801875299999988,0.0,1.0,0.0,0.0582413319361808,981.2453011542202
1668509328.8672156,16838.65,-9.2699999999968,13.04468859,-1.1990499099999994,1.0,0.0,980.705404007171,0.0,980.705404007171
1668509388.807171,16837.1,-1.5500000000029104,12.59558578,-0.4491028099999994,1.0,0.0,980.705404007171,0.0,980.705404007171
1668509449.1451375,16837.8,0.7000000000007276,11.98489292,-0.6106928600000003,1.0,0.0,980.705404007171,0.0,980.705404007171
1668509508.5207818,16841.59,3.790000000000873,11.87492533,-0.1099675900000001,1.0,0.0,980.705404007171,0.0,980.705404007171
1668509568.526894,16842.34,0.75,11.65617793,-0.2187473999999998,1.0,0.0,980.705404007171,0.0,980.705404007171
1668509628.4445024,16842.74,0.4000000000014552,11.16989628,-0.4862816500000004,1.0,0.0,980.705404007171,0.0,980.705404007171
1668509688.59235,16848.43,5.68999999999869,11.07218806,-0.0977082199999994,1.0,0.0,980.705404007171,0.0,980.705404007171
1668509748.8185909,16857.74,9.31000000000131,11.86385372,0.7916656599999996,0.0,1.0,0.0,0.0581753784319351,980.705404007171
1668509808.7137952,16862.09,4.349999999998545,12.65753557,0.7936818500000005,0.0,1.0,0.0,0.0581753784319351,980.9584669033484
1668509868.416165,16872.56,10.470000000001164,13.83578771,1.1782521399999997,0.0,1.0,0.0,0.0581753784319351,981.5675631155308
1668509928.581519,16871.79,-0.7700000000004366,14.69424162,0.8584539099999997,0.0,1.0,0.0,0.0581753784319351,981.5227680741384
1668509988.608136,16879.7,7.9099999999998545,16.43457189,1.7403302700000012,0.0,1.0,0.0,0.0581753784319351,981.982935317535
1668510048.5050187,16871.43,-8.270000000000437,16.3773454,-0.0572264900000014,1.0,0.0,981.5018249379028,0.0,981.5018249379028
1668510108.597975,16882.13,10.700000000000728,16.80477944,0.4274340400000014,0.0,1.0,0.0,0.058138506511791,981.5018249379028
1668510168.5366151,16887.06,4.930000000000291,17.68297751,0.8781980699999998,0.0,1.0,0.0,0.058138506511791,981.7884477750054
1668510228.4624128,16926.38,39.31999999999971,22.21543753,4.532460019999999,0.0,1.0,0.0,0.058138506511791,984.0744538510488
1668510288.562019,16936.17,9.789999999997235,25.42430491,3.208867380000001,0.0,1.0,0.0,0.058138506511791,984.6436298297992
1668510348.6544883,16959.24,23.070000000003347,29.28008498,3.8557800700000016,0.0,1.0,0.0,0.058138506511791,985.9848851750264
1668510408.4945314,16920.1,-39.140000000003056,27.74607382,-1.534011160000002,1.0,0.0,983.7093440301549,0.0,983.7093440301549
1668510468.4242425,16899.42,-20.68000000000029,25.0827234,-2.6633504200000004,1.0,0.0,983.7093440301549,0.0,983.7093440301549
1668510529.0333726,16904.38,4.960000000002765,24.11360073,-0.9691226699999972,1.0,0.0,983.7093440301549,0.0,983.7093440301549
1668510588.4260523,16901.12,-3.2600000000020373,21.87660475,-2.236995980000003,1.0,0.0,983.7093440301549,0.0,983.7093440301549
1668510648.4044166,16907.63,6.510000000002037,20.9252171,-0.9513876499999974,1.0,0.0,983.7093440301549,0.0,983.7093440301549
1668510708.6653929,16883.95,-23.68000000000029,17.27626508,-3.64895202,1.0,0.0,983.7093440301549,0.0,983.7093440301549
1668510768.4981334,16895.66,11.709999999999129,16.58258167,-0.693683410000002,1.0,0.0,983.7093440301549,0.0,983.7093440301549
1668510828.5117726,16856.94,-38.72000000000117,10.60100802,-5.98157365,1.0,0.0,983.7093440301549,0.0,983.7093440301549
1668510888.8481665,16855.93,-1.0099999999983993,7.19068982,-3.4103182,1.0,0.0,983.7093440301549,0.0,983.7093440301549
1668510948.6818264,16867.57,11.639999999999418,5.30190635,-1.88878347,1.0,0.0,983.7093440301549,0.0,983.7093440301549
1668511008.8523085,16834.38,-33.18999999999869,-0.67616024,-5.97806659,1.0,0.0,983.7093440301549,0.0,983.7093440301549
1668511068.50941,16819.94,-14.440000000002328,-5.53506226,-4.85890202,1.0,0.0,983.7093440301549,0.0,983.7093440301549
1668511128.4984138,16753.91,-66.02999999999884,-18.04473418,-12.50967192,1.0,0.0,983.7093440301549,0.0,983.7093440301549
1668511188.4700673,16735.77,-18.13999999999941,-25.52804515,-7.483310970000002,1.0,0.0,983.7093440301549,0.0,983.7093440301549
1668511248.5300803,16749.91,14.139999999999418,-29.30515976,-3.777114609999998,1.0,0.0,983.7093440301549,0.0,983.7093440301549
1668511308.5998902,16761.51,11.599999999998545,-30.25358471,-0.9484249499999996,1.0,0.0,983.7093440301549,0.0,983.7093440301549
1668511368.7973027,16770.94,9.430000000000293,-30.84058779,-0.5870030800000023,1.0,0.0,983.7093440301549,0.0,983.7093440301549
1668511429.0374594,16755.61,-15.329999999998108,-32.13772114,-1.2971333499999955,1.0,0.0,983.7093440301549,0.0,983.7093440301549
1668511488.5653138,16752.66,-2.950000000000728,-32.58158083,-0.4438596900000036,1.0,0.0,983.7093440301549,0.0,983.7093440301549
1668511548.753993,16769.67,17.0099999999984,-30.84060029,1.740980539999999,0.0,1.0,0.0,0.0586600299248676,983.7093440301549
1668511608.7700217,16793.44,23.77000000000044,-27.18051514,3.660085150000001,0.0,1.0,0.0,0.0586600299248676,985.1036929414684
1668511668.835,16779.75,-13.68999999999869,-26.13535348,1.0451616600000015,0.0,1.0,0.0,0.0586600299248676,984.3006371317972
1668511728.9680817,16787.26,7.509999999998399,-24.12887443,2.00647905,0.0,1.0,0.0,0.0586600299248676,984.7411739565327
1668511788.7835853,16768.44,-18.81999999999971,-24.22530571,-0.0964312800000009,1.0,0.0,983.6371921933468,0.0,983.6371921933468
1668511848.5748596,16777.53,9.090000000000146,-22.84277911,1.382526600000002,0.0,1.0,0.0,0.0586282481505529,983.6371921933468
1668511908.6595888,16788.06,10.530000000002474,-20.14989965,2.6928794600000003,0.0,1.0,0.0,0.0586282481505529,984.2545476463712
1668511968.593142,16797.78,9.719999999997526,-16.66252464,3.4873750099999974,0.0,1.0,0.0,0.0586282481505529,984.8244142183944
1668512028.9152997,16795.46,-2.319999999999709,-14.69234081,1.9701838300000016,0.0,1.0,0.0,0.0586282481505529,984.6883966826852
1668512088.6884098,16793.11,-2.349999999998545,-13.53835862,1.153982189999999,0.0,1.0,0.0,0.0586282481505529,984.5506202995314
1668512148.645852,16788.2,-4.909999999999855,-12.28111211,1.25724651,0.0,1.0,0.0,0.0586282481505529,984.2627556011122
1668512208.95849,16781.44,-6.760000000002037,-12.44939873,-0.1682866199999999,1.0,0.0,983.8664286436144,0.0,983.8664286436144
1668512268.9979148,16773.88,-7.559999999997672,-12.58990432,-0.14050559,1.0,0.0,983.8664286436144,0.0,983.8664286436144
1668512328.661787,16770.81,-3.069999999999709,-13.2885246,-0.6986202800000001,1.0,0.0,983.8664286436144,0.0,983.8664286436144
1668512388.7361798,16761.14,-9.670000000001892,-13.52963039,-0.2411057899999988,1.0,0.0,983.8664286436144,0.0,983.8664286436144
1668512448.717904,16753.66,-7.479999999999563,-14.37425417,-0.8446237800000009,1.0,0.0,983.8664286436144,0.0,983.8664286436144
1668512508.6293228,16763.57,9.909999999999854,-13.78920744,0.5850467300000002,0.0,1.0,0.0,0.0586907459833206,983.8664286436144
1668512568.8307736,16764.64,1.069999999999709,-13.62371006,0.1654973799999997,0.0,1.0,0.0,0.0586907459833206,983.9292277418158
1668512628.7332692,16769.19,4.549999999999272,-12.87947874,0.7442313200000008,0.0,1.0,0.0,0.0586907459833206,984.19627063604
1668512688.6844292,16784.95,15.760000000002035,-10.62931781,2.25016093,0.0,1.0,0.0,0.0586907459833206,985.1212367927372
1668512748.7000089,16791.37,6.419999999998254,-8.40810575,2.221212059999999,0.0,1.0,0.0,0.0586907459833206,985.49803138195
1668512808.769688,16779.27,-12.099999999998545,-8.37861091,0.0294948399999999,0.0,1.0,0.0,0.0586907459833206,984.787873355552
1668512869.0837371,16795.82,16.549999999999272,-6.09963948,2.278971430000001,0.0,1.0,0.0,0.0586907459833206,985.7592052015758
1668512928.6858544,16804.67,8.849999999998545,-2.97185342,3.12778606,0.0,1.0,0.0,0.0586907459833206,986.278618303528
1668512988.6763568,16788.31,-16.359999999996944,-2.88043344,0.0914199799999999,0.0,1.0,0.0,0.0586907459833206,985.3184376992411
1668513048.6162374,16804.72,16.409999999999854,-0.66596114,2.2144723,0.0,1.0,0.0,0.0586907459833206,986.2815528408274
1668513108.8111572,16791.94,-12.780000000002474,-1.04138514,-0.3754240000000001,1.0,0.0,985.5314851071604,0.0,985.5314851071604
1668513168.748218,16787.36,-4.579999999998108,-1.0333032,0.00808194,0.0,1.0,0.0,0.0587067582459159,985.5314851071604
1668513228.8065662,16796.64,9.279999999998836,0.06517284,1.09847604,0.0,1.0,0.0,0.0587067582459159,986.0762838236808
1668513288.6758788,16800.62,3.979999999999563,1.30355871,1.23838587,0.0,1.0,0.0,0.0587067582459159,986.3099367214996
1668513348.8184867,16794.03,-6.5900000000001455,1.02834958,-0.2752091299999999,1.0,0.0,985.9230591846588,0.0,985.9230591846588
1668513408.774699,16784.99,-9.039999999997235,0.37752788,-0.6508217000000001,1.0,0.0,985.9230591846588,0.0,985.9230591846588
1668513468.6087332,16789.61,4.619999999998981,0.54061475,0.16308687,0.0,1.0,0.0,0.0587222132726524,985.9230591846588
1668513528.5594563,16792.77,3.1599999999998545,0.8434316,0.3028168499999999,0.0,1.0,0.0,0.0587222132726524,986.1086213785992
1668513588.7905872,16789.03,-3.7400000000016007,1.08778527,0.2443536699999999,0.0,1.0,0.0,0.0587222132726524,985.8890003009592
1668513648.7167463,16775.66,-13.36999999999898,-0.72422479,-1.81201006,1.0,0.0,985.103884309504,0.0,985.103884309504
1668513708.8351018,16755.9,-19.7599999999984,-3.80866939,-3.0844446,1.0,0.0,985.103884309504,0.0,985.103884309504
1668513768.9312663,16750.53,-5.370000000002619,-5.78096575,-1.97229636,1.0,0.0,985.103884309504,0.0,985.103884309504
1668513828.6667976,16755.94,5.409999999999855,-7.45899426,-1.67802851,1.0,0.0,985.103884309504,0.0,985.103884309504
1668513888.8545282,16737.94,-18.0,-9.81062479,-2.3516305300000004,1.0,0.0,985.103884309504,0.0,985.103884309504
1668513948.6098275,16757.29,19.350000000002183,-10.00238541,-0.1917606200000001,1.0,0.0,985.103884309504,0.0,985.103884309504
1668514008.6454475,16746.52,-10.770000000000437,-11.57435954,-1.5719741299999992,1.0,0.0,985.103884309504,0.0,985.103884309504
1668514068.7676835,16748.48,1.9599999999991269,-12.00544437,-0.4310848299999996,1.0,0.0,985.103884309504,0.0,985.103884309504
1668514128.5521512,16755.66,7.180000000000291,-10.83742447,1.1680198999999991,0.0,1.0,0.0,0.0587923056632507,985.103884309504
1668514188.6819425,16775.1,19.43999999999869,-8.43236683,2.4050576400000008,0.0,1.0,0.0,0.0587923056632507,986.2468067315968
1668514248.730018,16793.04,17.94000000000233,-5.15885711,3.27350972,0.0,1.0,0.0,0.0587923056632507,987.3015406951956
1668514308.6581628,16796.16,3.1199999999989814,-2.28762586,2.87123125,0.0,1.0,0.0,0.0587923056632507,987.4849726888648
1668514368.7464886,16792.83,-3.3299999999981083,-0.77712332,1.51050254,0.0,1.0,0.0,0.0587923056632507,987.2891943110064
1668514428.6166804,16796.81,3.979999999999563,0.21773109,0.99485441,0.0,1.0,0.0,0.0587923056632507,987.523187687546
1668514488.7916567,16826.65,29.840000000000146,4.50796338,4.29023229,0.0,1.0,0.0,0.0587923056632507,989.2775500885376
1668514548.6698377,16825.5,-1.1500000000014552,6.87649586,2.3685324800000007,0.0,1.0,0.0,0.0587923056632507,989.2099389370246
1668514608.8452349,16814.49,-11.0099999999984,8.22003851,1.3435426499999998,0.0,1.0,0.0,0.0587923056632507,988.5626356516724
1668514668.7178042,16812.52,-1.970000000001164,9.37367395,1.1536354400000004,0.0,1.0,0.0,0.0587923056632507,988.4468148095156
1668514728.7383292,16808.92,-3.600000000002183,9.60994917,0.2362752199999995,0.0,1.0,0.0,0.0587923056632507,988.235162509128
1668514788.695739,16822.2,13.280000000002474,11.18484918,1.5749000100000003,0.0,1.0,0.0,0.0587923056632507,989.015924328336
1668514848.6227365,16837.1,14.899999999997815,14.74108765,3.5562384700000003,0.0,1.0,0.0,0.0587923056632507,989.8919296827182
1668514908.8154907,16824.3,-12.799999999999272,14.15198717,-0.5891004800000008,1.0,0.0,989.1393881702288,0.0,989.1393881702288
1668514968.7919917,16833.66,9.360000000000582,14.80804098,0.6560538099999995,0.0,1.0,0.0,0.0587596154472781,989.1393881702288
1668515028.597836,16829.87,-3.790000000000873,15.15983378,0.3517928000000001,0.0,1.0,0.0,0.0587596154472781,988.916689227682
1668515088.729983,16830.07,0.2000000000007276,14.92700737,-0.2328264099999994,1.0,0.0,988.9284411507716,0.0,988.9284411507716
1668515148.7320914,16839.41,9.340000000000146,15.77369134,0.8466839699999991,0.0,1.0,0.0,0.0587270243524429,988.9284411507716
1668515208.8386917,16831.34,-8.069999999999709,14.53288865,-1.2408026899999989,1.0,0.0,988.4545140642464,0.0,988.4545140642464
1668515268.9865086,16836.03,4.68999999999869,14.4671764,-0.0657122500000007,1.0,0.0,988.4545140642464,0.0,988.4545140642464
1668515328.8920588,16836.6,0.569999999999709,14.43833418,-0.0288422199999995,1.0,0.0,988.4545140642464,0.0,988.4545140642464
1668515388.6755564,16866.37,29.77000000000044,17.08557911,2.647244930000001,0.0,1.0,0.0,0.0586050533733249,988.4545140642464
1668515448.9042273,16858.63,-7.739999999997963,16.36677232,-0.7188067900000021,1.0,0.0,988.0009109511363,0.0,988.0009109511363
1668515508.8366375,16857.58,-1.0499999999992724,16.6156283,0.2488559800000018,0.0,1.0,0.0,0.0586087036781754,988.0009109511363
1668515569.0417235,16863.59,6.009999999998399,17.48484886,0.8692205599999987,0.0,1.0,0.0,0.0586087036781754,988.353149260242
1668515628.6706088,16857.52,-6.069999999999709,17.8553782,0.3705293400000009,0.0,1.0,0.0,0.0586087036781754,987.9973944289154
1668515688.645447,16846.36,-11.159999999999854,16.48074029,-1.3746379100000006,1.0,0.0,987.343321295867,0.0,987.343321295867
1668515748.7578957,16860.35,13.989999999997965,16.78589687,0.3051565799999984,0.0,1.0,0.0,0.0585600726732165,987.343321295867
1668515808.920004,16846.05,-14.299999999999272,14.73593169,-2.049965179999999,1.0,0.0,986.5059122566388,0.0,986.5059122566388
1668515869.027477,16856.22,10.170000000001892,14.47773138,-0.2582003099999994,1.0,0.0,986.5059122566388,0.0,986.5059122566388
1668515928.918751,16852.71,-3.5100000000020373,13.4813544,-0.9963769799999992,1.0,0.0,986.5059122566388,0.0,986.5059122566388
1668515988.9904778,16863.34,10.63000000000102,13.65957901,0.1782246099999991,0.0,1.0,0.0,0.0585000309699406,986.5059122566388
1668516048.8996425,16854.96,-8.380000000001019,12.33832319,-1.3212558199999993,1.0,0.0,986.01568199711,0.0,986.01568199711
1668516109.003683,16871.7,16.7400000000016,13.1639546,0.8256314099999997,0.0,1.0,0.0,0.0584419875885127,986.01568199711
1668516168.80592,16864.9,-6.799999999999272,12.51574136,-0.6482132400000005,1.0,0.0,985.618276481508,0.0,985.618276481508
1668516228.923946,16858.68,-6.220000000001164,11.46451252,-1.0512288400000005,1.0,0.0,985.618276481508,0.0,985.618276481508
1668516288.9076695,16853.6,-5.080000000001746,10.40669222,-1.0578202999999995,1.0,0.0,985.618276481508,0.0,985.618276481508
1668516348.8956995,16849.98,-3.619999999998981,9.22641365,-1.1802785700000005,1.0,0.0,985.618276481508,0.0,985.618276481508
1668516409.0714114,16839.25,-10.729999999999563,7.066752,-2.1596616499999994,1.0,0.0,985.618276481508,0.0,985.618276481508
1668516468.814592,16857.53,18.27999999999884,6.95500177,-0.1117502300000001,1.0,0.0,985.618276481508,0.0,985.618276481508
1668516528.9702992,16859.6,2.069999999999709,7.80891015,0.85390838,0.0,1.0,0.0,0.0584603594676924,985.618276481508
1668516588.970831,16856.5,-3.099999999998545,7.16831663,-0.6405935200000004,1.0,0.0,985.437049367157,0.0,985.437049367157
1668516648.751697,16850.87,-5.630000000001019,6.29496652,-0.8733501099999996,1.0,0.0,985.437049367157,0.0,985.437049367157
1668516708.8884044,16831.87,-19.0,3.50654003,-2.78842649,1.0,0.0,985.437049367157,0.0,985.437049367157
1668516768.7897549,16841.18,9.31000000000131,3.32620732,-0.18033271,1.0,0.0,985.437049367157,0.0,985.437049367157
1668516828.940015,16838.38,-2.7999999999992724,2.29378608,-1.03242124,1.0,0.0,985.437049367157,0.0,985.437049367157
1668516888.8098874,16838.7,0.3199999999997089,1.47822796,-0.8155581199999999,1.0,0.0,985.437049367157,0.0,985.437049367157
1668516948.8437288,16831.29,-7.4099999999998545,0.15384245,-1.32438551,1.0,0.0,985.437049367157,0.0,985.437049367157
1668517008.8695903,16815.81,-15.479999999999563,-2.59524584,-2.74908829,1.0,0.0,985.437049367157,0.0,985.437049367157
1668517068.7684531,16835.36,19.549999999999272,-1.90205554,0.6931902999999999,0.0,1.0,0.0,0.0585337675800907,985.437049367157
1668517128.7807758,16826.92,-8.440000000002328,-2.97359815,-1.0715426099999998,1.0,0.0,984.9430243687796,0.0,984.9430243687796
1668517188.8277483,16831.26,4.3400000000001455,-3.85174717,-0.87814902,1.0,0.0,984.9430243687796,0.0,984.9430243687796
1668517248.805292,16826.21,-5.049999999999272,-4.13177316,-0.2800259899999999,1.0,0.0,984.9430243687796,0.0,984.9430243687796
1668517308.9808173,16845.17,18.959999999999127,-2.84517239,1.2866007699999995,0.0,1.0,0.0,0.0584703522949771,984.9430243687796
1668517369.1038437,16855.51,10.340000000000146,-0.67487831,2.17029408,0.0,1.0,0.0,0.0584703522949771,985.5476078115094
1668517428.8054447,16852.12,-3.389999999999418,0.54709168,1.2219699899999998,0.0,1.0,0.0,0.0584703522949771,985.3493933172294
1668517488.83303,16851.95,-0.1699999999982537,0.77874676,0.23165508,0.0,1.0,0.0,0.0584703522949771,985.3394533573394
1668517548.8981352,16851.86,-0.0900000000001455,1.3239789,0.54523214,0.0,1.0,0.0,0.0584703522949771,985.3341910256328
1668517608.9920835,16846.68,-5.180000000000291,0.94571661,-0.37826229,1.0,0.0,985.0313146007448,0.0,985.0313146007448
1668517668.8072853,16830.09,-16.590000000000146,-0.63819841,-1.58391502,1.0,0.0,985.0313146007448,0.0,985.0313146007448
1668517728.835406,16851.55,21.459999999999127,1.31619411,1.95439252,0.0,1.0,0.0,0.058453454703024,985.0313146007448
1668517788.7051785,16874.18,22.63000000000102,3.58415558,2.26796147,0.0,1.0,0.0,0.058453454703024,986.3541162806736
1668517848.9173396,16879.76,5.579999999998108,5.32210339,1.7379478099999996,0.0,1.0,0.0,0.058453454703024,986.6802865579164
1668517908.88806,16879.39,-0.3699999999989813,6.97602842,1.65392503,0.0,1.0,0.0,0.058453454703024,986.6586587796764
1668517968.8209455,16870.82,-8.569999999999709,7.95086669,0.9748382700000002,0.0,1.0,0.0,0.058453454703024,986.1577126728714
1668518028.9451838,16881.76,10.93999999999869,9.59177876,1.6409120700000006,0.0,1.0,0.0,0.058453454703024,986.7971934673224
1668518088.885605,16870.27,-11.489999999997965,9.19365293,-0.3981258299999997,1.0,0.0,986.1255632727848,0.0,986.1255632727848
1668518148.986717,16875.59,5.319999999999709,9.71037062,0.5167176900000001,0.0,1.0,0.0,0.0584350273544678,986.1255632727848
1668518208.859775,16853.8,-21.79000000000088,7.11845444,-2.591916180000001,1.0,0.0,984.8522640267294,0.0,984.8522640267294
1668518268.8883016,16850.74,-3.059999999997672,5.43858447,-1.6798699699999995,1.0,0.0,984.8522640267294,0.0,984.8522640267294
1668518328.8920386,16871.72,20.979999999999563,6.46130165,1.02271718,0.0,1.0,0.0,0.0583729616201981,984.8522640267294
1668518388.97371,16868.55,-3.170000000001892,6.69852625,0.2372245999999993,0.0,1.0,0.0,0.0583729616201981,984.6672217383926
1668518449.7478306,16859.71,-8.840000000000146,5.60077066,-1.0977555899999991,1.0,0.0,984.15120475767,0.0,984.15120475767
1668518509.6547637,16854.21,-5.5,3.72180068,-1.8789699800000004,1.0,0.0,984.15120475767,0.0,984.15120475767
1668518569.6847427,16859.75,5.540000000000873,3.59957777,-0.12222291,1.0,0.0,984.15120475767,0.0,984.15120475767
1668518630.5102274,16861.64,1.889999999999418,3.02568589,-0.5738918799999997,1.0,0.0,984.15120475767,0.0,984.15120475767
1668518690.4733677,16862.69,1.0499999999992724,2.60344697,-0.4222389200000003,1.0,0.0,984.15120475767,0.0,984.15120475767
1668518750.47362,16862.32,-0.3699999999989813,2.03980437,-0.5636425999999997,1.0,0.0,984.15120475767,0.0,984.15120475767
1668518811.543356,16856.19,-6.130000000001019,1.40395753,-0.6358468400000001,1.0,0.0,984.15120475767,0.0,984.15120475767
1668518871.7701051,16861.19,5.0,1.65378576,0.2498282300000001,0.0,1.0,0.0,0.0583678379021688,984.15120475767
1668518931.7774878,16875.9,14.710000000002765,3.0916656,1.4378798399999997,0.0,1.0,0.0,0.0583678379021688,985.0097956532104
1668518992.4049685,16899.17,23.2699999999968,5.71220093,2.62053533,0.0,1.0,0.0,0.0583678379021688,986.3680152411938
1668519052.3958666,17065.24,166.07000000000335,22.19868109,16.48648016,0.0,1.0,0.0,0.0583678379021688,996.0611620816072
1668519112.457653,17069.49,4.25,34.60264883,12.40396774,0.0,1.0,0.0,0.0583678379021688,996.3092253926914
1668519173.1362476,17075.19,5.69999999999709,43.48915127,8.886502440000001,0.0,1.0,0.0,0.0583678379021688,996.6419220687336
1668519233.1575754,17086.0,10.81000000000131,53.88097374,10.39182247,0.0,1.0,0.0,0.0583678379021688,997.272878396456
1668519293.0498676,17087.53,1.5299999999988358,58.9491204,5.0681466599999965,0.0,1.0,0.0,0.0583678379021688,997.3621811884464
1668519354.1646163,16963.78,-123.75,50.41112453,-8.537995869999996,1.0,0.0,990.1391612480528,0.0,990.1391612480528
1668519414.054104,16997.35,33.56999999999971,47.79878348,-2.612341050000005,1.0,0.0,990.1391612480528,0.0,990.1391612480528
1668519474.1855342,17010.89,13.540000000000871,46.26871025,-1.5300732299999993,1.0,0.0,990.1391612480528,0.0,990.1391612480528
1668519535.1498806,17020.36,9.470000000001164,44.91554178,-1.35316847,1.0,0.0,990.1391612480528,0.0,990.1391612480528
1668519595.048648,17004.76,-15.600000000002185,41.32914357,-3.5863982099999987,1.0,0.0,990.1391612480528,0.0,990.1391612480528
1668519655.1867912,16968.09,-36.669999999998254,35.38199212,-5.94715145,1.0,0.0,990.1391612480528,0.0,990.1391612480528
1668519715.7270372,17013.85,45.7599999999984,36.54449251,1.1625003899999982,0.0,1.0,0.0,0.0581960673949783,990.1391612480528
1668519775.7127795,17022.04,8.190000000002328,34.5990963,-1.9453962099999984,1.0,0.0,990.6157870400164,0.0,990.6157870400164
1668519835.7172308,17010.7,-11.340000000000146,32.31336404,-2.285732259999996,1.0,0.0,990.6157870400164,0.0,990.6157870400164
1668519896.837351,17014.0,3.2999999999992724,31.84457962,-0.4687844200000022,1.0,0.0,990.6157870400164,0.0,990.6157870400164
1668519956.8332095,17000.85,-13.150000000001455,28.26939983,-3.57517979,1.0,0.0,990.6157870400164,0.0,990.6157870400164
1668520016.8513892,16955.77,-45.07999999999811,20.91549306,-7.353906770000002,1.0,0.0,990.6157870400164,0.0,990.6157870400164
1668520077.6379642,16929.15,-26.61999999999898,11.9902512,-8.92524186,1.0,0.0,990.6157870400164,0.0,990.6157870400164
1668520137.4635344,16938.46,9.309999999997672,8.20579488,-3.78445632,1.0,0.0,990.6157870400164,0.0,990.6157870400164
1668520197.524397,16951.37,12.909999999999854,6.09305763,-2.1127372499999995,1.0,0.0,990.6157870400164,0.0,990.6157870400164
1668520258.3003056,16980.47,29.100000000002183,7.45743116,1.36437353,0.0,1.0,0.0,0.0583385375693379,990.6157870400164
1668520318.2514777,16970.43,-10.040000000000871,7.05727241,-0.4001587499999992,1.0,0.0,990.030068122819,0.0,990.030068122819
1668520378.3752437,16945.51,-24.92000000000189,3.82839461,-3.2288778,1.0,0.0,990.030068122819,0.0,990.030068122819
1668520439.1095915,16950.63,5.120000000002619,1.78229843,-2.04609618,1.0,0.0,990.030068122819,0.0,990.030068122819
1668520499.0234797,16938.22,-12.409999999999854,-1.68634404,-3.46864247,1.0,0.0,990.030068122819,0.0,990.030068122819
1668520559.193486,16939.57,1.3499999999985448,-2.37451287,-0.6881688300000002,1.0,0.0,990.030068122819,0.0,990.030068122819
1668520620.180495,16945.37,5.799999999999272,-2.66915236,-0.2946394899999998,1.0,0.0,990.030068122819,0.0,990.030068122819
1668520680.1258197,16972.77,27.40000000000145,-0.84238948,1.82676288,0.0,1.0,0.0,0.058330494558214,990.030068122819
1668520740.1357274,16975.99,3.220000000001164,0.69592727,1.53831675,0.0,1.0,0.0,0.058330494558214,990.2178923152952
1668520800.8425484,17015.21,39.219999999997526,5.50722378,4.81129651,0.0,1.0,0.0,0.058330494558214,992.5056143118684
1668520861.0405087,16999.77,-15.43999999999869,7.3247585,1.81753472,0.0,1.0,0.0,0.058330494558214,991.6049914758896
1668520920.997778,16985.54,-14.229999999999563,7.50915519,0.1843966900000007,0.0,1.0,0.0,0.058330494558214,990.7749485383264
1668520981.6583133,16987.24,1.7000000000007276,7.72430667,0.2151514799999994,0.0,1.0,0.0,0.058330494558214,990.8741103790752
1668521041.674022,16952.24,-35.0,4.00464311,-3.71966356,1.0,0.0,988.8325430695378,0.0,988.8325430695378
1668521101.6011803,16958.89,6.649999999997817,3.13673194,-0.8679111699999997,1.0,0.0,988.8325430695378,0.0,988.8325430695378
1668521162.6779609,16970.89,12.0,3.17581947,0.0390875299999997,0.0,1.0,0.0,0.0582663928096604,988.8325430695378
1668521222.7743084,16971.5,0.6100000000005821,3.62234825,0.4465287799999999,0.0,1.0,0.0,0.0582663928096604,988.8680855691516
1668521282.640511,16960.53,-10.970000000001164,2.44009498,-1.18225327,1.0,0.0,988.2289032400296,0.0,988.2289032400296
1668521343.409605,16946.64,-13.889999999999418,-0.45418843,-2.89428341,1.0,0.0,988.2289032400296,0.0,988.2289032400296
1668521403.7134728,16926.1,-20.54000000000088,-4.00110304,-3.5469146100000004,1.0,0.0,988.2289032400296,0.0,988.2289032400296
1668521463.478554,16941.04,14.940000000002328,-4.4681056,-0.46700256,1.0,0.0,988.2289032400296,0.0,988.2289032400296
1668521524.252936,16952.9,11.860000000000582,-4.25451515,0.2135904500000007,0.0,1.0,0.0,0.0582926167935886,988.2289032400296
1668521584.3106165,16942.57,-10.330000000001746,-5.02663422,-0.7721190700000005,1.0,0.0,987.6267405085504,0.0,987.6267405085504
1668521644.4767823,16928.72,-13.849999999998545,-6.7815138,-1.75487958,1.0,0.0,987.6267405085504,0.0,987.6267405085504
1668521705.2197857,16931.71,2.9899999999979627,-8.08314176,-1.3016279600000005,1.0,0.0,987.6267405085504,0.0,987.6267405085504
1668521765.4568243,16910.48,-21.229999999999563,-10.24486016,-2.1617184,1.0,0.0,987.6267405085504,0.0,987.6267405085504
1668521825.3568227,16914.54,4.06000000000131,-12.27687584,-2.0320156800000007,1.0,0.0,987.6267405085504,0.0,987.6267405085504
1668521886.046323,16897.13,-17.409999999999854,-14.80627658,-2.52940074,1.0,0.0,987.6267405085504,0.0,987.6267405085504
1668521946.0189562,16882.52,-14.610000000000582,-18.35590421,-3.549627629999998,1.0,0.0,987.6267405085504,0.0,987.6267405085504
1668522005.9891336,16900.58,18.06000000000131,-17.9507302,0.4051740099999996,0.0,1.0,0.0,0.0584374465555945,987.6267405085504
1668522066.8328254,16928.13,27.549999999999272,-15.10658831,2.8441418899999995,0.0,1.0,0.0,0.0584374465555945,989.236692161156
1668522126.905602,16927.14,-0.9900000000016008,-13.50211297,1.6044753399999987,0.0,1.0,0.0,0.0584374465555945,989.1788390890658
1668522186.8963256,16919.02,-8.119999999998981,-13.15049156,0.3516214099999999,0.0,1.0,0.0,0.0584374465555945,988.7043270230344
1668522248.5048573,16926.26,7.239999999997963,-11.1334181,2.0170734600000007,0.0,1.0,0.0,0.0584374465555945,989.1274141360968
1668522308.5459576,16954.33,28.070000000003347,-7.00994204,4.12347606,0.0,1.0,0.0,0.0584374465555945,990.7677532609124
1668522368.205188,16956.15,1.819999999999709,-4.93320529,2.07673675,0.0,1.0,0.0,0.0584374465555945,990.8741094136436
1668522429.295077,16951.02,-5.130000000001019,-4.09037937,0.8428259200000001,0.0,1.0,0.0,0.0584374465555945,990.5743253128136
1668522489.1078296,16947.0,-4.020000000000437,-2.85577686,1.2346025099999998,0.0,1.0,0.0,0.0584374465555945,990.33940677766
1668522549.111573,16941.75,-5.25,-1.71401601,1.1417608500000005,0.0,1.0,0.0,0.0584374465555945,990.032610183243
1668522609.9626143,16950.12,8.369999999998981,0.17698053,1.89099654,0.0,1.0,0.0,0.0584374465555945,990.5217316109132
1668522669.9612858,16980.83,30.710000000002765,3.56465498,3.38767445,0.0,1.0,0.0,0.0584374465555945,992.3163455946358
1668522729.896829,16974.68,-6.150000000001455,4.62903969,1.06438471,0.0,1.0,0.0,0.0584374465555945,991.9569552983188
1668522790.7394698,16978.54,3.860000000000582,5.94331833,1.3142786400000004,0.0,1.0,0.0,0.0584374465555945,992.1825238420234
1668522850.9862294,16971.37,-7.170000000001892,6.86088951,0.9175711799999996,0.0,1.0,0.0,0.0584374465555945,991.7635273502198
1668522910.8174636,16989.34,17.970000000001164,8.27065265,1.4097631400000008,0.0,1.0,0.0,0.0584374465555945,992.813648264824
1668522971.5724747,16983.47,-5.869999999998981,10.61937596,2.3487233099999987,0.0,1.0,0.0,0.0584374465555945,992.4706204535426
1668523031.9306998,16984.58,1.110000000000582,10.70792297,0.0885470100000009,0.0,1.0,0.0,0.0584374465555945,992.5354860192192
1668523092.0501976,16985.5,0.9199999999982538,11.93941606,1.231493089999999,0.0,1.0,0.0,0.0584374465555945,992.5892484700504
1668523152.520573,16977.91,-7.5900000000001455,11.09524109,-0.8441749699999992,1.0,0.0,992.1457082506934,0.0,992.1457082506934
1668523212.497747,16975.35,-2.5600000000013097,10.89102456,-0.20421653,1.0,0.0,992.1457082506934,0.0,992.1457082506934
1668523272.445148,16925.69,-49.659999999999854,1.99868729,-8.89233727,1.0,0.0,992.1457082506934,0.0,992.1457082506934
1668523333.300355,16894.9,-30.789999999997235,-4.78008512,-6.77877241,1.0,0.0,992.1457082506934,0.0,992.1457082506934
1668523393.1099818,16885.07,-9.830000000001746,-9.56434862,-4.784263500000001,1.0,0.0,992.1457082506934,0.0,992.1457082506934
1668523453.2307515,16884.71,-0.3600000000005821,-12.64084418,-3.07649556,1.0,0.0,992.1457082506934,0.0,992.1457082506934
1668523514.2704918,16888.71,4.0,-14.23111559,-1.5902714099999995,1.0,0.0,992.1457082506934,0.0,992.1457082506934
1668523574.3734202,16867.56,-21.149999999997817,-18.64344067,-4.4123250800000005,1.0,0.0,992.1457082506934,0.0,992.1457082506934
1668523634.3148367,16883.8,16.239999999997963,-17.3479421,1.2954985699999997,0.0,1.0,0.0,0.0587631758401955,992.1457082506934
1668523695.086105,16852.0,-31.799999999999272,-23.53340691,-6.185464809999999,1.0,0.0,990.2770392589744,0.0,990.2770392589744
1668523755.0978465,16827.45,-24.549999999999272,-28.60964932,-5.076242409999999,1.0,0.0,990.2770392589744,0.0,990.2770392589744
1668523814.9956064,16848.12,20.669999999998254,-27.7384995,0.8711498199999994,0.0,1.0,0.0,0.0587767085739521,990.2770392589744
1668523876.584425,16869.6,21.479999999999563,-25.06213917,2.6763603300000014,0.0,1.0,0.0,0.0587767085739521,991.5395629591422
1668523937.1049771,16871.65,2.0500000000029104,-23.73236323,1.3297759399999975,0.0,1.0,0.0,0.0587767085739521,991.660055211719
1668523996.485917,16883.42,11.7699999999968,-20.82891781,2.9034454200000006,0.0,1.0,0.0,0.0587767085739521,992.3518570716342
1668524057.508648,16883.35,-0.0699999999997089,-19.11853599,1.7103818199999985,0.0,1.0,0.0,0.0587767085739521,992.347742702034
1668524117.7308433,16865.99,-17.359999999996944,-20.07188646,-0.9533504700000002,1.0,0.0,991.3273790411904,0.0,991.3273790411904
1668524177.5068276,16891.17,25.179999999996653,-15.95513663,4.116749830000002,0.0,1.0,0.0,0.0586890889761449,991.3273790411904
1668524239.5429556,16911.43,20.26000000000204,-14.3389543,1.6161823300000009,0.0,1.0,0.0,0.0586890889761449,992.5164199838462
1668524298.5250125,16927.5,16.06999999999971,-6.13556406,8.20339024,0.0,1.0,0.0,0.0586890889761449,993.4595536436927
1668524358.5037062,16934.75,7.25,-2.27257635,3.86298771,0.0,1.0,0.0,0.0586890889761449,993.88504953877
1668524419.3671882,16936.5,1.75,0.64866671,2.92124306,0.0,1.0,0.0,0.0586890889761449,993.987755444478
1668524479.125505,16915.82,-20.68000000000029,-0.3163396,-0.96500631,1.0,0.0,992.7740650844514,0.0,992.7740650844514
1668524539.950194,16941.83,26.01000000000204,4.12675962,4.44309922,0.0,1.0,0.0,0.0585989863600597,992.7740650844514
1668524600.3674548,16940.98,-0.8500000000021828,5.72752246,1.600762840000001,0.0,1.0,0.0,0.0585989863600597,992.7242559460442
1668524660.2102537,16941.51,0.5299999999988358,7.04445715,1.31693469,0.0,1.0,0.0,0.0585989863600597,992.7553134088148
1668524720.479624,16947.38,5.870000000002619,8.88625537,1.8417982200000005,0.0,1.0,0.0,0.0585989863600597,993.0992894587488
1668524781.770815,16962.73,15.349999999998545,11.8652058,2.97895043,0.0,1.0,0.0,0.0585989863600597,993.9987838993756
1668524841.6595368,16933.6,-29.13000000000102,8.98956194,-2.8756438600000003,1.0,0.0,992.2917954267068,0.0,992.2917954267068
1668524900.961949,16909.26,-24.340000000000146,5.08396614,-3.9055958,1.0,0.0,992.2917954267068,0.0,992.2917954267068
1668524961.773394,16906.76,-2.5,3.1345368,-1.9494293400000005,1.0,0.0,992.2917954267068,0.0,992.2917954267068
1668525021.764644,16902.05,-4.709999999999127,0.97013752,-2.16439928,1.0,0.0,992.2917954267068,0.0,992.2917954267068
1668525083.1928377,16896.89,-5.159999999999855,-1.01209764,-1.98223516,1.0,0.0,992.2917954267068,0.0,992.2917954267068
1668525143.3701837,16901.29,4.400000000001455,-1.73081278,-0.71871514,1.0,0.0,992.2917954267068,0.0,992.2917954267068
1668525202.8274338,16898.15,-3.139999999999418,-2.99350121,-1.26268843,1.0,0.0,992.2917954267068,0.0,992.2917954267068
1668525262.8985512,16886.49,-11.659999999999854,-5.41468387,-2.4211826600000004,1.0,0.0,992.2917954267068,0.0,992.2917954267068
1668525323.9405608,16895.69,9.19999999999709,-5.15001265,0.2646712200000003,0.0,1.0,0.0,0.0587304688607986,992.2917954267068
1668525384.3667293,16911.76,16.06999999999971,-3.27533397,1.87467868,0.0,1.0,0.0,0.0587304688607986,993.2355940612993
1668525444.6267734,16912.38,0.6200000000026193,-2.59659071,0.6787432600000001,0.0,1.0,0.0,0.0587304688607986,993.272006951993
1668525504.848693,16938.3,25.919999999998254,1.62709925,4.22368996,0.0,1.0,0.0,0.0587304688607986,994.7943007048648
1668525564.5253751,16938.99,0.6900000000023283,3.35776917,1.73066992,0.0,1.0,0.0,0.0587304688607986,994.834824728379
1668525624.863968,16933.15,-5.8400000000001455,3.80676039,0.4489912199999999,0.0,1.0,0.0,0.0587304688607986,994.491838790232
1668525685.8571022,16934.2,1.0499999999992724,4.6285799,0.8218195100000001,0.0,1.0,0.0,0.0587304688607986,994.5535057825356
1668525746.4681394,16937.22,3.020000000000437,5.58099849,0.9524185899999996,0.0,1.0,0.0,0.0587304688607986,994.7308717984952
1668525805.5642846,16939.67,2.4499999999970896,6.36821614,0.7872176500000005,0.0,1.0,0.0,0.0587304688607986,994.8747614472042
1668525866.4490914,16934.37,-5.299999999999272,6.01146261,-0.3567535300000006,1.0,0.0,994.563489962242,0.0,994.563489962242
1668525926.4748478,16946.61,12.2400000000016,7.85754854,1.84608593,0.0,1.0,0.0,0.058688049702108,994.563489962242
1668525986.4784756,16953.5,6.889999999999418,9.25343076,1.3958822200000007,0.0,1.0,0.0,0.058688049702108,994.967850624688
1668526047.6158228,16951.45,-2.0499999999992724,9.61182813,0.3583973699999987,0.0,1.0,0.0,0.058688049702108,994.8475401227988
1668526107.3723717,16966.39,14.93999999999869,12.02316684,2.4113387100000008,0.0,1.0,0.0,0.058688049702108,995.7243395853482
1668526167.300522,16964.26,-2.130000000001018,12.54053165,0.5173648100000001,0.0,1.0,0.0,0.058688049702108,995.5993340394826
1668526228.0443902,16958.4,-5.859999999996944,12.20008776,-0.3404438899999995,1.0,0.0,995.2554220682284,0.0,995.2554220682284
1668526288.1513178,16964.59,6.18999999999869,12.94185747,0.7417697099999998,0.0,1.0,0.0,0.0586666357435239,995.2554220682284
1668526348.3173366,16973.99,9.400000000001455,14.4449582,1.50310073,0.0,1.0,0.0,0.0586666357435239,995.8068884442172
1668526409.0292788,16984.76,10.7699999999968,16.35720857,1.9122503700000009,0.0,1.0,0.0,0.0586666357435239,996.4387281111748
1668526469.290269,16987.37,2.610000000000582,17.26984081,0.9126322400000006,0.0,1.0,0.0,0.0586666357435239,996.5918480304656
1668526529.1990654,16993.85,6.479999999999563,18.54096403,1.2711232199999998,0.0,1.0,0.0,0.0586666357435239,996.9720078300836
1668526590.3024156,16995.25,1.4000000000014552,19.11786011,0.5768960799999974,0.0,1.0,0.0,0.0586666357435239,997.0541411201244
1668526650.3250868,16993.31,-1.9399999999986903,19.05676109,-0.0610990200000003,1.0,0.0,996.940327846782,0.0,996.940327846782
1668526710.5409784,17027.27,33.95999999999913,23.6467651,4.590004010000001,0.0,1.0,0.0,0.0585496282050371,996.940327846782
1668526771.1581683,17042.83,15.56000000000131,27.12878066,3.4820155600000007,0.0,1.0,0.0,0.0585496282050371,997.8513600616524
1668526831.1369965,17042.55,-0.2800000000024738,28.45624768,1.3274670200000005,0.0,1.0,0.0,0.0585496282050371,997.834966165755
1668526891.2484047,17041.88,-0.6699999999982538,29.09478521,0.6385375300000007,0.0,1.0,0.0,0.0585496282050371,997.7957379148576
1668526951.859606,17045.61,3.729999999999563,29.90841234,0.8136271300000004,0.0,1.0,0.0,0.0585496282050371,998.0141280280624
1668527012.165444,17082.12,36.5099999999984,35.05617987,5.147767529999999,0.0,1.0,0.0,0.0585496282050371,1000.1517749538284
1668527072.597284,17071.48,-10.639999999999418,34.90387709,-0.1523027799999994,1.0,0.0,999.5288069097268,0.0,999.5288069097268
1668527132.876719,17082.13,10.650000000001455,36.55482806,1.650950969999997,0.0,1.0,0.0,0.0585131249387357,999.5288069097268
1668527192.791361,17060.39,-21.7400000000016,33.62763935,-2.927188709999996,1.0,0.0,998.2567315735572,0.0,998.2567315735572
1668527252.889848,17040.79,-19.599999999998545,29.60782055,-4.019818800000003,1.0,0.0,998.2567315735572,0.0,998.2567315735572
1668527313.6102965,17026.54,-14.25,25.3315534,-4.276267149999999,1.0,0.0,998.2567315735572,0.0,998.2567315735572
1668527373.6550877,17002.69,-23.850000000002183,19.21164538,-6.11990802,1.0,0.0,998.2567315735572,0.0,998.2567315735572
1668527433.6910746,17001.48,-1.2099999999991269,15.51747381,-3.69417157,1.0,0.0,998.2567315735572,0.0,998.2567315735572
1668527494.45897,16966.76,-34.720000000001164,7.6138613,-7.90361251,1.0,0.0,998.2567315735572,0.0,998.2567315735572
1668527555.5278983,16975.0,8.2400000000016,4.75152919,-2.86233211,1.0,0.0,998.2567315735572,0.0,998.2567315735572
1668527614.356985,16976.03,1.0299999999988358,1.9813553,-2.7701738900000006,1.0,0.0,998.2567315735572,0.0,998.2567315735572
1668527675.440546,16985.18,9.150000000001455,1.10835087,-0.8730044299999999,1.0,0.0,998.2567315735572,0.0,998.2567315735572
1668527735.37636,17004.1,18.919999999998254,2.44382578,1.33547491,0.0,1.0,0.0,0.0587068255052344,998.2567315735572
1668527795.3240106,16997.48,-6.619999999998981,1.34397808,-1.0998477,1.0,0.0,997.8680923887116,0.0,997.8680923887116
1668527856.2711475,17008.66,11.180000000000293,2.55229112,1.20831304,0.0,1.0,0.0,0.0586682367916527,997.8680923887116
1668527916.2016597,17001.82,-6.8400000000001455,1.78686649,-0.76542463,1.0,0.0,997.4668016490568,0.0,997.4668016490568
1668527976.2237067,16987.69,-14.13000000000102,-0.55946067,-2.34632716,1.0,0.0,997.4668016490568,0.0,997.4668016490568
1668528036.941081,16988.07,0.3800000000010186,-1.43734467,-0.8778840000000001,1.0,0.0,997.4668016490568,0.0,997.4668016490568
1668528097.598451,17005.88,17.81000000000131,0.45015006,1.88749473,0.0,1.0,0.0,0.0586542302808826,997.4668016490568
1668528157.0223427,16977.87,-28.01000000000204,-3.21290675,-3.66305681,1.0,0.0,995.8238966588882,0.0,995.8238966588882
1668528217.9838257,16946.48,-31.38999999999941,-8.59097898,-5.378072229999999,1.0,0.0,995.8238966588882,0.0,995.8238966588882
1668528277.9445567,16973.39,26.90999999999985,-7.01886615,1.5721128299999991,0.0,1.0,0.0,0.0586697116285484,995.8238966588882
1668528338.0276103,16972.57,-0.819999999999709,-7.44273902,-0.4238728700000003,1.0,0.0,995.7757874953516,0.0,995.7757874953516
1668528399.0530353,17005.24,32.67000000000189,-3.1593342,4.28340482,0.0,1.0,0.0,0.058556996990066,995.7757874953516
1668528459.0571072,16998.36,-6.880000000001019,-2.70494443,0.4543897700000001,0.0,1.0,0.0,0.058556996990066,995.3729153560585
1668528519.1079369,17008.66,10.299999999999272,-0.49552344,2.20942099,0.0,1.0,0.0,0.058556996990066,995.976052425056
1668528579.9648187,17014.68,6.020000000000437,1.58299635,2.07851979,0.0,1.0,0.0,0.058556996990066,996.3285655469364
1668528639.977616,17001.31,-13.36999999999898,0.85591358,-0.72708277,1.0,0.0,995.545658497179,0.0,995.545658497179
1668528699.834021,17000.73,-0.5800000000017462,1.10712382,0.25121024,0.0,1.0,0.0,0.0585589947312367,995.545658497179
1668528760.7754436,17001.01,0.2799999999988358,1.289031,0.18190718,0.0,1.0,0.0,0.0585589947312367,995.5620550157024
1668528820.8593109,17002.79,1.7800000000024738,1.65098643,0.3619554299999998,0.0,1.0,0.0,0.0585589947312367,995.666290026324
1668528882.4007852,17017.55,14.7599999999984,3.89101632,2.24002989,0.0,1.0,0.0,0.0585589947312367,996.530620788557
1668528943.1251905,17016.98,-0.569999999999709,4.5536533,0.6626369799999998,0.0,1.0,0.0,0.0585589947312367,996.4972421615604
1668529002.8934884,17032.51,15.529999999998836,7.12507549,2.5714221900000007,0.0,1.0,0.0,0.0585589947312367,997.4066633497364
1668529063.5192108,17035.83,3.320000000003347,8.94841232,1.8233368299999988,0.0,1.0,0.0,0.0585589947312367,997.601079212244
1668529124.568032,17034.23,-1.6000000000021828,9.62192485,0.67351253,0.0,1.0,0.0,0.0585589947312367,997.507384820674
1668529182.9160497,17035.07,0.8400000000001455,11.28664165,1.6647168000000008,0.0,1.0,0.0,0.0585589947312367,997.5565743762484
1668529243.6098363,17055.04,19.970000000001164,14.32579185,3.0391502,0.0,1.0,0.0,0.0585589947312367,998.7259975010312
1668529304.655472,17047.33,-7.709999999999127,14.76407954,0.4382876899999992,0.0,1.0,0.0,0.0585589947312367,998.2745076516534
1668529367.9864657,17049.35,2.0199999999967986,14.84456193,0.0804823900000002,0.0,1.0,0.0,0.0585589947312367,998.3927968210104
1668529425.5514374,17044.63,-4.719999999997526,14.1412699,-0.7032920300000001,1.0,0.0,998.116398365879,0.0,998.116398365879
1668529485.43832,17035.99,-8.639999999999418,13.33609067,-0.8051792299999985,1.0,0.0,998.116398365879,0.0,998.116398365879
1668529544.4650126,17030.98,-5.010000000002037,11.49942573,-1.8366649400000004,1.0,0.0,998.116398365879,0.0,998.116398365879
1668529604.680161,17004.46,-26.52000000000044,6.4935849,-5.00584083,1.0,0.0,998.116398365879,0.0,998.116398365879
1668529667.9990058,17028.94,24.479999999999563,6.6764154,0.1828304999999996,0.0,1.0,0.0,0.0586129493888568,998.116398365879
1668529728.1458037,16986.73,-42.20999999999913,1.49811901,-5.17829639,1.0,0.0,995.6423457721754,0.0,995.6423457721754
1668529789.336758,16986.27,-0.4599999999991269,-0.61091434,-2.10903335,1.0,0.0,995.6423457721754,0.0,995.6423457721754
1668529847.1148612,17000.5,14.229999999999563,-1.6756859,-1.06477156,1.0,0.0,995.6423457721754,0.0,995.6423457721754
1668529908.980196,17035.42,34.919999999998254,1.32013839,2.99582429,0.0,1.0,0.0,0.0584454240501364,995.6423457721754
1668529965.9079888,17030.41,-5.009999999998399,2.05718554,0.7370471499999998,0.0,1.0,0.0,0.0584454240501364,995.3495341976834
1668530026.6023965,17030.05,-0.3600000000005821,2.65844776,0.6012622200000002,0.0,1.0,0.0,0.0584454240501364,995.3284938450252
1668530086.59139,17013.13,-16.919999999998254,1.17455117,-1.48389659,1.0,0.0,994.3395972700972,0.0,994.3395972700972
1668530146.5281863,17033.54,20.40999999999985,3.80903799,2.63448682,0.0,1.0,0.0,0.0583753933281101,994.3395972700972
1668530207.5025816,17029.51,-4.030000000002474,3.46781504,-0.3412229500000001,1.0,0.0,994.104344434984,0.0,994.104344434984
1668530267.517759,17016.79,-12.719999999997526,1.61563659,-1.85217845,1.0,0.0,994.104344434984,0.0,994.104344434984
1668530327.5765867,16997.14,-19.65000000000145,-0.49060929,-2.10624588,1.0,0.0,994.104344434984,0.0,994.104344434984
1668530388.3967557,17002.87,5.729999999999563,-1.59969938,-1.10909009,1.0,0.0,994.104344434984,0.0,994.104344434984
1668530448.5441077,17002.11,-0.7599999999983993,-2.79655479,-1.1968554100000002,1.0,0.0,994.104344434984,0.0,994.104344434984
1668530508.38459,16991.15,-10.959999999999129,-4.51311087,-1.7165560800000002,1.0,0.0,994.104344434984,0.0,994.104344434984
1668530569.1212857,16961.36,-29.79000000000088,-9.32253099,-4.80942012,1.0,0.0,994.104344434984,0.0,994.104344434984
1668530629.1065123,16965.0,3.639999999999418,-11.72632254,-2.40379155,1.0,0.0,994.104344434984,0.0,994.104344434984
1668530689.125242,16957.26,-7.740000000001601,-14.41224183,-2.68591929,1.0,0.0,994.104344434984,0.0,994.104344434984
1668530750.1417065,16939.03,-18.229999999999563,-18.28384362,-3.87160179,1.0,0.0,994.104344434984,0.0,994.104344434984
1668530810.0369017,16957.66,18.63000000000102,-18.49996952,-0.2161259000000015,1.0,0.0,994.104344434984,0.0,994.104344434984
1668530870.165418,16965.81,8.150000000001455,-17.9904655,0.5095040200000014,0.0,1.0,0.0,0.0585945701640525,994.104344434984
1668530930.8915484,16971.38,5.569999999999709,-16.9563131,1.0341524,0.0,1.0,0.0,0.0585945701640525,994.4307161907974
1668530990.7809796,16960.82,-10.56000000000131,-16.92269208,0.0336210199999982,0.0,1.0,0.0,0.0585945701640525,993.8119575298648
1668531050.8689928,16971.97,11.150000000001455,-15.78004803,1.1426440500000012,0.0,1.0,0.0,0.0585945701640525,994.4652869871942
1668531111.5709767,16991.53,19.55999999999767,-12.97003493,2.810013099999999,0.0,1.0,0.0,0.0585945701640525,995.6113967796028
1668531171.5260687,16979.97,-11.559999999997672,-11.96814466,1.0018902700000003,0.0,1.0,0.0,0.0585945701640525,994.9340435485066
1668531232.561037,16972.87,-7.100000000002183,-11.44770689,0.5204377700000009,0.0,1.0,0.0,0.0585945701640525,994.5180221003416
1668531292.527016,16976.27,3.400000000001455,-10.2133585,1.2343483899999992,0.0,1.0,0.0,0.0585945701640525,994.7172436388996
1668531352.5074975,16970.66,-5.610000000000582,-9.38963731,0.8237211900000005,0.0,1.0,0.0,0.0585945701640525,994.3885281002792
1668531412.680758,16977.3,6.639999999999418,-8.2742657,1.1153716099999986,0.0,1.0,0.0,0.0585945701640525,994.7775960461684
1668531473.414462,16979.15,1.8500000000021828,-6.83438198,1.439883720000001,0.0,1.0,0.0,0.0585945701640525,994.885996000972
1668531533.3493657,16989.44,10.289999999997235,-4.79119915,2.04318283,0.0,1.0,0.0,0.0585945701640525,995.48893412796
1668531593.3486042,17005.16,15.720000000001164,-1.67608753,3.1151116199999995,0.0,1.0,0.0,0.0585945701640525,996.410040770939
1668531654.169513,16988.2,-16.959999999999127,-0.90563131,0.77045622,0.0,1.0,0.0,0.0585945701640525,995.4162768609568
1668531714.7378414,16982.12,-6.080000000001746,-0.50705701,0.3985742999999999,0.0,1.0,0.0,0.0585945701640525,995.0600218743592
1668531774.7489,16992.38,10.260000000002035,0.10977639,0.6168334,0.0,1.0,0.0,0.0585945701640525,995.6612021642424
1668531835.688614,16984.44,-7.940000000002328,0.16196427,0.0521878799999999,0.0,1.0,0.0,0.0585945701640525,995.1959612771398
1668531896.1713457,16991.01,6.569999999999709,0.91025752,0.74829325,0.0,1.0,0.0,0.0585945701640525,995.5809276031176
1668531955.605605,16998.6,7.5900000000001455,2.02393358,1.11367606,0.0,1.0,0.0,0.0585945701640525,996.0256603906628
1668532016.5068257,16986.74,-11.859999999996944,0.3269277,-1.69700588,1.0,0.0,995.3307287885171,0.0,995.3307287885171
1668532076.574581,16981.13,-5.610000000000582,0.16459088,-0.16233682,1.0,0.0,995.3307287885171,0.0,995.3307287885171
1668532136.5142643,17003.17,22.039999999997235,1.69790338,1.5333125,0.0,1.0,0.0,0.058537950793206,995.3307287885171
1668532197.6956415,17023.02,19.850000000002183,4.75504977,3.05714639,0.0,1.0,0.0,0.058537950793206,996.4927071117615
1668532257.6451929,17010.98,-12.040000000000871,5.22070383,0.4656540599999994,0.0,1.0,0.0,0.058537950793206,995.7879101842112
1668532317.796975,17018.0,7.020000000000437,6.77047038,1.5497665500000002,0.0,1.0,0.0,0.058537950793206,996.1988465987796
1668532379.162961,17020.94,2.9399999999986903,7.88890283,1.1184324500000002,0.0,1.0,0.0,0.058537950793206,996.3709481741116
1668532439.6897674,17024.86,3.920000000001892,9.3506987,1.4617958700000004,0.0,1.0,0.0,0.058537950793206,996.6004169412212
1668532499.015789,17015.6,-9.260000000002035,9.20987245,-0.1408262499999999,1.0,0.0,996.058355516876,0.0,996.058355516876
1668532560.415678,17008.46,-7.139999999999418,8.52455014,-0.6853223100000001,1.0,0.0,996.058355516876,0.0,996.058355516876
1668532620.2732627,17018.57,10.110000000000582,8.89850583,0.3739556899999989,0.0,1.0,0.0,0.0585277350280826,996.058355516876
1668532680.189458,17015.34,-3.2299999999995634,8.51236782,-0.3861380099999998,1.0,0.0,995.8693109327352,0.0,995.8693109327352
1668532741.2102318,17008.87,-6.470000000001164,7.23757901,-1.2747888099999996,1.0,0.0,995.8693109327352,0.0,995.8693109327352
1668532801.003867,17004.96,-3.909999999999856,6.27033239,-0.96724662,1.0,0.0,995.8693109327352,0.0,995.8693109327352
1668532860.8814683,17027.16,22.200000000000728,7.3841069,1.1137745099999998,0.0,1.0,0.0,0.0584871059491268,995.8693109327352
1668532921.7465827,17025.73,-1.430000000000291,7.74949224,0.3653853400000004,0.0,1.0,0.0,0.0584871059491268,995.7856743712266
1668532981.9657452,17029.43,3.700000000000728,8.58049663,0.8310043900000004,0.0,1.0,0.0,0.0584871059491268,996.0020766632384
1668533041.9465182,17005.93,-23.5,6.52038577,-2.060110860000001,1.0,0.0,994.627629673434,0.0,994.627629673434
1668533103.9707346,17017.58,11.650000000001455,7.00620794,0.4858221700000005,0.0,1.0,0.0,0.0584470664849781,994.627629673434
1668533164.1418602,17033.36,15.779999999998836,8.59750273,1.59129479,0.0,1.0,0.0,0.0584470664849781,995.5499243825666
1668533224.3254902,17038.74,5.380000000001019,9.53886811,0.9413653799999988,0.0,1.0,0.0,0.0584470664849781,995.8643696002558
1668533284.7662685,17036.97,-1.7700000000004366,9.50262134,-0.0362467699999999,1.0,0.0,995.7609182925772,0.0,995.7609182925772
1668533344.9046392,17039.79,2.819999999999709,9.92033321,0.4177118700000015,0.0,1.0,0.0,0.0584373937878681,995.7609182925772
1668533404.9158354,17042.26,2.469999999997526,10.41480493,0.4944717199999999,0.0,1.0,0.0,0.0584373937878681,995.905258655233
1668533466.2249155,17044.27,2.0100000000020373,10.7275376,0.312732669999999,0.0,1.0,0.0,0.0584373937878681,996.0227178167466
1668533525.939217,17043.06,-1.2099999999991269,10.91261351,0.1850759100000001,0.0,1.0,0.0,0.0584373937878681,995.9520085702634
1668533585.784839,17052.6,9.539999999997235,10.50256378,-0.4100497300000008,1.0,0.0,996.5095013069996,0.0,996.5095013069996
1668533648.5986648,17060.41,7.81000000000131,12.44402944,1.9414656600000004,0.0,1.0,0.0,0.0584106420248399,996.5095013069996
1668533707.9800966,17036.87,-23.54000000000088,10.67660218,-1.7674272599999998,1.0,0.0,995.134514793734,0.0,995.134514793734
1668533767.8692048,17050.76,13.889999999999418,10.69395996,0.0173577800000011,0.0,1.0,0.0,0.0583630591711885,995.134514793734
1668533831.0178082,17043.58,-7.179999999996653,10.03524533,-0.6587146300000004,1.0,0.0,994.7154680288852,0.0,994.7154680288852
1668533890.6863267,17042.1,-1.4800000000032014,9.04638587,-0.9888594600000004,1.0,0.0,994.7154680288852,0.0,994.7154680288852
1668533950.6737664,17048.96,6.860000000000582,9.18053069,0.1341448199999995,0.0,1.0,0.0,0.0583446420209141,994.7154680288852
1668534012.1636395,17047.0,-1.9599999999991269,8.82299774,-0.3575329499999995,1.0,0.0,994.6011125305226,0.0,994.6011125305226
1668534072.6281433,17048.21,1.2099999999991269,8.34077863,-0.482219109999999,1.0,0.0,994.6011125305226,0.0,994.6011125305226
1668534131.7180624,17043.14,-5.069999999999709,7.77770485,-0.5630737800000007,1.0,0.0,994.6011125305226,0.0,994.6011125305226
1668534192.4289992,17039.42,-3.720000000001164,6.86972979,-0.90797506,1.0,0.0,994.6011125305226,0.0,994.6011125305226
1668534252.4112513,17035.84,-3.5799999999981083,5.64712387,-1.2226059200000003,1.0,0.0,994.6011125305226,0.0,994.6011125305226
1668534312.7173452,17023.46,-12.38000000000102,3.50508477,-2.1420391,1.0,0.0,994.6011125305226,0.0,994.6011125305226
1668534373.673107,17002.84,-20.61999999999898,-1.79576804,-5.30085281,1.0,0.0,994.6011125305226,0.0,994.6011125305226
1668534433.793594,17007.75,4.909999999999855,-2.95312017,-1.15735213,1.0,0.0,994.6011125305226,0.0,994.6011125305226
1668534493.6664314,17014.59,6.8400000000001455,-3.06248448,-0.1093643100000001,1.0,0.0,994.6011125305226,0.0,994.6011125305226
1668534554.650423,17016.35,1.7599999999983993,-3.42630022,-0.3638157399999997,1.0,0.0,994.6011125305226,0.0,994.6011125305226
1668534614.8585625,17017.12,0.7700000000004366,-3.36487571,0.0614245099999997,0.0,1.0,0.0,0.058447088140092,994.6011125305228
1668534674.8017836,17004.97,-12.149999999997815,-5.59267691,-2.2278012,1.0,0.0,993.8909804096204,0.0,993.8909804096204
1668534735.3005548,16985.12,-19.850000000002183,-8.89004251,-3.297365600000001,1.0,0.0,993.8909804096204,0.0,993.8909804096204
1668534794.485963,16990.88,5.760000000002037,-8.43055533,0.45948718,0.0,1.0,0.0,0.0584955564637982,993.8909804096204
1668534854.570002,16998.7,7.819999999999709,-8.98863421,-0.55807888,1.0,0.0,994.3484156611664,0.0,994.3484156611664
1668534916.597719,17005.86,7.159999999999855,-7.83550368,1.1531305300000003,0.0,1.0,0.0,0.0584709280013575,994.3484156611664
1668534974.512747,16994.74,-11.11999999999898,-9.06992887,-1.2344251899999996,1.0,0.0,993.6982189417904,0.0,993.6982189417904
1668535034.8930578,17003.41,8.669999999998254,-8.37830494,0.6916239300000004,0.0,1.0,0.0,0.0584411138084531,993.6982189417904
1668535094.7851455,17000.77,-2.639999999999418,-7.9782347,0.4000702399999998,0.0,1.0,0.0,0.0584411138084531,993.5439344013352
1668535154.951262,16981.82,-18.950000000000728,-10.37521272,-2.3969780200000006,1.0,0.0,992.436475294665,0.0,992.436475294665
1668535214.581386,16999.24,17.42000000000189,-8.48805096,1.88716176,0.0,1.0,0.0,0.0583812261780329,992.436475294665
1668535274.777684,17001.32,2.0799999999981083,-7.70748268,0.7805682800000007,0.0,1.0,0.0,0.0583812261780329,992.5579082451144
1668535335.0819418,17008.21,6.889999999999418,-7.15785305,0.5496296300000001,0.0,1.0,0.0,0.0583812261780329,992.960154893481
1668535394.8817668,16966.98,-41.22999999999956,-11.63827144,-4.4804183900000005,1.0,0.0,990.5530969381608,0.0,990.5530969381608
1668535455.042654,16962.88,-4.099999999998545,-11.96533697,-0.3270655299999987,1.0,0.0,990.5530969381608,0.0,990.5530969381608
1668535514.9857724,16973.38,10.5,-12.94153393,-0.9761969600000012,1.0,0.0,990.5530969381608,0.0,990.5530969381608
1668535574.5773194,16957.51,-15.87000000000262,-15.21350681,-2.27197288,1.0,0.0,990.5530969381608,0.0,990.5530969381608
1668535635.4465623,16956.33,-1.179999999996653,-15.93698551,-0.7234786999999994,1.0,0.0,990.5530969381608,0.0,990.5530969381608
1668535694.7922726,16960.31,3.979999999999563,-15.68582338,0.2511621299999991,0.0,1.0,0.0,0.0584041858278628,990.5530969381608
1668535754.9072256,16975.99,15.680000000000293,-13.22237097,2.4634524100000004,0.0,1.0,0.0,0.0584041858278628,991.4688745719408
1668535814.8795712,16974.77,-1.2200000000011642,-13.3196929,-0.0973219299999996,1.0,0.0,991.3976214652308,0.0,991.3976214652308
1668535874.937462,16973.58,-1.1899999999986903,-12.18661576,1.1330771399999993,0.0,1.0,0.0,0.0584082804844488,991.3976214652308
1668535934.8574102,16963.34,-10.2400000000016,-12.77364047,-0.5870247099999997,1.0,0.0,990.7995206730698,0.0,990.7995206730698
1668535994.790716,16964.0,0.6599999999998545,-12.48157376,0.2920667100000003,0.0,1.0,0.0,0.0584060080566534,990.7995206730698
1668536054.7644749,16961.28,-2.720000000001164,-12.69855382,-0.2169800600000009,1.0,0.0,990.640656331154,0.0,990.640656331154
1668536115.0089874,16974.27,12.9900000000016,-10.7584492,1.9401046200000007,0.0,1.0,0.0,0.0583613113454159,990.640656331154
1668536174.7982335,16951.85,-22.42000000000189,-12.39759681,-1.6391476100000002,1.0,0.0,989.3321957307884,0.0,989.3321957307884
1668536234.8569212,16954.81,2.960000000002765,-12.15298185,0.2446149599999998,0.0,1.0,0.0,0.0583511225269282,989.3321957307884
1668536294.904306,16949.2,-5.610000000000582,-12.82175333,-0.6687714800000002,1.0,0.0,989.0048459334116,0.0,989.0048459334116
1668536354.848774,16941.67,-7.530000000002474,-13.4224371,-0.6006837699999998,1.0,0.0,989.0048459334116,0.0,989.0048459334116
1668536415.0655506,16929.41,-12.2599999999984,-16.01438251,-2.591945410000001,1.0,0.0,989.0048459334116,0.0,989.0048459334116
1668536474.7767851,16927.57,-1.8400000000001453,-16.85524824,-0.8408657300000009,1.0,0.0,989.0048459334116,0.0,989.0048459334116
1668536534.886726,16931.6,4.029999999998836,-16.53352452,0.3217237200000014,0.0,1.0,0.0,0.0584117771464841,989.0048459334116
1668536594.8129947,16897.19,-34.409999999999854,-21.20920174,-4.675677220000001,1.0,0.0,986.9948966817996,0.0,986.9948966817996
1668536654.793965,16890.49,-6.69999999999709,-23.42730245,-2.218100709999998,1.0,0.0,986.9948966817996,0.0,986.9948966817996
1668536714.9945068,16910.14,19.649999999997817,-21.85978108,1.567521369999998,0.0,1.0,0.0,0.0583670446656148,986.9948966817996
1668536774.4599135,16894.6,-15.540000000000871,-23.46043008,-1.600648999999997,1.0,0.0,986.0878728076956,0.0,986.0878728076956
1668536834.414638,16891.32,-3.279999999998836,-23.7220825,-0.2616524200000008,1.0,0.0,986.0878728076956,0.0,986.0878728076956
1668536894.5087209,16872.87,-18.450000000000728,-26.93334465,-3.21126215,1.0,0.0,986.0878728076956,0.0,986.0878728076956
1668536954.604392,16862.68,-10.18999999999869,-27.74622214,-0.8128774900000018,1.0,0.0,986.0878728076956,0.0,986.0878728076956
1668537014.3508897,16858.6,-4.080000000001746,-30.16003915,-2.413817009999999,1.0,0.0,986.0878728076956,0.0,986.0878728076956
1668537074.5861194,16866.66,8.06000000000131,-29.35794194,0.8020972099999994,0.0,1.0,0.0,0.0584637309821681,986.0878728076956
1668537134.5022843,16808.03,-58.63000000000102,-37.32907542,-7.971133480000002,1.0,0.0,982.6601442602108,0.0,982.6601442602108
1668537194.437222,16801.38,-6.649999999997817,-37.85955975,-0.5304843300000002,1.0,0.0,982.6601442602108,0.0,982.6601442602108
1668537254.242671,16793.27,-8.110000000000582,-43.69750496,-5.837945210000001,1.0,0.0,982.6601442602108,0.0,982.6601442602108
1668537364.9461825,16769.27,-24.0,-48.01493267,-4.317427709999997,1.0,0.0,982.6601442602108,0.0,982.6601442602108
1668537375.236581,16757.5,-11.770000000000437,-48.95385005,-0.9389173799999996,1.0,0.0,982.6601442602108,0.0,982.6601442602108
1668537435.253147,16790.26,32.7599999999984,-46.16271884,2.791131210000003,0.0,1.0,0.0,0.0585256061704947,982.6601442602108
1668537495.02915,16732.16,-58.09999999999855,-53.37858951,-7.215870670000001,1.0,0.0,979.2598065417046,0.0,979.2598065417046
1668537555.0249724,16681.18,-50.97999999999956,-61.89165009,-8.513060580000001,1.0,0.0,979.2598065417046,0.0,979.2598065417046
1668537615.1733873,16684.87,3.6899999999986894,-64.14575724,-2.254107149999996,1.0,0.0,979.2598065417046,0.0,979.2598065417046
1668537675.1140103,16653.05,-31.81999999999971,-70.08694773,-5.941190490000011,1.0,0.0,979.2598065417046,0.0,979.2598065417046
1668537735.1500776,16666.32,13.270000000000437,-69.02837224,1.0585754900000095,0.0,1.0,0.0,0.0587568105341613,979.2598065417046
1668537795.1007297,16668.38,2.0600000000013097,-70.54507806,-1.5167058199999983,1.0,0.0,979.3808455714036,0.0,979.3808455714036
1668537855.0054216,16713.09,44.70999999999913,-62.96570884,7.579369219999997,0.0,1.0,0.0,0.0585996273323127,979.3808455714036
1668537915.133718,16711.13,-1.9599999999991269,-59.47309117,3.4926176700000013,0.0,1.0,0.0,0.0585996273323127,979.2659903018308
1668537974.9889994,16741.0,29.86999999999898,-57.09029915,2.382792019999997,0.0,1.0,0.0,0.0585996273323127,981.0163611702468
1668538035.0068283,16752.57,11.569999999999707,-45.48463031,11.60566884,0.0,1.0,0.0,0.0585996273323127,981.6943588584818
1668538095.0519276,16746.52,-6.049999999999272,-45.9672514,-0.4826210900000021,1.0,0.0,981.3398311131212,0.0,981.3398311131212
1668538155.3967423,16734.19,-12.330000000001746,-39.2011251,6.766126300000003,0.0,1.0,0.0,0.0586428044090046,981.3398311131212
1668538215.1373494,16709.27,-24.919999999998254,-39.55665373,-0.355528630000002,1.0,0.0,979.8784524272484,0.0,979.8784524272484
1668538275.1987991,16737.05,27.77999999999884,-33.90640138,5.650252350000002,0.0,1.0,0.0,0.0585454696273984,979.8784524272484
1668538335.027575,16728.79,-8.2599999999984,-32.12976129,1.7766400900000008,0.0,1.0,0.0,0.0585454696273984,979.3948668481262
1668538394.9970138,16734.01,5.219999999997526,-29.04562326,3.0841380299999983,0.0,1.0,0.0,0.0585454696273984,979.700474199581
1668538455.058612,16690.6,-43.409999999999854,-32.83620484,-3.790581580000001,1.0,0.0,977.1590153630556,0.0,977.1590153630556
1668538515.0494945,16716.03,25.43000000000029,-30.80760085,2.0286039900000006,0.0,1.0,0.0,0.0584564047422178,977.1590153630556
1668538575.2820776,16697.14,-18.88999999999941,-30.19042498,0.6171758700000005,0.0,1.0,0.0,0.0584564047422178,976.0547738774744
1668538635.1735315,16710.97,13.830000000001746,-27.41739147,2.773033510000001,0.0,1.0,0.0,0.0584564047422178,976.8632259550594
1668538695.1686814,16740.57,29.599999999998545,-21.70537779,5.712013679999998,0.0,1.0,0.0,0.0584564047422178,978.5935355354288
1668538755.0732598,16725.06,-15.5099999999984,-22.94264275,-1.237264960000001,1.0,0.0,977.6868766978772,0.0,977.6868766978772
1668538815.0536308,16733.0,7.93999999999869,-17.92249714,5.02014561,0.0,1.0,0.0,0.0584286665091661,977.6868766978772
1668538875.1876547,16740.69,7.68999999999869,-14.78138216,3.141114980000001,0.0,1.0,0.0,0.0584286665091661,978.1361931433318
1668538935.4796755,16721.89,-18.799999999999272,-15.35205623,-0.5706740700000008,1.0,0.0,977.0377342129595,0.0,977.0377342129595
1668538995.1733563,16684.09,-37.79999999999927,-19.69479621,-4.342739979999999,1.0,0.0,977.0377342129595,0.0,977.0377342129595
1668539055.026379,16667.03,-17.06000000000131,-21.05570789,-1.360911680000001,1.0,0.0,977.0377342129595,0.0,977.0377342129595
1668539115.104792,16630.08,-36.94999999999709,-30.12169835,-9.065990459999998,1.0,0.0,977.0377342129595,0.0,977.0377342129595
1668539175.0559132,16639.7,9.61999999999898,-31.05453187,-0.9328335200000026,1.0,0.0,977.0377342129595,0.0,977.0377342129595
1668539235.1540408,16652.49,12.790000000000871,-30.1556878,0.8988440700000027,0.0,1.0,0.0,0.0586721706010908,977.0377342129595
1668539295.1928542,16662.18,9.68999999999869,-28.60487612,1.550811679999999,0.0,1.0,0.0,0.0586721706010908,977.6062675460832
1668539355.220182,16648.55,-13.63000000000102,-29.59626204,-0.991385919999999,1.0,0.0,976.8065658607902,0.0,976.8065658607902
1668539415.3229194,16675.22,26.67000000000189,-25.30961611,4.286645929999999,0.0,1.0,0.0,0.0585783315518949,976.8065658607902
1668539475.173885,16702.41,27.18999999999869,-19.59154369,5.718072419999999,0.0,1.0,0.0,0.0585783315518949,978.3993106956848
1668539535.188211,16737.19,34.77999999999884,-11.6704649,7.921078790000001,0.0,1.0,0.0,0.0585783315518949,980.4366650670596
1668539595.2510898,16738.97,1.7800000000024738,-7.25422686,4.4162380400000005,0.0,1.0,0.0,0.0585783315518949,980.5409344972222
1668539655.1698077,16754.21,15.239999999997965,-1.57850482,5.67572204,0.0,1.0,0.0,0.0585783315518949,981.433668270073
1668539715.2634249,16747.58,-6.629999999997381,-2.10739371,-0.5288888900000002,1.0,0.0,981.045293931884,0.0,981.045293931884
1668539775.1368222,16744.04,-3.540000000000873,2.92487241,5.03226612,0.0,1.0,0.0,0.0585907160955112,981.045293931884
1668539836.236245,16748.07,4.029999999998836,5.01107594,2.08620353,0.0,1.0,0.0,0.0585907160955112,981.2814145177482
1668539895.0913565,16759.72,11.650000000001455,8.18172167,3.1706457300000004,0.0,1.0,0.0,0.0585907160955112,981.963996360261
1668539955.192996,16777.58,17.860000000000582,12.15068719,3.96896552,0.0,1.0,0.0,0.0585907160955112,983.0104265497268
1668540015.1538217,16783.52,5.93999999999869,15.05736127,2.90667408,0.0,1.0,0.0,0.0585907160955112,983.358455403334
1668540075.2083423,16801.91,18.38999999999941,19.20568457,4.1483233,0.0,1.0,0.0,0.0585907160955112,984.4359386723304
1668540135.2803977,16828.06,26.15000000000145,24.83022436,5.62453979,0.0,1.0,0.0,0.0585907160955112,985.9680858982282
1668540195.1766186,16799.18,-28.88000000000102,23.38464931,-1.4455750499999986,1.0,0.0,984.2759860173898,0.0,984.2759860173898
1668540255.16121,16785.94,-13.2400000000016,21.92332594,-1.4613233699999988,1.0,0.0,984.2759860173898,0.0,984.2759860173898
1668540316.3992338,16809.48,23.54000000000088,24.53530257,2.6119766299999974,0.0,1.0,0.0,0.0585548146651407,984.2759860173898
1668540375.2936811,16811.22,1.7400000000016007,24.67410599,0.1388034200000021,0.0,1.0,0.0,0.0585548146651407,984.3778713949068
1668540435.109513,16781.89,-29.330000000001743,20.30778498,-4.36632101,1.0,0.0,982.660458680778,0.0,982.660458680778
1668540495.1505296,16783.96,2.069999999999709,19.16315916,-1.1446258200000017,1.0,0.0,982.660458680778,0.0,982.660458680778
1668540555.1281905,16783.91,-0.0499999999992724,17.91154689,-1.251612269999999,1.0,0.0,982.660458680778,0.0,982.660458680778
1668540615.1931198,16785.72,1.8100000000013097,16.98580988,-0.9257370099999988,1.0,0.0,982.660458680778,0.0,982.660458680778
1668540675.1157262,16774.99,-10.729999999999563,14.37418106,-2.6116288200000017,1.0,0.0,982.660458680778,0.0,982.660458680778
1668540735.2719572,16780.41,5.419999999998254,13.61304258,-0.7611384799999996,1.0,0.0,982.660458680778,0.0,982.660458680778
1668540796.5727732,16794.54,14.13000000000102,14.74022206,1.1271794800000006,0.0,1.0,0.0,0.0585107099498276,982.660458680778
1668540855.2585964,16781.0,-13.540000000000871,12.47769436,-2.262527700000001,1.0,0.0,981.868223668057,0.0,981.868223668057
1668540915.4335396,16758.86,-22.13999999999941,8.19315955,-4.284534809999999,1.0,0.0,981.868223668057,0.0,981.868223668057
1668540975.2380774,16785.13,26.27000000000044,9.94029148,1.74713193,0.0,1.0,0.0,0.0584963133242374,981.868223668057
1668541035.233027,16784.22,-0.9099999999998544,9.42534583,-0.5149456500000014,1.0,0.0,981.814992022932,0.0,981.814992022932
1668541095.227599,16780.02,-4.200000000000728,8.47310425,-0.952241579999999,1.0,0.0,981.814992022932,0.0,981.814992022932
1668541155.2474954,16793.11,13.090000000000146,9.57879563,1.1056913799999997,0.0,1.0,0.0,0.058465346324947,981.814992022932
1668541215.2442777,16787.61,-5.5,8.80905538,-0.7697402499999999,1.0,0.0,981.4934326181436,0.0,981.4934326181436
1668541276.344685,16789.86,2.25,8.86903142,0.0599760400000004,0.0,1.0,0.0,0.0584575114157082,981.4934326181436
1668541335.1893015,16786.03,-3.830000000001746,8.02916735,-0.8398640700000009,1.0,0.0,981.2695403494204,0.0,981.2695403494204
1668541395.2711446,16801.75,15.720000000001164,9.652564,1.62339665,0.0,1.0,0.0,0.0584028175844433,981.2695403494204
1668541455.356264,16795.91,-5.8400000000001455,9.01018806,-0.6423759399999991,1.0,0.0,980.9284678947272,0.0,980.9284678947272
1668541515.201528,16796.53,0.6199999999989814,9.05964675,0.0494586899999998,0.0,1.0,0.0,0.058400661797093,980.9284678947272
1668541575.2811234,16798.73,2.200000000000728,8.99098531,-0.0686614400000014,1.0,0.0,981.0569493506802,0.0,981.0569493506802
1668541635.2685213,16769.25,-29.479999999999563,4.69545643,-4.295528879999999,1.0,0.0,981.0569493506802,0.0,981.0569493506802
1668541695.4092908,16779.11,9.860000000000582,4.45739192,-0.23806451,1.0,0.0,981.0569493506802,0.0,981.0569493506802
1668541755.8293457,16781.07,1.9599999999991269,3.99812718,-0.45926474,1.0,0.0,981.0569493506802,0.0,981.0569493506802
1668541815.3143303,16784.06,2.9900000000016007,3.91172545,-0.0864017299999999,1.0,0.0,981.0569493506802,0.0,981.0569493506802
1668541875.381019,16790.91,6.849999999998545,4.49903895,0.5873135,0.0,1.0,0.0,0.0584278606311796,981.0569493506802
1668541935.2896771,16792.08,1.1700000000018915,4.72525387,0.2262149200000003,0.0,1.0,0.0,0.0584278606311796,981.1253099476183
1668541995.2327957,16786.29,-5.790000000000873,4.26337353,-0.4618803400000004,1.0,0.0,980.787012634564,0.0,980.787012634564
1668542055.234144,16776.8,-9.4900000000016,2.3839336,-1.87943993,1.0,0.0,980.787012634564,0.0,980.787012634564
1668542115.3335445,16789.73,12.930000000000293,3.40249547,1.0185618699999996,0.0,1.0,0.0,0.0584158895130871,980.787012634564
1668542175.5469012,16799.33,9.600000000002185,4.60969233,1.2071968599999998,0.0,1.0,0.0,0.0584158895130871,981.3478051738896
1668542235.301322,16852.63,53.29999999999927,12.54009443,7.9304021,0.0,1.0,0.0,0.0584158895130871,984.4613720849372
1668542295.3011076,16860.3,7.669999999998254,13.15194628,0.6118518500000008,0.0,1.0,0.0,0.0584158895130871,984.9094219575024
1668542355.280197,16870.68,10.38000000000102,20.40307248,7.251126199999998,0.0,1.0,0.0,0.0584158895130871,985.5157788906484
1668542415.317778,16858.77,-11.909999999999854,20.7521759,0.3491034200000023,0.0,1.0,0.0,0.0584158895130871,984.8200456465474
1668542475.2127206,16878.15,19.38000000000102,22.29815881,1.545982909999999,0.0,1.0,0.0,0.0584158895130871,985.9521455853112
1668542535.299042,16913.65,35.5,29.23918845,6.94102964,0.0,1.0,0.0,0.0584158895130871,988.0259096630256
1668542595.388365,16903.0,-10.650000000001455,32.03591138,2.7967229300000014,0.0,1.0,0.0,0.0584158895130871,987.4037804397112
1668542655.4894986,16922.44,19.43999999999869,35.56587075,3.5299593700000003,0.0,1.0,0.0,0.0584158895130871,988.5393853318456
1668542715.4346485,16904.44,-18.0,34.09277593,-1.47309482,1.0,0.0,987.48789932061,0.0,987.48789932061
1668542775.469266,16869.78,-34.659999999999854,28.85048655,-5.2422893800000026,1.0,0.0,987.48789932061,0.0,987.48789932061
1668542837.416882,16859.95,-9.829999999998108,25.19113844,-3.65934811,1.0,0.0,987.48789932061,0.0,987.48789932061
1668542895.574656,16857.94,-2.0100000000020373,22.31985611,-2.87128233,1.0,0.0,987.48789932061,0.0,987.48789932061
1668542955.402618,16859.23,1.2900000000008731,20.1720248,-2.147831310000001,1.0,0.0,987.48789932061,0.0,987.48789932061
1668543015.4937687,16867.64,8.409999999999854,19.36760455,-0.8044202499999997,1.0,0.0,987.48789932061,0.0,987.48789932061
1668543075.6333616,16861.92,-5.720000000001164,17.18243315,-2.185171399999998,1.0,0.0,987.48789932061,0.0,987.48789932061
1668543135.5348294,16835.37,-26.549999999999272,11.87891608,-5.303517070000002,1.0,0.0,987.48789932061,0.0,987.48789932061
1668543195.5014503,16843.16,7.790000000000873,10.2799607,-1.5989553799999996,1.0,0.0,987.48789932061,0.0,987.48789932061
1668543255.4151795,16853.91,10.75,11.13751055,0.8575498499999998,0.0,1.0,0.0,0.0585910272049993,987.48789932061
1668543315.4188356,16841.44,-12.470000000001164,6.80048663,-4.33702392,1.0,0.0,986.7572692113632,0.0,986.7572692113632
1668543375.5996745,16845.47,4.030000000002474,7.12196811,0.3214814800000001,0.0,1.0,0.0,0.0585770102710914,986.7572692113632
1668543435.5166712,16826.81,-18.65999999999985,1.94408817,-5.17787994,1.0,0.0,985.6642221997035,0.0,985.6642221997035
1668543495.421058,16824.29,-2.520000000000437,1.74306253,-0.2010256399999999,1.0,0.0,985.6642221997035,0.0,985.6642221997035
1668543555.8963044,16825.05,0.7599999999983993,-0.98928375,-2.73234628,1.0,0.0,985.6642221997035,0.0,985.6642221997035
1668543615.5853891,16834.66,9.610000000000582,-0.57424604,0.41503771,0.0,1.0,0.0,0.0585496958180149,985.6642221997034
1668543675.8309636,16825.14,-9.520000000000437,-2.31257677,-1.7383307300000002,1.0,0.0,985.1068290955152,0.0,985.1068290955152
1668543735.4448252,16816.7,-8.43999999999869,-4.19689228,-1.88431551,1.0,0.0,985.1068290955152,0.0,985.1068290955152
1668543795.4838128,16811.48,-5.220000000001164,-5.70214531,-1.5052530299999995,1.0,0.0,985.1068290955152,0.0,985.1068290955152
1668546144.0415676,16863.83,52.35000000000218,12.6839284,18.38607371,0.0,1.0,0.0,0.0584153676297445,985.1068290955152
1668546203.799915,16842.37,-21.460000000002765,11.39601048,-1.28791792,1.0,0.0,983.8532353061798,0.0,983.8532353061798
1668546263.8142998,16849.1,6.729999999999563,12.38819889,0.9921884100000008,0.0,1.0,0.0,0.0583920349043082,983.8532353061798
1668546324.7959645,16848.55,-0.5499999999992724,12.59475691,0.2065580199999992,0.0,1.0,0.0,0.0583920349043082,983.821119686982
1668546384.6935062,16844.56,-3.9899999999979614,11.99470833,-0.6000485799999993,1.0,0.0,983.588135467714,0.0,983.588135467714
1668546444.7851212,16804.22,-40.34000000000015,6.0240865,-5.97062183,1.0,0.0,983.588135467714,0.0,983.588135467714
1668546506.3385055,16802.94,-1.2800000000024738,3.67701976,-2.3470667400000003,1.0,0.0,983.588135467714,0.0,983.588135467714
1668546565.611618,16803.34,0.4000000000014552,1.87341627,-1.80360349,1.0,0.0,983.588135467714,0.0,983.588135467714
1668546625.6313608,16791.34,-12.0,-1.19244052,-3.06585679,1.0,0.0,983.588135467714,0.0,983.588135467714
1668546686.2734406,16798.88,7.540000000000873,-1.85625819,-0.66381767,1.0,0.0,983.588135467714,0.0,983.588135467714
1668546746.4554884,16797.86,-1.0200000000004366,-3.08087206,-1.22461387,1.0,0.0,983.588135467714,0.0,983.588135467714
1668546806.5222692,16785.21,-12.650000000001455,-5.61782963,-2.53695757,1.0,0.0,983.588135467714,0.0,983.588135467714
1668546867.869705,16795.95,10.7400000000016,-5.23260189,0.3852277400000004,0.0,1.0,0.0,0.0585610302166721,983.588135467714
1668546927.871371,16804.4,8.450000000000728,-4.34788601,0.8847158799999999,0.0,1.0,0.0,0.0585610302166721,984.0829761730448
1668546988.630695,16808.41,4.009999999998399,-3.56644112,0.78144489,0.0,1.0,0.0,0.0585610302166721,984.3178059042134
1668547048.6756475,16805.08,-3.3299999999981083,-3.63491482,-0.0684737000000001,1.0,0.0,984.122797673592,0.0,984.122797673592
1668547108.730022,16806.08,1.0,-3.37710461,0.2578102100000001,0.0,1.0,0.0,0.0585575457021263,984.122797673592
1668547168.7983596,16816.91,10.829999999998108,-1.58755041,1.7895542,0.0,1.0,0.0,0.0585575457021263,984.7569758935448
1668547229.4885817,16827.38,10.470000000001164,0.56929181,2.15684222,0.0,1.0,0.0,0.0585575457021263,985.370073397046
1668547289.553758,16819.94,-7.440000000002328,0.61403065,0.04473884,0.0,1.0,0.0,0.0585575457021263,984.934405257022
1668547349.5198755,16812.17,-7.770000000000437,0.12756413,-0.48646652,1.0,0.0,984.4794131269166,0.0,984.4794131269166
1668547410.489307,16809.48,-2.6899999999986903,-0.27029239,-0.39785652,1.0,0.0,984.4794131269166,0.0,984.4794131269166
1668547470.468006,16816.91,7.430000000000291,0.63767613,0.90796852,0.0,1.0,0.0,0.0585410407219231,984.4794131269166
1668547530.939231,16819.77,2.860000000000582,1.28358099,0.6459048599999999,0.0,1.0,0.0,0.0585410407219231,984.6468405033804
1668547591.4394147,16815.08,-4.68999999999869,0.84519119,-0.4383897999999999,1.0,0.0,984.3722830223948,0.0,984.3722830223948
1668547651.3107374,16812.01,-3.070000000003347,0.37224029,-0.4729509,1.0,0.0,984.3722830223948,0.0,984.3722830223948
1668547711.2840912,16820.0,7.990000000001601,1.3093511,0.93711081,0.0,1.0,0.0,0.0585239169454455,984.3722830223948
1668547772.078647,16829.0,9.0,2.88152416,1.57217306,0.0,1.0,0.0,0.0585239169454455,984.8989982749024
1668547832.0566394,16832.75,3.75,4.12874312,1.24721896,0.0,1.0,0.0,0.0585239169454455,985.1184629634478
1668547892.162255,16851.29,18.54000000000088,7.36347089,3.23472777,0.0,1.0,0.0,0.0585239169454455,986.2034963836164
1668547953.0135849,16837.01,-14.280000000002474,6.75412831,-0.6093425800000007,1.0,0.0,985.3677748496352,0.0,985.3677748496352
1668548013.993685,16838.95,1.9400000000023283,7.38076617,0.6266378600000007,0.0,1.0,0.0,0.0585171744585995,985.3677748496352
1668548072.915709,16863.28,24.32999999999811,10.97255052,3.59178435,0.0,1.0,0.0,0.0585171744585995,986.7914977042116
1668548134.0473669,16852.24,-11.039999999997235,10.57782875,-0.3947217700000003,1.0,0.0,986.1454680981888,0.0,986.1454680981888
1668548193.957872,16859.56,7.319999999999709,11.93377107,1.3559423200000005,0.0,1.0,0.0,0.058491767762515,986.1454680981888
1668548253.9300275,16870.59,11.029999999998836,13.89997912,1.9662080499999988,0.0,1.0,0.0,0.058491767762515,986.790632296608
1668548314.7389307,16857.89,-12.700000000000728,12.87744571,-1.0225334099999994,1.0,0.0,986.047786846024,0.0,986.047786846024
1668548374.853305,16877.84,19.950000000000728,15.38217236,2.5047266500000003,0.0,1.0,0.0,0.0584226291306247,986.047786846024
1668548434.8497095,16874.06,-3.779999999998836,15.53828514,0.156112779999999,0.0,1.0,0.0,0.0584226291306247,985.8269493079092
1668548496.0071447,16875.79,1.7299999999995634,15.89432701,0.3560418700000003,0.0,1.0,0.0,0.0584226291306247,985.9280204563051
1668548555.622757,16886.29,10.5,17.4785741,1.58424709,0.0,1.0,0.0,0.0584226291306247,986.5414580621766
1668548615.781655,16886.75,0.4599999999991269,17.93946429,0.4608901900000006,0.0,1.0,0.0,0.0584226291306247,986.5683324715768
1668548676.6534708,16869.62,-17.13000000000102,15.62494004,-2.31452425,1.0,0.0,985.567552834569,0.0,985.567552834569
1668548736.5896225,16860.86,-8.7599999999984,13.44086272,-2.18407732,1.0,0.0,985.567552834569,0.0,985.567552834569
1668548796.8879137,16839.65,-21.209999999999127,9.04509163,-4.39577109,1.0,0.0,985.567552834569,0.0,985.567552834569
1668548857.4638422,16851.5,11.849999999998545,8.4987932,-0.5462984300000002,1.0,0.0,985.567552834569,0.0,985.567552834569
1668548917.521543,16857.68,6.180000000000291,8.10693046,-0.3918627400000005,1.0,0.0,985.567552834569,0.0,985.567552834569
1668548977.4978447,16886.96,29.27999999999884,11.46037563,3.3534451700000005,0.0,1.0,0.0,0.058362639150834,985.567552834569
1668549039.1764214,16878.7,-8.2599999999984,10.95947684,-0.500898789999999,1.0,0.0,985.0854774351818,0.0,985.0854774351818
1668549098.3790095,16898.33,19.63000000000102,13.65080076,2.6913239199999985,0.0,1.0,0.0,0.0582948420012617,985.085477435182
1668549158.415685,16903.09,4.759999999998399,15.13359292,1.4827921600000007,0.0,1.0,0.0,0.0582948420012617,985.3629608831068
1668549219.1561396,16899.55,-3.540000000000873,15.40562471,0.2720317899999998,0.0,1.0,0.0,0.0582948420012617,985.156597142422
1668549279.2063177,16909.98,10.430000000000293,17.05697699,1.6513522799999991,0.0,1.0,0.0,0.0582948420012617,985.7646123444952
1668549339.1327796,16919.14,9.159999999999854,18.92997236,1.8729953700000013,0.0,1.0,0.0,0.0582948420012617,986.2985930972268
1668549400.2581177,16907.01,-12.13000000000102,17.76197143,-1.1680009300000016,1.0,0.0,985.5914766637516,0.0,985.5914766637516
1668549460.1235998,16906.08,-0.9299999999966532,17.27110709,-0.4908643399999981,1.0,0.0,985.5914766637516,0.0,985.5914766637516
1668549520.5538588,16906.64,0.5599999999976717,16.82699255,-0.444114540000001,1.0,0.0,985.5914766637516,0.0,985.5914766637516
1668549581.0341592,16900.66,-5.979999999999563,15.31454595,-1.5124466000000003,1.0,0.0,985.5914766637516,0.0,985.5914766637516
1668549640.922561,16911.1,10.43999999999869,15.89960833,0.5850623800000001,0.0,1.0,0.0,0.058280743219764,985.5914766637516
1668549700.9226243,16883.7,-27.399999999997817,11.51914985,-4.38045848,1.0,0.0,983.9945842995296,0.0,983.9945842995296
1668549761.84334,16872.21,-11.4900000000016,8.57265071,-2.94649914,1.0,0.0,983.9945842995296,0.0,983.9945842995296
1668549821.9110167,16877.23,5.020000000000437,7.1923331,-1.3803176099999996,1.0,0.0,983.9945842995296,0.0,983.9945842995296
1668549881.849123,16895.67,18.43999999999869,8.40073632,1.20840322,0.0,1.0,0.0,0.0582394533214444,983.9945842995296
1668549943.0993197,16886.65,-9.0199999999968,7.01948559,-1.3812507299999996,1.0,0.0,983.4692644305692,0.0,983.4692644305692
1668550002.8230958,16892.06,5.409999999999855,6.99145346,-0.0280321300000006,1.0,0.0,983.4692644305692,0.0,983.4692644305692
1668550062.7439346,16871.79,-20.27000000000044,4.4154841,-2.57596936,1.0,0.0,983.4692644305692,0.0,983.4692644305692
1668550123.7810607,16875.71,3.9199999999982538,3.57943876,-0.8360453399999996,1.0,0.0,983.4692644305692,0.0,983.4692644305692
1668550183.612401,16879.54,3.830000000001746,2.82299029,-0.75644847,1.0,0.0,983.4692644305692,0.0,983.4692644305692
1668550243.5552907,16909.8,30.2599999999984,5.97388429,3.150894,0.0,1.0,0.0,0.05815972184358,983.4692644305692
1668550304.2972777,16890.24,-19.55999999999767,5.23642137,-0.7374629199999996,1.0,0.0,982.3316602713088,0.0,982.3316602713088
1668550364.3743474,16891.62,1.3799999999973809,4.83327445,-0.4031469200000002,1.0,0.0,982.3316602713088,0.0,982.3316602713088
1668550424.3492649,16894.65,3.030000000002474,4.50495411,-0.3283203400000003,1.0,0.0,982.3316602713088,0.0,982.3316602713088
1668550485.2665634,16899.55,4.899999999997817,4.65717173,0.15221762,0.0,1.0,0.0,0.0581276815223665,982.3316602713088
1668550545.4855783,16895.99,-3.559999999997672,5.04349341,0.38632168,0.0,1.0,0.0,0.0581276815223665,982.1247257250892
1668550605.2897794,16896.9,0.9099999999998544,4.92610114,-0.1173922699999998,1.0,0.0,982.1776219152746,0.0,982.1776219152746
1668550666.2735105,16874.99,-21.90999999999985,1.61463083,-3.31147031,1.0,0.0,982.1776219152746,0.0,982.1776219152746
1668550726.1200433,16886.1,11.109999999996944,1.51498737,-0.09964346,1.0,0.0,982.1776219152746,0.0,982.1776219152746
1668550786.1128063,16888.59,2.4900000000016007,0.90077898,-0.61420839,1.0,0.0,982.1776219152746,0.0,982.1776219152746
1668550846.782108,16896.15,7.56000000000131,1.61172517,0.7109461899999999,0.0,1.0,0.0,0.0581302617410045,982.1776219152746
1668550906.7991831,16878.32,-17.830000000001746,0.00921626,-1.6025089099999998,1.0,0.0,981.1411593484312,0.0,981.1411593484312
1668550966.8867922,16873.56,-4.759999999998399,-1.09086242,-1.1000786800000002,1.0,0.0,981.1411593484312,0.0,981.1411593484312
1668551027.7819316,16873.16,-0.4000000000014552,-1.67139085,-0.58052843,1.0,0.0,981.1411593484312,0.0,981.1411593484312
1668551087.7409594,16854.94,-18.220000000001164,-3.71999235,-2.0486015,1.0,0.0,981.1411593484312,0.0,981.1411593484312
1668551147.6898105,16883.39,28.450000000000728,-2.00921461,1.7107777400000002,0.0,1.0,0.0,0.0581128055057918,981.1411593484312
1668551208.7787964,16882.9,-0.4899999999979627,-2.25631293,-0.2470983200000001,1.0,0.0,981.1126840737325,0.0,981.1126840737325
1668551268.690183,16867.6,-15.30000000000291,-3.67481946,-1.4185065300000002,1.0,0.0,981.1126840737325,0.0,981.1126840737325
1668551328.866206,16869.0,1.4000000000014552,-4.17440449,-0.4995850299999995,1.0,0.0,981.1126840737325,0.0,981.1126840737325
1668551389.5194347,16872.64,3.639999999999418,-3.69563421,0.4787702799999995,0.0,1.0,0.0,0.058148143033558,981.1126840737325
1668551449.7803383,16873.02,0.3800000000010186,-3.86744764,-0.1718134299999998,1.0,0.0,981.1347803680848,0.0,981.1347803680848
1668551509.5941186,16889.31,16.290000000000873,-2.18790702,1.67954062,0.0,1.0,0.0,0.0580920582527104,981.1347803680848
1668551570.429618,16895.65,6.3400000000001455,-1.14458951,1.0433175099999998,0.0,1.0,0.0,0.0580920582527104,981.5030840174066
1668551630.3597562,16877.42,-18.2300000000032,-2.09977408,-0.95518457,1.0,0.0,980.4440657954596,0.0,980.4440657954596
1668551690.4557295,16883.26,5.8400000000001455,-1.10927293,0.99050115,0.0,1.0,0.0,0.0580719639332368,980.4440657954596
1668551751.4381993,16871.42,-11.840000000000146,-1.9990389,-0.88976597,1.0,0.0,979.75649374249,0.0,979.75649374249
1668551811.4777224,16878.76,7.3400000000001455,-1.9426284,0.0564104999999999,0.0,1.0,0.0,0.0580467104065991,979.75649374249
1668551871.4129012,16867.01,-11.75,-3.26422583,-1.32159743,1.0,0.0,979.0744448952112,0.0,979.0744448952112
1668551932.1860583,16854.21,-12.799999999999272,-5.21998122,-1.95575539,1.0,0.0,979.0744448952112,0.0,979.0744448952112
1668551992.1353414,16848.14,-6.069999999999709,-6.41950846,-1.19952724,1.0,0.0,979.0744448952112,0.0,979.0744448952112
1668552052.1090736,16859.19,11.049999999999272,-5.80299152,0.6165169400000003,0.0,1.0,0.0,0.0580736349074428,979.0744448952112
1668552112.9035883,16871.57,12.38000000000102,-4.86405582,0.9389357,0.0,1.0,0.0,0.0580736349074428,979.7933964953648
1668552172.8931158,16849.77,-21.799999999999272,-6.47694254,-1.6128867199999997,1.0,0.0,978.5273912543825,0.0,978.5273912543825
1668552232.8708353,16853.44,3.6699999999982538,-6.63293594,-0.1559934000000007,1.0,0.0,978.5273912543825,0.0,978.5273912543825
1668552293.9597518,16848.84,-4.599999999998545,-7.57272492,-0.9397889799999994,1.0,0.0,978.5273912543825,0.0,978.5273912543825
1668552354.1053054,16853.43,4.5900000000001455,-7.63169639,-0.0589714700000003,1.0,0.0,978.5273912543825,0.0,978.5273912543825
1668552413.9498117,16861.21,7.779999999998836,-6.96550375,0.6661926400000002,0.0,1.0,0.0,0.0580342330861416,978.5273912543825
1668552474.728444,16882.67,21.459999999999127,-4.70606517,2.2594385800000003,0.0,1.0,0.0,0.0580342330861416,979.77280589641
1668552535.0333507,16884.97,2.3000000000029104,-2.59531717,2.110748,0.0,1.0,0.0,0.0580342330861416,979.9062846325083
1668552594.7052534,16873.24,-11.729999999999563,-1.97188509,0.6234320799999999,0.0,1.0,0.0,0.0580342330861416,979.225543078408
1668552655.5690372,16857.18,-16.06000000000131,-2.98453898,-1.01265389,1.0,0.0,978.2935132950444,0.0,978.2935132950444
1668552715.5014966,16884.9,27.720000000001164,0.13104479,3.11558377,0.0,1.0,0.0,0.0579389580805953,978.2935132950444
1668552775.6138563,16877.24,-7.6599999999998545,0.82709318,0.69604839,0.0,1.0,0.0,0.0579389580805953,977.8497008761464
1668552836.265958,16883.98,6.739999999997963,1.53054876,0.7034555800000001,0.0,1.0,0.0,0.0579389580805953,978.2402094536094
1668552896.2014854,16895.5,11.520000000000437,3.83922352,2.30867476,0.0,1.0,0.0,0.0579389580805953,978.9076662506978
1668552956.4748442,16885.68,-9.819999999999707,4.42816518,0.5889416599999997,0.0,1.0,0.0,0.0579389580805953,978.3387056823464
1668553017.9047318,16896.65,10.970000000001164,6.08775634,1.6595911600000006,0.0,1.0,0.0,0.0579389580805953,978.9742960524908
1668553078.166368,16895.0,-1.6500000000014552,6.11557127,0.0278149299999999,0.0,1.0,0.0,0.0579389580805953,978.8786967716576
1668553137.621878,16901.18,6.180000000000291,7.15487982,1.0393085499999994,0.0,1.0,0.0,0.0579389580805953,979.2367595325956
1668553198.4943016,16887.41,-13.770000000000437,5.88109574,-1.2737840799999995,1.0,0.0,978.438940079826,0.0,978.438940079826
1668553258.2040703,16868.61,-18.799999999999272,3.49579508,-2.38530066,1.0,0.0,978.438940079826,0.0,978.438940079826
1668553318.553369,16885.93,17.31999999999971,3.91248096,0.4166858799999997,0.0,1.0,0.0,0.0579440362526568,978.438940079826
1668553379.144355,16887.11,1.180000000000291,3.03804878,-0.8744321799999999,1.0,0.0,978.5073140426032,0.0,978.5073140426032
1668553439.1855505,16853.13,-33.97999999999956,-0.35257716,-3.39062594,1.0,0.0,978.5073140426032,0.0,978.5073140426032
1668553499.0755029,16849.31,-3.819999999999709,-3.05918661,-2.70660945,1.0,0.0,978.5073140426032,0.0,978.5073140426032
1668553560.227781,16858.36,9.049999999999272,-3.95234672,-0.8931601100000002,1.0,0.0,978.5073140426032,0.0,978.5073140426032
1668553620.0757403,16845.08,-13.279999999998836,-6.1400967,-2.18774998,1.0,0.0,978.5073140426032,0.0,978.5073140426032
1668553679.9067535,16850.28,5.19999999999709,-6.80745614,-0.6673594400000002,1.0,0.0,978.5073140426032,0.0,978.5073140426032
1668553740.6857798,16853.38,3.100000000002183,-6.92782726,-0.1203711199999997,1.0,0.0,978.5073140426032,0.0,978.5073140426032
1668553800.8486748,16852.73,-0.6500000000014552,-7.2887418,-0.3609145400000004,1.0,0.0,978.5073140426032,0.0,978.5073140426032
1668553860.9792593,16872.63,19.90000000000145,-5.80175162,1.4869901800000005,0.0,1.0,0.0,0.0579937635118297,978.5073140426032
1668553921.57191,16871.1,-1.5300000000024738,-4.89543181,0.9063198100000004,0.0,1.0,0.0,0.0579937635118297,978.41858358443
1668553980.8285618,16878.7,7.600000000002183,-3.3251885,1.57024331,0.0,1.0,0.0,0.0579937635118297,978.85933618712
1668554040.8376226,16881.57,2.8699999999989814,-2.25862492,1.06656358,0.0,1.0,0.0,0.0579937635118297,979.0257782883988
1668554102.3139224,16877.92,-3.650000000001455,-1.2472419,1.01138302,0.0,1.0,0.0,0.0579937635118297,978.8141010515808
1668554160.7121315,16878.68,0.7600000000020373,-0.14416844,1.1030734599999998,0.0,1.0,0.0,0.0579937635118297,978.8581763118498
1668554220.874245,16874.53,-4.150000000001455,-0.34025599,-0.19608755,1.0,0.0,978.6175021932756,0.0,978.6175021932756
1668554280.9081538,16875.39,0.8600000000005821,0.18016356,0.52041955,0.0,1.0,0.0,0.0579908080461118,978.6175021932756
1668554341.026568,16896.04,20.65000000000145,2.82532835,2.64516479,0.0,1.0,0.0,0.0579908080461118,979.8150123794268
1668554400.893885,16886.6,-9.440000000002328,3.42902419,0.6036958399999999,0.0,1.0,0.0,0.0579908080461118,979.2675791514714
1668554460.9279523,16886.83,0.2300000000032014,4.0071837,0.5781595099999999,0.0,1.0,0.0,0.0579908080461118,979.2809170373222
1668554520.746028,16884.14,-2.6900000000023283,4.10716017,0.0999764700000005,0.0,1.0,0.0,0.0579908080461118,979.124921763678
1668554581.3318963,16889.4,5.260000000002037,4.53155588,0.4243957099999997,0.0,1.0,0.0,0.0579908080461118,979.4299534140008
1668554640.845003,16863.14,-26.26000000000204,2.27244996,-2.25910592,1.0,0.0,977.9071147947096,0.0,977.9071147947096
1668554700.8632166,16851.73,-11.409999999999854,0.03935641,-2.23309355,1.0,0.0,977.9071147947096,0.0,977.9071147947096
1668554760.8471382,16855.7,3.970000000001164,-1.49575947,-1.53511588,1.0,0.0,977.9071147947096,0.0,977.9071147947096
1668554820.9503684,16846.0,-9.700000000000728,-3.55490098,-2.05914151,1.0,0.0,977.9071147947096,0.0,977.9071147947096
1668554880.905479,16855.01,9.0099999999984,-4.18807307,-0.6331720899999995,1.0,0.0,977.9071147947096,0.0,977.9071147947096
1668554940.8374276,16849.9,-5.109999999996944,-5.55010423,-1.36203116,1.0,0.0,977.9071147947096,0.0,977.9071147947096
1668555000.9855468,16863.79,13.889999999999418,-4.55442847,0.9956757599999992,0.0,1.0,0.0,0.0579885728412598,977.9071147947096
1668555061.777427,16859.58,-4.209999999999127,-4.38637837,0.1680501000000003,0.0,1.0,0.0,0.0579885728412598,977.662982903047
1668555120.9387248,16857.64,-1.9400000000023283,-5.03759167,-0.6512133000000002,1.0,0.0,977.5504850717348,0.0,977.5504850717348
1668555180.8414726,16858.88,1.2400000000016007,-4.75756947,0.2800222000000003,0.0,1.0,0.0,0.0579843076806842,977.5504850717348
1668555240.9078114,16868.3,9.419999999998254,-3.60178461,1.1557848599999998,0.0,1.0,0.0,0.0579843076806842,978.0966972500852
1668555300.8569646,16861.12,-7.180000000000291,-3.76744106,-0.1656564499999997,1.0,0.0,977.680369920938,0.0,977.680369920938
1668555360.8586037,16861.36,0.2400000000016007,-3.42497356,0.3424674999999997,0.0,1.0,0.0,0.0579834823478615,977.680369920938
1668555420.9372764,16838.95,-22.40999999999985,-5.83331686,-2.4083433,1.0,0.0,976.3809600815224,0.0,976.3809600815224
1668555481.0574992,16855.07,16.11999999999898,-5.01187677,0.8214400900000003,0.0,1.0,0.0,0.057928027595348,976.3809600815224
1668555541.9611125,16846.48,-8.590000000000146,-5.77657332,-0.76469655,1.0,0.0,975.8833583244782,0.0,975.8833583244782
1668555600.92058,16861.08,14.600000000002185,-4.59835128,1.1782220399999996,0.0,1.0,0.0,0.0578778677477645,975.883358324478
1668555660.957779,16869.39,8.309999999997672,-3.08626933,1.5120819500000002,0.0,1.0,0.0,0.0578778677477645,976.3643234054608
1668555720.971316,16867.76,-1.6300000000010186,-2.09324856,0.9930207699999998,0.0,1.0,0.0,0.0578778677477645,976.269982481032
1668555781.128233,16880.27,12.510000000002035,0.35395049,2.44719905,0.0,1.0,0.0,0.0578778677477645,976.9940346065569
1668555840.9209783,16873.69,-6.580000000001746,0.66056702,0.30661653,0.0,1.0,0.0,0.0578778677477645,976.6131982367764
1668555900.916564,16877.68,3.9900000000016007,1.88061462,1.2200476,0.0,1.0,0.0,0.0578778677477645,976.84413092909
1668555960.8784904,16889.79,12.110000000000582,3.79675743,1.91614281,0.0,1.0,0.0,0.0578778677477645,977.5450319075156
1668556022.0076156,16892.06,2.270000000000437,4.94246175,1.1457043199999997,0.0,1.0,0.0,0.0578778677477645,977.6764146673028
1668556080.8697522,16892.58,0.5200000000004366,6.05541224,1.1129504900000002,0.0,1.0,0.0,0.0578778677477645,977.7065111585318
1668556141.0265155,16891.7,-0.8800000000010186,7.11168831,1.05627607,0.0,1.0,0.0,0.0578778677477645,977.6555786349136
1668556201.328756,16882.69,-9.010000000002035,6.62057473,-0.4911135799999995,1.0,0.0,977.1340990465062,0.0,977.1340990465062
1668556260.931569,16866.95,-15.739999999997965,4.65766319,-1.9629115400000003,1.0,0.0,977.1340990465062,0.0,977.1340990465062
1668556321.0259514,16869.87,2.9199999999982538,3.83166409,-0.8259991000000002,1.0,0.0,977.1340990465062,0.0,977.1340990465062
1668556380.9213374,16879.59,9.720000000001164,4.184301,0.3526369099999997,0.0,1.0,0.0,0.0578884972352116,977.1340990465062
1668556440.8945615,16864.08,-15.5099999999984,2.58423898,-1.6000620199999998,1.0,0.0,976.2362484543874,0.0,976.2362484543874
1668556501.3869731,16895.96,31.87999999999738,4.09735415,1.5131151700000005,0.0,1.0,0.0,0.0577792708111517,976.2362484543874
1668556560.9703567,16887.06,-8.899999999997817,4.37581583,0.2784616799999995,0.0,1.0,0.0,0.0577792708111517,975.7220129441675
1668556621.228309,16895.07,8.0099999999984,5.46423222,1.0884163900000008,0.0,1.0,0.0,0.0577792708111517,976.1848249033648
1668556680.992062,16899.52,4.450000000000728,6.28190034,0.8176681199999996,0.0,1.0,0.0,0.0577792708111517,976.4419426584744
1668556740.9128146,16901.08,1.5600000000013097,7.41365079,1.1317504500000002,0.0,1.0,0.0,0.0577792708111517,976.53207832094
1668556801.046734,16897.93,-3.150000000001455,7.43746331,0.0238125199999998,0.0,1.0,0.0,0.0577792708111517,976.3500736178848
1668556861.1791449,16893.16,-4.770000000000437,7.43719598,-0.0002673299999997,1.0,0.0,976.0744664961156,0.0,976.0744664961156
1668556921.149316,16900.47,7.31000000000131,7.47226983,0.0350738499999998,0.0,1.0,0.0,0.0577542794073842,976.0744664961156
1668556981.3596768,16922.22,21.75,9.50879872,2.03652889,0.0,1.0,0.0,0.0577542794073842,977.3306220732252
1668557041.0288093,16919.54,-2.680000000000291,11.26917793,1.76037921,0.0,1.0,0.0,0.0577542794073842,977.1758406044132
1668557101.039502,16920.56,1.0200000000004366,11.66451658,0.3953386500000011,0.0,1.0,0.0,0.0577542794073842,977.2347499694088
1668557160.921884,16917.34,-3.220000000001164,11.90116402,0.2366474399999987,0.0,1.0,0.0,0.0577542794073842,977.048781189717
1668557221.106517,16905.44,-11.900000000001455,10.30553639,-1.5956276299999992,1.0,0.0,976.3615052647692,0.0,976.3615052647692
1668557281.089351,16908.49,3.0500000000029104,9.93233706,-0.3731993300000003,1.0,0.0,976.3615052647692,0.0,976.3615052647692
1668557341.0180318,16895.12,-13.37000000000262,8.22846139,-1.7038756700000004,1.0,0.0,976.3615052647692,0.0,976.3615052647692
1668557400.8926976,16903.59,8.470000000001164,8.20359894,-0.0248624500000005,1.0,0.0,976.3615052647692,0.0,976.3615052647692
1668557461.2201445,16895.47,-8.119999999998981,6.7000678,-1.5035311399999989,1.0,0.0,976.3615052647692,0.0,976.3615052647692
1668557521.4841738,16894.61,-0.8600000000005821,5.69221559,-1.0078522100000002,1.0,0.0,976.3615052647692,0.0,976.3615052647692
1668557581.118374,16872.53,-22.080000000001743,2.63298032,-3.05923527,1.0,0.0,976.3615052647692,0.0,976.3615052647692
1668557641.043493,16866.66,-5.869999999998981,0.7755153,-1.85746502,1.0,0.0,976.3615052647692,0.0,976.3615052647692
1668557701.05459,16868.07,1.4099999999998545,-1.02510544,-1.8006207399999998,1.0,0.0,976.3615052647692,0.0,976.3615052647692
1668557761.051844,16848.69,-19.38000000000102,-4.66023428,-3.63512884,1.0,0.0,976.3615052647692,0.0,976.3615052647692
1668557821.284718,16843.24,-5.44999999999709,-7.65277819,-2.99254391,1.0,0.0,976.3615052647692,0.0,976.3615052647692
1668557881.2191615,16852.51,9.2699999999968,-8.64928797,-0.9965097799999992,1.0,0.0,976.3615052647692,0.0,976.3615052647692
1668557941.08409,16871.07,18.56000000000131,-7.94997534,0.6993126299999997,0.0,1.0,0.0,0.0578719373024217,976.3615052647692
1668558001.3262806,16881.74,10.670000000001892,-6.15765129,1.7923240499999995,0.0,1.0,0.0,0.0578719373024217,976.9789988357844
1668558060.9914734,16881.7,-0.0400000000008731,-5.47779786,0.6798534300000005,0.0,1.0,0.0,0.0578719373024217,976.9766839582924
1668558121.0273137,16860.17,-21.53000000000248,-6.6698687,-1.1920708400000004,1.0,0.0,975.7307011481712,0.0,975.7307011481712
1668558181.0176528,16849.22,-10.94999999999709,-8.18717345,-1.5173047499999992,1.0,0.0,975.7307011481712,0.0,975.7307011481712
1668558240.9162216,16851.23,2.0099999999984,-8.89952423,-0.7123507800000013,1.0,0.0,975.7307011481712,0.0,975.7307011481712
1668558301.042142,16834.06,-17.169999999998254,-10.81247338,-1.9129491499999995,1.0,0.0,975.7307011481712,0.0,975.7307011481712
1668558361.0571733,16822.39,-11.670000000001892,-14.74092383,-3.92845045,1.0,0.0,975.7307011481712,0.0,975.7307011481712
1668558421.029344,16822.2,-0.1899999999986903,-16.36859911,-1.6276752800000018,1.0,0.0,975.7307011481712,0.0,975.7307011481712
1668558481.2717352,16827.64,5.43999999999869,-16.53560947,-0.167010359999999,1.0,0.0,975.7307011481712,0.0,975.7307011481712
1668558541.8035204,16818.15,-9.489999999997965,-17.5119892,-0.976379729999998,1.0,0.0,975.7307011481712,0.0,975.7307011481712
1668558601.1915708,16808.27,-9.88000000000102,-18.74853453,-1.236545330000002,1.0,0.0,975.7307011481712,0.0,975.7307011481712
1668558661.0719092,16810.0,1.7299999999995634,-19.19307049,-0.4445359599999996,1.0,0.0,975.7307011481712,0.0,975.7307011481712
1668558721.221837,16824.3,14.299999999999272,-17.58252742,1.6105430699999983,0.0,1.0,0.0,0.0579953223104777,975.7307011481712
1668558781.1173005,16818.3,-6.0,-17.17868801,0.4038394100000033,0.0,1.0,0.0,0.0579953223104777,975.3827292143072
1668558841.0989964,16829.97,11.670000000001892,-15.39042691,1.788261099999998,0.0,1.0,0.0,0.0579953223104777,976.0595346256704
1668558901.0973322,16818.66,-11.31000000000131,-15.17252849,0.2178984200000009,0.0,1.0,0.0,0.0579953223104777,975.4036075303388
1668558961.0631435,16821.62,2.959999999999127,-14.41732785,0.75520064,0.0,1.0,0.0,0.0579953223104777,975.575273684378
1668559021.7253928,16820.65,-0.9699999999975262,-13.62560805,0.7917197999999992,0.0,1.0,0.0,0.0579953223104777,975.5190182217368
1668559080.9885674,16819.97,-0.680000000000291,-13.08419664,0.5414114100000003,0.0,1.0,0.0,0.0579953223104777,975.4795814025656
1668559141.2303932,16826.25,6.279999999998836,-11.9667675,1.1174291400000005,0.0,1.0,0.0,0.0579953223104777,975.8437920266754
1668559201.0669806,16827.66,1.4099999999998545,-10.69214708,1.2746204199999998,0.0,1.0,0.0,0.0579953223104777,975.9255654311332
1668559261.1410377,16837.74,10.080000000001746,-9.09254164,1.5996054399999995,0.0,1.0,0.0,0.0579953223104777,976.5101582800228
1668559321.2292738,16814.65,-23.090000000000146,-10.07339274,-0.9808510999999988,1.0,0.0,975.171046287874,0.0,975.171046287874
1668559381.030483,16804.77,-9.88000000000102,-11.23749927,-1.1641065300000015,1.0,0.0,975.171046287874,0.0,975.171046287874
1668559441.0945578,16805.98,1.2099999999991269,-11.94255697,-0.7050576999999993,1.0,0.0,975.171046287874,0.0,975.171046287874
1668559501.54379,16823.66,17.68000000000029,-10.06593507,1.8766219,0.0,1.0,0.0,0.0579642626091988,975.171046287874
1668559561.2681491,16813.12,-10.540000000000871,-10.38055214,-0.3146170700000006,1.0,0.0,974.5601029599724,0.0,974.5601029599724
1668559621.161841,16803.29,-9.829999999998108,-10.87161761,-0.4910654699999988,1.0,0.0,974.5601029599724,0.0,974.5601029599724
1668559681.18198,16823.27,19.979999999999563,-8.98548896,1.88612865,0.0,1.0,0.0,0.0579292909737507,974.5601029599724
1668559741.2057545,16840.11,16.840000000000146,-6.48522975,2.5002592099999994,0.0,1.0,0.0,0.0579292909737507,975.5356322199688
1668559801.290974,16837.25,-2.860000000000582,-5.15435303,1.33087672,0.0,1.0,0.0,0.0579292909737507,975.369954447784
1668559861.2281387,16824.98,-12.270000000000437,-5.05999384,0.0943591900000004,0.0,1.0,0.0,0.0579292909737507,974.659162047536
1668559921.0995474,16820.36,-4.619999999998981,-5.62900081,-0.5690069700000002,1.0,0.0,974.3915287232372,0.0,974.3915287232372
1668559981.9920783,16821.54,1.180000000000291,-5.14666966,0.4823311500000002,0.0,1.0,0.0,0.0579252273408521,974.3915287232372
1668560041.1534345,16819.1,-2.4400000000023283,-5.00777097,0.1388986899999995,0.0,1.0,0.0,0.0579252273408521,974.2501911685256
1668560101.2289991,16814.48,-4.619999999998981,-5.09881741,-0.0910464399999995,1.0,0.0,973.9825766182108,0.0,973.9825766182108
1668560161.1031885,16811.0,-3.4799999999995634,-5.40101203,-0.3021946200000007,1.0,0.0,973.9825766182108,0.0,973.9825766182108
1668560221.6616387,16789.95,-21.049999999999272,-7.76489961,-2.363887579999999,1.0,0.0,973.9825766182108,0.0,973.9825766182108
1668560281.271106,16787.94,-2.0100000000020373,-10.25420351,-2.4893039000000003,1.0,0.0,973.9825766182108,0.0,973.9825766182108
1668560341.1449044,16785.73,-2.209999999999127,-11.75724259,-1.5030390800000006,1.0,0.0,973.9825766182108,0.0,973.9825766182108
1668560401.244875,16789.1,3.3699999999989814,-12.00546491,-0.24822232,1.0,0.0,973.9825766182108,0.0,973.9825766182108
1668560461.665798,16791.16,2.0600000000013097,-12.05061541,-0.0451505,1.0,0.0,973.9825766182108,0.0,973.9825766182108
1668560521.2796724,16801.0,9.840000000000146,-10.90185337,1.1487620400000012,0.0,1.0,0.0,0.0579717026735438,973.9825766182108
1668560581.170966,16793.48,-7.520000000000437,-11.22091168,-0.3190583100000008,1.0,0.0,973.5466294141042,0.0,973.5466294141042
1668560641.217888,16797.43,3.950000000000728,-10.13317686,1.0877348199999997,0.0,1.0,0.0,0.0579580703365993,973.5466294141042
1668560701.3004055,16802.47,5.040000000000873,-8.61037604,1.5228008200000005,0.0,1.0,0.0,0.0579580703365993,973.8387380885996
1668560761.1339943,16810.65,8.180000000000291,-6.57070561,2.03967043,0.0,1.0,0.0,0.0579580703365993,974.312835103953
1668560821.1370974,16799.17,-11.4800000000032,-6.7224513,-0.1517456900000002,1.0,0.0,973.6474764564888,0.0,973.6474764564888
1668560881.192891,16817.12,17.950000000000728,-4.27720371,2.44524759,0.0,1.0,0.0,0.0578962079390816,973.6474764564888
1668560941.748072,16813.91,-3.209999999999127,-3.54323111,0.7339726000000004,0.0,1.0,0.0,0.0578962079390816,973.4616296290036
1668561001.148737,16817.24,3.3300000000017462,-2.15779072,1.38544039,0.0,1.0,0.0,0.0578962079390816,973.6544240014408
1668561061.1395535,16816.48,-0.7600000000020373,-1.32150748,0.83628324,0.0,1.0,0.0,0.0578962079390816,973.610422883407
1668561121.2134311,16803.43,-13.049999999999272,-2.15974356,-0.8382360799999999,1.0,0.0,972.854877369802,0.0,972.854877369802
1668561181.2610066,16795.78,-7.650000000001455,-2.95608334,-0.7963397800000003,1.0,0.0,972.854877369802,0.0,972.854877369802
1668561241.267673,16796.84,1.0600000000013097,-3.13550751,-0.1794241699999998,1.0,0.0,972.854877369802,0.0,972.854877369802
1668561301.2745736,16802.89,6.049999999999272,-2.92223412,0.2132733899999999,0.0,1.0,0.0,0.0578980685685499,972.854877369802
1668561361.1593585,16801.86,-1.0299999999988358,-2.93965191,-0.0174177899999996,1.0,0.0,972.795242359176,0.0,972.795242359176
1668561421.7980072,16813.84,11.979999999999563,-1.98323744,0.95641447,0.0,1.0,0.0,0.0578568157160515,972.795242359176
1668561481.3611612,16811.21,-2.630000000001018,-1.73309782,0.2501396199999999,0.0,1.0,0.0,0.0578568157160515,972.6430789338422
1668561541.1891525,16816.37,5.159999999999855,-0.68634855,1.04674927,0.0,1.0,0.0,0.0578568157160515,972.9416201029368
1668561601.2946155,16818.4,2.030000000002474,0.4956911,1.18203965,0.0,1.0,0.0,0.0578568157160515,973.0590694388408
1668561661.1316829,16815.82,-2.5800000000017462,0.56695989,0.07126879,0.0,1.0,0.0,0.0578568157160515,972.9097988542932
1668561721.3394885,16795.19,-20.63000000000102,-1.03444814,-1.60140803,1.0,0.0,971.7162127460708,0.0,971.7162127460708
1668561781.2405555,16812.77,17.580000000001746,-0.27318797,0.7612601700000001,0.0,1.0,0.0,0.0577963186759868,971.7162127460708
1668561841.1748557,16816.9,4.130000000001019,0.44685776,0.72004573,0.0,1.0,0.0,0.0577963186759868,971.9549115422024
1668561901.545399,16819.74,2.840000000000145,1.42318901,0.97633125,0.0,1.0,0.0,0.0577963186759868,972.1190530872424
1668561961.4047422,16819.48,-0.2600000000020372,2.04653051,0.6233415000000002,0.0,1.0,0.0,0.0577963186759868,972.1040260443864
1668562021.2079132,16815.35,-4.130000000001019,1.81539366,-0.2311368500000001,1.0,0.0,971.8653272482544,0.0,971.8653272482544
1668562081.4199922,16834.15,18.80000000000291,3.9850415,2.16964784,0.0,1.0,0.0,0.0577317730475405,971.8653272482544
1668562141.211982,16815.05,-19.100000000002183,3.08947652,-0.8955649800000001,1.0,0.0,970.762650383046,0.0,970.762650383046
1668562201.2511508,16814.86,-0.1899999999986903,2.79011861,-0.2993579099999999,1.0,0.0,970.762650383046,0.0,970.762650383046
1668562261.338743,16818.71,3.849999999998545,2.70111309,-0.0890055199999997,1.0,0.0,970.762650383046,0.0,970.762650383046
1668562321.1792066,16781.15,-37.55999999999767,-1.33712508,-4.0382381700000005,1.0,0.0,970.762650383046,0.0,970.762650383046
1668562381.153994,16810.23,29.07999999999811,0.11532729,1.45245237,0.0,1.0,0.0,0.057748326488278,970.762650383046
1668562441.2705157,16784.21,-26.02000000000044,-2.67466886,-2.7899961500000003,1.0,0.0,969.2600389278203,0.0,969.2600389278203
1668562501.4940217,16812.6,28.38999999999941,-0.86937168,1.80529718,0.0,1.0,0.0,0.0576508118273093,969.2600389278203
1668562561.3006704,16828.89,16.290000000000873,1.37170386,2.24107554,0.0,1.0,0.0,0.0576508118273093,970.1991706524872
1668562621.2414992,16821.75,-7.139999999999418,1.82568349,0.4539796300000001,0.0,1.0,0.0,0.0576508118273093,969.7875438560402
1668562681.2144554,16826.9,5.150000000001455,2.54145921,0.7157757200000001,0.0,1.0,0.0,0.0576508118273093,970.084445536951
1668562741.1915426,16833.8,6.899999999997817,4.25820731,1.7167481000000002,0.0,1.0,0.0,0.0576508118273093,970.4822361385592
1668562801.1880844,16829.96,-3.8400000000001455,4.44465212,0.1864448099999993,0.0,1.0,0.0,0.0576508118273093,970.2608570211424
1668562861.28195,16831.49,1.5300000000024738,5.21036355,0.7657114300000005,0.0,1.0,0.0,0.0576508118273093,970.3490627632384
1668562921.2055693,16824.0,-7.490000000001601,4.79995118,-0.4104123700000004,1.0,0.0,969.9172581826516,0.0,969.9172581826516
1668562981.183272,16832.62,8.619999999998981,5.50706439,0.7071132100000002,0.0,1.0,0.0,0.0576212887941777,969.9172581826516
1668563041.31232,16834.56,1.9400000000023283,5.92277159,0.4157071999999999,0.0,1.0,0.0,0.0576212887941777,970.0290434829122
1668563101.3203745,16828.94,-5.620000000002619,5.40715571,-0.5156158800000004,1.0,0.0,969.7052118398888,0.0,969.7052118398888
1668563161.316148,16821.87,-7.069999999999709,4.67154942,-0.7356062899999998,1.0,0.0,969.7052118398888,0.0,969.7052118398888
1668563221.3125525,16819.95,-1.919999999998253,3.84716608,-0.8243833399999998,1.0,0.0,969.7052118398888,0.0,969.7052118398888
1668563281.3579614,16811.25,-8.700000000000728,2.02143266,-1.82573342,1.0,0.0,969.7052118398888,0.0,969.7052118398888
1668563341.2335043,16813.09,1.8400000000001453,1.56161813,-0.4598145299999998,1.0,0.0,969.7052118398888,0.0,969.7052118398888
1668563401.303412,16812.82,-0.2700000000004365,1.35287835,-0.2087397800000001,1.0,0.0,969.7052118398888,0.0,969.7052118398888
1668563461.5731628,16810.7,-2.1199999999989814,0.43273348,-0.92014487,1.0,0.0,969.7052118398888,0.0,969.7052118398888
1668563521.3824785,16808.74,-1.9599999999991269,-0.40961733,-0.84235081,1.0,0.0,969.7052118398888,0.0,969.7052118398888
1668563581.307763,16815.42,6.679999999996653,-0.82658999,-0.41697266,1.0,0.0,969.7052118398888,0.0,969.7052118398888
1668563641.330397,16808.15,-7.269999999996799,-1.44984429,-0.6232542999999999,1.0,0.0,969.7052118398888,0.0,969.7052118398888
1668563701.3775637,16830.47,22.31999999999971,0.6412936,2.09113789,0.0,1.0,0.0,0.0576160506414787,969.7052118398888
1668563761.2894845,16837.53,7.059999999997672,2.17626482,1.53497122,0.0,1.0,0.0,0.0576160506414787,970.1119811574168
1668563821.2885022,16841.57,4.040000000000873,3.82609575,1.6498309299999998,0.0,1.0,0.0,0.0576160506414787,970.3447500020084
1668563881.788306,16848.91,7.3400000000001455,5.39485487,1.5687591199999995,0.0,1.0,0.0,0.0576160506414787,970.7676518137168
1668563941.3010566,16847.21,-1.7000000000007276,6.88000725,1.4851523800000006,0.0,1.0,0.0,0.0576160506414787,970.6697045276264
1668564001.268416,16857.17,9.959999999999129,8.43260701,1.5525997599999997,0.0,1.0,0.0,0.0576160506414787,971.2435603920154
1668564061.209538,16864.62,7.450000000000728,10.12664903,1.6940420199999997,0.0,1.0,0.0,0.0576160506414787,971.6727999692944
1668564121.347045,16866.51,1.889999999999418,12.28131978,2.154670750000001,0.0,1.0,0.0,0.0576160506414787,971.7816943050068
1668564181.2538154,16862.71,-3.799999999999272,12.4232714,0.1419516200000004,0.0,1.0,0.0,0.0576160506414787,971.5627533125692
1668564241.6614163,16852.43,-10.279999999998836,11.23355482,-1.1897165800000007,1.0,0.0,970.9704603119748,0.0,970.9704603119748
1668564301.3999157,16826.99,-25.43999999999869,7.80668763,-3.4268671900000003,1.0,0.0,970.9704603119748,0.0,970.9704603119748
1668564361.743986,16830.45,3.459999999999127,6.2995857,-1.50710193,1.0,0.0,970.9704603119748,0.0,970.9704603119748
1668564421.501469,16847.78,17.32999999999811,6.51884892,0.2192632200000002,0.0,1.0,0.0,0.0576319527149556,970.9704603119748
1668564481.685383,16843.96,-3.819999999999709,6.11449018,-0.4043587400000001,1.0,0.0,970.7503062526037,0.0,970.7503062526037
1668564541.6904497,16843.73,-0.2299999999995634,5.64165252,-0.4728376599999997,1.0,0.0,970.7503062526037,0.0,970.7503062526037
1668564602.538537,16845.1,1.3699999999989814,5.70126068,0.0596081599999998,0.0,1.0,0.0,0.0576280524456728,970.7503062526037
1668564662.3633566,16838.67,-6.430000000000291,4.4432893,-1.25797138,1.0,0.0,970.3797578753772,0.0,970.3797578753772
1668564722.3408444,16835.6,-3.069999999999709,3.38653631,-1.05675299,1.0,0.0,970.3797578753772,0.0,970.3797578753772
1668564783.1279318,16833.99,-1.609999999996944,2.566523,-0.8200133099999998,1.0,0.0,970.3797578753772,0.0,970.3797578753772
1668564843.3819158,16836.2,2.209999999999127,2.36669911,-0.1998238900000002,1.0,0.0,970.3797578753772,0.0,970.3797578753772
1668564903.252018,16849.52,13.319999999999707,3.1138339,0.74713479,0.0,1.0,0.0,0.0575909437108818,970.3797578753772
1668564964.1454911,16874.54,25.02000000000044,6.31425048,3.20041658,0.0,1.0,0.0,0.0575909437108818,971.8206832870236
1668565024.21393,16868.46,-6.080000000001746,6.54644634,0.23219586,0.0,1.0,0.0,0.0575909437108818,971.4705303492613
1668565084.0494075,16881.0,12.540000000000871,9.39774962,2.8513032800000007,0.0,1.0,0.0,0.0575909437108818,972.1927207833958
1668565144.7736158,16881.75,0.75,10.90602576,1.5082761399999995,0.0,1.0,0.0,0.0575909437108818,972.2359139911788
1668565204.787909,16878.07,-3.680000000000291,11.56856887,0.6625431099999997,0.0,1.0,0.0,0.0575909437108818,972.0239793183227
1668565264.7793436,16868.88,-9.18999999999869,11.02431601,-0.5442528600000003,1.0,0.0,971.49471854562,0.0,971.49471854562
1668565325.6744034,16871.83,2.950000000000728,11.02639207,0.0020760600000002,0.0,1.0,0.0,0.0575808740691211,971.49471854562
1668565386.075853,16882.77,10.93999999999869,11.87422656,0.8478344900000003,0.0,1.0,0.0,0.0575808740691211,972.1246533079355
1668565445.7304587,16879.24,-3.529999999998836,12.02952084,0.1552942799999996,0.0,1.0,0.0,0.0575808740691211,971.9213928224716
1668565506.4433756,16874.66,-4.580000000001746,11.27836665,-0.7511541899999994,1.0,0.0,971.657672419235,0.0,971.657672419235
1668565566.3793964,16891.72,17.06000000000131,12.57475171,1.2963850599999986,0.0,1.0,0.0,0.0575227195584129,971.657672419235
1668565626.5457964,16894.12,2.399999999997817,13.97170219,1.396950480000001,0.0,1.0,0.0,0.0575227195584129,971.7957269461745
1668565687.2124996,16893.0,-1.1199999999989814,13.83505472,-0.1366474699999997,1.0,0.0,971.7313015002692,0.0,971.7313015002692
1668565747.339712,16895.89,2.889999999999418,13.93510006,0.1000453399999994,0.0,1.0,0.0,0.0575128804401703,971.7313015002692
1668565807.2275612,16896.78,0.8899999999994179,13.83252879,-0.1025712700000003,1.0,0.0,971.7824879638606,0.0,971.7824879638606
1668565868.0092702,16891.8,-4.979999999999563,13.25762012,-0.5749086699999992,1.0,0.0,971.7824879638606,0.0,971.7824879638606
1668565928.001721,16904.0,12.200000000000728,13.90868758,0.6510674600000002,0.0,1.0,0.0,0.0574883156627934,971.7824879638606
1668565988.0083344,16945.91,41.909999999999854,17.78761461,3.878927029999998,0.0,1.0,0.0,0.0574883156627934,974.1918232732874
1668566049.409282,17002.63,56.72000000000117,26.81426781,9.026653200000002,0.0,1.0,0.0,0.0574883156627934,977.452560537681
1668566109.6096606,16988.4,-14.229999999999563,29.64722459,2.83295678,0.0,1.0,0.0,0.0574883156627934,976.6345018057996
1668566169.4520452,16995.06,6.659999999999855,32.1061651,2.458940509999998,0.0,1.0,0.0,0.0574883156627934,977.0173739881136
1668566230.2961988,16980.87,-14.190000000002328,33.45485039,1.3486852899999988,0.0,1.0,0.0,0.0574883156627934,976.2016147888584
1668566290.3498662,16983.06,2.1900000000023283,33.5405815,0.0857311100000046,0.0,1.0,0.0,0.0574883156627934,976.3275142001602
1668566350.2319732,16964.92,-18.140000000003056,31.90788386,-1.6326976400000035,1.0,0.0,975.2846761540368,0.0,975.2846761540368
1668566412.0412853,16949.74,-15.179999999996651,29.15219805,-2.7556858099999992,1.0,0.0,975.2846761540368,0.0,975.2846761540368
1668566471.074245,16960.12,10.37999999999738,27.88070172,-1.271496329999998,1.0,0.0,975.2846761540368,0.0,975.2846761540368
1668566531.0696015,16953.22,-6.899999999997817,26.01184993,-1.8688517900000008,1.0,0.0,975.2846761540368,0.0,975.2846761540368
1668566591.7307012,16969.77,16.549999999999272,25.45919049,-0.5526594399999993,1.0,0.0,975.2846761540368,0.0,975.2846761540368
1668566651.7609794,16979.21,9.43999999999869,25.31362617,-0.1455643200000018,1.0,0.0,975.2846761540368,0.0,975.2846761540368
1668566712.3649964,16980.19,0.9799999999995634,25.39180281,0.0781766400000023,0.0,1.0,0.0,0.0574366173849666,975.2846761540368
1668566772.638798,16962.97,-17.219999999997526,23.27280873,-2.11899408,1.0,0.0,974.295617602667,0.0,974.295617602667
1668566832.785129,16954.22,-8.75,20.65443707,-2.618371660000001,1.0,0.0,974.295617602667,0.0,974.295617602667
1668566893.1584466,16944.86,-9.360000000000582,15.37562726,-5.27880981,1.0,0.0,974.295617602667,0.0,974.295617602667
1668566953.410009,16948.95,4.0900000000001455,13.90013108,-1.4754961800000004,1.0,0.0,974.295617602667,0.0,974.295617602667
1668567013.50535,16939.9,-9.049999999999272,11.09888066,-2.801250419999999,1.0,0.0,974.295617602667,0.0,974.295617602667
1668567073.5213332,16940.81,0.9099999999998544,9.42513738,-1.67374328,1.0,0.0,974.295617602667,0.0,974.295617602667
1668567134.1851044,16953.32,12.5099999999984,9.7654609,0.3403235200000001,0.0,1.0,0.0,0.0574693108843971,974.295617602667
1668567194.7744422,16948.04,-5.279999999998836,8.39254623,-1.37291467,1.0,0.0,973.9921796411976,0.0,973.9921796411976
1668567254.094555,16940.46,-7.580000000001746,6.47972894,-1.9128172900000004,1.0,0.0,973.9921796411976,0.0,973.9921796411976
1668567315.118888,16946.55,6.0900000000001455,6.21971101,-0.26001793,1.0,0.0,973.9921796411976,0.0,973.9921796411976
1668567375.219514,16940.45,-6.099999999998545,5.73310133,-0.4866096799999999,1.0,0.0,973.9921796411976,0.0,973.9921796411976
1668567435.411899,16947.19,6.739999999997963,4.87147553,-0.8616258000000006,1.0,0.0,973.9921796411976,0.0,973.9921796411976
1668567495.93336,16941.08,-6.109999999996944,3.60772338,-1.2637521499999995,1.0,0.0,973.9921796411976,0.0,973.9921796411976
1668567555.9166727,16947.23,6.149999999997817,3.78339663,0.17567325,0.0,1.0,0.0,0.0574720576543303,973.9921796411976
1668567615.8634744,16943.0,-4.229999999999563,2.87652714,-0.90686949,1.0,0.0,973.7490728373184,0.0,973.7490728373184
1668567676.6725378,16923.62,-19.38000000000102,-0.27699679,-3.15352393,1.0,0.0,973.7490728373184,0.0,973.7490728373184
1668567736.741244,16932.85,9.229999999999563,-0.27472663,0.0022701599999999,0.0,1.0,0.0,0.0575065079320562,973.7490728373184
1668567796.7075388,16933.56,0.7100000000027649,-0.66680264,-0.39207601,1.0,0.0,973.7899024579496,0.0,973.7899024579496
1668567858.0510452,16934.89,1.3299999999981085,-0.79058724,-0.1237846,1.0,0.0,973.7899024579496,0.0,973.7899024579496
1668567918.4900331,16928.43,-6.459999999999127,-1.96577156,-1.17518432,1.0,0.0,973.7899024579496,0.0,973.7899024579496
1668567978.1253338,16920.38,-8.049999999999272,-3.57331958,-1.60754802,1.0,0.0,973.7899024579496,0.0,973.7899024579496
1668568038.8146803,16929.28,8.899999999997817,-2.95568556,0.6176340200000001,0.0,1.0,0.0,0.0575210465216447,973.7899024579496
1668568098.833957,16933.03,3.75,-2.54048678,0.4151987799999999,0.0,1.0,0.0,0.0575210465216447,974.0056063824052
1668568158.8359349,16942.01,8.979999999999563,-1.15117511,1.38931167,0.0,1.0,0.0,0.0575210465216447,974.5221453801696
1668568219.645299,16941.77,-0.2399999999979627,-0.6447367,0.50643841,0.0,1.0,0.0,0.0575210465216447,974.5083403290046
1668568279.649794,16941.64,-0.1300000000010186,-0.19040064,0.45433606,0.0,1.0,0.0,0.0575210465216447,974.5008625929568
1668568339.5903156,16946.87,5.229999999999563,0.86080667,1.05120731,0.0,1.0,0.0,0.0575210465216447,974.8016976662648
1668568400.4055283,16948.55,1.680000000000291,1.55564561,0.69483894,0.0,1.0,0.0,0.0575210465216447,974.8983330244212
1668568460.5822923,16940.62,-7.930000000000291,0.91032327,-0.64532234,1.0,0.0,974.4421911255046,0.0,974.4421911255046
1668568520.4790938,16941.6,0.9799999999995634,1.05895167,0.1486283999999998,0.0,1.0,0.0,0.0575177191720678,974.4421911255046
1668568581.3312538,16935.68,-5.919999999998254,0.14307297,-0.9158787,1.0,0.0,974.1016862280052,0.0,974.1016862280052
1668568641.2925408,16938.69,3.0099999999984,0.32690503,0.18383206,0.0,1.0,0.0,0.0575074982910724,974.1016862280052
1668568701.4561884,16932.0,-6.68999999999869,-0.70725561,-1.03416064,1.0,0.0,973.716961064438,0.0,973.716961064438
1668568762.0954225,16936.4,4.400000000001455,-0.46931898,0.23793663,0.0,1.0,0.0,0.0574925581035189,973.716961064438
1668568822.3632743,16932.66,-3.7400000000016007,-1.08063059,-0.61131161,1.0,0.0,973.5019388971303,0.0,973.5019388971303
1668568882.0505216,16939.57,6.909999999999855,-0.38351846,0.6971121299999999,0.0,1.0,0.0,0.0574691057032221,973.5019388971303
1668568942.9245377,16931.74,-7.829999999998108,-1.32422667,-0.94070821,1.0,0.0,973.0519557994738,0.0,973.0519557994738
1668569002.855042,16927.85,-3.890000000003056,-2.13749122,-0.8132645499999998,1.0,0.0,973.0519557994738,0.0,973.0519557994738
1668569063.0674458,16930.41,2.5600000000013097,-2.11466967,0.0228215499999997,0.0,1.0,0.0,0.0574736202962287,973.0519557994738
1668569123.9289756,16935.46,5.049999999999272,-1.41164156,0.70302811,0.0,1.0,0.0,0.0574736202962287,973.3421975819692
1668569183.9183536,16941.58,6.120000000002619,-0.40398211,1.00765945,0.0,1.0,0.0,0.0574736202962287,973.6939361381824
1668569243.8739789,16945.27,3.6899999999986894,0.52922915,0.93321126,0.0,1.0,0.0,0.0574736202962287,973.9060137970752
1668569304.6487498,16947.94,2.6699999999982538,1.40116119,0.87193204,0.0,1.0,0.0,0.0574736202962287,974.059468363266
1668569364.6855729,16949.26,1.319999999999709,2.08805602,0.6868948299999997,0.0,1.0,0.0,0.0574736202962287,974.1353335420572
1668569424.7747293,16947.04,-2.219999999997526,2.20610191,0.1180458900000003,0.0,1.0,0.0,0.0574736202962287,974.0077421049996
1668569485.8199294,16945.68,-1.360000000000582,2.14357103,-0.0625308800000001,1.0,0.0,973.9295779813968,0.0,973.9295779813968
1668569545.6102912,16959.64,13.959999999999129,4.20607047,2.0624994400000003,0.0,1.0,0.0,0.0574263119960917,973.9295779813968
1668569605.4102633,16955.13,-4.509999999998399,4.18826246,-0.0178080100000004,1.0,0.0,973.6705853142944,0.0,973.6705853142944
1668569666.2734058,16937.78,-17.350000000002183,2.03268873,-2.15557373,1.0,0.0,973.6705853142944,0.0,973.6705853142944
1668569726.2792096,16946.99,9.210000000002765,2.7384102,0.7057214700000003,0.0,1.0,0.0,0.0574538950760161,973.6705853142944
1668569786.3276513,16963.53,16.539999999997235,5.04865441,2.31024421,0.0,1.0,0.0,0.0574538950760161,974.6208727388512
1668569847.0773234,16956.07,-7.459999999999127,4.70951635,-0.3391380599999998,1.0,0.0,974.1922666815844,0.0,974.1922666815844
1668569907.0907493,16960.27,4.200000000000728,5.39385932,0.6843429699999994,0.0,1.0,0.0,0.0574396673332196,974.1922666815844
1668569967.0445008,16970.8,10.529999999998836,7.14264663,1.74878731,0.0,1.0,0.0,0.0574396673332196,974.7971063786032
1668570028.2324092,16966.61,-4.18999999999869,7.21473452,0.0720878900000006,0.0,1.0,0.0,0.0574396673332196,974.556434172477
1668570087.9549837,16969.21,2.599999999998545,7.73527637,0.5205418499999999,0.0,1.0,0.0,0.0574396673332196,974.7057773075431
1668570147.777453,16972.51,3.2999999999992724,8.40513825,0.66986188,0.0,1.0,0.0,0.0574396673332196,974.8953282097428
1668570208.5100017,16971.98,-0.5299999999988358,8.45561547,0.0504772199999994,0.0,1.0,0.0,0.0574396673332196,974.8648851860564
1668570268.5241168,16962.41,-9.569999999999707,7.08536807,-1.3702473999999991,1.0,0.0,974.3151875696774,0.0,974.3151875696774
1668570328.5705569,16963.96,1.5499999999992724,6.79329911,-0.2920689599999999,1.0,0.0,974.3151875696774,0.0,974.3151875696774
1668570389.95434,16967.77,3.8100000000013097,6.98543369,0.1921345799999994,0.0,1.0,0.0,0.0574215225436033,974.3151875696774
1668570449.550026,16959.99,-7.779999999998836,5.69296465,-1.2924690399999994,1.0,0.0,973.8684481242866,0.0,973.8684481242866
1668570509.5905595,16946.45,-13.540000000000871,3.19889677,-2.49406788,1.0,0.0,973.8684481242866,0.0,973.8684481242866
1668570570.6999068,16949.96,3.5099999999984,2.5902141,-0.6086826700000003,1.0,0.0,973.8684481242866,0.0,973.8684481242866
1668570630.414829,16957.6,7.639999999999418,2.8378881,0.2476739999999999,0.0,1.0,0.0,0.0574296155189582,973.8684481242866
1668570690.8025029,16952.07,-5.529999999998836,1.76839726,-1.0694908399999998,1.0,0.0,973.5508623504656,0.0,973.5508623504656
1668570751.1410573,16947.26,-4.81000000000131,0.54079559,-1.22760167,1.0,0.0,973.5508623504656,0.0,973.5508623504656
1668570811.1525087,16947.86,0.6000000000021828,-0.01234869,-0.55314428,1.0,0.0,973.5508623504656,0.0,973.5508623504656
1668570871.1631048,16962.58,14.720000000001164,1.59777303,1.61012172,0.0,1.0,0.0,0.057394032178505,973.5508623504656
1668570932.1618454,16959.42,-3.1600000000034925,1.47435817,-0.12341486,1.0,0.0,973.3694972087812,0.0,973.3694972087812
1668570992.1054723,16962.96,3.540000000000873,2.01875165,0.5443934800000001,0.0,1.0,0.0,0.0573820546183438,973.3694972087812
1668571053.010516,16963.29,0.3300000000017462,2.33202032,0.3132686699999998,0.0,1.0,0.0,0.0573820546183438,973.3884332868053
1668571112.9703662,16967.6,4.309999999997672,3.09515587,0.7631355500000003,0.0,1.0,0.0,0.0573820546183438,973.6357499422102
1668571173.1809046,16973.86,6.260000000002037,4.27333802,1.1781821499999996,0.0,1.0,0.0,0.0573820546183438,973.9949616041212
1668571233.2233062,16970.87,-2.9900000000016007,4.27959597,0.0062579500000001,0.0,1.0,0.0,0.0573820546183438,973.8233892608122
1668571293.7463157,16969.87,-1.0,4.33623915,0.05664318,0.0,1.0,0.0,0.0573820546183438,973.766007206194
1668571353.7747352,16966.77,-3.099999999998545,4.00474998,-0.3314891700000002,1.0,0.0,973.5881228368772,0.0,973.5881228368772
1668571413.7612298,16962.09,-4.680000000000291,3.18157045,-0.8231795299999995,1.0,0.0,973.5881228368772,0.0,973.5881228368772
1668571474.7482345,16953.15,-8.93999999999869,1.52908898,-1.65248147,1.0,0.0,973.5881228368772,0.0,973.5881228368772
1668571534.8825386,16951.02,-2.130000000001018,0.41919625,-1.10989273,1.0,0.0,973.5881228368772,0.0,973.5881228368772
1668571594.7261505,16957.18,6.159999999999855,0.56312993,0.14393368,0.0,1.0,0.0,0.0574145065887651,973.5881228368772
1668571656.034212,16952.56,-4.619999999998981,-0.32611088,-0.88924081,1.0,0.0,973.322867816436,0.0,973.322867816436
1668571715.4776084,16946.79,-5.770000000000437,-1.54662296,-1.2205120800000002,1.0,0.0,973.322867816436,0.0,973.322867816436
1668571775.5331173,16953.45,6.659999999999855,-1.18251804,0.3641049200000001,0.0,1.0,0.0,0.0574114925172419,973.322867816436
1668571836.6435847,16949.32,-4.130000000001019,-1.88384837,-0.70133033,1.0,0.0,973.0857583523384,0.0,973.0857583523384
1668571896.280183,16955.7,6.380000000001019,-1.30172799,0.5821203799999999,0.0,1.0,0.0,0.05738989002827,973.0857583523384
1668571956.2990613,16960.18,4.479999999999563,-0.49882577,0.80290222,0.0,1.0,0.0,0.05738989002827,973.3428650596644
1668572017.10657,16960.14,-0.0400000000008731,-0.14427079,0.3545549799999999,0.0,1.0,0.0,0.05738989002827,973.3405694640632
1668572077.0396929,16952.4,-7.739999999997963,-1.01023669,-0.8659659,1.0,0.0,972.8963717152444,0.0,972.8963717152444
1668572137.1502192,16950.97,-1.430000000000291,-1.34508548,-0.3348487900000001,1.0,0.0,972.8963717152444,0.0,972.8963717152444
1668572198.1244044,16956.26,5.289999999997235,-0.85421105,0.4908744300000001,0.0,1.0,0.0,0.0573768255331803,972.8963717152444
1668572258.07795,16961.18,4.920000000001892,-0.04625749,0.80795356,0.0,1.0,0.0,0.0573768255331803,973.178665696867
1668572318.0903492,16959.37,-1.8100000000013097,0.0239181,0.07017559,0.0,1.0,0.0,0.0573768255331803,973.074813642652
1668572378.8868992,16948.22,-11.149999999997815,-1.44110444,-1.46502254,1.0,0.0,972.4350620379572,0.0,972.4350620379572
1668572438.8951604,16947.3,-0.9200000000018916,-1.98820966,-0.5471052200000002,1.0,0.0,972.4350620379572,0.0,972.4350620379572
1668572498.9562469,16946.4,-0.8999999999978172,-2.42452954,-0.4363198799999999,1.0,0.0,972.4350620379572,0.0,972.4350620379572
1668572559.6220715,16926.77,-19.63000000000102,-5.45619175,-3.0316622100000004,1.0,0.0,972.4350620379572,0.0,972.4350620379572
1668572619.6267092,16924.89,-1.8800000000010184,-6.80752739,-1.3513356399999994,1.0,0.0,972.4350620379572,0.0,972.4350620379572
1668572679.7238498,16909.11,-15.779999999998836,-9.9025135,-3.09498611,1.0,0.0,972.4350620379572,0.0,972.4350620379572
1668572740.8115296,16896.26,-12.850000000002185,-13.10144018,-3.1989266800000014,1.0,0.0,972.4350620379572,0.0,972.4350620379572
1668572800.6579,16903.95,7.690000000002328,-13.51072205,-0.4092818699999991,1.0,0.0,972.4350620379572,0.0,972.4350620379572
1668572860.7214785,16913.5,9.549999999999272,-12.80802547,0.7026965799999996,0.0,1.0,0.0,0.0574946085693651,972.4350620379572
1668572921.4714024,16913.63,0.1300000000010186,-12.64012411,0.1679013600000001,0.0,1.0,0.0,0.0574946085693651,972.4425363370708
1668572981.4865785,16905.09,-8.540000000000873,-13.5627662,-0.92264209,1.0,0.0,971.9515323798882,0.0,971.9515323798882
1668573041.5307858,16912.67,7.579999999998108,-12.58715774,0.97560846,0.0,1.0,0.0,0.0574688403652343,971.9515323798882
1668573102.2785656,16912.16,-0.5099999999983993,-12.23268972,0.3544680200000005,0.0,1.0,0.0,0.0574688403652343,971.9222232713008
1668573163.0553255,16924.13,11.970000000001164,-10.32932398,1.90336574,0.0,1.0,0.0,0.0574688403652343,972.6101252904728
1668573222.2677004,16925.53,1.3999999999978172,-9.08106927,1.2482547099999994,0.0,1.0,0.0,0.0574688403652343,972.690581666984
1668573283.5577278,16916.67,-8.860000000000582,-9.057959,0.0231102700000001,0.0,1.0,0.0,0.0574688403652343,972.181407741348
1668573343.545581,16916.54,-0.1299999999973806,-8.99652531,0.0614336899999994,0.0,1.0,0.0,0.0574688403652343,972.1739367921008
1668573403.2979703,16918.43,1.889999999999418,-8.25356698,0.7429583300000004,0.0,1.0,0.0,0.0574688403652343,972.282552900391
1668573464.0654063,16915.22,-3.209999999999127,-8.23910038,0.0144666000000004,0.0,1.0,0.0,0.0574688403652343,972.0980779228188
1668573524.1458464,16915.66,0.4399999999986903,-7.56901421,0.6700861700000003,0.0,1.0,0.0,0.0574688403652343,972.1233642125792
1668573584.0689652,16911.63,-4.029999999998836,-7.91081725,-0.3418030400000003,1.0,0.0,971.8917647859074,0.0,971.8917647859074
1668573644.884436,16910.63,-1.0,-7.62769772,0.2831195300000004,0.0,1.0,0.0,0.0574722387507684,971.8917647859074
1668573704.9185994,16907.96,-2.670000000001892,-8.10176238,-0.4740646600000007,1.0,0.0,971.738313908442,0.0,971.738313908442
1668573764.9240537,16909.97,2.0100000000020373,-7.63204295,0.4697194300000005,0.0,1.0,0.0,0.0574654073252904,971.738313908442
1668573825.7410393,16911.36,1.389999999999418,-7.07570513,0.5563378199999995,0.0,1.0,0.0,0.0574654073252904,971.8181908246232
1668573885.752478,16909.83,-1.5299999999988358,-6.79967524,0.2760298900000002,0.0,1.0,0.0,0.0574654073252904,971.7302687514156
1668573945.7446325,16906.81,-3.020000000000437,-6.85306824,-0.0533929999999998,1.0,0.0,971.556723221293,0.0,971.556723221293
1668574006.9037874,16917.59,10.779999999998836,-5.69320957,1.1598586700000002,0.0,1.0,0.0,0.0574287899884849,971.556723221293
1668574066.866048,16919.78,2.1899999999986903,-4.96384743,0.7293621399999992,0.0,1.0,0.0,0.0574287899884849,971.682492271367
1668574126.7261488,16921.27,1.4900000000016007,-3.88329092,1.0805565100000003,0.0,1.0,0.0,0.0574287899884849,971.76806116845
1668574187.6781237,16918.0,-3.270000000000437,-2.88752062,0.9957702999999998,0.0,1.0,0.0,0.0574287899884849,971.5802690251876
1668574248.2650485,16914.96,-3.040000000000873,-2.68089074,0.2066298799999999,0.0,1.0,0.0,0.0574287899884849,971.4056855036224
1668574307.6983747,16919.68,4.720000000001164,-2.23653136,0.4443593800000003,0.0,1.0,0.0,0.0574287899884849,971.6767493923682
1668574368.5086577,16916.47,-3.209999999999127,-2.06806099,0.1684703699999996,0.0,1.0,0.0,0.0574287899884849,971.4924029765052
1668574428.448495,16919.4,2.930000000000291,-1.62367141,0.4443895800000002,0.0,1.0,0.0,0.0574287899884849,971.6606693311714
1668574488.4127262,16911.88,-7.520000000000437,-2.30147971,-0.6778083000000001,1.0,0.0,971.228804830458,0.0,971.228804830458
1668574549.5238602,16906.87,-5.010000000002037,-2.90614306,-0.6046633499999996,1.0,0.0,971.228804830458,0.0,971.228804830458
1668574609.5632896,16907.8,0.930000000000291,-3.10582249,-0.1996794300000002,1.0,0.0,971.228804830458,0.0,971.228804830458
1668574669.561292,16903.07,-4.729999999999563,-3.67207342,-0.5662509299999998,1.0,0.0,971.228804830458,0.0,971.228804830458
1668574730.5961227,16905.94,2.8699999999989814,-3.92536245,-0.2532890300000003,1.0,0.0,971.228804830458,0.0,971.228804830458
1668574790.4424772,16912.27,6.330000000001746,-3.37066462,0.5546978300000003,0.0,1.0,0.0,0.057427465670218,971.228804830458
1668574850.4574254,16902.84,-9.430000000000293,-3.9316927,-0.5610280800000003,1.0,0.0,970.6872638291876,0.0,970.6872638291876
1668574911.1198742,16909.27,6.430000000000291,-3.7758071,0.1558855999999999,0.0,1.0,0.0,0.0574056280270637,970.6872638291876
1668574971.1691933,16902.53,-6.740000000001601,-3.99595588,-0.2201487799999997,1.0,0.0,970.300349896285,0.0,970.300349896285
1668575031.127194,16899.3,-3.2299999999995634,-4.466935,-0.4709791200000004,1.0,0.0,970.300349896285,0.0,970.300349896285
1668575092.138337,16904.32,5.020000000000437,-4.2202328,0.2467022000000005,0.0,1.0,0.0,0.0573995493398305,970.300349896285
1668575152.2737646,16899.46,-4.860000000000582,-4.46883617,-0.2486033700000005,1.0,0.0,970.0213880864918,0.0,970.0213880864918
1668575212.233743,16895.98,-3.4799999999995634,-4.78229852,-0.31346235,1.0,0.0,970.0213880864918,0.0,970.0213880864918
1668575273.2051094,16896.18,0.2000000000007276,-5.97998592,-1.1976873999999995,1.0,0.0,970.0213880864918,0.0,970.0213880864918
1668575332.9790032,16898.26,2.0799999999981083,-5.36116818,0.6188177399999999,0.0,1.0,0.0,0.0574036254671482,970.0213880864918
1668575393.017457,16888.89,-9.36999999999898,-6.05244486,-0.6912766799999996,1.0,0.0,969.4835161158644,0.0,969.4835161158644
1668575453.839579,16894.85,5.959999999999127,-6.00808523,0.0443596299999997,0.0,1.0,0.0,0.0573833751773981,969.4835161158644
1668575514.133694,16895.95,1.1000000000021828,-6.08103362,-0.0729483900000005,1.0,0.0,969.5466378285594,0.0,969.5466378285594
1668575573.8035078,16902.0,6.049999999999272,-5.26732799,0.8137056300000003,0.0,1.0,0.0,0.0573628350389633,969.5466378285594
1668575634.6896214,16898.7,-3.2999999999992724,-5.19252774,0.07480025,0.0,1.0,0.0,0.0573628350389633,969.3573404729292
1668575694.8005538,16899.6,0.8999999999978172,-4.43020696,0.7623207800000005,0.0,1.0,0.0,0.0573628350389633,969.408967024464
1668575755.0942018,16905.13,5.530000000002474,-3.51664665,0.9135603099999994,0.0,1.0,0.0,0.0573628350389633,969.7261835022296
1668575815.8865626,16905.58,0.4500000000007276,-2.85335641,0.6632902400000003,0.0,1.0,0.0,0.0573628350389633,969.7519967779972
1668575875.6675208,16901.2,-4.380000000001019,-2.73769596,0.11566045,0.0,1.0,0.0,0.0573628350389633,969.5007475605264
1668575935.635937,16914.39,13.18999999999869,-0.97940009,1.75829587,0.0,1.0,0.0,0.0573628350389633,970.2573633546904
1668575996.5001106,16920.9,6.510000000002037,0.58974648,1.56914657,0.0,1.0,0.0,0.0573628350389633,970.630795410794
1668576056.4740756,16919.04,-1.860000000000582,1.96996733,1.3802208500000002,0.0,1.0,0.0,0.0573628350389633,970.5241005376216
1668576116.6911807,16926.0,6.959999999999127,3.40325004,1.43328271,0.0,1.0,0.0,0.0573628350389633,970.9233458694928
1668576177.5426006,16927.99,1.9900000000016007,4.70686617,1.3036161299999995,0.0,1.0,0.0,0.0573628350389633,971.0374979112204
1668576237.2901013,16919.89,-8.100000000002183,4.30969624,-0.3971699299999995,1.0,0.0,970.5728589474048,0.0,970.5728589474048
1668576297.4096973,16930.06,10.170000000001892,5.28309449,0.9733982499999998,0.0,1.0,0.0,0.0573283768012283,970.5728589474048
1668576358.350276,16920.55,-9.510000000002035,5.1073021,-0.1757923899999998,1.0,0.0,970.0276660840236,0.0,970.0276660840236
1668576418.385953,16925.44,4.889999999999418,5.62707343,0.5197713300000002,0.0,1.0,0.0,0.0573118138189626,970.0276660840236
1668576478.252198,16920.05,-5.389999999999418,5.03756715,-0.5895062800000002,1.0,0.0,969.718755407538,0.0,969.718755407538
1668576539.2634375,16931.0,10.950000000000728,5.82038224,0.7828150899999997,0.0,1.0,0.0,0.0572747478239642,969.718755407538
1668576599.1452832,16940.98,9.979999999999563,7.52791034,1.7075281000000002,0.0,1.0,0.0,0.0572747478239642,970.2903573908212
1668576659.202725,16950.82,9.840000000000146,8.63910752,1.1111971799999996,0.0,1.0,0.0,0.0572747478239642,970.8539409094088
1668576719.9905708,16949.6,-1.2200000000011642,9.92729123,1.2881837100000002,0.0,1.0,0.0,0.0572747478239642,970.7840657170636
1668576780.3076737,16942.71,-6.889999999999418,9.72767025,-0.1996209800000006,1.0,0.0,970.3894427045564,0.0,970.3894427045564
1668576840.019292,16932.46,-10.25,8.72608727,-1.0015829799999985,1.0,0.0,970.3894427045564,0.0,970.3894427045564
1668576901.3671255,16935.11,2.650000000001455,7.80290854,-0.923178730000001,1.0,0.0,970.3894427045564,0.0,970.3894427045564
1668576961.2434444,16919.48,-15.63000000000102,5.38940677,-2.41350177,1.0,0.0,970.3894427045564,0.0,970.3894427045564
1668577021.12281,16916.41,-3.069999999999709,3.62340143,-1.76600534,1.0,0.0,970.3894427045564,0.0,970.3894427045564
1668577082.2849493,16922.07,5.659999999999855,3.62628191,0.0028804799999999,0.0,1.0,0.0,0.0573446063457104,970.3894427045564
1668577142.1170468,16919.07,-3.0,2.80336309,-0.8229188199999999,1.0,0.0,970.2174088855184,0.0,970.2174088855184
1668577202.6102595,16916.33,-2.7399999999979627,1.88453547,-0.9188276199999998,1.0,0.0,970.2174088855184,0.0,970.2174088855184
1668577262.894652,16917.01,0.6799999999966531,1.90096941,0.0164339399999999,0.0,1.0,0.0,0.0573515892516182,970.2174088855184
1668577322.945745,16923.07,6.06000000000131,1.89792921,-0.0030402,1.0,0.0,970.5649595163824,0.0,970.5649595163824
1668577382.933088,16923.47,0.4000000000014552,1.36915437,-0.5287748400000001,1.0,0.0,970.5649595163824,0.0,970.5649595163824
1668577444.375888,16925.21,1.7399999999979627,1.6375749,0.26842053,0.0,1.0,0.0,0.0573443377964812,970.5649595163824
1668577503.76614,16942.0,16.790000000000873,3.45382814,1.81625324,0.0,1.0,0.0,0.0573443377964812,971.5277709479844
1668577563.713061,16930.46,-11.540000000000871,2.76280964,-0.6910185000000002,1.0,0.0,970.866017289813,0.0,970.866017289813
1668577624.845924,16940.14,9.680000000000293,3.95845264,1.195643,0.0,1.0,0.0,0.0573115698742639,970.866017289813
1668577684.722258,16932.83,-7.309999999997672,3.71820179,-0.2402508499999998,1.0,0.0,970.447069714032,0.0,970.447069714032
1668577744.9560306,16940.37,7.539999999997235,4.34900958,0.6308077899999995,0.0,1.0,0.0,0.0572860610313725,970.447069714032
1668577805.8617277,16943.05,2.680000000000291,4.91560394,0.5665943599999999,0.0,1.0,0.0,0.0572860610313725,970.6005963575958
1668577865.5778522,16942.25,-0.7999999999992724,5.3832048,0.4676008600000001,0.0,1.0,0.0,0.0572860610313725,970.5547675087709
1668577925.558745,16931.28,-10.970000000001164,4.33614993,-1.0470548699999993,1.0,0.0,969.9263394192566,0.0,969.9263394192566
1668577986.5826173,16920.73,-10.549999999999272,2.13513561,-2.2010143200000005,1.0,0.0,969.9263394192566,0.0,969.9263394192566
1668578046.3832629,16930.65,9.920000000001892,2.10514366,-0.0299919499999998,1.0,0.0,969.9263394192566,0.0,969.9263394192566
1668578106.4441624,16925.85,-4.80000000000291,1.40429939,-0.7008442699999999,1.0,0.0,969.9263394192566,0.0,969.9263394192566
1668578167.5052724,16913.13,-12.719999999997526,-0.15188594,-1.55618533,1.0,0.0,969.9263394192566,0.0,969.9263394192566
1668578227.449357,16916.49,3.360000000000582,-0.72575288,-0.57386694,1.0,0.0,969.9263394192566,0.0,969.9263394192566
1668578288.372318,16904.17,-12.320000000003349,-2.46036664,-1.7346137600000002,1.0,0.0,969.9263394192566,0.0,969.9263394192566
1668578348.4600987,16922.63,18.460000000002765,-1.7365751,0.7237915400000001,0.0,1.0,0.0,0.0573153427935998,969.9263394192566
1668578408.6110244,16928.62,5.989999999997963,-0.58790512,1.1486699800000002,0.0,1.0,0.0,0.0573153427935998,970.2696583225894
1668578468.8317635,16917.48,-11.139999999999418,-1.55711001,-0.96920489,1.0,0.0,969.6311654038687,0.0,969.6311654038687
1668578529.2343032,16916.62,-0.8600000000005821,-2.17662836,-0.6195183500000001,1.0,0.0,969.6311654038687,0.0,969.6311654038687
1668578589.3350558,16924.25,7.630000000001019,-1.61146169,0.56516667,0.0,1.0,0.0,0.057292415640508,969.6311654038687
1668578649.205511,16928.47,4.220000000001164,-0.92436626,0.6870954300000001,0.0,1.0,0.0,0.057292415640508,969.8729393978704
1668578710.3502705,16924.8,-3.670000000001892,-1.27934538,-0.3549791200000001,1.0,0.0,969.6626762324696,0.0,969.6626762324696
1668578770.3490264,16933.34,8.540000000000873,0.34089667,1.62024205,0.0,1.0,0.0,0.0572635213273028,969.6626762324696
1668578830.3947935,16919.83,-13.5099999999984,-0.79189605,-1.13279272,1.0,0.0,968.8890460593378,0.0,968.8890460593378
1668578891.6359994,16923.93,4.099999999998545,-0.10028408,0.69161197,0.0,1.0,0.0,0.0572496486371273,968.8890460593378
1668578951.2106104,16919.14,-4.790000000000873,-0.7039298,-0.60364572,1.0,0.0,968.614820242366,0.0,968.614820242366
1668579011.170838,16908.33,-10.809999999997672,-2.24627269,-1.54234289,1.0,0.0,968.614820242366,0.0,968.614820242366
1668579072.0968268,16892.74,-15.590000000000146,-4.73307458,-2.48680189,1.0,0.0,968.614820242366,0.0,968.614820242366
1668579132.201639,16882.1,-10.640000000003056,-8.7602513,-4.02717672,1.0,0.0,968.614820242366,0.0,968.614820242366
1668579192.086972,16854.79,-27.30999999999767,-13.92041927,-5.16016797,1.0,0.0,968.614820242366,0.0,968.614820242366
1668579253.744823,16868.54,13.75,-14.09717876,-0.1767594900000002,1.0,0.0,968.614820242366,0.0,968.614820242366
1668579313.6888633,16857.92,-10.62000000000262,-14.94435824,-0.8471794799999994,1.0,0.0,968.614820242366,0.0,968.614820242366
1668579374.7818253,16842.77,-15.149999999997815,-20.27592626,-5.331568019999999,1.0,0.0,968.614820242366,0.0,968.614820242366
1668579434.527287,16840.23,-2.540000000000873,-20.47854734,-0.2026210800000001,1.0,0.0,968.614820242366,0.0,968.614820242366
1668579494.630625,16861.53,21.299999999999272,-18.5769817,1.9015656399999976,0.0,1.0,0.0,0.0574452508308775,968.614820242366
1668579554.6486049,16854.38,-7.149999999997817,-19.14735207,-0.5703703699999991,1.0,0.0,968.2040866989252,0.0,968.2040866989252
1668579615.4664934,16835.81,-18.56999999999971,-21.53056371,-2.383211639999999,1.0,0.0,968.2040866989252,0.0,968.2040866989252
1668579675.5294724,16836.01,0.1999999999970896,-22.10170246,-0.5711387499999994,1.0,0.0,968.2040866989252,0.0,968.2040866989252
1668579735.4609344,16811.84,-24.169999999998254,-25.60028687,-3.498584410000003,1.0,0.0,968.2040866989252,0.0,968.2040866989252
1668579796.210009,16830.71,18.86999999999898,-23.87394258,1.72634429,0.0,1.0,0.0,0.0575260394064733,968.2040866989252
1668579856.2588828,16834.22,3.5100000000020373,-23.01438789,0.8595546900000031,0.0,1.0,0.0,0.0575260394064733,968.4060030972412
1668579916.4314115,16833.94,-0.2800000000024738,-22.23968771,0.77470018,0.0,1.0,0.0,0.0575260394064733,968.389895806207
1668579977.2790985,16821.76,-12.180000000000293,-23.18846591,-0.9487782000000032,1.0,0.0,967.6892286462362,0.0,967.6892286462362
1668580037.1914284,16821.09,-0.6699999999982538,-22.90727444,0.2811914700000031,0.0,1.0,0.0,0.0575283307232906,967.6892286462362
1668580097.3870292,16826.36,5.270000000000437,-21.58547754,1.321796899999999,0.0,1.0,0.0,0.0575283307232906,967.992402949148
1668580158.1273234,16821.43,-4.930000000000291,-21.38455728,0.2009202600000001,0.0,1.0,0.0,0.0575283307232906,967.7087882786822
1668580218.1159654,16821.35,-0.0800000000017462,-20.5862366,0.7983206799999998,0.0,1.0,0.0,0.0575283307232906,967.7041860122242
1668580278.234815,16832.64,11.290000000000871,-18.22706241,2.359174190000001,0.0,1.0,0.0,0.0575283307232906,968.35368086609
1668580338.8527863,16830.22,-2.4199999999982538,-17.21870725,1.0083551599999971,0.0,1.0,0.0,0.0575283307232906,968.21446230574
1668580398.8981602,16826.08,-4.139999999999418,-16.66645274,0.5522545100000009,0.0,1.0,0.0,0.0575283307232906,967.9762950165456
1668580459.019737,16822.21,-3.8700000000026193,-16.38759993,0.27885281,0.0,1.0,0.0,0.0575283307232906,967.7536603766464
1668580520.4797394,16823.41,1.2000000000007276,-15.43824255,0.9493573800000004,0.0,1.0,0.0,0.0575283307232906,967.8226943735142
1668580580.001815,16813.63,-9.779999999998836,-16.18841655,-0.7501739999999995,1.0,0.0,967.2600672990404,0.0,967.2600672990404
1668580640.0254805,16801.06,-12.569999999999707,-17.62109979,-1.4326832399999994,1.0,0.0,967.2600672990404,0.0,967.2600672990404
1668580700.782844,16818.49,17.43000000000029,-15.24329803,2.3778017599999988,0.0,1.0,0.0,0.0575117068951517,967.2600672990404
1668580760.7458663,16831.04,12.549999999999272,-12.52386114,2.7194368900000008,0.0,1.0,0.0,0.0575117068951517,967.981839220574
1668580820.7841563,16831.4,0.3600000000005821,-11.02597892,1.4978822199999993,0.0,1.0,0.0,0.0575117068951517,968.0025434350564
1668580881.5946798,16834.7,3.2999999999992724,-9.24037851,1.7856004100000007,0.0,1.0,0.0,0.0575117068951517,968.1923320678104
1668580941.6819522,16837.05,2.349999999998545,-7.66014645,1.5802320599999993,0.0,1.0,0.0,0.0575117068951517,968.327484579014
1668581001.537138,16831.58,-5.469999999997526,-7.20809569,0.4520507599999996,0.0,1.0,0.0,0.0575117068951517,968.0128955422977
1668581062.969911,16834.96,3.3799999999973807,-5.99529217,1.2128035200000005,0.0,1.0,0.0,0.0575117068951517,968.207285111603
1668581122.9341085,16840.79,5.830000000001746,-4.36824751,1.62704466,0.0,1.0,0.0,0.0575117068951517,968.5425783628018
1668581183.0935457,16848.86,8.069999999999709,-2.26729357,2.10095394,0.0,1.0,0.0,0.0575117068951517,969.0066978374456
1668581243.960642,16851.03,2.1699999999982538,-0.75483719,1.5124563800000002,0.0,1.0,0.0,0.0575117068951517,969.131498241408
1668581303.783322,16856.31,5.280000000002474,1.01075825,1.7655954400000002,0.0,1.0,0.0,0.0575117068951517,969.4351600538146
1668581363.806033,16862.61,6.299999999999272,2.90740482,1.89664657,0.0,1.0,0.0,0.0575117068951517,969.797483807254
1668581424.579906,16860.4,-2.209999999999127,3.69157228,0.7841674599999999,0.0,1.0,0.0,0.0575117068951517,969.6703829350158
1668581544.559271,16852.2,-8.200000000000728,3.39765656,-0.2939157199999997,1.0,0.0,969.1987869384756,0.0,969.1987869384756
1668581605.4505188,16853.64,1.4399999999986903,3.70639815,0.3087415899999999,0.0,1.0,0.0,0.0575067930096095,969.1987869384756
1668581665.2944484,16866.96,13.319999999999707,5.6014946,1.89509645,0.0,1.0,0.0,0.0575067930096095,969.964777421363
1668581725.314577,16867.83,0.8700000000026193,6.40961342,0.8081188200000007,0.0,1.0,0.0,0.0575067930096095,970.0148083312816
1668581786.3139122,16870.66,2.8299999999981083,7.31459221,0.9049787899999996,0.0,1.0,0.0,0.0575067930096095,970.1775525554988
1668581846.4136226,16873.76,3.099999999998545,8.19095969,0.8763674799999999,0.0,1.0,0.0,0.0575067930096095,970.3558236138284
1668581906.3097565,16876.23,2.470000000001164,8.89464541,0.7036857200000011,0.0,1.0,0.0,0.0575067930096095,970.4978653925622
1668581967.5076954,16867.92,-8.31000000000131,8.06477894,-0.8298664700000007,1.0,0.0,970.0199839426522,0.0,970.0199839426522
1668582027.2202532,16866.62,-1.2999999999992724,7.58427205,-0.48050689,1.0,0.0,970.0199839426522,0.0,970.0199839426522
1668582087.341239,16860.2,-6.419999999998254,6.3730367,-1.21123535,1.0,0.0,970.0199839426522,0.0,970.0199839426522
1668582147.9615664,16870.58,10.38000000000102,7.22046622,0.8474295199999995,0.0,1.0,0.0,0.0574977258602046,970.0199839426522
1668582207.9583986,16883.12,12.539999999997235,8.87043854,1.6499723200000007,0.0,1.0,0.0,0.0574977258602046,970.7410054249376
1668582267.9195683,16888.02,4.900000000001455,9.97099684,1.1005582999999994,0.0,1.0,0.0,0.0574977258602046,971.0227442816524
1668582329.212518,16888.32,0.2999999999992724,10.41698729,0.44599045,0.0,1.0,0.0,0.0574977258602046,971.0399935994104
1668582388.924267,16892.69,4.369999999998981,11.35136265,0.9343753600000008,0.0,1.0,0.0,0.0574977258602046,971.2912586614196
1668582449.0371623,16877.92,-14.770000000000437,9.49781916,-1.85354349,1.0,0.0,970.4420172504643,0.0,970.4420172504643
1668582509.6192214,16885.04,7.120000000002619,9.94748869,0.4496695299999995,0.0,1.0,0.0,0.0574734805040713,970.4420172504643
1668582569.721173,16874.99,-10.049999999999272,8.32060415,-1.6268845400000007,1.0,0.0,969.8644087713982,0.0,969.8644087713982
1668582629.8911085,16860.11,-14.88000000000102,5.4233043,-2.89729985,1.0,0.0,969.8644087713982,0.0,969.8644087713982
1668582690.739272,16869.29,9.180000000000293,5.274891,-0.1484132999999996,1.0,0.0,969.8644087713982,0.0,969.8644087713982
1668582750.4384718,16861.02,-8.270000000000437,3.40068657,-1.8742044300000005,1.0,0.0,969.8644087713982,0.0,969.8644087713982
1668582810.4482508,16856.78,-4.240000000001601,1.81103237,-1.5896542,1.0,0.0,969.8644087713982,0.0,969.8644087713982
1668582871.5608,16845.68,-11.099999999998545,-0.80538034,-2.61641271,1.0,0.0,969.8644087713982,0.0,969.8644087713982
1668582931.5573647,16845.74,0.0600000000013096,-2.09761337,-1.2922330299999998,1.0,0.0,969.8644087713982,0.0,969.8644087713982
1668582991.6385574,16849.75,4.009999999998399,-2.52363543,-0.4260220600000002,1.0,0.0,969.8644087713982,0.0,969.8644087713982
1668583052.393327,16857.5,7.75,-2.03666727,0.48696816,0.0,1.0,0.0,0.0575331104120657,969.8644087713982
1668583112.9828112,16857.5,0.0,-2.01449243,0.0221748400000003,0.0,1.0,0.0,0.0575331104120657,969.8644087713976
1668583172.4874468,16859.03,1.5299999999988358,-1.74932954,0.2651628899999998,0.0,1.0,0.0,0.0575331104120657,969.952434430328
1668583233.1852956,16862.77,3.7400000000016007,-1.1454485,0.6038810399999999,0.0,1.0,0.0,0.0575331104120657,970.1676082632692
1668583293.3718178,16856.11,-6.659999999999855,-1.8683658,-0.7229173,1.0,0.0,969.7844377479248,0.0,969.7844377479248
1668583353.196388,16858.82,2.709999999999127,-1.57974839,0.2886174100000001,0.0,1.0,0.0,0.0575238621533372,969.7844377479248
1668583413.930797,16858.35,-0.4700000000011641,-1.60900495,-0.02925656,1.0,0.0,969.757401532712,0.0,969.757401532712
1668583473.8992882,16858.01,-0.3400000000001455,-1.59415431,0.0148506400000001,0.0,1.0,0.0,0.0575250223207076,969.757401532712
1668583533.9027376,16861.81,3.8000000000029104,-1.0496541,0.54450021,0.0,1.0,0.0,0.0575250223207076,969.9759966175308
1668583594.8583004,16854.33,-7.479999999999563,-1.90410173,-0.8544476300000001,1.0,0.0,969.5457094505718,0.0,969.5457094505718
1668583655.0167415,16846.37,-7.960000000002765,-3.1276642,-1.2235624699999998,1.0,0.0,969.5457094505718,0.0,969.5457094505718
1668583715.015608,16868.8,22.43000000000029,-0.42177095,2.70589325,0.0,1.0,0.0,0.0574756775497114,969.5457094505718
1668583775.8136992,16867.61,-1.1899999999986903,0.13295241,0.55472336,0.0,1.0,0.0,0.0574756775497114,969.4773133942876
1668583835.6842988,16861.0,-6.610000000000582,-0.2693459,-0.40229831,1.0,0.0,969.097399165684,0.0,969.097399165684
1668583895.6816823,16850.89,-10.110000000000582,-1.62252032,-1.35317442,1.0,0.0,969.097399165684,0.0,969.097399165684
1668583956.388698,16850.57,-0.3199999999997089,-2.03754181,-0.41502149,1.0,0.0,969.097399165684,0.0,969.097399165684
1668584016.4823496,16862.27,11.700000000000728,-0.70616496,1.33137685,0.0,1.0,0.0,0.057471348707243,969.097399165684
1668584076.5619676,16866.13,3.860000000000582,0.15939916,0.8655641199999999,0.0,1.0,0.0,0.057471348707243,969.3192385716924
1668584137.6876802,16866.87,0.7399999999979627,0.71818441,0.55878525,0.0,1.0,0.0,0.057471348707243,969.3617673697356
1668584197.478404,16855.35,-11.520000000000437,-0.54632566,-1.26451007,1.0,0.0,968.6996974326282,0.0,968.6996974326282
1668584257.4248824,16848.92,-6.430000000000291,-1.71977939,-1.17345373,1.0,0.0,968.6996974326282,0.0,968.6996974326282
1668584318.083805,16856.28,7.360000000000582,-1.17725369,0.5425257000000001,0.0,1.0,0.0,0.0574681778798541,968.6996974326282
1668584378.1260068,16846.51,-9.770000000000437,-2.57988973,-1.4026360400000002,1.0,0.0,968.1382333347408,0.0,968.1382333347408
1668584438.1537364,16837.13,-9.37999999999738,-4.39803957,-1.81814984,1.0,0.0,968.1382333347408,0.0,968.1382333347408
1668584498.9783614,16841.12,3.9899999999979614,-4.58836454,-0.1903249699999998,1.0,0.0,968.1382333347408,0.0,968.1382333347408
1668584559.2438688,16846.02,4.900000000001455,-4.24188726,0.3464772799999993,0.0,1.0,0.0,0.0574698494561172,968.1382333347408
1668584619.1546335,16848.23,2.209999999999127,-3.81676597,0.4251212900000003,0.0,1.0,0.0,0.0574698494561172,968.2652417020377
1668584680.9240892,16858.15,9.920000000001892,-2.27662999,1.54013598,0.0,1.0,0.0,0.0574698494561172,968.8353426086423
1668584740.1673455,16856.6,-1.5500000000029104,-1.82831761,0.4483123799999999,0.0,1.0,0.0,0.0574698494561172,968.7462643419852
1668584800.0635,16864.98,8.380000000001019,-0.19896176,1.62935585,0.0,1.0,0.0,0.0574698494561172,969.2278616804276
1668584860.9852648,16869.36,4.380000000001019,1.14341368,1.34237544,0.0,1.0,0.0,0.0574698494561172,969.4795796210452
1668584920.879932,16862.34,-7.020000000000437,0.95602329,-0.1873903900000001,1.0,0.0,969.0761412778634,0.0,969.0761412778634
1668584980.9042823,16869.99,7.650000000001455,2.32897745,1.37295416,0.0,1.0,0.0,0.0574437887205542,969.0761412778634
1668585042.0742075,16870.71,0.7199999999975262,3.03427688,0.7052994300000002,0.0,1.0,0.0,0.0574437887205542,969.117500805741
1668585102.1849332,16870.34,-0.3699999999989813,3.3693552,0.33507832,0.0,1.0,0.0,0.0574437887205542,969.0962466039144
1668585162.8056085,16859.97,-10.36999999999898,2.88730083,-0.4820543700000002,1.0,0.0,968.5005545148824,0.0,968.5005545148824
1668585222.913558,16847.8,-12.170000000001892,1.10410988,-1.78319095,1.0,0.0,968.5005545148824,0.0,968.5005545148824
1668585282.7218792,16863.84,16.040000000000873,1.87828414,0.7741742600000001,0.0,1.0,0.0,0.0574306062269852,968.5005545148824
1668585342.7947197,16863.45,-0.3899999999994179,2.01823187,0.13994773,0.0,1.0,0.0,0.0574306062269852,968.4781565784536
1668585404.253778,16848.52,-14.930000000000293,0.19967501,-1.81855686,1.0,0.0,967.6207176274846,0.0,967.6207176274846
1668585464.1227927,16852.55,4.029999999998836,-0.51885377,-0.71852878,1.0,0.0,967.6207176274846,0.0,967.6207176274846
1668585524.0252314,16834.94,-17.610000000000582,-2.7317501,-2.2128963300000004,1.0,0.0,967.6207176274846,0.0,967.6207176274846
1668585584.491605,16832.85,-2.090000000000145,-4.33107056,-1.5993204599999995,1.0,0.0,967.6207176274846,0.0,967.6207176274846
1668585644.6811135,16817.28,-15.569999999999707,-7.14874756,-2.8176770000000007,1.0,0.0,967.6207176274846,0.0,967.6207176274846
1668585704.7642365,16782.21,-35.06999999999971,-13.67440816,-6.5256606,1.0,0.0,967.6207176274846,0.0,967.6207176274846
1668585765.3519278,16793.97,11.760000000002035,-14.34779945,-0.6733912899999996,1.0,0.0,967.6207176274846,0.0,967.6207176274846
1668585825.3512952,16809.15,15.180000000000293,-14.77451112,-0.4267116699999995,1.0,0.0,967.6207176274846,0.0,967.6207176274846
1668585885.297153,16820.6,11.44999999999709,-13.26748382,1.507027299999999,0.0,1.0,0.0,0.057525933535515,967.6207176274846
1668585946.943589,16822.9,2.3000000000029104,-11.65656575,1.6109180700000003,0.0,1.0,0.0,0.057525933535515,967.7530272746154
1668586006.6247928,16813.08,-9.819999999999707,-12.92190413,-1.265338379999999,1.0,0.0,967.1881226072968,0.0,967.1881226072968
1668586066.658584,16816.75,3.6699999999982538,-11.43875639,1.4831477399999995,0.0,1.0,0.0,0.0575133793751644,967.1881226072968
1668586127.3516135,16813.66,-3.090000000000145,-11.64632995,-0.2075735600000001,1.0,0.0,967.0104062650267,0.0,967.0104062650267
1668586187.3856,16836.05,22.38999999999941,-9.32254256,2.32378739,0.0,1.0,0.0,0.057436893230005,967.0104062650267
1668586247.458073,16829.97,-6.079999999998108,-8.48977637,0.832766190000001,0.0,1.0,0.0,0.057436893230005,966.6611899541872
1668586308.2824457,16811.0,-18.970000000001164,-10.11023041,-1.6204540400000005,1.0,0.0,965.571612089614,0.0,965.571612089614
1668586368.2406523,16812.97,1.970000000001164,-9.29226207,0.8179683400000002,0.0,1.0,0.0,0.0574301632661935,965.571612089614
1668586428.192286,16810.84,-2.130000000001018,-9.47723094,-0.1849688700000005,1.0,0.0,965.4492858418564,0.0,965.4492858418564
1668586488.986274,16795.36,-15.479999999999563,-11.34758888,-1.87035794,1.0,0.0,965.4492858418564,0.0,965.4492858418564
1668586549.278927,16802.82,7.459999999999127,-11.12125309,0.2263357900000002,0.0,1.0,0.0,0.0574575747310187,965.4492858418564
1668586609.0131822,16786.17,-16.650000000001455,-13.70448358,-2.58323049,1.0,0.0,964.492617222584,0.0,964.492617222584
1668586669.8143518,16796.91,10.7400000000016,-12.83577787,0.8687057100000004,0.0,1.0,0.0,0.057420836167044,964.492617222584
1668586730.3510897,16801.73,4.819999999999709,-11.76523419,1.07054368,0.0,1.0,0.0,0.057420836167044,964.769385652908
1668586789.9375544,16825.54,23.81000000000131,-9.00913143,2.756102759999999,0.0,1.0,0.0,0.057420836167044,966.1365757620456
1668586850.824602,16821.34,-4.200000000000728,-7.1510543,1.85807713,0.0,1.0,0.0,0.057420836167044,965.895408250144
1668586910.648897,16820.1,-1.2400000000016007,-6.39655739,0.7544969100000003,0.0,1.0,0.0,0.057420836167044,965.8242064132968
1668586970.6501856,16811.19,-8.909999999999854,-6.22895987,0.1675975200000001,0.0,1.0,0.0,0.057420836167044,965.3125867630484
1668587031.3516686,16813.24,2.0500000000029104,-4.98113583,1.2478240399999994,0.0,1.0,0.0,0.057420836167044,965.4302994771908
1668587091.3265903,16810.9,-2.340000000000145,-4.81705785,0.16407798,0.0,1.0,0.0,0.057420836167044,965.29593472056
1668587151.337918,16789.0,-21.90000000000145,-6.8837205,-2.06666265,1.0,0.0,964.0384184085016,0.0,964.0384184085016
1668587212.761742,16801.45,12.450000000000728,-6.67359061,0.2101298900000001,0.0,1.0,0.0,0.057378286898363,964.0384184085016
1668587272.2600408,16801.59,0.1399999999994179,-6.69627039,-0.0226797799999998,1.0,0.0,964.0464513686668,0.0,964.0464513686668
1668587332.2697306,16780.13,-21.459999999999127,-8.77659995,-2.08032956,1.0,0.0,964.0464513686668,0.0,964.0464513686668
1668587392.9897282,16779.21,-0.9200000000018916,-9.5532984,-0.7766984499999996,1.0,0.0,964.0464513686668,0.0,964.0464513686668
1668587452.9386308,16778.82,-0.3899999999994179,-10.77055204,-1.217253640000001,1.0,0.0,964.0464513686668,0.0,964.0464513686668
1668587512.906575,16788.0,9.180000000000293,-10.17153379,0.5990182500000003,0.0,1.0,0.0,0.0574247350112381,964.0464513686668
1668587574.1109262,16780.86,-7.139999999999418,-10.4526501,-0.2811163099999998,1.0,0.0,963.636438760685,0.0,963.636438760685
1668587634.0525513,16771.53,-9.330000000001746,-11.408827,-0.9561769000000008,1.0,0.0,963.636438760685,0.0,963.636438760685
1668587694.2745116,16744.8,-26.729999999999563,-15.55048837,-4.14166137,1.0,0.0,963.636438760685,0.0,963.636438760685
1668587754.9225285,16735.67,-9.13000000000102,-17.50423662,-1.9537482500000003,1.0,0.0,963.636438760685,0.0,963.636438760685
1668587814.7182157,16753.99,18.320000000003347,-17.71433623,-0.2100996100000003,1.0,0.0,963.636438760685,0.0,963.636438760685
1668587874.8743377,16749.09,-4.900000000001455,-17.61432419,0.1000120399999993,0.0,1.0,0.0,0.0575336593666094,963.636438760685
1668587935.7578988,16742.66,-6.430000000000291,-17.81389389,-0.1995696999999978,1.0,0.0,963.2664973309566,0.0,963.2664973309566
1668587995.5073578,16713.8,-28.860000000000586,-20.57286953,-2.758975639999999,1.0,0.0,963.2664973309566,0.0,963.2664973309566
1668588055.8465643,16739.02,25.220000000001164,-19.63048704,0.94238249,0.0,1.0,0.0,0.0575461704048956,963.2664973309566
1668588116.4270718,16742.91,3.889999999999418,-19.66262677,-0.0321397300000008,1.0,0.0,963.4903519338304,0.0,963.4903519338304
1668588176.35421,16756.19,13.279999999998836,-17.41710538,2.2455213900000004,0.0,1.0,0.0,0.0575005625941118,963.4903519338304
1668588236.348752,16745.76,-10.430000000000293,-17.01845465,0.3986507299999999,0.0,1.0,0.0,0.0575005625941118,962.8906210659736
1668588297.3348966,16753.24,7.480000000003201,-15.79313707,1.225317579999999,0.0,1.0,0.0,0.0575005625941118,963.3207252741776
1668588357.486336,16757.64,4.399999999997817,-13.92413256,1.86900451,0.0,1.0,0.0,0.0575005625941118,963.5737277495916
1668588417.4169517,16770.91,13.270000000000437,-11.65230667,2.271825890000001,0.0,1.0,0.0,0.0575005625941118,964.3367602152156
1668588478.317232,16785.32,14.409999999999854,-8.66003685,2.9922698200000006,0.0,1.0,0.0,0.0575005625941118,965.1653433221968
1668588538.0436842,16776.1,-9.220000000001164,-6.91914534,1.740891509999999,0.0,1.0,0.0,0.0575005625941118,964.6351881350788
1668588598.1132104,16776.51,0.4099999999998545,-5.42432603,1.4948193100000005,0.0,1.0,0.0,0.0575005625941118,964.6587633657424
1668588658.8301184,16775.31,-1.1999999999970896,-4.03583416,1.3884918699999993,0.0,1.0,0.0,0.0575005625941118,964.5897626906296
1668588718.733763,16763.86,-11.450000000000728,-4.60808723,-0.5722530699999995,1.0,0.0,963.9313812489272,0.0,963.9313812489272
1668588778.9109306,16765.85,1.9899999999979627,-4.40426107,0.2038261600000002,0.0,1.0,0.0,0.0574937376422267,963.9313812489272
1668588839.848034,16771.81,5.960000000002765,-3.44329921,0.9609618599999994,0.0,1.0,0.0,0.0574937376422267,964.2740439252742
1668588898.678331,16774.84,3.029999999998836,-2.47413406,0.9691651500000004,0.0,1.0,0.0,0.0574937376422267,964.44824995033
1668588958.9074478,16768.8,-6.040000000000873,-1.83615652,0.6379775399999998,0.0,1.0,0.0,0.0574937376422267,964.100987774971
1668589020.649775,16768.05,-0.75,-1.54672392,0.2894326,0.0,1.0,0.0,0.0574937376422267,964.0578674717392
1668589078.8529527,16778.61,10.56000000000131,-0.70289796,0.84382596,0.0,1.0,0.0,0.0574937376422267,964.6650013412414
1668589138.70285,16784.09,5.479999999999563,0.65176482,1.35466278,0.0,1.0,0.0,0.0574937376422267,964.9800670235207
1668589198.8280568,16784.63,0.5400000000008731,1.59746321,0.94569839,0.0,1.0,0.0,0.0574937376422267,965.0111136418476
1668589258.934202,16788.59,3.959999999999127,2.91072413,1.3132609200000005,0.0,1.0,0.0,0.0574937376422267,965.2387888429108
1668589318.9582255,16780.62,-7.970000000001164,2.54533403,-0.3653901000000004,1.0,0.0,964.780563753902,0.0,964.780563753902
1668589378.731269,16794.74,14.12000000000262,3.78299728,1.2376632500000002,0.0,1.0,0.0,0.0574454003904735,964.780563753902
1668589438.6489794,16789.73,-5.010000000002037,4.78199663,0.99899935,0.0,1.0,0.0,0.0574454003904735,964.4927622979446
1668589498.9356503,16772.55,-17.18000000000029,3.05336267,-1.7286339600000002,1.0,0.0,963.5058503192364,0.0,963.5058503192364
1668589559.6268616,16765.0,-7.549999999999272,1.16851861,-1.88484406,1.0,0.0,963.5058503192364,0.0,963.5058503192364
1668589618.84052,16757.83,-7.169999999998254,-0.74340365,-1.91192226,1.0,0.0,963.5058503192364,0.0,963.5058503192364
1668589678.835459,16758.12,0.2899999999972351,-2.05437123,-1.3109675800000002,1.0,0.0,963.5058503192364,0.0,963.5058503192364
1668589738.9514065,16755.19,-2.930000000000291,-2.97789886,-0.9235276299999996,1.0,0.0,963.5058503192364,0.0,963.5058503192364
1668589798.7965748,16752.18,-3.0099999999984,-3.86747488,-0.8895760200000002,1.0,0.0,963.5058503192364,0.0,963.5058503192364
1668589858.830829,16757.86,5.680000000000291,-4.23711921,-0.3696443300000003,1.0,0.0,963.5058503192364,0.0,963.5058503192364
1668589918.9895658,16757.07,-0.7900000000008731,-4.61831192,-0.3811927099999996,1.0,0.0,963.5058503192364,0.0,963.5058503192364
1668589978.8348172,16758.96,1.889999999999418,-4.4566947,0.1616172200000001,0.0,1.0,0.0,0.0574919834118129,963.5058503192364
1668590039.02029,16764.41,5.450000000000728,-3.66902883,0.7876658700000001,0.0,1.0,0.0,0.0574919834118129,963.8191816288304
1668590098.874287,16765.52,1.110000000000582,-3.36458744,0.3044413899999996,0.0,1.0,0.0,0.0574919834118129,963.8829977304174
1668590158.8102124,16762.38,-3.139999999999418,-3.25064351,0.11394393,0.0,1.0,0.0,0.0574919834118129,963.7024729025044
1668590218.765504,16765.13,2.75,-2.74845034,0.50219317,0.0,1.0,0.0,0.0574919834118129,963.8605758568868
1668590278.7616572,16768.56,3.430000000000291,-2.16439452,0.5840558200000001,0.0,1.0,0.0,0.0574919834118129,964.0577733599894
1668590339.1300826,16774.0,5.43999999999869,-1.27278652,0.8916080000000002,0.0,1.0,0.0,0.0574919834118129,964.3705297497496
1668590398.8316848,16778.22,4.220000000001164,0.02241899,1.29520551,0.0,1.0,0.0,0.0574919834118129,964.6131459197476
1668590460.0190651,16778.12,-0.1000000000021827,0.75901428,0.73659529,0.0,1.0,0.0,0.0574919834118129,964.6073967214062
1668590520.254747,16765.89,-12.229999999999563,0.0341137,-0.72490058,1.0,0.0,963.9042697642798,0.0,963.9042697642798
1668590578.877854,16765.77,-0.1199999999989813,-0.08265031,-0.11676401,1.0,0.0,963.9042697642798,0.0,963.9042697642798
1668590638.8936896,16768.53,2.7599999999984,-0.16379256,-0.08114225,1.0,0.0,963.9042697642798,0.0,963.9042697642798
1668590698.9093664,16762.78,-5.75,-0.63073658,-0.46694402,1.0,0.0,963.9042697642798,0.0,963.9042697642798
1668590759.0114677,16758.41,-4.369999999998981,-1.41834819,-0.7876116099999999,1.0,0.0,963.9042697642798,0.0,963.9042697642798
1668590819.0779283,16737.26,-21.15000000000145,-4.38179921,-2.96345102,1.0,0.0,963.9042697642798,0.0,963.9042697642798
1668590878.840434,16731.83,-5.429999999996653,-6.67189251,-2.290093300000001,1.0,0.0,963.9042697642798,0.0,963.9042697642798
1668590939.5633378,16737.67,5.839999999996508,-7.66737986,-0.9954873499999994,1.0,0.0,963.9042697642798,0.0,963.9042697642798
1668590998.826692,16724.8,-12.86999999999898,-9.14825661,-1.480876750000001,1.0,0.0,963.9042697642798,0.0,963.9042697642798
1668591058.875738,16690.54,-34.2599999999984,-14.50942637,-5.361169759999999,1.0,0.0,963.9042697642798,0.0,963.9042697642798
1668591119.087286,16695.74,5.200000000000728,-16.89905273,-2.389626360000001,1.0,0.0,963.9042697642798,0.0,963.9042697642798
1668591178.9766371,16680.94,-14.80000000000291,-20.89442788,-3.995375149999997,1.0,0.0,963.9042697642798,0.0,963.9042697642798
1668591238.945595,16710.22,29.28000000000248,-19.08623711,1.8081907699999995,0.0,1.0,0.0,0.0576835176176184,963.9042697642798
1668591298.9308815,16705.13,-5.0900000000001455,-19.21425125,-0.1280141400000012,1.0,0.0,963.6106606596056,0.0,963.6106606596056
1668591359.6688907,16700.77,-4.360000000000582,-18.93571678,0.2785344700000003,0.0,1.0,0.0,0.0576985768117042,963.6106606596056
1668591418.9056523,16706.88,6.110000000000582,-18.55121337,0.3845034100000006,0.0,1.0,0.0,0.0576985768117042,963.9631989639248
1668591478.957544,16720.66,13.779999999998836,-16.03264342,2.51856995,0.0,1.0,0.0,0.0576985768117042,964.75828535239
1668591538.820835,16736.56,15.900000000001455,-12.66222017,3.37042325,0.0,1.0,0.0,0.0576985768117042,965.675692723696
1668591598.8200126,16734.52,-2.040000000000873,-9.69842554,2.963794629999999,0.0,1.0,0.0,0.0576985768117042,965.5579876270002
1668591658.8245094,16726.0,-8.520000000000437,-8.21817858,1.4802469600000006,0.0,1.0,0.0,0.0576985768117042,965.0663957525644
1668591719.4288647,16729.02,3.020000000000437,-7.21072994,1.0074486399999998,0.0,1.0,0.0,0.0576985768117042,965.2406454545358
1668591779.0772877,16737.0,7.979999999999563,-5.39347289,1.8172570500000005,0.0,1.0,0.0,0.0576985768117042,965.7010800974932
1668591838.747986,16731.5,-5.5,-4.74017972,0.6532931699999995,0.0,1.0,0.0,0.0576985768117042,965.3837379250288
1668591898.8371592,16732.58,1.0800000000017462,-3.86712823,0.8730514900000004,0.0,1.0,0.0,0.0576985768117042,965.4460523879856
1668591959.1197538,16722.67,-9.910000000003492,-4.08134287,-0.2142146400000002,1.0,0.0,964.8742594917812,0.0,964.8742594917812
1668592019.1157956,16730.92,8.25,-3.12931799,0.9520248800000002,0.0,1.0,0.0,0.0576701257009047,964.8742594917812
1668592079.056599,16747.49,16.570000000003347,-1.38242337,1.7468946200000002,0.0,1.0,0.0,0.0576701257009047,965.8298534746446
1668592139.4005706,16753.51,6.019999999996799,0.5878938,1.97031717,0.0,1.0,0.0,0.0576701257009047,966.1770276313638
1668592199.161102,16751.08,-2.429999999996653,1.33979178,0.7518979800000001,0.0,1.0,0.0,0.0576701257009047,966.0368892259108
1668592259.6614492,16735.26,-15.820000000003349,1.06189017,-0.27790161,1.0,0.0,965.1245478373222,0.0,965.1245478373222
1668592319.222021,16728.7,-6.559999999997672,0.17782862,-0.8840615500000001,1.0,0.0,965.1245478373222,0.0,965.1245478373222
1668592379.0047283,16728.88,0.180000000000291,-0.31859943,-0.49642805,1.0,0.0,965.1245478373222,0.0,965.1245478373222
1668592495.0959668,16721.47,-7.4099999999998545,-1.07674934,-0.7581499100000001,1.0,0.0,965.1245478373222,0.0,965.1245478373222
1668592499.12563,16721.47,0.0,-1.07674934,0.0,1.0,0.0,965.1245478373222,0.0,965.1245478373222
1668592559.183356,16728.84,7.369999999998981,-1.20718567,-0.13043633,1.0,0.0,965.1245478373222,0.0,965.1245478373222
1668592622.6663196,16737.68,8.840000000000146,-0.09705245,1.11013322,0.0,1.0,0.0,0.0576617875259487,965.1245478373222
1668592679.2208362,16733.37,-4.31000000000131,-0.6945243,-0.59747185,1.0,0.0,964.876025533084,0.0,964.876025533084
1668592760.1531756,16740.87,7.5,0.68580259,1.38032689,0.0,1.0,0.0,0.0576359547343169,964.876025533084
1668592798.985997,16743.92,3.0499999999992724,0.92910743,0.2433048399999999,0.0,1.0,0.0,0.0576359547343169,965.0518151950232
1668592859.225061,16737.16,-6.759999999998399,0.88795899,-0.0411484399999999,1.0,0.0,964.6621961410194,0.0,964.6621961410194
1668592919.085644,16730.78,-6.380000000001019,0.4255885,-0.46237049,1.0,0.0,964.6621961410194,0.0,964.6621961410194
1668592979.0550003,16737.4,6.620000000002619,0.57933954,0.15375104,0.0,1.0,0.0,0.0576351282840237,964.6621961410194
1668593039.2028522,16761.05,23.649999999997817,3.26000404,2.6806645,0.0,1.0,0.0,0.0576351282840237,966.0252669249354
1668593099.1012511,16768.0,6.950000000000728,5.846739,2.58673496,0.0,1.0,0.0,0.0576351282840237,966.4258310665094
1668593159.0494494,16768.56,0.5600000000013097,7.154534,1.3077949999999996,0.0,1.0,0.0,0.0576351282840237,966.4581067383484
1668593219.0079584,16763.24,-5.319999999999709,7.66457553,0.5100415299999996,0.0,1.0,0.0,0.0576351282840237,966.1514878558776
1668593279.1103313,16764.14,0.8999999999978172,7.73397118,0.0693956500000005,0.0,1.0,0.0,0.0576351282840237,966.2033594713332
1668593339.0168889,16764.95,0.8100000000013097,8.20742319,0.4734520099999999,0.0,1.0,0.0,0.0576351282840237,966.2500439252432
1668593399.3339372,16762.65,-2.2999999999992724,7.90908415,-0.2983390400000001,1.0,0.0,966.11748313019,0.0,966.11748313019
1668593459.0399332,16761.31,-1.3400000000001455,7.92757386,0.0184897099999998,0.0,1.0,0.0,0.057639735983058,966.11748313019
1668593519.105627,16757.74,-3.569999999999709,7.07711912,-0.85045474,1.0,0.0,965.9117092727304,0.0,965.9117092727304
1668593579.010727,16757.39,-0.3500000000021828,7.05694932,-0.0201697999999996,1.0,0.0,965.9117092727304,0.0,965.9117092727304
1668593639.556535,16752.54,-4.849999999998545,5.82326902,-1.2336803000000005,1.0,0.0,965.9117092727304,0.0,965.9117092727304
1668593699.23605,16752.22,-0.3199999999997089,4.71133989,-1.11192913,1.0,0.0,965.9117092727304,0.0,965.9117092727304
1668593759.3681724,16744.74,-7.479999999999563,3.47711874,-1.2342211499999998,1.0,0.0,965.9117092727304,0.0,965.9117092727304
1668593819.2525,16743.44,-1.3000000000029104,1.87946359,-1.5976551499999998,1.0,0.0,965.9117092727304,0.0,965.9117092727304
1668593880.9505932,16738.41,-5.029999999998836,0.4017932,-1.47767039,1.0,0.0,965.9117092727304,0.0,965.9117092727304
1668593939.216647,16734.67,-3.7400000000016007,-1.02814107,-1.42993427,1.0,0.0,965.9117092727304,0.0,965.9117092727304
1668593999.1265376,16733.62,-1.0499999999992724,-1.86067502,-0.83253395,1.0,0.0,965.9117092727304,0.0,965.9117092727304
1668594059.169746,16729.21,-4.409999999999855,-2.82339734,-0.96272232,1.0,0.0,965.9117092727304,0.0,965.9117092727304
1668594119.0722892,16735.41,6.200000000000728,-2.41949154,0.4039058,0.0,1.0,0.0,0.0577166444845229,965.9117092727304
1668594179.063625,16730.17,-5.240000000001601,-3.3920738,-0.9725822599999998,1.0,0.0,965.6092740556304,0.0,965.6092740556304
1668594239.1224003,16724.66,-5.509999999998399,-4.60036294,-1.2082891400000002,1.0,0.0,965.6092740556304,0.0,965.6092740556304
1668594299.2423944,16715.77,-8.889999999999418,-6.20475349,-1.6043905499999995,1.0,0.0,965.6092740556304,0.0,965.6092740556304
1668594359.0808833,16718.03,2.2599999999984,-8.17618882,-1.9714353300000005,1.0,0.0,965.6092740556304,0.0,965.6092740556304
1668594419.3883388,16728.24,10.210000000002765,-7.76502483,0.4111639900000003,0.0,1.0,0.0,0.0577233034709945,965.6092740556304
1668594479.2271888,16725.76,-2.4800000000032014,-8.08437566,-0.3193508299999994,1.0,0.0,965.4661202630208,0.0,965.4661202630208
1668594539.6369774,16718.97,-6.789999999997235,-8.46087971,-0.3765040500000012,1.0,0.0,965.4661202630208,0.0,965.4661202630208
1668594599.1959,16720.04,1.069999999999709,-8.13292505,0.3279546599999996,0.0,1.0,0.0,0.0577430508696761,965.4661202630208
1668594658.992555,16719.26,-0.7800000000024738,-7.84377667,0.2891483800000012,0.0,1.0,0.0,0.0577430508696761,965.4210806833408
1668594719.1034915,16719.65,0.3900000000030559,-7.42667396,0.41710271,0.0,1.0,0.0,0.0577430508696761,965.44360047318
1668594779.1484292,16719.66,0.0099999999983992,-7.24292506,0.1837488999999994,0.0,1.0,0.0,0.0577430508696761,965.4441779036888
1668594839.1210668,16719.68,0.0200000000004365,-6.97512439,0.2678006699999997,0.0,1.0,0.0,0.0577430508696761,965.445332764706
1668594898.9441972,16724.07,4.389999999999418,-6.0698391,0.90528529,0.0,1.0,0.0,0.0577430508696761,965.698824758024
1668594959.2800171,16709.42,-14.650000000001455,-6.83072872,-0.7608896199999995,1.0,0.0,964.8528890627832,0.0,964.8528890627832
1668595019.483349,16694.88,-14.539999999997235,-8.52925558,-1.6985268599999994,1.0,0.0,964.8528890627832,0.0,964.8528890627832
1668595079.259103,16684.87,-10.010000000002035,-10.56225426,-2.0329986800000004,1.0,0.0,964.8528890627832,0.0,964.8528890627832
1668595138.952172,16693.94,9.069999999999707,-10.1522913,0.4099629599999996,0.0,1.0,0.0,0.057796594995716,964.8528890627832
1668595199.058863,16690.8,-3.139999999999418,-11.5377621,-1.3854708000000002,1.0,0.0,964.6714077544966,0.0,964.6714077544966
1668595258.9190528,16690.91,0.110000000000582,-11.59105412,-0.0532920200000006,1.0,0.0,964.6714077544966,0.0,964.6714077544966
1668595319.310839,16708.79,17.88000000000102,-10.36387457,1.227179550000001,0.0,1.0,0.0,0.0577343666270565,964.6714077544966
1668595379.154241,16722.34,13.549999999999272,-8.38951409,1.97436048,0.0,1.0,0.0,0.0577343666270565,965.453708422292
1668599640.187497,16684.57,-37.77000000000044,-15.69235521,-7.30284112,1.0,0.0,963.273081394788,0.0,963.273081394788
1668599640.994514,16684.57,0.0,-15.69235521,0.0,1.0,0.0,963.273081394788,0.0,963.273081394788
1668599644.29812,16684.57,0.0,-15.69235521,0.0,1.0,0.0,963.273081394788,0.0,963.273081394788
1668599650.754521,16684.57,0.0,-15.69235521,0.0,1.0,0.0,963.273081394788,0.0,963.273081394788
1668599652.445438,16684.57,0.0,-15.69235521,0.0,1.0,0.0,963.273081394788,0.0,963.273081394788
1668599654.2673016,16684.57,0.0,-15.69235521,0.0,1.0,0.0,963.273081394788,0.0,963.273081394788
1668599658.2538748,16695.4,10.830000000001746,-14.8047439,0.8876113100000005,0.0,1.0,0.0,0.057696915401535,963.273081394788
1668599660.4441695,16695.4,0.0,-14.8047439,0.0,0.0,1.0,0.0,0.057696915401535,963.2730813947876
1668599660.6157851,16695.4,0.0,-14.8047439,0.0,0.0,1.0,0.0,0.057696915401535,963.2730813947876
1668599661.9184608,16695.4,0.0,-14.8047439,0.0,0.0,1.0,0.0,0.057696915401535,963.2730813947876
1668599662.2758615,16695.4,0.0,-14.8047439,0.0,0.0,1.0,0.0,0.057696915401535,963.2730813947876
1668599668.0027697,16695.4,0.0,-14.8047439,0.0,0.0,1.0,0.0,0.057696915401535,963.2730813947876
1668599668.4032972,16695.4,0.0,-14.8047439,0.0,0.0,1.0,0.0,0.057696915401535,963.2730813947876
1668599668.6764338,16695.4,0.0,-14.8047439,0.0,0.0,1.0,0.0,0.057696915401535,963.2730813947876
1668599668.832102,16695.4,0.0,-14.8047439,0.0,0.0,1.0,0.0,0.057696915401535,963.2730813947876
1668599671.3596058,16695.4,0.0,-14.8047439,0.0,0.0,1.0,0.0,0.057696915401535,963.2730813947876
1668599672.8477151,16695.4,0.0,-14.8047439,0.0,0.0,1.0,0.0,0.057696915401535,963.2730813947876
1668599677.9337497,16695.4,0.0,-14.8047439,0.0,0.0,1.0,0.0,0.057696915401535,963.2730813947876
1668599678.5770438,16695.4,0.0,-14.8047439,0.0,0.0,1.0,0.0,0.057696915401535,963.2730813947876
1668599680.5131938,16695.4,0.0,-14.8047439,0.0,0.0,1.0,0.0,0.057696915401535,963.2730813947876
1668599681.3538356,16695.4,0.0,-14.8047439,0.0,0.0,1.0,0.0,0.057696915401535,963.2730813947876
1668599682.3522956,16695.4,0.0,-14.8047439,0.0,0.0,1.0,0.0,0.057696915401535,963.2730813947876
1668599683.558105,16723.07,27.669999999998254,-12.59745045,2.20729345,0.0,1.0,0.0,0.057696915401535,964.869555043948
1668599686.436328,16723.07,0.0,-12.59745045,0.0,0.0,1.0,0.0,0.057696915401535,964.869555043948
1668599686.977877,16723.07,0.0,-12.59745045,0.0,0.0,1.0,0.0,0.057696915401535,964.869555043948
1668599688.4328663,16723.07,0.0,-12.59745045,0.0,0.0,1.0,0.0,0.057696915401535,964.869555043948
1668599688.8976762,16723.07,0.0,-12.59745045,0.0,0.0,1.0,0.0,0.057696915401535,964.869555043948
1668599691.269832,16723.07,0.0,-12.59745045,0.0,0.0,1.0,0.0,0.057696915401535,964.869555043948
1668599691.6647358,16723.07,0.0,-12.59745045,0.0,0.0,1.0,0.0,0.057696915401535,964.869555043948
1668599693.8510242,16723.07,0.0,-12.59745045,0.0,0.0,1.0,0.0,0.057696915401535,964.869555043948
1668599695.667767,16723.07,0.0,-12.59745045,0.0,0.0,1.0,0.0,0.057696915401535,964.869555043948
1668599696.1723647,16723.07,0.0,-12.59745045,0.0,0.0,1.0,0.0,0.057696915401535,964.869555043948
1668599696.4025228,16723.07,0.0,-12.59745045,0.0,0.0,1.0,0.0,0.057696915401535,964.869555043948
1668599697.7828825,16723.07,0.0,-12.59745045,0.0,0.0,1.0,0.0,0.057696915401535,964.869555043948
1668599703.429831,16723.07,0.0,-12.59745045,0.0,0.0,1.0,0.0,0.057696915401535,964.869555043948
1668599703.8389716,16723.07,0.0,-12.59745045,0.0,0.0,1.0,0.0,0.057696915401535,964.869555043948
1668599705.135329,16723.07,0.0,-12.59745045,0.0,0.0,1.0,0.0,0.057696915401535,964.869555043948
1668599764.5290377,16717.73,-5.3400000000001455,-11.24001064,1.3574398100000007,0.0,1.0,0.0,0.057696915401535,964.5614535157038
1668599824.839923,16695.64,-22.090000000000146,-12.14612201,-0.9061113699999996,1.0,0.0,963.2869286544836,0.0,963.2869286544836
1668599885.38465,16708.46,12.819999999999707,-10.31945636,1.826665649999999,0.0,1.0,0.0,0.0576526459442991,963.2869286544836
1668599945.5708723,16693.94,-14.520000000000437,-11.36497953,-1.0455231699999992,1.0,0.0,962.4498122353724,0.0,962.4498122353724
1668600005.608881,16705.99,12.05000000000291,-10.42903302,0.9359465099999992,0.0,1.0,0.0,0.0576110611963357,962.4498122353724
1668600066.468765,16698.18,-7.81000000000131,-10.17164875,0.2573842700000011,0.0,1.0,0.0,0.0576110611963357,961.999869847429
1668600126.595431,16710.06,11.88000000000102,-9.14093397,1.0307147799999985,0.0,1.0,0.0,0.0576110611963357,962.6842892544414
1668600186.585788,16712.84,2.779999999998836,-8.04825473,1.0926792400000007,0.0,1.0,0.0,0.0576110611963357,962.8444480045672
1668600248.1843815,16704.47,-8.369999999998981,-8.074382,-0.0261272699999999,1.0,0.0,962.362243422354,0.0,962.362243422354
1668600308.0256631,16685.03,-19.44000000000233,-10.03390394,-1.95952194,1.0,0.0,962.362243422354,0.0,962.362243422354
1668600368.0274906,16687.2,2.170000000001892,-10.00994127,0.0239626699999995,0.0,1.0,0.0,0.0576706843222562,962.362243422354
1668600428.8327878,16673.33,-13.86999999999898,-11.4093017,-1.3993604299999998,1.0,0.0,961.562351030804,0.0,961.562351030804
1668600488.8315563,16681.74,8.409999999999854,-11.31316845,0.0961332500000011,0.0,1.0,0.0,0.0576416099897734,961.562351030804
1668600549.0746338,16648.3,-33.44000000000233,-14.44447557,-3.1313071200000007,1.0,0.0,959.6348155927444,0.0,959.6348155927444
1668600609.6867893,16643.52,-4.779999999998836,-16.23966665,-1.7951910800000004,1.0,0.0,959.6348155927444,0.0,959.6348155927444
1668600669.71411,16650.76,7.239999999997963,-17.15235183,-0.9126851800000004,1.0,0.0,959.6348155927444,0.0,959.6348155927444
1668600730.1264968,16660.87,10.110000000000582,-16.81198215,0.340369680000002,0.0,1.0,0.0,0.057598121562244,959.6348155927444
1668600790.9229524,16643.54,-17.32999999999811,-19.04529937,-2.23331722,1.0,0.0,958.6366401460704,0.0,958.6366401460704
1668600850.9153144,16662.0,18.459999999999127,-17.53994944,1.5053499299999975,0.0,1.0,0.0,0.0575343080150084,958.6366401460704
1668600910.9773755,16641.69,-20.31000000000131,-18.38898158,-0.8490321399999985,1.0,0.0,957.468118350285,0.0,957.468118350285
1668600971.7372954,16637.89,-3.799999999999272,-19.65149745,-1.2625158700000014,1.0,0.0,957.468118350285,0.0,957.468118350285
1668601031.6883888,16656.96,19.06999999999971,-18.13024389,1.5212535600000017,0.0,1.0,0.0,0.0574815643641027,957.468118350285
1668601093.3138752,16665.67,8.709999999999127,-16.18461261,1.9456312800000009,0.0,1.0,0.0,0.0574815643641027,957.9687827758952
1668601153.837496,16658.27,-7.399999999997817,-15.2981291,0.8864835099999979,0.0,1.0,0.0,0.0574815643641027,957.5434191996012
1668601213.840516,16654.01,-4.260000000002037,-13.5921248,1.7060043,0.0,1.0,0.0,0.0574815643641027,957.29854773541
1668601273.814194,16665.66,11.650000000001455,-11.27151476,2.32061004,0.0,1.0,0.0,0.0574815643641027,957.9682079602518
1668601334.8577957,16663.55,-2.110000000000582,-10.40788889,0.8636258699999999,0.0,1.0,0.0,0.0574815643641027,957.8469218594436
1668601394.971498,16664.65,1.1000000000021828,-9.18515626,1.2227326300000012,0.0,1.0,0.0,0.0574815643641027,957.910151580244
1668601454.7023692,16658.18,-6.470000000001164,-9.12239032,0.0627659400000002,0.0,1.0,0.0,0.0574815643641027,957.5382458588084
1668601516.1015892,16665.92,7.739999999997963,-7.55724914,1.5651411799999997,0.0,1.0,0.0,0.0574815643641027,957.9831531669864
1668601575.2767005,16644.48,-21.43999999999869,-9.73443447,-2.1771853300000004,1.0,0.0,956.75074842702,0.0,956.75074842702
1668601636.2085936,16645.32,0.8400000000001455,-9.87053911,-0.1361046399999992,1.0,0.0,956.75074842702,0.0,956.75074842702
1668601696.7610085,16639.07,-6.25,-10.85059239,-0.98005328,1.0,0.0,956.75074842702,0.0,956.75074842702
1668601756.9726934,16604.8,-34.27000000000044,-13.58438156,-2.733789170000001,1.0,0.0,956.75074842702,0.0,956.75074842702
1668601816.7194192,16593.03,-11.770000000000437,-19.02315641,-5.438774849999998,1.0,0.0,956.75074842702,0.0,956.75074842702
1668601877.599068,16611.81,18.78000000000248,-18.03954169,0.9836147199999984,0.0,1.0,0.0,0.0575946118109357,956.75074842702
1668601937.7060478,16611.0,-0.8100000000013097,-18.30229632,-0.2627546299999999,1.0,0.0,956.7040967914528,0.0,956.7040967914528
1668601997.8750205,16603.61,-7.389999999999418,-19.42492817,-1.1226318500000012,1.0,0.0,956.7040967914528,0.0,956.7040967914528
1668602058.8950722,16621.45,17.840000000000146,-17.01683895,2.408089220000001,0.0,1.0,0.0,0.0575584017514388,956.7040967914528
1668602118.7423863,16626.17,4.719999999997526,-15.34827283,1.6685661199999997,0.0,1.0,0.0,0.0575584017514388,956.9757724477192
1668602178.6434233,16608.06,-18.109999999996944,-16.79374292,-1.4454700899999988,1.0,0.0,955.9333897920008,0.0,955.9333897920008
1668602239.6262336,16598.82,-9.2400000000016,-17.87230093,-1.0785580100000018,1.0,0.0,955.9333897920008,0.0,955.9333897920008
1668602299.3400865,16602.38,3.5600000000013097,-17.36515685,0.5071440799999998,0.0,1.0,0.0,0.0575780936101932,955.9333897920008
1668602359.4899335,16606.95,4.569999999999709,-16.41514928,0.9500075700000004,0.0,1.0,0.0,0.0575780936101932,956.196521679798
1668602420.709648,16628.88,21.93000000000029,-12.71920565,3.695943630000002,0.0,1.0,0.0,0.0575780936101932,957.4592092726696
1668602481.6908648,16650.0,21.11999999999898,-8.07642675,4.6427789,0.0,1.0,0.0,0.0575780936101932,958.6752586097168
1668602540.5700855,16661.41,11.409999999999854,-3.97538588,4.101040869999999,0.0,1.0,0.0,0.0575780936101932,959.3322246578092
1668602601.5593488,16656.04,-5.369999999998981,-2.13587734,1.83950854,0.0,1.0,0.0,0.0575780936101932,959.0230302951225
1668602661.67535,16653.05,-2.9900000000016007,-0.78978912,1.34608822,0.0,1.0,0.0,0.0575780936101932,958.8508717952278
1668602721.6170416,16666.33,13.280000000002474,2.37565587,3.16544499,0.0,1.0,0.0,0.0575780936101932,959.6155088783712
1668602783.1671886,16680.31,13.979999999999563,5.89926231,3.52360644,0.0,1.0,0.0,0.0575780936101932,960.4204506270418
1668602843.0194235,16675.72,-4.5900000000001455,7.03129588,1.13203357,0.0,1.0,0.0,0.0575780936101932,960.156167177371
1668602903.3529327,16676.42,0.6999999999970896,8.26328913,1.2319932500000004,0.0,1.0,0.0,0.0575780936101932,960.196471842898
1668602964.7901907,16657.12,-19.299999999999272,6.36231179,-1.9009773400000007,1.0,0.0,959.0852146362212,0.0,959.0852146362212
1668603023.7973742,16666.38,9.260000000002035,7.37974798,1.0174361900000006,0.0,1.0,0.0,0.0575461026711392,959.0852146362212
1668603083.8986332,16658.39,-7.990000000001601,6.35034905,-1.0293989300000002,1.0,0.0,958.6254212758786,0.0,958.6254212758786
1668603144.9753673,16637.89,-20.5,3.08292702,-3.26742203,1.0,0.0,958.6254212758786,0.0,958.6254212758786
1668603204.9309795,16645.48,7.5900000000001455,2.79953824,-0.2833887800000001,1.0,0.0,958.6254212758786,0.0,958.6254212758786
1668603265.0085638,16632.86,-12.61999999999898,0.20964584,-2.5898924,1.0,0.0,958.6254212758786,0.0,958.6254212758786
1668603326.00999,16638.86,6.0,-0.10556838,-0.31521422,1.0,0.0,958.6254212758786,0.0,958.6254212758786
1668603386.0132663,16638.76,-0.1000000000021827,-0.72506363,-0.6194952499999999,1.0,0.0,958.6254212758786,0.0,958.6254212758786
1668603446.0841465,16659.62,20.860000000000586,1.73728627,2.4623499,0.0,1.0,0.0,0.0575418539724122,958.6254212758786
1668603508.0121882,16659.78,0.1599999999998544,2.41421466,0.6769283899999998,0.0,1.0,0.0,0.0575418539724122,958.6346279725132
1668603567.3890517,16661.21,1.430000000000291,3.05983308,0.6456184200000004,0.0,1.0,0.0,0.0575418539724122,958.716912823694
1668603627.480142,16659.33,-1.8799999999973809,3.20583314,0.14600006,0.0,1.0,0.0,0.0575418539724122,958.608734138226
1668603688.30608,16612.21,-47.12000000000262,-3.27319394,-6.47902708,1.0,0.0,955.8973619790456,0.0,955.8973619790456
1668603747.9133978,16556.41,-55.79999999999927,-13.27198814,-9.9987942,1.0,0.0,955.8973619790456,0.0,955.8973619790456
1668603808.0576196,16546.85,-9.56000000000131,-18.72982613,-5.45783799,1.0,0.0,955.8973619790456,0.0,955.8973619790456
1668603869.0780606,16565.58,18.7300000000032,-19.58429076,-0.854464629999999,1.0,0.0,955.8973619790456,0.0,955.8973619790456
1668603929.214528,16541.15,-24.43000000000029,-24.78171264,-5.19742188,1.0,0.0,955.8973619790456,0.0,955.8973619790456
1668603989.3799398,16554.25,13.099999999998545,-25.11889354,-0.3371808999999999,1.0,0.0,955.8973619790456,0.0,955.8973619790456
1668604050.0825305,16536.36,-17.889999999999418,-28.43405931,-3.31516577,1.0,0.0,955.8973619790456,0.0,955.8973619790456
1668604110.204605,16558.57,22.209999999999127,-26.40356149,2.030497819999997,0.0,1.0,0.0,0.0577282556391672,955.8973619790456
1668604170.3101754,16575.18,16.610000000000582,-23.60940265,2.794158840000001,0.0,1.0,0.0,0.0577282556391672,956.8562283052114
1668604231.143715,16603.14,27.959999999999127,-18.2928625,5.316540150000002,0.0,1.0,0.0,0.0577282556391672,958.4703103328824
1668604291.0818932,16598.97,-4.169999999998254,-16.19910923,2.093753269999997,0.0,1.0,0.0,0.0577282556391672,958.2295835068672
1668604351.3043244,16570.57,-28.40000000000145,-18.12817081,-1.929061579999999,1.0,0.0,956.5901010467148,0.0,956.5901010467148
1668604412.0977836,16569.74,-0.8299999999981083,-17.77530028,0.3528705300000005,0.0,1.0,0.0,0.0577311473231755,956.5901010467148
1668604472.3676257,16589.24,19.5,-14.44779036,3.327509919999999,0.0,1.0,0.0,0.0577311473231755,957.715858419516
1668604533.227297,16587.3,-1.9400000000023283,-13.1740053,1.2737850600000016,0.0,1.0,0.0,0.0577311473231755,957.6038599937089
1668604593.7194345,16577.9,-9.399999999997815,-13.26970252,-0.0956972199999999,1.0,0.0,957.0611872088712,0.0,957.0611872088712
1668604653.7327783,16598.15,20.25,-9.74337167,3.526330849999999,0.0,1.0,0.0,0.0576607144295521,957.0611872088712
1668604713.7314663,16600.3,2.149999999997817,-7.86448546,1.87888621,0.0,1.0,0.0,0.0576607144295521,957.1851577448936
1668604774.8191702,16591.64,-8.659999999999854,-7.51429684,0.3501886199999999,0.0,1.0,0.0,0.0576607144295521,956.6858159579338
1668604834.8759284,16592.76,1.1199999999989814,-6.56972699,0.9445698499999996,0.0,1.0,0.0,0.0576607144295521,956.7503959580948
1668604894.4576366,16598.95,6.190000000002328,-4.94977633,1.6199506600000009,0.0,1.0,0.0,0.0576607144295521,957.1073157804138
1668604955.787008,16608.4,9.450000000000728,-2.67517285,2.27460348,0.0,1.0,0.0,0.0576607144295521,957.6522095317732
1668605015.749523,16615.38,6.979999999999563,-0.46649984,2.20867301,0.0,1.0,0.0,0.0576607144295521,958.0546813184914
1668605083.991101,16622.18,6.799999999999272,1.79427668,2.2607765200000003,0.0,1.0,0.0,0.0576607144295521,958.4467741766124
1668605148.148248,16607.32,-14.860000000000582,0.959091,-0.83518568,1.0,0.0,957.5899359601892,0.0,957.5899359601892
1668605208.3453286,16594.47,-12.849999999998545,-0.45633048,-1.41542148,1.0,0.0,957.5899359601892,0.0,957.5899359601892
1668605338.440451,16605.05,10.579999999998108,0.7671797,1.22351018,0.0,1.0,0.0,0.0576685969605746,957.5899359601892
1668605388.2262423,16610.78,5.729999999999563,1.6111126,0.8439329,0.0,1.0,0.0,0.0576685969605746,957.9203770207732
1668605448.3600748,16534.28,-76.5,-3.95091677,-5.56202937,1.0,0.0,953.5087293532894,0.0,953.5087293532894
1668605508.775119,16576.92,42.63999999999942,-3.69790126,0.25301551,0.0,1.0,0.0,0.0575202588510585,953.5087293532894
1668605595.6633396,16683.1,106.18000000000028,9.99941763,13.69731889,0.0,1.0,0.0,0.0575202588510585,959.616230438094
1668605630.3089838,16683.86,0.7600000000020373,10.06004441,0.0606267799999997,0.0,1.0,0.0,0.0575202588510585,959.6599458348207
1668605689.833809,16648.44,-35.42000000000189,9.89113935,-0.1689050600000001,1.0,0.0,957.6225782663164,0.0,957.6225782663164
1668605750.5451603,16591.49,-56.94999999999709,4.84119852,-5.04994083,1.0,0.0,957.6225782663164,0.0,957.6225782663164
1668605809.903818,16569.98,-21.51000000000204,0.19064746,-4.65055106,1.0,0.0,957.6225782663164,0.0,957.6225782663164
1668605870.702385,16567.03,-2.950000000000728,-3.55090488,-3.74155234,1.0,0.0,957.6225782663164,0.0,957.6225782663164
1668605930.7645123,16556.74,-10.289999999997235,-7.98421686,-4.43331198,1.0,0.0,957.6225782663164,0.0,957.6225782663164
1668605990.679215,16579.06,22.31999999999971,-6.8520465,1.13217036,0.0,1.0,0.0,0.0577609694558265,957.6225782663164
1668606051.520258,16571.4,-7.6599999999998545,-7.69338595,-0.8413394499999995,1.0,0.0,957.1801292402832,0.0,957.1801292402832
1668606111.352857,16577.0,5.599999999998545,-8.43323885,-0.7398529000000007,1.0,0.0,957.1801292402832,0.0,957.1801292402832
1668606171.4356985,16589.22,12.220000000001164,-7.08767569,1.3455631600000002,0.0,1.0,0.0,0.057698923110326,957.1801292402832
1668606232.257277,16574.59,-14.63000000000102,-8.28763072,-1.199955029999999,1.0,0.0,956.3359939951782,0.0,956.3359939951782
1668606292.3291707,16576.97,2.380000000001018,-8.31357942,-0.0259487000000007,1.0,0.0,956.3359939951782,0.0,956.3359939951782
1668606352.2105985,16602.59,25.61999999999898,-5.00491239,3.30866703,0.0,1.0,0.0,0.0576016148080015,956.3359939951782
1668606413.1199586,16636.04,33.45000000000073,0.093187,5.098099390000001,0.0,1.0,0.0,0.0576016148080015,958.2627680105054
1668606473.0832825,16628.36,-7.680000000000291,2.05801982,1.9648328200000005,0.0,1.0,0.0,0.0576016148080015,957.82038760878
1668606533.2979324,16621.66,-6.700000000000728,3.85872005,1.80070023,0.0,1.0,0.0,0.0576016148080015,957.4344567895662
1668606594.3007276,16591.79,-29.86999999999898,1.97787059,-1.88084946,1.0,0.0,955.7138965552512,0.0,955.7138965552512
1668606654.0030026,16578.01,-13.780000000002474,-0.38383267,-2.36170326,1.0,0.0,955.7138965552512,0.0,955.7138965552512
1668606714.090899,16567.56,-10.44999999999709,-3.02639391,-2.64256124,1.0,0.0,955.7138965552512,0.0,955.7138965552512
1668606774.8186097,16555.65,-11.909999999999854,-5.06732187,-2.04092796,1.0,0.0,955.7138965552512,0.0,955.7138965552512
1668606834.8323452,16558.49,2.840000000000145,-6.87664235,-1.80932048,1.0,0.0,955.7138965552512,0.0,955.7138965552512
1668606894.8159554,16542.57,-15.920000000001892,-9.7453156,-2.86867325,1.0,0.0,955.7138965552512,0.0,955.7138965552512
1668606955.93854,16522.77,-19.799999999999272,-14.58290606,-4.83759046,1.0,0.0,955.7138965552512,0.0,955.7138965552512
1668607015.78152,16510.85,-11.920000000001892,-19.35735609,-4.774450030000001,1.0,0.0,955.7138965552512,0.0,955.7138965552512
1668607075.7617688,16504.3,-6.549999999999272,-22.26716674,-2.9098106500000007,1.0,0.0,955.7138965552512,0.0,955.7138965552512
1668607136.6554906,16503.28,-1.0200000000004366,-24.35320964,-2.086042899999999,1.0,0.0,955.7138965552512,0.0,955.7138965552512
1668607197.4604323,16505.64,2.360000000000582,-24.30763293,0.0455767099999988,0.0,1.0,0.0,0.0579022622906625,955.7138965552512
1668607256.8153958,16524.43,18.79000000000088,-22.66449133,1.6431416,0.0,1.0,0.0,0.0579022622906625,956.801880063692
1668607317.452968,16530.23,5.799999999999272,-21.35876793,1.3057234000000015,0.0,1.0,0.0,0.0579022622906625,957.137713184978
1668607377.639862,16516.71,-13.520000000000437,-20.27295222,1.0858157099999983,0.0,1.0,0.0,0.0579022622906625,956.354874598808
1668607437.4200137,16514.19,-2.520000000000437,-20.02141119,0.251541030000002,0.0,1.0,0.0,0.0579022622906625,956.2089608978356
1668607498.548155,16445.1,-69.09000000000015,-27.97016859,-7.948757400000002,1.0,0.0,952.2084935961738,0.0,952.2084935961738
1668607558.6025958,16495.98,50.88000000000102,-24.95841294,3.0117556500000013,0.0,1.0,0.0,0.0577236692573689,952.2084935961738
1668607618.5739882,16488.35,-7.630000000001019,-25.67096717,-0.7125542300000021,1.0,0.0,951.7680619997384,0.0,951.7680619997384
1668607679.476591,16435.63,-52.719999999997526,-29.94119792,-4.27023075,1.0,0.0,951.7680619997384,0.0,951.7680619997384
1668607739.2228112,16461.63,26.0,-29.93604132,0.0051565999999994,0.0,1.0,0.0,0.0578173645015553,951.7680619997384
1668607799.7894704,16438.26,-23.37000000000262,-31.98008721,-2.04404589,1.0,0.0,950.4168701913364,0.0,950.4168701913364
1668607860.2053006,16433.44,-4.819999999999709,-32.27243262,-0.2923454099999958,1.0,0.0,950.4168701913364,0.0,950.4168701913364
1668607920.072976,16476.72,43.28000000000248,-28.84483694,3.427595679999996,0.0,1.0,0.0,0.0576824070683568,950.4168701913364
1668607980.2959783,16475.78,-0.9400000000023284,-27.66792909,1.1769078499999992,0.0,1.0,0.0,0.0576824070683568,950.3626487286916
1668608040.919546,16477.79,2.0100000000020373,-25.97236134,1.695567750000002,0.0,1.0,0.0,0.0576824070683568,950.478590366899
1668608100.953728,16490.93,13.139999999999418,-22.38470286,3.587658479999998,0.0,1.0,0.0,0.0576824070683568,951.2365371957771
1668608160.8190515,16490.63,-0.2999999999992724,-19.76651163,2.6181912300000008,0.0,1.0,0.0,0.0576824070683568,951.2192324736568
1668608222.0070126,16484.06,-6.569999999999709,-17.66987272,2.09663891,0.0,1.0,0.0,0.0576824070683568,950.8402590592176
1668608281.9960165,16484.55,0.4899999999979627,-16.49285815,1.1770145700000008,0.0,1.0,0.0,0.0576824070683568,950.868523438681
1668608341.9871843,16506.86,22.31000000000131,-12.98878736,3.50407079,0.0,1.0,0.0,0.0576824070683568,952.155417940376
1668608403.0629318,16519.17,12.309999999997672,-8.93316956,4.0556178,0.0,1.0,0.0,0.0576824070683568,952.8654883713874
1668608462.69552,16517.25,-1.919999999998253,-6.95682132,1.9763482399999992,0.0,1.0,0.0,0.0576824070683568,952.7547381498164
1668608522.9730363,16526.73,9.479999999999563,-3.61234789,3.3444734300000003,0.0,1.0,0.0,0.0576824070683568,953.3015673688244
1668608583.6330967,16506.32,-20.40999999999985,-3.50796502,0.1043828700000002,0.0,1.0,0.0,0.0576824070683568,952.1242694405591
1668608643.8192,16503.0,-3.319999999999709,-2.64351961,0.8644454100000001,0.0,1.0,0.0,0.0576824070683568,951.9327638490922
1668608703.805072,16508.49,5.490000000001601,-2.42332257,0.2201970399999999,0.0,1.0,0.0,0.0576824070683568,952.2494402638976
1668608764.7193906,16499.79,-8.700000000000728,-2.49351921,-0.0701966400000002,1.0,0.0,951.7476033224028,0.0,951.7476033224028
1668608824.5753782,16512.46,12.669999999998254,-1.25999927,1.23351994,0.0,1.0,0.0,0.0576381473942951,951.7476033224028
1668608885.4227223,16525.24,12.780000000002474,0.56102224,1.82102151,0.0,1.0,0.0,0.0576381473942951,952.4842188461012
1668608945.3417227,16530.0,4.759999999998399,1.78530668,1.22428444,0.0,1.0,0.0,0.0576381473942951,952.758576427698
1668609005.2982264,16526.6,-3.400000000001455,3.03924913,1.25394245,0.0,1.0,0.0,0.0576381473942951,952.5626067265572
1668609065.5019827,16529.16,2.5600000000013097,4.60459689,1.56534776,0.0,1.0,0.0,0.0576381473942951,952.7101603838868
1668609126.1049,16524.56,-4.599999999998545,5.65251321,1.0479163200000006,0.0,1.0,0.0,0.0576381473942951,952.4450249058732
1668609186.1362362,16532.24,7.680000000000291,6.27790387,0.6253906599999999,0.0,1.0,0.0,0.0576381473942951,952.8876858778611
1668609246.3566666,16546.53,14.289999999997235,9.48926202,3.21135815,0.0,1.0,0.0,0.0576381473942951,953.7113350041255
1668609307.2755744,16565.92,19.38999999999941,12.30771984,2.818457820000001,0.0,1.0,0.0,0.0576381473942951,954.8289386821008
1668609368.0959954,16565.01,-0.9099999999998544,13.99934834,1.6916284999999984,0.0,1.0,0.0,0.0576381473942951,954.776487967972
1668609427.31022,16536.84,-28.169999999998254,11.74836885,-2.250979489999999,1.0,0.0,953.152821355875,0.0,953.152821355875
1668609488.152532,16526.04,-10.799999999999272,9.91194362,-1.83642523,1.0,0.0,953.152821355875,0.0,953.152821355875
1668609548.0403216,16535.09,9.049999999999272,9.66610897,-0.2458346500000008,1.0,0.0,953.152821355875,0.0,953.152821355875
1668609608.000136,16543.33,8.2400000000016,9.4295183,-0.23659067,1.0,0.0,953.152821355875,0.0,953.152821355875
1668609668.910077,16514.48,-28.850000000002183,6.33156457,-3.0979537299999995,1.0,0.0,953.152821355875,0.0,953.152821355875
1668609728.8105118,16512.39,-2.090000000000145,4.19781257,-2.1337520000000003,1.0,0.0,953.152821355875,0.0,953.152821355875
1668609788.9326537,16504.42,-7.970000000001164,1.07422671,-3.12358586,1.0,0.0,953.152821355875,0.0,953.152821355875
1668609850.198336,16486.74,-17.679999999996653,-3.04377833,-4.11800504,1.0,0.0,953.152821355875,0.0,953.152821355875
1668609911.0067303,16504.09,17.349999999998545,-3.31574277,-0.2719644400000001,1.0,0.0,953.152821355875,0.0,953.152821355875
1668609970.1336188,16517.48,13.389999999999418,-3.05485581,0.2608869600000001,0.0,1.0,0.0,0.0577057045842268,953.152821355875
1668610031.0092788,16519.82,2.340000000000145,-1.13793718,1.91691863,0.0,1.0,0.0,0.0577057045842268,953.2878527046016
1668610090.972047,16515.2,-4.619999999998981,-2.30731995,-1.16938277,1.0,0.0,953.0212523494224,0.0,953.0212523494224
1668610151.0061922,16511.12,-4.080000000001746,-3.07969155,-0.7723716,1.0,0.0,953.0212523494224,0.0,953.0212523494224
1668610211.8727024,16482.07,-29.049999999999272,-7.40515978,-4.32546823,1.0,0.0,953.0212523494224,0.0,953.0212523494224
1668610271.859472,16460.88,-21.18999999999869,-9.09553015,-1.69037037,1.0,0.0,953.0212523494224,0.0,953.0212523494224
1668610331.8840566,16459.87,-1.0100000000020373,-11.47775285,-2.3822227,1.0,0.0,953.0212523494224,0.0,953.0212523494224
1668610392.5248451,16458.95,-0.9199999999982538,-14.41669637,-2.9389435200000005,1.0,0.0,953.0212523494224,0.0,953.0212523494224
1668610452.7884526,16435.85,-23.100000000002183,-18.80986198,-4.3931656100000005,1.0,0.0,953.0212523494224,0.0,953.0212523494224
1668610512.551726,16428.49,-7.359999999996944,-21.63413308,-2.8242711000000007,1.0,0.0,953.0212523494224,0.0,953.0212523494224
1668610573.7738328,16436.57,8.079999999998108,-21.9981331,-0.3640000199999988,1.0,0.0,953.0212523494224,0.0,953.0212523494224
1668610633.5766213,16440.75,4.180000000000291,-21.88698532,0.1111477799999995,0.0,1.0,0.0,0.0579670180709166,953.0212523494224
1668610693.5776026,16461.77,21.02000000000044,-18.79620856,3.0907767600000007,0.0,1.0,0.0,0.0579670180709166,954.2397190692728
1668610754.2869818,16490.93,29.15999999999985,-13.38440782,5.41180074,0.0,1.0,0.0,0.0579670180709166,955.9300373162208
1668610817.168822,16497.94,7.009999999998399,-12.82520555,0.5592022700000001,0.0,1.0,0.0,0.0579670180709166,956.3363861128978
1668610874.363586,16493.56,-4.379999999997381,-8.81851168,4.006693869999999,0.0,1.0,0.0,0.0579670180709166,956.0824905737472
1668610934.988788,16468.8,-24.76000000000204,-10.45762424,-1.6391125599999992,1.0,0.0,954.6472272063112,0.0,954.6472272063112
1668610994.4235227,16450.95,-17.849999999998545,-12.50848775,-2.050863510000001,1.0,0.0,954.6472272063112,0.0,954.6472272063112
1668611054.3926733,16481.42,30.46999999999753,-8.4771351,4.0313526500000005,0.0,1.0,0.0,0.0579226321036847,954.6472272063112
1668611114.3961587,16512.81,31.390000000003056,-2.76280282,5.71433228,0.0,1.0,0.0,0.0579226321036847,956.465418628046
1668611174.3657885,16515.03,2.219999999997526,0.19007433,2.95287715,0.0,1.0,0.0,0.0579226321036847,956.594006871316
1668611234.3480108,16506.08,-8.94999999999709,0.89286086,0.70278653,0.0,1.0,0.0,0.0579226321036847,956.075599313988
1668611294.2978702,16508.24,2.1599999999998545,2.27255204,1.37969118,0.0,1.0,0.0,0.0579226321036847,956.200712199332
1668611354.6467094,16499.64,-8.600000000002183,2.14953412,-0.1230179199999996,1.0,0.0,955.7025775632402,0.0,955.7025775632402
1668611414.374683,16507.95,8.31000000000131,3.81183741,1.6623032899999997,0.0,1.0,0.0,0.0578934742086837,955.7025775632402
1668611474.2005255,16513.41,5.459999999999127,4.24739297,0.43555556,0.0,1.0,0.0,0.0578934742086837,956.0186759324196
1668611534.5199378,16522.87,9.459999999999129,7.77353974,3.5261467700000004,0.0,1.0,0.0,0.0578934742086837,956.5663481984336
1668611594.3332314,16524.71,1.8400000000001453,8.82038425,1.0468445099999997,0.0,1.0,0.0,0.0578934742086837,956.6728721909776
1668611654.3446276,16538.59,13.88000000000102,11.33172528,2.5113410300000005,0.0,1.0,0.0,0.0578934742086837,957.4764336129942
1668611714.450501,16525.48,-13.110000000000582,10.50565805,-0.8260672300000014,1.0,0.0,956.7174501661184,0.0,956.7174501661184
1668611774.475332,16522.38,-3.099999999998545,10.2583646,-0.247293449999999,1.0,0.0,956.7174501661184,0.0,956.7174501661184
1668611834.4397273,16513.25,-9.13000000000102,8.42862917,-1.8297354299999995,1.0,0.0,956.7174501661184,0.0,956.7174501661184
1668611911.5484254,16506.69,-6.56000000000131,6.91807138,-1.510557790000001,1.0,0.0,956.7174501661184,0.0,956.7174501661184
1668611954.3624718,16507.33,0.6400000000030559,6.07059187,-0.8474795099999994,1.0,0.0,956.7174501661184,0.0,956.7174501661184
1668612014.3081727,16487.55,-19.78000000000248,2.50128195,-3.56930992,1.0,0.0,956.7174501661184,0.0,956.7174501661184
1668612074.2429802,16496.23,8.680000000000291,2.05458104,-0.4467009100000001,1.0,0.0,956.7174501661184,0.0,956.7174501661184
1668612134.3477,16496.07,-0.1599999999998544,1.20232337,-0.85225767,1.0,0.0,956.7174501661184,0.0,956.7174501661184
1668612194.4876287,16486.17,-9.900000000001455,-0.7946818,-1.99700517,1.0,0.0,956.7174501661184,0.0,956.7174501661184
1668612254.5032218,16493.61,7.440000000002328,-0.66975352,0.12492828,0.0,1.0,0.0,0.0580053396537276,956.7174501661184
1668612314.3125634,16503.3,9.68999999999869,0.25431427,0.92406779,0.0,1.0,0.0,0.0580053396537276,957.2795219073628
1668612374.2930515,16510.78,7.479999999999563,1.32000486,1.06569059,0.0,1.0,0.0,0.0580053396537276,957.7134018479726
1668612434.3399358,16509.84,-0.9399999999986904,1.64827702,0.32827216,0.0,1.0,0.0,0.0580053396537276,957.658876828698
1668612494.3766432,16512.02,2.180000000000291,2.25360627,0.60532925,0.0,1.0,0.0,0.0580053396537276,957.7853284691432
1668612556.6676066,16514.37,2.349999999998545,2.85071329,0.5971070199999997,0.0,1.0,0.0,0.0580053396537276,957.9216410173294
1668612614.5284204,16537.28,22.90999999999985,6.31689582,3.46618253,0.0,1.0,0.0,0.0580053396537276,959.2505433487964
1668612674.4892075,16532.95,-4.329999999998108,5.97148272,-0.3454131,1.0,0.0,958.9993802280958,0.0,958.9993802280958
1668612734.433373,16526.46,-6.490000000001601,6.81993449,0.8484517699999996,0.0,1.0,0.0,0.0580281185582451,958.9993802280958
1668612794.6563213,16521.04,-5.419999999998254,6.64973928,-0.1701952099999992,1.0,0.0,958.6848678255096,0.0,958.6848678255096
1668612854.493466,16518.59,-2.450000000000728,6.61178174,-0.0379575400000007,1.0,0.0,958.6848678255096,0.0,958.6848678255096
1668612914.474506,16531.99,13.400000000001455,8.26653212,1.6547503800000012,0.0,1.0,0.0,0.0579896835060697,958.6848678255096
1668612974.4373617,16532.2,0.2099999999991268,8.34173317,0.0752010499999986,0.0,1.0,0.0,0.0579896835060697,958.6970456590456
1668613034.3533971,16533.73,1.5299999999988358,8.5087486,0.167015430000001,0.0,1.0,0.0,0.0579896835060697,958.7857698748096
1668613094.35251,16538.42,4.68999999999869,8.88287965,0.374131049999999,0.0,1.0,0.0,0.0579896835060697,959.0577414904532
1668613154.795715,16545.63,7.210000000002765,10.29066021,1.4077805600000008,0.0,1.0,0.0,0.0579896835060697,959.475847108532
1668613214.415607,16540.7,-4.930000000000291,9.86226023,-0.42839998,1.0,0.0,959.1899579688472,0.0,959.1899579688472
1668613274.4440668,16539.21,-1.4900000000016007,9.74339983,-0.1188604000000008,1.0,0.0,959.1899579688472,0.0,959.1899579688472
1668613334.33763,16520.07,-19.13999999999941,6.25306,-3.49033983,1.0,0.0,959.1899579688472,0.0,959.1899579688472
1668613394.401532,16523.99,3.920000000001892,5.65000333,-0.60305667,1.0,0.0,959.1899579688472,0.0,959.1899579688472
1668613454.439597,16520.13,-3.860000000000582,4.40377765,-1.2462256799999991,1.0,0.0,959.1899579688472,0.0,959.1899579688472
1668613514.4996922,16508.45,-11.680000000000293,1.88483935,-2.5189383000000003,1.0,0.0,959.1899579688472,0.0,959.1899579688472
1668613574.513723,16502.44,-6.010000000002037,-0.18233733,-2.06717668,1.0,0.0,959.1899579688472,0.0,959.1899579688472
1668613636.7995768,16490.51,-11.930000000000293,-1.13401824,-0.95168091,1.0,0.0,959.1899579688472,0.0,959.1899579688472
1668613694.349095,16446.69,-43.81999999999971,-11.12662954,-9.9926113,1.0,0.0,959.1899579688472,0.0,959.1899579688472
1668613754.386188,16400.79,-45.89999999999782,-20.76158579,-9.634956250000002,1.0,0.0,959.1899579688472,0.0,959.1899579688472
1668613814.5330944,16413.16,12.36999999999898,-23.61095264,-2.849366849999999,1.0,0.0,959.1899579688472,0.0,959.1899579688472
1668613875.102902,16438.08,24.92000000000189,-22.80143485,0.809517790000001,0.0,1.0,0.0,0.058351702751711,959.1899579688472
1668613934.4302566,16448.22,10.139999999999418,-21.89579967,0.9056351800000008,0.0,1.0,0.0,0.058351702751711,959.781644234748
1668613994.516471,16420.51,-27.710000000002765,-25.48763108,-3.591831410000001,1.0,0.0,958.1647185514978,0.0,958.1647185514978
1668614054.5607574,16421.74,1.2300000000032014,-25.38951142,0.0981196599999982,0.0,1.0,0.0,0.0583473321676934,958.1647185514978
1668614114.4507873,16443.24,21.5,-22.61872161,2.77078981,0.0,1.0,0.0,0.0583473321676934,959.419186193103
1668614174.4513128,16428.19,-15.05000000000291,-23.84216935,-1.2234477399999977,1.0,0.0,958.541058843979,0.0,958.541058843979
1668614234.4280217,16450.99,22.80000000000291,-20.52413563,3.318033719999999,0.0,1.0,0.0,0.0582664665679074,958.541058843979
1668614294.4649394,16458.98,7.989999999997963,-19.88675672,0.6373789099999989,0.0,1.0,0.0,0.0582664665679074,959.0066079118563
1668614355.1895747,16443.61,-15.36999999999898,-18.0406756,1.846081120000001,0.0,1.0,0.0,0.0582664665679074,958.1110523207078
1668614414.4803698,16431.7,-11.909999999999854,-18.86378313,-0.8231075300000015,1.0,0.0,957.417098703884,0.0,957.417098703884
1668614474.7151325,16432.56,0.8600000000005821,-18.42775536,0.4360277700000026,0.0,1.0,0.0,0.0582634171853858,957.417098703884
1668614534.461058,16418.67,-13.890000000003056,-19.9396026,-1.5118472400000016,1.0,0.0,956.6078198391782,0.0,956.6078198391782
1668614594.6262748,16411.96,-6.709999999999127,-20.93041608,-0.99081348,1.0,0.0,956.6078198391782,0.0,956.6078198391782
1668614654.5256822,16439.61,27.65000000000145,-17.13951088,3.790905200000001,0.0,1.0,0.0,0.0581892039920155,956.6078198391782
1668614714.6951272,16453.4,13.790000000000871,-13.75345363,3.3860572500000004,0.0,1.0,0.0,0.0581892039920155,957.410248962228
1668614774.5564885,16454.25,0.8499999999985448,-11.68553516,2.0679184699999986,0.0,1.0,0.0,0.0581892039920155,957.459709785621
1668614835.004799,16451.38,-2.8699999999989814,-10.33560616,1.3499290000000013,0.0,1.0,0.0,0.0581892039920155,957.292706770164
1668614894.5842412,16443.69,-7.690000000002328,-10.94905345,-0.6134472899999999,1.0,0.0,956.8452317914652,0.0,956.8452317914652
1668614954.9846623,16436.69,-7.0,-10.40045882,0.5485946299999984,0.0,1.0,0.0,0.0582139854065182,956.8452317914652
1668615014.7065196,16457.06,20.37000000000262,-6.63266655,3.767792270000001,0.0,1.0,0.0,0.0582139854065182,958.0310506741944
1668615074.5874734,16463.37,6.309999999997672,-4.57557704,2.05708951,0.0,1.0,0.0,0.0582139854065182,958.3983809221096
1668615134.5138736,16458.98,-4.389999999999418,-3.85733258,0.7182444599999998,0.0,1.0,0.0,0.0582139854065182,958.1428215261748
1668615194.5121512,16467.03,8.049999999999272,-1.83830643,2.01902615,0.0,1.0,0.0,0.0582139854065182,958.6114441086972
1668615254.825491,16476.65,9.62000000000262,0.62128726,2.45959369,0.0,1.0,0.0,0.0582139854065182,959.171462648308
1668615315.0390985,16480.06,3.4099999999998545,0.89331005,0.2720227899999999,0.0,1.0,0.0,0.0582139854065182,959.3699723385444
1668615374.6426404,16478.14,-1.920000000001892,1.56120393,0.66789388,0.0,1.0,0.0,0.0582139854065182,959.2582014865636
1668615434.7166646,16462.96,-15.180000000000293,1.86594634,0.30474241,0.0,1.0,0.0,0.0582139854065182,958.3745131880928
1668615494.5372078,16456.41,-6.549999999999272,0.79982669,-1.06611965,1.0,0.0,957.99321158368,0.0,957.99321158368
1668615554.5326767,16461.53,5.119999999998981,1.20825973,0.40843304,0.0,1.0,0.0,0.058195879215582,957.99321158368
1668615614.6559017,16480.47,18.94000000000233,3.80120412,2.59294439,0.0,1.0,0.0,0.058195879215582,959.0954415360228
1668615674.5087254,16465.71,-14.760000000002035,2.50405732,-1.2971468000000002,1.0,0.0,958.2364703588008,0.0,958.2364703588008
1668615734.4677234,16466.37,0.6599999999998545,2.4750297,-0.0290276199999999,1.0,0.0,958.2364703588008,0.0,958.2364703588008
1668615795.149023,16482.55,16.18000000000029,4.6700772,2.1950475,0.0,1.0,0.0,0.0581364212672675,958.2364703588008
1668615854.504025,16460.0,-22.549999999999272,2.19185716,-2.47822004,1.0,0.0,956.9254940592232,0.0,956.9254940592232
1668615914.4117358,16465.95,5.950000000000728,2.42072415,0.2288669899999997,0.0,1.0,0.0,0.0581154135691668,956.9254940592232
1668615974.5529296,16453.52,-12.430000000000293,0.44344158,-1.97728257,1.0,0.0,956.2031194685574,0.0,956.2031194685574
1668616034.652805,16446.27,-7.25,-1.30272698,-1.74616856,1.0,0.0,956.2031194685574,0.0,956.2031194685574
1668616094.5760472,16452.87,6.599999999998545,-1.38338583,-0.0806588499999998,1.0,0.0,956.2031194685574,0.0,956.2031194685574
1668616154.6445332,16465.96,13.090000000000146,0.06462285,1.4480086799999998,0.0,1.0,0.0,0.0580715074899099,956.2031194685574
1668616215.623755,16459.33,-6.629999999997381,-0.55698551,-0.62160836,1.0,0.0,955.8181053738988,0.0,955.8181053738988
1668616274.9100976,16443.7,-15.63000000000102,-2.84324763,-2.28626212,1.0,0.0,955.8181053738988,0.0,955.8181053738988
1668616334.6847332,16455.93,12.229999999999563,-1.96024613,0.8830015,0.0,1.0,0.0,0.058083505786297,955.8181053738988
1668616394.5019338,16475.61,19.68000000000029,0.84717253,2.80741866,0.0,1.0,0.0,0.058083505786297,956.9611887677728
1668616454.9079297,16486.29,10.680000000000293,3.31682403,2.4696515,0.0,1.0,0.0,0.058083505786297,957.5815206095704
1668616514.5727985,16476.93,-9.360000000000582,3.1413749,-0.1754491299999996,1.0,0.0,957.0378589954106,0.0,957.0378589954106
1668616574.9153817,16469.09,-7.8400000000001455,2.58276873,-0.55860617,1.0,0.0,957.0378589954106,0.0,957.0378589954106
1668616634.7336564,16474.66,5.569999999999709,3.02709922,0.44433049,0.0,1.0,0.0,0.0580915089595421,957.0378589954106
1668616694.553985,16466.73,-7.930000000000291,2.12424107,-0.90285815,1.0,0.0,956.5771933293606,0.0,956.5771933293606
1668616754.696364,16450.62,-16.110000000000582,-0.32582592,-2.45006699,1.0,0.0,956.5771933293606,0.0,956.5771933293606
1668616814.646812,16471.29,20.67000000000189,1.68714851,2.01297443,0.0,1.0,0.0,0.0580754265955708,956.5771933293606
1668616874.554379,16495.11,23.81999999999971,5.32042844,3.63327993,0.0,1.0,0.0,0.0580754265955708,957.960549990866
1668616934.785297,16514.28,19.169999999998254,9.32756461,4.00713617,0.0,1.0,0.0,0.0580754265955708,959.0738559187027
1668616994.800589,16507.73,-6.549999999999272,10.30939884,0.9818342300000004,0.0,1.0,0.0,0.0580754265955708,958.693461874502
1668617054.6661792,16510.73,3.0,11.77629726,1.4668984199999997,0.0,1.0,0.0,0.0580754265955708,958.8676881542888
1668617114.564195,16520.83,10.100000000002185,14.04190459,2.26560733,0.0,1.0,0.0,0.0580754265955708,959.454249962904
1668617174.5936534,16512.74,-8.090000000000146,13.81456451,-0.2273400799999994,1.0,0.0,958.984419761746,0.0,958.984419761746
1668617234.715255,16511.42,-1.320000000003347,13.70134359,-0.1132209199999998,1.0,0.0,958.984419761746,0.0,958.984419761746
1668617295.2506464,16526.42,15.0,15.75755794,2.0562143499999994,0.0,1.0,0.0,0.0580273537621424,958.984419761746
1668617354.9135623,16537.06,10.640000000003056,17.67797935,1.9204214100000008,0.0,1.0,0.0,0.0580273537621424,959.6018308057749
1668617414.653017,16540.78,3.719999999997526,18.86100509,1.183025739999998,0.0,1.0,0.0,0.0580273537621424,959.8176925617696
1668617474.5131657,16539.08,-1.6999999999970896,18.72539256,-0.1356125299999995,1.0,0.0,959.7190460603742,0.0,959.7190460603742
1668617534.60919,16519.63,-19.450000000000728,16.6390959,-2.0862966599999986,1.0,0.0,959.7190460603742,0.0,959.7190460603742
1668617594.865955,16500.62,-19.01000000000204,12.80529342,-3.833802480000001,1.0,0.0,959.7190460603742,0.0,959.7190460603742
1668617654.589616,16515.58,14.960000000002765,13.04794521,0.24265179,0.0,1.0,0.0,0.0581099208178201,959.7190460603742
1668617714.7111204,16528.48,12.899999999997815,13.88802418,0.8400789700000004,0.0,1.0,0.0,0.0581099208178201,960.4686640389232
1668617775.3442397,16522.0,-6.479999999999563,13.3711011,-0.5169230799999998,1.0,0.0,960.0921117520236,0.0,960.0921117520236
1668617834.6406024,16521.78,-0.2200000000011641,12.03533471,-1.33576639,1.0,0.0,960.0921117520236,0.0,960.0921117520236
1668617894.6746712,16516.47,-5.309999999997672,10.66206348,-1.3732712300000005,1.0,0.0,960.0921117520236,0.0,960.0921117520236
1668617954.7455173,16501.24,-15.229999999999563,7.68420499,-2.977858490000001,1.0,0.0,960.0921117520236,0.0,960.0921117520236
1668618014.7542424,16500.57,-0.6700000000018917,7.6307577,-0.0534472899999993,1.0,0.0,960.0921117520236,0.0,960.0921117520236
1668618074.6698472,16503.14,2.569999999999709,6.1662211,-1.4645366000000006,1.0,0.0,960.0921117520236,0.0,960.0921117520236
1668618134.730451,16512.19,9.049999999999272,5.83167049,-0.3345506099999999,1.0,0.0,960.0921117520236,0.0,960.0921117520236
1668618194.6980412,16504.95,-7.239999999997963,4.4657324,-1.365938089999999,1.0,0.0,960.0921117520236,0.0,960.0921117520236
1668618255.015504,16506.72,1.7700000000004366,3.93862026,-0.5271121400000003,1.0,0.0,960.0921117520236,0.0,960.0921117520236
1668618314.5578578,16511.46,4.739999999997963,4.0401902,0.1015699399999996,0.0,1.0,0.0,0.0581470149673029,960.0921117520236
1668618374.6844964,16519.51,8.049999999999272,4.91544618,0.8752559800000004,0.0,1.0,0.0,0.0581470149673029,960.5601952225098
1668618434.4818988,16512.26,-7.25,3.95250267,-0.96294351,1.0,0.0,960.1386293639968,0.0,960.1386293639968
1668618494.554822,16512.9,0.6400000000030559,3.76223477,-0.1902678999999998,1.0,0.0,960.1386293639968,0.0,960.1386293639968
1668618554.831344,16526.9,14.0,5.6048303,1.84259553,0.0,1.0,0.0,0.0580955066808655,960.1386293639968
1668618614.701742,16523.88,-3.020000000000437,5.55377774,-0.0510525599999995,1.0,0.0,959.96318093382,0.0,959.96318093382
1668618674.7813585,16523.41,-0.4700000000011641,5.60591211,0.05213437,0.0,1.0,0.0,0.058097159178028,959.96318093382
1668618734.8206797,16520.82,-2.590000000000145,5.39930242,-0.2066096900000005,1.0,0.0,959.8127092915483,0.0,959.8127092915483
1668618794.5513704,16518.25,-2.569999999999709,4.57224026,-0.8270621599999997,1.0,0.0,959.8127092915483,0.0,959.8127092915483
1668618854.7106469,16513.7,-4.549999999999272,3.64422909,-0.92801117,1.0,0.0,959.8127092915483,0.0,959.8127092915483
1668618914.778618,16517.39,3.6899999999986894,3.620035,-0.0241940899999999,1.0,0.0,959.8127092915483,0.0,959.8127092915483
1668618974.7446258,16504.89,-12.5,1.62467081,-1.99536419,1.0,0.0,959.8127092915483,0.0,959.8127092915483
1668619034.8554063,16519.54,14.650000000001455,2.89504065,1.27036984,0.0,1.0,0.0,0.0581016607781783,959.8127092915483
1668619094.6674793,16518.35,-1.1900000000023283,2.7735138,-0.1215268499999999,1.0,0.0,959.7435683152214,0.0,959.7435683152214
1668619154.6006742,16529.82,11.470000000001164,3.68849956,0.91498576,0.0,1.0,0.0,0.0580613441837371,959.7435683152214
1668619214.7075198,16524.76,-5.06000000000131,4.31085496,0.6223554000000004,0.0,1.0,0.0,0.0580613441837371,959.4497779136516
1668619275.091737,16522.51,-2.25,4.01580314,-0.2950518200000003,1.0,0.0,959.319139889238,0.0,959.319139889238
1668619334.7028155,16512.35,-10.159999999999854,2.50592872,-1.50987442,1.0,0.0,959.319139889238,0.0,959.319139889238
1668619394.8071368,16519.37,7.020000000000437,2.78889532,0.2829665999999999,0.0,1.0,0.0,0.0580723804775386,959.319139889238
1668619454.805892,16520.98,1.610000000000582,2.8270322,0.0381368800000001,0.0,1.0,0.0,0.0580723804775386,959.4126364218056
1668619514.7752676,16527.91,6.930000000000291,3.60824736,0.7812151599999999,0.0,1.0,0.0,0.0580723804775386,959.815078018515
1668619574.7170465,16524.27,-3.639999999999418,3.32838417,-0.2798631899999999,1.0,0.0,959.6036945535768,0.0,959.6036945535768
1668619634.7727594,16516.85,-7.420000000001892,2.24977631,-1.07860786,1.0,0.0,959.6036945535768,0.0,959.6036945535768
1668619694.707243,16520.88,4.030000000002474,2.41066405,0.1608877399999997,0.0,1.0,0.0,0.0580842966327203,959.6036945535768
1668619754.6911514,16523.15,2.270000000000437,2.58814538,0.17748133,0.0,1.0,0.0,0.0580842966327203,959.7355459069324
1668619814.7022188,16514.75,-8.400000000001455,1.40706819,-1.18107719,1.0,0.0,959.2476378152176,0.0,959.2476378152176
1668619874.713154,16521.99,7.240000000001601,1.96664839,0.5595802000000001,0.0,1.0,0.0,0.0580588438690023,959.2476378152176
1668619934.6844237,16530.09,8.099999999998545,2.99389447,1.0272460799999998,0.0,1.0,0.0,0.0580588438690023,959.7179144505562
1668619994.9852114,16531.47,1.3800000000010186,3.53593212,0.5420376500000001,0.0,1.0,0.0,0.0580588438690023,959.7980356550956
1668620071.1947196,16542.74,11.270000000000437,5.42721592,1.8912838,0.0,1.0,0.0,0.0580588438690023,960.4523588254992
1668620115.0723376,16530.9,-11.840000000000146,4.54233379,-0.8848821300000003,1.0,0.0,959.7649421140902,0.0,959.7649421140902
1668620175.248942,16540.79,9.889999999999418,5.8609802,1.3186464100000004,0.0,1.0,0.0,0.0580241295678193,959.7649421140902
1668620241.608446,16554.6,13.809999999997672,8.16141193,2.30043173,0.0,1.0,0.0,0.0580241295678193,960.5662553434212
1668620294.974678,16601.66,47.06000000000131,15.66013766,7.49872573,0.0,1.0,0.0,0.0580241295678193,963.2968708808828
1668620354.9563568,16566.34,-35.31999999999971,13.476179,-2.18395866,1.0,0.0,961.2474586245476,0.0,961.2474586245476
1668620414.975669,16552.69,-13.650000000001455,11.83503513,-1.6411438700000005,1.0,0.0,961.2474586245476,0.0,961.2474586245476
1668620475.1256547,16555.28,2.590000000000145,11.63361338,-0.2014217499999997,1.0,0.0,961.2474586245476,0.0,961.2474586245476
1668620535.29659,16544.89,-10.389999999999418,9.71259758,-1.9210157999999995,1.0,0.0,961.2474586245476,0.0,961.2474586245476
1668620595.0962906,16557.51,12.61999999999898,10.46615367,0.75355609,0.0,1.0,0.0,0.058055073415299,961.2474586245476
1668620655.2948833,16574.53,17.020000000000437,12.69712355,2.23096988,0.0,1.0,0.0,0.058055073415299,962.2355559740756
1668620715.1328192,16571.2,-3.3299999999981083,12.6181288,-0.0789947500000014,1.0,0.0,962.0422325796028,0.0,962.0422325796028
1668620774.984611,16587.88,16.68000000000029,15.04849103,2.43036223,0.0,1.0,0.0,0.0579966959358038,962.0422325796028
1668620835.0606174,16595.61,7.729999999999563,16.73959901,1.69110798,0.0,1.0,0.0,0.0579966959358038,962.490547039185
1668620899.3050797,16603.62,8.0099999999984,18.53910519,1.7995061800000016,0.0,1.0,0.0,0.0579966959358038,962.9551005736308
1668620972.5241208,16593.81,-9.809999999997672,17.82065704,-0.7184481500000004,1.0,0.0,962.3861529865006,0.0,962.3861529865006
1668621015.488441,16591.01,-2.8000000000029104,17.47498249,-0.3456745500000018,1.0,0.0,962.3861529865006,0.0,962.3861529865006
1668621088.0512292,16590.33,-0.6799999999966531,16.91928545,-0.5556970399999983,1.0,0.0,962.3861529865006,0.0,962.3861529865006
1668621137.9303508,16589.44,-0.8900000000030559,16.27840938,-0.6408760700000009,1.0,0.0,962.3861529865006,0.0,962.3861529865006
1668621196.4950671,16575.75,-13.68999999999869,13.72532742,-2.55308196,1.0,0.0,962.3861529865006,0.0,962.3861529865006
1668621258.2833655,16566.39,-9.360000000000582,11.21298616,-2.5123412599999995,1.0,0.0,962.3861529865006,0.0,962.3861529865006
1668621318.0022864,16578.5,12.110000000000582,11.22340903,0.0104228699999993,0.0,1.0,0.0,0.0580502550282896,962.3861529865006
1668621381.6233442,16576.28,-2.220000000001164,10.0961039,-1.12730513,1.0,0.0,962.2572814203364,0.0,962.2572814203364
1668621439.169181,16584.25,7.970000000001164,10.36324022,0.2671363200000005,0.0,1.0,0.0,0.0580223574427747,962.2572814203364
1668621499.307993,16585.46,1.2099999999991269,10.12736312,-0.2358770999999997,1.0,0.0,962.327488472842,0.0,962.327488472842
1668621559.3042066,16580.96,-4.5,9.0420994,-1.0852637200000004,1.0,0.0,962.327488472842,0.0,962.327488472842
1668621620.2495012,16577.97,-2.9899999999979627,7.96259916,-1.0795002399999998,1.0,0.0,962.327488472842,0.0,962.327488472842
1668621680.936916,16580.69,2.719999999997526,7.58356548,-0.37903368,1.0,0.0,962.327488472842,0.0,962.327488472842
1668621746.5434968,16589.01,8.319999999999709,8.2000167,0.616451220000001,0.0,1.0,0.0,0.0580099408266582,962.327488472842
1668621800.9153335,16595.97,6.960000000002765,9.07187628,0.8718595799999989,0.0,1.0,0.0,0.0580099408266582,962.7312376609948
1668621860.7995458,16594.74,-1.2299999999995634,9.16929148,0.0974152000000003,0.0,1.0,0.0,0.0580099408266582,962.659885433778
1668621920.8321867,16581.86,-12.88000000000102,7.26453355,-1.90475793,1.0,0.0,961.9127173959306,0.0,961.9127173959306
1668621981.8012512,16585.0,3.139999999999418,7.05449723,-0.2100363200000004,1.0,0.0,961.9127173959306,0.0,961.9127173959306
1668622041.6742096,16600.45,15.450000000000728,8.75172314,1.6972259099999991,0.0,1.0,0.0,0.0579449784431103,961.9127173959306
1668622101.8614342,16595.28,-5.170000000001892,8.28526258,-0.4664605599999998,1.0,0.0,961.6131418573794,0.0,961.6131418573794
1668622163.6790187,16589.38,-5.899999999997817,7.31446677,-0.9707958099999994,1.0,0.0,961.6131418573794,0.0,961.6131418573794
1668622222.592638,16598.92,9.539999999997235,8.18786117,0.8733943999999996,0.0,1.0,0.0,0.0579322716090793,961.6131418573794
1668622282.435715,16624.02,25.100000000002183,11.73078888,3.5429277100000007,0.0,1.0,0.0,0.0579322716090793,963.0672418747664
1668622343.3326976,16620.16,-3.860000000000582,12.25850627,0.5277173899999994,0.0,1.0,0.0,0.0579322716090793,962.8436233063554
1668622403.2500875,16615.3,-4.860000000000582,12.08648833,-0.1720179399999999,1.0,0.0,962.5620724663352,0.0,962.5620724663352
1668622463.2890074,16617.51,2.209999999999127,12.43013732,0.3436489900000001,0.0,1.0,0.0,0.0579245670660848,962.5620724663352
1668622524.4930556,16636.19,18.68000000000029,15.06025141,2.63011409,0.0,1.0,0.0,0.0579245670660848,963.6441033791292
1668622584.2757566,16619.9,-16.289999999997235,13.40690906,-1.653342349999999,1.0,0.0,962.7005121816228,0.0,962.7005121816228
1668622644.2854218,16618.51,-1.390000000003056,12.85351736,-0.5533917000000006,1.0,0.0,962.7005121816228,0.0,962.7005121816228
1668622705.628659,16611.7,-6.809999999997672,11.39766528,-1.4558520799999997,1.0,0.0,962.7005121816228,0.0,962.7005121816228
1668622764.5289724,16609.3,-2.400000000001455,10.2615446,-1.1361206799999994,1.0,0.0,962.7005121816228,0.0,962.7005121816228
1668622824.3096707,16599.97,-9.329999999998108,8.03681804,-2.224726560000001,1.0,0.0,962.7005121816228,0.0,962.7005121816228
1668622944.312399,16604.51,4.539999999997235,6.52133986,-1.5154781799999997,1.0,0.0,962.7005121816228,0.0,962.7005121816228
1668623020.7026649,16596.99,-7.519999999996799,4.73608815,-1.7852517100000007,1.0,0.0,962.7005121816228,0.0,962.7005121816228
1668623064.3130314,16590.03,-6.960000000002765,2.76952741,-1.96656074,1.0,0.0,962.7005121816228,0.0,962.7005121816228
1668623124.2324598,16588.85,-1.180000000000291,1.46540187,-1.3041255399999998,1.0,0.0,962.7005121816228,0.0,962.7005121816228
1668623184.310479,16584.4,-4.44999999999709,-0.12836233,-1.5937642,1.0,0.0,962.7005121816228,0.0,962.7005121816228
1668623244.239984,16591.15,6.75,-0.07920159,0.0491607399999999,0.0,1.0,0.0,0.05802494174193,962.7005121816228
1668623304.2314892,16587.8,-3.350000000002183,-1.05872904,-0.97952745,1.0,0.0,962.5061286267864,0.0,962.5061286267864
1668623364.2069592,16596.74,8.940000000002328,-0.28157132,0.7771577199999999,0.0,1.0,0.0,0.0579936860267008,962.5061286267864
1668623424.1529586,16595.6,-1.140000000003056,-0.38937697,-0.1078056499999999,1.0,0.0,962.4400158247156,0.0,962.4400158247156
1668623484.2719245,16587.12,-8.479999999999563,-1.64494775,-1.25557078,1.0,0.0,962.4400158247156,0.0,962.4400158247156
1668623544.1930764,16581.3,-5.819999999999709,-2.80708688,-1.16213913,1.0,0.0,962.4400158247156,0.0,962.4400158247156
1668623604.2586548,16576.83,-4.469999999997526,-3.95074391,-1.14365703,1.0,0.0,962.4400158247156,0.0,962.4400158247156
1668623664.7639494,16566.83,-10.0,-6.06300672,-2.11226281,1.0,0.0,962.4400158247156,0.0,962.4400158247156
1668623724.4425893,16563.57,-3.2600000000020373,-7.40779179,-1.3447850700000004,1.0,0.0,962.4400158247156,0.0,962.4400158247156
1668623784.0516968,16572.72,9.150000000001455,-6.87976393,0.5280278599999999,0.0,1.0,0.0,0.0580737510695115,962.4400158247156
1668623844.3948371,16559.95,-12.770000000000437,-8.76473437,-1.8849704399999991,1.0,0.0,961.698414023557,0.0,961.698414023557
1668623904.1074777,16555.1,-4.850000000002183,-9.9552611,-1.1905267300000002,1.0,0.0,961.698414023557,0.0,961.698414023557
1668623964.4065082,16539.45,-15.649999999997815,-12.81542268,-2.86016158,1.0,0.0,961.698414023557,0.0,961.698414023557
1668624024.3276527,16550.55,11.099999999998545,-12.30673689,0.5086857899999995,0.0,1.0,0.0,0.058106734460399,961.698414023557
1668624084.3654685,16545.68,-4.869999999998981,-13.05094713,-0.744210240000001,1.0,0.0,961.4154342267344,0.0,961.4154342267344
1668624144.858673,16549.0,3.319999999999709,-12.81096729,0.2399798400000001,0.0,1.0,0.0,0.0580950772993373,961.4154342267344
1668624204.2511032,16551.16,2.1599999999998545,-12.37911031,0.4318569800000009,0.0,1.0,0.0,0.0580950772993373,961.5409195936996
1668624264.1413312,16552.04,0.8800000000010186,-11.85793641,0.5211738999999991,0.0,1.0,0.0,0.0580950772993373,961.592043261723
1668624324.23386,16555.46,3.4199999999982538,-10.93914051,0.918795900000001,0.0,1.0,0.0,0.0580950772993373,961.7907284260866
1668624384.5646343,16557.46,2.0,-10.02564689,0.9134936199999988,0.0,1.0,0.0,0.0580950772993373,961.9069185806852
1668624444.3280902,16554.23,-3.2299999999995634,-9.72371054,0.3019363500000001,0.0,1.0,0.0,0.0580950772993373,961.7192714810084
1668624504.422593,16545.54,-8.68999999999869,-10.45728043,-0.7335698900000001,1.0,0.0,961.2144252592772,0.0,961.2144252592772
1668624564.2442925,16537.96,-7.580000000001746,-11.37411692,-0.9168364899999996,1.0,0.0,961.2144252592772,0.0,961.2144252592772
1668624624.71582,16544.07,6.110000000000582,-10.69347003,0.6806468900000002,0.0,1.0,0.0,0.058100239255472,961.2144252592772
1668624684.6602352,16537.57,-6.5,-11.27809034,-0.58462031,1.0,0.0,960.836773704116,0.0,960.836773704116
1668624744.1577694,16543.53,5.959999999999127,-10.35111114,0.9269792,0.0,1.0,0.0,0.0580793079653566,960.836773704116
1668624804.245196,16548.58,5.05000000000291,-9.30756972,1.0435414200000004,0.0,1.0,0.0,0.0580793079653566,961.1300742093408
1668624864.3269,16558.62,10.039999999997235,-7.20775475,2.09981497,0.0,1.0,0.0,0.0580793079653566,961.713190461313
1668624924.204214,16554.43,-4.18999999999869,-6.70026466,0.5074900900000001,0.0,1.0,0.0,0.0580793079653566,961.4698381609384
1668624984.2296124,16548.76,-5.670000000001892,-6.7659546,-0.0656899399999995,1.0,0.0,961.1405284847746,0.0,961.1405284847746
1668625044.2041175,16551.36,2.600000000002183,-6.09107828,0.6748763200000001,0.0,1.0,0.0,0.0580701844733468,961.1405284847746
1668625104.9628985,16540.83,-10.529999999998836,-7.03448887,-0.94341059,1.0,0.0,960.5290494422692,0.0,960.5290494422692
1668625164.2048912,16550.1,9.2699999999968,-5.76116289,1.27332598,0.0,1.0,0.0,0.0580376583490292,960.5290494422692
1668625224.3761008,16549.05,-1.0499999999992724,-5.3733376,0.3878252899999994,0.0,1.0,0.0,0.0580376583490292,960.4681099010016
1668625284.3841286,16541.31,-7.739999999997963,-6.08989703,-0.7165594300000002,1.0,0.0,960.0188984253804,0.0,960.0188984253804
1668625344.3342853,16547.8,6.489999999997963,-5.18071482,0.90918221,0.0,1.0,0.0,0.0580148961448277,960.0188984253804
1668625404.1125977,16543.25,-4.549999999999272,-5.45817413,-0.2774593099999993,1.0,0.0,959.7549306479208,0.0,959.7549306479208
1668625464.3914106,16547.56,4.31000000000131,-4.71971034,0.73846379,0.0,1.0,0.0,0.0579997855060154,959.7549306479208
1668625524.3460388,16544.75,-2.8100000000013097,-4.76997089,-0.0502605499999999,1.0,0.0,959.5919512506484,0.0,959.5919512506484
1668625584.7033472,16503.68,-41.06999999999971,-10.36887415,-5.59890326,1.0,0.0,959.5919512506484,0.0,959.5919512506484
1668625644.1925426,16494.45,-9.229999999999563,-13.37523707,-3.006362920000001,1.0,0.0,959.5919512506484,0.0,959.5919512506484
1668625704.3845298,16493.72,-0.7299999999995634,-15.0361842,-1.6609471299999985,1.0,0.0,959.5919512506484,0.0,959.5919512506484
1668625764.2154217,16505.75,12.029999999998836,-14.53672721,0.4994569899999987,0.0,1.0,0.0,0.0581368281508352,959.5919512506484
1668625824.198369,16497.15,-8.599999999998545,-15.89736802,-1.3606408099999996,1.0,0.0,959.091974528551,0.0,959.091974528551
1668625884.2522442,16485.49,-11.659999999999854,-17.95771875,-2.060350730000001,1.0,0.0,959.091974528551,0.0,959.091974528551
1668625944.2165282,16479.58,-5.909999999999855,-19.41026603,-1.4525472799999974,1.0,0.0,959.091974528551,0.0,959.091974528551
1668626004.5162954,16466.7,-12.88000000000102,-21.83637387,-2.42610784,1.0,0.0,959.091974528551,0.0,959.091974528551
1668626064.928671,16484.25,17.549999999999272,-20.21449734,1.621876529999998,0.0,1.0,0.0,0.0581823240079804,959.091974528551
1668626124.3188992,16478.98,-5.270000000000437,-20.48340372,-0.2689063799999971,1.0,0.0,958.7853536810288,0.0,958.7853536810288
1668626184.558451,16491.15,12.170000000001892,-18.41151834,2.0718853799999977,0.0,1.0,0.0,0.05813938710648,958.7853536810288
1668626244.423452,16492.09,0.9399999999986904,-17.20554153,1.2059768099999992,0.0,1.0,0.0,0.05813938710648,958.8400047049078
1668626304.3145258,16493.99,1.9000000000014552,-15.85477416,1.3507673700000016,0.0,1.0,0.0,0.05813938710648,958.9504695404102
1668626364.3762808,16504.64,10.649999999997815,-13.28262163,2.5721525300000003,0.0,1.0,0.0,0.05813938710648,959.569654013094
1668626424.3238366,16501.9,-2.7399999999979627,-12.03454423,1.2480773999999997,0.0,1.0,0.0,0.05813938710648,959.4103520924224
1668626484.1935823,16507.82,5.919999999998254,-9.9021569,2.13238733,0.0,1.0,0.0,0.05813938710648,959.7545372640926
1668626544.3680732,16508.11,0.2900000000008731,-8.62574068,1.2764162199999998,0.0,1.0,0.0,0.05813938710648,959.7713976863536
1668626604.3206518,16504.23,-3.880000000001018,-8.00651246,0.6192282200000001,0.0,1.0,0.0,0.05813938710648,959.5458168643804
1668626664.3433626,16515.82,11.590000000000146,-5.46546761,2.54104485,0.0,1.0,0.0,0.05813938710648,960.2196523609445
1668626724.6085217,16513.2,-2.6199999999989814,-4.59207412,0.8733934899999998,0.0,1.0,0.0,0.05813938710648,960.0673271667256
1668626784.194963,16523.08,9.88000000000102,-2.35171326,2.2403608600000005,0.0,1.0,0.0,0.05813938710648,960.6417443113376
1668626844.3574114,16521.06,-2.020000000000437,-1.31911127,1.03260199,0.0,1.0,0.0,0.05813938710648,960.5243027493824
1668626904.3539057,16522.35,1.2899999999972351,-0.21250775,1.1066035200000002,0.0,1.0,0.0,0.05813938710648,960.5993025587496
1668626964.434857,16516.31,-6.039999999997235,-0.35004215,-0.1375344,1.0,0.0,960.2481406606267,0.0,960.2481406606267
1668627024.364888,16520.48,4.169999999998254,0.46759368,0.81763583,0.0,1.0,0.0,0.0581247119127668,960.2481406606267
1668627085.367458,16511.07,-9.409999999999854,-0.44173144,-0.90932512,1.0,0.0,959.7011871215266,0.0,959.7011871215266
1668627144.3759708,16517.34,6.270000000000437,0.25080697,0.69253841,0.0,1.0,0.0,0.0581026477097115,959.7011871215266
1668627204.3956218,16502.88,-14.459999999999129,-1.56981318,-1.82062015,1.0,0.0,958.8610228356438,0.0,958.8610228356438
1668627264.5441737,16519.69,16.80999999999767,0.36822838,1.93804156,0.0,1.0,0.0,0.0580435239908039,958.8610228356438
1668627324.3249063,16527.51,7.819999999999709,1.91597221,1.54774383,0.0,1.0,0.0,0.0580435239908039,959.3149231932512
1668627384.4424353,16525.02,-2.4899999999979627,2.15693802,0.24096581,0.0,1.0,0.0,0.0580435239908039,959.1703948185142
1668627444.4126008,16530.74,5.720000000001164,3.28074062,1.1238026,0.0,1.0,0.0,0.0580435239908039,959.5024037757418
1668627504.5407152,16539.46,8.719999999997526,4.97783664,1.6970960199999996,0.0,1.0,0.0,0.0580435239908039,960.0085433049412
1668627564.5008135,16558.68,19.220000000001164,8.5743421,3.5965054600000013,0.0,1.0,0.0,0.0580435239908039,961.1241398360448
1668627624.491698,16541.83,-16.849999999998545,7.64995605,-0.9243860500000008,1.0,0.0,960.1461064567998,0.0,960.1461064567998
1668627684.2738972,16556.79,14.959999999999129,10.00644226,2.35648621,0.0,1.0,0.0,0.0579910783706744,960.1461064567998
1668627744.364135,16554.19,-2.600000000002183,10.49278691,0.4863446499999995,0.0,1.0,0.0,0.0579910783706744,959.9953296530344
1668627804.5450115,16564.9,10.710000000002765,12.37324165,1.880454740000001,0.0,1.0,0.0,0.0579910783706744,960.6164141023844
1668627864.6885874,16555.46,-9.440000000002328,11.7712925,-0.6019491500000012,1.0,0.0,960.0689783225652,0.0,960.0689783225652
1668627924.5343711,16541.19,-14.270000000000437,9.66766219,-2.10363031,1.0,0.0,960.0689783225652,0.0,960.0689783225652
1668627984.8780217,16551.7,10.510000000002035,10.36638515,0.6987229599999996,0.0,1.0,0.0,0.0580042520298558,960.0689783225652
1668628044.5840042,16542.8,-8.900000000001455,8.88567273,-1.4807124199999997,1.0,0.0,959.5527404794984,0.0,959.5527404794984
1668628104.3603072,16547.62,4.819999999999709,8.77504757,-0.1106251599999996,1.0,0.0,959.5527404794984,0.0,959.5527404794984
1668628164.4309964,16541.83,-5.789999999997235,7.52838122,-1.24666635,1.0,0.0,959.5527404794984,0.0,959.5527404794984
1668628224.3006709,16543.14,1.3099999999976717,6.89500814,-0.6333730800000001,1.0,0.0,959.5527404794984,0.0,959.5527404794984
1668628284.327111,16548.42,5.279999999998836,6.9652403,0.0702321599999997,0.0,1.0,0.0,0.0579845532370763,959.5527404794984
1668628344.439844,16554.93,6.510000000002037,7.6733495,0.7081092,0.0,1.0,0.0,0.0579845532370763,959.9302199210716
1668628404.350341,16560.08,5.150000000001455,8.39684508,0.7234955800000007,0.0,1.0,0.0,0.0579845532370763,960.2288403702426
1668628465.3551233,16553.47,-6.610000000000582,7.66284648,-0.7339986000000005,1.0,0.0,959.8455624733456,0.0,959.8455624733456
1668628524.6026683,16548.02,-5.450000000000728,6.59189698,-1.0709495000000002,1.0,0.0,959.8455624733456,0.0,959.8455624733456
1668628584.6347206,16557.47,9.450000000000728,7.29385179,0.7019548100000002,0.0,1.0,0.0,0.0579705451662207,959.8455624733456
1668628644.5577807,16562.33,4.860000000000582,7.91834657,0.62449478,0.0,1.0,0.0,0.0579705451662207,960.1272993228522
1668628704.66406,16561.53,-0.8000000000029104,7.83033494,-0.0880116299999995,1.0,0.0,960.0809228867192,0.0,960.0809228867192
1668628764.629665,16561.0,-0.5299999999988358,7.80161932,-0.0287156199999998,1.0,0.0,960.0809228867192,0.0,960.0809228867192
1668628824.7806773,16558.2,-2.7999999999992724,7.1618501,-0.6397692200000007,1.0,0.0,960.0809228867192,0.0,960.0809228867192
1668628884.5272884,16564.82,6.619999999998981,7.69778307,0.5359329700000002,0.0,1.0,0.0,0.0579590314224192,960.0809228867192
1668628945.0312116,16566.81,1.9900000000016007,7.90292558,0.2051425099999999,0.0,1.0,0.0,0.0579590314224192,960.1962613592486
1668629004.454963,16553.3,-13.510000000002035,6.07532608,-1.8275995,1.0,0.0,959.4132348447316,0.0,959.4132348447316
1668629064.457258,16546.57,-6.729999999999563,4.40158577,-1.6737403100000003,1.0,0.0,959.4132348447316,0.0,959.4132348447316
1668629124.4821663,16538.51,-8.06000000000131,2.39831818,-2.00326759,1.0,0.0,959.4132348447316,0.0,959.4132348447316
1668629184.8306952,16546.19,7.680000000000291,2.31276074,-0.0855574400000001,1.0,0.0,959.4132348447316,0.0,959.4132348447316
1668629244.8806164,16545.6,-0.5900000000001455,1.65597233,-0.6567884099999999,1.0,0.0,959.4132348447316,0.0,959.4132348447316
1668629304.40894,16539.77,-5.829999999998108,0.33525443,-1.3207179,1.0,0.0,959.4132348447316,0.0,959.4132348447316
1668629364.5054402,16530.94,-8.830000000001746,-1.58717535,-1.92242978,1.0,0.0,959.4132348447316,0.0,959.4132348447316
1668629424.9584668,16534.86,3.920000000001892,-2.02222135,-0.435046,1.0,0.0,959.4132348447316,0.0,959.4132348447316
1668629484.588062,16541.75,6.889999999999418,-1.55728499,0.46493636,0.0,1.0,0.0,0.0579995003457754,959.4132348447316
1668629544.391555,16543.8,2.0499999999992724,-1.31610017,0.2411848200000002,0.0,1.0,0.0,0.0579995003457754,959.532133820439
1668629604.668019,16552.27,8.470000000001164,-0.0429231,1.2731770699999998,0.0,1.0,0.0,0.0579995003457754,960.0233895883678
1668629664.6936693,16547.79,-4.479999999999563,-0.13800803,-0.09508493,1.0,0.0,959.7635518268188,0.0,959.7635518268188
1668629724.492597,16546.09,-1.7000000000007276,-0.17412551,-0.03611748,1.0,0.0,959.7635518268188,0.0,959.7635518268188
1668629784.5806465,16554.68,8.590000000000146,1.05136513,1.22549064,0.0,1.0,0.0,0.0579753611562904,959.7635518268188
1668629844.5763156,16533.29,-21.38999999999941,-1.49149112,-2.54285625,1.0,0.0,958.5234588516846,0.0,958.5234588516846
1668629905.2196722,16539.06,5.770000000000437,-1.36453424,0.12695688,0.0,1.0,0.0,0.0579551352284642,958.5234588516846
1668629964.6205652,16532.94,-6.120000000002619,-2.4959017,-1.13136746,1.0,0.0,958.1687734240847,0.0,958.1687734240847
1668630024.4874804,16536.91,3.970000000001164,-2.4101514,0.0857502999999999,0.0,1.0,0.0,0.0579412219951662,958.1687734240847
1668630084.6010826,16533.51,-3.400000000001455,-3.09229797,-0.68214657,1.0,0.0,957.9717732693002,0.0,957.9717732693002
1668630144.594009,16530.3,-3.209999999999127,-3.78402913,-0.6917311599999998,1.0,0.0,957.9717732693002,0.0,957.9717732693002
1668630204.492913,16534.24,3.940000000002328,-3.52526933,0.2587598,0.0,1.0,0.0,0.0579386638435936,957.9717732693002
1668630264.612162,16536.56,2.319999999999709,-3.13413267,0.3911366599999999,0.0,1.0,0.0,0.0579386638435936,958.1061909694164
1668630324.740688,16540.08,3.520000000000437,-2.50687227,0.6272603999999999,0.0,1.0,0.0,0.0579386638435936,958.3101350661456
1668630384.6007483,16536.58,-3.5,-2.70162752,-0.19475525,1.0,0.0,958.1073497426931,0.0,958.1073497426931
1668630444.6377883,16538.44,1.859999999996944,-2.34543873,0.35618879,0.0,1.0,0.0,0.0579321477565413,958.1073497426931
1668630504.4024065,16551.04,12.600000000002185,-0.37097652,1.97446221,0.0,1.0,0.0,0.0579321477565413,958.8372948044254
1668630564.5510364,16554.32,3.279999999998836,0.81325652,1.18423304,0.0,1.0,0.0,0.0579321477565413,959.0273122490668
1668630624.6467974,16551.68,-2.639999999999418,1.14069772,0.3274411999999999,0.0,1.0,0.0,0.0579321477565413,958.8743713789896
1668630684.5746486,16573.61,21.93000000000029,4.70681814,3.5661204200000003,0.0,1.0,0.0,0.0579321477565413,960.1448233792904
1668630744.52156,16572.69,-0.9200000000018916,5.89844029,1.1916221499999995,0.0,1.0,0.0,0.0579321477565413,960.0915258033544
1668630804.8521154,16557.96,-14.729999999999563,4.84423974,-1.05420055,1.0,0.0,959.2381852669004,0.0,959.2381852669004
1668630864.7054734,16546.12,-11.840000000000146,3.15373025,-1.6905094899999995,1.0,0.0,959.2381852669004,0.0,959.2381852669004
1668630924.62311,16544.99,-1.1299999999973809,2.31444464,-0.8392856100000001,1.0,0.0,959.2381852669004,0.0,959.2381852669004
1668630984.642902,16567.45,22.459999999999127,4.93613469,2.62169005,0.0,1.0,0.0,0.0578989636466022,959.2381852669004
1668631044.604379,16562.21,-5.240000000001601,4.6748769,-0.2612577900000001,1.0,0.0,958.9347946973912,0.0,958.9347946973912
1668631104.629255,16559.5,-2.709999999999127,4.39318799,-0.2816889099999997,1.0,0.0,958.9347946973912,0.0,958.9347946973912
1668631164.517042,16557.99,-1.5099999999983993,4.16396731,-0.22922068,1.0,0.0,958.9347946973912,0.0,958.9347946973912
1668631224.569157,16561.38,3.389999999999418,4.43168318,0.2677158699999999,0.0,1.0,0.0,0.0579018653456047,958.9347946973912
1668631285.5202749,16563.5,2.1199999999989814,4.79200194,0.3603187599999993,0.0,1.0,0.0,0.0579018653456047,959.0575466519234
1668631344.605655,16572.2,8.700000000000728,6.08329825,1.2912963100000008,0.0,1.0,0.0,0.0579018653456047,959.5612928804304
1668631404.4152474,16571.97,-0.2299999999995634,6.44941335,0.3661151,0.0,1.0,0.0,0.0579018653456047,959.5479754514008
1668631464.685253,16579.48,7.509999999998399,7.73938115,1.2899677999999994,0.0,1.0,0.0,0.0579018653456047,959.9828184601462
1668631524.4408116,16573.81,-5.669999999998254,7.38970421,-0.3496769400000001,1.0,0.0,959.6545148836368,0.0,959.6545148836368
1668631584.5773416,16562.09,-11.720000000001164,5.74330628,-1.64639793,1.0,0.0,959.6545148836368,0.0,959.6545148836368
1668631644.6392896,16565.45,3.360000000000582,5.58166472,-0.1616415599999996,1.0,0.0,959.6545148836368,0.0,959.6545148836368
1668631704.745213,16597.36,31.90999999999985,9.69229248,4.110627760000001,0.0,1.0,0.0,0.0578197083682969,959.6545148836368
1668631765.757552,16581.47,-15.889999999999418,8.49097858,-1.2013139000000006,1.0,0.0,958.735759717664,0.0,958.735759717664
1668631824.429363,16587.14,5.669999999998254,9.41314903,0.9221704499999994,0.0,1.0,0.0,0.0577999437948714,958.735759717664
1668631884.5857086,16587.56,0.4200000000018917,9.6260577,0.2129086700000009,0.0,1.0,0.0,0.0577999437948714,958.760035694057
1668631944.610112,16586.18,-1.3800000000010186,9.53161679,-0.0944409100000012,1.0,0.0,958.68027177162,0.0,958.68027177162
1668632004.5301397,16592.82,6.639999999999418,10.3157739,0.7841571100000007,0.0,1.0,0.0,0.0577768138129395,958.68027177162
1668632064.5691323,16592.9,0.0800000000017462,10.35531205,0.0395381500000002,0.0,1.0,0.0,0.0577768138129395,958.6848939167238
1668632124.3566637,16592.27,-0.6300000000010186,10.15776723,-0.1975448200000009,1.0,0.0,958.6484945240215,0.0,958.6484945240215
1668632184.5225766,16582.7,-9.569999999999707,8.6456477,-1.5121195299999997,1.0,0.0,958.6484945240215,0.0,958.6484945240215
1668632245.3633423,16592.76,10.059999999997672,9.43129597,0.7856482700000011,0.0,1.0,0.0,0.0577751076086209,958.6484945240215
1668632304.6088302,16585.99,-6.769999999996799,8.2487783,-1.182517670000001,1.0,0.0,958.2573570455104,0.0,958.2573570455104
1668632364.633059,16583.85,-2.140000000003056,7.36204326,-0.8867350399999996,1.0,0.0,958.2573570455104,0.0,958.2573570455104
1668632424.5678017,16582.26,-1.5900000000001455,6.5361421,-0.8259011599999999,1.0,0.0,958.2573570455104,0.0,958.2573570455104
1668632484.5680115,16576.69,-5.569999999999709,5.20047622,-1.3356658800000003,1.0,0.0,958.2573570455104,0.0,958.2573570455104
1668632544.7441883,16587.17,10.479999999999563,5.84935133,0.6488751100000005,0.0,1.0,0.0,0.0577709975267336,958.2573570455104
1668632664.672942,16584.02,-3.149999999997817,5.38598197,-0.4633693600000006,1.0,0.0,958.0753784033004,0.0,958.0753784033004
1668632904.525532,16592.99,8.970000000001164,6.66890234,1.2829203700000005,0.0,1.0,0.0,0.057739767118723,958.0753784033004
1668633024.5816543,16592.17,-0.8200000000033469,5.6472281,-1.0216742399999994,1.0,0.0,958.028031794262,0.0,958.028031794262
1668633565.9704206,16558.85,-33.31999999999971,-4.62984005,-10.277068150000002,1.0,0.0,958.028031794262,0.0,958.028031794262
1668633626.0210748,16554.96,-3.889999999999418,-6.14564153,-1.5158014799999997,1.0,0.0,958.028031794262,0.0,958.028031794262
1668633686.084076,16562.09,7.130000000001019,5.74330628,11.88894781,0.0,1.0,0.0,0.0578446338471933,958.028031794262
1668633746.7418246,16587.56,25.470000000001164,9.6260577,3.882751420000001,0.0,1.0,0.0,0.0578446338471933,959.5013346183498
1668633806.7131371,16551.51,-36.05000000000291,-8.14064968,-17.76670738,1.0,0.0,957.4160355681583,0.0,957.4160355681583
1668633867.0806787,16582.26,30.75,6.5361421,14.67679178,0.0,1.0,0.0,0.0577373672568249,957.4160355681583
1668633927.6929915,16549.83,-32.42999999999665,-8.87706379,-15.41320589,1.0,0.0,955.5436127480184,0.0,955.5436127480184
1668633987.8476536,16551.25,1.4199999999982538,-8.86566145,0.01140234,0.0,1.0,0.0,0.057732413729961,955.5436127480184
1668634047.623165,16548.22,-3.029999999998836,-9.27277243,-0.4071109800000005,1.0,0.0,955.3686835344153,0.0,955.3686835344153
1668634108.7125962,16551.25,3.029999999998836,-8.81908728,0.4536851500000001,0.0,1.0,0.0,0.0577218447872163,955.3686835344153
1668634168.707128,16552.63,1.3800000000010186,-8.47086447,0.3482228099999993,0.0,1.0,0.0,0.0577218447872163,955.4483396802202
1668634228.5546525,16552.23,-0.4000000000014552,-8.13065376,0.3402107100000009,0.0,1.0,0.0,0.0577218447872163,955.4252509423052
1668634289.6387112,16548.78,-3.450000000000728,-8.35867466,-0.2280209000000006,1.0,0.0,955.2261105777892,0.0,955.2261105777892
1668634349.3728876,16547.01,-1.7700000000004366,-8.40103193,-0.0423572700000001,1.0,0.0,955.2261105777892,0.0,955.2261105777892
1668634409.5432408,16551.63,4.620000000002619,-7.51501807,0.8860138600000003,0.0,1.0,0.0,0.0577119057505387,955.2261105777892
1668634471.359506,16554.22,2.590000000000145,-6.78681511,0.72820296,0.0,1.0,0.0,0.0577119057505387,955.3755844136828
1668634531.49802,16557.47,3.25,-5.71473518,1.07207993,0.0,1.0,0.0,0.0577119057505387,955.563148107372
1668634591.316949,16558.65,1.180000000000291,-4.90410148,0.8106337000000003,0.0,1.0,0.0,0.0577119057505387,955.6312481561578
1668634652.1354427,16552.77,-5.880000000001019,-5.17595822,-0.2718567400000005,1.0,0.0,955.2919021503444,0.0,955.2919021503444
1668634711.752908,16558.47,5.700000000000728,-4.13059631,1.0453619100000004,0.0,1.0,0.0,0.0576920393098121,955.2919021503444
1668634771.610096,16559.26,0.7899999999972351,-3.47595426,0.6546420499999996,0.0,1.0,0.0,0.0576920393098121,955.3374788613992
1668634832.8347735,16559.2,-0.0599999999976716,-2.93203007,0.5439241899999998,0.0,1.0,0.0,0.0576920393098121,955.3340173390404
1668634892.6766782,16561.22,2.020000000000437,-2.25964646,0.6723836100000002,0.0,1.0,0.0,0.0576920393098121,955.4505552584465
1668634952.6395986,16557.82,-3.400000000001455,-2.22674729,0.0328991699999998,0.0,1.0,0.0,0.0576920393098121,955.254402324793
1668635013.4287877,16553.0,-4.819999999999709,-2.70571397,-0.4789666800000001,1.0,0.0,954.9763266953196,0.0,954.9763266953196
1668635073.5838492,16548.51,-4.490000000001601,-3.38299253,-0.67727856,1.0,0.0,954.9763266953196,0.0,954.9763266953196
1668635133.662024,16553.49,4.980000000003201,-2.89108834,0.4919041900000001,0.0,1.0,0.0,0.0576903315672598,954.9763266953196
1668635194.602535,16558.92,5.429999999996653,-2.05766118,0.8334271599999998,0.0,1.0,0.0,0.0576903315672598,955.2895851957296
1668635254.565732,16555.88,-3.039999999997235,-2.1084816,-0.0508204199999999,1.0,0.0,955.1142065877652,0.0,955.1142065877652
1668635315.1352203,16554.76,-1.1200000000026191,-2.09259742,0.01588418,0.0,1.0,0.0,0.0576942345638212,955.1142065877652
1668635375.3178775,16539.64,-15.11999999999898,-4.12370669,-2.0311092699999995,1.0,0.0,954.2418697611596,0.0,954.2418697611596
1668635435.3730526,16541.79,2.150000000001455,-4.41911612,-0.2954094300000003,1.0,0.0,954.2418697611596,0.0,954.2418697611596
1668635495.458372,16554.08,12.290000000000871,-3.0458873,1.37322882,0.0,1.0,0.0,0.0576439083151198,954.2418697611596
1668635556.1331406,16552.71,-1.3700000000026191,-2.78487337,0.2610139299999998,0.0,1.0,0.0,0.0576439083151198,954.1628976067666
1668635616.2753935,16548.91,-3.799999999999272,-3.05778243,-0.2729090599999999,1.0,0.0,953.9438507551693,0.0,953.9438507551693
1668635676.109206,16539.22,-9.68999999999869,-4.38762601,-1.32984358,1.0,0.0,953.9438507551693,0.0,953.9438507551693
1668635737.143448,16542.86,3.639999999999418,-4.21173885,0.1758871600000002,0.0,1.0,0.0,0.0576649896544593,953.9438507551693
1668635797.0738568,16549.58,6.720000000001164,-3.33848952,0.8732493299999997,0.0,1.0,0.0,0.0576649896544593,954.3313594856468
1668635857.6586747,16553.61,4.029999999998836,-2.46720511,0.8712844099999999,0.0,1.0,0.0,0.0576649896544593,954.563749393954
1668635917.889673,16552.22,-1.389999999999418,-2.2048254,0.2623797100000002,0.0,1.0,0.0,0.0576649896544593,954.4835950583343
1668635977.957964,16554.68,2.459999999999127,-1.57461154,0.6302138599999998,0.0,1.0,0.0,0.0576649896544593,954.6254509328844
1668636037.848094,16549.79,-4.889999999999418,-1.87229657,-0.29768503,1.0,0.0,954.343469133474,0.0,954.343469133474
1668636098.732231,16554.04,4.25,-1.17777577,0.6945208,0.0,1.0,0.0,0.057650185038424,954.343469133474
1668636158.8399873,16557.5,3.459999999999127,-0.39733814,0.78043763,0.0,1.0,0.0,0.057650185038424,954.5429387737054
1668636218.6408064,16564.14,6.639999999999418,0.90717697,1.30451511,0.0,1.0,0.0,0.057650185038424,954.9257360023604
1668636279.873392,16556.93,-7.209999999999127,0.46732246,-0.43985451,1.0,0.0,954.5100781682336,0.0,954.5100781682336
1668636339.7530088,16552.73,-4.200000000000728,0.02740495,-0.43991751,1.0,0.0,954.5100781682336,0.0,954.5100781682336
1668636400.5078886,16544.12,-8.610000000000582,-1.27220524,-1.29961019,1.0,0.0,954.5100781682336,0.0,954.5100781682336
1668636460.3708034,16554.03,9.909999999999854,-0.29255229,0.97965295,0.0,1.0,0.0,0.0576602844242902,954.5100781682336
1668636520.5855076,16563.48,9.450000000000728,1.08453608,1.3770883699999998,0.0,1.0,0.0,0.0576602844242902,955.0549678560424
1668636580.476079,16564.26,0.7799999999988358,1.68401633,0.59948025,0.0,1.0,0.0,0.0576602844242902,955.0999428778932
1668636641.2801847,16572.22,7.960000000002765,3.26474889,1.58073256,0.0,1.0,0.0,0.0576602844242902,955.5589187419106
1668636701.2879505,16566.57,-5.650000000001455,3.10945683,-0.1552920599999998,1.0,0.0,955.2331381349132,0.0,955.2331381349132
1668636761.354315,16569.85,3.279999999998836,3.83039446,0.7209376299999999,0.0,1.0,0.0,0.0576488705772782,955.2331381349132
1668636822.1019645,16564.75,-5.099999999998545,3.44103098,-0.3893634800000001,1.0,0.0,954.9391288949691,0.0,954.9391288949691
1668636882.9327812,16570.74,5.990000000001601,4.2688165,0.8277855199999999,0.0,1.0,0.0,0.0576280316325625,954.9391288949691
1668636942.1802063,16567.68,-3.0600000000013097,3.9752239,-0.2935925999999997,1.0,0.0,954.762787118173,0.0,954.762787118173
1668637003.0935285,16567.1,-0.5800000000017462,3.87415719,-0.10106671,1.0,0.0,954.762787118173,0.0,954.762787118173
1668637063.2360802,16549.14,-17.959999999999127,1.48039918,-2.39375801,1.0,0.0,954.762787118173,0.0,954.762787118173
1668637123.0808957,16538.68,-10.459999999999129,-0.90023485,-2.38063403,1.0,0.0,954.762787118173,0.0,954.762787118173
1668637183.7232163,16560.57,21.88999999999941,0.12923172,1.02946657,0.0,1.0,0.0,0.0576527732510519,954.762787118173
1668637244.084328,16551.37,-9.200000000000728,-0.51965117,-0.6488828900000001,1.0,0.0,954.2323816042629,0.0,954.2323816042629
1668637303.9251914,16544.96,-6.409999999999855,-1.61603116,-1.09637999,1.0,0.0,954.2323816042629,0.0,954.2323816042629
1668637364.8326082,16516.6,-28.360000000000586,-6.14479027,-4.528759109999999,1.0,0.0,954.2323816042629,0.0,954.2323816042629
1668637424.5680192,16516.49,-0.1099999999969441,-7.73214806,-1.5873577900000004,1.0,0.0,954.2323816042629,0.0,954.2323816042629
1668637484.7471063,16515.23,-1.2600000000020373,-8.77926013,-1.0471120700000007,1.0,0.0,954.2323816042629,0.0,954.2323816042629
1668637545.4603872,16518.09,2.860000000000582,-9.8576979,-1.078437769999999,1.0,0.0,954.2323816042629,0.0,954.2323816042629
1668637605.5120056,16518.08,-0.0099999999983992,-10.69514986,-0.837451960000001,1.0,0.0,954.2323816042629,0.0,954.2323816042629
1668637665.5866685,16524.04,5.959999999999127,-10.56143064,0.1337192200000014,0.0,1.0,0.0,0.0577481282788145,954.2323816042629
1668637726.316501,16521.91,-2.130000000001018,-10.77718948,-0.2157588400000012,1.0,0.0,954.109378091028,0.0,954.109378091028
1668637786.4518218,16531.96,10.049999999999272,-9.51200907,1.265180410000001,0.0,1.0,0.0,0.0577130224178517,954.109378091028
1668637846.3406556,16533.19,1.2299999999995634,-8.70507178,0.8069372899999987,0.0,1.0,0.0,0.0577130224178517,954.1803651086014
1668637907.0448542,16522.97,-10.219999999997526,-8.79646664,-0.0913948599999994,1.0,0.0,953.5905380194912,0.0,953.5905380194912
1668637967.3044765,16520.53,-2.4400000000023283,-8.94522395,-0.1487573100000006,1.0,0.0,953.5905380194912,0.0,953.5905380194912
1668638027.139721,16517.41,-3.1199999999989814,-9.28961097,-0.3443870199999992,1.0,0.0,953.5905380194912,0.0,953.5905380194912
1668638088.2205477,16530.75,13.340000000000146,-7.73736564,1.55224533,0.0,1.0,0.0,0.0576858604733294,953.5905380194912
1668638148.15644,16535.68,4.930000000000291,-6.28111332,1.45625232,0.0,1.0,0.0,0.0576858604733294,953.8749293116236
1668638208.2926896,16538.26,2.5799999999981083,-4.90355796,1.3775553600000006,0.0,1.0,0.0,0.0576858604733294,954.0237588316446
1668638268.9857824,16545.41,7.150000000001455,-3.33861963,1.5649383299999997,0.0,1.0,0.0,0.0576858604733294,954.436212734029
1668638329.071293,16539.7,-5.709999999999127,-2.8545228,0.4840968300000003,0.0,1.0,0.0,0.0576858604733294,954.1068264707264
1668638388.9205554,16535.35,-4.350000000002183,-2.71405546,0.1404673399999998,0.0,1.0,0.0,0.0576858604733294,953.8558929776672
1668638449.8358607,16550.88,15.530000000002474,-0.56176235,2.15229311,0.0,1.0,0.0,0.0576858604733294,954.7517543908182
1668638509.8408382,16539.48,-11.400000000001455,-0.63659026,-0.07482791,1.0,0.0,954.0941355814222,0.0,954.0941355814222
1668638570.061064,16534.81,-4.669999999998254,-0.68346155,-0.04687129,1.0,0.0,954.0941355814222,0.0,954.0941355814222
1668638630.5386174,16542.35,7.539999999997235,0.08325956,0.76672111,0.0,1.0,0.0,0.0576758523173202,954.0941355814222
1668638690.500722,16549.63,7.280000000002474,1.39039878,1.30713922,0.0,1.0,0.0,0.0576758523173202,954.514015786292
1668638750.4947507,16533.61,-16.020000000000437,0.07707773,-1.31332105,1.0,0.0,953.5900486321684,0.0,953.5900486321684
1668638811.5729108,16531.25,-2.360000000000582,-0.42754424,-0.50462197,1.0,0.0,953.5900486321684,0.0,953.5900486321684
1668638871.7059965,16530.45,-0.7999999999992724,-1.04778826,-0.6202440199999999,1.0,0.0,953.5900486321684,0.0,953.5900486321684
1668638931.5376651,16541.38,10.930000000000293,-0.12540516,0.9223831,0.0,1.0,0.0,0.0576487601779397,953.5900486321684
1668638992.538142,16557.18,15.799999999999272,2.24899129,2.3743964500000003,0.0,1.0,0.0,0.0576487601779397,954.5008990429797
1668639052.3688998,16563.39,6.209999999999127,4.00044684,1.7514555500000002,0.0,1.0,0.0,0.0576487601779397,954.8588978436844
1668639112.562059,16570.55,7.159999999999855,5.95688695,1.95644011,0.0,1.0,0.0,0.0576487601779397,955.2716629665588
1668639173.2556558,16571.71,1.1599999999998545,6.55031454,0.5934275899999992,0.0,1.0,0.0,0.0576487601779397,955.338535528365
1668639233.2816863,16611.11,39.400000000001455,11.2771044,4.726789860000001,0.0,1.0,0.0,0.0576487601779397,957.609896679376
1668639293.644877,16614.68,3.569999999999709,14.09485828,2.81775388,0.0,1.0,0.0,0.0576487601779397,957.8157027532112
1668639354.2889006,16607.22,-7.459999999999127,16.14927953,2.0544212500000008,0.0,1.0,0.0,0.0576487601779397,957.3856430022838
1668639414.23538,16596.19,-11.030000000002474,16.55699199,0.407712459999999,0.0,1.0,0.0,0.0576487601779397,956.749777177521
1668639474.8192315,16622.25,26.06000000000131,19.32172887,2.764736880000001,0.0,1.0,0.0,0.0576487601779397,958.252103867758
1668639535.0844066,16613.83,-8.419999999998254,20.02752314,0.7057942699999984,0.0,1.0,0.0,0.0576487601779397,957.76670130706
1668639595.185273,16621.62,7.789999999997235,21.57945429,1.5519311500000017,0.0,1.0,0.0,0.0576487601779397,958.215785148846
1668639655.014382,16677.14,55.52000000000044,29.47160842,7.892154129999998,0.0,1.0,0.0,0.0576487601779397,961.4164443139252
1668639715.9758074,16721.07,43.93000000000029,37.86335653,8.391748109999998,0.0,1.0,0.0,0.0576487601779397,963.948954348542
1668639775.9640832,16725.3,4.229999999999563,43.54097322,5.677616690000001,0.0,1.0,0.0,0.0576487601779397,964.1928086040948
1668639835.8363576,16740.05,14.75,47.52882514,3.987851920000004,0.0,1.0,0.0,0.0576487601779397,965.0431278167194
1668639896.906274,16737.84,-2.209999999999127,49.60117565,2.07235051,0.0,1.0,0.0,0.0576487601779397,964.9157240567262
1668639956.889082,16688.9,-48.93999999999869,45.42731492,-4.173860730000001,1.0,0.0,962.094393733618,0.0,962.094393733618
1668640017.346838,16702.68,13.779999999998836,44.79120305,-0.6361118700000006,1.0,0.0,962.094393733618,0.0,962.094393733618
1668640077.690594,16719.95,17.270000000000437,44.95910829,0.1679052400000031,0.0,1.0,0.0,0.0575417028001649,962.094393733618
1668640137.5793724,16703.07,-16.88000000000102,42.31429002,-2.644818270000002,1.0,0.0,961.1230897903504,0.0,961.1230897903504
1668640197.6925902,16713.2,10.13000000000102,41.77349939,-0.5407906300000036,1.0,0.0,961.1230897903504,0.0,961.1230897903504
1668640258.588044,16708.89,-4.31000000000131,39.92793671,-1.8455626800000005,1.0,0.0,961.1230897903504,0.0,961.1230897903504
1668640318.3006964,16691.41,-17.479999999999563,35.38583071,-4.542105999999997,1.0,0.0,961.1230897903504,0.0,961.1230897903504
1668640378.4771953,16682.09,-9.319999999999707,32.13441255,-3.25141816,1.0,0.0,961.1230897903504,0.0,961.1230897903504
1668640439.12718,16682.9,0.8100000000013097,28.81009982,-3.324312729999999,1.0,0.0,961.1230897903504,0.0,961.1230897903504
1668640499.231245,16671.59,-11.31000000000131,24.61509405,-4.195005770000002,1.0,0.0,961.1230897903504,0.0,961.1230897903504
1668640560.2272377,16669.38,-2.209999999999127,21.97240767,-2.6426863800000007,1.0,0.0,961.1230897903504,0.0,961.1230897903504
1668640620.3392746,16661.8,-7.580000000001746,18.95271657,-3.0196911,1.0,0.0,961.1230897903504,0.0,961.1230897903504
1668640680.1124892,16648.94,-12.860000000000582,14.44162837,-4.5110882,1.0,0.0,961.1230897903504,0.0,961.1230897903504
1668640740.2725673,16642.55,-6.389999999999418,9.91441386,-4.52721451,1.0,0.0,961.1230897903504,0.0,961.1230897903504
1668640800.8168051,16665.25,22.700000000000728,9.85177787,-0.0626359900000004,1.0,0.0,961.1230897903504,0.0,961.1230897903504
1668640860.7686548,16686.2,20.950000000000728,11.37033083,1.518552960000001,0.0,1.0,0.0,0.0575998783300182,961.1230897903504
1668640920.8626635,16674.84,-11.360000000000582,10.34332765,-1.0270031799999997,1.0,0.0,960.4687551725208,0.0,960.4687551725208
1668640981.6296265,16672.23,-2.610000000000582,9.71243639,-0.6308912600000003,1.0,0.0,960.4687551725208,0.0,960.4687551725208
1668641042.220644,16680.0,7.770000000000437,9.26205498,-0.4503814100000003,1.0,0.0,960.4687551725208,0.0,960.4687551725208
1668641101.5160315,16677.87,-2.130000000001018,9.09299377,-0.1690612100000006,1.0,0.0,960.4687551725208,0.0,960.4687551725208
1668641162.5448906,16696.84,18.970000000001164,10.07562965,0.98263588,0.0,1.0,0.0,0.0575239838899169,960.4687551725208
1668641222.8034854,16696.84,0.0,10.83828275,0.7626530999999996,0.0,1.0,0.0,0.0575239838899169,960.46875517252
1668641282.433848,16699.54,2.700000000000728,12.06482913,1.2265463800000005,0.0,1.0,0.0,0.0575239838899169,960.6240699290228
1668641343.4475422,16700.14,0.5999999999985448,11.89297704,-0.1718520899999998,1.0,0.0,960.6585843193568,0.0,960.6585843193568
1668641403.3081386,16704.14,4.0,12.58921973,0.69624269,0.0,1.0,0.0,0.0575102091050097,960.6585843193568
1668641463.183434,16696.36,-7.779999999998836,11.9503574,-0.6388623300000003,1.0,0.0,960.21115489252,0.0,960.21115489252
1668641524.4248917,16697.2,0.8400000000001455,11.65327598,-0.2970814199999996,1.0,0.0,960.21115489252,0.0,960.21115489252
1668641584.5965009,16705.29,8.090000000000146,11.83033279,0.1770568099999998,0.0,1.0,0.0,0.0574794663781664,960.21115489252
1668641644.125909,16705.92,0.6299999999973807,11.86208368,0.0317508899999996,0.0,1.0,0.0,0.0574794663781664,960.2473669563376
1668641704.9541178,16701.92,-4.0,11.54119237,-0.3208913100000004,1.0,0.0,960.0174490908248,0.0,960.0174490908248
1668641765.3187952,16690.06,-11.859999999996944,9.60955035,-1.93164202,1.0,0.0,960.0174490908248,0.0,960.0174490908248
1668641824.847681,16681.42,-8.640000000003056,7.45139259,-2.158157759999999,1.0,0.0,960.0174490908248,0.0,960.0174490908248
1668641885.8088875,16679.12,-2.2999999999992724,5.5127725,-1.9386200900000008,1.0,0.0,960.0174490908248,0.0,960.0174490908248
1668641945.8015587,16679.94,0.819999999999709,4.56137733,-0.9513951699999996,1.0,0.0,960.0174490908248,0.0,960.0174490908248
1668642005.8527634,16676.93,-3.0099999999984,3.07350635,-1.4878709799999998,1.0,0.0,960.0174490908248,0.0,960.0174490908248
1668642066.5286934,16684.3,7.369999999998981,3.25365401,0.1801476599999998,0.0,1.0,0.0,0.0575401694461754,960.0174490908248
1668642127.0153697,16678.2,-6.099999999998545,2.1138972,-1.1397568100000002,1.0,0.0,959.6664540572026,0.0,959.6664540572026
1668642186.5331602,16649.97,-28.229999999999563,-1.7587793,-3.8726765,1.0,0.0,959.6664540572026,0.0,959.6664540572026
1668642247.881502,16658.69,8.719999999997526,-3.68279788,-1.92401858,1.0,0.0,959.6664540572026,0.0,959.6664540572026
1668642307.9082873,16652.93,-5.759999999998399,-5.3278969,-1.64509902,1.0,0.0,959.6664540572026,0.0,959.6664540572026
1668642367.924506,16664.8,11.86999999999898,-5.1023849,0.2255120000000001,0.0,1.0,0.0,0.0575864369243676,959.6664540572026
1668642428.5542974,16639.44,-25.360000000000586,-7.81947864,-2.71709374,1.0,0.0,958.2060620167993,0.0,958.2060620167993
1668642488.5493183,16656.02,16.580000000001746,-7.38786953,0.4316091100000001,0.0,1.0,0.0,0.0575291133185958,958.2060620167993
1668642548.9610903,16643.33,-12.68999999999869,-8.95175133,-1.5638818000000008,1.0,0.0,957.4760175687852,0.0,957.4760175687852
1668642609.4680762,16653.98,10.649999999997815,-8.29978544,0.6519658899999996,0.0,1.0,0.0,0.0574923242113167,957.4760175687852
1668642669.3528128,16659.48,5.5,-7.79093255,0.5088528900000009,0.0,1.0,0.0,0.0574923242113167,957.7922253519464
1668642729.7922394,16668.8,9.319999999999707,-6.51220222,1.27873033,0.0,1.0,0.0,0.0574923242113167,958.3280538135956
1668642790.1117563,16672.36,3.5600000000013097,-5.29657007,1.2156321500000002,0.0,1.0,0.0,0.0574923242113167,958.532726487788
1668642850.491326,16669.59,-2.770000000000437,-4.22082428,1.0757457899999991,0.0,1.0,0.0,0.0574923242113167,958.3734727497229
1668642910.4351802,16674.16,4.569999999999709,-2.98425802,1.2365662600000005,0.0,1.0,0.0,0.0574923242113167,958.6362126713684
1668642971.264821,16667.84,-6.319999999999709,-2.57629074,0.4079672799999998,0.0,1.0,0.0,0.0574923242113167,958.2728611823528
1668643031.0874765,16671.42,3.5799999999981083,-1.89866057,0.67763017,0.0,1.0,0.0,0.0574923242113167,958.4786837030292
1668643091.192497,16670.02,-1.3999999999978172,-1.18809287,0.7105677000000001,0.0,1.0,0.0,0.0574923242113167,958.3981944491336
1668643152.5358648,16674.31,4.290000000000873,0.09455471,1.28264758,0.0,1.0,0.0,0.0574923242113167,958.6448365200002
1668643212.08331,16671.76,-2.5500000000029104,-0.1088641,-0.20341881,1.0,0.0,958.4982310932612,0.0,958.4982310932612
1668643272.1191845,16675.93,4.170000000001892,0.42983098,0.53869508,0.0,1.0,0.0,0.0574779476223071,958.4982310932612
1668643332.7954693,16672.17,-3.760000000002037,0.32828756,-0.10154342,1.0,0.0,958.2821140101996,0.0,958.2821140101996
1668643392.8297577,16680.31,8.140000000003056,1.66755304,1.33926548,0.0,1.0,0.0,0.0574498983538195,958.2821140101996
1668643452.8203754,16691.09,10.779999999998836,2.52749606,0.8599430199999998,0.0,1.0,0.0,0.0574498983538195,958.9014239144532
1668643513.8447526,16694.38,3.290000000000873,3.76540026,1.2379042,0.0,1.0,0.0,0.0574498983538195,959.0904340800372
1668643573.952304,16685.77,-8.610000000000582,4.30784689,0.5424466300000006,0.0,1.0,0.0,0.0574498983538195,958.5957904552108
1668643633.7078743,16688.87,3.099999999998545,5.06858821,0.7607413199999993,0.0,1.0,0.0,0.0574498983538195,958.7738851401076
1668643694.5461826,16691.64,2.770000000000437,5.68098241,0.6123942000000007,0.0,1.0,0.0,0.0574498983538195,958.9330213585476
1668643754.468501,16702.27,10.63000000000102,6.52895962,0.8479772099999998,0.0,1.0,0.0,0.0574498983538195,959.5437137780488
1668643814.6521378,16696.42,-5.850000000002183,7.13948427,0.6105246499999994,0.0,1.0,0.0,0.0574498983538195,959.2076318726788
1668643875.2744904,16695.94,-0.4799999999995634,7.21124044,0.0717561700000004,0.0,1.0,0.0,0.0574498983538195,959.180055921469
1668643935.4008498,16698.19,2.25,7.60430416,0.3930637199999998,0.0,1.0,0.0,0.0574498983538195,959.3093181927652
1668643995.10754,16698.35,0.1599999999998544,7.74857014,0.1442659800000001,0.0,1.0,0.0,0.0574498983538195,959.3185101765018
1668644056.1958282,16697.28,-1.069999999999709,7.48179861,-0.2667715299999997,1.0,0.0,959.2570387852631,0.0,959.2570387852631
1668644116.3321047,16705.24,7.960000000002765,8.44902122,0.9672226100000004,0.0,1.0,0.0,0.057422523638407,959.2570387852631
1668644176.1784546,16703.78,-1.4600000000027649,8.40664637,-0.0423748499999998,1.0,0.0,959.17320190075,0.0,959.17320190075
1668644237.7486143,16699.0,-4.779999999998836,7.69318103,-0.7134653400000008,1.0,0.0,959.17320190075,0.0,959.17320190075
1668644296.9126527,16696.48,-2.520000000000437,6.98965664,-0.7035243900000001,1.0,0.0,959.17320190075,0.0,959.17320190075
1668644356.8511124,16691.84,-4.639999999999418,5.85975989,-1.1298967499999997,1.0,0.0,959.17320190075,0.0,959.17320190075
1668644417.7083454,16695.89,4.049999999999272,5.847239,-0.0125208900000002,1.0,0.0,959.17320190075,0.0,959.17320190075
1668644477.7316842,16684.95,-10.93999999999869,3.93738613,-1.90985287,1.0,0.0,959.17320190075,0.0,959.17320190075
1668644537.6472406,16659.81,-25.13999999999941,-0.51891599,-4.45630212,1.0,0.0,959.17320190075,0.0,959.17320190075
1668644598.462213,16656.68,-3.130000000001018,-2.87563456,-2.35671857,1.0,0.0,959.17320190075,0.0,959.17320190075
1668644658.362301,16669.51,12.829999999998108,-2.65843494,0.2171996200000001,0.0,1.0,0.0,0.0575405756918319,959.17320190075
1668644719.7310688,16670.69,1.180000000000291,-3.11490431,-0.4564693700000002,1.0,0.0,959.241099780065,0.0,959.241099780065
1668644779.5385602,16684.14,13.450000000000728,-1.6611994,1.45370491,0.0,1.0,0.0,0.0574941890789735,959.241099780065
1668644839.4781146,16684.24,0.1000000000021827,-1.33273947,0.3284599300000002,0.0,1.0,0.0,0.0574941890789735,959.246849198973
1668644899.4219265,16680.48,-3.760000000002037,-1.61441121,-0.2816717400000001,1.0,0.0,959.030671048036,0.0,959.030671048036
1668644960.278978,16681.59,1.110000000000582,-1.30361188,0.31079933,0.0,1.0,0.0,0.0574903633915014,959.030671048036
1668645020.3673224,16675.91,-5.680000000000291,-1.91826552,-0.61465364,1.0,0.0,958.704125783972,0.0,958.704125783972
1668645080.2973506,16681.42,5.509999999998399,-1.29219136,0.6260741600000002,0.0,1.0,0.0,0.0574713738868736,958.704125783972
1668645141.042739,16671.17,-10.25,-2.63017754,-1.33798618,1.0,0.0,958.1150442016304,0.0,958.1150442016304
1668645201.0402074,16667.76,-3.4099999999998545,-3.43928548,-0.8091079400000001,1.0,0.0,958.1150442016304,0.0,958.1150442016304
1668645261.009616,16677.37,9.610000000000582,-2.40880737,1.0304781100000002,0.0,1.0,0.0,0.0574500082567953,958.1150442016304
1668645322.2841158,16670.87,-6.5,-3.1035077,-0.6947003300000003,1.0,0.0,957.7416191479608,0.0,957.7416191479608
1668645382.176613,16680.63,9.760000000002035,-1.80557428,1.29793342,0.0,1.0,0.0,0.0574163936942406,957.7416191479608
1668645442.0623083,16689.31,8.680000000000291,-0.15696712,1.64860716,0.0,1.0,0.0,0.0574163936942406,958.2399934452268
1668645502.8325377,16696.05,6.739999999997963,1.48487854,1.64184566,0.0,1.0,0.0,0.0574163936942406,958.6269799387258
1668645562.9007554,16693.44,-2.610000000000582,2.01398872,0.52911018,0.0,1.0,0.0,0.0574163936942406,958.4771231511836
1668645622.676733,16686.86,-6.579999999998108,1.55280967,-0.4611790499999999,1.0,0.0,958.0993232806755,0.0,958.0993232806755
1668645683.4764235,16691.0,4.139999999999418,2.20590329,0.6530936200000002,0.0,1.0,0.0,0.0574021522545488,958.0993232806755
1668645743.8425207,16698.68,7.680000000000291,3.51936384,1.3134605499999998,0.0,1.0,0.0,0.0574021522545488,958.5401718099888
1668645803.76656,16703.26,4.579999999998108,4.67514986,1.1557860200000003,0.0,1.0,0.0,0.0574021522545488,958.8030736673146
1668645865.0085895,16700.13,-3.1299999999973807,4.79931488,0.1241650199999995,0.0,1.0,0.0,0.0574021522545488,958.623404930758
1668645925.431941,16695.11,-5.020000000000437,4.37284684,-0.4264680399999996,1.0,0.0,958.3352461264402,0.0,958.3352461264402
1668645985.3984768,16690.08,-5.029999999998836,3.54595595,-0.82689089,1.0,0.0,958.3352461264402,0.0,958.3352461264402
1668646046.1126382,16691.43,1.3499999999985448,3.36290901,-0.1830469400000001,1.0,0.0,958.3352461264402,0.0,958.3352461264402
1668646106.3023016,16687.41,-4.020000000000437,2.47678496,-0.8861240500000003,1.0,0.0,958.3352461264402,0.0,958.3352461264402
1668646166.1685166,16706.21,18.799999999999272,4.69718795,2.22040299,0.0,1.0,0.0,0.0573640129105548,958.3352461264402
1668646226.7558515,16727.99,21.78000000000248,8.30592512,3.60873717,0.0,1.0,0.0,0.0573640129105548,959.5846343276316
1668646287.182794,16705.6,-22.390000000003056,6.46855461,-1.8373705099999995,1.0,0.0,958.300254078564,0.0,958.300254078564
1668646346.743672,16720.49,14.890000000003056,8.47313412,2.0045795099999992,0.0,1.0,0.0,0.0573129288722139,958.300254078564
1668646407.5081675,16710.78,-9.710000000002765,7.73301121,-0.7401229099999993,1.0,0.0,957.7437455392144,0.0,957.7437455392144
1668646467.294077,16686.25,-24.52999999999884,4.10979361,-3.6232176,1.0,0.0,957.7437455392144,0.0,957.7437455392144
1668646527.285192,16675.08,-11.169999999998254,1.29712952,-2.81266409,1.0,0.0,957.7437455392144,0.0,957.7437455392144
1668646589.763824,16685.35,10.2699999999968,1.14485598,-0.1522735399999999,1.0,0.0,957.7437455392144,0.0,957.7437455392144
1668646648.4940538,16689.51,4.159999999999855,0.95870473,-0.18615125,1.0,0.0,957.7437455392144,0.0,957.7437455392144
1668646708.5193925,16688.7,-0.8099999999976717,0.49025503,-0.4684497,1.0,0.0,957.7437455392144,0.0,957.7437455392144
1668646769.2838857,16691.59,2.889999999999418,0.51306179,0.0228067599999999,0.0,1.0,0.0,0.0573788204442605,957.7437455392144
1668646829.1638892,16702.61,11.020000000000437,1.90227456,1.38921277,0.0,1.0,0.0,0.0573788204442605,958.37606014051
1668646889.0789485,16697.38,-5.229999999999563,1.54094056,-0.361334,1.0,0.0,958.0759689095864,0.0,958.0759689095864
1668646949.973233,16698.92,1.5399999999972351,1.78485413,0.2439135700000001,0.0,1.0,0.0,0.0573735288814837,958.0759689095864
1668647009.8138986,16702.69,3.770000000000437,2.39168574,0.6068316099999997,0.0,1.0,0.0,0.0573735288814837,958.2922671134688
1668647071.0112128,16695.78,-6.909999999999855,1.62805504,-0.7636306999999998,1.0,0.0,957.8958160288978,0.0,957.8958160288978
1668647131.0799332,16698.17,2.389999999999418,1.84499742,0.2169423800000001,0.0,1.0,0.0,0.0573653170394658,957.8958160288978
1668647191.2139452,16706.5,8.330000000001746,3.00700541,1.16200799,0.0,1.0,0.0,0.0573653170394658,958.3736691198352
1668647251.1687393,16708.89,2.389999999999418,3.64975365,0.64274824,0.0,1.0,0.0,0.0573653170394658,958.5107722275596
1668647311.9086497,16718.6,9.709999999999129,5.33499468,1.6852410300000005,0.0,1.0,0.0,0.0573653170394658,959.0677894560127
1668647372.3111644,16713.12,-5.479999999999563,5.21300604,-0.1219886400000005,1.0,0.0,958.7534275186364,0.0,958.7534275186364
1668647431.893294,16709.98,-3.139999999999418,4.95664242,-0.2563636200000001,1.0,0.0,958.7534275186364,0.0,958.7534275186364
1668647493.083567,16728.6,18.61999999999898,7.4624339,2.50579148,0.0,1.0,0.0,0.0573122333918341,958.7534275186364
1668647553.881122,16718.41,-10.18999999999869,6.802644,-0.6597898999999998,1.0,0.0,958.1694158603732,0.0,958.1694158603732
1668647612.6862972,16729.98,11.569999999999707,8.48062542,1.677981420000001,0.0,1.0,0.0,0.0572725978070728,958.1694158603732
1668647673.976476,16724.32,-5.659999999999855,8.12490296,-0.3557224600000008,1.0,0.0,957.8452529567836,0.0,957.8452529567836
1668647733.867803,16730.64,6.319999999999709,9.05201919,0.9271162299999992,0.0,1.0,0.0,0.0572509630807179,957.8452529567836
1668647793.6007173,16734.54,3.900000000001455,9.891295,0.8392758100000002,0.0,1.0,0.0,0.0572509630807179,958.0685317127968
1668647854.564366,16737.88,3.340000000000145,10.76527102,0.8739760200000006,0.0,1.0,0.0,0.0572509630807179,958.2597499294866
1668647914.4457684,16724.0,-13.88000000000102,8.99272059,-1.7725504300000008,1.0,0.0,957.4651065619262,0.0,957.4651065619262
1668647974.630097,16716.7,-7.299999999999272,7.28837947,-1.7043411199999996,1.0,0.0,957.4651065619262,0.0,957.4651065619262
1668648035.7508452,16725.17,8.469999999997526,7.62778767,0.3394082000000002,0.0,1.0,0.0,0.0572469581213181,957.4651065619262
1668648094.9520822,16729.12,3.950000000000728,7.78016599,0.1523783200000004,0.0,1.0,0.0,0.0572469581213181,957.691232046505
1668648155.2195678,16719.8,-9.319999999999707,6.24651647,-1.53364952,1.0,0.0,957.1576903968144,0.0,957.1576903968144
1668648216.114982,16715.21,-4.5900000000001455,4.90739528,-1.3391211900000002,1.0,0.0,957.1576903968144,0.0,957.1576903968144
1668648275.992452,16711.08,-4.129999999997381,3.54291726,-1.3644780200000004,1.0,0.0,957.1576903968144,0.0,957.1576903968144
1668648335.8694017,16704.63,-6.450000000000728,1.78483011,-1.75808715,1.0,0.0,957.1576903968144,0.0,957.1576903968144
1668648396.7080986,16701.77,-2.860000000000582,0.39880999,-1.38602012,1.0,0.0,957.1576903968144,0.0,957.1576903968144
1668648456.9434445,16705.8,4.029999999998836,-0.00070821,-0.3995182,1.0,0.0,957.1576903968144,0.0,957.1576903968144
1668648517.87529,16704.0,-1.7999999999992724,-0.8200384,-0.81933019,1.0,0.0,957.1576903968144,0.0,957.1576903968144
1668648577.5472076,16706.46,2.459999999999127,-1.01638805,-0.19634965,1.0,0.0,957.1576903968144,0.0,957.1576903968144
1668648637.645615,16704.53,-1.930000000000291,-1.56084403,-0.54445598,1.0,0.0,957.1576903968144,0.0,957.1576903968144
1668648697.4560592,16703.26,-1.2700000000004366,-2.02853105,-0.4676870199999998,1.0,0.0,957.1576903968144,0.0,957.1576903968144
1668648758.20652,16699.61,-3.649999999997817,-2.80843407,-0.7799030200000003,1.0,0.0,957.1576903968144,0.0,957.1576903968144
1668648818.2114582,16690.78,-8.830000000001746,-4.34844509,-1.54001102,1.0,0.0,957.1576903968144,0.0,957.1576903968144
1668648878.204576,16694.35,3.569999999999709,-4.54463884,-0.1961937499999999,1.0,0.0,957.1576903968144,0.0,957.1576903968144
1668648939.1521072,16697.77,3.420000000001892,-4.38015421,0.1644846300000004,0.0,1.0,0.0,0.0573224862000623,957.1576903968144
1668648999.9777946,16702.94,5.169999999998254,-3.61546159,0.7646926199999999,0.0,1.0,0.0,0.0573224862000623,957.4540476504684
1668649059.1089714,16718.44,15.5,-1.14589509,2.4695665,0.0,1.0,0.0,0.0573224862000623,958.3425461865696
1668649119.9001362,16710.55,-7.889999999999418,-1.28208307,-0.1361879800000001,1.0,0.0,957.890271770451,0.0,957.890271770451
1668649180.129722,16715.24,4.690000000002328,-0.1632459,1.1188371700000002,0.0,1.0,0.0,0.0573064025267032,957.890271770451
1668649240.0258229,16716.46,1.2199999999975262,0.53952726,0.70277316,0.0,1.0,0.0,0.0573064025267032,957.960185581533
1668649300.7197113,16723.66,7.200000000000728,2.0249201,1.4853928400000005,0.0,1.0,0.0,0.0573064025267032,958.3727916797252
1668649360.3317606,16719.87,-3.790000000000873,2.17985322,0.1549331199999999,0.0,1.0,0.0,0.0573064025267032,958.155600414149
1668649420.2196004,16709.28,-10.590000000000146,0.98791067,-1.19194255,1.0,0.0,957.5487256113912,0.0,957.5487256113912
1668649481.7081518,16712.92,3.639999999999418,1.24797316,0.2600624899999999,0.0,1.0,0.0,0.0572939214458868,957.5487256113912
1668649540.3506985,16706.05,-6.869999999998981,0.21236158,-1.03561158,1.0,0.0,957.155116371057,0.0,957.155116371057
1668649599.9786136,16698.65,-7.399999999997817,-1.19127122,-1.4036328,1.0,0.0,957.155116371057,0.0,957.155116371057
1668649660.0615752,16697.56,-1.0900000000001455,-1.96899665,-0.77772543,1.0,0.0,957.155116371057,0.0,957.155116371057
1668649719.9574862,16694.0,-3.5600000000013097,-3.03227856,-1.06328191,1.0,0.0,957.155116371057,0.0,957.155116371057
1668649780.669104,16696.42,2.4199999999982538,-3.22430824,-0.1920296800000001,1.0,0.0,957.155116371057,0.0,957.155116371057
1668649839.8665204,16696.16,-0.2599999999983993,-3.56543547,-0.3411272300000001,1.0,0.0,957.155116371057,0.0,957.155116371057
1668649900.246035,16692.68,-3.4799999999995634,-4.22714466,-0.6617091900000003,1.0,0.0,957.155116371057,0.0,957.155116371057
1668649960.0158522,16688.25,-4.430000000000291,-5.10676779,-0.8796231299999997,1.0,0.0,957.155116371057,0.0,957.155116371057
1668650020.4028008,16687.28,-0.9700000000011642,-5.64294428,-0.5361764899999999,1.0,0.0,957.155116371057,0.0,957.155116371057
1668650079.8809032,16693.72,6.440000000002328,-4.94945204,0.6934922400000003,0.0,1.0,0.0,0.0573362387994441,957.155116371057
1668650140.129784,16701.29,7.569999999999709,-3.77065244,1.1787995999999996,0.0,1.0,0.0,0.0573362387994441,957.5891516987678
1668650200.0079782,16695.14,-6.150000000001455,-4.09037203,-0.31971959,1.0,0.0,957.2365338301512,0.0,957.2365338301512
1668650260.0535357,16692.91,-2.2299999999995634,-4.22511713,-0.1347450999999999,1.0,0.0,957.2365338301512,0.0,957.2365338301512
1668650319.7950058,16690.11,-2.7999999999992724,-4.49586498,-0.2707478500000002,1.0,0.0,957.2365338301512,0.0,957.2365338301512
1668650379.98413,16691.27,1.1599999999998545,-4.36152501,0.1343399700000001,0.0,1.0,0.0,0.0573495326497115,957.2365338301512
1668650440.0131142,16694.3,3.029999999998836,-3.85073999,0.5107850200000001,0.0,1.0,0.0,0.0573495326497115,957.4103029140788
1668650500.103852,16701.46,7.159999999999855,-2.58388725,1.26685274,0.0,1.0,0.0,0.0573495326497115,957.8209255678506
1668650560.0534716,16701.51,0.0499999999992724,-1.94196245,0.6419248000000002,0.0,1.0,0.0,0.0573495326497115,957.8237930444832
1668650620.3054504,16694.78,-6.729999999999563,-2.37905965,-0.4370971999999999,1.0,0.0,957.4378306897504,0.0,957.4378306897504
1668650680.171521,16673.71,-21.06999999999971,-5.34916093,-2.97010128,1.0,0.0,957.4378306897504,0.0,957.4378306897504
1668650740.2447588,16682.29,8.580000000001746,-5.0805112,0.2686497299999999,0.0,1.0,0.0,0.0573924701398759,957.4378306897504
1668650800.1455302,16678.04,-4.25,-5.91041962,-0.8299084199999998,1.0,0.0,957.193912691656,0.0,957.193912691656
1668650860.2860243,16677.99,-0.0499999999992724,-6.27845203,-0.3680324100000005,1.0,0.0,957.193912691656,0.0,957.193912691656
1668650920.3640308,16686.52,8.529999999998836,-5.24192555,1.03652648,0.0,1.0,0.0,0.0573633035942578,957.193912691656
1668650980.25823,16671.88,-14.639999999999418,-6.97276263,-1.7308370799999997,1.0,0.0,956.3541139270347,0.0,956.3541139270347
1668651040.317544,16655.19,-16.69000000000233,-9.74914861,-2.7763859800000006,1.0,0.0,956.3541139270347,0.0,956.3541139270347
1668651100.1523118,16664.46,9.270000000000437,-9.40348204,0.3456665700000005,0.0,1.0,0.0,0.0573888451187158,956.3541139270347
1668651160.38465,16664.94,0.4799999999995634,-9.53701477,-0.1335327300000006,1.0,0.0,956.3816605726915,0.0,956.3816605726915
1668651219.9759548,16656.24,-8.69999999999709,-10.75461785,-1.21760308,1.0,0.0,956.3816605726915,0.0,956.3816605726915
1668651279.9750595,16662.47,6.229999999999563,-10.20033643,0.5542814200000006,0.0,1.0,0.0,0.0573973522876675,956.3816605726915
1668651340.0170617,16664.08,1.610000000000582,-9.78265794,0.4176784900000001,0.0,1.0,0.0,0.0573973522876675,956.4740703098744
1668651400.0596757,16659.48,-4.600000000002183,-10.1278955,-0.3452375599999993,1.0,0.0,956.2100424893508,0.0,956.2100424893508
1668651460.2452557,16666.0,6.520000000000437,-9.06941619,1.0584793099999992,0.0,1.0,0.0,0.0573748975452628,956.2100424893508
1668651520.383113,16664.38,-1.6199999999989814,-8.73139965,0.3380165399999999,0.0,1.0,0.0,0.0573748975452628,956.1170951553264
1668651580.0039618,16664.17,-0.2100000000027648,-8.33863034,0.3927693100000002,0.0,1.0,0.0,0.0573748975452628,956.105046426842
1668651640.1441884,16662.74,-1.429999999996653,-8.15508074,0.1835495999999992,0.0,1.0,0.0,0.0573748975452628,956.0230003233524
1668651700.2633915,16661.65,-1.0900000000001455,-7.99923347,0.1558472700000006,0.0,1.0,0.0,0.0573748975452628,955.960461685028
1668651760.298886,16659.48,-2.170000000001892,-7.9931176,0.0061158700000003,0.0,1.0,0.0,0.0573748975452628,955.8359581573548
1668651819.8851051,16656.89,-2.590000000000145,-8.11149139,-0.1183737899999997,1.0,0.0,955.6873571727124,0.0,955.6873571727124
1668651880.208731,16659.54,2.650000000001455,-7.54390035,0.567591039999999,0.0,1.0,0.0,0.0573657710340569,955.6873571727124
1668651940.0818274,16659.58,0.0400000000008731,-7.25004103,0.2938593200000001,0.0,1.0,0.0,0.0573657710340569,955.6896518035536
1668652000.13317,16669.46,9.87999999999738,-5.49740178,1.7526392500000003,0.0,1.0,0.0,0.0573657710340569,956.25642562137
1668652060.3153694,16673.74,4.280000000002474,-4.03341678,1.463985,0.0,1.0,0.0,0.0573657710340569,956.501951121396
1668652120.1204216,16674.39,0.6499999999978172,-3.057317,0.9760997799999998,0.0,1.0,0.0,0.0573657710340569,956.539238872568
1668652180.2714498,16664.95,-9.43999999999869,-3.59832118,-0.5410041800000003,1.0,0.0,955.9977059940064,0.0,955.9977059940064
1668652240.073448,16666.54,1.5900000000001455,-3.20203239,0.3962887900000003,0.0,1.0,0.0,0.0573602982979074,955.9977059940064
1668652300.144596,16676.91,10.36999999999898,-1.50943616,1.69259623,0.0,1.0,0.0,0.0573602982979074,956.5925322873549
1668652360.226134,16685.75,8.840000000000146,0.45665713,1.96609329,0.0,1.0,0.0,0.0573602982979074,957.0995973243084
1668652420.1839633,16683.45,-2.2999999999992724,1.1142194,0.6575622700000001,0.0,1.0,0.0,0.0573602982979074,956.9676686382232
1668652481.42329,16676.22,-7.229999999999563,0.70761777,-0.40660163,1.0,0.0,956.5529536815294,0.0,956.5529536815294
1668652540.4261675,16672.81,-3.4099999999998545,0.38269121,-0.32492656,1.0,0.0,956.5529536815294,0.0,956.5529536815294
1668652600.685918,16673.81,1.0,0.47824373,0.0955525199999999,0.0,1.0,0.0,0.0573685890436276,956.5529536815294
1668652660.4401298,16677.94,4.129999999997381,1.064673,0.58642927,0.0,1.0,0.0,0.0573685890436276,956.7898859542784
1668652720.089139,16680.43,2.4900000000016007,1.61023776,0.54556476,0.0,1.0,0.0,0.0573685890436276,956.9327337409972
1668652780.4446929,16677.42,-3.0100000000020373,1.43819942,-0.17203834,1.0,0.0,956.7600542879755,0.0,956.7600542879755
1668652840.2662375,16680.66,3.2400000000016007,1.8943578,0.4561583800000002,0.0,1.0,0.0,0.0573574459456625,956.7600542879755
1668652900.1848097,16685.17,4.509999999998399,2.70457986,0.8102220599999999,0.0,1.0,0.0,0.0573574459456625,957.0187363691896
1668652960.824675,16684.8,-0.3699999999989813,2.97437097,0.2697911099999999,0.0,1.0,0.0,0.0573574459456625,956.9975141141896
1668653020.7481575,16683.89,-0.9099999999998544,3.04633475,0.0719637800000003,0.0,1.0,0.0,0.0573574459456625,956.9453188383792
1668653080.1439795,16684.64,0.75,3.24259915,0.1962644,0.0,1.0,0.0,0.0573574459456625,956.9883369228384
1668653140.308827,16678.82,-5.819999999999709,2.5161217,-0.7264774500000004,1.0,0.0,956.6545165874346,0.0,956.6545165874346
1668653200.5833397,16684.2,5.380000000001019,3.04013636,0.5240146600000002,0.0,1.0,0.0,0.0573389504194048,956.6545165874346
1668653260.2342458,16672.99,-11.209999999999129,1.51183191,-1.52830445,1.0,0.0,956.0117469532322,0.0,956.0117469532322
1668653320.413364,16662.87,-10.12000000000262,-0.48713011,-1.99896202,1.0,0.0,956.0117469532322,0.0,956.0117469532322
1668653380.154532,16664.96,2.090000000000145,-1.11915873,-0.63202862,1.0,0.0,956.0117469532322,0.0,956.0117469532322
1668653441.0688508,16644.08,-20.87999999999738,-4.68448161,-3.56532288,1.0,0.0,956.0117469532322,0.0,956.0117469532322
1668653500.183534,16647.13,3.0499999999992724,-5.72709829,-1.04261668,1.0,0.0,956.0117469532322,0.0,956.0117469532322
1668653560.406123,16651.96,4.829999999998108,-5.94716509,-0.2200668000000005,1.0,0.0,956.0117469532322,0.0,956.0117469532322
1668653620.1616814,16640.06,-11.899999999997815,-8.03589431,-2.0887292199999994,1.0,0.0,956.0117469532322,0.0,956.0117469532322
1668653680.4306371,16627.07,-12.9900000000016,-10.70906313,-2.673168820000001,1.0,0.0,956.0117469532322,0.0,956.0117469532322
1668653740.3541343,16613.05,-14.020000000000437,-13.81516954,-3.106106409999999,1.0,0.0,956.0117469532322,0.0,956.0117469532322
1668653799.9715006,16622.83,9.780000000002474,-13.83252283,-0.0173532900000008,1.0,0.0,956.0117469532322,0.0,956.0117469532322
1668653860.340544,16625.53,2.6999999999970896,-13.86077036,-0.0282475299999998,1.0,0.0,956.0117469532322,0.0,956.0117469532322
1668653920.33208,16621.95,-3.5799999999981083,-14.40431134,-0.5435409799999995,1.0,0.0,956.0117469532322,0.0,956.0117469532322
1668653980.1680636,16621.68,-0.2700000000004365,-14.47444648,-0.0701351399999996,1.0,0.0,956.0117469532322,0.0,956.0117469532322
1668654040.343512,16577.42,-44.26000000000204,-20.66552311,-6.19107663,1.0,0.0,956.0117469532322,0.0,956.0117469532322
1668654100.1681151,16592.8,15.38000000000102,-20.27798825,0.3875348599999988,0.0,1.0,0.0,0.0576160591915308,956.0117469532322
1668654160.4601636,16589.0,-3.799999999999272,-21.36025139,-1.0822631399999985,1.0,0.0,955.7928059283043,0.0,955.7928059283043
1668654220.1113017,16587.96,-1.0400000000008731,-21.79154218,-0.431290790000002,1.0,0.0,955.7928059283043,0.0,955.7928059283043
1668654279.850645,16588.27,0.3100000000013097,-21.79916435,-0.0076221700000012,1.0,0.0,955.7928059283043,0.0,955.7928059283043
1668654340.534947,16595.48,7.209999999999127,-20.6005931,1.1985712500000003,0.0,1.0,0.0,0.057593561977617,955.7928059283043
1668654400.3376756,16594.81,-0.6699999999982538,-19.95976353,0.6408295700000011,0.0,1.0,0.0,0.057593561977617,955.7542182417784
1668654460.1235964,16601.2,6.389999999999418,-18.2525467,1.70721683,0.0,1.0,0.0,0.057593561977617,956.1222411028156
1668654520.2615526,16597.73,-3.470000000001164,-17.6104269,0.6421197999999997,0.0,1.0,0.0,0.057593561977617,955.922391442753
1668654580.1582656,16594.63,-3.099999999998545,-17.11425356,0.4961733399999986,0.0,1.0,0.0,0.057593561977617,955.7438514006224
1668654640.108451,16593.97,-0.6599999999998545,-16.43003034,0.6842232200000034,0.0,1.0,0.0,0.057593561977617,955.7058396497172
1668654700.2037022,16602.72,8.75,-14.42854976,2.001480579999999,0.0,1.0,0.0,0.057593561977617,956.2097833170214
1668654760.2267237,16602.85,0.1299999999973806,-13.17831092,1.2502388399999995,0.0,1.0,0.0,0.057593561977617,956.2172704800784
1668654820.1447952,16604.65,1.8000000000029104,-11.85407318,1.3242377399999992,0.0,1.0,0.0,0.057593561977617,956.3209388916382
1668654880.204066,16602.04,-2.610000000000582,-11.15793105,0.6961421300000001,0.0,1.0,0.0,0.057593561977617,956.1706196948768
1668654941.1848114,16605.91,3.869999999998981,-9.77516813,1.3827629199999991,0.0,1.0,0.0,0.057593561977617,956.39350677973
1668655000.2795763,16603.89,-2.020000000000437,-9.10783421,0.6673339200000008,0.0,1.0,0.0,0.057593561977617,956.2771677845352
1668655060.5194392,16605.96,2.069999999999709,-8.06233193,1.045502280000001,0.0,1.0,0.0,0.057593561977617,956.3963864578288
1668655120.583211,16604.87,-1.0900000000001455,-7.38982586,0.672506069999999,0.0,1.0,0.0,0.057593561977617,956.3336094752732
1668655180.5416944,16605.22,0.3500000000021828,-6.66917225,0.7206536100000003,0.0,1.0,0.0,0.057593561977617,956.3537672219654
1668655240.155924,16605.73,0.5099999999983993,-5.98504918,0.68412307,0.0,1.0,0.0,0.057593561977617,956.383139938574
1668655300.070212,16607.17,1.4399999999986903,-5.19730793,0.7877412499999998,0.0,1.0,0.0,0.057593561977617,956.4660746678215
1668655360.6597135,16602.8,-4.369999999998981,-5.32723071,-0.1299227800000002,1.0,0.0,956.2143908019796,0.0,956.2143908019796
1668655420.47432,16605.96,3.1599999999998545,-4.59348508,0.7337456300000005,0.0,1.0,0.0,0.0575826023188047,956.2143908019796
1668655480.3209484,16601.72,-4.239999999997963,-4.7052461,-0.1117610200000003,1.0,0.0,955.9702405681464,0.0,955.9702405681464
1668655540.2995582,16594.07,-7.650000000001455,-5.56139408,-0.8561479800000003,1.0,0.0,955.9702405681464,0.0,955.9702405681464
1668655600.197049,16592.82,-1.25,-5.92111913,-0.3597250499999997,1.0,0.0,955.9702405681464,0.0,955.9702405681464
1668655660.1562414,16598.61,5.790000000000873,-5.23886468,0.6822544500000003,0.0,1.0,0.0,0.0575933912880745,955.9702405681464
1668655720.4369862,16598.86,0.25,-4.97116412,0.2677005599999997,0.0,1.0,0.0,0.0575933912880745,955.9846389159684
1668655780.0867274,16598.29,-0.569999999999709,-4.75478446,0.2163796600000003,0.0,1.0,0.0,0.0575933912880745,955.951810682934
1668655840.3012514,16595.36,-2.930000000000291,-4.98484424,-0.2300597800000003,1.0,0.0,955.78306204646,0.0,955.78306204646
1668655900.3291488,16581.12,-14.2400000000016,-6.90941173,-1.9245674900000005,1.0,0.0,955.78306204646,0.0,955.78306204646
1668655961.0578582,16585.49,4.370000000002619,-6.87758588,0.0318258500000006,0.0,1.0,0.0,0.0576276650280733,955.78306204646
1668656020.4409754,16595.98,10.489999999997965,-5.57489969,1.3026861900000002,0.0,1.0,0.0,0.0576276650280733,956.387576252604
1668656080.365769,16588.46,-7.520000000000437,-6.15066106,-0.5757613700000004,1.0,0.0,955.9542162115928,0.0,955.9542162115928
1668656140.2725558,16582.03,-6.430000000000291,-6.97062776,-0.8199667000000002,1.0,0.0,955.9542162115928,0.0,955.9542162115928
1668656200.232756,16586.86,4.830000000001746,-6.44896191,0.5216658499999998,0.0,1.0,0.0,0.057633223902028,955.9542162115928
1668656260.2353415,16568.95,-17.909999999999854,-8.78996126,-2.34099935,1.0,0.0,954.9220051715068,0.0,954.9220051715068
1668656320.3398745,16565.69,-3.2600000000020373,-9.87600777,-1.0860465099999992,1.0,0.0,954.9220051715068,0.0,954.9220051715068
1668656380.3959634,16573.39,7.700000000000728,-9.3221123,0.5538954699999987,0.0,1.0,0.0,0.057617784000226,954.9220051715068
1668656440.8843696,16577.25,3.860000000000582,-8.7168847,0.605227600000001,0.0,1.0,0.0,0.057617784000226,955.1444098177464
1668656500.338226,16578.6,1.3499999999985448,-8.13650451,0.5803801899999996,0.0,1.0,0.0,0.057617784000226,955.2221938261466
1668656560.367571,16591.61,13.010000000002035,-5.89306484,2.24343967,0.0,1.0,0.0,0.057617784000226,955.9718011959897
1668656620.2140152,16589.18,-2.430000000000291,-5.26735339,0.6257114499999998,0.0,1.0,0.0,0.057617784000226,955.8317899808692
1668656680.2094636,16587.34,-1.8400000000001453,-4.8185437,0.44880969,0.0,1.0,0.0,0.057617784000226,955.7257732583088
1668656740.2657275,16578.33,-9.0099999999984,-5.53380226,-0.7152585599999997,1.0,0.0,955.2066370244668,0.0,955.2066370244668
1668656800.3756087,16584.05,5.719999999997526,-4.65941288,0.8743893800000002,0.0,1.0,0.0,0.0575979110666252,955.2066370244668
1668656860.221124,16586.86,2.8100000000013097,-3.88151976,0.7778931199999994,0.0,1.0,0.0,0.0575979110666252,955.3684871545628
1668656920.4239502,16578.85,-8.010000000002037,-4.5357626,-0.6542428399999998,1.0,0.0,954.9071278869192,0.0,954.9071278869192
1668656980.157415,16575.21,-3.639999999999418,-5.01059494,-0.4748323399999998,1.0,0.0,954.9071278869192,0.0,954.9071278869192
1668657040.2880654,16558.96,-16.25,-7.39515608,-2.38456114,1.0,0.0,954.9071278869192,0.0,954.9071278869192
1668657100.42811,16557.51,-1.4500000000007276,-8.36848556,-0.9733294800000004,1.0,0.0,954.9071278869192,0.0,954.9071278869192
1668657160.2505786,16550.0,-7.509999999998399,-10.066449,-1.6979634400000003,1.0,0.0,954.9071278869192,0.0,954.9071278869192
1668657220.414334,16548.4,-1.5999999999985448,-10.97822915,-0.9117801500000002,1.0,0.0,954.9071278869192,0.0,954.9071278869192
1668657280.5384555,16541.36,-7.040000000000873,-12.42202186,-1.4437927099999983,1.0,0.0,954.9071278869192,0.0,954.9071278869192
1668657340.6345782,16538.19,-3.170000000001892,-13.38525311,-0.9632312500000016,1.0,0.0,954.9071278869192,0.0,954.9071278869192
1668657400.4345295,16530.99,-7.19999999999709,-14.89071882,-1.5054657099999993,1.0,0.0,954.9071278869192,0.0,954.9071278869192
1668657460.168347,16520.27,-10.720000000001164,-16.94242512,-2.0517063,1.0,0.0,954.9071278869192,0.0,954.9071278869192
1668657520.2153356,16522.44,2.1699999999982538,-17.39693495,-0.4545098299999992,1.0,0.0,954.9071278869192,0.0,954.9071278869192
1668657580.281279,16524.79,2.350000000002183,-17.35819878,0.0387361699999999,0.0,1.0,0.0,0.0577863396682753,954.9071278869192
1668657640.3006582,16526.18,1.389999999999418,-17.08041565,0.2777831299999995,0.0,1.0,0.0,0.0577863396682753,954.987450899058
1668657700.444656,16518.32,-7.860000000000582,-17.86611413,-0.7856984800000006,1.0,0.0,954.5332502692652,0.0,954.5332502692652
1668657760.3296895,16502.49,-15.829999999998108,-19.94392618,-2.0778120499999986,1.0,0.0,954.5332502692652,0.0,954.5332502692652
1668657820.3077233,16495.16,-7.330000000001746,-21.51513628,-1.5712101000000018,1.0,0.0,954.5332502692652,0.0,954.5332502692652
1668657880.2275968,16478.47,-16.68999999999869,-24.44282067,-2.92768439,1.0,0.0,954.5332502692652,0.0,954.5332502692652
1668657940.8014123,16442.04,-36.43000000000029,-30.48038444,-6.037563770000002,1.0,0.0,954.5332502692652,0.0,954.5332502692652
1668658000.4929824,16421.58,-20.459999999999127,-35.47873465,-4.998350209999998,1.0,0.0,954.5332502692652,0.0,954.5332502692652
1668658060.3807578,16441.22,19.63999999999941,-34.93540603,0.5433286199999969,0.0,1.0,0.0,0.0580573248377714,954.5332502692652
1668658120.1923668,16437.21,-4.010000000002037,-35.90595054,-0.9705445099999964,1.0,0.0,954.3004403966644,0.0,954.3004403966644
1668658180.3899558,16436.5,-0.7099999999991269,-36.18943959,-0.28348905,1.0,0.0,954.3004403966644,0.0,954.3004403966644
1668658240.3332388,16457.84,21.340000000000146,-32.88574276,3.30369683,0.0,1.0,0.0,0.0579845496369307,954.3004403966644
1668658300.3810077,16450.51,-7.330000000001746,-32.26066148,0.6250812799999963,0.0,1.0,0.0,0.0579845496369307,953.8754136478248
1668658360.3951595,16455.47,4.960000000002765,-30.19349921,2.0671622700000043,0.0,1.0,0.0,0.0579845496369307,954.163017014024
1668658420.4894552,16453.85,-1.6200000000026191,-28.82009647,1.3734027399999995,0.0,1.0,0.0,0.0579845496369307,954.069082043612
1668658480.5804477,16453.95,0.1000000000021827,-27.3002491,1.5198473700000008,0.0,1.0,0.0,0.0579845496369307,954.074880498576
1668658540.3703258,16447.98,-5.970000000001164,-26.64855555,0.6516935499999974,0.0,1.0,0.0,0.0579845496369307,953.7287127372434
1668658600.326517,16454.05,6.069999999999709,-24.63819645,2.0103591000000023,0.0,1.0,0.0,0.0579845496369307,954.0806789535396
1668658660.3445904,16465.81,11.760000000002035,-21.46367595,3.1745205,0.0,1.0,0.0,0.0579845496369307,954.76257725727
1668658720.5092423,16460.95,-4.860000000000582,-20.09049333,1.373182619999998,0.0,1.0,0.0,0.0579845496369307,954.4807723460344
1668658780.4645643,16470.67,9.719999999997526,-17.17227006,2.918223270000002,0.0,1.0,0.0,0.0579845496369307,955.0443821685052
1668658840.4566138,16475.95,5.280000000002474,-14.50574163,2.66652843,0.0,1.0,0.0,0.0579845496369307,955.3505405905884
1668658900.4677808,16463.61,-12.340000000000146,-14.37378136,0.1319602699999986,0.0,1.0,0.0,0.0579845496369307,954.6350112480686
1668658960.3987193,16475.69,12.079999999998108,-11.56791733,2.8058640300000004,0.0,1.0,0.0,0.0579845496369307,955.3354646076826
1668659020.468814,16481.06,5.370000000002619,-9.29238953,2.2755278000000008,0.0,1.0,0.0,0.0579845496369307,955.6468416392332
1668659080.4271228,16479.04,-2.020000000000437,-8.02484692,1.2675426099999996,0.0,1.0,0.0,0.0579845496369307,955.5297128489664
1668659140.2176752,16490.52,11.479999999999563,-5.24233643,2.78251049,0.0,1.0,0.0,0.0579845496369307,956.1953754787984
1668659200.600789,16484.69,-5.830000000001746,-4.45537378,0.7869626499999995,0.0,1.0,0.0,0.0579845496369307,955.8573255544152
1668659260.4458942,16486.87,2.180000000000291,-3.15299154,1.3023822400000005,0.0,1.0,0.0,0.0579845496369307,955.9837318726236
1668659320.531172,16483.05,-3.819999999999709,-2.73043128,0.42256026,0.0,1.0,0.0,0.0579845496369307,955.7622308930104
1668659380.337841,16484.86,1.8100000000013097,-1.91676001,0.81367127,0.0,1.0,0.0,0.0579845496369307,955.8671829278536
1668659440.3762934,16488.88,4.020000000000437,-0.80473535,1.11202466,0.0,1.0,0.0,0.0579845496369307,956.100280817394
1668659500.6166134,16481.56,-7.319999999999709,-1.26080933,-0.4560739800000001,1.0,0.0,955.6758339140516,0.0,955.6758339140516
1668659560.9333444,16493.88,12.319999999999707,0.64906765,1.90987698,0.0,1.0,0.0,0.0579412384420192,955.6758339140516
1668659620.3450122,16512.35,18.46999999999753,3.97898466,3.32991701,0.0,1.0,0.0,0.0579412384420192,956.7460085880756
1668659680.5281456,16508.84,-3.5099999999984,4.95975093,0.9807662700000002,0.0,1.0,0.0,0.0579412384420192,956.5426348411444
1668659740.603075,16520.67,11.829999999998108,7.44468996,2.48493903,0.0,1.0,0.0,0.0579412384420192,957.2280796919132
1668659800.7808402,16509.81,-10.859999999996944,7.0827987,-0.3618912600000001,1.0,0.0,956.598837842433,0.0,956.598837842433
1668659860.743057,16511.08,1.2700000000004366,7.53432748,0.4515287800000003,0.0,1.0,0.0,0.0579367817152138,956.598837842433
1668659920.7245622,16503.03,-8.05000000000291,6.58859246,-0.94573502,1.0,0.0,956.1324467496248,0.0,956.1324467496248
1668659981.7919486,16511.54,8.510000000002037,7.54884297,0.9602505099999998,0.0,1.0,0.0,0.0579069212653468,956.1324467496248
1668660041.4676406,16503.24,-8.299999999999272,6.43807963,-1.11076334,1.0,0.0,955.651819303122,0.0,955.651819303122
1668660101.5760646,16496.35,-6.890000000003056,5.09956504,-1.33851459,1.0,0.0,955.651819303122,0.0,955.651819303122
1668660162.4572053,16504.92,8.569999999999709,4.39846237,-0.70110267,1.0,0.0,955.651819303122,0.0,955.651819303122
1668660222.4533236,16510.86,5.940000000002328,5.28021709,0.88175472,0.0,1.0,0.0,0.0578801963860829,955.651819303122
1668660282.3414302,16514.82,3.959999999999127,6.51725632,1.2370392300000006,0.0,1.0,0.0,0.0578801963860829,955.8810248808096
1668660343.8707368,16523.29,8.470000000001164,7.95331011,1.43605379,0.0,1.0,0.0,0.0578801963860829,956.3712701441996
1668660403.2388885,16536.3,13.0099999999984,10.00442013,2.0511100199999994,0.0,1.0,0.0,0.0578801963860829,957.1242914991826
1668660463.3047268,16530.96,-5.3400000000001455,10.45300179,0.4485816600000003,0.0,1.0,0.0,0.0578801963860829,956.8152112504808
1668660524.2369602,16520.55,-10.409999999999854,10.26668098,-0.1863208099999997,1.0,0.0,956.2126784061018,0.0,956.2126784061018
1668660584.0501275,16524.34,3.790000000000873,10.2757108,0.0090298200000003,0.0,1.0,0.0,0.0578669210634798,956.2126784061018
1668660644.193538,16518.94,-5.400000000001455,9.42905068,-0.846660120000001,1.0,0.0,955.900197032359,0.0,955.900197032359
1668660704.9431138,16509.06,-9.87999999999738,7.44306699,-1.98598369,1.0,0.0,955.900197032359,0.0,955.900197032359
1668660764.6453938,16514.02,4.959999999999127,6.80824243,-0.6348245600000002,1.0,0.0,955.900197032359,0.0,955.900197032359
1668660824.9358485,16513.29,-0.7299999999995634,5.99856286,-0.8096795700000001,1.0,0.0,955.900197032359,0.0,955.900197032359
1668660886.4500315,16515.3,2.0099999999984,5.80948693,-0.1890759299999995,1.0,0.0,955.900197032359,0.0,955.900197032359
1668660946.008162,16519.8,4.5,5.89388175,0.0843948199999999,0.0,1.0,0.0,0.0578639085843871,955.900197032359
1668661006.211814,16513.94,-5.860000000000582,5.05308176,-0.8407999899999998,1.0,0.0,955.5611145280534,0.0,955.5611145280534
1668661066.666683,16502.56,-11.37999999999738,3.35157426,-1.7015075000000004,1.0,0.0,955.5611145280534,0.0,955.5611145280534
1668661126.728942,16502.42,-0.1400000000030559,2.26185111,-1.0897231500000002,1.0,0.0,955.5611145280534,0.0,955.5611145280534
1668661186.8802798,16506.09,3.670000000001892,1.76458658,-0.4972645299999998,1.0,0.0,955.5611145280534,0.0,955.5611145280534
1668661247.1377716,16502.7,-3.389999999999418,0.79385763,-0.97072895,1.0,0.0,955.5611145280534,0.0,955.5611145280534
1668661306.7980523,16516.52,13.819999999999707,1.87139866,1.07754103,0.0,1.0,0.0,0.0578548698229441,955.5611145280534
1668661366.8245783,16532.64,16.11999999999898,3.64534858,1.7739499199999995,0.0,1.0,0.0,0.0578548698229441,956.4937350295984
1668661427.7457285,16543.0,10.360000000000582,5.5774823,1.93213372,0.0,1.0,0.0,0.0578548698229441,957.0931114809642
1668661486.9450295,16543.51,0.5099999999983993,6.97834254,1.40086024,0.0,1.0,0.0,0.0578548698229441,957.122617464574
1668661546.819285,16545.41,1.9000000000014552,8.239044,1.26070146,0.0,1.0,0.0,0.0578548698229441,957.2325417172376
1668661606.9061086,16550.82,5.409999999999855,9.90921544,1.6701714400000007,0.0,1.0,0.0,0.0578548698229441,957.5455365629796
1668661666.773213,16542.87,-7.950000000000728,9.57480484,-0.3344106,1.0,0.0,957.0855903478872,0.0,957.0855903478872
1668661726.685005,16554.98,12.110000000000582,10.99677764,1.421972799999999,0.0,1.0,0.0,0.0578125488733835,957.0855903478872
1668661786.901238,16555.9,0.9200000000018916,11.60573348,0.6089558400000001,0.0,1.0,0.0,0.0578125488733835,957.13877789285
1668661846.7019713,16551.33,-4.569999999999709,11.31928396,-0.2864495199999997,1.0,0.0,956.8745745444988,0.0,956.8745745444988
1668661907.267449,16546.24,-5.0900000000001455,10.88893636,-0.4303475999999993,1.0,0.0,956.8745745444988,0.0,956.8745745444988
1668661966.5809803,16544.37,-1.87000000000262,10.36633859,-0.5225977700000008,1.0,0.0,956.8745745444988,0.0,956.8745745444988
1668662026.918864,16539.95,-4.419999999998254,9.34791496,-1.0184236299999991,1.0,0.0,956.8745745444988,0.0,956.8745745444988
1668662086.6346152,16548.18,8.229999999999563,9.54088503,0.1929700699999994,0.0,1.0,0.0,0.0578235536804953,956.8745745444988
1668662146.7728798,16552.09,3.909999999999856,9.787045,0.2461599700000007,0.0,1.0,0.0,0.0578235536804953,957.1006646393896
1668662206.8761027,16551.89,-0.2000000000007276,9.71432562,-0.0727193800000005,1.0,0.0,957.0890999286532,0.0,957.0890999286532
1668662266.6264143,16565.06,13.170000000001892,10.88550222,1.171176599999999,0.0,1.0,0.0,0.0577775812420029,957.0890999286532
1668662326.7966585,16547.53,-17.530000000002474,9.06674017,-1.81876205,1.0,0.0,956.07625892948,0.0,956.07625892948
1668662387.945294,16552.92,5.389999999999418,8.97238193,-0.09435824,1.0,0.0,956.07625892948,0.0,956.07625892948
1668662446.621775,16547.72,-5.19999999999709,8.27070033,-0.7016815999999988,1.0,0.0,956.07625892948,0.0,956.07625892948
1668662507.0351164,16550.43,2.709999999999127,8.00417101,-0.26652932,1.0,0.0,956.07625892948,0.0,956.07625892948
1668662566.672876,16552.94,2.5099999999984,8.23633407,0.2321630599999995,0.0,1.0,0.0,0.0577586977859812,956.07625892948
1668662626.7733402,16549.66,-3.279999999998836,7.34578161,-0.8905524599999994,1.0,0.0,955.8868104007416,0.0,955.8868104007416
1668662686.7451997,16544.28,-5.380000000001019,6.26140199,-1.08437962,1.0,0.0,955.8868104007416,0.0,955.8868104007416
1668662747.1101303,16547.44,3.1599999999998545,5.91896393,-0.3424380600000001,1.0,0.0,955.8868104007416,0.0,955.8868104007416
1668662806.9571433,16543.65,-3.789999999997235,4.67432907,-1.2446348600000006,1.0,0.0,955.8868104007416,0.0,955.8868104007416
1668662867.5312183,16547.55,3.899999999997817,4.19330102,-0.4810280499999999,1.0,0.0,955.8868104007416,0.0,955.8868104007416
1668662926.6979053,16547.81,0.2600000000020372,3.7857265,-0.4075745199999998,1.0,0.0,955.8868104007416,0.0,955.8868104007416
1668662986.6126297,16547.84,0.0299999999988358,3.51999968,-0.2657268199999998,1.0,0.0,955.8868104007416,0.0,955.8868104007416
1668663046.6692357,16548.65,0.8100000000013097,3.25436806,-0.2656316200000002,1.0,0.0,955.8868104007416,0.0,955.8868104007416
1668663106.7197082,16549.43,0.7799999999988358,2.92783188,-0.3265361800000002,1.0,0.0,955.8868104007416,0.0,955.8868104007416
1668663166.7041156,16552.36,2.930000000000291,3.01549366,0.0876617800000003,0.0,1.0,0.0,0.0577492762603484,955.8868104007416
1668663226.8686178,16556.5,4.139999999999418,3.53837643,0.5228827699999998,0.0,1.0,0.0,0.0577492762603484,956.1258924044582
1668663286.8668687,16547.7,-8.799999999999272,2.74519665,-0.79317978,1.0,0.0,955.6176987733672,0.0,955.6176987733672
1668663347.6264043,16541.67,-6.030000000002474,1.6313335,-1.11386315,1.0,0.0,955.6176987733672,0.0,955.6176987733672
1668663406.9446185,16545.29,3.6200000000026193,1.64347113,0.01213763,0.0,1.0,0.0,0.0577576880655079,955.6176987733672
1668663466.73444,16551.32,6.029999999998836,1.91101076,0.2675396299999999,0.0,1.0,0.0,0.0577576880655079,955.9659776324022
1668663526.9906647,16554.25,2.930000000000291,2.23228124,0.3212704799999999,0.0,1.0,0.0,0.0577576880655079,956.1352076584342
1668663586.810477,16555.56,1.3100000000013097,2.5726284,0.3403471600000003,0.0,1.0,0.0,0.0577576880655079,956.2108702298
1668663646.92286,16562.31,6.75,4.06924514,1.4966167399999994,0.0,1.0,0.0,0.0577576880655079,956.6007346242422
1668663706.660781,16554.37,-7.940000000002328,3.8279415,-0.2413036399999995,1.0,0.0,956.142138581002,0.0,956.142138581002
1668663767.2641785,16563.27,8.900000000001455,4.89677712,1.0688356200000002,0.0,1.0,0.0,0.0577266529242717,956.142138581002
1668663827.3342223,16560.41,-2.860000000000582,4.73165153,-0.1651255900000006,1.0,0.0,955.9770403536382,0.0,955.9770403536382
1668663887.4465663,16560.62,0.2099999999991268,4.87449367,0.1428421399999999,0.0,1.0,0.0,0.0577259209107894,955.9770403536382
1668663946.971463,16560.28,-0.3400000000001455,4.7491269,-0.1253667699999994,1.0,0.0,955.9574135405276,0.0,955.9574135405276
1668664007.221287,16559.98,-0.2999999999992724,4.64345631,-0.1056705899999999,1.0,0.0,955.9574135405276,0.0,955.9574135405276
1668664066.72,16560.24,0.2600000000020372,4.42991562,-0.2135406900000003,1.0,0.0,955.9574135405276,0.0,955.9574135405276
1668664126.928526,16560.6,0.3599999999969441,4.21208284,-0.2178327800000001,1.0,0.0,955.9574135405276,0.0,955.9574135405276
1668664186.8401475,16562.35,1.75,4.36398491,0.1519020700000002,0.0,1.0,0.0,0.057718706194503,955.9574135405276
1668664246.8383906,16560.36,-1.9899999999979627,4.08574457,-0.27824034,1.0,0.0,955.8425533151996,0.0,955.8425533151996
1668664307.064802,16561.88,1.5200000000004366,4.02742123,-0.0583233400000002,1.0,0.0,955.8425533151996,0.0,955.8425533151996
1668664367.216267,16567.48,5.599999999998545,4.37328531,0.3458640800000001,0.0,1.0,0.0,0.0576939011433965,955.8425533151996
1668664426.8769107,16566.23,-1.25,4.37224114,-0.0010441700000001,1.0,0.0,955.7704359387694,0.0,955.7704359387694
1668664487.1149576,16562.92,-3.3100000000013097,4.23621355,-0.1360275899999994,1.0,0.0,955.7704359387694,0.0,955.7704359387694
1668664546.883916,16568.22,5.30000000000291,4.73871023,0.5024966799999993,0.0,1.0,0.0,0.0576869715599363,955.7704359387694
1668664607.0112798,16567.63,-0.5900000000001455,4.55904694,-0.1796632899999997,1.0,0.0,955.7364006255476,0.0,955.7364006255476
1668664666.8171654,16569.98,2.349999999998545,4.95375038,0.3947034399999998,0.0,1.0,0.0,0.0576787902354467,955.7364006255476
1668664727.3730302,16568.58,-1.3999999999978172,4.78557776,-0.16817262,1.0,0.0,955.6556503192176,0.0,955.6556503192176
1668664787.4841344,16582.07,13.489999999997965,4.89762284,0.1120450800000005,0.0,1.0,0.0,0.0576318668489047,955.6556503192176
1668664846.7995417,16569.13,-12.93999999999869,4.50821113,-0.3894117100000001,1.0,0.0,954.9098939621924,0.0,954.9098939621924
1668664906.7291903,16549.78,-19.350000000002183,2.05351472,-2.4546964100000004,1.0,0.0,954.9098939621924,0.0,954.9098939621924
1668664966.7970426,16557.46,7.680000000000291,1.78375631,-0.2697584099999999,1.0,0.0,954.9098939621924,0.0,954.9098939621924
1668665026.9995103,16581.25,23.79000000000088,3.69783473,1.91407842,0.0,1.0,0.0,0.0575897410606674,954.9098939621924
1668665086.9310691,16581.98,0.7299999999995634,4.90658709,1.2087523600000003,0.0,1.0,0.0,0.0575897410606674,954.9519344731656
1668665146.7867737,16580.9,-1.0799999999981085,5.08502374,0.1784366499999992,0.0,1.0,0.0,0.0575897410606674,954.8897375528202
1668665206.9153306,16566.61,-14.290000000000871,4.14192022,-0.9431035199999992,1.0,0.0,954.0667801530632,0.0,954.0667801530632
1668665266.794993,16567.1,0.4899999999979627,3.88706805,-0.2548521700000004,1.0,0.0,954.0667801530632,0.0,954.0667801530632
1668665326.9760823,16570.0,2.900000000001455,3.64556636,-0.2415016899999997,1.0,0.0,954.0667801530632,0.0,954.0667801530632
1668665386.8726797,16580.07,10.069999999999707,4.22600641,0.58044005,0.0,1.0,0.0,0.0575429886697138,954.0667801530632
1668665446.6741855,16592.37,12.299999999999272,5.86733158,1.64132517,0.0,1.0,0.0,0.0575429886697138,954.7745589136993
1668665506.6543365,16591.0,-1.3699999999989814,6.62393923,0.7566076500000003,0.0,1.0,0.0,0.0575429886697138,954.6957250192216
1668665566.9482172,16597.8,6.799999999999272,8.10863093,1.4846917,0.0,1.0,0.0,0.0575429886697138,955.0870173421756
1668665627.0920918,16590.68,-7.119999999998981,8.53744327,0.4288123400000003,0.0,1.0,0.0,0.0575429886697138,954.6773112628474
1668665686.9900897,16599.27,8.590000000000146,9.48320881,0.94576554,0.0,1.0,0.0,0.0575429886697138,955.1716055355204
1668665747.160946,16596.32,-2.950000000000728,9.29868818,-0.1845206300000015,1.0,0.0,955.0018537189444,0.0,955.0018537189444
1668665806.9284365,16587.16,-9.159999999999854,8.36039018,-0.9382979999999996,1.0,0.0,955.0018537189444,0.0,955.0018537189444
1668665867.0539148,16587.41,0.25,7.87624214,-0.48414804,1.0,0.0,955.0018537189444,0.0,955.0018537189444
1668665926.9409242,16599.44,12.029999999998836,8.9969555,1.1207133600000008,0.0,1.0,0.0,0.0575321729961338,955.0018537189444
1668665987.3781302,16598.79,-0.6499999999978172,9.1287331,0.1317775999999995,0.0,1.0,0.0,0.0575321729961338,954.9644578064958
1668666046.8327386,16598.56,-0.2299999999995634,8.86134867,-0.2673844299999999,1.0,0.0,954.9512254067068,0.0,954.9512254067068
1668666106.9407864,16606.22,7.6599999999998545,9.69397977,0.8326311000000004,0.0,1.0,0.0,0.0575056349612799,954.9512254067068
1668666166.7387955,16613.27,7.049999999999272,10.42510638,0.7311266100000005,0.0,1.0,0.0,0.0575056349612799,955.3566401331826
1668666227.210576,16611.34,-1.930000000000291,10.31495133,-0.1101550500000012,1.0,0.0,955.2456542577072,0.0,955.2456542577072
1668666286.7450745,16607.03,-4.31000000000131,10.51917671,0.2042253800000004,0.0,1.0,0.0,0.0575205593208242,955.2456542577072
1668666347.0669289,16602.36,-4.669999999998254,10.14977038,-0.3694063300000003,1.0,0.0,954.9770332456789,0.0,954.9770332456789
1668666406.7829907,16596.31,-6.049999999999272,9.03829967,-1.111470709999999,1.0,0.0,954.9770332456789,0.0,954.9770332456789
1668666466.8036342,16597.17,0.8599999999969441,8.34308418,-0.6952154900000007,1.0,0.0,954.9770332456789,0.0,954.9770332456789
1668666527.1833067,16599.82,2.650000000001455,7.31537268,-1.0277114999999997,1.0,0.0,954.9770332456789,0.0,954.9770332456789
1668666586.7541544,16593.52,-6.299999999999272,6.02350462,-1.2918680600000003,1.0,0.0,954.9770332456789,0.0,954.9770332456789
1668666647.0518374,16586.13,-7.389999999999418,4.49600789,-1.5274967300000002,1.0,0.0,954.9770332456789,0.0,954.9770332456789
1668666707.804216,16578.36,-7.770000000000437,2.40123742,-2.0947704699999994,1.0,0.0,954.9770332456789,0.0,954.9770332456789
1668666767.0336127,16576.5,-1.860000000000582,0.79738634,-1.60385108,1.0,0.0,954.9770332456789,0.0,954.9770332456789
1668666826.961248,16568.22,-8.279999999998836,-1.306186,-2.10357234,1.0,0.0,954.9770332456789,0.0,954.9770332456789
1668666886.8690825,16573.96,5.739999999997963,-2.25839057,-0.95220457,1.0,0.0,954.9770332456789,0.0,954.9770332456789
1668666946.883911,16572.93,-1.0299999999988358,-2.78368928,-0.52529871,1.0,0.0,954.9770332456789,0.0,954.9770332456789
1668667007.4948509,16576.46,3.529999999998836,-2.86075714,-0.0770678600000001,1.0,0.0,954.9770332456789,0.0,954.9770332456789
1668667067.003356,16579.88,3.420000000001892,-2.75504235,0.1057147899999999,0.0,1.0,0.0,0.0575985491599262,954.9770332456789
1668667127.0684223,16579.6,-0.2800000000024738,-2.78508562,-0.0300432699999997,1.0,0.0,954.9609056519124,0.0,954.9609056519124
1668667187.7376332,16568.49,-11.109999999996944,-3.90464168,-1.1195560600000003,1.0,0.0,954.9609056519124,0.0,954.9609056519124
1668667247.161308,16575.33,6.8400000000001455,-3.8555511,0.0490905800000001,0.0,1.0,0.0,0.0576133872237784,954.9609056519124
1668667306.8290377,16554.87,-20.460000000002765,-6.01643371,-2.1608826100000003,1.0,0.0,953.7821357493124,0.0,953.7821357493124
1668667367.1942563,16545.99,-8.87999999999738,-8.43464721,-2.4182135,1.0,0.0,953.7821357493124,0.0,953.7821357493124
1668667427.5198138,16551.95,5.959999999999127,-8.74479967,-0.3101524600000012,1.0,0.0,953.7821357493124,0.0,953.7821357493124
1668667487.010467,16557.6,5.649999999997817,-8.44696935,0.297830320000001,0.0,1.0,0.0,0.0576038879879519,953.7821357493124
1668667546.7753012,16552.43,-5.169999999998254,-9.49885127,-1.0518819199999996,1.0,0.0,953.4843236484148,0.0,953.4843236484148
1668667607.216729,16554.12,1.6899999999986903,-9.1180647,0.3807865699999997,0.0,1.0,0.0,0.05759800724221,953.4843236484148
1668667667.36697,16544.64,-9.479999999999563,-10.02154612,-0.9034814200000004,1.0,0.0,952.9382945397572,0.0,952.9382945397572
1668667726.8368096,16546.39,1.75,-10.13077067,-0.1092245500000004,1.0,0.0,952.9382945397572,0.0,952.9382945397572
1668667786.7538936,16547.85,1.4599999999991269,-9.64773739,0.4830332800000008,0.0,1.0,0.0,0.0575868342134934,952.9382945397572
1668667846.796044,16557.54,9.690000000002328,-8.4864227,1.161314689999999,0.0,1.0,0.0,0.0575868342134934,953.4963109632856
1668667906.8433292,16544.53,-13.010000000002035,-9.29018698,-0.8037642799999993,1.0,0.0,952.747106250168,0.0,952.747106250168
1668667966.990061,16552.78,8.25,-8.88363285,0.4065541299999999,0.0,1.0,0.0,0.0575581326067384,952.747106250168
1668668027.0903947,16561.01,8.229999999999563,-8.10254975,0.7810831,0.0,1.0,0.0,0.0575581326067384,953.2208096815208
1668668086.9273884,16568.3,7.290000000000873,-6.4633109,1.63923885,0.0,1.0,0.0,0.0575581326067384,953.6404084682238
1668668147.882046,16576.21,7.9099999999998545,-3.99859407,2.46471683,0.0,1.0,0.0,0.0575581326067384,954.095693297143
1668668206.828153,16565.17,-11.040000000000871,-4.0580613,-0.0594672300000005,1.0,0.0,953.4602515131646,0.0,953.4602515131646
1668668266.927214,16546.98,-18.18999999999869,-4.874716,-0.8166547,1.0,0.0,953.4602515131646,0.0,953.4602515131646
1668668326.7173226,16537.37,-9.610000000000582,-5.4781268,-0.6034107999999998,1.0,0.0,953.4602515131646,0.0,953.4602515131646
1668668386.961985,16558.74,21.37000000000262,-4.0416162,1.4365106,0.0,1.0,0.0,0.0575804832682416,953.4602515131646
1668668446.798196,16571.44,12.69999999999709,-2.00351184,2.03810436,0.0,1.0,0.0,0.0575804832682416,954.1915236506694
1668668506.9023826,16585.44,14.0,1.4457244,3.44923624,0.0,1.0,0.0,0.0575804832682416,954.9976504164248
1668668566.6630769,16590.06,4.620000000002619,3.36691181,1.92118741,0.0,1.0,0.0,0.0575804832682416,955.2636722491244
1668668627.3051314,16590.61,0.5499999999992724,4.51278069,1.1458688799999996,0.0,1.0,0.0,0.0575804832682416,955.2953415149218
1668668686.9206228,16590.44,-0.1700000000018917,5.05932275,0.5465420600000002,0.0,1.0,0.0,0.0575804832682416,955.285552832766
1668668747.0626855,16593.34,2.900000000001455,5.98464871,0.9253259600000004,0.0,1.0,0.0,0.0575804832682416,955.452536234244
1668668806.917071,16596.72,3.380000000001018,6.71304476,0.7283960499999997,0.0,1.0,0.0,0.0575804832682416,955.6471582676908
1668668866.6366975,16612.31,15.590000000000146,8.99549534,2.28245058,0.0,1.0,0.0,0.0575804832682416,956.5448380018428
1668668926.835301,16608.61,-3.700000000000728,10.36715942,1.3716640800000004,0.0,1.0,0.0,0.0575804832682416,956.33179021375
1668668986.9061208,16611.5,2.889999999999418,10.76871934,0.4015599200000004,0.0,1.0,0.0,0.0575804832682416,956.4981978103953
1668669046.8459835,16603.9,-7.599999999998545,10.39890456,-0.3698147800000004,1.0,0.0,956.0605861375568,0.0,956.0605861375568
1668669108.259059,16605.27,1.3699999999989814,10.62743653,0.2285319700000005,0.0,1.0,0.0,0.0575757326521975,956.0605861375568
1668669166.74215,16592.75,-12.520000000000437,9.43778098,-1.1896555500000012,1.0,0.0,955.33973796475,0.0,955.33973796475
1668669226.9694557,16561.84,-30.90999999999985,5.36139989,-4.076381089999999,1.0,0.0,955.33973796475,0.0,955.33973796475
1668669286.8782332,16584.75,22.90999999999985,5.37081532,0.0094154299999997,0.0,1.0,0.0,0.0576035055074541,955.33973796475
1668669346.8234756,16581.12,-3.630000000001018,4.18822492,-1.1825904000000005,1.0,0.0,955.1306372397572,0.0,955.1306372397572
1668669406.7839217,16579.71,-1.4099999999998545,3.2679872,-0.9202377199999998,1.0,0.0,955.1306372397572,0.0,955.1306372397572
1668669466.745385,16556.79,-22.919999999998254,0.11746018,-3.15052702,1.0,0.0,955.1306372397572,0.0,955.1306372397572
1668669527.2082715,16567.37,10.579999999998108,-0.74028038,-0.85774056,1.0,0.0,955.1306372397572,0.0,955.1306372397572
1668669587.5734334,16553.22,-14.149999999997815,-3.26329345,-2.52301307,1.0,0.0,955.1306372397572,0.0,955.1306372397572
1668669646.756134,16556.69,3.469999999997526,-4.39688111,-1.13358766,1.0,0.0,955.1306372397572,0.0,955.1306372397572
1668669706.8025897,16552.75,-3.9399999999986894,-5.83584644,-1.4389653300000005,1.0,0.0,955.1306372397572,0.0,955.1306372397572
1668669766.8236434,16542.61,-10.139999999999418,-8.00096296,-2.1651165200000007,1.0,0.0,955.1306372397572,0.0,955.1306372397572
1668669826.880528,16546.26,3.649999999997817,-8.69554628,-0.6945833199999996,1.0,0.0,955.1306372397572,0.0,955.1306372397572
1668669886.8292434,16558.79,12.530000000002474,-7.7389046,0.9566416800000006,0.0,1.0,0.0,0.0576811854754941,955.1306372397572
1668669946.896781,16561.91,3.1199999999989814,-7.09431616,0.6445884399999997,0.0,1.0,0.0,0.0576811854754941,955.3106025384404
1668670006.9091148,16562.54,0.6300000000010186,-6.2347475,0.8595686599999999,0.0,1.0,0.0,0.0576811854754941,955.34694168529
1668670067.3051765,16588.06,25.52000000000044,-2.84260059,3.39214691,0.0,1.0,0.0,0.0576811854754941,956.8189655386248
1668670126.7780614,16586.08,-1.979999999999564,-1.09965409,1.7429465,0.0,1.0,0.0,0.0576811854754941,956.7047567913831
1668670186.764019,16584.3,-1.7800000000024738,0.26473406,1.36438815,0.0,1.0,0.0,0.0576811854754941,956.6020842812368
1668670246.9087398,16583.45,-0.8499999999985448,0.59166549,0.32693143,0.0,1.0,0.0,0.0576811854754941,956.5530552735828
1668670306.875167,16592.89,9.43999999999869,2.96771438,2.37604889,0.0,1.0,0.0,0.0576811854754941,957.0975656644712
1668670367.0132508,16587.28,-5.610000000000582,3.07824179,0.1105274099999999,0.0,1.0,0.0,0.0576811854754941,956.7739742139536
1668670427.0210433,16571.5,-15.779999999998836,1.92797196,-1.1502698299999998,1.0,0.0,955.8637651071504,0.0,955.8637651071504
1668670486.9026914,16568.97,-2.529999999998836,1.14500244,-0.78296952,1.0,0.0,955.8637651071504,0.0,955.8637651071504
1668670547.1609516,16587.36,18.38999999999941,2.33489476,1.18989232,0.0,1.0,0.0,0.0576260336248294,955.8637651071504
1668670606.8162904,16596.45,9.090000000000146,3.72291599,1.38802123,0.0,1.0,0.0,0.0576260336248294,956.3875857528
1668670666.8236055,16594.92,-1.5300000000024738,4.24961347,0.5266974799999997,0.0,1.0,0.0,0.0576260336248294,956.2994179213538
1668670726.757422,16590.0,-4.919999999998254,4.23921758,-0.0103958899999998,1.0,0.0,956.0158978359196,0.0,956.0158978359196
1668670786.9247108,16581.02,-8.979999999999563,3.56781975,-0.6713978300000001,1.0,0.0,956.0158978359196,0.0,956.0158978359196
1668670847.0001802,16588.71,7.68999999999869,4.11057561,0.5427558599999998,0.0,1.0,0.0,0.057630514840269,956.0158978359196
1668670906.6628952,16587.86,-0.8499999999985448,3.85851355,-0.2520620599999996,1.0,0.0,955.9669118983046,0.0,955.9669118983046
1668670967.108166,16592.49,4.630000000001019,4.43836887,0.5798553199999996,0.0,1.0,0.0,0.0576144335116853,955.9669118983046
1668671026.9023485,16590.06,-2.430000000000291,4.24363754,-0.1947313299999997,1.0,0.0,955.82690882487,0.0,955.82690882487
1668671086.676925,16587.62,-2.4400000000023283,3.99568283,-0.2479547100000001,1.0,0.0,955.82690882487,0.0,955.82690882487
1668671146.875955,16580.72,-6.899999999997817,3.21542677,-0.7802560599999997,1.0,0.0,955.82690882487,0.0,955.82690882487
1668671207.2090237,16586.59,5.869999999998981,3.01907742,-0.1963493500000002,1.0,0.0,955.82690882487,0.0,955.82690882487
1668671267.1148603,16596.65,10.06000000000131,4.00926382,0.9901864000000002,0.0,1.0,0.0,0.0575915566590167,955.82690882487
1668671327.016543,16596.69,0.0399999999972351,4.29993302,0.2906691999999999,0.0,1.0,0.0,0.0575915566590167,955.8292124871358
1668671387.8689172,16605.53,8.840000000000146,5.4621325,1.16219948,0.0,1.0,0.0,0.0575915566590167,956.3383218480014
1668671447.8247194,16598.78,-6.75,5.29969706,-0.1624354400000003,1.0,0.0,955.9495788405532,0.0,955.9495788405532
1668671507.867242,16597.74,-1.0399999999972351,4.95050691,-0.3491901500000001,1.0,0.0,955.9495788405532,0.0,955.9495788405532
1668671569.4418464,16595.26,-2.4800000000032014,4.63664735,-0.31385956,1.0,0.0,955.9495788405532,0.0,955.9495788405532
1668671628.7449102,16591.64,-3.619999999998981,4.30005701,-0.3365903399999999,1.0,0.0,955.9495788405532,0.0,955.9495788405532
1668671688.8336575,16597.43,5.790000000000873,4.52771829,0.2276612800000004,0.0,1.0,0.0,0.0575962410349405,955.9495788405532
1668671749.5574396,16599.9,2.470000000001164,4.82782924,0.3001109499999996,0.0,1.0,0.0,0.0575962410349405,956.0918415559088
1668671809.6301532,16598.26,-1.640000000003056,4.39241635,-0.4354128899999994,1.0,0.0,955.9973837206114,0.0,955.9973837206114
1668671869.7866342,16605.4,7.140000000003056,4.87110417,0.4786878199999993,0.0,1.0,0.0,0.0575714757681604,955.9973837206114
1668671930.4137,16602.39,-3.0100000000020373,4.86029056,-0.0108136099999995,1.0,0.0,955.8240935785484,0.0,955.8240935785484
1668671990.3162937,16608.23,5.8400000000001455,5.66305066,0.8027600999999995,0.0,1.0,0.0,0.0575512317434517,955.8240935785484
1668672050.3608477,16610.54,2.3100000000013097,6.34589525,0.6828445900000002,0.0,1.0,0.0,0.0575512317434517,955.9570369238742
1668672111.8400462,16611.15,0.6100000000005821,6.14498858,-0.2009066700000001,1.0,0.0,955.9921431752376,0.0,955.9921431752376
1668672171.129985,16631.29,20.13999999999941,7.90884082,1.7638522400000003,0.0,1.0,0.0,0.0574815389049939,955.9921431752376
1668672231.1447625,16625.27,-6.020000000000437,8.56922949,0.6603886699999997,0.0,1.0,0.0,0.0574815389049939,955.646104311028
1668672292.8276503,16632.05,6.779999999998836,9.85760229,1.2883728000000012,0.0,1.0,0.0,0.0574815389049939,956.0358291448038
1668672352.4514644,16630.08,-1.9699999999975264,10.59531832,0.7377160299999996,0.0,1.0,0.0,0.0574815389049939,955.922590513161
1668672412.556657,16629.65,-0.430000000000291,11.09859939,0.5032810699999999,0.0,1.0,0.0,0.0574815389049939,955.897873451432
1668672473.279132,16616.93,-12.720000000001164,9.57599724,-1.5226021500000009,1.0,0.0,955.1667082765604,0.0,955.1667082765604
1668672533.1171086,16599.66,-17.270000000000437,6.99054167,-2.58545557,1.0,0.0,955.1667082765604,0.0,955.1667082765604
1668672593.2213578,16592.9,-6.759999999998399,4.62190359,-2.36863808,1.0,0.0,955.1667082765604,0.0,955.1667082765604
1668672654.3613667,16604.14,11.239999999997965,4.11057313,-0.5113304599999999,1.0,0.0,955.1667082765604,0.0,955.1667082765604
1668672714.0463405,16609.51,5.369999999998981,3.94655939,-0.1640137399999996,1.0,0.0,955.1667082765604,0.0,955.1667082765604
1668672774.0205667,16589.1,-20.40999999999985,1.17555237,-2.77100702,1.0,0.0,955.1667082765604,0.0,955.1667082765604
1668672834.6203911,16595.94,6.8400000000001455,0.54950122,-0.6260511499999999,1.0,0.0,955.1667082765604,0.0,955.1667082765604
1668672894.949181,16594.41,-1.5299999999988358,-0.21261148,-0.7621127,1.0,0.0,955.1667082765604,0.0,955.1667082765604
1668672954.9047167,16592.63,-1.7799999999988358,-1.04676301,-0.8341515300000001,1.0,0.0,955.1667082765604,0.0,955.1667082765604
1668673016.6912494,16585.61,-7.020000000000437,-2.5002332,-1.4534701899999998,1.0,0.0,955.1667082765604,0.0,955.1667082765604
1668673075.735905,16582.92,-2.6900000000023283,-3.48501386,-0.9847806600000002,1.0,0.0,955.1667082765604,0.0,955.1667082765604
1668673135.548674,16590.39,7.470000000001164,-3.22915388,0.2558599799999999,0.0,1.0,0.0,0.057573493346242,955.1667082765604
1668673196.8122044,16590.47,0.0800000000017462,-3.14456125,0.0845926299999999,0.0,1.0,0.0,0.057573493346242,955.1713141560276
1668673256.3930244,16588.19,-2.280000000002474,-3.59728819,-0.4527269399999998,1.0,0.0,955.040046591198,0.0,955.040046591198
1668673316.3497422,16588.88,0.6900000000023283,-3.63956898,-0.0422807899999999,1.0,0.0,955.040046591198,0.0,955.040046591198
1668673377.2437007,16581.07,-7.81000000000131,-4.47953423,-0.8399652499999997,1.0,0.0,955.040046591198,0.0,955.040046591198
1668673437.1576822,16575.16,-5.909999999999855,-5.39568441,-0.9161501800000008,1.0,0.0,955.040046591198,0.0,955.040046591198
1668673497.2656467,16577.33,2.170000000001892,-5.72319065,-0.3275062399999999,1.0,0.0,955.040046591198,0.0,955.040046591198
1668673558.2926238,16582.23,4.899999999997817,-5.52118596,0.2020046899999998,0.0,1.0,0.0,0.0575941864629303,955.040046591198
1668673618.0577126,16582.03,-0.2000000000007276,-5.23653756,0.2846484,0.0,1.0,0.0,0.0575941864629303,955.028527753904
1668673678.6014671,16576.56,-5.469999999997526,-5.96114543,-0.7246078699999998,1.0,0.0,954.713487553952,0.0,954.713487553952
1668673738.9007404,16577.06,0.5,-5.88790906,0.07323637,0.0,1.0,0.0,0.0575924492976409,954.713487553952
1668673798.9521573,16571.89,-5.170000000001892,-6.22392091,-0.3360118500000002,1.0,0.0,954.4157345910822,0.0,954.4157345910822
1668673858.9860656,16569.96,-1.930000000000291,-7.03765195,-0.8137310399999995,1.0,0.0,954.4157345910822,0.0,954.4157345910822
1668673919.580078,16576.61,6.650000000001455,-6.27663642,0.7610155299999999,0.0,1.0,0.0,0.0575760505067732,954.4157345910822
1668673980.7184646,16572.72,-3.889999999999418,-6.60133069,-0.3246942700000002,1.0,0.0,954.1917637546104,0.0,954.1917637546104
1668674039.7234054,16583.02,10.299999999999272,-5.24030217,1.3610285200000003,0.0,1.0,0.0,0.0575402890278495,954.1917637546104
1668674100.6602645,16583.49,0.4700000000011641,-4.51250888,0.7277932899999993,0.0,1.0,0.0,0.0575402890278495,954.218807690452
1668674160.5800176,16593.02,9.529999999998836,-2.72428987,1.7882190100000006,0.0,1.0,0.0,0.0575402890278495,954.7671666448872
1668674221.364599,16592.25,-0.7700000000004366,-1.68683479,1.0374550799999998,0.0,1.0,0.0,0.0575402890278495,954.722860622336
1668674281.201945,16600.88,8.630000000001019,-0.02110199,1.6657328,0.0,1.0,0.0,0.0575402890278495,955.2194333166462
1668674341.8100832,16601.51,0.6299999999973807,1.03963134,1.06073333,0.0,1.0,0.0,0.0575402890278495,955.2556836987336
1668674401.7274055,16605.29,3.780000000002474,2.18642172,1.14679038,0.0,1.0,0.0,0.0575402890278495,955.4731859912592
1668674462.2235403,16596.66,-8.630000000001019,2.30236433,0.1159426100000002,0.0,1.0,0.0,0.0575402890278495,954.9766132969488
1668674522.227421,16589.6,-7.06000000000131,2.04170606,-0.2606582699999999,1.0,0.0,954.570378856412,0.0,954.570378856412
1668674582.0656743,16589.72,0.1200000000026193,1.88638691,-0.1553191500000001,1.0,0.0,954.570378856412,0.0,954.570378856412
1668674642.9150882,16587.05,-2.670000000001892,1.32084289,-0.5655440199999999,1.0,0.0,954.570378856412,0.0,954.570378856412
1668674702.8581648,16586.03,-1.0200000000004366,0.63720916,-0.6836337299999999,1.0,0.0,954.570378856412,0.0,954.570378856412
1668674762.86826,16589.99,3.960000000002765,0.74924991,0.1120407499999999,0.0,1.0,0.0,0.0575389363620117,954.570378856412
1668674823.878659,16589.37,-0.6200000000026193,0.30808098,-0.4411689299999999,1.0,0.0,954.534704715866,0.0,954.534704715866
1668674884.1937025,16579.08,-10.289999999997235,-1.17508634,-1.48316732,1.0,0.0,954.534704715866,0.0,954.534704715866
1668674943.7134683,16579.86,0.7799999999988358,-1.72434604,-0.5492596999999999,1.0,0.0,954.534704715866,0.0,954.534704715866
1668675004.557143,16583.24,3.380000000001018,-1.94703084,-0.2226848000000001,1.0,0.0,954.534704715866,0.0,954.534704715866
1668675065.026369,16586.2,2.959999999999127,-1.67815494,0.2688759,0.0,1.0,0.0,0.0575499333612199,954.534704715866
1668675124.7076242,16585.49,-0.7099999999991269,-1.57151509,0.10663985,0.0,1.0,0.0,0.0575499333612199,954.4938442631792
1668675195.2607405,16580.2,-5.290000000000873,-2.33873987,-0.76722478,1.0,0.0,954.1894051156984,0.0,954.1894051156984
1668675245.8947587,16575.96,-4.240000000001601,-2.67697349,-0.33823362,1.0,0.0,954.1894051156984,0.0,954.1894051156984
1668675305.2657778,16568.96,-7.0,-3.69920339,-1.0222299,1.0,0.0,954.1894051156984,0.0,954.1894051156984
1668675366.7026296,16568.62,-0.3400000000001455,-4.40311504,-0.7039116500000002,1.0,0.0,954.1894051156984,0.0,954.1894051156984
1668675426.3730876,16570.91,2.290000000000873,-4.54245595,-0.1393409099999996,1.0,0.0,954.1894051156984,0.0,954.1894051156984
1668675486.4382784,16572.63,1.7200000000011642,-4.57362414,-0.0311681899999998,1.0,0.0,954.1894051156984,0.0,954.1894051156984
1668675547.4604492,16569.23,-3.400000000001455,-5.07803191,-0.5044077700000003,1.0,0.0,954.1894051156984,0.0,954.1894051156984
1668675607.1494524,16570.17,0.9399999999986904,-5.03386379,0.0441681200000001,0.0,1.0,0.0,0.0575847686001832,954.1894051156984
1668675666.8689744,16566.87,-3.2999999999992724,-5.30838338,-0.2745195900000006,1.0,0.0,953.999375379317,0.0,953.999375379317
1668675727.9006853,16574.4,7.530000000002474,-4.68933379,0.6190495900000004,0.0,1.0,0.0,0.0575586069709502,953.999375379317
1668675787.886994,16573.06,-1.3400000000001455,-4.41196344,0.27737035,0.0,1.0,0.0,0.0575586069709502,953.922246845976
1668675848.0920804,16570.18,-2.880000000001018,-4.34806777,0.0638956699999999,0.0,1.0,0.0,0.0575586069709502,953.7564780578996
1668675908.905018,16570.24,0.0600000000013096,-4.35043287,-0.0023650999999995,1.0,0.0,953.759931574318,0.0,953.759931574318
1668675968.8806891,16570.98,0.7399999999979627,-4.41847326,-0.0680403900000001,1.0,0.0,953.759931574318,0.0,953.759931574318
1668676028.9774885,16574.55,3.569999999999709,-3.87278729,0.5456859699999996,0.0,1.0,0.0,0.0575436395904756,953.759931574318
1668676089.5964413,16575.4,0.8500000000021828,-3.47117973,0.4016075600000004,0.0,1.0,0.0,0.0575436395904756,953.8088436679692
1668676149.5919173,16581.67,6.269999999996799,-2.40588493,1.0652947999999998,0.0,1.0,0.0,0.0575436395904756,954.1696422882014
1668676209.6542137,16573.1,-8.569999999999709,-2.56719463,-0.1613096999999999,1.0,0.0,953.6764932969112,0.0,953.6764932969112
1668676270.4407845,16569.7,-3.399999999997817,-2.69624583,-0.1290512000000001,1.0,0.0,953.6764932969112,0.0,953.6764932969112
1668676330.4866035,16574.71,5.009999999998399,-2.3091475,0.3870983300000001,0.0,1.0,0.0,0.0575380500350782,953.6764932969112
1668676390.4866278,16570.74,-3.969999999997526,-2.56201144,-0.2528639400000001,1.0,0.0,953.4480672382716,0.0,953.4480672382716
1668676451.7767236,16569.91,-0.8300000000017462,-2.46280014,0.0992112999999998,0.0,1.0,0.0,0.0575409321618688,953.4480672382716
1668676511.909615,16564.79,-5.119999999998981,-3.15650499,-0.69370485,1.0,0.0,953.1534576656028,0.0,953.1534576656028
1668676571.932355,16556.58,-8.209999999999127,-3.81143376,-0.6549287699999997,1.0,0.0,953.1534576656028,0.0,953.1534576656028
1668676632.6875184,16557.3,0.7199999999975262,-5.06985314,-1.2584193800000003,1.0,0.0,953.1534576656028,0.0,953.1534576656028
1668676692.7442937,16547.35,-9.950000000000728,-6.79360362,-1.7237504799999996,1.0,0.0,953.1534576656028,0.0,953.1534576656028
1668676752.6395178,16556.16,8.81000000000131,-6.19886327,0.5947403499999995,0.0,1.0,0.0,0.0575709257258689,953.1534576656028
1668676813.4974775,16550.45,-5.709999999999127,-6.98130696,-0.78244369,1.0,0.0,952.824727679707,0.0,952.824727679707
1668676873.5556686,16563.31,12.860000000000582,-5.29255526,1.6887517,0.0,1.0,0.0,0.0575262268036827,952.824727679707
1668676933.2921753,16561.09,-2.220000000001164,-5.46964927,-0.1770940099999993,1.0,0.0,952.6970194562016,0.0,952.6970194562016
1668676994.3300862,16548.62,-12.470000000001164,-6.74052158,-1.2708723100000006,1.0,0.0,952.6970194562016,0.0,952.6970194562016
1668677054.1122456,16531.38,-17.239999999997963,-9.25104993,-2.5105283500000004,1.0,0.0,952.6970194562016,0.0,952.6970194562016
1668677114.1305835,16542.51,11.12999999999738,-8.52227042,0.7287795100000007,0.0,1.0,0.0,0.0575908383586409,952.6970194562016
1668677175.063135,16553.84,11.330000000001746,-6.97335158,1.5489188399999998,0.0,1.0,0.0,0.0575908383586409,953.349523654804
1668677235.0657785,16551.3,-2.540000000000873,-6.71569574,0.2576558399999999,0.0,1.0,0.0,0.0575908383586409,953.203242925373
1668677295.3488903,16550.7,-0.5999999999985448,-6.4096149,0.3060808399999999,0.0,1.0,0.0,0.0575908383586409,953.168688422358
1668677355.8292406,16547.81,-2.889999999999418,-6.46780182,-0.0581869199999998,1.0,0.0,953.0022508995016,0.0,953.0022508995016
1668677415.7807014,16555.94,8.12999999999738,-5.10978215,1.35801967,0.0,1.0,0.0,0.0575625576620537,953.0022508995016
1668677475.679081,16551.92,-4.020000000000437,-5.0830666,0.0267155499999995,0.0,1.0,0.0,0.0575625576620537,952.7708494176998
1668677536.48782,16539.4,-12.5199999999968,-6.50344449,-1.4203778899999993,1.0,0.0,952.050166195771,0.0,952.050166195771
1668677596.5559363,16529.42,-9.9800000000032,-8.17046683,-1.6670223400000008,1.0,0.0,952.050166195771,0.0,952.050166195771
1668677656.5842156,16490.0,-39.419999999998254,-14.2564359,-6.085969069999999,1.0,0.0,952.050166195771,0.0,952.050166195771
1668677717.4171329,16495.81,5.81000000000131,-15.6540071,-1.3975711999999998,1.0,0.0,952.050166195771,0.0,952.050166195771
1668677777.4847243,16508.63,12.819999999999707,-15.10233896,0.5516681399999985,0.0,1.0,0.0,0.0576698469949215,952.050166195771
1668677837.695718,16528.96,20.32999999999811,-12.44473285,2.657606110000001,0.0,1.0,0.0,0.0576698469949215,953.2225941851776
1668677898.4919052,16514.73,-14.229999999999563,-13.50725673,-1.0625238800000003,1.0,0.0,952.40195226244,0.0,952.40195226244
1668677958.300639,16514.65,-0.0799999999981082,-13.24484497,0.2624117599999991,0.0,1.0,0.0,0.05767012635826,952.40195226244
1668678018.3491025,16509.24,-5.409999999999855,-13.6569548,-0.4121098299999985,1.0,0.0,952.0899568788404,0.0,952.0899568788404
1668678079.0243597,16515.3,6.059999999997672,-12.68066871,0.9762860899999986,0.0,1.0,0.0,0.0576489653157278,952.0899568788404
1668678138.970236,16525.99,10.690000000002328,-10.62775879,2.052909920000001,0.0,1.0,0.0,0.0576489653157278,952.7062243180644
1668678198.907844,16529.87,3.8799999999973807,-9.07962669,1.5481321,0.0,1.0,0.0,0.0576489653157278,952.9299023034896
1668678260.7395697,16524.41,-5.459999999999127,-8.79591595,0.2837107400000001,0.0,1.0,0.0,0.0576489653157278,952.6151389528655
1668678320.5522642,16535.03,10.61999999999898,-6.58550788,2.21040807,0.0,1.0,0.0,0.0576489653157278,953.2273709645186
1668678380.681725,16540.66,5.630000000001019,-4.64677514,1.93873274,0.0,1.0,0.0,0.0576489653157278,953.5519346392462
1668678441.3992677,16536.46,-4.200000000000728,-3.95294952,0.6938256199999997,0.0,1.0,0.0,0.0576489653157278,953.30980898492
1668678501.4128914,16523.54,-12.919999999998254,-4.99533831,-1.04238879,1.0,0.0,952.564984353041,0.0,952.564984353041
1668678561.0385897,16513.25,-10.290000000000871,-6.34580432,-1.35046601,1.0,0.0,952.564984353041,0.0,952.564984353041
1668678621.8006382,16501.28,-11.970000000001164,-8.46167206,-2.11586774,1.0,0.0,952.564984353041,0.0,952.564984353041
1668678681.8926315,16502.6,1.319999999999709,-9.10168591,-0.6400138500000008,1.0,0.0,952.564984353041,0.0,952.564984353041
1668678742.0523386,16489.18,-13.419999999998254,-11.35547192,-2.253786009999999,1.0,0.0,952.564984353041,0.0,952.564984353041
1668678802.9129024,16515.0,25.81999999999971,-8.59514637,2.7603255499999992,0.0,1.0,0.0,0.0576787759220733,952.564984353041
1668678862.5917132,16521.98,6.979999999999563,-6.86870707,1.7264393,0.0,1.0,0.0,0.0576787759220733,952.9675822089766
1668678922.606717,16531.85,9.86999999999898,-4.61025998,2.25844709,0.0,1.0,0.0,0.0576787759220733,953.5368717273274
1668678983.5619955,16525.6,-6.25,-4.23773468,0.3725253000000004,0.0,1.0,0.0,0.0576787759220733,953.1763793778144
1668679043.5591388,16521.23,-4.369999999998981,-4.10407518,0.1336595000000002,0.0,1.0,0.0,0.0576787759220733,952.9243231270352
1668679103.4322171,16523.77,2.540000000000873,-3.38259983,0.7214753499999995,0.0,1.0,0.0,0.0576787759220733,953.0708272178772
1668679164.2352755,16524.97,1.2000000000007276,-2.70415746,0.6784423700000004,0.0,1.0,0.0,0.0576787759220733,953.1400417489835
1668679224.2170546,16522.19,-2.780000000002474,-2.57529416,0.1288632999999999,0.0,1.0,0.0,0.0576787759220733,952.9796947519202
1668679284.2939117,16521.44,-0.75,-2.4122578,0.16303636,0.0,1.0,0.0,0.0576787759220733,952.9364356699788
1668679344.8901803,16519.31,-2.1299999999973807,-2.51126013,-0.0990023300000002,1.0,0.0,952.8135798772648,0.0,952.8135798772648
1668679404.9644358,16514.69,-4.620000000002619,-3.13068262,-0.6194224899999998,1.0,0.0,952.8135798772648,0.0,952.8135798772648
1668679465.0120282,16517.15,2.460000000002765,-2.89255888,0.2381237399999998,0.0,1.0,0.0,0.0576863187582158,952.8135798772648
1668679526.3607428,16508.21,-8.940000000002328,-4.09056047,-1.1980015899999996,1.0,0.0,952.2978641875656,0.0,952.2978641875656
1668679585.9065514,16509.54,1.3300000000017462,-4.30169379,-0.21113332,1.0,0.0,952.2978641875656,0.0,952.2978641875656
1668679645.887643,16523.78,14.239999999997965,-2.36282662,1.93886717,0.0,1.0,0.0,0.0576319621894969,952.2978641875656
1668679706.7523549,16524.14,0.3600000000005821,-1.71532114,0.64750548,0.0,1.0,0.0,0.0576319621894969,952.3186116939532
1668679766.7188969,16516.78,-7.360000000000582,-2.2513962,-0.5360750599999999,1.0,0.0,951.8944404522384,0.0,951.8944404522384
1668679826.7872713,16508.84,-7.93999999999869,-3.30816298,-1.0567667800000002,1.0,0.0,951.8944404522384,0.0,951.8944404522384
1668679888.8955998,16508.85,0.0099999999983992,-3.60075471,-0.2925917299999998,1.0,0.0,951.8944404522384,0.0,951.8944404522384
1668679947.5877287,16508.91,0.0600000000013096,-3.73798895,-0.1372342400000001,1.0,0.0,951.8944404522384,0.0,951.8944404522384
1668680007.6478224,16519.86,10.950000000000728,-2.27662289,1.46136606,0.0,1.0,0.0,0.0576212171563341,951.8944404522384
1668680068.9617455,16522.02,2.1599999999998545,-1.5110098,0.76561309,0.0,1.0,0.0,0.0576212171563341,952.0189022812953
1668680128.7892702,16531.2,9.180000000000293,0.26875774,1.77976754,0.0,1.0,0.0,0.0576212171563341,952.5478650547903
1668680188.7895305,16540.52,9.319999999999707,2.4038528,2.1350950600000003,0.0,1.0,0.0,0.0576212171563341,953.0848947986874
1668680249.9909315,16527.22,-13.299999999999272,1.60326678,-0.8005860200000001,1.0,0.0,952.318532610508,0.0,952.318532610508
1668680309.6201885,16530.45,3.2299999999995634,2.2287254,0.6254586200000001,0.0,1.0,0.0,0.0576099581445458,952.318532610508
1668680369.783739,16535.64,5.18999999999869,3.19128173,0.96255633,0.0,1.0,0.0,0.0576099581445458,952.6175282932774
1668680430.2234428,16538.8,3.1599999999998545,4.03373423,0.8424525000000003,0.0,1.0,0.0,0.0576099581445458,952.799575761014
1668680490.0887823,16530.36,-8.43999999999869,3.28970881,-0.7440254200000003,1.0,0.0,952.3133477142742,0.0,952.3133477142742
1668680550.2288637,16532.13,1.7700000000004366,3.44823249,0.15852368,0.0,1.0,0.0,0.0576037901779307,952.3133477142742
1668680610.9009278,16531.67,-0.4600000000027648,3.35623502,-0.0919974699999999,1.0,0.0,952.2868499707916,0.0,952.2868499707916
1668680671.042076,16537.59,5.920000000001892,4.14847948,0.7922444599999996,0.0,1.0,0.0,0.0575831696136372,952.2868499707916
1668680731.0846632,16546.5,8.909999999999854,5.5739508,1.4254713200000009,0.0,1.0,0.0,0.0575831696136372,952.799916012048
1668680792.3452497,16544.08,-2.4199999999982538,5.72766864,0.1537178399999996,0.0,1.0,0.0,0.0575831696136372,952.660564741583
1668680851.961688,16543.25,-0.8300000000017462,5.80320738,0.0755387399999998,0.0,1.0,0.0,0.0575831696136372,952.6127707108036
1668680912.0540297,16542.0,-1.25,5.63961028,-0.1635970999999996,1.0,0.0,952.5407917487864,0.0,952.5407917487864
1668680972.7772925,16536.58,-5.419999999998254,4.80598114,-0.8336291400000002,1.0,0.0,952.5407917487864,0.0,952.5407917487864
1668681032.8415122,16537.78,1.1999999999970896,4.60400251,-0.2019786300000001,1.0,0.0,952.5407917487864,0.0,952.5407917487864
1668681092.819271,16530.01,-7.770000000000437,3.24827189,-1.35573062,1.0,0.0,952.5407917487864,0.0,952.5407917487864
1668681153.5167437,16528.28,-1.7299999999995634,2.40515218,-0.8431197099999999,1.0,0.0,952.5407917487864,0.0,952.5407917487864
1668681213.5527668,16529.55,1.2700000000004366,2.01407903,-0.39107315,1.0,0.0,952.5407917487864,0.0,952.5407917487864
1668681273.5819826,16524.71,-4.8400000000001455,0.86928684,-1.14479219,1.0,0.0,952.5407917487864,0.0,952.5407917487864
1668681334.5314713,16524.94,0.2299999999995634,0.29747439,-0.57181245,1.0,0.0,952.5407917487864,0.0,952.5407917487864
1668681394.4487808,16518.57,-6.369999999998981,-1.06877077,-1.36624516,1.0,0.0,952.5407917487864,0.0,952.5407917487864
1668681454.455124,16517.57,-1.0,-1.84253608,-0.7737653099999999,1.0,0.0,952.5407917487864,0.0,952.5407917487864
1668681515.5801172,16522.75,5.180000000000291,-1.66113249,0.1814035899999999,0.0,1.0,0.0,0.0576502574782518,952.5407917487864
1668681575.5136707,16531.18,8.430000000000291,-0.63213848,1.02899401,0.0,1.0,0.0,0.0576502574782518,953.0267834193266
1668681635.3147857,16530.26,-0.9200000000018916,-0.41222882,0.2199096599999999,0.0,1.0,0.0,0.0576502574782518,952.9737451824466
1668681695.985136,16533.96,3.700000000000728,0.2809291,0.69315792,0.0,1.0,0.0,0.0576502574782518,953.187051135116
1668681756.2658577,16535.2,1.2400000000016007,0.83874993,0.55782083,0.0,1.0,0.0,0.0576502574782518,953.2585374543892
1668681816.0170822,16537.71,2.5099999999984,1.45684954,0.6180996100000001,0.0,1.0,0.0,0.0576502574782518,953.4032396006596
1668681877.131855,16544.53,6.819999999999709,2.7436067,1.2867571599999998,0.0,1.0,0.0,0.0576502574782518,953.7964143566612
1668681937.1164134,16552.38,7.850000000002183,4.4495095,1.7059027999999996,0.0,1.0,0.0,0.0576502574782518,954.2489688778657
1668681997.072085,16542.44,-9.940000000002328,3.7508252,-0.6986842999999996,1.0,0.0,953.6759253185317,0.0,953.6759253185317
1668682057.8979084,16540.9,-1.5399999999972351,3.60734991,-0.14347529,1.0,0.0,953.6759253185317,0.0,953.6759253185317
1668682117.8688622,16544.31,3.4099999999998545,4.03212639,0.4247764800000002,0.0,1.0,0.0,0.0576437412813548,953.6759253185317
1668682177.8990326,16547.6,3.289999999997235,4.53028797,0.4981615799999996,0.0,1.0,0.0,0.0576437412813548,953.8655732273464
1668682238.750856,16548.66,1.0600000000013097,4.85442887,0.3241408999999997,0.0,1.0,0.0,0.0576437412813548,953.9266755931048
1668682298.6835155,16533.75,-14.909999999999854,2.81997331,-2.03445556,1.0,0.0,953.0672074106,0.0,953.0672074106
1668682358.640989,16526.28,-7.470000000001164,1.17720398,-1.64276933,1.0,0.0,953.0672074106,0.0,953.0672074106
1668682419.469716,16533.72,7.440000000002328,1.32626134,0.14905736,0.0,1.0,0.0,0.0576438458744069,953.0672074106
1668682479.4698212,16540.86,7.139999999999418,1.93438506,0.60812372,0.0,1.0,0.0,0.0576438458744069,953.4787844701422
1668682539.563623,16533.21,-7.650000000001455,0.97532065,-0.95906441,1.0,0.0,953.0378090492028,0.0,953.0378090492028
1668682600.427025,16534.08,0.8700000000026193,0.75890908,-0.21641157,1.0,0.0,953.0378090492028,0.0,953.0378090492028
1668682660.4458046,16537.63,3.5499999999992724,1.03987177,0.2809626899999999,0.0,1.0,0.0,0.0576284394468374,953.0378090492028
1668682720.4740674,16531.96,-5.670000000001892,0.21225952,-0.8276122499999999,1.0,0.0,952.711055797538,0.0,952.711055797538
1668682781.2499428,16534.3,2.340000000000145,0.2472118,0.03495228,0.0,1.0,0.0,0.0576202836405253,952.711055797538
1668682841.3049188,16526.51,-7.790000000000873,-0.97568377,-1.22289557,1.0,0.0,952.2621937879776,0.0,952.2621937879776
1668682901.4349446,16537.66,11.150000000001455,0.18473397,1.16041774,0.0,1.0,0.0,0.0575814349664933,952.2621937879776
1668682961.9787288,16536.66,-1.0,0.19623838,0.0115044099999999,0.0,1.0,0.0,0.0575814349664933,952.2046123530112
1668683021.974786,16539.25,2.590000000000145,0.44951802,0.25327964,0.0,1.0,0.0,0.0575814349664933,952.3537482695745
1668683082.336068,16543.48,4.229999999999563,1.07502118,0.6255031600000001,0.0,1.0,0.0,0.0575814349664933,952.5973177394826
1668683143.2372923,16548.89,5.409999999999855,1.8437208,0.76869962,0.0,1.0,0.0,0.0575814349664933,952.9088333026514
1668683202.9926865,16550.93,2.040000000000873,2.75703503,0.91331423,0.0,1.0,0.0,0.0575814349664933,953.026299429983
1668683263.3169737,16578.17,27.239999999997963,5.7976472,3.04061217,0.0,1.0,0.0,0.0575814349664933,954.5948177184702
1668683324.1976042,16578.99,0.8200000000033469,7.95349263,2.1558454300000003,0.0,1.0,0.0,0.0575814349664933,954.6420344951428
1668683383.9356246,16580.68,1.6899999999986903,9.68967201,1.7361793800000005,0.0,1.0,0.0,0.0575814349664933,954.7393471202362
1668683443.7648127,16572.15,-8.529999999998836,10.23237909,0.5427070799999996,0.0,1.0,0.0,0.0575814349664933,954.248177479972
1668683504.465468,16575.12,2.969999999997526,10.8907999,0.6584208099999991,0.0,1.0,0.0,0.0575814349664933,954.4191943418224
1668683564.6438026,16591.58,16.460000000002765,12.77457831,1.8837784100000008,0.0,1.0,0.0,0.0575814349664933,955.3669847613712
1668683624.620793,16584.25,-7.330000000001746,12.89333777,0.1187594599999997,0.0,1.0,0.0,0.0575814349664933,954.9449128430664
1668683685.6396391,16579.46,-4.790000000000873,12.49009177,-0.4032460000000011,1.0,0.0,954.669097769577,0.0,954.669097769577
1668683745.3978484,16576.61,-2.849999999998545,11.80785471,-0.6822370599999985,1.0,0.0,954.669097769577,0.0,954.669097769577
1668683805.5320709,16574.95,-1.6599999999998545,11.22223446,-0.5856202500000016,1.0,0.0,954.669097769577,0.0,954.669097769577
1668683866.209603,16586.2,11.25,11.5529372,0.3307027400000013,0.0,1.0,0.0,0.057558036064293,954.669097769577
1668683926.2282286,16603.2,17.0,13.14119052,1.5882533199999995,0.0,1.0,0.0,0.057558036064293,955.6475843826696
1668683986.2568245,16596.45,-6.75,13.21722011,0.0760295899999992,0.0,1.0,0.0,0.057558036064293,955.2590676392356
1668684047.0306122,16578.9,-17.549999999999272,11.37322808,-1.843992029999999,1.0,0.0,954.2489241063072,0.0,954.2489241063072
1668684107.0075638,16578.62,-0.2800000000024738,10.56033937,-0.8128887100000011,1.0,0.0,954.2489241063072,0.0,954.2489241063072
1668684166.9980016,16578.15,-0.4699999999975262,9.72993605,-0.8304033200000003,1.0,0.0,954.2489241063072,0.0,954.2489241063072
1668684227.9020646,16566.08,-12.069999999999707,7.93780197,-1.7921340799999994,1.0,0.0,954.2489241063072,0.0,954.2489241063072
1668684287.7803612,16575.11,9.029999999998836,7.81371064,-0.1240913299999997,1.0,0.0,954.2489241063072,0.0,954.2489241063072
1668684408.7973518,16564.96,-10.150000000001455,5.25885581,-2.55485483,1.0,0.0,954.2489241063072,0.0,954.2489241063072
1668684468.7810826,16571.6,6.639999999999418,4.70966477,-0.5491910400000002,1.0,0.0,954.2489241063072,0.0,954.2489241063072
1668684528.975333,16567.66,-3.9399999999986894,3.51523944,-1.1944253299999996,1.0,0.0,954.2489241063072,0.0,954.2489241063072
1668684589.6911893,16566.55,-1.110000000000582,2.79649705,-0.7187423900000001,1.0,0.0,954.2489241063072,0.0,954.2489241063072
1668684649.7767496,16571.53,4.979999999999563,2.86058053,0.0640834799999998,0.0,1.0,0.0,0.0575836343479634,954.2489241063072
1668684709.45906,16566.0,-5.529999999998836,1.89862668,-0.96195385,1.0,0.0,953.9304866083618,0.0,953.9304866083618
1668684770.4177728,16572.07,6.069999999999709,1.93865665,0.0400299699999999,0.0,1.0,0.0,0.0575625426762234,953.9304866083618
1668684830.264825,16575.32,3.25,2.07339564,0.1347389900000002,0.0,1.0,0.0,0.0575625426762234,954.1175648720592
1668684890.1960156,16588.24,12.920000000001892,3.31099302,1.23759738,0.0,1.0,0.0,0.0575625426762234,954.861272923436
1668684951.5695784,16584.26,-3.9800000000032014,3.27068727,-0.0403057500000003,1.0,0.0,954.6321740035844,0.0,954.6321740035844
1668685010.6343024,16581.85,-2.4099999999998545,3.47808594,0.2073986700000003,0.0,1.0,0.0,0.0575709087950732,954.6321740035844
1668685070.3935385,16580.98,-0.8699999999989814,3.84975308,0.37166714,0.0,1.0,0.0,0.0575709087950732,954.5820873129328
1668685131.8057573,16575.3,-5.680000000000291,3.3286797,-0.5210733800000003,1.0,0.0,954.2550845509768,0.0,954.2550845509768
1668685190.245569,16576.09,0.7900000000008731,3.24644015,-0.0822395499999997,1.0,0.0,954.2550845509768,0.0,954.2550845509768
1668685250.2677748,16581.37,5.279999999998836,3.78942848,0.54298833,0.0,1.0,0.0,0.0575498336115156,954.2550845509768
1668685310.358059,16581.45,0.0800000000017462,3.7573975,-0.03203098,1.0,0.0,954.2596885376652,0.0,954.2596885376652
1668685370.3197532,16571.44,-10.010000000002035,2.29660078,-1.4607967200000005,1.0,0.0,954.2596885376652,0.0,954.2596885376652
1668685430.4816055,16570.08,-1.359999999996944,1.79670166,-0.4998991199999998,1.0,0.0,954.2596885376652,0.0,954.2596885376652
1668685490.308247,16580.7,10.61999999999898,2.6270234,0.83032174,0.0,1.0,0.0,0.0575524367811772,954.2596885376652
1668685550.393709,16585.8,5.099999999998545,3.1187852,0.4917617999999999,0.0,1.0,0.0,0.0575524367811772,954.5532059652488
1668685610.2613015,16581.73,-4.069999999999709,2.96334014,-0.1554450599999999,1.0,0.0,954.3189675475494,0.0,954.3189675475494
1668685670.4837005,16581.2,-0.5299999999988358,3.06620989,0.1028697499999999,0.0,1.0,0.0,0.0575542763821405,954.3189675475494
1668685730.3765066,16580.48,-0.7200000000011642,2.79210906,-0.2741008300000001,1.0,0.0,954.2775284685528,0.0,954.2775284685528
1668685790.651592,16587.74,7.260000000002037,3.41436583,0.6222567699999999,0.0,1.0,0.0,0.0575290864499053,954.2775284685528
1668685850.3819823,16594.13,6.389999999999418,4.21409185,0.79972602,0.0,1.0,0.0,0.0575290864499053,954.6451393309673
1668685910.7664905,16602.94,8.809999999997672,6.44157287,2.22748102,0.0,1.0,0.0,0.0575290864499053,955.1519705825906
1668685970.4304583,16588.97,-13.969999999997526,5.58697848,-0.8545943899999999,1.0,0.0,954.3482892448856,0.0,954.3482892448856
1668686030.1759825,16590.58,1.610000000000582,5.65785095,0.0708724700000003,0.0,1.0,0.0,0.0575235036535724,954.3482892448856
1668686090.5176487,16592.76,2.179999999996653,5.87823311,0.2203821599999997,0.0,1.0,0.0,0.0575235036535724,954.47369048285
1668686160.3230183,16595.55,2.790000000000873,6.1021351,0.2239019899999998,0.0,1.0,0.0,0.0575235036535724,954.6341810580434
1668686210.2289782,16586.14,-9.409999999999854,5.11060761,-0.9915274900000002,1.0,0.0,954.0928848886632,0.0,954.0928848886632
1668686280.3067424,16586.82,0.680000000000291,4.90887869,-0.2017289199999998,1.0,0.0,954.0928848886632,0.0,954.0928848886632
1668686330.272896,16589.42,2.599999999998545,4.3427061,-0.5661725899999999,1.0,0.0,954.0928848886632,0.0,954.0928848886632
1668686400.5640745,16594.88,5.460000000002765,4.66625243,0.3235463300000001,0.0,1.0,0.0,0.0574932078381201,954.0928848886632
1668686470.6279025,16602.86,7.979999999999563,5.2879676,0.6217151699999999,0.0,1.0,0.0,0.0574932078381201,954.5516806872108
1668686510.480093,16588.67,-14.190000000002328,4.22851216,-1.0594554399999998,1.0,0.0,953.7358520679876,0.0,953.7358520679876
1668686570.426099,16584.52,-4.149999999997817,2.96143538,-1.26707678,1.0,0.0,953.7358520679876,0.0,953.7358520679876
1668686630.5065222,16586.7,2.180000000000291,2.52441488,-0.4370205,1.0,0.0,953.7358520679876,0.0,953.7358520679876
1668686690.6991348,16587.21,0.5099999999983993,1.93579886,-0.5886160200000001,1.0,0.0,953.7358520679876,0.0,953.7358520679876
1668686750.274427,16589.6,2.389999999999418,2.01157891,0.0757800499999998,0.0,1.0,0.0,0.0574899848138585,953.7358520679876
1668686820.6325402,16583.39,-6.209999999999127,1.93347315,-0.0781057599999999,1.0,0.0,953.3788392622928,0.0,953.3788392622928
1668686870.5426877,16590.57,7.180000000000291,2.02338707,0.08991392,0.0,1.0,0.0,0.0574651045300006,953.3788392622928
1668686930.4103243,16585.16,-5.409999999999855,1.1455996,-0.8777874700000001,1.0,0.0,953.0679530467849,0.0,953.0679530467849
1668687000.4193175,16587.69,2.529999999998836,1.11495003,-0.03064957,1.0,0.0,953.0679530467849,0.0,953.0679530467849
1668687050.5200174,16590.17,2.4799999999995634,0.99661334,-0.1183366899999999,1.0,0.0,953.0679530467849,0.0,953.0679530467849
1668687110.348247,16589.75,-0.4199999999982537,1.22177113,0.22515779,0.0,1.0,0.0,0.0574492052651055,953.0679530467849
1668687170.4580493,16584.09,-5.659999999999855,0.43960434,-0.78216679,1.0,0.0,952.7427905449836,0.0,952.7427905449836
1668687230.280521,16582.94,-1.1500000000014552,-0.0623378,-0.5019421399999999,1.0,0.0,952.7427905449836,0.0,952.7427905449836
1668687290.439824,16576.06,-6.879999999997381,-1.03929808,-0.97696028,1.0,0.0,952.7427905449836,0.0,952.7427905449836
1668687350.2932937,16581.82,5.759999999998399,-0.89109081,0.14820727,0.0,1.0,0.0,0.0574570698840648,952.7427905449836
1668687410.3218565,16580.74,-1.0799999999981085,-1.0218284,-0.1307375899999999,1.0,0.0,952.6807369095088,0.0,952.6807369095088
1668687470.3896484,16574.91,-5.830000000001746,-1.97704044,-0.95521204,1.0,0.0,952.6807369095088,0.0,952.6807369095088
1668687530.2300143,16569.17,-5.740000000001601,-3.33931995,-1.3622795100000002,1.0,0.0,952.6807369095088,0.0,952.6807369095088
1668687590.267036,16573.45,4.280000000002474,-3.40169497,-0.0623750199999997,1.0,0.0,952.6807369095088,0.0,952.6807369095088
1668687650.7764077,16575.18,1.7299999999995634,-3.47415029,-0.0724553199999999,1.0,0.0,952.6807369095088,0.0,952.6807369095088
1668687710.428744,16572.85,-2.3300000000017462,-3.64858819,-0.1744379,1.0,0.0,952.6807369095088,0.0,952.6807369095088
1668687790.386747,16565.22,-7.629999999997381,-4.30935848,-0.6607702900000003,1.0,0.0,952.6807369095088,0.0,952.6807369095088
1668687830.3327637,16561.36,-3.860000000000582,-5.26277665,-0.95341817,1.0,0.0,952.6807369095088,0.0,952.6807369095088
1668687890.4962852,16553.58,-7.779999999998836,-6.4613938,-1.1986171499999996,1.0,0.0,952.6807369095088,0.0,952.6807369095088
1668687950.6792674,16567.91,14.329999999998108,-5.9450834,0.5163104000000001,0.0,1.0,0.0,0.0575015639817882,952.6807369095088
1668688010.544459,16568.97,1.0600000000013097,-5.68281477,0.2622686299999994,0.0,1.0,0.0,0.0575015639817882,952.7416885673292
1668688070.4647934,16571.84,2.8699999999989814,-4.97006445,0.7127503200000005,0.0,1.0,0.0,0.0575015639817882,952.906718055957
1668688140.635198,16570.61,-1.2299999999995634,-4.25685373,0.7132107200000002,0.0,1.0,0.0,0.0575015639817882,952.8359911322592
1668688190.5463538,16568.43,-2.180000000000291,-4.08403299,0.1728207399999997,0.0,1.0,0.0,0.0575015639817882,952.7106377227792
1668688250.2173698,16580.28,11.849999999998545,-2.67527994,1.40875305,0.0,1.0,0.0,0.0575015639817882,953.3920312559632
1668688310.4991174,16581.57,1.2900000000008731,-1.84200471,0.8332752299999997,0.0,1.0,0.0,0.0575015639817882,953.4662082734995
1668688380.4962173,16576.64,-4.930000000000291,-1.5510455,0.29095921,0.0,1.0,0.0,0.0575015639817882,953.1827255630694
1668688430.365239,16577.99,1.3500000000021828,-0.79451442,0.75653108,0.0,1.0,0.0,0.0575015639817882,953.260352674445
1668688490.5898693,16579.94,1.9499999999970896,-0.41164138,0.38287304,0.0,1.0,0.0,0.0575015639817882,953.3724807242094
1668688550.5642688,16580.72,0.7800000000024738,0.15902837,0.57066975,0.0,1.0,0.0,0.0575015639817882,953.4173319441152
1668688610.3731778,16578.02,-2.700000000000728,-0.13273337,-0.29176174,1.0,0.0,953.2620777213644,0.0,953.2620777213644
1668688670.4374633,16575.03,-2.9900000000016007,-0.30242082,-0.16968745,1.0,0.0,953.2620777213644,0.0,953.2620777213644
1668688730.2940094,16570.86,-4.169999999998254,-0.78521758,-0.48279676,1.0,0.0,953.2620777213644,0.0,953.2620777213644
1668688790.5289836,16569.87,-0.9900000000016008,-1.26923013,-0.48401255,1.0,0.0,953.2620777213644,0.0,953.2620777213644
1668688850.5309832,16562.46,-7.4099999999998545,-2.20360756,-0.93437743,1.0,0.0,953.2620777213644,0.0,953.2620777213644
1668688910.435245,16566.17,3.709999999999127,-2.62297555,-0.41936799,1.0,0.0,953.2620777213644,0.0,953.2620777213644
1668688970.4065893,16571.63,5.460000000002765,-2.297847,0.32512855,0.0,1.0,0.0,0.0575237365136298,953.2620777213644
1668689030.5670528,16562.86,-8.770000000000437,-2.80942848,-0.5115814799999998,1.0,0.0,952.7575945521384,0.0,952.7575945521384
1668689090.705001,16550.69,-12.170000000001892,-3.89322264,-1.08379416,1.0,0.0,952.7575945521384,0.0,952.7575945521384
1668689150.7807903,16552.12,1.430000000000291,-4.64411644,-0.7508938000000005,1.0,0.0,952.7575945521384,0.0,952.7575945521384
1668689210.4849167,16559.02,6.900000000001455,-4.69891441,-0.05479797,1.0,0.0,952.7575945521384,0.0,952.7575945521384
1668689270.9919822,16559.77,0.75,-4.85622431,-0.1573098999999995,1.0,0.0,952.7575945521384,0.0,952.7575945521384
1668689331.2982228,16560.12,0.3499999999985448,-4.739385,0.1168393099999995,0.0,1.0,0.0,0.0575332542609678,952.7575945521384
1668689390.6371307,16558.3,-1.819999999999709,-4.78711667,-0.0477316699999992,1.0,0.0,952.6528840293832,0.0,952.6528840293832
1668689450.6125677,16559.03,0.7299999999995634,-4.83364736,-0.0465306899999999,1.0,0.0,952.6528840293832,0.0,952.6528840293832
1668689510.7841697,16561.16,2.130000000001018,-4.26449592,0.5691514399999997,0.0,1.0,0.0,0.0575233186581968,952.6528840293832
1668689570.743106,16559.87,-1.2900000000008731,-4.09344913,0.1710467900000001,0.0,1.0,0.0,0.0575233186581968,952.5786789483134
1668689630.5539162,16558.92,-0.9500000000007276,-3.92569811,0.1677510199999998,0.0,1.0,0.0,0.0575233186581968,952.524031795588
1668689690.524712,16556.16,-2.7599999999984,-4.16521267,-0.2395145599999999,1.0,0.0,952.3652674360916,0.0,952.3652674360916
1668689750.9249558,16555.58,-0.5799999999981083,-4.13288975,0.0323229199999994,0.0,1.0,0.0,0.057525333901687,952.3652674360916
1668689810.722687,16563.33,7.75,-3.58512092,0.5477688300000003,0.0,1.0,0.0,0.057525333901687,952.8110887738294
1668689870.695292,16564.01,0.6799999999966531,-3.00334078,0.5817801400000002,0.0,1.0,0.0,0.057525333901687,952.8502060008824
1668689930.8728714,16560.81,-3.1999999999970896,-3.27360921,-0.2702684300000002,1.0,0.0,952.6661249323972,0.0,952.6661249323972
1668689990.6102808,16586.19,25.37999999999738,-0.14906958,3.12453963,0.0,1.0,0.0,0.0574373092875698,952.6661249323972
1668690050.6431851,16578.45,-7.739999999997963,0.32249187,0.47156145,0.0,1.0,0.0,0.0574373092875698,952.2215601585116
1668690110.5330124,16563.7,-14.75,-0.55916388,-0.88165575,1.0,0.0,951.37435984652,0.0,951.37435984652
1668690170.8528192,16564.4,0.7000000000007276,-0.47884015,0.0803237299999999,0.0,1.0,0.0,0.0574348820269083,951.37435984652
1668690230.6006994,16554.64,-9.760000000002035,-1.60896912,-1.13012897,1.0,0.0,950.8137953979372,0.0,950.8137953979372
1668690290.725937,16529.93,-24.709999999999127,-4.57213132,-2.9631622,1.0,0.0,950.8137953979372,0.0,950.8137953979372
1668690350.7646809,16539.08,9.150000000001455,-5.53129918,-0.95916786,1.0,0.0,950.8137953979372,0.0,950.8137953979372
1668690410.692929,16523.71,-15.37000000000262,-8.52147372,-2.990174539999999,1.0,0.0,950.8137953979372,0.0,950.8137953979372
1668690470.4947348,16532.23,8.520000000000437,-9.14736676,-0.6258930400000011,1.0,0.0,950.8137953979372,0.0,950.8137953979372
1668690530.5776763,16530.6,-1.6300000000010186,-9.38566696,-0.2383001999999994,1.0,0.0,950.8137953979372,0.0,950.8137953979372
1668690590.4664662,16531.18,0.5800000000017462,-9.85736159,-0.47169463,1.0,0.0,950.8137953979372,0.0,950.8137953979372
1668690650.6223762,16512.46,-18.720000000001164,-11.44845475,-1.5910931599999998,1.0,0.0,950.8137953979372,0.0,950.8137953979372
1668690710.813849,16513.27,0.8100000000013097,-12.60209341,-1.1536386600000004,1.0,0.0,950.8137953979372,0.0,950.8137953979372
1668690770.5814002,16505.23,-8.040000000000873,-14.52066609,-1.9185726800000005,1.0,0.0,950.8137953979372,0.0,950.8137953979372
1668690830.3888938,16509.12,3.889999999999418,-15.16427656,-0.6436104699999987,1.0,0.0,950.8137953979372,0.0,950.8137953979372
1668690890.5579677,16516.09,6.970000000001164,-14.31079757,0.8534789899999993,0.0,1.0,0.0,0.0575689400698311,950.8137953979372
1668690950.8878462,16498.18,-17.909999999999854,-15.44164733,-1.1308497600000005,1.0,0.0,949.782735681286,0.0,949.782735681286
1668691010.740276,16505.97,7.790000000000873,-14.78633772,0.6553096099999998,0.0,1.0,0.0,0.0575417703825516,949.782735681286
1668691071.081926,16489.35,-16.62000000000262,-16.76546209,-1.9791243699999992,1.0,0.0,948.8263914575272,0.0,948.8263914575272
1668691130.6385863,16479.78,-9.569999999999707,-18.18636184,-1.4208997500000002,1.0,0.0,948.8263914575272,0.0,948.8263914575272
1668691190.7168949,16458.77,-21.0099999999984,-21.40315438,-3.21679254,1.0,0.0,948.8263914575272,0.0,948.8263914575272
1668691251.0802896,16439.19,-19.580000000001743,-23.91629364,-2.513139259999999,1.0,0.0,948.8263914575272,0.0,948.8263914575272
1668691310.929701,16474.39,35.20000000000073,-22.6932212,1.2230724399999993,0.0,1.0,0.0,0.0575940226896126,948.8263914575272
1668691370.8791947,16493.67,19.27999999999884,-20.05833194,2.6348892600000013,0.0,1.0,0.0,0.0575940226896126,949.9368042149824
1668691430.7536664,16487.11,-6.559999999997672,-18.83940269,1.2189292499999986,0.0,1.0,0.0,0.0575940226896126,949.5589874261389
1668691490.6326108,16498.12,11.0099999999984,-17.02249189,1.8169107999999987,0.0,1.0,0.0,0.0575940226896126,950.1930976159514
1668691550.881714,16490.52,-7.599999999998545,-16.02214275,1.0003491400000009,0.0,1.0,0.0,0.0575940226896126,949.7553830435104
1668691610.5929296,16498.5,7.979999999999563,-14.54630677,1.4758359800000012,0.0,1.0,0.0,0.0575940226896126,950.2149833445734
1668691670.995892,16502.09,3.590000000000145,-12.51365182,2.0326549499999995,0.0,1.0,0.0,0.0575940226896126,950.4217458860292
1668691730.7490294,16511.24,9.150000000001455,-9.9693122,2.5443396200000006,0.0,1.0,0.0,0.0575940226896126,950.9487311936392
1668691790.8537474,16513.69,2.4499999999970896,-8.1652254,1.8040867999999983,0.0,1.0,0.0,0.0575940226896126,951.0898365492286
1668691850.700691,16521.92,8.229999999999563,-5.50720498,2.6580204200000006,0.0,1.0,0.0,0.0575940226896126,951.563835355964
1668691910.7291155,16521.27,-0.6499999999978172,-2.95315122,2.55405376,0.0,1.0,0.0,0.0575940226896126,951.526399241216
1668691970.7019317,16497.26,-24.01000000000204,-4.52085357,-1.5677023499999998,1.0,0.0,950.1435667564382,0.0,950.1435667564382
1668692030.7055075,16497.2,-0.0599999999976716,-4.86657471,-0.3457211400000002,1.0,0.0,950.1435667564382,0.0,950.1435667564382
1668692090.7485118,16491.54,-5.659999999999855,-5.25979833,-0.3932236199999996,1.0,0.0,950.1435667564382,0.0,950.1435667564382
1668692150.7158172,16477.09,-14.450000000000728,-6.6988973,-1.43909897,1.0,0.0,950.1435667564382,0.0,950.1435667564382
1668692210.9167645,16490.49,13.400000000001455,-6.02591523,0.6729820699999998,0.0,1.0,0.0,0.0576176673195543,950.1435667564382
1668692270.796441,16498.3,7.809999999997672,-4.89497848,1.13093675,0.0,1.0,0.0,0.0576176673195543,950.5935607382028
1668692331.1694703,16502.31,4.010000000002037,-4.14015944,0.7548190400000001,0.0,1.0,0.0,0.0576176673195543,950.824607584154
1668692390.7673705,16486.38,-15.930000000000293,-4.89806846,-0.7579090200000005,1.0,0.0,949.9067581437536,0.0,949.9067581437536
1668692451.0339968,16474.44,-11.940000000002328,-6.56043971,-1.6623712499999996,1.0,0.0,949.9067581437536,0.0,949.9067581437536
1668692510.952057,16473.84,-0.5999999999985448,-7.65796008,-1.0975203699999998,1.0,0.0,949.9067581437536,0.0,949.9067581437536
1668692571.3571024,16462.31,-11.529999999998836,-10.07906394,-2.42110386,1.0,0.0,949.9067581437536,0.0,949.9067581437536
1668692630.5581212,16467.13,4.819999999999709,-10.61474146,-0.5356775200000001,1.0,0.0,949.9067581437536,0.0,949.9067581437536
1668692690.6843326,16473.82,6.68999999999869,-10.4266496,0.1880918600000001,0.0,1.0,0.0,0.0576615962869421,949.9067581437536
1668692750.8110228,16479.89,6.069999999999709,-9.32394148,1.102708119999999,0.0,1.0,0.0,0.0576615962869421,950.2567640332142
1668692810.723272,16467.9,-11.989999999997965,-9.90729393,-0.5833524499999996,1.0,0.0,949.5654014937338,0.0,949.5654014937338
1668692870.798669,16478.7,10.799999999999272,-9.06794696,0.8393469699999994,0.0,1.0,0.0,0.0576238053665479,949.5654014937338
1668692930.9498944,16474.83,-3.869999999998981,-8.14450411,0.9234428500000008,0.0,1.0,0.0,0.0576238053665479,949.3423973669644
1668692991.191834,16452.82,-22.01000000000204,-10.49886839,-2.3543642800000004,1.0,0.0,948.0740974108468,0.0,948.0740974108468
1668693051.0615604,16472.34,19.52000000000044,-8.91044656,1.5884218299999997,0.0,1.0,0.0,0.0575555201878328,948.0740974108468
1668693110.5951552,16473.32,0.9799999999995634,-8.62341801,0.2870285500000005,0.0,1.0,0.0,0.0575555201878328,948.1305018206298
1668693170.8710308,16468.53,-4.790000000000873,-8.44182573,0.1815922800000002,0.0,1.0,0.0,0.0575555201878328,947.85481087893
1668693230.9296386,16480.48,11.950000000000728,-7.2538526,1.1879731299999996,0.0,1.0,0.0,0.0575555201878328,948.5425993451746
1668693290.757519,16488.45,7.970000000001164,-5.33800813,1.91584447,0.0,1.0,0.0,0.0575555201878328,949.0013168410716
1668693351.020531,16479.24,-9.209999999999129,-4.79815917,0.5398489600000005,0.0,1.0,0.0,0.0575555201878328,948.4712305001418
1668693410.8090627,16486.51,7.269999999996799,-3.69850757,1.0996516,0.0,1.0,0.0,0.0575555201878328,948.8896591319073
1668693470.8449814,16492.51,6.0,-2.2876676,1.41083997,0.0,1.0,0.0,0.0575555201878328,949.2349922530342
1668693530.8111134,16494.93,2.420000000001892,-0.55756823,1.7300993699999998,0.0,1.0,0.0,0.0575555201878328,949.3742766118888
1668693590.9744897,16498.67,3.7399999999979614,0.57591728,1.13348551,0.0,1.0,0.0,0.0575555201878328,949.5895342573912
1668693650.620113,16488.38,-10.289999999997235,0.26779495,-0.30812233,1.0,0.0,948.9972879546586,0.0,948.9972879546586
1668693710.974431,16497.94,9.559999999997672,1.27258799,1.00479304,0.0,1.0,0.0,0.0575221687043751,948.9972879546586
1668693770.7844708,16507.08,9.140000000003056,2.84069195,1.5681039600000002,0.0,1.0,0.0,0.0575221687043751,949.5230405766162
1668693831.0212207,16506.71,-0.3700000000026193,4.13299236,1.2923004100000002,0.0,1.0,0.0,0.0575221687043751,949.5017573741954
1668693890.966,16511.59,4.880000000001019,5.21228697,1.0792946099999998,0.0,1.0,0.0,0.0575221687043751,949.7824655574728
1668693950.6796198,16507.34,-4.25,5.29076508,0.0784781099999998,0.0,1.0,0.0,0.0575221687043751,949.5379963404793
1668694010.9950566,16505.12,-2.220000000001164,5.40816076,0.1173956800000004,0.0,1.0,0.0,0.0575221687043751,949.4102971259556
1668694070.5972471,16489.46,-15.659999999999854,3.92154101,-1.4866197500000005,1.0,0.0,948.509499964045,0.0,948.509499964045
1668694130.9142718,16488.02,-1.4399999999986903,2.70917963,-1.21236138,1.0,0.0,948.509499964045,0.0,948.509499964045
1668694190.6910484,16489.32,1.2999999999992724,2.14267164,-0.5665079899999999,1.0,0.0,948.509499964045,0.0,948.509499964045
1668694250.8033066,16485.42,-3.900000000001455,1.40444018,-0.7382314600000002,1.0,0.0,948.509499964045,0.0,948.509499964045
1668694310.882762,16487.04,1.6200000000026191,0.6428955,-0.76154468,1.0,0.0,948.509499964045,0.0,948.509499964045
1668694370.7305112,16485.28,-1.7600000000020373,-0.04922977,-0.6921252699999999,1.0,0.0,948.509499964045,0.0,948.509499964045
1668694430.6153333,16485.85,0.569999999999709,-0.5752459,-0.52601613,1.0,0.0,948.509499964045,0.0,948.509499964045
1668694490.6866574,16497.9,12.05000000000291,0.87189867,1.44714457,0.0,1.0,0.0,0.057492741498254,948.509499964045
1668694550.7702434,16517.24,19.340000000000146,3.2891661,2.41726743,0.0,1.0,0.0,0.057492741498254,949.621409584621
1668694610.7108836,16519.86,2.6199999999989814,4.91467327,1.6255071699999997,0.0,1.0,0.0,0.057492741498254,949.7720405673464
1668694670.7423096,16497.46,-22.40000000000145,3.67469241,-1.2399808599999995,1.0,0.0,948.4842031577854,0.0,948.4842031577854
1668694731.156351,16494.48,-2.9799999999995634,2.86163034,-0.81306207,1.0,0.0,948.4842031577854,0.0,948.4842031577854
1668694791.1888871,16489.6,-4.880000000001019,2.14387329,-0.7177570499999999,1.0,0.0,948.4842031577854,0.0,948.4842031577854
1668694851.2304986,16497.99,8.390000000003056,1.96696128,-0.1769120100000001,1.0,0.0,948.4842031577854,0.0,948.4842031577854
1668694911.8959675,16501.4,3.4099999999998545,2.27132435,0.3043630699999999,0.0,1.0,0.0,0.0574790140932154,948.4842031577854
1668694971.9651515,16483.82,-17.580000000001746,0.27981248,-1.99151187,1.0,0.0,947.473722090026,0.0,947.473722090026
1668695031.9706776,16484.0,0.180000000000291,-0.52745191,-0.80726439,1.0,0.0,947.473722090026,0.0,947.473722090026
1668695093.285854,16483.05,-0.9500000000007276,-1.39353849,-0.86608658,1.0,0.0,947.473722090026,0.0,947.473722090026
1668695190.4433608,16467.73,-15.319999999999707,-3.32150303,-1.92796454,1.0,0.0,947.473722090026,0.0,947.473722090026
1668695213.4060552,16473.87,6.139999999999418,-4.06725921,-0.7457561799999994,1.0,0.0,947.473722090026,0.0,947.473722090026
1668695276.342423,16480.46,6.5900000000001455,-4.62004273,-0.5527835200000002,1.0,0.0,947.473722090026,0.0,947.473722090026
1668695336.2286272,16484.76,4.299999999999272,-4.45035101,0.1696917199999994,0.0,1.0,0.0,0.0574757365038997,947.473722090026
1668695396.2381532,16483.24,-1.5199999999967986,-4.01810106,0.4322499500000001,0.0,1.0,0.0,0.0574757365038997,947.3863589705396
1668695456.8841906,16487.86,4.619999999998981,-3.18090476,0.8371963,0.0,1.0,0.0,0.0574757365038997,947.6518968731878
1668695517.103133,16508.78,20.919999999998254,-0.0687063,3.11219846,0.0,1.0,0.0,0.0574757365038997,948.8542892808492
1668695577.0013032,16511.98,3.200000000000728,2.23864169,2.30734799,0.0,1.0,0.0,0.0574757365038997,949.0382116376616
1668695637.8453226,16504.75,-7.229999999999563,2.76758247,0.5289407799999997,0.0,1.0,0.0,0.0574757365038997,948.6226620627384
1668695697.956525,16508.44,3.6899999999986894,3.84426108,1.07667861,0.0,1.0,0.0,0.0574757365038997,948.834747530438
1668695757.8649054,16513.34,4.900000000001455,4.96037362,1.1161125400000005,0.0,1.0,0.0,0.0574757365038997,949.1163786393072
1668695818.751245,16516.21,2.8699999999989814,5.85123034,0.8908567199999995,0.0,1.0,0.0,0.0574757365038997,949.2813340030732
1668695878.7188692,16507.11,-9.099999999998545,6.18671217,0.33548183,0.0,1.0,0.0,0.0574757365038997,948.7583048008878
1668695938.7482023,16507.7,0.5900000000001455,5.75726208,-0.4294500899999995,1.0,0.0,948.7922154854252,0.0,948.7922154854252
1668695999.5113833,16498.85,-8.850000000002183,4.86839474,-0.88886734,1.0,0.0,948.7922154854252,0.0,948.7922154854252
1668696059.5388455,16506.9,8.05000000000291,4.81021643,-0.0581783100000006,1.0,0.0,948.7922154854252,0.0,948.7922154854252
1668696119.4846687,16507.42,0.5199999999967986,4.97144299,0.1612265600000002,0.0,1.0,0.0,0.0574767114113183,948.7922154854252
1668696180.453142,16523.75,16.330000000001746,6.42022838,1.4487853900000005,0.0,1.0,0.0,0.0574767114113183,949.7308101827708
1668696240.391863,16522.37,-1.3800000000010186,6.59489976,0.1746713799999995,0.0,1.0,0.0,0.0574767114113183,949.651492321023
1668696300.3706512,16531.47,9.100000000002185,8.0111431,1.4162433400000003,0.0,1.0,0.0,0.0574767114113183,950.1745303948662
1668696361.4498334,16531.94,0.4699999999975262,9.29710412,1.2859610200000002,0.0,1.0,0.0,0.0574767114113183,950.2015444492292
1668696421.42581,16549.3,17.360000000000582,11.69382731,2.3967231899999994,0.0,1.0,0.0,0.0574767114113183,951.1993401593298
1668696481.4431703,16535.36,-13.93999999999869,11.52643168,-0.1673956299999996,1.0,0.0,950.398114802256,0.0,950.398114802256
1668696542.3231485,16542.17,6.809999999997672,12.41583248,0.8894008000000007,0.0,1.0,0.0,0.0574530496786247,950.398114802256
1668696602.496025,16540.26,-1.9099999999998545,12.3141981,-0.1016343800000001,1.0,0.0,950.2883794773688,0.0,950.2883794773688
1668696662.8426366,16549.05,8.790000000000873,13.30765244,0.9934543399999995,0.0,1.0,0.0,0.0574225335881738,950.2883794773688
1668696723.6297486,16543.32,-5.729999999999563,12.85482036,-0.4528320800000003,1.0,0.0,949.9593483599074,0.0,949.9593483599074
1668696783.150535,16531.86,-11.459999999999129,11.61868378,-1.2361365800000002,1.0,0.0,949.9593483599074,0.0,949.9593483599074
1668696843.2541168,16526.55,-5.31000000000131,9.84410178,-1.7745819999999988,1.0,0.0,949.9593483599074,0.0,949.9593483599074
1668696919.3912325,16517.17,-9.38000000000102,5.95917086,-3.88493092,1.0,0.0,949.9593483599074,0.0,949.9593483599074
1668696966.0739806,16519.75,2.5800000000017462,6.16498283,0.2058119699999991,0.0,1.0,0.0,0.0575044627406533,949.9593483599074
1668697026.157273,16518.23,-1.5200000000004366,5.22599919,-0.93898364,1.0,0.0,949.8719415765416,0.0,949.8719415765416
1668697087.054316,16511.9,-6.329999999998108,2.24929201,-2.97670718,1.0,0.0,949.8719415765416,0.0,949.8719415765416
1668697147.1322076,16515.71,3.809999999997672,2.55322364,0.3039316300000001,0.0,1.0,0.0,0.057513236886367,949.8719415765416
1668697207.2340398,16511.76,-3.950000000000728,1.17713457,-1.37608907,1.0,0.0,949.6447642908392,0.0,949.6447642908392
1668697267.7769604,16512.67,0.9099999999998544,0.36492839,-0.81220618,1.0,0.0,949.6447642908392,0.0,949.6447642908392
1668697327.7179945,16514.75,2.0800000000017462,-0.08759165,-0.45252004,1.0,0.0,949.6447642908392,0.0,949.6447642908392
1668697387.945573,16512.21,-2.540000000000873,-0.57582177,-0.48823012,1.0,0.0,949.6447642908392,0.0,949.6447642908392
1668697449.5936947,16514.95,2.7400000000016007,-1.14297916,-0.5671573900000001,1.0,0.0,949.6447642908392,0.0,949.6447642908392
1668697509.578457,16525.15,10.200000000000728,-0.32489752,0.8180816400000002,0.0,1.0,0.0,0.0574666350557083,949.6447642908392
1668697569.528383,16523.39,-1.7600000000020373,-0.00347476,0.32142276,0.0,1.0,0.0,0.0574666350557083,949.54362301314
1668697630.5677345,16530.65,7.260000000002037,2.24797437,2.25144913,0.0,1.0,0.0,0.0574666350557083,949.9608307836444
1668697690.265147,16535.04,4.389999999999418,2.59817381,0.3501994399999999,0.0,1.0,0.0,0.0574666350557083,950.213109311539
1668697750.2864077,16536.76,1.7199999999975262,3.52821702,0.93004321,0.0,1.0,0.0,0.0574666350557083,950.3119519238348
1668697811.321109,16533.41,-3.349999999998545,3.93767575,0.4094587299999999,0.0,1.0,0.0,0.0574666350557083,950.1194386963982
1668697870.941326,16526.68,-6.729999999999563,3.2327541,-0.7049216499999997,1.0,0.0,949.7326882424732,0.0,949.7326882424732
1668697931.2220857,16531.19,4.509999999998399,3.93263227,0.6998781699999999,0.0,1.0,0.0,0.0574509571447955,949.7326882424732
1668697991.9659011,16525.13,-6.059999999997672,3.4486661,-0.48396617,1.0,0.0,949.3845354421744,0.0,949.3845354421744
1668698051.824576,16526.32,1.1899999999986903,2.89935627,-0.5493098299999999,1.0,0.0,949.3845354421744,0.0,949.3845354421744
1668698111.8306572,16531.24,4.920000000001892,3.28761642,0.3882601499999998,0.0,1.0,0.0,0.0574297230844252,949.3845354421744
1668698172.7698472,16531.74,0.5,3.18689802,-0.1007183999999998,1.0,0.0,949.4132503037156,0.0,949.4132503037156
1668698232.7563756,16546.67,14.929999999996651,5.26632003,2.07942201,0.0,1.0,0.0,0.057377904454716,949.4132503037156
1668698292.8868606,16600.51,53.84000000000015,13.47793922,8.21161919,0.0,1.0,0.0,0.057377904454716,952.5024766795574
1668698353.5987394,16598.77,-1.7399999999979627,16.12075605,2.642816830000001,0.0,1.0,0.0,0.057377904454716,952.4026391258064
1668698413.634838,16601.31,2.540000000000873,18.47112523,2.3503691799999977,0.0,1.0,0.0,0.057377904454716,952.5483790031212
1668698473.5753298,16659.74,58.43000000000029,28.20752189,9.73639666,0.0,1.0,0.0,0.057377904454716,955.9009699604104
1668698534.4673965,16674.01,14.2699999999968,33.78484778,5.577325890000001,0.0,1.0,0.0,0.057377904454716,956.719752656979
1668698594.540705,16691.72,17.710000000002765,39.47744617,5.692598390000001,0.0,1.0,0.0,0.057377904454716,957.7359153448724
1668698654.4610522,16689.18,-2.540000000000873,39.27482509,-0.2026210800000001,1.0,0.0,957.5901754675572,0.0,957.5901754675572
1668698715.638104,16697.75,8.569999999999709,45.07473998,5.799914889999997,0.0,1.0,0.0,0.0573484556582507,957.5901754675572
1668698775.8744645,16693.63,-4.119999999998981,44.74607901,-0.3286609699999943,1.0,0.0,957.3538998302436,0.0,957.3538998302436
1668698835.9835403,16665.31,-28.31999999999971,42.10077624,-2.6453027700000007,1.0,0.0,957.3538998302436,0.0,957.3538998302436
1668698896.9191363,16672.15,6.8400000000001455,40.28782401,-1.8129522300000005,1.0,0.0,957.3538998302436,0.0,957.3538998302436
1668698956.4275365,16673.46,1.3099999999976717,39.31213538,-0.9756886300000004,1.0,0.0,957.3538998302436,0.0,957.3538998302436
1668699016.586323,16674.11,0.6500000000014552,38.0478422,-1.2642931800000028,1.0,0.0,957.3538998302436,0.0,957.3538998302436
1668699077.5812702,16642.78,-31.330000000001743,32.20777768,-5.840064519999999,1.0,0.0,957.3538998302436,0.0,957.3538998302436
1668699137.509999,16641.63,-1.1499999999978172,28.96324275,-3.2445349300000004,1.0,0.0,957.3538998302436,0.0,957.3538998302436
1668699197.467246,16640.73,-0.9000000000014552,26.14115099,-2.82209176,1.0,0.0,957.3538998302436,0.0,957.3538998302436
1668699259.0657265,16646.59,5.860000000000582,24.45433982,-1.6868111699999986,1.0,0.0,957.3538998302436,0.0,957.3538998302436
1668699319.1190748,16631.4,-15.18999999999869,20.38919537,-4.065144450000002,1.0,0.0,957.3538998302436,0.0,957.3538998302436
1668699379.075393,16623.28,-8.12000000000262,16.77576287,-3.6134324999999983,1.0,0.0,957.3538998302436,0.0,957.3538998302436
1668699440.035954,16627.48,4.200000000000728,14.80226798,-1.973494890000001,1.0,0.0,957.3538998302436,0.0,957.3538998302436
1668699500.4650595,16636.81,9.330000000001746,14.14380986,-0.6584581200000006,1.0,0.0,957.3538998302436,0.0,957.3538998302436
1668699559.9394407,16646.85,10.039999999997235,14.30289998,0.1590901200000001,0.0,1.0,0.0,0.0575096129195759,957.3538998302436
1668699620.7471414,16645.71,-1.139999999999418,13.48575354,-0.8171464400000001,1.0,0.0,957.2883388715136,0.0,957.2883388715136
1668699680.9994133,16664.55,18.840000000000146,15.41637409,1.9306205500000004,0.0,1.0,0.0,0.0574445957959569,957.2883388715136
1668699740.8903832,16648.81,-15.739999999997965,13.30948177,-2.10689232,1.0,0.0,956.3841609336852,0.0,956.3841609336852
1668699801.5916204,16648.64,-0.1700000000018917,12.5086927,-0.8007890700000004,1.0,0.0,956.3841609336852,0.0,956.3841609336852
1668699861.5388508,16652.11,3.470000000001164,12.23989741,-0.2687952899999999,1.0,0.0,956.3841609336852,0.0,956.3841609336852
1668699922.1119266,16654.15,2.040000000000873,11.96132303,-0.2785743799999984,1.0,0.0,956.3841609336852,0.0,956.3841609336852
1668699982.6670356,16644.14,-10.010000000002035,10.0648338,-1.89648923,1.0,0.0,956.3841609336852,0.0,956.3841609336852
1668700042.7542236,16637.94,-6.200000000000728,8.21282895,-1.85200485,1.0,0.0,956.3841609336852,0.0,956.3841609336852
1668700103.048971,16610.77,-27.169999999998254,3.26480077,-4.9480281800000006,1.0,0.0,956.3841609336852,0.0,956.3841609336852
1668700163.6768808,16593.59,-17.18000000000029,-1.43018612,-4.69498689,1.0,0.0,956.3841609336852,0.0,956.3841609336852
1668700223.6735115,16568.24,-25.349999999998545,-7.56021257,-6.13002645,1.0,0.0,956.3841609336852,0.0,956.3841609336852
1668700283.40107,16558.7,-9.540000000000871,-12.08351924,-4.523306669999999,1.0,0.0,956.3841609336852,0.0,956.3841609336852
1668700344.5131576,16522.41,-36.29000000000087,-19.96315751,-7.879638269999999,1.0,0.0,956.3841609336852,0.0,956.3841609336852
1668700404.5971303,16520.92,-1.4900000000016007,-23.94681066,-3.983653150000002,1.0,0.0,956.3841609336852,0.0,956.3841609336852
1668700464.311863,16539.32,18.40000000000145,-24.13788441,-0.191073750000001,1.0,0.0,956.3841609336852,0.0,956.3841609336852
1668700525.4752932,16522.93,-16.389999999999418,-27.40693291,-3.2690484999999967,1.0,0.0,956.3841609336852,0.0,956.3841609336852
1668700585.525066,16547.15,24.220000000001164,-25.26801596,2.1389169499999987,0.0,1.0,0.0,0.0577975156406804,956.3841609336852
1668700645.6264465,16536.36,-10.790000000000871,-26.20876861,-0.9407526500000004,1.0,0.0,955.7605257399216,0.0,955.7605257399216
1668700706.5063772,16553.19,16.82999999999811,-23.67171971,2.5370488999999985,0.0,1.0,0.0,0.0577387516085976,955.7605257399216
1668700766.562493,16548.04,-5.149999999997817,-23.19037346,0.4813462500000014,0.0,1.0,0.0,0.0577387516085976,955.4631711691376
1668700826.7312982,16534.61,-13.430000000000293,-23.99625854,-0.8058850799999995,1.0,0.0,954.687739735034,0.0,954.687739735034
1668700887.2591634,16555.42,20.80999999999767,-20.70493162,3.2913269199999995,0.0,1.0,0.0,0.0576661745660958,954.687739735034
1668700947.5446508,16526.28,-29.13999999999941,-23.17902374,-2.4740921200000017,1.0,0.0,953.0073474081776,0.0,953.0073474081776
1668701007.6505551,16539.8,13.520000000000437,-21.25330945,1.925714290000002,0.0,1.0,0.0,0.0576190369537828,953.0073474081776
1668701068.85682,16549.75,9.950000000000728,-18.86996338,2.383346069999998,0.0,1.0,0.0,0.0576190369537828,953.5806568258668
1668701128.773496,16538.17,-11.580000000001746,-19.18178725,-0.3118238699999978,1.0,0.0,952.913428377942,0.0,952.913428377942
1668701188.8445628,16540.04,1.87000000000262,-18.21785359,0.9639336599999986,0.0,1.0,0.0,0.0576125226044158,952.913428377942
1668701249.621896,16554.55,14.5099999999984,-15.2569789,2.9608746900000007,0.0,1.0,0.0,0.0576125226044158,953.7493860809316
1668701309.3726754,16587.25,32.70000000000073,-9.04765083,6.20932807,0.0,1.0,0.0,0.0576125226044158,955.633315570096
1668701369.6333542,16580.86,-6.389999999999418,-7.02672524,2.02092559,0.0,1.0,0.0,0.0576125226044158,955.2651715506538
1668701430.5964217,16566.25,-14.610000000000582,-7.10684046,-0.0801152199999997,1.0,0.0,954.4234525954032,0.0,954.4234525954032
1668701490.3395493,16570.15,3.900000000001455,-5.5448226,1.56201786,0.0,1.0,0.0,0.0575989627490036,954.4234525954032
1668701550.4697406,16578.83,8.680000000000291,-3.27517718,2.26964542,0.0,1.0,0.0,0.0575989627490036,954.9234115920634
1668701611.1383986,16565.09,-13.7400000000016,-3.9450731,-0.6698959200000001,1.0,0.0,954.132001843892,0.0,954.132001843892
1668701671.2144542,16571.7,6.610000000000582,-2.68846724,1.25660586,0.0,1.0,0.0,0.0575759880907747,954.132001843892
1668701731.0612252,16599.82,28.11999999999898,1.9468069,4.63527414,0.0,1.0,0.0,0.0575759880907747,955.7510386290036
1668701792.136204,16576.36,-23.459999999999127,0.48239638,-1.46441052,1.0,0.0,954.400305948394,0.0,954.400305948394
1668701852.193468,16584.06,7.700000000000728,1.82209175,1.33969537,0.0,1.0,0.0,0.0575492554867984,954.400305948394
1668701912.1179454,16590.57,6.509999999998399,3.34385569,1.5217639399999998,0.0,1.0,0.0,0.0575492554867984,954.7749516016128
1668701973.014761,16596.35,5.779999999998836,4.97795128,1.6340955900000005,0.0,1.0,0.0,0.0575492554867984,955.1075862983264
1668702033.0347164,16579.52,-16.82999999999811,3.39986956,-1.57808172,1.0,0.0,954.1390323284838,0.0,954.1390323284838
1668702093.0429842,16567.13,-12.389999999999418,1.52612928,-1.87374028,1.0,0.0,954.1390323284838,0.0,954.1390323284838
1668702154.0543957,16579.1,11.969999999997526,2.40530181,0.8791725300000002,0.0,1.0,0.0,0.0575507133878487,954.1390323284838
1668702213.889777,16573.92,-5.180000000000291,1.58569973,-0.8196020800000001,1.0,0.0,953.8409196331332,0.0,953.8409196331332
1668702274.0080652,16570.69,-3.2299999999995634,0.73535815,-0.8503415799999999,1.0,0.0,953.8409196331332,0.0,953.8409196331332
1668702334.969144,16583.03,12.340000000000146,1.99926523,1.26390708,0.0,1.0,0.0,0.0575190975131283,953.8409196331332
1668702395.0646017,16595.3,12.270000000000437,4.04614296,2.0468777300000003,0.0,1.0,0.0,0.0575190975131283,954.546678959618
1668702454.872724,16595.71,0.4099999999998545,4.84480245,0.7986594900000004,0.0,1.0,0.0,0.0575190975131283,954.5702617895984
1668702515.7578351,16614.18,18.470000000001164,8.00066177,3.15585932,0.0,1.0,0.0,0.0575190975131283,955.632639520666
1668702575.8393607,16615.51,1.3299999999981085,9.41567197,1.415010199999999,0.0,1.0,0.0,0.0575190975131283,955.7091399203584
1668702635.7459357,16616.96,1.4500000000007276,10.55609369,1.1404217200000009,0.0,1.0,0.0,0.0575190975131283,955.7925426117524
1668702696.7406838,16608.29,-8.669999999998254,9.99555223,-0.5605414600000014,1.0,0.0,955.2938520363138,0.0,955.2938520363138
1668702756.7236338,16610.64,2.349999999998545,10.2278544,0.2323021700000005,0.0,1.0,0.0,0.0575109599651978,955.2938520363138
1668702816.8809683,16622.92,12.279999999998836,11.98529159,1.7574371899999992,0.0,1.0,0.0,0.0575109599651978,956.0000866246857
1668702877.6235533,16627.37,4.450000000000728,13.07036554,1.08507395,0.0,1.0,0.0,0.0575109599651978,956.2560103965308
1668702937.6677368,16627.57,0.2000000000007276,13.52544439,0.4550788500000013,0.0,1.0,0.0,0.0575109599651978,956.267512588524
1668702997.777026,16629.12,1.5499999999992724,13.9344635,0.4090191099999991,0.0,1.0,0.0,0.0575109599651978,956.35665457647
1668703058.6818163,16643.12,14.0,16.08117937,2.1467158700000013,0.0,1.0,0.0,0.0575109599651978,957.1618080159828
1668703118.566605,16640.97,-2.149999999997817,16.29652156,0.2153421899999976,0.0,1.0,0.0,0.0575109599651978,957.0381594520576
1668703178.578676,16644.26,3.289999999997235,16.87897811,0.5824565499999999,0.0,1.0,0.0,0.0575109599651978,957.227370510343
1668703239.3188522,16634.44,-9.819999999999707,15.50050628,-1.3784718299999987,1.0,0.0,956.6626128834848,0.0,956.6626128834848
1668703299.8408,16616.41,-18.02999999999884,12.35821699,-3.142289289999999,1.0,0.0,956.6626128834848,0.0,956.6626128834848
1668703359.3673685,16632.25,15.840000000000146,13.05623688,0.6980198899999994,0.0,1.0,0.0,0.0575185325427097,956.6626128834848
1668703420.3993387,16639.47,7.220000000001164,13.62205318,0.5658162999999998,0.0,1.0,0.0,0.0575185325427097,957.0778966884418
1668703480.3369062,16633.81,-5.659999999999855,12.58688703,-1.0351661500000002,1.0,0.0,956.75234179425,0.0,956.75234179425
1668703540.2659268,16632.51,-1.3000000000029104,11.80239501,-0.7844920200000001,1.0,0.0,956.75234179425,0.0,956.75234179425
1668703601.3414078,16646.69,14.180000000000293,13.19446508,1.3920700700000008,0.0,1.0,0.0,0.0574740288786689,956.75234179425
1668703661.1765478,16670.18,23.4900000000016,16.5855432,3.3910781199999995,0.0,1.0,0.0,0.0574740288786689,958.1024067326088
1668703721.085262,16649.26,-20.92000000000189,14.50738727,-2.0781559299999994,1.0,0.0,956.9000500484668,0.0,956.9000500484668
1668703781.9449508,16649.23,-0.0299999999988358,14.06031288,-0.4470743900000009,1.0,0.0,956.9000500484668,0.0,956.9000500484668
1668703842.0128446,16634.68,-14.549999999999272,11.41916764,-2.64114524,1.0,0.0,956.9000500484668,0.0,956.9000500484668
1668703902.0406992,16649.05,14.36999999999898,12.27255247,0.8533848300000013,0.0,1.0,0.0,0.0574747538176933,956.9000500484668
1668703962.7966125,16647.95,-1.0999999999985448,11.66839395,-0.6041585200000004,1.0,0.0,956.8368278192672,0.0,956.8368278192672
1668704022.7330835,16640.04,-7.9099999999998545,10.16425498,-1.5041389699999996,1.0,0.0,956.8368278192672,0.0,956.8368278192672
1668704082.800791,16622.92,-17.12000000000262,7.27035454,-2.893900440000001,1.0,0.0,956.8368278192672,0.0,956.8368278192672
1668704143.913864,16635.1,12.180000000000293,6.57175308,-0.6986014599999999,1.0,0.0,956.8368278192672,0.0,956.8368278192672
1668704203.8031085,16650.95,15.850000000002185,8.14261982,1.5708667400000005,0.0,1.0,0.0,0.057464398597033,956.8368278192672
1668704263.746119,16665.22,14.270000000000437,9.22935608,1.0867362600000003,0.0,1.0,0.0,0.057464398597033,957.6568447872464
1668704324.794461,16656.62,-8.600000000002183,9.30605612,0.0767000399999986,0.0,1.0,0.0,0.057464398597033,957.1626509593116
1668704384.7384,16648.29,-8.329999999998108,8.0969858,-1.2090703199999986,1.0,0.0,956.6839725189984,0.0,956.6839725189984
1668704444.6300614,16655.09,6.799999999999272,8.71556942,0.618583619999999,0.0,1.0,0.0,0.0574409368258591,956.6839725189984
1668704505.4675374,16667.37,12.279999999998836,9.60745604,0.8918866200000011,0.0,1.0,0.0,0.0574409368258591,957.3893472232191
1668704565.454158,16684.93,17.56000000000131,11.92714053,2.31968449,0.0,1.0,0.0,0.0574409368258591,958.3980100738812
1668704625.4575014,16677.47,-7.459999999999127,12.75440589,0.8272653599999984,0.0,1.0,0.0,0.0574409368258591,957.9695006851604
1668704686.4218493,16681.67,4.19999999999709,13.86470534,1.1102994500000012,0.0,1.0,0.0,0.0574409368258591,958.2107526198288
1668704746.51571,16685.23,3.5600000000013097,14.35790887,0.4932035299999988,0.0,1.0,0.0,0.0574409368258591,958.415242354929
1668704806.588753,16675.82,-9.409999999999854,13.87240703,-0.4855018399999995,1.0,0.0,957.8747231393976,0.0,957.8747231393976
1668704867.2648735,16668.39,-7.430000000000291,12.65490485,-1.2175021800000003,1.0,0.0,957.8747231393976,0.0,957.8747231393976
1668704927.3810842,16669.94,1.5499999999992724,11.85657851,-0.7983263399999991,1.0,0.0,957.8747231393976,0.0,957.8747231393976
1668704987.2964888,16665.26,-4.680000000000291,10.67266534,-1.1839131700000003,1.0,0.0,957.8747231393976,0.0,957.8747231393976
1668705048.1945405,16664.3,-0.9599999999991268,9.52536848,-1.1472968600000009,1.0,0.0,957.8747231393976,0.0,957.8747231393976
1668705108.2660997,16678.45,14.150000000001455,10.10286146,0.5774929800000006,0.0,1.0,0.0,0.0574318790498755,957.8747231393976
1668705168.2391877,16663.28,-15.170000000001892,8.45014251,-1.6527189500000006,1.0,0.0,957.0034815342092,0.0,957.0034815342092
1668705228.9331138,16653.25,-10.029999999998836,6.33297157,-2.1171709399999994,1.0,0.0,957.0034815342092,0.0,957.0034815342092
1668705289.074405,16664.31,11.06000000000131,6.37351624,0.04054467,0.0,1.0,0.0,0.0574283292578096,957.0034815342092
1668705349.14564,16674.16,9.849999999998545,7.09964765,0.7261314099999998,0.0,1.0,0.0,0.0574283292578096,957.5691505773984
1668705410.1267457,16668.32,-5.8400000000001455,6.87654078,-0.2231068699999996,1.0,0.0,957.2337691345328,0.0,957.2337691345328
1668705470.118513,16661.08,-7.239999999997963,5.72342502,-1.1531157600000004,1.0,0.0,957.2337691345328,0.0,957.2337691345328
1668705530.1099308,16660.39,-0.6900000000023283,4.76881469,-0.9546103299999996,1.0,0.0,957.2337691345328,0.0,957.2337691345328
1668705591.2771668,16650.22,-10.169999999998254,2.79408285,-1.97473184,1.0,0.0,957.2337691345328,0.0,957.2337691345328
1668705651.3686178,16651.5,1.2799999999988358,1.73922807,-1.05485478,1.0,0.0,957.2337691345328,0.0,957.2337691345328
1668705711.2665627,16640.33,-11.169999999998254,-0.4457095,-2.18493757,1.0,0.0,957.2337691345328,0.0,957.2337691345328
1668705772.027335,16635.35,-4.980000000003201,-2.29909058,-1.85338108,1.0,0.0,957.2337691345328,0.0,957.2337691345328
1668705832.030759,16635.32,-0.0299999999988358,-3.59549537,-1.29640479,1.0,0.0,957.2337691345328,0.0,957.2337691345328
1668705892.0634606,16637.98,2.6599999999998545,-4.03898849,-0.4434931200000003,1.0,0.0,957.2337691345328,0.0,957.2337691345328
1668705953.1610165,16646.09,8.110000000000582,-4.0018131,0.0371753900000006,0.0,1.0,0.0,0.0575050218480455,957.2337691345328
1668706013.207704,16654.1,8.0099999999984,-3.0438009,0.9580121999999998,0.0,1.0,0.0,0.0575050218480455,957.6943843595344
1668706073.341684,16648.01,-6.0900000000001455,-3.29076461,-0.2469637100000001,1.0,0.0,957.3441787764798,0.0,957.3441787764798
1668706134.1729052,16648.99,0.9800000000032014,-3.02377018,0.26699443,0.0,1.0,0.0,0.0575016369627514,957.3441787764798
1668706193.8585384,16640.74,-8.25,-3.45260394,-0.4288337599999998,1.0,0.0,956.869790271536,0.0,956.869790271536
1668706253.9034493,16649.57,8.829999999998108,-3.02635613,0.42624781,0.0,1.0,0.0,0.057471141313051,956.869790271536
1668706314.797377,16629.88,-19.68999999999869,-5.00861428,-1.98225815,1.0,0.0,955.7381834990806,0.0,955.7381834990806
1668706374.8848417,16635.97,6.0900000000001455,-4.83668721,0.1719270699999997,0.0,1.0,0.0,0.0574501026089299,955.7381834990806
1668706434.8015912,16631.68,-4.290000000000873,-5.68739322,-0.8507060099999997,1.0,0.0,955.4917225588872,0.0,955.4917225588872
1668706495.7415805,16624.92,-6.760000000002037,-6.71822006,-1.0308268400000005,1.0,0.0,955.4917225588872,0.0,955.4917225588872
1668706555.6972785,16617.84,-7.079999999998108,-8.20607178,-1.48785172,1.0,0.0,955.4917225588872,0.0,955.4917225588872
1668706616.1367877,16629.74,11.900000000001455,-7.37435517,0.83171661,0.0,1.0,0.0,0.0574568046499155,955.4917225588872
1668706676.624967,16629.55,-0.1900000000023283,-7.2000371,0.17431807,0.0,1.0,0.0,0.0574568046499155,955.4808057660022
1668706736.677307,16625.12,-4.430000000000291,-7.71353956,-0.5135024599999998,1.0,0.0,955.2262721214032,0.0,955.2262721214032
1668706796.6089027,16622.0,-3.1199999999989814,-7.79881822,-0.0852786600000001,1.0,0.0,955.2262721214032,0.0,955.2262721214032
1668706857.5620656,16626.71,4.709999999999127,-7.55143566,0.2473825600000001,0.0,1.0,0.0,0.0574513100981134,955.2262721214032
1668706917.373992,16625.0,-1.7099999999991269,-7.60730617,-0.05587051,1.0,0.0,955.1280303811352,0.0,955.1280303811352
1668706977.5706267,16621.77,-3.2299999999995634,-7.69324218,-0.0859360100000001,1.0,0.0,955.1280303811352,0.0,955.1280303811352
1668707038.2591388,16624.26,2.4899999999979627,-7.18225041,0.5109917700000004,0.0,1.0,0.0,0.0574538674431905,955.1280303811352
1668707098.223835,16627.89,3.630000000001018,-6.28843233,0.89381808,0.0,1.0,0.0,0.0574538674431905,955.3365879199528
1668707158.3312805,16631.52,3.630000000001018,-5.78050959,0.5079227399999997,0.0,1.0,0.0,0.0574538674431905,955.5451454587716
1668707219.1969464,16638.32,6.799999999999272,-4.18401023,1.59649936,0.0,1.0,0.0,0.0574538674431905,955.9358317573852
1668707279.3442504,16632.63,-5.68999999999869,-4.09805532,0.0859549099999998,0.0,1.0,0.0,0.0574538674431905,955.6089192516336
1668707339.3228223,16638.07,5.43999999999869,-2.95921402,1.1388413000000002,0.0,1.0,0.0,0.0574538674431905,955.9214682905244
1668707400.0437174,16630.18,-7.889999999999418,-3.17674737,-0.21753335,1.0,0.0,955.4681572763976,0.0,955.4681572763976
1668707460.03857,16652.65,22.470000000001164,-0.88810372,2.28864365,0.0,1.0,0.0,0.0573763429409972,955.4681572763976
1668707520.1073356,16658.26,5.609999999996944,0.30915073,1.19725445,0.0,1.0,0.0,0.0573763429409972,955.790038560296
1668707580.8895776,16667.42,9.159999999999854,2.6325567,2.32340597,0.0,1.0,0.0,0.0573763429409972,956.3156058616356
1668707640.8563914,16656.63,-10.789999999997235,3.19824376,0.5656870600000001,0.0,1.0,0.0,0.0573763429409972,955.6965151213022
1668707700.9449556,16657.79,1.1599999999998545,4.35218349,1.1539397299999998,0.0,1.0,0.0,0.0573763429409972,955.763071679114
1668707761.8568225,16663.46,5.669999999998254,5.49168566,1.13950217,0.0,1.0,0.0,0.0573763429409972,956.0883955435892
1668707822.0053806,16686.9,23.44000000000233,8.5109683,3.01928264,0.0,1.0,0.0,0.0573763429409972,957.4332970221262
1668707881.9385283,16674.91,-11.9900000000016,9.27468108,0.7637127800000005,0.0,1.0,0.0,0.0573763429409972,956.7453546702636
1668707942.8021522,16683.92,9.0099999999984,10.75565187,1.4809707899999989,0.0,1.0,0.0,0.0573763429409972,957.262315520162
1668708002.755795,16699.8,15.88000000000102,12.80351099,2.04785912,0.0,1.0,0.0,0.0573763429409972,958.1734518460652
1668708062.845,16705.9,6.100000000002183,14.54135461,1.7378436200000014,0.0,1.0,0.0,0.0573763429409972,958.5234475380051
1668708123.5852554,16699.35,-6.55000000000291,15.32644607,0.7850914599999985,0.0,1.0,0.0,0.0573763429409972,958.1476324917415
1668708183.518396,16734.53,35.18000000000029,19.36341577,4.0369697,0.0,1.0,0.0,0.0573763429409972,960.1661322364058
1668708243.8342564,16712.32,-22.209999999999127,19.87921957,0.5158038000000005,0.0,1.0,0.0,0.0573763429409972,958.8918036596864
1668708305.0584776,16710.55,-1.7700000000004366,19.2058229,-0.6733966699999989,1.0,0.0,958.7902475326808,0.0,958.7902475326808
1668708364.5836525,16712.32,1.7700000000004366,19.14541894,-0.0604039600000021,1.0,0.0,958.7902475326808,0.0,958.7902475326808
1668708424.6545434,16711.6,-0.7200000000011642,19.02874083,-0.1166781099999987,1.0,0.0,958.7902475326808,0.0,958.7902475326808
1668708485.5292296,16706.56,-5.039999999997235,18.63319349,-0.3955473400000002,1.0,0.0,958.7902475326808,0.0,958.7902475326808
1668708545.5737398,16697.5,-9.06000000000131,16.7449451,-1.888248390000001,1.0,0.0,958.7902475326808,0.0,958.7902475326808
1668708605.5240784,16689.63,-7.869999999998981,13.85005757,-2.8948875299999983,1.0,0.0,958.7902475326808,0.0,958.7902475326808
1668708666.4420133,16706.3,16.669999999998254,14.18062095,0.3305633799999992,0.0,1.0,0.0,0.0573909391985467,958.7902475326808
1668708726.5089796,16698.81,-7.489999999997963,13.36367563,-0.8169453200000003,1.0,0.0,958.3603893980836,0.0,958.3603893980836
1668708786.4141717,16719.11,20.299999999999272,14.42230431,1.05862868,0.0,1.0,0.0,0.0573212562988151,958.3603893980836
1668708848.9238276,16707.0,-12.110000000000582,13.23902023,-1.18328408,1.0,0.0,957.666228984304,0.0,957.666228984304
1668708908.610895,16696.61,-10.389999999999418,11.61957591,-1.6194443199999995,1.0,0.0,957.666228984304,0.0,957.666228984304
1668708968.516844,16700.06,3.450000000000728,11.27322103,-0.3463548799999998,1.0,0.0,957.666228984304,0.0,957.666228984304
1668709029.4957,16692.03,-8.030000000002474,9.80925379,-1.4639672400000006,1.0,0.0,957.666228984304,0.0,957.666228984304
1668709089.4259472,16694.18,2.150000000001455,8.84534579,-0.963908,1.0,0.0,957.666228984304,0.0,957.666228984304
1668709149.5320034,16701.4,7.220000000001164,8.39919677,-0.44614902,1.0,0.0,957.666228984304,0.0,957.666228984304
1668709210.332489,16709.44,8.039999999997235,8.51968925,0.1204924800000011,0.0,1.0,0.0,0.0573128859485598,957.666228984304
1668709270.2235074,16703.34,-6.099999999998545,7.91586568,-0.6038235700000012,1.0,0.0,957.3166203800168,0.0,957.3166203800168
1668709330.227987,16709.18,5.8400000000001455,8.54756781,0.6317021300000007,0.0,1.0,0.0,0.0572928546092637,957.3166203800168
1668709391.0739734,16697.95,-11.229999999999563,7.06590503,-1.4816627800000006,1.0,0.0,956.6732216227548,0.0,956.6732216227548
1668709451.221727,16699.57,1.6199999999989814,6.02016294,-1.04574209,1.0,0.0,956.6732216227548,0.0,956.6732216227548
1668709511.0206528,16698.7,-0.8699999999989814,5.62723948,-0.3929234599999995,1.0,0.0,956.6732216227548,0.0,956.6732216227548
1668709572.1047764,16686.67,-12.030000000002474,2.6609542,-2.96628528,1.0,0.0,956.6732216227548,0.0,956.6732216227548
1668709632.1298163,16689.91,3.2400000000016007,2.19059938,-0.4703548199999998,1.0,0.0,956.6732216227548,0.0,956.6732216227548
1668709692.086709,16695.39,5.479999999999563,2.30462182,0.1140224399999998,0.0,1.0,0.0,0.0573016396515897,956.6732216227548
1668709752.773984,16695.98,0.5900000000001455,2.11756009,-0.1870617299999999,1.0,0.0,956.7070295901486,0.0,956.7070295901486
1668709812.701133,16692.09,-3.889999999999418,1.40650849,-0.7110516,1.0,0.0,956.7070295901486,0.0,956.7070295901486
1668709872.7651389,16697.22,5.130000000001019,1.76552608,0.3590175900000001,0.0,1.0,0.0,0.0572973842106739,956.7070295901486
1668709933.5218902,16692.44,-4.780000000002474,1.04645021,-0.7190758700000002,1.0,0.0,956.4331480936214,0.0,956.4331480936214
1668709993.807185,16693.48,1.0400000000008731,0.94941063,-0.0970395799999999,1.0,0.0,956.4331480936214,0.0,956.4331480936214
1668710053.6421158,16698.91,5.430000000000291,1.53067118,0.5812605499999999,0.0,1.0,0.0,0.0572751843140433,956.4331480936214
1668710114.6175716,16698.43,-0.4799999999995634,1.52803933,-0.0026318499999999,1.0,0.0,956.40565600515,0.0,956.40565600515
1668710174.5763152,16706.33,7.900000000001455,2.72470163,1.1966623000000003,0.0,1.0,0.0,0.0572481003311409,956.40565600515
1668710234.5738266,16728.68,22.349999999998545,6.29691247,3.5722108399999994,0.0,1.0,0.0,0.0572481003311409,957.6851510475502
1668710295.4811993,16718.52,-10.159999999999854,6.13350785,-0.1634046199999996,1.0,0.0,957.103510348186,0.0,957.103510348186
1668710355.5319042,16715.01,-3.5100000000020373,6.16578261,0.0322747599999999,0.0,1.0,0.0,0.0572601219112753,957.103510348186
1668710415.4531314,16705.15,-9.859999999996944,4.91259313,-1.2531894799999996,1.0,0.0,956.5389255461408,0.0,956.5389255461408
1668710476.1117084,16709.02,3.869999999998981,5.03808339,0.1254902599999994,0.0,1.0,0.0,0.0572468598126126,956.5389255461408
1668710536.140481,16712.03,3.0099999999984,5.26261596,0.22453257,0.0,1.0,0.0,0.0572468598126126,956.711238594176
1668710596.3027716,16704.73,-7.299999999999272,4.68027978,-0.5823361799999995,1.0,0.0,956.293336517544,0.0,956.293336517544
1668710657.3801246,16705.53,0.7999999999992724,3.45902163,-1.2212581500000002,1.0,0.0,956.293336517544,0.0,956.293336517544
1668710717.353759,16707.21,1.680000000000291,3.42774108,-0.0312805499999999,1.0,0.0,956.293336517544,0.0,956.293336517544
1668710777.269482,16701.85,-5.360000000000582,2.45773966,-0.97000142,1.0,0.0,956.293336517544,0.0,956.293336517544
1668710838.394668,16710.42,8.569999999999709,3.26060706,0.8028673999999998,0.0,1.0,0.0,0.0572273669074472,956.293336517544
1668710898.3474977,16709.57,-0.8499999999985448,3.19669755,-0.0639095099999997,1.0,0.0,956.2446932556726,0.0,956.2446932556726
1668710958.3819015,16709.39,-0.180000000000291,3.13787571,-0.0588218400000002,1.0,0.0,956.2446932556726,0.0,956.2446932556726
1668711019.1166162,16703.29,-6.099999999998545,2.20496968,-0.9329060299999998,1.0,0.0,956.2446932556726,0.0,956.2446932556726
1668711079.1052933,16700.6,-2.6900000000023283,1.40002612,-0.8049435600000001,1.0,0.0,956.2446932556726,0.0,956.2446932556726
1668711139.219328,16695.99,-4.609999999996944,0.32048477,-1.07954135,1.0,0.0,956.2446932556726,0.0,956.2446932556726
1668711201.4313076,16696.81,0.819999999999709,-0.12492208,-0.4454068499999999,1.0,0.0,956.2446932556726,0.0,956.2446932556726
1668711261.5831337,16698.3,1.4899999999979627,-0.35250129,-0.22757921,1.0,0.0,956.2446932556726,0.0,956.2446932556726
1668711321.469288,16697.22,-1.0799999999981085,-0.73258303,-0.38008174,1.0,0.0,956.2446932556726,0.0,956.2446932556726
1668711383.326359,16701.68,4.459999999999127,-0.3240432,0.40853983,0.0,1.0,0.0,0.0572544015485671,956.2446932556726
1668711443.6280174,16704.95,3.270000000000437,0.18323827,0.50728147,0.0,1.0,0.0,0.0572544015485671,956.431915148736
1668711502.985715,16703.6,-1.3500000000021828,0.12610105,-0.05713722,1.0,0.0,956.3546217066452,0.0,956.3546217066452
1668711563.900685,16705.93,2.3300000000017462,0.55361953,0.42751848,0.0,1.0,0.0,0.0572464161951262,956.3546217066452
1668711623.9433253,16702.44,-3.4900000000016007,0.28575205,-0.26786748,1.0,0.0,956.1548317141236,0.0,956.1548317141236
1668711683.9866586,16706.01,3.569999999999709,0.72208403,0.43633198,0.0,1.0,0.0,0.0572341828907156,956.1548317141236
1668711744.8044658,16687.77,-18.239999999997963,-1.78178446,-2.50386849,1.0,0.0,955.110880218197,0.0,955.110880218197
1668711804.9356484,16682.16,-5.610000000000582,-3.31493923,-1.53315477,1.0,0.0,955.110880218197,0.0,955.110880218197
1668711864.845657,16688.86,6.700000000000728,-3.118331,0.1966082299999998,0.0,1.0,0.0,0.0572304447528589,955.110880218197
1668711925.81373,16682.61,-6.25,-4.28976835,-1.1714373500000002,1.0,0.0,954.7531899384916,0.0,954.7531899384916
1668711985.8236723,16673.23,-9.38000000000102,-6.02566787,-1.7358995200000005,1.0,0.0,954.7531899384916,0.0,954.7531899384916
1668712045.726299,16679.72,6.490000000001601,-5.93076168,0.0949061900000005,0.0,1.0,0.0,0.0572403607457734,954.7531899384916
1668712106.6161315,16657.53,-22.19000000000233,-9.21908557,-3.288323890000001,1.0,0.0,953.4830263335429,0.0,953.4830263335429
1668712166.630591,16665.6,8.069999999999709,-9.22706234,-0.007976769999999,1.0,0.0,953.4830263335429,0.0,953.4830263335429
1668712226.4705112,16667.45,1.8500000000021828,-9.42089878,-0.1938364400000001,1.0,0.0,953.4830263335429,0.0,953.4830263335429
1668712287.3105967,16674.9,7.450000000000728,-8.47725319,0.9436455899999991,0.0,1.0,0.0,0.0571807342972697,953.4830263335429
1668712347.6801407,16670.91,-3.9900000000016007,-8.67098041,-0.1937272199999995,1.0,0.0,953.2548752036964,0.0,953.2548752036964
1668712407.2754345,16675.71,4.799999999999272,-7.73505897,0.9359214400000004,0.0,1.0,0.0,0.057164275176511,953.2548752036964
1668712468.837353,16681.88,6.170000000001892,-6.40330387,1.3317550999999996,0.0,1.0,0.0,0.057164275176511,953.6075787815354
1668712529.1010482,16674.89,-6.990000000001601,-6.69147475,-0.28817088,1.0,0.0,953.2080004980514,0.0,953.2080004980514
1668712588.8271725,16669.51,-5.380000000001019,-7.18698618,-0.4955114299999996,1.0,0.0,953.2080004980514,0.0,953.2080004980514
1668712649.5479603,16664.15,-5.359999999996944,-7.86038552,-0.6733993400000005,1.0,0.0,953.2080004980514,0.0,953.2080004980514
1668712709.6035604,16655.59,-8.56000000000131,-9.17346618,-1.3130806599999998,1.0,0.0,953.2080004980514,0.0,953.2080004980514
1668712769.7220302,16654.32,-1.2700000000004366,-9.64799353,-0.4745273500000007,1.0,0.0,953.2080004980514,0.0,953.2080004980514
1668712830.5369842,16656.72,2.400000000001455,-9.65948215,-0.0114886199999997,1.0,0.0,953.2080004980514,0.0,953.2080004980514
1668712890.5205183,16653.16,-3.5600000000013097,-10.13728757,-0.4778054199999992,1.0,0.0,953.2080004980514,0.0,953.2080004980514
1668712950.5219126,16660.61,7.450000000000728,-9.12108816,1.0161994100000005,0.0,1.0,0.0,0.0572132713326853,953.2080004980514
1668713011.386065,16657.56,-3.0499999999992724,-9.11775332,0.003334839999999,0.0,1.0,0.0,0.0572132713326853,953.0335000204852
1668713071.5712385,16662.75,5.18999999999869,-8.08693977,1.0308135499999995,0.0,1.0,0.0,0.0572132713326853,953.330436898702
1668713131.381421,16662.06,-0.6899999999986903,-7.59614195,0.4907978200000009,0.0,1.0,0.0,0.0572132713326853,953.2909597414824
1668713192.7077963,16664.64,2.5799999999981083,-6.73033305,0.8658089000000002,0.0,1.0,0.0,0.0572132713326853,953.4385699815208
1668713252.666869,16666.44,1.7999999999992724,-5.82727453,0.9030585199999992,0.0,1.0,0.0,0.0572132713326853,953.5415538699197
1668713312.386179,16674.39,7.950000000000728,-4.09763422,1.7296403100000006,0.0,1.0,0.0,0.0572132713326853,953.9963993770144
1668713373.300956,16674.35,-0.0400000000008731,-3.1983317,0.8993025199999996,0.0,1.0,0.0,0.0572132713326853,953.994110846161
1668713433.2967052,16668.22,-6.129999999997381,-3.24067036,-0.0423386599999999,1.0,0.0,953.6433934928918,0.0,953.6433934928918
1668713493.3528826,16667.8,-0.4200000000018917,-3.05416245,0.18650791,0.0,1.0,0.0,0.0572147130090889,953.6433934928918
1668713554.1479266,16666.37,-1.430000000000291,-2.93801177,0.11615068,0.0,1.0,0.0,0.0572147130090889,953.5615764532888
1668713614.114485,16660.24,-6.129999999997381,-3.59946799,-0.6614562199999998,1.0,0.0,953.2108502625432,0.0,953.2108502625432
1668713674.308761,16660.85,0.6099999999969441,-3.65107997,-0.0516119800000001,1.0,0.0,953.2108502625432,0.0,953.2108502625432
1668713735.3048418,16662.27,1.4200000000018915,-3.53225991,0.11882006,0.0,1.0,0.0,0.0572077424182025,953.2108502625432
1668713795.4056492,16653.6,-8.670000000001892,-4.66765103,-1.13539112,1.0,0.0,952.714859135777,0.0,952.714859135777
1668713855.2931936,16653.9,0.3000000000029104,-4.98871178,-0.32106075,1.0,0.0,952.714859135777,0.0,952.714859135777
1668713916.0548587,16659.88,5.979999999999563,-4.2529317,0.7357800799999996,0.0,1.0,0.0,0.0571861777597303,952.714859135777
1668713976.0404172,16658.9,-0.9799999999995634,-4.21161053,0.0413211700000006,0.0,1.0,0.0,0.0571861777597303,952.6588166815712
1668714036.405816,16664.21,5.309999999997672,-3.28247273,0.9291378,0.0,1.0,0.0,0.0571861777597303,952.9624752854752
1668714096.973068,16657.08,-7.129999999997381,-3.80515048,-0.5226777500000002,1.0,0.0,952.5547378380484,0.0,952.5547378380484
1668714157.0533645,16656.92,-0.1600000000034924,-3.74719575,0.05795473,0.0,1.0,0.0,0.0571867270682724,952.5547378380484
1668714216.8555677,16654.85,-2.069999999999709,-3.96589313,-0.21869738,1.0,0.0,952.4363613130164,0.0,952.4363613130164
1668714277.852469,16651.38,-3.469999999997526,-4.42160511,-0.4557119799999998,1.0,0.0,952.4363613130164,0.0,952.4363613130164
1668714337.8395677,16652.52,1.139999999999418,-4.46754422,-0.0459391099999999,1.0,0.0,952.4363613130164,0.0,952.4363613130164
1668714397.918631,16651.92,-0.6000000000021828,-4.51303282,-0.0454886000000005,1.0,0.0,952.4363613130164,0.0,952.4363613130164
1668714458.897478,16654.52,2.600000000002183,-4.13282397,0.3802088500000007,0.0,1.0,0.0,0.0571878601912883,952.4363613130164
1668714518.793906,16655.64,1.1199999999989814,-3.83266419,0.3001597799999995,0.0,1.0,0.0,0.0571878601912883,952.500411716429
1668714578.9798026,16666.79,11.150000000001455,-2.00637721,1.82628698,0.0,1.0,0.0,0.0571878601912883,953.138056357562
1668714639.7313066,16654.91,-11.88000000000102,-2.92891659,-0.92253938,1.0,0.0,952.4586645784892,0.0,952.4586645784892
1668714699.535737,16649.84,-5.069999999999709,-3.59253974,-0.6636231499999998,1.0,0.0,952.4586645784892,0.0,952.4586645784892
1668714759.8728986,16642.13,-7.709999999999127,-4.77496699,-1.1824272500000004,1.0,0.0,952.4586645784892,0.0,952.4586645784892
1668714820.4412656,16649.05,6.919999999998254,-4.25994305,0.5150239399999998,0.0,1.0,0.0,0.0572079887187851,952.4586645784892
1668714880.4721005,16648.43,-0.6199999999989814,-4.32183373,-0.0618906799999994,1.0,0.0,952.4231956254836,0.0,952.4231956254836
1668714940.5212405,16632.27,-16.159999999999854,-6.57049003,-2.2486563000000004,1.0,0.0,952.4231956254836,0.0,952.4231956254836
1668715001.4916475,16622.68,-9.590000000000146,-8.60305486,-2.03256483,1.0,0.0,952.4231956254836,0.0,952.4231956254836
1668715061.5741038,16634.64,11.959999999999129,-7.83636167,0.7666931900000007,0.0,1.0,0.0,0.0572554137405729,952.4231956254836
1668715121.3643253,16621.4,-13.239999999997965,-9.80449673,-1.9681350600000007,1.0,0.0,951.6651339475584,0.0,951.6651339475584
1668715182.203984,16620.72,-0.680000000000291,-10.54117682,-0.7366800900000001,1.0,0.0,951.6651339475584,0.0,951.6651339475584
1668715242.3205848,16620.56,-0.1599999999998544,-10.86958969,-0.3284128699999993,1.0,0.0,951.6651339475584,0.0,951.6651339475584
1668715302.2475023,16632.56,12.0,-9.1525519,1.7170377899999991,0.0,1.0,0.0,0.0572169968993082,951.6651339475584
1668715363.000708,16628.91,-3.650000000001455,-9.08194878,0.0706031200000012,0.0,1.0,0.0,0.0572169968993082,951.4562919088752
1668715422.972865,16635.0,6.0900000000001455,-7.91036135,1.1715874299999998,0.0,1.0,0.0,0.0572169968993082,951.804743419992
1668715483.119562,16640.47,5.470000000001164,-6.42158786,1.4887734899999998,0.0,1.0,0.0,0.0572169968993082,952.1177203930312
1668715544.124571,16644.34,3.869999999998981,-5.15360098,1.2679868799999996,0.0,1.0,0.0,0.0572169968993082,952.3391501710316
1668715604.2514665,16655.86,11.520000000000437,-3.4223958,1.7312051800000003,0.0,1.0,0.0,0.0572169968993082,952.9982899753116
1668715664.063589,16654.81,-1.0499999999992724,-1.98875985,1.4336359499999998,0.0,1.0,0.0,0.0572169968993082,952.9382121285672
1668715724.898388,16639.86,-14.950000000000728,-2.90065107,-0.9118912199999998,1.0,0.0,952.0828180249226,0.0,952.0828180249226
1668715784.9840631,16646.51,6.649999999997817,-1.84253357,1.0581174999999998,0.0,1.0,0.0,0.0571941396740171,952.0828180249226
1668715845.0639818,16649.75,3.2400000000016007,-0.72708103,1.1154525400000002,0.0,1.0,0.0,0.0571941396740171,952.268127037466
1668715906.0019484,16647.1,-2.650000000001455,-0.56311387,0.16396716,0.0,1.0,0.0,0.0571941396740171,952.11656256733
1668715965.8586676,16648.93,1.8300000000017465,-0.32715586,0.23595801,0.0,1.0,0.0,0.0571941396740171,952.2212278429334
1668716025.912982,16647.88,-1.0499999999992724,-0.05404044,0.27311542,0.0,1.0,0.0,0.0571941396740171,952.1611739962758
1668716086.7414613,16649.79,1.9099999999998545,0.4633659,0.51740634,0.0,1.0,0.0,0.0571941396740171,952.2704148030532
1668716146.835292,16656.37,6.579999999998108,1.06666362,0.6032977199999999,0.0,1.0,0.0,0.0571941396740171,952.646752242108
1668716206.7758954,16652.65,-3.719999999997526,1.25897696,0.1923133400000001,0.0,1.0,0.0,0.0571941396740171,952.4339900425208
1668716267.558064,16655.78,3.1299999999973807,1.82776035,0.5687833899999999,0.0,1.0,0.0,0.0571941396740171,952.6130076997003
1668716327.7909524,16653.28,-2.5,2.0078248,0.1800644499999999,0.0,1.0,0.0,0.0571941396740171,952.4700223505154
1668716387.6588173,16654.12,0.8400000000001455,2.31469094,0.3068661400000003,0.0,1.0,0.0,0.0571941396740171,952.5180654278416
1668716448.62847,16646.66,-7.459999999999127,1.7203119,-0.5943790400000002,1.0,0.0,952.0913971458734,0.0,952.0913971458734
1668716508.6871622,16648.77,2.110000000000582,1.67233116,-0.04798074,1.0,0.0,952.0913971458734,0.0,952.0913971458734
1668716568.536898,16644.38,-4.389999999999418,0.59928522,-1.07304594,1.0,0.0,952.0913971458734,0.0,952.0913971458734
1668716629.4480753,16651.26,6.879999999997381,1.09649615,0.4972109299999999,0.0,1.0,0.0,0.057178339485773,952.0913971458734
1668716689.4243937,16649.56,-1.6999999999970896,1.25811403,0.1616178800000001,0.0,1.0,0.0,0.057178339485773,951.9941939687468
1668716749.401817,16649.23,-0.3300000000017462,1.1766859,-0.0814281299999999,1.0,0.0,951.9753251167164,0.0,951.9753251167164
1668716810.4925878,16653.35,4.119999999998981,1.47813771,0.3014518099999999,0.0,1.0,0.0,0.0571641936977675,951.9753251167164
1668716870.479812,16663.18,9.830000000001746,2.46006455,0.98192684,0.0,1.0,0.0,0.0571641936977675,952.5372491407654
1668716930.43009,16665.78,2.599999999998545,3.62030577,1.16024122,0.0,1.0,0.0,0.0571641936977675,952.6858760443796
1668716991.217473,16665.13,-0.6499999999978172,4.33053227,0.7102265000000001,0.0,1.0,0.0,0.0571641936977675,952.648719318476
1668717051.2708042,16672.07,6.93999999999869,5.20392149,0.87338922,0.0,1.0,0.0,0.0571641936977675,953.0454388227386
1668717111.2713928,16664.38,-7.68999999999869,5.01176938,-0.1921521100000003,1.0,0.0,952.6058461732028,0.0,952.6058461732028
1668717171.9586504,16655.71,-8.670000000001892,4.47599089,-0.5357784899999993,1.0,0.0,952.6058461732028,0.0,952.6058461732028
1668717232.2406676,16660.36,4.650000000001455,4.53479731,0.0588064199999998,0.0,1.0,0.0,0.0571779869206429,952.6058461732028
1668717291.864917,16647.24,-13.11999999999898,2.15022279,-2.38457452,1.0,0.0,951.8556709848034,0.0,951.8556709848034
1668717353.1244037,16652.37,5.129999999997381,2.08054991,-0.0696728800000001,1.0,0.0,951.8556709848034,0.0,951.8556709848034
1668717412.9922023,16654.2,1.8300000000017465,1.81384536,-0.2667045499999998,1.0,0.0,951.8556709848034,0.0,951.8556709848034
1668717473.164641,16658.36,4.159999999999855,2.16610894,0.35226358,0.0,1.0,0.0,0.0571398187447505,951.8556709848034
1668717533.717018,16656.47,-1.889999999999418,1.90139992,-0.2647090199999999,1.0,0.0,951.7476767273744,0.0,951.7476767273744
1668717593.9584954,16661.3,4.829999999998108,2.34319663,0.44179671,0.0,1.0,0.0,0.0571232542915243,951.7476767273744
1668717653.861777,16662.59,1.2900000000008731,2.41621893,0.0730222999999998,0.0,1.0,0.0,0.0571232542915243,951.82136572541
1668717714.6892428,16660.37,-2.220000000001164,2.08658415,-0.3296347799999997,1.0,0.0,951.6945521008828,0.0,951.6945521008828
1668717774.6292858,16656.84,-3.529999999998836,1.97537725,-0.1112069000000002,1.0,0.0,951.6945521008828,0.0,951.6945521008828
1668717835.2078328,16665.82,8.979999999999563,2.79079632,0.8154190700000001,0.0,1.0,0.0,0.0571045740384141,951.6945521008828
1668717895.7736514,16669.86,4.040000000000873,3.35356291,0.5627665899999998,0.0,1.0,0.0,0.0571045740384141,951.9252545799976
1668717955.7606988,16676.56,6.700000000000728,4.37480692,1.0212440100000002,0.0,1.0,0.0,0.0571045740384141,952.3078552260552
1668718015.709766,16687.43,10.86999999999898,6.59917547,2.2243685499999994,0.0,1.0,0.0,0.0571045740384141,952.9285819458528
1668718076.4345863,16687.57,0.1399999999994179,7.37309006,0.7739145900000004,0.0,1.0,0.0,0.0571045740384141,952.936576586218
1668718136.6135404,16688.68,1.110000000000582,8.37100345,0.99791339,0.0,1.0,0.0,0.0571045740384141,952.9999626634008
1668718196.5137026,16692.29,3.610000000000582,9.9171323,1.5461288500000006,0.0,1.0,0.0,0.0571045740384141,953.2061101756794
1668718257.350546,16688.62,-3.670000000001892,9.7073885,-0.2097438,1.0,0.0,952.9965363889584,0.0,952.9965363889584
1668718317.757606,16691.1,2.4799999999995634,9.94843643,0.2410479299999988,0.0,1.0,0.0,0.0570960893163996,952.9965363889584
1668718377.3634975,16683.45,-7.649999999997817,9.23509601,-0.7133404199999998,1.0,0.0,952.5597513056867,0.0,952.5597513056867
1668718438.2109904,16685.82,2.3699999999989814,8.86741313,-0.3676828800000002,1.0,0.0,952.5597513056867,0.0,952.5597513056867
1668718498.0876896,16682.89,-2.930000000000291,7.71416828,-1.1532448499999992,1.0,0.0,952.5597513056867,0.0,952.5597513056867
1668718558.1758797,16676.58,-6.309999999997672,6.24619926,-1.46796902,1.0,0.0,952.5597513056867,0.0,952.5597513056867
1668718619.0259967,16684.75,8.169999999998254,6.59750929,0.3513100299999996,0.0,1.0,0.0,0.0570916406482378,952.5597513056867
1668718679.1380105,16689.07,4.319999999999709,6.72601293,0.1285036399999999,0.0,1.0,0.0,0.0570916406482378,952.806387193286
1668718739.171978,16687.05,-2.020000000000437,6.47382449,-0.2521884399999994,1.0,0.0,952.6910620791766,0.0,952.6910620791766
1668718799.7899537,16689.86,2.8100000000013097,6.68280673,0.2089822400000001,0.0,1.0,0.0,0.0570820283740652,952.6910620791766
1668718859.9593349,16702.81,12.950000000000728,8.0207695,1.33796277,0.0,1.0,0.0,0.0570820283740652,953.43027434662
1668718919.8573253,16699.96,-2.850000000002183,8.37251287,0.3517433699999994,0.0,1.0,0.0,0.0570820283740652,953.2675905657538
1668718980.654552,16705.38,5.420000000001892,9.3814503,1.0089374299999996,0.0,1.0,0.0,0.0570820283740652,953.5769751595416
1668719040.7809136,16704.03,-1.3500000000021828,9.27438047,-0.1070698299999985,1.0,0.0,953.4999144212364,0.0,953.4999144212364
1668719100.7956672,16695.18,-8.849999999998545,8.55460948,-0.7197709900000007,1.0,0.0,953.4999144212364,0.0,953.4999144212364
1668719161.5402102,16698.37,3.1899999999986903,8.48416585,-0.0704436299999997,1.0,0.0,953.4999144212364,0.0,953.4999144212364
1668719221.5470765,16701.14,2.770000000000437,8.50790153,0.0237356799999997,0.0,1.0,0.0,0.0570919059669721,953.4999144212364
1668719281.5746305,16705.9,4.760000000002037,8.87540855,0.3675070199999997,0.0,1.0,0.0,0.0570919059669721,953.7716718936392
1668719342.2491806,16709.13,3.2299999999995634,9.1897802,0.31437165,0.0,1.0,0.0,0.0570919059669721,953.9560787499124
1668719402.363386,16702.36,-6.770000000000437,8.51282848,-0.6769517199999999,1.0,0.0,953.5695665465162,0.0,953.5695665465162
1668719462.3507257,16704.73,2.3699999999989814,8.26945826,-0.2433702199999992,1.0,0.0,953.5695665465162,0.0,953.5695665465162
1668719523.012793,16711.55,6.819999999999709,8.48175888,0.2123006199999988,0.0,1.0,0.0,0.0570605100392552,953.5695665465162
1668719583.1878226,16706.56,-4.989999999997963,8.03826677,-0.4434921099999993,1.0,0.0,953.2848346014194,0.0,953.2848346014194
1668719643.1526473,16708.61,2.0499999999992724,8.22707171,0.1888049400000007,0.0,1.0,0.0,0.0570535092147952,953.2848346014194
1668719704.3972406,16706.92,-1.6900000000023283,7.91784978,-0.3092219300000005,1.0,0.0,953.188414170846,0.0,953.188414170846
1668719764.1826024,16709.41,2.4900000000016007,7.89994515,-0.0179046300000003,1.0,0.0,953.188414170846,0.0,953.188414170846
1668719824.0781958,16722.39,12.979999999999563,9.30404083,1.4040956800000002,0.0,1.0,0.0,0.057000728614202,953.188414170846
1668719884.938307,16732.01,9.61999999999898,10.42688807,1.1228472400000005,0.0,1.0,0.0,0.057000728614202,953.736761180114
1668719944.8890915,16729.02,-2.9899999999979627,11.45876865,1.0318805799999993,0.0,1.0,0.0,0.057000728614202,953.5663290015576
1668720004.826688,16734.64,5.619999999998981,12.0337523,0.5749836500000001,0.0,1.0,0.0,0.057000728614202,953.8866730963692
1668720065.7111273,16727.66,-6.979999999999563,11.55507591,-0.4786763900000004,1.0,0.0,953.4888080106424,0.0,953.4888080106424
1668720125.5938363,16733.34,5.680000000000291,11.87640832,0.3213324100000001,0.0,1.0,0.0,0.0569813801674168,953.4888080106424
1668720185.6466498,16735.47,2.130000000001018,12.2057827,0.3293743800000008,0.0,1.0,0.0,0.0569813801674168,953.6101783503988
1668720247.6971078,16740.39,4.919999999998254,12.88218779,0.6764050899999994,0.0,1.0,0.0,0.0569813801674168,953.8905267408225
1668720307.2892518,16730.02,-10.36999999999898,11.89293129,-0.9892564999999998,1.0,0.0,953.2996298284864,0.0,953.2996298284864
1668720367.7457943,16734.63,4.610000000000582,11.70228495,-0.1906463400000007,1.0,0.0,953.2996298284864,0.0,953.2996298284864
1668720428.719141,16726.15,-8.479999999999563,10.29994515,-1.4023398,1.0,0.0,953.2996298284864,0.0,953.2996298284864
1668720488.5733788,16721.14,-5.010000000002037,8.86411028,-1.435834869999999,1.0,0.0,953.2996298284864,0.0,953.2996298284864
1668720548.1999714,16723.18,2.040000000000873,7.94618906,-0.9179212200000002,1.0,0.0,953.2996298284864,0.0,953.2996298284864
1668720609.301345,16710.0,-13.180000000000293,5.85010514,-2.09608392,1.0,0.0,953.2996298284864,0.0,953.2996298284864
1668720669.1950982,16709.18,-0.819999999999709,4.33580243,-1.51430271,1.0,0.0,953.2996298284864,0.0,953.2996298284864
1668720729.2637851,16709.32,0.1399999999994179,3.32118392,-1.01461851,1.0,0.0,953.2996298284864,0.0,953.2996298284864
1668720789.966423,16696.31,-13.0099999999984,1.04223655,-2.27894737,1.0,0.0,953.2996298284864,0.0,953.2996298284864
1668720849.954818,16697.6,1.2899999999972351,-0.54276304,-1.5849995899999998,1.0,0.0,953.2996298284864,0.0,953.2996298284864
1668720910.0544307,16691.11,-6.489999999997963,-2.61317291,-2.07040987,1.0,0.0,953.2996298284864,0.0,953.2996298284864
1668720971.1567595,16697.84,6.729999999999563,-3.44701076,-0.8338378500000001,1.0,0.0,953.2996298284864,0.0,953.2996298284864
1668721030.952564,16695.62,-2.220000000001164,-3.80778377,-0.3607730099999999,1.0,0.0,953.2996298284864,0.0,953.2996298284864
1668721090.91756,16695.83,0.2100000000027648,-4.02199962,-0.2142158499999999,1.0,0.0,953.2996298284864,0.0,953.2996298284864
1668721151.671957,16699.68,3.849999999998545,-3.84660476,0.1753948599999999,0.0,1.0,0.0,0.0570849040118425,953.2996298284864
1668721211.7465482,16699.75,0.0699999999997089,-3.70203952,0.1445652399999999,0.0,1.0,0.0,0.0570849040118425,953.3036257717667
1668721271.689793,16699.64,-0.110000000000582,-3.68943878,0.0126007399999998,0.0,1.0,0.0,0.0570849040118425,953.2973464323254
1668721332.4694126,16694.61,-5.029999999998836,-4.09853384,-0.4090950599999998,1.0,0.0,953.010209365146,0.0,953.010209365146
1668721392.8585813,16698.85,4.239999999997963,-3.69578499,0.40274885,0.0,1.0,0.0,0.0570704096009692,953.010209365146
1668721452.50655,16697.48,-1.3699999999989814,-3.79678827,-0.10100328,1.0,0.0,952.9320229039912,0.0,952.9320229039912
1668721513.4971392,16695.11,-2.3699999999989814,-3.9858481,-0.1890598300000001,1.0,0.0,952.9320229039912,0.0,952.9320229039912
1668721573.5334897,16691.23,-3.880000000001018,-4.55772109,-0.5718729900000001,1.0,0.0,952.9320229039912,0.0,952.9320229039912
1668721633.8191063,16690.52,-0.7099999999991269,-4.84151576,-0.2837946699999998,1.0,0.0,952.9320229039912,0.0,952.9320229039912
1668721694.34523,16697.81,7.290000000000873,-3.89251529,0.94900047,0.0,1.0,0.0,0.0570692817144278,952.9320229039912
1668721754.3102152,16693.8,-4.010000000002037,-4.16961269,-0.2770974000000001,1.0,0.0,952.7031750843148,0.0,952.7031750843148
1668721814.265259,16699.42,5.619999999998981,-3.72129361,0.4483190800000001,0.0,1.0,0.0,0.0570500756963005,952.7031750843148
1668721875.214295,16705.65,6.230000000003201,-2.96403556,0.7572580499999999,0.0,1.0,0.0,0.0570500756963005,953.0585970559024
1668721935.2518728,16705.7,0.0499999999992724,-1.29055945,1.6734761100000002,0.0,1.0,0.0,0.0570500756963005,953.0614495596874
1668721994.9755824,16700.76,-4.940000000002328,-1.57508991,-0.28453046,1.0,0.0,952.7796221857476,0.0,952.7796221857476
1668722056.5812447,16696.54,-4.219999999997526,-2.05532657,-0.4802366600000001,1.0,0.0,952.7796221857476,0.0,952.7796221857476
1668722116.719265,16694.07,-2.470000000001164,-2.47689818,-0.42157161,1.0,0.0,952.7796221857476,0.0,952.7796221857476
1668722176.6299407,16696.49,2.420000000001892,-2.21061946,0.2662787199999998,0.0,1.0,0.0,0.0570646658181298,952.7796221857476
1668722237.4865236,16689.51,-6.980000000003201,-3.15788788,-0.94726842,1.0,0.0,952.3813108183354,0.0,952.3813108183354
1668722297.416766,16691.4,1.890000000003056,-3.20067462,-0.0427867399999999,1.0,0.0,952.3813108183354,0.0,952.3813108183354
1668722357.629764,16695.04,3.639999999999418,-2.81855697,0.3821176500000001,0.0,1.0,0.0,0.0570457639405676,952.3813108183354
1668722418.418177,16694.55,-0.4900000000016007,-2.72507299,0.0934839799999998,0.0,1.0,0.0,0.0570457639405676,952.3533583940028
1668722478.0397751,16697.22,2.670000000001892,-2.15112258,0.5739504100000001,0.0,1.0,0.0,0.0570457639405676,952.5056705837244
1668722538.1342978,16691.61,-5.610000000000582,-2.70058063,-0.5494580500000001,1.0,0.0,952.1856438480175,0.0,952.1856438480175
1668722599.1451037,16684.99,-6.619999999998981,-3.6103309,-0.90975027,1.0,0.0,952.1856438480175,0.0,952.1856438480175
1668722659.053817,16687.88,2.889999999999418,-3.48662947,0.1237014300000001,0.0,1.0,0.0,0.0570585145535572,952.1856438480175
1668722718.9734569,16687.45,-0.430000000000291,-3.68571464,-0.19908517,1.0,0.0,952.161108686758,0.0,952.161108686758
1668722780.4169066,16687.79,0.3400000000001455,-3.63723737,0.0484772700000002,0.0,1.0,0.0,0.0570573520332385,952.161108686758
1668722839.915383,16691.32,3.529999999998836,-3.12192151,0.5153158599999998,0.0,1.0,0.0,0.0570573520332385,952.3625211394344
1668722899.867855,16690.99,-0.3299999999981082,-3.00161533,0.12030618,0.0,1.0,0.0,0.0570573520332385,952.3436922132636
1668722961.1536157,16690.98,-0.0100000000020372,-2.77926859,0.2223467399999998,0.0,1.0,0.0,0.0570573520332385,952.3431216397432
1668723020.9431727,16685.24,-5.739999999997963,-3.40668823,-0.6274196399999998,1.0,0.0,952.0156124390724,0.0,952.0156124390724
1668723080.642339,16690.98,5.739999999997963,-2.65723888,0.7494493499999999,0.0,1.0,0.0,0.0570377301056662,952.0156124390724
1668723141.5519185,16691.58,0.6000000000021828,-2.34621087,0.3110280099999998,0.0,1.0,0.0,0.0570377301056662,952.049835077136
1668723201.6625886,16692.73,1.1499999999978172,-1.88974883,0.4564620400000001,0.0,1.0,0.0,0.0570377301056662,952.1154284667572
1668723261.585032,16693.01,0.2799999999988358,-1.6047537,0.28499513,0.0,1.0,0.0,0.0570377301056662,952.1313990311868
1668723323.0402887,16690.27,-2.7399999999979627,-1.76801221,-0.1632585099999999,1.0,0.0,951.9751156506974,0.0,951.9751156506974
1668723382.796484,16707.16,16.889999999999418,0.68308804,2.45110025,0.0,1.0,0.0,0.0569800681654271,951.9751156506974
1668723442.529364,16703.19,-3.970000000001164,0.91849714,0.2354091,0.0,1.0,0.0,0.0569800681654271,951.74890478008
1668723503.527347,16704.35,1.1599999999998545,1.51100478,0.5925076399999999,0.0,1.0,0.0,0.0569800681654271,951.815001659152
1668723563.426831,16705.84,1.4900000000016007,2.15175598,0.6407512,0.0,1.0,0.0,0.0569800681654271,951.8999019607186
1668723623.7311246,16723.57,17.729999999999563,4.99382385,2.84206787,0.0,1.0,0.0,0.0569800681654271,952.9101585692916
1668723684.238747,16706.93,-16.639999999999418,3.75567183,-1.2381520200000002,1.0,0.0,951.962010235019,0.0,951.962010235019
1668723744.1694405,16713.02,6.0900000000001455,4.64057417,0.88490234,0.0,1.0,0.0,0.0569593053939395,951.962010235019
1668723804.3014884,16716.27,3.25,5.40475687,0.7641827000000001,0.0,1.0,0.0,0.0569593053939395,952.1471279775492
1668723865.564224,16712.4,-3.869999999998981,5.12512128,-0.2796355899999998,1.0,0.0,951.9266954656746,0.0,951.9266954656746
1668723925.5298686,16697.75,-14.650000000001455,3.03979003,-2.0853312500000003,1.0,0.0,951.9266954656746,0.0,951.9266954656746
1668723985.5619864,16687.47,-10.279999999998836,0.88364142,-2.15614861,1.0,0.0,951.9266954656746,0.0,951.9266954656746
1668724046.2944698,16680.31,-7.159999999999855,-1.28342862,-2.16707004,1.0,0.0,951.9266954656746,0.0,951.9266954656746
1668724106.4696517,16688.36,8.049999999999272,-1.33306054,-0.0496319199999999,1.0,0.0,951.9266954656746,0.0,951.9266954656746
1668724166.5813632,16692.08,3.720000000001164,-1.39559724,-0.0625367000000001,1.0,0.0,951.9266954656746,0.0,951.9266954656746
1668724227.1185205,16682.21,-9.87000000000262,-2.99393538,-1.59833814,1.0,0.0,951.9266954656746,0.0,951.9266954656746
1668724287.238248,16673.25,-8.959999999999127,-4.86181359,-1.86787821,1.0,0.0,951.9266954656746,0.0,951.9266954656746
1668724347.1391163,16681.54,8.290000000000873,-4.60200919,0.2598043999999992,0.0,1.0,0.0,0.0570646772099982,951.9266954656746
1668724408.1814473,16679.25,-2.290000000000873,-5.1832142,-0.5812050099999997,1.0,0.0,951.7960173548624,0.0,951.7960173548624
1668724467.8690588,16677.74,-1.5099999999983993,-5.58859031,-0.4053761099999997,1.0,0.0,951.7960173548624,0.0,951.7960173548624
1668724528.155978,16692.14,14.399999999997815,-3.74022664,1.84836367,0.0,1.0,0.0,0.0570206107398369,951.7960173548624
1668724588.9755683,16705.86,13.720000000001164,-1.10668907,2.63353757,0.0,1.0,0.0,0.0570206107398369,952.5783401342115
1668724648.9317048,16711.66,5.799999999999272,0.77471225,1.88140132,0.0,1.0,0.0,0.0570206107398369,952.9090596765028
1668724709.0855093,16724.91,13.25,3.83234626,3.05763401,0.0,1.0,0.0,0.0570206107398369,953.6645827688056
1668724769.741599,16724.64,-0.2700000000004365,5.37771154,1.54536528,0.0,1.0,0.0,0.0570206107398369,953.6491872039056
1668724829.8726687,16712.18,-12.459999999999129,4.79103835,-0.58667319,1.0,0.0,952.9387103940876,0.0,952.9387103940876
1668724889.789487,16712.1,-0.0800000000017462,4.92003108,0.1289927300000002,0.0,1.0,0.0,0.0570208836946935,952.9387103940876
1668724950.6346045,16711.33,-0.7699999999967986,4.99993838,0.0799072999999994,0.0,1.0,0.0,0.0570208836946935,952.8948043136425
1668725010.5901225,16711.82,0.4899999999979627,5.03795738,0.0380190000000002,0.0,1.0,0.0,0.0570208836946935,952.9227445466528
1668725070.5508304,16715.32,3.5,5.41596479,0.3780074100000004,0.0,1.0,0.0,0.0570208836946935,953.122317639584
1668725131.8950946,16704.19,-11.13000000000102,3.96385865,-1.4521061400000002,1.0,0.0,952.4876752040622,0.0,952.4876752040622
1668725191.9004228,16700.26,-3.930000000000291,2.87418663,-1.08967202,1.0,0.0,952.4876752040622,0.0,952.4876752040622
1668725251.8143656,16702.68,2.420000000001892,2.57542095,-0.2987656800000002,1.0,0.0,952.4876752040622,0.0,952.4876752040622
1668725312.548263,16690.0,-12.680000000000293,0.36827062,-2.20715033,1.0,0.0,952.4876752040622,0.0,952.4876752040622
1668725372.5529408,16685.65,-4.349999999998545,-1.22333072,-1.59160134,1.0,0.0,952.4876752040622,0.0,952.4876752040622
1668725432.5427573,16687.2,1.5499999999992724,-1.92913639,-0.7058056699999999,1.0,0.0,952.4876752040622,0.0,952.4876752040622
1668725493.425419,16688.78,1.5799999999981085,-2.33365505,-0.4045186599999999,1.0,0.0,952.4876752040622,0.0,952.4876752040622
1668725553.4196866,16697.14,8.360000000000582,-1.59330191,0.7403531399999999,0.0,1.0,0.0,0.0570449595082787,952.4876752040622
1668725613.4122305,16696.97,-0.1699999999982537,-1.48911459,0.10418732,0.0,1.0,0.0,0.0570449595082787,952.4779775609444
1668725674.634522,16714.0,17.029999999998836,1.02813672,2.51725131,0.0,1.0,0.0,0.0570449595082787,953.4494532213704
1668725734.6348803,16721.83,7.830000000001746,3.03112743,2.00299071,0.0,1.0,0.0,0.0570449595082787,953.8961152543202
1668725794.5071237,16722.48,0.6499999999978172,4.16839398,1.13726655,0.0,1.0,0.0,0.0570449595082787,953.9331944780004
1668725855.365816,16716.85,-5.630000000001019,4.08795785,-0.0804361300000007,1.0,0.0,953.6120313559688,0.0,953.6120313559688
1668725915.583285,16716.58,-0.2699999999967986,4.33461242,0.2466545700000004,0.0,1.0,0.0,0.0570458808773067,953.6120313559688
1668725975.8293798,16721.54,4.959999999999127,5.30988807,0.9752756500000004,0.0,1.0,0.0,0.0570458808773067,953.8949789251192
1668726036.324549,16710.92,-10.62000000000262,4.13471482,-1.1751732500000005,1.0,0.0,953.289151670202,0.0,953.289151670202
1668726096.127428,16724.67,13.75,5.82793827,1.6932234499999996,0.0,1.0,0.0,0.0569989812456809,953.289151670202
1668726157.956533,16719.6,-5.069999999999709,5.49955366,-0.3283846099999996,1.0,0.0,953.0001668352864,0.0,953.0001668352864
1668726217.343044,16717.85,-1.75,5.20658772,-0.2929659400000002,1.0,0.0,953.0001668352864,0.0,953.0001668352864
1668726277.0986784,16698.55,-19.299999999999272,2.29879974,-2.90778798,1.0,0.0,953.0001668352864,0.0,953.0001668352864
1668726337.299778,16693.03,-5.520000000000437,0.42034039,-1.87845935,1.0,0.0,953.0001668352864,0.0,953.0001668352864
1668726398.3224,16698.9,5.870000000002619,0.17281735,-0.24752304,1.0,0.0,953.0001668352864,0.0,953.0001668352864
1668726458.1519809,16699.1,0.1999999999970896,-0.41667946,-0.58949681,1.0,0.0,953.0001668352864,0.0,953.0001668352864
1668726518.0376043,16709.56,10.460000000002765,0.59174837,1.00842783,0.0,1.0,0.0,0.0570332292912133,953.0001668352864
1668726579.2524817,16708.08,-1.4799999999995634,0.51336331,-0.07838506,1.0,0.0,952.9157576559352,0.0,952.9157576559352
1668726638.8996236,16690.83,-17.25,-1.84016986,-2.35353317,1.0,0.0,952.9157576559352,0.0,952.9157576559352
1668726699.0129695,16686.69,-4.140000000003056,-3.28570902,-1.44553916,1.0,0.0,952.9157576559352,0.0,952.9157576559352
1668726759.4362843,16690.01,3.319999999999709,-3.59773906,-0.3120300399999998,1.0,0.0,952.9157576559352,0.0,952.9157576559352
1668726818.8756864,16683.53,-6.479999999999563,-4.9247344,-1.3269953400000003,1.0,0.0,952.9157576559352,0.0,952.9157576559352
1668726879.0295944,16685.1,1.569999999999709,-5.28134497,-0.3566105699999999,1.0,0.0,952.9157576559352,0.0,952.9157576559352
1668726940.5134034,16690.44,5.3400000000001455,-4.84380296,0.4375420100000005,0.0,1.0,0.0,0.0570935072805711,952.9157576559352
1668726998.8471704,16683.45,-6.989999999997963,-5.699921,-0.8561180400000001,1.0,0.0,952.516674040044,0.0,952.516674040044
1668727058.906126,16680.65,-2.7999999999992724,-6.27858987,-0.5786688700000004,1.0,0.0,952.516674040044,0.0,952.516674040044
1668727118.931492,16681.28,0.6299999999973807,-6.45197964,-0.17338977,1.0,0.0,952.516674040044,0.0,952.516674040044
1668727179.150102,16690.93,9.650000000001455,-5.09529283,1.3566868100000002,0.0,1.0,0.0,0.0570679209630646,952.516674040044
1668727238.818157,16684.37,-6.56000000000131,-5.60037781,-0.5050849800000003,1.0,0.0,952.142308478526,0.0,952.142308478526
1668727298.8370829,16682.93,-1.4399999999986903,-5.66856392,-0.06818611,1.0,0.0,952.142308478526,0.0,952.142308478526
1668727359.023047,16686.85,3.9199999999982538,-5.02641037,0.6421535500000006,0.0,1.0,0.0,0.0570594395274438,952.142308478526
1668727419.072449,16688.41,1.5600000000013097,-4.59093021,0.43548016,0.0,1.0,0.0,0.0570594395274438,952.2313212041884
1668727478.9369488,16685.45,-2.959999999999127,-4.70330829,-0.11237808,1.0,0.0,952.0624252631872,0.0,952.0624252631872
1668727538.9147165,16676.55,-8.900000000001455,-5.76463286,-1.06132457,1.0,0.0,952.0624252631872,0.0,952.0624252631872
1668727598.8613255,16680.29,3.7400000000016007,-5.44551995,0.3191129099999994,0.0,1.0,0.0,0.0570770907018515,952.0624252631872
1668727658.6747105,16675.23,-5.06000000000131,-6.0824878,-0.6369678499999996,1.0,0.0,951.7736151842352,0.0,951.7736151842352
1668727718.8307655,16680.65,5.420000000001892,-5.42978846,0.6526993399999999,0.0,1.0,0.0,0.0570585447919736,951.7736151842352
1668727778.8097274,16675.39,-5.260000000002037,-5.93885035,-0.5090618899999999,1.0,0.0,951.4734872386286,0.0,951.4734872386286
1668727839.0679417,16685.26,9.86999999999898,-4.49797319,1.4408771600000003,0.0,1.0,0.0,0.0570247923759431,951.4734872386286
1668727899.126866,16679.46,-5.799999999999272,-4.74175349,-0.2437803,1.0,0.0,951.142743442848,0.0,951.142743442848
1668727959.0323894,16679.1,-0.3600000000005821,-4.6579369,0.0838165899999996,0.0,1.0,0.0,0.0570260231932687,951.142743442848
1668728019.0527334,16682.01,2.9099999999998545,-4.02729997,0.6306369300000005,0.0,1.0,0.0,0.0570260231932687,951.3086891703404
1668728078.977458,16678.99,-3.0199999999967986,-4.19414441,-0.1668444400000002,1.0,0.0,951.1364705802968,0.0,951.1364705802968
1668728138.9488044,16676.05,-2.9400000000023283,-4.50937368,-0.3152292700000005,1.0,0.0,951.1364705802968,0.0,951.1364705802968
1668728198.99378,16667.1,-8.950000000000728,-5.73140551,-1.2220318299999997,1.0,0.0,951.1364705802968,0.0,951.1364705802968
1668728258.9032626,16666.93,-0.1699999999982537,-6.08818386,-0.3567783499999999,1.0,0.0,951.1364705802968,0.0,951.1364705802968
1668728319.0811317,16674.81,7.880000000001019,-5.26677024,0.8214136200000004,0.0,1.0,0.0,0.0570403183352791,951.1364705802968
1668728378.9487112,16671.54,-3.270000000000437,-5.49378256,-0.22701232,1.0,0.0,950.949948739339,0.0,950.949948739339
1668728438.937265,16671.96,0.4199999999982537,-5.26664814,0.2271344199999996,0.0,1.0,0.0,0.0570388813756354,950.949948739339
1668728498.9897175,16671.2,-0.7599999999983993,-5.1144289,0.1522192399999999,0.0,1.0,0.0,0.0570388813756354,950.9065991894928
1668728558.8647273,16680.8,9.599999999998545,-3.58855475,1.52587415,0.0,1.0,0.0,0.0570388813756354,951.4541724506988
1668728618.7732391,16678.95,-1.8499999999985448,-3.14224496,0.4463097899999999,0.0,1.0,0.0,0.0570388813756354,951.348650520154
1668728678.9377625,16685.8,6.849999999998545,-1.69849657,1.44374839,0.0,1.0,0.0,0.0570388813756354,951.7393668575772
1668728739.0921714,16708.35,22.549999999999272,2.17888609,3.87738266,0.0,1.0,0.0,0.0570388813756354,953.0255936325976
1668728798.824211,16695.75,-12.599999999998545,1.98697601,-0.1919100800000002,1.0,0.0,952.3069037272649,0.0,952.3069037272649
1668728858.7746532,16701.68,5.930000000000291,3.43912368,1.4521476699999998,0.0,1.0,0.0,0.0570186294868099,952.3069037272649
1668728918.7994506,16693.43,-8.25,2.92996242,-0.50916126,1.0,0.0,951.836500033997,0.0,951.836500033997
1668728978.9697,16700.6,7.169999999998254,4.0987213,1.1687588800000004,0.0,1.0,0.0,0.0569941499128173,951.836500033997
1668729038.9057927,16701.99,1.390000000003056,4.7154631,0.6167417999999998,0.0,1.0,0.0,0.0569941499128173,951.9157219023756
1668729098.9038556,16694.51,-7.480000000003201,4.07827518,-0.6371879199999997,1.0,0.0,951.4894056610276,0.0,951.4894056610276
1668729158.82872,16695.45,0.9400000000023284,4.05483039,-0.0234447900000001,1.0,0.0,951.4894056610276,0.0,951.4894056610276
1668729219.1367664,16694.22,-1.2299999999995634,3.71020307,-0.3446273200000003,1.0,0.0,951.4894056610276,0.0,951.4894056610276
1668729278.9829004,16686.25,-7.970000000001164,2.44552667,-1.2646764,1.0,0.0,951.4894056610276,0.0,951.4894056610276
1668729338.7249668,16687.93,1.680000000000291,2.16108085,-0.2844458200000002,1.0,0.0,951.4894056610276,0.0,951.4894056610276
1668729398.9900494,16693.99,6.06000000000131,2.55305746,0.3919766099999999,0.0,1.0,0.0,0.0569959252198562,951.4894056610276
1668729458.962417,16696.01,2.0199999999967986,2.80100585,0.2479483900000003,0.0,1.0,0.0,0.0569959252198562,951.6045374299712
1668729519.0444958,16695.51,-0.5,2.82124145,0.0202355999999999,0.0,1.0,0.0,0.0569959252198562,951.5760394673612
1668729578.8976383,16695.5,-0.0099999999983992,2.82782174,0.00658029,0.0,1.0,0.0,0.0569959252198562,951.5754695081092
1668729638.9314718,16692.56,-2.9399999999986903,2.33702102,-0.4908007200000002,1.0,0.0,951.4079014879628,0.0,951.4079014879628
1668729698.9827323,16690.62,-1.9400000000023283,1.83659491,-0.5004261099999998,1.0,0.0,951.4079014879628,0.0,951.4079014879628
1668729758.9154203,16702.91,12.290000000000871,3.28093733,1.44434242,0.0,1.0,0.0,0.0569606075520949,951.4079014879628
1668729819.0781338,16708.94,6.029999999998836,4.4459022,1.16496487,0.0,1.0,0.0,0.0569606075520949,951.7513739515005
1668729879.0608313,16705.0,-3.9399999999986894,4.43898819,-0.00691401,1.0,0.0,951.5269491577452,0.0,951.5269491577452
1668729938.9120054,16715.51,10.5099999999984,6.06307765,1.6240894600000004,0.0,1.0,0.0,0.0569247931506574,951.5269491577452
1668729998.953846,16713.43,-2.0799999999981083,6.2767119,0.2136342499999992,0.0,1.0,0.0,0.0569247931506574,951.408545587992
1668730059.190901,16710.41,-3.020000000000437,6.1150186,-0.1616932999999996,1.0,0.0,951.2366327126769,0.0,951.2366327126769
1668730119.0504377,16720.73,10.319999999999707,7.56625834,1.45123974,0.0,1.0,0.0,0.0568896592859687,951.2366327126769
1668730178.997219,16728.82,8.090000000000146,9.11567214,1.549413799999999,0.0,1.0,0.0,0.0568896592859687,951.696870056299
1668730238.9455843,16729.97,1.1500000000014552,9.882664,0.766991860000001,0.0,1.0,0.0,0.0568896592859687,951.762293164478
1668730299.0122964,16851.18,121.20999999999913,27.61409335,17.73142935,0.0,1.0,0.0,0.0568896592859687,958.65788876653
1668730358.9926968,16908.43,57.25,41.45380303,13.839709680000002,0.0,1.0,0.0,0.0568896592859687,961.9148217606518
1668730418.812955,16887.31,-21.11999999999898,45.33392508,3.880122049999997,0.0,1.0,0.0,0.0568896592859687,960.7133121565322
1668730478.9839275,16884.21,-3.100000000002183,48.57028867,3.2363635899999963,0.0,1.0,0.0,0.0568896592859687,960.5369542127456
1668730539.0097077,16849.37,-34.840000000000146,46.12042958,-2.449859089999997,1.0,0.0,958.5549184832224,0.0,958.5549184832224
1668730599.2142055,16876.75,27.38000000000102,49.60019864,3.4797690600000024,0.0,1.0,0.0,0.0567973643315936,958.5549184832224
1668730658.9501889,16823.6,-53.150000000001455,42.37884516,-7.221353480000005,1.0,0.0,955.536138568998,0.0,955.536138568998
1668730718.9678886,16824.54,0.9400000000023284,39.9352984,-2.4435467599999967,1.0,0.0,955.536138568998,0.0,955.536138568998
1668730779.0728636,16843.23,18.68999999999869,40.05904262,0.1237442199999989,0.0,1.0,0.0,0.0567311696491111,955.536138568998
1668730839.0325384,16848.58,5.350000000002183,39.22359058,-0.8354520399999998,1.0,0.0,955.8396503266204,0.0,955.8396503266204
1668730898.9264944,16861.68,13.099999999998545,39.62505674,0.4014661599999982,0.0,1.0,0.0,0.0566870946623717,955.8396503266204
1668730959.0379205,16861.99,0.3100000000013097,38.88179671,-0.7432600299999947,1.0,0.0,955.857223325965,0.0,955.857223325965
1668731018.8614647,16857.09,-4.900000000001455,37.05432276,-1.8274739500000048,1.0,0.0,955.857223325965,0.0,955.857223325965
1668731078.9925704,16863.46,6.369999999998981,36.47043439,-0.5838883699999968,1.0,0.0,955.857223325965,0.0,955.857223325965
1668731139.0785716,16863.4,-0.0599999999976716,35.12083337,-1.3496010200000017,1.0,0.0,955.857223325965,0.0,955.857223325965
1668731199.045758,16873.24,9.840000000000146,34.98784185,-0.1329915199999973,1.0,0.0,955.857223325965,0.0,955.857223325965
1668731258.9084349,16873.65,0.4099999999998545,34.0564983,-0.9313435500000012,1.0,0.0,955.857223325965,0.0,955.857223325965
1668731319.05888,16852.4,-21.25,29.85662769,-4.199870610000001,1.0,0.0,955.857223325965,0.0,955.857223325965
1668731379.0914402,16850.97,-1.430000000000291,27.41344057,-2.443187120000001,1.0,0.0,955.857223325965,0.0,955.857223325965
1668731438.944189,16860.33,9.360000000000582,26.53688642,-0.8765541500000005,1.0,0.0,955.857223325965,0.0,955.857223325965
1668731499.061718,16876.76,16.429999999996653,27.33211197,0.7952255500000014,0.0,1.0,0.0,0.0566374839321033,955.857223325965
1668731559.0608728,16889.14,12.38000000000102,28.27749472,0.9453827500000004,0.0,1.0,0.0,0.0566374839321033,956.5583953770432
1668731618.9014804,16896.43,7.290000000000873,28.99521704,0.71772232,0.0,1.0,0.0,0.0566374839321033,956.9712826349082
1668731678.9931622,16889.17,-7.260000000002037,27.7451923,-1.2500247400000006,1.0,0.0,956.560094501561,0.0,956.560094501561
1668731738.9031177,16893.71,4.540000000000873,27.54517568,-0.2000166199999995,1.0,0.0,956.560094501561,0.0,956.560094501561
1668731798.9699967,16880.02,-13.68999999999869,24.82168747,-2.72348821,1.0,0.0,956.560094501561,0.0,956.560094501561
1668731859.3236015,16858.42,-21.600000000002183,20.2415952,-4.5800922700000015,1.0,0.0,956.560094501561,0.0,956.560094501561
1668731918.9117036,16851.97,-6.44999999999709,16.94695792,-3.29463728,1.0,0.0,956.560094501561,0.0,956.560094501561
1668731978.7812755,16846.03,-5.940000000002328,13.64849093,-3.29846699,1.0,0.0,956.560094501561,0.0,956.560094501561
1668732038.9937212,16875.29,29.26000000000204,15.36322922,1.7147382899999997,0.0,1.0,0.0,0.0566840685109151,956.560094501561
1668732099.0590696,16889.56,14.270000000000437,16.77386274,1.4106335199999993,0.0,1.0,0.0,0.0566840685109151,957.3689761592112
1668732158.943708,16896.13,6.569999999999709,17.7247886,0.9509258600000016,0.0,1.0,0.0,0.0566840685109151,957.741390489328
1668732219.0756364,16909.03,12.899999999997815,19.72881905,2.0040304499999984,0.0,1.0,0.0,0.0566840685109151,958.4726149731188
1668732278.9837716,16912.63,3.600000000002183,20.61406817,0.885249120000001,0.0,1.0,0.0,0.0566840685109151,958.676677619758
1668732339.0852473,16906.81,-5.819999999999709,20.19543293,-0.4186352400000004,1.0,0.0,958.3467763410246,0.0,958.3467763410246
1668732398.97633,16901.86,-4.950000000000728,19.30972718,-0.8857057499999996,1.0,0.0,958.3467763410246,0.0,958.3467763410246
1668732459.0523963,16893.34,-8.520000000000437,17.34455511,-1.9651720699999973,1.0,0.0,958.3467763410246,0.0,958.3467763410246
1668732519.020817,16892.43,-0.9099999999998544,16.03891676,-1.3056383500000024,1.0,0.0,958.3467763410246,0.0,958.3467763410246
1668732579.060007,16890.04,-2.389999999999418,14.53284895,-1.5060678099999991,1.0,0.0,958.3467763410246,0.0,958.3467763410246
1668732639.0296445,16890.31,0.2700000000004365,13.50971216,-1.0231367900000006,1.0,0.0,958.3467763410246,0.0,958.3467763410246
1668732699.1179037,16888.97,-1.3400000000001455,12.29847724,-1.211234919999999,1.0,0.0,958.3467763410246,0.0,958.3467763410246
1668732759.1210666,16879.47,-9.5,9.94954019,-2.34893705,1.0,0.0,958.3467763410246,0.0,958.3467763410246
1668732819.0613718,16879.99,0.5200000000004366,8.70434816,-1.24519203,1.0,0.0,958.3467763410246,0.0,958.3467763410246
1668732879.1544406,16884.31,4.319999999999709,8.10553755,-0.598810610000001,1.0,0.0,958.3467763410246,0.0,958.3467763410246
1668732939.1253376,16894.67,10.359999999996944,8.79301437,0.6874768200000005,0.0,1.0,0.0,0.056724799971886,958.3467763410246
1668732999.0049138,16917.75,23.080000000001743,11.85408196,3.0610675900000004,0.0,1.0,0.0,0.056724799971886,959.6559847243744
1668733059.1927097,16907.13,-10.61999999999898,11.17350711,-0.6805748500000011,1.0,0.0,959.053567348673,0.0,959.053567348673
1668733119.2298584,16910.08,2.950000000000728,11.59372373,0.4202166200000015,0.0,1.0,0.0,0.0567149042079441,959.053567348673
1668733179.2732515,16926.48,16.399999999997817,13.92480239,2.33107866,0.0,1.0,0.0,0.0567149042079441,959.9836917776817
1668733239.482977,16950.74,24.26000000000204,17.99692116,4.072118769999999,0.0,1.0,0.0,0.0567149042079441,961.3595953537664
1668733299.3784304,16943.14,-7.600000000002183,18.45939133,0.4624701699999995,0.0,1.0,0.0,0.0567149042079441,960.928562081786
1668733359.0344613,16965.66,22.52000000000044,22.19431708,3.734925750000002,0.0,1.0,0.0,0.0567149042079441,962.205781724549
1668733419.2087643,16987.68,22.02000000000044,26.63708173,4.442764649999997,0.0,1.0,0.0,0.0567149042079441,963.4546439152078
1668733479.0664437,16950.16,-37.52000000000044,23.07665571,-3.5604260199999977,1.0,0.0,961.3267007093258,0.0,961.3267007093258
1668733538.9750197,16961.46,11.299999999999272,23.91048705,0.8338313399999997,0.0,1.0,0.0,0.0566771198180655,961.3267007093258
1668733599.1895204,16943.3,-18.15999999999985,21.12465614,-2.7858309100000014,1.0,0.0,960.2974442134292,0.0,960.2974442134292
1668733659.1577208,16940.64,-2.6599999999998545,19.40900524,-1.7156509,1.0,0.0,960.2974442134292,0.0,960.2974442134292
1668733719.0655994,16935.49,-5.149999999997817,17.33915998,-2.069845259999997,1.0,0.0,960.2974442134292,0.0,960.2974442134292
1668733778.9782,16919.59,-15.900000000001455,13.53597336,-3.8031866200000017,1.0,0.0,960.2974442134292,0.0,960.2974442134292
1668733839.033537,16920.47,0.8800000000010186,11.56757818,-1.96839518,1.0,0.0,960.2974442134292,0.0,960.2974442134292
1668733898.9587672,16922.33,1.860000000000582,10.05337404,-1.5142041400000004,1.0,0.0,960.2974442134292,0.0,960.2974442134292
1668733960.0489025,16912.26,-10.070000000003349,7.21269407,-2.840679969999999,1.0,0.0,960.2974442134292,0.0,960.2974442134292
1668734019.1839654,16918.1,5.8400000000001455,6.359821,-0.8528730700000002,1.0,0.0,960.2974442134292,0.0,960.2974442134292
1668734079.257089,16913.77,-4.329999999998108,4.69932147,-1.66049953,1.0,0.0,960.2974442134292,0.0,960.2974442134292
1668734139.4757447,16913.36,-0.4099999999998545,3.49934643,-1.19997504,1.0,0.0,960.2974442134292,0.0,960.2974442134292
1668734199.60315,16915.71,2.349999999998545,2.83772524,-0.66162119,1.0,0.0,960.2974442134292,0.0,960.2974442134292
1668734259.6455033,16895.87,-19.840000000000146,-0.62448361,-3.46220885,1.0,0.0,960.2974442134292,0.0,960.2974442134292
1668734319.2458956,16903.96,8.090000000000146,-0.9456954,-0.32121179,1.0,0.0,960.2974442134292,0.0,960.2974442134292
1668734379.2157614,16902.27,-1.6899999999986903,-1.99578242,-1.05008702,1.0,0.0,960.2974442134292,0.0,960.2974442134292
1668734439.2091317,16901.61,-0.6599999999998545,-2.76647237,-0.7706899499999997,1.0,0.0,960.2974442134292,0.0,960.2974442134292
1668734499.1970184,16900.02,-1.5900000000001455,-3.42117776,-0.6547053900000002,1.0,0.0,960.2974442134292,0.0,960.2974442134292
1668734559.462577,16902.44,2.4199999999982538,-3.45135759,-0.0301798300000002,1.0,0.0,960.2974442134292,0.0,960.2974442134292
1668734619.0527492,16899.43,-3.0099999999984,-4.06867045,-0.6173128599999997,1.0,0.0,960.2974442134292,0.0,960.2974442134292
1668734679.1410718,16896.27,-3.1599999999998545,-4.7645355,-0.6958650500000001,1.0,0.0,960.2974442134292,0.0,960.2974442134292
1668734739.1658056,16902.16,5.889999999999418,-4.22530877,0.5392267300000002,0.0,1.0,0.0,0.0568150724057415,960.2974442134292
1668734799.3330395,16893.85,-8.31000000000131,-5.2975303,-1.0722215300000002,1.0,0.0,959.825310961736,0.0,959.825310961736
1668734859.0356946,16906.77,12.920000000001892,-3.78872413,1.5088061700000002,0.0,1.0,0.0,0.0567716548436949,959.825310961736
1668734919.123985,16905.4,-1.3699999999989814,-3.43194583,0.3567782999999997,0.0,1.0,0.0,0.0567716548436949,959.7475337946
1668734979.2931106,16907.92,2.5199999999967986,-2.74645888,0.68548695,0.0,1.0,0.0,0.0567716548436949,959.8905983648058
1668735039.0495458,16900.75,-7.169999999998254,-3.34979053,-0.6033316499999999,1.0,0.0,959.4835455995766,0.0,959.4835455995766
1668735099.174852,16896.66,-4.0900000000001455,-3.91436325,-0.5645727200000001,1.0,0.0,959.4835455995766,0.0,959.4835455995766
1668735159.3261304,16889.73,-6.930000000000291,-5.08229609,-1.1679328399999998,1.0,0.0,959.4835455995766,0.0,959.4835455995766
1668735219.1613328,16877.16,-12.569999999999707,-7.18215611,-2.0998600200000004,1.0,0.0,959.4835455995766,0.0,959.4835455995766
1668735279.266585,16878.1,0.9399999999986904,-7.88199785,-0.6998417400000001,1.0,0.0,959.4835455995766,0.0,959.4835455995766
1668735339.1708508,16891.53,13.430000000000293,-6.52845054,1.3535473100000006,0.0,1.0,0.0,0.0568026428393151,959.4835455995766
1668735399.1232698,16873.51,-18.02000000000044,-8.75094437,-2.2224938299999994,1.0,0.0,958.4599619756116,0.0,958.4599619756116
1668735459.304269,16877.66,4.150000000001455,-8.76522226,-0.0142778900000006,1.0,0.0,958.4599619756116,0.0,958.4599619756116
1668735518.980958,16875.52,-2.139999999999418,-9.18357959,-0.4183573300000009,1.0,0.0,958.4599619756116,0.0,958.4599619756116
1668735579.237182,16868.6,-6.920000000001892,-10.16880597,-0.9852263799999984,1.0,0.0,958.4599619756116,0.0,958.4599619756116
1668735639.2584755,16864.04,-4.559999999997672,-11.12268892,-0.9538829500000006,1.0,0.0,958.4599619756116,0.0,958.4599619756116
1668735699.230781,16878.69,14.649999999997815,-9.35294595,1.7697429699999994,0.0,1.0,0.0,0.0567852103436707,958.4599619756116
1668735758.9855056,16872.3,-6.389999999999418,-9.70768027,-0.3547343199999986,1.0,0.0,958.0971044815152,0.0,958.0971044815152
1668735819.041064,16869.4,-2.899999999997817,-9.85618189,-0.1485016200000011,1.0,0.0,958.0971044815152,0.0,958.0971044815152
1668735879.0288863,16865.45,-3.950000000000728,-10.28291835,-0.426736459999999,1.0,0.0,958.0971044815152,0.0,958.0971044815152
1668735939.021114,16865.37,-0.0800000000017462,-10.21825816,0.0646601899999996,0.0,1.0,0.0,0.0568085434521457,958.0971044815152
1668735998.9000096,16870.77,5.400000000001455,-9.31605251,0.9022056499999992,0.0,1.0,0.0,0.0568085434521457,958.4038706161562
1668736058.8672285,16875.93,5.159999999999855,-8.12908341,1.1869691000000009,0.0,1.0,0.0,0.0568085434521457,958.6970027003692
1668736118.888235,16872.18,-3.75,-7.9072058,0.2218776099999999,0.0,1.0,0.0,0.0568085434521457,958.4839706624236
1668736178.961736,16871.67,-0.5100000000020373,-7.48035622,0.4268495799999998,0.0,1.0,0.0,0.0568085434521457,958.454998305263
1668736238.9030783,16870.89,-0.7799999999988358,-7.10642878,0.3739274400000001,0.0,1.0,0.0,0.0568085434521457,958.4106876413704
1668736299.0652597,16868.29,-2.599999999998545,-7.05175542,0.0546733599999997,0.0,1.0,0.0,0.0568085434521457,958.2629854283948
1668736359.291013,16866.37,-1.920000000001892,-7.12541577,-0.0736603499999999,1.0,0.0,958.1539130249666,0.0,958.1539130249666
1668736418.891748,16867.5,1.1300000000010186,-6.73453536,0.3908804100000003,0.0,1.0,0.0,0.0568047376923057,958.1539130249666
1668736479.3012807,16867.34,-0.1599999999998544,-6.47728534,0.2572500199999998,0.0,1.0,0.0,0.0568047376923057,958.1448242669356
1668736539.0257154,16866.48,-0.8600000000005821,-6.3307381,0.1465472400000003,0.0,1.0,0.0,0.0568047376923057,958.0959721925202
1668736598.966856,16860.27,-6.209999999999127,-6.95038835,-0.6196502500000003,1.0,0.0,957.743214771451,0.0,957.743214771451
1668736659.0894742,16859.65,-0.6199999999989814,-7.05618551,-0.1057971599999998,1.0,0.0,957.743214771451,0.0,957.743214771451
1668736719.0620828,16865.01,5.359999999996944,-6.32380043,0.7323850799999994,0.0,1.0,0.0,0.0567887724212112,957.743214771451
1668736779.0360289,16881.56,16.55000000000291,-3.61087696,2.71292347,0.0,1.0,0.0,0.0567887724212112,958.6830689550222
1668736839.3360288,16889.82,8.2599999999984,-1.31092996,2.2999470000000004,0.0,1.0,0.0,0.0567887724212112,959.1521442152214
1668736898.922937,16879.29,-10.529999999998836,-1.42984937,-0.1189194099999999,1.0,0.0,958.554158441626,0.0,958.554158441626
1668736959.0140798,16884.74,5.450000000000728,-0.09151631,1.33833306,0.0,1.0,0.0,0.0567704423308636,958.554158441626
1668737019.2133813,16882.29,-2.450000000000728,0.17789586,0.26941217,0.0,1.0,0.0,0.0567704423308636,958.4150708579152
1668737085.868048,16875.73,-6.56000000000131,0.09489656,-0.0829992999999999,1.0,0.0,958.0426567562248,0.0,958.0426567562248
1668737139.7374656,16876.1,0.3699999999989813,-0.0131443,-0.10804086,1.0,0.0,958.0426567562248,0.0,958.0426567562248
1668737199.6956923,16867.92,-8.180000000000291,-1.15932647,-1.14618217,1.0,0.0,958.0426567562248,0.0,958.0426567562248
1668737260.3880894,16870.8,2.880000000001018,-1.19200039,-0.0326739199999999,1.0,0.0,958.0426567562248,0.0,958.0426567562248
1668737320.184522,16878.36,7.56000000000131,-0.31531368,0.87668671,0.0,1.0,0.0,0.0567615963136362,958.0426567562248
1668737380.2061722,16874.74,-3.619999999998981,-0.60908594,-0.29377226,1.0,0.0,957.8371797775694,0.0,957.8371797775694
1668737441.049462,16867.48,-7.260000000002037,-1.66561056,-1.0565246199999998,1.0,0.0,957.8371797775694,0.0,957.8371797775694
1668737501.123238,16862.71,-4.770000000000437,-2.66119373,-0.99558317,1.0,0.0,957.8371797775694,0.0,957.8371797775694
1668737561.073961,16864.5,1.7900000000008731,-2.92131102,-0.2601172900000001,1.0,0.0,957.8371797775694,0.0,957.8371797775694
1668737621.7220452,16864.3,-0.2000000000007276,-3.13004455,-0.2087335299999999,1.0,0.0,957.8371797775694,0.0,957.8371797775694
1668737681.8057456,16870.02,5.720000000001164,-2.42754621,0.70249834,0.0,1.0,0.0,0.0567774774290468,957.8371797775694
1668737744.1228936,16867.14,-2.880000000001018,-2.68258921,-0.2550430000000001,1.0,0.0,957.6736606425724,0.0,957.6736606425724
1668737803.3530462,16865.87,-1.2700000000004366,-2.82707725,-0.1444880399999997,1.0,0.0,957.6736606425724,0.0,957.6736606425724
1668737865.0196545,16852.84,-13.029999999998836,-4.7292343,-1.90215705,1.0,0.0,957.6736606425724,0.0,957.6736606425724
1668737926.4361331,16859.24,6.400000000001455,-4.44514784,0.2840864600000001,0.0,1.0,0.0,0.0568040825471713,957.6736606425724
1668737984.6210818,16845.14,-14.100000000002185,-6.18741785,-1.7422700100000004,1.0,0.0,956.8727230786571,0.0,956.8727230786571
1668738043.542211,16853.53,8.389999999999418,-6.26878081,-0.0813629599999998,1.0,0.0,956.8727230786571,0.0,956.8727230786571
1668738103.7412152,16853.07,-0.4599999999991269,-6.36726176,-0.0984809499999999,1.0,0.0,956.8727230786571,0.0,956.8727230786571
1668738164.8535206,16856.62,3.5499999999992724,-5.833769,0.5334927599999997,0.0,1.0,0.0,0.0567653968042618,956.8727230786571
1668738224.5654604,16871.23,14.610000000000582,-4.13223897,1.7015300299999998,0.0,1.0,0.0,0.0567653968042618,957.7020655259656
1668738285.0391111,16868.86,-2.3699999999989814,-3.36762627,0.7646127000000003,0.0,1.0,0.0,0.0567653968042618,957.5675315355396
1668738345.5194514,16877.66,8.799999999999272,-1.63856573,1.72906054,0.0,1.0,0.0,0.0567653968042618,958.0670670274172
1668738405.4146452,16879.23,1.569999999999709,-0.24199756,1.39656817,0.0,1.0,0.0,0.0567653968042618,958.1561887004
1668738465.464718,16876.97,-2.2599999999984,0.60673506,0.84873262,0.0,1.0,0.0,0.0567653968042618,958.0278989036224
1668738526.6807983,16876.78,-0.1900000000023283,1.08168137,0.4749463100000001,0.0,1.0,0.0,0.0567653968042618,958.0171134782294
1668738586.693956,16876.25,-0.5299999999988358,1.42341132,0.3417299499999999,0.0,1.0,0.0,0.0567653968042618,957.9870278179231
1668738646.703346,16879.08,2.8300000000017462,2.27318376,0.8497724400000002,0.0,1.0,0.0,0.0567653968042618,958.1476738908792
1668738707.559245,16870.98,-8.100000000002183,1.74086872,-0.5323150400000003,1.0,0.0,957.6878741767648,0.0,957.6878741767648
1668738767.2844198,16878.47,7.490000000001601,2.31439061,0.5735218899999999,0.0,1.0,0.0,0.0567402065576302,957.6878741767648
1668738827.386645,16886.72,8.25,3.6416126,1.3272219900000004,0.0,1.0,0.0,0.0567402065576302,958.1559808808652
1668738888.1929958,16879.91,-6.81000000000131,3.38761238,-0.25400022,1.0,0.0,957.7695800742076,0.0,957.7695800742076
1668738948.2173314,16892.98,13.069999999999707,5.37487921,1.98726683,0.0,1.0,0.0,0.0566963069910819,957.7695800742076
1668739008.2484894,16885.31,-7.669999999998254,5.28520396,-0.0896752499999999,1.0,0.0,957.3347193995852,0.0,957.3347193995852
1668739068.7886095,16885.35,0.0399999999972351,5.1642789,-0.1209250599999993,1.0,0.0,957.3347193995852,0.0,957.3347193995852
1668739129.2196343,16895.44,10.090000000000146,6.14769835,0.9834194499999996,0.0,1.0,0.0,0.056662313582812,957.3347193995852
1668739188.980565,16931.09,35.650000000001455,9.42426716,3.27656881,0.0,1.0,0.0,0.056662313582812,959.3547308788123
1668739250.032493,16928.28,-2.8100000000013097,11.74274294,2.31847578,0.0,1.0,0.0,0.056662313582812,959.1955097776446
1668739309.7685552,16961.84,33.56000000000131,17.58850834,5.845765400000001,0.0,1.0,0.0,0.056662313582812,961.097097021484
1668739369.829225,16951.65,-10.18999999999869,19.51137551,1.92286717,0.0,1.0,0.0,0.056662313582812,960.5197080460752
1668739430.7721689,16950.72,-0.930000000000291,20.72435774,1.212982229999998,0.0,1.0,0.0,0.056662313582812,960.467012094443
1668739490.9500213,16951.02,0.2999999999992724,22.36773102,1.6433732800000025,0.0,1.0,0.0,0.056662313582812,960.4840107885178
1668739550.3736496,16952.31,1.2900000000008731,23.28657901,0.9188479899999996,0.0,1.0,0.0,0.056662313582812,960.5571051730398
1668739611.889537,16933.43,-18.88000000000102,21.0297175,-2.25686151,1.0,0.0,959.4873206925962,0.0,959.4873206925962
1668739671.646078,16928.03,-5.400000000001455,18.95000094,-2.0797165600000014,1.0,0.0,959.4873206925962,0.0,959.4873206925962
1668739731.6047933,16935.66,7.630000000001019,18.48707772,-0.4629232200000004,1.0,0.0,959.4873206925962,0.0,959.4873206925962
1668739792.790458,16917.91,-17.75,15.34901001,-3.138067709999998,1.0,0.0,959.4873206925962,0.0,959.4873206925962
1668739852.745186,16921.55,3.639999999999418,14.03824081,-1.310769200000001,1.0,0.0,959.4873206925962,0.0,959.4873206925962
1668739912.624258,16928.94,7.389999999999418,12.90785902,-1.1303817899999995,1.0,0.0,959.4873206925962,0.0,959.4873206925962
1668739973.636769,16922.6,-6.3400000000001455,11.13304927,-1.7748097499999993,1.0,0.0,959.4873206925962,0.0,959.4873206925962
1668740033.625387,16933.67,11.069999999999707,10.64222994,-0.4908193300000008,1.0,0.0,959.4873206925962,0.0,959.4873206925962
1668740093.460886,16929.61,-4.059999999997672,10.17447605,-0.4677538899999991,1.0,0.0,959.4873206925962,0.0,959.4873206925962
1668740154.0703833,16925.84,-3.770000000000437,9.38950167,-0.7849743800000013,1.0,0.0,959.4873206925962,0.0,959.4873206925962
1668740214.4515946,16917.97,-7.869999999998981,7.55006764,-1.83943403,1.0,0.0,959.4873206925962,0.0,959.4873206925962
1668740274.140982,16906.62,-11.350000000002185,5.03414208,-2.5159255600000003,1.0,0.0,959.4873206925962,0.0,959.4873206925962
1668740335.17143,16897.0,-9.61999999999898,2.51463517,-2.51950691,1.0,0.0,959.4873206925962,0.0,959.4873206925962
1668740395.337545,16913.7,16.700000000000728,2.45231269,-0.0623224800000001,1.0,0.0,959.4873206925962,0.0,959.4873206925962
1668740455.069613,16926.89,13.18999999999869,3.35063686,0.89832417,0.0,1.0,0.0,0.0566842060586791,959.4873206925962
1668740516.079083,16937.81,10.920000000001892,4.70969665,1.35905979,0.0,1.0,0.0,0.0566842060586791,960.1063122227556
1668740576.261051,16934.74,-3.069999999999709,4.91582869,0.2061320399999999,0.0,1.0,0.0,0.0566842060586791,959.9322917101554
1668740636.2502775,16945.84,11.099999999998545,6.78072712,1.86489843,0.0,1.0,0.0,0.0566842060586791,960.5614863974066
1668740697.1580093,16930.84,-15.0,5.88099335,-0.8997337700000001,1.0,0.0,959.7112233065264,0.0,959.7112233065264
1668740757.049301,16940.18,9.340000000000146,6.47495868,0.5939653300000005,0.0,1.0,0.0,0.0566529531154052,959.7112233065264
1668740816.9234054,16927.65,-12.529999999998836,5.61465805,-0.8603006300000002,1.0,0.0,959.0013618039887,0.0,959.0013618039887
1668740877.8505511,16909.96,-17.69000000000233,3.02655001,-2.5881080400000003,1.0,0.0,959.0013618039887,0.0,959.0013618039887
1668740937.9290495,16908.52,-1.4399999999986903,1.5835776,-1.44297241,1.0,0.0,959.0013618039887,0.0,959.0013618039887
1668740997.5702238,16916.23,7.709999999999127,0.43509037,-1.14848723,1.0,0.0,959.0013618039887,0.0,959.0013618039887
1668741058.767739,16909.39,-6.8400000000001455,-0.58526529,-1.02035566,1.0,0.0,959.0013618039887,0.0,959.0013618039887
1668741118.6035352,16909.26,-0.1300000000010186,-1.64021741,-1.0549521199999998,1.0,0.0,959.0013618039887,0.0,959.0013618039887
1668741178.6894536,16910.28,1.0200000000004366,-1.87754137,-0.2373239600000001,1.0,0.0,959.0013618039887,0.0,959.0013618039887
1668741239.167532,16910.24,-0.0399999999972351,-2.4501746,-0.5726332299999999,1.0,0.0,959.0013618039887,0.0,959.0013618039887
1668741299.219396,16910.63,0.3899999999994179,-2.70413664,-0.2539620400000002,1.0,0.0,959.0013618039887,0.0,959.0013618039887
1668741359.721182,16907.19,-3.4400000000023283,-3.17498865,-0.4708520099999997,1.0,0.0,959.0013618039887,0.0,959.0013618039887
1668741420.3664372,16907.53,0.3400000000001455,-3.59710914,-0.4221204900000002,1.0,0.0,959.0013618039887,0.0,959.0013618039887
1668741480.0792303,16908.29,0.7600000000020373,-3.79809061,-0.2009814699999998,1.0,0.0,959.0013618039887,0.0,959.0013618039887
1668741540.3362806,16906.25,-2.040000000000873,-3.91174211,-0.1136515,1.0,0.0,959.0013618039887,0.0,959.0013618039887
1668741601.2610564,16903.33,-2.9199999999982538,-4.08859006,-0.1768479499999995,1.0,0.0,959.0013618039887,0.0,959.0013618039887
1668741660.9705548,16906.46,3.1299999999973807,-3.92601141,0.1625786499999995,0.0,1.0,0.0,0.0567239600604732,959.0013618039887
1668741720.9620638,16918.56,12.100000000002185,-2.69702769,1.22898372,0.0,1.0,0.0,0.0567239600604732,959.6877217207197
1668741781.6571853,16902.96,-15.600000000002185,-3.49689651,-0.7998688199999999,1.0,0.0,958.802827943776,0.0,958.802827943776
1668741841.884707,16907.22,4.260000000002037,-3.25505997,0.24183654,0.0,1.0,0.0,0.0567096677007678,958.802827943776
1668741902.038042,16918.38,11.159999999999854,-1.67869178,1.57636819,0.0,1.0,0.0,0.0567096677007678,959.435707835316
1668741963.173277,16907.11,-11.270000000000437,-2.06441541,-0.38572363,1.0,0.0,958.7965898803284,0.0,958.7965898803284
1668742022.9291568,16915.4,8.290000000000873,-0.97430555,1.09010986,0.0,1.0,0.0,0.0566818750889915,958.7965898803284
1668742083.5934591,16916.87,1.4699999999975262,-0.41264112,0.56166443,0.0,1.0,0.0,0.0566818750889915,958.8799122367076
1668742143.7578738,16917.44,0.569999999999709,-0.15108442,0.2615567,0.0,1.0,0.0,0.0566818750889915,958.9122209055084
1668742204.0057902,16918.02,0.5800000000017462,0.39080569,0.54189011,0.0,1.0,0.0,0.0566818750889915,958.94509639306
1668742264.0896351,16916.49,-1.5299999999988358,0.52769396,0.13688827,0.0,1.0,0.0,0.0566818750889915,958.858373124174
1668742324.891281,16917.61,1.1199999999989814,0.53852291,0.0108289499999999,0.0,1.0,0.0,0.0566818750889915,958.9218568242736
1668742385.2563512,16917.82,0.2099999999991268,0.8387677,0.30024479,0.0,1.0,0.0,0.0566818750889915,958.9337600180422
1668742444.8774464,16916.63,-1.1899999999986903,0.78401635,-0.0547513499999999,1.0,0.0,958.8663085866864,0.0,958.8663085866864
1668742506.0425675,16913.99,-2.639999999999418,0.62151578,-0.16250057,1.0,0.0,958.8663085866864,0.0,958.8663085866864
1668742565.538537,16912.34,-1.6500000000014552,0.38130039,-0.2402153899999999,1.0,0.0,958.8663085866864,0.0,958.8663085866864
1668742625.437282,16911.33,-1.0099999999983993,-0.30552339,-0.68682378,1.0,0.0,958.8663085866864,0.0,958.8663085866864
1668742686.702307,16908.35,-2.9800000000032014,-0.547447,-0.24192361,1.0,0.0,958.8663085866864,0.0,958.8663085866864
1668742746.8327286,16906.13,-2.219999999997526,-0.77625375,-0.2288067499999999,1.0,0.0,958.8663085866864,0.0,958.8663085866864
1668742806.9058747,16906.88,0.75,-1.05469849,-0.2784447400000001,1.0,0.0,958.8663085866864,0.0,958.8663085866864
1668742867.596177,16905.47,-1.4099999999998545,-1.6600738,-0.6053753099999999,1.0,0.0,958.8663085866864,0.0,958.8663085866864
1668742927.4296618,16910.3,4.829999999998108,-1.43928977,0.2207840299999999,0.0,1.0,0.0,0.0567030927060245,958.8663085866864
1668742987.8471997,16908.86,-1.4399999999986903,-1.66819846,-0.2289086899999999,1.0,0.0,958.7846561331894,0.0,958.7846561331894
1668743049.3142471,16907.01,-1.8500000000021828,-1.91599272,-0.24779426,1.0,0.0,958.7846561331894,0.0,958.7846561331894
1668743109.0991728,16904.06,-2.9499999999970896,-2.09127609,-0.17528337,1.0,0.0,958.7846561331894,0.0,958.7846561331894
1668743169.1378567,16893.54,-10.520000000000437,-3.48327288,-1.39199679,1.0,0.0,958.7846561331894,0.0,958.7846561331894
1668743229.9541078,16893.82,0.2799999999988358,-4.55910485,-1.07583197,1.0,0.0,958.7846561331894,0.0,958.7846561331894
1668743289.7186606,16887.19,-6.630000000001019,-5.46225253,-0.90314768,1.0,0.0,958.7846561331894,0.0,958.7846561331894
1668743349.9050767,16887.48,0.2900000000008731,-6.38829443,-0.9260419000000004,1.0,0.0,958.7846561331894,0.0,958.7846561331894
1668743410.7871747,16892.39,4.909999999999855,-6.27118782,0.1171066100000004,0.0,1.0,0.0,0.0567583779520357,958.7846561331892
1668743470.9213338,16886.69,-5.700000000000728,-6.79237918,-0.5211913600000004,1.0,0.0,958.4611333788616,0.0,958.4611333788616
1668743530.9297276,16878.7,-7.989999999997963,-7.9845547,-1.1921755200000002,1.0,0.0,958.4611333788616,0.0,958.4611333788616
1668743591.590196,16878.47,-0.2299999999995634,-8.21097645,-0.2264217500000001,1.0,0.0,958.4611333788616,0.0,958.4611333788616
1668743651.7822814,16877.93,-0.5400000000008731,-8.61509971,-0.4041232600000004,1.0,0.0,958.4611333788616,0.0,958.4611333788616
1668743711.594032,16871.71,-6.220000000001164,-9.3189706,-0.7038708899999992,1.0,0.0,958.4611333788616,0.0,958.4611333788616
1668743772.604919,16871.65,-0.0599999999976716,-9.68246172,-0.363491119999999,1.0,0.0,958.4611333788616,0.0,958.4611333788616
1668743832.3770385,16861.56,-10.090000000000146,-11.21482902,-1.5323673000000009,1.0,0.0,958.4611333788616,0.0,958.4611333788616
1668743892.7248745,16855.08,-6.479999999999563,-11.73175209,-0.5169230700000007,1.0,0.0,958.4611333788616,0.0,958.4611333788616
1668743953.0597568,16862.92,7.8399999999965075,-11.4191476,0.31260449,0.0,1.0,0.0,0.0568383846557335,958.4611333788616
1668744013.7200654,16859.35,-3.569999999999709,-12.14659695,-0.7274493499999988,1.0,0.0,958.2582203456406,0.0,958.2582203456406
1668744073.8051434,16860.68,1.3300000000017462,-12.28191377,-0.1353168199999999,1.0,0.0,958.2582203456406,0.0,958.2582203456406
1668744133.7970152,16863.42,2.7399999999979627,-12.06333827,0.2185755,0.0,1.0,0.0,0.0568246666658151,958.2582203456406
1668744194.0492678,16860.71,-2.709999999999127,-11.37405835,0.6892799199999988,0.0,1.0,0.0,0.0568246666658151,958.1042254989752
1668744254.3547568,16852.78,-7.930000000000291,-12.24319685,-0.8691385,1.0,0.0,957.6536058923152,0.0,957.6536058923152
1668744315.4815085,16851.47,-1.3099999999976717,-12.3866868,-0.1434899499999993,1.0,0.0,957.6536058923152,0.0,957.6536058923152
1668744374.815457,16849.89,-1.5800000000017462,-12.46000942,-0.0733226200000007,1.0,0.0,957.6536058923152,0.0,957.6536058923152
1668744435.2877948,16847.68,-2.209999999999127,-12.66977274,-0.2097633200000004,1.0,0.0,957.6536058923152,0.0,957.6536058923152
1668744496.2805345,16850.27,2.590000000000145,-12.16948204,0.5002907000000008,0.0,1.0,0.0,0.0568331312134651,957.6536058923152
1668744556.2122133,16846.78,-3.4900000000016007,-12.21854857,-0.0490665299999992,1.0,0.0,957.4552582643796,0.0,957.4552582643796
1668744616.055517,16842.05,-4.729999999999563,-12.64229859,-0.4237500199999999,1.0,0.0,957.4552582643796,0.0,957.4552582643796
1668744676.7989426,16803.35,-38.70000000000073,-17.9815806,-5.339282010000002,1.0,0.0,957.4552582643796,0.0,957.4552582643796
1668744736.7871175,16802.83,-0.5199999999967986,-19.55551179,-1.5739311899999997,1.0,0.0,957.4552582643796,0.0,957.4552582643796
1668744797.0295138,16789.91,-12.920000000001892,-22.41969706,-2.86418527,1.0,0.0,957.4552582643796,0.0,957.4552582643796
1668744858.8872511,16795.73,5.819999999999709,-22.77799861,-0.3583015500000002,1.0,0.0,957.4552582643796,0.0,957.4552582643796
1668744919.0457244,16794.85,-0.8800000000010186,-23.23924638,-0.4612477699999999,1.0,0.0,957.4552582643796,0.0,957.4552582643796
1668744978.9735994,16812.65,17.80000000000291,-20.84900831,2.3902380700000023,0.0,1.0,0.0,0.0569485035532399,957.4552582643796
1668745039.595613,16811.81,-0.8400000000001455,-19.89305521,0.9559530999999986,0.0,1.0,0.0,0.0569485035532399,957.4074215213942
1668745099.212283,16814.21,2.399999999997817,-18.56686774,1.3261874700000007,0.0,1.0,0.0,0.0569485035532399,957.5440979299218
1668745159.665279,16815.36,1.1500000000014552,-17.30305975,1.26380799,0.0,1.0,0.0,0.0569485035532399,957.6095887090082
1668745220.3889976,16810.25,-5.110000000000582,-16.91057267,0.3924870799999986,0.0,1.0,0.0,0.0569485035532399,957.3185818558512
1668745280.4311583,16816.74,6.490000000001601,-15.1735405,1.7370321700000009,0.0,1.0,0.0,0.0569485035532399,957.6881776439116
1668745340.5235703,16818.98,2.2399999999979627,-13.72866975,1.4448707499999998,0.0,1.0,0.0,0.0569485035532399,957.8157422918708
1668745401.08548,16812.18,-6.799999999999272,-13.61906414,0.1096056099999991,0.0,1.0,0.0,0.0569485035532399,957.4284924677088
1668745460.9423726,16817.37,5.18999999999869,-12.12024572,1.498818420000001,0.0,1.0,0.0,0.0569485035532399,957.72405520115
1668745520.6600783,16811.59,-5.779999999998836,-11.96990771,0.1503380100000004,0.0,1.0,0.0,0.0569485035532399,957.3948928506125
1668745581.8347166,16807.15,-4.43999999999869,-11.9821147,-0.012206990000001,1.0,0.0,957.142041494836,0.0,957.142041494836
1668745641.7962103,16797.9,-9.25,-12.88523554,-0.9031208399999996,1.0,0.0,957.142041494836,0.0,957.142041494836
1668745701.838704,16793.91,-3.9900000000016007,-13.49101138,-0.6057758399999997,1.0,0.0,957.142041494836,0.0,957.142041494836
1668745762.8617806,16791.27,-2.639999999999418,-13.87570284,-0.3846914600000009,1.0,0.0,957.142041494836,0.0,957.142041494836
1668745822.544709,16785.77,-5.5,-14.63146664,-0.7557637999999987,1.0,0.0,957.142041494836,0.0,957.142041494836
1668745882.4941604,16782.35,-3.420000000001892,-15.14544138,-0.5139747400000001,1.0,0.0,957.142041494836,0.0,957.142041494836
1668745943.5324972,16785.52,3.170000000001892,-14.80064427,0.34479711,0.0,1.0,0.0,0.0570218880019705,957.142041494836
1668746003.5425324,16806.25,20.729999999999563,-11.59389007,3.206754199999999,0.0,1.0,0.0,0.0570218880019705,958.3241052331168
1668746063.473225,16807.08,0.8300000000017462,-10.16828499,1.4256050800000004,0.0,1.0,0.0,0.0570218880019705,958.3714334001584
1668746124.22587,16809.47,2.389999999999418,-8.6082486,1.5600363900000005,0.0,1.0,0.0,0.0570218880019705,958.5077157124832
1668746184.21335,16806.39,-3.0800000000017462,-7.87266843,0.7355801699999995,0.0,1.0,0.0,0.0570218880019705,958.3320882974368
1668746244.277139,16817.2,10.81000000000131,-5.48601522,2.3866532100000004,0.0,1.0,0.0,0.0570218880019705,958.9484949067383
1668746305.2498565,16819.82,2.6199999999989814,-3.85886132,1.6271538999999997,0.0,1.0,0.0,0.0570218880019705,959.0978922533036
1668746365.2166617,16815.29,-4.529999999998836,-3.34540258,0.5134587399999999,0.0,1.0,0.0,0.0570218880019705,958.8395831006544
1668746425.0873628,16812.13,-3.1599999999998545,-3.12275998,0.2226425999999999,0.0,1.0,0.0,0.0570218880019705,958.6593939345684
1668746486.3205268,16814.95,2.819999999999709,-2.26712267,0.8556373100000001,0.0,1.0,0.0,0.0570218880019705,958.820195658734
1668746545.8706183,16813.97,-0.9799999999995634,-1.87882427,0.3882984,0.0,1.0,0.0,0.0570218880019705,958.764314208492
1668746605.9990337,16814.62,0.6499999999978172,-1.43331448,0.44550979,0.0,1.0,0.0,0.0570218880019705,958.8013784356932
1668746667.6277757,16813.87,-0.75,-1.18083108,0.2524834,0.0,1.0,0.0,0.0570218880019705,958.7586120196916
1668746727.402258,16817.57,3.700000000000728,-0.39964387,0.7811872099999999,0.0,1.0,0.0,0.0570218880019705,958.969593005299
1668746787.4660933,16817.0,-0.569999999999709,-0.09487299,0.30477088,0.0,1.0,0.0,0.0570218880019705,958.937090529138
1668746848.4091582,16813.71,-3.290000000000873,-0.30048261,-0.20560962,1.0,0.0,958.7494885176112,0.0,958.7494885176112
1668746908.0599744,16818.58,4.870000000002619,0.47987575,0.7803583599999999,0.0,1.0,0.0,0.0570053767034797,958.7494885176112
1668746968.9272428,16830.66,12.079999999998108,2.46096052,1.98108477,0.0,1.0,0.0,0.0570053767034797,959.4381134681876
1668747029.33341,16826.98,-3.680000000000291,2.70983949,0.2488789699999998,0.0,1.0,0.0,0.0570053767034797,959.2283336819188
1668747089.127432,16828.22,1.2400000000016007,3.25213662,0.5422971300000001,0.0,1.0,0.0,0.0570053767034797,959.2990203490313
1668747149.7168405,16825.26,-2.960000000002765,3.21463263,-0.0375039899999998,1.0,0.0,959.1302844339888,0.0,959.1302844339888
1668747209.8127103,16822.61,-2.649999999997817,2.87460376,-0.3400288700000002,1.0,0.0,959.1302844339888,0.0,959.1302844339888
1668747269.7643764,16824.29,1.680000000000291,3.01980265,0.14519889,0.0,1.0,0.0,0.0570086633334297,959.1302844339888
1668747329.967672,16822.48,-1.8100000000013097,2.74382665,-0.275976,1.0,0.0,959.0270987533544,0.0,959.0270987533544
1668747391.0823803,16821.31,-1.1699999999982538,2.49880108,-0.2450255700000001,1.0,0.0,959.0270987533544,0.0,959.0270987533544
1668747451.9468997,16818.91,-2.400000000001455,1.88012906,-0.6186720199999998,1.0,0.0,959.0270987533544,0.0,959.0270987533544
1668747511.027418,16818.47,-0.4399999999986903,1.53366226,-0.3464667999999999,1.0,0.0,959.0270987533544,0.0,959.0270987533544
1668747572.0334568,16812.75,-5.720000000001164,0.39158183,-1.14208043,1.0,0.0,959.0270987533544,0.0,959.0270987533544
1668747631.6387494,16808.69,-4.06000000000131,-0.6509832,-1.04256503,1.0,0.0,959.0270987533544,0.0,959.0270987533544
1668747691.5216198,16804.25,-4.43999999999869,-1.83429055,-1.18330735,1.0,0.0,959.0270987533544,0.0,959.0270987533544
1668747752.3743503,16809.01,4.759999999998399,-1.77901013,0.0552804199999998,0.0,1.0,0.0,0.0570543475643928,959.0270987533544
1668747812.1466837,16821.05,12.040000000000871,-0.37513653,1.4038736,0.0,1.0,0.0,0.0570543475643928,959.7140330980296
1668747872.378415,16818.6,-2.450000000000728,-0.35361307,0.02152346,0.0,1.0,0.0,0.0570543475643928,959.5742499464968
1668747933.3796723,16818.04,-0.5599999999976717,-0.19661447,0.1569985999999999,0.0,1.0,0.0,0.0570543475643928,959.5422995118608
1668747993.6685488,16819.41,1.3699999999989814,0.1680288,0.36464327,0.0,1.0,0.0,0.0570543475643928,959.620463968024
1668748054.067701,16824.06,4.650000000001455,0.98788968,0.81986088,0.0,1.0,0.0,0.0570543475643928,959.8857666841984
1668748114.1239233,16820.8,-3.2600000000020373,0.86750847,-0.12038121,1.0,0.0,959.6997695111384,0.0,959.6997695111384
1668748174.041299,16825.94,5.139999999999418,1.75155309,0.8840446200000001,0.0,1.0,0.0,0.0570369185621212,959.6997695111384
1668748234.1974294,16829.27,3.3300000000017462,2.5149601,0.7634070100000001,0.0,1.0,0.0,0.0570369185621212,959.8897024499496
1668748294.922214,16828.53,-0.7400000000016007,2.84743513,0.3324750299999999,0.0,1.0,0.0,0.0570369185621212,959.8474951302136
1668748354.8737464,16829.28,0.75,3.15086899,0.3034338600000001,0.0,1.0,0.0,0.0570369185621212,959.890272819135
1668748415.2332833,16837.55,8.270000000000437,4.47488789,1.3240188999999996,0.0,1.0,0.0,0.0570369185621212,960.3619681356438
1668748475.989813,16830.7,-6.849999999998545,4.01852229,-0.4563655999999998,1.0,0.0,959.9712652434932,0.0,959.9712652434932
1668748535.969588,16827.54,-3.1599999999998545,3.50234714,-0.51617515,1.0,0.0,959.9712652434932,0.0,959.9712652434932
1668748595.8211646,16830.9,3.360000000000582,3.73063862,0.2282914800000002,0.0,1.0,0.0,0.0570362407977881,959.9712652434932
1668748656.8730896,16840.75,9.849999999998545,5.02799836,1.2973597399999997,0.0,1.0,0.0,0.0570362407977881,960.53307221535
1668748716.81678,16838.18,-2.569999999999709,5.11648579,0.0884874299999998,0.0,1.0,0.0,0.0570362407977881,960.3864890764996
1668748776.827499,16838.62,0.4399999999986903,5.27654572,0.16005993,0.0,1.0,0.0,0.0570362407977881,960.4115850224506
1668748837.5666928,16842.27,3.650000000001455,5.84135181,0.5648060900000003,0.0,1.0,0.0,0.0570362407977881,960.6197673013628
1668748897.533285,16836.85,-5.420000000001892,5.20617879,-0.6351730199999999,1.0,0.0,960.3106308762384,0.0,960.3106308762384
1668748957.5550263,16840.9,4.05000000000291,5.60797139,0.4017926000000003,0.0,1.0,0.0,0.0570225243826777,960.3106308762384
1668749018.431835,16836.79,-4.110000000000582,5.06292093,-0.5450504600000006,1.0,0.0,960.076268301024,0.0,960.076268301024
1668749078.4867785,16837.74,0.9500000000007276,4.9035078,-0.1594131299999999,1.0,0.0,960.076268301024,0.0,960.076268301024
1668749138.585512,16830.69,-7.05000000000291,3.69425076,-1.2092570399999998,1.0,0.0,960.076268301024,0.0,960.076268301024
1668749199.5361545,16831.98,1.2900000000008731,3.32770646,-0.3665443000000001,1.0,0.0,960.076268301024,0.0,960.076268301024
1668749259.5803063,16829.4,-2.5799999999981083,2.53262957,-0.7950768899999998,1.0,0.0,960.076268301024,0.0,960.076268301024
1668749319.392413,16828.39,-1.0100000000020373,1.92431658,-0.6083129900000002,1.0,0.0,960.076268301024,0.0,960.076268301024
1668749380.3442943,16825.48,-2.9099999999998545,1.07754819,-0.84676839,1.0,0.0,960.076268301024,0.0,960.076268301024
1668749440.509061,16831.14,5.659999999999855,1.38383112,0.30628293,0.0,1.0,0.0,0.0570416661201216,960.076268301024
1668749500.357194,16828.43,-2.709999999999127,0.83608022,-0.5477508999999999,1.0,0.0,959.921685385838,0.0,959.921685385838
1668749561.1000988,16820.18,-8.25,-0.55706458,-1.3931448,1.0,0.0,959.921685385838,0.0,959.921685385838
1668749621.1922047,16814.12,-6.06000000000131,-1.99566542,-1.43860084,1.0,0.0,959.921685385838,0.0,959.921685385838
1668749681.1067011,16805.63,-8.489999999997963,-3.94600667,-1.95034125,1.0,0.0,959.921685385838,0.0,959.921685385838
1668749742.21243,16804.54,-1.0900000000001455,-5.75977585,-1.8137691799999995,1.0,0.0,959.921685385838,0.0,959.921685385838
1668749803.4641988,16812.13,7.5900000000001455,-5.66266384,0.09711201,0.0,1.0,0.0,0.0570969701867543,959.921685385838
1668749862.0194898,16813.87,1.7399999999979627,-5.30670118,0.3559626599999994,0.0,1.0,0.0,0.0570969701867543,960.0210341139624
1668749923.3349996,16816.65,2.780000000002474,-4.56053431,0.7461668699999997,0.0,1.0,0.0,0.0570969701867543,960.1797636910818
1668749983.254259,16802.75,-13.900000000001455,-5.75157572,-1.1910414099999995,1.0,0.0,959.3861158054858,0.0,959.3861158054858
1668750042.9664652,16803.01,0.2599999999983993,-6.18204089,-0.4304651699999997,1.0,0.0,959.3861158054858,0.0,959.3861158054858
1668750103.7700436,16814.11,11.100000000002185,-5.15672799,1.0253128999999994,0.0,1.0,0.0,0.0570583941585659,959.3861158054858
1668750163.7996182,16806.01,-8.100000000002183,-5.17576961,-0.0190416199999994,1.0,0.0,958.9239428128,0.0,958.9239428128
1668750223.7577698,16802.66,-3.349999999998545,-5.83438579,-0.6586161800000001,1.0,0.0,958.9239428128,0.0,958.9239428128
1668750284.683454,16802.81,0.1500000000014552,-5.97114806,-0.1367622700000001,1.0,0.0,958.9239428128,0.0,958.9239428128
1668750344.8124175,16799.98,-2.8300000000017462,-6.38242951,-0.4112814499999997,1.0,0.0,958.9239428128,0.0,958.9239428128
1668750405.153495,16786.12,-13.860000000000582,-7.92186841,-1.5394389000000004,1.0,0.0,958.9239428128,0.0,958.9239428128
1668750465.6043682,16796.31,10.190000000002328,-7.59708595,0.3247824599999998,0.0,1.0,0.0,0.0570913458261249,958.9239428128
1668750525.5539324,16804.21,7.899999999997817,-6.79689946,0.8001864900000006,0.0,1.0,0.0,0.0570913458261249,959.3749644448262
1668750585.637312,16808.53,4.319999999999709,-5.77298823,1.0239112299999995,0.0,1.0,0.0,0.0570913458261249,959.6215990587953
1668750646.3654385,16806.61,-1.919999999998253,-5.03239986,0.7405883700000002,0.0,1.0,0.0,0.0570913458261249,959.511983674809
1668750706.4995174,16808.3,1.6899999999986903,-3.73085019,1.30154967,0.0,1.0,0.0,0.0570913458261249,959.6084680492552
1668750766.5299034,16810.94,2.639999999999418,-3.18882832,0.5420218700000001,0.0,1.0,0.0,0.0570913458261249,959.759189202236
1668750827.333479,16808.15,-2.789999999997235,-3.09594259,0.0928857299999998,0.0,1.0,0.0,0.0570913458261249,959.5999043473812
1668750887.3832965,16805.66,-2.4900000000016007,-2.85135903,0.2445835600000001,0.0,1.0,0.0,0.0570913458261249,959.4577468962742
1668750947.198566,16804.53,-1.1300000000010186,-3.05846566,-0.2071066300000001,1.0,0.0,959.3932336754906,0.0,959.3932336754906
1668751008.301145,16811.56,7.030000000002474,-2.35203115,0.7064345099999998,0.0,1.0,0.0,0.0570674722438304,959.3932336754906
1668751068.3416734,16807.35,-4.210000000002765,-2.22963796,0.1223931900000003,0.0,1.0,0.0,0.0570674722438304,959.1529796173428
1668751128.4406157,16801.93,-5.419999999998254,-2.39366184,-0.1640238800000002,1.0,0.0,958.8436739177812,0.0,958.8436739177812
1668751189.1468582,16806.38,4.450000000000728,-2.16871548,0.2249463600000001,0.0,1.0,0.0,0.057052361895767,958.8436739177812
1668751249.0479524,16805.15,-1.2299999999995634,-2.23286769,-0.06415221,1.0,0.0,958.7734995126488,0.0,958.7734995126488
1668751309.0548148,16817.31,12.159999999999854,-0.74082773,1.49203996,0.0,1.0,0.0,0.0570111093577182,958.7734995126488
1668751369.878376,16815.01,-2.3000000000029104,-0.31427471,0.42655302,0.0,1.0,0.0,0.0570111093577182,958.642373961125
1668751429.9081223,16818.78,3.770000000000437,0.56887812,0.88315283,0.0,1.0,0.0,0.0570111093577182,958.8573058434037
1668751489.967377,16821.18,2.400000000001455,1.31912805,0.75024993,0.0,1.0,0.0,0.0570111093577182,958.9941325058622
1668751550.9937897,16810.68,-10.5,0.95473052,-0.3643975299999999,1.0,0.0,958.3955158576064,0.0,958.3955158576064
1668751610.8588042,16800.52,-10.159999999999854,-0.25207522,-1.20680574,1.0,0.0,958.3955158576064,0.0,958.3955158576064
1668751670.8031309,16799.04,-1.4799999999995634,-1.06138854,-0.80931332,1.0,0.0,958.3955158576064,0.0,958.3955158576064
1668751731.839181,16790.54,-8.5,-2.65510563,-1.59371709,1.0,0.0,958.3955158576064,0.0,958.3955158576064
1668751791.730865,16781.15,-9.389999999999418,-4.59717407,-1.9420684400000003,1.0,0.0,958.3955158576064,0.0,958.3955158576064
1668751852.0542169,16799.9,18.75,-3.61186586,0.9853082100000004,0.0,1.0,0.0,0.0570476917039748,958.3955158576064
1668751912.5108871,16795.37,-4.530000000002474,-3.91166038,-0.2997945199999998,1.0,0.0,958.1370898141872,0.0,958.1370898141872
1668751972.503003,16790.04,-5.329999999998108,-5.09409085,-1.18243047,1.0,0.0,958.1370898141872,0.0,958.1370898141872
1668752033.0011137,16756.36,-33.68000000000029,-8.5167007,-3.42260985,1.0,0.0,958.1370898141872,0.0,958.1370898141872
1668752093.7382226,16772.11,15.75,-9.02309082,-0.5063901200000007,1.0,0.0,958.1370898141872,0.0,958.1370898141872
1668752153.609003,16772.7,0.5900000000001455,-9.90028732,-0.8771965000000002,1.0,0.0,958.1370898141872,0.0,958.1370898141872
1668752213.8242006,16778.03,5.329999999998108,-9.31506244,0.5852248800000002,0.0,1.0,0.0,0.0571066501737204,958.1370898141872
1668752274.5148432,16780.27,2.2400000000016007,-9.11185679,0.203205650000001,0.0,1.0,0.0,0.0571066501737204,958.2650087105752
1668752334.9812872,16776.66,-3.610000000000582,-9.686934,-0.5750772100000017,1.0,0.0,958.058853703448,0.0,958.058853703448
1668752394.3812337,16776.6,-0.0600000000013096,-9.1579418,0.5289922000000011,0.0,1.0,0.0,0.0571068544105151,958.058853703448
1668752455.228125,16780.28,3.680000000000291,-8.54251464,0.6154271599999994,0.0,1.0,0.0,0.0571068544105151,958.2690069276782
1668752515.2799854,16784.95,4.670000000001892,-7.5591405,0.9833741400000005,0.0,1.0,0.0,0.0571068544105151,958.5356959377756
1668752575.153297,16780.07,-4.880000000001019,-7.62578458,-0.0666440800000005,1.0,0.0,958.257014488252,0.0,958.257014488252
1668752635.9723964,16770.4,-9.669999999998254,-8.13595202,-0.5101674399999991,1.0,0.0,958.257014488252,0.0,958.257014488252
1668752696.057788,16771.55,1.1499999999978172,-8.00288748,0.1330645399999994,0.0,1.0,0.0,0.0571358648716577,958.257014488252
1668752756.0133848,16777.2,5.650000000001455,-7.24755182,0.7553356600000001,0.0,1.0,0.0,0.0571358648716577,958.5798321247756
1668752817.243513,16774.43,-2.770000000000437,-7.09188086,0.1556709600000001,0.0,1.0,0.0,0.0571358648716577,958.4215657790812
1668752876.939673,16769.89,-4.540000000000873,-7.37714105,-0.2852601899999998,1.0,0.0,958.1621689525635,0.0,958.1621689525635
1668752937.025113,16763.75,-6.139999999999418,-7.66968472,-0.2925436700000006,1.0,0.0,958.1621689525635,0.0,958.1621689525635
1668752997.7111702,16758.51,-5.240000000001601,-8.70088139,-1.031196669999999,1.0,0.0,958.1621689525635,0.0,958.1621689525635
1668753057.7255852,16764.13,5.620000000002619,-8.57770042,0.1231809699999999,0.0,1.0,0.0,0.0571554962263215,958.1621689525635
1668753117.8448515,16763.92,-0.2100000000027648,-8.16567313,0.4120272899999992,0.0,1.0,0.0,0.0571554962263215,958.1501662983554
1668753178.7384422,16764.23,0.3100000000013097,-7.8839048,0.2817683300000002,0.0,1.0,0.0,0.0571554962263215,958.1678845021858
1668753238.4811091,16770.31,6.080000000001746,-7.18202243,0.7018823699999999,0.0,1.0,0.0,0.0571554962263215,958.515389919242
1668753298.620088,16766.94,-3.37000000000262,-6.74211662,0.4399058099999999,0.0,1.0,0.0,0.0571554962263215,958.322775896959
1668753360.0118265,16766.17,-0.7700000000004366,-6.38197961,0.3601370099999998,0.0,1.0,0.0,0.0571554962263215,958.2787661648648
1668753419.636624,16760.14,-6.029999999998836,-6.68238201,-0.3004024000000003,1.0,0.0,957.93411852262,0.0,957.93411852262
1668753480.061331,16768.65,8.510000000002037,-6.00125115,0.6811308600000006,0.0,1.0,0.0,0.0571264901183231,957.93411852262
1668753540.6688588,16777.28,8.62999999999738,-4.47038474,1.5308664099999998,0.0,1.0,0.0,0.0571264901183231,958.4271201323396
1668753600.8574612,16777.21,-0.0699999999997089,-3.52526821,0.94511653,0.0,1.0,0.0,0.0571264901183231,958.4231212780315
1668753660.4428957,16778.21,1.0,-2.80063149,0.7246367200000003,0.0,1.0,0.0,0.0571264901183231,958.48024776815
1668753721.2634842,16781.33,3.12000000000262,-1.85554658,0.9450849099999998,0.0,1.0,0.0,0.0571264901183231,958.6584824173192
1668753781.5243604,16783.61,2.279999999998836,-0.92595779,0.92958879,0.0,1.0,0.0,0.0571264901183231,958.7887308147888
1668753841.3259404,16783.97,0.3600000000005821,-0.16591589,0.7600419,0.0,1.0,0.0,0.0571264901183231,958.8092963512316
1668753902.35937,16785.53,1.5599999999976717,0.40125411,0.56717,0.0,1.0,0.0,0.0571264901183231,958.898413675816
1668753962.3991778,16786.81,1.2800000000024738,0.86346337,0.4622092599999999,0.0,1.0,0.0,0.0571264901183231,958.9715355831676
1668754022.3168976,16779.62,-7.190000000002328,0.55446301,-0.30900036,1.0,0.0,958.5607961192168,0.0,958.5607961192168
1668754083.270071,16785.45,5.830000000001746,1.08753006,0.53306705,0.0,1.0,0.0,0.0571066486819964,958.5607961192168
1668754143.1183674,16795.27,9.819999999999707,2.6415269,1.5539968400000002,0.0,1.0,0.0,0.0571066486819964,959.1215834092736
1668754203.1168818,16795.4,0.1300000000010186,2.9884293,0.3469023999999998,0.0,1.0,0.0,0.0571066486819964,959.1290072736024
1668754264.265666,16795.2,-0.2000000000007276,3.67751363,0.68908433,0.0,1.0,0.0,0.0571066486819964,959.117585943866
1668754324.244886,16798.94,3.7399999999979614,4.47610581,0.79859218,0.0,1.0,0.0,0.0571066486819964,959.3311648099366
1668754384.1212292,16796.9,-2.039999999997235,4.81390289,0.3377970799999996,0.0,1.0,0.0,0.0571066486819964,959.2146672466254
1668754446.0404131,16800.46,3.559999999997672,5.66762375,0.8537208600000001,0.0,1.0,0.0,0.0571066486819964,959.4179669159332
1668754504.9702778,16800.42,-0.0400000000008731,6.11399726,0.4463735099999999,0.0,1.0,0.0,0.0571066486819964,959.415682649986
1668754564.960096,16798.83,-1.5899999999965075,6.15289459,0.0388973300000001,0.0,1.0,0.0,0.0571066486819964,959.3248830785816
1668754625.9080958,16791.78,-7.05000000000291,5.1043799,-1.0485146900000002,1.0,0.0,958.9222812053736,0.0,958.9222812053736
1668754686.1513808,16796.78,5.0,5.19869836,0.0943184600000002,0.0,1.0,0.0,0.0570896493974067,958.9222812053736
1668754746.064393,16796.14,-0.6399999999994179,5.06444911,-0.1342492499999998,1.0,0.0,958.8857438297584,0.0,958.8857438297584
1668754806.8238697,16793.33,-2.809999999997672,4.588347,-0.4761021100000002,1.0,0.0,958.8857438297584,0.0,958.8857438297584
1668754866.7539046,16796.23,2.899999999997817,4.49818187,-0.0901651299999999,1.0,0.0,958.8857438297584,0.0,958.8857438297584
1668754926.818506,16794.19,-2.040000000000873,4.37001475,-0.1281671199999996,1.0,0.0,958.8857438297584,0.0,958.8857438297584
1668754987.56541,16797.58,3.390000000003056,4.46698935,0.0969746000000002,0.0,1.0,0.0,0.0570847552939029,958.8857438297584
1668755047.8219693,16797.08,-0.5,4.1976495,-0.2693398500000006,1.0,0.0,958.8572014521106,0.0,958.8572014521106
1668755107.4982405,16795.32,-1.7600000000020373,3.83458808,-0.3630614199999997,1.0,0.0,958.8572014521106,0.0,958.8572014521106
1668755168.7475982,16797.11,1.7900000000008731,3.76065536,-0.0739327200000001,1.0,0.0,958.8572014521106,0.0,958.8572014521106
1668755228.4737072,16794.88,-2.2299999999995634,3.46611688,-0.2945384799999999,1.0,0.0,958.8572014521106,0.0,958.8572014521106
1668755288.457078,16799.23,4.349999999998545,3.53582772,0.0697108399999999,0.0,1.0,0.0,0.0570774494695358,958.8572014521106
1668755350.265287,16797.03,-2.200000000000728,3.34799041,-0.1878373099999999,1.0,0.0,958.7316310632768,0.0,958.7316310632768
1668755409.2979946,16796.1,-0.930000000000291,3.13856635,-0.2094240599999999,1.0,0.0,958.7316310632768,0.0,958.7316310632768
1668755469.2330253,16791.88,-4.219999999997526,1.83225905,-1.3063073,1.0,0.0,958.7316310632768,0.0,958.7316310632768
1668755530.3330317,16782.44,-9.440000000002328,0.74285066,-1.08940839,1.0,0.0,958.7316310632768,0.0,958.7316310632768
1668755590.0994158,16773.02,-9.419999999998254,-1.08507531,-1.82792597,1.0,0.0,958.7316310632768,0.0,958.7316310632768
1668755650.0252633,16775.28,2.2599999999984,-1.96309763,-0.8780223200000001,1.0,0.0,958.7316310632768,0.0,958.7316310632768
1668755711.2537022,16777.73,2.450000000000728,-2.49830916,-0.5352115299999998,1.0,0.0,958.7316310632768,0.0,958.7316310632768
1668755771.2916274,16784.24,6.510000000002037,-2.09837692,0.3999322399999996,0.0,1.0,0.0,0.0571209438773085,958.7316310632768
1668755831.1097472,16782.51,-1.7300000000032014,-2.40896903,-0.31059211,1.0,0.0,958.6328118303684,0.0,958.6328118303684
1668755892.157657,16782.93,0.4200000000018917,-2.5059941,-0.0970250699999999,1.0,0.0,958.6328118303684,0.0,958.6328118303684
1668755951.8093655,16780.23,-2.700000000000728,-2.72137872,-0.21538462,1.0,0.0,958.6328118303684,0.0,958.6328118303684
1668756011.7287223,16777.61,-2.6199999999989814,-3.02321133,-0.3018326099999999,1.0,0.0,958.6328118303684,0.0,958.6328118303684
1668756072.5170703,16784.53,6.919999999998254,-2.39035528,0.63285605,0.0,1.0,0.0,0.0571140694336015,958.6328118303684
1668756132.60298,16771.82,-12.709999999999129,-4.04513342,-1.65477814,1.0,0.0,957.9068920078664,0.0,957.9068920078664
1668756192.6492631,16773.27,1.4500000000007276,-3.9294639,0.1156695199999999,0.0,1.0,0.0,0.0571091320897992,957.9068920078664
1668756253.9281588,16773.48,0.2099999999991268,-4.49361921,-0.5641553100000003,1.0,0.0,957.9188849256052,0.0,957.9188849256052
1668756314.0371888,16769.4,-4.079999999998108,-4.81908929,-0.3254700799999996,1.0,0.0,957.9188849256052,0.0,957.9188849256052
1668756373.7838528,16770.98,1.5799999999981085,-5.27938562,-0.4602963300000002,1.0,0.0,957.9188849256052,0.0,957.9188849256052
1668756434.7940807,16777.42,6.43999999999869,-4.30497531,0.9744103100000006,0.0,1.0,0.0,0.0570957206129193,957.9188849256052
1668756494.7538412,16776.26,-1.1599999999998545,-4.07821594,0.2267593699999999,0.0,1.0,0.0,0.0570957206129193,957.8526538896934
1668756554.8065035,16784.39,8.130000000001019,-2.63280363,1.4454123099999996,0.0,1.0,0.0,0.0570957206129193,958.3168420982764
1668756615.658532,16784.13,-0.2599999999983993,-2.00033213,0.6324715000000003,0.0,1.0,0.0,0.0570957206129193,958.3019972109172
1668756675.61063,16774.49,-9.639999999999418,-2.87849435,-0.8781622200000001,1.0,0.0,957.7515944642088,0.0,957.7515944642088
1668756735.5921664,16769.03,-5.460000000002765,-3.66302014,-0.78452579,1.0,0.0,957.7515944642088,0.0,957.7515944642088
1668756796.6595733,16766.65,-2.3799999999973807,-4.23418329,-0.5711631499999998,1.0,0.0,957.7515944642088,0.0,957.7515944642088
1668756856.6062477,16768.14,1.4899999999979627,-4.11532289,0.1188603999999999,0.0,1.0,0.0,0.0571173424401399,957.7515944642088
1668756916.631177,16733.07,-35.06999999999971,-10.00815079,-5.8928279,1.0,0.0,955.7484892648316,0.0,955.7484892648316
1668756977.8262162,16738.08,5.010000000002037,-10.81582054,-0.8076697500000005,1.0,0.0,955.7484892648316,0.0,955.7484892648316
1668757037.5095427,16741.14,3.059999999997672,-11.18965639,-0.3738358499999989,1.0,0.0,955.7484892648316,0.0,955.7484892648316
1668757097.4415424,16745.54,4.400000000001455,-10.86207746,0.3275789299999996,0.0,1.0,0.0,0.057074808531993,955.7484892648316
1668757158.2841485,16749.86,4.319999999999709,-10.21092695,0.6511505100000008,0.0,1.0,0.0,0.057074808531993,955.9950524376884
1668757218.368849,16750.21,0.3499999999985448,-9.80304842,0.4078785299999996,0.0,1.0,0.0,0.057074808531993,956.0150286206745
1668757278.706069,16752.61,2.400000000001455,-9.05437466,0.7486737599999991,0.0,1.0,0.0,0.057074808531993,956.1520081611512
1668757339.1888037,16750.49,-2.1199999999989814,-8.76195855,0.2924161100000013,0.0,1.0,0.0,0.057074808531993,956.0310095670636
1668757399.1637776,16742.64,-7.850000000002183,-9.37710084,-0.6151422900000014,1.0,0.0,955.5829723200872,0.0,955.5829723200872
1668757459.1127431,16737.6,-5.040000000000873,-10.04305648,-0.66595564,1.0,0.0,955.5829723200872,0.0,955.5829723200872
1668757520.2592776,16739.16,1.5600000000013097,-9.98902409,0.0540323900000014,0.0,1.0,0.0,0.0570866741413599,955.5829723200872
1668757580.2371068,16737.08,-2.0799999999981083,-10.21002112,-0.2209970300000012,1.0,0.0,955.464232037872,0.0,955.464232037872
1668757640.2175386,16745.11,8.029999999998836,-8.90497447,1.3050466499999995,0.0,1.0,0.0,0.0570592986273528,955.464232037872
1668757701.4280057,16747.53,2.4199999999982538,-7.95945575,0.9455187200000008,0.0,1.0,0.0,0.0570592986273528,955.60231554055
1668757761.133337,16744.14,-3.389999999999418,-7.795301,0.1641547499999998,0.0,1.0,0.0,0.0570592986273528,955.4088845182032
1668757820.9578218,16743.53,-0.6100000000005821,-7.45221222,0.3430887800000004,0.0,1.0,0.0,0.0570592986273528,955.3740783460404
1668757881.7643538,16744.79,1.2600000000020373,-6.84960063,0.6026115899999995,0.0,1.0,0.0,0.0570592986273528,955.4459730623108
1668757941.7531135,16748.7,3.909999999999856,-5.86286901,0.9867316200000004,0.0,1.0,0.0,0.0570592986273528,955.669074919944
1668758001.886454,16743.76,-4.940000000002328,-5.9613041,-0.0984350900000006,1.0,0.0,955.3872019847248,0.0,955.3872019847248
1668758063.7795992,16744.69,0.930000000000291,-5.53027591,0.4310281900000001,0.0,1.0,0.0,0.0570561295541885,955.3872019847248
1668758123.453797,16748.92,4.229999999999563,-4.58971388,0.9405620300000006,0.0,1.0,0.0,0.0570561295541885,955.6285494127388
1668758183.511887,16742.66,-6.259999999998399,-4.9485721,-0.3588582200000001,1.0,0.0,955.2713780417296,0.0,955.2713780417296
1668758244.6754646,16745.04,2.380000000001018,-4.51218111,0.4363909899999996,0.0,1.0,0.0,0.0570480200729129,955.2713780417296
1668758304.4289737,16746.28,1.2399999999979627,-4.07842017,0.43376094,0.0,1.0,0.0,0.0570480200729129,955.3421175866198
1668758364.373641,16744.81,-1.4699999999975262,-3.92427891,0.1541412600000002,0.0,1.0,0.0,0.0570480200729129,955.2582569971128
1668758425.319426,16745.84,1.0299999999988358,-3.56689113,0.3573877799999998,0.0,1.0,0.0,0.0570480200729129,955.3170164577878
1668758485.3368826,16736.24,-9.599999999998545,-4.52782545,-0.9609343199999998,1.0,0.0,954.769355465088,0.0,954.769355465088
1668758545.311556,16728.86,-7.380000000001019,-5.76735433,-1.23952888,1.0,0.0,954.769355465088,0.0,954.769355465088
1668758606.2162435,16723.14,-5.720000000001164,-7.0133426,-1.2459882699999998,1.0,0.0,954.769355465088,0.0,954.769355465088
1668758673.2726767,16697.79,-25.349999999998545,-11.14869608,-4.135353480000001,1.0,0.0,954.769355465088,0.0,954.769355465088
1668758726.6134243,16705.79,8.0,-11.49450581,-0.3458097299999991,1.0,0.0,954.769355465088,0.0,954.769355465088
1668758787.4992511,16702.35,-3.4400000000023283,-12.66698038,-1.1724745700000003,1.0,0.0,954.769355465088,0.0,954.769355465088
1668758847.4541645,16687.2,-15.149999999997815,-15.36787621,-2.7008958300000003,1.0,0.0,954.769355465088,0.0,954.769355465088
1668758907.388127,16699.99,12.790000000000871,-14.58473184,0.7831443700000005,0.0,1.0,0.0,0.0571718519271621,954.769355465088
1668758968.3793252,16707.09,7.099999999998545,-13.5355198,1.0492120400000005,0.0,1.0,0.0,0.0571718519271621,955.1752756137706
1668759028.2545364,16711.5,4.409999999999855,-12.41271737,1.12280243,0.0,1.0,0.0,0.0571718519271621,955.4274034807694
1668759088.28532,16702.5,-9.0,-12.94070854,-0.52799117,1.0,0.0,954.9128568134248,0.0,954.9128568134248
1668759148.9479058,16723.88,21.38000000000102,-9.68305343,3.25765511,0.0,1.0,0.0,0.0570987627759482,954.9128568134248
1668759209.0619187,16716.59,-7.290000000000873,-9.36041509,0.3226383399999992,0.0,1.0,0.0,0.0570987627759482,954.496606832788
1668759268.9618018,16718.08,1.4900000000016007,-8.29908824,1.0613268500000004,0.0,1.0,0.0,0.0570987627759482,954.581683989324
1668759330.1321905,16703.07,-15.010000000002035,-9.53314759,-1.2340593500000008,1.0,0.0,953.7246315600572,0.0,953.7246315600572
1668759390.2491283,16713.02,9.950000000000728,-8.05242552,1.4807220700000006,0.0,1.0,0.0,0.0570647693570675,953.7246315600572
1668759450.0876317,16703.29,-9.729999999999563,-8.84850166,-0.7960761400000003,1.0,0.0,953.169391354212,0.0,953.169391354212
1668759511.0678802,16703.67,0.3799999999973806,-8.7095326,0.1389690600000008,0.0,1.0,0.0,0.0570634711625775,953.169391354212
1668759570.862238,16692.46,-11.209999999999129,-10.10982308,-1.400290480000001,1.0,0.0,952.5297098424784,0.0,952.5297098424784
1668759631.110082,16697.33,4.870000000002619,-9.70265047,0.4071726099999999,0.0,1.0,0.0,0.0570468278366947,952.5297098424784
1668759691.742371,16713.9,16.56999999999971,-7.2855693,2.4170811700000003,0.0,1.0,0.0,0.0570468278366947,953.4749757797316
1668759752.0574443,16708.05,-5.850000000002183,-7.12015588,0.1654134199999992,0.0,1.0,0.0,0.0570468278366947,953.1412518368868
1668759811.8178132,16721.7,13.650000000001455,-4.61358118,2.5065747000000007,0.0,1.0,0.0,0.0570468278366947,953.9199410368578
