Time,Price,Price Change,MACD,MACD Change,Cash Allocation,Coin Allocation,Cash Balance,Coin Balance,Total Balance
1668394855.098666,1192.93,0.0,1.23018096,0.0,1.0,0.0,1000.0,0.0,1000.0
1668394914.9191458,1194.61,1.6799999999998363,1.77003839,0.5398574300000001,0.0,1.0,0.0,0.83709327730389,1000.0
1668394974.9528089,1191.79,-2.8199999999999363,1.70350878,-0.0665296100000001,1.0,0.0,997.6393969580032,0.0,997.6393969580032
1668395036.1591525,1190.41,-1.3799999999998818,1.63586211,-0.06764667,1.0,0.0,997.6393969580032,0.0,997.6393969580032
1668395095.7504222,1189.85,-0.5600000000001728,1.51546385,-0.1203982599999999,1.0,0.0,997.6393969580032,0.0,997.6393969580032
1668395155.8955507,1190.19,0.3400000000001455,1.42327116,-0.0921926899999998,1.0,0.0,997.6393969580032,0.0,997.6393969580032
1668395216.349883,1189.63,-0.5599999999999454,1.28439848,-0.1388726800000002,1.0,0.0,997.6393969580032,0.0,997.6393969580032
1668395275.7915895,1190.1,0.4699999999997999,1.23528929,-0.0491091899999998,1.0,0.0,997.6393969580032,0.0,997.6393969580032
1668395335.8124385,1190.02,-0.0799999999999272,1.18802011,-0.04726918,1.0,0.0,997.6393969580032,0.0,997.6393969580032
1668395397.0962598,1190.82,0.7999999999999545,1.19859212,0.0105720099999999,0.0,1.0,0.0,0.8377751439831405,997.6393969580032
1668395455.8081129,1190.19,-0.6299999999998818,1.11137562,-0.0872165,1.0,0.0,997.111598617294,0.0,997.111598617294
1668395515.855813,1190.45,0.2599999999999909,1.06434399,-0.0470316299999999,1.0,0.0,997.111598617294,0.0,997.111598617294
1668395576.1856794,1190.36,-0.0900000000001455,1.03538686,-0.0289571299999999,1.0,0.0,997.111598617294,0.0,997.111598617294
1668395635.8982518,1190.18,-0.1799999999998363,0.94990305,-0.08548381,1.0,0.0,997.111598617294,0.0,997.111598617294
1668395696.1572003,1190.22,0.0399999999999636,0.86752395,-0.0823790999999999,1.0,0.0,997.111598617294,0.0,997.111598617294
1668395755.937169,1190.46,0.2400000000000091,0.84462246,-0.02290149,1.0,0.0,997.111598617294,0.0,997.111598617294
1668395815.8362184,1190.93,0.4700000000000273,0.8304088,-0.01421366,1.0,0.0,997.111598617294,0.0,997.111598617294
1668395875.7769384,1190.94,0.0099999999999909,0.8133071,-0.0171016999999999,1.0,0.0,997.111598617294,0.0,997.111598617294
1668395935.8764756,1190.41,-0.5299999999999727,0.75718333,-0.0561237699999999,1.0,0.0,997.111598617294,0.0,997.111598617294
1668395995.8976758,1187.94,-2.470000000000028,0.46943248,-0.28775085,1.0,0.0,997.111598617294,0.0,997.111598617294
1668396055.95406,1188.41,0.4700000000000273,0.35190653,-0.1175259499999999,1.0,0.0,997.111598617294,0.0,997.111598617294
1668396115.7968965,1188.54,0.1299999999998817,0.26571511,-0.08619142,1.0,0.0,997.111598617294,0.0,997.111598617294
1668396176.019819,1188.13,-0.4099999999998545,0.12995184,-0.1357632699999999,1.0,0.0,997.111598617294,0.0,997.111598617294
1668396235.7610743,1188.85,0.7199999999997999,0.09555308,-0.03439876,1.0,0.0,997.111598617294,0.0,997.111598617294
1668396296.867767,1189.7,0.8500000000001364,0.10613597,0.0105828899999999,0.0,1.0,0.0,0.838120197207106,997.111598617294
1668396355.7828655,1192.69,2.990000000000009,0.44308112,0.33694515,0.0,1.0,0.0,0.838120197207106,999.6175780069432
1668396416.0671785,1193.28,0.5899999999999181,0.72144724,0.27836612,0.0,1.0,0.0,0.838120197207106,1000.1120689232954
1668396476.0656092,1195.22,1.9400000000000543,1.16845999,0.4470127499999998,0.0,1.0,0.0,0.838120197207106,1001.7380221058772
1668396535.9443326,1193.6,-1.6200000000001182,1.20230896,0.0338489700000002,0.0,1.0,0.0,0.838120197207106,1000.3802673864016
1668396595.8376813,1193.93,0.3300000000001546,1.26417007,0.0618611099999999,0.0,1.0,0.0,0.838120197207106,1000.65684705148
1668396655.933972,1193.72,-0.2100000000000363,1.33835948,0.07418941,0.0,1.0,0.0,0.838120197207106,1000.4808418100664
1668396716.054153,1195.52,1.7999999999999543,1.53467506,0.19631558,0.0,1.0,0.0,0.838120197207106,1001.9894581650392
1668396775.844624,1194.82,-0.7000000000000455,1.54232043,0.0076453699999998,0.0,1.0,0.0,0.838120197207106,1001.4027740269944
1668396835.9473112,1196.53,1.7100000000000364,1.75366183,0.2113414,0.0,1.0,0.0,0.838120197207106,1002.8359595642185
1668396895.8921714,1196.04,-0.4900000000000091,1.736007,-0.0176548299999999,1.0,0.0,1002.425280667587,0.0,1002.425280667587
1668396955.8379705,1196.44,0.4000000000000909,1.82813802,0.0921310199999998,0.0,1.0,0.0,0.8378399925341738,1002.425280667587
1668397016.1719797,1195.29,-1.150000000000091,1.72439049,-0.1037475299999999,1.0,0.0,1001.4617646761726,0.0,1001.4617646761726
1668397076.16916,1196.0,0.7100000000000364,1.80736097,0.0829704799999999,0.0,1.0,0.0,0.8373426126054955,1001.4617646761726
1668397136.1611495,1195.93,-0.0699999999999363,1.73076151,-0.0765994599999999,1.0,0.0,1001.4031506932904,0.0,1001.4031506932904
1668397195.7456915,1195.81,-0.1200000000001182,1.72048699,-0.01027452,1.0,0.0,1001.4031506932904,0.0,1001.4031506932904
1668397255.8073566,1196.09,0.2799999999999727,1.62612872,-0.0943582699999998,1.0,0.0,1001.4031506932904,0.0,1001.4031506932904
1668397315.9934185,1196.34,0.25,1.55887654,-0.0672521800000001,1.0,0.0,1001.4031506932904,0.0,1001.4031506932904
1668397375.9458222,1196.19,-0.1499999999998635,1.48780521,-0.0710713299999998,1.0,0.0,1001.4031506932904,0.0,1001.4031506932904
1668397435.8882017,1195.5,-0.6900000000000546,1.34297945,-0.14482576,1.0,0.0,1001.4031506932904,0.0,1001.4031506932904
1668397495.886441,1194.3,-1.2000000000000457,1.08311297,-0.2598664800000001,1.0,0.0,1001.4031506932904,0.0,1001.4031506932904
1668397555.9819722,1194.02,-0.2799999999999727,0.89375685,-0.1893561199999999,1.0,0.0,1001.4031506932904,0.0,1001.4031506932904
1668397615.9549346,1194.5,0.4800000000000182,0.77491079,-0.11884606,1.0,0.0,1001.4031506932904,0.0,1001.4031506932904
1668397676.007953,1196.08,1.5799999999999272,0.86691077,0.09199998,0.0,1.0,0.0,0.8372376017434373,1001.4031506932904
1668397735.7371805,1197.06,0.9800000000000182,0.97441538,0.10750461,0.0,1.0,0.0,0.8372376017434373,1002.2236435429992
1668397796.0538964,1197.97,0.910000000000082,1.08773104,0.1133156599999999,0.0,1.0,0.0,0.8372376017434373,1002.9855297605856
1668397856.118408,1196.83,-1.1400000000001,1.080666,-0.00706504,1.0,0.0,1002.031078894598,0.0,1002.031078894598
1668397916.0844028,1195.07,-1.759999999999991,0.89161228,-0.1890537199999998,1.0,0.0,1002.031078894598,0.0,1002.031078894598
1668397975.8081677,1193.14,-1.9299999999998363,0.54902257,-0.34258971,1.0,0.0,1002.031078894598,0.0,1002.031078894598
1668398035.8999848,1193.33,0.1899999999998272,0.39203603,-0.15698654,1.0,0.0,1002.031078894598,0.0,1002.031078894598
1668398095.9943924,1193.34,0.0099999999999909,0.26292324,-0.1291127899999999,1.0,0.0,1002.031078894598,0.0,1002.031078894598
1668398155.9219415,1192.98,-0.3599999999998999,0.09622073,-0.16670251,1.0,0.0,1002.031078894598,0.0,1002.031078894598
1668398216.2780368,1193.62,0.6399999999998727,-0.01345837,-0.1096791,1.0,0.0,1002.031078894598,0.0,1002.031078894598
1668398275.94956,1193.85,0.2300000000000182,-0.04235682,-0.02889845,1.0,0.0,1002.031078894598,0.0,1002.031078894598
1668398336.0316432,1192.69,-1.1599999999998545,-0.1936075,-0.1512506799999999,1.0,0.0,1002.031078894598,0.0,1002.031078894598
1668398395.9960308,1193.35,0.6599999999998545,-0.20951002,-0.01590252,1.0,0.0,1002.031078894598,0.0,1002.031078894598
1668398455.9225736,1192.32,-1.0299999999999727,-0.34770564,-0.13819562,1.0,0.0,1002.031078894598,0.0,1002.031078894598
1668398515.9114077,1193.41,1.0900000000001455,-0.298256,0.0494496399999999,0.0,1.0,0.0,0.8396369050825767,1002.031078894598
1668398576.0727432,1193.2,-0.2100000000000363,-0.33822743,-0.0399714299999999,1.0,0.0,1001.8547551445306,0.0,1001.8547551445306
1668398636.6917026,1193.1,-0.1000000000001364,-0.34199211,-0.00376468,1.0,0.0,1001.8547551445306,0.0,1001.8547551445306
1668398695.9332492,1192.37,-0.7300000000000182,-0.49124762,-0.1492555099999999,1.0,0.0,1001.8547551445306,0.0,1001.8547551445306
1668398756.0642667,1193.22,0.8500000000001364,-0.41906847,0.0721791499999999,0.0,1.0,0.0,0.83962283161909,1001.8547551445306
1668398815.8249369,1192.82,-0.4000000000000909,-0.42775749,-0.0086890199999999,1.0,0.0,1001.5189060118828,0.0,1001.5189060118828
1668398876.0964477,1192.77,-0.0499999999999545,-0.4164155,0.01134199,0.0,1.0,0.0,0.839658027961705,1001.5189060118828
1668398936.068413,1192.61,-0.1600000000000818,-0.42194279,-0.00552729,1.0,0.0,1001.3845607274088,0.0,1001.3845607274088
1668398996.007293,1191.61,-1.0,-0.54695925,-0.12501646,1.0,0.0,1001.3845607274088,0.0,1001.3845607274088
1668399056.6664855,1190.55,-1.0599999999999454,-0.71469786,-0.16773861,1.0,0.0,1001.3845607274088,0.0,1001.3845607274088
1668399115.8725913,1191.49,0.9400000000000546,-0.74779575,-0.0330978899999999,1.0,0.0,1001.3845607274088,0.0,1001.3845607274088
1668399176.0430348,1191.92,0.4300000000000636,-0.66234699,0.08544876,0.0,1.0,0.0,0.8401441042413994,1001.3845607274088
1668399235.975422,1191.9,-0.0199999999999818,-0.64692865,0.0154183399999999,0.0,1.0,0.0,0.8401441042413994,1001.367757845324
1668399296.1042323,1191.38,-0.5199999999999818,-0.68002591,-0.03309726,1.0,0.0,1000.9308829111184,0.0,1000.9308829111184
1668399355.9619136,1190.83,-0.5500000000001819,-0.76838394,-0.0883580299999999,1.0,0.0,1000.9308829111184,0.0,1000.9308829111184
1668399415.842492,1190.21,-0.6199999999998909,-0.91223039,-0.1438464499999999,1.0,0.0,1000.9308829111184,0.0,1000.9308829111184
1668399475.9052465,1188.38,-1.8299999999999272,-1.18284027,-0.2706098800000001,1.0,0.0,1000.9308829111184,0.0,1000.9308829111184
1668399536.1612897,1185.62,-2.7600000000002183,-1.51820534,-0.3353650699999999,1.0,0.0,1000.9308829111184,0.0,1000.9308829111184
1668399596.039238,1183.83,-1.7899999999999636,-2.11378778,-0.59558244,1.0,0.0,1000.9308829111184,0.0,1000.9308829111184
1668399656.0928085,1183.25,-0.5799999999999272,-2.58268005,-0.46889227,1.0,0.0,1000.9308829111184,0.0,1000.9308829111184
1668399716.0718358,1183.9,0.650000000000091,-2.6932722,-0.11059215,1.0,0.0,1000.9308829111184,0.0,1000.9308829111184
1668399776.123698,1185.5,1.599999999999909,-2.52193913,0.1713330700000002,0.0,1.0,0.0,0.8443111623037692,1000.9308829111184
1668399836.2061038,1184.04,-1.4600000000000364,-2.53861003,-0.0166709000000002,1.0,0.0,999.6981886141548,0.0,999.6981886141548
1668399896.116485,1185.99,1.9500000000000453,-2.29025223,0.2483577999999999,0.0,1.0,0.0,0.8429229492779491,999.6981886141548
1668399956.9081843,1186.21,0.2200000000000272,-2.17577612,0.11447611,0.0,1.0,0.0,0.8429229492779491,999.883631662996
1668400016.0070307,1184.6,-1.610000000000127,-2.20019284,-0.02441672,1.0,0.0,998.5265257146584,0.0,998.5265257146584
1668400076.011545,1185.31,0.7100000000000364,-2.10357052,0.0966223200000002,0.0,1.0,0.0,0.842418038922019,998.5265257146584
1668400136.0007632,1184.88,-0.4299999999998363,-2.09087579,0.0126947299999997,0.0,1.0,0.0,0.842418038922019,998.164285957922
1668400196.095578,1184.04,-0.8400000000001455,-2.08854734,0.0023284500000002,0.0,1.0,0.0,0.842418038922019,997.4566548052276
1668400255.9524145,1181.89,-2.149999999999864,-2.34534692,-0.25679958,1.0,0.0,995.6454560215452,0.0,995.6454560215452
1668400316.1383548,1185.49,3.599999999999909,-1.93664076,0.4087061599999999,0.0,1.0,0.0,0.8398598520624765,995.6454560215452
1668400376.0553987,1186.59,1.099999999999909,-1.6337659,0.3028748599999999,0.0,1.0,0.0,0.8398598520624765,996.569301858814
1668400436.680681,1186.94,0.3500000000001364,-1.31757104,0.3161948599999999,0.0,1.0,0.0,0.8398598520624765,996.863252807036
1668400496.1865742,1186.44,-0.5,-1.10902453,0.2085465100000001,0.0,1.0,0.0,0.8398598520624765,996.4433228810046
1668400555.9900436,1185.54,-0.900000000000091,-1.05832119,0.0507033399999998,0.0,1.0,0.0,0.8398598520624765,995.6874490141485
1668400616.0077865,1183.37,-2.1700000000000728,-1.16402534,-0.10570415,1.0,0.0,993.8649531351728,0.0,993.8649531351728
1668400676.1033962,1182.64,-0.7299999999997908,-1.29859439,-0.13456905,1.0,0.0,993.8649531351728,0.0,993.8649531351728
1668400735.9999642,1181.45,-1.1900000000000546,-1.46374021,-0.16514582,1.0,0.0,993.8649531351728,0.0,993.8649531351728
1668400796.2360055,1181.59,0.1399999999998726,-1.57226311,-0.1085228999999998,1.0,0.0,993.8649531351728,0.0,993.8649531351728
1668400856.0112956,1180.16,-1.4299999999998363,-1.78065359,-0.20839048,1.0,0.0,993.8649531351728,0.0,993.8649531351728
1668400917.342744,1181.02,0.8599999999999,-1.8331786,-0.05252501,1.0,0.0,993.8649531351728,0.0,993.8649531351728
1668400976.1169329,1178.84,-2.180000000000064,-2.05385403,-0.22067543,1.0,0.0,993.8649531351728,0.0,993.8649531351728
1668401035.9924512,1178.63,-0.209999999999809,-2.32320253,-0.2693485,1.0,0.0,993.8649531351728,0.0,993.8649531351728
1668401096.0770085,1177.77,-0.8600000000001273,-2.47530785,-0.15210532,1.0,0.0,993.8649531351728,0.0,993.8649531351728
1668401156.1398172,1178.0,0.2300000000000182,-2.5167,-0.04139215,1.0,0.0,993.8649531351728,0.0,993.8649531351728
1668401216.071762,1179.96,1.9600000000000364,-2.28590358,0.2307964200000003,0.0,1.0,0.0,0.8422869869615688,993.8649531351728
1668401276.015844,1179.87,-0.0900000000001455,-2.15452483,0.1313787499999996,0.0,1.0,0.0,0.8422869869615688,993.789147306346
1668401335.9815576,1180.34,0.4700000000000273,-2.01314216,0.14138267,0.0,1.0,0.0,0.8422869869615688,994.185022190218
1668401397.360783,1180.86,0.5199999999999818,-1.81315828,0.1999838800000002,0.0,1.0,0.0,0.8422869869615688,994.623011423438
1668401456.0936563,1181.87,1.009999999999991,-1.50494813,0.3082101499999998,0.0,1.0,0.0,0.8422869869615688,995.4737212802692
1668401516.0727224,1181.45,-0.4199999999998454,-1.40211446,0.1028336700000001,0.0,1.0,0.0,0.8422869869615688,995.1199607457456
1668401576.0406363,1180.7,-0.75,-1.28942066,0.1126937999999999,0.0,1.0,0.0,0.8422869869615688,994.4882455055244
1668401636.7415557,1179.87,-0.8300000000001546,-1.28617591,0.0032447499999999,0.0,1.0,0.0,0.8422869869615688,993.789147306346
1668401696.061949,1181.25,1.3800000000001091,-1.14389111,0.1422848000000001,0.0,1.0,0.0,0.8422869869615688,994.9515033483532
1668401756.168475,1182.9,1.650000000000091,-0.84772092,0.29617019,0.0,1.0,0.0,0.8422869869615688,996.3412768768396
1668401816.1153555,1183.25,0.349999999999909,-0.58176831,0.26595261,0.0,1.0,0.0,0.8422869869615688,996.6360773222764
1668401877.3900485,1183.57,0.3199999999999363,-0.40953887,0.1722294399999999,0.0,1.0,0.0,0.8422869869615688,996.905609158104
1668401936.030468,1185.73,2.160000000000082,0.04756553,0.4571044,0.0,1.0,0.0,0.8422869869615688,998.724949049941
1668401996.0882812,1186.19,0.4600000000000364,0.31821804,0.2706525099999999,0.0,1.0,0.0,0.8422869869615688,999.1124010639434
1668402056.0532162,1184.99,-1.2000000000000457,0.38299247,0.06477443,0.0,1.0,0.0,0.8422869869615688,998.1016566795894
1668402115.952145,1185.52,0.5299999999999727,0.54208072,0.15908825,0.0,1.0,0.0,0.8422869869615688,998.548068782679
1668402175.9422398,1186.33,0.8099999999999454,0.73666252,0.1945818,0.0,1.0,0.0,0.8422869869615688,999.2303212421178
1668402236.1310158,1186.57,0.2400000000000091,0.90133791,0.1646753899999999,0.0,1.0,0.0,0.8422869869615688,999.4324701189886
1668402296.2643833,1187.19,0.6200000000001182,1.06914413,0.16780622,0.0,1.0,0.0,0.8422869869615688,999.9546880509048
1668402356.8148394,1185.53,-1.660000000000082,0.98478165,-0.08436248,1.0,0.0,998.5564916525486,0.0,998.5564916525486
1668402416.209969,1185.49,-0.0399999999999636,0.94803095,-0.0367506999999999,1.0,0.0,998.5564916525486,0.0,998.5564916525486
1668402476.182785,1185.6,0.1099999999998999,0.90058851,-0.04744244,1.0,0.0,998.5564916525486,0.0,998.5564916525486
1668402536.3563285,1186.96,1.360000000000127,1.00254963,0.1019611200000001,0.0,1.0,0.0,0.8412722346604339,998.5564916525486
1668402596.0988832,1187.19,0.2300000000000182,1.10564017,0.1030905399999999,0.0,1.0,0.0,0.8412722346604339,998.7499842665204
1668402656.014041,1187.15,-0.0399999999999636,1.13676861,0.03112844,0.0,1.0,0.0,0.8412722346604339,998.716333377134
1668402716.26629,1186.63,-0.5199999999999818,1.06104398,-0.07572463,1.0,0.0,998.2788718151108,0.0,998.2788718151108
1668402776.1347604,1185.44,-1.1900000000000546,0.90450641,-0.15653757,1.0,0.0,998.2788718151108,0.0,998.2788718151108
1668402836.7907314,1186.78,1.339999999999918,0.98728531,0.0827788999999999,0.0,1.0,0.0,0.8411659042241282,998.2788718151108
1668402896.2130115,1185.9,-0.8799999999998818,0.85866367,-0.1286216399999999,1.0,0.0,997.5386458193937,0.0,997.5386458193937
1668402956.3099272,1186.36,0.459999999999809,0.84809648,-0.0105671899999999,1.0,0.0,997.5386458193937,0.0,997.5386458193937
1668403016.0713637,1186.33,-0.0299999999999727,0.79835724,-0.04973924,1.0,0.0,997.5386458193937,0.0,997.5386458193937
1668403076.0934412,1187.0,0.6700000000000728,0.81110052,0.01274328,0.0,1.0,0.0,0.8403863907492786,997.5386458193937
1668403136.024683,1187.45,0.4500000000000455,0.83959559,0.0284950699999999,0.0,1.0,0.0,0.8403863907492786,997.9168196952309
1668403196.0652893,1188.08,0.6299999999998818,0.91429315,0.07469756,0.0,1.0,0.0,0.8403863907492786,998.4462631214028
1668403256.173966,1188.56,0.4800000000000182,0.9906428,0.07634965,0.0,1.0,0.0,0.8403863907492786,998.8496485889624
1668403317.2683046,1188.63,0.0700000000001637,1.08474389,0.0941010899999998,0.0,1.0,0.0,0.8403863907492786,998.9084756363152
1668403376.0794675,1188.24,-0.3900000000001,1.09218805,0.0074441600000001,0.0,1.0,0.0,0.8403863907492786,998.5807249439227
1668403436.3705564,1188.94,0.7000000000000455,1.13802562,0.0458375699999999,0.0,1.0,0.0,0.8403863907492786,999.1689954174471
1668403496.115588,1188.26,-0.6800000000000637,1.0387112,-0.09931442,1.0,0.0,998.5975326717378,0.0,998.5975326717378
1668403556.3917177,1187.95,-0.3099999999999454,0.95648171,-0.08222949,1.0,0.0,998.5975326717378,0.0,998.5975326717378
1668403616.133788,1187.61,-0.3400000000001455,0.86724103,-0.08924068,1.0,0.0,998.5975326717378,0.0,998.5975326717378
1668403676.197868,1186.87,-0.7400000000000091,0.74943124,-0.1178097899999999,1.0,0.0,998.5975326717378,0.0,998.5975326717378
1668403736.0699906,1187.15,0.2800000000002001,0.62881703,-0.12061421,1.0,0.0,998.5975326717378,0.0,998.5975326717378
1668403796.4905577,1185.89,-1.259999999999991,0.41040139,-0.21841564,1.0,0.0,998.5975326717378,0.0,998.5975326717378
1668403856.2548728,1186.07,0.1799999999998363,0.31857767,-0.09182372,1.0,0.0,998.5975326717378,0.0,998.5975326717378
1668403916.1842985,1187.02,0.9500000000000456,0.29931414,-0.0192635299999999,1.0,0.0,998.5975326717378,0.0,998.5975326717378
1668403976.1297836,1187.62,0.599999999999909,0.35136233,0.0520481899999999,0.0,1.0,0.0,0.8408392690184889,998.5975326717378
1668404036.399977,1186.91,-0.709999999999809,0.29841925,-0.0529430799999999,1.0,0.0,998.0005367907348,0.0,998.0005367907348
1668404096.5185795,1183.96,-2.950000000000045,-0.04210194,-0.34052119,1.0,0.0,998.0005367907348,0.0,998.0005367907348
1668404156.0712495,1182.45,-1.509999999999991,-0.36572542,-0.32362348,1.0,0.0,998.0005367907348,0.0,998.0005367907348
1668404216.3187757,1183.13,0.6800000000000637,-0.69018544,-0.32446002,1.0,0.0,998.0005367907348,0.0,998.0005367907348
1668404276.1336925,1185.14,2.009999999999991,-0.62089739,0.06928805,0.0,1.0,0.0,0.8420950577912607,998.0005367907348
1668404336.101483,1185.95,0.8099999999999454,-0.57532463,0.0455727599999999,0.0,1.0,0.0,0.8420950577912607,998.6826337875456
1668404396.1216085,1184.78,-1.1700000000000728,-0.56334465,0.01197998,0.0,1.0,0.0,0.8420950577912607,997.6973825699298
1668404456.4208012,1183.01,-1.7699999999999818,-0.74115989,-0.17781524,1.0,0.0,996.2068743176392,0.0,996.2068743176392
1668404516.3969202,1180.78,-2.230000000000018,-1.02458314,-0.28342325,1.0,0.0,996.2068743176392,0.0,996.2068743176392
1668404576.422835,1178.99,-1.7899999999999636,-1.43839241,-0.41380927,1.0,0.0,996.2068743176392,0.0,996.2068743176392
1668404636.2306454,1180.04,1.0499999999999543,-1.49861429,-0.0602218799999998,1.0,0.0,996.2068743176392,0.0,996.2068743176392
1668404696.164032,1179.77,-0.2699999999999818,-1.75898021,-0.2603659200000001,1.0,0.0,996.2068743176392,0.0,996.2068743176392
1668404756.2485154,1181.85,2.0799999999999272,-1.68394554,0.0750346699999999,0.0,1.0,0.0,0.8429215842261194,996.2068743176392
1668404816.2979815,1176.75,-5.099999999999909,-2.1194178,-0.4354722599999998,1.0,0.0,991.907974238086,0.0,991.907974238086
1668404876.4478168,1178.23,1.4800000000000182,-2.129013,-0.0095952000000001,1.0,0.0,991.907974238086,0.0,991.907974238086
1668404936.2576983,1182.53,4.2999999999999545,-1.72553057,0.4034824299999999,0.0,1.0,0.0,0.8388015308178955,991.907974238086
1668404996.139986,1182.02,-0.5099999999999909,-1.56536446,0.16016611,0.0,1.0,0.0,0.8388015308178955,991.4801854573687
1668405056.0910246,1182.57,0.5499999999999545,-1.33066501,0.2346994500000001,0.0,1.0,0.0,0.8388015308178955,991.9415262993186
1668405117.00773,1182.85,0.2799999999999727,-1.13145577,0.1992092399999998,0.0,1.0,0.0,0.8388015308178955,992.1763907279476
1668405176.317732,1182.27,-0.5799999999999272,-0.99857215,0.1328836200000001,0.0,1.0,0.0,0.8388015308178955,991.6898858400732
1668405236.6465206,1183.78,1.509999999999991,-0.70085324,0.2977189099999999,0.0,1.0,0.0,0.8388015308178955,992.9564761516084
1668405296.479734,1184.19,0.4100000000000818,-0.44980401,0.25104923,0.0,1.0,0.0,0.8388015308178955,993.3003847792438
1668405356.3180225,1182.5,-1.6900000000000546,-0.47805109,-0.02824708,1.0,0.0,991.8828101921616,0.0,991.8828101921616
1668405416.2881303,1182.01,-0.4900000000000091,-0.40717801,0.07087308,0.0,1.0,0.0,0.8391492543989997,991.8828101921616
1668405476.3037498,1182.74,0.7300000000000182,-0.31673117,0.0904468399999999,0.0,1.0,0.0,0.8391492543989997,992.4953891478729
1668405536.1285148,1182.44,-0.2999999999999545,-0.37011683,-0.05338566,1.0,0.0,992.2436443715532,0.0,992.2436443715532
1668405596.7682035,1182.47,0.0299999999999727,-0.33158279,0.0385340399999999,0.0,1.0,0.0,0.8391279646600364,992.2436443715532
1668405656.2259445,1180.0,-2.470000000000028,-0.54823427,-0.21665148,1.0,0.0,990.170998298843,0.0,990.170998298843
1668405716.378893,1184.25,4.25,-0.1403256,0.40790867,0.0,1.0,0.0,0.8361165280125337,990.170998298843
1668405776.30163,1183.36,-0.8900000000001,-0.11202614,0.02829946,0.0,1.0,0.0,0.8361165280125337,989.4268545889116
1668405836.4392936,1182.81,-0.5499999999999545,-0.14292938,-0.03090324,1.0,0.0,988.9669904985049,0.0,988.9669904985049
1668405896.311427,1183.95,1.1400000000001,0.03459952,0.1775289,0.0,1.0,0.0,0.8353114493842686,988.9669904985049
1668405956.38438,1184.72,0.7699999999999818,0.23450796,0.19990844,0.0,1.0,0.0,0.8353114493842686,989.6101803145308
1668406016.2793772,1183.56,-1.160000000000082,0.24643053,0.01192257,0.0,1.0,0.0,0.8353114493842686,988.6412190332449
1668406076.317261,1183.1,-0.4600000000000364,0.1995205,-0.04691003,1.0,0.0,988.256975766528,0.0,988.256975766528
1668406136.4003942,1182.75,-0.349999999999909,0.068031,-0.1314894999999999,1.0,0.0,988.256975766528,0.0,988.256975766528
1668406196.244894,1184.8,2.0499999999999545,0.21692574,0.14889474,0.0,1.0,0.0,0.8341129099987575,988.256975766528
1668406256.170146,1184.7,-0.099999999999909,0.31983417,0.1029084299999999,0.0,1.0,0.0,0.8341129099987575,988.173564475528
1668406316.276086,1183.66,-1.0399999999999636,0.28904375,-0.0307904199999999,1.0,0.0,987.3060870491294,0.0,987.3060870491294
1668406376.4575737,1181.16,-2.5,-0.02199191,-0.31103566,1.0,0.0,987.3060870491294,0.0,987.3060870491294
1668406436.5395105,1178.66,-2.5,-0.41846303,-0.39647112,1.0,0.0,987.3060870491294,0.0,987.3060870491294
1668406496.5192697,1178.08,-0.5800000000001546,-0.75564905,-0.33718602,1.0,0.0,987.3060870491294,0.0,987.3060870491294
1668406556.4622278,1179.38,1.300000000000182,-0.81271407,-0.0570650199999999,1.0,0.0,987.3060870491294,0.0,987.3060870491294
1668406617.339785,1179.46,0.0799999999999272,-0.90666097,-0.0939469,1.0,0.0,987.3060870491294,0.0,987.3060870491294
1668406677.4615543,1181.2,1.740000000000009,-0.78913068,0.11753029,0.0,1.0,0.0,0.8358500567635704,987.3060870491294
1668406737.3403654,1184.43,3.230000000000018,-0.34651293,0.44261775,0.0,1.0,0.0,0.8358500567635704,990.0058827324756
1668406798.23318,1182.73,-1.7000000000000457,-0.29943585,0.0470770799999999,0.0,1.0,0.0,0.8358500567635704,988.5849376359776
1668406858.191901,1180.01,-2.720000000000028,-0.51113314,-0.2116972899999999,1.0,0.0,986.3114254815808,0.0,986.3114254815808
1668406918.255191,1182.05,2.039999999999964,-0.28423928,0.22689386,0.0,1.0,0.0,0.8344075339296823,986.3114254815808
1668406978.9550982,1180.86,-1.1900000000000546,-0.40038638,-0.1161471,1.0,0.0,985.3184805162044,0.0,985.3184805162044
1668407039.7363756,1180.66,-0.1999999999998181,-0.39347731,0.0069090699999999,0.0,1.0,0.0,0.8345488798775298,985.3184805162044
1668407098.9448335,1182.15,1.490000000000009,-0.29929447,0.09418284,0.0,1.0,0.0,0.8345488798775298,986.561958347222
1668407159.8925354,1183.28,1.1299999999998818,-0.05331556,0.24597891,0.0,1.0,0.0,0.8345488798775298,987.5049985814834
1668407219.737106,1182.71,-0.5699999999999363,0.02357968,0.07689524,0.0,1.0,0.0,0.8345488798775298,987.0293057199532
1668407279.82615,1183.81,1.099999999999909,0.16173088,0.1381512,0.0,1.0,0.0,0.8345488798775298,987.9473094878184
1668407340.6473613,1183.87,0.0599999999999454,0.25485102,0.0931201399999999,0.0,1.0,0.0,0.8345488798775298,987.9973824206112
1668407400.5334034,1184.26,0.3900000000001,0.38009912,0.1252481,0.0,1.0,0.0,0.8345488798775298,988.3228564837634
1668407460.9940138,1184.67,0.4100000000000818,0.49830525,0.1182061299999999,0.0,1.0,0.0,0.8345488798775298,988.6650215245132
1668407521.2887492,1185.27,0.599999999999909,0.61691522,0.11860997,0.0,1.0,0.0,0.8345488798775298,989.1657508524396
1668407581.8582897,1184.58,-0.6900000000000546,0.65892005,0.0420048299999999,0.0,1.0,0.0,0.8345488798775298,988.5899121253242
1668407641.3207989,1185.88,1.300000000000182,0.81871968,0.1597996299999999,0.0,1.0,0.0,0.8345488798775298,989.6748256691652
1668407702.4240215,1186.2,0.3199999999999363,0.91891152,0.10019184,0.0,1.0,0.0,0.8345488798775298,989.941881310726
1668407762.490766,1185.83,-0.3700000000001182,0.97286487,0.05395335,0.0,1.0,0.0,0.8345488798775298,989.6330982251712
1668407822.3506718,1187.21,1.3800000000001091,1.11826422,0.1453993499999999,0.0,1.0,0.0,0.8345488798775298,990.7847756794022
1668407883.212576,1186.98,-0.2300000000000182,1.18852622,0.070262,0.0,1.0,0.0,0.8345488798775298,990.5928294370304
1668407943.189372,1187.5,0.5199999999999818,1.24558021,0.05705399,0.0,1.0,0.0,0.8345488798775298,991.0267948545668
1668408003.2454343,1187.79,0.2899999999999636,1.37898969,0.13340948,0.0,1.0,0.0,0.8345488798775298,991.2688140297312
1668408064.145937,1188.68,0.8900000000001,1.51453607,0.1355463799999998,0.0,1.0,0.0,0.8345488798775298,992.0115625328222
1668408124.7781646,1197.55,8.86999999999989,2.54089109,1.0263550200000002,0.0,1.0,0.0,0.8345488798775298,999.4140110973358
1668408184.0758133,1206.74,9.190000000000056,4.17213197,1.6312408799999996,0.0,1.0,0.0,0.8345488798775298,1007.0835153034104
1668408245.5648212,1214.79,8.049999999999955,5.48038249,1.3082505200000003,0.0,1.0,0.0,0.8345488798775298,1013.8016337864244
1668408305.3832014,1216.08,1.2899999999999636,7.10382568,1.6234431899999997,0.0,1.0,0.0,0.8345488798775298,1014.8782018414664
1668408365.4092004,1217.16,1.0800000000001546,7.83568438,0.7318587000000001,0.0,1.0,0.0,0.8345488798775298,1015.7795146317344
1668408426.386799,1210.62,-6.540000000000191,7.5982837,-0.2374006800000003,1.0,0.0,1010.321564957335,0.0,1010.321564957335
1668408486.350525,1210.39,-0.2299999999997908,7.56076671,-0.0375169899999994,1.0,0.0,1010.321564957335,0.0,1010.321564957335
1668408546.2017655,1213.94,3.5499999999999545,8.04344199,0.4826752799999996,0.0,1.0,0.0,0.8322664752436981,1010.321564957335
1668408608.8495755,1219.55,5.6099999999999,8.6548974,0.6114554099999996,0.0,1.0,0.0,0.8322664752436981,1014.990579883452
1668408667.1735673,1223.55,4.0,9.5273976,0.8725002000000011,0.0,1.0,0.0,0.8322664752436981,1018.3196457844268
1668408727.0744228,1222.57,-0.9800000000000182,9.69082985,0.1634322499999996,0.0,1.0,0.0,0.8322664752436981,1017.504024638688
1668408787.8620095,1232.83,10.259999999999993,11.00827769,1.3174478399999998,0.0,1.0,0.0,0.8322664752436981,1026.0430786746883
1668408848.1473622,1231.2,-1.6299999999998818,11.29107306,0.2827953700000005,0.0,1.0,0.0,0.8322664752436981,1024.6864843200412
1668408907.7699318,1229.41,-1.7899999999999636,11.2767436,-0.0143294600000007,1.0,0.0,1023.196727329355,0.0,1023.196727329355
1668408968.9732246,1227.14,-2.269999999999982,10.85733645,-0.4194071499999996,1.0,0.0,1023.196727329355,0.0,1023.196727329355
1668409028.767686,1230.31,3.1699999999998454,10.79357581,-0.0637606399999999,1.0,0.0,1023.196727329355,0.0,1023.196727329355
1668409089.2281935,1231.01,0.7000000000000455,10.6962302,-0.0973456099999996,1.0,0.0,1023.196727329355,0.0,1023.196727329355
1668409149.591378,1232.83,1.8199999999999363,10.54324937,-0.1529808300000006,1.0,0.0,1023.196727329355,0.0,1023.196727329355
1668409209.529134,1241.05,8.220000000000027,11.34268998,0.7994406099999996,0.0,1.0,0.0,0.8244605191808186,1023.196727329355
1668409269.4599276,1234.16,-6.889999999999873,10.72834811,-0.6143418699999987,1.0,0.0,1017.5161943521992,0.0,1017.5161943521992
1668409330.2808497,1231.26,-2.900000000000091,10.17133129,-0.5570168200000012,1.0,0.0,1017.5161943521992,0.0,1017.5161943521992
1668409390.5002067,1231.6,0.3399999999999181,9.5510646,-0.6202666899999993,1.0,0.0,1017.5161943521992,0.0,1017.5161943521992
1668409450.3413744,1230.3,-1.2999999999999543,9.02126063,-0.5298039699999997,1.0,0.0,1017.5161943521992,0.0,1017.5161943521992
1668409511.3544366,1234.56,4.259999999999991,8.46304407,-0.55821656,1.0,0.0,1017.5161943521992,0.0,1017.5161943521992
1668409571.1999962,1232.94,-1.6199999999998909,8.3338133,-0.1292307700000012,1.0,0.0,1017.5161943521992,0.0,1017.5161943521992
1668409631.9365325,1230.48,-2.4600000000000364,7.03911881,-1.2946944899999997,1.0,0.0,1017.5161943521992,0.0,1017.5161943521992
1668409692.053014,1231.8,1.3199999999999363,6.70108893,-0.3380298799999996,1.0,0.0,1017.5161943521992,0.0,1017.5161943521992
1668409752.1093931,1232.7,0.900000000000091,6.40585283,-0.2952361000000003,1.0,0.0,1017.5161943521992,0.0,1017.5161943521992
1668409812.1420524,1232.07,-0.6300000000001091,5.95560841,-0.4502444199999997,1.0,0.0,1017.5161943521992,0.0,1017.5161943521992
1668409872.9344122,1233.83,1.759999999999991,5.82315529,-0.1324531200000001,1.0,0.0,1017.5161943521992,0.0,1017.5161943521992
1668409932.8729508,1230.34,-3.490000000000009,5.04966655,-0.7734887399999995,1.0,0.0,1017.5161943521992,0.0,1017.5161943521992
1668409992.8135898,1234.0,3.660000000000082,5.12162073,0.0719541799999996,0.0,1.0,0.0,0.8245674184377627,1017.5161943521992
1668410054.0859568,1234.95,0.9500000000000456,5.02579116,-0.0958295700000002,1.0,0.0,1018.2995333997152,0.0,1018.2995333997152
1668410114.2058322,1234.16,-0.7899999999999636,4.72176116,-0.30403,1.0,0.0,1018.2995333997152,0.0,1018.2995333997152
1668410174.7512298,1231.78,-2.380000000000109,4.14206775,-0.57969341,1.0,0.0,1018.2995333997152,0.0,1018.2995333997152
1668410234.9610476,1228.17,-3.6099999999999,3.25387618,-0.88819157,1.0,0.0,1018.2995333997152,0.0,1018.2995333997152
1668410294.945919,1227.01,-1.160000000000082,2.60942675,-0.6444494299999999,1.0,0.0,1018.2995333997152,0.0,1018.2995333997152
1668410354.9911058,1226.85,-0.1600000000000818,2.1240356,-0.4853911499999999,1.0,0.0,1018.2995333997152,0.0,1018.2995333997152
1668410415.720569,1226.89,0.0400000000001909,1.73519227,-0.38884333,1.0,0.0,1018.2995333997152,0.0,1018.2995333997152
1668410475.7974827,1229.12,2.229999999999791,1.72289113,-0.0123011399999999,1.0,0.0,1018.2995333997152,0.0,1018.2995333997152
1668410535.7754831,1231.07,1.9500000000000453,1.83114328,0.1082521499999999,0.0,1.0,0.0,0.8271662321392896,1018.2995333997152
1668410596.5492315,1231.11,0.0399999999999636,1.77824398,-0.0528992999999999,1.0,0.0,1018.3326200490008,0.0,1018.3326200490008
1668410656.566059,1232.25,1.1400000000001,1.87580294,0.0975589599999999,0.0,1.0,0.0,0.8264009900986007,1018.3326200490006
1668410716.4156582,1235.45,3.200000000000045,2.3113469,0.4355439600000002,0.0,1.0,0.0,0.8264009900986007,1020.9771032173162
1668410777.5797567,1240.03,4.579999999999927,3.0699913,0.7586443999999997,0.0,1.0,0.0,0.8264009900986007,1024.7620197519675
1668410837.467697,1245.81,5.779999999999973,4.16334674,1.0933554399999998,0.0,1.0,0.0,0.8264009900986007,1029.5386174747375
1668410897.753755,1247.26,1.4500000000000457,4.81625633,0.6529095900000002,0.0,1.0,0.0,0.8264009900986007,1030.736898910381
1668410958.3201995,1248.34,1.0799999999999272,5.33496539,0.5187090599999999,0.0,1.0,0.0,0.8264009900986007,1031.6294119796871
1668411018.4636414,1253.59,5.25,6.35522675,1.02026136,0.0,1.0,0.0,0.8264009900986007,1035.9680171777047
1668411078.3062072,1253.02,-0.5699999999999363,6.67407863,0.3188518800000004,0.0,1.0,0.0,0.8264009900986007,1035.4969686133486
1668411138.9310195,1250.02,-3.0,6.45813891,-0.2159397200000006,1.0,0.0,1033.0177656430528,0.0,1033.0177656430528
1668411199.25307,1249.04,-0.9800000000000182,6.26557158,-0.1925673300000001,1.0,0.0,1033.0177656430528,0.0,1033.0177656430528
1668411258.8524196,1250.79,1.75,6.33961299,0.0740414100000004,0.0,1.0,0.0,0.8258922486133187,1033.0177656430528
1668411319.939185,1250.86,0.0699999999999363,6.23839749,-0.1012155000000003,1.0,0.0,1033.0755781004557,0.0,1033.0755781004557
1668411379.902538,1254.91,4.050000000000182,6.65676378,0.4183662900000007,0.0,1.0,0.0,0.8232268275019369,1033.0755781004557
1668411439.9129913,1257.92,3.009999999999991,7.08043623,0.4236724499999997,0.0,1.0,0.0,0.8232268275019369,1035.5534908512366
1668411500.868389,1256.07,-1.8500000000001364,6.88142462,-0.1990116100000003,1.0,0.0,1034.0305212203575,0.0,1034.0305212203575
1668411560.7546098,1252.33,-3.740000000000009,6.23463639,-0.6467882299999994,1.0,0.0,1034.0305212203575,0.0,1034.0305212203575
1668411620.7823138,1250.46,-1.8699999999998909,5.62624374,-0.6083926500000008,1.0,0.0,1034.0305212203575,0.0,1034.0305212203575
1668411681.785647,1251.16,0.7000000000000455,5.30067799,-0.32556575,1.0,0.0,1034.0305212203575,0.0,1034.0305212203575
1668411741.621237,1250.67,-0.4900000000000091,4.87219034,-0.4284876499999992,1.0,0.0,1034.0305212203575,0.0,1034.0305212203575
1668411801.453433,1253.72,3.0499999999999545,4.94336245,0.07117211,0.0,1.0,0.0,0.8247699017486819,1034.0305212203575
1668411862.881606,1254.03,0.3099999999999454,4.79537247,-0.1479899800000002,1.0,0.0,1034.2861998898995,0.0,1034.2861998898995
1668411922.9883156,1253.86,-0.1700000000000727,4.58199632,-0.2133761500000002,1.0,0.0,1034.2861998898995,0.0,1034.2861998898995
1668411982.7636209,1254.65,0.790000000000191,4.48552197,-0.0964743500000002,1.0,0.0,1034.2861998898995,0.0,1034.2861998898995
1668412043.7655857,1250.17,-4.480000000000018,3.67613196,-0.8093900099999995,1.0,0.0,1034.2861998898995,0.0,1034.2861998898995
1668412103.880869,1250.94,0.7699999999999818,3.38893899,-0.28719297,1.0,0.0,1034.2861998898995,0.0,1034.2861998898995
1668412164.3477678,1251.88,0.9400000000000546,3.21005691,-0.1788820800000001,1.0,0.0,1034.2861998898995,0.0,1034.2861998898995
1668412225.0399227,1251.68,-0.2000000000000454,2.94567827,-0.2643786399999999,1.0,0.0,1034.2861998898995,0.0,1034.2861998898995
1668412284.7865508,1254.26,2.5799999999999272,3.07664701,0.1309687399999997,0.0,1.0,0.0,0.8246186595202746,1034.2861998898995
1668412344.872489,1260.18,5.920000000000073,3.82543854,0.7487915300000001,0.0,1.0,0.0,0.8246186595202746,1039.1679423542596
1668412405.6739664,1257.11,-3.070000000000164,3.56452399,-0.2609145499999998,1.0,0.0,1036.6363630695323,0.0,1036.6363630695323
1668412465.7018206,1255.32,-1.7899999999999636,3.25831699,-0.3062070000000001,1.0,0.0,1036.6363630695323,0.0,1036.6363630695323
1668412525.6668673,1254.38,-0.9399999999998272,2.96027275,-0.2980442399999998,1.0,0.0,1036.6363630695323,0.0,1036.6363630695323
1668412586.733035,1256.04,1.6599999999998545,2.98643826,0.0261655099999997,0.0,1.0,0.0,0.8253211387133629,1036.6363630695323
1668412647.179841,1256.82,0.7799999999999727,2.97880251,-0.0076357499999999,1.0,0.0,1037.2801135577288,0.0,1037.2801135577288
1668412707.242797,1256.54,-0.2799999999999727,2.8517834,-0.12701911,1.0,0.0,1037.2801135577288,0.0,1037.2801135577288
1668412767.4947124,1256.64,0.1000000000001364,2.75077917,-0.10100423,1.0,0.0,1037.2801135577288,0.0,1037.2801135577288
1668412827.5073082,1260.06,3.4199999999998454,3.11812255,0.3673433799999999,0.0,1.0,0.0,0.8231989854115905,1037.2801135577288
1668412887.6070795,1261.98,1.9200000000000728,3.42743576,0.30931321,0.0,1.0,0.0,0.8231989854115905,1038.860655609719
1668412948.2383482,1266.24,4.259999999999991,4.11168943,0.6842536700000004,0.0,1.0,0.0,0.8231989854115905,1042.3674832875724
1668413008.2472732,1263.94,-2.2999999999999545,4.01018128,-0.1015081499999999,1.0,0.0,1040.4741256211255,0.0,1040.4741256211255
1668413068.2334354,1266.24,2.2999999999999545,4.35384368,0.3436623999999995,0.0,1.0,0.0,0.8217037256927008,1040.4741256211255
1668413129.2043433,1270.51,4.269999999999982,5.03520419,0.6813605100000002,0.0,1.0,0.0,0.8217037256927008,1043.9828005298332
1668413189.191121,1269.48,-1.0299999999999727,5.09731032,0.06210613,0.0,1.0,0.0,0.8217037256927008,1043.1364456923698
1668413250.0170414,1267.14,-2.339999999999918,4.8214753,-0.2758350199999997,1.0,0.0,1041.213658974249,0.0,1041.213658974249
1668413309.8922763,1263.92,-3.220000000000028,4.24210625,-0.5793690500000004,1.0,0.0,1041.213658974249,0.0,1041.213658974249
1668413369.9539108,1263.46,-0.4600000000000364,3.87606316,-0.3660430899999998,1.0,0.0,1041.213658974249,0.0,1041.213658974249
1668413429.9606867,1264.94,1.4800000000000182,3.78307185,-0.0929913100000003,1.0,0.0,1041.213658974249,0.0,1041.213658974249
1668413490.7167614,1264.86,-0.0800000000001546,3.56267934,-0.2203925099999999,1.0,0.0,1041.213658974249,0.0,1041.213658974249
1668413550.6786857,1267.36,2.5,3.70843798,0.1457586399999999,0.0,1.0,0.0,0.8215610868058398,1041.213658974249
1668413610.6365805,1272.91,5.550000000000182,4.40868802,0.7002500399999998,0.0,1.0,0.0,0.8215610868058398,1045.7733230060217
1668413671.983919,1267.35,-5.560000000000173,3.77422789,-0.6344601299999995,1.0,0.0,1041.205443363381,0.0,1041.205443363381
1668413732.595981,1269.63,2.2800000000002,3.90455216,0.13032427,0.0,1.0,0.0,0.8200857284117269,1041.205443363381
1668413792.030667,1271.54,1.9099999999998545,4.08904026,0.1844880999999998,0.0,1.0,0.0,0.8200857284117269,1042.7718071046472
1668413912.6656184,1265.57,-5.970000000000027,2.96509354,-1.1239467200000002,1.0,0.0,1037.8758953060292,0.0,1037.8758953060292
1668413972.592127,1266.42,0.8500000000001364,2.75681659,-0.2082769499999996,1.0,0.0,1037.8758953060292,0.0,1037.8758953060292
1668414033.4573934,1264.53,-1.8900000000001,2.2475543,-0.5092622900000001,1.0,0.0,1037.8758953060292,0.0,1037.8758953060292
1668414093.505557,1266.51,1.9800000000000184,2.22097733,-0.0265769699999998,1.0,0.0,1037.8758953060292,0.0,1037.8758953060292
1668414153.4880033,1265.65,-0.8599999999999,1.92953299,-0.2914443400000002,1.0,0.0,1037.8758953060292,0.0,1037.8758953060292
1668414215.0656376,1263.33,-2.320000000000164,1.40500211,-0.5245308799999999,1.0,0.0,1037.8758953060292,0.0,1037.8758953060292
1668414274.238618,1265.14,1.8100000000001728,1.38013927,-0.0248628400000001,1.0,0.0,1037.8758953060292,0.0,1037.8758953060292
1668414334.2617812,1264.73,-0.4100000000000818,1.17322407,-0.2069151999999998,1.0,0.0,1037.8758953060292,0.0,1037.8758953060292
1668414395.2588415,1266.44,1.7100000000000364,1.26509558,0.09187151,0.0,1.0,0.0,0.8195223581899096,1037.8758953060292
1668414455.3425305,1266.0,-0.4400000000000545,1.15296812,-0.1121274600000001,1.0,0.0,1037.5153054684256,0.0,1037.5153054684256
1668414515.2414906,1264.3,-1.7000000000000457,0.83917236,-0.31379576,1.0,0.0,1037.5153054684256,0.0,1037.5153054684256
1668414575.963122,1263.99,-0.3099999999999454,0.64680953,-0.1923628299999999,1.0,0.0,1037.5153054684256,0.0,1037.5153054684256
1668414636.14129,1264.65,0.6600000000000819,0.60140094,-0.0454085899999999,1.0,0.0,1037.5153054684256,0.0,1037.5153054684256
1668414696.7681518,1266.94,2.289999999999964,0.84144128,0.2400403399999999,0.0,1.0,0.0,0.8189143175433924,1037.5153054684256
1668414756.7561216,1265.99,-0.9500000000000456,0.7431157,-0.0983255799999999,1.0,0.0,1036.7373368667593,0.0,1036.7373368667593
1668414816.8030684,1264.72,-1.2699999999999818,0.53621469,-0.20690101,1.0,0.0,1036.7373368667593,0.0,1036.7373368667593
1668414876.817775,1265.3,0.5799999999999272,0.52937574,-0.00683895,1.0,0.0,1036.7373368667593,0.0,1036.7373368667593
1668414937.7916443,1266.1,0.7999999999999545,0.59545009,0.06607435,0.0,1.0,0.0,0.8188431694706259,1036.7373368667593
1668414997.825641,1263.67,-2.4299999999998363,0.24753746,-0.34791263,1.0,0.0,1034.747547964946,0.0,1034.747547964946
1668415057.8590367,1259.54,-4.130000000000109,-0.46044291,-0.70798037,1.0,0.0,1034.747547964946,0.0,1034.747547964946
1668415118.6686616,1260.6,1.0599999999999454,-0.60191403,-0.14147112,1.0,0.0,1034.747547964946,0.0,1034.747547964946
1668415179.5664425,1257.85,-2.75,-1.16150602,-0.55959199,1.0,0.0,1034.747547964946,0.0,1034.747547964946
1668415238.6520638,1257.8,-0.0499999999999545,-1.42188169,-0.2603756699999999,1.0,0.0,1034.747547964946,0.0,1034.747547964946
1668415299.4065511,1259.99,2.1900000000000546,-1.29572621,0.12615548,0.0,1.0,0.0,0.8212347304065477,1034.747547964946
1668415359.452942,1261.84,1.849999999999909,-1.05809862,0.23762759,0.0,1.0,0.0,0.8212347304065477,1036.266832216198
1668415419.3849578,1263.7,1.860000000000128,-0.71317079,0.3449278299999999,0.0,1.0,0.0,0.8212347304065477,1037.7943288147544
1668415480.4167948,1262.43,-1.2699999999999818,-0.7299553,-0.0167845099999999,1.0,0.0,1036.751360707138,0.0,1036.751360707138
1668415540.2621536,1262.4,-0.0299999999999727,-0.6596535,0.0703017999999999,0.0,1.0,0.0,0.8212542464410155,1036.751360707138
1668415600.3815486,1262.42,0.0199999999999818,-0.59173819,0.0679153099999999,0.0,1.0,0.0,0.8212542464410155,1036.767785792067
1668415661.9956665,1260.89,-1.5299999999999727,-0.72838768,-0.1366494899999999,1.0,0.0,1035.511266795012,0.0,1035.511266795012
1668415721.120108,1259.74,-1.150000000000091,-0.88886622,-0.16047854,1.0,0.0,1035.511266795012,0.0,1035.511266795012
1668415781.1568253,1260.77,1.0299999999999727,-0.8095625,0.07930372,0.0,1.0,0.0,0.8213324133624785,1035.511266795012
1668415842.1415722,1260.07,-0.7000000000000455,-0.87142581,-0.06186331,1.0,0.0,1034.9363341056585,0.0,1034.9363341056585
1668415901.9700377,1263.62,3.5499999999999545,-0.47391017,0.3975156399999999,0.0,1.0,0.0,0.8190249711983496,1034.9363341056585
1668415962.0420773,1262.42,-1.199999999999818,-0.43908376,0.03482641,0.0,1.0,0.0,0.8190249711983496,1033.9535041402205
1668416022.7374804,1262.51,0.0899999999999181,-0.33189947,0.10718429,0.0,1.0,0.0,0.8190249711983496,1034.0272163876284
1668416082.6980636,1262.25,-0.2599999999999909,-0.2997813,0.03211817,0.0,1.0,0.0,0.8190249711983496,1033.8142698951167
1668416142.8979042,1263.26,1.009999999999991,-0.148034,0.1517472999999999,0.0,1.0,0.0,0.8190249711983496,1034.641485116027
1668416204.2020626,1262.93,-0.3299999999999272,-0.12821721,0.01981679,0.0,1.0,0.0,0.8190249711983496,1034.3712068755317
1668416263.7391324,1263.57,0.6399999999998727,-0.00233323,0.12588398,0.0,1.0,0.0,0.8190249711983496,1034.8953828570986
1668416323.795827,1262.66,-0.9099999999998544,0.07764556,0.07997879,0.0,1.0,0.0,0.8190249711983496,1034.1500701333082
1668416384.7019567,1262.31,-0.3500000000001364,0.02973669,-0.04790887,1.0,0.0,1033.8634113933886,0.0,1033.8634113933886
1668416444.6481798,1262.65,0.3400000000001455,-0.00923763,-0.03897432,1.0,0.0,1033.8634113933886,0.0,1033.8634113933886
1668416504.5807514,1258.88,-3.769999999999982,-0.39346492,-0.38422729,1.0,0.0,1033.8634113933886,0.0,1033.8634113933886
1668416565.7429688,1256.36,-2.520000000000209,-0.82197178,-0.42850686,1.0,0.0,1033.8634113933886,0.0,1033.8634113933886
1668416625.532267,1257.51,1.150000000000091,-1.06058459,-0.2386128099999999,1.0,0.0,1033.8634113933886,0.0,1033.8634113933886
1668416685.6684809,1257.45,-0.0599999999999454,-1.19920035,-0.1386157599999999,1.0,0.0,1033.8634113933886,0.0,1033.8634113933886
1668416747.3833542,1256.92,-0.5299999999999727,-1.39884004,-0.1996396900000001,1.0,0.0,1033.8634113933886,0.0,1033.8634113933886
1668416806.7322135,1255.6,-1.3200000000001637,-1.61249975,-0.2136597099999999,1.0,0.0,1033.8634113933886,0.0,1033.8634113933886
1668416866.7381032,1254.73,-0.8699999999998909,-1.82760672,-0.2151069699999999,1.0,0.0,1033.8634113933886,0.0,1033.8634113933886
1668416927.431843,1255.08,0.349999999999909,-1.83140929,-0.0038025700000001,1.0,0.0,1033.8634113933886,0.0,1033.8634113933886
1668416987.320639,1254.16,-0.9199999999998454,-2.0497931,-0.2183838099999999,1.0,0.0,1033.8634113933886,0.0,1033.8634113933886
1668417047.420257,1255.86,1.699999999999818,-1.95080907,0.09898403,0.0,1.0,0.0,0.8232314202167349,1033.8634113933886
1668417107.9916503,1256.66,0.8000000000001819,-1.78981971,0.16098936,0.0,1.0,0.0,0.8232314202167349,1034.521996529562
1668417167.9673066,1256.41,-0.25,-1.73233637,0.0574833399999998,0.0,1.0,0.0,0.8232314202167349,1034.316188674508
1668417228.1149018,1256.71,0.2999999999999545,-1.63103542,0.1013009500000001,0.0,1.0,0.0,0.8232314202167349,1034.563158100573
1668417289.0640783,1256.01,-0.7000000000000455,-1.60238071,0.0286547099999998,0.0,1.0,0.0,0.8232314202167349,1033.9868961064212
1668417349.032321,1255.45,-0.5599999999999454,-1.61960104,-0.01722033,1.0,0.0,1033.5258865110998,0.0,1033.5258865110998
1668417408.9821725,1256.49,1.0399999999999636,-1.53734093,0.08226011,0.0,1.0,0.0,0.8225500294559446,1033.5258865110998
1668417469.7908418,1255.33,-1.160000000000082,-1.48265644,0.05468449,0.0,1.0,0.0,0.8225500294559446,1032.571728476931
1668417529.733328,1253.34,-1.990000000000009,-1.65779147,-0.17513503,1.0,0.0,1030.9348539183136,0.0,1030.9348539183136
1668417589.7283149,1253.98,0.6400000000001,-1.71630697,-0.0585154999999999,1.0,0.0,1030.9348539183136,0.0,1030.9348539183136
1668417650.9218209,1254.83,0.849999999999909,-1.66800083,0.04830614,0.0,1.0,0.0,0.8215733238114435,1030.9348539183136
1668417710.4249582,1259.25,4.420000000000073,-1.09295432,0.57504651,0.0,1.0,0.0,0.8215733238114435,1034.5662080095603
1668417770.445279,1258.5,-0.75,-0.81856928,0.2743850400000001,0.0,1.0,0.0,0.8215733238114435,1033.9500280167017
1668417831.4369273,1259.25,0.75,-0.49689489,0.32167439,0.0,1.0,0.0,0.8215733238114435,1034.5662080095603
1668417891.2694533,1258.57,-0.6800000000000637,-0.39073194,0.1061629499999999,0.0,1.0,0.0,0.8215733238114435,1034.0075381493684
1668417951.252622,1258.97,0.4000000000000909,-0.21614921,0.17458273,0.0,1.0,0.0,0.8215733238114435,1034.336167478893
1668418012.3842564,1259.82,0.849999999999909,-0.03492089,0.18122832,0.0,1.0,0.0,0.8215733238114435,1035.034504804133
1668418072.2302957,1259.71,-0.1099999999998999,0.11821045,0.15313134,0.0,1.0,0.0,0.8215733238114435,1034.9441317385135
1668418132.3348458,1259.0,-0.7100000000000364,0.19081565,0.0726052,0.0,1.0,0.0,0.8215733238114435,1034.3608146786073
1668418193.1793058,1258.53,-0.4700000000000273,0.1975532,0.00673755,0.0,1.0,0.0,0.8215733238114435,1033.974675216416
1668418253.641338,1258.85,0.3199999999999363,0.26320735,0.06565415,0.0,1.0,0.0,0.8215733238114435,1034.2375786800355
1668418313.158991,1257.76,-1.089999999999918,0.17994962,-0.08325773,1.0,0.0,1033.3420637570812,0.0,1033.3420637570812
1668418373.8155696,1258.5,0.7400000000000091,0.19474282,0.0147932,0.0,1.0,0.0,0.8210902373914034,1033.3420637570812
1668418433.7422526,1259.45,0.9500000000000456,0.31676956,0.12202674,0.0,1.0,0.0,0.8210902373914034,1034.122099482603
1668418493.6609976,1259.33,-0.1200000000001182,0.34066973,0.02390017,0.0,1.0,0.0,0.8210902373914034,1034.023568654116
1668418554.7467294,1259.19,-0.1399999999998726,0.3217834,-0.01888633,1.0,0.0,1033.9086160208813,0.0,1033.9086160208813
1668418614.9058602,1259.99,0.7999999999999545,0.43914553,0.11736213,0.0,1.0,0.0,0.8205689061190019,1033.9086160208813
1668418674.7512093,1261.78,1.7899999999999636,0.69918774,0.2600422099999999,0.0,1.0,0.0,0.8205689061190019,1035.3774343628345
1668418735.3875885,1262.76,0.9800000000000182,0.93338579,0.23419805,0.0,1.0,0.0,0.8205689061190019,1036.1815918908308
1668418795.6624496,1261.2,-1.5599999999999454,0.89704139,-0.0363443999999999,1.0,0.0,1034.9015043972852,0.0,1034.9015043972852
1668418855.4000804,1260.32,-0.8800000000001091,0.84260068,-0.05444071,1.0,0.0,1034.9015043972852,0.0,1034.9015043972852
1668418916.2104323,1261.12,0.7999999999999545,0.89612638,0.0535257,0.0,1.0,0.0,0.8206209594624503,1034.9015043972852
1668418976.269152,1261.41,0.290000000000191,0.92026844,0.0241420599999999,0.0,1.0,0.0,0.8206209594624503,1035.1394844755296
1668419036.223167,1261.77,0.3599999999998999,0.97210452,0.05183608,0.0,1.0,0.0,0.8206209594624503,1035.4349080209358
1668419097.02958,1262.66,0.8900000000001,1.0908039,0.11869938,0.0,1.0,0.0,0.8206209594624503,1036.1652606748576
1668419157.0741568,1261.75,-0.910000000000082,1.12714426,0.0363403599999998,0.0,1.0,0.0,0.8206209594624503,1035.4184956017466
1668419218.270811,1262.42,0.6700000000000728,1.10097598,-0.0261682799999998,1.0,0.0,1035.9683116445865,0.0,1035.9683116445865
1668419277.970189,1262.43,0.0099999999999909,1.10051769,-0.00045829,1.0,0.0,1035.9683116445865,0.0,1035.9683116445865
1668419337.7983012,1263.35,0.9199999999998454,1.14799162,0.04747393,0.0,1.0,0.0,0.820016869153114,1035.9683116445865
1668419397.8558924,1263.14,-0.209999999999809,1.11850648,-0.02948514,1.0,0.0,1035.7961081020644,0.0,1035.7961081020644
1668419458.5863416,1261.53,-1.610000000000127,0.9604237,-0.1580827799999999,1.0,0.0,1035.7961081020644,0.0,1035.7961081020644
1668419518.440908,1260.24,-1.2899999999999636,0.73129817,-0.22912553,1.0,0.0,1035.7961081020644,0.0,1035.7961081020644
1668419578.700296,1260.78,0.5399999999999636,0.57959059,-0.1517075799999999,1.0,0.0,1035.7961081020644,0.0,1035.7961081020644
1668419639.4099684,1261.0,0.2200000000000272,0.49749192,-0.08209867,1.0,0.0,1035.7961081020644,0.0,1035.7961081020644
1668419699.2002594,1262.13,1.1300000000001091,0.56094682,0.0634548999999999,0.0,1.0,0.0,0.8206730749622181,1035.7961081020644
1668419759.2728665,1260.51,-1.6200000000001182,0.39083046,-0.1701163599999999,1.0,0.0,1034.4666177206254,0.0,1034.4666177206254
1668419820.8102677,1260.09,-0.4200000000000727,0.28936239,-0.1014680699999999,1.0,0.0,1034.4666177206254,0.0,1034.4666177206254
1668419879.429336,1259.65,-0.4399999999998272,0.11334507,-0.17601732,1.0,0.0,1034.4666177206254,0.0,1034.4666177206254
1668419939.4947028,1257.31,-2.340000000000145,-0.1792484,-0.29259347,1.0,0.0,1034.4666177206254,0.0,1034.4666177206254
1668419999.4320674,1257.1,-0.2100000000000363,-0.41319781,-0.23394941,1.0,0.0,1034.4666177206254,0.0,1034.4666177206254
1668420059.4948764,1256.82,-0.2799999999999727,-0.60118489,-0.1879870799999999,1.0,0.0,1034.4666177206254,0.0,1034.4666177206254
1668420119.4431636,1255.56,-1.259999999999991,-0.83616179,-0.2349769,1.0,0.0,1034.4666177206254,0.0,1034.4666177206254
1668420179.4495368,1254.07,-1.490000000000009,-1.27029994,-0.4341381499999999,1.0,0.0,1034.4666177206254,0.0,1034.4666177206254
1668420239.4135728,1257.51,3.4400000000000546,-1.04321253,0.22708741,0.0,1.0,0.0,0.8226309275636977,1034.4666177206254
1668420300.1990647,1257.63,0.1200000000001182,-0.92557645,0.1176360799999999,0.0,1.0,0.0,0.8226309275636977,1034.5653334319331
1668420359.4658036,1257.05,-0.5800000000001546,-0.95462839,-0.02905194,1.0,0.0,1034.088207493946,0.0,1034.088207493946
1668420419.4440846,1255.98,-1.0699999999999363,-1.08376679,-0.1291384000000001,1.0,0.0,1034.088207493946,0.0,1034.088207493946
1668420479.3729117,1256.55,0.5699999999999363,-1.08340961,0.0003571800000001,0.0,1.0,0.0,0.8229582646881907,1034.088207493946
1668420539.4272428,1256.37,-0.1800000000000636,-1.09688074,-0.0134711300000001,1.0,0.0,1033.940075006302,0.0,1033.940075006302
1668420599.3150272,1255.83,-0.5399999999999636,-1.15512086,-0.05824012,1.0,0.0,1033.940075006302,0.0,1033.940075006302
1668420659.3004503,1256.93,1.1000000000001364,-0.98919978,0.16592108,0.0,1.0,0.0,0.8225916121075175,1033.940075006302
1668420719.5363953,1254.88,-2.0499999999999545,-1.21471736,-0.2255175800000001,1.0,0.0,1032.2537622014818,0.0,1032.2537622014818
1668420780.5194168,1255.77,0.8899999999998727,-1.14468433,0.07003303,0.0,1.0,0.0,0.822008617980587,1032.2537622014818
1668420839.427523,1255.33,-0.4400000000000545,-1.18023766,-0.0355533299999999,1.0,0.0,1031.89207840957,0.0,1031.89207840957
1668420899.4230382,1255.72,0.3900000000001,-1.13481831,0.0454193499999999,0.0,1.0,0.0,0.8217533195374527,1031.89207840957
1668420959.4935598,1255.51,-0.2100000000000363,-1.11848706,0.0163312499999999,0.0,1.0,0.0,0.8217533195374527,1031.7195102124672
1668421019.3982997,1255.06,-0.4500000000000455,-1.12865215,-0.0101650899999998,1.0,0.0,1031.3497212186753,0.0,1031.3497212186753
1668421079.4684434,1254.57,-0.4900000000000091,-1.17435371,-0.0457015600000001,1.0,0.0,1031.3497212186753,0.0,1031.3497212186753
1668421139.46278,1254.34,-0.2300000000000182,-1.2042904,-0.0299366899999999,1.0,0.0,1031.3497212186753,0.0,1031.3497212186753
1668421199.3643925,1255.66,1.3200000000001637,-1.08572428,0.1185661200000001,0.0,1.0,0.0,0.8213606559249121,1031.3497212186753
1668421260.067698,1257.37,1.709999999999809,-0.84232698,0.2433973,0.0,1.0,0.0,0.8213606559249121,1032.7542479403066
1668421319.4117794,1257.58,0.2100000000000363,-0.62543432,0.2168926599999999,0.0,1.0,0.0,0.8213606559249121,1032.926733678051
1668421379.4542236,1257.71,0.1300000000001091,-0.4683402,0.15709412,0.0,1.0,0.0,0.8213606559249121,1033.0335105633212
1668421439.5155373,1257.45,-0.2599999999999909,-0.35544614,0.1128940599999999,0.0,1.0,0.0,0.8213606559249121,1032.8199567927809
1668421499.4833412,1256.25,-1.2000000000000457,-0.36522898,-0.0097828399999999,1.0,0.0,1031.8343240056709,0.0,1031.8343240056709
1668421559.590583,1256.76,0.5099999999999909,-0.33512035,0.0301086299999999,0.0,1.0,0.0,0.8210273433317983,1031.8343240056709
1668421619.526971,1257.76,1.0,-0.18378339,0.15133696,0.0,1.0,0.0,0.8210273433317983,1032.6553513490026
1668421679.4551888,1257.36,-0.4000000000000909,-0.11187658,0.0719068099999999,0.0,1.0,0.0,0.8210273433317983,1032.3269404116695
1668421740.4345524,1258.1,0.7400000000000091,0.01033737,0.12221395,0.0,1.0,0.0,0.8210273433317983,1032.9345006457354
1668421799.4422152,1257.46,-0.6399999999998727,0.10967801,0.09934064,0.0,1.0,0.0,0.8210273433317983,1032.4090431460031
1668421859.5285285,1257.82,0.3599999999998999,0.12727096,0.0175929499999999,0.0,1.0,0.0,0.8210273433317983,1032.7046129896023
1668421919.4817524,1258.85,1.0299999999999727,0.29917565,0.17190469,0.0,1.0,0.0,0.8210273433317983,1033.5502711532342
1668421979.5202372,1259.43,0.5800000000001546,0.46984,0.1706643499999999,0.0,1.0,0.0,0.8210273433317983,1034.0264670123668
1668422039.4094317,1259.95,0.5199999999999818,0.58054041,0.11070041,0.0,1.0,0.0,0.8210273433317983,1034.453401230899
1668422099.3862293,1260.14,0.1900000000000545,0.73394369,0.15340328,0.0,1.0,0.0,0.8210273433317983,1034.6093964261324
1668422159.382157,1258.67,-1.4700000000000273,0.67245291,-0.06149078,1.0,0.0,1033.4024862314343,0.0,1033.4024862314343
1668422220.6985428,1259.5,0.8299999999999272,0.72182588,0.04937297,0.0,1.0,0.0,0.820486293157153,1033.4024862314343
1668422279.5473204,1260.94,1.4400000000000546,0.90250398,0.1806780999999999,0.0,1.0,0.0,0.820486293157153,1034.5839864935806
1668422339.478479,1261.46,0.5199999999999818,1.05649622,0.1539922400000001,0.0,1.0,0.0,0.820486293157153,1035.0106393660224
1668422399.3760748,1259.6,-1.860000000000128,0.91446896,-0.1420272600000001,1.0,0.0,1033.4845348607498,0.0,1033.4845348607498
1668422459.458484,1260.58,0.9800000000000182,0.96235092,0.04788196,0.0,1.0,0.0,0.8198484307705579,1033.4845348607498
1668422519.4167285,1260.55,-0.0299999999999727,0.97309843,0.0107475099999999,0.0,1.0,0.0,0.8198484307705579,1033.4599394078268
1668422579.7268214,1259.89,-0.6599999999998545,0.81279433,-0.1603040999999999,1.0,0.0,1032.9188394435182,0.0,1032.9188394435182
1668422639.5400064,1260.73,0.8399999999999181,0.83797921,0.0251848799999999,0.0,1.0,0.0,0.8193021816277222,1032.9188394435182
1668422700.418226,1259.12,-1.610000000000127,0.67221277,-0.1657664399999999,1.0,0.0,1031.5997629310975,0.0,1031.5997629310975
1668422759.6687438,1261.35,2.230000000000018,0.81233961,0.1401268399999999,0.0,1.0,0.0,0.817853698760136,1031.5997629310975
1668422819.5771627,1261.67,0.3200000000001637,0.86917534,0.0568357299999999,0.0,1.0,0.0,0.817853698760136,1031.861476114701
1668422879.524134,1261.0,-0.6700000000000728,0.85481821,-0.0143571299999999,1.0,0.0,1031.3135141365317,0.0,1031.3135141365317
1668422939.552038,1260.28,-0.7200000000000273,0.72166777,-0.1331504399999999,1.0,0.0,1031.3135141365317,0.0,1031.3135141365317
1668422999.5314023,1257.34,-2.9400000000000546,0.32683715,-0.39483062,1.0,0.0,1031.3135141365317,0.0,1031.3135141365317
1668423059.638104,1258.69,1.3500000000001364,0.27705877,-0.04977838,1.0,0.0,1031.3135141365317,0.0,1031.3135141365317
1668423119.499691,1260.77,2.0799999999999272,0.40386807,0.1268093,0.0,1.0,0.0,0.8180028983371525,1031.3135141365317
1668423180.2827184,1259.98,-0.7899999999999636,0.32895306,-0.07491501,1.0,0.0,1030.6672918468453,0.0,1030.6672918468453
1668423239.4348643,1260.02,0.0399999999999636,0.32352339,-0.0054296699999999,1.0,0.0,1030.6672918468453,0.0,1030.6672918468453
1668423299.5313504,1259.69,-0.3299999999999272,0.30534395,-0.01817944,1.0,0.0,1030.6672918468453,0.0,1030.6672918468453
1668423359.7458372,1260.87,1.1799999999998363,0.39205888,0.08671493,0.0,1.0,0.0,0.8174255013180148,1030.6672918468453
1668423419.511441,1260.89,0.0200000000002091,0.42478027,0.03272139,0.0,1.0,0.0,0.8174255013180148,1030.6836403568718
1668423479.541219,1261.3,0.4099999999998545,0.51354351,0.0887632399999999,0.0,1.0,0.0,0.8174255013180148,1031.0187848124122
1668423539.6424592,1261.25,-0.0499999999999545,0.55317385,0.0396303399999999,0.0,1.0,0.0,0.8174255013180148,1030.9779135373462
1668423599.5052123,1259.81,-1.4400000000000546,0.41555015,-0.1376236999999999,1.0,0.0,1029.8008208154483,0.0,1029.8008208154483
1668423660.7486546,1260.69,0.8800000000001091,0.46189068,0.0463405299999999,0.0,1.0,0.0,0.8168549134326824,1029.8008208154483
1668423719.554578,1261.87,1.1799999999998363,0.56853077,0.1066400899999999,0.0,1.0,0.0,0.8168549134326824,1030.7647096132987
1668423779.4957569,1261.76,-0.1099999999998999,0.63025865,0.06172788,0.0,1.0,0.0,0.8168549134326824,1030.6748555728211
1668423839.5269434,1261.87,0.1099999999998999,0.67619984,0.0459411899999999,0.0,1.0,0.0,0.8168549134326824,1030.7647096132987
1668423899.6279252,1260.01,-1.8599999999999,0.5151983,-0.16100154,1.0,0.0,1029.245359474314,0.0,1029.245359474314
1668423959.5677345,1260.52,0.5099999999999909,0.45561752,-0.05958078,1.0,0.0,1029.245359474314,0.0,1029.245359474314
1668424019.5557146,1260.55,0.0299999999999727,0.39246119,-0.0631563299999999,1.0,0.0,1029.245359474314,0.0,1029.245359474314
1668424079.5858445,1261.02,0.4700000000000273,0.38100009,-0.0114611,1.0,0.0,1029.245359474314,0.0,1029.245359474314
1668424140.5948613,1262.63,1.610000000000127,0.57556338,0.1945632899999999,0.0,1.0,0.0,0.8151599118303176,1029.245359474314
1668424199.4369009,1260.63,-2.0,0.4233764,-0.1521869799999999,1.0,0.0,1027.6150396506532,0.0,1027.6150396506532
1668424259.7649748,1261.32,0.6899999999998272,0.40510228,-0.01827412,1.0,0.0,1027.6150396506532,0.0,1027.6150396506532
1668424319.6337106,1261.69,0.3700000000001182,0.40286827,-0.00223401,1.0,0.0,1027.6150396506532,0.0,1027.6150396506532
1668424379.6522212,1260.87,-0.8200000000001637,0.31109803,-0.0917702399999999,1.0,0.0,1027.6150396506532,0.0,1027.6150396506532
1668424439.4769864,1262.11,1.240000000000009,0.39369035,0.08259232,0.0,1.0,0.0,0.8142040231443006,1027.6150396506532
1668424499.5331638,1262.24,0.1300000000001091,0.47511503,0.0814246799999999,0.0,1.0,0.0,0.8142040231443006,1027.720886173662
1668424559.626685,1262.56,0.3199999999999363,0.5333517,0.0582366699999999,0.0,1.0,0.0,0.8142040231443006,1027.981431461068
1668424620.7753448,1262.3,-0.2599999999999909,0.51023297,-0.0231187299999999,1.0,0.0,1027.7697384150506,0.0,1027.7697384150506
1668424679.7144868,1263.42,1.1200000000001182,0.6162566,0.10602363,0.0,1.0,0.0,0.8134822453460057,1027.7697384150506
1668424739.437565,1263.28,-0.1400000000001,0.91946928,0.30321268,0.0,1.0,0.0,0.8134822453460057,1027.655850900702
1668424799.4243834,1260.22,-3.059999999999945,0.61682783,-0.3026414500000001,1.0,0.0,1025.1665952299434,0.0,1025.1665952299434
1668424859.5460038,1258.47,-1.75,0.2004535,-0.4163743299999999,1.0,0.0,1025.1665952299434,0.0,1025.1665952299434
1668424919.496569,1262.36,3.8899999999998727,0.22403117,0.0235776699999999,0.0,1.0,0.0,0.8121031997448774,1025.1665952299434
1668424979.5152066,1259.42,-2.939999999999827,-0.05134018,-0.27537135,1.0,0.0,1022.7790118226936,0.0,1022.7790118226936
1668425039.6181357,1259.74,0.3199999999999363,-0.1041123,-0.05277212,1.0,0.0,1022.7790118226936,0.0,1022.7790118226936
1668425100.7953184,1258.26,-1.4800000000000182,-0.39415812,-0.29004582,1.0,0.0,1022.7790118226936,0.0,1022.7790118226936
1668425159.524628,1257.25,-1.009999999999991,-0.61549654,-0.2213384199999999,1.0,0.0,1022.7790118226936,0.0,1022.7790118226936
1668425219.4918096,1256.47,-0.7799999999999727,-0.90005604,-0.2845594999999999,1.0,0.0,1022.7790118226936,0.0,1022.7790118226936
1668425279.5220928,1256.26,-0.2100000000000363,-1.08051972,-0.1804636800000001,1.0,0.0,1022.7790118226936,0.0,1022.7790118226936
1668425339.7020862,1257.66,1.400000000000091,-1.10938903,-0.0288693099999999,1.0,0.0,1022.7790118226936,0.0,1022.7790118226936
1668425399.5196338,1257.74,0.0799999999999272,-1.09780136,0.0115876699999999,0.0,1.0,0.0,0.8131879496737748,1022.7790118226936
1668425459.9244008,1256.38,-1.3599999999999,-1.19006349,-0.0922621299999999,1.0,0.0,1021.6730762111372,0.0,1021.6730762111372
1668425519.5084157,1255.1,-1.2800000000002,-1.33400188,-0.1439383899999999,1.0,0.0,1021.6730762111372,0.0,1021.6730762111372
1668425580.7246015,1255.51,0.4100000000000818,-1.39946299,-0.0654611099999999,1.0,0.0,1021.6730762111372,0.0,1021.6730762111372
1668425639.5893984,1254.2,-1.3099999999999454,-1.56822353,-0.16876054,1.0,0.0,1021.6730762111372,0.0,1021.6730762111372
1668425699.9421642,1253.95,-0.25,-1.69590127,-0.1276777399999999,1.0,0.0,1021.6730762111372,0.0,1021.6730762111372
1668425759.6635344,1254.36,0.4099999999998545,-1.66716489,0.02873638,0.0,1.0,0.0,0.8144974937108463,1021.6730762111372
1668425819.6703625,1255.93,1.5700000000001637,-1.48823908,0.1789258099999999,0.0,1.0,0.0,0.8144974937108463,1022.9518372762632
1668425879.6976812,1255.8,-0.1300000000001091,-1.40585808,0.082381,0.0,1.0,0.0,0.8144974937108463,1022.8459526020808
1668425939.5924952,1255.8,0.0,-1.28281418,0.1230439000000001,0.0,1.0,0.0,0.8144974937108463,1022.8459526020808
1668425999.7734208,1254.5,-1.2999999999999543,-1.32972611,-0.04691193,1.0,0.0,1021.7871058602568,0.0,1021.7871058602568
1668426060.788018,1254.65,0.1500000000000909,-1.35461324,-0.0248871299999999,1.0,0.0,1021.7871058602568,0.0,1021.7871058602568
1668426119.6979206,1255.02,0.3699999999998908,-1.25795715,0.0966560899999999,0.0,1.0,0.0,0.8141600180556938,1021.7871058602568
1668426179.6317906,1255.58,0.5599999999999454,-1.10972831,0.14822884,0.0,1.0,0.0,0.8141600180556938,1022.243035470368
1668426239.6904693,1256.74,1.160000000000082,-0.92378496,0.1859433499999999,0.0,1.0,0.0,0.8141600180556938,1023.1874610913128
1668426299.6789467,1255.64,-1.099999999999909,-0.9179037,0.0058812599999999,0.0,1.0,0.0,0.8141600180556938,1022.2918850714516
1668426359.7053308,1255.94,0.2999999999999545,-0.85864944,0.05925426,0.0,1.0,0.0,0.8141600180556938,1022.5361330768682
1668426419.5965445,1256.59,0.6499999999998636,-0.72816103,0.13048841,0.0,1.0,0.0,0.8141600180556938,1023.0653370886042
1668426479.5803337,1257.17,0.5800000000001546,-0.58251959,0.14564144,0.0,1.0,0.0,0.8141600180556938,1023.5375498990768
1668426540.4843946,1256.63,-0.5399999999999636,-0.50784018,0.07467941,0.0,1.0,0.0,0.8141600180556938,1023.0979034893268
1668426599.4668314,1255.18,-1.4500000000000457,-0.61943508,-0.1115949,1.0,0.0,1021.917371463146,0.0,1021.917371463146
1668426659.582996,1254.9,-0.2799999999999727,-0.64351289,-0.0240778099999999,1.0,0.0,1021.917371463146,0.0,1021.917371463146
1668426719.713026,1255.73,0.8299999999999272,-0.57786487,0.06564802,0.0,1.0,0.0,0.8138034222827726,1021.917371463146
1668426779.6146994,1254.82,-0.910000000000082,-0.67463554,-0.09677067,1.0,0.0,1021.1768103488688,0.0,1021.1768103488688
1668426839.5618143,1255.47,0.650000000000091,-0.61299773,0.06163781,0.0,1.0,0.0,0.8133820882608654,1021.1768103488688
1668426899.5986094,1254.39,-1.0799999999999272,-0.66502394,-0.0520262099999999,1.0,0.0,1020.2983576935472,0.0,1020.2983576935472
1668426959.7094882,1254.73,0.3399999999999181,-0.67837494,-0.013351,1.0,0.0,1020.2983576935472,0.0,1020.2983576935472
1668427020.839741,1255.35,0.6199999999998909,-0.54582591,0.1325490299999999,0.0,1.0,0.0,0.8127600730422172,1020.2983576935472
1668427079.6157742,1254.51,-0.8399999999999181,-0.59743723,-0.05161132,1.0,0.0,1019.615639232192,0.0,1019.615639232192
1668427139.7482648,1254.58,0.0699999999999363,-0.55555656,0.04188067,0.0,1.0,0.0,0.8127147246346922,1019.615639232192
1668427199.706798,1252.28,-2.2999999999999545,-0.83362401,-0.27806745,1.0,0.0,1017.7463953655324,0.0,1017.7463953655324
1668427260.0361073,1253.19,0.910000000000082,-0.87943672,-0.0458127099999999,1.0,0.0,1017.7463953655324,0.0,1017.7463953655324
1668427320.0479398,1252.8,-0.3900000000001,-0.96541186,-0.08597514,1.0,0.0,1017.7463953655324,0.0,1017.7463953655324
1668427379.7739806,1251.1,-1.7000000000000457,-1.13482762,-0.16941576,1.0,0.0,1017.7463953655324,0.0,1017.7463953655324
1668427439.538093,1248.72,-2.3799999999998818,-1.57007571,-0.43524809,1.0,0.0,1017.7463953655324,0.0,1017.7463953655324
1668427500.37525,1248.29,-0.4300000000000636,-1.90587342,-0.33579771,1.0,0.0,1017.7463953655324,0.0,1017.7463953655324
1668427559.603825,1245.11,-3.180000000000064,-2.45904319,-0.55316977,1.0,0.0,1017.7463953655324,0.0,1017.7463953655324
1668427619.7594345,1247.41,2.300000000000182,-2.44439571,0.0146474799999998,0.0,1.0,0.0,0.8158876354731261,1017.7463953655324
1668427679.9457417,1249.17,1.759999999999991,-2.19232649,0.2520692200000001,0.0,1.0,0.0,0.8158876354731261,1019.1823576039652
1668427739.9616663,1249.03,-0.1400000000001,-2.10808555,0.0842409399999999,0.0,1.0,0.0,0.8158876354731261,1019.0681333349988
1668427799.9128742,1246.67,-2.3599999999999,-2.29458835,-0.1865027999999999,1.0,0.0,1017.1426385152822,0.0,1017.1426385152822
1668427859.7488415,1247.94,1.2699999999999818,-2.21729076,0.0772975900000001,0.0,1.0,0.0,0.8150573252842942,1017.142638515282
1668427919.8304522,1248.53,0.5899999999999181,-2.1160982,0.1011925599999998,0.0,1.0,0.0,0.8150573252842942,1017.6235223371998
1668427979.9466276,1252.1,3.5699999999999363,-1.67292668,0.4431715200000001,0.0,1.0,0.0,0.8150573252842942,1020.5332769884646
1668428039.707584,1253.32,1.2200000000000273,-1.23275071,0.4401759700000001,0.0,1.0,0.0,0.8150573252842942,1021.5276469253116
1668428099.745803,1253.21,-0.1099999999998999,-0.85704201,0.3757086999999999,0.0,1.0,0.0,0.8150573252842942,1021.4379906195304
1668428159.7521274,1254.44,1.2300000000000182,-0.50228734,0.35475467,0.0,1.0,0.0,0.8150573252842942,1022.44051112963
1668428219.7901497,1253.2,-1.240000000000009,-0.27256887,0.2297184699999999,0.0,1.0,0.0,0.8150573252842942,1021.4298400462776
1668428279.8523843,1252.58,-0.6200000000001182,-0.14390837,0.1286605,0.0,1.0,0.0,0.8150573252842942,1020.9245045046011
1668428339.830373,1253.4,0.8200000000001637,0.0085745,0.15248287,0.0,1.0,0.0,0.8150573252842942,1021.5928515113344
1668428399.9229305,1253.86,0.459999999999809,0.18089526,0.17232076,0.0,1.0,0.0,0.8150573252842942,1021.9677778809652
1668428459.757192,1253.94,0.0800000000001546,0.2426185,0.0617232399999999,0.0,1.0,0.0,0.8150573252842942,1022.032982466988
1668428520.247063,1254.35,0.4099999999998545,0.36824572,0.12562722,0.0,1.0,0.0,0.8150573252842942,1022.3671559703544
1668428579.761449,1254.69,0.3400000000001455,0.47525906,0.10701334,0.0,1.0,0.0,0.8150573252842942,1022.6442754609512
1668428639.5956252,1255.26,0.5699999999999363,0.6416892,0.1664301399999999,0.0,1.0,0.0,0.8150573252842942,1023.1088581363632
1668428699.7966063,1255.96,0.7000000000000455,0.77505903,0.13336983,0.0,1.0,0.0,0.8150573252842942,1023.679398264062
1668428759.6399224,1257.49,1.5299999999999727,0.95219282,0.17713379,0.0,1.0,0.0,0.8150573252842942,1024.9264359717472
1668428819.6748345,1257.55,0.0599999999999454,1.08927613,0.1370833099999999,0.0,1.0,0.0,0.8150573252842942,1024.975339411264
1668428879.6309645,1260.9,3.3500000000001364,1.54142492,0.4521487900000001,0.0,1.0,0.0,0.8150573252842942,1027.7057814509667
1668428939.7780392,1262.38,1.4800000000000182,2.01948939,0.4780644699999998,0.0,1.0,0.0,0.8150573252842942,1028.9120662923874
1668428999.8232174,1261.29,-1.0900000000001455,2.16784703,0.1483576399999999,0.0,1.0,0.0,0.8150573252842942,1028.0236538078277
1668429059.653051,1260.91,-0.3799999999998817,2.29376293,0.1259159000000003,0.0,1.0,0.0,0.8150573252842942,1027.7139320242195
1668429119.6611516,1260.96,0.0499999999999545,2.30467801,0.0109150799999997,0.0,1.0,0.0,0.8150573252842942,1027.7546848904835
1668429179.8951738,1261.99,1.0299999999999727,2.39627832,0.09160031,0.0,1.0,0.0,0.8150573252842942,1028.5941939355264
1668429239.7617788,1264.31,2.3199999999999363,2.83425647,0.4379781500000002,0.0,1.0,0.0,0.8150573252842942,1030.485126930186
1668429299.7614274,1266.68,2.3700000000001182,3.15213428,0.3178778099999997,0.0,1.0,0.0,0.8150573252842942,1032.4168127911098
1668429359.7770724,1264.59,-2.090000000000145,3.13432987,-0.0178044099999996,1.0,0.0,1030.7133429812654,0.0,1030.7133429812654
1668429419.740124,1263.93,-0.6599999999998545,3.13812262,0.0037927499999996,0.0,1.0,0.0,0.8154829325842929,1030.7133429812654
1668429480.4360194,1263.29,-0.6400000000001,3.01471235,-0.1234102699999999,1.0,0.0,1030.1914339044115,0.0,1030.1914339044115
1668429539.7739325,1261.34,-1.9500000000000453,2.68788746,-0.3268248900000001,1.0,0.0,1030.1914339044115,0.0,1030.1914339044115
1668429599.8395865,1262.7,1.360000000000127,2.54950477,-0.1383826899999998,1.0,0.0,1030.1914339044115,0.0,1030.1914339044115
1668429659.8115275,1264.13,1.4300000000000637,2.48096236,-0.06854241,1.0,0.0,1030.1914339044115,0.0,1030.1914339044115
1668429719.7143528,1264.6,0.4699999999997999,2.43326723,-0.0476951300000001,1.0,0.0,1030.1914339044115,0.0,1030.1914339044115
1668429780.0691364,1263.97,-0.6299999999998818,2.29689301,-0.13637422,1.0,0.0,1030.1914339044115,0.0,1030.1914339044115
1668429839.9981382,1263.02,-0.9500000000000456,2.11542664,-0.1814663699999998,1.0,0.0,1030.1914339044115,0.0,1030.1914339044115
1668429899.82221,1262.09,-0.9300000000000636,1.88835428,-0.2270723599999999,1.0,0.0,1030.1914339044115,0.0,1030.1914339044115
1668429960.5492835,1261.66,-0.4299999999998363,1.64935648,-0.2389977999999999,1.0,0.0,1030.1914339044115,0.0,1030.1914339044115
1668430019.8071334,1261.47,-0.1900000000000545,1.40264128,-0.2467151999999999,1.0,0.0,1030.1914339044115,0.0,1030.1914339044115
1668430079.664955,1263.74,2.269999999999982,1.46263874,0.0599974599999999,0.0,1.0,0.0,0.8151925506072543,1030.1914339044115
1668430139.884734,1263.92,0.1800000000000636,1.43718432,-0.0254544199999999,1.0,0.0,1030.3381685635209,0.0,1030.3381685635209
1668430199.750447,1263.32,-0.6000000000001364,1.38180429,-0.05538003,1.0,0.0,1030.3381685635209,0.0,1030.3381685635209
1668430259.6797345,1263.81,0.4900000000000091,1.32978418,-0.0520201099999999,1.0,0.0,1030.3381685635209,0.0,1030.3381685635209
1668430319.8758824,1263.85,0.0399999999999636,1.29298919,-0.0367949900000001,1.0,0.0,1030.3381685635209,0.0,1030.3381685635209
1668430379.7301428,1265.0,1.150000000000091,1.41044544,0.11745625,0.0,1.0,0.0,0.8144965759395422,1030.3381685635209
1668430440.3853104,1263.94,-1.0599999999999454,1.34876769,-0.0616777499999998,1.0,0.0,1029.474802193025,0.0,1029.474802193025
1668430500.0731926,1264.78,0.8399999999999181,1.44698642,0.0982187299999999,0.0,1.0,0.0,0.8139556303807974,1029.474802193025
1668430559.836466,1262.68,-2.099999999999909,1.21971223,-0.2272741899999999,1.0,0.0,1027.7654953692254,0.0,1027.7654953692254
1668430619.714293,1261.84,-0.8400000000001455,0.95499006,-0.2647221700000001,1.0,0.0,1027.7654953692254,0.0,1027.7654953692254
1668430679.7790306,1262.51,0.6700000000000728,0.86147983,-0.09351023,1.0,0.0,1027.7654953692254,0.0,1027.7654953692254
1668430739.840975,1262.69,0.1800000000000636,0.80021967,-0.0612601599999999,1.0,0.0,1027.7654953692254,0.0,1027.7654953692254
1668430799.6690154,1264.32,1.6299999999998818,0.86507852,0.0648588499999999,0.0,1.0,0.0,0.8128998160032471,1027.7654953692254
1668430859.8486533,1264.04,-0.2799999999999727,0.84557454,-0.0195039799999999,1.0,0.0,1027.5378834207445,0.0,1027.5378834207445
1668430920.492786,1263.64,-0.3999999999998636,0.81523251,-0.03034203,1.0,0.0,1027.5378834207445,0.0,1027.5378834207445
1668430979.997363,1264.11,0.4699999999997999,0.76322456,-0.0520079499999999,1.0,0.0,1027.5378834207445,0.0,1027.5378834207445
1668431040.6098068,1263.29,-0.8199999999999363,0.69006871,-0.07315585,1.0,0.0,1027.5378834207445,0.0,1027.5378834207445
1668431100.7178502,1264.65,1.360000000000127,0.77693534,0.0868666299999999,0.0,1.0,0.0,0.8125077163015415,1027.5378834207445
1668431160.4546585,1265.38,0.7300000000000182,0.9071046,0.13016926,0.0,1.0,0.0,0.8125077163015415,1028.1310140536448
1668431221.586367,1268.26,2.8799999999998818,1.285988,0.3788833999999998,0.0,1.0,0.0,0.8125077163015415,1030.471036276593
1668431281.59627,1267.66,-0.599999999999909,1.62128976,0.3353017600000001,0.0,1.0,0.0,0.8125077163015415,1029.9835316468125
1668431341.61152,1263.33,-4.330000000000155,1.12252264,-0.4987671200000001,1.0,0.0,1026.4653732352265,0.0,1026.4653732352265
1668431402.3081658,1261.09,-2.240000000000009,0.60735703,-0.5151656099999999,1.0,0.0,1026.4653732352265,0.0,1026.4653732352265
1668431463.007568,1261.0,-0.0899999999999181,0.24591541,-0.3614416199999999,1.0,0.0,1026.4653732352265,0.0,1026.4653732352265
1668431522.1655266,1263.5,2.5,0.275191,0.02927559,0.0,1.0,0.0,0.812398395912328,1026.4653732352265
1668431582.9926586,1266.48,2.980000000000018,0.51072625,0.23553525,0.0,1.0,0.0,0.812398395912328,1028.886320455045
1668431643.221816,1272.96,6.480000000000018,1.23026505,0.7195388,0.0,1.0,0.0,0.812398395912328,1034.1506620605571
1668431703.1118708,1281.43,8.470000000000027,2.91525195,1.6849869,0.0,1.0,0.0,0.812398395912328,1041.0316764739346
1668431764.0350337,1278.34,-3.090000000000145,3.29492214,0.3796701900000001,0.0,1.0,0.0,0.812398395912328,1038.5213654305653
1668431824.0602756,1277.28,-1.0599999999999454,3.63399629,0.3390741499999996,0.0,1.0,0.0,0.812398395912328,1037.6602231308982
1668431884.0616577,1276.33,-0.9500000000000456,3.75654952,0.1225532300000002,0.0,1.0,0.0,0.812398395912328,1036.8884446547816
1668431944.9533496,1277.11,0.7799999999999727,3.74851692,-0.0080325999999999,1.0,0.0,1037.522115403593,0.0,1037.522115403593
1668432004.9181771,1277.28,0.1700000000000727,3.83039301,0.0818760899999997,0.0,1.0,0.0,0.8122902694817057,1037.522115403593
1668432064.869912,1277.55,0.2699999999999818,3.89997116,0.0695781500000003,0.0,1.0,0.0,0.8122902694817057,1037.741433776353
1668432125.6717062,1276.89,-0.6599999999998545,3.71207099,-0.1879001700000002,1.0,0.0,1037.2053221984952,0.0,1037.2053221984952
1668432185.639845,1279.98,3.089999999999918,3.94120864,0.2291376500000002,0.0,1.0,0.0,0.8103293193631894,1037.2053221984952
1668432245.7123616,1283.63,3.650000000000091,4.29334617,0.3521375300000002,0.0,1.0,0.0,0.8103293193631894,1040.163024214171
1668432306.6704085,1285.85,2.2199999999998,4.78558776,0.4922415899999999,0.0,1.0,0.0,0.8103293193631894,1041.961955303157
1668432366.7874324,1282.95,-2.899999999999864,4.76346339,-0.0221243700000002,1.0,0.0,1039.612000277004,0.0,1039.612000277004
1668432426.711734,1283.26,0.3099999999999454,4.78553059,0.0220671999999995,0.0,1.0,0.0,0.8101335662897651,1039.612000277004
1668432487.5475605,1285.2,1.9400000000000543,4.93588223,0.1503516400000002,0.0,1.0,0.0,0.8101335662897651,1041.183659395606
1668432547.5450466,1287.63,2.430000000000064,5.37760164,0.4417194100000001,0.0,1.0,0.0,0.8101335662897651,1043.1522839616905
1668432607.4867857,1287.69,0.0599999999999454,5.54648675,0.1688851099999997,0.0,1.0,0.0,0.8101335662897651,1043.2008919756677
1668432668.5076387,1287.25,-0.4400000000000545,5.49417229,-0.0523144599999998,1.0,0.0,1042.8444332065,0.0,1042.8444332065
1668432728.2768629,1283.99,-3.259999999999991,4.8945412,-0.5996310899999999,1.0,0.0,1042.8444332065,0.0,1042.8444332065
1668432788.2144778,1281.68,-2.309999999999945,4.3968731,-0.4976681000000003,1.0,0.0,1042.8444332065,0.0,1042.8444332065
1668432849.4449832,1282.36,0.6799999999998363,4.07052492,-0.3263481799999992,1.0,0.0,1042.8444332065,0.0,1042.8444332065
1668432909.489275,1285.59,3.230000000000018,3.98364952,-0.0868754000000002,1.0,0.0,1042.8444332065,0.0,1042.8444332065
1668432969.534798,1285.58,-0.0099999999999909,3.74931302,-0.2343364999999999,1.0,0.0,1042.8444332065,0.0,1042.8444332065
1668433030.298775,1284.0,-1.5799999999999272,3.38026044,-0.3690525800000004,1.0,0.0,1042.8444332065,0.0,1042.8444332065
1668433090.289318,1281.3,-2.700000000000045,2.83187199,-0.54838845,1.0,0.0,1042.8444332065,0.0,1042.8444332065
1668433150.3128543,1281.88,0.5800000000001546,2.55879707,-0.27307492,1.0,0.0,1042.8444332065,0.0,1042.8444332065
1668433210.9640222,1281.93,0.0499999999999545,2.0377302,-0.5210668699999998,1.0,0.0,1042.8444332065,0.0,1042.8444332065
1668433271.011547,1283.17,1.240000000000009,2.13664758,0.09891738,0.0,1.0,0.0,0.8127094876021883,1042.8444332065
1668433331.0610602,1282.73,-0.4400000000000545,1.77121735,-0.3654302300000001,1.0,0.0,1042.486841031955,0.0,1042.486841031955
1668433391.7932866,1280.0,-2.730000000000018,1.25205218,-0.51916517,1.0,0.0,1042.486841031955,0.0,1042.486841031955
1668433451.7720935,1279.08,-0.9200000000000728,0.87035967,-0.3816925099999999,1.0,0.0,1042.486841031955,0.0,1042.486841031955
1668433511.7974155,1279.6,0.5199999999999818,0.69302722,-0.1773324499999999,1.0,0.0,1042.486841031955,0.0,1042.486841031955
1668433572.9247262,1279.18,-0.4199999999998454,0.45432182,-0.2387054,1.0,0.0,1042.486841031955,0.0,1042.486841031955
1668433632.731137,1279.4,0.2200000000000272,0.31885809,-0.13546373,1.0,0.0,1042.486841031955,0.0,1042.486841031955
1668433693.040738,1280.23,0.8299999999999272,0.3139137,-0.0049443899999999,1.0,0.0,1042.486841031955,0.0,1042.486841031955
1668433753.424824,1278.31,-1.9200000000000728,-0.01806892,-0.33198262,1.0,0.0,1042.486841031955,0.0,1042.486841031955
1668433813.460001,1264.22,-14.089999999999918,-2.14174596,-2.12367704,1.0,0.0,1042.486841031955,0.0,1042.486841031955
1668433873.4254758,1257.87,-6.350000000000136,-3.80510611,-1.66336015,1.0,0.0,1042.486841031955,0.0,1042.486841031955
1668433934.3491826,1245.93,-11.939999999999827,-6.35718272,-2.55207661,1.0,0.0,1042.486841031955,0.0,1042.486841031955
1668433994.6528122,1254.22,8.289999999999964,-6.36484654,-0.0076638200000003,1.0,0.0,1042.486841031955,0.0,1042.486841031955
1668434054.2300084,1250.1,-4.120000000000118,-7.38531054,-1.0204639999999996,1.0,0.0,1042.486841031955,0.0,1042.486841031955
1668434115.2798643,1250.08,-0.0199999999999818,-7.86036051,-0.4750499699999997,1.0,0.0,1042.486841031955,0.0,1042.486841031955
1668434175.2349389,1251.64,1.5600000000001728,-7.92181433,-0.0614538200000005,1.0,0.0,1042.486841031955,0.0,1042.486841031955
1668434235.3755472,1254.91,3.269999999999982,-7.66095963,0.2608547000000003,0.0,1.0,0.0,0.8307263796064698,1042.486841031955
1668434296.0705917,1258.46,3.5499999999999545,-6.15845522,1.5025044100000002,0.0,1.0,0.0,0.8307263796064698,1045.435919679558
1668434355.9555583,1258.54,0.0799999999999272,-5.9132259,0.2452293199999999,0.0,1.0,0.0,0.8307263796064698,1045.5023777899264
1668434416.2222772,1259.16,0.6200000000001182,-5.5704377,0.3427881999999993,0.0,1.0,0.0,0.8307263796064698,1046.0174281452826
1668434477.3155482,1253.94,-5.220000000000027,-6.01505256,-0.4446148599999997,1.0,0.0,1041.6810364437367,0.0,1041.6810364437367
1668434536.7098775,1257.12,3.1799999999998363,-5.51845395,0.4965986100000004,0.0,1.0,0.0,0.8286249812617227,1041.6810364437367
1668434596.9424045,1255.33,-1.7899999999999636,-5.51890484,-0.0004508900000006,1.0,0.0,1040.1977977272784,0.0,1040.1977977272784
1668434658.2193038,1257.24,1.9100000000000816,-5.07510405,0.44380079,0.0,1.0,0.0,0.82736613353638,1040.1977977272784
1668434718.1012197,1255.61,-1.6300000000001091,-5.01811493,0.0569891199999998,0.0,1.0,0.0,0.82736613353638,1038.849190929614
1668434778.0456774,1258.94,3.3300000000001546,-4.34429258,0.67382235,0.0,1.0,0.0,0.82736613353638,1041.6043201542902
1668434839.0243418,1259.58,0.6399999999998727,-3.88451279,0.4597797900000002,0.0,1.0,0.0,0.82736613353638,1042.1338344797534
1668434899.2075207,1263.01,3.430000000000064,-3.03514484,0.84936795,0.0,1.0,0.0,0.82736613353638,1044.9717003177832
1668434959.0307024,1260.28,-2.730000000000018,-2.93538994,0.0997549000000002,0.0,1.0,0.0,0.82736613353638,1042.712990773229
1668435020.8746777,1261.08,0.7999999999999545,-2.54068494,0.3947050000000001,0.0,1.0,0.0,0.82736613353638,1043.374883680058
1668435079.7910745,1261.0,-0.0799999999999272,-2.26378897,0.27689597,0.0,1.0,0.0,0.82736613353638,1043.3086943893752
1668435139.841183,1258.7,-2.2999999999999545,-2.34117419,-0.07738522,1.0,0.0,1041.4057522822416,0.0,1041.4057522822416
1668435200.643578,1258.26,-0.4400000000000545,-2.28617431,0.05499988,0.0,1.0,0.0,0.8276554545819159,1041.4057522822416
1668435260.467256,1258.44,0.1800000000000636,-2.17157579,0.1145985199999999,0.0,1.0,0.0,0.8276554545819159,1041.5547302640664
1668435320.594819,1256.16,-2.2799999999999727,-2.38997471,-0.2183989200000002,1.0,0.0,1039.6676758276196,0.0,1039.6676758276196
1668435381.6338663,1257.51,1.349999999999909,-2.20112649,0.1888482200000001,0.0,1.0,0.0,0.8267669249768349,1039.6676758276196
1668435441.5174494,1255.48,-2.0299999999999727,-2.39941551,-0.1982890199999998,1.0,0.0,1037.9893389699166,0.0,1037.9893389699166
1668435502.5607078,1254.25,-1.2300000000000182,-2.5781146,-0.1786990900000002,1.0,0.0,1037.9893389699166,0.0,1037.9893389699166
1668435562.380626,1255.02,0.7699999999999818,-2.49925824,0.07885636,0.0,1.0,0.0,0.8270699582237069,1037.9893389699166
1668435622.3480132,1251.98,-3.039999999999964,-2.8856203,-0.3863620599999997,1.0,0.0,1035.4750462969166,0.0,1035.4750462969166
1668435682.2406583,1251.95,-0.0299999999999727,-2.97030846,-0.0846881600000002,1.0,0.0,1035.4750462969166,0.0,1035.4750462969166
1668435743.10395,1253.77,1.8199999999999363,-2.7442711,0.2260373599999998,0.0,1.0,0.0,0.8258891553450127,1035.4750462969166
1668435803.0948284,1252.3,-1.4700000000000273,-2.8568295,-0.1125583999999997,1.0,0.0,1034.2609892385594,0.0,1034.2609892385594
1668435863.015841,1251.79,-0.5099999999999909,-2.89329634,-0.0364668400000001,1.0,0.0,1034.2609892385594,0.0,1034.2609892385594
1668435924.0686548,1252.18,0.3900000000001,-2.80126408,0.0920322599999998,0.0,1.0,0.0,0.8259683026709893,1034.2609892385594
1668435984.5358434,1250.38,-1.7999999999999543,-2.97667899,-0.1754149099999997,1.0,0.0,1032.7742462937515,0.0,1032.7742462937515
1668436044.0227325,1248.46,-1.9200000000000728,-3.23909785,-0.2624188599999999,1.0,0.0,1032.7742462937515,0.0,1032.7742462937515
1668436104.9457638,1248.1,-0.3600000000001273,-3.33866625,-0.0995684000000003,1.0,0.0,1032.7742462937515,0.0,1032.7742462937515
1668436164.8714125,1249.13,1.0300000000002,-3.20928413,0.1293821200000002,0.0,1.0,0.0,0.8267948462479897,1032.7742462937515
1668436224.8938682,1250.43,1.2999999999999543,-2.95318747,0.2560966599999998,0.0,1.0,0.0,0.8267948462479897,1033.8490795938735
1668436285.57443,1253.41,2.980000000000018,-2.37825151,0.5749359599999999,0.0,1.0,0.0,0.8267948462479897,1036.3129282356929
1668436345.5544791,1253.86,0.4499999999998181,-2.0239518,0.3542997100000002,0.0,1.0,0.0,0.8267948462479897,1036.6849859165045
1668436405.633004,1250.87,-2.990000000000009,-2.1734752,-0.1495234,1.0,0.0,1034.2128693262227,0.0,1034.2128693262227
1668436467.030792,1246.04,-4.829999999999927,-2.75560251,-0.5821273100000002,1.0,0.0,1034.2128693262227,0.0,1034.2128693262227
1668436526.973266,1245.94,-0.099999999999909,-2.89941184,-0.1438093299999998,1.0,0.0,1034.2128693262227,0.0,1034.2128693262227
1668436587.012974,1244.19,-1.75,-3.21955064,-0.3201388,1.0,0.0,1034.2128693262227,0.0,1034.2128693262227
1668436648.146734,1243.19,-1.0,-3.46566998,-0.2461193399999999,1.0,0.0,1034.2128693262227,0.0,1034.2128693262227
1668436708.0033362,1241.97,-1.2200000000000273,-3.72896646,-0.2632964800000001,1.0,0.0,1034.2128693262227,0.0,1034.2128693262227
1668436768.1831515,1242.77,0.7999999999999545,-3.70403406,0.0249323999999999,0.0,1.0,0.0,0.8321836456675191,1034.2128693262227
1668436828.9321308,1246.13,3.360000000000128,-3.21606964,0.4879644199999999,0.0,1.0,0.0,0.8321836456675191,1037.0090063756656
1668436888.913719,1245.8,-0.3300000000001546,-3.05130436,0.1647652800000001,0.0,1.0,0.0,0.8321836456675191,1036.7343857725953
1668436948.9720783,1247.39,1.5900000000001455,-2.64517584,0.4061285200000002,0.0,1.0,0.0,0.8321836456675191,1038.0575577692068
1668437010.1182911,1247.19,-0.2000000000000454,-2.42510213,0.2200737099999998,0.0,1.0,0.0,0.8321836456675191,1037.8911210400731
1668437070.7575054,1246.94,-0.25,-2.24725893,0.1778431999999998,0.0,1.0,0.0,0.8321836456675191,1037.6830751286564
1668437129.927266,1245.38,-1.5599999999999454,-2.28721392,-0.03995499,1.0,0.0,1036.384868641415,0.0,1036.384868641415
1668437190.7126136,1245.79,0.4099999999998545,-2.13699474,0.1502191800000001,0.0,1.0,0.0,0.8319097670084165,1036.384868641415
1668437249.9658003,1242.2,-3.589999999999918,-2.52806456,-0.3910698199999998,1.0,0.0,1033.398312577855,0.0,1033.398312577855
1668437309.9234092,1245.08,2.8799999999998818,-2.17784672,0.35021784,0.0,1.0,0.0,0.8299854728835537,1033.398312577855
1668437370.0593152,1247.67,2.590000000000145,-1.68814458,0.4897021399999999,0.0,1.0,0.0,0.8299854728835537,1035.5479749526237
1668437429.8649807,1249.34,1.6699999999998454,-1.21166002,0.4764845599999998,0.0,1.0,0.0,0.8299854728835537,1036.934050692339
1668437490.11053,1249.58,0.2400000000000091,-0.89436906,0.31729096,0.0,1.0,0.0,0.8299854728835537,1037.133247205831
1668437549.9957204,1250.21,0.6300000000001091,-0.56276945,0.33159961,0.0,1.0,0.0,0.8299854728835537,1037.6561380537478
1668437610.1365454,1249.65,-0.5599999999999454,-0.41446854,0.14830091,0.0,1.0,0.0,0.8299854728835537,1037.191346188933
1668437670.098883,1249.02,-0.6300000000001091,-0.34761373,0.0668548099999999,0.0,1.0,0.0,0.8299854728835537,1036.6684553410162
1668437729.9431543,1250.34,1.3199999999999363,-0.06530003,0.2823137,0.0,1.0,0.0,0.8299854728835537,1037.7640361652225
1668437790.0663393,1250.54,0.2000000000000454,0.10240325,0.16770328,0.0,1.0,0.0,0.8299854728835537,1037.9300332597993
1668437849.9764545,1250.89,0.3500000000001364,0.26960468,0.1672014299999999,0.0,1.0,0.0,0.8299854728835537,1038.2205281753086
1668437909.9891512,1252.0,1.1099999999999,0.53318399,0.26357931,0.0,1.0,0.0,0.8299854728835537,1039.1418120502092
1668437970.0900054,1251.38,-0.6199999999998909,0.57597165,0.0427876599999998,0.0,1.0,0.0,0.8299854728835537,1038.6272210570216
1668438030.0579903,1251.81,0.4299999999998363,0.70185061,0.1258789600000001,0.0,1.0,0.0,0.8299854728835537,1038.9841148103617
1668438089.9888868,1254.82,3.009999999999991,1.19234264,0.4904920299999998,0.0,1.0,0.0,0.8299854728835537,1041.4823710837409
1668438150.0084884,1253.12,-1.7000000000000457,1.13890585,-0.0534367899999999,1.0,0.0,1040.071395779839,0.0,1040.071395779839
1668438210.117569,1251.75,-1.3699999999998909,0.9910271,-0.1478787499999999,1.0,0.0,1040.071395779839,0.0,1040.071395779839
1668438269.9898765,1251.55,-0.2000000000000454,0.92185073,-0.0691763700000001,1.0,0.0,1040.071395779839,0.0,1040.071395779839
1668438330.021651,1249.98,-1.5699999999999363,0.64586038,-0.2759903499999999,1.0,0.0,1040.071395779839,0.0,1040.071395779839
1668438390.1168404,1250.11,0.1299999999998817,0.5406447,-0.10521568,1.0,0.0,1040.071395779839,0.0,1040.071395779839
1668438450.2118392,1251.76,1.650000000000091,0.67778864,0.13714394,0.0,1.0,0.0,0.8308872274076811,1040.071395779839
1668438510.0072188,1252.48,0.7200000000000273,0.77554535,0.0977567099999999,0.0,1.0,0.0,0.8308872274076811,1040.6696345835724
1668438569.96214,1253.71,1.2300000000000182,0.97155756,0.19601221,0.0,1.0,0.0,0.8308872274076811,1041.6916258732838
1668438629.9792616,1252.97,-0.7400000000000091,0.93258297,-0.03897459,1.0,0.0,1041.0767693250025,0.0,1041.0767693250025
1668438689.9664102,1253.05,0.0799999999999272,0.94898732,0.0164043499999999,0.0,1.0,0.0,0.830834180060654,1041.0767693250025
1668438750.1403186,1252.38,-0.6699999999998454,0.85193722,-0.0970500999999999,1.0,0.0,1040.520110424362,0.0,1040.520110424362
1668438809.9997368,1251.04,-1.3400000000001455,0.61925696,-0.23268026,1.0,0.0,1040.520110424362,0.0,1040.520110424362
1668438870.108114,1251.47,0.4300000000000636,0.57319485,-0.0460621099999999,1.0,0.0,1040.520110424362,0.0,1040.520110424362
1668438930.013096,1252.72,1.25,0.68102749,0.1078326399999999,0.0,1.0,0.0,0.8306086838434462,1040.520110424362
1668438989.9796855,1252.62,-0.1000000000001364,0.66549013,-0.0155373599999999,1.0,0.0,1040.4370495559774,0.0,1040.4370495559774
1668439050.1195292,1252.96,0.3400000000001455,0.69943035,0.0339402199999999,0.0,1.0,0.0,0.8303832920093038,1040.4370495559774
1668439110.0741792,1251.79,-1.1700000000000728,0.53264794,-0.1667824099999999,1.0,0.0,1039.4655011043264,0.0,1039.4655011043264
1668439170.0414891,1249.13,-2.6599999999998545,0.09238308,-0.44026486,1.0,0.0,1039.4655011043264,0.0,1039.4655011043264
1668439230.062786,1249.0,-0.1300000000001091,-0.10635095,-0.19873403,1.0,0.0,1039.4655011043264,0.0,1039.4655011043264
1668439289.9522998,1246.0,-3.0,-0.67617981,-0.5698288600000001,1.0,0.0,1039.4655011043264,0.0,1039.4655011043264
1668439350.7307484,1247.16,1.160000000000082,-0.7634422,-0.0872623899999999,1.0,0.0,1039.4655011043264,0.0,1039.4655011043264
1668439410.0745587,1248.51,1.349999999999909,-0.70415413,0.0592880699999999,0.0,1.0,0.0,0.832564818146692,1039.4655011043264
1668439470.3025975,1246.52,-1.990000000000009,-1.01598947,-0.31183534,1.0,0.0,1037.8086971162145,0.0,1037.8086971162145
1668439530.1173997,1245.82,-0.7000000000000455,-1.22330643,-0.20731696,1.0,0.0,1037.8086971162145,0.0,1037.8086971162145
1668439590.1033103,1247.19,1.3700000000001182,-1.13437718,0.08892925,0.0,1.0,0.0,0.832117557963273,1037.8086971162145
1668439650.0395362,1243.01,-4.180000000000064,-1.72891131,-0.59453413,1.0,0.0,1034.330445723928,0.0,1034.330445723928
1668439710.1711693,1242.02,-0.9900000000000092,-2.0530877,-0.3241763899999998,1.0,0.0,1034.330445723928,0.0,1034.330445723928
1668439770.0353584,1238.97,-3.0499999999999545,-2.65357203,-0.60048433,1.0,0.0,1034.330445723928,0.0,1034.330445723928
1668439830.8826466,1241.27,2.2999999999999545,-2.57679875,0.0767732799999998,0.0,1.0,0.0,0.8332840121197871,1034.330445723928
1668439890.0522318,1238.73,-2.539999999999964,-2.99010217,-0.4133034200000001,1.0,0.0,1032.2139043331438,0.0,1032.2139043331438
1668439950.0363708,1236.51,-2.220000000000028,-3.43554115,-0.44543898,1.0,0.0,1032.2139043331438,0.0,1032.2139043331438
1668440009.9346194,1240.2,3.690000000000055,-3.08500389,0.3505372600000003,0.0,1.0,0.0,0.8322963266675889,1032.2139043331438
1668440070.0074084,1242.99,2.789999999999964,-2.61081557,0.4741883199999996,0.0,1.0,0.0,0.8322963266675889,1034.5360110845463
1668440130.23866,1240.51,-2.480000000000018,-2.73512517,-0.1243095999999996,1.0,0.0,1032.4719161944106,0.0,1032.4719161944106
1668440190.2137184,1239.72,-0.7899999999999636,-2.75802684,-0.0229016699999999,1.0,0.0,1032.4719161944106,0.0,1032.4719161944106
1668440250.1669428,1242.43,2.7100000000000364,-2.3120723,0.4459545399999998,0.0,1.0,0.0,0.8310101303046534,1032.4719161944106
1668440311.1603513,1241.96,-0.4700000000000273,-2.1715274,0.1405449,0.0,1.0,0.0,0.8310101303046534,1032.0813414331674
1668440370.0951362,1242.84,0.8799999999998818,-1.88290246,0.28862494,0.0,1.0,0.0,0.8310101303046534,1032.8126303478357
1668440430.194929,1243.43,0.5900000000001455,-1.60753492,0.2753675399999999,0.0,1.0,0.0,0.8310101303046534,1033.3029263247154
1668440490.0395975,1243.66,0.2300000000000182,-1.37844886,0.2290860599999999,0.0,1.0,0.0,0.8310101303046534,1033.4940586546854
1668440550.140953,1244.23,0.5699999999999363,-1.11642993,0.26201893,0.0,1.0,0.0,0.8310101303046534,1033.967734428959
1668440610.3634777,1244.28,0.0499999999999545,-0.92697819,0.1894517399999999,0.0,1.0,0.0,0.8310101303046534,1034.0092849354742
1668440670.0775018,1244.54,0.2599999999999909,-0.73435421,0.19262398,0.0,1.0,0.0,0.8310101303046534,1034.2253475693533
1668440730.0169065,1244.5,-0.0399999999999636,-0.59635773,0.1379964799999999,0.0,1.0,0.0,0.8310101303046534,1034.1921071641411
1668440791.0828874,1245.23,0.7300000000000182,-0.37637514,0.21998259,0.0,1.0,0.0,0.8310101303046534,1034.7987445592637
1668440850.1613092,1245.61,0.3799999999998817,-0.19164181,0.18473333,0.0,1.0,0.0,0.8310101303046534,1035.1145284087793
1668440910.096846,1244.43,-1.1799999999998363,-0.23528132,-0.0436395099999999,1.0,0.0,1034.13393645502,0.0,1034.13393645502
1668440970.1110723,1244.51,0.0799999999999272,-0.18234805,0.0529332699999999,0.0,1.0,0.0,0.8309567110388988,1034.13393645502
1668441030.4675531,1244.56,0.0499999999999545,-0.13610491,0.04624314,0.0,1.0,0.0,0.8309567110388988,1034.1754842905718
1668441090.1818018,1243.53,-1.0299999999999727,-0.24766772,-0.11156281,1.0,0.0,1033.3195988782018,0.0,1033.3195988782018
1668441150.0431926,1246.36,2.8299999999999272,0.13280326,0.38047098,0.0,1.0,0.0,0.8290699307408789,1033.3195988782018
1668441210.107205,1245.3,-1.0599999999999454,0.10204592,-0.03075734,1.0,0.0,1032.4407847516163,0.0,1032.4407847516163
1668441270.2661474,1245.55,0.25,0.17961636,0.07757044,0.0,1.0,0.0,0.8289035243479719,1032.4407847516163
1668441330.095903,1245.54,-0.0099999999999909,0.22068052,0.0410641599999999,0.0,1.0,0.0,0.8289035243479719,1032.4324957163728
1668441390.287552,1246.17,0.6300000000001091,0.34063768,0.11995716,0.0,1.0,0.0,0.8289035243479719,1032.9547049367122
1668441450.1255908,1245.57,-0.6000000000001364,0.30592213,-0.0347155499999999,1.0,0.0,1032.4573628221033,0.0,1032.4573628221033
1668441510.207332,1245.39,-0.1799999999998363,0.2879074,-0.01801473,1.0,0.0,1032.4573628221033,0.0,1032.4573628221033
1668441570.0883975,1245.84,0.4499999999998181,0.34536624,0.05745884,0.0,1.0,0.0,0.828723883341443,1032.4573628221033
1668441630.0021696,1245.32,-0.5199999999999818,0.28418978,-0.0611764599999999,1.0,0.0,1032.0264264027658,0.0,1032.0264264027658
1668441691.0425837,1243.69,-1.6299999999998818,0.03448386,-0.24970592,1.0,0.0,1032.0264264027658,0.0,1032.0264264027658
1668441750.2389405,1241.54,-2.150000000000091,-0.36297785,-0.3974617099999999,1.0,0.0,1032.0264264027658,0.0,1032.0264264027658
1668441810.3027663,1245.54,4.0,0.0295809,0.39255875,0.0,1.0,0.0,0.8285775056624162,1032.0264264027658
1668441870.1806126,1244.46,-1.0799999999999272,-0.0658654,-0.0954463,1.0,0.0,1031.1315626966505,0.0,1031.1315626966505
1668441930.2989657,1246.64,2.180000000000064,0.23515912,0.30102452,0.0,1.0,0.0,0.8271285717582063,1031.1315626966505
1668441990.1737452,1247.7,1.0599999999999454,0.4819291,0.24676998,0.0,1.0,0.0,0.8271285717582063,1032.008318982714
1668442050.2628992,1246.27,-1.4300000000000637,0.4013866,-0.0805425,1.0,0.0,1030.8255251250998,0.0,1030.8255251250998
1668442110.1965466,1246.81,0.5399999999999636,0.50004431,0.09865771,0.0,1.0,0.0,0.8267703380026626,1030.8255251250998
1668442170.1748748,1246.34,-0.4700000000000273,0.47145163,-0.02859268,1.0,0.0,1030.4369430662384,0.0,1030.4369430662384
1668442230.199309,1245.91,-0.4299999999998363,0.41226618,-0.05918545,1.0,0.0,1030.4369430662384,0.0,1030.4369430662384
1668442290.201429,1243.1,-2.810000000000173,-0.00915619,-0.42142237,1.0,0.0,1030.4369430662384,0.0,1030.4369430662384
1668442350.1666963,1238.65,-4.449999999999818,-0.79204966,-0.78289347,1.0,0.0,1030.4369430662384,0.0,1030.4369430662384
1668442410.251485,1237.2,-1.4500000000000457,-1.32449529,-0.53244563,1.0,0.0,1030.4369430662384,0.0,1030.4369430662384
1668442470.305224,1236.59,-0.6100000000001273,-1.72092555,-0.39643026,1.0,0.0,1030.4369430662384,0.0,1030.4369430662384
1668442530.156747,1237.46,0.8700000000001182,-1.8508064,-0.1298808499999999,1.0,0.0,1030.4369430662384,0.0,1030.4369430662384
1668442590.1360128,1235.49,-1.9700000000000275,-2.26803627,-0.4172298700000001,1.0,0.0,1030.4369430662384,0.0,1030.4369430662384
1668442650.244537,1230.58,-4.910000000000082,-3.13692004,-0.86888377,1.0,0.0,1030.4369430662384,0.0,1030.4369430662384
1668442710.356978,1229.47,-1.1099999999999,-3.63196092,-0.4950408799999999,1.0,0.0,1030.4369430662384,0.0,1030.4369430662384
1668442770.125057,1228.68,-0.7899999999999636,-4.02010961,-0.3881486900000004,1.0,0.0,1030.4369430662384,0.0,1030.4369430662384
1668442830.5377407,1228.78,0.099999999999909,-4.21736336,-0.1972537499999997,1.0,0.0,1030.4369430662384,0.0,1030.4369430662384
1668442890.3628843,1231.59,2.809999999999945,-3.93037624,0.28698712,0.0,1.0,0.0,0.8366720605609322,1030.4369430662384
1668442950.151451,1231.95,0.3600000000001273,-3.78548033,0.1448959100000002,0.0,1.0,0.0,0.8366720605609322,1030.7381450080404
1668443010.2320056,1230.44,-1.509999999999991,-3.8654007,-0.0799203699999999,1.0,0.0,1029.4747701965937,0.0,1029.4747701965937
1668443070.2256882,1232.65,2.2100000000000364,-3.47718088,0.3882198199999997,0.0,1.0,0.0,0.8351720035667818,1029.4747701965937
1668443130.4155638,1231.98,-0.6700000000000728,-3.36253538,0.1146454999999999,0.0,1.0,0.0,0.8351720035667818,1028.9152049542038
1668443190.2147057,1233.22,1.240000000000009,-3.01605251,0.34648287,0.0,1.0,0.0,0.8351720035667818,1029.9508182386269
1668443250.209726,1233.1,-0.1200000000001182,-2.81029934,0.2057531700000003,0.0,1.0,0.0,0.8351720035667818,1029.8505975981986
1668443310.4262395,1232.98,-0.1199999999998908,-2.62652498,0.1837743599999997,0.0,1.0,0.0,0.8351720035667818,1029.7503769577706
1668443370.1432304,1233.63,0.650000000000091,-2.35198385,0.2745411300000002,0.0,1.0,0.0,0.8351720035667818,1030.293238760089
1668443430.171266,1234.39,0.7599999999999909,-2.04328256,0.3087012899999997,0.0,1.0,0.0,0.8351720035667818,1030.9279694828
1668443490.3481698,1233.09,-1.300000000000182,-2.00941724,0.0338653200000003,0.0,1.0,0.0,0.8351720035667818,1029.8422458781629
1668443550.860329,1233.99,0.900000000000091,-1.75213466,0.2572825799999998,0.0,1.0,0.0,0.8351720035667818,1030.593900681373
1668443610.164821,1233.71,-0.2799999999999727,-1.62642368,0.12571098,0.0,1.0,0.0,0.8351720035667818,1030.3600525203744
1668443670.3143475,1233.97,0.2599999999999909,-1.45514332,0.1712803600000001,0.0,1.0,0.0,0.8351720035667818,1030.5771972413015
1668443730.2152789,1236.67,2.700000000000045,-0.93832173,0.5168215899999999,0.0,1.0,0.0,0.8351720035667818,1032.832161650932
1668443790.3770576,1238.08,1.4099999999998545,-0.49337982,0.4449419099999999,0.0,1.0,0.0,0.8351720035667818,1034.0097541759612
1668443850.2922747,1237.3,-0.7799999999999727,-0.33753398,0.15584584,0.0,1.0,0.0,0.8351720035667818,1033.358320013179
1668443910.3090682,1235.06,-2.240000000000009,-0.47824747,-0.14071349,1.0,0.0,1031.4875347251896,0.0,1031.4875347251896
1668443970.3120203,1236.34,1.2799999999999727,-0.26272511,0.21552236,0.0,1.0,0.0,0.8343073383739017,1031.4875347251896
1668444030.212047,1235.64,-0.6999999999998181,-0.26921173,-0.0064866199999999,1.0,0.0,1030.903519588328,0.0,1030.903519588328
1668444090.3245797,1235.3,-0.3400000000001455,-0.2761645,-0.0069527699999999,1.0,0.0,1030.903519588328,0.0,1030.903519588328
1668444150.2475193,1236.15,0.8500000000001364,-0.13767262,0.1384918799999999,0.0,1.0,0.0,0.8339631271191424,1030.903519588328
1668444210.2634387,1236.9,0.75,0.02653954,0.16421216,0.0,1.0,0.0,0.8339631271191424,1031.5289919336674
1668444270.2312002,1236.42,-0.4800000000000182,0.04015564,0.0136160999999999,0.0,1.0,0.0,0.8339631271191424,1031.12868963265
1668444330.2458289,1232.09,-4.330000000000155,-0.53235891,-0.5725145500000001,1.0,0.0,1027.5176292922242,0.0,1027.5176292922242
1668444390.3447466,1231.65,-0.4399999999998272,-0.76642012,-0.23406121,1.0,0.0,1027.5176292922242,0.0,1027.5176292922242
1668444450.476745,1234.63,2.980000000000018,-0.49230728,0.27411284,0.0,1.0,0.0,0.8322474176815922,1027.5176292922242
1668444510.3603623,1234.04,-0.5900000000001455,-0.54097262,-0.04866534,1.0,0.0,1027.026603315792,0.0,1027.026603315792
1668444570.2457097,1233.93,-0.1099999999998999,-0.55285188,-0.0118792599999999,1.0,0.0,1027.026603315792,0.0,1027.026603315792
1668444630.3097496,1237.33,3.399999999999864,-0.06711038,0.4857414999999999,0.0,1.0,0.0,0.8300345124710401,1027.026603315792
1668444690.2861834,1236.33,-1.0,-0.04088055,0.0262298299999999,0.0,1.0,0.0,0.8300345124710401,1026.196568803321
1668444750.2639525,1234.38,-1.949999999999818,-0.2317807,-0.19090015,1.0,0.0,1024.5780015040025,0.0,1024.5780015040025
1668444810.3624609,1233.65,-0.7300000000000182,-0.36126648,-0.12948578,1.0,0.0,1024.5780015040025,0.0,1024.5780015040025
1668444870.4350262,1232.78,-0.8700000000001182,-0.53533419,-0.17406771,1.0,0.0,1024.5780015040025,0.0,1024.5780015040025
1668444930.379874,1231.34,-1.4400000000000546,-0.81541468,-0.2800804899999999,1.0,0.0,1024.5780015040025,0.0,1024.5780015040025
1668444990.34001,1230.44,-0.8999999999998636,-1.06216046,-0.2467457800000001,1.0,0.0,1024.5780015040025,0.0,1024.5780015040025
1668445050.4148304,1230.08,-0.3600000000001273,-1.23863227,-0.17647181,1.0,0.0,1024.5780015040025,0.0,1024.5780015040025
1668445110.3056,1231.27,1.1900000000000546,-1.17143202,0.0672002500000001,0.0,1.0,0.0,0.8321310528998535,1024.5780015040025
1668445170.3951344,1230.73,-0.5399999999999636,-1.25675864,-0.08532662,1.0,0.0,1024.1286507354366,0.0,1024.1286507354366
1668445230.367809,1231.31,0.5799999999999272,-1.19292299,0.0638356499999999,0.0,1.0,0.0,0.8317390833627898,1024.1286507354366
1668445290.4277763,1233.35,2.039999999999964,-0.87780086,0.31512213,0.0,1.0,0.0,0.8317390833627898,1025.8253984654966
1668445350.3004827,1234.12,0.7699999999999818,-0.63893173,0.2388691299999999,0.0,1.0,0.0,0.8317390833627898,1026.465837559686
1668445410.2182393,1234.7,0.5800000000001546,-0.41063665,0.22829508,0.0,1.0,0.0,0.8317390833627898,1026.9482462280366
1668445470.3300064,1231.34,-3.360000000000128,-0.73893693,-0.32830028,1.0,0.0,1024.1536029079375,0.0,1024.1536029079375
1668445530.3546753,1231.68,0.3400000000001455,-0.72904478,0.0098921500000001,0.0,1.0,0.0,0.831509485343545,1024.1536029079375
1668445590.3604865,1230.1,-1.5800000000001546,-0.95820478,-0.22916,1.0,0.0,1022.8398179210946,0.0,1022.8398179210946
1668445650.3561535,1234.41,4.310000000000173,-0.41879577,0.53940901,0.0,1.0,0.0,0.8286062312530638,1022.8398179210946
1668445710.548637,1234.42,0.0099999999999909,-0.25874346,0.16005231,0.0,1.0,0.0,0.8286062312530638,1022.848103983407
1668445770.5897028,1235.89,1.4700000000000273,0.07739606,0.3361395199999999,0.0,1.0,0.0,0.8286062312530638,1024.066155143349
1668445830.333893,1234.87,-1.0200000000002092,0.10318224,0.0257861799999999,0.0,1.0,0.0,0.8286062312530638,1023.2209767874708
1668445890.2295866,1235.43,0.5600000000001728,0.2645058,0.16132356,0.0,1.0,0.0,0.8286062312530638,1023.6849962769726
1668445950.38457,1235.71,0.2799999999999727,0.39370726,0.12920146,0.0,1.0,0.0,0.8286062312530638,1023.9170060217234
1668446010.2446718,1235.66,-0.0499999999999545,0.46525381,0.0715465499999999,0.0,1.0,0.0,0.8286062312530638,1023.8755757101608
1668446070.4852576,1235.7,0.0399999999999636,0.52417034,0.0589165299999999,0.0,1.0,0.0,0.8286062312530638,1023.908719959411
1668446130.486446,1236.17,0.4700000000000273,0.62830603,0.10413569,0.0,1.0,0.0,0.8286062312530638,1024.2981648880998
1668446190.445341,1236.27,0.099999999999909,0.68812013,0.0598141,0.0,1.0,0.0,0.8286062312530638,1024.381025511225
1668446250.3305652,1236.96,0.6900000000000546,0.81843137,0.1303112399999999,0.0,1.0,0.0,0.8286062312530638,1024.9527638107895
1668446310.4079003,1236.85,-0.1100000000001273,0.85190979,0.03347842,0.0,1.0,0.0,0.8286062312530638,1024.8616171253518
1668446370.4698987,1235.54,-1.3099999999999454,0.69013012,-0.16177967,1.0,0.0,1023.7761429624104,0.0,1023.7761429624104
1668446430.4516904,1234.53,-1.009999999999991,0.49523816,-0.1948919599999999,1.0,0.0,1023.7761429624104,0.0,1023.7761429624104
1668446490.3963883,1233.43,-1.099999999999909,0.24514293,-0.25009523,1.0,0.0,1023.7761429624104,0.0,1023.7761429624104
1668446550.279632,1233.52,0.0899999999999181,0.1272528,-0.11789013,1.0,0.0,1023.7761429624104,0.0,1023.7761429624104
1668446610.3959703,1235.15,1.6300000000001091,0.25885037,0.13159757,0.0,1.0,0.0,0.8288678646013928,1023.7761429624104
1668446670.2777145,1234.06,-1.0900000000001455,0.10303564,-0.15581473,1.0,0.0,1022.8726769899948,0.0,1022.8726769899948
1668446730.4167736,1234.64,0.5800000000001546,0.12927408,0.02623844,0.0,1.0,0.0,0.828478485218359,1022.8726769899948
1668446790.5794206,1233.89,-0.75,0.00608647,-0.12318761,1.0,0.0,1022.2513181260812,0.0,1022.2513181260812
1668446850.504953,1233.66,-0.2300000000000182,-0.07552024,-0.08160671,1.0,0.0,1022.2513181260812,0.0,1022.2513181260812
1668446910.292817,1233.19,-0.4700000000000273,-0.19128698,-0.1157667399999999,1.0,0.0,1022.2513181260812,0.0,1022.2513181260812
1668446970.4787045,1234.3,1.1099999999999,-0.09413629,0.09715069,0.0,1.0,0.0,0.8282032877955774,1022.2513181260812
1668447030.528639,1235.23,0.9300000000000636,0.04638529,0.14052158,0.0,1.0,0.0,0.8282032877955774,1023.0215471837312
1668447090.3988528,1234.12,-1.110000000000127,-0.05970996,-0.10609525,1.0,0.0,1022.102241534278,0.0,1022.102241534278
1668447150.2930894,1235.98,1.860000000000128,0.1895402,0.24925016,0.0,1.0,0.0,0.8269569422921714,1022.102241534278
1668447210.3872137,1236.92,0.9400000000000546,0.39930244,0.20976224,0.0,1.0,0.0,0.8269569422921714,1022.8795810600328
1668447270.282177,1239.55,2.6299999999998818,0.87337034,0.4740679,0.0,1.0,0.0,0.8269569422921714,1025.0544778182611
1668447330.5699131,1240.36,0.8099999999999454,1.18434308,0.3109727400000001,0.0,1.0,0.0,0.8269569422921714,1025.7243129415176
1668447390.448097,1239.0,-1.3599999999999,1.17222423,-0.01211885,1.0,0.0,1024.5996515000004,0.0,1024.5996515000004
1668447450.3574352,1239.12,0.1199999999998908,1.25070854,0.0784843099999998,0.0,1.0,0.0,0.8268768573665186,1024.5996515000004
1668447510.3433287,1239.24,0.1200000000001182,1.30740956,0.0567010199999999,0.0,1.0,0.0,0.8268768573665186,1024.6988767228845
1668447570.5436225,1240.58,1.339999999999918,1.51885999,0.2114504299999999,0.0,1.0,0.0,0.8268768573665186,1025.8068917117555
1668447630.3297515,1241.06,0.4800000000000182,1.6507061,0.1318461100000001,0.0,1.0,0.0,0.8268768573665186,1026.2037926032915
1668447690.4244642,1241.15,0.0900000000001455,1.71792482,0.0672187199999998,0.0,1.0,0.0,0.8268768573665186,1026.2782115204548
1668447750.487631,1240.43,-0.7200000000000273,1.64361472,-0.0743100999999999,1.0,0.0,1025.6828601831508,0.0,1025.6828601831508
1668447810.443737,1241.26,0.8299999999999272,1.7290035,0.0853887799999999,0.0,1.0,0.0,0.8263239451711574,1025.6828601831508
1668447870.4044,1240.76,-0.5,1.65426896,-0.0747345399999999,1.0,0.0,1025.2696982105651,0.0,1025.2696982105651
1668447930.6281052,1241.51,0.75,1.71413581,0.0598668499999999,0.0,1.0,0.0,0.8258247603406861,1025.2696982105651
1668447990.4335914,1241.17,-0.3399999999999181,1.64656786,-0.0675679499999999,1.0,0.0,1024.9889177920495,0.0,1024.9889177920495
1668448050.469653,1242.32,1.1499999999998636,1.75868238,0.11211452,0.0,1.0,0.0,0.8250603047459991,1024.9889177920495
1668448110.4509437,1241.34,-0.9800000000000182,1.61545388,-0.1432284999999999,1.0,0.0,1024.1803586933984,0.0,1024.1803586933984
1668448170.2933676,1240.21,-1.1299999999998818,1.38696297,-0.2284909100000001,1.0,0.0,1024.1803586933984,0.0,1024.1803586933984
1668448230.4045477,1240.37,0.1599999999998544,1.28538245,-0.1015805199999999,1.0,0.0,1024.1803586933984,0.0,1024.1803586933984
1668448290.325822,1240.0,-0.3699999999998908,1.12946021,-0.15592224,1.0,0.0,1024.1803586933984,0.0,1024.1803586933984
1668448350.4080265,1240.01,0.0099999999999909,1.0177251,-0.1117351099999999,1.0,0.0,1024.1803586933984,0.0,1024.1803586933984
1668448410.4629316,1239.2,-0.8099999999999454,0.80408173,-0.21364337,1.0,0.0,1024.1803586933984,0.0,1024.1803586933984
1668448470.6458726,1240.0,0.7999999999999545,0.79063267,-0.01344906,1.0,0.0,1024.1803586933984,0.0,1024.1803586933984
1668448530.5403633,1240.11,0.1099999999998999,0.73726088,-0.05337179,1.0,0.0,1024.1803586933984,0.0,1024.1803586933984
1668448590.4679265,1238.85,-1.259999999999991,0.50205186,-0.23520902,1.0,0.0,1024.1803586933984,0.0,1024.1803586933984
1668448650.5629194,1240.0,1.150000000000091,0.55275021,0.05069835,0.0,1.0,0.0,0.8259519021720955,1024.1803586933984
1668448710.3837433,1240.37,0.3699999999998908,0.5666108,0.0138605899999999,0.0,1.0,0.0,0.8259519021720955,1024.485960897202
1668448771.276549,1240.78,0.4100000000000818,0.60647193,0.03986113,0.0,1.0,0.0,0.8259519021720955,1024.8246011770923
1668448831.3223522,1240.95,0.1700000000000727,0.62919763,0.0227256999999999,0.0,1.0,0.0,0.8259519021720955,1024.9650130004618
1668448891.2500167,1240.58,-0.3700000000001182,0.57690329,-0.0522943399999999,1.0,0.0,1024.6594107966582,0.0,1024.6594107966582
1668448952.1006193,1240.28,-0.2999999999999545,0.51068951,-0.06621378,1.0,0.0,1024.6594107966582,0.0,1024.6594107966582
1668449012.3247595,1240.7,0.4200000000000727,0.53048989,0.01980038,0.0,1.0,0.0,0.8258720164396375,1024.6594107966582
1668449072.2493825,1240.91,0.2100000000000363,0.54400979,0.0135199,0.0,1.0,0.0,0.8258720164396375,1024.8328439201107
1668449133.1836016,1241.3,0.3899999999998726,0.58916833,0.0451585399999999,0.0,1.0,0.0,0.8258720164396375,1025.154934006522
1668449193.327273,1240.77,-0.5299999999999727,0.51977877,-0.06938956,1.0,0.0,1024.717221837809,0.0,1024.717221837809
1668449253.250674,1239.66,-1.1099999999999,0.33507769,-0.1847010799999999,1.0,0.0,1024.717221837809,0.0,1024.717221837809
1668449314.1165545,1240.01,0.349999999999909,0.30601753,-0.02906016,1.0,0.0,1024.717221837809,0.0,1024.717221837809
1668449374.1868873,1240.36,0.349999999999909,0.30673928,0.00072175,0.0,1.0,0.0,0.8261450077701707,1024.717221837809
1668449434.140597,1240.0,-0.3599999999998999,0.23165973,-0.07507955,1.0,0.0,1024.4198096350117,0.0,1024.4198096350117
1668449495.037177,1239.99,-0.0099999999999909,0.19127383,-0.0403859,1.0,0.0,1024.4198096350117,0.0,1024.4198096350117
1668449555.061491,1237.95,-2.039999999999964,-0.13031088,-0.32158471,1.0,0.0,1024.4198096350117,0.0,1024.4198096350117
1668449615.0049546,1237.69,-0.2599999999999909,-0.29065997,-0.16034909,1.0,0.0,1024.4198096350117,0.0,1024.4198096350117
1668449676.4028137,1237.27,-0.4200000000000727,-0.4554837,-0.16482373,1.0,0.0,1024.4198096350117,0.0,1024.4198096350117
1668449736.3638527,1237.68,0.4100000000000818,-0.49522909,-0.0397453899999999,1.0,0.0,1024.4198096350117,0.0,1024.4198096350117
1668449796.7597754,1237.7,0.0199999999999818,-0.54476345,-0.04953436,1.0,0.0,1024.4198096350117,0.0,1024.4198096350117
1668449857.4204855,1238.46,0.7599999999999909,-0.46993788,0.07482557,0.0,1.0,0.0,0.8271723024038012,1024.4198096350117
1668449917.2512152,1239.27,0.8099999999999454,-0.34019535,0.1297425299999999,0.0,1.0,0.0,0.8271723024038012,1025.0898191999588
1668449977.3041615,1239.45,0.1800000000000636,-0.25922269,0.08097266,0.0,1.0,0.0,0.8271723024038012,1025.2387102143914
1668450037.891912,1239.32,-0.1300000000001091,-0.2224555,0.0367671899999999,0.0,1.0,0.0,0.8271723024038012,1025.131177815079
1668450098.033398,1239.88,0.5600000000001728,-0.10382626,0.11862924,0.0,1.0,0.0,0.8271723024038012,1025.5943943044251
1668450158.059613,1239.67,-0.2100000000000363,-0.07438576,0.0294405,0.0,1.0,0.0,0.8271723024038012,1025.4206881209204
1668450218.9246087,1239.47,-0.2000000000000454,-0.06500384,0.00938192,0.0,1.0,0.0,0.8271723024038012,1025.2552536604396
1668450278.821762,1239.72,0.25,-0.00969702,0.0553068199999999,0.0,1.0,0.0,0.8271723024038012,1025.4620467360403
1668450339.0939314,1239.68,-0.0399999999999636,0.01246567,0.02216269,0.0,1.0,0.0,0.8271723024038012,1025.4289598439443
1668450400.0297756,1240.07,0.3899999999998726,0.08670298,0.07423731,0.0,1.0,0.0,0.8271723024038012,1025.7515570418818
1668450459.9274073,1240.54,0.4700000000000273,0.18656862,0.0998656399999999,0.0,1.0,0.0,0.8271723024038012,1026.1403280240115
1668450519.768666,1241.23,0.6900000000000546,0.33085014,0.14428152,0.0,1.0,0.0,0.8271723024038012,1026.7110769126705
1668450580.5507617,1244.09,2.8599999999999,0.80067701,0.46982687,0.0,1.0,0.0,0.8271723024038012,1029.076789697545
1668450640.6667142,1243.26,-0.8299999999999272,0.86358014,0.06290313,0.0,1.0,0.0,0.8271723024038012,1028.39023668655
1668450700.566688,1244.39,1.1300000000001091,1.11464513,0.2510649899999999,0.0,1.0,0.0,0.8271723024038012,1029.3249413882663
1668450761.363837,1245.32,0.9299999999998364,1.26033718,0.14569205,0.0,1.0,0.0,0.8271723024038012,1030.0942116295016
1668450821.6006453,1244.37,-0.9500000000000456,1.26895084,0.0086136599999999,0.0,1.0,0.0,0.8271723024038012,1029.308397942218
1668450881.5811443,1242.85,-1.5199999999999818,1.1365372,-0.13241364,1.0,0.0,1028.0510960425645,0.0,1028.0510960425645
1668450942.686859,1243.66,0.8100000000001728,1.19070458,0.0541673799999999,0.0,1.0,0.0,0.8266335622618436,1028.0510960425645
1668451002.488654,1243.67,0.0099999999999909,1.2086583,0.0179537199999999,0.0,1.0,0.0,0.8266335622618436,1028.0593623781872
1668451062.478343,1245.11,1.4399999999998272,1.31843166,0.1097733599999999,0.0,1.0,0.0,0.8266335622618436,1029.249714707844
1668451123.496601,1245.37,0.2599999999999909,1.3814298,0.0629981400000001,0.0,1.0,0.0,0.8266335622618436,1029.464639434032
1668451183.2293675,1244.41,-0.959999999999809,1.31631807,-0.0651117300000001,1.0,0.0,1028.6710712142608,0.0,1028.6710712142608
1668451243.2991648,1244.5,0.0899999999999181,1.32620321,0.0098851400000001,0.0,1.0,0.0,0.8265737816104948,1028.6710712142608
1668451304.0915844,1244.46,-0.0399999999999636,1.29897562,-0.02722759,1.0,0.0,1028.6380082629964,0.0,1028.6380082629964
1668451364.177738,1244.0,-0.4600000000000364,1.17953418,-0.1194414399999999,1.0,0.0,1028.6380082629964,0.0,1028.6380082629964
1668451424.2196045,1243.83,-0.1700000000000727,1.0739968,-0.1055373800000001,1.0,0.0,1028.6380082629964,0.0,1028.6380082629964
1668451485.263856,1243.78,-0.0499999999999545,0.96712163,-0.10687517,1.0,0.0,1028.6380082629964,0.0,1028.6380082629964
1668451545.1493442,1244.17,0.3900000000001,0.9430588,-0.0240628299999999,1.0,0.0,1028.6380082629964,0.0,1028.6380082629964
1668451605.1688204,1243.68,-0.4900000000000091,0.84315735,-0.0999014499999999,1.0,0.0,1028.6380082629964,0.0,1028.6380082629964
1668451665.9426382,1243.83,0.1499999999998635,0.75126702,-0.09189033,1.0,0.0,1028.6380082629964,0.0,1028.6380082629964
1668451726.1747465,1244.84,1.009999999999991,0.77003137,0.0187643499999999,0.0,1.0,0.0,0.8263214616038981,1028.6380082629964
1668451786.0689414,1243.73,-1.1099999999999,0.64922444,-0.1208069299999999,1.0,0.0,1027.7207914406165,0.0,1027.7207914406165
1668451846.9082737,1243.32,-0.4100000000000818,0.55014018,-0.09908426,1.0,0.0,1027.7207914406165,0.0,1027.7207914406165
1668451906.893371,1243.42,0.1000000000001364,0.48411778,-0.0660223999999999,1.0,0.0,1027.7207914406165,0.0,1027.7207914406165
1668451966.9028037,1243.67,0.25,0.46334625,-0.0207715299999999,1.0,0.0,1027.7207914406165,0.0,1027.7207914406165
1668452027.5250168,1244.09,0.4199999999998454,0.4626327,-0.00071355,1.0,0.0,1027.7207914406165,0.0,1027.7207914406165
1668452087.5029638,1244.14,0.0500000000001819,0.50558745,0.04295475,0.0,1.0,0.0,0.8260491515750771,1027.7207914406165
1668452148.036163,1244.78,0.6399999999998727,0.55907048,0.0534830299999999,0.0,1.0,0.0,0.8260491515750771,1028.2494628976244
1668452208.569392,1244.71,-0.0699999999999363,0.59964056,0.0405700799999999,0.0,1.0,0.0,0.8260491515750771,1028.1916394570142
1668452268.829491,1243.85,-0.8600000000001273,0.48206888,-0.11757168,1.0,0.0,1027.4812371866597,0.0,1027.4812371866597
1668452328.6519587,1243.41,-0.4399999999998272,0.37198803,-0.1100808499999999,1.0,0.0,1027.4812371866597,0.0,1027.4812371866597
1668452389.3754232,1242.37,-1.040000000000191,0.15432238,-0.21766565,1.0,0.0,1027.4812371866597,0.0,1027.4812371866597
1668452449.165803,1242.82,0.4500000000000455,0.11232463,-0.04199775,1.0,0.0,1027.4812371866597,0.0,1027.4812371866597
1668452509.349645,1242.15,-0.6699999999998454,-0.03872915,-0.15105378,1.0,0.0,1027.4812371866597,0.0,1027.4812371866597
1668452570.394658,1242.7,0.5499999999999545,-0.09518755,-0.0564584,1.0,0.0,1027.4812371866597,0.0,1027.4812371866597
1668452630.0642354,1243.07,0.3699999999998908,-0.1118277,-0.01664015,1.0,0.0,1027.4812371866597,0.0,1027.4812371866597
1668452691.0982203,1242.92,-0.1499999999998635,-0.14221304,-0.03038534,1.0,0.0,1027.4812371866597,0.0,1027.4812371866597
1668452750.9506838,1243.51,0.5899999999999181,-0.0943264,0.04788664,0.0,1.0,0.0,0.8262750095991666,1027.4812371866597
1668452810.9165375,1242.11,-1.400000000000091,-0.2241957,-0.1298693,1.0,0.0,1026.3244521732206,0.0,1026.3244521732206
1668452871.071994,1241.88,-0.2299999999997908,-0.33178105,-0.10758535,1.0,0.0,1026.3244521732206,0.0,1026.3244521732206
1668452931.7742257,1242.67,0.7899999999999636,-0.30434374,0.02743731,0.0,1.0,0.0,0.8259026549069508,1026.3244521732206
1668452991.8645487,1242.3,-0.3700000000001182,-0.32559678,-0.02125304,1.0,0.0,1026.0188681909049,0.0,1026.0188681909049
1668453052.4118943,1241.47,-0.8299999999999272,-0.38917801,-0.06358123,1.0,0.0,1026.0188681909049,0.0,1026.0188681909049
1668453112.4256651,1240.3,-1.1700000000000728,-0.51562708,-0.12644907,1.0,0.0,1026.0188681909049,0.0,1026.0188681909049
1668453172.535513,1238.4,-1.899999999999864,-0.90043432,-0.38480724,1.0,0.0,1026.0188681909049,0.0,1026.0188681909049
1668453233.2002149,1238.81,0.4099999999998545,-1.01423655,-0.1138022299999999,1.0,0.0,1026.0188681909049,0.0,1026.0188681909049
1668453293.3949378,1234.51,-4.2999999999999545,-1.53799733,-0.5237607800000001,1.0,0.0,1026.0188681909049,0.0,1026.0188681909049
1668453353.4268873,1234.88,0.3700000000001182,-1.74548024,-0.2074829099999999,1.0,0.0,1026.0188681909049,0.0,1026.0188681909049
1668453413.4842167,1233.13,-1.75,-2.28500925,-0.5395290099999999,1.0,0.0,1026.0188681909049,0.0,1026.0188681909049
1668453474.0898583,1231.35,-1.7800000000002,-2.71684734,-0.4318380900000003,1.0,0.0,1026.0188681909049,0.0,1026.0188681909049
1668453534.2178807,1232.44,1.0900000000001455,-2.88741282,-0.17056548,1.0,0.0,1026.0188681909049,0.0,1026.0188681909049
1668453594.489658,1232.51,0.0699999999999363,-2.85766327,0.02974955,0.0,1.0,0.0,0.8324629156687612,1026.0188681909049
1668453655.424883,1231.01,-1.5,-3.04598272,-0.1883194499999998,1.0,0.0,1024.7701738174017,0.0,1024.7701738174017
1668453716.573996,1230.14,-0.8699999999998909,-3.19572547,-0.1497427500000001,1.0,0.0,1024.7701738174017,0.0,1024.7701738174017
1668453775.290003,1232.92,2.7799999999999727,-3.03516053,0.16056494,0.0,1.0,0.0,0.8311732909007896,1024.7701738174017
1668453835.99454,1233.61,0.6899999999998272,-2.80093731,0.23422322,0.0,1.0,0.0,0.8311732909007896,1025.343683388123
1668453895.9875295,1233.88,0.2700000000002092,-2.55531436,0.24562295,0.0,1.0,0.0,0.8311732909007896,1025.5681001766663
1668453956.0973012,1234.27,0.3899999999998726,-2.31875901,0.2365553500000001,0.0,1.0,0.0,0.8311732909007896,1025.8922577601177
1668454017.0251005,1233.26,-1.009999999999991,-2.27182267,0.0469363399999998,0.0,1.0,0.0,0.8311732909007896,1025.0527727363078
1668454077.010543,1231.45,-1.8099999999999448,-2.37928536,-0.1074626899999997,1.0,0.0,1023.5483490797774,0.0,1023.5483490797774
1668454137.051958,1232.61,1.1599999999998545,-2.25153965,0.1277457100000001,0.0,1.0,0.0,0.8303910799683415,1023.5483490797774
1668454197.74487,1233.1,0.4900000000000091,-2.02409395,0.2274456999999996,0.0,1.0,0.0,0.8303910799683415,1023.9552407089618
1668454257.6283653,1233.91,0.8100000000001728,-1.7993839,0.2247100500000001,0.0,1.0,0.0,0.8303910799683415,1024.6278574837363
1668454317.688262,1232.78,-1.1300000000001091,-1.80745337,-0.0080694699999999,1.0,0.0,1023.689515563372,0.0,1023.689515563372
1668454378.5921452,1230.97,-1.8099999999999448,-1.91425641,-0.1068030399999999,1.0,0.0,1023.689515563372,0.0,1023.689515563372
1668454438.3293407,1231.94,0.9700000000000272,-1.80739321,0.1068631999999998,0.0,1.0,0.0,0.83095728327952,1023.689515563372
1668454498.4840472,1230.44,-1.5,-1.89223805,-0.0848448399999999,1.0,0.0,1022.4430796384528,0.0,1022.4430796384528
1668454564.8134842,1230.99,0.5499999999999545,-1.81948983,0.07274822,0.0,1.0,0.0,0.8305860158396516,1022.4430796384528
1668454619.5493429,1232.28,1.2899999999999636,-1.661,0.1584898299999999,0.0,1.0,0.0,0.8305860158396516,1023.514535598886
1668454679.5554087,1232.2,-0.0799999999999272,-1.52332097,0.1376790299999999,0.0,1.0,0.0,0.8305860158396516,1023.4480887176188
1668454740.4603837,1231.73,-0.4700000000000273,-1.44449943,0.07882154,0.0,1.0,0.0,0.8305860158396516,1023.057713290174
1668454800.4979818,1232.37,0.6399999999998727,-1.33510158,0.1093978500000001,0.0,1.0,0.0,0.8305860158396516,1023.5892883403114
1668454860.2582805,1232.54,0.1700000000000727,-1.24943514,0.0856664399999997,0.0,1.0,0.0,0.8305860158396516,1023.7304879630042
1668454921.057031,1232.05,-0.4900000000000091,-1.15056548,0.09886966,0.0,1.0,0.0,0.8305860158396516,1023.3235008152428
1668454981.0296395,1232.5,0.4500000000000455,-1.01943971,0.1311257699999999,0.0,1.0,0.0,0.8305860158396516,1023.6972645223708
1668455041.064591,1229.43,-3.0699999999999363,-1.22855384,-0.2091141299999999,1.0,0.0,1021.147365453743,0.0,1021.147365453743
1668455101.9098053,1225.78,-3.650000000000091,-1.71494091,-0.4863870699999999,1.0,0.0,1021.147365453743,0.0,1021.147365453743
1668455162.055621,1219.84,-5.940000000000055,-2.69233082,-0.97738991,1.0,0.0,1021.147365453743,0.0,1021.147365453743
1668455221.9559276,1216.89,-2.949999999999818,-3.50453695,-0.8122061299999999,1.0,0.0,1021.147365453743,0.0,1021.147365453743
1668455282.909338,1217.11,0.2199999999997999,-4.14242453,-0.6378875800000006,1.0,0.0,1021.147365453743,0.0,1021.147365453743
1668455341.9434943,1215.63,-1.4799999999997908,-4.73054033,-0.5881157999999997,1.0,0.0,1021.147365453743,0.0,1021.147365453743
1668455402.069511,1217.95,2.3199999999999363,-4.76566991,-0.0351295799999995,1.0,0.0,1021.147365453743,0.0,1021.147365453743
1668455463.1392045,1221.12,3.1699999999998454,-4.45849936,0.3071705499999995,0.0,1.0,0.0,0.8362383430406046,1021.1473654537432
1668455522.1642568,1222.97,1.8500000000001364,-4.01822169,0.4402776700000004,0.0,1.0,0.0,0.8362383430406046,1022.6944063883684
1668455582.012749,1222.48,-0.4900000000000091,-3.74297306,0.2752486299999996,0.0,1.0,0.0,0.8362383430406046,1022.2846496002784
1668455642.0888894,1218.86,-3.6200000000001182,-3.75449255,-0.0115194899999999,1.0,0.0,1019.2574667984712,0.0,1019.2574667984712
1668455702.035748,1217.23,-1.6299999999998818,-4.09322625,-0.3387336999999997,1.0,0.0,1019.2574667984712,0.0,1019.2574667984712
1668455762.7115006,1210.7,-6.529999999999973,-4.57103553,-0.4778092799999998,1.0,0.0,1019.2574667984712,0.0,1019.2574667984712
1668455822.0266275,1213.19,2.490000000000009,-4.54933739,0.0216981399999998,0.0,1.0,0.0,0.8401466108346353,1019.2574667984712
1668455882.1838737,1212.89,-0.2999999999999545,-4.63778502,-0.0884476300000001,1.0,0.0,1019.0054228152208,0.0,1019.0054228152208
1668455942.0362542,1214.92,2.0299999999999727,-4.47466717,0.1631178499999999,0.0,1.0,0.0,0.8387428166588917,1019.0054228152208
1668456002.0684156,1214.67,-0.25,-4.45489636,0.0197708099999998,0.0,1.0,0.0,0.8387428166588917,1018.795737111056
1668456061.9553857,1217.08,2.4099999999998545,-3.99159386,0.4633025000000002,0.0,1.0,0.0,0.8387428166588917,1020.8171072992038
1668456121.995929,1219.7,2.6200000000001182,-3.42669104,0.5649028199999999,0.0,1.0,0.0,0.8387428166588917,1023.0146134788504
1668456182.2154992,1219.48,-0.2200000000000272,-3.12035815,0.3063328900000002,0.0,1.0,0.0,0.8387428166588917,1022.8300900591852
1668456242.2155056,1221.66,2.180000000000064,-2.59782793,0.5225302200000002,0.0,1.0,0.0,0.8387428166588917,1024.6585493995017
1668456302.0058458,1220.48,-1.1800000000000637,-2.16309461,0.4347333199999998,0.0,1.0,0.0,0.8387428166588917,1023.668832875844
1668456361.9470034,1216.61,-3.8700000000001182,-2.20401037,-0.0409157600000003,1.0,0.0,1020.422898175374,0.0,1020.422898175374
1668456422.0941365,1212.07,-4.539999999999964,-2.56751523,-0.3635048599999999,1.0,0.0,1020.422898175374,0.0,1020.422898175374
1668456482.2466471,1214.13,2.060000000000173,-2.51646463,0.0510505999999999,0.0,1.0,0.0,0.8404560452137531,1020.422898175374
1668456542.2920325,1215.46,1.3299999999999272,-2.49038517,0.02607946,0.0,1.0,0.0,0.8404560452137531,1021.5407047155084
1668456602.058726,1212.13,-3.3299999999999272,-2.67450429,-0.1841191199999996,1.0,0.0,1018.7419860849466,0.0,1018.7419860849466
1668456662.0800223,1215.65,3.519999999999982,-2.43829041,0.2362138799999997,0.0,1.0,0.0,0.8380224456751092,1018.7419860849466
1668456722.0850775,1212.18,-3.470000000000028,-2.60529405,-0.1670036399999999,1.0,0.0,1015.834048198454,0.0,1015.834048198454
1668456782.0307083,1211.57,-0.6100000000001273,-2.75502428,-0.1497302300000003,1.0,0.0,1015.834048198454,0.0,1015.834048198454
1668456841.9939322,1212.14,0.5700000000001637,-2.74425469,0.0107695900000002,0.0,1.0,0.0,0.8380500999871746,1015.834048198454
1668456902.0682309,1212.99,0.849999999999909,-2.75256349,-0.0083088,1.0,0.0,1016.5463907834428,0.0,1016.5463907834428
1668456962.438277,1214.72,1.7300000000000182,-2.41988476,0.33267873,0.0,1.0,0.0,0.8368565519489617,1016.5463907834428
1668457022.1768365,1215.49,0.7699999999999818,-2.1357165,0.2841682599999999,0.0,1.0,0.0,0.8368565519489617,1017.1907703284436
1668457082.18222,1217.75,2.259999999999991,-1.67936106,0.45635544,0.0,1.0,0.0,0.8368565519489617,1019.082066135848
1668457142.5808327,1218.67,0.9200000000000728,-1.25051185,0.4288492099999998,0.0,1.0,0.0,0.8368565519489617,1019.8519741636412
1668457202.108561,1218.43,-0.2400000000000091,-0.95202897,0.2984828800000001,0.0,1.0,0.0,0.8368565519489617,1019.6511285911736
1668457262.024606,1218.29,-0.1400000000001,-0.65454642,0.29748255,0.0,1.0,0.0,0.8368565519489617,1019.5339686739004
1668457322.1254218,1217.46,-0.8299999999999272,-0.47018455,0.1843618699999999,0.0,1.0,0.0,0.8368565519489617,1018.8393777357828
1668457382.3878844,1216.83,-0.6300000000001091,-0.45806396,0.0121205899999999,0.0,1.0,0.0,0.8368565519489617,1018.312158108055
1668457442.2373266,1218.06,1.2300000000000182,-0.28601713,0.1720468299999999,0.0,1.0,0.0,0.8368565519489617,1019.3414916669524
1668457504.8606896,1218.22,0.1600000000000818,-0.20619222,0.07982491,0.0,1.0,0.0,0.8368565519489617,1019.475388715264
1668457562.203019,1217.44,-0.7799999999999727,-0.17677401,0.02941821,0.0,1.0,0.0,0.8368565519489617,1018.822640604744
1668457622.344964,1217.93,0.4900000000000091,-0.07578438,0.10098963,0.0,1.0,0.0,0.8368565519489617,1019.2327003151988
1668457682.00311,1217.24,-0.6900000000000546,-0.04287015,0.0329142299999999,0.0,1.0,0.0,0.8368565519489617,1018.6552692943542
1668457742.1715105,1216.18,-1.0599999999999454,-0.08221403,-0.0393438799999999,1.0,0.0,1017.7682013492882,0.0,1017.7682013492882
1668457802.119024,1217.17,0.9900000000000092,-0.08899546,-0.00678143,1.0,0.0,1017.7682013492882,0.0,1017.7682013492882
1668457862.364028,1217.52,0.349999999999909,-0.05267423,0.0363212299999999,0.0,1.0,0.0,0.8359355093544979,1017.7682013492882
1668457922.11811,1216.98,-0.5399999999999636,-0.12993219,-0.07725796,1.0,0.0,1017.3167961742369,0.0,1017.3167961742369
1668457982.3994403,1216.5,-0.4800000000000182,-0.17378362,-0.04385143,1.0,0.0,1017.3167961742369,0.0,1017.3167961742369
1668458042.3890786,1215.14,-1.3599999999999,-0.29149766,-0.1177140399999999,1.0,0.0,1017.3167961742369,0.0,1017.3167961742369
1668458102.0699031,1216.71,1.5699999999999363,-0.23665529,0.05484237,0.0,1.0,0.0,0.8361210117236128,1017.3167961742369
1668458162.3778112,1216.89,0.1800000000000636,-0.21567913,0.0209761599999999,0.0,1.0,0.0,0.8361210117236128,1017.4672979563472
1668458222.3025424,1216.76,-0.1300000000001091,-0.21914811,-0.00346898,1.0,0.0,1017.358602224823,0.0,1017.358602224823
1668458282.3635104,1218.93,2.1700000000000728,0.02938623,0.24853434,0.0,1.0,0.0,0.8346325073833797,1017.358602224823
1668458342.096547,1219.72,0.7899999999999636,0.26833072,0.23894449,0.0,1.0,0.0,0.8346325073833797,1018.017961905656
1668458402.3639069,1221.11,1.389999999999873,0.56610639,0.2977756699999999,0.0,1.0,0.0,0.8346325073833797,1019.1781010909186
1668458462.1484654,1217.83,-3.2799999999999727,0.42683303,-0.1392733599999999,1.0,0.0,1016.4405064667012,0.0,1016.4405064667012
1668458523.2339995,1217.31,-0.5199999999999818,0.27683592,-0.14999711,1.0,0.0,1016.4405064667012,0.0,1016.4405064667012
1668458582.216335,1217.04,-0.2699999999999818,0.18991398,-0.08692194,1.0,0.0,1016.4405064667012,0.0,1016.4405064667012
1668458642.4716277,1217.22,0.1800000000000636,0.16139815,-0.02851583,1.0,0.0,1016.4405064667012,0.0,1016.4405064667012
1668458702.4308984,1217.67,0.4500000000000455,0.18470792,0.02330977,0.0,1.0,0.0,0.8347421768350219,1016.4405064667012
1668458776.9274948,1216.61,-1.0600000000001728,0.02207639,-0.16263153,1.0,0.0,1015.555679759256,0.0,1015.555679759256
1668458822.330196,1215.99,-0.6199999999998909,-0.0273823,-0.04945869,1.0,0.0,1015.555679759256,0.0,1015.555679759256
1668458882.4159184,1215.58,-0.4100000000000818,-0.19512207,-0.16773977,1.0,0.0,1015.555679759256,0.0,1015.555679759256
1668458942.3579552,1213.77,-1.8099999999999448,-0.52966002,-0.33453795,1.0,0.0,1015.555679759256,0.0,1015.555679759256
1668459002.2217498,1214.83,1.0599999999999454,-0.61093236,-0.0812723399999999,1.0,0.0,1015.555679759256,0.0,1015.555679759256
1668459062.665304,1215.99,1.160000000000082,-0.51266679,0.0982655699999999,0.0,1.0,0.0,0.8351677890108109,1015.555679759256
1668459122.19661,1213.73,-2.259999999999991,-0.7395264,-0.22685961,1.0,0.0,1013.6682005560916,0.0,1013.6682005560916
1668459182.3901916,1216.4,2.6700000000000728,-0.58006998,0.15945642,0.0,1.0,0.0,0.8333345943407526,1013.6682005560916
1668459242.332608,1214.65,-1.75,-0.70624079,-0.1261708099999999,1.0,0.0,1012.2098650159952,0.0,1012.2098650159952
1668459483.0022736,1213.71,-0.9400000000000546,-0.77579022,-0.06954943,1.0,0.0,1012.2098650159952,0.0,1012.2098650159952
1668459543.0491295,1215.05,1.339999999999918,-0.62855209,0.1472381299999999,0.0,1.0,0.0,0.8330602567927207,1012.2098650159952
1668459604.2459614,1216.92,1.8700000000001185,-0.37021223,0.25833986,0.0,1.0,0.0,0.8330602567927207,1013.7676876961976
1668459663.7847238,1215.66,-1.259999999999991,-0.38197941,-0.01176718,1.0,0.0,1012.7180317726388,0.0,1012.7180317726388
1668459755.6943772,1217.0,1.339999999999918,-0.0539686,0.32801081,0.0,1.0,0.0,0.8321430006348717,1012.7180317726388
1668459784.6303864,1217.84,0.8399999999999181,0.01303995,0.06700855,0.0,1.0,0.0,0.8321430006348717,1013.417031893172
1668459844.7329948,1220.04,2.200000000000045,0.41629914,0.40325919,0.0,1.0,0.0,0.8321430006348717,1015.2477464945688
1668459906.7467003,1218.84,-1.2000000000000457,0.49196663,0.07566749,0.0,1.0,0.0,0.8321430006348717,1014.249174893807
1668459965.4617398,1219.13,0.290000000000191,0.57637084,0.08440421,0.0,1.0,0.0,0.8321430006348717,1014.4904963639912
1668460025.4418962,1219.01,-0.1200000000001182,0.70160108,0.1252302399999999,0.0,1.0,0.0,0.8321430006348717,1014.3906392039148
1668460085.5231435,1217.43,-1.5799999999999272,0.58523126,-0.1163698199999999,1.0,0.0,1013.075853262912,0.0,1013.075853262912
1668460146.3828373,1218.07,0.6399999999998727,0.56757473,-0.01765653,1.0,0.0,1013.075853262912,0.0,1013.075853262912
1668460206.426389,1218.15,0.0800000000001546,0.58421607,0.0166413399999999,0.0,1.0,0.0,0.8316511540146221,1013.075853262912
1668460266.1969347,1217.76,-0.3900000000001,0.54094454,-0.0432715299999999,1.0,0.0,1012.7515093128462,0.0,1012.7515093128462
1668460327.0369864,1216.38,-1.3799999999998818,0.3663652,-0.17457934,1.0,0.0,1012.7515093128462,0.0,1012.7515093128462
1668460386.9695776,1218.16,1.7799999999999727,0.47391394,0.1075487399999999,0.0,1.0,0.0,0.8313780696401508,1012.7515093128462
1668460446.8389845,1218.36,0.1999999999998181,0.50060501,0.02669107,0.0,1.0,0.0,0.8313780696401508,1012.917784926774
1668460508.0927486,1219.34,0.9800000000000182,0.6605062,0.15990119,0.0,1.0,0.0,0.8313780696401508,1013.7325354350214
1668460567.927393,1220.01,0.6700000000000728,0.76482152,0.1043153199999999,0.0,1.0,0.0,0.8313780696401508,1014.2895587416804
1668460628.0052445,1220.26,0.25,0.864543,0.0997214799999999,0.0,1.0,0.0,0.8313780696401508,1014.4974032590904
1668460688.753109,1223.71,3.450000000000045,1.31693964,0.45239664,0.0,1.0,0.0,0.8313780696401508,1017.365657599349
1668460748.7516496,1222.59,-1.1200000000001182,1.40517563,0.08823599,0.0,1.0,0.0,0.8313780696401508,1016.434514161352
1668460809.099057,1222.15,-0.4399999999998272,1.44416356,0.03898793,0.0,1.0,0.0,0.8313780696401508,1016.0687078107104
1668460869.7144346,1222.22,0.0699999999999363,1.55163983,0.10747627,0.0,1.0,0.0,0.8313780696401508,1016.1269042755852
1668460929.5296092,1221.92,-0.2999999999999545,1.55201974,0.0003799099999999,0.0,1.0,0.0,0.8313780696401508,1015.8774908546932
1668460989.5470116,1222.44,0.5199999999999818,1.57208025,0.0200605099999999,0.0,1.0,0.0,0.8313780696401508,1016.309807450906
1668461051.1128066,1223.41,0.9700000000000272,1.64759474,0.0755144899999999,0.0,1.0,0.0,0.8313780696401508,1017.116244178457
1668461111.1068697,1223.21,-0.2000000000000454,1.60682334,-0.0407713999999999,1.0,0.0,1016.949968564529,0.0,1016.949968564529
1668461171.0730314,1222.75,-0.4600000000000364,1.57012818,-0.03669516,1.0,0.0,1016.949968564529,0.0,1016.949968564529
1668461231.797028,1223.31,0.5599999999999454,1.594199,0.0240708199999999,0.0,1.0,0.0,0.8313101082836967,1016.949968564529
1668461291.7385938,1223.62,0.3099999999999454,1.58907453,-0.0051244699999999,1.0,0.0,1017.2076746980968,0.0,1017.2076746980968
1668461351.7073443,1223.34,-0.2799999999999727,1.56673835,-0.0223361799999999,1.0,0.0,1017.2076746980968,0.0,1017.2076746980968
1668461412.679265,1223.12,-0.2200000000000272,1.40589758,-0.16084077,1.0,0.0,1017.2076746980968,0.0,1017.2076746980968
1668461472.8271792,1224.55,1.4300000000000637,1.53317174,0.12727416,0.0,1.0,0.0,0.8306787592977802,1017.2076746980968
1668461532.678606,1225.09,0.5399999999999636,1.60299329,0.0698215499999999,0.0,1.0,0.0,0.8306787592977802,1017.6562412281176
1668461593.3974576,1225.26,0.1700000000000727,1.62415873,0.02116544,0.0,1.0,0.0,0.8306787592977802,1017.7974566171982
1668461655.9501832,1224.7,-0.5599999999999454,1.53744446,-0.0867142700000001,1.0,0.0,1017.3322765119916,0.0,1017.3322765119916
1668461713.525891,1224.52,-0.1800000000000636,1.46153966,-0.0759048,1.0,0.0,1017.3322765119916,0.0,1017.3322765119916
1668461774.5137837,1225.13,0.6100000000001273,1.48227949,0.0207398300000001,0.0,1.0,0.0,0.8303872050410908,1017.3322765119916
1668461834.510707,1225.17,0.0399999999999636,1.44917546,-0.03310403,1.0,0.0,1017.3654920001932,0.0,1017.3654920001932
1668461894.404713,1225.49,0.3199999999999363,1.45008546,0.0009099999999999,0.0,1.0,0.0,0.8301703742994175,1017.3654920001932
1668461955.058626,1225.09,-0.4000000000000909,1.35711249,-0.0929729699999999,1.0,0.0,1017.0334238504734,0.0,1017.0334238504734
1668462014.427461,1225.44,0.3500000000001364,1.34452231,-0.0125901799999998,1.0,0.0,1017.0334238504734,0.0,1017.0334238504734
1668462074.7074742,1225.42,-0.0199999999999818,1.29400896,-0.0505133500000001,1.0,0.0,1017.0334238504734,0.0,1017.0334238504734
1668462135.490491,1225.7,0.2799999999999727,1.27990201,-0.0141069499999999,1.0,0.0,1017.0334238504734,0.0,1017.0334238504734
1668462194.8906198,1225.68,-0.0199999999999818,1.23394576,-0.0459562500000001,1.0,0.0,1017.0334238504734,0.0,1017.0334238504734
1668462254.484362,1225.99,0.3099999999999454,1.22957545,-0.0043703099999998,1.0,0.0,1017.0334238504734,0.0,1017.0334238504734
1668462314.457622,1226.39,0.4000000000000909,1.24930932,0.01973387,0.0,1.0,0.0,0.8292903756965347,1017.0334238504734
1668462374.5234687,1225.91,-0.4800000000000182,1.15767939,-0.09162993,1.0,0.0,1016.6353644701388,0.0,1016.6353644701388
1668462434.5212965,1224.54,-1.3700000000001182,0.90902978,-0.2486496099999999,1.0,0.0,1016.6353644701388,0.0,1016.6353644701388
1668462494.5693383,1224.45,-0.0899999999999181,0.7773771,-0.1316526799999999,1.0,0.0,1016.6353644701388,0.0,1016.6353644701388
1668462554.3482585,1225.11,0.6599999999998545,0.76367062,-0.01370648,1.0,0.0,1016.6353644701388,0.0,1016.6353644701388
1668462614.5515714,1224.6,-0.5099999999999909,0.63088459,-0.13278603,1.0,0.0,1016.6353644701388,0.0,1016.6353644701388
1668462674.6883364,1224.58,-0.0199999999999818,0.54870787,-0.0821767199999999,1.0,0.0,1016.6353644701388,0.0,1016.6353644701388
1668462734.880655,1225.75,1.1700000000000728,0.64471543,0.0960075599999999,0.0,1.0,0.0,0.8293986248991546,1016.6353644701388
1668462794.5644813,1226.29,0.5399999999999636,0.71579917,0.07108374,0.0,1.0,0.0,0.8293986248991546,1017.0832397275844
1668462854.397498,1226.4,0.1100000000001273,0.74513446,0.02933529,0.0,1.0,0.0,0.8293986248991546,1017.1744735763232
1668462914.4315326,1227.78,1.3799999999998818,0.94721577,0.2020813099999999,0.0,1.0,0.0,0.8293986248991546,1018.319043678684
1668462974.4010935,1227.23,-0.5499999999999545,0.93137343,-0.01584234,1.0,0.0,1017.8628744349896,0.0,1017.8628744349896
1668463034.514032,1227.76,0.5299999999999727,1.01764424,0.0862708100000001,0.0,1.0,0.0,0.8290405897202952,1017.8628744349896
1668463094.5131674,1227.37,-0.3900000000001,0.98599804,-0.0316462,1.0,0.0,1017.5395486049986,0.0,1017.5395486049986
1668463154.582059,1228.3,0.9300000000000636,1.10518449,0.11918645,0.0,1.0,0.0,0.8284128865952932,1017.5395486049986
1668463214.6436214,1227.5,-0.7999999999999545,1.01537088,-0.0898136099999999,1.0,0.0,1016.8768182957224,0.0,1016.8768182957224
1668463274.534683,1225.6,-1.900000000000091,0.71421878,-0.3011521,1.0,0.0,1016.8768182957224,0.0,1016.8768182957224
1668463336.1032596,1226.83,1.2300000000000182,0.76275906,0.0485402799999999,0.0,1.0,0.0,0.8288653018720789,1016.8768182957224
1668463394.4918387,1228.39,1.5600000000001728,0.93636379,0.1736047299999999,0.0,1.0,0.0,0.8288653018720789,1018.1698481666432
1668463454.363287,1226.24,-2.150000000000091,0.66027043,-0.27609336,1.0,0.0,1016.387787767618,0.0,1016.387787767618
1668463514.628297,1227.45,1.2100000000000364,0.74123104,0.0809606099999999,0.0,1.0,0.0,0.8280482201047846,1016.387787767618
1668463574.6195946,1228.21,0.7599999999999909,0.82740985,0.08617881,0.0,1.0,0.0,0.8280482201047846,1017.0171044148976
1668463635.0078433,1227.57,-0.6400000000001,0.74753716,-0.0798726899999999,1.0,0.0,1016.4871535540304,0.0,1016.4871535540304
1668463694.9124444,1227.82,0.25,0.7524052,0.0048680399999999,0.0,1.0,0.0,0.8278796187991974,1016.4871535540304
1668463754.5320282,1228.12,0.2999999999999545,0.77442865,0.02202345,0.0,1.0,0.0,0.8278796187991974,1016.7355174396702
1668463814.632339,1225.69,-2.4299999999998363,0.41998149,-0.35444716,1.0,0.0,1014.7237699659884,0.0,1014.7237699659884
1668463874.3708167,1225.23,-0.4600000000000364,0.22435072,-0.19563077,1.0,0.0,1014.7237699659884,0.0,1014.7237699659884
1668463934.4593916,1224.39,-0.8399999999999181,-0.02023178,-0.2445825,1.0,0.0,1014.7237699659884,0.0,1014.7237699659884
1668463994.6394184,1225.08,0.6899999999998272,-0.06282689,-0.0425951099999999,1.0,0.0,1014.7237699659884,0.0,1014.7237699659884
1668464054.3607738,1224.86,-0.2200000000000272,-0.16908255,-0.10625566,1.0,0.0,1014.7237699659884,0.0,1014.7237699659884
1668464115.276364,1225.55,0.6900000000000546,-0.13973033,0.0293522199999999,0.0,1.0,0.0,0.8279741911517183,1014.7237699659884
1668464174.5190823,1225.67,0.1200000000001182,-0.14067735,-0.0009470199999999,1.0,0.0,1014.8231268689268,0.0,1014.8231268689268
1668464234.6565046,1224.94,-0.7300000000000182,-0.25051072,-0.10983337,1.0,0.0,1014.8231268689268,0.0,1014.8231268689268
1668464294.552455,1224.98,0.0399999999999636,-0.28304446,-0.0325337399999999,1.0,0.0,1014.8231268689268,0.0,1014.8231268689268
1668464354.60509,1225.9,0.9200000000000728,-0.17712977,0.10591469,0.0,1.0,0.0,0.8278188489019714,1014.8231268689268
1668464414.5010872,1226.24,0.3399999999999181,-0.10156589,0.0755638799999999,0.0,1.0,0.0,0.8278188489019714,1015.1045852775536
1668464474.851557,1225.32,-0.9200000000000728,-0.19250929,-0.0909434,1.0,0.0,1014.3429919365636,0.0,1014.3429919365636
1668464534.6435318,1225.91,0.5900000000001455,-0.12127991,0.07122938,0.0,1.0,0.0,0.8274204402742156,1014.3429919365636
1668464595.0128906,1226.3,0.3899999999998726,-0.04520964,0.07607027,0.0,1.0,0.0,0.8274204402742156,1014.6656859082706
1668464654.607141,1225.76,-0.5399999999999636,-0.08642167,-0.04121203,1.0,0.0,1014.2188788705224,0.0,1014.2188788705224
1668464714.776327,1226.06,0.2999999999999545,-0.04094196,0.04547971,0.0,1.0,0.0,0.8272179818854889,1014.2188788705224
1668464774.6028898,1226.13,0.0700000000001637,-0.01431352,0.02662844,0.0,1.0,0.0,0.8272179818854889,1014.2767841292546
1668464834.5011847,1223.78,-2.3500000000001364,-0.32923948,-0.3149259599999999,1.0,0.0,1012.3328218718236,0.0,1012.3328218718236
1668464894.5485258,1224.06,0.2799999999999727,-0.38576902,-0.05652954,1.0,0.0,1012.3328218718236,0.0,1012.3328218718236
1668464954.716276,1222.94,-1.1199999999998909,-0.60148816,-0.21571914,1.0,0.0,1012.3328218718236,0.0,1012.3328218718236
1668465014.4879982,1223.45,0.5099999999999909,-0.62155002,-0.0200618599999999,1.0,0.0,1012.3328218718236,0.0,1012.3328218718236
1668465074.958681,1223.38,-0.0699999999999363,-0.67133902,-0.0497889999999999,1.0,0.0,1012.3328218718236,0.0,1012.3328218718236
1668465135.1467469,1221.92,-1.4600000000000364,-0.90102485,-0.2296858299999999,1.0,0.0,1012.3328218718236,0.0,1012.3328218718236
1668465194.6173754,1217.98,-3.940000000000055,-1.54018805,-0.6391632,1.0,0.0,1012.3328218718236,0.0,1012.3328218718236
1668465254.6730702,1216.91,-1.0699999999999363,-1.92842389,-0.3882358399999999,1.0,0.0,1012.3328218718236,0.0,1012.3328218718236
1668465314.57173,1219.1,2.189999999999827,-1.83478761,0.0936362799999999,0.0,1.0,0.0,0.8303935869672904,1012.3328218718236
1668465374.992898,1218.33,-0.7699999999999818,-1.98623961,-0.1514519999999999,1.0,0.0,1011.6934188098588,0.0,1011.6934188098588
1668465434.938043,1217.24,-1.089999999999918,-2.18760796,-0.2013683499999998,1.0,0.0,1011.6934188098588,0.0,1011.6934188098588
1668465494.6180377,1218.65,1.410000000000082,-2.05300873,0.1345992299999996,0.0,1.0,0.0,0.8301755375291172,1011.6934188098588
1668465554.8934946,1218.81,0.1599999999998544,-1.98967275,0.0633359800000001,0.0,1.0,0.0,0.8301755375291172,1011.8262468958632
1668465614.68953,1219.83,1.0199999999999818,-1.78319548,0.2064772699999999,0.0,1.0,0.0,0.8301755375291172,1012.673025944143
1668465674.731342,1218.96,-0.8699999999998909,-1.78784817,-0.0046526899999999,1.0,0.0,1011.9507732264929,0.0,1011.9507732264929
1668465734.679525,1217.71,-1.25,-1.89407264,-0.1062244700000001,1.0,0.0,1011.9507732264929,0.0,1011.9507732264929
1668465794.6824317,1218.31,0.599999999999909,-1.79338612,0.10068652,0.0,1.0,0.0,0.8306184577213459,1011.9507732264929
1668465854.6600375,1219.22,0.910000000000082,-1.60229805,0.1910880700000001,0.0,1.0,0.0,0.8306184577213459,1012.7066360230194
1668465914.6728,1216.93,-2.289999999999964,-1.81492001,-0.2126219600000001,1.0,0.0,1010.8045197548377,0.0,1010.8045197548377
1668465974.6732674,1217.42,0.4900000000000091,-1.74781395,0.0671060599999999,0.0,1.0,0.0,0.83028414167242,1010.8045197548377
1668466035.7313802,1219.28,1.8599999999999,-1.44301949,0.3047944600000001,0.0,1.0,0.0,0.83028414167242,1012.3488482583484
1668466094.6119423,1221.19,1.9100000000000816,-1.03464744,0.4083720499999999,0.0,1.0,0.0,0.83028414167242,1013.9346909689426
1668466154.5800393,1221.96,0.7699999999999818,-0.97322293,0.06142451,0.0,1.0,0.0,0.83028414167242,1014.5740097580305
1668466214.6371312,1224.2,2.240000000000009,-0.1268051,0.84641783,0.0,1.0,0.0,0.83028414167242,1016.4338462353768
1668466274.6135871,1223.27,-0.9300000000000636,0.00307953,0.12988463,0.0,1.0,0.0,0.83028414167242,1015.6616819836212
1668466335.271882,1223.61,0.3399999999999181,0.20975278,0.20667325,0.0,1.0,0.0,0.83028414167242,1015.9439785917898
1668466395.0063906,1222.92,-0.6899999999998272,0.25173687,0.04198409,0.0,1.0,0.0,0.83028414167242,1015.371082534036
1668466454.903134,1223.24,0.3199999999999363,0.36949724,0.11776037,0.0,1.0,0.0,0.83028414167242,1015.636773459371
1668466514.7617383,1223.42,0.1800000000000636,0.46299426,0.0934970199999999,0.0,1.0,0.0,0.83028414167242,1015.786224604872
1668466574.7380135,1222.75,-0.6700000000000728,0.42562375,-0.0373705099999999,1.0,0.0,1015.2299342299516,0.0,1015.2299342299516
1668466634.7723997,1221.94,-0.8099999999999454,0.3188564,-0.10676735,1.0,0.0,1015.2299342299516,0.0,1015.2299342299516
1668466694.6968107,1221.32,-0.6200000000001182,0.19331202,-0.1255443799999999,1.0,0.0,1015.2299342299516,0.0,1015.2299342299516
1668466754.8062465,1221.72,0.4000000000000909,0.18866773,-0.0046442899999999,1.0,0.0,1015.2299342299516,0.0,1015.2299342299516
1668466814.8487587,1220.0,-1.7200000000000273,-0.08464839,-0.27331612,1.0,0.0,1015.2299342299516,0.0,1015.2299342299516
1668466874.6304948,1221.12,1.1199999999998909,-0.03262018,0.05202821,0.0,1.0,0.0,0.8313924382779347,1015.2299342299516
1668466935.0104694,1228.45,7.330000000000155,0.98825191,1.02087209,0.0,1.0,0.0,0.8313924382779347,1021.324040802529
1668466994.666127,1225.64,-2.809999999999945,0.90710267,-0.08114924,1.0,0.0,1018.987828050968,0.0,1018.987828050968
1668467054.5408678,1224.92,-0.7200000000000273,0.90765443,0.00055176,0.0,1.0,0.0,0.8318811253395878,1018.987828050968
1668467114.6881497,1225.1,0.1799999999998363,0.96818796,0.0605335299999999,0.0,1.0,0.0,0.8318811253395878,1019.1375666535288
1668467174.5871284,1226.04,0.9400000000000546,1.12682777,0.15863981,0.0,1.0,0.0,0.8318811253395878,1019.9195349113484
1668467234.7195902,1234.44,8.400000000000091,2.36573136,1.2389035899999998,0.0,1.0,0.0,0.8318811253395878,1026.9073363642008
1668467294.7871742,1233.97,-0.4700000000000273,2.71799541,0.35226405,0.0,1.0,0.0,0.8318811253395878,1026.5163522352912
1668467354.60676,1235.47,1.5,3.20690265,0.4889072400000001,0.0,1.0,0.0,0.8318811253395878,1027.7641739233006
1668467414.8977375,1235.1,-0.3700000000001182,3.4060913,0.1991886499999999,0.0,1.0,0.0,0.8318811253395878,1027.456377906925
1668467474.695576,1233.14,-1.959999999999809,3.26876426,-0.1373270399999997,1.0,0.0,1025.8258909012593,0.0,1025.8258909012593
1668467534.8536088,1233.75,0.6099999999999,3.3326511,0.0638868399999998,0.0,1.0,0.0,0.8314698203860258,1025.8258909012593
1668467594.5924869,1232.88,-0.8699999999998909,3.18361591,-0.1490351900000002,1.0,0.0,1025.1025121575235,0.0,1025.1025121575235
1668467654.7973564,1232.21,-0.6700000000000728,2.99084752,-0.1927683899999999,1.0,0.0,1025.1025121575235,0.0,1025.1025121575235
1668467714.6871629,1232.96,0.75,2.95239005,-0.0384574699999999,1.0,0.0,1025.1025121575235,0.0,1025.1025121575235
1668467774.88817,1239.32,6.3599999999999,3.74142989,0.78903984,0.0,1.0,0.0,0.827149172253755,1025.1025121575235
1668467835.5305223,1237.35,-1.9700000000000275,3.64100524,-0.1004246499999999,1.0,0.0,1023.4730282881836,0.0,1023.4730282881836
1668467894.892503,1237.61,0.2599999999999909,3.68132617,0.04032093,0.0,1.0,0.0,0.8269754028233318,1023.4730282881836
1668467955.4605837,1242.52,4.910000000000082,4.34756326,0.6662370900000001,0.0,1.0,0.0,0.8269754028233318,1027.5334775160463
1668468015.600933,1240.47,-2.0499999999999545,4.2245743,-0.1229889600000007,1.0,0.0,1025.8381779402584,0.0,1025.8381779402584
1668468075.0768054,1239.81,-0.6600000000000819,4.17192472,-0.0526495799999997,1.0,0.0,1025.8381779402584,0.0,1025.8381779402584
1668468134.9690232,1239.69,-0.1199999999998908,3.98799429,-0.1839304299999997,1.0,0.0,1025.8381779402584,0.0,1025.8381779402584
1668468194.8848546,1239.17,-0.5199999999999818,3.79607319,-0.1919211,1.0,0.0,1025.8381779402584,0.0,1025.8381779402584
1668468254.8137574,1239.1,-0.0700000000001637,3.62381104,-0.1722621499999999,1.0,0.0,1025.8381779402584,0.0,1025.8381779402584
1668468314.7808292,1239.53,0.4300000000000636,3.51272074,-0.1110903000000003,1.0,0.0,1025.8381779402584,0.0,1025.8381779402584
1668468374.794733,1239.8,0.2699999999999818,3.39757127,-0.1151494699999999,1.0,0.0,1025.8381779402584,0.0,1025.8381779402584
1668468434.8331397,1239.31,-0.4900000000000091,3.18187729,-0.2156939799999997,1.0,0.0,1025.8381779402584,0.0,1025.8381779402584
1668468494.7583678,1238.83,-0.4800000000000182,2.94002133,-0.2418559600000001,1.0,0.0,1025.8381779402584,0.0,1025.8381779402584
1668468554.8812418,1238.48,-0.349999999999909,2.69816731,-0.2418540199999999,1.0,0.0,1025.8381779402584,0.0,1025.8381779402584
1668468614.7780142,1238.73,0.25,2.53452265,-0.1636446600000001,1.0,0.0,1025.8381779402584,0.0,1025.8381779402584
1668468675.1409876,1239.18,0.4500000000000455,2.42479991,-0.10972274,1.0,0.0,1025.8381779402584,0.0,1025.8381779402584
1668468734.9876466,1240.74,1.5599999999999454,2.50422746,0.0794275500000001,0.0,1.0,0.0,0.8267954429939056,1025.8381779402584
1668468795.1246045,1242.4,1.660000000000082,2.67508135,0.17085389,0.0,1.0,0.0,0.8267954429939056,1027.2106583756283
1668468854.9618926,1242.32,-0.0800000000001546,2.66339781,-0.0116835399999999,1.0,0.0,1027.1445147401887,0.0,1027.1445147401887
1668468915.086043,1244.72,2.400000000000091,2.96816187,0.3047640599999996,0.0,1.0,0.0,0.8252012619225116,1027.1445147401887
1668468975.051944,1246.87,2.149999999999864,3.32704248,0.3588806099999999,0.0,1.0,0.0,0.8252012619225116,1028.918697453322
1668469035.003556,1244.9,-1.9699999999998,3.15744373,-0.16959875,1.0,0.0,1027.293050967335,0.0,1027.293050967335
1668469095.1402075,1244.65,-0.25,3.07636833,-0.0810753999999995,1.0,0.0,1027.293050967335,0.0,1027.293050967335
1668469155.2375898,1245.19,0.5399999999999636,3.06975,-0.0066183300000002,1.0,0.0,1027.293050967335,0.0,1027.293050967335
1668469215.246529,1244.69,-0.5,2.92453492,-0.1452150799999998,1.0,0.0,1027.293050967335,0.0,1027.293050967335
1668469275.4434855,1245.37,0.6799999999998363,2.90481972,-0.0197152000000002,1.0,0.0,1027.293050967335,0.0,1027.293050967335
1668469335.406849,1245.47,0.1000000000001364,2.82853157,-0.0762881499999998,1.0,0.0,1027.293050967335,0.0,1027.293050967335
1668469395.1468282,1247.41,1.9400000000000543,3.00452095,0.1759893799999998,0.0,1.0,0.0,0.8235408173474117,1027.293050967335
1668469455.1278884,1247.96,0.5499999999999545,3.06466517,0.0601442200000001,0.0,1.0,0.0,0.8235408173474117,1027.745998416876
1668469515.04907,1247.17,-0.7899999999999636,2.93142656,-0.1332386100000002,1.0,0.0,1027.0954011711715,0.0,1027.0954011711715
1668469575.6723511,1245.4,-1.7699999999999818,2.59216877,-0.33925779,1.0,0.0,1027.0954011711715,0.0,1027.0954011711715
1668469635.189154,1244.76,-0.6400000000001,2.31759613,-0.2745726399999997,1.0,0.0,1027.0954011711715,0.0,1027.0954011711715
1668469695.1690185,1244.6,-0.1600000000000818,2.09343636,-0.2241597699999999,1.0,0.0,1027.0954011711715,0.0,1027.0954011711715
1668469755.199107,1244.2,-0.3999999999998636,1.8467857,-0.24665066,1.0,0.0,1027.0954011711715,0.0,1027.0954011711715
1668469815.1329136,1244.58,0.3799999999998817,1.71121244,-0.1355732600000001,1.0,0.0,1027.0954011711715,0.0,1027.0954011711715
1668469875.2628944,1244.99,0.4100000000000818,1.61970189,-0.0915105499999999,1.0,0.0,1027.0954011711715,0.0,1027.0954011711715
1668469935.2557504,1243.39,-1.599999999999909,1.27712677,-0.34257512,1.0,0.0,1027.0954011711715,0.0,1027.0954011711715
1668469995.1952589,1241.96,-1.4300000000000637,0.89264913,-0.3844776399999999,1.0,0.0,1027.0954011711715,0.0,1027.0954011711715
1668470055.5520928,1242.61,0.6499999999998636,0.76250747,-0.13014166,1.0,0.0,1027.0954011711715,0.0,1027.0954011711715
1668470115.208878,1242.46,-0.1499999999998635,0.59002604,-0.1724814299999999,1.0,0.0,1027.0954011711715,0.0,1027.0954011711715
1668470175.18478,1241.98,-0.4800000000000182,0.389688,-0.20033804,1.0,0.0,1027.0954011711715,0.0,1027.0954011711715
1668470235.1825194,1241.63,-0.349999999999909,0.2094259,-0.1802620999999999,1.0,0.0,1027.0954011711715,0.0,1027.0954011711715
1668470295.119563,1242.56,0.9299999999998364,0.21914113,0.0097152299999999,0.0,1.0,0.0,0.8265962216481872,1027.0954011711715
1668470355.3349488,1242.2,-0.3599999999998999,0.11399953,-0.1051415999999999,1.0,0.0,1026.7978265313782,0.0,1026.7978265313782
1668470415.292448,1243.29,1.089999999999918,0.20691851,0.09291898,0.0,1.0,0.0,0.8258715396499434,1026.7978265313782
1668470475.142168,1242.72,-0.5699999999999363,0.12928416,-0.0776343499999999,1.0,0.0,1026.3270797537778,0.0,1026.3270797537778
1668470535.263358,1241.57,-1.150000000000091,-0.05995595,-0.18924011,1.0,0.0,1026.3270797537778,0.0,1026.3270797537778
1668470595.1883392,1242.69,1.1200000000001182,0.02266268,0.08261863,0.0,1.0,0.0,0.8258914771614624,1026.3270797537778
1668470655.1430256,1244.91,2.220000000000028,0.33034349,0.30768081,0.0,1.0,0.0,0.8258914771614624,1028.1605588330765
1668470715.6535256,1246.21,1.2999999999999543,0.61390262,0.2835591299999999,0.0,1.0,0.0,0.8258914771614624,1029.234217753386
1668470775.419013,1244.4,-1.8099999999999448,0.49132785,-0.1225747699999999,1.0,0.0,1027.739354179724,0.0,1027.739354179724
1668470835.6389,1241.18,-3.220000000000028,0.04763118,-0.44369667,1.0,0.0,1027.739354179724,0.0,1027.739354179724
1668470895.9424448,1241.7,0.5199999999999818,-0.02578037,-0.07341155,1.0,0.0,1027.739354179724,0.0,1027.739354179724
1668470955.558175,1242.13,0.4300000000000636,-0.05471661,-0.02893624,1.0,0.0,1027.739354179724,0.0,1027.739354179724
1668471015.7339947,1243.95,1.8199999999999363,0.15302515,0.20774176,0.0,1.0,0.0,0.8261902441253458,1027.739354179724
1668471075.7142408,1243.66,-0.2899999999999636,0.1605386,0.00751345,0.0,1.0,0.0,0.8261902441253458,1027.4997590089276
1668471135.4795268,1243.4,-0.2599999999999909,0.14595723,-0.01458137,1.0,0.0,1027.284949545455,0.0,1027.284949545455
1668471195.867017,1243.09,-0.3100000000001728,0.10405634,-0.0419008899999999,1.0,0.0,1027.284949545455,0.0,1027.284949545455
1668471255.6168785,1243.98,0.8900000000001,0.21585464,0.1117982999999999,0.0,1.0,0.0,0.8258050366930778,1027.284949545455
1668471315.2725947,1242.65,-1.3299999999999272,0.05734936,-0.1585052799999999,1.0,0.0,1026.186628846653,0.0,1026.186628846653
1668471375.425721,1242.06,-0.5900000000001455,-0.06715289,-0.12450225,1.0,0.0,1026.186628846653,0.0,1026.186628846653
1668471435.2112334,1241.06,-1.0,-0.26842899,-0.2012760999999999,1.0,0.0,1026.186628846653,0.0,1026.186628846653
1668471495.6046865,1240.8,-0.2599999999999909,-0.39794466,-0.12951567,1.0,0.0,1026.186628846653,0.0,1026.186628846653
1668471555.6300943,1240.02,-0.7799999999999727,-0.58951086,-0.1915661999999999,1.0,0.0,1026.186628846653,0.0,1026.186628846653
1668471615.5472014,1241.63,1.610000000000127,-0.45652795,0.1329829099999999,0.0,1.0,0.0,0.8264834361658892,1026.186628846653
1668471675.252695,1242.45,0.8199999999999363,-0.33121842,0.12530953,0.0,1.0,0.0,0.8264834361658892,1026.8643452643091
1668471739.6457958,1243.72,1.2699999999999818,-0.10098609,0.23023233,0.0,1.0,0.0,0.8264834361658892,1027.9139792282397
1668471795.8378396,1242.66,-1.0599999999999454,-0.14867239,-0.0476862999999999,1.0,0.0,1027.037906785904,0.0,1027.037906785904
1668471855.8865042,1242.59,-0.0700000000001637,-0.12736918,0.0213032099999999,0.0,1.0,0.0,0.826529995240509,1027.037906785904
1668471917.4175906,1244.58,1.990000000000009,0.17645009,0.30381927,0.0,1.0,0.0,0.826529995240509,1028.6827014764326
1668471977.1534357,1243.95,-0.6299999999998818,0.19903285,0.02258276,0.0,1.0,0.0,0.826529995240509,1028.161987579431
1668472037.373176,1244.92,0.9700000000000272,0.39094493,0.19191208,0.0,1.0,0.0,0.826529995240509,1028.9637216748145
1668472098.5675974,1246.01,1.089999999999918,0.62968378,0.23873885,0.0,1.0,0.0,0.826529995240509,1029.8646393696265
1668472158.216523,1246.7,0.6900000000000546,0.83896969,0.2092859099999999,0.0,1.0,0.0,0.826529995240509,1030.4349450663426
1668472218.3615563,1247.13,0.4300000000000636,1.01104043,0.17207074,0.0,1.0,0.0,0.826529995240509,1030.790352964296
1668472279.2556603,1251.27,4.139999999999873,1.69208189,0.6810414600000001,0.0,1.0,0.0,0.826529995240509,1034.2121871445916
1668472339.337654,1249.92,-1.349999999999909,1.75680022,0.0647183299999998,0.0,1.0,0.0,0.826529995240509,1033.096371651017
1668472399.094634,1245.47,-4.4500000000000455,1.24342119,-0.5133790299999998,1.0,0.0,1029.4183131721968,0.0,1029.4183131721968
1668472460.6668956,1246.09,0.6199999999998909,1.19341449,-0.0500066999999999,1.0,0.0,1029.4183131721968,0.0,1029.4183131721968
1668472520.033231,1247.47,1.3800000000001091,1.29572494,0.1023104499999998,0.0,1.0,0.0,0.8252048651848917,1029.4183131721968
1668472580.3764896,1248.07,0.599999999999909,1.35969389,0.06396895,0.0,1.0,0.0,0.8252048651848917,1029.9134360913076
1668472641.193532,1246.85,-1.2200000000000273,1.18497999,-0.1747138999999999,1.0,0.0,1028.9066861557822,0.0,1028.9066861557822
1668472701.264436,1246.09,-0.7599999999999909,1.00340573,-0.1815742599999998,1.0,0.0,1028.9066861557822,0.0,1028.9066861557822
1668472760.9273686,1244.54,-1.5499999999999543,0.67871552,-0.3246902100000001,1.0,0.0,1028.9066861557822,0.0,1028.9066861557822
1668472822.0797706,1244.88,0.3400000000001455,0.56029052,-0.118425,1.0,0.0,1028.9066861557822,0.0,1028.9066861557822
1668472881.686241,1245.52,0.6399999999998727,0.53035358,-0.02993694,1.0,0.0,1028.9066861557822,0.0,1028.9066861557822
1668472942.055449,1246.31,0.7899999999999636,0.57315648,0.0428028999999999,0.0,1.0,0.0,0.8255624091564556,1028.9066861557822
1668473002.4966965,1244.53,-1.7799999999999727,0.29915999,-0.27399649,1.0,0.0,1027.4371850674836,0.0,1027.4371850674836
1668473062.4866369,1244.56,0.0299999999999727,0.19657112,-0.10258887,1.0,0.0,1027.4371850674836,0.0,1027.4371850674836
1668473122.8352647,1244.66,0.1000000000001364,0.12560045,-0.0709706699999999,1.0,0.0,1027.4371850674836,0.0,1027.4371850674836
1668473183.029289,1243.95,-0.7100000000000364,-0.0368111,-0.16241155,1.0,0.0,1027.4371850674836,0.0,1027.4371850674836
1668473242.3785377,1243.43,-0.5199999999999818,-0.19278007,-0.1559689699999999,1.0,0.0,1027.4371850674836,0.0,1027.4371850674836
1668473302.3994486,1244.11,0.6799999999998363,-0.18477983,0.0080002399999999,0.0,1.0,0.0,0.825841111370766,1027.4371850674836
1668473362.9718757,1243.73,-0.3799999999998817,-0.27323938,-0.0884595499999999,1.0,0.0,1027.1233654451628,0.0,1027.1233654451628
1668473422.4666896,1243.19,-0.5399999999999636,-0.3913924,-0.11815302,1.0,0.0,1027.1233654451628,0.0,1027.1233654451628
1668473482.511777,1242.87,-0.3200000000001637,-0.49098838,-0.09959598,1.0,0.0,1027.1233654451628,0.0,1027.1233654451628
1668473542.6430192,1244.24,1.3700000000001182,-0.34914177,0.1418466099999999,0.0,1.0,0.0,0.8255026083755247,1027.1233654451628
1668473603.2156394,1243.47,-0.7699999999999818,-0.42666436,-0.07752259,1.0,0.0,1026.4877284367135,0.0,1026.4877284367135
1668473662.4510689,1242.47,-1.0,-0.57889292,-0.15222856,1.0,0.0,1026.4877284367135,0.0,1026.4877284367135
1668473722.472433,1241.62,-0.8500000000001364,-0.74921277,-0.1703198499999999,1.0,0.0,1026.4877284367135,0.0,1026.4877284367135
1668473782.3494678,1241.88,0.2600000000002183,-0.7829965,-0.03378373,1.0,0.0,1026.4877284367135,0.0,1026.4877284367135
1668473842.4857843,1241.68,-0.2000000000000454,-0.84568956,-0.0626930599999999,1.0,0.0,1026.4877284367135,0.0,1026.4877284367135
1668473902.4145489,1240.89,-0.7899999999999636,-0.98434703,-0.13865747,1.0,0.0,1026.4877284367135,0.0,1026.4877284367135
1668473962.4938164,1239.46,-1.4300000000000637,-1.23392202,-0.24957499,1.0,0.0,1026.4877284367135,0.0,1026.4877284367135
1668474022.4851942,1241.24,1.7799999999999727,-1.07440579,0.1595162300000001,0.0,1.0,0.0,0.8269856985246314,1026.4877284367135
1668474082.977608,1240.48,-0.7599999999999909,-1.15711023,-0.0827044400000001,1.0,0.0,1025.8592193058348,0.0,1025.8592193058348
1668474142.605372,1239.42,-1.0599999999999454,-1.31044034,-0.1533301099999999,1.0,0.0,1025.8592193058348,0.0,1025.8592193058348
1668474202.6106822,1237.75,-1.6700000000000728,-1.58484696,-0.2744066199999999,1.0,0.0,1025.8592193058348,0.0,1025.8592193058348
1668474262.695986,1240.1,2.349999999999909,-1.34521007,0.2396368899999998,0.0,1.0,0.0,0.8272391091894483,1025.8592193058348
1668474322.440018,1240.37,0.2699999999999818,-1.25146126,0.0937488100000001,0.0,1.0,0.0,0.8272391091894483,1026.082573865316
1668474382.450349,1239.69,-0.6799999999998363,-1.27613513,-0.0246738699999999,1.0,0.0,1025.5200512710671,0.0,1025.5200512710671
1668474442.3906765,1239.55,-0.1400000000001,-1.25822384,0.0179112899999998,0.0,1.0,0.0,0.8273325410601163,1025.5200512710671
1668474502.3217127,1238.59,-0.9600000000000364,-1.35681919,-0.0985953499999998,1.0,0.0,1024.7258120316494,0.0,1024.7258120316494
1668474562.5572674,1240.64,2.050000000000182,-1.07005223,0.28676696,0.0,1.0,0.0,0.8259654791330678,1024.7258120316494
1668474622.542087,1241.13,0.4900000000000091,-0.89079836,0.1792538699999999,0.0,1.0,0.0,0.8259654791330678,1025.1305351164249
1668474682.5494618,1242.55,1.4199999999998454,-0.57072077,0.32007759,0.0,1.0,0.0,0.8259654791330678,1026.3034060967934
1668474742.5770392,1241.91,-0.6399999999998727,-0.49266505,0.07805572,0.0,1.0,0.0,0.8259654791330678,1025.7747881901485
1668474802.6886363,1240.98,-0.9300000000000636,-0.51674741,-0.02408236,1.0,0.0,1025.0066402945545,0.0,1025.0066402945545
1668474862.6401715,1240.43,-0.5499999999999545,-0.54997633,-0.0332289199999999,1.0,0.0,1025.0066402945545,0.0,1025.0066402945545
1668474922.6748345,1240.43,0.0,-0.53475223,0.0152240999999999,0.0,1.0,0.0,0.8263317077904875,1025.0066402945545
1668474982.68814,1240.47,0.0399999999999636,-0.51108505,0.02366718,0.0,1.0,0.0,0.8263317077904875,1025.039693562866
1668475042.611799,1241.82,1.349999999999909,-0.29961959,0.21146546,0.0,1.0,0.0,0.8263317077904875,1026.155241368383
1668475102.54622,1242.73,0.910000000000082,-0.0850206,0.21459899,0.0,1.0,0.0,0.8263317077904875,1026.9072032224726
1668475162.538894,1243.44,0.7100000000000364,0.12694924,0.21196984,0.0,1.0,0.0,0.8263317077904875,1027.4938987350038
1668475222.7088192,1243.88,0.4400000000000545,0.30878472,0.18183548,0.0,1.0,0.0,0.8263317077904875,1027.8574846864317
1668475282.5181832,1244.85,0.9699999999998,0.55797633,0.24919161,0.0,1.0,0.0,0.8263317077904875,1028.6590264429883
1668475342.541795,1244.17,-0.6799999999998363,0.58948631,0.0315099799999999,0.0,1.0,0.0,0.8263317077904875,1028.097120881691
1668475402.517709,1244.54,0.3699999999998908,0.7035005,0.11401419,0.0,1.0,0.0,0.8263317077904875,1028.4028636135731
1668475462.9784987,1245.15,0.6100000000001273,0.84667616,0.14317566,0.0,1.0,0.0,0.8263317077904875,1028.9069259553255
1668475522.4690945,1246.16,1.009999999999991,1.05447851,0.20780235,0.0,1.0,0.0,0.8263317077904875,1029.741520980194
1668475582.5620973,1247.25,1.089999999999918,1.2968463,0.2423677899999998,0.0,1.0,0.0,0.8263317077904875,1030.6422225416854
1668475642.465384,1245.71,-1.5399999999999636,1.18550905,-0.1113372499999998,1.0,0.0,1029.3696717116882,0.0,1029.3696717116882
1668475702.5721903,1245.26,-0.4500000000000455,1.11740503,-0.06810402,1.0,0.0,1029.3696717116882,0.0,1029.3696717116882
1668475762.576918,1245.77,0.5099999999999909,1.15153286,0.03412783,0.0,1.0,0.0,0.8262919091900497,1029.3696717116882
1668475822.4950328,1245.39,-0.3799999999998817,1.07893992,-0.07259294,1.0,0.0,1029.055680786196,0.0,1029.055680786196
1668475882.5387616,1244.94,-0.4500000000000455,0.97053117,-0.10840875,1.0,0.0,1029.055680786196,0.0,1029.055680786196
1668475943.2654183,1244.4,-0.5399999999999636,0.82632439,-0.1442067799999999,1.0,0.0,1029.055680786196,0.0,1029.055680786196
1668476002.6820948,1245.9,1.5,0.94910263,0.1227782399999999,0.0,1.0,0.0,0.8259536726753318,1029.055680786196
1668476062.529779,1246.41,0.5099999999999909,1.01345104,0.0643484100000001,0.0,1.0,0.0,0.8259536726753318,1029.4769171592604
1668476122.4846945,1245.59,-0.8200000000001637,0.90514108,-0.10830996,1.0,0.0,1028.7996351476663,0.0,1028.7996351476663
1668476183.6942742,1244.59,-1.0,0.71984586,-0.1852952200000001,1.0,0.0,1028.7996351476663,0.0,1028.7996351476663
1668476242.4396634,1245.03,0.4400000000000545,0.69054217,-0.0293036899999999,1.0,0.0,1028.7996351476663,0.0,1028.7996351476663
1668476302.6304128,1244.93,-0.099999999999909,0.61869388,-0.0718482899999999,1.0,0.0,1028.7996351476663,0.0,1028.7996351476663
1668476362.5798917,1246.77,1.839999999999918,0.82108378,0.2023899,0.0,1.0,0.0,0.8251719524432464,1028.7996351476663
1668476423.5310102,1248.42,1.650000000000091,1.08915923,0.2680754499999999,0.0,1.0,0.0,0.8251719524432464,1030.1611688691976
1668476482.5154045,1246.8,-1.6200000000001182,0.95340549,-0.1357537399999999,1.0,0.0,1028.8243903062396,0.0,1028.8243903062396
1668476542.550718,1246.83,0.0299999999999727,0.94229575,-0.0111097399999999,1.0,0.0,1028.8243903062396,0.0,1028.8243903062396
1668476602.6276364,1247.02,0.1900000000000545,0.94783701,0.0055412599999999,0.0,1.0,0.0,0.8250263751232856,1028.8243903062396
1668476662.5360258,1248.73,1.7100000000000364,1.17123184,0.2233948299999999,0.0,1.0,0.0,0.8250263751232856,1030.2351854077003
1668476722.5569897,1252.67,3.940000000000055,1.78238709,0.6111552500000001,0.0,1.0,0.0,0.8250263751232856,1033.4857893256865
1668476782.495229,1250.43,-2.240000000000009,1.67800943,-0.1043776600000001,1.0,0.0,1031.63773024541,0.0,1031.63773024541
1668476842.4799964,1251.8,1.3699999999998909,1.91201582,0.23400639,0.0,1.0,0.0,0.8241234464334638,1031.63773024541
1668476903.674605,1255.53,3.730000000000018,2.51459759,0.6025817700000002,0.0,1.0,0.0,0.8241234464334638,1034.7117107006068
1668476962.7615876,1260.93,5.400000000000091,3.48889967,0.9743020799999996,0.0,1.0,0.0,0.8241234464334638,1039.1619773113475
1668477022.8806915,1259.35,-1.5800000000001546,3.65162313,0.16272346,0.0,1.0,0.0,0.8241234464334638,1037.8598622659829
1668477082.507378,1257.43,-1.9199999999998447,3.5635914,-0.0880317299999999,1.0,0.0,1036.2775452488304,0.0,1036.2775452488304
1668477142.6718128,1257.38,-0.0499999999999545,3.56756584,0.0039744399999999,0.0,1.0,0.0,0.8241562178886497,1036.2775452488304
1668477202.565311,1258.64,1.259999999999991,3.71188132,0.1443154799999999,0.0,1.0,0.0,0.8241562178886497,1037.31598208337
1668477262.661867,1257.35,-1.290000000000191,3.52153229,-0.1903490299999997,1.0,0.0,1036.2528205622937,0.0,1036.2528205622937
1668477322.6185338,1261.5,4.150000000000091,3.9995366,0.4780043099999997,0.0,1.0,0.0,0.8214449627921472,1036.2528205622937
1668477383.5064025,1260.83,-0.6700000000000728,3.97375188,-0.0257847199999998,1.0,0.0,1035.702452437223,0.0,1035.702452437223
1668477442.679393,1260.45,-0.3799999999998817,3.89642217,-0.0773297099999998,1.0,0.0,1035.702452437223,0.0,1035.702452437223
1668477502.6395135,1259.03,-1.4200000000000728,3.61506351,-0.28135866,1.0,0.0,1035.702452437223,0.0,1035.702452437223
1668477562.6077168,1258.21,-0.8199999999999363,3.32501966,-0.29004385,1.0,0.0,1035.702452437223,0.0,1035.702452437223
1668477625.8736014,1258.33,0.1199999999998908,3.12810753,-0.1969121300000003,1.0,0.0,1035.702452437223,0.0,1035.702452437223
1668477684.9478807,1256.36,-1.9700000000000275,2.65220875,-0.4758987800000001,1.0,0.0,1035.702452437223,0.0,1035.702452437223
1668477809.8433464,1259.19,2.8300000000001546,2.54196954,-0.1102392099999995,1.0,0.0,1035.702452437223,0.0,1035.702452437223
1668477821.3158405,1259.19,0.0,2.54196954,0.0,1.0,0.0,1035.702452437223,0.0,1035.702452437223
1668477866.629011,1260.39,1.2000000000000457,2.62218441,0.0802148699999998,0.0,1.0,0.0,0.8217317278280714,1035.702452437223
1668477927.2162826,1261.83,1.4399999999998272,2.78433597,0.1621515599999998,0.0,1.0,0.0,0.8217317278280714,1036.885746125295
1668477986.4430606,1260.82,-1.009999999999991,2.64625618,-0.1380797899999999,1.0,0.0,1036.0557970801888,0.0,1036.0557970801888
1668478046.4167008,1260.67,-0.1499999999998635,2.55107825,-0.0951779299999997,1.0,0.0,1036.0557970801888,0.0,1036.0557970801888
1668478106.6061025,1261.49,0.8199999999999363,2.57271961,0.0216413599999998,0.0,1.0,0.0,0.8212952913460977,1036.0557970801888
1668478166.651124,1260.59,-0.900000000000091,2.38125553,-0.1914640800000002,1.0,0.0,1035.3166313179772,0.0,1035.3166313179772
1668478226.5197184,1263.27,2.680000000000064,2.63921225,0.2579567200000001,0.0,1.0,0.0,0.8195529311374269,1035.3166313179772
1668478286.5347784,1261.7,-1.5699999999999363,2.42180086,-0.2174113900000001,1.0,0.0,1034.0299332160916,0.0,1034.0299332160916
1668478346.6526878,1261.2,-0.5,2.25130839,-0.1704924699999996,1.0,0.0,1034.0299332160916,0.0,1034.0299332160916
1668478407.315447,1262.36,1.1599999999998545,2.28669006,0.03538167,0.0,1.0,0.0,0.8191244440699101,1034.0299332160916
1668478466.6641614,1263.81,1.4500000000000457,2.42206869,0.1353786299999999,0.0,1.0,0.0,0.8191244440699101,1035.2176636599931
1668478526.6098528,1265.57,1.759999999999991,2.65808137,0.2360126799999999,0.0,1.0,0.0,0.8191244440699101,1036.6593226815562
1668478586.5744205,1263.82,-1.75,2.4547007,-0.20338067,1.0,0.0,1035.2258549044338,0.0,1035.2258549044338
1668478646.6292083,1262.92,-0.8999999999998636,2.24954003,-0.2051606700000001,1.0,0.0,1035.2258549044338,0.0,1035.2258549044338
1668478706.571987,1261.78,-1.1400000000001,1.95950304,-0.2900369899999999,1.0,0.0,1035.2258549044338,0.0,1035.2258549044338
1668478766.6106255,1260.16,-1.6199999999998909,1.55155275,-0.40795029,1.0,0.0,1035.2258549044338,0.0,1035.2258549044338
1668478826.6546898,1259.27,-0.8900000000001,1.18968863,-0.3618641199999999,1.0,0.0,1035.2258549044338,0.0,1035.2258549044338
1668478886.4517536,1258.95,-0.3199999999999363,0.90362361,-0.28606502,1.0,0.0,1035.2258549044338,0.0,1035.2258549044338
1668478946.652491,1259.41,0.4600000000000364,0.75360248,-0.15002113,1.0,0.0,1035.2258549044338,0.0,1035.2258549044338
1668479006.5728097,1258.02,-1.3900000000001,0.40161696,-0.3519855199999999,1.0,0.0,1035.2258549044338,0.0,1035.2258549044338
1668479066.819063,1258.98,0.9600000000000364,0.34509118,-0.05652578,1.0,0.0,1035.2258549044338,0.0,1035.2258549044338
1668479126.5821364,1260.37,1.389999999999873,0.43212538,0.0870342,0.0,1.0,0.0,0.8213666263910073,1035.2258549044338
1668479186.5175524,1260.04,-0.3299999999999272,0.36249115,-0.06963423,1.0,0.0,1034.9548039177248,0.0,1034.9548039177248
1668479246.5745473,1260.34,0.2999999999999545,0.36683704,0.00434589,0.0,1.0,0.0,0.8211711156653957,1034.9548039177248
1668479306.8317215,1260.01,-0.3299999999999272,0.30004609,-0.06679095,1.0,0.0,1034.6838174495551,0.0,1034.6838174495551
1668479366.727359,1260.26,0.25,0.30150402,0.0014579299999999,0.0,1.0,0.0,0.8210082185021782,1034.6838174495551
1668479426.5847702,1259.43,-0.8299999999999272,0.16562959,-0.13587443,1.0,0.0,1034.0023806281984,0.0,1034.0023806281984
1668479486.5291033,1260.3,0.8699999999998909,0.2315318,0.06590221,0.0,1.0,0.0,0.820441466815995,1034.0023806281984
1668479546.725557,1260.96,0.6600000000000819,0.32007572,0.08854392,0.0,1.0,0.0,0.820441466815995,1034.543871996297
1668479606.7872722,1260.95,-0.0099999999999909,0.34375276,0.0236770399999999,0.0,1.0,0.0,0.820441466815995,1034.5356675816288
1668479666.660704,1263.14,2.1900000000000546,0.6685855,0.32483274,0.0,1.0,0.0,0.820441466815995,1036.332434393956
1668479727.1908803,1261.58,-1.5600000000001728,0.5574405,-0.111145,1.0,0.0,1035.0525457057229,0.0,1035.0525457057229
1668479787.175118,1261.82,0.2400000000000091,0.5954347,0.0379941999999999,0.0,1.0,0.0,0.8202854176552304,1035.0525457057229
1668479847.1766932,1263.62,1.7999999999999543,0.85786926,0.26243456,0.0,1.0,0.0,0.8202854176552304,1036.5290594575022
1668479907.928991,1264.07,0.4500000000000455,1.00420222,0.14633296,0.0,1.0,0.0,0.8202854176552304,1036.898187895447
1668479967.9809222,1265.02,0.9500000000000456,1.21420123,0.2099990099999999,0.0,1.0,0.0,0.8202854176552304,1037.6774590422197
1668480028.1024504,1264.79,-0.2300000000000182,1.27238953,0.0581883,0.0,1.0,0.0,0.8202854176552304,1037.4887933961588
1668480088.7159455,1262.38,-2.4099999999998545,0.97779477,-0.29459476,1.0,0.0,1035.51190553961,0.0,1035.51190553961
1668480148.7812953,1261.98,-0.4000000000000909,0.82930683,-0.1484879399999999,1.0,0.0,1035.51190553961,0.0,1035.51190553961
1668480208.8070989,1261.94,-0.0399999999999636,0.72348962,-0.10581721,1.0,0.0,1035.51190553961,0.0,1035.51190553961
1668480269.7486944,1261.98,0.0399999999999636,0.63987808,-0.08361154,1.0,0.0,1035.51190553961,0.0,1035.51190553961
1668480329.6648853,1261.0,-0.9800000000000182,0.42666818,-0.2132099,1.0,0.0,1035.51190553961,0.0,1035.51190553961
1668480389.7111793,1261.05,0.0499999999999545,0.3230787,-0.10358948,1.0,0.0,1035.51190553961,0.0,1035.51190553961
1668480450.3701196,1259.25,-1.7999999999999543,-0.01872451,-0.34180321,1.0,0.0,1035.51190553961,0.0,1035.51190553961
1668480510.482764,1260.03,0.7799999999999727,-0.06355292,-0.04482841,1.0,0.0,1035.51190553961,0.0,1035.51190553961
1668480570.4412336,1259.97,-0.0599999999999454,-0.1564229,-0.09286998,1.0,0.0,1035.51190553961,0.0,1035.51190553961
1668480631.535498,1260.0,0.0299999999999727,-0.21816994,-0.06174704,1.0,0.0,1035.51190553961,0.0,1035.51190553961
1668480691.0420582,1259.63,-0.3699999999998908,-0.31948099,-0.10131105,1.0,0.0,1035.51190553961,0.0,1035.51190553961
1668480751.1196856,1259.66,0.0299999999999727,-0.36722425,-0.0477432599999999,1.0,0.0,1035.51190553961,0.0,1035.51190553961
1668480812.097696,1260.14,0.4800000000000182,-0.33385013,0.0333741199999999,0.0,1.0,0.0,0.8217435408284873,1035.51190553961
1668480872.5021548,1260.0,-0.1400000000001,-0.35369736,-0.0198472299999999,1.0,0.0,1035.396861443894,0.0,1035.396861443894
1668480933.7372022,1259.17,-0.8299999999999272,-0.47503827,-0.1213409099999999,1.0,0.0,1035.396861443894,0.0,1035.396861443894
1668480993.160795,1259.42,0.25,-0.47746811,-0.00242984,1.0,0.0,1035.396861443894,0.0,1035.396861443894
1668481053.002523,1259.07,-0.3500000000001364,-0.53902325,-0.0615551399999999,1.0,0.0,1035.396861443894,0.0,1035.396861443894
1668481113.2632933,1258.92,-0.1499999999998635,-0.58042795,-0.0414047,1.0,0.0,1035.396861443894,0.0,1035.396861443894
1668481173.7632165,1258.1,-0.8200000000001637,-0.71155439,-0.1311264399999999,1.0,0.0,1035.396861443894,0.0,1035.396861443894
1668481233.9888954,1259.35,1.25,-0.5794681,0.1320862899999999,0.0,1.0,0.0,0.8221676749465153,1035.396861443894
1668481293.8560836,1260.02,0.6700000000000728,-0.45154867,0.12791943,0.0,1.0,0.0,0.8221676749465153,1035.947713786108
1668481354.609726,1261.29,1.2699999999999818,-0.20915033,0.24239834,0.0,1.0,0.0,0.8221676749465153,1036.9918667332902
1668481414.6161242,1263.0,1.7100000000000364,0.14611778,0.35526811,0.0,1.0,0.0,0.8221676749465153,1038.397773457449
1668481474.548251,1262.51,-0.4900000000000091,0.24602984,0.09991206,0.0,1.0,0.0,0.8221676749465153,1037.9949112967251
1668481535.4386926,1263.24,0.7300000000000182,0.45532412,0.20929428,0.0,1.0,0.0,0.8221676749465153,1038.595093699436
1668481595.5525444,1262.74,-0.5,0.49719047,0.04186635,0.0,1.0,0.0,0.8221676749465153,1038.1840098619627
1668481655.5239415,1263.37,0.6299999999998818,0.64525886,0.14806839,0.0,1.0,0.0,0.8221676749465153,1038.7019754971789
1668481716.279502,1263.73,0.3600000000001273,0.7660452,0.1207863399999999,0.0,1.0,0.0,0.8221676749465153,1038.99795586016
1668481776.3313756,1264.78,1.0499999999999543,0.97787022,0.21182502,0.0,1.0,0.0,0.8221676749465153,1039.8612319188535
1668481836.24494,1264.23,-0.5499999999999545,0.98868734,0.01081712,0.0,1.0,0.0,0.8221676749465153,1039.409039697633
1668481896.9299858,1262.18,-2.0499999999999545,0.72986091,-0.25882643,1.0,0.0,1037.7235959639927,0.0,1037.7235959639927
1668481956.9925716,1261.56,-0.6200000000001182,0.55924748,-0.1706134299999999,1.0,0.0,1037.7235959639927,0.0,1037.7235959639927
1668482016.9567242,1261.54,-0.0199999999999818,0.45513433,-0.10411315,1.0,0.0,1037.7235959639927,0.0,1037.7235959639927
1668482078.017547,1262.09,0.5499999999999545,0.44800183,-0.0071324999999999,1.0,0.0,1037.7235959639927,0.0,1037.7235959639927
1668482137.8967342,1261.55,-0.5399999999999636,0.32659779,-0.1214040399999999,1.0,0.0,1037.7235959639927,0.0,1037.7235959639927
1668482197.9325843,1261.47,-0.0799999999999272,0.25019948,-0.07639831,1.0,0.0,1037.7235959639927,0.0,1037.7235959639927
1668482258.6881156,1261.85,0.3799999999998817,0.24559378,-0.0046056999999999,1.0,0.0,1037.7235959639927,0.0,1037.7235959639927
1668482318.764904,1261.17,-0.6799999999998363,0.11931932,-0.12627446,1.0,0.0,1037.7235959639927,0.0,1037.7235959639927
1668482379.181084,1261.66,0.4900000000000091,0.13141885,0.0120995299999999,0.0,1.0,0.0,0.8225065358052032,1037.7235959639927
1668482439.560507,1261.85,0.1899999999998272,0.13563501,0.0042161599999999,0.0,1.0,0.0,0.8225065358052032,1037.8798722057954
1668482499.6657755,1260.97,-0.8799999999998818,0.00173458,-0.13390043,1.0,0.0,1037.1560664542872,0.0,1037.1560664542872
1668482559.5523958,1259.58,-1.3900000000001,-0.24531223,-0.24704681,1.0,0.0,1037.1560664542872,0.0,1037.1560664542872
1668482620.5875473,1258.86,-0.7200000000000273,-0.44851493,-0.2032026999999999,1.0,0.0,1037.1560664542872,0.0,1037.1560664542872
1668482680.2647252,1258.4,-0.459999999999809,-0.62451922,-0.17600429,1.0,0.0,1037.1560664542872,0.0,1037.1560664542872
1668482740.336676,1259.67,1.2699999999999818,-0.54702626,0.07749296,0.0,1.0,0.0,0.823355375974888,1037.1560664542872
1668482801.391024,1259.13,-0.5399999999999636,-0.63579767,-0.08877141,1.0,0.0,1036.7114545512609,0.0,1036.7114545512609
1668482861.5835145,1259.04,-0.0900000000001455,-0.67831617,-0.0425185,1.0,0.0,1036.7114545512609,0.0,1036.7114545512609
1668482921.5021763,1258.96,-0.0799999999999272,-0.68555297,-0.0072368,1.0,0.0,1036.7114545512609,0.0,1036.7114545512609
1668482982.1290815,1258.76,-0.2000000000000454,-0.75322106,-0.0676680899999999,1.0,0.0,1036.7114545512609,0.0,1036.7114545512609
1668483042.0274746,1259.17,0.4100000000000818,-0.69791128,0.0553097799999999,0.0,1.0,0.0,0.8233292204795706,1036.7114545512609
1668483101.97488,1259.64,0.4700000000000273,-0.66194661,0.03596467,0.0,1.0,0.0,0.8233292204795706,1037.0984192848864
1668483162.90087,1259.63,-0.0099999999999909,-0.62055519,0.0413914199999999,0.0,1.0,0.0,0.8233292204795706,1037.0901859926817
1668483222.9998832,1259.96,0.3299999999999272,-0.50277526,0.11777993,0.0,1.0,0.0,0.8233292204795706,1037.3618846354398
1668483283.1090434,1260.39,0.4300000000000636,-0.38948848,0.1132867799999999,0.0,1.0,0.0,0.8233292204795706,1037.715916200246
1668483343.392277,1260.39,0.0,-0.32181721,0.06767127,0.0,1.0,0.0,0.8233292204795706,1037.715916200246
1668483402.815493,1259.25,-1.1400000000001,-0.30977834,0.01203887,0.0,1.0,0.0,0.8233292204795706,1036.777320888899
1668483462.8651762,1259.02,-0.2300000000000182,-0.35393139,-0.04415305,1.0,0.0,1036.587955168189,0.0,1036.587955168189
1668483524.17116,1258.6,-0.4200000000000727,-0.4364904,-0.0825590099999999,1.0,0.0,1036.587955168189,0.0,1036.587955168189
1668483582.696682,1258.69,0.0900000000001455,-0.47583113,-0.0393407299999999,1.0,0.0,1036.587955168189,0.0,1036.587955168189
1668483642.6749282,1258.36,-0.3300000000001546,-0.52318087,-0.04734974,1.0,0.0,1036.587955168189,0.0,1036.587955168189
1668483702.800847,1258.02,-0.3399999999999181,-0.56296146,-0.03978059,1.0,0.0,1036.587955168189,0.0,1036.587955168189
1668483762.9326146,1258.26,0.2400000000000091,-0.58670172,-0.0237402599999999,1.0,0.0,1036.587955168189,0.0,1036.587955168189
1668483822.935227,1257.92,-0.3399999999999181,-0.61712452,-0.0304227999999999,1.0,0.0,1036.587955168189,0.0,1036.587955168189
1668483882.8137932,1258.01,0.0899999999999181,-0.62750007,-0.01037555,1.0,0.0,1036.587955168189,0.0,1036.587955168189
1668483942.7708402,1258.19,0.1800000000000636,-0.66475049,-0.03725042,1.0,0.0,1036.587955168189,0.0,1036.587955168189
1668484002.708023,1258.83,0.6399999999998727,-0.51212257,0.1526279199999999,0.0,1.0,0.0,0.8234534886904419,1036.587955168189
1668484063.5091956,1257.97,-0.8599999999999,-0.59076812,-0.0786455499999999,1.0,0.0,1035.879785167915,0.0,1035.879785167915
1668484122.7370343,1257.07,-0.900000000000091,-0.70249077,-0.11172265,1.0,0.0,1035.879785167915,0.0,1035.879785167915
1668484182.6966782,1257.0,-0.0699999999999363,-0.75191287,-0.0494220999999999,1.0,0.0,1035.879785167915,0.0,1035.879785167915
1668484242.8674564,1255.87,-1.1300000000001091,-0.95775457,-0.2058417,1.0,0.0,1035.879785167915,0.0,1035.879785167915
1668484302.8512557,1255.84,-0.0299999999999727,-0.99092428,-0.03316971,1.0,0.0,1035.879785167915,0.0,1035.879785167915
1668484362.8406892,1255.87,0.0299999999999727,-1.03012826,-0.0392039799999999,1.0,0.0,1035.879785167915,0.0,1035.879785167915
1668484422.6943376,1254.88,-0.9899999999997816,-1.21864381,-0.1885155500000002,1.0,0.0,1035.879785167915,0.0,1035.879785167915
1668484482.9634027,1255.07,0.1899999999998272,-1.26084742,-0.0422036099999998,1.0,0.0,1035.879785167915,0.0,1035.879785167915
1668484543.2410846,1255.8,0.7300000000000182,-1.21495164,0.0458957799999999,0.0,1.0,0.0,0.8248764016307654,1035.879785167915
1668484602.839433,1256.9,1.1000000000001364,-1.04711012,0.16784152,0.0,1.0,0.0,0.8248764016307654,1036.787149209709
1668484662.7088382,1256.62,-0.2800000000002001,-0.96638379,0.0807263299999999,0.0,1.0,0.0,0.8248764016307654,1036.5561838172523
1668484722.9682045,1257.29,0.6700000000000728,-0.79407681,0.17230698,0.0,1.0,0.0,0.8248764016307654,1037.108851006345
1668484782.9126177,1257.04,-0.25,-0.69685605,0.09722076,0.0,1.0,0.0,0.8248764016307654,1036.9026319059374
1668484842.6947432,1256.75,-0.2899999999999636,-0.66729867,0.0295573799999999,0.0,1.0,0.0,0.8248764016307654,1036.6634177494643
1668484902.698015,1256.49,-0.2599999999999909,-0.6389616,0.0283370699999999,0.0,1.0,0.0,0.8248764016307654,1036.4489498850403
1668484962.8125734,1256.04,-0.4500000000000455,-0.64025789,-0.0012962899999999,1.0,0.0,1036.0777555043064,0.0,1036.0777555043064
1668485022.8925006,1256.04,0.0,-0.64740881,-0.0071509199999999,1.0,0.0,1036.0777555043064,0.0,1036.0777555043064
1668485082.9616609,1255.72,-0.3199999999999363,-0.67269011,-0.0252813,1.0,0.0,1036.0777555043064,0.0,1036.0777555043064
1668485142.9084766,1255.44,-0.2799999999999727,-0.70928576,-0.0365956499999999,1.0,0.0,1036.0777555043064,0.0,1036.0777555043064
1668485202.902005,1256.75,1.3099999999999454,-0.55785775,0.1514280099999999,0.0,1.0,0.0,0.8244103883065895,1036.0777555043064
1668485262.903956,1256.26,-0.4900000000000091,-0.49596198,0.06189577,0.0,1.0,0.0,0.8244103883065895,1035.673794414036
1668485322.9033608,1257.49,1.2300000000000182,-0.32548301,0.17047897,0.0,1.0,0.0,0.8244103883065895,1036.6878191916533
1668485382.7693353,1258.46,0.9700000000000272,-0.09042435,0.23505866,0.0,1.0,0.0,0.8244103883065895,1037.4874972683108
1668485442.7659266,1259.74,1.2799999999999727,0.09563933,0.18606368,0.0,1.0,0.0,0.8244103883065895,1038.5427425653431
1668485502.8855138,1258.67,-1.0699999999999363,0.16977184,0.07413251,0.0,1.0,0.0,0.8244103883065895,1037.6606234498552
1668485562.9670925,1257.44,-1.2300000000000182,0.12822576,-0.04154608,1.0,0.0,1036.646598672238,0.0,1036.646598672238
1668485622.79342,1258.13,0.6900000000000546,0.18171117,0.05348541,0.0,1.0,0.0,0.823958254450842,1036.646598672238
1668485682.9040308,1258.21,0.0799999999999272,0.22972893,0.0480177599999999,0.0,1.0,0.0,0.823958254450842,1036.712515332594
1668485743.1312914,1258.83,0.6199999999998909,0.35723094,0.12750201,0.0,1.0,0.0,0.823958254450842,1037.2233694503534
1668485802.9977596,1257.9,-0.9299999999998364,0.33196474,-0.0252662,1.0,0.0,1036.4570882737144,0.0,1036.4570882737144
1668485862.8787534,1257.58,-0.3200000000001637,0.29145453,-0.0405102099999999,1.0,0.0,1036.4570882737144,0.0,1036.4570882737144
1668485923.7414932,1257.34,-0.2400000000000091,0.1915176,-0.0999369299999999,1.0,0.0,1036.4570882737144,0.0,1036.4570882737144
1668485982.719073,1256.42,-0.9199999999998454,0.08127805,-0.11023955,1.0,0.0,1036.4570882737144,0.0,1036.4570882737144
1668486042.756939,1256.66,0.2400000000000091,0.05242676,-0.02885129,1.0,0.0,1036.4570882737144,0.0,1036.4570882737144
1668486102.8761442,1255.23,-1.4300000000000637,-0.15021898,-0.20264574,1.0,0.0,1036.4570882737144,0.0,1036.4570882737144
1668486162.775664,1255.18,-0.0499999999999545,-0.2407961,-0.09057712,1.0,0.0,1036.4570882737144,0.0,1036.4570882737144
1668486222.7860494,1255.03,-0.1500000000000909,-0.36549378,-0.1246976799999999,1.0,0.0,1036.4570882737144,0.0,1036.4570882737144
1668486282.9321616,1253.73,-1.2999999999999543,-0.5936615,-0.2281677199999999,1.0,0.0,1036.4570882737144,0.0,1036.4570882737144
1668486343.0248346,1253.27,-0.4600000000000364,-0.79957336,-0.20591186,1.0,0.0,1036.4570882737144,0.0,1036.4570882737144
1668486403.2862308,1254.66,1.3900000000001,-0.73653558,0.06303778,0.0,1.0,0.0,0.8260860219292193,1036.4570882737144
1668486462.9800382,1255.53,0.8699999999998909,-0.66603763,0.0704979499999999,0.0,1.0,0.0,0.8260860219292193,1037.1757831127927
1668486522.9673698,1254.81,-0.7200000000000273,-0.69557691,-0.0295392799999999,1.0,0.0,1036.5810011770036,0.0,1036.5810011770036
1668486582.8032966,1252.84,-1.9700000000000275,-0.84138781,-0.1458108999999999,1.0,0.0,1036.5810011770036,0.0,1036.5810011770036
1668486643.0547504,1255.01,2.1700000000000728,-0.7104292,0.1309586099999999,0.0,1.0,0.0,0.8259543758033829,1036.5810011770036
1668486703.162487,1254.3,-0.7100000000000364,-0.76724479,-0.05681559,1.0,0.0,1035.994573570183,0.0,1035.994573570183
1668486763.1096146,1255.38,1.0800000000001546,-0.65058659,0.1166582,0.0,1.0,0.0,0.8252438095000582,1035.994573570183
1668486822.9942126,1255.16,-0.2200000000000272,-0.61118906,0.03939753,0.0,1.0,0.0,0.8252438095000582,1035.813019932093
1668486882.857468,1255.13,-0.0299999999999727,-0.57758871,0.0336003499999999,0.0,1.0,0.0,0.8252438095000582,1035.7882626178082
1668486943.0270102,1255.09,-0.0400000000001909,-0.5385974,0.03899131,0.0,1.0,0.0,0.8252438095000582,1035.755252865428
1668487002.8604617,1254.74,-0.349999999999909,-0.56072622,-0.02212882,1.0,0.0,1035.466417532103,0.0,1035.466417532103
1668487063.2210038,1255.1,0.3599999999998999,-0.53213071,0.02859551,0.0,1.0,0.0,0.8250071050371309,1035.466417532103
1668487123.1393597,1254.34,-0.7599999999999909,-0.5881097,-0.0559789899999999,1.0,0.0,1034.839412132275,0.0,1034.839412132275
1668487183.2836463,1252.98,-1.3599999999999,-0.71534004,-0.12723034,1.0,0.0,1034.839412132275,0.0,1034.839412132275
1668487243.7471738,1253.31,0.3299999999999272,-0.73960455,-0.02426451,1.0,0.0,1034.839412132275,0.0,1034.839412132275
1668487303.224151,1254.94,1.6300000000001091,-0.56257228,0.17703227,0.0,1.0,0.0,0.824612660471636,1034.839412132275
1668487362.8306203,1254.83,-0.1100000000001273,-0.53148704,0.03108524,0.0,1.0,0.0,0.824612660471636,1034.7487047396228
1668487423.2809536,1255.23,0.4000000000000909,-0.45709195,0.07439509,0.0,1.0,0.0,0.824612660471636,1035.0785498038117
1668487483.0409236,1254.56,-0.6700000000000728,-0.4813341,-0.0242421499999999,1.0,0.0,1034.5260593212956,0.0,1034.5260593212956
1668487543.2568676,1254.39,-0.1699999999998453,-0.45842178,0.0229123199999999,0.0,1.0,0.0,0.824724415310466,1034.5260593212956
1668487603.3860283,1255.24,0.849999999999909,-0.35390838,0.1045133999999999,0.0,1.0,0.0,0.824724415310466,1035.2270750743094
1668487664.1482422,1255.99,0.75,-0.22131463,0.13259375,0.0,1.0,0.0,0.824724415310466,1035.8456183857922
1668487722.9210055,1256.09,0.099999999999909,-0.10634269,0.11497194,0.0,1.0,0.0,0.824724415310466,1035.928090827323
1668487783.3312583,1255.88,-0.209999999999809,-0.01890759,0.0874351,0.0,1.0,0.0,0.824724415310466,1035.7548987001082
1668487843.0035543,1255.85,-0.0300000000002,0.00469335,0.0236009399999999,0.0,1.0,0.0,0.824724415310466,1035.7301569676488
1668487903.016007,1256.38,0.5300000000002001,0.08182333,0.07712998,0.0,1.0,0.0,0.824724415310466,1036.1672609077634
1668487963.0013332,1257.34,0.959999999999809,0.22484012,0.14301679,0.0,1.0,0.0,0.824724415310466,1036.9589963464614
1668488023.1605868,1257.54,0.2000000000000454,0.3669755,0.14213538,0.0,1.0,0.0,0.824724415310466,1037.123941229523
1668488083.5394433,1256.8,-0.7400000000000091,0.35704492,-0.00993058,1.0,0.0,1036.5136451621936,0.0,1036.5136451621936
1668488143.3745334,1256.9,0.1000000000001364,0.38032948,0.02328456,0.0,1.0,0.0,0.8246587995562046,1036.5136451621936
1668488203.467008,1257.0,0.099999999999909,0.409888,0.0295585199999999,0.0,1.0,0.0,0.8246587995562046,1036.5961110421492
1668488263.0885613,1257.43,0.4300000000000636,0.4770158,0.0671278,0.0,1.0,0.0,0.8246587995562046,1036.9507143259584
1668488323.2168803,1257.5,0.0699999999999363,0.53895898,0.0619431799999999,0.0,1.0,0.0,0.8246587995562046,1037.0084404419272
1668488383.06962,1258.47,0.9700000000000272,0.66348141,0.12452243,0.0,1.0,0.0,0.8246587995562046,1037.8083594774969
1668488443.0037625,1257.93,-0.5399999999999636,0.67320404,0.0097226299999999,0.0,1.0,0.0,0.8246587995562046,1037.3630437257366
1668488502.9479432,1258.82,0.8899999999998727,0.81527578,0.14207174,0.0,1.0,0.0,0.8246587995562046,1038.0969900573414
1668488563.0122752,1258.97,0.1500000000000909,0.87308364,0.05780786,0.0,1.0,0.0,0.8246587995562046,1038.2206888772748
1668488623.103294,1260.0,1.0299999999999727,1.01714687,0.1440632299999998,0.0,1.0,0.0,0.8246587995562046,1039.0700874408178
1668488683.0215547,1260.0,0.0,1.07745766,0.0603107900000001,0.0,1.0,0.0,0.8246587995562046,1039.0700874408178
1668488743.1281936,1262.47,2.470000000000028,1.38242652,0.30496886,0.0,1.0,0.0,0.8246587995562046,1041.1069946757216
1668488803.2174854,1259.5,-2.970000000000028,1.26811765,-0.1143088700000001,1.0,0.0,1038.6577580410396,0.0,1038.6577580410396
1668488863.0208778,1258.27,-1.2300000000000182,1.09746529,-0.17065236,1.0,0.0,1038.6577580410396,0.0,1038.6577580410396
1668488923.104198,1261.3,3.0299999999999727,1.25416775,0.15670246,0.0,1.0,0.0,0.8234819297875523,1038.6577580410396
1668488983.0968478,1261.78,0.4800000000000182,1.35715241,0.1029846600000001,0.0,1.0,0.0,0.8234819297875523,1039.0530293673378
1668489043.0948722,1260.09,-1.6900000000000546,1.28074615,-0.0764062600000001,1.0,0.0,1037.6613449059969,0.0,1037.6613449059969
1668489103.0950592,1259.82,-0.2699999999999818,1.14231609,-0.1384300599999999,1.0,0.0,1037.6613449059969,0.0,1037.6613449059969
1668489162.9725063,1260.05,0.2300000000000182,1.09839102,-0.04392507,1.0,0.0,1037.6613449059969,0.0,1037.6613449059969
1668489223.09351,1260.26,0.2100000000000363,1.05387312,-0.0445179,1.0,0.0,1037.6613449059969,0.0,1037.6613449059969
1668489283.0834506,1260.05,-0.2100000000000363,0.97548701,-0.0783861099999999,1.0,0.0,1037.6613449059969,0.0,1037.6613449059969
1668489342.9574652,1259.19,-0.8599999999999,0.83029596,-0.14519105,1.0,0.0,1037.6613449059969,0.0,1037.6613449059969
1668489403.1207204,1259.5,0.3099999999999454,0.71488243,-0.1154135300000001,1.0,0.0,1037.6613449059969,0.0,1037.6613449059969
1668489463.0605574,1260.71,1.2100000000000364,0.77438336,0.05950093,0.0,1.0,0.0,0.8230769525949638,1037.6613449059969
1668489523.1473982,1261.38,0.6700000000000728,0.89116401,0.11678065,0.0,1.0,0.0,0.8230769525949638,1038.2128064642357
1668489583.035209,1261.78,0.3999999999998636,0.9655168,0.0743527899999999,0.0,1.0,0.0,0.8230769525949638,1038.5420372452734
1668489643.0140247,1260.92,-0.8599999999999,0.93416346,-0.03135334,1.0,0.0,1037.8341910660415,0.0,1037.8341910660415
1668489703.0529668,1261.44,0.5199999999999818,0.95644813,0.02228467,0.0,1.0,0.0,0.8227376578085691,1037.8341910660415
1668489763.2841842,1261.38,-0.0599999999999454,0.9505944,-0.00585373,1.0,0.0,1037.784826806573,0.0,1037.784826806573
1668489823.424682,1261.23,-0.1500000000000909,0.87565746,-0.0749369399999999,1.0,0.0,1037.784826806573,0.0,1037.784826806573
1668489883.279869,1260.72,-0.5099999999999909,0.78348556,-0.0921718999999999,1.0,0.0,1037.784826806573,0.0,1037.784826806573
1668489943.03328,1259.85,-0.8700000000001182,0.65482469,-0.12866087,1.0,0.0,1037.784826806573,0.0,1037.784826806573
1668490003.231489,1259.87,0.0199999999999818,0.54939597,-0.10542872,1.0,0.0,1037.784826806573,0.0,1037.784826806573
1668490063.3451684,1259.92,0.0500000000001819,0.48237493,-0.0670210399999999,1.0,0.0,1037.784826806573,0.0,1037.784826806573
1668490123.3008535,1258.23,-1.6900000000000546,0.23569723,-0.2466776999999999,1.0,0.0,1037.784826806573,0.0,1037.784826806573
1668490183.8694632,1256.82,-1.410000000000082,-0.05127451,-0.28697174,1.0,0.0,1037.784826806573,0.0,1037.784826806573
1668490243.155058,1257.49,0.6700000000000728,-0.21878969,-0.16751518,1.0,0.0,1037.784826806573,0.0,1037.784826806573
1668490303.164103,1256.05,-1.4400000000000546,-0.4930438,-0.27425411,1.0,0.0,1037.784826806573,0.0,1037.784826806573
1668490363.4094408,1255.97,-0.0799999999999272,-0.75979607,-0.26675227,1.0,0.0,1037.784826806573,0.0,1037.784826806573
1668490423.8018565,1254.83,-1.1400000000001,-0.92342938,-0.1636333099999999,1.0,0.0,1037.784826806573,0.0,1037.784826806573
1668490483.4043903,1253.12,-1.7100000000000364,-1.30426112,-0.3808317400000001,1.0,0.0,1037.784826806573,0.0,1037.784826806573
1668490543.8775673,1253.61,0.4900000000000091,-1.45737807,-0.15311695,1.0,0.0,1037.784826806573,0.0,1037.784826806573
1668490603.7278495,1254.41,0.8000000000001819,-1.42233659,0.03504148,0.0,1.0,0.0,0.8273091148879337,1037.784826806573
1668490663.0911913,1255.0,0.5899999999999181,-1.39178018,0.0305564099999999,0.0,1.0,0.0,0.8273091148879337,1038.2729391843568
1668490723.0496256,1255.66,0.6600000000000819,-1.25084597,0.1409342099999999,0.0,1.0,0.0,0.8273091148879337,1038.818963200183
1668490783.1706624,1256.22,0.5599999999999454,-1.0959412,0.1549047700000001,0.0,1.0,0.0,0.8273091148879337,1039.2822563045202
1668490843.0504272,1255.78,-0.4400000000000545,-1.12413866,-0.0281974600000001,1.0,0.0,1038.9182402939691,0.0,1038.9182402939691
1668490903.3522444,1252.3,-3.480000000000018,-1.44804016,-0.3239014999999998,1.0,0.0,1038.9182402939691,0.0,1038.9182402939691
1668490963.1421282,1249.15,-3.149999999999864,-1.97180721,-0.52376705,1.0,0.0,1038.9182402939691,0.0,1038.9182402939691
1668491023.1091874,1250.11,0.959999999999809,-2.0726567,-0.1008494900000001,1.0,0.0,1038.9182402939691,0.0,1038.9182402939691
1668491083.1360707,1249.07,-1.0399999999999636,-2.30418928,-0.2315325800000001,1.0,0.0,1038.9182402939691,0.0,1038.9182402939691
1668491143.234898,1249.2,0.1300000000001091,-2.39788366,-0.09369438,1.0,0.0,1038.9182402939691,0.0,1038.9182402939691
1668491203.1554072,1250.75,1.5499999999999543,-2.26690698,0.1309766800000003,0.0,1.0,0.0,0.8306362105088699,1038.9182402939691
1668491263.0516963,1250.38,-0.3699999999998908,-2.24592353,0.0209834500000001,0.0,1.0,0.0,0.8306362105088699,1038.610904896081
1668491323.2874622,1251.54,1.1599999999998545,-2.09085576,0.1550677699999996,0.0,1.0,0.0,0.8306362105088699,1039.5744429002712
1668491383.113639,1253.3,1.759999999999991,-1.73197233,0.3588834300000001,0.0,1.0,0.0,0.8306362105088699,1041.0363626307667
1668491443.1374469,1252.89,-0.4099999999998545,-1.56475037,0.16722196,0.0,1.0,0.0,0.8306362105088699,1040.695801784458
1668491503.155397,1250.99,-1.900000000000091,-1.53271679,0.03203358,0.0,1.0,0.0,0.8306362105088699,1039.1175929844912
1668491563.1468024,1251.14,0.1500000000000909,-1.48582289,0.0468939000000001,0.0,1.0,0.0,0.8306362105088699,1039.2421884160676
1668491623.124581,1251.14,0.0,-1.46061815,0.0252047399999999,0.0,1.0,0.0,0.8306362105088699,1039.2421884160676
1668491682.9795876,1251.95,0.8099999999999454,-1.34701034,0.1136078099999999,0.0,1.0,0.0,0.8306362105088699,1039.9150037465795
1668491743.1912885,1252.0,0.0499999999999545,-1.24040994,0.1066004,0.0,1.0,0.0,0.8306362105088699,1039.956535557105
1668491803.2242663,1252.11,0.1099999999998999,-1.12461462,0.1157953199999999,0.0,1.0,0.0,0.8306362105088699,1040.0479055402611
1668491863.1191332,1251.76,-0.349999999999909,-1.06009126,0.0645233599999999,0.0,1.0,0.0,0.8306362105088699,1039.757182866583
1668491923.3093092,1250.01,-1.75,-1.17262699,-0.1125357299999998,1.0,0.0,1038.3035694981925,0.0,1038.3035694981925
1668491983.2113676,1248.06,-1.9500000000000453,-1.37705441,-0.20442742,1.0,0.0,1038.3035694981925,0.0,1038.3035694981925
1668492043.17635,1249.5,1.4400000000000546,-1.36507897,0.01197544,0.0,1.0,0.0,0.8309752456968327,1038.3035694981925
1668492103.5843403,1250.03,0.5299999999999727,-1.23595452,0.1291244499999999,0.0,1.0,0.0,0.8309752456968327,1038.7439863784118
1668492163.1094098,1249.33,-0.7000000000000455,-1.23442549,0.0015290299999999,0.0,1.0,0.0,0.8309752456968327,1038.162303706424
1668492223.1572793,1250.7,1.3700000000001182,-1.05420681,0.18021868,0.0,1.0,0.0,0.8309752456968327,1039.3007397930287
1668492283.0847445,1249.88,-0.8199999999999363,-1.09880584,-0.04459903,1.0,0.0,1038.6193400915572,0.0,1038.6193400915572
1668492343.015878,1251.58,1.699999999999818,-0.8961961,0.2026097399999999,0.0,1.0,0.0,0.8298465460390525,1038.6193400915572
1668492403.1751945,1252.57,0.9900000000000092,-0.65008248,0.24611362,0.0,1.0,0.0,0.8298465460390525,1039.4408881721358
1668492463.1455054,1252.03,-0.5399999999999636,-0.58833985,0.06174263,0.0,1.0,0.0,0.8298465460390525,1038.992771037275
1668492523.1185224,1252.07,0.0399999999999636,-0.45902097,0.12931888,0.0,1.0,0.0,0.8298465460390525,1039.0259648991164
1668492583.221565,1252.25,0.1800000000000636,-0.34077639,0.1182445799999999,0.0,1.0,0.0,0.8298465460390525,1039.1753372774035
1668492643.0533357,1252.19,-0.0599999999999454,-0.24796928,0.09280711,0.0,1.0,0.0,0.8298465460390525,1039.1255464846413
1668492703.0980103,1251.92,-0.2699999999999818,-0.23233763,0.0156316499999999,0.0,1.0,0.0,0.8298465460390525,1038.9014879172107
1668492763.2311723,1252.35,0.4299999999998363,-0.12855952,0.1037781099999999,0.0,1.0,0.0,0.8298465460390525,1039.2583219320072
1668492823.269151,1250.98,-1.3699999999998909,-0.29283936,-0.1642798399999999,1.0,0.0,1038.1214321639338,0.0,1038.1214321639338
1668492883.239836,1250.98,0.0,-0.3328394,-0.04000004,1.0,0.0,1038.1214321639338,0.0,1038.1214321639338
1668492943.235601,1251.21,0.2300000000000182,-0.33673788,-0.0038984799999999,1.0,0.0,1038.1214321639338,0.0,1038.1214321639338
1668493003.1837027,1250.77,-0.4400000000000545,-0.34673424,-0.00999636,1.0,0.0,1038.1214321639338,0.0,1038.1214321639338
1668493063.3116417,1251.34,0.5699999999999363,-0.31074235,0.03599189,0.0,1.0,0.0,0.8296078061629405,1038.1214321639338
1668493123.2387824,1252.15,0.8100000000001728,-0.20327343,0.10746892,0.0,1.0,0.0,0.8296078061629405,1038.793414486926
1668493183.0500069,1252.14,-0.0099999999999909,-0.12077122,0.08250221,0.0,1.0,0.0,0.8296078061629405,1038.7851184088645
1668493243.2023883,1252.01,-0.1300000000001091,-0.06090639,0.05986483,0.0,1.0,0.0,0.8296078061629405,1038.6772693940632
1668493303.1859052,1251.6,-0.4100000000000818,-0.05787292,0.0030334699999999,0.0,1.0,0.0,0.8296078061629405,1038.3371301935365
1668493363.257409,1251.1,-0.5,-0.12857934,-0.0707064199999999,1.0,0.0,1037.9223262904547,0.0,1037.9223262904547
1668493423.2949924,1252.23,1.1300000000001091,-0.07460487,0.0539744699999999,0.0,1.0,0.0,0.8288591762619125,1037.9223262904547
1668493483.2055976,1252.52,0.2899999999999636,0.01225539,0.08686026,0.0,1.0,0.0,0.8288591762619125,1038.1626954515707
1668493543.238329,1252.41,-0.1099999999998999,0.06211879,0.0498634,0.0,1.0,0.0,0.8288591762619125,1038.071520942182
1668493603.2665875,1252.5,0.0899999999999181,0.11576388,0.05364509,0.0,1.0,0.0,0.8288591762619125,1038.1461182680457
1668493663.3521435,1252.51,0.0099999999999909,0.15417429,0.0384104099999999,0.0,1.0,0.0,0.8288591762619125,1038.154406859808
1668493723.176292,1253.99,1.4800000000000182,0.33570742,0.18153313,0.0,1.0,0.0,0.8288591762619125,1039.3811184406757
1668493783.1188726,1254.33,0.3399999999999181,0.47610395,0.14039653,0.0,1.0,0.0,0.8288591762619125,1039.6629305606048
1668493843.8782864,1254.13,-0.1999999999998181,0.57629603,0.1001920799999999,0.0,1.0,0.0,0.8288591762619125,1039.4971587253524
1668493903.9772022,1254.58,0.4499999999998181,0.66411514,0.08781911,0.0,1.0,0.0,0.8288591762619125,1039.87014535467
1668493963.964759,1255.27,0.6900000000000546,0.80502082,0.1409056799999999,0.0,1.0,0.0,0.8288591762619125,1040.442058186291
1668494024.777686,1255.41,0.1400000000001,0.87823639,0.07321557,0.0,1.0,0.0,0.8288591762619125,1040.5580984709677
1668494084.6793082,1253.72,-1.6900000000000546,0.75340566,-0.12483073,1.0,0.0,1039.157326463085,0.0,1039.157326463085
1668494144.7599206,1253.03,-0.6900000000000546,0.64939297,-0.10401269,1.0,0.0,1039.157326463085,0.0,1039.157326463085
1668494205.791089,1252.94,-0.0899999999999181,0.55200794,-0.0973850299999999,1.0,0.0,1039.157326463085,0.0,1039.157326463085
1668494265.7964556,1253.95,1.009999999999991,0.58872657,0.0367186299999999,0.0,1.0,0.0,0.8287071465872522,1039.157326463085
1668494325.784165,1253.39,-0.5599999999999454,0.50511826,-0.0836083099999999,1.0,0.0,1038.693250460996,0.0,1038.693250460996
1668494386.8028426,1253.3,-0.0900000000001455,0.45834301,-0.04677525,1.0,0.0,1038.693250460996,0.0,1038.693250460996
1668494446.6673236,1252.49,-0.8099999999999454,0.28574624,-0.17259677,1.0,0.0,1038.693250460996,0.0,1038.693250460996
1668494506.885984,1252.59,0.099999999999909,0.18741643,-0.0983298099999999,1.0,0.0,1038.693250460996,0.0,1038.693250460996
1668494567.6292093,1252.83,0.2400000000000091,0.17757513,-0.0098412999999999,1.0,0.0,1038.693250460996,0.0,1038.693250460996
1668494627.4083571,1253.52,0.6900000000000546,0.20828164,0.0307065099999999,0.0,1.0,0.0,0.8286212030609772,1038.693250460996
1668494687.6285686,1254.5,0.9800000000000182,0.31469018,0.10640854,0.0,1.0,0.0,0.8286212030609772,1039.5052992399958
1668494748.4855766,1254.76,0.2599999999999909,0.40503149,0.09034131,0.0,1.0,0.0,0.8286212030609772,1039.7207407527917
1668494808.2889235,1255.35,0.5899999999999181,0.54271585,0.13768436,0.0,1.0,0.0,0.8286212030609772,1040.2096272625977
1668494868.5492656,1254.96,-0.3899999999998726,0.53083161,-0.0118842399999999,1.0,0.0,1039.886464993404,0.0,1039.886464993404
1668494929.1216044,1254.72,-0.2400000000000091,0.52593706,-0.00489455,1.0,0.0,1039.886464993404,0.0,1039.886464993404
1668494989.1907706,1254.37,-0.3500000000001364,0.50505425,-0.0208828099999999,1.0,0.0,1039.886464993404,0.0,1039.886464993404
1668495049.1430688,1254.51,0.1400000000001,0.50456685,-0.0004874,1.0,0.0,1039.886464993404,0.0,1039.886464993404
1668495110.0464077,1254.66,0.1500000000000909,0.48806455,-0.0165023,1.0,0.0,1039.886464993404,0.0,1039.886464993404
1668495169.9759352,1255.34,0.6799999999998363,0.53137292,0.04330837,0.0,1.0,0.0,0.8283703737580289,1039.886464993404
1668495230.0628629,1255.78,0.4400000000000545,0.61226392,0.0808909999999999,0.0,1.0,0.0,0.8283703737580289,1040.2509479578575
1668495292.0524817,1256.05,0.2699999999999818,0.67089904,0.05863512,0.0,1.0,0.0,0.8283703737580289,1040.474607958772
1668495351.2619667,1255.99,-0.0599999999999454,0.7100222,0.03912316,0.0,1.0,0.0,0.8283703737580289,1040.4249057363468
1668495411.143119,1256.02,0.0299999999999727,0.7349669,0.0249446999999999,0.0,1.0,0.0,0.8283703737580289,1040.4497568475597
1668495472.0466754,1255.25,-0.7699999999999818,0.65452189,-0.0804450099999999,1.0,0.0,1039.811911659766,0.0,1039.811911659766
1668495531.9384282,1256.05,0.7999999999999545,0.70248981,0.0479679199999999,0.0,1.0,0.0,0.8278427703194667,1039.811911659766
1668495592.3861475,1257.04,0.9900000000000092,0.80266991,0.1001801,0.0,1.0,0.0,0.8278427703194667,1040.6314760023824
1668495652.802173,1257.48,0.4400000000000545,0.88838849,0.0857185799999999,0.0,1.0,0.0,0.8278427703194667,1040.9957268213232
1668495712.8124118,1257.72,0.2400000000000091,0.99046338,0.10207489,0.0,1.0,0.0,0.8278427703194667,1041.1944090861998
1668495773.1776953,1257.06,-0.6600000000000819,0.94332293,-0.04714045,1.0,0.0,1040.6480328577888,0.0,1040.6480328577888
1668495833.6533666,1255.87,-1.1900000000000546,0.80128335,-0.14203958,1.0,0.0,1040.6480328577888,0.0,1040.6480328577888
1668495893.5714002,1256.49,0.6200000000001182,0.767853,-0.0334303499999999,1.0,0.0,1040.6480328577888,0.0,1040.6480328577888
1668495953.4814048,1255.92,-0.5699999999999363,0.66098399,-0.10686901,1.0,0.0,1040.6480328577888,0.0,1040.6480328577888
1668496014.4485295,1255.68,-0.2400000000000091,0.56762441,-0.09335958,1.0,0.0,1040.6480328577888,0.0,1040.6480328577888
1668496074.440935,1256.6,0.9199999999998454,0.58313047,0.0155060599999999,0.0,1.0,0.0,0.8281458163757671,1040.6480328577888
1668496134.543922,1258.8,2.200000000000045,0.81880231,0.23567184,0.0,1.0,0.0,0.8281458163757671,1042.4699536538155
1668496195.2908132,1257.1,-1.7000000000000457,0.69371686,-0.12508545,1.0,0.0,1041.0621057659769,0.0,1041.0621057659769
1668496255.3046343,1258.0,0.900000000000091,0.78055371,0.0868368499999999,0.0,1.0,0.0,0.8275533432161978,1041.0621057659769
1668496315.36891,1257.51,-0.4900000000000091,0.75411197,-0.0264417399999999,1.0,0.0,1040.6566046278008,0.0,1040.6566046278008
1668496376.191877,1261.35,3.839999999999918,1.12327794,0.3691659699999999,0.0,1.0,0.0,0.8250339752073579,1040.6566046278008
1668496436.0985916,1261.76,0.4100000000000818,1.38032345,0.25704551,0.0,1.0,0.0,0.8250339752073579,1040.994868557636
1668496496.0481167,1262.36,0.599999999999909,1.58160025,0.2012768,0.0,1.0,0.0,0.8250339752073579,1041.4898889427602
1668496556.928424,1263.45,1.0900000000001455,1.90702258,0.3254223300000001,0.0,1.0,0.0,0.8250339752073579,1042.3891759757364
1668496617.0165455,1265.81,2.3599999999999,2.3026766,0.3956540199999998,0.0,1.0,0.0,0.8250339752073579,1044.3362561572255
1668496676.9158418,1265.53,-0.2799999999999727,2.4770215,0.1743449000000003,0.0,1.0,0.0,0.8250339752073579,1044.1052466441677
1668496737.7819862,1270.59,5.059999999999945,3.14960649,0.6725849899999998,0.0,1.0,0.0,0.8250339752073579,1048.2799185587169
1668496797.7126484,1271.42,0.8300000000001546,3.49800739,0.3484009000000001,0.0,1.0,0.0,0.8250339752073579,1048.964696758139
1668496857.8227856,1270.09,-1.3300000000001546,3.72776229,0.2297548999999996,0.0,1.0,0.0,0.8250339752073579,1047.867401571113
1668496918.4593792,1269.8,-0.2899999999999636,3.84178145,0.1140191600000002,0.0,1.0,0.0,0.8250339752073579,1047.628141718303
1668496978.5782688,1270.67,0.8700000000001182,4.05367354,0.2118920900000001,0.0,1.0,0.0,0.8250339752073579,1048.3459212767334
1668497038.5168872,1270.01,-0.6600000000000819,3.97675766,-0.07691588,1.0,0.0,1047.8013988530963,0.0,1047.8013988530963
1668497099.6828551,1270.12,0.1099999999998999,3.90364695,-0.0731107099999999,1.0,0.0,1047.8013988530963,0.0,1047.8013988530963
1668497159.5251994,1269.81,-0.3099999999999454,3.83252795,-0.0711190000000003,1.0,0.0,1047.8013988530963,0.0,1047.8013988530963
1668497219.496806,1269.56,-0.25,3.63163323,-0.2008947199999999,1.0,0.0,1047.8013988530963,0.0,1047.8013988530963
1668497280.244716,1268.96,-0.599999999999909,3.41486927,-0.2167639599999997,1.0,0.0,1047.8013988530963,0.0,1047.8013988530963
1668497340.310467,1267.21,-1.75,2.97771456,-0.4371547100000001,1.0,0.0,1047.8013988530963,0.0,1047.8013988530963
1668497400.5176735,1265.53,-1.6800000000000637,2.49062672,-0.48708784,1.0,0.0,1047.8013988530963,0.0,1047.8013988530963
1668497461.218792,1267.52,1.990000000000009,2.39112854,-0.0994981799999998,1.0,0.0,1047.8013988530963,0.0,1047.8013988530963
1668497521.4287298,1263.94,-3.5799999999999272,1.691641,-0.69948754,1.0,0.0,1047.8013988530963,0.0,1047.8013988530963
1668497581.2576768,1265.63,1.6900000000000546,1.5179192,-0.1737218,1.0,0.0,1047.8013988530963,0.0,1047.8013988530963
1668497642.056072,1266.71,1.0799999999999272,1.38355036,-0.1343688399999998,1.0,0.0,1047.8013988530963,0.0,1047.8013988530963
1668497701.9249604,1266.77,0.0599999999999454,1.27629947,-0.1072508899999999,1.0,0.0,1047.8013988530963,0.0,1047.8013988530963
1668497761.977275,1269.0,2.230000000000018,1.42054248,0.1442430099999998,0.0,1.0,0.0,0.8256906216336456,1047.8013988530963
1668497822.9023817,1268.05,-0.9500000000000456,1.37929099,-0.0412514899999998,1.0,0.0,1047.0169927625443,0.0,1047.0169927625443
1668497883.0763433,1267.45,-0.599999999999909,1.30638732,-0.07290367,1.0,0.0,1047.0169927625443,0.0,1047.0169927625443
1668497942.966224,1266.75,-0.7000000000000455,1.14946624,-0.15692108,1.0,0.0,1047.0169927625443,0.0,1047.0169927625443
1668498003.8459828,1266.54,-0.2100000000000363,1.00620947,-0.14325677,1.0,0.0,1047.0169927625443,0.0,1047.0169927625443
1668498063.7769675,1266.94,0.4000000000000909,0.89486801,-0.1113414599999998,1.0,0.0,1047.0169927625443,0.0,1047.0169927625443
1668498123.8518364,1269.02,2.0799999999999272,1.01001003,0.1151420199999998,0.0,1.0,0.0,0.8250594890250306,1047.0169927625443
1668498184.6113937,1268.62,-0.4000000000000909,1.03686589,0.0268558600000001,0.0,1.0,0.0,0.8250594890250306,1046.6869689669345
1668498244.719513,1268.0,-0.6199999999998909,0.97452307,-0.06234282,1.0,0.0,1046.1754320837388,0.0,1046.1754320837388
1668498304.6053562,1269.23,1.2300000000000182,1.05681306,0.08228999,0.0,1.0,0.0,0.8242599308901766,1046.1754320837388
1668498365.569627,1270.08,0.849999999999909,1.13675978,0.0799467199999999,0.0,1.0,0.0,0.8242599308901766,1046.8760530249954
1668498425.4710567,1268.85,-1.2300000000000182,1.10343997,-0.03331981,1.0,0.0,1045.8622133100005,0.0,1045.8622133100005
1668498485.52668,1269.36,0.5099999999999909,1.06922349,-0.0342164799999999,1.0,0.0,1045.8622133100005,0.0,1045.8622133100005
1668498546.5042827,1270.65,1.290000000000191,1.21077936,0.1415558700000001,0.0,1.0,0.0,0.8230922860819269,1045.8622133100005
1668498606.4278812,1270.66,0.0099999999999909,1.2767917,0.0660123399999998,0.0,1.0,0.0,0.8230922860819269,1045.8704442328612
1668498666.5167048,1270.63,-0.0299999999999727,1.3577419,0.0809501999999999,0.0,1.0,0.0,0.8230922860819269,1045.845751464279
1668498727.350851,1269.0,-1.6300000000001091,1.18935243,-0.1683894699999999,1.0,0.0,1044.5041110379652,0.0,1044.5041110379652
1668498787.1754785,1266.62,-2.380000000000109,0.83178711,-0.3575653199999999,1.0,0.0,1044.5041110379652,0.0,1044.5041110379652
1668498847.196584,1266.52,-0.099999999999909,0.58312759,-0.24865952,1.0,0.0,1044.5041110379652,0.0,1044.5041110379652
1668498909.2854383,1266.71,0.1900000000000545,0.41179285,-0.17133474,1.0,0.0,1044.5041110379652,0.0,1044.5041110379652
1668498968.22446,1267.6,0.8899999999998727,0.36908538,-0.0427074699999999,1.0,0.0,1044.5041110379652,0.0,1044.5041110379652
1668499028.175058,1267.57,-0.0299999999999727,0.30214197,-0.06694341,1.0,0.0,1044.5041110379652,0.0,1044.5041110379652
1668499089.0488238,1267.44,-0.1299999999998817,0.24572523,-0.0564167399999999,1.0,0.0,1044.5041110379652,0.0,1044.5041110379652
1668499148.9024043,1266.8,-0.6400000000001,0.14320378,-0.1025214499999999,1.0,0.0,1044.5041110379652,0.0,1044.5041110379652
1668499209.1081526,1267.45,0.650000000000091,0.08775764,-0.05544614,1.0,0.0,1044.5041110379652,0.0,1044.5041110379652
1668499269.9850435,1267.53,0.0799999999999272,9.219e-05,-0.0876654499999999,1.0,0.0,1044.5041110379652,0.0,1044.5041110379652
1668499329.8159642,1267.18,-0.349999999999909,-0.07332212,-0.07341431,1.0,0.0,1044.5041110379652,0.0,1044.5041110379652
1668499389.8475585,1267.22,0.0399999999999636,-0.05036689,0.02295523,0.0,1.0,0.0,0.8242484422893935,1044.5041110379652
1668499450.9651282,1265.66,-1.5599999999999454,-0.23489957,-0.18453268,1.0,0.0,1043.2182834679938,0.0,1043.2182834679938
1668499510.932221,1265.0,-0.6600000000000819,-0.39915845,-0.16425888,1.0,0.0,1043.2182834679938,0.0,1043.2182834679938
1668499571.0327415,1265.34,0.3399999999999181,-0.43491457,-0.03575612,1.0,0.0,1043.2182834679938,0.0,1043.2182834679938
1668499631.7115057,1265.54,0.2000000000000454,-0.50360151,-0.0686869399999999,1.0,0.0,1043.2182834679938,0.0,1043.2182834679938
1668499691.7084577,1264.73,-0.8099999999999454,-0.63957999,-0.13597848,1.0,0.0,1043.2182834679938,0.0,1043.2182834679938
1668499751.8315425,1263.45,-1.2799999999999727,-0.87045463,-0.23087464,1.0,0.0,1043.2182834679938,0.0,1043.2182834679938
1668499812.614978,1263.81,0.3599999999998999,-0.91114565,-0.04069102,1.0,0.0,1043.2182834679938,0.0,1043.2182834679938
1668499872.493038,1267.22,3.410000000000082,-0.4724714,0.43867425,0.0,1.0,0.0,0.8232337585170639,1043.2182834679938
1668499932.448249,1265.86,-1.360000000000127,-0.52938861,-0.05691721,1.0,0.0,1042.0986855564104,0.0,1042.0986855564104
1668499993.4643729,1266.6,0.7400000000000091,-0.37771641,0.1516722,0.0,1.0,0.0,0.8227527913756596,1042.0986855564104
1668500053.3982174,1266.85,0.25,-0.26548945,0.1122269599999999,0.0,1.0,0.0,0.8227527913756596,1042.3043737542544
1668500113.538483,1266.01,-0.8399999999999181,-0.30952209,-0.04403264,1.0,0.0,1041.6132614094988,0.0,1041.6132614094988
1668500174.2697828,1268.17,2.160000000000082,0.01797426,0.32749635,0.0,1.0,0.0,0.8213514445299122,1041.6132614094988
1668500234.276331,1269.99,1.8199999999999363,0.39663571,0.3786614499999999,0.0,1.0,0.0,0.8213514445299122,1043.1081210385432
1668500294.3572712,1269.26,-0.7300000000000182,0.47122813,0.07459242,0.0,1.0,0.0,0.8213514445299122,1042.5085344840363
1668500355.1149714,1269.6,0.3399999999999181,0.61861223,0.1473840999999999,0.0,1.0,0.0,0.8213514445299122,1042.7877939751763
1668500415.1372387,1270.97,1.3700000000001182,0.89883527,0.28022304,0.0,1.0,0.0,0.8213514445299122,1043.9130454541826
1668500475.035234,1269.74,-1.2300000000000182,0.84926493,-0.0495703399999999,1.0,0.0,1042.9027831774106,0.0,1042.9027831774106
1668500535.8033144,1271.52,1.7799999999999727,1.12924914,0.2799842099999999,0.0,1.0,0.0,0.820201635190489,1042.9027831774106
1668500595.9326785,1275.12,3.599999999999909,1.73401282,0.60476368,0.0,1.0,0.0,0.820201635190489,1045.8555090640964
1668500655.8950837,1275.44,0.3200000000001637,2.00768251,0.2736696899999999,0.0,1.0,0.0,0.820201635190489,1046.1179735873577
1668500716.7160296,1274.13,-1.3099999999999454,1.99464773,-0.0130347799999999,1.0,0.0,1045.043509445258,0.0,1045.043509445258
1668500776.7137656,1273.1,-1.0300000000002,1.89673433,-0.0979134000000001,1.0,0.0,1045.043509445258,0.0,1045.043509445258
1668500836.89666,1275.0,1.900000000000091,2.13137865,0.2346443199999999,0.0,1.0,0.0,0.8196419681923592,1045.043509445258
1668500897.6929588,1276.22,1.2200000000000273,2.34526577,0.2138871200000003,0.0,1.0,0.0,0.8196419681923592,1046.0434726464528
1668500957.700524,1278.68,2.4600000000000364,2.75761681,0.4123510399999999,0.0,1.0,0.0,0.8196419681923592,1048.059791888206
1668501017.6570003,1276.21,-2.470000000000028,2.54695984,-0.21065697,1.0,0.0,1046.0352762267707,0.0,1046.0352762267707
1668501078.4489987,1274.86,-1.3500000000001364,2.31579942,-0.2311604200000001,1.0,0.0,1046.0352762267707,0.0,1046.0352762267707
1668501138.605269,1275.18,0.3200000000001637,2.23729435,-0.0785050699999998,1.0,0.0,1046.0352762267707,0.0,1046.0352762267707
1668501198.3576035,1273.89,-1.2899999999999636,1.94917475,-0.2881195999999999,1.0,0.0,1046.0352762267707,0.0,1046.0352762267707
1668501259.7955444,1272.78,-1.110000000000127,1.62369829,-0.3254764599999999,1.0,0.0,1046.0352762267707,0.0,1046.0352762267707
1668501319.7569256,1274.23,1.4500000000000457,1.62455082,0.0008525299999999,0.0,1.0,0.0,0.8209155931242953,1046.0352762267707
1668501379.9948862,1274.94,0.7100000000000364,1.61768935,-0.00686147,1.0,0.0,1046.6181262978891,0.0,1046.6181262978891
1668501440.6204488,1275.5,0.5599999999999454,1.62804171,0.0103523599999999,0.0,1.0,0.0,0.8205551754589487,1046.6181262978891
1668501500.716694,1274.88,-0.6199999999998909,1.4949549,-0.13308681,1.0,0.0,1046.1093820891049,0.0,1046.1093820891049
1668501560.4611154,1274.68,-0.2000000000000454,1.38412527,-0.11082963,1.0,0.0,1046.1093820891049,0.0,1046.1093820891049
1668501621.5935926,1274.0,-0.6800000000000637,1.19850873,-0.18561654,1.0,0.0,1046.1093820891049,0.0,1046.1093820891049
1668501681.2810738,1274.19,0.1900000000000545,1.1087739,-0.0897348299999998,1.0,0.0,1046.1093820891049,0.0,1046.1093820891049
1668501741.3380318,1274.57,0.3799999999998817,1.06643517,-0.0423387299999999,1.0,0.0,1046.1093820891049,0.0,1046.1093820891049
1668501802.3995905,1274.45,-0.1199999999998908,0.98102238,-0.0854127900000001,1.0,0.0,1046.1093820891049,0.0,1046.1093820891049
1668501862.298008,1274.21,-0.2400000000000091,0.87649673,-0.10452565,1.0,0.0,1046.1093820891049,0.0,1046.1093820891049
1668501922.6578434,1273.85,-0.3600000000001273,0.74810832,-0.1283884099999999,1.0,0.0,1046.1093820891049,0.0,1046.1093820891049
1668501983.423477,1273.35,-0.5,0.59143723,-0.15667109,1.0,0.0,1046.1093820891049,0.0,1046.1093820891049
1668502043.554325,1274.44,1.0900000000001455,0.64728406,0.05584683,0.0,1.0,0.0,0.8208384718692954,1046.1093820891049
1668502103.3018258,1273.51,-0.9300000000000636,0.48407068,-0.16321338,1.0,0.0,1045.3460023102664,0.0,1045.3460023102664
1668502163.9834576,1273.73,0.2200000000000272,0.43990475,-0.0441659299999999,1.0,0.0,1045.3460023102664,0.0,1045.3460023102664
1668502224.3478472,1273.13,-0.599999999999909,0.30233718,-0.13756757,1.0,0.0,1045.3460023102664,0.0,1045.3460023102664
1668502284.046378,1274.5,1.3699999999998909,0.42165219,0.11931501,0.0,1.0,0.0,0.8202008648962467,1045.3460023102664
1668502344.624708,1273.02,-1.4800000000000182,0.21610257,-0.20554962,1.0,0.0,1044.13210503022,0.0,1044.13210503022
1668502404.9686277,1272.25,-0.7699999999999818,0.03562185,-0.1804807199999999,1.0,0.0,1044.13210503022,0.0,1044.13210503022
1668502464.6774347,1271.94,-0.3099999999999454,-0.10188413,-0.13750598,1.0,0.0,1044.13210503022,0.0,1044.13210503022
1668502526.062426,1273.14,1.2000000000000457,-0.01882993,0.0830542,0.0,1.0,0.0,0.8201235567417722,1044.13210503022
1668502585.9711225,1273.94,0.7999999999999545,0.08330532,0.10213525,0.0,1.0,0.0,0.8201235567417722,1044.7882038756134
1668502646.0098038,1275.0,1.0599999999999454,0.2628461,0.17954078,0.0,1.0,0.0,0.8201235567417722,1045.6575348457595
1668502706.7406974,1274.37,-0.6300000000001091,0.24520872,-0.01763738,1.0,0.0,1045.140857005012,0.0,1045.140857005012
1668502766.7677965,1274.87,0.5,0.33803589,0.09282717,0.0,1.0,0.0,0.8198019068650233,1045.140857005012
1668502826.8527143,1274.31,-0.5599999999999454,0.29773962,-0.04029627,1.0,0.0,1044.6817679371677,0.0,1044.6817679371677
1668502887.934818,1274.62,0.3099999999999454,0.34035661,0.04261699,0.0,1.0,0.0,0.8196025230556305,1044.6817679371677
1668502947.827897,1274.59,-0.0299999999999727,0.34687657,0.0065199599999999,0.0,1.0,0.0,0.8196025230556305,1044.6571798614762
1668503007.98387,1274.22,-0.3699999999998908,0.29760265,-0.0492739199999999,1.0,0.0,1044.3539269279456,0.0,1044.3539269279456
1668503068.8435411,1274.07,-0.1500000000000909,0.25691077,-0.04069188,1.0,0.0,1044.3539269279456,0.0,1044.3539269279456
1668503129.0017776,1273.43,-0.6399999999998727,0.14162985,-0.11528092,1.0,0.0,1044.3539269279456,0.0,1044.3539269279456
1668503189.028231,1274.74,1.3099999999999454,0.27488055,0.1332507,0.0,1.0,0.0,0.8192681856127098,1044.3539269279456
1668503249.8529716,1274.43,-0.3099999999999454,0.25045,-0.0244305499999999,1.0,0.0,1044.0999537904058,0.0,1044.0999537904058
1668503309.7764227,1274.75,0.3199999999999363,0.29306597,0.04261597,0.0,1.0,0.0,0.8190625250366,1044.0999537904058
1668503369.799582,1274.67,-0.0799999999999272,0.29242183,-0.00064414,1.0,0.0,1044.0344287884031,0.0,1044.0344287884031
1668503430.5638587,1275.35,0.6799999999998363,0.38970208,0.09728025,0.0,1.0,0.0,0.8186258115720416,1044.0344287884031
1668503490.6365683,1276.25,0.900000000000091,0.54619525,0.15649317,0.0,1.0,0.0,0.8186258115720416,1044.771192018818
1668503550.6634536,1277.53,1.2799999999999727,0.78664885,0.2404535999999999,0.0,1.0,0.0,0.8186258115720416,1045.8190330576303
1668503611.4055746,1276.2,-1.3299999999999272,0.6974464,-0.0892024499999999,1.0,0.0,1044.7302607282395,0.0,1044.7302607282395
1668503671.6144967,1276.18,-0.0199999999999818,0.70053241,0.0030860099999999,0.0,1.0,0.0,0.8186386408878367,1044.7302607282395
1668503731.2758222,1276.19,0.0099999999999909,0.69701466,-0.0035177499999999,1.0,0.0,1044.7384471146484,0.0,1044.7384471146484
1668503792.4435165,1275.43,-0.7599999999999909,0.57949581,-0.11751885,1.0,0.0,1044.7384471146484,0.0,1044.7384471146484
1668503852.3828485,1275.04,-0.3900000000001,0.47317785,-0.1063179599999999,1.0,0.0,1044.7384471146484,0.0,1044.7384471146484
1668503912.3237076,1273.33,-1.7100000000000364,0.16712382,-0.30605403,1.0,0.0,1044.7384471146484,0.0,1044.7384471146484
1668503973.1875398,1272.75,-0.5799999999999272,-0.05030776,-0.21743158,1.0,0.0,1044.7384471146484,0.0,1044.7384471146484
1668504033.3039403,1273.21,0.4600000000000364,-0.11942628,-0.0691185199999999,1.0,0.0,1044.7384471146484,0.0,1044.7384471146484
1668504093.0520778,1274.9,1.6900000000000546,0.03855986,0.15798614,0.0,1.0,0.0,0.8194669755389821,1044.7384471146484
1668504154.0274987,1274.95,0.0499999999999545,0.06395862,0.0253987599999999,0.0,1.0,0.0,0.8194669755389821,1044.7794204634251
1668504213.910062,1273.36,-1.5900000000001455,-0.14538726,-0.2093458799999999,1.0,0.0,1043.4764679723182,0.0,1043.4764679723182
1668504273.7813022,1270.41,-2.949999999999818,-0.625393,-0.4800057399999999,1.0,0.0,1043.4764679723182,0.0,1043.4764679723182
1668504334.7769363,1269.66,-0.75,-0.91598725,-0.29059425,1.0,0.0,1043.4764679723182,0.0,1043.4764679723182
1668504395.0663807,1269.85,0.1899999999998272,-1.05948872,-0.14350147,1.0,0.0,1043.4764679723182,0.0,1043.4764679723182
1668504455.000718,1270.5,0.650000000000091,-1.07921808,-0.0197293599999999,1.0,0.0,1043.4764679723182,0.0,1043.4764679723182
1668504515.7491724,1268.94,-1.5599999999999454,-1.34415192,-0.2649338400000001,1.0,0.0,1043.4764679723182,0.0,1043.4764679723182
1668504575.8670392,1270.0,1.0599999999999454,-1.28905976,0.05509216,0.0,1.0,0.0,0.8216350141514317,1043.4764679723182
1668504635.6265247,1268.99,-1.009999999999991,-1.43961591,-0.1505561500000001,1.0,0.0,1042.6466166080254,0.0,1042.6466166080254
1668504696.5122905,1268.41,-0.5799999999999272,-1.56127378,-0.1216578699999999,1.0,0.0,1042.6466166080254,0.0,1042.6466166080254
1668504756.6248891,1265.23,-3.180000000000064,-2.05207141,-0.4907976299999999,1.0,0.0,1042.6466166080254,0.0,1042.6466166080254
1668504816.5715482,1264.13,-1.099999999999909,-2.36995529,-0.3178838800000001,1.0,0.0,1042.6466166080254,0.0,1042.6466166080254
1668504877.4443958,1262.31,-1.820000000000164,-2.77990687,-0.40995158,1.0,0.0,1042.6466166080254,0.0,1042.6466166080254
1668504937.4033847,1263.63,1.3200000000001637,-2.76845069,0.0114561800000001,0.0,1.0,0.0,0.825120182813027,1042.6466166080254
1668504997.6945128,1264.89,1.259999999999991,-2.63231744,0.1361332499999998,0.0,1.0,0.0,0.825120182813027,1043.68626803837
1668505058.5196157,1265.43,0.5399999999999636,-2.49931693,0.13300051,0.0,1.0,0.0,0.825120182813027,1044.1318329370888
1668505118.570547,1264.53,-0.900000000000091,-2.52698298,-0.0276660500000001,1.0,0.0,1043.389224772557,0.0,1043.389224772557
1668505178.17455,1263.23,-1.2999999999999543,-2.64676692,-0.11978394,1.0,0.0,1043.389224772557,0.0,1043.389224772557
1668505239.0411117,1259.38,-3.849999999999909,-3.17468929,-0.5279223699999998,1.0,0.0,1043.389224772557,0.0,1043.389224772557
1668505298.9992738,1260.99,1.6099999999999,-3.08266734,0.0920219499999999,0.0,1.0,0.0,0.8274365576035949,1043.389224772557
1668505359.116856,1262.18,1.1900000000000546,-2.90846807,0.1741992699999999,0.0,1.0,0.0,0.8274365576035949,1044.3738742761054
1668505420.0533514,1261.75,-0.4300000000000636,-2.8746184,0.0338496699999999,0.0,1.0,0.0,0.8274365576035949,1044.018076556336
1668505479.904349,1260.58,-1.1700000000000728,-2.95384905,-0.0792306499999999,1.0,0.0,1043.0499757839395,0.0,1043.0499757839395
1668505539.9573286,1259.5,-1.0799999999999272,-3.06180024,-0.10795119,1.0,0.0,1043.0499757839395,0.0,1043.0499757839395
1668505600.890445,1260.65,1.150000000000091,-2.88140968,0.1803905600000002,0.0,1.0,0.0,0.8273906126077337,1043.0499757839395
1668505660.8458076,1257.92,-2.730000000000018,-3.16441047,-0.28300079,1.0,0.0,1040.7911994115204,0.0,1040.7911994115204
1668505720.838441,1260.84,2.9199999999998454,-2.76728691,0.3971235599999998,0.0,1.0,0.0,0.825474445140954,1040.7911994115204
1668505781.876891,1257.19,-3.649999999999864,-3.00174358,-0.2344566699999997,1.0,0.0,1037.778217686756,0.0,1037.778217686756
1668505841.6569684,1257.12,-0.0700000000001637,-3.09183638,-0.0900928000000003,1.0,0.0,1037.778217686756,0.0,1037.778217686756
1668505901.8830676,1258.04,0.9200000000000728,-3.00146105,0.09037533,0.0,1.0,0.0,0.8249167098715113,1037.778217686756
1668505962.6045055,1258.99,0.9500000000000456,-2.79865709,0.2028039600000002,0.0,1.0,0.0,0.8249167098715113,1038.561888561134
1668506022.6563723,1260.61,1.6199999999998909,-2.48282714,0.3158299499999999,0.0,1.0,0.0,0.8249167098715113,1039.8982536311255
1668506082.5260973,1261.11,0.5,-2.19412189,0.28870525,0.0,1.0,0.0,0.8249167098715113,1040.3107119860615
1668506143.2899516,1261.33,0.2200000000000272,-1.96052621,0.2335956799999998,0.0,1.0,0.0,0.8249167098715113,1040.4921936622334
1668506203.664838,1261.75,0.4200000000000727,-1.66637501,0.2941511999999999,0.0,1.0,0.0,0.8249167098715113,1040.8386586803797
1668506263.575709,1260.96,-0.7899999999999636,-1.54002364,0.12635137,0.0,1.0,0.0,0.8249167098715113,1040.186974479581
1668506324.1618588,1260.85,-0.1100000000001273,-1.41261672,0.1274069200000001,0.0,1.0,0.0,0.8249167098715113,1040.096233641495
1668506384.0877223,1259.98,-0.8699999999998909,-1.38431349,0.0283032299999999,0.0,1.0,0.0,0.8249167098715113,1039.378556103907
1668506444.3261738,1260.16,0.1800000000000636,-1.284043,0.1002704899999999,0.0,1.0,0.0,0.8249167098715113,1039.5270411116835
1668506505.1286588,1261.65,1.490000000000009,-0.99147032,0.29257268,0.0,1.0,0.0,0.8249167098715113,1040.7561670093924
1668506564.9262748,1262.84,1.1899999999998272,-0.7368253,0.25464502,0.0,1.0,0.0,0.8249167098715113,1041.7378178941392
1668506624.8772483,1263.01,0.1700000000000727,-0.51122945,0.22559585,0.0,1.0,0.0,0.8249167098715113,1041.8780537348175
1668506686.0311697,1262.01,-1.0,-0.4499377,0.0612917499999999,0.0,1.0,0.0,0.8249167098715113,1041.053137024946
1668506746.03026,1262.98,0.9700000000000272,-0.27716557,0.1727721299999999,0.0,1.0,0.0,0.8249167098715113,1041.8533062335214
1668506806.0956728,1262.51,-0.4700000000000273,-0.19363695,0.08352862,0.0,1.0,0.0,0.8249167098715113,1041.4655953798815
1668506867.0414171,1262.52,0.0099999999999909,-0.06791081,0.12572614,0.0,1.0,0.0,0.8249167098715113,1041.4738445469804
1668506926.9520838,1261.37,-1.150000000000091,-0.18316585,-0.1152550399999999,1.0,0.0,1040.5251903306282,0.0,1040.5251903306282
1668506986.8687224,1260.36,-1.009999999999991,-0.30972772,-0.12656187,1.0,0.0,1040.5251903306282,0.0,1040.5251903306282
1668507047.8461435,1259.65,-0.709999999999809,-0.44625134,-0.13652362,1.0,0.0,1040.5251903306282,0.0,1040.5251903306282
1668507107.6387594,1259.96,0.3099999999999454,-0.53190394,-0.0856525999999999,1.0,0.0,1040.5251903306282,0.0,1040.5251903306282
1668507167.9638052,1259.85,-0.1100000000001273,-0.53680864,-0.0049046999999999,1.0,0.0,1040.5251903306282,0.0,1040.5251903306282
1668507228.4971209,1260.25,0.4000000000000909,-0.5445997,-0.00779106,1.0,0.0,1040.5251903306282,0.0,1040.5251903306282
1668507288.4572532,1259.84,-0.4100000000000818,-0.63458317,-0.0899834699999999,1.0,0.0,1040.5251903306282,0.0,1040.5251903306282
1668507348.593713,1260.23,0.3900000000001,-0.58839086,0.04619231,0.0,1.0,0.0,0.8256629268709904,1040.5251903306282
1668507409.164071,1261.77,1.5399999999999636,-0.40641657,0.1819742899999999,0.0,1.0,0.0,0.8256629268709904,1041.7967112380095
1668507468.4794593,1261.01,-0.7599999999999909,-0.39808874,0.0083278299999999,0.0,1.0,0.0,0.8256629268709904,1041.1692074135876
1668507528.6999142,1260.43,-0.5799999999999272,-0.46174277,-0.06365403,1.0,0.0,1040.6903229160023,0.0,1040.6903229160023
1668507589.7532918,1260.52,0.0899999999999181,-0.42556869,0.03617408,0.0,1.0,0.0,0.8256039752768717,1040.6903229160023
1668507648.4202511,1260.64,0.1200000000001182,-0.40943408,0.01613461,0.0,1.0,0.0,0.8256039752768717,1040.7893953930356
1668507708.577955,1260.78,0.1399999999998726,-0.35607737,0.0533567099999999,0.0,1.0,0.0,0.8256039752768717,1040.9049799495742
1668507768.490271,1261.05,0.2699999999999818,-0.27093433,0.08514304,0.0,1.0,0.0,0.8256039752768717,1041.127893022899
1668507828.3963678,1261.34,0.2899999999999636,-0.18393029,0.08700404,0.0,1.0,0.0,0.8256039752768717,1041.3673181757292
1668507888.3871446,1260.33,-1.009999999999991,-0.24319488,-0.05926459,1.0,0.0,1040.5334581606996,0.0,1040.5334581606996
1668507948.4760978,1259.28,-1.0499999999999543,-0.37943687,-0.1362419899999999,1.0,0.0,1040.5334581606996,0.0,1040.5334581606996
1668508008.5970137,1259.88,0.6000000000001364,-0.39278764,-0.01335077,1.0,0.0,1040.5334581606996,0.0,1040.5334581606996
1668508068.5297277,1259.73,-0.1500000000000909,-0.45266418,-0.05987654,1.0,0.0,1040.5334581606996,0.0,1040.5334581606996
1668508128.2865982,1259.7,-0.0299999999999727,-0.47960847,-0.0269442899999999,1.0,0.0,1040.5334581606996,0.0,1040.5334581606996
1668508188.437974,1259.28,-0.4200000000000727,-0.51241653,-0.0328080599999999,1.0,0.0,1040.5334581606996,0.0,1040.5334581606996
1668508248.591165,1258.92,-0.3599999999998999,-0.56460382,-0.05218729,1.0,0.0,1040.5334581606996,0.0,1040.5334581606996
1668508308.5056045,1259.4,0.4800000000000182,-0.5446075,0.0199963199999999,0.0,1.0,0.0,0.8262136399560899,1040.5334581606996
1668508368.584864,1259.6,0.1999999999998181,-0.48469846,0.05990904,0.0,1.0,0.0,0.8262136399560899,1040.6987008886908
1668508428.4929652,1255.07,-4.529999999999973,-0.9362971,-0.45159864,1.0,0.0,1036.9559530996896,0.0,1036.9559530996896
1668508488.5662837,1256.65,1.5800000000001546,-0.92814877,0.00814833,0.0,1.0,0.0,0.8251748323715351,1036.9559530996896
1668508548.712052,1256.49,-0.1600000000000818,-1.06969081,-0.14154204,1.0,0.0,1036.8239251265102,0.0,1036.8239251265102
1668508608.5904698,1258.25,1.759999999999991,-0.94803579,0.1216550199999999,0.0,1.0,0.0,0.8240206041140554,1036.8239251265102
1668508668.618811,1261.26,3.009999999999991,-0.47867115,0.46936464,0.0,1.0,0.0,0.8240206041140554,1039.3042271448935
1668508728.5425906,1262.2,0.9400000000000546,-0.23007482,0.2485963299999999,0.0,1.0,0.0,0.8240206041140554,1040.0788065127608
1668508788.486411,1261.8,-0.4000000000000909,-0.0130543,0.21702052,0.0,1.0,0.0,0.8240206041140554,1039.7491982711151
1668508848.5192993,1262.08,0.2799999999999727,0.17542919,0.18848349,0.0,1.0,0.0,0.8240206041140554,1039.979924040267
1668508908.3544295,1263.28,1.2000000000000457,0.4270173,0.25158811,0.0,1.0,0.0,0.8240206041140554,1040.9687487652038
1668508968.6452842,1263.39,0.1100000000001273,0.5888008,0.1617835,0.0,1.0,0.0,0.8240206041140554,1041.0593910316566
1668509028.690559,1262.94,-0.4500000000000455,0.69710347,0.1083026699999999,0.0,1.0,0.0,0.8240206041140554,1040.6885817598052
1668509088.503609,1265.16,2.220000000000028,0.94349677,0.2463933,0.0,1.0,0.0,0.8240206041140554,1042.5179075009385
1668509148.463529,1265.99,0.8299999999999272,1.10504712,0.16155035,0.0,1.0,0.0,0.8240206041140554,1043.201844602353
1668509208.60707,1263.6,-2.3900000000001,1.03385355,-0.0711935700000001,1.0,0.0,1041.2324353585204,0.0,1041.2324353585204
1668509268.6131687,1264.72,1.1200000000001182,1.21133904,0.17748549,0.0,1.0,0.0,0.8232908749434819,1041.2324353585204
1668509328.9077785,1264.2,-0.5199999999999818,1.17568241,-0.0356566299999998,1.0,0.0,1040.8043241035498,0.0,1040.8043241035498
1668509388.8615594,1263.03,-1.1700000000000728,1.04897845,-0.1267039600000001,1.0,0.0,1040.8043241035498,0.0,1040.8043241035498
1668509449.1972544,1261.88,-1.1499999999998636,0.82738751,-0.2215909399999999,1.0,0.0,1040.8043241035498,0.0,1040.8043241035498
1668509508.5608442,1262.8,0.9199999999998454,0.80902112,-0.0183663899999999,1.0,0.0,1040.8043241035498,0.0,1040.8043241035498
1668509568.5631433,1262.42,-0.3799999999998817,0.73171914,-0.0773019799999999,1.0,0.0,1040.8043241035498,0.0,1040.8043241035498
1668509628.5057428,1262.35,-0.0700000000001637,0.64465955,-0.08705959,1.0,0.0,1040.8043241035498,0.0,1040.8043241035498
1668509688.6291032,1262.86,0.5099999999999909,0.59308556,-0.0515739899999999,1.0,0.0,1040.8043241035498,0.0,1040.8043241035498
1668509748.858507,1263.33,0.4700000000000273,0.59036032,-0.0027252399999999,1.0,0.0,1040.8043241035498,0.0,1040.8043241035498
1668509808.7603817,1264.14,0.8100000000001728,0.66651035,0.0761500299999999,0.0,1.0,0.0,0.8233299508785021,1040.8043241035498
1668509868.4588606,1264.58,0.4399999999998272,0.73681953,0.0703091799999999,0.0,1.0,0.0,0.8233299508785021,1041.1665892819362
1668509928.6378765,1265.66,1.0800000000001546,0.92387986,0.18706033,0.0,1.0,0.0,0.8233299508785021,1042.0557856288851
1668509988.6495352,1266.57,0.9099999999998544,1.16005092,0.23617106,0.0,1.0,0.0,0.8233299508785021,1042.8050158841845
1668510048.556786,1266.61,0.0399999999999636,1.2790407,0.1189897799999999,0.0,1.0,0.0,0.8233299508785021,1042.8379490822194
1668510108.640178,1267.0,0.3900000000001,1.35145631,0.0724156100000001,0.0,1.0,0.0,0.8233299508785021,1043.1590477630623
1668510168.5755148,1267.98,0.9800000000000182,1.50191736,0.1504610499999998,0.0,1.0,0.0,0.8233299508785021,1043.965911114923
1668510228.500966,1270.73,2.75,1.86363878,0.36172142,0.0,1.0,0.0,0.8233299508785021,1046.230068479839
1668510288.6123354,1271.12,0.3899999999998726,2.10918493,0.24554615,0.0,1.0,0.0,0.8233299508785021,1046.5511671606816
1668510348.699658,1271.96,0.8400000000001455,2.32398454,0.21479961,0.0,1.0,0.0,0.8233299508785021,1047.2427643194196
1668510408.531486,1268.75,-3.2100000000000364,2.11125038,-0.2127341600000001,1.0,0.0,1044.5998751770996,0.0,1044.5998751770996
1668510468.4652345,1267.58,-1.1700000000000728,1.85458038,-0.2566699999999999,1.0,0.0,1044.5998751770996,0.0,1044.5998751770996
1668510529.072949,1268.49,0.910000000000082,1.85883308,0.0042526999999998,0.0,1.0,0.0,0.8234987072638331,1044.5998751770996
1668510588.4704716,1268.6,0.1099999999998999,1.77350723,-0.0853258499999998,1.0,0.0,1044.6904600348987,0.0,1044.6904600348987
1668510648.445789,1269.15,0.5500000000001819,1.74263832,-0.0308689100000001,1.0,0.0,1044.6904600348987,0.0,1044.6904600348987
1668510708.7055166,1267.33,-1.820000000000164,1.47747094,-0.26516738,1.0,0.0,1044.6904600348987,0.0,1044.6904600348987
1668510768.5373125,1268.64,1.3100000000001728,1.50244078,0.02496984,0.0,1.0,0.0,0.82347274249188,1044.6904600348987
1668510828.551808,1264.96,-3.680000000000064,1.01304075,-0.4894000299999999,1.0,0.0,1041.6600803425283,0.0,1041.6600803425283
1668510888.890468,1265.99,1.0299999999999727,0.8725519,-0.14048885,1.0,0.0,1041.6600803425283,0.0,1041.6600803425283
1668510948.7241826,1267.24,1.25,0.81511544,-0.05743646,1.0,0.0,1041.6600803425283,0.0,1041.6600803425283
1668511008.900718,1262.91,-4.329999999999927,0.20327855,-0.61183689,1.0,0.0,1041.6600803425283,0.0,1041.6600803425283
1668511068.5580056,1261.23,-1.6800000000000637,-0.25557486,-0.45885341,1.0,0.0,1041.6600803425283,0.0,1041.6600803425283
1668511128.538769,1257.89,-3.339999999999918,-1.0898817,-0.83430684,1.0,0.0,1041.6600803425283,0.0,1041.6600803425283
1668511188.5073082,1257.55,-0.3400000000001455,-1.50138839,-0.4115066899999999,1.0,0.0,1041.6600803425283,0.0,1041.6600803425283
1668511248.5652528,1259.11,1.5599999999999454,-1.6520785,-0.15069011,1.0,0.0,1041.6600803425283,0.0,1041.6600803425283
1668511308.6401742,1260.14,1.0300000000002,-1.64312797,0.0089505299999999,0.0,1.0,0.0,0.826622502533471,1041.6600803425283
1668511368.8356133,1261.09,0.949999999999818,-1.59358144,0.0495465300000002,0.0,1.0,0.0,0.826622502533471,1042.4453717199349
1668511429.0732813,1259.1,-1.990000000000009,-1.73363495,-0.14005351,1.0,0.0,1040.8003929398933,0.0,1040.8003929398933
1668511488.6081176,1257.91,-1.1899999999998272,-1.8712634,-0.13762845,1.0,0.0,1040.8003929398933,0.0,1040.8003929398933
1668511548.8065636,1259.23,1.3199999999999363,-1.80711823,0.0641451699999999,0.0,1.0,0.0,0.8265371639334301,1040.8003929398933
1668511608.8108888,1259.85,0.6199999999998909,-1.70557063,0.1015475999999999,0.0,1.0,0.0,0.8265371639334301,1041.3128459815318
1668511668.8877003,1259.54,-0.3099999999999454,-1.69168225,0.01388838,0.0,1.0,0.0,0.8265371639334301,1041.0566194607125
1668511729.0173051,1259.85,0.3099999999999454,-1.63716371,0.0545185399999998,0.0,1.0,0.0,0.8265371639334301,1041.3128459815318
1668511788.8282363,1257.16,-2.689999999999827,-1.85849032,-0.2213266099999999,1.0,0.0,1039.089461010551,0.0,1039.089461010551
1668511848.6203165,1258.57,1.4099999999998545,-1.79411675,0.0643735700000001,0.0,1.0,0.0,0.8256111785681775,1039.089461010551
1668511908.6995857,1259.58,1.009999999999991,-1.63552973,0.1585870199999999,0.0,1.0,0.0,0.8256111785681775,1039.9233283009048
1668511968.6312034,1261.38,1.800000000000182,-1.32416394,0.31136579,0.0,1.0,0.0,0.8256111785681775,1041.4094284223277
1668512028.9529245,1260.62,-0.7600000000002183,-1.16960263,0.15456131,0.0,1.0,0.0,0.8256111785681775,1040.7819639266158
1668512088.7296624,1261.15,0.5300000000002001,-1.00654947,0.16305316,0.0,1.0,0.0,0.8256111785681775,1041.219537851257
1668512148.6840498,1260.36,-0.790000000000191,-0.94564816,0.0609013099999999,0.0,1.0,0.0,0.8256111785681775,1040.567305020188
1668512208.9976585,1260.36,0.0,-0.89791584,0.0477323199999999,0.0,1.0,0.0,0.8256111785681775,1040.567305020188
1668512269.0357664,1260.19,-0.1699999999998453,-0.83872026,0.05919558,0.0,1.0,0.0,0.8256111785681775,1040.4269511198315
1668512328.7018487,1260.37,0.1799999999998363,-0.80032465,0.03839561,0.0,1.0,0.0,0.8256111785681775,1040.5755611319737
1668512388.7762866,1259.0,-1.3699999999998909,-0.82423296,-0.02390831,1.0,0.0,1039.4444738173354,0.0,1039.4444738173354
1668512448.7606585,1258.1,-0.900000000000091,-0.92761173,-0.1033787699999999,1.0,0.0,1039.4444738173354,0.0,1039.4444738173354
1668512508.6848123,1259.12,1.0199999999999818,-0.88377043,0.0438412999999999,0.0,1.0,0.0,0.8255324939778063,1039.4444738173354
1668512568.8731256,1259.31,0.1900000000000545,-0.8318118,0.05195863,0.0,1.0,0.0,0.8255324939778063,1039.6013249911912
1668512628.7739043,1259.99,0.6800000000000637,-0.74966985,0.08214195,0.0,1.0,0.0,0.8255324939778063,1040.1626870870962
1668512688.7476282,1260.15,0.1600000000000818,-0.67242041,0.07724944,0.0,1.0,0.0,0.8255324939778063,1040.294772286133
1668512748.7364595,1260.7,0.5499999999999545,-0.53107594,0.1413444699999999,0.0,1.0,0.0,0.8255324939778063,1040.7488151578204
1668512808.814613,1260.25,-0.4500000000000455,-0.49092183,0.04015411,0.0,1.0,0.0,0.8255324939778063,1040.3773255355304
1668512869.128399,1262.1,1.849999999999909,-0.25650775,0.23441408,0.0,1.0,0.0,0.8255324939778063,1041.9045606493892
1668512928.7237504,1263.09,0.9900000000000092,0.04270407,0.2992118199999999,0.0,1.0,0.0,0.8255324939778063,1042.7218378184273
1668512988.716448,1260.92,-2.1699999999998454,0.00858572,-0.03411835,1.0,0.0,1040.9304323064955,0.0,1040.9304323064955
1668513048.6536238,1261.68,0.7599999999999909,0.13913752,0.1305518,0.0,1.0,0.0,0.8250352167796077,1040.9304323064955
1668513108.8530507,1261.07,-0.6100000000001273,0.11036213,-0.0287753899999999,1.0,0.0,1040.4271608242598,0.0,1040.4271608242598
1668513168.7942176,1260.57,-0.5,0.03971909,-0.07064304,1.0,0.0,1040.4271608242598,0.0,1040.4271608242598
1668513228.8510482,1261.86,1.2899999999999636,0.16928601,0.1295669199999999,0.0,1.0,0.0,0.8245186952786044,1040.4271608242598
1668513288.7151394,1262.55,0.6900000000000546,0.31277811,0.1434921,0.0,1.0,0.0,0.8245186952786044,1040.996078724002
1668513348.858116,1261.73,-0.8199999999999363,0.27995788,-0.03282023,1.0,0.0,1040.3199733938736,0.0,1040.3199733938736
1668513408.8146863,1260.29,-1.4400000000000546,0.14356585,-0.13639203,1.0,0.0,1040.3199733938736,0.0,1040.3199733938736
1668513468.648724,1260.9,0.6100000000001273,0.15260534,0.00903949,0.0,1.0,0.0,0.8250614429327254,1040.3199733938736
1668513528.5986755,1261.11,0.209999999999809,0.16065071,0.0080453699999999,0.0,1.0,0.0,0.8250614429327254,1040.493236296889
1668513588.828785,1260.88,-0.2299999999997908,0.16618464,0.0055339299999999,0.0,1.0,0.0,0.8250614429327254,1040.303472165015
1668513648.763851,1260.25,-0.6300000000001091,0.04633432,-0.11985032,1.0,0.0,1039.783683455967,0.0,1039.783683455967
1668513708.876508,1258.78,-1.4700000000000273,-0.16612667,-0.21246099,1.0,0.0,1039.783683455967,0.0,1039.783683455967
1668513768.972844,1258.47,-0.3099999999999454,-0.32291205,-0.15678538,1.0,0.0,1039.783683455967,0.0,1039.783683455967
1668513828.7050164,1259.56,1.089999999999918,-0.3514136,-0.0285015499999999,1.0,0.0,1039.783683455967,0.0,1039.783683455967
1668513888.8983867,1258.25,-1.3099999999999454,-0.51062439,-0.15921079,1.0,0.0,1039.783683455967,0.0,1039.783683455967
1668513948.648748,1259.26,1.009999999999991,-0.51522357,-0.0045991799999999,1.0,0.0,1039.783683455967,0.0,1039.783683455967
1668514008.682511,1258.41,-0.849999999999909,-0.63496126,-0.11973769,1.0,0.0,1039.783683455967,0.0,1039.783683455967
1668514068.8040123,1258.22,-0.1900000000000545,-0.69093251,-0.05597125,1.0,0.0,1039.783683455967,0.0,1039.783683455967
1668514128.5977905,1258.76,0.5399999999999636,-0.65413408,0.03679843,0.0,1.0,0.0,0.8260380719565025,1039.783683455967
1668514188.724821,1261.45,2.6900000000000546,-0.38385305,0.27028103,0.0,1.0,0.0,0.8260380719565025,1042.00572586953
1668514248.773653,1262.92,1.4700000000000273,-0.08184116,0.3020118899999999,0.0,1.0,0.0,0.8260380719565025,1043.2200018353062
1668514308.696546,1262.79,-0.1300000000001091,0.13904472,0.22088588,0.0,1.0,0.0,0.8260380719565025,1043.1126168859516
1668514368.798644,1262.64,-0.1499999999998635,0.26278521,0.1237404899999999,0.0,1.0,0.0,0.8260380719565025,1042.9887111751584
1668514428.657308,1262.83,0.1899999999998272,0.34281329,0.08002808,0.0,1.0,0.0,0.8260380719565025,1043.14565840883
1668514488.835532,1265.16,2.3300000000001546,0.71219049,0.3693772,0.0,1.0,0.0,0.8260380719565025,1045.070327116489
1668514548.7213042,1264.93,-0.2300000000000182,0.87135981,0.1591693199999999,0.0,1.0,0.0,0.8260380719565025,1044.8803383599388
1668514608.8823674,1264.4,-0.5299999999999727,0.99127369,0.11991388,0.0,1.0,0.0,0.8260380719565025,1044.442538181802
1668514668.7582088,1263.74,-0.6600000000000819,1.0292021,0.03792841,0.0,1.0,0.0,0.8260380719565025,1043.8973530543103
1668514728.7840514,1263.08,-0.6600000000000819,0.97093537,-0.05826673,1.0,0.0,1043.352167926819,0.0,1043.352167926819
1668514788.736919,1264.2,1.1200000000001182,1.05483023,0.0838948600000001,0.0,1.0,0.0,0.8253062552814578,1043.352167926819
1668514848.6649313,1265.58,1.3799999999998818,1.2863807,0.2315504699999999,0.0,1.0,0.0,0.8253062552814578,1044.4910905591073
1668514908.8531897,1264.56,-1.0199999999999818,1.21802127,-0.0683594300000001,1.0,0.0,1043.6492781787204,0.0,1043.6492781787204
1668514968.839232,1265.07,0.5099999999999909,1.23870247,0.0206812,0.0,1.0,0.0,0.8249735415263348,1043.6492781787204
1668515028.6392865,1264.3,-0.7699999999999818,1.1657514,-0.07295107,1.0,0.0,1043.0140485517452,0.0,1043.0140485517452
1668515088.7806976,1264.56,0.2599999999999909,1.14575159,-0.01999981,1.0,0.0,1043.0140485517452,0.0,1043.0140485517452
1668515148.771927,1264.85,0.2899999999999636,1.11768657,-0.0280650199999998,1.0,0.0,1043.0140485517452,0.0,1043.0140485517452
1668515208.8755825,1264.37,-0.4800000000000182,1.02190937,-0.0957772000000001,1.0,0.0,1043.0140485517452,0.0,1043.0140485517452
1668515269.0418882,1264.94,0.5700000000001637,1.03587374,0.01396437,0.0,1.0,0.0,0.8245561438105722,1043.0140485517452
1668515328.9360716,1265.34,0.3999999999998636,1.07879113,0.0429173899999999,0.0,1.0,0.0,0.8245561438105722,1043.3438710092694
1668515388.713379,1267.23,1.8900000000001,1.25765475,0.17886362,0.0,1.0,0.0,0.8245561438105722,1044.9022821210715
1668515448.944924,1266.26,-0.9700000000000272,1.11933951,-0.1383152399999998,1.0,0.0,1044.1024626615751,0.0,1044.1024626615751
1668515508.875131,1266.45,0.1900000000000545,1.11146367,-0.00787584,1.0,0.0,1044.1024626615751,0.0,1044.1024626615751
1668515569.1036997,1267.27,0.8199999999999363,1.21467817,0.1032144999999999,0.0,1.0,0.0,0.8238989817967561,1044.1024626615751
1668515628.7109685,1264.79,-2.480000000000018,1.00602672,-0.20865145,1.0,0.0,1042.059193186719,0.0,1042.059193186719
1668515688.6866243,1263.65,-1.139999999999873,0.81435016,-0.1916765599999998,1.0,0.0,1042.059193186719,0.0,1042.059193186719
1668515748.801373,1264.56,0.9099999999998544,0.7217726,-0.09257756,1.0,0.0,1042.059193186719,0.0,1042.059193186719
1668515808.959254,1263.7,-0.8599999999999,0.51627283,-0.2054997699999999,1.0,0.0,1042.059193186719,0.0,1042.059193186719
1668515869.069111,1264.8,1.099999999999909,0.51239533,-0.0038774999999999,1.0,0.0,1042.059193186719,0.0,1042.059193186719
1668515928.957017,1264.64,-0.1599999999998544,0.48915916,-0.02323617,1.0,0.0,1042.059193186719,0.0,1042.059193186719
1668515989.0319138,1265.71,1.0699999999999363,0.55408582,0.0649266599999999,0.0,1.0,0.0,0.8233001186580805,1042.059193186719
1668516048.9432218,1264.87,-0.8400000000001455,0.45116384,-0.1029219799999999,1.0,0.0,1041.3676210870462,0.0,1041.3676210870462
1668516109.0609164,1267.2,2.3300000000001546,0.64195825,0.1907944099999999,0.0,1.0,0.0,0.8217863171457119,1041.3676210870462
1668516168.8508785,1267.31,0.1099999999998999,0.73014845,0.0881902,0.0,1.0,0.0,0.8217863171457119,1041.4580175819322
1668516228.9648695,1265.97,-1.339999999999918,0.64991006,-0.0802383899999999,1.0,0.0,1040.356823916957,0.0,1040.356823916957
1668516288.9520333,1265.17,-0.7999999999999545,0.57090256,-0.0790075,1.0,0.0,1040.356823916957,0.0,1040.356823916957
1668516348.9448526,1265.6,0.4299999999998363,0.56213196,-0.0087705999999999,1.0,0.0,1040.356823916957,0.0,1040.356823916957
1668516409.1126952,1265.28,-0.3199999999999363,0.48608212,-0.0760498399999999,1.0,0.0,1040.356823916957,0.0,1040.356823916957
1668516468.8688457,1267.09,1.8099999999999448,0.59454902,0.1084668999999999,0.0,1.0,0.0,0.8210599278006748,1040.356823916957
1668516529.027408,1267.02,-0.0699999999999363,0.72304523,0.12849621,0.0,1.0,0.0,0.8210599278006748,1040.299349722011
1668516589.0311277,1266.74,-0.2799999999999727,0.72192982,-0.0011154099999999,1.0,0.0,1040.069452942227,0.0,1040.069452942227
1668516648.8055947,1266.43,-0.3099999999999454,0.69491077,-0.02701905,1.0,0.0,1040.069452942227,0.0,1040.069452942227
1668516708.9321997,1265.42,-1.009999999999991,0.55439414,-0.14051663,1.0,0.0,1040.069452942227,0.0,1040.069452942227
1668516768.8337362,1266.63,1.2100000000000364,0.6389878,0.08459366,0.0,1.0,0.0,0.8211312324374338,1040.069452942227
1668516828.981326,1266.83,0.1999999999998181,0.64996972,0.0109819199999999,0.0,1.0,0.0,0.8211312324374338,1040.2336791887142
1668516888.8468704,1267.2,0.3700000000001182,0.68231193,0.03234221,0.0,1.0,0.0,0.8211312324374338,1040.537497744716
1668516948.8786645,1266.89,-0.3099999999999454,0.66504638,-0.0172655499999999,1.0,0.0,1040.2829470626607,0.0,1040.2829470626607
1668517008.930205,1265.89,-1.0,0.53573669,-0.12930969,1.0,0.0,1040.2829470626607,0.0,1040.2829470626607
1668517068.8078282,1267.38,1.490000000000009,0.64973907,0.1140023799999999,0.0,1.0,0.0,0.8208137630881508,1040.2829470626607
1668517128.82558,1266.38,-1.0,0.56076777,-0.0889712999999999,1.0,0.0,1039.4621332995723,0.0,1039.4621332995723
1668517188.8674214,1267.0,0.6199999999998909,0.52317917,-0.0375885999999999,1.0,0.0,1039.4621332995723,0.0,1039.4621332995723
1668517248.8484623,1266.28,-0.7200000000000273,0.47066512,-0.05251405,1.0,0.0,1039.4621332995723,0.0,1039.4621332995723
1668517309.0271814,1269.05,2.769999999999982,0.68486946,0.21420434,0.0,1.0,0.0,0.8190868234502757,1039.4621332995723
1668517369.14008,1270.07,1.0199999999999818,0.97464662,0.28977716,0.0,1.0,0.0,0.8190868234502757,1040.2976018594916
1668517428.857973,1270.33,0.2599999999999909,1.15796865,0.1833220299999999,0.0,1.0,0.0,0.8190868234502757,1040.5105644335888
1668517488.87702,1270.26,-0.0699999999999363,1.19759244,0.03962379,0.0,1.0,0.0,0.8190868234502757,1040.4532283559472
1668517548.9387496,1270.02,-0.2400000000000091,1.18084603,-0.0167464099999998,1.0,0.0,1040.2566475183191,0.0,1040.2566475183191
1668517609.0322452,1269.98,-0.0399999999999636,1.17510944,-0.0057365900000001,1.0,0.0,1040.2566475183191,0.0,1040.2566475183191
1668517668.847912,1268.97,-1.009999999999991,1.05661057,-0.11849887,1.0,0.0,1040.2566475183191,0.0,1040.2566475183191
1668517728.8777516,1270.36,1.389999999999873,1.18021522,0.1236046500000001,0.0,1.0,0.0,0.8188676025050531,1040.2566475183191
1668517788.7442987,1273.24,2.880000000000109,1.45525062,0.2750353999999999,0.0,1.0,0.0,0.8188676025050531,1042.6149862135337
1668517848.957157,1273.14,-0.099999999999909,1.5790553,0.1238046800000001,0.0,1.0,0.0,0.8188676025050531,1042.5330994532833
1668517908.9291408,1272.22,-0.9200000000000728,1.57765898,-0.00139632,1.0,0.0,1041.779741258979,0.0,1041.779741258979
1668517968.867722,1270.87,-1.3500000000001364,1.46986171,-0.10779727,1.0,0.0,1041.779741258979,0.0,1041.779741258979
1668518028.993509,1271.9,1.0300000000002,1.51509204,0.04523033,0.0,1.0,0.0,0.8190736231299464,1041.779741258979
1668518088.9289782,1270.31,-1.5900000000001455,1.31947145,-0.1956205900000001,1.0,0.0,1040.477414198202,0.0,1040.477414198202
1668518149.0302413,1270.95,0.6400000000001,1.27914244,-0.04032901,1.0,0.0,1040.477414198202,0.0,1040.477414198202
1668518208.8995385,1268.9,-2.0499999999999545,0.9875546,-0.29158784,1.0,0.0,1040.477414198202,0.0,1040.477414198202
1668518268.928594,1268.59,-0.3100000000001728,0.74652568,-0.2410289199999999,1.0,0.0,1040.477414198202,0.0,1040.477414198202
1668518328.9335964,1271.27,2.680000000000064,0.86856854,0.1220428599999999,0.0,1.0,0.0,0.8184550993873859,1040.477414198202
1668518389.0151663,1271.17,-0.099999999999909,0.88098399,0.0124154500000001,0.0,1.0,0.0,0.8184550993873859,1040.3955686882634
1668518449.7902982,1270.4,-0.7699999999999818,0.79551537,-0.08546862,1.0,0.0,1039.7653582617352,0.0,1039.7653582617352
1668518509.702423,1269.15,-1.25,0.53787491,-0.25764046,1.0,0.0,1039.7653582617352,0.0,1039.7653582617352
1668518569.7248888,1270.16,1.009999999999991,0.52809316,-0.00978175,1.0,0.0,1039.7653582617352,0.0,1039.7653582617352
1668518630.5488129,1269.96,-0.2000000000000454,0.42467333,-0.1034198299999999,1.0,0.0,1039.7653582617352,0.0,1039.7653582617352
1668518690.5128891,1269.36,-0.6000000000001364,0.26135517,-0.16331816,1.0,0.0,1039.7653582617352,0.0,1039.7653582617352
1668518750.5189629,1269.63,0.2700000000002092,0.19487724,-0.06647793,1.0,0.0,1039.7653582617352,0.0,1039.7653582617352
1668518811.5832458,1268.48,-1.150000000000091,0.03385524,-0.161022,1.0,0.0,1039.7653582617352,0.0,1039.7653582617352
1668518871.80657,1269.01,0.5299999999999727,0.01244356,-0.02141168,1.0,0.0,1039.7653582617352,0.0,1039.7653582617352
1668518931.819602,1269.78,0.7699999999999818,0.07946645,0.06702289,0.0,1.0,0.0,0.8188547293718087,1039.7653582617352
1668518992.445669,1271.24,1.4600000000000364,0.20628014,0.12681369,0.0,1.0,0.0,0.8188547293718087,1040.960886166618
1668519052.4365702,1285.0,13.759999999999993,1.53705436,1.33077422,0.0,1.0,0.0,0.8188547293718087,1052.2283272427742
1668519112.4976258,1285.8,0.7999999999999545,2.53589265,0.99883829,0.0,1.0,0.0,0.8188547293718087,1052.8834110262717
1668519173.1819034,1286.82,1.0199999999999818,3.38560615,0.8497135,0.0,1.0,0.0,0.8188547293718087,1053.7186428502307
1668519233.1984606,1286.46,-0.3599999999998999,4.06623736,0.6806312099999996,0.0,1.0,0.0,0.8188547293718087,1053.4238551476572
1668519293.0930316,1285.58,-0.8800000000001091,4.35329225,0.2870548900000003,0.0,1.0,0.0,0.8188547293718087,1052.7032629858095
1668519354.207162,1271.37,-14.210000000000036,3.25615205,-1.0971402,1.0,0.0,1041.0673372814365,0.0,1041.0673372814365
1668519414.0988386,1277.42,6.050000000000182,3.13084905,-0.1253029999999997,1.0,0.0,1041.0673372814365,0.0,1041.0673372814365
1668519474.228824,1278.23,0.8099999999999454,2.91932136,-0.21152769,1.0,0.0,1041.0673372814365,0.0,1041.0673372814365
1668519535.1900508,1279.29,1.0599999999999454,2.843884,-0.07543736,1.0,0.0,1041.0673372814365,0.0,1041.0673372814365
1668519595.0852315,1276.62,-2.6700000000000728,2.28585959,-0.5580244100000002,1.0,0.0,1041.0673372814365,0.0,1041.0673372814365
1668519655.2316344,1273.58,-3.039999999999964,1.70847587,-0.5773837199999998,1.0,0.0,1041.0673372814365,0.0,1041.0673372814365
1668519715.7672594,1277.9,4.320000000000164,1.8229465,0.11447063,0.0,1.0,0.0,0.814670425918645,1041.0673372814365
1668519775.758302,1278.48,0.5799999999999272,1.63734557,-0.1856009300000001,1.0,0.0,1041.5398461284692,0.0,1041.5398461284692
1668519835.7615263,1278.23,-0.25,1.52279713,-0.1145484399999998,1.0,0.0,1041.5398461284692,0.0,1041.5398461284692
1668519896.879,1278.39,0.1600000000000818,1.54435316,0.0215560299999999,0.0,1.0,0.0,0.8147277795731108,1041.5398461284692
1668519956.8768747,1278.28,-0.1100000000001273,1.36081654,-0.1835366199999999,1.0,0.0,1041.450226072716,0.0,1041.450226072716
1668520016.8977904,1273.0,-5.279999999999973,0.68395954,-0.676857,1.0,0.0,1041.450226072716,0.0,1041.450226072716
1668520077.6748586,1271.13,-1.8699999999998909,0.01449012,-0.66946942,1.0,0.0,1041.450226072716,0.0,1041.450226072716
1668520137.5196884,1272.92,1.7899999999999636,-0.12069806,-0.13518818,1.0,0.0,1041.450226072716,0.0,1041.450226072716
1668520197.5649126,1273.74,0.8199999999999363,-0.23330282,-0.11260476,1.0,0.0,1041.450226072716,0.0,1041.450226072716
1668520258.3408637,1276.71,2.970000000000028,0.00209156,0.23539438,0.0,1.0,0.0,0.8157296692848932,1041.450226072716
1668520318.299106,1274.78,-1.930000000000064,-0.02570931,-0.02780087,1.0,0.0,1039.8758678109962,0.0,1039.8758678109962
1668520378.420331,1273.46,-1.3199999999999363,-0.18033064,-0.15462133,1.0,0.0,1039.8758678109962,0.0,1039.8758678109962
1668520439.1484082,1273.6,0.1399999999998726,-0.3095153,-0.12918466,1.0,0.0,1039.8758678109962,0.0,1039.8758678109962
1668520499.0640206,1272.8,-0.7999999999999545,-0.57880882,-0.26929352,1.0,0.0,1039.8758678109962,0.0,1039.8758678109962
1668520559.2392328,1272.0,-0.7999999999999545,-0.66988948,-0.09108066,1.0,0.0,1039.8758678109962,0.0,1039.8758678109962
1668520620.2316322,1272.64,0.6400000000001,-0.69586749,-0.0259780099999999,1.0,0.0,1039.8758678109962,0.0,1039.8758678109962
1668520680.1717582,1274.11,1.4699999999998,-0.63678427,0.0590832199999999,0.0,1.0,0.0,0.8161586266578209,1039.8758678109962
1668520740.1802118,1275.02,0.910000000000082,-0.46272909,0.17405518,0.0,1.0,0.0,0.8161586266578209,1040.6185721612549
1668520800.9004693,1277.64,2.6200000000001182,-0.09751235,0.36521674,0.0,1.0,0.0,0.8161586266578209,1042.7569077630983
1668520861.074943,1277.97,0.3299999999999272,0.20023729,0.29774964,0.0,1.0,0.0,0.8161586266578209,1043.0262401098953
1668520921.0414064,1276.73,-1.240000000000009,0.25882505,0.0585877599999999,0.0,1.0,0.0,0.8161586266578209,1042.0142034128396
1668520981.699419,1276.51,-0.2200000000000272,0.33068643,0.0718613799999999,0.0,1.0,0.0,0.8161586266578209,1041.834648514975
1668521041.7193508,1273.48,-3.0299999999999727,0.06165173,-0.2690346999999999,1.0,0.0,1039.3616878762018,0.0,1039.3616878762018
1668521101.6490731,1274.03,0.5499999999999545,0.00444753,-0.0572042,1.0,0.0,1039.3616878762018,0.0,1039.3616878762018
1668521162.72165,1275.49,1.4600000000000364,0.11894109,0.11449356,0.0,1.0,0.0,0.8148724708748809,1039.3616878762018
1668521222.8165753,1276.0,0.5099999999999909,0.22248163,0.10354054,0.0,1.0,0.0,0.8148724708748809,1039.777272836348
1668521282.6805153,1274.53,-1.4700000000000273,0.11864194,-0.10383969,1.0,0.0,1038.579410304162,0.0,1038.579410304162
1668521343.449471,1274.06,-0.4700000000000273,-0.01895646,-0.1375984,1.0,0.0,1038.579410304162,0.0,1038.579410304162
1668521403.7567563,1272.99,-1.0699999999999363,-0.1957767,-0.17682024,1.0,0.0,1038.579410304162,0.0,1038.579410304162
1668521463.5279224,1273.76,0.7699999999999818,-0.20363786,-0.00786116,1.0,0.0,1038.579410304162,0.0,1038.579410304162
1668521524.2972896,1273.77,0.0099999999999909,-0.24165095,-0.03801309,1.0,0.0,1038.579410304162,0.0,1038.579410304162
1668521584.3503685,1273.13,-0.6399999999998727,-0.30554049,-0.06388954,1.0,0.0,1038.579410304162,0.0,1038.579410304162
1668521644.5332413,1272.49,-0.6400000000001,-0.39103233,-0.0854918399999999,1.0,0.0,1038.579410304162,0.0,1038.579410304162
1668521705.2618985,1271.53,-0.9600000000000364,-0.59825118,-0.20721885,1.0,0.0,1038.579410304162,0.0,1038.579410304162
1668521765.4988906,1268.33,-3.200000000000045,-0.97392813,-0.37567695,1.0,0.0,1038.579410304162,0.0,1038.579410304162
1668521825.4163587,1269.72,1.3900000000001,-1.10488698,-0.13095885,1.0,0.0,1038.579410304162,0.0,1038.579410304162
1668521886.0900874,1267.02,-2.700000000000045,-1.56412532,-0.4592383399999999,1.0,0.0,1038.579410304162,0.0,1038.579410304162
1668521946.0726576,1267.64,0.6200000000001182,-1.73168133,-0.1675560099999999,1.0,0.0,1038.579410304162,0.0,1038.579410304162
1668522006.0409613,1268.48,0.8399999999999181,-1.72328321,0.00839812,0.0,1.0,0.0,0.8187589952574434,1038.579410304162
1668522066.8770003,1270.85,2.369999999999891,-1.53653897,0.1867442399999999,0.0,1.0,0.0,0.8187589952574434,1040.5198691229218
1668522126.9533298,1270.97,0.1200000000001182,-1.35739635,0.1791426200000001,0.0,1.0,0.0,0.8187589952574434,1040.6181202023529
1668522186.942763,1270.2,-0.7699999999999818,-1.31831351,0.0390828399999998,0.0,1.0,0.0,0.8187589952574434,1039.9876757760046
1668522248.5444603,1270.99,0.7899999999999636,-1.13912744,0.17918607,0.0,1.0,0.0,0.8187589952574434,1040.634495382258
1668522308.59084,1273.22,2.230000000000018,-0.80058675,0.33854069,0.0,1.0,0.0,0.8187589952574434,1042.4603279416822
1668522368.2462442,1273.54,0.3199999999999363,-0.6050151,0.1955716499999999,0.0,1.0,0.0,0.8187589952574434,1042.7223308201644
1668522429.350097,1273.66,0.1200000000001182,-0.43833565,0.16667945,0.0,1.0,0.0,0.8187589952574434,1042.8205818995957
1668522489.1475008,1273.5,-0.1600000000000818,-0.27474447,0.16359118,0.0,1.0,0.0,0.8187589952574434,1042.689580460354
1668522549.1494572,1272.94,-0.5599999999999454,-0.18181162,0.09293285,0.0,1.0,0.0,0.8187589952574434,1042.23107542301
1668522610.0132067,1273.23,0.2899999999999636,-0.03508418,0.14672744,0.0,1.0,0.0,0.8187589952574434,1042.4685155316347
1668522670.011727,1273.98,0.75,0.10987506,0.14495924,0.0,1.0,0.0,0.8187589952574434,1043.0825847780775
1668522729.957567,1274.28,0.2999999999999545,0.19169978,0.0818247199999999,0.0,1.0,0.0,0.8187589952574434,1043.328212476655
1668522790.7968829,1275.22,0.9400000000000546,0.34827435,0.15657457,0.0,1.0,0.0,0.8187589952574434,1044.097845932197
1668522851.0271585,1275.45,0.2300000000000182,0.48068905,0.1324147,0.0,1.0,0.0,0.8187589952574434,1044.2861605011062
1668522910.8564374,1274.34,-1.110000000000127,0.42671742,-0.0539716299999999,1.0,0.0,1043.3773380163705,0.0,1043.3773380163705
1668522971.61508,1274.01,-0.3299999999999272,0.43668067,0.0099632499999999,0.0,1.0,0.0,0.8189710740232576,1043.3773380163705
1668523031.978614,1272.89,-1.1199999999998909,0.28381122,-0.15286945,1.0,0.0,1042.4600904134645,0.0,1042.4600904134645
1668523092.0941377,1272.04,-0.8500000000001364,0.21600495,-0.0678062699999999,1.0,0.0,1042.4600904134645,0.0,1042.4600904134645
1668523152.569411,1270.78,-1.259999999999991,-0.18488166,-0.40088661,1.0,0.0,1042.4600904134645,0.0,1042.4600904134645
1668523212.5558138,1269.1,-1.6800000000000637,-0.53892982,-0.35404816,1.0,0.0,1042.4600904134645,0.0,1042.4600904134645
1668523272.4870622,1266.2,-2.899999999999864,-1.11512839,-0.57619857,1.0,0.0,1042.4600904134645,0.0,1042.4600904134645
1668523333.3546188,1263.79,-2.410000000000082,-1.71206127,-0.59693288,1.0,0.0,1042.4600904134645,0.0,1042.4600904134645
1668523393.1698651,1263.03,-0.7599999999999909,-2.11829476,-0.40623349,1.0,0.0,1042.4600904134645,0.0,1042.4600904134645
1668523453.2857182,1263.87,0.8399999999999181,-2.24680055,-0.1285057900000001,1.0,0.0,1042.4600904134645,0.0,1042.4600904134645
1668523514.314146,1264.01,0.1400000000001,-2.35396099,-0.1071604399999999,1.0,0.0,1042.4600904134645,0.0,1042.4600904134645
1668523574.4207394,1262.69,-1.3199999999999363,-2.60644124,-0.2524802500000001,1.0,0.0,1042.4600904134645,0.0,1042.4600904134645
1668523634.3616853,1263.76,1.0699999999999363,-2.54140909,0.0650321499999999,0.0,1.0,0.0,0.8248877084363048,1042.4600904134645
1668523695.1299677,1262.02,-1.740000000000009,-2.77371623,-0.2323071399999996,1.0,0.0,1041.0247858007854,0.0,1041.0247858007854
1668523755.1481578,1259.62,-2.400000000000091,-3.15463481,-0.3809185800000003,1.0,0.0,1041.0247858007854,0.0,1041.0247858007854
1668523815.037554,1261.37,1.75,-3.0197419,0.13489291,0.0,1.0,0.0,0.8253127835613543,1041.0247858007854
1668523876.644434,1263.1,1.7300000000000182,-2.74384466,0.2758972399999999,0.0,1.0,0.0,0.8253127835613543,1042.4525769163463
1668523937.1566207,1263.14,0.0400000000001909,-2.59889568,0.1449489800000001,0.0,1.0,0.0,0.8253127835613543,1042.485589427689
1668523996.5345385,1264.33,1.1899999999998272,-2.29000233,0.3088933499999999,0.0,1.0,0.0,0.8253127835613543,1043.467711640127
1668524057.5654943,1264.28,-0.0499999999999545,-2.10334659,0.1866557399999999,0.0,1.0,0.0,0.8253127835613543,1043.426446000949
1668524117.785449,1262.52,-1.759999999999991,-2.17943458,-0.07608799,1.0,0.0,1041.973895501881,0.0,1041.973895501881
1668524177.5669692,1264.5,1.9800000000000184,-1.82492988,0.3545047000000001,0.0,1.0,0.0,0.824020478846881,1041.973895501881
1668524239.598561,1266.46,1.9600000000000364,-1.37182473,0.45310515,0.0,1.0,0.0,0.824020478846881,1043.588975640421
1668524298.5825691,1266.9,0.4400000000000545,-1.0627349,0.30908983,0.0,1.0,0.0,0.824020478846881,1043.9515446511136
1668524358.5590992,1267.41,0.5099999999999909,-0.76262357,0.3001113299999999,0.0,1.0,0.0,0.824020478846881,1044.3717950953255
1668524419.4180262,1267.52,0.1099999999998999,-0.53328899,0.22933458,0.0,1.0,0.0,0.824020478846881,1044.4624373479985
1668524479.1740465,1265.79,-1.7300000000000182,-0.60146556,-0.0681765699999999,1.0,0.0,1043.0368819195935,0.0,1043.0368819195935
1668524540.0000317,1268.42,2.630000000000109,-0.16873438,0.43273118,0.0,1.0,0.0,0.8223119171249219,1043.0368819195935
1668524600.4275131,1268.01,-0.4100000000000818,-0.05010028,0.1186340999999999,0.0,1.0,0.0,0.8223119171249219,1042.6997340335722
1668524660.271294,1267.67,-0.3399999999999181,0.02222005,0.07232033,0.0,1.0,0.0,0.8223119171249219,1042.4201479817498
1668524720.5401764,1268.03,0.3599999999998999,0.15014339,0.12792334,0.0,1.0,0.0,0.8223119171249219,1042.7161802719147
1668524781.850111,1268.78,0.75,0.33156334,0.18141995,0.0,1.0,0.0,0.8223119171249219,1043.3329142097584
1668524841.715764,1266.39,-2.3899999999998727,0.08643291,-0.2451304299999999,1.0,0.0,1041.36758872783,0.0,1041.36758872783
1668524901.003701,1263.56,-2.8300000000001546,-0.35791289,-0.4443458,1.0,0.0,1041.36758872783,0.0,1041.36758872783
1668524961.825476,1264.78,1.2200000000000273,-0.35263248,0.0052804099999999,0.0,1.0,0.0,0.8233586779739006,1041.36758872783
1668525021.8220816,1264.32,-0.4600000000000364,-0.48513703,-0.13250455,1.0,0.0,1040.988843735962,0.0,1040.988843735962
1668525083.2683978,1263.35,-0.9700000000000272,-0.69241935,-0.2072823199999999,1.0,0.0,1040.988843735962,0.0,1040.988843735962
1668525143.4458375,1263.69,0.3400000000001455,-0.73762555,-0.0452061999999999,1.0,0.0,1040.988843735962,0.0,1040.988843735962
1668525202.890167,1263.0,-0.6900000000000546,-0.88466837,-0.14704282,1.0,0.0,1040.988843735962,0.0,1040.988843735962
1668525262.9478233,1262.17,-0.8299999999999272,-1.06398829,-0.1793199199999999,1.0,0.0,1040.988843735962,0.0,1040.988843735962
1668525324.0202644,1262.78,0.6099999999999,-1.05300929,0.0109789999999998,0.0,1.0,0.0,0.8243627898255929,1040.988843735962
1668525384.4506538,1264.37,1.589999999999918,-0.84639073,0.2066185600000001,0.0,1.0,0.0,0.8243627898255929,1042.2995805717846
1668525444.6805646,1263.8,-0.5699999999999363,-0.85543133,-0.0090406,1.0,0.0,1041.8296937815842,0.0,1041.8296937815842
1668525504.9172328,1264.99,1.1900000000000546,-0.64767894,0.20775239,0.0,1.0,0.0,0.8235872961696015,1041.8296937815842
1668525564.5702934,1265.31,0.3199999999999363,-0.50667651,0.14100243,0.0,1.0,0.0,0.8235872961696015,1042.0932417163583
1668525624.9331915,1264.22,-1.089999999999918,-0.56514037,-0.0584638599999999,1.0,0.0,1041.1955315635337,0.0,1041.1955315635337
1668525685.911099,1263.86,-0.3600000000001273,-0.5866552,-0.02151483,1.0,0.0,1041.1955315635337,0.0,1041.1955315635337
1668525746.56492,1264.38,0.5200000000002092,-0.50082679,0.08582841,0.0,1.0,0.0,0.8234830759451538,1041.1955315635337
1668525805.6223924,1264.91,0.5299999999999727,-0.38607749,0.1147492999999999,0.0,1.0,0.0,0.8234830759451538,1041.6319775937843
1668525866.4932642,1264.31,-0.6000000000001364,-0.41033258,-0.0242550899999999,1.0,0.0,1041.1378877482173,0.0,1041.1378877482173
1668525926.5265036,1265.39,1.0800000000001546,-0.23324762,0.17708496,0.0,1.0,0.0,0.8227802398851083,1041.1378877482173
1668525986.5412192,1266.49,1.099999999999909,-0.00447346,0.2287741599999999,0.0,1.0,0.0,0.8227802398851083,1042.0429460120909
1668526047.6695125,1266.99,0.5,0.17736424,0.1818377,0.0,1.0,0.0,0.8227802398851083,1042.4543361320334
1668526107.4192903,1267.74,0.75,0.39133965,0.2139754099999999,0.0,1.0,0.0,0.8227802398851083,1043.0714213119472
1668526167.3423831,1267.79,0.0499999999999545,0.515343,0.12400335,0.0,1.0,0.0,0.8227802398851083,1043.1125603239414
1668526228.094761,1267.57,-0.2200000000000272,0.57178313,0.05644013,0.0,1.0,0.0,0.8227802398851083,1042.9315486711666
1668526288.1950934,1267.6,0.0299999999999727,0.62563871,0.05385558,0.0,1.0,0.0,0.8227802398851083,1042.9562320783632
1668526348.3685305,1267.9,0.3000000000001819,0.7037372,0.0780984899999999,0.0,1.0,0.0,0.8227802398851083,1043.2030661503288
1668526409.073187,1268.59,0.6899999999998272,0.83508005,0.13134285,0.0,1.0,0.0,0.8227802398851083,1043.7707845158495
1668526469.3368034,1269.62,1.0299999999999727,1.03157111,0.19649106,0.0,1.0,0.0,0.8227802398851083,1044.6182481629312
1668526529.263549,1270.13,0.5100000000002183,1.1814817,0.1499105899999999,0.0,1.0,0.0,0.8227802398851083,1045.0378660852728
1668526590.3815465,1270.12,-0.0100000000002182,1.25218047,0.0706987700000001,0.0,1.0,0.0,0.8227802398851083,1045.0296382828735
1668526650.3755238,1271.33,1.2100000000000364,1.46497499,0.2127945199999998,0.0,1.0,0.0,0.8227802398851083,1046.0252023731346
1668526710.5904446,1273.64,2.310000000000173,1.86530653,0.40033154,0.0,1.0,0.0,0.8227802398851083,1047.9258247272694
1668526771.2036042,1274.61,0.9699999999998,2.15168823,0.2863816999999999,0.0,1.0,0.0,0.8227802398851083,1048.7239215599575
1668526831.1851022,1273.83,-0.7799999999999727,2.18249206,0.0308038299999999,0.0,1.0,0.0,0.8227802398851083,1048.082152972847
1668526891.302867,1272.69,-1.139999999999873,2.0668508,-0.1156412599999998,1.0,0.0,1047.1441834993784,0.0,1047.1441834993784
1668526951.9079976,1272.55,-0.1400000000001,2.00415349,-0.0626973099999999,1.0,0.0,1047.1441834993784,0.0,1047.1441834993784
1668527012.2080004,1274.54,1.990000000000009,2.22225359,0.2181000999999995,0.0,1.0,0.0,0.8215859710165067,1047.1441834993784
1668527072.643872,1274.44,-0.099999999999909,2.22991058,0.00765699,0.0,1.0,0.0,0.8215859710165067,1047.0620249022768
1668527132.9239054,1275.36,0.9199999999998454,2.3467919,0.11688132,0.0,1.0,0.0,0.8215859710165067,1047.8178839956115
1668527192.8481984,1274.21,-1.1499999999998636,2.19093013,-0.15586177,1.0,0.0,1046.873060128943,0.0,1046.873060128943
1668527252.9372008,1271.24,-2.970000000000028,1.69587617,-0.4950539599999999,1.0,0.0,1046.873060128943,0.0,1046.873060128943
1668527313.6575391,1270.46,-0.7799999999999727,1.37020695,-0.32566922,1.0,0.0,1046.873060128943,0.0,1046.873060128943
1668527373.7029643,1268.66,-1.7999999999999543,0.88748528,-0.48272167,1.0,0.0,1046.873060128943,0.0,1046.873060128943
1668527433.7363634,1269.11,0.4499999999998181,0.67466705,-0.21281823,1.0,0.0,1046.873060128943,0.0,1046.873060128943
1668527494.515136,1263.99,-5.119999999999891,-0.25165101,-0.92631806,1.0,0.0,1046.873060128943,0.0,1046.873060128943
1668527555.568303,1263.49,-0.5,-0.72397391,-0.4723229,1.0,0.0,1046.873060128943,0.0,1046.873060128943
1668527614.4077635,1263.28,-0.2100000000000363,-1.08545432,-0.36148041,1.0,0.0,1046.873060128943,0.0,1046.873060128943
1668527675.483738,1264.85,1.5699999999999363,-1.11999072,-0.0345364000000001,1.0,0.0,1046.873060128943,0.0,1046.873060128943
1668527735.4242928,1265.54,0.6900000000000546,-1.1348789,-0.0148881799999998,1.0,0.0,1046.873060128943,0.0,1046.873060128943
1668527795.3651702,1266.23,0.6900000000000546,-1.07920396,0.0556749399999998,0.0,1.0,0.0,0.8267637476042607,1046.873060128943
1668527856.3239934,1266.24,0.0099999999999909,-1.0662373,0.01296666,0.0,1.0,0.0,0.8267637476042607,1046.8813277664192
1668527916.246824,1264.85,-1.3900000000001,-1.24042124,-0.17418394,1.0,0.0,1045.7321261572492,0.0,1045.7321261572492
1668527976.2767708,1263.68,-1.1699999999998454,-1.4412741,-0.2008528599999999,1.0,0.0,1045.7321261572492,0.0,1045.7321261572492
1668528036.985423,1264.36,0.6799999999998363,-1.41296178,0.0283123199999999,0.0,1.0,0.0,0.8270841581173474,1045.7321261572492
1668528097.6458297,1265.21,0.8500000000001364,-1.29763508,0.1153267,0.0,1.0,0.0,0.8270841581173474,1046.435147691649
1668528157.085108,1262.93,-2.2799999999999727,-1.56668168,-0.2690466,1.0,0.0,1044.5493958111415,0.0,1044.5493958111415
1668528218.029314,1260.47,-2.4600000000000364,-1.96549713,-0.3988154499999998,1.0,0.0,1044.5493958111415,0.0,1044.5493958111415
1668528277.996611,1263.25,2.7799999999999727,-1.70943998,0.2560571499999999,0.0,1.0,0.0,0.8268746454075927,1044.5493958111415
1668528338.07648,1262.1,-1.150000000000091,-1.82503506,-0.11559508,1.0,0.0,1043.5984899689226,0.0,1043.5984899689226
1668528399.0970385,1265.63,3.5300000000002,-1.32391889,0.50111617,0.0,1.0,0.0,0.8245683888410693,1043.5984899689226
1668528459.1470616,1265.41,-0.2200000000000272,-1.16794206,0.1559768300000001,0.0,1.0,0.0,0.8245683888410693,1043.4170849233776
1668528519.1636846,1266.0,0.5899999999999181,-0.93589026,0.2320517999999999,0.0,1.0,0.0,0.8245683888410693,1043.9035802727938
1668528580.0035856,1266.47,0.4700000000000273,-0.71261132,0.2232789399999999,0.0,1.0,0.0,0.8245683888410693,1044.291127415549
1668528640.0233357,1265.19,-1.2799999999999727,-0.73988458,-0.0272732599999999,1.0,0.0,1043.2356798778326,0.0,1043.2356798778326
1668528699.877548,1265.41,0.2200000000000272,-0.64296259,0.09692199,0.0,1.0,0.0,0.8244250321064576,1043.2356798778326
1668528760.83389,1265.23,-0.1800000000000636,-0.59826948,0.0446931099999999,0.0,1.0,0.0,0.8244250321064576,1043.0872833720534
1668528820.9150982,1265.45,0.2200000000000272,-0.51408598,0.0841834999999999,0.0,1.0,0.0,0.8244250321064576,1043.2686568791169
1668528882.4587114,1267.14,1.6900000000000546,-0.23498021,0.27910577,0.0,1.0,0.0,0.8244250321064576,1044.6619351833767
1668528943.1792104,1266.98,-0.1600000000000818,-0.14838322,0.0865969899999999,0.0,1.0,0.0,0.8244250321064576,1044.5300271782396
1668529002.969651,1267.13,0.1500000000000909,0.00569008,0.1540733,0.0,1.0,0.0,0.8244250321064576,1044.6536909330557
1668529063.5769138,1267.55,0.4199999999998454,0.12171752,0.11602744,0.0,1.0,0.0,0.8244250321064576,1044.9999494465403
1668529124.612107,1267.22,-0.3299999999999272,0.17382406,0.05210654,0.0,1.0,0.0,0.8244250321064576,1044.7278891859453
1668529182.9699233,1265.75,-1.4700000000000273,0.11650678,-0.05731728,1.0,0.0,1043.5159843887486,0.0,1043.5159843887486
1668529243.6571438,1267.93,2.180000000000064,0.34011109,0.22360431,0.0,1.0,0.0,0.8230075669703758,1043.5159843887486
1668529304.71594,1267.84,-0.0900000000001455,0.43061985,0.09050876,0.0,1.0,0.0,0.8230075669703758,1043.4419137077211
1668529368.0446355,1268.5,0.6600000000000819,0.51736239,0.0867425399999999,0.0,1.0,0.0,0.8230075669703758,1043.9850987019215
1668529425.5976803,1268.1,-0.4000000000000909,0.55179334,0.03443095,0.0,1.0,0.0,0.8230075669703758,1043.6558956751337
1668529485.4887264,1267.43,-0.6699999999998454,0.52201314,-0.0297802,1.0,0.0,1043.1044806052637,0.0,1043.1044806052637
1668529544.5127437,1265.76,-1.6700000000000728,0.34643339,-0.1755797499999999,1.0,0.0,1043.1044806052637,0.0,1043.1044806052637
1668529604.7292445,1264.75,-1.009999999999991,0.07327857,-0.27315482,1.0,0.0,1043.1044806052637,0.0,1043.1044806052637
1668529668.064006,1268.06,3.309999999999945,0.31605685,0.24277828,0.0,1.0,0.0,0.8225986787732944,1043.1044806052637
1668529728.1952088,1264.49,-3.5699999999999363,-0.04469322,-0.36075007,1.0,0.0,1040.167803322043,0.0,1040.167803322043
1668529789.377087,1264.49,0.0,-0.16673551,-0.12204229,1.0,0.0,1040.167803322043,0.0,1040.167803322043
1668529847.1646724,1265.59,1.099999999999909,-0.2126575,-0.0459219899999999,1.0,0.0,1040.167803322043,0.0,1040.167803322043
1668529909.0281792,1269.01,3.4200000000000728,0.1393636,0.3520211,0.0,1.0,0.0,0.8196687207524315,1040.167803322043
1668529965.970328,1269.59,0.5799999999999272,0.38924379,0.2498801899999999,0.0,1.0,0.0,0.8196687207524315,1040.643211180079
1668530026.6503468,1269.07,-0.5199999999999818,0.49415648,0.10491269,0.0,1.0,0.0,0.8196687207524315,1040.2169834452882
1668530086.6386905,1267.16,-1.9099999999998545,0.34943022,-0.14472626,1.0,0.0,1038.6514161886512,0.0,1038.6514161886512
1668530146.576955,1268.34,1.1799999999998363,0.52250397,0.17307375,0.0,1.0,0.0,0.8189061420349837,1038.6514161886512
1668530207.550738,1268.16,-0.1799999999998363,0.47030235,-0.05220162,1.0,0.0,1038.504013083085,0.0,1038.504013083085
1668530267.5737169,1267.07,-1.0900000000001455,0.31001317,-0.1602891799999999,1.0,0.0,1038.504013083085,0.0,1038.504013083085
1668530327.6322472,1266.2,-0.8699999999998909,0.19014523,-0.11986794,1.0,0.0,1038.504013083085,0.0,1038.504013083085
1668530388.450851,1266.54,0.3399999999999181,0.10876912,-0.08137611,1.0,0.0,1038.504013083085,0.0,1038.504013083085
1668530448.5913692,1266.4,-0.1399999999998726,0.01913722,-0.0896319,1.0,0.0,1038.504013083085,0.0,1038.504013083085
1668530508.4320853,1264.89,-1.509999999999991,-0.16963161,-0.18876883,1.0,0.0,1038.504013083085,0.0,1038.504013083085
1668530569.169535,1263.04,-1.8500000000001364,-0.47708389,-0.30745228,1.0,0.0,1038.504013083085,0.0,1038.504013083085
1668530629.195887,1262.31,-0.7300000000000182,-0.7807688,-0.30368491,1.0,0.0,1038.504013083085,0.0,1038.504013083085
1668530689.1708832,1261.48,-0.8299999999999272,-1.14375894,-0.3629901399999998,1.0,0.0,1038.504013083085,0.0,1038.504013083085
1668530750.1933253,1261.13,-0.349999999999909,-1.36319177,-0.2194328300000001,1.0,0.0,1038.504013083085,0.0,1038.504013083085
1668530810.0987377,1262.57,1.4399999999998272,-1.37898055,-0.01578878,1.0,0.0,1038.504013083085,0.0,1038.504013083085
1668530870.2429223,1262.96,0.3900000000001,-1.3764517,0.00252885,0.0,1.0,0.0,0.822277833884751,1038.504013083085
1668530930.940521,1263.64,0.6800000000000637,-1.27563502,0.1008166800000001,0.0,1.0,0.0,0.822277833884751,1039.0631620101267
1668530990.8344705,1262.8,-0.8400000000001455,-1.31425028,-0.03861526,1.0,0.0,1038.3724486296635,0.0,1038.3724486296635
1668531050.928344,1263.49,0.6900000000000546,-1.2296371,0.08461318,0.0,1.0,0.0,0.821828782681037,1038.3724486296635
1668531111.6290658,1264.31,0.8199999999999363,-1.12040017,0.10923693,0.0,1.0,0.0,0.821828782681037,1039.046348231462
1668531171.5755482,1264.0,-0.3099999999999454,-1.00510909,0.1152910799999999,0.0,1.0,0.0,0.821828782681037,1038.7915813088307
1668531232.6195302,1263.63,-0.3699999999998908,-0.92133831,0.0837707799999999,0.0,1.0,0.0,0.821828782681037,1038.4875046592388
1668531292.5795648,1264.35,0.7199999999997999,-0.74009129,0.18124702,0.0,1.0,0.0,0.821828782681037,1039.079221382769
1668531352.5697467,1263.41,-0.9399999999998272,-0.6724766,0.0676146899999999,0.0,1.0,0.0,0.821828782681037,1038.306702327049
1668531412.7400317,1264.2,0.7899999999999636,-0.56516851,0.1073080899999999,0.0,1.0,0.0,0.821828782681037,1038.955947065367
1668531473.4818716,1263.96,-0.2400000000000091,-0.47788634,0.0872821699999999,0.0,1.0,0.0,0.821828782681037,1038.7587081575236
1668531533.412215,1265.87,1.9099999999998545,-0.23416735,0.24371899,0.0,1.0,0.0,0.821828782681037,1040.3284011324442
1668531593.3978355,1267.1,1.2300000000000182,0.00153745,0.2357048,0.0,1.0,0.0,0.821828782681037,1041.339250535142
1668531654.2498355,1266.03,-1.0699999999999363,0.16202549,0.16048804,0.0,1.0,0.0,0.821828782681037,1040.4598937376732
1668531714.85262,1265.88,-0.1499999999998635,0.30960825,0.1475827599999999,0.0,1.0,0.0,0.821828782681037,1040.3366194202713
1668531774.8413217,1266.9,1.0199999999999818,0.4217893,0.11218105,0.0,1.0,0.0,0.821828782681037,1041.174884778606
1668531835.774613,1265.66,-1.240000000000009,0.39360188,-0.0281874199999999,1.0,0.0,1040.1558170880814,0.0,1040.1558170880814
1668531896.2936604,1266.52,0.8599999999999,0.48874943,0.0951475499999999,0.0,1.0,0.0,0.8212707395762258,1040.1558170880814
1668531955.700975,1266.83,0.3099999999999454,0.5485596,0.05981017,0.0,1.0,0.0,0.8212707395762258,1040.41041101735
1668532016.592071,1265.76,-1.0699999999999363,0.3743266,-0.174233,1.0,0.0,1039.5316513260036,0.0,1039.5316513260036
1668532076.6567426,1265.37,-0.3900000000001,0.37665908,0.0023324799999999,0.0,1.0,0.0,0.8215238636335647,1039.5316513260036
1668532136.6125264,1267.72,2.3500000000001364,0.54671089,0.1700518099999999,0.0,1.0,0.0,0.8215238636335647,1041.4622324055426
1668532197.7888312,1269.34,1.6199999999998909,0.80914504,0.26243415,0.0,1.0,0.0,0.8215238636335647,1042.793101064629
1668532257.750034,1268.52,-0.8199999999999363,0.90495836,0.0958133199999999,0.0,1.0,0.0,0.8215238636335647,1042.1194514964495
1668532317.8857272,1269.22,0.7000000000000455,1.03401233,0.1290539699999999,0.0,1.0,0.0,0.8215238636335647,1042.694518200993
1668532379.2774148,1268.84,-0.3800000000001091,1.05516493,0.0211525999999999,0.0,1.0,0.0,0.8215238636335647,1042.382339132812
1668532439.77155,1269.11,0.2699999999999818,1.12216458,0.06699965,0.0,1.0,0.0,0.8215238636335647,1042.6041505759931
1668532499.1110792,1268.18,-0.9299999999998364,1.04546311,-0.0767014699999999,1.0,0.0,1041.8401333828142,0.0,1041.8401333828142
1668532560.5493767,1267.6,-0.5800000000001546,0.99152328,-0.05393983,1.0,0.0,1041.8401333828142,0.0,1041.8401333828142
1668532620.3527462,1268.71,1.110000000000127,1.01352862,0.0220053399999999,0.0,1.0,0.0,0.8211806743722475,1041.8401333828142
1668532680.2834363,1268.73,0.0199999999999818,0.97783534,-0.0356932799999999,1.0,0.0,1041.8565569963016,0.0,1041.8565569963016
1668532741.2930803,1268.08,-0.650000000000091,0.87531851,-0.10251683,1.0,0.0,1041.8565569963016,0.0,1041.8565569963016
1668532801.083811,1267.9,-0.1799999999998363,0.8122487,-0.06306981,1.0,0.0,1041.8565569963016,0.0,1041.8565569963016
1668532860.9996696,1270.34,2.439999999999827,0.95778607,0.14553737,0.0,1.0,0.0,0.8201399286775994,1041.8565569963016
1668532921.844127,1269.17,-1.1699999999998454,0.88089987,-0.0768862,1.0,0.0,1040.896993279749,0.0,1040.896993279749
1668532982.0736663,1269.67,0.5,0.92155811,0.0406582399999999,0.0,1.0,0.0,0.8198169550196106,1040.896993279749
1668533042.043171,1267.01,-2.660000000000082,0.68432423,-0.23723388,1.0,0.0,1038.7162801793968,0.0,1038.7162801793968
1668533104.063557,1267.56,0.5499999999999545,0.62308941,-0.06123482,1.0,0.0,1038.7162801793968,0.0,1038.7162801793968
1668533164.243321,1268.77,1.2100000000000364,0.68157993,0.0584905199999999,0.0,1.0,0.0,0.8186797293279292,1038.7162801793968
1668533224.439452,1269.51,0.7400000000000091,0.71846129,0.03688136,0.0,1.0,0.0,0.8186797293279292,1039.3221031790997
1668533284.8519194,1269.33,-0.1800000000000636,0.69195836,-0.02650293,1.0,0.0,1039.1747408278204,0.0,1039.1747408278204
1668533344.98662,1269.48,0.1500000000000909,0.70141491,0.00945655,0.0,1.0,0.0,0.8185829952640612,1039.1747408278204
1668533405.005167,1270.12,0.6399999999998727,0.77086862,0.06945371,0.0,1.0,0.0,0.8185829952640612,1039.6986339447892
1668533466.3390996,1270.27,0.1500000000000909,0.80898097,0.03811235,0.0,1.0,0.0,0.8185829952640612,1039.821421394079
1668533526.0344827,1270.21,-0.0599999999999454,0.82041517,0.0114341999999999,0.0,1.0,0.0,0.8185829952640612,1039.7723064143631
1668533585.8872106,1272.76,2.5499999999999545,0.94148224,0.12106707,0.0,1.0,0.0,0.8185829952640612,1041.8596930522865
1668533648.686288,1273.37,0.6099999999999,1.19183668,0.2503544399999999,0.0,1.0,0.0,0.8185829952640612,1042.3590286793976
1668533708.0603151,1271.27,-2.099999999999909,1.1120919,-0.0797447799999999,1.0,0.0,1040.6400043893432,0.0,1040.6400043893432
1668533767.9279988,1272.44,1.1700000000000728,1.17607108,0.06397918,0.0,1.0,0.0,0.8178303137195806,1040.6400043893432
1668533831.113328,1272.46,0.0199999999999818,1.24843758,0.0723665,0.0,1.0,0.0,0.8178303137195806,1040.6563609956177
1668533890.7814677,1271.86,-0.6000000000001364,1.15156346,-0.09687412,1.0,0.0,1040.1656628073856,0.0,1040.1656628073856
1668533950.766405,1272.66,0.8000000000001819,1.20806097,0.05649751,0.0,1.0,0.0,0.8173162217775255,1040.1656628073856
1668534012.2492995,1272.36,-0.3000000000001819,1.19597685,-0.0120841199999999,1.0,0.0,1039.9204679408522,0.0,1039.9204679408522
1668534072.7152848,1272.34,-0.0199999999999818,1.11532434,-0.0806525100000001,1.0,0.0,1039.9204679408522,0.0,1039.9204679408522
1668534131.816551,1271.66,-0.6799999999998363,1.06107933,-0.0542450099999998,1.0,0.0,1039.9204679408522,0.0,1039.9204679408522
1668534192.5212357,1271.06,-0.6000000000001364,0.9140411,-0.14703823,1.0,0.0,1039.9204679408522,0.0,1039.9204679408522
1668534252.5097485,1270.05,-1.009999999999991,0.5701828,-0.3438583,1.0,0.0,1039.9204679408522,0.0,1039.9204679408522
1668534312.8335657,1270.5,0.4500000000000455,0.52112924,-0.0490535599999999,1.0,0.0,1039.9204679408522,0.0,1039.9204679408522
1668534373.751105,1268.72,-1.7799999999999727,0.19638318,-0.32474606,1.0,0.0,1039.9204679408522,0.0,1039.9204679408522
1668534433.8759968,1269.21,0.4900000000000091,0.12023123,-0.07615195,1.0,0.0,1039.9204679408522,0.0,1039.9204679408522
1668534493.7484355,1270.45,1.240000000000009,0.2044785,0.08424727,0.0,1.0,0.0,0.8185449785043505,1039.9204679408522
1668534554.7392168,1270.68,0.2300000000000182,0.22254297,0.01806447,0.0,1.0,0.0,0.8185449785043505,1040.108733285908
1668534614.9699492,1269.77,-0.910000000000082,0.0917611,-0.13078187,1.0,0.0,1039.363857355469,0.0,1039.363857355469
1668534674.912751,1269.15,-0.6199999999998909,-0.04314424,-0.1349053399999999,1.0,0.0,1039.363857355469,0.0,1039.363857355469
1668534735.3885708,1268.66,-0.4900000000000091,-0.08223256,-0.0390883199999999,1.0,0.0,1039.363857355469,0.0,1039.363857355469
1668534794.5810506,1266.93,-1.7300000000000182,-0.5325431,-0.45031054,1.0,0.0,1039.363857355469,0.0,1039.363857355469
1668534854.6369462,1267.95,1.0199999999999818,-0.51458466,0.01795844,0.0,1.0,0.0,0.8197199080054174,1039.363857355469
1668534916.7360065,1267.69,-0.2599999999999909,-0.59515418,-0.0805695199999999,1.0,0.0,1039.1507301793877,0.0,1039.1507301793877
1668534974.5969326,1266.75,-0.9400000000000546,-0.76812693,-0.17297275,1.0,0.0,1039.1507301793877,0.0,1039.1507301793877
1668535034.9845176,1267.37,0.6199999999998909,-0.74849904,0.0196278899999999,0.0,1.0,0.0,0.8199268802160282,1039.1507301793877
1668535094.8707986,1266.54,-0.8299999999999272,-0.88067171,-0.13217267,1.0,0.0,1038.4701908688085,0.0,1038.4701908688085
1668535155.0450995,1265.68,-0.8599999999999,-1.04450272,-0.1638310100000001,1.0,0.0,1038.4701908688085,0.0,1038.4701908688085
1668535214.6746566,1267.08,1.3999999999998636,-0.90805924,0.13644348,0.0,1.0,0.0,0.8195774464665282,1038.4701908688085
1668535274.8739166,1266.93,-0.1499999999998635,-0.89952358,0.00853566,0.0,1.0,0.0,0.8195774464665282,1038.3472542518386
1668535335.1689873,1266.78,-0.1500000000000909,-0.89503955,0.0044840299999999,0.0,1.0,0.0,0.8195774464665282,1038.2243176348686
1668535395.0110092,1266.35,-0.4300000000000636,-0.9333534,-0.0383138499999999,1.0,0.0,1037.871899332888,0.0,1037.871899332888
1668535455.1243637,1264.28,-2.0699999999999363,-1.21785544,-0.2845020399999999,1.0,0.0,1037.871899332888,0.0,1037.871899332888
1668535515.07867,1265.86,1.5799999999999272,-1.07415052,0.1437049199999998,0.0,1.0,0.0,0.8198946955689319,1037.871899332888
1668535574.6640728,1264.12,-1.740000000000009,-1.29404009,-0.2198895699999998,1.0,0.0,1036.445282562598,0.0,1036.445282562598
1668535635.5482166,1263.28,-0.8399999999999181,-1.46156673,-0.1675266399999999,1.0,0.0,1036.445282562598,0.0,1036.445282562598
1668535694.9115672,1263.61,0.3299999999999272,-1.47701456,-0.01544783,1.0,0.0,1036.445282562598,0.0,1036.445282562598
1668535754.9949324,1264.76,1.150000000000091,-1.33034346,0.1466711,0.0,1.0,0.0,0.8194798084716453,1036.445282562598
1668535814.984507,1263.34,-1.4200000000000728,-1.47349465,-0.1431511899999999,1.0,0.0,1035.2816212345683,0.0,1035.2816212345683
1668535875.0204518,1264.41,1.0700000000001637,-1.32884195,0.1446526999999999,0.0,1.0,0.0,0.8187863281962087,1035.2816212345683
1668535934.978642,1263.98,-0.4300000000000636,-1.3280178,0.0008241499999999,0.0,1.0,0.0,0.8187863281962087,1034.9295431134435
1668535994.89223,1263.26,-0.7200000000000273,-1.38898282,-0.06096502,1.0,0.0,1034.3400169571426,0.0,1034.3400169571426
1668536054.8541756,1264.67,1.410000000000082,-1.17409785,0.2148849699999999,0.0,1.0,0.0,0.8178734507477385,1034.3400169571426
1668536115.1051545,1263.79,-0.8800000000001091,-1.20426802,-0.0301701699999998,1.0,0.0,1033.6202883204844,0.0,1033.6202883204844
1668536174.8861582,1262.63,-1.1599999999998545,-1.32317179,-0.1189037699999999,1.0,0.0,1033.6202883204844,0.0,1033.6202883204844
1668536234.9611807,1262.88,0.25,-1.29403609,0.0291356999999998,0.0,1.0,0.0,0.8184627900675316,1033.6202883204844
1668536295.0180345,1262.1,-0.7800000000002001,-1.38234974,-0.0883136499999999,1.0,0.0,1032.9818873442316,0.0,1032.9818873442316
1668536354.969368,1261.38,-0.7199999999997999,-1.48881947,-0.1064697299999999,1.0,0.0,1032.9818873442316,0.0,1032.9818873442316
1668536415.1532395,1260.45,-0.9300000000000636,-1.6423527,-0.15353323,1.0,0.0,1032.9818873442316,0.0,1032.9818873442316
1668536474.8657196,1260.31,-0.1400000000001,-1.70558312,-0.06323042,1.0,0.0,1032.9818873442316,0.0,1032.9818873442316
1668536534.9785068,1260.49,0.1800000000000636,-1.70024971,0.0053334099999999,0.0,1.0,0.0,0.8195081970854442,1032.9818873442316
1668536594.8969357,1258.14,-2.349999999999909,-2.0213877,-0.32113799,1.0,0.0,1031.0560430810808,0.0,1031.0560430810808
1668536654.9168675,1257.24,-0.900000000000091,-2.23029913,-0.2089114300000001,1.0,0.0,1031.0560430810808,0.0,1031.0560430810808
1668536715.0926862,1259.07,1.8299999999999272,-2.05052814,0.1797709900000001,0.0,1.0,0.0,0.8189028752023961,1031.0560430810808
1668536774.5212777,1257.2,-1.8699999999998909,-2.267536,-0.2170078600000002,1.0,0.0,1029.5246947044525,0.0,1029.5246947044525
1668536834.4852643,1256.77,-0.4300000000000636,-2.35501144,-0.0874754399999999,1.0,0.0,1029.5246947044525,0.0,1029.5246947044525
1668536894.579352,1253.14,-3.6299999999998818,-2.88668417,-0.5316727299999999,1.0,0.0,1029.5246947044525,0.0,1029.5246947044525
1668536954.6801126,1251.58,-1.5600000000001728,-3.26148344,-0.37479927,1.0,0.0,1029.5246947044525,0.0,1029.5246947044525
1668537014.4396946,1252.09,0.5099999999999909,-3.34774262,-0.0862591799999998,1.0,0.0,1029.5246947044525,0.0,1029.5246947044525
1668537074.6790695,1253.97,1.8800000000001087,-3.14267104,0.2050715799999998,0.0,1.0,0.0,0.8210122209498253,1029.5246947044525
1668537134.572747,1242.98,-10.990000000000007,-4.61911811,-1.4764470699999994,1.0,0.0,1020.5017703962138,0.0,1020.5017703962138
1668537194.5085032,1242.43,-0.5499999999999545,-5.11348498,-0.4943668700000003,1.0,0.0,1020.5017703962138,0.0,1020.5017703962138
1668537254.294598,1243.99,1.5599999999999454,-5.186395,-0.0729100200000001,1.0,0.0,1020.5017703962138,0.0,1020.5017703962138
1668537366.6233068,1242.85,-1.1400000000001,-5.44369147,-0.25729647,1.0,0.0,1020.5017703962138,0.0,1020.5017703962138
1668537375.292018,1242.84,-0.0099999999999909,-5.51278895,-0.0690974799999999,1.0,0.0,1020.5017703962138,0.0,1020.5017703962138
1668537435.2945707,1243.62,0.7799999999999727,-5.3932227,0.1195662500000001,0.0,1.0,0.0,0.8205897061773001,1020.5017703962138
1668537495.0714116,1240.48,-3.1399999999998727,-5.73133703,-0.3381143299999998,1.0,0.0,1017.9251187188172,0.0,1017.9251187188172
1668537555.075074,1237.34,-3.1400000000001,-6.17794094,-0.4466039100000003,1.0,0.0,1017.9251187188172,0.0,1017.9251187188172
1668537615.2181056,1238.47,1.1300000000001091,-6.10207738,0.0758635600000001,0.0,1.0,0.0,0.8219214988807296,1017.9251187188172
1668537675.1599286,1234.59,-3.880000000000109,-6.59282756,-0.49075018,1.0,0.0,1014.73606330316,0.0,1014.73606330316
1668537735.193445,1235.3,0.7100000000000364,-6.55869611,0.0341314500000002,0.0,1.0,0.0,0.8214490919640249,1014.73606330316
1668537795.1447036,1237.8,2.5,-6.14756448,0.4111316299999998,0.0,1.0,0.0,0.8214490919640249,1016.78968603307
1668537855.0488844,1240.59,2.789999999999964,-5.51848338,0.6290810999999996,0.0,1.0,0.0,0.8214490919640249,1019.0815289996495
1668537915.1756082,1239.55,-1.0399999999999636,-5.28287455,0.2356088300000003,0.0,1.0,0.0,0.8214490919640249,1018.227221944007
1668537975.0354643,1242.35,2.7999999999999545,-4.57850349,0.7043710599999997,0.0,1.0,0.0,0.8214490919640249,1020.5272794015063
1668538035.0499835,1242.85,0.5,-4.07816148,0.5003420099999998,0.0,1.0,0.0,0.8214490919640249,1020.9380039474884
1668538095.1024823,1242.64,-0.209999999999809,-3.70000083,0.3781606500000003,0.0,1.0,0.0,0.8214490919640249,1020.765499638176
1668538155.4403596,1242.24,-0.4000000000000909,-3.40560096,0.2943998699999999,0.0,1.0,0.0,0.8214490919640249,1020.4369200013904
1668538215.1995895,1241.63,-0.6099999999999,-3.19736685,0.2082341100000002,0.0,1.0,0.0,0.8214490919640249,1019.9358360552924
1668538275.23511,1242.91,1.2799999999999727,-2.76639648,0.4309703699999998,0.0,1.0,0.0,0.8214490919640249,1020.9872908930064
1668538335.0676398,1241.87,-1.040000000000191,-2.63673198,0.1296645,0.0,1.0,0.0,0.8214490919640249,1020.1329838373636
1668538395.050742,1243.1,1.2300000000000182,-2.26683533,0.3698966499999998,0.0,1.0,0.0,0.8214490919640249,1021.1433662204794
1668538455.105261,1241.29,-1.8099999999999448,-2.28269696,-0.0158616299999998,1.0,0.0,1019.6565433640244,0.0,1019.6565433640244
1668538515.0919278,1242.51,1.2200000000000273,-1.9841492,0.2985477599999999,0.0,1.0,0.0,0.8206425246992173,1019.6565433640244
1668538575.3294384,1241.36,-1.150000000000091,-1.96583321,0.01831599,0.0,1.0,0.0,0.8206425246992173,1018.7128044606204
1668538635.216573,1242.57,1.2100000000000364,-1.68678239,0.2790508199999999,0.0,1.0,0.0,0.8206425246992173,1019.7057819155063
1668538695.2086694,1244.4,1.8300000000001544,-1.26586126,0.42092113,0.0,1.0,0.0,0.8206425246992173,1021.207557735706
1668538755.1183703,1242.75,-1.650000000000091,-1.26989207,-0.0040308099999999,1.0,0.0,1019.8534975699524,0.0,1019.8534975699524
1668538815.1053815,1243.57,0.8199999999999363,-1.03952791,0.2303641599999999,0.0,1.0,0.0,0.8201013996557913,1019.8534975699524
1668538875.2334204,1243.88,0.3100000000001728,-0.8515353,0.1879926100000001,0.0,1.0,0.0,0.8201013996557913,1020.1077290038456
1668538935.539902,1241.87,-2.0100000000002183,-0.99994106,-0.14840576,1.0,0.0,1018.4593251905376,0.0,1018.4593251905376
1668538995.218125,1237.38,-4.489999999999782,-1.61515253,-0.61521147,1.0,0.0,1018.4593251905376,0.0,1018.4593251905376
1668539055.0691998,1237.68,0.2999999999999545,-1.5912209,0.02393163,0.0,1.0,0.0,0.8228777431893038,1018.4593251905376
1668539115.1451192,1236.01,-1.6700000000000728,-2.11914754,-0.5279266400000002,1.0,0.0,1017.0851193594116,0.0,1017.0851193594116
1668539175.1152985,1237.74,1.7300000000000182,-2.0116433,0.1075042400000003,0.0,1.0,0.0,0.8217275997862327,1017.0851193594116
1668539235.1931462,1238.79,1.0499999999999543,-1.86417603,0.1474672699999997,0.0,1.0,0.0,0.8217275997862327,1017.9479333391872
1668539295.2344484,1238.95,0.1600000000000818,-1.76977631,0.0943997200000001,0.0,1.0,0.0,0.8217275997862327,1018.079409755153
1668539355.281591,1239.76,0.8099999999999454,-1.70516092,0.0646153899999999,0.0,1.0,0.0,0.8217275997862327,1018.7450091109798
1668539415.3652148,1240.23,0.4700000000000273,-1.46156101,0.2435999099999999,0.0,1.0,0.0,0.8217275997862327,1019.1312210828794
1668539475.213349,1241.81,1.5799999999999272,-1.08255584,0.3790051700000001,0.0,1.0,0.0,0.8217275997862327,1020.4295506905416
1668539535.231877,1245.15,3.340000000000145,-0.39864433,0.68391151,0.0,1.0,0.0,0.8217275997862327,1023.1741208738276
1668539595.2995996,1245.9,0.75,0.03713439,0.43577872,0.0,1.0,0.0,0.8217275997862327,1023.7904165736674
1668539655.2099855,1247.07,1.1699999999998454,0.13046773,0.09333334,0.0,1.0,0.0,0.8217275997862327,1024.7518378654172
1668539715.3230395,1246.44,-0.6299999999998818,0.44455775,0.3140900199999999,0.0,1.0,0.0,0.8217275997862327,1024.234149477552
1668539775.1822278,1245.92,-0.5199999999999818,0.78865007,0.34409232,0.0,1.0,0.0,0.8217275997862327,1023.8068511256632
1668539836.281139,1245.66,-0.2599999999999909,0.86337579,0.07472572,0.0,1.0,0.0,0.8217275997862327,1023.5932019497186
1668539895.1367552,1246.01,0.349999999999909,0.97719338,0.11381759,0.0,1.0,0.0,0.8217275997862327,1023.8808066096436
1668539955.2323103,1246.7,0.6900000000000546,1.13213679,0.1549434099999999,0.0,1.0,0.0,0.8217275997862327,1024.4477986534962
1668540015.1953118,1247.62,0.9199999999998454,1.32693321,0.19479642,0.0,1.0,0.0,0.8217275997862327,1025.2037880452997
1668540075.2534182,1249.76,2.1400000000001,1.70944592,0.3825127100000001,0.0,1.0,0.0,0.8217275997862327,1026.962285108842
1668540135.3249867,1250.57,0.8099999999999454,1.96979331,0.2603473899999999,0.0,1.0,0.0,0.8217275997862327,1027.627884464669
1668540195.2181897,1248.45,-2.119999999999891,1.80163332,-0.1681599899999999,1.0,0.0,1025.885821953122,0.0,1025.885821953122
1668540255.2021725,1247.07,-1.3800000000001091,1.5861554,-0.2154779200000001,1.0,0.0,1025.885821953122,0.0,1025.885821953122
1668540316.4507682,1249.55,2.480000000000018,1.83671108,0.2505556799999999,0.0,1.0,0.0,0.821004219081367,1025.885821953122
1668540375.333498,1249.49,-0.0599999999999454,1.84860372,0.0118926400000001,0.0,1.0,0.0,0.821004219081367,1025.8365616999772
1668540435.153247,1249.49,0.0,1.84122048,-0.00738324,1.0,0.0,1025.8365616999772,0.0,1025.8365616999772
1668540495.1999028,1249.45,-0.0399999999999636,1.80878973,-0.03243075,1.0,0.0,1025.8365616999772,0.0,1025.8365616999772
1668540555.1710367,1249.32,-0.1300000000001091,1.7462659,-0.0625238299999999,1.0,0.0,1025.8365616999772,0.0,1025.8365616999772
1668540615.2394009,1250.13,0.8100000000001728,1.79939217,0.0531262699999999,0.0,1.0,0.0,0.8205839086334838,1025.8365616999772
1668540675.159491,1249.83,-0.3000000000001819,1.77546055,-0.0239316199999999,1.0,0.0,1025.590386527387,0.0,1025.590386527387
1668540735.327236,1248.83,-1.0,1.47723284,-0.2982277099999999,1.0,0.0,1025.590386527387,0.0,1025.590386527387
1668540796.629742,1249.62,0.7899999999999636,1.49255264,0.0153197999999998,0.0,1.0,0.0,0.8207218086517397,1025.590386527387
1668540855.3052857,1248.73,-0.8899999999998727,1.31235897,-0.1801936699999999,1.0,0.0,1024.8599441176868,0.0,1024.8599441176868
1668540915.4814034,1246.4,-2.3299999999999272,0.88247588,-0.42988309,1.0,0.0,1024.8599441176868,0.0,1024.8599441176868
1668540975.2812762,1248.29,1.889999999999873,0.94841511,0.06593923,0.0,1.0,0.0,0.8210110984768658,1024.8599441176868
1668541035.2810986,1249.0,0.7100000000000364,0.97089618,0.0224810699999999,0.0,1.0,0.0,0.8210110984768658,1025.4428619976054
1668541095.2695782,1248.71,-0.2899999999999636,0.89270043,-0.07819575,1.0,0.0,1025.204768779047,0.0,1025.204768779047
1668541155.2848313,1250.17,1.4600000000000364,1.04516092,0.15246049,0.0,1.0,0.0,0.8200522879120815,1025.204768779047
1668541215.2861502,1250.04,-0.1300000000001091,1.04369797,-0.00146295,1.0,0.0,1025.0981619816184,0.0,1025.0981619816184
1668541276.3891575,1250.74,0.7000000000000455,1.13773646,0.0940384899999999,0.0,1.0,0.0,0.8195933303337372,1025.0981619816184
1668541335.2339215,1250.28,-0.4600000000000364,1.08967129,-0.0480651699999998,1.0,0.0,1024.721149049665,0.0,1024.721149049665
1668541395.314875,1253.47,3.1900000000000546,1.5186757,0.4290044099999999,0.0,1.0,0.0,0.8175075183687404,1024.721149049665
1668541455.4024096,1251.82,-1.650000000000091,1.40548692,-0.1131887799999999,1.0,0.0,1023.3722616443564,0.0,1023.3722616443564
1668541515.2414832,1251.55,-0.2699999999999818,1.3657456,-0.03974132,1.0,0.0,1023.3722616443564,0.0,1023.3722616443564
1668541575.3322947,1252.04,0.4900000000000091,1.40580357,0.0400579700000001,0.0,1.0,0.0,0.8173638714772343,1023.3722616443564
1668541635.3112533,1249.22,-2.8199999999999363,0.9912755,-0.41452807,1.0,0.0,1021.0672955267906,0.0,1021.0672955267906
1668541695.450663,1249.55,0.3299999999999272,0.8774885,-0.1137869999999999,1.0,0.0,1021.0672955267906,0.0,1021.0672955267906
1668541755.8706057,1249.57,0.0199999999999818,0.76055078,-0.11693772,1.0,0.0,1021.0672955267906,0.0,1021.0672955267906
1668541815.371672,1250.4,0.8300000000001546,0.77697153,0.0164207499999999,0.0,1.0,0.0,0.8165925268128523,1021.0672955267906
1668541875.4273968,1250.45,0.0499999999999545,0.73617596,-0.04079557,1.0,0.0,1021.1081251531313,0.0,1021.1081251531313
1668541935.3312814,1251.45,1.0,0.83467757,0.09850161,0.0,1.0,0.0,0.8159400097112399,1021.1081251531313
1668541995.2778218,1251.44,-0.0099999999999909,0.83780108,0.0031235099999999,0.0,1.0,0.0,0.8159400097112399,1021.099965753034
1668542055.273273,1249.72,-1.7200000000000273,0.5875663,-0.25023478,1.0,0.0,1019.6965489363308,0.0,1019.6965489363308
1668542115.376546,1250.56,0.8399999999999181,0.61168611,0.0241198099999999,0.0,1.0,0.0,0.8153919435583505,1019.6965489363308
1668542175.6042612,1251.35,0.7899999999999636,0.68340531,0.0717192000000001,0.0,1.0,0.0,0.8153919435583505,1020.340708571742
1668542235.3570862,1256.41,5.060000000000173,1.39648617,0.7130808599999999,0.0,1.0,0.0,0.8153919435583505,1024.466591806147
1668542295.3484197,1257.58,1.1699999999998454,1.78902506,0.39253889,0.0,1.0,0.0,0.8153919435583505,1025.4206003801105
1668542355.3270285,1258.51,0.9300000000000636,2.13452473,0.3454996699999999,0.0,1.0,0.0,0.8153919435583505,1026.1789148876198
1668542415.3596485,1257.29,-1.2200000000000273,2.14968762,0.01516289,0.0,1.0,0.0,0.8153919435583505,1025.1841367164786
1668542475.2541957,1261.49,4.2000000000000455,2.80828224,0.6585946200000001,0.0,1.0,0.0,0.8153919435583505,1028.6087828794236
1668542535.3436928,1261.49,0.0,3.0291491,0.2208668600000001,0.0,1.0,0.0,0.8153919435583505,1028.6087828794236
1668542595.4445343,1261.86,0.3699999999998908,3.21997684,0.19082774,0.0,1.0,0.0,0.8153919435583505,1028.9104778985402
1668542655.533057,1264.08,2.220000000000028,3.62287486,0.4028980199999998,0.0,1.0,0.0,0.8153919435583505,1030.7206480132395
1668542715.4897006,1261.68,-2.399999999999864,3.42047144,-0.20240342,1.0,0.0,1028.7637073486997,0.0,1028.7637073486997
1668542775.5132794,1258.68,-3.0,2.94819985,-0.4722715900000001,1.0,0.0,1028.7637073486997,0.0,1028.7637073486997
1668542837.5402343,1257.77,-0.910000000000082,2.60344739,-0.34475246,1.0,0.0,1028.7637073486997,0.0,1028.7637073486997
1668542895.6409297,1257.74,-0.0299999999999727,2.35630693,-0.2471404599999997,1.0,0.0,1028.7637073486997,0.0,1028.7637073486997
1668542955.464121,1257.31,-0.4300000000000636,2.07629908,-0.28000785,1.0,0.0,1028.7637073486997,0.0,1028.7637073486997
1668543015.542457,1258.0,0.6900000000000546,1.95829807,-0.1180010100000001,1.0,0.0,1028.7637073486997,0.0,1028.7637073486997
1668543075.6892066,1256.86,-1.1400000000001,1.63925247,-0.3190455999999999,1.0,0.0,1028.7637073486997,0.0,1028.7637073486997
1668543135.5878444,1255.01,-1.849999999999909,1.18033584,-0.45891663,1.0,0.0,1028.7637073486997,0.0,1028.7637073486997
1668543195.5466254,1255.17,0.1600000000000818,0.94557671,-0.2347591299999999,1.0,0.0,1028.7637073486997,0.0,1028.7637073486997
1668543255.471313,1254.94,-0.2300000000000182,0.70835953,-0.23721718,1.0,0.0,1028.7637073486997,0.0,1028.7637073486997
1668543315.469165,1254.82,-0.1200000000001182,0.51122862,-0.1971309099999999,1.0,0.0,1028.7637073486997,0.0,1028.7637073486997
1668543375.6448348,1253.65,-1.1699999999998454,0.19368618,-0.31754244,1.0,0.0,1028.7637073486997,0.0,1028.7637073486997
1668543435.5652368,1252.81,-0.8400000000001455,-0.10292797,-0.29661415,1.0,0.0,1028.7637073486997,0.0,1028.7637073486997
1668543495.4825273,1252.43,-0.3799999999998817,-0.33597908,-0.23305111,1.0,0.0,1028.7637073486997,0.0,1028.7637073486997
1668543555.9660313,1252.24,-0.1900000000000545,-0.51722423,-0.1812451499999999,1.0,0.0,1028.7637073486997,0.0,1028.7637073486997
1668543615.6324646,1253.11,0.8699999999998909,-0.51847085,-0.00124662,1.0,0.0,1028.7637073486997,0.0,1028.7637073486997
1668543675.882073,1252.81,-0.2999999999999545,-0.61093826,-0.0924674099999999,1.0,0.0,1028.7637073486997,0.0,1028.7637073486997
1668543735.496039,1252.68,-0.1299999999998817,-0.67480835,-0.0638700899999999,1.0,0.0,1028.7637073486997,0.0,1028.7637073486997
1668543795.5376513,1254.13,1.4500000000000457,-0.50529926,0.1695090899999999,0.0,1.0,0.0,0.8203006923912988,1028.7637073486997
1668546144.1163657,1255.27,1.139999999999873,0.52605836,1.03135762,0.0,1.0,0.0,0.8203006923912988,1029.6988501380256
1668546203.8548772,1254.05,-1.2200000000000273,0.46683567,-0.0592226899999999,1.0,0.0,1028.6980832933082,0.0,1028.6980832933082
1668546263.873879,1254.7,0.650000000000091,0.58262606,0.1157903899999999,0.0,1.0,0.0,0.8198757338752755,1028.6980832933082
1668546324.8459823,1254.42,-0.2799999999999727,0.58711516,0.0044891,0.0,1.0,0.0,0.8198757338752755,1028.4685180878232
1668546384.7594388,1254.5,0.0799999999999272,0.61150944,0.0243942799999999,0.0,1.0,0.0,0.8198757338752755,1028.534108146533
1668546444.838656,1252.25,-2.25,0.30121244,-0.3102969999999999,1.0,0.0,1026.6893877453138,0.0,1026.6893877453138
1668546506.3909817,1250.99,-1.259999999999991,0.01717675,-0.28403569,1.0,0.0,1026.6893877453138,0.0,1026.6893877453138
1668546565.6592512,1251.0,0.0099999999999909,-0.12477518,-0.14195193,1.0,0.0,1026.6893877453138,0.0,1026.6893877453138
1668546625.6942446,1249.65,-1.349999999999909,-0.4260426,-0.30126742,1.0,0.0,1026.6893877453138,0.0,1026.6893877453138
1668546686.3223555,1249.0,-0.650000000000091,-0.66535943,-0.2393168299999999,1.0,0.0,1026.6893877453138,0.0,1026.6893877453138
1668546746.5014231,1248.43,-0.5699999999999363,-0.88461197,-0.21925254,1.0,0.0,1026.6893877453138,0.0,1026.6893877453138
1668546806.5768526,1246.95,-1.4800000000000182,-1.22052675,-0.3359147800000001,1.0,0.0,1026.6893877453138,0.0,1026.6893877453138
1668546867.9251428,1248.42,1.4700000000000273,-1.1694966,0.0510301500000001,0.0,1.0,0.0,0.82239101243597,1026.6893877453138
1668546927.924073,1249.37,0.949999999999818,-1.07376801,0.09572859,0.0,1.0,0.0,0.82239101243597,1027.4706592071277
1668546988.6852598,1249.54,0.1700000000000727,-1.0224891,0.0512789099999999,0.0,1.0,0.0,0.82239101243597,1027.610465679242
1668547048.7254598,1248.2,-1.339999999999918,-1.17008667,-0.14759757,1.0,0.0,1026.5084617225775,0.0,1026.5084617225775
1668547108.7802036,1248.3,0.099999999999909,-1.17450591,-0.0044192399999998,1.0,0.0,1026.5084617225775,0.0,1026.5084617225775
1668547168.8707187,1248.77,0.4700000000000273,-1.10439317,0.0701127399999999,0.0,1.0,0.0,0.8220156327606986,1026.5084617225775
1668547229.536647,1249.54,0.7699999999999818,-0.9574015,0.14699167,0.0,1.0,0.0,0.8220156327606986,1027.1414137598033
1668547289.6091058,1249.43,-0.1099999999998999,-0.89561692,0.0617845799999999,0.0,1.0,0.0,0.8220156327606986,1027.0509920401996
1668547349.5743546,1248.63,-0.7999999999999545,-0.94259379,-0.0469768699999999,1.0,0.0,1026.393379533991,0.0,1026.393379533991
1668547410.5424633,1248.02,-0.6100000000001273,-1.00427283,-0.0616790399999999,1.0,0.0,1026.393379533991,0.0,1026.393379533991
1668547470.5268002,1248.83,0.8099999999999454,-0.88914886,0.1151239699999998,0.0,1.0,0.0,0.8218839870390614,1026.393379533991
1668547531.0013444,1249.24,0.4100000000000818,-0.78148523,0.10766363,0.0,1.0,0.0,0.8218839870390614,1026.730351968677
1668547591.4897544,1248.91,-0.3299999999999272,-0.76111789,0.02036734,0.0,1.0,0.0,0.8218839870390614,1026.4591302529543
1668547651.3778944,1249.01,0.099999999999909,-0.70171669,0.0594011999999999,0.0,1.0,0.0,0.8218839870390614,1026.541318651658
1668547711.3379655,1249.35,0.3399999999999181,-0.60474222,0.09697447,0.0,1.0,0.0,0.8218839870390614,1026.8207592072513
1668547772.1336858,1249.17,-0.1799999999998363,-0.56918441,0.03555781,0.0,1.0,0.0,0.8218839870390614,1026.6728200895843
1668547832.1113138,1248.42,-0.75,-0.62898625,-0.0598018399999999,1.0,0.0,1026.056407099305,0.0,1026.056407099305
1668547892.213418,1248.43,0.0099999999999909,-0.61976746,0.0092187899999999,0.0,1.0,0.0,0.8218774036984893,1026.056407099305
1668547953.0739176,1247.41,-1.0199999999999818,-0.75092162,-0.1311541599999999,1.0,0.0,1025.2180921475326,0.0,1025.2180921475326
1668548014.040391,1246.71,-0.7000000000000455,-0.87970857,-0.12878695,1.0,0.0,1025.2180921475326,0.0,1025.2180921475326
1668548072.9732566,1245.22,-1.490000000000009,-1.13932212,-0.2596135500000001,1.0,0.0,1025.2180921475326,0.0,1025.2180921475326
1668548134.110341,1242.86,-2.360000000000128,-1.56898057,-0.4296584499999998,1.0,0.0,1025.2180921475326,0.0,1025.2180921475326
1668548194.0239415,1244.75,1.8900000000001,-1.47366943,0.0953111399999999,0.0,1.0,0.0,0.8236337354067343,1025.2180921475326
1668548253.988491,1246.48,1.7300000000000182,-1.25514345,0.2185259799999999,0.0,1.0,0.0,0.8236337354067343,1026.6429785097862
1668548314.7903175,1246.01,-0.4700000000000273,-1.2441945,0.0109489499999999,0.0,1.0,0.0,0.8236337354067343,1026.2558706541452
1668548374.9005954,1247.46,1.4500000000000457,-0.98708704,0.25710746,0.0,1.0,0.0,0.8236337354067343,1027.450139570485
1668548434.9132736,1247.06,-0.4000000000000909,-0.92156997,0.06551707,0.0,1.0,0.0,0.8236337354067343,1027.120686076322
1668548496.0694742,1247.37,0.3099999999999454,-0.79153045,0.1300395199999999,0.0,1.0,0.0,0.8236337354067343,1027.376012534298
1668548555.6768277,1248.0,0.6300000000001091,-0.61093473,0.18059572,0.0,1.0,0.0,0.8236337354067343,1027.8949017876046
1668548615.8333223,1248.12,0.1199999999998908,-0.48365042,0.1272843099999999,0.0,1.0,0.0,0.8236337354067343,1027.9937378358532
1668548676.7061632,1246.22,-1.899999999999864,-0.65574412,-0.1720937,1.0,0.0,1026.4288337385806,0.0,1026.4288337385806
1668548736.644711,1245.71,-0.5099999999999909,-0.73582334,-0.08007922,1.0,0.0,1026.4288337385806,0.0,1026.4288337385806
1668548796.9425735,1243.41,-2.2999999999999545,-1.08343701,-0.3476136699999999,1.0,0.0,1026.4288337385806,0.0,1026.4288337385806
1668548857.5128562,1243.96,0.5499999999999545,-1.12193883,-0.03850182,1.0,0.0,1026.4288337385806,0.0,1026.4288337385806
1668548917.5783536,1243.55,-0.4100000000000818,-1.23103589,-0.10909706,1.0,0.0,1026.4288337385806,0.0,1026.4288337385806
1668548977.5546396,1244.74,1.1900000000000546,-1.10987664,0.12115925,0.0,1.0,0.0,0.8246130386575353,1026.4288337385806
1668549039.2228954,1244.63,-0.1099999999998999,-1.09221831,0.0176583299999999,0.0,1.0,0.0,0.8246130386575353,1026.3381263043282
1668549098.4321008,1245.81,1.1799999999998363,-0.89224473,0.1999735799999999,0.0,1.0,0.0,0.8246130386575353,1027.311169689944
1668549158.4736192,1245.53,-0.2799999999999727,-0.83810815,0.0541365799999999,0.0,1.0,0.0,0.8246130386575353,1027.08027803912
1668549219.217235,1245.16,-0.3699999999998908,-0.82094662,0.01716153,0.0,1.0,0.0,0.8246130386575353,1026.7751712148167
1668549279.253369,1246.09,0.9299999999998364,-0.64355354,0.1773930799999999,0.0,1.0,0.0,0.8246130386575353,1027.5420613407682
1668549339.1888096,1247.48,1.3900000000001,-0.35948298,0.2840705599999999,0.0,1.0,0.0,0.8246130386575353,1028.688273464502
1668549400.3138587,1247.29,-0.1900000000000545,-0.24654798,0.112935,0.0,1.0,0.0,0.8246130386575353,1028.5315969871572
1668549460.1847024,1246.42,-0.8699999999998909,-0.26635785,-0.01980987,1.0,0.0,1027.8141836435252,0.0,1027.8141836435252
1668549520.6012444,1246.4,-0.0199999999999818,-0.22667069,0.03968716,0.0,1.0,0.0,0.8246262705740734,1027.8141836435252
1668549581.0894177,1246.07,-0.3300000000001546,-0.23777734,-0.0111066499999999,1.0,0.0,1027.5420569742355,0.0,1027.5420569742355
1668549640.9713793,1247.26,1.1900000000000546,-0.05616412,0.18161322,0.0,1.0,0.0,0.8238395017672623,1027.5420569742355
1668549700.973065,1245.46,-1.7999999999999543,-0.2414364,-0.18527228,1.0,0.0,1026.0591458710546,0.0,1026.0591458710546
1668549761.9039614,1245.93,0.4700000000000273,-0.1938156,0.0476207999999999,0.0,1.0,0.0,0.8235287262294467,1026.0591458710546
1668549821.980265,1246.52,0.5899999999999181,-0.12506783,0.06874777,0.0,1.0,0.0,0.8235287262294467,1026.54502781953
1668549881.9096825,1247.19,0.6700000000000728,-0.01358988,0.1114779499999999,0.0,1.0,0.0,0.8235287262294467,1027.0967920661035
1668549943.1673827,1246.33,-0.8600000000001273,-0.03203479,-0.01844491,1.0,0.0,1026.3885573615462,0.0,1026.3885573615462
1668550002.8716109,1246.99,0.6600000000000819,0.05842829,0.09046308,0.0,1.0,0.0,0.8230928534804178,1026.3885573615462
1668550062.7962406,1245.61,-1.3800000000001091,-0.03747876,-0.09590705,1.0,0.0,1025.2526892237431,0.0,1025.2526892237431
1668550123.8595324,1245.24,-0.3699999999998908,-0.09591309,-0.05843433,1.0,0.0,1025.2526892237431,0.0,1025.2526892237431
1668550183.6613965,1246.96,1.7200000000000273,-0.01493478,0.08097831,0.0,1.0,0.0,0.822201746025328,1025.2526892237431
1668550243.6037664,1248.91,1.9500000000000453,0.27908491,0.29401969,0.0,1.0,0.0,0.822201746025328,1026.8559826284925
1668550304.34533,1248.22,-0.6900000000000546,0.3691356,0.0900506899999999,0.0,1.0,0.0,0.822201746025328,1026.288663423735
1668550364.4354422,1247.37,-0.8500000000001364,0.33482319,-0.03431241,1.0,0.0,1025.5897919396134,0.0,1025.5897919396134
1668550424.3917742,1248.0,0.6300000000001091,0.38421712,0.04939393,0.0,1.0,0.0,0.8217866922593056,1025.5897919396134
1668550485.3235922,1247.9,-0.099999999999909,0.38268101,-0.00153611,1.0,0.0,1025.5076132703875,0.0,1025.5076132703875
1668550545.5331068,1248.14,0.2400000000000091,0.4993632,0.11668219,0.0,1.0,0.0,0.821628674083346,1025.5076132703875
1668550605.3302083,1247.79,-0.3500000000001364,0.48630001,-0.01306319,1.0,0.0,1025.2200432344582,0.0,1025.2200432344582
1668550666.342666,1247.41,-0.3799999999998817,0.41717615,-0.0691238599999999,1.0,0.0,1025.2200432344582,0.0,1025.2200432344582
1668550726.1648507,1248.78,1.3699999999998909,0.5156843,0.0985081499999999,0.0,1.0,0.0,0.8209773084406046,1025.2200432344582
1668550786.1611643,1248.77,-0.0099999999999909,0.53629809,0.0206137899999999,0.0,1.0,0.0,0.8209773084406046,1025.2118334613738
1668550846.8334332,1249.18,0.4100000000000818,0.59455008,0.05825199,0.0,1.0,0.0,0.8209773084406046,1025.5484341578344
1668550906.847696,1247.94,-1.240000000000009,0.47956258,-0.1149874999999999,1.0,0.0,1024.530422295368,0.0,1024.530422295368
1668550966.936878,1246.77,-1.1700000000000728,0.32031262,-0.15924996,1.0,0.0,1024.530422295368,0.0,1024.530422295368
1668551027.8522208,1245.9,-0.8699999999998909,0.13014662,-0.190166,1.0,0.0,1024.530422295368,0.0,1024.530422295368
1668551087.7896442,1245.0,-0.900000000000091,-0.03345643,-0.16360305,1.0,0.0,1024.530422295368,0.0,1024.530422295368
1668551147.744301,1247.49,2.490000000000009,0.07916659,0.1126230199999999,0.0,1.0,0.0,0.8212734549338014,1024.530422295368
1668551208.829307,1247.05,-0.4400000000000545,0.00318951,-0.0759770799999999,1.0,0.0,1024.169061975197,0.0,1024.169061975197
1668551268.7383366,1245.68,-1.3699999999998909,-0.16204491,-0.16523442,1.0,0.0,1024.169061975197,0.0,1024.169061975197
1668551328.9264984,1245.21,-0.4700000000000273,-0.30818027,-0.14613536,1.0,0.0,1024.169061975197,0.0,1024.169061975197
1668551389.5659213,1245.5,0.2899999999999636,-0.35208048,-0.0439002099999999,1.0,0.0,1024.169061975197,0.0,1024.169061975197
1668551449.8374262,1244.86,-0.6400000000001,-0.47890532,-0.12682484,1.0,0.0,1024.169061975197,0.0,1024.169061975197
1668551509.643434,1245.55,0.6900000000000546,-0.49228073,-0.0133754099999999,1.0,0.0,1024.169061975197,0.0,1024.169061975197
1668551570.4817033,1247.5,1.9500000000000453,-0.35035347,0.14192726,0.0,1.0,0.0,0.820977203988134,1024.169061975197
1668551630.417946,1246.24,-1.259999999999991,-0.41636962,-0.06601615,1.0,0.0,1023.134630698172,0.0,1023.134630698172
1668551690.5129783,1246.76,0.5199999999999818,-0.282105,0.13426462,0.0,1.0,0.0,0.8206347899340467,1023.134630698172
1668551751.4906905,1245.86,-0.900000000000091,-0.31964815,-0.03754315,1.0,0.0,1022.3960593872314,0.0,1022.3960593872314
1668551811.5238576,1246.09,0.2300000000000182,-0.33547648,-0.01582833,1.0,0.0,1022.3960593872314,0.0,1022.3960593872314
1668551871.4618225,1245.6,-0.4900000000000091,-0.38279736,-0.0473208799999999,1.0,0.0,1022.3960593872314,0.0,1022.3960593872314
1668551932.2518864,1244.55,-1.0499999999999543,-0.50631585,-0.12351849,1.0,0.0,1022.3960593872314,0.0,1022.3960593872314
1668551992.1839125,1244.21,-0.3399999999999181,-0.57717886,-0.0708630099999999,1.0,0.0,1022.3960593872314,0.0,1022.3960593872314
1668552052.1548555,1245.9,1.6900000000000546,-0.40777937,0.1693994899999999,0.0,1.0,0.0,0.8206084432034925,1022.3960593872314
1668552112.9627736,1246.73,0.8299999999999272,-0.27711868,0.1306606899999999,0.0,1.0,0.0,0.8206084432034925,1023.0771643950902
1668552172.9410386,1244.32,-2.410000000000082,-0.42585044,-0.14873176,1.0,0.0,1021.0994980469696,0.0,1021.0994980469696
1668552232.9163878,1244.82,0.5,-0.4164648,0.0093856399999999,0.0,1.0,0.0,0.8202788339253625,1021.0994980469696
1668552294.0224123,1243.73,-1.089999999999918,-0.55299141,-0.1365266099999999,1.0,0.0,1020.2053941179912,0.0,1020.2053941179912
1668552354.1590853,1244.99,1.259999999999991,-0.53877619,0.0142152199999999,0.0,1.0,0.0,0.8194486655459009,1020.2053941179912
1668552414.0073423,1244.52,-0.4700000000000273,-0.60149836,-0.06272217,1.0,0.0,1019.8202532451844,0.0,1019.8202532451844
1668552474.7823837,1245.95,1.4300000000000637,-0.51923826,0.0822601,0.0,1.0,0.0,0.8185081690639145,1019.8202532451844
1668552535.0799718,1246.29,0.3399999999999181,-0.36584562,0.1533926399999999,0.0,1.0,0.0,0.8185081690639145,1020.098546022666
1668552594.7620783,1245.48,-0.8099999999999454,-0.31138509,0.05446053,0.0,1.0,0.0,0.8185081690639145,1019.4355544057244
1668552655.6322205,1243.38,-2.099999999999909,-0.51179786,-0.20041277,1.0,0.0,1017.71668725069,0.0,1017.71668725069
1668552715.551165,1246.29,2.9099999999998545,-0.25750315,0.25429471,0.0,1.0,0.0,0.816597009725417,1017.71668725069
1668552775.6652792,1244.95,-1.339999999999918,-0.24949468,0.00800847,0.0,1.0,0.0,0.816597009725417,1016.622447257658
1668552836.3215642,1245.81,0.8599999999999,-0.19680008,0.0526946,0.0,1.0,0.0,0.816597009725417,1017.3247206860218
1668552896.249307,1246.72,0.910000000000082,0.01783758,0.2146376599999999,0.0,1.0,0.0,0.816597009725417,1018.067823964872
1668552956.5299594,1246.38,-0.3399999999999181,0.12516638,0.1073288,0.0,1.0,0.0,0.816597009725417,1017.7901809815654
1668553017.959685,1247.51,1.1299999999998818,0.2723267,0.1471603199999999,0.0,1.0,0.0,0.816597009725417,1018.712935602555
1668553078.2370274,1247.47,-0.0399999999999636,0.29938414,0.02705744,0.0,1.0,0.0,0.816597009725417,1018.680271722166
1668553137.6746075,1248.13,0.6600000000000819,0.45105875,0.15167461,0.0,1.0,0.0,0.816597009725417,1019.2192257485848
1668553198.5595777,1246.31,-1.820000000000164,0.28343143,-0.16762732,1.0,0.0,1017.7330191908844,0.0,1017.7330191908844
1668553258.2587745,1244.91,-1.3999999999998636,0.10383803,-0.1795934,1.0,0.0,1017.7330191908844,0.0,1017.7330191908844
1668553318.6248422,1247.94,3.0299999999999727,0.32292651,0.21908848,0.0,1.0,0.0,0.81553040946751,1017.7330191908844
1668553379.209313,1248.04,0.099999999999909,0.31213249,-0.01079402,1.0,0.0,1017.8145722318312,0.0,1017.8145722318312
1668553439.2406015,1244.74,-3.2999999999999545,0.05611374,-0.2560187499999999,1.0,0.0,1017.8145722318312,0.0,1017.8145722318312
1668553499.12387,1244.35,-0.3900000000001,-0.14184435,-0.19795809,1.0,0.0,1017.8145722318312,0.0,1017.8145722318312
1668553560.2927089,1245.97,1.6200000000001182,-0.1328223,0.00902205,0.0,1.0,0.0,0.8168852959797035,1017.8145722318312
1668553620.1332135,1244.25,-1.7200000000000273,-0.32042942,-0.18760712,1.0,0.0,1016.409529522746,0.0,1016.409529522746
1668553679.961434,1244.95,0.7000000000000455,-0.33607583,-0.01564641,1.0,0.0,1016.409529522746,0.0,1016.409529522746
1668553740.733645,1245.07,0.1199999999998908,-0.30847524,0.02760059,0.0,1.0,0.0,0.8163472973589806,1016.409529522746
1668553800.9120789,1245.44,0.3700000000001182,-0.29057631,0.0178989299999999,0.0,1.0,0.0,0.8163472973589806,1016.7115780227688
1668553861.0384762,1247.49,2.0499999999999545,-0.10651106,0.18406525,0.0,1.0,0.0,0.8163472973589806,1018.3850899823548
1668553921.638044,1248.33,0.8399999999999181,0.13186266,0.23837372,0.0,1.0,0.0,0.8163472973589806,1019.0708217121362
1668553980.8988254,1249.49,1.160000000000082,0.38840577,0.2565431099999999,0.0,1.0,0.0,0.8163472973589806,1020.0177845770728
1668554040.8935368,1249.75,0.2599999999999909,0.54720466,0.15879889,0.0,1.0,0.0,0.8163472973589806,1020.230034874386
1668554102.3837914,1250.05,0.2999999999999545,0.76408754,0.21688288,0.0,1.0,0.0,0.8163472973589806,1020.4749390635936
1668554160.762,1250.19,0.1400000000001,0.93131606,0.16722852,0.0,1.0,0.0,0.8163472973589806,1020.589227685224
1668554220.9367907,1250.4,0.2100000000000363,1.00611355,0.07479749,0.0,1.0,0.0,0.8163472973589806,1020.7606606176694
1668554280.9638076,1250.49,0.0899999999999181,1.11108123,0.1049676799999999,0.0,1.0,0.0,0.8163472973589806,1020.8341318744316
1668554341.0815625,1252.44,1.9500000000000453,1.41630934,0.30522811,0.0,1.0,0.0,0.8163472973589806,1022.4260091042815
1668554400.9467423,1250.93,-1.509999999999991,1.39944393,-0.01686541,1.0,0.0,1021.1933246852695,0.0,1021.1933246852695
1668554460.9781115,1251.3,0.3699999999998908,1.46629052,0.0668465900000001,0.0,1.0,0.0,0.8161059096022294,1021.1933246852695
1668554520.79399,1251.07,-0.2300000000000182,1.4598196,-0.0064709199999999,1.0,0.0,1021.005620326061,0.0,1021.005620326061
1668554581.3938737,1251.65,0.5800000000001546,1.48064968,0.0208300799999998,0.0,1.0,0.0,0.8157277356497911,1021.005620326061
1668554640.8930516,1249.05,-2.6000000000001364,1.23390486,-0.2467448199999999,1.0,0.0,1018.8847282133715,0.0,1018.8847282133715
1668554700.9191804,1248.29,-0.7599999999999909,1.02253608,-0.2113687799999999,1.0,0.0,1018.8847282133715,0.0,1018.8847282133715
1668554760.9093597,1248.99,0.7000000000000455,0.8848715,-0.13766458,1.0,0.0,1018.8847282133715,0.0,1018.8847282133715
1668554821.004545,1248.3,-0.6900000000000546,0.70511296,-0.17975854,1.0,0.0,1018.8847282133715,0.0,1018.8847282133715
1668554880.966229,1248.5,0.2000000000000454,0.56490459,-0.1402083699999999,1.0,0.0,1018.8847282133715,0.0,1018.8847282133715
1668554940.8910851,1248.57,0.0699999999999363,0.46364876,-0.10125583,1.0,0.0,1018.8847282133715,0.0,1018.8847282133715
1668555001.0399904,1249.78,1.2100000000000364,0.53229364,0.06864488,0.0,1.0,0.0,0.8152512667936529,1018.8847282133715
1668555061.82707,1249.46,-0.3199999999999363,0.50075077,-0.03154287,1.0,0.0,1018.6238478079975,0.0,1018.6238478079975
1668555121.002645,1249.51,0.0499999999999545,0.42383379,-0.07691698,1.0,0.0,1018.6238478079975,0.0,1018.6238478079975
1668555180.8946784,1249.82,0.3099999999999454,0.44767227,0.0238384799999999,0.0,1.0,0.0,0.8150164406138465,1018.6238478079975
1668555240.953789,1251.28,1.4600000000000364,0.62804612,0.18037385,0.0,1.0,0.0,0.8150164406138465,1019.8137718112938
1668555300.9184172,1250.88,-0.3999999999998636,0.63884253,0.0107964099999999,0.0,1.0,0.0,0.8150164406138465,1019.4877652350484
1668555360.917765,1250.91,0.0299999999999727,0.67732297,0.0384804399999999,0.0,1.0,0.0,0.8150164406138465,1019.5122157282668
1668555421.0031648,1248.75,-2.160000000000082,0.45036607,-0.2269568999999999,1.0,0.0,1017.7517802165409,0.0,1017.7517802165409
1668555481.1171217,1250.15,1.400000000000091,0.47807356,0.02770749,0.0,1.0,0.0,0.8141037317254256,1017.7517802165409
1668555542.0202324,1249.35,-0.8000000000001819,0.35559153,-0.12248203,1.0,0.0,1017.1004972311604,0.0,1017.1004972311604
1668555600.9855888,1250.62,1.2699999999999818,0.42656929,0.07097776,0.0,1.0,0.0,0.8132770123867845,1017.1004972311604
1668555661.0125086,1251.29,0.6700000000000728,0.50950583,0.08293654,0.0,1.0,0.0,0.8132770123867845,1017.6453928294596
1668555721.023944,1250.98,-0.3099999999999454,0.53346947,0.0239636399999999,0.0,1.0,0.0,0.8132770123867845,1017.3932769556196
1668555781.189675,1251.54,0.5599999999999454,0.63286427,0.0993948,0.0,1.0,0.0,0.8132770123867845,1017.8487120825564
1668555840.9773583,1251.02,-0.5199999999999818,0.61353083,-0.01933344,1.0,0.0,1017.4258080361152,0.0,1017.4258080361152
1668555900.9693503,1251.78,0.7599999999999909,0.67504334,0.06151251,0.0,1.0,0.0,0.812783243090731,1017.4258080361152
1668555960.938536,1252.69,0.910000000000082,0.80897744,0.1339341,0.0,1.0,0.0,0.812783243090731,1018.1654407873278
1668556022.0573158,1252.75,0.0599999999999454,0.84871108,0.0397336399999999,0.0,1.0,0.0,0.812783243090731,1018.2142077819132
1668556080.9323974,1253.18,0.4300000000000636,0.9634642,0.11475312,0.0,1.0,0.0,0.812783243090731,1018.5637045764424
1668556141.080753,1252.91,-0.2699999999999818,0.99398669,0.0305224899999999,0.0,1.0,0.0,0.812783243090731,1018.344253100808
1668556201.3855555,1251.99,-0.9200000000000728,0.89315785,-0.1008288399999999,1.0,0.0,1017.5964925171644,0.0,1017.5964925171644
1668556260.9852629,1250.7,-1.2899999999999636,0.70352418,-0.1896336699999999,1.0,0.0,1017.5964925171644,0.0,1017.5964925171644
1668556321.0816023,1251.02,0.3199999999999363,0.6315441,-0.07198008,1.0,0.0,1017.5964925171644,0.0,1017.5964925171644
1668556380.975573,1251.4,0.3800000000001091,0.58257725,-0.04896685,1.0,0.0,1017.5964925171644,0.0,1017.5964925171644
1668556440.9443808,1250.04,-1.360000000000127,0.4019204,-0.18065685,1.0,0.0,1017.5964925171644,0.0,1017.5964925171644
1668556501.4339,1252.94,2.900000000000091,0.50287285,0.10095245,0.0,1.0,0.0,0.8121669772831615,1017.5964925171644
1668556561.0252078,1252.36,-0.5800000000001546,0.52330224,0.0204293899999999,0.0,1.0,0.0,0.8121669772831615,1017.12543567034
1668556621.2822776,1253.07,0.7100000000000364,0.61667575,0.0933735099999999,0.0,1.0,0.0,0.8121669772831615,1017.7020742242112
1668556681.042523,1253.12,0.0499999999999545,0.64103388,0.0243581299999999,0.0,1.0,0.0,0.8121669772831615,1017.7426825730752
1668556740.9693832,1253.44,0.3200000000001637,0.71824849,0.07721461,0.0,1.0,0.0,0.8121669772831615,1018.002576005806
1668556801.1089811,1253.65,0.2100000000000363,0.7847567,0.0665082099999999,0.0,1.0,0.0,0.8121669772831615,1018.1731310710354
1668556861.235572,1252.73,-0.9200000000000728,0.72491293,-0.0598437699999999,1.0,0.0,1017.4259374519348,0.0,1017.4259374519348
1668556921.2042856,1252.34,-0.3900000000001,0.63164552,-0.09326741,1.0,0.0,1017.4259374519348,0.0,1017.4259374519348
1668556981.41354,1254.2,1.860000000000128,0.74027527,0.10862975,0.0,1.0,0.0,0.8112150673353012,1017.4259374519348
1668557041.0970654,1253.24,-0.9600000000000364,0.72117363,-0.01910164,1.0,0.0,1016.647170987293,0.0,1016.647170987293
1668557101.0905397,1253.36,0.1199999999998908,0.69665766,-0.02451597,1.0,0.0,1016.647170987293,0.0,1016.647170987293
1668557160.996591,1253.15,-0.209999999999809,0.68205167,-0.0146059899999999,1.0,0.0,1016.647170987293,0.0,1016.647170987293
1668557221.1623008,1252.31,-0.8400000000001455,0.54462516,-0.1374265099999999,1.0,0.0,1016.647170987293,0.0,1016.647170987293
1668557281.1430728,1252.95,0.6400000000001,0.54468143,5.62699999999694e-05,0.0,1.0,0.0,0.8114028261201907,1016.647170987293
1668557341.073556,1252.24,-0.7100000000000364,0.45515082,-0.08953061,1.0,0.0,1016.0710749807477,0.0,1016.0710749807477
1668557400.9471345,1253.0,0.7599999999999909,0.49725425,0.04210343,0.0,1.0,0.0,0.8109106743661194,1016.0710749807477
1668557461.2773747,1252.56,-0.4400000000000545,0.43581619,-0.06143806,1.0,0.0,1015.7142742840264,0.0,1015.7142742840264
1668557521.5533586,1252.12,-0.4400000000000545,0.36002367,-0.0757925199999999,1.0,0.0,1015.7142742840264,0.0,1015.7142742840264
1668557581.1700065,1250.83,-1.2899999999999636,0.16213123,-0.19789244,1.0,0.0,1015.7142742840264,0.0,1015.7142742840264
1668557641.093256,1250.16,-0.6699999999998454,0.02484175,-0.13728948,1.0,0.0,1015.7142742840264,0.0,1015.7142742840264
1668557701.1046104,1250.44,0.2799999999999727,-0.07861345,-0.1034552,1.0,0.0,1015.7142742840264,0.0,1015.7142742840264
1668557761.1121664,1248.97,-1.4700000000000273,-0.33314579,-0.25453234,1.0,0.0,1015.7142742840264,0.0,1015.7142742840264
1668557821.348809,1248.28,-0.6900000000000546,-0.59081187,-0.25766608,1.0,0.0,1015.7142742840264,0.0,1015.7142742840264
1668557881.2790933,1249.99,1.7100000000000364,-0.56959222,0.02121965,0.0,1.0,0.0,0.8125779200505815,1015.7142742840264
1668557941.1398396,1252.25,2.259999999999991,-0.38102968,0.18856254,0.0,1.0,0.0,0.8125779200505815,1017.5507003833408
1668558001.381748,1254.01,1.759999999999991,-0.03543439,0.34559529,0.0,1.0,0.0,0.8125779200505815,1018.9808375226296
1668558061.0485027,1254.69,0.6800000000000637,0.19326031,0.2286947,0.0,1.0,0.0,0.8125779200505815,1019.533390508264
1668558121.08232,1253.15,-1.5399999999999636,0.24199707,0.04873676,0.0,1.0,0.0,0.8125779200505815,1018.2820205113862
1668558181.0710616,1252.0,-1.150000000000091,0.16621288,-0.07578419,1.0,0.0,1017.347555903328,0.0,1017.347555903328
1668558240.969377,1251.55,-0.4500000000000455,0.11699809,-0.04921479,1.0,0.0,1017.347555903328,0.0,1017.347555903328
1668558301.097476,1250.44,-1.1099999999999,-0.02516344,-0.14216153,1.0,0.0,1017.347555903328,0.0,1017.347555903328
1668558361.1147125,1250.15,-0.2899999999999636,-0.24127867,-0.21611523,1.0,0.0,1017.347555903328,0.0,1017.347555903328
1668558421.0834694,1250.26,0.1099999999998999,-0.31715539,-0.0758767199999999,1.0,0.0,1017.347555903328,0.0,1017.347555903328
1668558481.3305757,1251.49,1.2300000000000182,-0.24710786,0.0700475299999999,0.0,1.0,0.0,0.8129090571265676,1017.347555903328
1668558541.8673527,1251.0,-0.4900000000000091,-0.24672444,0.00038342,0.0,1.0,0.0,0.8129090571265676,1016.949230465336
1668558601.2524402,1250.05,-0.9500000000000456,-0.31703223,-0.07030779,1.0,0.0,1016.1769668610658,0.0,1016.1769668610658
1668558661.1218135,1249.61,-0.4400000000000545,-0.38957405,-0.0725418199999999,1.0,0.0,1016.1769668610658,0.0,1016.1769668610658
1668558721.298968,1251.09,1.4800000000000182,-0.29653632,0.0930377299999999,0.0,1.0,0.0,0.8122333060459807,1016.176966861066
1668558781.1734753,1250.73,-0.3599999999998999,-0.28422729,0.0123090299999999,0.0,1.0,0.0,0.8122333060459807,1015.8845628708892
1668558841.1477458,1252.4,1.6700000000000728,-0.109423,0.17480429,0.0,1.0,0.0,0.8122333060459807,1017.2409924919864
1668558901.147657,1251.04,-1.360000000000127,-0.11795398,-0.0085309799999999,1.0,0.0,1016.1363551957636,0.0,1016.1363551957636
1668558961.117505,1251.93,0.8900000000001,-0.03578521,0.08216877,0.0,1.0,0.0,0.8116558874663627,1016.1363551957636
1668559021.7825863,1252.09,0.1599999999998544,0.04632697,0.08211218,0.0,1.0,0.0,0.8116558874663627,1016.266220137758
1668559081.0459666,1251.68,-0.4099999999998545,0.04249839,-0.00382858,1.0,0.0,1015.9334412238968,0.0,1015.9334412238968
1668559141.28311,1252.57,0.8899999999998727,0.14888631,0.10638792,0.0,1.0,0.0,0.8110791741969685,1015.9334412238968
1668559201.119053,1252.74,0.1700000000000727,0.22758971,0.0787034,0.0,1.0,0.0,0.8110791741969685,1016.0713246835104
1668559261.214782,1254.43,1.6900000000000546,0.43229576,0.2047060499999999,0.0,1.0,0.0,0.8110791741969685,1017.4420484879032
1668559321.2761924,1252.4,-2.0299999999999727,0.37796234,-0.0543334199999999,1.0,0.0,1015.7955577642834,0.0,1015.7955577642834
1668559381.1009262,1251.89,-0.5099999999999909,0.31346358,-0.0644987599999999,1.0,0.0,1015.7955577642834,0.0,1015.7955577642834
1668559441.1485765,1252.35,0.459999999999809,0.2892147,-0.02424888,1.0,0.0,1015.7955577642834,0.0,1015.7955577642834
1668559501.6015358,1253.55,1.2000000000000457,0.41626691,0.12705221,0.0,1.0,0.0,0.8103350945429248,1015.7955577642834
1668559561.324251,1252.58,-0.9700000000000272,0.34855314,-0.06771377,1.0,0.0,1015.0095327225768,0.0,1015.0095327225768
1668559621.2118924,1251.84,-0.7400000000000091,0.26316779,-0.0853853499999999,1.0,0.0,1015.0095327225768,0.0,1015.0095327225768
1668559681.2383842,1253.7,1.860000000000128,0.40944235,0.14627456,0.0,1.0,0.0,0.8096111770938635,1015.0095327225768
1668559741.2573502,1255.95,2.25,0.65110284,0.2416604899999999,0.0,1.0,0.0,0.8096111770938635,1016.831157871038
1668559801.3745573,1256.52,0.5699999999999363,0.84681335,0.19571051,0.0,1.0,0.0,0.8096111770938635,1017.2926362419814
1668559861.2834036,1255.84,-0.6800000000000637,0.94384334,0.09702999,0.0,1.0,0.0,0.8096111770938635,1016.7421006415576
1668559921.1692057,1255.49,-0.349999999999909,0.92584725,-0.01799609,1.0,0.0,1016.4587367295748,0.0,1016.4587367295748
1668559982.041459,1255.81,0.3199999999999363,1.00954817,0.0837009199999999,0.0,1.0,0.0,0.8094048755222325,1016.4587367295748
1668560041.201788,1255.75,-0.0599999999999454,1.04560069,0.0360525200000001,0.0,1.0,0.0,0.8094048755222325,1016.4101724370436
1668560101.2843394,1255.26,-0.4900000000000091,1.01965435,-0.0259463400000001,1.0,0.0,1016.0135640480376,0.0,1016.0135640480376
1668560161.1655028,1254.86,-0.4000000000000909,0.96620394,-0.0534504099999999,1.0,0.0,1016.0135640480376,0.0,1016.0135640480376
1668560221.714395,1253.45,-1.4099999999998545,0.77290347,-0.1933004699999999,1.0,0.0,1016.0135640480376,0.0,1016.0135640480376
1668560281.3344138,1253.72,0.2699999999999818,0.58325854,-0.18964493,1.0,0.0,1016.0135640480376,0.0,1016.0135640480376
1668560341.2018769,1253.45,-0.2699999999999818,0.43453627,-0.14872227,1.0,0.0,1016.0135640480376,0.0,1016.0135640480376
1668560401.3058758,1252.34,-1.110000000000127,0.21705569,-0.21748058,1.0,0.0,1016.0135640480376,0.0,1016.0135640480376
1668560461.7237976,1252.83,0.4900000000000091,0.12582478,-0.09123091,1.0,0.0,1016.0135640480376,0.0,1016.0135640480376
1668560521.3388536,1253.55,0.7200000000000273,0.13441528,0.0085905,0.0,1.0,0.0,0.810509005662349,1016.0135640480376
1668560581.2466934,1252.86,-0.6900000000000546,0.00173096,-0.13268432,1.0,0.0,1015.4543128341304,0.0,1015.4543128341304
1668560641.2703516,1253.09,0.2300000000000182,-0.00353543,-0.00526639,1.0,0.0,1015.4543128341304,0.0,1015.4543128341304
1668560701.351756,1253.99,0.900000000000091,0.07314857,0.076684,0.0,1.0,0.0,0.8097786368584522,1015.4543128341304
1668560761.1845312,1254.92,0.9300000000000636,0.23020333,0.15705476,0.0,1.0,0.0,0.8097786368584522,1016.2074069664088
1668560821.1875584,1255.09,0.1699999999998453,0.31477881,0.08457548,0.0,1.0,0.0,0.8097786368584522,1016.3450693346748
1668560881.2476106,1257.72,2.630000000000109,0.65866352,0.3438847099999999,0.0,1.0,0.0,0.8097786368584522,1018.4747871496126
1668560941.807807,1257.88,0.1600000000000818,0.82447213,0.16580861,0.0,1.0,0.0,0.8097786368584522,1018.60435173151
1668561001.197841,1257.84,-0.0400000000001909,0.98232635,0.15785422,0.0,1.0,0.0,0.8097786368584522,1018.5719605860354
1668561061.2038736,1257.44,-0.3999999999998636,1.0363231,0.0539967499999999,0.0,1.0,0.0,0.8097786368584522,1018.2480491312922
1668561121.2656124,1256.28,-1.160000000000082,0.93270119,-0.1036219099999999,1.0,0.0,1017.3087059125364,0.0,1017.3087059125364
1668561181.313156,1256.16,-0.1199999999998908,0.9240021,-0.0086990899999999,1.0,0.0,1017.3087059125364,0.0,1017.3087059125364
1668561241.325629,1256.15,-0.0099999999999909,0.88571362,-0.03828848,1.0,0.0,1017.3087059125364,0.0,1017.3087059125364
1668561301.326517,1256.97,0.8199999999999363,0.9287508,0.04303718,0.0,1.0,0.0,0.8093341176897908,1017.3087059125364
1668561361.2131126,1256.65,-0.3199999999999363,0.90685614,-0.0218946599999999,1.0,0.0,1017.0497189948755,0.0,1017.0497189948755
1668561421.8497806,1256.86,0.209999999999809,0.85719058,-0.04966556,1.0,0.0,1017.0497189948755,0.0,1017.0497189948755
1668561481.4149914,1256.89,0.0300000000002,0.83660094,-0.02058964,1.0,0.0,1017.0497189948755,0.0,1017.0497189948755
1668561541.2459304,1257.37,0.4799999999997908,0.85607381,0.01947287,0.0,1.0,0.0,0.8088706737037432,1017.0497189948755
1668561601.349239,1257.72,0.3500000000001364,0.90856049,0.05248668,0.0,1.0,0.0,0.8088706737037432,1017.332823730672
1668561661.1884987,1257.91,0.1900000000000545,0.88704263,-0.02151786,1.0,0.0,1017.4865091586756,0.0,1017.4865091586756
1668561721.393836,1255.6,-2.310000000000173,0.67217213,-0.2148705,1.0,0.0,1017.4865091586756,0.0,1017.4865091586756
1668561781.3000772,1257.6,2.0,0.74760964,0.0754375099999999,0.0,1.0,0.0,0.8090700613539088,1017.4865091586756
1668561841.2308254,1257.85,0.25,0.78858886,0.0409792199999999,0.0,1.0,0.0,0.8090700613539088,1017.688776674014
1668561901.6041672,1258.45,0.6000000000001364,0.8674056,0.07881674,0.0,1.0,0.0,0.8090700613539088,1018.1742187108266
1668561961.464165,1258.22,-0.2300000000000182,0.88154013,0.0141345299999999,0.0,1.0,0.0,0.8090700613539088,1017.9881325967152
1668562021.2728689,1257.67,-0.5499999999999545,0.79865064,-0.08288949,1.0,0.0,1017.5431440629706,0.0,1017.5431440629706
1668562081.470578,1259.46,1.7899999999999636,0.97514846,0.17649782,0.0,1.0,0.0,0.8079201753632275,1017.5431440629704
1668562141.2858243,1257.7,-1.759999999999991,0.83835365,-0.13679481,1.0,0.0,1016.1212045543311,0.0,1016.1212045543311
1668562201.308185,1257.54,-0.1600000000000818,0.75771042,-0.0806432299999999,1.0,0.0,1016.1212045543311,0.0,1016.1212045543311
1668562261.3933487,1258.44,0.900000000000091,0.76086791,0.0031574899999999,0.0,1.0,0.0,0.8074450943663036,1016.1212045543311
1668562321.2326238,1255.49,-2.950000000000045,0.39375335,-0.36711456,1.0,0.0,1013.7392415259504,0.0,1013.7392415259504
1668562381.216896,1258.36,2.869999999999891,0.55422118,0.1604678299999999,0.0,1.0,0.0,0.805603516899735,1013.7392415259504
1668562441.336504,1256.09,-2.269999999999982,0.35137145,-0.20284973,1.0,0.0,1011.910521542588,0.0,1011.910521542588
1668562501.552776,1258.35,2.259999999999991,0.48583013,0.13445868,0.0,1.0,0.0,0.8041566508066817,1011.910521542588
1668562561.368438,1259.55,1.2000000000000457,0.66987668,0.1840465499999999,0.0,1.0,0.0,0.8041566508066817,1012.875509523556
1668562621.3103426,1259.04,-0.5099999999999909,0.69960555,0.02972887,0.0,1.0,0.0,0.8041566508066817,1012.4653896316446
1668562681.2675424,1258.69,-0.349999999999909,0.6483025,-0.05130305,1.0,0.0,1012.1839348038624,0.0,1012.1839348038624
1668562741.245603,1258.94,0.25,0.68785313,0.03955063,0.0,1.0,0.0,0.8039969615739132,1012.1839348038624
1668562801.2433074,1258.37,-0.5700000000001637,0.61102256,-0.07683057,1.0,0.0,1011.7256565357652,0.0,1011.7256565357652
1668562861.3373995,1258.8,0.4300000000000636,0.63162511,0.0206025499999999,0.0,1.0,0.0,0.8037223200951424,1011.7256565357652
1668562921.255442,1257.48,-1.3199999999999363,0.48632223,-0.1453028799999999,1.0,0.0,1010.6647430732396,0.0,1010.6647430732396
1668562981.2450368,1258.2,0.7200000000000273,0.47345839,-0.01286384,1.0,0.0,1010.6647430732396,0.0,1010.6647430732396
1668563041.366283,1258.08,-0.1200000000001182,0.41794149,-0.0555168999999999,1.0,0.0,1010.6647430732396,0.0,1010.6647430732396
1668563101.3812191,1257.5,-0.5799999999999272,0.30755572,-0.11038577,1.0,0.0,1010.6647430732396,0.0,1010.6647430732396
1668563161.3626764,1257.07,-0.4300000000000636,0.2089072,-0.0986485199999999,1.0,0.0,1010.6647430732396,0.0,1010.6647430732396
1668563221.3662071,1257.09,0.0199999999999818,0.12592416,-0.0829830399999999,1.0,0.0,1010.6647430732396,0.0,1010.6647430732396
1668563281.421365,1256.1,-0.9900000000000092,-0.05143654,-0.1773607,1.0,0.0,1010.6647430732396,0.0,1010.6647430732396
1668563341.2871995,1256.87,0.7699999999999818,-0.0452889,0.00614764,0.0,1.0,0.0,0.8041123927480485,1010.6647430732396
1668563401.355519,1257.06,0.1900000000000545,-0.02114277,0.02414613,0.0,1.0,0.0,0.8041123927480485,1010.8175244278616
1668563461.6369224,1257.02,-0.0399999999999636,-0.0527017,-0.03155893,1.0,0.0,1010.785359932152,0.0,1010.785359932152
1668563521.4361944,1256.72,-0.2999999999999545,-0.09462662,-0.04192492,1.0,0.0,1010.785359932152,0.0,1010.785359932152
1668563581.3611517,1257.14,0.4200000000000727,-0.13057947,-0.03595285,1.0,0.0,1010.785359932152,0.0,1010.785359932152
1668563641.3872414,1256.74,-0.4000000000000909,-0.14561875,-0.0150392799999999,1.0,0.0,1010.785359932152,0.0,1010.785359932152
1668563701.4264936,1258.49,1.75,0.03909031,0.1847090599999999,0.0,1.0,0.0,0.8031731360059691,1010.785359932152
1668563761.346194,1259.3,0.8099999999999454,0.18906214,0.1499718299999999,0.0,1.0,0.0,0.8031731360059691,1011.4359301723168
1668563821.344254,1259.32,0.0199999999999818,0.30337508,0.11431294,0.0,1.0,0.0,0.8031731360059691,1011.451993635037
1668563881.856378,1259.8,0.4800000000000182,0.41778809,0.1144130099999999,0.0,1.0,0.0,0.8031731360059691,1011.8375167403198
1668563941.350522,1259.47,-0.3299999999999272,0.50038045,0.0825923599999999,0.0,1.0,0.0,0.8031731360059691,1011.5724696054378
1668564001.3311749,1260.99,1.5199999999999818,0.69816564,0.19778519,0.0,1.0,0.0,0.8031731360059691,1012.793292772167
1668564061.289182,1261.27,0.2799999999999727,0.83549433,0.1373286899999999,0.0,1.0,0.0,0.8031731360059691,1013.0181812502486
1668564121.400491,1260.74,-0.5299999999999727,0.94719843,0.1117041,0.0,1.0,0.0,0.8031731360059691,1012.5924994881656
1668564181.306527,1260.23,-0.5099999999999909,0.91452477,-0.03267366,1.0,0.0,1012.1828811888024,0.0,1012.1828811888024
1668564241.7168,1259.73,-0.5,0.79554084,-0.1189839299999999,1.0,0.0,1012.1828811888024,0.0,1012.1828811888024
1668564301.45372,1258.0,-1.7300000000000182,0.54914591,-0.24639493,1.0,0.0,1012.1828811888024,0.0,1012.1828811888024
1668564361.7977672,1257.81,-0.1900000000000545,0.37241364,-0.17673227,1.0,0.0,1012.1828811888024,0.0,1012.1828811888024
1668564421.5684557,1259.28,1.4700000000000273,0.36998484,-0.0024288,1.0,0.0,1012.1828811888024,0.0,1012.1828811888024
1668564481.7400389,1259.18,-0.099999999999909,0.38103135,0.01104651,0.0,1.0,0.0,0.8038428828196147,1012.1828811888024
1668564541.7495072,1259.42,0.2400000000000091,0.36520531,-0.0158260399999999,1.0,0.0,1012.3758034806792,0.0,1012.3758034806792
1668564602.602296,1259.3,-0.1200000000001182,0.35948721,-0.0057181,1.0,0.0,1012.3758034806792,0.0,1012.3758034806792
1668564662.4282606,1259.24,-0.0599999999999454,0.32189481,-0.0375924,1.0,0.0,1012.3758034806792,0.0,1012.3758034806792
1668564722.407779,1259.16,-0.0799999999999272,0.27761022,-0.0442845899999999,1.0,0.0,1012.3758034806792,0.0,1012.3758034806792
1668564783.190725,1259.13,-0.0299999999999727,0.25235738,-0.02525284,1.0,0.0,1012.3758034806792,0.0,1012.3758034806792
1668564843.4632118,1259.17,0.0399999999999636,0.23966236,-0.01269502,1.0,0.0,1012.3758034806792,0.0,1012.3758034806792
1668564903.318319,1260.1,0.9299999999998364,0.29429801,0.05463565,0.0,1.0,0.0,0.8034090972785329,1012.3758034806792
1668564964.207158,1262.0,1.900000000000091,0.5690798,0.27478179,0.0,1.0,0.0,0.8034090972785329,1013.9022807655084
1668565024.2697375,1261.54,-0.4600000000000364,0.59459456,0.0255147599999999,0.0,1.0,0.0,0.8034090972785329,1013.5327125807604
1668565084.1107624,1262.49,0.9500000000000456,0.80090719,0.20631263,0.0,1.0,0.0,0.8034090972785329,1014.295951223175
1668565144.8223565,1262.6,0.1099999999998999,0.92935982,0.1284526299999999,0.0,1.0,0.0,0.8034090972785329,1014.3843262238756
1668565204.8620074,1262.59,-0.0099999999999909,1.01642656,0.08706674,0.0,1.0,0.0,0.8034090972785329,1014.3762921329028
1668565264.8371406,1261.66,-0.9299999999998364,0.95606352,-0.06036304,1.0,0.0,1013.629121672434,0.0,1013.629121672434
1668565325.7323775,1261.54,-0.1200000000001182,0.88985257,-0.0662109499999999,1.0,0.0,1013.629121672434,0.0,1013.629121672434
1668565386.1267345,1262.1,0.5599999999999454,0.92146592,0.03161335,0.0,1.0,0.0,0.8031290085353253,1013.629121672434
1668565445.806976,1262.58,0.4800000000000182,0.98161234,0.0601464199999999,0.0,1.0,0.0,0.8031290085353253,1014.014623596531
1668565506.5057108,1262.9,0.3200000000001637,1.02591044,0.0442981000000001,0.0,1.0,0.0,0.8031290085353253,1014.2716248792624
1668565566.4524946,1262.98,0.0799999999999272,1.07657314,0.0506626999999999,0.0,1.0,0.0,0.8031290085353253,1014.3358751999452
1668565626.597152,1262.6,-0.3800000000001091,1.03427306,-0.0423000799999999,1.0,0.0,1014.0306861767016,0.0,1014.0306861767016
1668565687.2744837,1262.74,0.1400000000001,1.02018605,-0.0140870100000001,1.0,0.0,1014.0306861767016,0.0,1014.0306861767016
1668565747.407344,1263.17,0.4300000000000636,1.03088199,0.0106959399999999,0.0,1.0,0.0,0.8027666000433049,1014.0306861767016
1668565807.2922869,1262.77,-0.4000000000000909,0.9743463,-0.0565356899999999,1.0,0.0,1013.709579536684,0.0,1013.709579536684
1668565868.065458,1262.52,-0.25,0.89530076,-0.0790455399999999,1.0,0.0,1013.709579536684,0.0,1013.709579536684
1668565928.0667424,1263.66,1.1400000000001,0.93263039,0.03732963,0.0,1.0,0.0,0.8022012088193691,1013.709579536684
1668565988.0764332,1265.16,1.5,1.09038876,0.1577583699999999,0.0,1.0,0.0,0.8022012088193691,1014.912881349913
1668566049.4792874,1268.39,3.230000000000018,1.49504652,0.4046577600000001,0.0,1.0,0.0,0.8022012088193691,1017.5039912543996
1668566109.6684437,1265.89,-2.5,1.40856074,-0.08648578,1.0,0.0,1015.4984882323512,0.0,1015.4984882323512
1668566169.5127852,1266.25,0.3599999999998999,1.43584153,0.02728079,0.0,1.0,0.0,0.8019731397688854,1015.4984882323512
1668566230.3666337,1264.74,-1.509999999999991,1.38248706,-0.0533544699999999,1.0,0.0,1014.2875087913002,0.0,1014.2875087913002
1668566290.4072647,1265.07,0.3299999999999272,1.27878521,-0.1037018500000002,1.0,0.0,1014.2875087913002,0.0,1014.2875087913002
1668566350.294425,1263.53,-1.5399999999999636,1.07124018,-0.2075450299999999,1.0,0.0,1014.2875087913002,0.0,1014.2875087913002
1668566412.094311,1262.92,-0.6099999999999,0.88583499,-0.18540519,1.0,0.0,1014.2875087913002,0.0,1014.2875087913002
1668566471.1494536,1263.22,0.2999999999999545,0.75004527,-0.13578972,1.0,0.0,1014.2875087913002,0.0,1014.2875087913002
1668566531.116158,1262.94,-0.2799999999999727,0.6269485,-0.1230967699999999,1.0,0.0,1014.2875087913002,0.0,1014.2875087913002
1668566591.7919638,1263.63,0.6900000000000546,0.51174389,-0.11520461,1.0,0.0,1014.2875087913002,0.0,1014.2875087913002
1668566651.8158808,1263.79,0.1599999999998544,0.48404818,-0.0276957099999999,1.0,0.0,1014.2875087913002,0.0,1014.2875087913002
1668566712.4190366,1263.58,-0.2100000000000363,0.46729604,-0.0167521399999999,1.0,0.0,1014.2875087913002,0.0,1014.2875087913002
1668566772.689352,1262.66,-0.9199999999998454,0.22969716,-0.23759888,1.0,0.0,1014.2875087913002,0.0,1014.2875087913002
1668566832.837344,1262.17,-0.4900000000000091,0.08291828,-0.14677888,1.0,0.0,1014.2875087913002,0.0,1014.2875087913002
1668566893.2176824,1261.02,-1.150000000000091,-0.16496646,-0.24788474,1.0,0.0,1014.2875087913002,0.0,1014.2875087913002
1668566953.4739776,1261.23,0.2100000000000363,-0.25635356,-0.0913870999999999,1.0,0.0,1014.2875087913002,0.0,1014.2875087913002
1668567013.5830216,1260.31,-0.9200000000000728,-0.46820102,-0.21184746,1.0,0.0,1014.2875087913002,0.0,1014.2875087913002
1668567073.578731,1260.03,-0.2799999999999727,-0.61029972,-0.1420986999999999,1.0,0.0,1014.2875087913002,0.0,1014.2875087913002
1668567134.251689,1260.54,0.5099999999999909,-0.624465,-0.01416528,1.0,0.0,1014.2875087913002,0.0,1014.2875087913002
1668567194.8326125,1261.01,0.4700000000000273,-0.59450611,0.02995889,0.0,1.0,0.0,0.8043453333370078,1014.2875087913002
1668567254.148815,1260.24,-0.7699999999999818,-0.70309882,-0.10859271,1.0,0.0,1013.6681628846306,0.0,1013.6681628846306
1668567315.1703503,1260.21,-0.0299999999999727,-0.73627324,-0.03317442,1.0,0.0,1013.6681628846306,0.0,1013.6681628846306
1668567375.274871,1260.01,-0.2000000000000454,-0.78026244,-0.0439891999999999,1.0,0.0,1013.6681628846306,0.0,1013.6681628846306
1668567435.4723103,1260.59,0.5799999999999272,-0.71010399,0.0701584499999999,0.0,1.0,0.0,0.8041220086504183,1013.6681628846308
1668567495.9862998,1259.7,-0.8899999999998727,-0.8091156,-0.09901161,1.0,0.0,1012.952494296932,0.0,1012.952494296932
1668567555.9822557,1260.28,0.5799999999999272,-0.74109421,0.06802139,0.0,1.0,0.0,0.8037519394872028,1012.952494296932
1668567615.9175274,1260.23,-0.0499999999999545,-0.72266433,0.01842988,0.0,1.0,0.0,0.8037519394872028,1012.9123066999576
1668567676.7279885,1259.45,-0.7799999999999727,-0.80711814,-0.08445381,1.0,0.0,1012.2853801871576,0.0,1012.2853801871576
1668567736.794829,1260.69,1.240000000000009,-0.63880775,0.16831039,0.0,1.0,0.0,0.802961378441296,1012.2853801871576
1668567796.7612042,1260.65,-0.0399999999999636,-0.58405553,0.05475222,0.0,1.0,0.0,0.802961378441296,1012.2532617320198
1668567858.1034155,1260.96,0.3099999999999454,-0.48693935,0.09711618,0.0,1.0,0.0,0.802961378441296,1012.5021797593366
1668567918.547675,1260.67,-0.2899999999999636,-0.46568106,0.02125829,0.0,1.0,0.0,0.802961378441296,1012.2693209595886
1668567978.1824036,1260.49,-0.1800000000000636,-0.45166419,0.0140168699999999,0.0,1.0,0.0,0.802961378441296,1012.1247879114692
1668568038.8674414,1261.34,0.849999999999909,-0.30351121,0.14815298,0.0,1.0,0.0,0.802961378441296,1012.8073050831442
1668568098.8893294,1261.52,0.1800000000000636,-0.21289834,0.0906128699999999,0.0,1.0,0.0,0.802961378441296,1012.9518381312636
1668568158.8978188,1262.12,0.599999999999909,-0.06590248,0.1469958599999999,0.0,1.0,0.0,0.802961378441296,1013.4336149583283
1668568219.717143,1261.7,-0.4199999999998454,-0.04561481,0.02028767,0.0,1.0,0.0,0.802961378441296,1013.0963711793833
1668568279.7052734,1262.51,0.8099999999999454,0.11154424,0.15715905,0.0,1.0,0.0,0.802961378441296,1013.7467698959206
1668568339.641959,1262.94,0.4300000000000636,0.24355557,0.1320113299999999,0.0,1.0,0.0,0.802961378441296,1014.0920432886504
1668568400.4752693,1263.31,0.3699999999998908,0.36901204,0.12545647,0.0,1.0,0.0,0.802961378441296,1014.3891389986736
1668568460.6414104,1263.02,-0.2899999999999636,0.39959484,0.0305828,0.0,1.0,0.0,0.802961378441296,1014.1562801989256
1668568520.5287426,1262.95,-0.0699999999999363,0.42722233,0.0276274899999999,0.0,1.0,0.0,0.802961378441296,1014.1000729024348
1668568581.4009154,1262.27,-0.6800000000000637,0.35162265,-0.07559968,1.0,0.0,1013.5540591650948,0.0,1013.5540591650948
1668568641.3560233,1262.69,0.4200000000000727,0.39025693,0.03863428,0.0,1.0,0.0,0.8026942948507511,1013.5540591650948
1668568701.517544,1262.08,-0.6100000000001273,0.30359768,-0.08665925,1.0,0.0,1013.0644156452358,0.0,1013.0644156452358
1668568762.1498392,1261.99,-0.0899999999999181,0.25764452,-0.0459531599999999,1.0,0.0,1013.0644156452358,0.0,1013.0644156452358
1668568822.4215326,1261.28,-0.7100000000000364,0.12334689,-0.13429763,1.0,0.0,1013.0644156452358,0.0,1013.0644156452358
1668568882.1056528,1261.69,0.4100000000000818,0.11906464,-0.00428225,1.0,0.0,1013.0644156452358,0.0,1013.0644156452358
1668568942.9864416,1260.64,-1.0499999999999543,-0.05846177,-0.17752641,1.0,0.0,1013.0644156452358,0.0,1013.0644156452358
1668569002.9128428,1260.1,-0.540000000000191,-0.20883535,-0.15037358,1.0,0.0,1013.0644156452358,0.0,1013.0644156452358
1668569063.1182835,1259.99,-0.1099999999998999,-0.30482877,-0.09599342,1.0,0.0,1013.0644156452358,0.0,1013.0644156452358
1668569123.9904218,1260.52,0.5299999999999727,-0.29477549,0.01005328,0.0,1.0,0.0,0.8036876968594198,1013.0644156452358
1668569183.9795756,1261.0,0.4800000000000182,-0.24881955,0.0459559399999999,0.0,1.0,0.0,0.8036876968594198,1013.4501857397285
1668569243.9374385,1261.5,0.5,-0.16992214,0.07889741,0.0,1.0,0.0,0.8036876968594198,1013.852029588158
1668569304.7075465,1261.5,0.0,-0.13742124,0.0325009,0.0,1.0,0.0,0.8036876968594198,1013.852029588158
1668569364.741871,1261.98,0.4800000000000182,-0.04253752,0.09488372,0.0,1.0,0.0,0.8036876968594198,1014.2377996826506
1668569424.8331184,1262.0,0.0199999999999818,0.00449792,0.04703544,0.0,1.0,0.0,0.8036876968594198,1014.2538734365876
1668569485.8766494,1261.99,-0.0099999999999909,0.03987507,0.0353771499999999,0.0,1.0,0.0,0.8036876968594198,1014.2458365596192
1668569545.6899962,1262.47,0.4800000000000182,0.1349918,0.09511673,0.0,1.0,0.0,0.8036876968594198,1014.6316066541116
1668569605.4700935,1262.86,0.3899999999998726,0.2337226,0.0987308,0.0,1.0,0.0,0.8036876968594198,1014.9450448558867
1668569666.325533,1261.46,-1.3999999999998636,0.08488909,-0.14883351,1.0,0.0,1013.8198820802836,0.0,1013.8198820802836
1668569726.3458753,1262.69,1.2300000000000182,0.2293144,0.14442531,0.0,1.0,0.0,0.8029048159724743,1013.8198820802836
1668569786.39935,1263.86,1.1699999999998454,0.42775869,0.19844429,0.0,1.0,0.0,0.8029048159724743,1014.7592807149712
1668569847.127638,1263.31,-0.5499999999999545,0.42872737,0.0009686799999999,0.0,1.0,0.0,0.8029048159724743,1014.3176830661864
1668569907.1473956,1263.6,0.2899999999999636,0.49934537,0.070618,0.0,1.0,0.0,0.8029048159724743,1014.5505254628184
1668569967.1045554,1263.76,0.1600000000000818,0.55285956,0.05351419,0.0,1.0,0.0,0.8029048159724743,1014.6789902333742
1668570028.308038,1263.94,0.1800000000000636,0.60455656,0.0516969999999999,0.0,1.0,0.0,0.8029048159724743,1014.8235131002492
1668570088.0138798,1264.33,0.3899999999998726,0.68082003,0.07626347,0.0,1.0,0.0,0.8029048159724743,1015.1366459784784
1668570147.850846,1265.61,1.2799999999999727,0.89063115,0.20981112,0.0,1.0,0.0,0.8029048159724743,1016.1643641429232
1668570208.5636818,1265.61,0.0,0.96424819,0.0736170399999999,0.0,1.0,0.0,0.8029048159724743,1016.1643641429232
1668570268.5810728,1264.79,-0.8199999999999363,0.89502862,-0.0692195699999999,1.0,0.0,1015.5059821938256,0.0,1015.5059821938256
1668570328.6251056,1265.22,0.4300000000000636,0.94325746,0.0482288399999999,0.0,1.0,0.0,0.802631939262599,1015.5059821938256
1668570390.011313,1265.89,0.6700000000000728,1.03751639,0.0942589299999999,0.0,1.0,0.0,0.802631939262599,1016.0437455931316
1668570449.6045816,1264.78,-1.110000000000127,0.90138041,-0.1361359799999999,1.0,0.0,1015.15282414055,0.0,1015.15282414055
1668570509.6575146,1263.64,-1.139999999999873,0.69328612,-0.20809429,1.0,0.0,1015.15282414055,0.0,1015.15282414055
1668570570.7642517,1263.83,0.1899999999998272,0.6204478,-0.07283832,1.0,0.0,1015.15282414055,0.0,1015.15282414055
1668570630.469843,1263.79,-0.0399999999999636,0.53877161,-0.08167619,1.0,0.0,1015.15282414055,0.0,1015.15282414055
1668570690.8735125,1263.69,-0.099999999999909,0.45637918,-0.0823924299999999,1.0,0.0,1015.15282414055,0.0,1015.15282414055
1668570751.199411,1263.24,-0.4500000000000455,0.32926264,-0.12711654,1.0,0.0,1015.15282414055,0.0,1015.15282414055
1668570811.2222142,1263.8,0.5599999999999454,0.33382129,0.0045586499999999,0.0,1.0,0.0,0.8032543314927599,1015.15282414055
1668570871.221895,1264.87,1.0699999999999363,0.44922181,0.11540052,0.0,1.0,0.0,0.8032543314927599,1016.0123062752472
1668570932.2182007,1264.61,-0.2599999999999909,0.43088728,-0.01833453,1.0,0.0,1015.8034601490592,0.0,1015.8034601490592
1668570992.1777272,1264.65,0.0400000000001909,0.43290068,0.0020133999999999,0.0,1.0,0.0,0.8032289251168775,1015.8034601490592
1668571053.0689557,1264.51,-0.1400000000001,0.40849497,-0.0244057099999999,1.0,0.0,1015.6910080995428,0.0,1015.6910080995428
1668571113.038593,1264.92,0.4100000000000818,0.45080202,0.04230705,0.0,1.0,0.0,0.8029685735853198,1015.6910080995428
1668571173.2379162,1264.84,-0.0800000000001546,0.44187744,-0.00892458,1.0,0.0,1015.6267706136558,0.0,1015.6267706136558
1668571233.3019454,1264.86,0.0199999999999818,0.43767681,-0.0042006299999999,1.0,0.0,1015.6267706136558,0.0,1015.6267706136558
1668571293.8058934,1264.54,-0.3199999999999363,0.38229606,-0.05538075,1.0,0.0,1015.6267706136558,0.0,1015.6267706136558
1668571353.831698,1264.08,-0.4600000000000364,0.29014803,-0.0921480299999999,1.0,0.0,1015.6267706136558,0.0,1015.6267706136558
1668571413.8312428,1263.54,-0.5399999999999636,0.16705976,-0.12308827,1.0,0.0,1015.6267706136558,0.0,1015.6267706136558
1668571474.8034513,1263.2,-0.3399999999999181,0.05440575,-0.11265401,1.0,0.0,1015.6267706136558,0.0,1015.6267706136558
1668571534.9385526,1262.99,-0.2100000000000363,-0.04291224,-0.09731799,1.0,0.0,1015.6267706136558,0.0,1015.6267706136558
1668571594.7822735,1262.93,-0.0599999999999454,-0.11402636,-0.07111412,1.0,0.0,1015.6267706136558,0.0,1015.6267706136558
1668571656.101452,1262.56,-0.3700000000001182,-0.21699725,-0.10297089,1.0,0.0,1015.6267706136558,0.0,1015.6267706136558
1668571715.5476367,1261.82,-0.7400000000000091,-0.37606708,-0.15906983,1.0,0.0,1015.6267706136558,0.0,1015.6267706136558
1668571775.6002264,1262.48,0.6600000000000819,-0.3581008,0.01796628,0.0,1.0,0.0,0.8044695920835624,1015.6267706136558
1668571836.714613,1261.81,-0.6700000000000728,-0.47528127,-0.1171804699999999,1.0,0.0,1015.08777598696,0.0,1015.08777598696
1668571896.341225,1261.99,0.1800000000000636,-0.49496902,-0.01968775,1.0,0.0,1015.08777598696,0.0,1015.08777598696
1668571956.3557694,1262.15,0.1600000000000818,-0.49214423,0.0028247899999999,0.0,1.0,0.0,0.8042528827690527,1015.08777598696
1668572017.1666076,1262.05,-0.1000000000001364,-0.50908376,-0.0169395299999999,1.0,0.0,1015.0073506986828,0.0,1015.0073506986828
1668572077.0970354,1261.2,-0.849999999999909,-0.63046212,-0.12137836,1.0,0.0,1015.0073506986828,0.0,1015.0073506986828
1668572137.2087667,1261.12,-0.0800000000001546,-0.67655879,-0.0460966699999999,1.0,0.0,1015.0073506986828,0.0,1015.0073506986828
1668572198.1815932,1261.7,0.5800000000001546,-0.61735825,0.0592005399999999,0.0,1.0,0.0,0.8044759853361994,1015.0073506986828
1668572258.137565,1261.9,0.2000000000000454,-0.57315873,0.04419952,0.0,1.0,0.0,0.8044759853361994,1015.16824589575
1668572318.1465025,1262.07,0.1699999999998453,-0.51984104,0.0533176899999999,0.0,1.0,0.0,0.8044759853361994,1015.305006813257
1668572378.945466,1261.86,-0.2100000000000363,-0.51245485,0.0073861899999999,0.0,1.0,0.0,0.8044759853361994,1015.1360668563364
1668572438.9653668,1261.5,-0.3599999999998999,-0.5385936,-0.0261387499999999,1.0,0.0,1014.8464555016157,0.0,1014.8464555016157
1668572499.0197651,1261.23,-0.2699999999999818,-0.56921883,-0.0306252299999999,1.0,0.0,1014.8464555016157,0.0,1014.8464555016157
1668572559.677431,1259.56,-1.6700000000000728,-0.80591752,-0.2366986900000001,1.0,0.0,1014.8464555016157,0.0,1014.8464555016157
1668572619.687789,1259.99,0.4300000000000636,-0.81639596,-0.0104784399999999,1.0,0.0,1014.8464555016157,0.0,1014.8464555016157
1668572679.7813852,1258.8,-1.1900000000000546,-1.01039804,-0.19400208,1.0,0.0,1014.8464555016157,0.0,1014.8464555016157
1668572740.8665087,1257.99,-0.8099999999999454,-1.19039279,-0.1799947499999998,1.0,0.0,1014.8464555016157,0.0,1014.8464555016157
1668572800.7148,1258.72,0.7300000000000182,-1.16465437,0.0257384199999999,0.0,1.0,0.0,0.8062527452504256,1014.8464555016157
1668572860.7777617,1258.83,0.1099999999998999,-1.16129128,0.0033630900000001,0.0,1.0,0.0,0.8062527452504256,1014.9351433035932
1668572921.528907,1257.71,-1.1199999999998909,-1.24964873,-0.0883574500000001,1.0,0.0,1014.0321402289128,0.0,1014.0321402289128
1668572981.545561,1257.95,0.2400000000000091,-1.26442941,-0.0147806799999998,1.0,0.0,1014.0321402289128,0.0,1014.0321402289128
1668573041.6086466,1257.73,-0.2200000000000272,-1.30644081,-0.0420114,1.0,0.0,1014.0321402289128,0.0,1014.0321402289128
1668573102.355524,1258.01,0.2799999999999727,-1.2945314,0.0119094099999998,0.0,1.0,0.0,0.8060604766487649,1014.0321402289128
1668573163.1135824,1258.89,0.8800000000001091,-1.1656581,0.1288733000000002,0.0,1.0,0.0,0.8060604766487649,1014.7414734483638
1668573222.3209112,1258.8,-0.0900000000001455,-1.09163664,0.0740214599999999,0.0,1.0,0.0,0.8060604766487649,1014.6689280054652
1668573283.6328678,1258.4,-0.3999999999998636,-1.06782011,0.0238165299999999,0.0,1.0,0.0,0.8060604766487649,1014.3465038148058
1668573343.6055963,1258.64,0.2400000000000091,-1.01262811,0.0551919999999999,0.0,1.0,0.0,0.8060604766487649,1014.5399583292016
1668573403.3562086,1258.81,0.1699999999998453,-0.92682184,0.08580627,0.0,1.0,0.0,0.8060604766487649,1014.6769886102315
1668573464.1178348,1258.22,-0.5899999999999181,-0.94602276,-0.0192009199999999,1.0,0.0,1014.201412929009,0.0,1014.201412929009
1668573524.208561,1257.63,-0.5899999999999181,-0.95846481,-0.0124420499999999,1.0,0.0,1014.201412929009,0.0,1014.201412929009
1668573584.1280148,1257.71,0.0799999999999272,-0.95385157,0.0046132399999999,0.0,1.0,0.0,0.8063873332715881,1014.201412929009
1668573644.9539974,1257.41,-0.2999999999999545,-0.93724894,0.0166026299999999,0.0,1.0,0.0,0.8063873332715881,1013.9594967290276
1668573704.9847193,1257.7,0.2899999999999636,-0.9103353,0.02691364,0.0,1.0,0.0,0.8063873332715881,1014.1933490556764
1668573764.9747236,1257.43,-0.2699999999999818,-0.90956105,0.0007742499999999,0.0,1.0,0.0,0.8063873332715881,1013.975624475693
1668573825.8011136,1257.7,0.2699999999999818,-0.85095536,0.0586056899999999,0.0,1.0,0.0,0.8063873332715881,1014.1933490556764
1668573885.810546,1257.72,0.0199999999999818,-0.80252349,0.04843187,0.0,1.0,0.0,0.8063873332715881,1014.2094768023418
1668573945.8016946,1257.33,-0.3900000000001,-0.8149027,-0.0123792099999999,1.0,0.0,1013.8949857423656,0.0,1013.8949857423656
1668574006.9701557,1257.99,0.6600000000000819,-0.74256546,0.0723372399999999,0.0,1.0,0.0,0.8059642650119362,1013.8949857423656
1668574066.9181917,1258.21,0.2200000000000272,-0.67332873,0.0692367299999999,0.0,1.0,0.0,0.8059642650119362,1014.0722978806684
1668574126.799162,1258.68,0.4700000000000273,-0.54898113,0.1243476,0.0,1.0,0.0,0.8059642650119362,1014.451101085224
1668574187.7390904,1258.15,-0.5299999999999727,-0.48579673,0.0631844,0.0,1.0,0.0,0.8059642650119362,1014.0239400247676
1668574248.3193717,1257.87,-0.2800000000002001,-0.43224349,0.05355324,0.0,1.0,0.0,0.8059642650119362,1013.798270030564
1668574307.7526088,1258.25,0.3800000000001091,-0.39116901,0.04107448,0.0,1.0,0.0,0.8059642650119362,1014.1045364512688
1668574368.585215,1257.89,-0.3599999999998999,-0.37265069,0.0185183199999999,0.0,1.0,0.0,0.8059642650119362,1013.8143893158644
1668574428.50061,1258.57,0.6799999999998363,-0.28181635,0.09083434,0.0,1.0,0.0,0.8059642650119362,1014.3624450160725
1668574488.4737573,1258.04,-0.5299999999999727,-0.29743298,-0.01561663,1.0,0.0,1013.9352839556162,0.0,1013.9352839556162
1668574549.5798738,1258.0,-0.0399999999999636,-0.28072889,0.01670409,0.0,1.0,0.0,0.8059898918566106,1013.9352839556162
1668574609.6205912,1258.02,0.0199999999999818,-0.27024695,0.01048194,0.0,1.0,0.0,0.8059898918566106,1013.9514037534532
1668574669.6190915,1257.88,-0.1399999999998726,-0.25154583,0.0187011199999999,0.0,1.0,0.0,0.8059898918566106,1013.8385651685936
1668574730.6588798,1258.07,0.1899999999998272,-0.24244773,0.0090981,0.0,1.0,0.0,0.8059898918566106,1013.991703248046
1668574790.5000603,1258.3,0.2300000000000182,-0.18139343,0.0610543,0.0,1.0,0.0,0.8059898918566106,1014.1770809231732
1668574850.5147085,1257.39,-0.9099999999998544,-0.25797704,-0.07658361,1.0,0.0,1013.4436301215836,0.0,1013.4436301215836
1668574911.1756728,1258.21,0.8199999999999363,-0.20787804,0.050099,0.0,1.0,0.0,0.8054646125222209,1013.4436301215836
1668574971.2410305,1257.11,-1.1000000000001364,-0.30155888,-0.0936808399999999,1.0,0.0,1012.557619047809,0.0,1012.557619047809
1668575031.1914644,1256.31,-0.7999999999999545,-0.402121,-0.10056212,1.0,0.0,1012.557619047809,0.0,1012.557619047809
1668575092.2147863,1256.38,0.0700000000001637,-0.48666497,-0.0845439699999999,1.0,0.0,1012.557619047809,0.0,1012.557619047809
1668575152.340603,1255.29,-1.0900000000001455,-0.63582909,-0.14916412,1.0,0.0,1012.557619047809,0.0,1012.557619047809
1668575212.2972224,1255.38,0.0900000000001455,-0.70650451,-0.07067542,1.0,0.0,1012.557619047809,0.0,1012.557619047809
1668575273.2643766,1255.46,0.0799999999999272,-0.84732945,-0.14082494,1.0,0.0,1012.557619047809,0.0,1012.557619047809
1668575333.0421565,1255.48,0.0199999999999818,-0.82802535,0.0193041,0.0,1.0,0.0,0.806510353846982,1012.557619047809
1668575393.071269,1255.05,-0.4300000000000636,-0.86215076,-0.03412541,1.0,0.0,1012.2108195956548,0.0,1012.2108195956548
1668575453.898218,1255.99,0.9400000000000546,-0.76836302,0.09378774,0.0,1.0,0.0,0.8059067505279937,1012.2108195956548
1668575514.1914392,1255.7,-0.2899999999999636,-0.77569831,-0.0073352899999999,1.0,0.0,1011.9771066380016,0.0,1011.9771066380016
1668575573.8641405,1256.29,0.5899999999999181,-0.68322211,0.0924762,0.0,1.0,0.0,0.8055282670705025,1011.9771066380016
1668575634.7723615,1255.84,-0.4500000000000455,-0.67232131,0.0109008,0.0,1.0,0.0,0.8055282670705025,1011.6146189178198
1668575694.8602152,1255.55,-0.2899999999999636,-0.63829416,0.0340271499999998,0.0,1.0,0.0,0.8055282670705025,1011.3810157203694
1668575755.159128,1256.09,0.5399999999999636,-0.57327686,0.0650173,0.0,1.0,0.0,0.8055282670705025,1011.8160009845874
1668575815.9479337,1255.94,-0.1499999999998635,-0.56422665,0.0090502099999999,0.0,1.0,0.0,0.8055282670705025,1011.695171744527
1668575875.7284677,1256.44,0.5,-0.49192476,0.07230189,0.0,1.0,0.0,0.8055282670705025,1012.0979358780622
1668575935.6916327,1257.26,0.8199999999999363,-0.32962281,0.16230195,0.0,1.0,0.0,0.8055282670705025,1012.75846905706
1668575996.5573993,1257.19,-0.0699999999999363,-0.22128386,0.1083389499999999,0.0,1.0,0.0,0.8055282670705025,1012.7020820783652
1668576056.5435784,1257.52,0.3299999999999272,-0.06394537,0.15733849,0.0,1.0,0.0,0.8055282670705025,1012.9679064064984
1668576116.7585318,1258.18,0.6600000000000819,0.09161535,0.1555607199999999,0.0,1.0,0.0,0.8055282670705025,1013.4995550627648
1668576177.6040566,1258.6,0.4199999999998454,0.22331746,0.1317021099999999,0.0,1.0,0.0,0.8055282670705025,1013.8378769349345
1668576237.35378,1258.03,-0.5699999999999363,0.23708592,0.01376846,0.0,1.0,0.0,0.8055282670705025,1013.3787258227044
1668576297.4669414,1258.16,0.1300000000001091,0.27757108,0.04048516,0.0,1.0,0.0,0.8055282670705025,1013.4834444974236
1668576358.4096937,1257.98,-0.1800000000000636,0.31963827,0.0420671899999999,0.0,1.0,0.0,0.8055282670705025,1013.3384494093508
1668576418.4461746,1258.32,0.3399999999999181,0.34995429,0.03031602,0.0,1.0,0.0,0.8055282670705025,1013.6123290201548
1668576478.3163433,1257.55,-0.7699999999999818,0.26407574,-0.08587855,1.0,0.0,1012.9920722545104,0.0,1012.9920722545104
1668576539.33873,1258.26,0.7100000000000364,0.31217707,0.04810133,0.0,1.0,0.0,0.8050737305918573,1012.9920722545104
1668576599.2113702,1258.24,-0.0199999999999818,0.34767162,0.03549455,0.0,1.0,0.0,0.8050737305918573,1012.9759707798984
1668576659.2626705,1258.58,0.3399999999999181,0.35844377,0.0107721499999999,0.0,1.0,0.0,0.8050737305918573,1013.2496958482996
1668576720.0569603,1258.51,-0.0699999999999363,0.4192323,0.06078853,0.0,1.0,0.0,0.8050737305918573,1013.1933406871584
1668576780.3721626,1258.01,-0.5,0.36566593,-0.05356637,1.0,0.0,1012.7908038218624,0.0,1012.7908038218624
1668576840.0808706,1257.45,-0.5599999999999454,0.28875383,-0.0769120999999999,1.0,0.0,1012.7908038218624,0.0,1012.7908038218624
1668576901.4426386,1257.36,-0.0900000000001455,0.18552746,-0.1032263699999999,1.0,0.0,1012.7908038218624,0.0,1012.7908038218624
1668576961.3112388,1256.12,-1.240000000000009,-0.00129542,-0.18682288,1.0,0.0,1012.7908038218624,0.0,1012.7908038218624
1668577021.1844234,1256.21,0.0900000000001455,-0.12005435,-0.11875893,1.0,0.0,1012.7908038218624,0.0,1012.7908038218624
1668577082.349028,1256.29,0.0799999999999272,-0.12609529,-0.0060409399999999,1.0,0.0,1012.7908038218624,0.0,1012.7908038218624
1668577142.1707067,1256.13,-0.1599999999998544,-0.18601351,-0.0599182199999999,1.0,0.0,1012.7908038218624,0.0,1012.7908038218624
1668577202.6728315,1256.12,-0.0100000000002182,-0.23051317,-0.0444996599999999,1.0,0.0,1012.7908038218624,0.0,1012.7908038218624
1668577262.9527528,1255.77,-0.349999999999909,-0.24830076,-0.01778759,1.0,0.0,1012.7908038218624,0.0,1012.7908038218624
1668577323.0093272,1256.45,0.6800000000000637,-0.21207584,0.03622492,0.0,1.0,0.0,0.8060733048046976,1012.7908038218624
1668577382.992733,1256.08,-0.3700000000001182,-0.31308114,-0.1010052999999999,1.0,0.0,1012.4925566990844,0.0,1012.4925566990844
1668577444.4578133,1255.98,-0.099999999999909,-0.32188084,-0.0087997,1.0,0.0,1012.4925566990844,0.0,1012.4925566990844
1668577503.8365133,1257.17,1.1900000000000546,-0.21934652,0.10253432,0.0,1.0,0.0,0.805374417699344,1012.4925566990844
1668577563.769563,1255.91,-1.259999999999991,-0.31812813,-0.09878161,1.0,0.0,1011.4777849327832,0.0,1011.4777849327832
1668577624.9092536,1257.04,1.1299999999998818,-0.21413809,0.10399004,0.0,1.0,0.0,0.8046504366868065,1011.4777849327832
1668577684.7828069,1256.18,-0.8599999999999,-0.26031167,-0.0461735799999999,1.0,0.0,1010.7857855572328,0.0,1010.7857855572328
1668577745.0164332,1256.15,-0.0299999999999727,-0.27396665,-0.0136549799999999,1.0,0.0,1010.7857855572328,0.0,1010.7857855572328
1668577805.9437568,1256.68,0.5299999999999727,-0.21578658,0.0581800699999999,0.0,1.0,0.0,0.8043302873899741,1010.7857855572328
1668577865.6399438,1256.65,-0.0299999999999727,-0.17841744,0.0373691399999999,0.0,1.0,0.0,0.8043302873899741,1010.761655648611
1668577925.6130335,1255.6,-1.050000000000182,-0.26612814,-0.0877107,1.0,0.0,1009.9171088468514,0.0,1009.9171088468514
1668577986.6517758,1255.03,-0.5699999999999363,-0.44097503,-0.1748468899999999,1.0,0.0,1009.9171088468514,0.0,1009.9171088468514
1668578046.4410677,1256.28,1.25,-0.35735564,0.08361939,0.0,1.0,0.0,0.803894919004403,1009.9171088468514
1668578106.500348,1256.55,0.2699999999999818,-0.28632172,0.0710339199999999,0.0,1.0,0.0,0.803894919004403,1010.1341604749824
1668578167.584757,1255.61,-0.9400000000000546,-0.30740934,-0.0210876199999999,1.0,0.0,1009.3784992511185,0.0,1009.3784992511185
1668578227.5095744,1256.13,0.5200000000002092,-0.23523524,0.0721740999999999,0.0,1.0,0.0,0.8035621307118836,1009.3784992511185
1668578288.4289567,1254.72,-1.410000000000082,-0.34642919,-0.1111939499999999,1.0,0.0,1008.2454766468148,0.0,1008.2454766468148
1668578348.516594,1258.05,3.3299999999999272,-0.11265616,0.23377303,0.0,1.0,0.0,0.8014351390221492,1008.2454766468148
1668578408.672293,1258.11,0.0599999999999454,0.04027434,0.1529305,0.0,1.0,0.0,0.8014351390221492,1008.293562755156
1668578468.890187,1256.84,-1.2699999999999818,0.01762705,-0.02264729,1.0,0.0,1007.275740128598,0.0,1007.275740128598
1668578529.2927084,1257.03,0.1900000000000545,0.03695045,0.0193234,0.0,1.0,0.0,0.8013140021547601,1007.275740128598
1668578589.3891068,1258.39,1.360000000000127,0.19796532,0.16101487,0.0,1.0,0.0,0.8013140021547601,1008.3655271715288
1668578649.264168,1258.77,0.3799999999998817,0.32845141,0.13048609,0.0,1.0,0.0,0.8013140021547601,1008.6700264923472
1668578710.4108186,1258.72,-0.0499999999999545,0.38972092,0.06126951,0.0,1.0,0.0,0.8013140021547601,1008.6299607922396
1668578770.4163845,1259.59,0.8699999999998909,0.60236327,0.2126423499999999,0.0,1.0,0.0,0.8013140021547601,1009.3271039741144
1668578830.4472282,1258.73,-0.8599999999999,0.6130978,0.01073453,0.0,1.0,0.0,0.8013140021547601,1008.6379739322612
1668578891.6922946,1259.24,0.5099999999999909,0.74720192,0.1341041199999999,0.0,1.0,0.0,0.8013140021547601,1009.04664407336
1668578951.266766,1258.84,-0.4000000000000909,0.73496183,-0.0122400899999999,1.0,0.0,1008.726118472498,0.0,1008.726118472498
1668579011.2296133,1257.59,-1.25,0.58709289,-0.14786894,1.0,0.0,1008.726118472498,0.0,1008.726118472498
1668579072.1719575,1255.31,-2.2799999999999727,0.03005198,-0.55704091,1.0,0.0,1008.726118472498,0.0,1008.726118472498
1668579132.2580943,1255.13,-0.1799999999998363,-0.14474987,-0.17480185,1.0,0.0,1008.726118472498,0.0,1008.726118472498
1668579192.1532176,1253.89,-1.240000000000009,-0.44972694,-0.30497707,1.0,0.0,1008.726118472498,0.0,1008.726118472498
1668579253.802714,1254.75,0.8599999999999,-0.48509788,-0.0353709399999999,1.0,0.0,1008.726118472498,0.0,1008.726118472498
1668579313.7454977,1251.8,-2.950000000000045,-0.97743498,-0.4923370999999999,1.0,0.0,1008.726118472498,0.0,1008.726118472498
1668579374.8387604,1251.65,-0.1499999999998635,-1.19010208,-0.2126671,1.0,0.0,1008.726118472498,0.0,1008.726118472498
1668579434.5857067,1252.7,1.0499999999999543,-1.18411275,0.00598933,0.0,1.0,0.0,0.8052415729803608,1008.726118472498
1668579494.6929765,1252.75,0.0499999999999545,-1.22449152,-0.04037877,1.0,0.0,1008.766380551147,0.0,1008.766380551147
1668579554.711114,1253.03,0.2799999999999727,-1.20634147,0.01815005,0.0,1.0,0.0,0.8050616350375865,1008.766380551147
1668579615.52684,1250.93,-2.099999999999909,-1.49273495,-0.2863934800000001,1.0,0.0,1007.0757511175682,0.0,1007.0757511175682
1668579675.5886176,1250.84,-0.0900000000001455,-1.58096386,-0.08822891,1.0,0.0,1007.0757511175682,0.0,1007.0757511175682
1668579735.5380232,1246.42,-4.419999999999845,-2.25251054,-0.6715466799999998,1.0,0.0,1007.0757511175682,0.0,1007.0757511175682
1668579796.2655635,1248.23,1.8099999999999448,-2.22085851,0.03165203,0.0,1.0,0.0,0.8068030339901846,1007.0757511175682
1668579856.3365974,1248.11,-0.1200000000001182,-2.30021357,-0.0793550600000001,1.0,0.0,1006.9789347534892,0.0,1006.9789347534892
1668579916.4940448,1248.4,0.290000000000191,-2.28829392,0.0119196499999998,0.0,1.0,0.0,0.8066156157910037,1006.978934753489
1668579977.345204,1247.94,-0.4600000000000364,-2.33602025,-0.0477263299999997,1.0,0.0,1006.6078915702252,0.0,1006.6078915702252
1668580037.2529175,1246.57,-1.3700000000001182,-2.51231502,-0.1762947700000001,1.0,0.0,1006.6078915702252,0.0,1006.6078915702252
1668580097.444859,1247.08,0.5099999999999909,-2.46283816,0.0494768599999999,0.0,1.0,0.0,0.8071718667368776,1006.6078915702252
1668580158.1798346,1245.92,-1.1599999999998545,-2.59247884,-0.12964068,1.0,0.0,1005.6715722048106,0.0,1005.6715722048106
1668580218.1781669,1246.39,0.4700000000000273,-2.52494048,0.0675383599999999,0.0,1.0,0.0,0.8068674910780819,1005.6715722048106
1668580278.2937183,1247.7,1.3099999999999454,-2.28744146,0.23749902,0.0,1.0,0.0,0.8068674910780819,1006.7285686181228
1668580338.911379,1247.71,0.0099999999999909,-2.15637564,0.1310658200000003,0.0,1.0,0.0,0.8068674910780819,1006.7366372930336
1668580398.964106,1247.54,-0.1700000000000727,-2.05376219,0.1026134499999997,0.0,1.0,0.0,0.8068674910780819,1006.5994698195502
1668580459.0742052,1246.71,-0.8299999999999272,-2.05542739,-0.0016652000000001,1.0,0.0,1005.9297698019554,0.0,1005.9297698019554
1668580520.54986,1246.54,-0.1700000000000727,-2.00609039,0.0493370000000004,0.0,1.0,0.0,0.8069775296436179,1005.9297698019554
1668580580.0647676,1245.36,-1.1800000000000637,-2.10075745,-0.0946670600000003,1.0,0.0,1004.977536316976,0.0,1004.977536316976
1668580640.0893686,1244.1,-1.259999999999991,-2.25473797,-0.1539805199999997,1.0,0.0,1004.977536316976,0.0,1004.977536316976
1668580700.84737,1244.85,0.75,-2.16615263,0.0885853399999998,0.0,1.0,0.0,0.8073081385845492,1004.977536316976
1668580760.8056877,1245.55,0.7000000000000455,-2.01997445,0.1461781800000001,0.0,1.0,0.0,0.8073081385845492,1005.5426520139852
1668580820.8609197,1244.72,-0.8299999999999272,-2.04226735,-0.0222929,1.0,0.0,1004.87258625896,0.0,1004.87258625896
1668580881.6506982,1244.33,-0.3900000000001,-2.04034137,0.0019259799999997,0.0,1.0,0.0,0.8075611664582226,1004.8725862589602
1668580941.755892,1244.31,-0.0199999999999818,-1.99464902,0.0456923500000001,0.0,1.0,0.0,0.8075611664582226,1004.856435035631
1668581001.5991282,1243.51,-0.7999999999999545,-2.04733413,-0.0526851099999998,1.0,0.0,1004.2103861024644,0.0,1004.2103861024644
1668581063.0413024,1243.32,-0.1900000000000545,-2.04275538,0.0045787499999998,0.0,1.0,0.0,0.8076845752521189,1004.2103861024644
1668581122.9944386,1243.67,0.3500000000001364,-1.95452791,0.08822747,0.0,1.0,0.0,0.8076845752521189,1004.4930757038028
1668581183.149516,1245.06,1.389999999999873,-1.68850187,0.2660260399999998,0.0,1.0,0.0,0.8076845752521189,1005.6157572634032
1668581244.023542,1245.1,0.0399999999999636,-1.54204543,0.1464564400000001,0.0,1.0,0.0,0.8076845752521189,1005.6480646464132
1668581303.855882,1246.0,0.900000000000091,-1.28437593,0.2576695,0.0,1.0,0.0,0.8076845752521189,1006.37498076414
1668581363.8651445,1246.61,0.6099999999999,-1.03849569,0.2458802399999999,0.0,1.0,0.0,0.8076845752521189,1006.867668355044
1668581424.6456752,1246.67,0.0600000000001728,-0.86303771,0.17545798,0.0,1.0,0.0,0.8076845752521189,1006.9161294295592
1668581544.6214845,1244.61,-2.060000000000173,-0.96698511,-0.1039474,1.0,0.0,1005.2522992045396,0.0,1005.2522992045396
1668581605.51139,1245.1,0.4900000000000091,-0.87285461,0.0941305,0.0,1.0,0.0,0.8073667168938556,1005.2522992045396
1668581665.3612385,1247.95,2.8500000000001364,-0.41627524,0.45657937,0.0,1.0,0.0,0.8073667168938556,1007.5532943476873
1668581725.384466,1248.09,0.1399999999998726,-0.21276119,0.20351405,0.0,1.0,0.0,0.8073667168938556,1007.6663256880522
1668581786.3725388,1247.92,-0.1699999999998453,-0.08242889,0.1303322999999999,0.0,1.0,0.0,0.8073667168938556,1007.5290733461804
1668581846.475042,1248.72,0.7999999999999545,0.14371258,0.22614147,0.0,1.0,0.0,0.8073667168938556,1008.1749667196956
1668581906.3806157,1248.93,0.2100000000000363,0.29893773,0.15522515,0.0,1.0,0.0,0.8073667168938556,1008.3445137302432
1668581967.593476,1249.01,0.0799999999999272,0.41533028,0.1163925499999999,0.0,1.0,0.0,0.8073667168938556,1008.4091030675946
1668582027.2904563,1248.67,-0.3399999999999181,0.44872471,0.03339443,0.0,1.0,0.0,0.8073667168938556,1008.1345983838507
1668582087.399703,1248.61,-0.0600000000001728,0.48254285,0.03381814,0.0,1.0,0.0,0.8073667168938556,1008.086156380837
1668582148.023464,1248.98,0.3700000000001182,0.56020947,0.0776666199999999,0.0,1.0,0.0,0.8073667168938556,1008.3848820660878
1668582208.0172856,1248.89,-0.0899999999999181,0.5782028,0.01799333,0.0,1.0,0.0,0.8073667168938556,1008.3122190615676
1668582267.9906385,1249.54,0.6499999999998636,0.68383741,0.1056346099999999,0.0,1.0,0.0,0.8073667168938556,1008.8370074275484
1668582329.270716,1249.97,0.4300000000000636,0.77772685,0.0938894399999999,0.0,1.0,0.0,0.8073667168938556,1009.1841751158128
1668582388.9848132,1251.01,1.0399999999999636,0.96319117,0.18546432,0.0,1.0,0.0,0.8073667168938556,1010.0238365013824
1668582449.111025,1250.66,-0.349999999999909,0.98242919,0.0192380199999999,0.0,1.0,0.0,0.8073667168938556,1009.7412581504695
1668582509.6851704,1250.71,0.0499999999999545,1.01587388,0.03344469,0.0,1.0,0.0,0.8073667168938556,1009.7816264863142
1668582569.7832017,1250.06,-0.650000000000091,0.93548948,-0.0803844,1.0,0.0,1009.2568381203332,0.0,1009.2568381203332
1668582629.9493096,1247.94,-2.119999999999891,0.60278559,-0.33270389,1.0,0.0,1009.2568381203332,0.0,1009.2568381203332
1668582690.8206306,1247.58,-0.3600000000001273,0.41685923,-0.1859263599999999,1.0,0.0,1009.2568381203332,0.0,1009.2568381203332
1668582750.5159056,1246.84,-0.7400000000000091,0.18433148,-0.23252775,1.0,0.0,1009.2568381203332,0.0,1009.2568381203332
1668582810.5053291,1246.91,0.0700000000001637,0.05619596,-0.12813552,1.0,0.0,1009.2568381203332,0.0,1009.2568381203332
1668582871.6175327,1245.0,-1.9100000000000816,-0.31859693,-0.37479289,1.0,0.0,1009.2568381203332,0.0,1009.2568381203332
1668582931.6146777,1245.28,0.2799999999999727,-0.44966091,-0.13106398,1.0,0.0,1009.2568381203332,0.0,1009.2568381203332
1668582991.6973078,1245.81,0.5299999999999727,-0.49042477,-0.0407638599999999,1.0,0.0,1009.2568381203332,0.0,1009.2568381203332
1668583052.4536903,1246.89,1.0800000000001546,-0.39722661,0.09319816,0.0,1.0,0.0,0.8094193057289201,1009.2568381203332
1668583113.0415552,1247.03,0.1399999999998726,-0.36739002,0.0298365899999999,0.0,1.0,0.0,0.8094193057289201,1009.3701568231352
1668583172.5497928,1247.78,0.75,-0.24317096,0.1242190599999999,0.0,1.0,0.0,0.8094193057289201,1009.977221302432
1668583233.2530608,1248.31,0.5299999999999727,-0.11440466,0.1287663,0.0,1.0,0.0,0.8094193057289201,1010.4062135344682
1668583293.430049,1247.54,-0.7699999999999818,-0.15418947,-0.0397848099999999,1.0,0.0,1009.7829606690568,0.0,1009.7829606690568
1668583353.2591798,1248.59,1.0499999999999543,0.01356836,0.16775783,0.0,1.0,0.0,0.8087386257050408,1009.7829606690568
1668583414.0031412,1248.52,-0.0699999999999363,0.0687031,0.05513474,0.0,1.0,0.0,0.8087386257050408,1009.7263489652576
1668583473.9573011,1248.5,-0.0199999999999818,0.11328051,0.04457741,0.0,1.0,0.0,0.8087386257050408,1009.7101741927436
1668583533.9615505,1248.47,-0.0299999999999727,0.143299,0.03001849,0.0,1.0,0.0,0.8087386257050408,1009.6859120339724
1668583594.9152594,1247.83,-0.6400000000001,0.07658772,-0.06671128,1.0,0.0,1009.168319313521,0.0,1009.168319313521
1668583655.0776596,1247.15,-0.6799999999998363,-0.03206266,-0.1086503799999999,1.0,0.0,1009.168319313521,0.0,1009.168319313521
1668583715.0744336,1248.69,1.5399999999999636,0.14275068,0.1748133399999999,0.0,1.0,0.0,0.808181629798846,1009.168319313521
1668583775.8689015,1248.73,0.0399999999999636,0.18687529,0.04412461,0.0,1.0,0.0,0.808181629798846,1009.200646578713
1668583835.7420454,1248.51,-0.2200000000000272,0.18572558,-0.0011497099999999,1.0,0.0,1009.0228466201572,0.0,1009.0228466201572
1668583895.743997,1247.44,-1.0699999999999363,0.04582529,-0.13990029,1.0,0.0,1009.0228466201572,0.0,1009.0228466201572
1668583956.4559722,1247.3,-0.1400000000001,-0.01783761,-0.0636629,1.0,0.0,1009.0228466201572,0.0,1009.0228466201572
1668584016.5398784,1248.22,0.9200000000000728,0.07129984,0.08913745,0.0,1.0,0.0,0.8083693953150544,1009.0228466201572
1668584076.6185527,1248.6,0.3799999999998817,0.13778344,0.0664836,0.0,1.0,0.0,0.8083693953150544,1009.3300269903768
1668584137.7505853,1249.2,0.6000000000001364,0.24936015,0.11157671,0.0,1.0,0.0,0.8083693953150544,1009.815048627566
1668584197.5405524,1248.61,-0.5900000000001455,0.21179163,-0.0375685199999999,1.0,0.0,1009.33811068433,0.0,1009.33811068433
1668584257.484025,1248.06,-0.5499999999999545,0.14031025,-0.07148138,1.0,0.0,1009.33811068433,0.0,1009.33811068433
1668584318.167934,1248.83,0.7699999999999818,0.22469028,0.08438003,0.0,1.0,0.0,0.8082269890091767,1009.33811068433
1668584378.1847124,1248.54,-0.2899999999999636,0.19974469,-0.0249455899999999,1.0,0.0,1009.1037248575174,0.0,1009.1037248575174
1668584438.2160518,1247.83,-0.7100000000000364,0.09568161,-0.10406308,1.0,0.0,1009.1037248575174,0.0,1009.1037248575174
1668584499.0385025,1248.31,0.4800000000000182,0.12528895,0.02960734,0.0,1.0,0.0,0.8083759041083685,1009.1037248575174
1668584559.3076296,1248.6,0.2899999999999636,0.15805316,0.0327642099999999,0.0,1.0,0.0,0.8083759041083685,1009.3381538697088
1668584619.2058303,1249.08,0.4800000000000182,0.23165109,0.07359793,0.0,1.0,0.0,0.8083759041083685,1009.7261743036808
1668584680.9770334,1249.27,0.1900000000000545,0.2835325,0.05188141,0.0,1.0,0.0,0.8083759041083685,1009.8797657254614
1668584740.2332668,1248.86,-0.4100000000000818,0.25111567,-0.03241683,1.0,0.0,1009.548331604777,0.0,1009.548331604777
1668584800.1444323,1249.86,1.0,0.38922753,0.1381118599999999,0.0,1.0,0.0,0.8077291309464877,1009.548331604777
1668584861.0638323,1250.3,0.4400000000000545,0.49332418,0.10409665,0.0,1.0,0.0,0.8077291309464877,1009.9037324223935
1668584920.9315314,1249.89,-0.4099999999998545,0.48380106,-0.0095231199999999,1.0,0.0,1009.5725634787055,0.0,1009.5725634787055
1668584980.9655488,1250.77,0.8799999999998818,0.6208503,0.1370492399999999,0.0,1.0,0.0,0.8071608397057057,1009.5725634787055
1668585042.1344116,1250.91,0.1400000000001,0.68840466,0.06755436,0.0,1.0,0.0,0.8071608397057057,1009.6855659962644
1668585102.2670307,1250.56,-0.3500000000001364,0.68199858,-0.0064060799999999,1.0,0.0,1009.4030597023672,0.0,1009.4030597023672
1668585162.883546,1250.59,0.0299999999999727,0.68656419,0.0045656099999999,0.0,1.0,0.0,0.807141476984757,1009.4030597023672
1668585222.986217,1248.43,-2.1599999999998545,0.41019662,-0.27636757,1.0,0.0,1007.6596341120804,0.0,1007.6596341120804
1668585282.7765794,1249.14,0.7100000000000364,0.39365441,-0.01654221,1.0,0.0,1007.6596341120804,0.0,1007.6596341120804
1668585342.853943,1249.6,0.459999999999809,0.40047362,0.0068192099999999,0.0,1.0,0.0,0.8063857507298979,1007.6596341120804
1668585404.3278208,1248.95,-0.6499999999998636,0.27124219,-0.1292314299999999,1.0,0.0,1007.135483374106,0.0,1007.135483374106
1668585464.182467,1248.16,-0.7899999999999636,0.07367718,-0.1975650099999999,1.0,0.0,1007.135483374106,0.0,1007.135483374106
1668585524.0857174,1246.21,-1.9500000000000453,-0.19581029,-0.26948747,1.0,0.0,1007.135483374106,0.0,1007.135483374106
1668585584.5569215,1245.23,-0.9800000000000182,-0.48983778,-0.29402749,1.0,0.0,1007.135483374106,0.0,1007.135483374106
1668585644.7632072,1245.01,-0.2200000000000272,-0.67371933,-0.1838815499999999,1.0,0.0,1007.135483374106,0.0,1007.135483374106
1668585704.8398466,1239.05,-5.960000000000036,-1.75455297,-1.08083364,1.0,0.0,1007.135483374106,0.0,1007.135483374106
1668585765.4152968,1239.66,0.6100000000001273,-2.01242193,-0.2578689599999999,1.0,0.0,1007.135483374106,0.0,1007.135483374106
1668585825.402684,1243.26,3.599999999999909,-1.86958414,0.1428377899999999,0.0,1.0,0.0,0.8100763182070573,1007.135483374106
1668585885.3580606,1246.63,3.3700000000001182,-1.5016703,0.3679138399999999,0.0,1.0,0.0,0.8100763182070573,1009.865440566464
1668585947.021784,1245.53,-1.1000000000001364,-1.32817731,0.1734929899999999,0.0,1.0,0.0,0.8100763182070573,1008.974356616436
1668586006.6884,1245.49,-0.0399999999999636,-1.26136088,0.06681643,0.0,1.0,0.0,0.8100763182070573,1008.9419535637078
1668586066.7303703,1249.0,3.509999999999991,-0.69578912,0.56557176,0.0,1.0,0.0,0.8100763182070573,1011.7853214406146
1668586127.4049523,1247.21,-1.7899999999999636,-0.61659283,0.07919629,0.0,1.0,0.0,0.8100763182070573,1010.335284831024
1668586187.4518943,1251.31,4.099999999999909,-0.12958478,0.4870080499999999,0.0,1.0,0.0,0.8100763182070573,1013.6565977356728
1668586247.5175157,1250.65,-0.6599999999998545,0.13020653,0.25979131,0.0,1.0,0.0,0.8100763182070573,1013.1219473656564
1668586308.356273,1248.4,-2.25,0.08260128,-0.0476052499999999,1.0,0.0,1011.2992756496903,0.0,1011.2992756496903
1668586368.3025105,1247.57,-0.8300000000001546,0.12335721,0.0407559299999999,0.0,1.0,0.0,0.810615256578541,1011.2992756496903
1668586428.2578363,1245.53,-2.039999999999964,-0.02589992,-0.14925713,1.0,0.0,1009.6456205262702,0.0,1009.6456205262702
1668586489.040045,1245.29,-0.2400000000000091,-0.13414645,-0.10824653,1.0,0.0,1009.6456205262702,0.0,1009.6456205262702
1668586549.3277223,1244.82,-0.4700000000000273,-0.38237718,-0.2482307299999999,1.0,0.0,1009.6456205262702,0.0,1009.6456205262702
1668586609.074121,1242.86,-1.9600000000000364,-0.86183185,-0.4794546699999999,1.0,0.0,1009.6456205262702,0.0,1009.6456205262702
1668586669.8767145,1243.88,1.0200000000002092,-0.89972918,-0.03789733,1.0,0.0,1009.6456205262702,0.0,1009.6456205262702
1668586730.453463,1244.07,0.1899999999998272,-0.89570633,0.00402285,0.0,1.0,0.0,0.811566568220655,1009.64562052627
1668586789.9936774,1245.44,1.3700000000001182,-0.83016792,0.06553841,0.0,1.0,0.0,0.811566568220655,1010.7574667247326
1668586850.899332,1245.37,-0.0700000000001637,-0.69140565,0.1387622699999999,0.0,1.0,0.0,0.811566568220655,1010.700657064957
1668586910.728094,1245.41,0.0400000000001909,-0.65560203,0.03580362,0.0,1.0,0.0,0.811566568220655,1010.733119727686
1668586970.7089396,1244.54,-0.8700000000001182,-0.67923585,-0.02363382,1.0,0.0,1010.027056813334,0.0,1010.027056813334
1668587031.410451,1244.92,0.3800000000001091,-0.59724664,0.0819892099999999,0.0,1.0,0.0,0.8113188452377131,1010.0270568133338
1668587091.384977,1244.28,-0.6400000000001,-0.62227579,-0.0250291499999999,1.0,0.0,1009.5078127523816,0.0,1009.5078127523816
1668587151.4108434,1242.02,-2.259999999999991,-0.86621719,-0.2439413999999999,1.0,0.0,1009.5078127523816,0.0,1009.5078127523816
1668587212.8156528,1243.47,1.4500000000000457,-0.87070347,-0.00448628,1.0,0.0,1009.5078127523816,0.0,1009.5078127523816
1668587272.3192434,1243.25,-0.2200000000000272,-0.92819303,-0.0574895599999999,1.0,0.0,1009.5078127523816,0.0,1009.5078127523816
1668587332.3268263,1241.69,-1.5599999999999454,-1.09827636,-0.1700833300000001,1.0,0.0,1009.5078127523816,0.0,1009.5078127523816
1668587393.0430162,1241.91,0.2200000000000272,-1.11146062,-0.0131842599999998,1.0,0.0,1009.5078127523816,0.0,1009.5078127523816
1668587452.9950662,1241.49,-0.4200000000000727,-1.24055924,-0.1290986200000001,1.0,0.0,1009.5078127523816,0.0,1009.5078127523816
1668587512.9516373,1242.21,0.7200000000000273,-1.22250467,0.0180545700000001,0.0,1.0,0.0,0.8126708147192355,1009.5078127523816
1668587574.1654675,1241.18,-1.0299999999999727,-1.25798853,-0.03548386,1.0,0.0,1008.6707618132208,0.0,1008.6707618132208
1668587634.1055434,1239.04,-2.1400000000001,-1.50759676,-0.24960823,1.0,0.0,1008.6707618132208,0.0,1008.6707618132208
1668587694.3326416,1238.18,-0.8599999999999,-1.81781801,-0.3102212500000001,1.0,0.0,1008.6707618132208,0.0,1008.6707618132208
1668587754.9817026,1236.15,-2.0299999999999727,-2.04203932,-0.2242213100000001,1.0,0.0,1008.6707618132208,0.0,1008.6707618132208
1668587814.7823744,1234.97,-1.1800000000000637,-2.49239231,-0.4503529899999998,1.0,0.0,1008.6707618132208,0.0,1008.6707618132208
1668587874.9335194,1234.14,-0.8299999999999272,-2.66627859,-0.17388628,1.0,0.0,1008.6707618132208,0.0,1008.6707618132208
1668587935.831629,1233.8,-0.3400000000001455,-2.79690869,-0.1306300999999998,1.0,0.0,1008.6707618132208,0.0,1008.6707618132208
1668587995.564139,1231.69,-2.1099999999999,-3.0518791,-0.2549704099999998,1.0,0.0,1008.6707618132208,0.0,1008.6707618132208
1668588055.9195025,1234.04,2.349999999999909,-2.98252853,0.0693505699999996,0.0,1.0,0.0,0.8173728256889735,1008.6707618132208
1668588116.4755735,1233.71,-0.3299999999999272,-3.09485349,-0.11232496,1.0,0.0,1008.4010287807436,0.0,1008.4010287807436
1668588176.4134023,1235.55,1.839999999999918,-2.89295636,0.2018971300000003,0.0,1.0,0.0,0.8161555815472814,1008.4010287807436
1668588236.40443,1233.5,-2.0499999999999545,-2.92535487,-0.0323985100000001,1.0,0.0,1006.7279098385716,0.0,1006.7279098385716
1668588297.3949337,1233.91,0.4100000000000818,-2.87423083,0.0511240399999999,0.0,1.0,0.0,0.8158843917616126,1006.7279098385716
1668588357.5502264,1233.44,-0.4700000000000273,-2.80642386,0.0678069699999999,0.0,1.0,0.0,0.8158843917616126,1006.3444441744437
1668588417.4761734,1234.61,1.1699999999998454,-2.64092644,0.1654974200000003,0.0,1.0,0.0,0.8158843917616126,1007.2990289128044
1668588478.382938,1235.56,0.9500000000000456,-2.42737445,0.21355199,0.0,1.0,0.0,0.8158843917616126,1008.074119084978
1668588538.0977974,1235.58,0.0199999999999818,-2.1976518,0.2297226499999998,0.0,1.0,0.0,0.8158843917616126,1008.0904367728132
1668588598.1744485,1237.02,1.4400000000000546,-1.89558735,0.30206445,0.0,1.0,0.0,0.8158843917616126,1009.26531029695
1668588658.8911352,1236.6,-0.4200000000000727,-1.61510704,0.2804803099999999,0.0,1.0,0.0,0.8158843917616126,1008.9226388524102
1668588718.7857764,1236.52,-0.0799999999999272,-1.44791479,0.16719225,0.0,1.0,0.0,0.8158843917616126,1008.8573681010693
1668588778.9704435,1236.55,0.0299999999999727,-1.26804852,0.17986627,0.0,1.0,0.0,0.8158843917616126,1008.881844632822
1668588839.9213405,1237.62,1.0699999999999363,-1.00085513,0.2671933900000001,0.0,1.0,0.0,0.8158843917616126,1009.7548409320068
1668588898.7550428,1237.88,0.2600000000002183,-0.76840084,0.2324542899999999,0.0,1.0,0.0,0.8158843917616126,1009.9669708738652
1668588958.991959,1236.8,-1.0800000000001546,-0.66149387,0.1069069699999999,0.0,1.0,0.0,0.8158843917616126,1009.0858157307624
1668589020.717331,1236.4,-0.3999999999998636,-0.60611889,0.05537498,0.0,1.0,0.0,0.8158843917616126,1008.759461974058
1668589078.90772,1236.43,0.0299999999999727,-0.6048171,0.0013017899999999,0.0,1.0,0.0,0.8158843917616126,1008.7839385058109
1668589138.7737372,1237.14,0.7100000000000364,-0.48188062,0.12293648,0.0,1.0,0.0,0.8158843917616126,1009.3632164239616
1668589198.922447,1237.71,0.5699999999999363,-0.35898515,0.12289547,0.0,1.0,0.0,0.8158843917616126,1009.8282705272655
1668589259.0064578,1237.72,0.0099999999999909,-0.25104496,0.1079401899999999,0.0,1.0,0.0,0.8158843917616126,1009.8364293711832
1668589319.016817,1237.03,-0.6900000000000546,-0.26619196,-0.015147,1.0,0.0,1009.2734691408676,0.0,1009.2734691408676
1668589378.790483,1238.09,1.0599999999999454,-0.16154484,0.10464712,0.0,1.0,0.0,0.8151858662462887,1009.2734691408676
1668589438.7074208,1238.35,0.2599999999999909,0.01402705,0.17557189,0.0,1.0,0.0,0.8151858662462887,1009.4854174660916
1668589498.9974165,1236.45,-1.899999999999864,-0.10387214,-0.11789919,1.0,0.0,1007.9365643202236,0.0,1007.9365643202236
1668589559.6811082,1235.82,-0.6300000000001091,-0.24959776,-0.14572562,1.0,0.0,1007.9365643202236,0.0,1007.9365643202236
1668589618.8912442,1235.26,-0.5599999999999454,-0.38763472,-0.13803696,1.0,0.0,1007.9365643202236,0.0,1007.9365643202236
1668589678.8854764,1235.91,0.650000000000091,-0.42550046,-0.03786574,1.0,0.0,1007.9365643202236,0.0,1007.9365643202236
1668589739.000038,1234.77,-1.1400000000001,-0.52436547,-0.0988650099999999,1.0,0.0,1007.9365643202236,0.0,1007.9365643202236
1668589798.8526568,1234.69,-0.0799999999999272,-0.58804593,-0.06368046,1.0,0.0,1007.9365643202236,0.0,1007.9365643202236
1668589858.8878188,1235.05,0.3599999999998999,-0.59408695,-0.0060410199999999,1.0,0.0,1007.9365643202236,0.0,1007.9365643202236
1668589919.0473309,1234.67,-0.3799999999998817,-0.65840373,-0.0643167799999999,1.0,0.0,1007.9365643202236,0.0,1007.9365643202236
1668589978.887013,1234.64,-0.0299999999999727,-0.68499814,-0.02659441,1.0,0.0,1007.9365643202236,0.0,1007.9365643202236
1668590039.0726316,1235.14,0.5,-0.64096026,0.04403788,0.0,1.0,0.0,0.8160504593165337,1007.9365643202236
1668590098.9306026,1235.15,0.0099999999999909,-0.61899854,0.0219617199999999,0.0,1.0,0.0,0.8160504593165337,1007.9447248248168
1668590158.8622172,1235.1,-0.0500000000001819,-0.60367197,0.01532657,0.0,1.0,0.0,0.8160504593165337,1007.9039223018508
1668590218.8152792,1234.71,-0.3899999999998726,-0.62446375,-0.02079178,1.0,0.0,1007.5856626227176,0.0,1007.5856626227176
1668590278.817527,1235.31,0.599999999999909,-0.55541284,0.0690509099999999,0.0,1.0,0.0,0.8156540970466665,1007.5856626227176
1668590339.1969256,1235.7,0.3900000000001,-0.48014967,0.07526317,0.0,1.0,0.0,0.8156540970466665,1007.9037677205658
1668590398.888627,1236.4,0.7000000000000455,-0.32910261,0.1510470599999999,0.0,1.0,0.0,0.8156540970466665,1008.4747255884984
1668590460.0735717,1236.68,0.2799999999999727,-0.21410357,0.11499904,0.0,1.0,0.0,0.8156540970466665,1008.7031087356715
1668590520.3118925,1236.4,-0.2799999999999727,-0.13841227,0.0756912999999999,0.0,1.0,0.0,0.8156540970466665,1008.4747255884984
1668590578.9334,1236.46,0.0599999999999454,-0.06918723,0.06922504,0.0,1.0,0.0,0.8156540970466665,1008.5236648343212
1668590638.9450943,1236.7,0.2400000000000091,-0.02230802,0.04687921,0.0,1.0,0.0,0.8156540970466665,1008.7194218176124
1668590698.963135,1236.2,-0.5,-0.02315431,-0.0008462899999999,1.0,0.0,1008.3115947690892,0.0,1008.3115947690892
1668590759.0701785,1235.27,-0.9300000000000636,-0.10926189,-0.08610758,1.0,0.0,1008.3115947690892,0.0,1008.3115947690892
1668590819.149469,1233.46,-1.8099999999999448,-0.33367866,-0.22441677,1.0,0.0,1008.3115947690892,0.0,1008.3115947690892
1668590878.9020555,1232.35,-1.110000000000127,-0.60292309,-0.26924443,1.0,0.0,1008.3115947690892,0.0,1008.3115947690892
1668590939.6193883,1231.41,-0.9399999999998272,-0.95026569,-0.3473426,1.0,0.0,1008.3115947690892,0.0,1008.3115947690892
1668590998.8998978,1230.34,-1.0700000000001637,-1.172644,-0.2223783099999999,1.0,0.0,1008.3115947690892,0.0,1008.3115947690892
1668591058.9325292,1225.96,-4.379999999999882,-1.85299071,-0.68034671,1.0,0.0,1008.3115947690892,0.0,1008.3115947690892
1668591119.1625607,1226.8,0.8399999999999181,-2.13349969,-0.2805089799999998,1.0,0.0,1008.3115947690892,0.0,1008.3115947690892
1668591179.041338,1227.78,0.9800000000000182,-2.24397945,-0.11047976,1.0,0.0,1008.3115947690892,0.0,1008.3115947690892
1668591239.0210643,1229.76,1.9800000000000184,-2.15879143,0.0851880199999999,0.0,1.0,0.0,0.8199255096678126,1008.3115947690892
1668591298.9922664,1230.01,0.25,-2.06156984,0.0972215899999997,0.0,1.0,0.0,0.8199255096678126,1008.5165761465062
1668591359.7236142,1228.39,-1.6199999999998909,-2.05448875,0.0070810900000002,0.0,1.0,0.0,0.8199255096678126,1007.1882968208444
1668591418.9716492,1228.79,0.3999999999998636,-2.0776093,-0.0231205500000002,1.0,0.0,1007.5162670247116,0.0,1007.5162670247116
1668591479.0153873,1229.65,0.8600000000001273,-1.88418058,0.1934287200000002,0.0,1.0,0.0,0.8193520652419075,1007.5162670247116
1668591538.8732283,1230.31,0.6599999999998545,-1.7042095,0.17997108,0.0,1.0,0.0,0.8193520652419075,1008.0570393877712
1668591598.8743012,1231.74,1.4300000000000637,-1.31953715,0.38467235,0.0,1.0,0.0,0.8193520652419075,1009.2287128410672
1668591658.8820035,1230.95,-0.7899999999999636,-1.12018999,0.1993471599999998,0.0,1.0,0.0,0.8193520652419075,1008.581424709526
1668591719.4963207,1231.08,0.1299999999998817,-0.98614261,0.13404738,0.0,1.0,0.0,0.8193520652419075,1008.6879404780076
1668591779.1295726,1231.53,0.4500000000000455,-0.83364103,0.15250158,0.0,1.0,0.0,0.8193520652419075,1009.0566489073664
1668591838.804263,1230.16,-1.3699999999998909,-0.84317661,-0.0095355799999999,1.0,0.0,1007.934136577985,0.0,1007.934136577985
1668591898.9031482,1230.49,0.3299999999999272,-0.79177996,0.05139665,0.0,1.0,0.0,0.8191323266162138,1007.934136577985
1668591959.189783,1229.16,-1.3299999999999272,-0.85370381,-0.06192385,1.0,0.0,1006.8446905835856,0.0,1006.8446905835856
1668592019.1950278,1229.86,0.6999999999998181,-0.82876179,0.0249420199999998,0.0,1.0,0.0,0.8186661006810415,1006.8446905835856
1668592079.1181328,1231.21,1.3500000000001364,-0.69355161,0.13521018,0.0,1.0,0.0,0.8186661006810415,1007.9498898195052
1668592139.4929852,1232.0,0.7899999999999636,-0.49412377,0.1994278399999999,0.0,1.0,0.0,0.8186661006810415,1008.5966360390432
1668592199.2173803,1231.9,-0.099999999999909,-0.37773185,0.11639192,0.0,1.0,0.0,0.8186661006810415,1008.5147694289752
1668592259.7551246,1230.71,-1.1900000000000546,-0.36424083,0.0134910199999999,0.0,1.0,0.0,0.8186661006810415,1007.5405567691646
1668592319.2880428,1229.66,-1.0499999999999543,-0.48028945,-0.1160486199999999,1.0,0.0,1006.6809573634496,0.0,1006.6809573634496
1668592379.067152,1230.24,0.5799999999999272,-0.46539498,0.0148944699999999,0.0,1.0,0.0,0.8182801383172792,1006.6809573634496
1668592495.1943524,1229.47,-0.7699999999999818,-0.49451178,-0.0291167999999999,1.0,0.0,1006.0508816569452,0.0,1006.0508816569452
1668592499.2072055,1229.47,0.0,-0.49451178,0.0,1.0,0.0,1006.0508816569452,0.0,1006.0508816569452
1668592559.2419727,1230.17,0.7000000000000455,-0.47076983,0.02374195,0.0,1.0,0.0,0.8178145147881554,1006.0508816569452
1668592622.7278628,1230.3,0.1299999999998817,-0.44345372,0.02731611,0.0,1.0,0.0,0.8178145147881554,1006.1571975438676
1668592679.272965,1229.99,-0.3099999999999454,-0.51147056,-0.06801684,1.0,0.0,1005.9036750442832,0.0,1005.9036750442832
1668592760.2376091,1230.87,0.8799999999998818,-0.33599324,0.17547732,0.0,1.0,0.0,0.8172298252815352,1005.9036750442832
1668592799.0526097,1231.14,0.2700000000002092,-0.31445478,0.02153846,0.0,1.0,0.0,0.8172298252815352,1006.1243270971094
1668592859.301249,1229.65,-1.490000000000009,-0.36706262,-0.05260784,1.0,0.0,1004.9066546574398,0.0,1004.9066546574398
1668592919.1463256,1229.0,-0.650000000000091,-0.45774157,-0.0906789499999999,1.0,0.0,1004.9066546574398,0.0,1004.9066546574398
1668592979.1283772,1229.81,0.8099999999999454,-0.41883892,0.0389026499999999,0.0,1.0,0.0,0.8171235025389613,1004.90665465744
1668593039.2736106,1232.46,2.650000000000091,-0.12096368,0.29787524,0.0,1.0,0.0,0.8171235025389613,1007.0720319391684
1668593099.163258,1234.0,1.5399999999999636,0.20518984,0.32615352,0.0,1.0,0.0,0.8171235025389613,1008.3304021330782
1668593159.1070905,1234.26,0.2599999999999909,0.43703279,0.23184295,0.0,1.0,0.0,0.8171235025389613,1008.5428542437384
1668593219.080631,1234.83,0.5699999999999363,0.67927243,0.24223964,0.0,1.0,0.0,0.8171235025389613,1009.0086146401854
1668593279.1696143,1234.71,-0.1199999999998908,0.77855282,0.09928039,0.0,1.0,0.0,0.8171235025389613,1008.9105598198807
1668593339.0773394,1234.74,0.0299999999999727,0.92432039,0.1457675699999999,0.0,1.0,0.0,0.8171235025389613,1008.935073524957
1668593399.4128935,1234.86,0.1199999999998908,0.98467664,0.06035625,0.0,1.0,0.0,0.8171235025389613,1009.0331283452616
1668593459.1014051,1234.07,-0.7899999999999636,0.98937043,0.00469379,0.0,1.0,0.0,0.8171235025389613,1008.387600778256
1668593519.1682382,1233.92,-0.1499999999998635,0.90983725,-0.0795331799999999,1.0,0.0,1008.2650322528752,0.0,1008.2650322528752
1668593579.0782416,1233.77,-0.1500000000000909,0.89605821,-0.01377904,1.0,0.0,1008.2650322528752,0.0,1008.2650322528752
1668593639.6346543,1234.1,0.3299999999999272,0.88929197,-0.0067662399999999,1.0,0.0,1008.2650322528752,0.0,1008.2650322528752
1668593699.3015895,1234.39,0.290000000000191,0.87029734,-0.01899463,1.0,0.0,1008.2650322528752,0.0,1008.2650322528752
1668593759.4261422,1234.05,-0.3400000000001455,0.84504077,-0.02525657,1.0,0.0,1008.2650322528752,0.0,1008.2650322528752
1668593819.3230972,1234.26,0.2100000000000363,0.79213205,-0.05290872,1.0,0.0,1008.2650322528752,0.0,1008.2650322528752
1668593881.0115385,1234.52,0.2599999999999909,0.76462247,-0.0275095799999999,1.0,0.0,1008.2650322528752,0.0,1008.2650322528752
1668593939.3021562,1233.72,-0.7999999999999545,0.65980634,-0.10481613,1.0,0.0,1008.2650322528752,0.0,1008.2650322528752
1668593999.2222478,1234.0,0.2799999999999727,0.63982935,-0.01997699,1.0,0.0,1008.2650322528752,0.0,1008.2650322528752
1668594059.2350142,1233.6,-0.4000000000000909,0.57187082,-0.0679585299999999,1.0,0.0,1008.2650322528752,0.0,1008.2650322528752
1668594119.136392,1234.78,1.1800000000000637,0.69371752,0.1218466999999999,0.0,1.0,0.0,0.8165543920802696,1008.2650322528752
1668594179.153305,1233.6,-1.1800000000000637,0.57439344,-0.1193240799999999,1.0,0.0,1007.3014980702204,0.0,1007.3014980702204
1668594239.1938431,1232.66,-0.9399999999998272,0.39974709,-0.17464635,1.0,0.0,1007.3014980702204,0.0,1007.3014980702204
1668594299.305137,1232.62,-0.0400000000001909,0.28510561,-0.11464148,1.0,0.0,1007.3014980702204,0.0,1007.3014980702204
1668594359.1417055,1232.37,-0.25,0.08026136,-0.20484425,1.0,0.0,1007.3014980702204,0.0,1007.3014980702204
1668594419.4663117,1233.09,0.7200000000000273,0.02747122,-0.05279014,1.0,0.0,1007.3014980702204,0.0,1007.3014980702204
1668594479.28567,1232.81,-0.2799999999999727,-0.07971247,-0.10718369,1.0,0.0,1007.3014980702204,0.0,1007.3014980702204
1668594539.7000012,1232.01,-0.7999999999999545,-0.16565487,-0.0859424,1.0,0.0,1007.3014980702204,0.0,1007.3014980702204
1668594599.2702482,1232.32,0.3099999999999454,-0.16601956,-0.00036469,1.0,0.0,1007.3014980702204,0.0,1007.3014980702204
1668594659.0618536,1232.25,-0.0699999999999363,-0.16287925,0.00314031,0.0,1.0,0.0,0.8174489738853483,1007.3014980702204
1668594719.1785326,1232.29,0.0399999999999636,-0.1625286,0.00035065,0.0,1.0,0.0,0.8174489738853483,1007.3341960291758
1668594779.2089217,1232.19,-0.099999999999909,-0.21485352,-0.05232492,1.0,0.0,1007.2524511317874,0.0,1007.2524511317874
1668594839.197127,1232.56,0.3699999999998908,-0.1945372,0.02031632,0.0,1.0,0.0,0.8172035853279253,1007.2524511317876
1668594899.0233426,1232.85,0.2899999999999636,-0.13728277,0.0572544299999999,0.0,1.0,0.0,0.8172035853279253,1007.4894401715326
1668594959.338394,1231.94,-0.9099999999998544,-0.19697588,-0.0596931099999999,1.0,0.0,1006.7457849088844,0.0,1006.7457849088844
1668595019.567305,1229.87,-2.070000000000164,-0.41502284,-0.21804696,1.0,0.0,1006.7457849088844,0.0,1006.7457849088844
1668595079.3147695,1227.66,-2.209999999999809,-0.78108976,-0.3660669199999999,1.0,0.0,1006.7457849088844,0.0,1006.7457849088844
1668595139.0028949,1227.82,0.1599999999998544,-0.938969,-0.1578792400000001,1.0,0.0,1006.7457849088844,0.0,1006.7457849088844
1668595199.1155157,1227.66,-0.1599999999998544,-1.20478454,-0.2658155399999998,1.0,0.0,1006.7457849088844,0.0,1006.7457849088844
1668595258.9693413,1227.32,-0.3400000000001455,-1.33655626,-0.1317717200000001,1.0,0.0,1006.7457849088844,0.0,1006.7457849088844
1668595319.365243,1229.0,1.6800000000000637,-1.27157286,0.0649834,0.0,1.0,0.0,0.819158490568661,1006.7457849088844
1668595379.207102,1230.86,1.8599999999999,-1.07790194,0.1936709199999999,0.0,1.0,0.0,0.819158490568661,1008.269419701342
1668599640.388018,1221.17,-9.689999999999827,-2.25427938,-1.1763774399999998,1.0,0.0,1000.3317739277318,0.0,1000.3317739277318
1668599641.7850492,1221.17,0.0,-2.25427938,0.0,1.0,0.0,1000.3317739277318,0.0,1000.3317739277318
1668599644.7246275,1221.17,0.0,-2.25427938,0.0,1.0,0.0,1000.3317739277318,0.0,1000.3317739277318
1668599650.9638,1221.17,0.0,-2.25427938,0.0,1.0,0.0,1000.3317739277318,0.0,1000.3317739277318
1668599654.4249752,1250.21,29.039999999999964,-0.56276945,1.6915099299999998,0.0,1.0,0.0,0.8001309971346667,1000.3317739277318
1668599658.9519706,1222.26,-27.950000000000045,-2.28183703,-1.7190675800000002,1.0,0.0,977.9681125578178,0.0,977.9681125578178
1668599660.613689,1222.26,0.0,-2.28183703,0.0,1.0,0.0,977.9681125578178,0.0,977.9681125578178
1668599660.8260474,1222.26,0.0,-2.28183703,0.0,1.0,0.0,977.9681125578178,0.0,977.9681125578178
1668599662.098766,1222.26,0.0,-2.28183703,0.0,1.0,0.0,977.9681125578178,0.0,977.9681125578178
1668599662.4594512,1222.26,0.0,-2.28183703,0.0,1.0,0.0,977.9681125578178,0.0,977.9681125578178
1668599668.1642797,1222.26,0.0,-2.28183703,0.0,1.0,0.0,977.9681125578178,0.0,977.9681125578178
1668599668.6048925,1222.26,0.0,-2.28183703,0.0,1.0,0.0,977.9681125578178,0.0,977.9681125578178
1668599668.783121,1222.26,0.0,-2.28183703,0.0,1.0,0.0,977.9681125578178,0.0,977.9681125578178
1668599669.008508,1222.26,0.0,-2.28183703,0.0,1.0,0.0,977.9681125578178,0.0,977.9681125578178
1668599671.9412708,1222.26,0.0,-2.28183703,0.0,1.0,0.0,977.9681125578178,0.0,977.9681125578178
1668599673.1214354,1222.26,0.0,-2.28183703,0.0,1.0,0.0,977.9681125578178,0.0,977.9681125578178
1668599678.1883235,1222.26,0.0,-2.28183703,0.0,1.0,0.0,977.9681125578178,0.0,977.9681125578178
1668599679.182658,1222.26,0.0,-2.28183703,0.0,1.0,0.0,977.9681125578178,0.0,977.9681125578178
1668599680.676784,1222.26,0.0,-2.28183703,0.0,1.0,0.0,977.9681125578178,0.0,977.9681125578178
1668599682.1315155,1224.47,2.2100000000000364,-2.10554073,0.1762963000000001,0.0,1.0,0.0,0.798686870693294,977.9681125578178
1668599682.550325,1224.47,0.0,-2.10554073,0.0,0.0,1.0,0.0,0.798686870693294,977.9681125578178
1668599683.76521,1224.47,0.0,-2.10554073,0.0,0.0,1.0,0.0,0.798686870693294,977.9681125578178
1668599686.6974883,1224.47,0.0,-2.10554073,0.0,0.0,1.0,0.0,0.798686870693294,977.9681125578178
1668599687.672087,1224.47,0.0,-2.10554073,0.0,0.0,1.0,0.0,0.798686870693294,977.9681125578178
1668599688.6491723,1224.47,0.0,-2.10554073,0.0,0.0,1.0,0.0,0.798686870693294,977.9681125578178
1668599689.125299,1224.47,0.0,-2.10554073,0.0,0.0,1.0,0.0,0.798686870693294,977.9681125578178
1668599691.5074365,1224.47,0.0,-2.10554073,0.0,0.0,1.0,0.0,0.798686870693294,977.9681125578178
1668599692.286719,1224.47,0.0,-2.10554073,0.0,0.0,1.0,0.0,0.798686870693294,977.9681125578178
1668599694.0562472,1224.47,0.0,-2.10554073,0.0,0.0,1.0,0.0,0.798686870693294,977.9681125578178
1668599695.862423,1250.21,25.74000000000001,-0.56276945,1.54277128,0.0,1.0,0.0,0.798686870693294,998.5263126094632
1668599696.353546,1224.47,-25.74000000000001,-2.10554073,-1.54277128,1.0,0.0,977.9681125578178,0.0,977.9681125578178
1668599697.9114816,1224.47,0.0,-2.10554073,0.0,1.0,0.0,977.9681125578178,0.0,977.9681125578178
1668599703.5847356,1224.47,0.0,-2.10554073,0.0,1.0,0.0,977.9681125578178,0.0,977.9681125578178
1668599703.9577985,1224.47,0.0,-2.10554073,0.0,1.0,0.0,977.9681125578178,0.0,977.9681125578178
1668599705.2187245,1224.47,0.0,-2.10554073,0.0,1.0,0.0,977.9681125578178,0.0,977.9681125578178
1668599764.5862477,1224.2,-0.2699999999999818,-2.09102318,0.0145175499999998,0.0,1.0,0.0,0.7988630228376228,977.968112557818
1668599824.9238398,1221.56,-2.6400000000001,-2.30961991,-0.2185967299999998,1.0,0.0,975.8591141775264,0.0,975.8591141775264
1668599885.4442935,1221.54,-0.0199999999999818,-2.30901816,0.0006017499999999,0.0,1.0,0.0,0.7988761024424305,975.8591141775264
1668599945.6371405,1220.31,-1.2300000000000182,-2.48788598,-0.1788678200000002,1.0,0.0,974.8764965715222,0.0,974.8764965715222
1668600005.6647842,1221.81,1.5,-2.40489919,0.08298679,0.0,1.0,0.0,0.7978953328025816,974.8764965715222
1668600066.5246897,1220.95,-0.8599999999999,-2.38713101,0.01776818,0.0,1.0,0.0,0.7978953328025816,974.190306585312
1668600126.6551113,1222.87,1.9199999999998447,-2.23638445,0.1507465599999999,0.0,1.0,0.0,0.7978953328025816,975.722265624293
1668600186.6591516,1224.44,1.5700000000001637,-1.92977091,0.3066135400000001,0.0,1.0,0.0,0.7978953328025816,976.9749612967933
1668600248.2392998,1223.6,-0.8400000000001455,-1.81312876,0.1166421500000001,0.0,1.0,0.0,0.7978953328025816,976.3047292172388
1668600308.0920522,1220.89,-2.709999999999809,-1.97496416,-0.1618354000000001,1.0,0.0,974.142432865344,0.0,974.142432865344
1668600368.0864737,1221.2,0.3099999999999454,-1.901953,0.07301116,0.0,1.0,0.0,0.797692788130809,974.142432865344
1668600428.8996584,1221.14,-0.0599999999999454,-1.86783457,0.0341184299999999,0.0,1.0,0.0,0.797692788130809,974.0945712980562
1668600488.9063516,1221.93,0.7899999999999636,-1.76416138,0.10367319,0.0,1.0,0.0,0.797692788130809,974.7247486006796
1668600549.137517,1215.71,-6.220000000000027,-2.29560823,-0.53144685,1.0,0.0,969.7630994585058,0.0,969.7630994585058
1668600609.7504575,1216.23,0.5199999999999818,-2.36379852,-0.0681902899999999,1.0,0.0,969.7630994585058,0.0,969.7630994585058
1668600669.770424,1217.41,1.1800000000000637,-2.3923429,-0.02854438,1.0,0.0,969.7630994585058,0.0,969.7630994585058
1668600730.1818123,1218.7,1.2899999999999636,-2.30481013,0.0875327700000001,0.0,1.0,0.0,0.7957357015331958,969.7630994585058
1668600790.9968393,1217.16,-1.5399999999999636,-2.42916746,-0.12435733,1.0,0.0,968.5376664781448,0.0,968.5376664781448
1668600850.972314,1220.33,3.1699999999998454,-2.06135323,0.36781423,0.0,1.0,0.0,0.7936686523138372,968.537666478145
1668600911.0734942,1218.67,-1.6599999999998545,-1.98776156,0.0735916699999998,0.0,1.0,0.0,0.7936686523138372,967.220176515304
1668600971.8103848,1220.03,1.3599999999999,-1.79221401,0.1955475500000001,0.0,1.0,0.0,0.7936686523138372,968.2995658824508
1668601031.7651424,1220.59,0.5599999999999454,-1.44848769,0.3437263199999998,0.0,1.0,0.0,0.7936686523138372,968.7440203277464
1668601093.4472528,1220.72,0.1300000000001091,-1.25816414,0.19032355,0.0,1.0,0.0,0.7936686523138372,968.8471972525474
1668601153.971942,1220.82,0.099999999999909,-1.08870997,0.16945417,0.0,1.0,0.0,0.7936686523138372,968.9265641177786
1668601213.9473822,1220.33,-0.4900000000000091,-1.01906643,0.0696435399999999,0.0,1.0,0.0,0.7936686523138372,968.537666478145
1668601273.9431255,1221.47,1.1400000000001,-0.76112022,0.25794621,0.0,1.0,0.0,0.7936686523138372,969.4424487417828
1668601335.0017295,1220.97,-0.5,-0.69290754,0.06821268,0.0,1.0,0.0,0.7936686523138372,969.045614415626
1668601395.099155,1220.87,-0.1000000000001364,-0.61507058,0.0778369599999999,0.0,1.0,0.0,0.7936686523138372,968.9662475503944
1668601454.7680812,1220.18,-0.6899999999998272,-0.63712712,-0.02205654,1.0,0.0,968.418616180298,0.0,968.418616180298
1668601516.2421467,1221.02,0.8399999999999181,-0.48651894,0.15060818,0.0,1.0,0.0,0.7931226484253313,968.418616180298
1668601575.3650863,1218.57,-2.450000000000045,-0.76180528,-0.27528634,1.0,0.0,966.475465691656,0.0,966.475465691656
1668601636.3470569,1218.77,0.2000000000000454,-0.78678267,-0.0249773899999999,1.0,0.0,966.475465691656,0.0,966.475465691656
1668601696.9038992,1218.2,-0.5699999999999363,-0.88984628,-0.1030636099999999,1.0,0.0,966.475465691656,0.0,966.475465691656
1668601757.095051,1217.33,-0.8700000000001182,-1.04782317,-0.15797689,1.0,0.0,966.475465691656,0.0,966.475465691656
1668601816.8354127,1217.62,0.2899999999999636,-1.06429265,-0.01646948,1.0,0.0,966.475465691656,0.0,966.475465691656
1668601877.7277825,1219.59,1.9700000000000275,-0.80533313,0.2589595200000001,0.0,1.0,0.0,0.792459322962353,966.475465691656
1668601937.8188925,1219.18,-0.4099999999998545,-0.77496557,0.0303675599999999,0.0,1.0,0.0,0.792459322962353,966.1505573692416
1668601998.0099466,1219.17,-0.0099999999999909,-0.71812154,0.05684403,0.0,1.0,0.0,0.792459322962353,966.142632776012
1668602059.021773,1220.29,1.1199999999998909,-0.50521001,0.2129115299999999,0.0,1.0,0.0,0.792459322962353,967.0301872177296
1668602118.8519244,1220.37,0.0799999999999272,-0.39195704,0.11325297,0.0,1.0,0.0,0.792459322962353,967.0935839635666
1668602178.7662048,1219.41,-0.959999999999809,-0.43946728,-0.04751024,1.0,0.0,966.3328230135228,0.0,966.3328230135228
1668602239.746533,1217.94,-1.4700000000000273,-0.61886967,-0.17940239,1.0,0.0,966.3328230135228,0.0,966.3328230135228
1668602299.4412105,1218.04,0.099999999999909,-0.64760485,-0.0287351799999999,1.0,0.0,966.3328230135228,0.0,966.3328230135228
1668602359.586486,1218.83,0.7899999999999636,-0.55730254,0.09030231,0.0,1.0,0.0,0.7928364275686707,966.3328230135228
1668602420.8349328,1219.95,1.1200000000001182,-0.37062547,0.18667707,0.0,1.0,0.0,0.7928364275686707,967.2207998123998
1668602481.810455,1221.13,1.1800000000000637,-0.12333654,0.24728893,0.0,1.0,0.0,0.7928364275686707,968.156346796931
1668602540.6976948,1222.16,1.0299999999999727,0.14428376,0.2676203,0.0,1.0,0.0,0.7928364275686707,968.9729683173266
1668602601.6783977,1222.42,0.2599999999999909,0.3246842,0.1804004399999999,0.0,1.0,0.0,0.7928364275686707,969.1791057884944
1668602661.78368,1221.99,-0.4300000000000636,0.38404683,0.05936263,0.0,1.0,0.0,0.7928364275686707,968.8381861246398
1668602721.7361794,1222.74,0.75,0.55970106,0.1756542299999999,0.0,1.0,0.0,0.7928364275686707,969.4328134453164
1668602783.3031998,1224.19,1.4500000000000457,0.84904452,0.28934346,0.0,1.0,0.0,0.7928364275686707,970.582426265291
1668602843.1419346,1223.83,-0.3600000000001273,0.92516354,0.07611902,0.0,1.0,0.0,0.7928364275686707,970.2970051513662
1668602903.4718049,1224.09,0.2599999999999909,1.03227094,0.1071074,0.0,1.0,0.0,0.7928364275686707,970.503142622534
1668602964.9272308,1222.97,-1.1199999999998909,0.93047237,-0.10179857,1.0,0.0,969.6151658236572,0.0,969.6151658236572
1668603023.8914406,1223.23,0.2599999999999909,0.94748155,0.0170091799999999,0.0,1.0,0.0,0.7926679085892736,969.6151658236572
1668603084.0240924,1222.38,-0.849999999999909,0.81359326,-0.13388829,1.0,0.0,968.9413981013564,0.0,968.9413981013564
1668603145.1085649,1221.09,-1.290000000000191,0.56956526,-0.244028,1.0,0.0,968.9413981013564,0.0,968.9413981013564
1668603205.0758853,1221.82,0.7300000000000182,0.55570343,-0.0138618299999999,1.0,0.0,968.9413981013564,0.0,968.9413981013564
1668603265.141034,1220.59,-1.2300000000000182,0.32455286,-0.23115057,1.0,0.0,968.9413981013564,0.0,968.9413981013564
1668603326.1297617,1220.78,0.1900000000000545,0.23786168,-0.08669118,1.0,0.0,968.9413981013564,0.0,968.9413981013564
1668603386.136248,1221.01,0.2300000000000182,0.19094855,-0.04691313,1.0,0.0,968.9413981013564,0.0,968.9413981013564
1668603446.2070024,1221.99,0.9800000000000182,0.27366848,0.08271993,0.0,1.0,0.0,0.7929208897792588,968.9413981013564
1668603508.1381106,1222.36,0.3699999999998908,0.32640434,0.05273586,0.0,1.0,0.0,0.7929208897792588,969.2347788305748
1668603567.5245855,1222.28,-0.0799999999999272,0.32832719,0.0019228499999999,0.0,1.0,0.0,0.7929208897792588,969.1713451593924
1668603627.6095972,1222.22,-0.0599999999999454,0.32323529,-0.0050918999999999,1.0,0.0,969.1237699060056,0.0,969.1237699060056
1668603688.4417207,1220.43,-1.7899999999999636,0.06627342,-0.25696187,1.0,0.0,969.1237699060056,0.0,969.1237699060056
1668603748.0270257,1216.92,-3.509999999999991,-0.52011347,-0.58638689,1.0,0.0,969.1237699060056,0.0,969.1237699060056
1668603808.1929955,1214.46,-2.4600000000000364,-1.10198469,-0.5818712200000001,1.0,0.0,969.1237699060056,0.0,969.1237699060056
1668603869.1837523,1216.2,1.740000000000009,-1.14620489,-0.0442201999999998,1.0,0.0,969.1237699060056,0.0,969.1237699060056
1668603929.33405,1212.91,-3.289999999999964,-1.74099489,-0.5947900000000002,1.0,0.0,969.1237699060056,0.0,969.1237699060056
1668603989.4807725,1213.61,0.6999999999998181,-1.88196508,-0.14097019,1.0,0.0,969.1237699060056,0.0,969.1237699060056
1668604050.2159965,1211.33,-2.2799999999999727,-2.33764602,-0.4556809400000001,1.0,0.0,969.1237699060056,0.0,969.1237699060056
1668604110.3467126,1212.5,1.1700000000000728,-2.36012821,-0.0224821899999998,1.0,0.0,969.1237699060056,0.0,969.1237699060056
1668604170.4394915,1213.83,1.3299999999999272,-2.23534281,0.1247853999999999,0.0,1.0,0.0,0.7984015635682143,969.1237699060056
1668604231.2503357,1216.99,3.160000000000082,-1.74853043,0.4868123800000001,0.0,1.0,0.0,0.7984015635682143,971.6467188468812
1668604291.200657,1217.88,0.8900000000001,-1.41889331,0.3296371199999999,0.0,1.0,0.0,0.7984015635682143,972.357296238457
1668604351.4417765,1215.63,-2.25,-1.51877604,-0.09988273,1.0,0.0,970.5608927204285,0.0,970.5608927204285
1668604412.2125618,1215.23,-0.4000000000000909,-1.49502898,0.02374706,0.0,1.0,0.0,0.79866436207173,970.5608927204285
1668604472.4814172,1217.79,2.559999999999945,-1.07250768,0.4225213000000001,0.0,1.0,0.0,0.79866436207173,972.605473487332
1668604533.37474,1218.38,0.5900000000001455,-0.80708591,0.26542177,0.0,1.0,0.0,0.79866436207173,973.0766854609544
1668604593.8488507,1216.4,-1.9800000000000184,-0.90608424,-0.09899833,1.0,0.0,971.4953300240524,0.0,971.4953300240524
1668604653.8645537,1217.82,1.4199999999998454,-0.64822166,0.2578625799999999,0.0,1.0,0.0,0.7977331050763269,971.4953300240524
1668604713.9017923,1218.16,0.3400000000001455,-0.47950056,0.1687211,0.0,1.0,0.0,0.7977331050763269,971.7665592797784
1668604774.9581609,1217.81,-0.3500000000001364,-0.41319896,0.0663016,0.0,1.0,0.0,0.7977331050763269,971.4873526930016
1668604834.9870613,1218.08,0.2699999999999818,-0.29650175,0.11669721,0.0,1.0,0.0,0.7977331050763269,971.7027406313722
1668604894.5762925,1218.69,0.6100000000001273,-0.13172121,0.16478054,0.0,1.0,0.0,0.7977331050763269,972.1893578254688
1668604955.9171617,1219.71,1.0199999999999818,0.1049374,0.23665861,0.0,1.0,0.0,0.7977331050763269,973.0030455926468
1668605015.8756945,1220.66,0.9500000000000456,0.35846181,0.25352441,0.0,1.0,0.0,0.7977331050763269,973.7608920424692
1668605084.1576924,1221.44,0.7799999999999727,0.60452023,0.24605842,0.0,1.0,0.0,0.7977331050763269,974.3831238644289
1668605148.6427395,1220.49,-0.9500000000000456,0.60736795,0.0028477199999999,0.0,1.0,0.0,0.7977331050763269,973.6252774146062
1668605209.040275,1219.77,-0.7200000000000273,0.55965512,-0.04771283,1.0,0.0,973.0509095789512,0.0,973.0509095789512
1668605338.7825065,1220.23,0.4600000000000364,0.6381377,0.07848258,0.0,1.0,0.0,0.797432377157545,973.0509095789512
1668605388.2793045,1221.54,1.3099999999999454,0.81534978,0.17721208,0.0,1.0,0.0,0.797432377157545,974.0955459930276
1668605448.428469,1215.86,-5.680000000000064,0.43723763,-0.37811215,1.0,0.0,969.5661300907726,0.0,969.5661300907726
1668605508.8632398,1218.1,2.240000000000009,0.33977286,-0.0974647699999999,1.0,0.0,969.5661300907726,0.0,969.5661300907726
1668605595.7384076,1229.86,11.759999999999993,1.8221672,1.48239434,0.0,1.0,0.0,0.7883548778647754,969.5661300907726
1668605630.3715346,1229.37,-0.4900000000000091,1.78307889,-0.0390883099999999,1.0,0.0,969.1798362006188,0.0,969.1798362006188
1668605689.8918204,1225.31,-4.059999999999945,1.70297443,-0.08010446,1.0,0.0,969.1798362006188,0.0,969.1798362006188
1668605750.6116564,1220.93,-4.379999999999882,1.36474358,-0.3382308499999999,1.0,0.0,969.1798362006188,0.0,969.1798362006188
1668605809.960607,1220.15,-0.7799999999999727,1.05115235,-0.3135912300000001,1.0,0.0,969.1798362006188,0.0,969.1798362006188
1668605870.784732,1217.01,-3.1400000000001,0.50463462,-0.5465177299999999,1.0,0.0,969.1798362006188,0.0,969.1798362006188
1668605930.8177629,1217.12,0.1099999999998999,0.07618443,-0.42845019,1.0,0.0,969.1798362006188,0.0,969.1798362006188
1668605990.7325263,1218.7,1.5800000000001546,0.06262645,-0.0135579799999999,1.0,0.0,969.1798362006188,0.0,969.1798362006188
1668606051.5832703,1218.44,-0.2599999999999909,-0.01250453,-0.07513098,1.0,0.0,969.1798362006188,0.0,969.1798362006188
1668606111.4109614,1218.52,0.0799999999999272,-0.16517456,-0.15267003,1.0,0.0,969.1798362006188,0.0,969.1798362006188
1668606171.4943883,1220.09,1.5699999999999363,-0.04341882,0.12175574,0.0,1.0,0.0,0.7943511021323172,969.1798362006188
1668606232.319903,1217.46,-2.6299999999998818,-0.34470539,-0.30128657,1.0,0.0,967.090692802011,0.0,967.090692802011
1668606292.3908253,1217.4,-0.0599999999999454,-0.47244688,-0.12774149,1.0,0.0,967.090692802011,0.0,967.090692802011
1668606352.2676804,1219.99,2.589999999999918,-0.26218862,0.21025826,0.0,1.0,0.0,0.7927037867539988,967.090692802011
1668606413.1822855,1224.98,4.990000000000009,0.36354145,0.6257300699999999,0.0,1.0,0.0,0.7927037867539988,971.0462846979134
1668606473.154065,1222.24,-2.740000000000009,0.37846717,0.01492572,0.0,1.0,0.0,0.7927037867539988,968.8742763222076
1668606533.3576088,1221.29,-0.9500000000000456,0.42824321,0.0497760399999999,0.0,1.0,0.0,0.7927037867539988,968.1212077247912
1668606594.3686783,1219.0,-2.289999999999964,0.19597479,-0.2322684199999999,1.0,0.0,966.3059160531244,0.0,966.3059160531244
1668606654.073504,1216.6,-2.400000000000091,-0.21535157,-0.41132636,1.0,0.0,966.3059160531244,0.0,966.3059160531244
1668606714.1733844,1214.78,-1.8199999999999363,-0.62615864,-0.41080707,1.0,0.0,966.3059160531244,0.0,966.3059160531244
1668606774.8793278,1214.4,-0.3799999999998817,-0.87158544,-0.2454268,1.0,0.0,966.3059160531244,0.0,966.3059160531244
1668606834.8875842,1214.84,0.4399999999998272,-1.03524348,-0.16365804,1.0,0.0,966.3059160531244,0.0,966.3059160531244
1668606894.8851342,1214.57,-0.2699999999999818,-1.15673155,-0.1214880699999998,1.0,0.0,966.3059160531244,0.0,966.3059160531244
1668606955.997257,1213.92,-0.6499999999998636,-1.36981996,-0.2130884100000001,1.0,0.0,966.3059160531244,0.0,966.3059160531244
1668607015.8436167,1215.06,1.139999999999873,-1.4485483,-0.0787283399999998,1.0,0.0,966.3059160531244,0.0,966.3059160531244
1668607075.822889,1213.76,-1.2999999999999543,-1.56496953,-0.11642123,1.0,0.0,966.3059160531244,0.0,966.3059160531244
1668607136.7158103,1213.46,-0.2999999999999545,-1.64814825,-0.08317872,1.0,0.0,966.3059160531244,0.0,966.3059160531244
1668607197.510436,1213.32,-0.1400000000001,-1.66590287,-0.01775462,1.0,0.0,966.3059160531244,0.0,966.3059160531244
1668607256.914853,1214.49,1.1700000000000728,-1.56584748,0.10005539,0.0,1.0,0.0,0.7956474866430554,966.3059160531244
1668607317.5093343,1214.2,-0.2899999999999636,-1.49050965,0.07533783,0.0,1.0,0.0,0.7956474866430554,966.075178281998
1668607377.7060657,1212.82,-1.3800000000001091,-1.44477999,0.0457296599999998,0.0,1.0,0.0,0.7956474866430554,964.9771847504304
1668607437.4877086,1212.09,-0.7300000000000182,-1.54270415,-0.09792416,1.0,0.0,964.396362085181,0.0,964.396362085181
1668607498.6099992,1203.21,-8.879999999999882,-2.6965017,-1.1537975499999995,1.0,0.0,964.396362085181,0.0,964.396362085181
1668607558.6687715,1206.9,3.690000000000055,-2.84728473,-0.1507830300000003,1.0,0.0,964.396362085181,0.0,964.396362085181
1668607618.6521306,1207.11,0.209999999999809,-2.99323732,-0.1459525899999998,1.0,0.0,964.396362085181,0.0,964.396362085181
1668607679.5415509,1201.85,-5.259999999999991,-3.50552998,-0.51229266,1.0,0.0,964.396362085181,0.0,964.396362085181
1668607739.278869,1205.27,3.4200000000000728,-3.42161934,0.08391064,0.0,1.0,0.0,0.8001496445486745,964.396362085181
1668607799.8548794,1204.92,-0.349999999999909,-3.42119281,0.0004265299999999,0.0,1.0,0.0,0.8001496445486745,964.116309709589
1668607860.2836716,1202.15,-2.769999999999982,-3.61284154,-0.1916487299999998,1.0,0.0,961.8998951941892,0.0,961.8998951941892
1668607920.1320703,1205.04,2.8899999999998727,-3.4543375,0.1585040399999999,0.0,1.0,0.0,0.798230677151123,961.8998951941892
1668607980.3535197,1205.72,0.6800000000000637,-3.31902389,0.1353136099999998,0.0,1.0,0.0,0.798230677151123,962.442692054652
1668608040.9700334,1206.49,0.7699999999999818,-3.14145832,0.17756557,0.0,1.0,0.0,0.798230677151123,963.0573296760584
1668608101.0099308,1208.21,1.7200000000000273,-2.75438026,0.3870780599999999,0.0,1.0,0.0,0.798230677151123,964.4302864407584
1668608160.8768115,1208.09,-0.1200000000001182,-2.47739501,0.27698525,0.0,1.0,0.0,0.798230677151123,964.3344987595
1668608222.0674326,1206.39,-1.699999999999818,-2.35788215,0.1195128599999999,0.0,1.0,0.0,0.798230677151123,962.9775066083432
1668608282.0564768,1206.56,0.1699999999998453,-2.26027154,0.0976106099999998,0.0,1.0,0.0,0.798230677151123,963.1132058234588
1668608342.0437171,1208.17,1.610000000000127,-2.02179583,0.2384757100000003,0.0,1.0,0.0,0.798230677151123,964.3983572136724
1668608403.1346724,1210.25,2.0799999999999272,-1.55267895,0.4691168799999998,0.0,1.0,0.0,0.798230677151123,966.0586770221464
1668608462.7535837,1210.07,-0.1800000000000636,-1.27340339,0.2792755600000001,0.0,1.0,0.0,0.798230677151123,965.9149955002592
1668608523.0324514,1210.0,-0.0699999999999363,-1.03123155,0.2421718399999999,0.0,1.0,0.0,0.798230677151123,965.8591193528588
1668608583.703127,1208.52,-1.4800000000000182,-0.99085619,0.0403753599999999,0.0,1.0,0.0,0.798230677151123,964.6777379506752
1668608643.897397,1208.47,-0.0499999999999545,-0.86684101,0.12401518,0.0,1.0,0.0,0.798230677151123,964.6378264168176
1668608703.870015,1209.01,0.5399999999999636,-0.76900406,0.09783695,0.0,1.0,0.0,0.798230677151123,965.0688709824792
1668608764.7835312,1208.14,-0.8699999999998909,-0.75831427,0.01068979,0.0,1.0,0.0,0.798230677151123,964.3744102933578
1668608824.634616,1208.54,0.3999999999998636,-0.67398195,0.0843323199999999,0.0,1.0,0.0,0.798230677151123,964.693702564218
1668608885.4814425,1209.08,0.5399999999999636,-0.57461549,0.09936646,0.0,1.0,0.0,0.798230677151123,965.1247471298796
1668608945.3924017,1209.82,0.7400000000000091,-0.44962537,0.1249901199999999,0.0,1.0,0.0,0.798230677151123,965.7154378309716
1668609005.358821,1209.53,-0.2899999999999636,-0.3207431,0.12888227,0.0,1.0,0.0,0.798230677151123,965.4839509345976
1668609065.5695438,1210.23,0.7000000000000455,-0.09785818,0.22288492,0.0,1.0,0.0,0.798230677151123,966.0427124086036
1668609126.1623442,1209.24,-0.9900000000000092,-0.03445577,0.06340241,0.0,1.0,0.0,0.798230677151123,965.252464038224
1668609186.192332,1209.42,0.1800000000000636,-0.04480201,-0.01034624,1.0,0.0,965.3961455601112,0.0,965.3961455601112
1668609246.416576,1210.88,1.4600000000000364,0.22320029,0.2680023,0.0,1.0,0.0,0.7972682227471848,965.3961455601112
1668609307.3506606,1213.35,2.4699999999998,0.53870641,0.31550612,0.0,1.0,0.0,0.7972682227471848,967.3653980702966
1668609368.1530137,1213.98,0.6300000000001091,0.8513513,0.31264489,0.0,1.0,0.0,0.7972682227471848,967.8676770506274
1668609427.393687,1212.67,-1.3099999999999454,0.86637579,0.0150244899999999,0.0,1.0,0.0,0.7972682227471848,966.8232556788288
1668609488.2190175,1211.26,-1.410000000000082,0.7698724,-0.0965033899999999,1.0,0.0,965.699107484755,0.0,965.699107484755
1668609548.1006086,1212.22,0.9600000000000364,0.84554638,0.07567398,0.0,1.0,0.0,0.7966368377726444,965.699107484755
1668609608.0632772,1213.08,0.8599999999999,0.91301502,0.0674686399999999,0.0,1.0,0.0,0.7966368377726444,966.3842151652394
1668609668.9773154,1211.42,-1.6599999999998545,0.78839442,-0.1246205999999999,1.0,0.0,965.0617980145367,0.0,965.0617980145367
1668609728.8803372,1210.66,-0.7599999999999909,0.61163685,-0.17675757,1.0,0.0,965.0617980145367,0.0,965.0617980145367
1668609788.9885974,1210.03,-0.6300000000001091,0.38069342,-0.23094343,1.0,0.0,965.0617980145367,0.0,965.0617980145367
1668609850.252778,1209.54,-0.4900000000000091,0.16350533,-0.21718809,1.0,0.0,965.0617980145367,0.0,965.0617980145367
1668609911.089779,1209.85,0.3099999999999454,0.08119106,-0.08231427,1.0,0.0,965.0617980145367,0.0,965.0617980145367
1668609970.1921313,1210.14,0.290000000000191,0.00501556,-0.0761755,1.0,0.0,965.0617980145367,0.0,965.0617980145367
1668610031.061488,1210.75,0.6099999999999,0.14777964,0.14276408,0.0,1.0,0.0,0.7970776774846473,965.0617980145367
1668610091.022646,1209.45,-1.2999999999999543,-0.07542227,-0.22320191,1.0,0.0,964.0255970338068,0.0,964.0255970338068
1668610151.0657754,1208.3,-1.150000000000091,-0.25952461,-0.1841023399999999,1.0,0.0,964.0255970338068,0.0,964.0255970338068
1668610211.944405,1206.63,-1.6699999999998454,-0.69334104,-0.43381643,1.0,0.0,964.0255970338068,0.0,964.0255970338068
1668610271.9161215,1204.23,-2.400000000000091,-1.17203954,-0.4786985000000001,1.0,0.0,964.0255970338068,0.0,964.0255970338068
1668610331.9396143,1205.16,0.9300000000000636,-1.25226575,-0.0802262099999999,1.0,0.0,964.0255970338068,0.0,964.0255970338068
1668610392.5896556,1205.0,-0.1600000000000818,-1.38159274,-0.12932699,1.0,0.0,964.0255970338068,0.0,964.0255970338068
1668610452.842842,1202.69,-2.309999999999945,-1.78372008,-0.4021273399999998,1.0,0.0,964.0255970338068,0.0,964.0255970338068
1668610512.6214106,1202.42,-0.2699999999999818,-1.97285977,-0.1891396899999999,1.0,0.0,964.0255970338068,0.0,964.0255970338068
1668610573.8442817,1204.13,1.7100000000000364,-1.83871779,0.1341419799999998,0.0,1.0,0.0,0.8005992683794995,964.0255970338068
1668610633.63954,1204.34,0.209999999999809,-1.79047975,0.0482380399999999,0.0,1.0,0.0,0.8005992683794995,964.1937228801664
1668610693.659371,1204.79,0.4500000000000455,-1.75458231,0.03589744,0.0,1.0,0.0,0.8005992683794995,964.5539925509372
1668610754.3505716,1207.8,3.009999999999991,-1.12832461,0.6262577,0.0,1.0,0.0,0.8005992683794995,966.9637963487594
1668610817.5551145,1207.53,-0.2699999999999818,-0.9623063,0.16601831,0.0,1.0,0.0,0.8005992683794995,966.7476345462968
1668610874.424451,1207.55,0.0199999999999818,-0.80155733,0.16074897,0.0,1.0,0.0,0.8005992683794995,966.7636465316646
1668610935.040503,1205.01,-2.539999999999964,-1.02554965,-0.2239923200000001,1.0,0.0,964.7301243899808,0.0,964.7301243899808
1668610994.4839394,1203.46,-1.5499999999999543,-1.24972727,-0.2241776199999998,1.0,0.0,964.7301243899808,0.0,964.7301243899808
1668611054.4636009,1205.46,2.0,-1.03276481,0.2169624599999999,0.0,1.0,0.0,0.8003004034891086,964.7301243899808
1668611114.4587135,1208.09,2.6299999999998818,-0.60360122,0.4291635899999999,0.0,1.0,0.0,0.8003004034891086,966.8349144511571
1668611174.4289715,1209.56,1.4700000000000273,-0.21705411,0.3865471100000001,0.0,1.0,0.0,0.8003004034891086,968.011356044286
1668611234.411976,1208.27,-1.2899999999999636,-0.18596211,0.0310919999999999,0.0,1.0,0.0,0.8003004034891086,966.9789685237852
1668611294.3622386,1208.21,-0.0599999999999454,-0.08672456,0.09923755,0.0,1.0,0.0,0.8003004034891086,966.930950499576
1668611354.7115843,1207.88,-0.3299999999999272,-0.05089478,0.03582978,0.0,1.0,0.0,0.8003004034891086,966.6668513664246
1668611414.446007,1208.72,0.8399999999999181,0.11650132,0.1673961,0.0,1.0,0.0,0.8003004034891086,967.3391037053552
1668611474.27707,1209.95,1.2300000000000182,0.36831665,0.25181533,0.0,1.0,0.0,0.8003004034891086,968.323473201647
1668611534.5716178,1210.32,0.3699999999998908,0.53683118,0.1685145299999999,0.0,1.0,0.0,0.8003004034891086,968.619584350938
1668611594.391569,1210.98,0.6600000000000819,0.73290583,0.19607465,0.0,1.0,0.0,0.8003004034891086,969.1477826172408
1668611654.4045625,1212.58,1.599999999999909,1.0630946,0.3301887699999999,0.0,1.0,0.0,0.8003004034891086,970.4282632628232
1668611714.5243747,1212.15,-0.4299999999998363,1.02879261,-0.0343019899999998,1.0,0.0,970.084134089323,0.0,970.084134089323
1668611774.5331695,1211.49,-0.6600000000000819,1.14029663,0.1115040199999999,0.0,1.0,0.0,0.8007363941009196,970.084134089323
1668611834.5157163,1210.45,-1.0399999999999636,1.01093991,-0.1293567199999998,1.0,0.0,969.251368239458,0.0,969.251368239458
1668611911.606252,1210.51,0.0599999999999454,0.97092759,-0.0400123200000001,1.0,0.0,969.251368239458,0.0,969.251368239458
1668611954.4367228,1210.31,-0.2000000000000454,0.89649174,-0.0744358499999999,1.0,0.0,969.251368239458,0.0,969.251368239458
1668612014.3777442,1207.37,-2.9400000000000546,0.42485081,-0.4716409299999999,1.0,0.0,969.251368239458,0.0,969.251368239458
1668612074.3008268,1208.05,0.6800000000000637,0.33036495,-0.09448586,1.0,0.0,969.251368239458,0.0,969.251368239458
1668612134.412825,1207.15,-0.8999999999998636,0.08346274,-0.24690221,1.0,0.0,969.251368239458,0.0,969.251368239458
1668612194.5474596,1205.82,-1.3300000000001546,-0.24331787,-0.3267806099999999,1.0,0.0,969.251368239458,0.0,969.251368239458
1668612254.576823,1206.21,0.3900000000001,-0.35892992,-0.11561205,1.0,0.0,969.251368239458,0.0,969.251368239458
1668612314.371901,1207.52,1.3099999999999454,-0.28398373,0.07494619,0.0,1.0,0.0,0.8026793496086674,969.251368239458
1668612374.3573496,1207.33,-0.1900000000000545,-0.33014624,-0.0461625099999999,1.0,0.0,969.0988591630324,0.0,969.0988591630324
1668612434.418789,1206.07,-1.259999999999991,-0.52880201,-0.19865577,1.0,0.0,969.0988591630324,0.0,969.0988591630324
1668612494.4353964,1206.19,0.1200000000001182,-0.58332991,-0.0545278999999999,1.0,0.0,969.0988591630324,0.0,969.0988591630324
1668612556.7450387,1206.01,-0.1800000000000636,-0.65234874,-0.0690188299999999,1.0,0.0,969.0988591630324,0.0,969.0988591630324
1668612614.592171,1208.18,2.1700000000000728,-0.38159855,0.27075019,0.0,1.0,0.0,0.8021146345437207,969.0988591630324
1668612674.5763109,1208.12,-0.0600000000001728,-0.30798838,0.0736101699999999,0.0,1.0,0.0,0.8021146345437207,969.0507322849596
1668612734.4941092,1207.46,-0.6599999999998545,-0.33759692,-0.02960854,1.0,0.0,968.521336626161,0.0,968.521336626161
1668612794.715991,1208.35,0.8899999999998727,-0.18864406,0.14895286,0.0,1.0,0.0,0.8015238437755294,968.5213366261607
1668612854.5691748,1208.63,0.2800000000002001,-0.08646136,0.1021827,0.0,1.0,0.0,0.8015238437755294,968.7457633024184
1668612914.5421762,1208.92,0.2899999999999636,0.01746098,0.10392234,0.0,1.0,0.0,0.8015238437755294,968.9782052171132
1668612974.4984624,1208.33,-0.5900000000001455,-0.00222109,-0.01968207,1.0,0.0,968.5053061492854,0.0,968.5053061492854
1668613034.4334424,1208.5,0.1700000000000727,0.04390603,0.04612712,0.0,1.0,0.0,0.8014110932141377,968.5053061492854
1668613094.4165645,1209.22,0.7200000000000273,0.17069214,0.12678611,0.0,1.0,0.0,0.8014110932141377,969.0823221363996
1668613154.862848,1209.45,0.2300000000000182,0.25496952,0.08427738,0.0,1.0,0.0,0.8014110932141377,969.2666466878388
1668613214.4801996,1209.08,-0.3700000000001182,0.25203007,-0.00293945,1.0,0.0,968.9701245833496,0.0,968.9701245833496
1668613274.5019257,1208.57,-0.5099999999999909,0.19664399,-0.05538608,1.0,0.0,968.9701245833496,0.0,968.9701245833496
1668613334.3997436,1207.13,-1.4399999999998272,-0.02066877,-0.21731276,1.0,0.0,968.9701245833496,0.0,968.9701245833496
1668613394.486899,1206.65,-0.4800000000000182,-0.16730635,-0.14663758,1.0,0.0,968.9701245833496,0.0,968.9701245833496
1668613454.4967964,1205.61,-1.040000000000191,-0.39792893,-0.23062258,1.0,0.0,968.9701245833496,0.0,968.9701245833496
1668613514.559895,1204.0,-1.6099999999999,-0.73667548,-0.33874655,1.0,0.0,968.9701245833496,0.0,968.9701245833496
1668613574.571625,1205.21,1.2100000000000364,-0.72200724,0.0146682399999999,0.0,1.0,0.0,0.8039844712401569,968.9701245833496
1668613636.8759878,1201.25,-3.960000000000037,-1.33770686,-0.6156996199999999,1.0,0.0,965.7863460772384,0.0,965.7863460772384
1668613694.4026957,1194.36,-6.8900000000001,-2.53133765,-1.1936307900000005,1.0,0.0,965.7863460772384,0.0,965.7863460772384
1668613754.4663944,1189.22,-5.139999999999873,-3.73365299,-1.2023153399999995,1.0,0.0,965.7863460772384,0.0,965.7863460772384
1668613814.6211307,1191.7,2.480000000000018,-3.96187874,-0.22822575,1.0,0.0,965.7863460772384,0.0,965.7863460772384
1668613875.1579783,1193.66,1.9600000000000364,-3.97284174,-0.0109629999999998,1.0,0.0,965.7863460772384,0.0,965.7863460772384
1668613934.4891188,1193.97,0.3099999999999454,-4.01544897,-0.0426072299999997,1.0,0.0,965.7863460772384,0.0,965.7863460772384
1668613994.578206,1192.21,-1.759999999999991,-4.27000253,-0.2545535600000006,1.0,0.0,965.7863460772384,0.0,965.7863460772384
1668614054.6177669,1193.49,1.2799999999999727,-4.13045998,0.1395425499999998,0.0,1.0,0.0,0.8092119297834405,965.7863460772384
1668614114.5174816,1193.69,0.2000000000000454,-4.02578786,0.10467212,0.0,1.0,0.0,0.8092119297834405,965.9481884631952
1668614174.5093307,1191.2,-2.490000000000009,-4.26301026,-0.2372223999999994,1.0,0.0,963.9332507580344,0.0,963.9332507580344
1668614234.496394,1193.31,2.1099999999999,-3.94637927,0.3166309899999997,0.0,1.0,0.0,0.8077810885336035,963.9332507580344
1668614294.5182953,1194.72,1.410000000000082,-3.58587731,0.3605019600000001,0.0,1.0,0.0,0.8077810885336035,965.0722220928668
1668614355.2550888,1192.4,-2.3199999999999363,-3.67864422,-0.0927669099999999,1.0,0.0,963.198169967469,0.0,963.198169967469
1668614414.5468214,1192.28,-0.1200000000001182,-3.58012676,0.0985174599999996,0.0,1.0,0.0,0.807862389679831,963.198169967469
1668614474.7724075,1190.67,-1.6099999999999,-3.6828602,-0.1027334399999997,1.0,0.0,961.8975115200844,0.0,961.8975115200844
1668614534.5247247,1189.37,-1.300000000000182,-3.80452651,-0.1216663100000001,1.0,0.0,961.8975115200844,0.0,961.8975115200844
1668614594.699665,1188.7,-0.6699999999998454,-3.86995621,-0.0654296999999997,1.0,0.0,961.8975115200844,0.0,961.8975115200844
1668614654.58729,1193.01,4.309999999999945,-3.22596975,0.6439864599999998,0.0,1.0,0.0,0.8062778279478667,961.8975115200844
1668614714.7587042,1195.12,2.1099999999999,-2.65637263,0.5695971200000001,0.0,1.0,0.0,0.8062778279478667,963.5987577370544
1668614774.6169736,1195.36,0.2400000000000091,-2.27777286,0.3785997700000001,0.0,1.0,0.0,0.8062778279478667,963.792264415762
1668614835.0704806,1194.98,-0.3799999999998817,-2.02328422,0.2544886399999999,0.0,1.0,0.0,0.8062778279478667,963.4858788411418
1668614894.6434932,1194.33,-0.650000000000091,-1.86836107,0.1549231499999999,0.0,1.0,0.0,0.8062778279478667,962.9617982529757
1668614955.04183,1193.81,-0.5199999999999818,-1.75981539,0.1085456799999999,0.0,1.0,0.0,0.8062778279478667,962.5425337824428
1668615014.768842,1195.49,1.6800000000000637,-1.38471979,0.3750956000000001,0.0,1.0,0.0,0.8062778279478667,963.8970805333952
1668615074.654688,1196.37,0.8799999999998818,-1.05565226,0.3290675299999999,0.0,1.0,0.0,0.8062778279478667,964.6066050219893
1668615134.5752811,1196.17,-0.1999999999998181,-0.86845265,0.1871996099999999,0.0,1.0,0.0,0.8062778279478667,964.4453494563998
1668615194.5784304,1198.02,1.849999999999909,-0.4384848,0.42996785,0.0,1.0,0.0,0.8062778279478667,965.9369634381032
1668615254.88857,1199.19,1.1700000000000728,-0.04560746,0.39287734,0.0,1.0,0.0,0.8062778279478667,966.8803084968024
1668615315.09694,1197.88,-1.3099999999999454,0.00317199,0.04877945,0.0,1.0,0.0,0.8062778279478667,965.8240845421908
1668615374.7078302,1201.17,3.289999999999964,0.58955118,0.5863791899999999,0.0,1.0,0.0,0.8062778279478667,968.4767385961392
1668615434.795677,1199.0,-2.1700000000000728,0.52862572,-0.0609254599999999,1.0,0.0,966.7271157094922,0.0,966.7271157094922
1668615494.5995276,1198.0,-1.0,0.46975427,-0.0588714499999999,1.0,0.0,966.7271157094922,0.0,966.7271157094922
1668615554.5955088,1198.92,0.9200000000000728,0.61021367,0.1404594,0.0,1.0,0.0,0.8063316282233111,966.7271157094922
1668615614.7122874,1200.45,1.5299999999999727,0.87271628,0.2625026099999999,0.0,1.0,0.0,0.8063316282233111,967.9608031006738
1668615674.5833488,1199.29,-1.160000000000082,0.80944643,-0.0632698499999999,1.0,0.0,967.0254584119348,0.0,967.0254584119348
1668615734.5288558,1199.18,-0.1099999999998999,0.8063602,-0.00308623,1.0,0.0,967.0254584119348,0.0,967.0254584119348
1668615795.2201357,1200.68,1.5,1.01429661,0.2079364099999999,0.0,1.0,0.0,0.8053981563879924,967.0254584119348
1668615854.5651653,1199.49,-1.1900000000000546,0.9030643,-0.1112323099999998,1.0,0.0,966.067034605833,0.0,966.067034605833
1668615914.4786,1200.56,1.0699999999999363,1.03188241,0.1288181099999998,0.0,1.0,0.0,0.8046803446773447,966.067034605833
1668615974.6275089,1199.37,-1.1900000000000546,0.88595311,-0.1459292999999999,1.0,0.0,965.1094649956668,0.0,965.1094649956668
1668616034.7255375,1198.68,-0.6899999999998272,0.73835899,-0.1475941199999999,1.0,0.0,965.1094649956668,0.0,965.1094649956668
1668616094.6395204,1198.89,0.2100000000000363,0.6877349,-0.05062409,1.0,0.0,965.1094649956668,0.0,965.1094649956668
1668616154.7045054,1200.09,1.199999999999818,0.79550391,0.1077690099999999,0.0,1.0,0.0,0.8041975726784382,965.1094649956668
1668616215.7000873,1199.34,-0.75,0.69047648,-0.10502743,1.0,0.0,964.506316816158,0.0,964.506316816158
1668616274.9763598,1198.23,-1.1099999999999,0.48966771,-0.2008087699999999,1.0,0.0,964.506316816158,0.0,964.506316816158
1668616334.7474651,1199.51,1.2799999999999727,0.57708616,0.08741845,0.0,1.0,0.0,0.804083598149376,964.506316816158
1668616394.595115,1203.28,3.769999999999982,1.09502576,0.5179395999999999,0.0,1.0,0.0,0.804083598149376,967.5377119811812
1668616454.9920802,1204.36,1.0799999999999272,1.40288839,0.30786263,0.0,1.0,0.0,0.804083598149376,968.4061222671824
1668616514.6324067,1203.75,-0.6099999999999,1.4743734,0.0714850099999999,0.0,1.0,0.0,0.804083598149376,967.9156312723114
1668616574.9908705,1203.64,-0.1099999999998999,1.53615302,0.06177962,0.0,1.0,0.0,0.804083598149376,967.827182076515
1668616634.788916,1203.35,-0.290000000000191,1.53354556,-0.0026074599999998,1.0,0.0,967.5939978330516,0.0,967.5939978330516
1668616694.6138337,1203.04,-0.3099999999999454,1.48708796,-0.0464576000000001,1.0,0.0,967.5939978330516,0.0,967.5939978330516
1668616754.7564745,1201.75,-1.2899999999999636,1.270769,-0.2163189599999999,1.0,0.0,967.5939978330516,0.0,967.5939978330516
1668616814.7148144,1203.99,2.240000000000009,1.48470796,0.2139389599999999,0.0,1.0,0.0,0.8036561747465109,967.5939978330516
1668616874.6205163,1208.67,4.680000000000064,2.15759769,0.6728897299999999,0.0,1.0,0.0,0.8036561747465109,971.3551087308654
1668616934.854528,1211.06,2.3899999999998727,2.34825296,0.1906552700000001,0.0,1.0,0.0,0.8036561747465109,973.2758469885094
1668616994.8596888,1208.97,-2.089999999999918,2.6379096,0.28965664,0.0,1.0,0.0,0.8036561747465109,971.5962055832892
1668617054.731725,1209.3,0.3299999999999272,2.75349971,0.1155901099999998,0.0,1.0,0.0,0.8036561747465109,971.8614121209556
1668617114.634501,1210.35,1.0499999999999543,2.93987272,0.18637301,0.0,1.0,0.0,0.8036561747465109,972.7052511044392
1668617174.668569,1209.35,-1.0,2.84602668,-0.0938460399999998,1.0,0.0,971.9015949296928,0.0,971.9015949296928
1668617234.7909,1209.99,0.6400000000001,2.89365461,0.0476279299999999,0.0,1.0,0.0,0.8032310968931089,971.9015949296928
1668617295.3157425,1211.77,1.7799999999999727,3.10961029,0.2159556799999999,0.0,1.0,0.0,0.8032310968931089,973.3313462821626
1668617354.993558,1213.05,1.2799999999999727,3.31182317,0.2022128799999998,0.0,1.0,0.0,0.8032310968931089,974.3594820861856
1668617414.715432,1213.61,0.5599999999999454,3.43229913,0.1204759600000002,0.0,1.0,0.0,0.8032310968931089,974.809291500446
1668617474.5765088,1213.5,-0.1099999999998999,3.43764092,0.0053417900000001,0.0,1.0,0.0,0.8032310968931089,974.7209360797876
1668617534.672642,1211.61,-1.8900000000001,3.14172553,-0.2959153900000002,1.0,0.0,973.2028293066596,0.0,973.2028293066596
1668617594.9477296,1209.83,-1.7799999999999727,2.74119456,-0.4005309700000001,1.0,0.0,973.2028293066596,0.0,973.2028293066596
1668617654.652468,1210.5,0.6700000000000728,2.60210244,-0.1390921199999999,1.0,0.0,973.2028293066596,0.0,973.2028293066596
1668617714.7713666,1211.14,0.6400000000001,2.51144588,-0.0906565599999997,1.0,0.0,973.2028293066596,0.0,973.2028293066596
1668617775.430033,1210.85,-0.290000000000191,2.33018749,-0.18125839,1.0,0.0,973.2028293066596,0.0,973.2028293066596
1668617834.714332,1211.08,0.2300000000000182,2.21288431,-0.1173031799999999,1.0,0.0,973.2028293066596,0.0,973.2028293066596
1668617894.7388463,1211.65,0.5700000000001637,2.1625797,-0.0503046099999999,1.0,0.0,973.2028293066596,0.0,973.2028293066596
1668617954.80595,1209.63,-2.019999999999982,1.77672053,-0.3858591700000002,1.0,0.0,973.2028293066596,0.0,973.2028293066596
1668618014.8283055,1208.23,-1.400000000000091,1.38250319,-0.3942173399999999,1.0,0.0,973.2028293066596,0.0,973.2028293066596
1668618074.734933,1208.83,0.599999999999909,1.2302052,-0.1522979899999998,1.0,0.0,973.2028293066596,0.0,973.2028293066596
1668618134.801272,1208.61,-0.2200000000000272,1.02826454,-0.2019406600000002,1.0,0.0,973.2028293066596,0.0,973.2028293066596
1668618194.7753232,1208.01,-0.599999999999909,0.78726321,-0.2410013299999999,1.0,0.0,973.2028293066596,0.0,973.2028293066596
1668618255.1062288,1208.39,0.3800000000001091,0.68130618,-0.10595703,1.0,0.0,973.2028293066596,0.0,973.2028293066596
1668618314.624081,1208.14,-0.25,0.53019592,-0.1511102599999999,1.0,0.0,973.2028293066596,0.0,973.2028293066596
1668618374.7558904,1209.71,1.5699999999999363,0.64395154,0.1137556199999999,0.0,1.0,0.0,0.804492671224227,973.2028293066596
1668618434.539968,1209.51,-0.2000000000000454,0.59934114,-0.0446103999999999,1.0,0.0,973.0419307724148,0.0,973.0419307724148
1668618494.6211004,1208.81,-0.7000000000000455,0.47049012,-0.12885102,1.0,0.0,973.0419307724148,0.0,973.0419307724148
1668618554.8890734,1210.61,1.7999999999999543,0.66300388,0.1925137599999999,0.0,1.0,0.0,0.8037616827652299,973.0419307724148
1668618614.7642152,1210.22,-0.3899999999998726,0.63803178,-0.0249720999999999,1.0,0.0,972.7284637161364,0.0,972.7284637161364
1668618674.841915,1209.64,-0.5799999999999272,0.55420529,-0.08382649,1.0,0.0,972.7284637161364,0.0,972.7284637161364
1668618734.8880272,1209.43,-0.2100000000000363,0.48877711,-0.0654281799999999,1.0,0.0,972.7284637161364,0.0,972.7284637161364
1668618794.6120608,1209.62,0.1899999999998272,0.47254528,-0.01623183,1.0,0.0,972.7284637161364,0.0,972.7284637161364
1668618854.787379,1209.41,-0.209999999999809,0.41225688,-0.0602884,1.0,0.0,972.7284637161364,0.0,972.7284637161364
1668618914.8631575,1209.92,0.5099999999999909,0.44554406,0.03328718,0.0,1.0,0.0,0.8039609756976794,972.7284637161364
1668618974.8089151,1208.36,-1.5600000000001728,0.21414611,-0.23139795,1.0,0.0,971.4742845940478,0.0,971.4742845940478
1668619034.9187338,1210.59,2.230000000000018,0.44376447,0.22961836,0.0,1.0,0.0,0.8024800176724142,971.4742845940478
1668619094.7351968,1210.24,-0.349999999999909,0.42913202,-0.01463245,1.0,0.0,971.1934165878624,0.0,971.1934165878624
1668619154.664167,1213.01,2.769999999999982,0.82622637,0.39709435,0.0,1.0,0.0,0.800647493910077,971.1934165878624
1668619214.7733507,1211.59,-1.4200000000000728,0.75345025,-0.07277612,1.0,0.0,970.05649714651,0.0,970.05649714651
1668619275.152283,1211.2,-0.3899999999998726,0.72147261,-0.03197764,1.0,0.0,970.05649714651,0.0,970.05649714651
1668619334.777687,1209.56,-1.6400000000001,0.4819782,-0.2394944099999999,1.0,0.0,970.05649714651,0.0,970.05649714651
1668619394.8857782,1209.0,-0.5599999999999454,0.31155869,-0.17041951,1.0,0.0,970.05649714651,0.0,970.05649714651
1668619454.877815,1209.6,0.599999999999909,0.29800123,-0.01355746,1.0,0.0,970.05649714651,0.0,970.05649714651
1668619514.8345015,1210.51,0.910000000000082,0.37198937,0.0739881399999999,0.0,1.0,0.0,0.801361820345565,970.05649714651
1668619574.7792802,1209.56,-0.9500000000000456,0.23392419,-0.1380651799999999,1.0,0.0,969.2952034171816,0.0,969.2952034171816
1668619634.829798,1208.86,-0.7000000000000455,0.08289254,-0.15103165,1.0,0.0,969.2952034171816,0.0,969.2952034171816
1668619694.7836602,1208.7,-0.1599999999998544,-0.01462511,-0.09751765,1.0,0.0,969.2952034171816,0.0,969.2952034171816
1668619754.7555506,1209.04,0.3399999999999181,-0.03279799,-0.01817288,1.0,0.0,969.2952034171816,0.0,969.2952034171816
1668619814.7754831,1208.79,-0.25,-0.10263678,-0.06983879,1.0,0.0,969.2952034171816,0.0,969.2952034171816
1668619874.7934532,1209.36,0.5699999999999363,-0.06060764,0.04202914,0.0,1.0,0.0,0.8014943469415077,969.2952034171816
1668619934.7514777,1210.57,1.2100000000000364,0.10843577,0.16904341,0.0,1.0,0.0,0.8014943469415077,970.2650115769808
1668619995.052125,1210.96,0.3900000000001,0.21976433,0.11132856,0.0,1.0,0.0,0.8014943469415077,970.5775943722882
1668620071.2855225,1211.32,0.3599999999998999,0.33037383,0.1106094999999999,0.0,1.0,0.0,0.8014943469415077,970.866132337187
1668620115.139338,1210.11,-1.2100000000000364,0.22033623,-0.1100375999999999,1.0,0.0,969.8963241773878,0.0,969.8963241773878
1668620175.3100386,1210.39,0.2800000000002001,0.24267241,0.02233618,0.0,1.0,0.0,0.801308936935523,969.8963241773876
1668620241.67003,1212.46,2.0699999999999363,0.55757536,0.3149029499999999,0.0,1.0,0.0,0.801308936935523,971.5550336768442
1668620295.051219,1218.71,6.25,1.52926211,0.97168675,0.0,1.0,0.0,0.801308936935523,976.5632145326912
1668620355.0222583,1214.43,-4.279999999999973,1.27871528,-0.25054683,1.0,0.0,973.1336122826071,0.0,973.1336122826071
1668620415.0374556,1211.75,-2.680000000000064,0.95586702,-0.3228482599999999,1.0,0.0,973.1336122826071,0.0,973.1336122826071
1668620475.1991563,1213.14,1.3900000000001,1.05663855,0.1007715299999999,0.0,1.0,0.0,0.8021610138010511,973.1336122826071
1668620535.381,1212.88,-0.2599999999999909,0.99991151,-0.0567270399999999,1.0,0.0,972.9250504190188,0.0,972.9250504190188
1668620595.168068,1214.19,1.3099999999999454,1.14488198,0.14497047,0.0,1.0,0.0,0.8012955554065004,972.9250504190188
1668620655.3545592,1215.6,1.4099999999998545,1.36286252,0.2179805399999999,0.0,1.0,0.0,0.8012955554065004,974.054877152142
1668620715.195253,1216.59,0.9900000000000092,1.57055428,0.2076917600000001,0.0,1.0,0.0,0.8012955554065004,974.8481597519944
1668620775.0649698,1218.12,1.5299999999999727,1.8685469,0.2979926199999998,0.0,1.0,0.0,0.8012955554065004,976.0741419517664
1668620835.1287854,1217.81,-0.3099999999999454,1.94190132,0.07335442,0.0,1.0,0.0,0.8012955554065004,975.8257403295904
1668620899.37253,1217.68,-0.1299999999998817,1.97762461,0.0357232899999999,0.0,1.0,0.0,0.8012955554065004,975.7215719073876
1668620972.5964775,1217.21,-0.4700000000000273,1.92538548,-0.0522391299999998,1.0,0.0,975.3449629963465,0.0,975.3449629963465
1668621015.5510309,1217.37,0.1599999999998544,1.91450843,-0.0108770500000001,1.0,0.0,975.3449629963465,0.0,975.3449629963465
1668621088.1255023,1216.78,-0.5899999999999181,1.79138087,-0.1231275599999999,1.0,0.0,975.3449629963465,0.0,975.3449629963465
1668621137.9966917,1216.92,0.1400000000001,1.73115518,-0.06022569,1.0,0.0,975.3449629963465,0.0,975.3449629963465
1668621196.5581894,1214.9,-2.019999999999982,1.36931439,-0.36184079,1.0,0.0,975.3449629963465,0.0,975.3449629963465
1668621258.361419,1214.24,-0.6600000000000819,1.10501362,-0.2643007699999999,1.0,0.0,975.3449629963465,0.0,975.3449629963465
1668621318.067587,1215.41,1.1700000000000728,1.09073232,-0.0142812999999999,1.0,0.0,975.3449629963465,0.0,975.3449629963465
1668621381.7113435,1214.6,-0.8100000000001728,0.87947615,-0.21125617,1.0,0.0,975.3449629963465,0.0,975.3449629963465
1668621439.2344477,1214.93,0.3300000000001546,0.79997285,-0.0795033,1.0,0.0,975.3449629963465,0.0,975.3449629963465
1668621499.3745654,1214.77,-0.1600000000000818,0.68656551,-0.1134073399999999,1.0,0.0,975.3449629963465,0.0,975.3449629963465
1668621559.360397,1214.66,-0.1099999999998999,0.58371454,-0.1028509699999999,1.0,0.0,975.3449629963465,0.0,975.3449629963465
1668621620.3298934,1215.09,0.4299999999998363,0.56352619,-0.0201883499999999,1.0,0.0,975.3449629963465,0.0,975.3449629963465
1668621681.0050435,1215.16,0.0700000000001637,0.52554865,-0.03797754,1.0,0.0,975.3449629963465,0.0,975.3449629963465
1668621746.6284046,1215.45,0.2899999999999636,0.52518427,-0.0003643799999999,1.0,0.0,975.3449629963465,0.0,975.3449629963465
1668621800.9919956,1216.02,0.5699999999999363,0.58260644,0.0574221699999999,0.0,1.0,0.0,0.80207970510053,975.3449629963465
1668621860.8873878,1215.94,-0.0799999999999272,0.57401313,-0.0085933099999999,1.0,0.0,975.2807966199384,0.0,975.2807966199384
1668621920.8951242,1215.02,-0.9200000000000728,0.4350605,-0.1389526299999999,1.0,0.0,975.2807966199384,0.0,975.2807966199384
1668621981.884848,1214.42,-0.599999999999909,0.29391856,-0.14114194,1.0,0.0,975.2807966199384,0.0,975.2807966199384
1668622041.7478733,1215.92,1.5,0.4295312,0.13561264,0.0,1.0,0.0,0.8020928980689013,975.2807966199384
1668622101.9272995,1214.72,-1.2000000000000457,0.26750125,-0.1620299499999999,1.0,0.0,974.3182851422558,0.0,974.3182851422558
1668622163.7482193,1213.93,-0.7899999999999636,0.10144519,-0.16605606,1.0,0.0,974.3182851422558,0.0,974.3182851422558
1668622222.673462,1214.79,0.8599999999999,0.14112547,0.03968028,0.0,1.0,0.0,0.8020466789669456,974.3182851422558
1668622282.5004034,1217.76,2.970000000000028,0.53546186,0.39433639,0.0,1.0,0.0,0.8020466789669456,976.7003637787876
1668622343.4041634,1217.16,-0.599999999999909,0.56788086,0.032419,0.0,1.0,0.0,0.8020466789669456,976.2191357714077
1668622403.310762,1217.31,0.1499999999998635,0.64675374,0.0788728799999999,0.0,1.0,0.0,0.8020466789669456,976.3394427732524
1668622463.3727615,1216.86,-0.4500000000000455,0.62818119,-0.01857255,1.0,0.0,975.9785217677172,0.0,975.9785217677172
1668622524.5831811,1218.11,1.25,0.81129008,0.18310889,0.0,1.0,0.0,0.8012236347848037,975.9785217677172
1668622584.3426464,1216.63,-1.4799999999997908,0.65754015,-0.15374993,1.0,0.0,974.7927107882358,0.0,974.7927107882358
1668622644.3461645,1216.91,0.2799999999999727,0.66228411,0.0047439599999999,0.0,1.0,0.0,0.8010392804630053,974.792710788236
1668622705.7081103,1216.54,-0.3700000000001182,0.58740861,-0.0748754999999999,1.0,0.0,974.4963262544644,0.0,974.4963262544644
1668622764.6165571,1216.23,-0.3099999999999454,0.50136289,-0.0860457199999999,1.0,0.0,974.4963262544644,0.0,974.4963262544644
1668622824.37912,1214.99,-1.240000000000009,0.27356087,-0.22780202,1.0,0.0,974.4963262544644,0.0,974.4963262544644
1668622944.3811314,1215.49,0.5,0.17887336,-0.09468751,1.0,0.0,974.4963262544644,0.0,974.4963262544644
1668623020.7695963,1214.84,-0.650000000000091,0.03804876,-0.1408246,1.0,0.0,974.4963262544644,0.0,974.4963262544644
1668623064.3830185,1214.77,-0.0699999999999363,-0.04261321,-0.08066197,1.0,0.0,974.4963262544644,0.0,974.4963262544644
1668623124.294719,1214.25,-0.5199999999999818,-0.17384191,-0.1312286999999999,1.0,0.0,974.4963262544644,0.0,974.4963262544644
1668623184.367902,1215.0,0.75,-0.13739462,0.0364472899999999,0.0,1.0,0.0,0.8020545895098472,974.4963262544644
1668623244.2960558,1215.46,0.4600000000000364,-0.08788027,0.04951435,0.0,1.0,0.0,0.8020545895098472,974.8652713656388
1668623304.2992537,1215.82,0.3599999999998999,-0.02656976,0.06131051,0.0,1.0,0.0,0.8020545895098472,975.1540110178624
1668623364.2681603,1215.8,-0.0199999999999818,-0.00294283,0.02362693,0.0,1.0,0.0,0.8020545895098472,975.1379699260722
1668623424.2081192,1215.46,-0.3399999999999181,-0.03245232,-0.02950949,1.0,0.0,974.8652713656388,0.0,974.8652713656388
1668623484.3326766,1214.82,-0.6400000000001,-0.12379964,-0.09134732,1.0,0.0,974.8652713656388,0.0,974.8652713656388
1668623544.247102,1214.83,0.0099999999999909,-0.15315983,-0.0293601899999999,1.0,0.0,974.8652713656388,0.0,974.8652713656388
1668623604.3125377,1213.82,-1.009999999999991,-0.31719353,-0.1640337,1.0,0.0,974.8652713656388,0.0,974.8652713656388
1668623664.8203273,1212.66,-1.1599999999998545,-0.54233532,-0.2251417899999999,1.0,0.0,974.8652713656388,0.0,974.8652713656388
1668623724.5103743,1212.71,0.0499999999999545,-0.63298956,-0.09065424,1.0,0.0,974.8652713656388,0.0,974.8652713656388
1668623784.108092,1213.9,1.1900000000000546,-0.5317141,0.1012754599999999,0.0,1.0,0.0,0.8030853211678382,974.8652713656388
1668623844.4534729,1213.05,-0.8500000000001364,-0.64208122,-0.11036712,1.0,0.0,974.182648842646,0.0,974.182648842646
1668623904.1833415,1211.98,-1.0699999999999363,-0.81935823,-0.1772770099999999,1.0,0.0,974.182648842646,0.0,974.182648842646
1668623964.4665382,1210.51,-1.4700000000000273,-1.08860056,-0.26924233,1.0,0.0,974.182648842646,0.0,974.182648842646
1668624024.3810463,1211.28,0.7699999999999818,-1.08642542,0.0021751399999998,0.0,1.0,0.0,0.8042588409307889,974.182648842646
1668624084.4404278,1210.73,-0.5499999999999545,-1.19883931,-0.11241389,1.0,0.0,973.740306480134,0.0,973.740306480134
1668624144.9159229,1210.59,-0.1400000000001,-1.25928281,-0.0604434999999998,1.0,0.0,973.740306480134,0.0,973.740306480134
1668624204.3043945,1210.84,0.25,-1.24818839,0.01109442,0.0,1.0,0.0,0.8041857772126243,973.740306480134
1668624264.1973228,1210.82,-0.0199999999999818,-1.24371484,0.0044735499999999,0.0,1.0,0.0,0.8041857772126243,973.7242227645896
1668624324.2919369,1211.01,0.1900000000000545,-1.19791858,0.0457962599999999,0.0,1.0,0.0,0.8041857772126243,973.8770180622602
1668624384.6212215,1211.35,0.3399999999999181,-1.11157349,0.08634509,0.0,1.0,0.0,0.8041857772126243,974.1504412265124
1668624444.410498,1211.87,0.5199999999999818,-0.97899803,0.1325754600000001,0.0,1.0,0.0,0.8041857772126243,974.5686178306628
1668624504.4967165,1211.19,-0.6799999999998363,-0.99321383,-0.0142158,1.0,0.0,974.0217715021583,0.0,974.0217715021583
1668624564.3054168,1210.91,-0.2799999999999727,-0.98948974,0.0037240899999999,0.0,1.0,0.0,0.8043717299404235,974.0217715021582
1668624624.7783203,1210.59,-0.3200000000001637,-1.002416,-0.0129262599999999,1.0,0.0,973.7643725485772,0.0,973.7643725485772
1668624684.7141275,1209.85,-0.7400000000000091,-1.08696917,-0.0845531699999999,1.0,0.0,973.7643725485772,0.0,973.7643725485772
1668624744.223099,1210.92,1.0700000000001637,-0.94331084,0.1436583299999999,0.0,1.0,0.0,0.804152522502376,973.7643725485772
1668624804.3025928,1211.02,0.099999999999909,-0.87273715,0.07057369,0.0,1.0,0.0,0.804152522502376,973.8447878008274
1668624864.3832898,1211.77,0.75,-0.70710174,0.1656354099999999,0.0,1.0,0.0,0.804152522502376,974.4479021927042
1668624924.2608705,1211.98,0.2100000000000363,-0.58646077,0.12064097,0.0,1.0,0.0,0.804152522502376,974.6167742224296
1668624984.293003,1211.49,-0.4900000000000091,-0.56703478,0.01942599,0.0,1.0,0.0,0.804152522502376,974.2227394864036
1668625044.2687805,1211.44,-0.0499999999999545,-0.52180552,0.0452292599999999,0.0,1.0,0.0,0.804152522502376,974.1825318602783
1668625105.016869,1210.25,-1.1900000000000546,-0.64614437,-0.12433885,1.0,0.0,973.2255903585004,0.0,973.2255903585004
1668625164.2618606,1211.17,0.9200000000000728,-0.5323854,0.11375897,0.0,1.0,0.0,0.8035416913880796,973.2255903585004
1668625224.4420977,1211.1,-0.0700000000001637,-0.50457674,0.02780866,0.0,1.0,0.0,0.8035416913880796,973.1693424401032
1668625284.4387758,1210.52,-0.5799999999999272,-0.55341355,-0.04883681,1.0,0.0,972.703288259098,0.0,972.703288259098
1668625344.4021974,1210.27,-0.25,-0.58508522,-0.0316716699999999,1.0,0.0,972.703288259098,0.0,972.703288259098
1668625404.1644287,1209.81,-0.4600000000000364,-0.65324934,-0.06816412,1.0,0.0,972.703288259098,0.0,972.703288259098
1668625464.4494283,1209.69,-0.1199999999998908,-0.68741448,-0.03416514,1.0,0.0,972.703288259098,0.0,972.703288259098
1668625524.4063349,1210.08,0.3899999999998726,-0.64370785,0.04370663,0.0,1.0,0.0,0.8038338690492348,972.703288259098
1668625584.769415,1205.77,-4.309999999999945,-1.2351512,-0.59144335,1.0,0.0,969.2387642834958,0.0,969.2387642834958
1668625644.277382,1204.62,-1.150000000000091,-1.577651,-0.3424997999999999,1.0,0.0,969.2387642834958,0.0,969.2387642834958
1668625704.4424975,1204.85,0.2300000000000182,-1.72300867,-0.1453576700000001,1.0,0.0,969.2387642834958,0.0,969.2387642834958
1668625764.27025,1206.33,1.4800000000000182,-1.62304086,0.0999678100000001,0.0,1.0,0.0,0.8034607149648072,969.2387642834958
1668625824.254588,1205.34,-0.9900000000000092,-1.75867042,-0.1356295600000001,1.0,0.0,968.4433381756808,0.0,968.4433381756808
1668625884.3103552,1203.9,-1.4399999999998272,-1.98657855,-0.2279081299999998,1.0,0.0,968.4433381756808,0.0,968.4433381756808
1668625944.280056,1202.05,-1.8500000000001364,-2.31463722,-0.3280586699999999,1.0,0.0,968.4433381756808,0.0,968.4433381756808
1668626004.5806546,1200.6,-1.4500000000000457,-2.63339626,-0.3187590400000002,1.0,0.0,968.4433381756808,0.0,968.4433381756808
1668626064.9879,1200.98,0.3800000000001091,-2.71002492,-0.0766286599999999,1.0,0.0,968.4433381756808,0.0,968.4433381756808
1668626124.3755612,1200.7,-0.2799999999999727,-2.80188446,-0.0918595400000001,1.0,0.0,968.4433381756808,0.0,968.4433381756808
1668626184.606515,1201.56,0.8599999999999,-2.70223637,0.09964809,0.0,1.0,0.0,0.8059883303169886,968.4433381756808
1668626244.4782157,1202.2,0.6400000000001,-2.55788826,0.1443481100000001,0.0,1.0,0.0,0.8059883303169886,968.9591707070836
1668626304.3684213,1202.21,0.0099999999999909,-2.45299044,0.1048978199999997,0.0,1.0,0.0,0.8059883303169886,968.9672305903867
1668626364.4346197,1203.24,1.0299999999999727,-2.19788196,0.2551084800000001,0.0,1.0,0.0,0.8059883303169886,969.7973985706134
1668626424.3757756,1203.37,0.1299999999998817,-2.01958589,0.17829607,0.0,1.0,0.0,0.8059883303169886,969.9021770535544
1668626484.2477486,1204.78,1.410000000000082,-1.66568385,0.3539020400000001,0.0,1.0,0.0,0.8059883303169886,971.0386205993016
1668626544.4252026,1205.16,0.3800000000001091,-1.40383455,0.2618492999999999,0.0,1.0,0.0,0.8059883303169886,971.344896164822
1668626604.3735158,1205.1,-0.0600000000001728,-1.21491541,0.1889191400000001,0.0,1.0,0.0,0.8059883303169886,971.2965368650028
1668626664.3995483,1205.62,0.5199999999999818,-0.97518228,0.2397331299999999,0.0,1.0,0.0,0.8059883303169886,971.7156507967676
1668626724.6686544,1204.84,-0.7799999999999727,-0.91963147,0.0555508099999999,0.0,1.0,0.0,0.8059883303169886,971.0869798991204
1668626784.2501822,1206.21,1.3700000000001182,-0.6232124,0.29641907,0.0,1.0,0.0,0.8059883303169886,972.1911839116548
1668626844.4380186,1206.37,0.1599999999998544,-0.44687942,0.1763329799999999,0.0,1.0,0.0,0.8059883303169886,972.3201420445056
1668626904.4292598,1206.0,-0.3699999999998908,-0.36593819,0.08094123,0.0,1.0,0.0,0.8059883303169886,972.0219263622882
1668626964.506884,1205.7,-0.2999999999999545,-0.31763639,0.0483018,0.0,1.0,0.0,0.8059883303169886,971.7801298631932
1668627024.43952,1205.99,0.2899999999999636,-0.21704425,0.10059214,0.0,1.0,0.0,0.8059883303169886,972.013866478985
1668627085.4344354,1203.51,-2.480000000000018,-0.50383814,-0.28679389,1.0,0.0,970.0150154197988,0.0,970.0150154197988
1668627144.4414785,1203.5,-0.0099999999999909,-0.56859144,-0.0647532999999999,1.0,0.0,970.0150154197988,0.0,970.0150154197988
1668627204.4799843,1202.0,-1.5,-0.82488814,-0.2562967,1.0,0.0,970.0150154197988,0.0,970.0150154197988
1668627264.6076038,1203.45,1.4500000000000457,-0.71818102,0.10670712,0.0,1.0,0.0,0.8060285142048268,970.0150154197988
1668627324.3786306,1203.55,0.099999999999909,-0.70164129,0.0165397299999999,0.0,1.0,0.0,0.8060285142048268,970.0956182712192
1668627384.5085957,1203.33,-0.2200000000000272,-0.71866159,-0.0170202999999999,1.0,0.0,969.9182919980942,0.0,969.9182919980942
1668627444.4692743,1203.7,0.3700000000001182,-0.65836861,0.0602929799999999,0.0,1.0,0.0,0.8057807526776557,969.9182919980942
1668627504.619954,1205.16,1.4600000000000364,-0.42035423,0.23801438,0.0,1.0,0.0,0.8057807526776557,971.0947318970036
1668627564.5667503,1208.26,3.099999999999909,0.11851409,0.53886832,0.0,1.0,0.0,0.8057807526776557,973.5926522303042
1668627624.5693023,1206.47,-1.7899999999999636,0.09195059,-0.0265635,1.0,0.0,972.1503046830112,0.0,972.1503046830112
1668627684.32963,1207.74,1.2699999999999818,0.36212031,0.27016972,0.0,1.0,0.0,0.8049334332579953,972.1503046830112
1668627744.4271655,1207.46,-0.2799999999999727,0.45132507,0.08920476,0.0,1.0,0.0,0.8049334332579953,971.924923321699
1668627804.6114657,1208.9,1.4400000000000546,0.73650838,0.2851833099999999,0.0,1.0,0.0,0.8049334332579953,973.0840274655906
1668627864.7510593,1207.69,-1.2100000000000364,0.69111736,-0.0453910199999999,1.0,0.0,972.1100580113484,0.0,972.1100580113484
1668627924.600128,1206.28,-1.410000000000082,0.5233569,-0.16776046,1.0,0.0,972.1100580113484,0.0,972.1100580113484
1668627984.953475,1206.9,0.6200000000001182,0.56234139,0.03898449,0.0,1.0,0.0,0.8054603181799224,972.1100580113484
1668628044.6445425,1206.33,-0.5700000000001637,0.46652505,-0.09581634,1.0,0.0,971.6509456299856,0.0,971.6509456299856
1668628104.4269004,1207.32,0.9900000000000092,0.56109641,0.09457136,0.0,1.0,0.0,0.8047998423201683,971.6509456299856
1668628164.5092907,1206.55,-0.7699999999999818,0.4593138,-0.10178261,1.0,0.0,971.0312497513992,0.0,971.0312497513992
1668628224.3681378,1206.85,0.2999999999999545,0.46485952,0.00554572,0.0,1.0,0.0,0.8045997843571274,971.0312497513992
1668628284.4148629,1207.95,1.1000000000001364,0.6000308,0.1351712799999999,0.0,1.0,0.0,0.8045997843571274,971.916309514192
1668628344.5268235,1209.02,1.0699999999999363,0.78098879,0.18095799,0.0,1.0,0.0,0.8045997843571274,972.7772312834542
1668628404.445938,1209.14,0.1200000000001182,0.86519477,0.08420598,0.0,1.0,0.0,0.8045997843571274,972.8737832575772
1668628465.4175217,1208.6,-0.540000000000191,0.83623177,-0.0289629999999999,1.0,0.0,972.439299374024,0.0,972.439299374024
1668628524.6764183,1207.53,-1.0699999999999363,0.68712711,-0.14910466,1.0,0.0,972.439299374024,0.0,972.439299374024
1668628584.6911354,1208.55,1.0199999999999818,0.7735409,0.0864137899999999,0.0,1.0,0.0,0.8046330721724579,972.439299374024
1668628644.619449,1209.14,0.5900000000001455,0.85208312,0.07854222,0.0,1.0,0.0,0.8046330721724579,972.914032886606
1668628704.7189972,1208.85,-0.290000000000191,0.82603888,-0.0260442399999999,1.0,0.0,972.6806892956756,0.0,972.6806892956756
1668628764.7046628,1209.26,0.4100000000000818,0.87230377,0.04626489,0.0,1.0,0.0,0.8043602610651768,972.6806892956756
1668628824.840856,1208.7,-0.5599999999999454,0.79443853,-0.07786524,1.0,0.0,972.2302475494791,0.0,972.2302475494791
1668628884.5932858,1207.36,-1.3400000000001455,0.56871265,-0.2257258799999999,1.0,0.0,972.2302475494791,0.0,972.2302475494791
1668628945.113965,1208.67,1.3100000000001728,0.65555591,0.0868432599999999,0.0,1.0,0.0,0.8043802258263042,972.2302475494791
1668629004.5222523,1207.46,-1.2100000000000364,0.46319274,-0.19236317,1.0,0.0,971.2569474762292,0.0,971.2569474762292
1668629064.515309,1206.62,-0.8400000000001455,0.26345721,-0.19973553,1.0,0.0,971.2569474762292,0.0,971.2569474762292
1668629124.551427,1206.16,-0.459999999999809,0.09205563,-0.17140158,1.0,0.0,971.2569474762292,0.0,971.2569474762292
1668629184.9108214,1206.74,0.5799999999999272,0.06621669,-0.02583894,1.0,0.0,971.2569474762292,0.0,971.2569474762292
1668629244.9466414,1206.55,-0.1900000000000545,-0.01664979,-0.0828664799999999,1.0,0.0,971.2569474762292,0.0,971.2569474762292
1668629304.4690018,1206.28,-0.2699999999999818,-0.10830188,-0.09165209,1.0,0.0,971.2569474762292,0.0,971.2569474762292
1668629364.5707784,1205.72,-0.5599999999999454,-0.241163,-0.13286112,1.0,0.0,971.2569474762292,0.0,971.2569474762292
1668629425.0423508,1205.47,-0.25,-0.34284908,-0.1016860799999999,1.0,0.0,971.2569474762292,0.0,971.2569474762292
1668629484.6516044,1206.39,0.9200000000000728,-0.27231628,0.0705327999999999,0.0,1.0,0.0,0.8050936657931757,971.2569474762292
1668629544.4799774,1206.42,0.0299999999999727,-0.26783588,0.0044803999999999,0.0,1.0,0.0,0.8050936657931757,971.281100286203
1668629604.7256267,1206.49,0.0699999999999363,-0.25325294,0.01458294,0.0,1.0,0.0,0.8050936657931757,971.3374568428084
1668629664.764235,1206.48,-0.0099999999999909,-0.24411417,0.0091387699999999,0.0,1.0,0.0,0.8050936657931757,971.3294059061506
1668629724.5477335,1206.24,-0.2400000000000091,-0.26871514,-0.02460097,1.0,0.0,971.1361834263602,0.0,971.1361834263602
1668629784.6442738,1206.75,0.5099999999999909,-0.19659148,0.07212366,0.0,1.0,0.0,0.8047534148965073,971.1361834263602
1668629844.644091,1205.01,-1.740000000000009,-0.41693035,-0.22033887,1.0,0.0,969.7359124844404,0.0,969.7359124844404
1668629905.2919729,1206.55,1.5399999999999636,-0.25773683,0.15919352,0.0,1.0,0.0,0.8037262545973565,969.7359124844404
1668629964.6868422,1206.26,-0.2899999999999636,-0.26731973,-0.0095829,1.0,0.0,969.5028318706072,0.0,969.5028318706072
1668630024.5529528,1206.44,0.1800000000000636,-0.22759532,0.0397244099999999,0.0,1.0,0.0,0.8036063392051053,969.5028318706072
1668630084.6567476,1205.94,-0.5,-0.27643467,-0.04883935,1.0,0.0,969.1010287010048,0.0,969.1010287010048
1668630144.6725752,1205.46,-0.4800000000000182,-0.34815312,-0.0717184499999999,1.0,0.0,969.1010287010048,0.0,969.1010287010048
1668630204.560186,1205.66,0.2000000000000454,-0.34271888,0.0054342399999999,0.0,1.0,0.0,0.803792967089399,969.1010287010048
1668630264.6761618,1205.52,-0.1400000000001,-0.3656054,-0.02288652,1.0,0.0,968.9884976856122,0.0,968.9884976856122
1668630324.8065872,1205.62,0.099999999999909,-0.35772471,0.00788069,0.0,1.0,0.0,0.8037262965823495,968.9884976856122
1668630384.6752796,1205.35,-0.2699999999999818,-0.39126658,-0.0335418699999999,1.0,0.0,968.7714915855348,0.0,968.7714915855348
1668630444.6963525,1205.72,0.3700000000001182,-0.34452386,0.0467427199999999,0.0,1.0,0.0,0.8034796566247012,968.7714915855348
1668630504.4678893,1207.2,1.4800000000000182,-0.11787511,0.22664875,0.0,1.0,0.0,0.8034796566247012,969.9606414773392
1668630564.6399424,1207.7,0.5,0.04046489,0.15834,0.0,1.0,0.0,0.8034796566247012,970.3623813056518
1668630624.7057796,1207.65,-0.0499999999999545,0.12573235,0.0852674599999999,0.0,1.0,0.0,0.8034796566247012,970.3222073228204
1668630684.653093,1209.55,1.899999999999864,0.46219321,0.33646086,0.0,1.0,0.0,0.8034796566247012,971.8488186704074
1668630744.5939343,1210.71,1.160000000000082,0.76638233,0.30418912,0.0,1.0,0.0,0.8034796566247012,972.780855072092
1668630804.9277823,1209.05,-1.660000000000082,0.68880321,-0.07757912,1.0,0.0,971.4470788420948,0.0,971.4470788420948
1668630864.767532,1206.22,-2.8299999999999272,0.32324056,-0.36556265,1.0,0.0,971.4470788420948,0.0,971.4470788420948
1668630924.6843865,1206.0,-0.2200000000000272,0.17830533,-0.14493523,1.0,0.0,971.4470788420948,0.0,971.4470788420948
1668630984.7087464,1207.76,1.759999999999991,0.32527708,0.1469717499999999,0.0,1.0,0.0,0.8043378476204667,971.4470788420948
1668631044.669896,1207.86,0.099999999999909,0.34148116,0.01620408,0.0,1.0,0.0,0.8043378476204667,971.5275126268568
1668631104.7193587,1207.33,-0.5299999999999727,0.26911307,-0.07236809,1.0,0.0,971.101213567618,0.0,971.101213567618
1668631164.578354,1207.15,-0.1799999999998363,0.2164112,-0.05270187,1.0,0.0,971.101213567618,0.0,971.101213567618
1668631224.646177,1207.36,0.209999999999809,0.21421535,-0.0021958499999999,1.0,0.0,971.101213567618,0.0,971.101213567618
1668631285.5862122,1207.34,-0.0199999999999818,0.19410162,-0.0201137299999999,1.0,0.0,971.101213567618,0.0,971.101213567618
1668631344.692891,1208.81,1.4700000000000273,0.38518386,0.19108224,0.0,1.0,0.0,0.8033530609174461,971.101213567618
1668631404.4738443,1208.37,-0.4400000000000545,0.37642886,-0.008755,1.0,0.0,970.7477382208142,0.0,970.7477382208142
1668631464.7492375,1209.27,0.900000000000091,0.52000575,0.14357689,0.0,1.0,0.0,0.8027551648687342,970.7477382208142
1668631524.5037303,1210.29,1.0199999999999818,0.71512488,0.1951191299999999,0.0,1.0,0.0,0.8027551648687342,971.5665484889804
1668631584.650274,1208.96,-1.3299999999999272,0.60684393,-0.1082809499999999,1.0,0.0,970.4988841197048,0.0,970.4988841197048
1668631644.7205956,1209.66,0.7000000000000455,0.6984118,0.09156787,0.0,1.0,0.0,0.8022906305240355,970.4988841197048
1668631704.8199816,1211.36,1.699999999999818,0.95813549,0.2597236899999999,0.0,1.0,0.0,0.8022906305240355,971.8627781915956
1668631765.8401227,1210.2,-1.1599999999998545,0.87985825,-0.07827724,1.0,0.0,970.9321210601878,0.0,970.9321210601878
1668631824.5010412,1210.61,0.4099999999998545,0.93897019,0.05911194,0.0,1.0,0.0,0.8020189169593741,970.9321210601878
1668631884.6826727,1210.43,-0.1799999999998363,0.9247533,-0.01421689,1.0,0.0,970.7877576551352,0.0,970.7877576551352
1668631944.6727152,1210.34,-0.0900000000001455,0.9003626,-0.0243906999999999,1.0,0.0,970.7877576551352,0.0,970.7877576551352
1668632004.621863,1211.02,0.6800000000000637,0.97398487,0.0736222699999999,0.0,1.0,0.0,0.8016281792663501,970.7877576551352
1668632064.6423297,1210.84,-0.1800000000000636,0.95199671,-0.02198816,1.0,0.0,970.6434645828672,0.0,970.6434645828672
1668632124.424072,1210.99,0.1500000000000909,0.95637483,0.00437812,0.0,1.0,0.0,0.801528885112897,970.6434645828672
1668632184.6126351,1210.52,-0.4700000000000273,0.87309083,-0.083284,1.0,0.0,970.266746006864,0.0,970.266746006864
1668632245.4606876,1213.44,2.9200000000000728,1.2400433,0.36695247,0.0,1.0,0.0,0.7996001005462684,970.266746006864
1668632304.7021208,1212.49,-0.9500000000000456,1.19723316,-0.04281014,1.0,0.0,969.5071259113448,0.0,969.5071259113448
1668632364.7098076,1212.09,-0.4000000000000909,1.15225329,-0.0449798699999999,1.0,0.0,969.5071259113448,0.0,969.5071259113448
1668632424.627428,1212.53,0.4400000000000545,1.19108085,0.03882756,0.0,1.0,0.0,0.7995737226388995,969.5071259113448
1668632484.640262,1211.51,-1.0199999999999818,1.03562232,-0.1554585299999999,1.0,0.0,968.6915607142532,0.0,968.6915607142532
1668632544.8146696,1211.77,0.2599999999999909,1.00253518,-0.0330871400000001,1.0,0.0,968.6915607142532,0.0,968.6915607142532
1668632664.7350936,1211.79,0.0199999999999818,0.94545937,-0.0570758099999999,1.0,0.0,968.6915607142532,0.0,968.6915607142532
1668632904.5929456,1213.18,1.3900000000001,1.08966735,0.14420798,0.0,1.0,0.0,0.7984730713614246,968.6915607142532
1668633024.6647725,1213.38,0.2000000000000454,1.03101135,-0.058656,1.0,0.0,968.8512553285256,0.0,968.8512553285256
1668633566.035963,1210.11,-3.270000000000209,-0.08358231,-1.11459366,1.0,0.0,968.8512553285256,0.0,968.8512553285256
1668633626.0850875,1210.39,0.2800000000002001,-0.14909608,-0.0655137699999999,1.0,0.0,968.8512553285256,0.0,968.8512553285256
1668633686.1596692,1208.96,-1.4300000000000637,0.60684393,0.75594001,0.0,1.0,0.0,0.8013923168082695,968.8512553285256
1668633746.8077855,1210.86,1.899999999999864,-0.11006741,-0.71691134,1.0,0.0,970.3739007304612,0.0,970.3739007304612
1668633806.7767603,1210.59,-0.2699999999999818,-0.18679037,-0.07672296,1.0,0.0,970.3739007304612,0.0,970.3739007304612
1668633867.1408415,1212.53,1.9400000000000543,1.19108085,1.37787122,0.0,1.0,0.0,0.8002885707821342,970.3739007304612
1668633927.7677937,1210.19,-2.339999999999918,-0.30918374,-1.50026459,1.0,0.0,968.501225474831,0.0,968.501225474831
1668633987.911771,1210.19,0.0,-0.34947986,-0.0402961199999999,1.0,0.0,968.501225474831,0.0,968.501225474831
1668634047.7121296,1209.53,-0.6600000000000819,-0.47098336,-0.1215035,1.0,0.0,968.501225474831,0.0,968.501225474831
1668634108.7795162,1209.27,-0.2599999999999909,-0.55507476,-0.0840913999999999,1.0,0.0,968.501225474831,0.0,968.501225474831
1668634168.7686732,1209.42,0.1500000000000909,-0.57780345,-0.0227286899999999,1.0,0.0,968.501225474831,0.0,968.501225474831
1668634228.616786,1209.49,0.0699999999999363,-0.58788982,-0.01008637,1.0,0.0,968.501225474831,0.0,968.501225474831
1668634289.697736,1208.58,-0.910000000000082,-0.72211657,-0.1342267499999999,1.0,0.0,968.501225474831,0.0,968.501225474831
1668634349.4429312,1208.15,-0.4299999999998363,-0.82297115,-0.10085458,1.0,0.0,968.501225474831,0.0,968.501225474831
1668634409.6080308,1208.45,0.2999999999999545,-0.82333524,-0.00036409,1.0,0.0,968.501225474831,0.0,968.501225474831
1668634471.427938,1208.13,-0.3199999999999363,-0.8782327,-0.0548974599999999,1.0,0.0,968.501225474831,0.0,968.501225474831
1668634531.58061,1208.52,0.3899999999998726,-0.83672896,0.04150374,0.0,1.0,0.0,0.8013944539393896,968.501225474831
1668634591.37408,1207.85,-0.6700000000000728,-0.91376409,-0.07703513,1.0,0.0,967.9642911906916,0.0,967.9642911906916
1668634652.215846,1207.92,0.0700000000001637,-0.91193595,0.0018281399999999,0.0,1.0,0.0,0.8013480124434496,967.9642911906916
1668634711.810033,1208.28,0.3599999999998999,-0.85421158,0.05772437,0.0,1.0,0.0,0.8013480124434496,968.2527764751712
1668634771.698495,1207.92,-0.3599999999998999,-0.87140074,-0.01718916,1.0,0.0,967.9642911906916,0.0,967.9642911906916
1668634832.910153,1207.92,0.0,-0.85244682,0.0189539199999999,0.0,1.0,0.0,0.8013480124434496,967.9642911906916
1668634892.7576106,1208.04,0.1199999999998908,-0.81092798,0.04151884,0.0,1.0,0.0,0.8013480124434496,968.0604529521848
1668634952.7155602,1207.98,-0.0599999999999454,-0.78638021,0.0245477699999999,0.0,1.0,0.0,0.8013480124434496,968.0123720714382
1668635013.499174,1207.55,-0.4300000000000636,-0.81521285,-0.0288326399999999,1.0,0.0,967.6677924260874,0.0,967.6677924260874
1668635073.647266,1207.01,-0.5399999999999636,-0.87796421,-0.06275136,1.0,0.0,967.6677924260874,0.0,967.6677924260874
1668635133.723955,1207.03,0.0199999999999818,-0.88053703,-0.00257282,1.0,0.0,967.6677924260874,0.0,967.6677924260874
1668635194.6673012,1207.68,0.650000000000091,-0.78187344,0.09866359,0.0,1.0,0.0,0.8012617518101545,967.6677924260874
1668635254.6422963,1208.04,0.3599999999998999,-0.68415595,0.09771749,0.0,1.0,0.0,0.8012617518101545,967.9562466567388
1668635315.2141223,1208.14,0.1000000000001364,-0.60878857,0.0753673799999999,0.0,1.0,0.0,0.8012617518101545,968.03637283192
1668635375.3802755,1206.32,-1.820000000000164,-0.80571607,-0.1969275,1.0,0.0,966.5780764436256,0.0,966.5780764436256
1668635435.440156,1206.33,0.0099999999999909,-0.83690025,-0.03118418,1.0,0.0,966.5780764436256,0.0,966.5780764436256
1668635495.5341814,1207.46,1.1300000000001091,-0.69143945,0.1454608,0.0,1.0,0.0,0.800505256028047,966.5780764436256
1668635556.1849637,1207.96,0.5,-0.56954706,0.1218923899999999,0.0,1.0,0.0,0.800505256028047,966.9783290716396
1668635616.349521,1207.65,-0.3099999999999454,-0.54386978,0.02567728,0.0,1.0,0.0,0.800505256028047,966.730172442271
1668635676.1728752,1206.96,-0.6900000000000546,-0.59509458,-0.0512248,1.0,0.0,966.1778238156116,0.0,966.1778238156116
1668635737.220699,1207.35,0.3899999999998726,-0.53019025,0.06490433,0.0,1.0,0.0,0.8002466756248078,966.1778238156116
1668635797.1320765,1207.58,0.2300000000000182,-0.46515865,0.0650315999999999,0.0,1.0,0.0,0.8002466756248078,966.3618805510054
1668635857.7249367,1207.93,0.3500000000001364,-0.37380503,0.09135362,0.0,1.0,0.0,0.8002466756248078,966.6419668874742
1668635917.965483,1207.57,-0.3600000000001273,-0.37135302,0.00245201,0.0,1.0,0.0,0.8002466756248078,966.3538780842492
1668635978.0267622,1207.64,0.0700000000001637,-0.33156389,0.03978913,0.0,1.0,0.0,0.8002466756248078,966.4098953515428
1668636037.9408953,1207.22,-0.4200000000000727,-0.36036786,-0.02880397,1.0,0.0,966.0737917477804,0.0,966.0737917477804
1668636098.7900743,1207.85,0.6299999999998818,-0.26352926,0.0968386,0.0,1.0,0.0,0.7998292766053571,966.0737917477804
1668636158.9033904,1208.09,0.2400000000000091,-0.19072806,0.0728011999999999,0.0,1.0,0.0,0.7998292766053571,966.2657507741658
1668636218.700538,1209.01,0.9200000000000728,-0.01646293,0.17426513,0.0,1.0,0.0,0.7998292766053571,967.0015937086428
1668636279.9412358,1207.8,-1.2100000000000364,-0.10890685,-0.09244392,1.0,0.0,966.0338002839502,0.0,966.0338002839502
1668636339.817247,1207.35,-0.4500000000000455,-0.16684116,-0.0579343099999999,1.0,0.0,966.0338002839502,0.0,966.0338002839502
1668636400.5716789,1206.28,-1.0699999999999363,-0.33347215,-0.16663099,1.0,0.0,966.0338002839502,0.0,966.0338002839502
1668636460.425629,1206.94,0.6600000000000819,-0.30067454,0.03279761,0.0,1.0,0.0,0.8003991915786619,966.0338002839502
1668636520.6445022,1207.96,1.0199999999999818,-0.16922774,0.1314468,0.0,1.0,0.0,0.8003991915786619,966.8502074593604
1668636580.5597737,1208.76,0.7999999999999545,-0.01496424,0.1542635,0.0,1.0,0.0,0.8003991915786619,967.4905268126232
1668636641.3395753,1209.21,0.4500000000000455,0.15110174,0.16606598,0.0,1.0,0.0,0.8003991915786619,967.8507064488338
1668636701.3479517,1209.2,-0.0099999999999909,0.20699813,0.0558963899999999,0.0,1.0,0.0,0.8003991915786619,967.842702456918
1668636761.4366336,1209.06,-0.1400000000001,0.24791675,0.0409186199999999,0.0,1.0,0.0,0.8003991915786619,967.730646570097
1668636822.1703353,1209.04,-0.0199999999999818,0.26819121,0.02027446,0.0,1.0,0.0,0.8003991915786619,967.7146385862652
1668636882.992669,1208.83,-0.2100000000000363,0.28596032,0.0177691099999999,0.0,1.0,0.0,0.8003991915786619,967.546554756034
1668636942.2439826,1208.78,-0.0499999999999545,0.27643925,-0.0095210699999999,1.0,0.0,967.506534796455,0.0,967.506534796455
1668637003.151632,1208.39,-0.3899999999998726,0.23846828,-0.03797097,1.0,0.0,967.506534796455,0.0,967.506534796455
1668637063.2930102,1206.84,-1.550000000000182,0.04416857,-0.19429971,1.0,0.0,967.506534796455,0.0,967.506534796455
1668637123.143628,1206.24,-0.599999999999909,-0.12506829,-0.16923686,1.0,0.0,967.506534796455,0.0,967.506534796455
1668637183.781171,1208.19,1.9500000000000453,-0.06484892,0.0602193699999999,0.0,1.0,0.0,0.8007900535482456,967.506534796455
1668637244.146821,1207.65,-0.5399999999999636,-0.09676292,-0.031914,1.0,0.0,967.0741081675388,0.0,967.0741081675388
1668637304.0186377,1206.36,-1.290000000000191,-0.24747212,-0.1507092,1.0,0.0,967.0741081675388,0.0,967.0741081675388
1668637364.8965297,1203.82,-2.539999999999964,-0.77490059,-0.52742847,1.0,0.0,967.0741081675388,0.0,967.0741081675388
1668637424.6432047,1204.0,0.1800000000000636,-0.90206995,-0.12716936,1.0,0.0,967.0741081675388,0.0,967.0741081675388
1668637484.8060358,1203.5,-0.5,-1.01678295,-0.114713,1.0,0.0,967.0741081675388,0.0,967.0741081675388
1668637545.5225165,1203.89,0.3900000000001,-1.10816134,-0.09137839,1.0,0.0,967.0741081675388,0.0,967.0741081675388
1668637605.5729375,1204.17,0.2799999999999727,-1.11197365,-0.0038123099999998,1.0,0.0,967.0741081675388,0.0,967.0741081675388
1668637665.639172,1204.16,-0.0099999999999909,-1.13357455,-0.0216009000000001,1.0,0.0,967.0741081675388,0.0,967.0741081675388
1668637726.3768787,1204.29,0.1299999999998817,-1.12214613,0.0114284200000001,0.0,1.0,0.0,0.803024278344534,967.0741081675388
1668637786.5090563,1204.82,0.5299999999999727,-1.04635924,0.07578689,0.0,1.0,0.0,0.803024278344534,967.4997110350614
1668637846.3967726,1204.69,-0.1299999999998817,-1.01202106,0.0343381799999999,0.0,1.0,0.0,0.803024278344534,967.3953178788768
1668637907.1147883,1203.34,-1.3500000000001364,-1.10439977,-0.0923787099999999,1.0,0.0,966.3112351031116,0.0,966.3112351031116
1668637967.361873,1203.49,0.1500000000000909,-1.11341137,-0.0090116,1.0,0.0,966.3112351031116,0.0,966.3112351031116
1668638027.197668,1203.95,0.4600000000000364,-1.04577243,0.0676389399999999,0.0,1.0,0.0,0.8026174135994946,966.3112351031116
1668638088.3008373,1204.52,0.5699999999999363,-0.94801841,0.09775402,0.0,1.0,0.0,0.8026174135994946,966.7687270288632
1668638148.2148793,1204.75,0.2300000000000182,-0.84979742,0.0982209899999999,0.0,1.0,0.0,0.8026174135994946,966.953329033991
1668638208.3573325,1204.86,0.1099999999998999,-0.7550185,0.0947789199999999,0.0,1.0,0.0,0.8026174135994946,967.041616949487
1668638269.0390625,1206.24,1.3800000000001091,-0.5115768,0.2434416999999999,0.0,1.0,0.0,0.8026174135994946,968.1492289802544
1668638329.1286907,1205.49,-0.75,-0.45443552,0.05714128,0.0,1.0,0.0,0.8026174135994946,967.5472659200548
1668638388.9731455,1205.85,0.3599999999998999,-0.33347943,0.1209560899999999,0.0,1.0,0.0,0.8026174135994946,967.8362081889504
1668638449.8935254,1206.56,0.7100000000000364,-0.17478842,0.15869101,0.0,1.0,0.0,0.8026174135994946,968.406066552606
1668638509.928645,1205.93,-0.6299999999998818,-0.12916532,0.0456231,0.0,1.0,0.0,0.8026174135994946,967.9004175820386
1668638570.116712,1204.7,-1.2300000000000182,-0.20158877,-0.07242345,1.0,0.0,966.9131981633112,0.0,966.9131981633112
1668638630.631458,1206.19,1.490000000000009,-0.08446669,0.11712208,0.0,1.0,0.0,0.8016259446383333,966.9131981633112
1668638690.5712826,1206.51,0.3199999999999363,0.02412853,0.1085952199999999,0.0,1.0,0.0,0.8016259446383333,967.1697184655956
1668638750.5572398,1205.87,-0.6400000000001,0.01140654,-0.0127219899999999,1.0,0.0,966.6566778610268,0.0,966.6566778610268
1668638811.642372,1205.91,0.0400000000001909,0.03569526,0.02428872,0.0,1.0,0.0,0.8015993547288162,966.6566778610268
1668638871.7642276,1205.75,-0.1600000000000818,0.0390364,0.0033411399999999,0.0,1.0,0.0,0.8015993547288162,966.52842196427
1668638931.618114,1206.69,0.9400000000000546,0.11679273,0.07775633,0.0,1.0,0.0,0.8015993547288162,967.2819253577152
1668638992.612528,1207.87,1.1799999999998363,0.32776481,0.21097208,0.0,1.0,0.0,0.8015993547288162,968.227812596295
1668639052.4274569,1208.72,0.8500000000001364,0.56918866,0.24142385,0.0,1.0,0.0,0.8015993547288162,968.9091720478146
1668639112.6445837,1209.89,1.1700000000000728,0.81455822,0.24536956,0.0,1.0,0.0,0.8015993547288162,969.8470432928476
1668639173.3313162,1209.55,-0.3400000000001455,0.84104289,0.0264846699999999,0.0,1.0,0.0,0.8015993547288162,969.5744995122396
1668639233.3458714,1213.26,3.710000000000037,1.26892098,0.4278780900000001,0.0,1.0,0.0,0.8015993547288162,972.5484331182836
1668639293.7338486,1213.44,0.1800000000000636,1.52226119,0.2533402099999999,0.0,1.0,0.0,0.8015993547288162,972.6927210021348
1668639354.3510003,1212.74,-0.7000000000000455,1.70924254,0.1869813499999999,0.0,1.0,0.0,0.8015993547288162,972.1316014538244
1668639414.2959225,1212.37,-0.3700000000001182,1.82687761,0.1176350699999999,0.0,1.0,0.0,0.8015993547288162,971.8350096925748
1668639474.8885329,1213.75,1.3800000000001091,1.97209484,0.14521723,0.0,1.0,0.0,0.8015993547288162,972.9412168021006
1668639535.1387289,1213.04,-0.7100000000000364,2.03327708,0.0611822399999999,0.0,1.0,0.0,0.8015993547288162,972.3720812602432
1668639595.2482505,1213.23,0.1900000000000545,2.09378352,0.0605064400000001,0.0,1.0,0.0,0.8015993547288162,972.5243851376416
1668639655.07589,1215.86,2.6299999999998818,2.45026174,0.35647822,0.0,1.0,0.0,0.8015993547288162,974.6325914405784
1668639716.0376012,1218.77,2.910000000000082,2.86907013,0.4188083899999997,0.0,1.0,0.0,0.8015993547288162,976.9652455628392
1668639776.0525868,1218.45,-0.3199999999999363,3.06780346,0.19873333,0.0,1.0,0.0,0.8015993547288162,976.708733769326
1668639835.8965878,1219.88,1.4300000000000637,3.3464192,0.2786157400000002,0.0,1.0,0.0,0.8015993547288162,977.8550208465884
1668639896.9674656,1219.42,-0.4600000000000364,3.36488019,0.0184609899999999,0.0,1.0,0.0,0.8015993547288162,977.486285143413
1668639956.942309,1214.72,-4.7000000000000455,2.90572171,-0.4591584800000001,1.0,0.0,973.7187681761876,0.0,973.7187681761876
1668640017.4154837,1215.82,1.099999999999909,2.75673699,-0.14898472,1.0,0.0,973.7187681761876,0.0,973.7187681761876
1668640077.7494004,1217.41,1.5900000000001455,2.71004217,-0.0466948199999999,1.0,0.0,973.7187681761876,0.0,973.7187681761876
1668640137.6462824,1215.86,-1.550000000000182,2.45078716,-0.2592550099999999,1.0,0.0,973.7187681761876,0.0,973.7187681761876
1668640197.7594783,1217.44,1.5800000000001546,2.4510906,0.0003034400000001,0.0,1.0,0.0,0.7998084243791789,973.7187681761876
1668640258.6599312,1217.49,0.0499999999999545,2.37963922,-0.07145138,1.0,0.0,973.7587585974064,0.0,973.7587585974064
1668640318.3531709,1216.01,-1.4800000000000182,2.05258784,-0.3270513799999999,1.0,0.0,973.7587585974064,0.0,973.7587585974064
1668640378.5327232,1215.9,-0.1099999999998999,1.92716071,-0.12542713,1.0,0.0,973.7587585974064,0.0,973.7587585974064
1668640439.1826549,1215.03,-0.8700000000001182,1.62466066,-0.3025000500000001,1.0,0.0,973.7587585974064,0.0,973.7587585974064
1668640499.2941496,1213.94,-1.089999999999918,1.30032011,-0.32434055,1.0,0.0,973.7587585974064,0.0,973.7587585974064
1668640560.278694,1213.48,-0.4600000000000364,1.05506349,-0.2452566199999999,1.0,0.0,973.7587585974064,0.0,973.7587585974064
1668640620.4175744,1212.85,-0.6300000000001091,0.78867422,-0.26638927,1.0,0.0,973.7587585974064,0.0,973.7587585974064
1668640680.1714664,1211.87,-0.9800000000000182,0.44652568,-0.34214854,1.0,0.0,973.7587585974064,0.0,973.7587585974064
1668640740.3339915,1211.46,-0.4099999999998545,0.12217238,-0.3243532999999999,1.0,0.0,973.7587585974064,0.0,973.7587585974064
1668640800.8813877,1213.86,2.399999999999864,0.20680893,0.08463655,0.0,1.0,0.0,0.8022002196278043,973.7587585974064
1668640860.830042,1216.0,2.1400000000001,0.42908882,0.2222798899999999,0.0,1.0,0.0,0.8022002196278043,975.47546706741
1668640920.9216504,1215.02,-0.9800000000000182,0.43712158,0.00803276,0.0,1.0,0.0,0.8022002196278043,974.6893108521748
1668640981.7113545,1214.67,-0.349999999999909,0.44261313,0.00549155,0.0,1.0,0.0,0.8022002196278043,974.4085407753053
1668641042.283047,1215.23,0.5599999999999454,0.43256031,-0.01005282,1.0,0.0,974.8577728982966,0.0,974.8577728982966
1668641101.5760252,1214.77,-0.4600000000000364,0.42656374,-0.0059965699999999,1.0,0.0,974.8577728982966,0.0,974.8577728982966
1668641162.609975,1216.2,1.4300000000000637,0.5043492,0.07778546,0.0,1.0,0.0,0.8015604118552019,974.8577728982966
1668641222.868492,1216.18,-0.0199999999999818,0.55439924,0.0500500399999999,0.0,1.0,0.0,0.8015604118552019,974.8417416900596
1668641282.49868,1216.47,0.2899999999999636,0.68453668,0.13013744,0.0,1.0,0.0,0.8015604118552019,975.0741942094976
1668641343.5083654,1217.32,0.849999999999909,0.78402019,0.09948351,0.0,1.0,0.0,0.8015604118552019,975.7555205595744
1668641403.3692598,1217.48,0.1600000000000818,0.88182363,0.0978034399999999,0.0,1.0,0.0,0.8015604118552019,975.8837702254712
1668641463.2523785,1216.81,-0.6700000000000728,0.85408583,-0.0277377999999999,1.0,0.0,975.346724749528,0.0,975.346724749528
1668641524.481201,1217.08,0.2699999999999818,0.8673295,0.0132436699999999,0.0,1.0,0.0,0.8013825917355705,975.346724749528
1668641584.649955,1218.38,1.300000000000182,0.98204103,0.11471153,0.0,1.0,0.0,0.8013825917355705,976.3885221187844
1668641644.2143736,1218.33,-0.0500000000001819,1.03568494,0.0536439100000001,0.0,1.0,0.0,0.8013825917355705,976.3484529891977
1668641705.0102773,1218.48,0.1500000000000909,1.09778572,0.0621007799999999,0.0,1.0,0.0,0.8013825917355705,976.468660377958
1668641765.4019828,1217.05,-1.4300000000000637,0.95940621,-0.13837951,1.0,0.0,975.322683271776,0.0,975.322683271776
1668641824.9088876,1216.71,-0.3399999999999181,0.86546924,-0.09393697,1.0,0.0,975.322683271776,0.0,975.322683271776
1668641885.8748252,1216.95,0.2400000000000091,0.7913362,-0.0741330399999999,1.0,0.0,975.322683271776,0.0,975.322683271776
1668641945.856939,1216.94,-0.0099999999999909,0.73901838,-0.05231782,1.0,0.0,975.322683271776,0.0,975.322683271776
1668642005.9196556,1215.8,-1.1400000000001,0.57090546,-0.16811292,1.0,0.0,975.322683271776,0.0,975.322683271776
1668642066.5900214,1216.49,0.6900000000000546,0.56138597,-0.0095194899999999,1.0,0.0,975.322683271776,0.0,975.322683271776
1668642127.0807729,1216.27,-0.2200000000000272,0.47259891,-0.08878706,1.0,0.0,975.322683271776,0.0,975.322683271776
1668642186.59453,1214.1,-2.1700000000000728,0.15814579,-0.31445312,1.0,0.0,975.322683271776,0.0,975.322683271776
1668642247.9399617,1215.14,1.040000000000191,0.04392833,-0.11421746,1.0,0.0,975.322683271776,0.0,975.322683271776
1668642307.9681964,1214.79,-0.3500000000001364,-0.07669501,-0.12062334,1.0,0.0,975.322683271776,0.0,975.322683271776
1668642367.9855702,1215.73,0.9400000000000546,-0.04689109,0.0298039199999999,0.0,1.0,0.0,0.802252706827812,975.322683271776
1668642428.611328,1213.64,-2.089999999999918,-0.25593145,-0.20904036,1.0,0.0,973.645975114506,0.0,973.645975114506
1668642488.6226103,1215.39,1.75,-0.18659706,0.06933439,0.0,1.0,0.0,0.8010975695986522,973.645975114506
1668642549.0553443,1214.33,-1.0600000000001728,-0.31021095,-0.1236138899999999,1.0,0.0,972.7968116907311,0.0,972.7968116907311
1668642609.5264137,1214.91,0.5800000000001546,-0.28260253,0.0276084199999999,0.0,1.0,0.0,0.800715124322568,972.7968116907311
1668642669.4109516,1215.16,0.25,-0.2855785,-0.0029759699999999,1.0,0.0,972.9969904718116,0.0,972.9969904718116
1668642729.85242,1215.97,0.8099999999999454,-0.19628137,0.08929713,0.0,1.0,0.0,0.8001817400690902,972.9969904718116
1668642790.1797187,1216.68,0.7100000000000364,-0.05511705,0.14116432,0.0,1.0,0.0,0.8001817400690902,973.5651195072606
1668642850.5489454,1216.45,-0.2300000000000182,0.03266235,0.0877794,0.0,1.0,0.0,0.8001817400690902,973.3810777070448
1668642910.4994397,1216.94,0.4900000000000091,0.13574015,0.1030778,0.0,1.0,0.0,0.8001817400690902,973.7731667596786
1668642971.3336542,1216.62,-0.3200000000001637,0.18877289,0.0530327399999999,0.0,1.0,0.0,0.8001817400690902,973.5171086028564
1668643031.139814,1216.36,-0.2599999999999909,0.17537647,-0.0133964199999999,1.0,0.0,973.3090613504384,0.0,973.3090613504384
1668643091.2525983,1216.04,-0.3199999999999363,0.17968197,0.0043054999999999,0.0,1.0,0.0,0.8003923072846604,973.3090613504384
1668643152.589413,1217.32,1.2799999999999727,0.34688063,0.16719866,0.0,1.0,0.0,0.8003923072846604,974.3335635037628
1668643212.143891,1216.91,-0.4099999999998545,0.31417407,-0.0327065599999999,1.0,0.0,974.005402657776,0.0,974.005402657776
1668643272.1808963,1217.19,0.2799999999999727,0.35609527,0.0419211999999999,0.0,1.0,0.0,0.8002081866083158,974.005402657776
1668643332.85569,1216.89,-0.2999999999999545,0.34218755,-0.01390772,1.0,0.0,973.7653402017936,0.0,973.7653402017936
1668643392.88739,1217.27,0.3799999999998817,0.4004842,0.05829665,0.0,1.0,0.0,0.7999583824474387,973.7653402017936
1668643452.8752055,1217.84,0.5699999999999363,0.4984211,0.0979369,0.0,1.0,0.0,0.7999583824474387,974.2213164797886
1668643513.9361336,1218.04,0.2000000000000454,0.56212007,0.0636989699999999,0.0,1.0,0.0,0.7999583824474387,974.381308156278
1668643574.0336764,1217.74,-0.2999999999999545,0.551328,-0.0107920699999999,1.0,0.0,974.141320641544,0.0,974.141320641544
1668643633.7685063,1217.84,0.099999999999909,0.56885083,0.0175228299999999,0.0,1.0,0.0,0.7998926957905341,974.141320641544
1668643694.610709,1218.11,0.2699999999999818,0.60739894,0.03854811,0.0,1.0,0.0,0.7998926957905341,974.3572916694076
1668643754.5259264,1219.55,1.4400000000000546,0.81860654,0.2112075999999999,0.0,1.0,0.0,0.7998926957905341,975.5091371513458
1668643814.7143214,1218.61,-0.9400000000000546,0.75124873,-0.0673578099999999,1.0,0.0,974.7572380173028,0.0,974.7572380173028
1668643875.3454547,1218.43,-0.1799999999998363,0.72383446,-0.02741427,1.0,0.0,974.7572380173028,0.0,974.7572380173028
1668643935.5080774,1219.2,0.7699999999999818,0.81296534,0.08913088,0.0,1.0,0.0,0.7995056086099924,974.7572380173028
1668643995.1605732,1218.6,-0.6000000000001364,0.74121555,-0.07174979,1.0,0.0,974.2775346521368,0.0,974.2775346521368
1668644056.2662716,1217.98,-0.6199999999998909,0.62702529,-0.1141902599999999,1.0,0.0,974.2775346521368,0.0,974.2775346521368
1668644116.3965714,1218.31,0.3299999999999272,0.61457281,-0.0124524799999999,1.0,0.0,974.2775346521368,0.0,974.2775346521368
1668644176.23673,1218.06,-0.25,0.54185654,-0.0727162699999999,1.0,0.0,974.2775346521368,0.0,974.2775346521368
1668644237.8084972,1216.8,-1.259999999999991,0.31622734,-0.2256292,1.0,0.0,974.2775346521368,0.0,974.2775346521368
1668644296.9769351,1216.6,-0.2000000000000454,0.18633454,-0.1298928,1.0,0.0,974.2775346521368,0.0,974.2775346521368
1668644356.906361,1216.28,-0.3199999999999363,0.05033211,-0.13600243,1.0,0.0,974.2775346521368,0.0,974.2775346521368
1668644417.7743738,1217.03,0.75,0.06922561,0.0188935,0.0,1.0,0.0,0.8005369914070621,974.2775346521368
1668644477.7838192,1216.67,-0.3599999999998999,-0.01390989,-0.0831355,1.0,0.0,973.9893413352304,0.0,973.9893413352304
1668644537.7409227,1215.17,-1.5,-0.26843903,-0.25452914,1.0,0.0,973.9893413352304,0.0,973.9893413352304
1668644598.5211115,1214.96,-0.2100000000000363,-0.4013592,-0.13292017,1.0,0.0,973.9893413352304,0.0,973.9893413352304
1668644658.4240065,1216.1,1.139999999999873,-0.326031,0.0753282,0.0,1.0,0.0,0.8009122122648059,973.9893413352304
1668644719.7938485,1215.5,-0.599999999999909,-0.41998963,-0.0939586299999999,1.0,0.0,973.5087940078716,0.0,973.5087940078716
1668644779.634963,1216.6,1.099999999999909,-0.29643522,0.12355441,0.0,1.0,0.0,0.8001880601741507,973.5087940078716
1668644839.535891,1216.73,0.1300000000001091,-0.24661837,0.0498168499999999,0.0,1.0,0.0,0.8001880601741507,973.6128184556944
1668644899.474672,1216.26,-0.4700000000000273,-0.27871792,-0.03209955,1.0,0.0,973.2367300674124,0.0,973.2367300674124
1668644960.3447714,1216.35,0.0899999999999181,-0.25797758,0.02074034,0.0,1.0,0.0,0.8001288527705122,973.2367300674124
1668645020.430763,1215.8,-0.5499999999999545,-0.32278742,-0.06480984,1.0,0.0,972.7966591983886,0.0,972.7966591983886
1668645080.35696,1216.04,0.2400000000000091,-0.30158416,0.02120326,0.0,1.0,0.0,0.7999709377967736,972.7966591983886
1668645141.1039016,1215.17,-0.8699999999998909,-0.41952031,-0.11793615,1.0,0.0,972.1006844825056,0.0,972.1006844825056
1668645201.0997283,1215.18,0.0099999999999909,-0.45073547,-0.03121516,1.0,0.0,972.1006844825056,0.0,972.1006844825056
1668645261.071956,1216.06,0.8799999999998818,-0.34690621,0.10382926,0.0,1.0,0.0,0.7993854616404664,972.1006844825056
1668645322.3649995,1215.76,-0.2999999999999545,-0.35839755,-0.01149134,1.0,0.0,971.8608688440136,0.0,971.8608688440136
1668645382.2357793,1216.27,0.5099999999999909,-0.27309671,0.0853008399999999,0.0,1.0,0.0,0.7990502674932487,971.8608688440136
1668645442.1179118,1217.3,1.0299999999999727,-0.08880883,0.18428788,0.0,1.0,0.0,0.7990502674932487,972.6838906195316
1668645502.896028,1218.25,0.9500000000000456,0.12588322,0.21469205,0.0,1.0,0.0,0.7990502674932487,973.4429883736502
1668645562.9596202,1218.23,-0.0199999999999818,0.229837,0.10395378,0.0,1.0,0.0,0.7990502674932487,973.4270073683005
1668645622.7304423,1217.28,-0.9500000000000456,0.17624367,-0.05359333,1.0,0.0,972.6679096141818,0.0,972.6679096141818
1668645683.5406466,1218.3,1.0199999999999818,0.33519447,0.1589508,0.0,1.0,0.0,0.7983812768728407,972.6679096141818
1668645743.903084,1219.82,1.5199999999999818,0.60765519,0.27246072,0.0,1.0,0.0,0.7983812768728407,973.8814491550283
1668645803.8273306,1220.0,0.1800000000000636,0.74464274,0.1369875499999999,0.0,1.0,0.0,0.7983812768728407,974.0251577848657
1668645865.075077,1219.19,-0.8099999999999454,0.71711378,-0.0275289599999999,1.0,0.0,973.3784689505986,0.0,973.3784689505986
1668645925.5120687,1219.0,-0.1900000000000545,0.71237988,-0.0047339,1.0,0.0,973.3784689505986,0.0,973.3784689505986
1668645985.487888,1218.6,-0.4000000000000909,0.65587352,-0.0565063599999999,1.0,0.0,973.3784689505986,0.0,973.3784689505986
1668646046.208124,1218.48,-0.1199999999998908,0.61092321,-0.0449503099999999,1.0,0.0,973.3784689505986,0.0,973.3784689505986
1668646106.3673685,1217.79,-0.6900000000000546,0.47932846,-0.13159475,1.0,0.0,973.3784689505986,0.0,973.3784689505986
1668646166.2355623,1219.63,1.8400000000001453,0.67399635,0.19466789,0.0,1.0,0.0,0.7980932487316633,973.3784689505986
1668646226.836293,1225.69,6.059999999999945,1.55987478,0.8858784299999999,0.0,1.0,0.0,0.7980932487316633,978.2149140379124
1668646287.2648115,1222.72,-2.970000000000028,1.4381942,-0.1216805799999998,1.0,0.0,975.8445770891794,0.0,975.8445770891794
1668646346.806945,1223.55,0.8299999999999272,1.62942509,0.1912308899999999,0.0,1.0,0.0,0.7975518590079519,975.8445770891796
1668646407.580031,1222.67,-0.8799999999998818,1.58379145,-0.0456336399999999,1.0,0.0,975.1427314532526,0.0,975.1427314532526
1668646467.3624773,1220.67,-2.0,1.30288925,-0.2809022000000001,1.0,0.0,975.1427314532526,0.0,975.1427314532526
1668646527.3523946,1220.08,-0.5900000000001455,1.10955657,-0.1933326799999999,1.0,0.0,975.1427314532526,0.0,975.1427314532526
1668646589.834315,1221.43,1.3500000000001364,1.17315463,0.0635980599999999,0.0,1.0,0.0,0.7983615364394624,975.1427314532526
1668646648.5733736,1221.3,-0.1300000000001091,1.10624554,-0.06690909,1.0,0.0,975.0389444535152,0.0,975.0389444535152
1668646708.5904214,1221.54,0.2400000000000091,1.08450994,-0.0217355999999999,1.0,0.0,975.0389444535152,0.0,975.0389444535152
1668646769.3606153,1222.68,1.1400000000001,1.20003399,0.1155240500000001,0.0,1.0,0.0,0.7974604511838872,975.0389444535152
1668646829.2346134,1223.41,0.7300000000000182,1.31005478,0.1100207899999998,0.0,1.0,0.0,0.7974604511838872,975.6210905828794
1668646889.1974776,1222.91,-0.5,1.26439314,-0.04566164,1.0,0.0,975.2223603572876,0.0,975.2223603572876
1668646950.0785816,1222.51,-0.4000000000000909,1.18829816,-0.0760949799999999,1.0,0.0,975.2223603572876,0.0,975.2223603572876
1668647009.9153256,1222.94,0.4300000000000636,1.20216429,0.01386613,0.0,1.0,0.0,0.7974408886431775,975.2223603572876
1668647071.0828228,1222.96,0.0199999999999818,1.17465566,-0.02750863,1.0,0.0,975.2383091750604,0.0,975.2383091750604
1668647131.1649685,1223.38,0.4200000000000727,1.19783918,0.0231835199999999,0.0,1.0,0.0,0.7971671182911771,975.2383091750604
1668647191.3040452,1224.7,1.3199999999999363,1.36331692,0.16547774,0.0,1.0,0.0,0.7971671182911771,976.2905697712048
1668647251.2781858,1224.82,0.1199999999998908,1.41188343,0.0485665100000001,0.0,1.0,0.0,0.7971671182911771,976.3862298253996
1668647312.004747,1226.69,1.8700000000001185,1.69006719,0.2781837599999999,0.0,1.0,0.0,0.7971671182911771,977.876932336604
1668647372.3999455,1225.54,-1.150000000000091,1.60931649,-0.0807506999999998,1.0,0.0,976.9601901505692,0.0,976.9601901505692
1668647431.984929,1224.66,-0.8799999999998818,1.47457001,-0.13474648,1.0,0.0,976.9601901505692,0.0,976.9601901505692
1668647493.168967,1226.29,1.6299999999998818,1.6388565,0.1642864899999998,0.0,1.0,0.0,0.7966795702081638,976.9601901505692
1668647553.9702358,1225.78,-0.5099999999999909,1.57491642,-0.0639400799999998,1.0,0.0,976.553883569763,0.0,976.553883569763
1668647612.7843182,1226.72,0.9400000000000546,1.67100364,0.0960872199999998,0.0,1.0,0.0,0.7960690977319707,976.5538835697632
1668647674.048714,1226.15,-0.5699999999999363,1.58730083,-0.0837028099999999,1.0,0.0,976.100124184056,0.0,976.100124184056
1668647733.9334242,1227.0,0.849999999999909,1.66004062,0.0727397899999999,0.0,1.0,0.0,0.7955176236218875,976.100124184056
1668647793.664413,1227.0,0.0,1.64498808,-0.0150525399999998,1.0,0.0,976.100124184056,0.0,976.100124184056
1668647854.6473053,1227.47,0.4700000000000273,1.68027294,0.0352848599999999,0.0,1.0,0.0,0.795213018798061,976.100124184056
1668647914.5368383,1226.9,-0.5699999999999363,1.57944298,-0.10082996,1.0,0.0,975.6468527633411,0.0,975.6468527633411
1668647974.6962123,1225.32,-1.5800000000001546,1.29471777,-0.2847252099999999,1.0,0.0,975.6468527633411,0.0,975.6468527633411
1668648035.8213294,1225.22,-0.099999999999909,1.1408849,-0.15383287,1.0,0.0,975.6468527633411,0.0,975.6468527633411
1668648095.024115,1225.17,-0.0499999999999545,1.00654994,-0.1343349600000001,1.0,0.0,975.6468527633411,0.0,975.6468527633411
1668648155.2841966,1223.48,-1.6900000000000546,0.65467847,-0.3518714699999999,1.0,0.0,975.6468527633411,0.0,975.6468527633411
1668648216.2116635,1223.77,0.2899999999999636,0.51753833,-0.1371401399999999,1.0,0.0,975.6468527633411,0.0,975.6468527633411
1668648276.0651507,1224.09,0.3199999999999363,0.43193061,-0.08560772,1.0,0.0,975.6468527633411,0.0,975.6468527633411
1668648335.9426494,1223.35,-0.7400000000000091,0.23471277,-0.19721784,1.0,0.0,975.6468527633411,0.0,975.6468527633411
1668648396.78471,1222.6,-0.75,0.01775943,-0.21695334,1.0,0.0,975.6468527633411,0.0,975.6468527633411
1668648457.02502,1222.76,0.1600000000000818,-0.08291894,-0.1006783699999999,1.0,0.0,975.6468527633411,0.0,975.6468527633411
1668648517.9473157,1222.53,-0.2300000000000182,-0.20274136,-0.11982242,1.0,0.0,975.6468527633411,0.0,975.6468527633411
1668648577.6283083,1222.63,0.1000000000001364,-0.26641365,-0.0636722899999999,1.0,0.0,975.6468527633411,0.0,975.6468527633411
1668648637.7400043,1223.04,0.4099999999998545,-0.26092962,0.00548403,0.0,1.0,0.0,0.7977227668460076,975.6468527633411
1668648697.5439184,1222.18,-0.8599999999999,-0.400856,-0.13992638,1.0,0.0,974.9608111838536,0.0,974.9608111838536
1668648758.2839575,1221.99,-0.1900000000000545,-0.47841017,-0.07755417,1.0,0.0,974.9608111838536,0.0,974.9608111838536
1668648818.2764273,1221.25,-0.7400000000000091,-0.62646245,-0.1480522799999999,1.0,0.0,974.9608111838536,0.0,974.9608111838536
1668648878.288592,1221.65,0.4000000000000909,-0.63253312,-0.0060706699999999,1.0,0.0,974.9608111838536,0.0,974.9608111838536
1668648939.2338357,1221.83,0.1799999999998363,-0.63087644,0.0016566799999999,0.0,1.0,0.0,0.7979512789699497,974.9608111838536
1668649000.0546403,1222.38,0.5500000000001819,-0.55588045,0.07499599,0.0,1.0,0.0,0.7979512789699497,975.3996843872872
1668649059.187485,1224.08,1.699999999999818,-0.28422157,0.27165888,0.0,1.0,0.0,0.7979512789699497,976.756201561536
1668649119.9810398,1222.51,-1.5699999999999363,-0.39633268,-0.11211111,1.0,0.0,975.5034180535532,0.0,975.5034180535532
1668649180.208808,1222.72,0.2100000000000363,-0.35184208,0.0444905999999999,0.0,1.0,0.0,0.79781423224741,975.5034180535532
1668649240.1068132,1222.76,0.0399999999999636,-0.31982966,0.0320124199999999,0.0,1.0,0.0,0.79781423224741,975.535330622843
1668649300.8079853,1223.01,0.25,-0.25888828,0.0609413799999999,0.0,1.0,0.0,0.79781423224741,975.7347841809049
1668649360.4042912,1222.94,-0.0699999999999363,-0.23432804,0.02456024,0.0,1.0,0.0,0.79781423224741,975.6789371846476
1668649420.2919526,1222.72,-0.2200000000000272,-0.23789916,-0.00357112,1.0,0.0,975.5034180535532,0.0,975.5034180535532
1668649481.801875,1222.71,-0.0099999999999909,-0.22627469,0.0116244699999999,0.0,1.0,0.0,0.7978207572143462,975.5034180535532
1668649540.424872,1222.05,-0.6600000000000819,-0.30787871,-0.08160402,1.0,0.0,974.9768563537916,0.0,974.9768563537916
1668649600.0697162,1221.08,-0.9700000000000272,-0.46293595,-0.1550572399999999,1.0,0.0,974.9768563537916,0.0,974.9768563537916
1668649660.127835,1220.73,-0.349999999999909,-0.56862127,-0.1056853199999999,1.0,0.0,974.9768563537916,0.0,974.9768563537916
1668649720.048443,1220.64,-0.0899999999999181,-0.63579095,-0.06716968,1.0,0.0,974.9768563537916,0.0,974.9768563537916
1668649780.743442,1220.53,-0.1100000000001273,-0.69171212,-0.05592117,1.0,0.0,974.9768563537916,0.0,974.9768563537916
1668649839.9476404,1220.08,-0.4500000000000455,-0.78313951,-0.09142739,1.0,0.0,974.9768563537916,0.0,974.9768563537916
1668649900.3136413,1219.43,-0.6499999999998636,-0.91146364,-0.1283241299999999,1.0,0.0,974.9768563537916,0.0,974.9768563537916
1668649960.0898652,1218.48,-0.9500000000000456,-1.09403514,-0.1825714999999999,1.0,0.0,974.9768563537916,0.0,974.9768563537916
1668650020.478432,1219.07,0.5899999999999181,-1.08244537,0.0115897699999998,0.0,1.0,0.0,0.7997710191816645,974.9768563537916
1668650079.9570096,1219.46,0.3900000000001,-1.04214785,0.0402975199999999,0.0,1.0,0.0,0.7997710191816645,975.2887670512728
1668650140.2066042,1219.68,0.2200000000000272,-0.99197444,0.05017341,0.0,1.0,0.0,0.7997710191816645,975.4647166754926
1668650200.0818746,1219.24,-0.4400000000000545,-1.01669371,-0.0247192699999999,1.0,0.0,975.1128174270526,0.0,975.1128174270526
1668650260.1261237,1218.61,-0.6300000000001091,-1.086658,-0.0699642899999999,1.0,0.0,975.1128174270526,0.0,975.1128174270526
1668650319.8812926,1218.62,0.0099999999999909,-1.08891735,-0.0022593500000001,1.0,0.0,975.1128174270526,0.0,975.1128174270526
1668650380.0538917,1219.02,0.4000000000000909,-1.0223491,0.06656825,0.0,1.0,0.0,0.7999153561279164,975.1128174270526
1668650440.0838308,1219.22,0.2000000000000454,-0.95526199,0.06708711,0.0,1.0,0.0,0.7999153561279164,975.2728004982782
1668650500.18731,1219.97,0.75,-0.79828363,0.1569783599999999,0.0,1.0,0.0,0.7999153561279164,975.8727370153742
1668650560.143926,1220.0,0.0299999999999727,-0.70759048,0.09069315,0.0,1.0,0.0,0.7999153561279164,975.896734476058
1668650620.374767,1220.01,0.0099999999999909,-0.63017314,0.07741734,0.0,1.0,0.0,0.7999153561279164,975.9047336296192
1668650680.256035,1218.09,-1.9200000000000728,-0.83436896,-0.20419582,1.0,0.0,974.3688961458536,0.0,974.3688961458536
1668650740.315961,1218.85,0.7599999999999909,-0.75616754,0.07820142,0.0,1.0,0.0,0.7994165780414765,974.3688961458536
1668650800.2237492,1218.69,-0.1599999999998544,-0.75702394,-0.0008563999999999,1.0,0.0,974.240989493367,0.0,974.240989493367
1668650860.3758335,1218.93,0.2400000000000091,-0.70452503,0.0524989099999999,0.0,1.0,0.0,0.7992591777160025,974.240989493367
1668650920.4550493,1219.56,0.6299999999998818,-0.58254704,0.1219779899999999,0.0,1.0,0.0,0.7992591777160025,974.744522775328
1668650980.326293,1218.76,-0.7999999999999545,-0.6315653,-0.0490182599999999,1.0,0.0,974.1051154331552,0.0,974.1051154331552
1668651040.388792,1217.77,-0.9900000000000092,-0.75396276,-0.1223974599999999,1.0,0.0,974.1051154331552,0.0,974.1051154331552
1668651100.2228568,1218.06,0.2899999999999636,-0.73715552,0.01680724,0.0,1.0,0.0,0.7997184994443256,974.1051154331552
1668651160.477425,1217.83,-0.2300000000000182,-0.76685004,-0.02969452,1.0,0.0,973.921180178283,0.0,973.921180178283
1668651220.0529504,1216.45,-1.3799999999998818,-0.9620813,-0.19523126,1.0,0.0,973.921180178283,0.0,973.921180178283
1668651280.0616703,1216.97,0.5199999999999818,-0.94493449,0.01714681,0.0,1.0,0.0,0.8002836390200933,973.921180178283
1668651340.0928018,1217.24,0.2699999999999818,-0.91443876,0.0304957299999999,0.0,1.0,0.0,0.8002836390200933,974.1372567608184
1668651400.1404257,1216.81,-0.4300000000000636,-0.95778587,-0.04334711,1.0,0.0,973.7931347960396,0.0,973.7931347960396
1668651460.3371527,1217.49,0.6800000000000637,-0.85844698,0.09933889,0.0,1.0,0.0,0.7998366596818368,973.7931347960396
1668651520.4659605,1217.37,-0.1200000000001182,-0.83028855,0.0281584299999999,0.0,1.0,0.0,0.7998366596818368,973.6971543968776
1668651580.0888202,1216.93,-0.4399999999998272,-0.85222378,-0.0219352299999999,1.0,0.0,973.3452262666176,0.0,973.3452262666176
1668651640.21692,1216.72,-0.2100000000000363,-0.86189299,-0.0096692099999999,1.0,0.0,973.3452262666176,0.0,973.3452262666176
1668651700.336572,1216.98,0.2599999999999909,-0.81039229,0.0515006999999999,0.0,1.0,0.0,0.799803798145095,973.3452262666176
1668651760.37559,1216.87,-0.1100000000001273,-0.79199134,0.0184009499999999,0.0,1.0,0.0,0.799803798145095,973.2572478488216
1668651819.954579,1216.12,-0.75,-0.86832102,-0.0763296799999999,1.0,0.0,972.6573950002128,0.0,972.6573950002128
1668651880.2989922,1216.17,0.0500000000001819,-0.86428533,0.00403569,0.0,1.0,0.0,0.7997709160727634,972.6573950002128
1668651940.1765437,1215.55,-0.6200000000001182,-0.94204378,-0.07775845,1.0,0.0,972.1615370322476,0.0,972.1615370322476
1668652000.2033172,1216.27,0.7200000000000273,-0.85231532,0.08972846,0.0,1.0,0.0,0.7992974726271697,972.1615370322476
1668652060.3904064,1216.9,0.6300000000001091,-0.72823443,0.12408089,0.0,1.0,0.0,0.7992974726271697,972.6650944400028
1668652120.19649,1216.66,-0.2400000000000091,-0.69539778,0.03283665,0.0,1.0,0.0,0.7992974726271697,972.4732630465724
1668652180.3418808,1215.59,-1.0700000000001637,-0.79800427,-0.10260649,1.0,0.0,971.6180147508612,0.0,971.6180147508612
1668652240.156054,1216.1,0.5099999999999909,-0.73094649,0.0670577799999999,0.0,1.0,0.0,0.7989622685230338,971.6180147508612
1668652300.2212763,1216.55,0.4500000000000455,-0.63709919,0.0938472999999999,0.0,1.0,0.0,0.7989622685230338,971.9775477716968
1668652360.2886078,1217.23,0.6800000000000637,-0.48955089,0.1475483,0.0,1.0,0.0,0.7989622685230338,972.5208421142923
1668652420.258155,1217.2,-0.0299999999999727,-0.41448698,0.07506391,0.0,1.0,0.0,0.7989622685230338,972.4968732462368
1668652481.4922216,1217.2,0.0,-0.34846184,0.0660251399999999,0.0,1.0,0.0,0.7989622685230338,972.4968732462368
1668652540.5087578,1216.24,-0.9600000000000364,-0.42971055,-0.08124871,1.0,0.0,971.7298694684546,0.0,971.7298694684546
1668652600.763718,1216.55,0.3099999999999454,-0.38463899,0.04507156,0.0,1.0,0.0,0.7987586777924908,971.7298694684546
1668652660.5021217,1216.47,-0.0799999999999272,-0.3743861,0.01025289,0.0,1.0,0.0,0.7987586777924908,971.6659687742311
1668652720.1533313,1216.85,0.3799999999998817,-0.30399399,0.07039211,0.0,1.0,0.0,0.7987586777924908,971.9694970717924
1668652780.5190012,1216.78,-0.0699999999999363,-0.27964025,0.02435374,0.0,1.0,0.0,0.7987586777924908,971.9135839643468
1668652840.3499136,1217.43,0.650000000000091,-0.16048732,0.1191529299999999,0.0,1.0,0.0,0.7987586777924908,972.432777104912
1668652900.2759266,1217.84,0.4099999999998545,-0.04797102,0.1125162999999999,0.0,1.0,0.0,0.7987586777924908,972.7602681628068
1668652960.9126031,1217.61,-0.2300000000000182,-0.01802461,0.02994641,0.0,1.0,0.0,0.7987586777924908,972.5765536669146
1668653020.8246465,1218.05,0.4400000000000545,0.08345836,0.1014829699999999,0.0,1.0,0.0,0.7987586777924908,972.9280074851432
1668653080.2050295,1217.72,-0.3299999999999272,0.08724232,0.00378396,0.0,1.0,0.0,0.7987586777924908,972.6644171214718
1668653140.3729875,1217.35,-0.3700000000001182,0.05753346,-0.0297088599999999,1.0,0.0,972.3688764106886,0.0,972.3688764106886
1668653200.6454122,1217.9,0.5500000000001819,0.13509173,0.0775582699999999,0.0,1.0,0.0,0.7983979607608904,972.3688764106884
1668653260.304323,1216.25,-1.650000000000091,-0.07393058,-0.20902231,1.0,0.0,971.051519775433,0.0,971.051519775433
1668653320.4941225,1214.84,-1.410000000000082,-0.33304893,-0.25911835,1.0,0.0,971.051519775433,0.0,971.051519775433
1668653380.216242,1215.38,0.540000000000191,-0.36719052,-0.03414159,1.0,0.0,971.051519775433,0.0,971.051519775433
1668653441.1256227,1213.17,-2.2100000000000364,-0.73715685,-0.3699663299999999,1.0,0.0,971.051519775433,0.0,971.051519775433
1668653500.2474113,1212.71,-0.4600000000000364,-0.94489373,-0.20773688,1.0,0.0,971.051519775433,0.0,971.051519775433
1668653560.4706264,1213.98,1.2699999999999818,-0.89784096,0.0470527699999999,0.0,1.0,0.0,0.7998908711638025,971.051519775433
1668653620.2333975,1213.0,-0.9800000000000182,-1.05866322,-0.1608222599999998,1.0,0.0,970.2676267216924,0.0,970.2676267216924
1668653680.4869654,1212.11,-0.8900000000001,-1.23840303,-0.17973981,1.0,0.0,970.2676267216924,0.0,970.2676267216924
1668653740.4152255,1210.73,-1.3799999999998818,-1.50332676,-0.26492373,1.0,0.0,970.2676267216924,0.0,970.2676267216924
1668653800.025717,1210.94,0.2100000000000363,-1.57906163,-0.07573487,1.0,0.0,970.2676267216924,0.0,970.2676267216924
1668653860.401162,1211.29,0.349999999999909,-1.58404199,-0.00498036,1.0,0.0,970.2676267216924,0.0,970.2676267216924
1668653920.397697,1210.6,-0.6900000000000546,-1.68868217,-0.10464018,1.0,0.0,970.2676267216924,0.0,970.2676267216924
1668653980.2341874,1210.66,0.0600000000001728,-1.69919867,-0.0105164999999998,1.0,0.0,970.2676267216924,0.0,970.2676267216924
1668654040.4095976,1207.82,-2.840000000000145,-2.09391844,-0.39471977,1.0,0.0,970.2676267216924,0.0,970.2676267216924
1668654100.236626,1209.98,2.160000000000082,-1.89585207,0.19806637,0.0,1.0,0.0,0.8018873260067872,970.2676267216924
1668654160.5357664,1208.94,-1.0399999999999636,-2.0023235,-0.1064714300000002,1.0,0.0,969.4336639026454,0.0,969.4336639026454
1668654220.16719,1209.72,0.7799999999999727,-1.88703557,0.11528793,0.0,1.0,0.0,0.801370287258742,969.4336639026454
1668654279.9096155,1210.43,0.7100000000000364,-1.72358784,0.1634477300000001,0.0,1.0,0.0,0.801370287258742,970.0026368065992
1668654340.5948272,1210.83,0.3999999999998636,-1.56433401,0.1592538299999999,0.0,1.0,0.0,0.801370287258742,970.3231849215026
1668654400.400748,1211.16,0.3300000000001546,-1.39884461,0.1654894,0.0,1.0,0.0,0.801370287258742,970.587637116298
1668654460.1812255,1211.39,0.2300000000000182,-1.24198287,0.15686174,0.0,1.0,0.0,0.801370287258742,970.7719522823676
1668654520.3238976,1211.2,-0.1900000000000545,-1.1455497,0.09643317,0.0,1.0,0.0,0.801370287258742,970.6196919277884
1668654580.2210174,1210.87,-0.3300000000001546,-1.09172576,0.0538239399999997,0.0,1.0,0.0,0.801370287258742,970.3552397329928
1668654640.1787002,1211.15,0.2800000000002001,-0.97814926,0.1135765,0.0,1.0,0.0,0.801370287258742,970.5796234134256
1668654700.2738647,1210.79,-0.3600000000001273,-0.94639908,0.03175018,0.0,1.0,0.0,0.801370287258742,970.2911301100122
1668654760.288626,1210.58,-0.2100000000000363,-0.91729972,0.0290993599999999,0.0,1.0,0.0,0.801370287258742,970.122842349688
1668654820.2180166,1209.94,-0.6399999999998727,-0.96077871,-0.0434789899999999,1.0,0.0,969.6099653658424,0.0,969.6099653658424
1668654880.2566562,1209.5,-0.4400000000000545,-1.00671922,-0.0459405099999998,1.0,0.0,969.6099653658424,0.0,969.6099653658424
1668654941.2643683,1210.14,0.6400000000001,-0.91265224,0.0940669799999999,0.0,1.0,0.0,0.8012378446839559,969.6099653658424
1668655000.336477,1209.84,-0.3000000000001819,-0.91158586,0.00106638,0.0,1.0,0.0,0.8012378446839559,969.3695940124372
1668655060.5885386,1209.66,-0.1799999999998363,-0.90767324,0.0039126199999999,0.0,1.0,0.0,0.8012378446839559,969.225371200394
1668655120.652713,1209.2,-0.4600000000000364,-0.94679987,-0.0391266299999999,1.0,0.0,968.8568017918394,0.0,968.8568017918394
1668655180.618982,1209.87,0.6699999999998454,-0.84321136,0.10358851,0.0,1.0,0.0,0.8007941363880744,968.8568017918396
1668655240.2505436,1210.13,0.2600000000002183,-0.75880434,0.08440702,0.0,1.0,0.0,0.8007941363880744,969.0650082673004
1668655300.1320376,1210.24,0.1099999999998999,-0.68410113,0.07470321,0.0,1.0,0.0,0.8007941363880744,969.1530956223032
1668655360.7208068,1209.6,-0.6400000000001,-0.7157398,-0.03163867,1.0,0.0,968.6405873750148,0.0,968.6405873750148
1668655420.562534,1209.57,-0.0299999999999727,-0.69598755,0.01975225,0.0,1.0,0.0,0.8008139978463543,968.6405873750148
1668655480.3862276,1209.68,0.1100000000001273,-0.65577171,0.04021584,0.0,1.0,0.0,0.8008139978463543,968.728676914778
1668655540.3646488,1209.55,-0.1300000000001091,-0.64141746,0.01435425,0.0,1.0,0.0,0.8008139978463543,968.6245710950578
1668655600.2615085,1209.61,0.0599999999999454,-0.60687088,0.0345465799999999,0.0,1.0,0.0,0.8008139978463543,968.6726199349284
1668655660.2187717,1209.77,0.1600000000000818,-0.55401144,0.0528594399999999,0.0,1.0,0.0,0.8008139978463543,968.800750174584
1668655720.5164158,1209.58,-0.1900000000000545,-0.54190172,0.0121097199999999,0.0,1.0,0.0,0.8008139978463543,968.6485955149932
1668655780.1560583,1209.73,0.1500000000000909,-0.49316834,0.04873338,0.0,1.0,0.0,0.8008139978463543,968.7687176146702
1668655840.3893716,1209.02,-0.7100000000000364,-0.56034996,-0.06718162,1.0,0.0,968.2001396761992,0.0,968.2001396761992
1668655900.4016128,1207.22,-1.7999999999999543,-0.81666812,-0.2563181599999999,1.0,0.0,968.2001396761992,0.0,968.2001396761992
1668655961.120733,1208.41,1.1900000000000546,-0.7274509,0.0892172199999999,0.0,1.0,0.0,0.8012182451950903,968.2001396761992
1668656020.503342,1210.02,1.6099999999999,-0.49603303,0.23141787,0.0,1.0,0.0,0.8012182451950903,969.4901010509632
1668656080.4446208,1209.53,-0.4900000000000091,-0.47833674,0.01769629,0.0,1.0,0.0,0.8012182451950903,969.0975041108176
1668656140.332693,1208.75,-0.7799999999999727,-0.53865898,-0.06032224,1.0,0.0,968.4725538795656,0.0,968.4725538795656
1668656200.295329,1208.93,0.1800000000000636,-0.50620249,0.03245649,0.0,1.0,0.0,0.8010989502118117,968.4725538795656
1668656260.2989385,1208.17,-0.7599999999999909,-0.59244942,-0.08624693,1.0,0.0,967.8637186774046,0.0,967.8637186774046
1668656320.400988,1208.53,0.3599999999998999,-0.55488923,0.0375601899999999,0.0,1.0,0.0,0.800860316812495,967.8637186774046
1668656380.4686189,1209.68,1.150000000000091,-0.38031205,0.17457718,0.0,1.0,0.0,0.800860316812495,968.784708041739
1668656440.948148,1209.74,0.0599999999999454,-0.3019687,0.07834335,0.0,1.0,0.0,0.800860316812495,968.8327596607478
1668656500.4122417,1209.96,0.2200000000000272,-0.20918165,0.0927870499999999,0.0,1.0,0.0,0.800860316812495,969.0089489304464
1668656560.4222429,1211.21,1.25,0.02761091,0.2367925599999999,0.0,1.0,0.0,0.800860316812495,970.010024326462
1668656620.2806065,1211.21,0.0,0.13593403,0.10832312,0.0,1.0,0.0,0.800860316812495,970.010024326462
1668656680.274311,1211.0,-0.2100000000000363,0.18955824,0.0536242099999999,0.0,1.0,0.0,0.800860316812495,969.8418436599314
1668656740.3341706,1210.56,-0.4400000000000545,0.17971172,-0.0098465199999999,1.0,0.0,969.489465120534,0.0,969.489465120534
1668656800.4460518,1210.87,0.3099999999999454,0.24127135,0.06155963,0.0,1.0,0.0,0.8006552851425289,969.489465120534
1668656860.284375,1210.78,-0.0899999999999181,0.25403894,0.0127675899999999,0.0,1.0,0.0,0.8006552851425289,969.4174061448712
1668656920.4885702,1210.18,-0.599999999999909,0.18257945,-0.0714594899999999,1.0,0.0,968.9370129737856,0.0,968.9370129737856
1668656980.2210624,1210.5,0.3199999999999363,0.20663179,0.02405234,0.0,1.0,0.0,0.8004436290572372,968.9370129737856
1668657040.3504124,1209.57,-0.9300000000000636,0.07227947,-0.13435232,1.0,0.0,968.1926003987624,0.0,968.1926003987624
1668657100.5070758,1209.42,-0.1499999999998635,0.00311415,-0.06916532,1.0,0.0,968.1926003987624,0.0,968.1926003987624
1668657160.317987,1208.22,-1.2000000000000457,-0.21075486,-0.21386901,1.0,0.0,968.1926003987624,0.0,968.1926003987624
1668657220.4810596,1208.66,0.4400000000000545,-0.23934039,-0.0285855299999999,1.0,0.0,968.1926003987624,0.0,968.1926003987624
1668657280.6014557,1207.29,-1.3700000000001182,-0.47955942,-0.24021903,1.0,0.0,968.1926003987624,0.0,968.1926003987624
1668657340.6960454,1207.65,0.3600000000001273,-0.52579443,-0.04623501,1.0,0.0,968.1926003987624,0.0,968.1926003987624
1668657400.49201,1205.68,-1.9700000000000275,-0.8576354,-0.33184097,1.0,0.0,968.1926003987624,0.0,968.1926003987624
1668657460.2319922,1204.29,-1.3900000000001,-1.18183691,-0.3242015099999998,1.0,0.0,968.1926003987624,0.0,968.1926003987624
1668657520.2739124,1205.35,1.0599999999999454,-1.18502918,-0.0031922699999999,1.0,0.0,968.1926003987624,0.0,968.1926003987624
1668657580.3684907,1204.48,-0.8699999999998909,-1.36326047,-0.17823129,1.0,0.0,968.1926003987624,0.0,968.1926003987624
1668657640.3809354,1204.05,-0.4300000000000636,-1.49377595,-0.1305154800000001,1.0,0.0,968.1926003987624,0.0,968.1926003987624
1668657700.5089917,1203.4,-0.6499999999998636,-1.64401942,-0.1502434699999999,1.0,0.0,968.1926003987624,0.0,968.1926003987624
1668657760.4068186,1202.23,-1.1700000000000728,-1.86776572,-0.2237462999999999,1.0,0.0,968.1926003987624,0.0,968.1926003987624
1668657820.3747468,1201.5,-0.7300000000000182,-2.05185065,-0.18408493,1.0,0.0,968.1926003987624,0.0,968.1926003987624
1668657880.2913244,1198.75,-2.75,-2.51643194,-0.4645812899999999,1.0,0.0,968.1926003987624,0.0,968.1926003987624
1668657940.863786,1195.12,-3.630000000000109,-3.19239009,-0.67595815,1.0,0.0,968.1926003987624,0.0,968.1926003987624
1668658000.58681,1193.9,-1.2199999999998,-3.63119548,-0.4388053900000002,1.0,0.0,968.1926003987624,0.0,968.1926003987624
1668658060.4965563,1196.16,2.259999999999991,-3.53849504,0.0927004400000002,0.0,1.0,0.0,0.8094173023665415,968.1926003987624
1668658120.2552505,1195.37,-0.790000000000191,-3.67784198,-0.1393469400000002,1.0,0.0,967.5531607298926,0.0,967.5531607298926
1668658180.46593,1195.43,0.0600000000001728,-3.68663196,-0.0087899799999999,1.0,0.0,967.5531607298926,0.0,967.5531607298926
1668658240.4050045,1197.45,2.019999999999982,-3.36971262,0.3169193400000001,0.0,1.0,0.0,0.8080113246731743,967.5531607298924
1668658300.4457085,1197.36,-0.0900000000001455,-3.2219934,0.1477192199999999,0.0,1.0,0.0,0.8080113246731743,967.4804397106718
1668658360.4644718,1198.5,1.1400000000001,-2.9033879,0.3186055000000003,0.0,1.0,0.0,0.8080113246731743,968.4015726207994
1668658420.5565524,1197.71,-0.7899999999999636,-2.80299105,0.1003968499999996,0.0,1.0,0.0,0.8080113246731743,967.7632436743075
1668658480.6412168,1197.02,-0.6900000000000546,-2.74118014,0.0618109100000001,0.0,1.0,0.0,0.8080113246731743,967.205715860283
1668658540.4378414,1196.1,-0.9200000000000728,-2.74844311,-0.0072629700000002,1.0,0.0,966.4623454415836,0.0,966.4623454415836
1668658600.3923616,1196.13,0.0300000000002,-2.66107178,0.0873713300000003,0.0,1.0,0.0,0.8079910590333689,966.4623454415836
1668658660.4306974,1197.4,1.2699999999999818,-2.38525338,0.2758183999999999,0.0,1.0,0.0,0.8079910590333689,967.488494086556
1668658720.5917778,1196.8,-0.6000000000001364,-2.30554082,0.0797125599999999,0.0,1.0,0.0,0.8079910590333689,967.0036994511358
1668658780.52547,1198.05,1.25,-2.00261118,0.3029296399999999,0.0,1.0,0.0,0.8079910590333689,968.0136882749276
1668658840.5242836,1198.37,0.3199999999999363,-1.77472383,0.2278873500000002,0.0,1.0,0.0,0.8079910590333689,968.2722454138182
1668658900.5347466,1197.71,-0.6599999999998545,-1.68987892,0.0848449099999999,0.0,1.0,0.0,0.8079910590333689,967.7389713148564
1668658960.4647713,1198.97,1.259999999999991,-1.3847807,0.3050982199999998,0.0,1.0,0.0,0.8079910590333689,968.7570400492384
1668659020.532374,1199.78,0.8099999999999454,-1.0948243,0.2899564000000001,0.0,1.0,0.0,0.8079910590333689,969.4115128070551
1668659080.4957404,1199.59,-0.1900000000000545,-0.93264823,0.16217607,0.0,1.0,0.0,0.8079910590333689,969.257994505839
1668659140.291206,1200.98,1.3900000000001,-0.58596498,0.34668325,0.0,1.0,0.0,0.8079910590333689,970.3811020778952
1668659200.662491,1200.45,-0.5299999999999727,-0.46884989,0.1171150899999999,0.0,1.0,0.0,0.8079910590333689,969.9528668166078
1668659260.516985,1200.28,-0.1700000000000727,-0.36266602,0.10618387,0.0,1.0,0.0,0.8079910590333689,969.815508336572
1668659320.6285253,1200.04,-0.2400000000000091,-0.29988357,0.0627824499999999,0.0,1.0,0.0,0.8079910590333689,969.621590482404
1668659380.4024503,1200.38,0.3400000000001455,-0.18358944,0.11629413,0.0,1.0,0.0,0.8079910590333689,969.8963074424754
1668659440.4408605,1201.53,1.1499999999998636,0.05093341,0.23452285,0.0,1.0,0.0,0.8079910590333689,970.8254971603636
1668659500.6725972,1200.7,-0.8299999999999272,0.04489067,-0.0060427399999999,1.0,0.0,970.154864581366,0.0,970.154864581366
1668659560.992267,1202.21,1.509999999999991,0.30497669,0.26008602,0.0,1.0,0.0,0.806976205971807,970.154864581366
1668659620.4112413,1204.38,2.1700000000000728,0.71765464,0.41267795,0.0,1.0,0.0,0.806976205971807,971.906002948325
1668659680.5823464,1203.82,-0.5600000000001728,0.81862843,0.1009737899999999,0.0,1.0,0.0,0.806976205971807,971.4540962729806
1668659740.6688085,1205.55,1.7300000000000182,1.16734168,0.3487132500000001,0.0,1.0,0.0,0.806976205971807,972.850165109312
1668659800.8606532,1204.41,-1.139999999999873,1.15796966,-0.00937202,1.0,0.0,971.930212234504,0.0,971.930212234504
1668659860.8341208,1204.64,0.2300000000000182,1.24180938,0.08383972,0.0,1.0,0.0,0.8068221312877739,971.930212234504
1668659920.793657,1204.3,-0.3400000000001455,1.23028097,-0.0115284100000001,1.0,0.0,971.655892709866,0.0,971.655892709866
1668659981.857895,1203.59,-0.7100000000000364,1.20756253,-0.02271844,1.0,0.0,971.655892709866,0.0,971.655892709866
1668660041.5343492,1204.35,0.7599999999999909,1.24657167,0.0390091400000001,0.0,1.0,0.0,0.806788635122569,971.655892709866
1668660101.636153,1203.71,-0.6399999999998727,1.12558183,-0.12098984,1.0,0.0,971.1395479833876,0.0,971.1395479833876
1668660162.5153267,1203.65,-0.0599999999999454,0.94662401,-0.17895782,1.0,0.0,971.1395479833876,0.0,971.1395479833876
1668660222.5248482,1204.25,0.599999999999909,0.97933022,0.03270621,0.0,1.0,0.0,0.8064268615182791,971.1395479833876
1668660282.4085472,1203.84,-0.4100000000000818,0.9846989,0.00536868,0.0,1.0,0.0,0.8064268615182791,970.8089129701652
1668660343.9496503,1204.17,0.3300000000001546,0.95951546,-0.02518344,1.0,0.0,971.0750338344662,0.0,971.0750338344662
1668660403.3063529,1205.26,1.089999999999918,1.04093564,0.08142018,0.0,1.0,0.0,0.805697553917384,971.075033834466
1668660463.3732464,1205.39,0.1300000000001091,1.08426622,0.0433305799999998,0.0,1.0,0.0,0.805697553917384,971.1797745164756
1668660524.2955463,1204.19,-1.2000000000000457,1.02962261,-0.0546436099999998,1.0,0.0,970.2129374517748,0.0,970.2129374517748
1668660584.1418684,1204.03,-0.1600000000000818,0.9371683,-0.0924543100000001,1.0,0.0,970.2129374517748,0.0,970.2129374517748
1668660644.262767,1204.3,0.2699999999999818,0.88961141,-0.0475568899999999,1.0,0.0,970.2129374517748,0.0,970.2129374517748
1668660705.03767,1203.56,-0.7400000000000091,0.72862827,-0.16098314,1.0,0.0,970.2129374517748,0.0,970.2129374517748
1668660764.7090256,1203.7,0.1400000000001,0.61997776,-0.1086505099999999,1.0,0.0,970.2129374517748,0.0,970.2129374517748
1668660824.9934149,1203.72,0.0199999999999818,0.54193733,-0.07804043,1.0,0.0,970.2129374517748,0.0,970.2129374517748
1668660886.510795,1204.21,0.4900000000000091,0.53901355,-0.00292378,1.0,0.0,970.2129374517748,0.0,970.2129374517748
1668660946.0873184,1205.38,1.1700000000000728,0.64884746,0.10983391,0.0,1.0,0.0,0.8049021366305852,970.2129374517748
1668661006.284058,1204.72,-0.6600000000000819,0.61811764,-0.03072982,1.0,0.0,969.6817020415986,0.0,969.6817020415986
1668661066.7633374,1203.9,-0.8199999999999363,0.54142969,-0.07668795,1.0,0.0,969.6817020415986,0.0,969.6817020415986
1668661126.7937863,1203.72,-0.1800000000000636,0.45635155,-0.0850781399999999,1.0,0.0,969.6817020415986,0.0,969.6817020415986
1668661186.9447954,1203.95,0.2300000000000182,0.41383724,-0.04251431,1.0,0.0,969.6817020415986,0.0,969.6817020415986
1668661247.2075417,1203.72,-0.2300000000000182,0.3282626,-0.0855746399999999,1.0,0.0,969.6817020415986,0.0,969.6817020415986
1668661306.8546443,1204.37,0.6499999999998636,0.35938887,0.03112627,0.0,1.0,0.0,0.8051360479267988,969.6817020415988
1668661366.8886187,1206.94,2.570000000000164,0.59829635,0.23890748,0.0,1.0,0.0,0.8051360479267988,971.7509016847706
1668661427.8118804,1208.96,2.019999999999982,0.89036685,0.2920705,0.0,1.0,0.0,0.8051360479267988,973.3772765015829
1668661487.0465095,1208.65,-0.3099999999999454,1.00974209,0.11937524,0.0,1.0,0.0,0.8051360479267988,973.1276843267254
1668661546.8830388,1208.3,-0.3500000000001364,1.1418759,0.13213381,0.0,1.0,0.0,0.8051360479267988,972.845886709951
1668661606.9724033,1208.87,0.5699999999999363,1.29377939,0.15190349,0.0,1.0,0.0,0.8051360479267988,973.3048142572692
1668661666.8367443,1207.51,-1.3599999999999,1.21347468,-0.08030471,1.0,0.0,972.2098292320889,0.0,972.2098292320889
1668661726.740837,1208.85,1.339999999999918,1.32325032,0.10977564,0.0,1.0,0.0,0.8042435614278769,972.209829232089
1668661786.9644115,1209.78,0.9300000000000636,1.44397215,0.1207218299999999,0.0,1.0,0.0,0.8042435614278769,972.9577757442167
1668661846.767759,1209.01,-0.7699999999999818,1.40768882,-0.03628333,1.0,0.0,972.3385082019174,0.0,972.3385082019174
1668661907.3239455,1207.84,-1.1700000000000728,1.29836565,-0.1093231699999999,1.0,0.0,972.3385082019174,0.0,972.3385082019174
1668661966.6396115,1207.47,-0.3699999999998908,1.17737894,-0.1209867099999999,1.0,0.0,972.3385082019174,0.0,972.3385082019174
1668662026.984969,1207.22,-0.25,1.08271443,-0.09466451,1.0,0.0,972.3385082019174,0.0,972.3385082019174
1668662086.7007446,1208.25,1.0299999999999727,1.10952117,0.02680674,0.0,1.0,0.0,0.8047494377835029,972.3385082019174
1668662146.8566182,1209.48,1.2300000000000182,1.24545117,0.1359299999999998,0.0,1.0,0.0,0.8047494377835029,973.3283500103912
1668662206.9372785,1209.64,0.1600000000000818,1.28960399,0.04415282,0.0,1.0,0.0,0.8047494377835029,973.4571099204366
1668662266.6948812,1211.43,1.7899999999999636,1.47294216,0.1833381699999998,0.0,1.0,0.0,0.8047494377835029,974.897611414069
1668662326.8604023,1208.99,-2.4400000000000546,1.25488894,-0.2180532199999998,1.0,0.0,972.9340227858772,0.0,972.9340227858772
1668662388.013562,1209.05,0.0599999999999454,1.18146381,-0.0734251300000001,1.0,0.0,972.9340227858772,0.0,972.9340227858772
1668662446.6782055,1208.63,-0.4199999999998454,1.08256642,-0.0988973899999998,1.0,0.0,972.9340227858772,0.0,972.9340227858772
1668662507.0914018,1209.13,0.5,1.04430672,-0.0382597,1.0,0.0,972.9340227858772,0.0,972.9340227858772
1668662566.7386332,1208.67,-0.4600000000000364,0.9827804,-0.06152632,1.0,0.0,972.9340227858772,0.0,972.9340227858772
1668662626.8402357,1208.4,-0.2699999999999818,0.83363379,-0.1491466099999999,1.0,0.0,972.9340227858772,0.0,972.9340227858772
1668662686.815824,1208.02,-0.3800000000001091,0.70954001,-0.12409378,1.0,0.0,972.9340227858772,0.0,972.9340227858772
1668662747.1764848,1208.26,0.2400000000000091,0.6486997,-0.06084031,1.0,0.0,972.9340227858772,0.0,972.9340227858772
1668662807.0234966,1208.23,-0.0299999999999727,0.53551567,-0.1131840299999999,1.0,0.0,972.9340227858772,0.0,972.9340227858772
1668662867.594169,1208.74,0.5099999999999909,0.49856733,-0.03694834,1.0,0.0,972.9340227858772,0.0,972.9340227858772
1668662926.7687557,1208.62,-0.1200000000001182,0.46572388,-0.0328434499999999,1.0,0.0,972.9340227858772,0.0,972.9340227858772
1668662986.6717758,1209.25,0.6300000000001091,0.53370635,0.06798247,0.0,1.0,0.0,0.8045764091675643,972.9340227858772
1668663046.7389357,1209.43,0.1800000000000636,0.56568925,0.0319829,0.0,1.0,0.0,0.8045764091675643,973.0788465395274
1668663106.7908175,1209.93,0.5,0.60737528,0.0416860299999999,0.0,1.0,0.0,0.8045764091675643,973.4811347441112
1668663166.767024,1209.84,-0.0900000000001455,0.62168645,0.01431117,0.0,1.0,0.0,0.8045764091675643,973.408722867286
1668663226.9411783,1209.68,-0.1599999999998544,0.59531667,-0.02636978,1.0,0.0,973.2799906418192,0.0,973.2799906418192
1668663286.928425,1208.53,-1.150000000000091,0.466055,-0.12926167,1.0,0.0,973.2799906418192,0.0,973.2799906418192
1668663347.6928885,1207.36,-1.1700000000000728,0.23342374,-0.23263126,1.0,0.0,973.2799906418192,0.0,973.2799906418192
1668663407.0078237,1208.29,0.9300000000000636,0.25245102,0.01902728,0.0,1.0,0.0,0.805501982671229,973.2799906418192
1668663466.8024735,1210.03,1.740000000000009,0.36977838,0.1173273599999999,0.0,1.0,0.0,0.805501982671229,974.6815640916672
1668663527.053682,1210.0,-0.0299999999999727,0.41221516,0.04243678,0.0,1.0,0.0,0.805501982671229,974.6573990321872
1668663586.8813407,1210.0,0.0,0.45517699,0.0429618299999999,0.0,1.0,0.0,0.805501982671229,974.6573990321872
1668663646.9896057,1211.1,1.099999999999909,0.66012518,0.2049481899999999,0.0,1.0,0.0,0.805501982671229,975.5434512131252
1668663706.7265923,1210.06,-1.0399999999999636,0.64394389,-0.01618129,1.0,0.0,974.7057291511472,0.0,974.7057291511472
1668663767.349532,1211.1,1.0399999999999636,0.74197916,0.09803527,0.0,1.0,0.0,0.8048102792099309,974.7057291511472
1668663827.4005744,1211.04,-0.0599999999999454,0.76312766,0.0211485,0.0,1.0,0.0,0.8048102792099309,974.6574405343946
1668663887.5092146,1210.67,-0.3699999999998908,0.7526528,-0.0104748599999999,1.0,0.0,974.359660731087,0.0,974.359660731087
1668663947.0350666,1210.55,-0.1200000000001182,0.72313478,-0.02951802,1.0,0.0,974.359660731087,0.0,974.359660731087
1668664007.2814312,1210.31,-0.2400000000000091,0.63994269,-0.0831920899999999,1.0,0.0,974.359660731087,0.0,974.359660731087
1668664066.805602,1210.04,-0.2699999999999818,0.57224587,-0.0676968199999999,1.0,0.0,974.359660731087,0.0,974.359660731087
1668664126.9952965,1209.75,-0.2899999999999636,0.48284052,-0.08940535,1.0,0.0,974.359660731087,0.0,974.359660731087
1668664186.9078462,1209.76,0.0099999999999909,0.4248819,-0.05795862,1.0,0.0,974.359660731087,0.0,974.359660731087
1668664246.8991852,1209.41,-0.349999999999909,0.32014485,-0.10473705,1.0,0.0,974.359660731087,0.0,974.359660731087
1668664307.1411269,1210.33,0.9199999999998454,0.37650228,0.05635743,0.0,1.0,0.0,0.8050363625879612,974.359660731087
1668664367.307657,1210.58,0.25,0.38387343,0.0073711499999999,0.0,1.0,0.0,0.8050363625879612,974.560919821734
1668664426.9559517,1210.41,-0.1699999999998453,0.37731943,-0.006554,1.0,0.0,974.424063640094,0.0,974.424063640094
1668664487.1861007,1209.8,-0.6100000000001273,0.3265963,-0.05072313,1.0,0.0,974.424063640094,0.0,974.424063640094
1668664546.968505,1210.24,0.4400000000000545,0.33473591,0.00813961,0.0,1.0,0.0,0.8051494444408498,974.424063640094
1668664607.075099,1210.24,0.0,0.31290546,-0.02183045,1.0,0.0,974.424063640094,0.0,974.424063640094
1668664666.8861885,1209.94,-0.2999999999999545,0.25719988,-0.05570558,1.0,0.0,974.424063640094,0.0,974.424063640094
1668664727.4358969,1209.45,-0.4900000000000091,0.16798657,-0.0892133099999999,1.0,0.0,974.424063640094,0.0,974.424063640094
1668664787.5490267,1211.45,2.0,0.29164231,0.12365574,0.0,1.0,0.0,0.8043452586900771,974.424063640094
1668664846.870433,1210.92,-0.5299999999999727,0.30995064,0.0183083299999999,0.0,1.0,0.0,0.8043452586900771,973.9977606529884
1668664906.7861338,1209.76,-1.160000000000082,0.18465232,-0.12529832,1.0,0.0,973.0647201529076,0.0,973.0647201529076
1668664966.879696,1210.17,0.4100000000000818,0.18748353,0.00283121,0.0,1.0,0.0,0.8040727502358409,973.0647201529076
1668665027.0657809,1213.37,3.199999999999818,0.48017868,0.29269515,0.0,1.0,0.0,0.8040727502358409,975.6377529536622
1668665086.992777,1213.55,0.1800000000000636,0.65909239,0.1789137099999999,0.0,1.0,0.0,0.8040727502358409,975.7824860487046
1668665146.8847978,1213.45,-0.099999999999909,0.77154246,0.11245007,0.0,1.0,0.0,0.8040727502358409,975.7020787736813
1668665206.9696815,1211.92,-1.5299999999999727,0.73583915,-0.03570331,1.0,0.0,974.4718474658204,0.0,974.4718474658204
1668665266.8571768,1211.7,-0.2200000000000272,0.69071728,-0.04512187,1.0,0.0,974.4718474658204,0.0,974.4718474658204
1668665327.0491009,1212.21,0.5099999999999909,0.70299579,0.01227851,0.0,1.0,0.0,0.8038803899207401,974.4718474658204
1668665386.938201,1212.79,0.5799999999999272,0.71804742,0.0150516299999999,0.0,1.0,0.0,0.8038803899207401,974.9380980919744
1668665446.7403967,1213.3,0.5099999999999909,0.77680669,0.05875927,0.0,1.0,0.0,0.8038803899207401,975.3480770908338
1668665506.7173042,1213.44,0.1400000000001,0.8314087,0.0546020099999999,0.0,1.0,0.0,0.8038803899207401,975.4606203454229
1668665567.0281975,1214.14,0.7000000000000455,0.95381258,0.12240388,0.0,1.0,0.0,0.8038803899207401,976.0233366183676
1668665627.188219,1213.82,-0.3200000000001637,0.98695746,0.0331448799999999,0.0,1.0,0.0,0.8038803899207401,975.7660948935928
1668665687.05742,1214.34,0.5199999999999818,1.03565983,0.0487023699999999,0.0,1.0,0.0,0.8038803899207401,976.1841126963516
1668665747.2324986,1214.37,0.0299999999999727,1.06625544,0.0305956099999999,0.0,1.0,0.0,0.8038803899207401,976.2082291080492
1668665807.009269,1213.4,-0.9699999999998,0.99204646,-0.0742089799999999,1.0,0.0,975.428465129826,0.0,975.428465129826
1668665867.1332936,1213.53,0.1299999999998817,0.94107727,-0.05096919,1.0,0.0,975.428465129826,0.0,975.428465129826
1668665927.004027,1214.68,1.150000000000091,1.03202755,0.09095028,0.0,1.0,0.0,0.8030332804770194,975.428465129826
1668665987.456704,1214.44,-0.2400000000000091,1.046372,0.01434445,0.0,1.0,0.0,0.8030332804770194,975.2357371425114
1668666046.9240606,1214.51,0.0699999999999363,0.98252293,-0.06384907,1.0,0.0,975.2919494721448,0.0,975.2919494721448
1668666107.004401,1214.44,-0.0699999999999363,0.97670371,-0.00581922,1.0,0.0,975.2919494721448,0.0,975.2919494721448
1668666166.8201544,1214.91,0.4700000000000273,0.98284561,0.0061419,0.0,1.0,0.0,0.8027688877959229,975.2919494721448
1668666227.2687242,1215.03,0.1199999999998908,0.93056204,-0.05228357,1.0,0.0,975.3882817386802,0.0,975.3882817386802
