time,open,close,macd,mom,rsi
1668272473.5071783,0.04378,0.043698,3.424e-05,9.5e-05,52.93001329
1668272483.7046812,0.04378,0.043698,3.424e-05,9.5e-05,52.93001329
1668272493.4484031,0.04378,0.043698,3.424e-05,9.5e-05,52.93001329
1668272503.4806335,0.04378,0.043698,3.424e-05,9.5e-05,52.93001329
1668272513.4447465,0.04378,0.043698,3.424e-05,9.5e-05,52.93001329
1668272524.327702,0.04378,0.043698,3.424e-05,9.5e-05,52.93001329
1668272534.469491,0.04378,0.043698,3.424e-05,9.5e-05,52.93001329
1668272544.407369,0.04378,0.043698,3.424e-05,9.5e-05,52.93001329
1668272554.3207662,0.04378,0.043698,3.424e-05,9.5e-05,52.93001329
1668272961.260622,0.043729,0.043729,3.864e-05,-2.9e-05,52.91903581
1668272961.9070485,0.043729,0.043729,3.864e-05,-2.9e-05,52.91903581
1668273021.5784607,0.043678,0.043678,3.257e-05,-7.5e-05,49.0814482
1668273081.4152062,0.043778,0.043778,3.75e-05,0.000129,56.09365095
1668273141.267503,0.043713,0.043713,2.559e-05,-6.5e-05,51.4890104
1668273201.223138,0.043713,0.043729,2.687e-05,-4.9e-05,52.57287362
1668273261.3384628,0.04375,0.04375,2.698e-05,5.2e-05,54.02479149
1668273321.3215632,0.043768,0.043768,2.819e-05,-2e-05,55.28828909
1668273381.3855526,0.04368,0.043655,1.98e-05,-0.000116,46.62538063
1668273441.1268792,0.04368,0.04368,1.5e-05,-0.000119,48.54623305
1668273501.3450415,0.04368,0.043788,1.969e-05,2.8e-05,55.92552634
1668273561.1569045,0.043787,0.043672,1.388e-05,-6.1e-05,47.96815652
1668273621.2095168,0.043679,0.043679,9.73e-06,-6.7e-05,48.44486853
1668273681.2877944,0.04368,0.04368,6.44e-06,-4.9e-05,48.51743462
1668273741.2954867,0.043679,0.043679,6.8e-06,1.4e-05,48.40632269
1668273801.1223934,0.043636,0.043636,4.4e-07,-9.3e-05,45.61636234
1668273861.294162,0.043636,0.043633,2e-07,-9.6e-05,45.4336674
1668273921.204957,0.043647,0.043647,-1.031e-05,-0.000121,47.14197338
1668273981.3536303,0.043633,0.043633,-1.638e-05,-2.2e-05,46.36249638
1668274041.1690545,0.043633,0.043593,-1.957e-05,-6.2e-05,42.98989587
1668274101.2711272,0.043593,0.043593,-2.572e-05,-0.000195,42.98989587
1668274161.1831915,0.04366,0.04366,-1.617e-05,-1.2e-05,49.10213232
1668274221.561329,0.04366,0.043661,-1.609e-05,-1.1e-05,49.18050951
1668274281.341886,0.043661,0.043661,-1.436e-05,-1.8e-05,49.18050951
1668274341.3538227,0.043661,0.043661,-1.436e-05,-1.8e-05,49.18050951
1668274401.4786632,0.04373,0.04373,-7.34e-06,0.0,54.9366486
1668274461.2440524,0.043721,0.043721,1.99e-06,8.8e-05,53.99012175
1668274521.3735335,0.043721,0.043717,1.67e-06,8.4e-05,53.59033849
1668274581.4343553,0.043721,0.043717,1.67e-06,8.4e-05,53.59033849
1668274641.8416483,0.043652,0.043652,-4.35e-06,6e-05,47.78541232
1668274701.938679,0.043624,0.043624,-9.2e-06,3.1e-05,45.14786723
1668274761.3444123,0.043624,0.043644,-7.61e-06,5.1e-05,47.15120557
1668274821.1854825,0.04364,0.04364,-8.96e-06,4.7e-05,46.76629954
1668274881.3680892,0.043641,0.043641,-9.77e-06,-4.8e-05,46.86193571
1668274941.3788564,0.043623,0.043623,-1.284e-05,-3.8e-05,45.06776264
1668275001.2667384,0.043597,0.043597,-1.475e-05,-6.4e-05,42.85060401
1668275061.2107418,0.043584,0.043584,-2.138e-05,-0.000147,42.33942837
1668275121.247839,0.043584,0.043613,-1.907e-05,-0.000118,45.75480061
1668275181.3480678,0.043657,0.043657,-1.565e-05,-6e-05,50.54153266
1668275241.3529358,0.043586,0.043586,-1.845e-05,-4.3e-05,43.82171441
1668275301.370274,0.043586,0.043586,-1.845e-05,-4.3e-05,43.82171441
1668275361.2644048,0.043573,0.043573,-2.147e-05,-5.6e-05,42.70220158
1668275421.4075174,0.043573,0.043644,-1.581e-05,1.5e-05,49.7046159
1668275481.4085228,0.043573,0.043644,-1.581e-05,1.5e-05,49.7046159
1668275541.636472,0.043644,0.043644,-1.356e-05,0.0,49.7046159
1668275601.3679285,0.043569,0.043569,-1.763e-05,-7.2e-05,42.95821751
1668275662.2751129,0.043569,0.043569,-1.763e-05,-7.2e-05,42.95821751
1668275721.415272,0.043644,0.043644,-1.463e-05,2e-05,50.23272809
1668275782.111443,0.043644,0.043644,-1.463e-05,2e-05,50.23272809
1668275841.9777453,0.043644,0.043644,-1.212e-05,-1e-06,50.23272809
1668275902.9763288,0.04363,0.04363,-1.199e-05,1e-05,48.97711638
1668275962.8581636,0.04363,0.043661,-9.51e-06,4.1e-05,51.84728688
1668276022.90183,0.04363,0.043661,-9.51e-06,4.1e-05,51.84728688
1668276082.8818307,0.0436,0.0436,-1.136e-05,3.6e-05,46.32509105
1668276143.6693437,0.04366,0.04366,-5.42e-06,4.7e-05,51.75408586
1668276203.639192,0.04366,0.043754,2.08e-06,0.000141,59.20493922
1668276263.5896423,0.04375,0.04375,1.259e-05,0.000164,57.71853562
1668276324.740805,0.043748,0.043748,1.454e-05,0.000104,57.83271785
1668276384.8041525,0.043761,0.043761,2.007e-05,0.000117,58.82339562
1668276444.7050445,0.043761,0.043761,2.418e-05,0.000192,58.82339562
1668276505.5576413,0.043761,0.043793,2.673e-05,0.000224,61.23752017
1668276565.6003563,0.0438,0.043742,2.757e-05,9.8e-05,55.63876466
1668276625.567338,0.043797,0.043797,3.231e-05,0.000167,59.89698499
1668276687.5685802,0.043801,0.043801,3.836e-05,0.000161,60.20194358
1668276746.5771196,0.043801,0.043895,4.586e-05,0.000255,66.52300896
1668276806.4069972,0.043895,0.043895,5.826e-05,0.000195,66.52300896
1668276867.6062455,0.043934,0.043934,6.409e-05,0.000234,68.44479216
1668276927.6688216,0.043934,0.043874,5.931e-05,0.000174,63.79207228
1668276987.7193837,0.043799,0.043799,4.086e-05,3.8e-05,53.11829026
1668277048.497337,0.043799,0.04382,4.254e-05,5.9e-05,54.28124322
1668277108.5180967,0.043791,0.043791,3.603e-05,4.9e-05,52.54911842
1668277168.4022212,0.043791,0.043773,3.46e-05,3.1e-05,51.53929481
1668277229.9375265,0.043837,0.043837,3.621e-05,4e-05,55.09265213
1668277289.383294,0.043837,0.043883,3.988e-05,8.6e-05,57.34087299
1668277349.2815454,0.043837,0.043883,3.988e-05,8.6e-05,57.34087299
1668277410.206414,0.043837,0.043883,3.988e-05,8.6e-05,57.34087299
1668277470.3027213,0.043837,0.043883,3.988e-05,8.6e-05,57.34087299
1668277530.1491835,0.043882,0.043882,4.348e-05,8.2e-05,57.27374494
1668277591.376169,0.043818,0.043818,3.99e-05,-7.7e-05,53.05499911
1668277651.3228724,0.043818,0.043818,3.99e-05,-7.7e-05,53.05499911
1668277711.4938934,0.043818,0.043791,3.53e-05,-0.000104,51.31252263
1668277773.0682817,0.043804,0.043804,3.346e-05,0.000204,51.56161321
1668277832.350514,0.043855,0.043855,3.797e-05,-1.3e-05,54.83364733
1668277892.4780552,0.043855,0.043791,3.286e-05,-7.7e-05,50.43532955
1668277953.2296758,0.043858,0.043858,2.843e-05,8e-05,54.70983175
1668278013.1666975,0.043858,0.043787,2.277e-05,9e-06,50.22351898
1668278073.2620597,0.043882,0.043882,2.989e-05,-1e-06,56.44098729
1668278134.5856557,0.0439,0.0439,3.367e-05,3.1e-05,57.5776636
1668278194.355866,0.043865,0.043865,3.074e-05,4.7e-05,54.87124688
1668278254.8422856,0.043844,0.043844,2.954e-05,5.3e-05,52.8264021
1668278315.45285,0.043825,0.043825,2.506e-05,-4.1e-05,51.27845842
1668278375.43495,0.043873,0.043873,2.604e-05,7e-06,55.07406735
1668278435.344097,0.043873,0.043825,2.221e-05,-4.1e-05,51.27845842
1668278495.9833262,0.043832,0.043832,2.029e-05,4.1e-05,51.91646076
1668278556.2562823,0.043826,0.043826,1.806e-05,5.2e-05,51.29641159
1668278616.0793562,0.043827,0.043827,1.455e-05,-5.5e-05,51.40059186
1668278677.2843912,0.043826,0.043826,1.302e-05,-6.2e-05,51.27339221
1668278737.2612782,0.043826,0.043802,1.11e-05,-8.6e-05,48.39887877
1668278797.8591256,0.043777,0.043777,6.28e-06,-8.5e-05,45.53514609
1668278857.9415672,0.043769,0.043769,1.79e-06,-0.000108,44.62520749
1668278918.3209877,0.043763,0.043763,-2.72e-06,-6.6e-05,44.04606313
1668278978.097747,0.043763,0.043763,-2.72e-06,-6.6e-05,44.04606313
1668279038.8009386,0.043777,0.043777,-6.89e-06,-4.8e-05,46.33215578
1668279098.8581228,0.043777,0.043777,-6.89e-06,-4.8e-05,46.33215578
1668279158.7020004,0.043777,0.043777,-6.89e-06,-4.8e-05,46.33215578
1668279219.578018,0.043777,0.043777,-6.89e-06,-4.8e-05,46.33215578
1668279279.8888695,0.043777,0.043777,-6.89e-06,-4.8e-05,46.33215578
1668279340.452718,0.043777,0.043777,-6.89e-06,-4.8e-05,46.33215578
1668279400.694142,0.043797,0.04378,-7.49e-06,-5.2e-05,46.83343498
1668279460.932959,0.043797,0.04378,-7.49e-06,-5.2e-05,46.83343498
1668279520.9964552,0.043797,0.04378,-7.49e-06,-5.2e-05,46.83343498
1668279581.577617,0.043797,0.04378,-7.49e-06,-5.2e-05,46.83343498
1668279641.616758,0.043797,0.04378,-7.49e-06,-5.2e-05,46.83343498
1668279701.511182,0.043797,0.04378,-7.49e-06,-5.2e-05,46.83343498
1668279762.4933956,0.043797,0.04378,-7.49e-06,-5.2e-05,46.83343498
1668279822.267935,0.043781,0.043781,-7.79e-06,-4.5e-05,47.01110486
1668279883.1179595,0.043781,0.043781,-7.94e-06,-4.6e-05,47.01110486
1668279943.318654,0.043781,0.043781,-7.94e-06,-4.6e-05,47.01110486
1668280003.472803,0.04378,0.04378,-7.98e-06,-2.2e-05,46.81570653
1668280063.335402,0.043767,0.043767,-9.73e-06,-1e-05,44.41576377
1668280124.2397532,0.043767,0.0438,-7.1e-06,2.3e-05,51.24791909
1668280184.3981235,0.043767,0.0438,-7.1e-06,2.3e-05,51.24791909
1668280305.242552,0.04375,0.043746,-9.83e-06,-1.5e-05,42.12367586
1668280365.8972788,0.04375,0.043746,-9.83e-06,-1.5e-05,42.12367586
1668280425.1650052,0.043715,0.043715,-1.768e-05,-4.8e-05,37.94682749
1668280486.197838,0.043715,0.043715,-1.768e-05,-4.8e-05,37.94682749
1668280546.267622,0.043715,0.043715,-1.768e-05,-4.8e-05,37.94682749
1668280606.159078,0.043643,0.043643,-3.185e-05,-0.000137,29.93445748
1668280667.147483,0.043643,0.043729,-2.498e-05,-5.1e-05,44.82342706
1668280727.1736398,0.043643,0.043729,-2.498e-05,-5.1e-05,44.82342706
1668280787.2363875,0.043746,0.043754,-2.215e-05,-2.7e-05,48.30863068
1668280847.9736152,0.043746,0.043754,-2.215e-05,-2.7e-05,48.30863068
1668280908.4824612,0.04383,0.04383,-1.361e-05,4.9e-05,57.1662633
1668280968.124037,0.043713,0.043713,-1.628e-05,-6.8e-05,44.47873231
1668281028.7376044,0.043713,0.043727,-1.516e-05,-5.4e-05,45.70198372
1668281088.711873,0.04373,0.04373,-1.578e-05,-3.7e-05,46.04441829
1668281148.7333035,0.04373,0.04373,-1.609e-05,-7e-05,46.04441829
1668281209.9895055,0.04373,0.04373,-1.609e-05,-7e-05,46.04441829
1668281269.748387,0.043717,0.043717,-1.718e-05,-2.9e-05,44.62989226
1668281329.8067892,0.043717,0.043717,-1.718e-05,-2.9e-05,44.62989226
1668281390.5810814,0.043717,0.043717,-1.718e-05,-2.9e-05,44.62989226
1668281451.0708244,0.043721,0.043721,-1.752e-05,6e-06,45.18786374
1668281510.728623,0.043793,0.043793,-7.17e-06,7.8e-05,53.50865503
1668281571.4139602,0.043811,0.043811,-2.28e-06,0.000166,55.45705545
1668281631.296629,0.043791,0.043791,-3e-08,6.2e-05,52.80883076
1668281691.7718673,0.043795,0.043795,2.06e-06,4.1e-05,53.28926002
1668281752.5579228,0.043795,0.043795,3.67e-06,-3.2e-05,53.28926002
1668281812.4354825,0.043781,0.043781,3.65e-06,5.4e-05,51.19523752
1668281872.3555746,0.04378,0.04378,3.64e-06,5e-05,51.03936917
1668281933.1821334,0.043735,0.043698,-1.72e-06,-3.2e-05,40.90303784
1668281993.0844638,0.043698,0.043698,-7.15e-06,-1.9e-05,40.90303784
1668282053.1421468,0.043665,0.043733,-1.057e-05,-6.4e-05,46.86278686
1668282113.8863645,0.043665,0.043774,-7.3e-06,-2.3e-05,51.17706361
1668282173.933935,0.043674,0.043674,-1.324e-05,-0.000119,42.18143693
1668282233.9393766,0.043656,0.043656,-1.918e-05,-0.000155,40.79153767
1668282295.0769396,0.043721,0.043721,-1.843e-05,-7e-05,47.51678034
1668282355.0320127,0.0437,0.0437,-2.06e-05,-9.5e-05,45.51743573
1668282414.9392326,0.0437,0.043687,-2.164e-05,-0.000108,44.39007778
1668282476.0092802,0.043732,0.043732,-1.9e-05,-6.1e-05,49.09049852
1668282535.7441795,0.043695,0.043695,-2.436e-05,-8.6e-05,46.10232844
1668282595.581015,0.043695,0.04373,-2.156e-05,-5.1e-05,49.49907698
1668282674.6351876,0.043695,0.04373,-2.156e-05,-5.1e-05,49.49907698
1668282736.2907054,0.043695,0.04373,-2.156e-05,-5.1e-05,49.49907698
1668282776.603683,0.043695,0.04373,-2.156e-05,-5.1e-05,49.49907698
1668282837.4047687,0.043695,0.04373,-2.156e-05,-5.1e-05,49.49907698
1668282897.6904457,0.043695,0.04373,-2.156e-05,-5.1e-05,49.49907698
1668282957.471217,0.043695,0.04373,-2.156e-05,-5.1e-05,49.49907698
1668283018.4589446,0.043643,0.043643,-2.551e-05,-0.000157,42.35376342
1668283078.4857726,0.043643,0.043584,-3.022e-05,-0.000216,38.5772723
1668283138.4770384,0.043643,0.043584,-3.022e-05,-0.000216,38.5772723
1668283199.0842242,0.043677,0.043677,-2.924e-05,-2.1e-05,46.65203775
1668283259.481875,0.04366,0.04366,-2.949e-05,-5e-06,45.47517491
1668283319.2070508,0.04366,0.043654,-2.984e-05,-0.00012,45.04328574
1668283379.9252057,0.04366,0.043658,-2.952e-05,-0.000116,45.33029454
1668283440.2734456,0.04366,0.043658,-2.952e-05,-0.000116,45.33029454
1668283499.9378564,0.04366,0.043658,-2.952e-05,-0.000116,45.33029454
1668283562.0781388,0.04366,0.043658,-2.952e-05,-0.000116,45.33029454
1668283621.197229,0.04366,0.043658,-2.952e-05,-0.000116,45.33029454
1668283681.0335157,0.043663,0.043663,-2.88e-05,-1.1e-05,45.79523497
1668283741.894059,0.043663,0.043663,-2.88e-05,-1.1e-05,45.79523497
1668283802.093042,0.043663,0.043663,-2.88e-05,-1.1e-05,45.79523497
1668283862.4001737,0.043663,0.043663,-2.88e-05,-1.1e-05,45.79523497
1668283922.7453792,0.043739,0.043739,-2.185e-05,8.3e-05,52.41910036
1668283982.7750864,0.04374,0.043717,-1.79e-05,1.7e-05,50.49547598
1668284042.8598256,0.043726,0.043755,-1.152e-05,6.8e-05,53.66467841
1668284104.4492283,0.043755,0.043733,-8.2e-06,7.7e-05,51.60214522
1668284163.8447642,0.043741,0.043755,-4.43e-06,2.5e-05,53.4639387
1668284223.9525957,0.043724,0.043724,-6.91e-06,0.00014,50.9207226
1668284284.763365,0.043785,0.043785,-1.6e-07,0.000108,56.09747565
1668284344.6018257,0.043821,0.043821,8.01e-06,0.000161,58.85568051
1668284404.6158988,0.043849,0.043849,1.655e-05,0.000191,60.9125853
1668284465.5892353,0.043815,0.043785,1.794e-05,0.000122,54.2381326
1668284525.403745,0.043815,0.043785,1.794e-05,0.000122,54.2381326
1668284585.418332,0.043785,0.043785,1.883e-05,4.6e-05,54.2381326
1668284646.781719,0.043853,0.043853,2.474e-05,0.000135,59.68198205
1668284706.4286177,0.043853,0.043853,2.909e-05,9.8e-05,59.68198205
1668284766.553541,0.043829,0.043829,3.025e-05,0.000107,56.91077751
1668284827.1613426,0.043796,0.043796,2.83e-05,0.000101,53.23470885
1668284887.2828605,0.043796,0.043796,2.633e-05,7.2e-05,53.23470885
1668284947.1871796,0.043796,0.043796,2.633e-05,7.2e-05,53.23470885
1668285007.9083416,0.043796,0.043796,2.633e-05,7.2e-05,53.23470885
1668285068.25863,0.043816,0.043816,2.608e-05,3.1e-05,55.25735613
1668285128.0518403,0.043898,0.043898,3.213e-05,7.7e-05,62.43176115
1668285189.7547028,0.043898,0.043938,3.532e-05,0.000117,65.15712429
1668285249.8267317,0.043898,0.043938,3.532e-05,0.000117,65.15712429
1668285309.8812797,0.043898,0.043938,3.532e-05,0.000117,65.15712429
1668285370.773719,0.043922,0.043922,4.088e-05,7.3e-05,63.18267394
1668285430.9947212,0.043922,0.043937,4.596e-05,0.000152,64.27563523
1668285490.840385,0.043926,0.043926,4.855e-05,0.000141,62.80325227
1668285551.7500343,0.043938,0.043938,5.172e-05,8.5e-05,64.35161288
1668285611.920153,0.043938,0.043938,5.172e-05,8.5e-05,64.35161288
1668285671.9882405,0.043938,0.043938,5.172e-05,8.5e-05,64.35161288
1668285732.5397158,0.043819,0.043819,3.935e-05,-1.2e-05,49.39420767
1668285792.6534998,0.043819,0.043819,3.935e-05,-1.2e-05,49.39420767
1668285852.7096138,0.043907,0.043907,3.954e-05,0.000111,57.58899822
1668285913.6601207,0.043907,0.043907,3.954e-05,0.000111,57.58899822
1668285973.7507355,0.043999,0.043999,4.749e-05,6.1e-05,64.82933943
1668286033.6777666,0.043999,0.044046,5.123e-05,0.000108,67.72088767
1668286094.4555497,0.043974,0.043974,4.723e-05,5.2e-05,63.13775464
1668286154.6310737,0.043974,0.044017,5.066e-05,9.5e-05,66.25897001
1668286215.0841928,0.043974,0.04401,5.01e-05,8.8e-05,65.7873874
1668286275.58965,0.044001,0.044036,5.597e-05,9.9e-05,67.59881241
1668286335.4734418,0.044001,0.044036,5.597e-05,9.9e-05,67.59881241
1668286395.5212812,0.044001,0.044036,5.597e-05,9.9e-05,67.59881241
1668286456.7766955,0.044036,0.044042,6.041e-05,0.000104,68.0196169
1668286517.0697217,0.044036,0.043996,5.952e-05,5.8e-05,61.43231477
1668286576.8446205,0.044036,0.043996,5.952e-05,5.8e-05,61.43231477
1668286637.6613612,0.044036,0.043996,5.952e-05,5.8e-05,61.43231477
1668286697.5842085,0.043996,0.044037,6.142e-05,0.000169,64.71254583
1668286758.673803,0.043974,0.043974,5.719e-05,0.000155,56.72849165
1668286818.405882,0.043943,0.043943,5.075e-05,3.6e-05,53.24722119
1668286878.3432455,0.043943,0.043942,5.067e-05,3.5e-05,53.14202187
1668286938.4423554,0.043965,0.043595,1.73e-05,-0.000312,30.57134254
1668286999.1344934,0.043836,0.043903,1.553e-05,-3.8e-05,50.6192866
1668287059.169032,0.043889,0.043867,1.109e-05,-9.5e-05,48.84395941
1668287119.0804825,0.043906,0.043903,1.036e-05,-0.000107,50.70580164
1668287180.125335,0.043804,0.043804,1.77e-06,-0.000232,45.77218937
1668287240.7570825,0.043794,0.043794,-9.38e-06,-0.000202,45.13074475
1668287300.1996214,0.043802,0.043802,-1.119e-05,-0.000235,45.80404642
1668287360.9642408,0.043795,0.043795,-1.481e-05,-0.000179,45.36937129
1668287420.97982,0.043899,0.043899,-7.52e-06,-4.3e-05,51.69113181
1668287480.9200916,0.043899,0.04377,-1.781e-05,-0.000172,44.077758
1668287541.5722563,0.04383,0.043824,-1.822e-05,0.000229,47.66721117
1668287601.9990847,0.04381,0.04381,-1.538e-05,-5.7e-05,46.96257999
1668287661.635557,0.04381,0.043758,-1.953e-05,-0.000109,44.29318345
1668287722.9109747,0.043808,0.043808,-2.026e-05,-9.5e-05,47.38976641
1668287782.7433164,0.043808,0.043808,-2.026e-05,-9.5e-05,47.38976641
1668287842.6586833,0.04394,0.04394,-1.007e-05,8.8e-05,54.56953107
1668287903.751525,0.04394,0.043879,-1.494e-05,2.7e-05,51.51155457
1668287977.8447812,0.043848,0.043848,-1.307e-05,5.4e-05,49.68136131
1668288023.4707232,0.043848,0.043849,-1.299e-05,5.5e-05,49.73836751
1668288084.3556287,0.043788,0.043788,-1.905e-05,-2.8e-05,46.36974663
1668288144.378161,0.043788,0.043779,-1.977e-05,-3.7e-05,45.77856488
1668288204.347829,0.043804,0.043804,-1.98e-05,-3.2e-05,47.50947403
1668288265.578859,0.043804,0.043955,-7.75e-06,0.000119,55.99440151
1668288325.5519316,0.043943,0.043943,1.768e-05,0.000119,53.26028772
1668288385.5847924,0.043984,0.043984,2.512e-05,9.6e-05,55.1572624
1668288446.330557,0.043984,0.044057,3.094e-05,0.000169,58.08640894
1668288506.2616794,0.044111,0.044111,4.341e-05,0.000353,60.1751833
1668288566.4625049,0.044047,0.044047,4.796e-05,0.000239,56.60315404
1668288627.311631,0.044047,0.044066,4.948e-05,0.000258,57.61854549
1668288687.05337,0.044124,0.044124,5.7e-05,0.000245,59.67452094
1668288747.225481,0.044124,0.044009,4.782e-05,0.00013,54.54076151
1668288807.8793173,0.043965,0.043965,4.274e-05,0.000116,52.22473985
1668288867.9467432,0.044006,0.043959,3.62e-05,0.00018,51.91109639
1668288927.916885,0.044033,0.044033,4.46e-05,8.9e-05,54.68371358
1668288988.8951836,0.043964,0.043964,3.551e-05,-0.000153,51.28054393
1668289048.843258,0.043894,0.043894,2.627e-05,-7.3e-05,47.80709974
1668289109.1604624,0.043894,0.043894,2.627e-05,-7.3e-05,47.80709974
1668289169.6986723,0.043894,0.043894,2.627e-05,-7.3e-05,47.80709974
1668289229.7038634,0.043944,0.043944,2.273e-05,-0.000107,50.39184318
1668289289.6091225,0.04401,0.04401,2.422e-05,-0.000101,53.69405732
1668289350.729485,0.04401,0.043932,1.799e-05,-0.000179,49.79513352
1668289410.6322565,0.043951,0.043951,1.579e-05,-4.1e-05,50.78659162
1668289470.3135028,0.043951,0.043951,1.579e-05,-4.1e-05,50.78659162
1668289531.362326,0.043929,0.043929,1.249e-05,7e-06,49.4019928
1668289591.2709713,0.043929,0.043945,1.376e-05,2.3e-05,50.40133501
1668289651.4129286,0.043929,0.043945,1.376e-05,2.3e-05,50.40133501
1668289712.144922,0.043929,0.043945,1.376e-05,2.3e-05,50.40133501
1668289772.1812477,0.043929,0.043945,1.376e-05,2.3e-05,50.40133501
1668289832.1095722,0.043929,0.043945,1.376e-05,2.3e-05,50.40133501
1668289892.7837975,0.043945,0.043945,1.202e-05,-1.4e-05,50.40133501
1668289952.9631395,0.043945,0.043945,1.051e-05,-0.000143,50.40133501
1668290013.048895,0.043945,0.043945,1.051e-05,-0.000143,50.40133501
1668290073.7829747,0.043945,0.043945,1.051e-05,-0.000143,50.40133501
1668290133.7324831,0.043977,0.043977,9.72e-06,1.3e-05,52.91163063
1668290193.9095654,0.043977,0.043998,1.139e-05,3.4e-05,54.38759021
1668290254.900434,0.043977,0.043998,1.139e-05,3.4e-05,54.38759021
1668290314.6433976,0.044,0.044,1.407e-05,0.000106,54.53375584
1668290374.639156,0.044,0.044,1.407e-05,0.000106,54.53375584
1668290436.400137,0.043951,0.043951,1.21e-05,1.9e-05,50.28238586
1668290495.279059,0.044,0.044,1.734e-05,6.8e-05,54.53375584
1668290555.308006,0.043999,0.043999,1.811e-05,3.3e-05,54.4248419
1668290616.1002169,0.043999,0.043999,1.856e-05,4.8e-05,54.41648192
1668290675.9404066,0.043999,0.044,1.864e-05,4.9e-05,54.53375584
1668290736.1004791,0.043999,0.044,1.864e-05,4.9e-05,54.53375584
1668290797.0952497,0.043985,0.043985,1.448e-05,4e-05,52.5832771
1668290857.2735765,0.043985,0.043985,1.448e-05,4e-05,52.5832771
1668290917.3251605,0.043975,0.043975,1.104e-05,3e-05,51.76356096
1668290977.795712,0.043986,0.043986,1.129e-05,5.6e-05,53.02904827
1668291037.935418,0.04395,0.04395,6.26e-06,-4.8e-05,48.77687389
1668291097.799403,0.043999,0.043999,1.149e-05,-1e-06,54.30962969
1668291158.5625503,0.043995,0.043995,1.208e-05,-5e-06,53.74987341
1668291218.6606202,0.043994,0.043994,1.219e-05,-6e-06,53.61415
1668291278.6321526,0.043994,0.043994,1.219e-05,-6e-06,53.61415
1668291340.0607128,0.043994,0.043994,1.219e-05,-6e-06,53.61415
1668291400.047383,0.04393,0.04393,7.1e-06,-7e-05,45.15162404
1668291459.80131,0.04393,0.043968,1.013e-05,-3.2e-05,49.82073675
1668291521.2648706,0.043895,0.043895,2.58e-06,-0.000105,41.04064414
1668291580.781261,0.043895,0.043895,2.58e-06,-0.000105,41.04064414
1668291640.853554,0.043895,0.043895,2.58e-06,-0.000105,41.04064414
1668291701.6093223,0.043879,0.043879,-9.26e-06,-7.1e-05,39.28094909
1668291761.5297508,0.043841,0.043841,-1.681e-05,-0.000134,35.3988977
1668291821.7159665,0.043801,0.043801,-3.003e-05,-0.000149,34.59610706
1668291882.6337144,0.043801,0.043801,-3.567e-05,-0.000199,34.59610706
1668291942.7045715,0.043779,0.043779,-4.144e-05,-0.000221,32.74771528
1668292002.6979425,0.043801,0.043786,-4.358e-05,-0.000208,33.21934969
1668292063.7509944,0.043801,0.043786,-4.358e-05,-0.000208,33.21934969
1668292123.9096096,0.043833,0.043894,-3.751e-05,-0.0001,48.96652051
1668292183.6568244,0.043833,0.043894,-3.751e-05,-0.0001,48.96652051
1668292244.1131952,0.043803,0.043803,-3.959e-05,-0.000165,40.33583541
1668292304.3151658,0.043803,0.043803,-3.959e-05,-0.000165,40.33583541
1668292364.4450257,0.043803,0.043803,-3.959e-05,-0.000165,40.33583541
1668292425.3246295,0.043803,0.043803,-3.959e-05,-0.000165,40.33583541
1668292485.0638492,0.043803,0.043803,-3.959e-05,-0.000165,40.33583541
1668292545.4109535,0.043803,0.043803,-3.959e-05,-0.000165,40.33583541
1668292606.1778936,0.043811,0.043811,-4.013e-05,-8.4e-05,41.31511247
1668292666.007463,0.043811,0.04381,-4.021e-05,-8.5e-05,41.19446444
1668292726.0427113,0.04383,0.04383,-3.864e-05,-6.5e-05,43.68796717
1668292786.9357202,0.04383,0.04383,-3.864e-05,-6.5e-05,43.68796717
1668292847.0442731,0.04383,0.04383,-3.864e-05,-6.5e-05,43.68796717
1668292906.8726988,0.04383,0.04383,-3.864e-05,-6.5e-05,43.68796717
1668292967.5936406,0.043827,0.043827,-3.549e-05,5.6e-05,43.36806125
1668293027.6324863,0.043827,0.043809,-3.692e-05,3.8e-05,41.54287079
1668293087.8854766,0.043827,0.043809,-3.692e-05,3.8e-05,41.54287079
1668293148.5699651,0.043827,0.043809,-3.692e-05,3.8e-05,41.54287079
1668293208.6443186,0.043827,0.043809,-3.692e-05,3.8e-05,41.54287079
1668293268.7437482,0.043827,0.043809,-3.692e-05,3.8e-05,41.54287079
1668293329.454431,0.043827,0.043809,-3.692e-05,3.8e-05,41.54287079
1668293389.4759605,0.043809,0.043809,-3.646e-05,8e-06,41.54287079
1668293449.6831522,0.04381,0.04381,-3.554e-05,9e-06,41.68969433
1668293510.3476882,0.043884,0.043884,-2.851e-05,8.3e-05,52.02170186
1668293570.0715826,0.043884,0.043884,-2.851e-05,8.3e-05,52.02170186
1668293630.5439143,0.043879,0.043879,-2.314e-05,9.3e-05,51.35887926
1668293691.0811768,0.043848,0.043848,-2.127e-05,-4.6e-05,47.34931786
1668293751.194209,0.043848,0.043865,-1.991e-05,-2.9e-05,49.47736428
1668293811.125246,0.043887,0.043887,-1.527e-05,8.4e-05,52.45538134
1668293872.005286,0.043833,0.043833,-1.577e-05,2.3e-05,45.384064
1668293931.8969643,0.043833,0.043836,-1.553e-05,2.6e-05,45.72652091
1668293991.9129508,0.043805,0.043805,-1.803e-05,-2.5e-05,42.18427835
1668294053.7449374,0.043882,0.043882,-1.377e-05,5.2e-05,52.10604626
1668294114.0042524,0.043882,0.04386,-1.552e-05,3e-05,49.65821725
1668294173.994383,0.043882,0.04386,-1.552e-05,3e-05,49.65821725
1668294234.7511425,0.043882,0.04386,-1.552e-05,3e-05,49.65821725
1668294294.5337095,0.043882,0.04386,-1.552e-05,3e-05,49.65821725
1668294354.7315516,0.043882,0.04386,-1.552e-05,3e-05,49.65821725
1668294415.4507563,0.043882,0.04386,-1.552e-05,3e-05,49.65821725
1668294475.6195164,0.043882,0.04386,-1.552e-05,3e-05,49.65821725
1668294535.633703,0.043882,0.04386,-1.552e-05,3e-05,49.65821725
1668294596.4181376,0.043882,0.04386,-1.552e-05,3e-05,49.65821725
1668294656.6729157,0.043882,0.04386,-1.552e-05,3e-05,49.65821725
1668294716.534997,0.043927,0.043927,-7.91e-06,0.000118,56.88529335
1668294777.3741567,0.043927,0.043927,-7.91e-06,0.000118,56.88529335
1668294837.4615824,0.043927,0.043927,-1.85e-06,0.000117,56.88529335
1668294897.0900302,0.043964,0.043964,5.86e-06,0.000153,60.51569612
1668294958.2192078,0.043964,0.043965,5.94e-06,0.000154,60.60534914
1668295018.1570995,0.043965,0.043965,1.198e-05,8.1e-05,60.60534914
1668295078.2395065,0.043965,0.043965,1.198e-05,8.1e-05,60.60534914
1668295138.9410293,0.043946,0.043946,1.506e-05,6.9e-05,57.71752281
1668295199.0735683,0.043946,0.043965,1.658e-05,8.8e-05,60.60534914
1668295258.911902,0.043946,0.043965,1.658e-05,8.8e-05,60.60534914
1668295319.7129335,0.043946,0.043965,1.658e-05,8.8e-05,60.60534914
1668295379.6770966,0.043946,0.043965,1.658e-05,8.8e-05,60.60534914
1668295439.6128998,0.043946,0.043965,1.658e-05,8.8e-05,60.60534914
1668295500.695305,0.043987,0.043987,2.175e-05,0.000122,62.91885341
1668295561.1927652,0.043964,0.043964,2.371e-05,7.7e-05,59.01675502
1668295620.5810735,0.043908,0.043908,2.052e-05,7.2e-05,50.76205189
1668295681.6268065,0.043929,0.043929,1.859e-05,0.000126,53.29538035
1668295741.3269982,0.043965,0.044075,2.933e-05,0.000215,66.0267071
1668295801.3604617,0.044084,0.044086,3.835e-05,0.000159,66.76150394
1668295862.145394,0.044092,0.044108,4.433e-05,0.000181,66.67451919
1668295922.0150526,0.044107,0.044107,5.087e-05,0.000142,66.54399607
1668295982.3329728,0.044103,0.044104,5.518e-05,0.000139,66.12577655
1668296043.5331874,0.044103,0.044104,5.518e-05,0.000139,66.12577655
1668296103.7058735,0.044104,0.044103,5.784e-05,0.000138,65.97692584
1668296163.4911394,0.044102,0.044102,5.919e-05,0.000115,65.8173727
1668296224.1995714,0.044103,0.044103,5.965e-05,0.000139,65.9061647
1668296284.1817005,0.044053,0.044052,5.329e-05,0.000158,58.03881195
1668296344.2333903,0.044052,0.044072,5.13e-05,0.000144,60.16099938
1668296405.1282637,0.044072,0.044104,5.165e-05,2.9e-05,63.36101697
1668296465.051989,0.044071,0.044071,4.673e-05,2.4e-05,60.06000109
1668296525.0339935,0.043964,0.043964,2.872e-05,-0.000144,45.93429426
1668296585.8506317,0.044021,0.044084,3.56e-05,-2.3e-05,57.95146678
1668296645.8430371,0.044045,0.044033,2.876e-05,-7.1e-05,53.2811293
1668296705.831415,0.044052,0.044037,2.664e-05,-6.6e-05,53.73252015
1668296766.668134,0.044052,0.044037,2.664e-05,-6.6e-05,53.73252015
1668296825.643438,0.044052,0.044037,2.664e-05,-6.6e-05,53.73252015
1668296885.9468918,0.044038,0.04406,2.651e-05,-4.2e-05,56.34439833
1668296945.6872544,0.044085,0.044084,2.728e-05,1.3e-05,59.03586448
1668297005.75798,0.044072,0.044072,2.736e-05,2e-05,57.20237785
1668297065.922647,0.044053,0.044053,2.56e-05,-1.8e-05,54.32549264
1668297125.593983,0.044053,0.043937,1.635e-05,-0.000134,41.56335476
1668297185.6256645,0.044053,0.043937,1.635e-05,-0.000134,41.56335476
1668297245.948856,0.043998,0.043998,1.24e-05,-7.3e-05,48.42482241
1668297305.7725482,0.043998,0.043998,1.24e-05,-7.3e-05,48.42482241
1668297365.702199,0.043999,0.044097,1.706e-05,0.000142,57.20687091
1668297425.7741437,0.044097,0.044023,1.462e-05,-1.4e-05,50.31085848
1668297535.133325,0.0441,0.04408,1.708e-05,4.8e-05,54.82784195
1668297595.7976916,0.044097,0.044097,2.017e-05,6.4e-05,56.10933976
1668297655.1008255,0.043986,0.044012,1.029e-05,-2.5e-05,49.10291688
1668297716.075455,0.044075,0.044075,1.283e-05,2.7e-05,54.22958405
1668297776.1054602,0.044075,0.043989,5.97e-06,-5.9e-05,47.17388589
1668297835.8427467,0.04396,0.04396,2e-07,-0.000124,44.78487503
1668297896.9740214,0.04396,0.043969,9.2e-07,-0.000115,45.499984
1668297956.803985,0.043937,0.043937,-5.6e-06,-0.000135,42.8783556
1668298021.318326,0.043988,0.043988,-5.77e-06,5.1e-05,47.84149247
1668298077.9351196,0.043988,0.043988,-5.77e-06,5.1e-05,47.84149247
1668298137.6343536,0.044033,0.044033,-3.07e-06,3.5e-05,52.12497291
1668298197.68442,0.043951,0.044013,-2.51e-06,-8.4e-05,50.15356888
1668298258.3929565,0.043951,0.044013,-2.51e-06,-8.4e-05,50.15356888
1668298318.4873805,0.043951,0.044013,-2.51e-06,-8.4e-05,50.15356888
1668298378.485531,0.044013,0.044013,-2.04e-06,-1e-05,50.15356888
1668298439.2260296,0.043954,0.043954,-6.36e-06,-0.000126,44.40742179
1668298499.2348392,0.043954,0.044013,-1.65e-06,-6.7e-05,50.15356888
1668298559.2167883,0.043954,0.044013,-1.65e-06,-6.7e-05,50.15356888
1668298620.709119,0.04401,0.04401,-1.57e-06,-1e-06,49.80070226
1668298680.0704114,0.043943,0.043943,-1.095e-05,-6.9e-05,43.0380795
1668298739.990915,0.043943,0.043943,-1.095e-05,-6.9e-05,43.0380795
1668298800.9667242,0.043944,0.043944,-1.608e-05,-2.5e-05,43.17165883
1668298860.9003897,0.043944,0.043944,-1.759e-05,-6e-06,43.17165883
1668298920.88414,0.043945,0.043943,-1.865e-05,-4.5e-05,43.04558143
1668298981.6543205,0.043943,0.043943,-1.927e-05,-9e-05,43.04558143
1668299041.924463,0.043913,0.043913,-1.953e-05,-0.0001,40.77926669
1668299101.668574,0.043915,0.043915,-2.179e-05,-9.8e-05,41.09607277
1668299162.8839746,0.04386,0.04386,-2.991e-05,-0.000153,35.56982805
1668299222.8249848,0.043879,0.043879,-3.217e-05,-6.4e-05,38.73638427
1668299282.7252576,0.043863,0.043863,-3.602e-05,-8e-05,36.13116792
1668299343.5174675,0.04391,0.04386,-3.768e-05,-8.4e-05,35.79531627
1668299403.5578074,0.04391,0.043843,-3.904e-05,-0.000101,34.00419242
1668299463.3954985,0.04391,0.043843,-3.904e-05,-0.000101,34.00419242
1668299524.2670922,0.043873,0.043873,-3.856e-05,-7.1e-05,39.73506946
1668299584.3774264,0.043738,0.043738,-5.523e-05,-0.000206,25.39196834
1668299645.056367,0.043738,0.043795,-5.068e-05,-0.000149,32.87511495
1668299705.3814886,0.043768,0.043768,-5.494e-05,-0.000175,30.63317518
1668299765.3594034,0.043768,0.043864,-4.729e-05,-7.9e-05,43.45152234
1668299825.281149,0.043768,0.043864,-4.729e-05,-7.9e-05,43.45152234
1668299886.17206,0.043792,0.043792,-4.983e-05,-0.00019,36.91527072
1668299946.2399015,0.043825,0.043825,-4.862e-05,-8.8e-05,41.275499
1668300006.3636117,0.043825,0.043821,-4.894e-05,-9.2e-05,40.77935912
1668300067.0383255,0.043825,0.043821,-4.894e-05,-9.2e-05,40.77935912
1668300127.0990653,0.043795,0.043795,-4.976e-05,-8.4e-05,38.50232371
1668300187.6928065,0.043795,0.043764,-5.223e-05,-0.000115,36.09899671
1668300248.3210683,0.043795,0.043764,-5.223e-05,-0.000115,36.09899671
1668300308.3406646,0.043715,0.043715,-5.813e-05,-0.000145,32.63174556
1668300383.5260117,0.043716,0.043703,-6.353e-05,-0.000157,31.86304362
1668300429.738483,0.043756,0.043756,-6.232e-05,-0.000107,39.0354317
1668300489.4085114,0.043801,0.043781,-5.589e-05,-6.2e-05,42.37320725
1668300549.249071,0.043781,0.043781,-5.302e-05,1.7e-05,42.37320725
1668300610.1446693,0.043781,0.043781,-5.018e-05,-1.4e-05,42.37320725
1668300670.926539,0.043744,0.043744,-5.261e-05,-0.00012,39.19564856
1668300730.1491082,0.043789,0.043789,-4.801e-05,-3e-06,45.01199618
1668300791.0633109,0.04378,0.04378,-4.377e-05,-4.1e-05,44.3186868
1668300850.9701717,0.043771,0.043771,-4.143e-05,7e-06,43.4179458
1668300910.920945,0.043771,0.043771,-4.143e-05,7e-06,43.4179458
1668300972.1095695,0.043777,0.043777,-3.87e-05,7e-05,44.22538509
1668301032.1083224,0.043777,0.043777,-3.87e-05,7e-05,44.22538509
1668301092.0047643,0.043853,0.043853,-3.006e-05,0.00015,53.31342464
1668301153.1147077,0.043853,0.04377,-3.668e-05,6.7e-05,43.44642239
1668301213.1044445,0.043834,0.043834,-2.952e-05,3.3e-05,51.80448164
1668301272.9169655,0.043791,0.043791,-2.706e-05,1e-05,46.77961407
1668301333.5388567,0.043791,0.043791,-2.706e-05,1e-05,46.77961407
1668301393.6483896,0.04377,0.04377,-2.65e-05,-1.1e-05,44.50901331
1668301453.5530672,0.043751,0.043751,-2.85e-05,7e-06,42.67878562
1668301514.795166,0.043744,0.043744,-2.906e-05,0.0,41.9285729
1668301574.5902977,0.043744,0.043744,-2.906e-05,0.0,41.9285729
1668301634.587865,0.043744,0.043744,-2.906e-05,0.0,41.9285729
1668301695.4055717,0.043823,0.043823,-2.255e-05,4.2e-05,52.7823786
1668301755.814457,0.043823,0.043823,-2.255e-05,4.2e-05,52.7823786
1668301815.3178475,0.043823,0.043823,-2.255e-05,4.2e-05,52.7823786
1668301876.1999347,0.043823,0.043823,-2.255e-05,4.2e-05,52.7823786
1668301936.2064257,0.043747,0.043788,-1.997e-05,1.7e-05,48.45727041
1668301996.346217,0.043747,0.043788,-1.997e-05,1.7e-05,48.45727041
1668302057.6944106,0.043747,0.043788,-1.997e-05,1.7e-05,48.45727041
1668302117.5353477,0.043747,0.043788,-1.997e-05,1.7e-05,48.45727041
1668302177.6915324,0.043747,0.043788,-1.997e-05,1.7e-05,48.45727041
1668302238.5939395,0.043744,0.04372,-2.314e-05,-5.7e-05,41.3652605
1668302298.4711857,0.043706,0.043706,-2.648e-05,-6.5e-05,40.06514797
1668302358.601819,0.04372,0.04372,-2.767e-05,-0.000114,42.02739062
1668302419.4380214,0.043712,0.043712,-2.893e-05,-7.9e-05,41.19736903
1668302479.295346,0.043706,0.043706,-3.007e-05,-4.4e-05,40.55052526
1668302539.3270347,0.043706,0.043705,-3.015e-05,-4.5e-05,40.44468762
1668302600.1561985,0.043706,0.043705,-3.015e-05,-4.5e-05,40.44468762
1668302660.289739,0.043706,0.043705,-3.015e-05,-4.5e-05,40.44468762
1668302720.2393649,0.043706,0.043705,-3.015e-05,-4.5e-05,40.44468762
1668302781.2001455,0.043706,0.043705,-3.015e-05,-4.5e-05,40.44468762
1668302841.2152195,0.043706,0.043705,-3.015e-05,-4.5e-05,40.44468762
1668302901.2390945,0.043706,0.043705,-3.015e-05,-4.5e-05,40.44468762
1668302961.9806602,0.043706,0.043705,-3.015e-05,-4.5e-05,40.44468762
1668303022.1952662,0.043706,0.043705,-3.015e-05,-4.5e-05,40.44468762
1668303082.0388277,0.043706,0.043705,-3.015e-05,-4.5e-05,40.44468762
1668303142.9386716,0.043712,0.043712,-3.02e-05,-3.9e-05,41.59385926
1668303202.921177,0.043712,0.043712,-3.02e-05,-3.9e-05,41.59385926
1668303262.8071675,0.043712,0.043712,-3.02e-05,-3.9e-05,41.59385926
1668303324.117512,0.043712,0.043712,-3.02e-05,-3.9e-05,41.59385926
1668303383.9069018,0.043705,0.043705,-3.046e-05,-3.9e-05,40.74712707
1668303443.899497,0.043666,0.043666,-3.675e-05,-7.9e-05,37.74436715
1668303504.709613,0.043666,0.043655,-3.762e-05,-9e-05,35.91057865
1668303564.6388762,0.043666,0.043655,-3.762e-05,-9e-05,35.91057865
1668303624.757376,0.043666,0.043655,-3.762e-05,-9e-05,35.91057865
1668303685.6571152,0.04367,0.04367,-3.828e-05,-0.000118,38.56793011
1668303745.4832256,0.04367,0.04367,-3.828e-05,-0.000118,38.56793011
1668303805.4468863,0.04367,0.04367,-3.828e-05,-0.000118,38.56793011
1668303866.855739,0.043598,0.043598,-4.522e-05,-0.000108,31.12313883
1668303926.711658,0.043598,0.043584,-4.634e-05,-0.000122,29.95477891
1668303987.030373,0.043576,0.043576,-5.354e-05,-0.000136,29.27840429
1668304047.6336806,0.043607,0.043607,-4.972e-05,-9.8e-05,36.50993845
1668304107.6238103,0.043607,0.043767,-3.696e-05,6.2e-05,56.18236345
1668304167.5347922,0.043831,0.043827,-2.176e-05,0.000115,61.2592909
1668304228.1888478,0.043793,0.043793,-2.62e-06,0.000138,56.88959972
1668304288.3345137,0.043697,0.043697,-1.304e-05,2.7e-05,47.96440284
1668304348.3397174,0.043697,0.043697,-1.304e-05,2.7e-05,47.96440284
1668304409.1450846,0.043666,0.043666,-9.77e-06,3.4e-05,45.92203846
1668304468.9221268,0.043666,0.043666,-9.77e-06,3.4e-05,45.92203846
1668304528.929389,0.043666,0.043666,-9.77e-06,3.4e-05,45.92203846
1668304590.185968,0.043666,0.043666,-9.77e-06,3.4e-05,45.92203846
1668304650.0895028,0.043666,0.043666,-9.77e-06,3.4e-05,45.92203846
1668304710.1719596,0.043666,0.043666,-9.77e-06,3.4e-05,45.92203846
1668304770.7966645,0.043702,0.043702,-9.59e-06,0.000118,48.70791189
1668304831.0939422,0.043702,0.043702,-9.59e-06,0.000118,48.70791189
1668304890.8196898,0.043702,0.043702,-9.59e-06,0.000118,48.70791189
1668304951.5599213,0.043726,0.043726,-5.65e-06,0.000102,50.53732624
1668305011.8584738,0.043647,0.043647,-1.82e-05,-0.00012,45.69995719
1668305071.586162,0.043621,0.043621,-2.208e-05,-0.000206,44.03873321
1668305132.5842197,0.043621,0.043695,-1.617e-05,-0.000132,49.23523573
1668305192.6204083,0.043621,0.043695,-1.617e-05,-0.000132,49.23523573
1668305252.603572,0.043676,0.043676,-1.592e-05,-0.000152,47.90567709
1668305313.571824,0.043676,0.043692,-1.464e-05,-0.000136,49.02042044
1668305373.4754553,0.043676,0.043692,-1.464e-05,-0.000136,49.02042044
1668305433.4874015,0.0436,0.0436,-2.062e-05,-6e-05,42.84656517
1668305494.224527,0.0436,0.0436,-2.062e-05,-6e-05,42.84656517
1668305554.214552,0.0436,0.0436,-2.506e-05,-9.7e-05,42.84656517
1668305614.2122586,0.043644,0.043644,-2.475e-05,-0.000135,46.5784651
1668305675.104883,0.043644,0.043686,-2.14e-05,-9.3e-05,49.71277503
1668305735.0838616,0.043699,0.043699,-1.725e-05,3.3e-05,50.6773821
1668305795.003116,0.043699,0.043699,-1.725e-05,3.3e-05,50.6773821
1668305855.8171666,0.04375,0.04375,-9.73e-06,4.8e-05,54.37488285
1668305915.838895,0.04375,0.04375,-9.73e-06,4.8e-05,54.37488285
1668305975.8583343,0.04375,0.04375,-9.73e-06,4.8e-05,54.37488285
1668306036.8446462,0.04375,0.04375,-9.73e-06,4.8e-05,54.37488285
1668306096.8166242,0.04375,0.04375,-9.73e-06,4.8e-05,54.37488285
1668306156.8512385,0.04375,0.04375,-9.73e-06,4.8e-05,54.37488285
1668306217.5407426,0.04375,0.04375,-9.73e-06,4.8e-05,54.37488285
1668306277.613628,0.043749,0.043749,-3.81e-06,2.3e-05,54.28894429
1668306337.6975243,0.043713,0.043713,-5.02e-06,0.000112,51.38517709
1668306398.5779266,0.043703,0.043703,-2.66e-06,5.6e-05,50.42731503
1668306458.6093707,0.043703,0.043648,-7.05e-06,1e-06,46.44088896
1668306518.628353,0.043658,0.043658,-8.76e-06,-3.7e-05,47.25728769
1668306579.4648998,0.043682,0.043682,-8.08e-06,-1e-05,49.25643973
1668306639.2471535,0.043682,0.043682,-8.08e-06,-1e-05,49.25643973
1668306699.442136,0.043682,0.043682,-8.08e-06,-1e-05,49.25643973
1668306760.331879,0.043682,0.043682,-8.08e-06,-1e-05,49.25643973
1668306820.3854697,0.043618,0.043618,-1.256e-05,1.8e-05,44.42110909
1668306880.3166451,0.043612,0.043612,-1.9e-05,1.2e-05,44.81561596
1668306941.326727,0.04364,0.04364,-1.86e-05,-4.6e-05,47.12318186
1668307001.4279766,0.04364,0.043637,-1.884e-05,-4.9e-05,46.88149908
1668307061.3682942,0.04364,0.043637,-1.884e-05,-4.9e-05,46.88149908
1668307122.147148,0.043556,0.043556,-2.73e-05,-0.000194,41.17082086
1668307182.1214497,0.043556,0.043536,-2.889e-05,-0.000214,39.93155977
1668307242.4482431,0.043556,0.043536,-2.889e-05,-0.000214,39.93155977
1668307302.9986825,0.043537,0.043537,-3.415e-05,-0.000163,40.02876083
1668307363.0644352,0.043584,0.043584,-3.284e-05,-0.000145,44.43456736
1668307423.1825843,0.043584,0.043584,-3.284e-05,-0.000145,44.43456736
1668307484.028551,0.043579,0.043579,-3.769e-05,-7.9e-05,45.72004785
1668307543.8017683,0.043579,0.0436,-3.601e-05,-5.8e-05,47.3340658
1668307603.921533,0.043579,0.0436,-3.601e-05,-5.8e-05,47.3340658
1668307664.8853154,0.043579,0.0436,-3.601e-05,-5.8e-05,47.3340658
1668307724.868472,0.043603,0.043603,-3.286e-05,-7.9e-05,47.57389559
1668307784.8734932,0.043603,0.04356,-3.629e-05,-0.000122,44.61290157
1668307846.2569115,0.043596,0.043596,-2.725e-05,2e-05,47.19594374
1668307905.7418532,0.043596,0.043596,-2.725e-05,2e-05,47.19594374
1668307965.618557,0.043596,0.043596,-2.725e-05,2e-05,47.19594374
1668308026.7513106,0.04361,0.04361,-2.48e-05,-8e-06,48.27476709
1668308087.452644,0.04357,0.04357,-2.579e-05,-6.7e-05,45.41952907
1668308146.691637,0.04357,0.043641,-2.013e-05,4e-06,50.67771619
1668308207.722369,0.04356,0.04356,-2.27e-05,-4.2e-05,44.81888276
1668308268.0509386,0.04356,0.043634,-1.679e-05,3.2e-05,50.11160536
1668308327.6144524,0.04356,0.043634,-1.679e-05,3.2e-05,50.11160536
1668308388.4274828,0.043628,0.043628,-1.447e-05,9.2e-05,49.60015283
1668308448.6110148,0.043558,0.043558,-1.801e-05,0.0,43.95760273
1668308508.4689293,0.043558,0.043538,-1.96e-05,-2e-05,42.57518906
1668308569.3849452,0.043552,0.043552,-2.235e-05,-3.2e-05,43.9050628
1668308629.3223846,0.043325,0.043325,-5.658e-05,-0.000178,31.49975143
1668308689.541615,0.0434,0.0434,-6.067e-05,-0.0002,37.97444071
1668308750.4659324,0.043465,0.043465,-5.968e-05,-0.000192,43.12439371
1668308810.6876962,0.043485,0.043485,-5.664e-05,-0.000111,44.64729839
1668308870.915054,0.043536,0.043557,-4.872e-05,-5.3e-05,49.91841138
1668308931.5494444,0.043495,0.043495,-4.604e-05,-0.000146,45.91888682
1668308991.2960317,0.0435,0.043454,-4.502e-05,-0.00018,43.33021
1668309051.3021555,0.0435,0.043454,-4.502e-05,-0.00018,43.33021
1668309112.1241322,0.043461,0.043461,-4.874e-05,-7.7e-05,45.21947439
1668309172.2590244,0.043562,0.043562,-3.369e-05,0.000241,51.50154578
1668309232.0292923,0.043562,0.043609,-2.994e-05,0.000288,54.096146
1668309293.3416631,0.043606,0.043606,-2.005e-05,0.000254,53.89793727
1668309353.269203,0.043623,0.043623,-1.072e-05,0.000223,54.90622708
1668309413.2923634,0.043623,0.043586,-1.367e-05,0.000186,52.51645511
1668309474.1266117,0.043662,0.043663,-2.37e-06,0.000198,57.07787227
1668309534.2094731,0.043662,0.043663,-2.37e-06,0.000198,57.07787227
1668309594.2121212,0.043607,0.043607,2.04e-06,0.000136,53.08393062
1668309654.9267015,0.043607,0.043606,1.96e-06,0.000135,53.01768355
1668309715.1448684,0.043607,0.043606,1.96e-06,0.000135,53.01768355
1668309775.071808,0.04367,0.04367,1.646e-05,0.000148,56.77166971
1668309835.900063,0.04371,0.043697,2.316e-05,0.000243,58.41595684
1668309895.832901,0.043664,0.043664,2.601e-05,0.000277,55.68576754
1668309955.7859738,0.043664,0.043664,2.601e-05,0.000277,55.68576754
1668310017.1106174,0.043664,0.043664,2.601e-05,0.000277,55.68576754
1668310077.012877,0.043664,0.043664,2.795e-05,0.000124,55.68576754
1668310137.073055,0.043664,0.043664,2.795e-05,0.000124,55.68576754
1668310197.829086,0.043664,0.043664,2.795e-05,0.000124,55.68576754
1668310258.0020878,0.043664,0.043664,2.795e-05,0.000124,55.68576754
1668310317.8330534,0.043664,0.043664,2.795e-05,0.000124,55.68576754
1668310378.6231294,0.043664,0.043664,2.915e-05,5.5e-05,55.68576754
1668310438.5859685,0.043664,0.043664,2.976e-05,5.8e-05,55.68576754
1668310498.5946968,0.043664,0.043664,2.976e-05,5.8e-05,55.68576754
1668310559.5321698,0.043664,0.043664,2.989e-05,7.8e-05,55.68576754
1668310619.5273778,0.04361,0.04361,2.147e-05,-5.3e-05,50.53432321
1668310679.5843315,0.043527,0.043528,9.68e-06,-7.8e-05,43.61643343
1668310740.3943267,0.043554,0.043554,4.79e-06,-0.000108,46.22212515
1668310800.4235308,0.043619,0.043619,6.08e-06,-4.3e-05,52.17284772
1668310860.4099238,0.043619,0.043584,3.29e-06,-7.8e-05,49.14262392
1668310921.5169516,0.043619,0.043584,3.29e-06,-7.8e-05,49.14262392
1668310981.0437984,0.04353,0.04353,-2.23e-06,-0.000167,44.46204069
1668311041.1127934,0.04345,0.04345,-1.432e-05,-0.000214,38.7017806
1668311102.1065383,0.04345,0.043438,-1.528e-05,-0.000226,37.94885165
1668311162.0204766,0.04348,0.043421,-2.525e-05,-0.000243,36.85496724
1668311222.3124118,0.043491,0.043491,-2.719e-05,-0.000173,44.01154044
1668311282.7971468,0.043481,0.043481,-3.099e-05,-0.000183,43.22668116
1668311342.717729,0.043469,0.043469,-3.325e-05,-0.000132,42.08698281
1668311402.766578,0.043481,0.043481,-3.361e-05,-9.1e-05,43.70814498
1668311463.6118724,0.043481,0.043481,-3.361e-05,-9.1e-05,43.70814498
1668311523.914413,0.043481,0.043481,-3.361e-05,-9.1e-05,43.70814498
1668311583.5807507,0.043481,0.043481,-3.361e-05,-9.1e-05,43.70814498
1668311645.9026885,0.043481,0.043481,-3.361e-05,-9.1e-05,43.70814498
1668311705.8799503,0.043481,0.043481,-3.361e-05,-9.1e-05,43.70814498
1668311766.3393764,0.043481,0.043481,-3.361e-05,-9.1e-05,43.70814498
1668311826.7264934,0.043481,0.043481,-3.361e-05,-9.1e-05,43.70814498
1668311886.6537178,0.043481,0.043481,-3.307e-05,-4.7e-05,43.70814498
1668311946.793155,0.043481,0.043481,-3.307e-05,-4.7e-05,43.70814498
1668312007.5755782,0.043481,0.043481,-3.307e-05,-4.7e-05,43.70814498
1668312067.0349815,0.043482,0.043542,-2.741e-05,-1.2e-05,50.56561362
1668312126.6442668,0.043541,0.043481,-2.753e-05,-0.000103,44.70122935
1668312187.0264356,0.043409,0.043409,-3.102e-05,-9.8e-05,38.79488045
1668312247.3438847,0.04337,0.04337,-3.857e-05,-6.8e-05,36.10061242
1668312306.729035,0.04337,0.04337,-4.405e-05,-5.1e-05,36.10061242
1668312366.631776,0.043357,0.043357,-4.968e-05,-0.000105,35.22250026
1668312426.7394614,0.043357,0.043357,-4.968e-05,-0.000105,35.22250026
1668312486.8317108,0.043357,0.043357,-5.271e-05,-0.000116,35.22250026
1668312546.8974433,0.043479,0.043479,-3.705e-05,1.7e-05,48.77530065
1668312606.8985777,0.043359,0.043359,-4.175e-05,-0.000122,39.45388297
1668312667.5195923,0.043452,0.043523,-3.138e-05,4.2e-05,52.76421467
1668312726.7260716,0.043527,0.043527,-2.209e-05,-1.5e-05,52.86137587
1668312786.8058465,0.04345,0.04345,-2.657e-05,-6.4e-05,47.68662508
1668312846.6544428,0.043449,0.043449,-2.492e-05,4e-05,47.61648928
1668312906.8222916,0.043449,0.043449,-2.492e-05,4e-05,47.61648928
1668312967.1871245,0.043449,0.043449,-2.492e-05,4e-05,47.61648928
1668313026.8263106,0.043449,0.043449,-2.492e-05,4e-05,47.61648928
1668313086.969367,0.043449,0.043449,-2.492e-05,4e-05,47.61648928
1668313146.902216,0.04355,0.04355,-1.528e-05,0.00018,54.8407869
1668313206.7845042,0.0435,0.0435,-1.155e-05,0.000143,51.08478412
1668313266.760004,0.0435,0.0435,-1.155e-05,0.000143,51.08478412
1668313326.845533,0.0435,0.0435,-1.155e-05,0.000143,51.08478412
1668313386.718277,0.0435,0.0435,-1.155e-05,0.000143,51.08478412
1668313446.6688888,0.0435,0.0435,-1.155e-05,0.000143,51.08478412
1668313506.674765,0.043477,0.043477,-1.032e-05,0.00012,49.40842989
1668313566.8845048,0.043477,0.043537,-5.54e-06,0.00018,53.61642914
1668313626.8892012,0.043477,0.043537,-5.54e-06,0.00018,53.61642914
1668313687.2012684,0.043477,0.043537,-5.54e-06,0.00018,53.61642914
1668313746.870447,0.043471,0.043471,-6.03e-06,-1.1e-05,48.76780074
1668313806.902943,0.043468,0.043462,-3.93e-06,-1.7e-05,47.87467454
1668313867.0607443,0.043468,0.043462,-3.93e-06,-1.7e-05,47.87467454
1668313927.0369468,0.043468,0.043462,-3.93e-06,-1.7e-05,47.87467454
1668313986.7390816,0.043462,0.043462,-5.42e-06,9.5e-05,47.87467454
1668314046.8939607,0.043538,0.043538,4.15e-06,-1e-06,53.40455238
1668314106.7677803,0.043536,0.043536,6.76e-06,8.8e-05,53.23236989
1668314166.939818,0.043494,0.043494,5.37e-06,4.4e-05,49.61473016
1668314226.97221,0.0436,0.0436,1.65e-05,0.000151,58.13043539
1668314287.0673668,0.0436,0.0436,1.65e-05,0.000151,58.13043539
1668314346.779108,0.0436,0.043598,2.1e-05,4.8e-05,57.9216219
1668314406.7865808,0.04361,0.043613,2.609e-05,0.000113,59.11680252
1668314467.0193005,0.043739,0.043739,3.921e-05,0.000202,67.48080184
1668314527.0341337,0.043736,0.043736,4.622e-05,0.000214,67.48080184
1668314586.8011117,0.043699,0.043749,5.257e-05,0.000287,68.41130056
1668314647.0555904,0.043699,0.043749,5.925e-05,0.000212,68.41130056
1668314706.76265,0.04375,0.04375,6.389e-05,0.000212,68.47817199
1668314766.769357,0.04375,0.043796,6.756e-05,0.000258,71.27535799
1668314826.8233593,0.043769,0.043761,7.051e-05,0.000225,66.44408921
1668314886.905269,0.043769,0.043699,6.557e-05,0.000163,59.32121208
1668314946.9541495,0.0437,0.0437,6.334e-05,0.000144,59.39681736
1668315007.3772676,0.043709,0.043709,6.159e-05,0.000109,60.1153023
1668315066.686962,0.04371,0.04371,5.959e-05,0.000102,60.1995751
1668315126.928082,0.043722,0.043722,5.831e-05,0.000109,61.25745234
1668315186.8155053,0.043734,0.043788,6.19e-05,9.1e-05,66.52717021
1668315246.8073878,0.043717,0.043717,5.835e-05,1.8e-05,57.47095564
1668315306.9166622,0.043717,0.043717,5.49e-05,-3.2e-05,57.47095564
1668315366.867639,0.04373,0.04373,5.255e-05,-1.9e-05,58.63751854
1668315426.974999,0.04373,0.043717,5.151e-05,-3.2e-05,57.44696162
1668315487.4393585,0.043725,0.043725,4.897e-05,-7.1e-05,58.24348611
1668315546.981503,0.043727,0.043799,5.232e-05,0.0001,64.80591553
1668315606.8069909,0.0438,0.0438,5.449e-05,0.0001,64.88050147
1668315666.986863,0.0438,0.0438,5.551e-05,9.1e-05,64.88050147
1668315727.0675802,0.043799,0.043799,5.56e-05,8.9e-05,64.70922112
1668315786.9497294,0.043725,0.043725,4.913e-05,3e-06,53.46179199
1668315847.0986938,0.043725,0.043725,4.35e-05,-6.3e-05,53.46179199
1668315906.8621986,0.043694,0.043781,4.177e-05,6.4e-05,58.94276556
1668315966.8860009,0.043696,0.043696,2.923e-05,-2e-05,49.73592271
1668316027.1299188,0.043694,0.043723,2.654e-05,6e-06,53.43145663
1668316087.2660575,0.043694,0.043723,2.654e-05,6e-06,53.43145663
1668316146.951296,0.043694,0.043723,2.654e-05,6e-06,53.43145663
1668316207.0720077,0.043731,0.043731,2.477e-05,6e-06,54.49891786
1668316266.8340583,0.04367,0.043708,2.238e-05,-9.2e-05,50.63831547
1668316327.0287538,0.04367,0.043708,2.238e-05,-9.2e-05,50.63831547
1668316387.0187802,0.043708,0.043708,1.912e-05,-9.2e-05,50.63831547
1668316447.2346296,0.043708,0.043708,1.912e-05,-9.2e-05,50.63831547
1668316506.8961363,0.043708,0.043708,1.912e-05,-9.2e-05,50.63831547
1668316567.0276124,0.043708,0.043708,1.912e-05,-9.2e-05,50.63831547
1668316626.9418972,0.043708,0.043708,1.635e-05,-9.2e-05,50.63831547
1668316687.1436088,0.043708,0.043758,2.034e-05,-4.2e-05,57.14704389
1668316746.9355814,0.043699,0.043699,1.636e-05,-0.0001,48.94566133
1668316807.0582192,0.043701,0.043701,1.321e-05,-2.4e-05,49.21174563
1668316867.053758,0.043721,0.043754,1.482e-05,5e-05,55.78771942
1668316926.8781445,0.043721,0.043765,1.57e-05,6.1e-05,56.94473672
1668316986.8921945,0.043771,0.043771,1.795e-05,7.5e-05,57.59657686
1668317047.0700018,0.0438,0.043749,1.954e-05,5.3e-05,53.57003846
1668317107.028114,0.043749,0.043749,1.875e-05,2.6e-05,53.57003846
1668317167.1395504,0.043732,0.043732,1.576e-05,-1.7e-05,51.42075459
1668317227.048146,0.043734,0.043735,1.466e-05,2.7e-05,51.76100179
1668317286.9553456,0.043749,0.043803,1.868e-05,9.5e-05,59.67563549
1668317346.94348,0.043749,0.043803,1.868e-05,9.5e-05,59.67563549
1668317406.955155,0.043749,0.043803,1.868e-05,9.5e-05,59.67563549
1668317467.148966,0.043749,0.043803,1.868e-05,9.5e-05,59.67563549
1668317526.9923403,0.043859,0.043859,2.608e-05,0.000101,64.79792995
1668317587.1115794,0.043898,0.043899,3.718e-05,0.0002,67.73141125
1668317646.9785872,0.043862,0.043862,4.006e-05,0.000161,62.18306019
1668317707.1022713,0.043861,0.043861,4.178e-05,9.6e-05,62.03515118
1668317766.8330562,0.043804,0.043804,3.459e-05,4e-06,54.62857869
1668317826.88992,0.043888,0.043878,4.247e-05,0.000129,61.13037414
1668317887.0331855,0.043876,0.043876,4.35e-05,0.00014,60.85758236
1668317947.028874,0.043898,0.043898,4.193e-05,0.00016,60.56119951
1668318007.0538423,0.043877,0.043804,3.641e-05,6.9e-05,51.17543563
1668318067.0533068,0.04376,0.043687,2.228e-05,-0.000116,42.37737952
1668318127.0589712,0.043669,0.043669,9.45e-06,-0.000229,41.2121109
1668318187.0522575,0.043669,0.043669,-5.8e-07,-0.00023,41.2121109
1668318247.0722067,0.043645,0.043645,-8e-06,-0.000217,40.48059725
1668318306.9727907,0.043706,0.043706,-1.124e-05,-9.8e-05,45.88909853
1668318367.0564156,0.043706,0.043706,-1.124e-05,-9.8e-05,45.88909853
1668318427.0393925,0.043706,0.043706,-1.124e-05,-9.8e-05,45.88909853
1668318487.2296338,0.043706,0.043706,-1.124e-05,-9.8e-05,45.88909853
1668318547.2740183,0.043706,0.043706,-1.124e-05,-9.8e-05,45.88909853
1668318606.9839563,0.043706,0.043706,-1.124e-05,-9.8e-05,45.88909853
1668318666.909422,0.043706,0.043706,-1.124e-05,-9.8e-05,45.88909853
1668318727.015731,0.043706,0.043706,-1.124e-05,-9.8e-05,45.88909853
1668318786.974014,0.04365,0.04365,-1.811e-05,-0.000226,42.10633903
1668318847.0463088,0.043731,0.043731,-1.172e-05,-0.000147,47.97670587
1668318907.000034,0.043731,0.043759,-9.48e-06,-0.000119,50.27640925
1668318967.1084669,0.043762,0.04376,-7.72e-06,-5.7e-05,50.36127665
1668319026.9191272,0.04376,0.04376,-6.26e-06,-0.000138,50.36127665
1668319087.092996,0.04376,0.04376,-6.26e-06,-0.000138,50.36127665
1668319147.126358,0.043757,0.043757,-5.28e-06,-4.6e-05,50.06397701
1668319207.2022717,0.043757,0.043757,-5.28e-06,-4.6e-05,50.06397701
1668319267.1103537,0.043712,0.043768,-3.57e-06,8.3e-05,51.20150016
1668319327.0784757,0.043789,0.043789,-5.2e-07,0.00012,53.38466436
1668319386.9911926,0.043782,0.043782,1.32e-06,7.5e-05,52.54086235
1668319447.106141,0.04377,0.04377,1.79e-06,0.000125,51.05116653
1668319507.1340208,0.043799,0.043799,6.24e-06,9.3e-05,54.42489023
1668319567.158569,0.043799,0.043828,8.55e-06,0.000122,57.52272262
1668319627.151992,0.043803,0.043803,9.94e-06,7e-05,54.10827411
1668319687.1032104,0.043803,0.043803,1.092e-05,4.4e-05,54.10827411
1668319747.0511532,0.043785,0.043783,9.97e-06,2.3e-05,51.28390424
1668319807.1640527,0.0438,0.0438,1.046e-05,4e-05,53.50549044
1668319867.1484764,0.043796,0.043796,1.041e-05,3.9e-05,52.89427389
1668319927.639141,0.043786,0.043786,9.08e-06,1.8e-05,51.38173356
1668319987.0583327,0.043796,0.043796,9.12e-06,7e-06,52.89722239
1668320047.0915904,0.043794,0.043794,8.88e-06,1.2e-05,52.54444983
1668320107.1247084,0.043701,0.0437,6e-07,-9.9e-05,39.34431613
1668320167.19043,0.043701,0.0437,6e-07,-9.9e-05,39.34431613
1668320227.1097755,0.043709,0.043709,-4.68e-06,-0.000119,40.88494165
1668320287.094657,0.043709,0.043709,-4.68e-06,-0.000119,40.88494165
1668320347.1014729,0.043709,0.043709,-4.68e-06,-0.000119,40.88494165
1668320408.044629,0.04381,0.043748,-5.65e-06,-5.5e-05,47.14938403
1668320467.0303955,0.04381,0.043748,-5.65e-06,-5.5e-05,47.14938403
1668320527.2685146,0.04381,0.043748,-5.65e-06,-5.5e-05,47.14938403
1668320587.1982772,0.04379,0.04379,-2.99e-06,-1.3e-05,52.93383893
1668320647.1392665,0.043707,0.043707,-7.5e-06,-7.6e-05,42.93336093
1668320707.2416265,0.043707,0.043668,-1.061e-05,-0.000115,39.43284548
1668320767.191694,0.0438,0.0438,-5.93e-06,0.0,53.30888096
1668320827.1663673,0.043709,0.043709,-9.45e-06,-8.1e-05,45.55961722
1668320887.623427,0.043773,0.043773,-3.86e-06,-1.3e-05,50.79842732
1668320947.028282,0.043818,0.043996,1.517e-05,0.0002,65.810607
1668321007.0139017,0.043968,0.043952,2.443e-05,0.000166,63.07872274
1668321067.0283933,0.043998,0.044008,3.596e-05,0.000308,64.99282284
1668321126.973735,0.04403,0.044078,5.346e-05,0.000369,68.2046034
1668321187.125002,0.044051,0.044081,6.555e-05,0.000333,68.33523379
1668321247.3596354,0.044127,0.04425,8.88e-05,0.00046,74.86140855
1668321307.1854434,0.044149,0.044161,9.772e-05,0.000493,66.97003543
1668321368.0910685,0.0442,0.0442,0.0001067,0.0004,68.53526467
1668321427.198287,0.0442,0.044229,0.00011484,0.000469,69.68563173
1668321487.494517,0.044229,0.044111,0.00011049,0.000338,60.06311068
1668321547.258437,0.0441,0.044033,9.892e-05,6.9e-05,54.73681261
1668321607.0608003,0.0441,0.044006,9.677e-05,4.2e-05,53.09054315
1668321667.1466627,0.044087,0.044087,9.207e-05,0.000166,57.24500011
1668321727.254418,0.044087,0.044088,9.215e-05,0.000167,57.29169627
1668321787.2111638,0.044088,0.044088,8.748e-05,5.8e-05,57.29169627
1668321847.5046403,0.044088,0.044088,8.748e-05,5.8e-05,57.29169627
1668321907.2347715,0.044088,0.044088,8.748e-05,5.8e-05,57.29169627
1668321967.2057228,0.044088,0.044088,8.748e-05,5.8e-05,57.29169627
1668322027.0890975,0.044138,0.044138,8.681e-05,5.8e-05,59.83545808
1668322087.253134,0.044151,0.0445,0.00011417,0.0004,72.57260045
1668322147.328473,0.0445,0.044478,0.00013256,0.000228,71.09696513
1668322207.6774044,0.044511,0.044511,0.00015079,0.00035,72.33828068
1668322267.4435568,0.044586,0.044586,0.00016401,0.000386,72.7160563
1668322327.239024,0.044538,0.044538,0.00016833,0.000309,71.47014274
1668322387.267812,0.044465,0.044452,0.00016563,0.000352,65.29976615
1668322447.282652,0.044532,0.044597,0.00017351,0.000591,70.01921759
1668322507.3479097,0.044522,0.044522,0.0001719,0.000434,64.99663753
1668322567.339533,0.044569,0.044569,0.00017102,0.000481,66.05062257
1668322627.235127,0.044598,0.04464,0.00017289,0.000502,68.37758266
1668322687.386217,0.044635,0.044674,0.00017944,0.000174,69.3521275
1668322747.183455,0.044674,0.044695,0.00018325,0.000173,69.974663
1668322807.3001788,0.044695,0.0446,0.00017557,0.000131,63.34532885
1668322867.8680902,0.044615,0.044799,0.00018343,0.000261,69.79970699
1668322927.075511,0.0448,0.045178,0.00021736,0.000645,77.81943067
1668322988.4741533,0.045233,0.045064,0.00023798,0.000612,69.25997394
1668323047.727125,0.044839,0.04509,0.00023433,0.00049,65.79607322
1668323107.5695047,0.045096,0.044816,0.00021645,0.000314,57.80975021
1668323167.5927696,0.044799,0.044671,0.00019229,0.000141,53.53086369
1668323228.547569,0.044732,0.044331,0.00014467,-0.00034,45.06195148
1668323288.408296,0.044439,0.044449,0.00012357,-0.000241,47.65037621
1668323348.4796348,0.04434,0.044493,9.319e-05,-0.000202,49.27126983
1668323409.2803962,0.044492,0.044495,7.457e-05,-0.000105,49.37289925
1668323469.327068,0.04449,0.044543,6.421e-05,-0.00025,50.73070989
1668323529.2303274,0.044527,0.04447,4.437e-05,-0.000793,48.74063857
1668323590.150566,0.04447,0.044454,3.261e-05,-0.000385,48.24418996
1668323649.9894483,0.044258,0.044304,2.07e-06,-0.000712,44.0310724
1668323709.8986063,0.044364,0.044363,-2.08e-06,-0.000441,46.10227642
1668323771.1334722,0.044406,0.044406,-8.7e-06,-6e-05,47.4587903
1668323831.0080702,0.044395,0.044395,-1.568e-05,6.8e-05,47.21679166
1668323891.1537693,0.044395,0.044395,-1.568e-05,6.8e-05,47.21679166
1668323951.8058698,0.044399,0.044399,-2.105e-05,-9.1e-05,47.38312397
1668324011.7255886,0.044496,0.044496,-8.95e-06,4.2e-05,51.35544383
1668324071.826798,0.044496,0.044429,-1.429e-05,-2.5e-05,48.62201323
1668324132.4839394,0.044471,0.044471,-1.148e-05,1e-06,50.40544712
1668324192.6626832,0.044567,0.044567,4.42e-06,0.000259,54.05111305
1668324252.5422544,0.044567,0.044586,5.93e-06,0.000278,54.75992858
1668324313.527495,0.044661,0.044661,1.949e-05,0.00026,57.54405581
1668324373.5183592,0.044616,0.044616,2.292e-05,0.000219,55.94515049
1668324433.6904757,0.044608,0.044608,3.21e-05,0.000231,55.45145749
1668324495.648104,0.044608,0.044607,3.202e-05,0.00023,55.3934499
1668324554.4966502,0.044611,0.044611,3.655e-05,0.000211,55.59738761
1668324614.38769,0.044611,0.044717,4.501e-05,0.000317,60.63646489
1668324675.23343,0.044607,0.044607,4.29e-05,0.000178,53.6700042
1668324735.2761612,0.044607,0.044577,4.051e-05,0.000148,51.99419699
1668324795.3295588,0.0446,0.044411,2.553e-05,-0.000156,43.75696515
1668324856.561611,0.0446,0.0444,2.466e-05,-0.000167,43.30848283
1668324916.57665,0.0445,0.0445,1.325e-05,-0.000106,48.47161641
1668324976.9157474,0.0445,0.044512,1.421e-05,-9.4e-05,49.03959856
1668325037.4976623,0.044512,0.044512,1.039e-05,-0.000108,49.03959856
1668325097.6212938,0.044696,0.044621,1.591e-05,1.3e-05,54.60762854
1668325157.3960345,0.044719,0.044719,3.704e-05,0.000109,58.94652304
1668325218.4571662,0.044719,0.044652,3.17e-05,4.2e-05,55.07081435
1668325278.2516742,0.044719,0.044612,2.851e-05,2e-06,52.99074347
1668325338.2211497,0.0446,0.0446,2.767e-05,-0.00013,52.35189918
1668325399.2011347,0.044622,0.044622,2.846e-05,1.5e-05,53.45967164
1668325459.1046894,0.04464,0.04464,2.808e-05,0.00024,54.29402559
1668325519.0566585,0.044484,0.044484,6.04e-06,-2.7e-05,46.47012934
1668325580.748397,0.044322,0.044322,-2.363e-05,-0.00019,39.8618048
1668325639.980628,0.044322,0.044322,-2.363e-05,-0.00019,39.8618048
1668325700.2977428,0.044322,0.04439,-1.82e-05,-0.000122,43.46585073
1668325760.916757,0.044402,0.044402,-2.547e-05,-0.000109,44.10248418
1668325820.9523225,0.044326,0.044326,-4.174e-05,-0.000393,40.77718019
1668325881.067237,0.044326,0.044366,-3.855e-05,-0.000353,42.48735512
1668325942.0647197,0.044326,0.044366,-3.855e-05,-0.000353,42.48735512
1668326001.7577612,0.044374,0.044347,-4.471e-05,-0.000265,41.59498984
1668326061.7413428,0.044306,0.044306,-5.229e-05,-0.000294,39.6592695
1668326122.7508757,0.044265,0.044265,-7.092e-05,-0.00037,39.67650601
1668326182.6701248,0.04429,0.04429,-7.231e-05,-0.000174,41.41441906
1668326242.5808766,0.044259,0.044259,-7.105e-05,-5.6e-05,40.87765134
1668326303.3953907,0.044259,0.04432,-6.618e-05,5e-06,43.63789994
1668326363.3776193,0.044279,0.044279,-7.61e-05,-0.000123,44.05291722
1668326423.448402,0.044178,0.044178,-8.652e-05,-0.000209,38.6870062
1668326484.2525923,0.044339,0.044339,-7.105e-05,-2.7e-05,47.81931441
1668326544.268905,0.044341,0.044341,-6.715e-05,-6e-06,48.20870406
1668326604.9437628,0.044341,0.04427,-7.281e-05,-7.7e-05,43.920308
1668326665.7458112,0.044182,0.044184,-7.591e-05,-0.000123,39.63891891
1668326725.495223,0.04414,0.04425,-7.11e-05,5e-05,43.82456541
1668326785.684877,0.04434,0.04434,-5.821e-05,-9e-06,50.04962331
1668326846.2859511,0.04434,0.044341,-5.813e-05,-8e-06,50.10750956
1668326905.8295286,0.044341,0.044341,-4.095e-05,0.000195,50.11201927
1668326965.655059,0.044393,0.044393,-3.02e-05,0.000193,53.60007355
1668327025.6297607,0.044393,0.044403,-2.94e-05,0.000203,54.21484334
1668327085.595928,0.044408,0.044414,-1.908e-05,0.000157,54.92235534
1668327146.1934938,0.044408,0.044414,-1.908e-05,0.000157,54.92235534
1668327205.7011096,0.044408,0.044414,-1.908e-05,0.000157,54.92235534
1668327265.680726,0.044408,0.044414,-1.908e-05,0.000157,54.92235534
1668327326.0333517,0.044414,0.044414,-1.078e-05,0.000144,54.92235534
1668327385.5736358,0.044414,0.044414,-1.078e-05,0.000144,54.92235534
1668327445.6079602,0.044425,0.044425,-3.27e-06,0.000155,55.7159986
1668327505.5788112,0.044493,0.044493,1.183e-05,0.000291,60.09371007
1668327565.7316334,0.044493,0.044494,1.191e-05,0.000292,60.15559971
1668327625.7820022,0.0445,0.0445,2.67e-05,0.00027,60.55092023
1668327685.5626223,0.0445,0.0445,2.67e-05,0.00027,60.55092023
1668327745.5860496,0.044498,0.044498,3.004e-05,0.000158,58.45837588
1668327805.925024,0.0445,0.0445,3.337e-05,0.00016,58.60150522
1668327865.5955791,0.04462,0.04462,5.028e-05,0.000217,65.83238863
1668327925.6657646,0.04462,0.044642,5.203e-05,0.000239,66.94585855
1668327985.6503532,0.04462,0.04462,6.4e-05,0.000206,64.67603578
1668328045.5876305,0.04462,0.04463,6.48e-05,0.000216,65.25273696
1668328106.0982063,0.04463,0.04463,6.851e-05,0.000144,65.25273696
1668328170.0043285,0.0446,0.0446,6.991e-05,0.000106,60.58510641
1668328229.2177434,0.04462,0.044588,6.756e-05,8.8e-05,59.32864296
1668328289.1705678,0.044528,0.044528,6.016e-05,2.8e-05,53.3689075
1668328349.1246552,0.04452,0.04452,5.305e-05,9.3e-05,52.61005952
1668328409.017966,0.044532,0.044532,4.782e-05,3.4e-05,53.67411946
1668328469.0168235,0.044521,0.044521,4.261e-05,-6.2e-05,52.4288352
1668328529.0031176,0.044521,0.04462,5.051e-05,3.7e-05,60.62745767
1668328589.1661355,0.0446,0.044522,4.391e-05,-0.00012,51.34682656
1668328649.8561182,0.044525,0.044521,3.816e-05,-9.9e-05,51.26059814
1668328709.3267086,0.044524,0.044524,2.94e-05,-0.000133,51.52360861
1668328769.0470402,0.044524,0.044533,3.012e-05,-0.000124,52.35426765
1668328829.1366346,0.044533,0.044524,2.643e-05,-7.6e-05,51.40565676
1668328889.1729052,0.044524,0.044524,2.049e-05,-4e-06,51.40565676
1668328949.238968,0.044524,0.044524,1.809e-05,4e-06,51.40565676
1668329009.1041772,0.044524,0.044524,1.809e-05,4e-06,51.40565676
1668329069.1134152,0.044598,0.044598,2.293e-05,-2.2e-05,59.71342592
1668329130.6331232,0.044598,0.044535,1.79e-05,-8.5e-05,52.06294918
1668329189.3860872,0.044598,0.044535,1.79e-05,-8.5e-05,52.06294918
1668329249.3460846,0.044598,0.044535,1.79e-05,-8.5e-05,52.06294918
1668329309.2913675,0.044603,0.044604,2.181e-05,8.2e-05,59.26004931
1668329369.2277513,0.044603,0.044604,2.181e-05,8.2e-05,59.26004931
1668329429.1971283,0.044603,0.044604,2.181e-05,8.2e-05,59.26004931
1668329489.2590404,0.044603,0.044604,2.181e-05,8.2e-05,59.26004931
1668329549.1413589,0.044535,0.044535,1.912e-05,1.4e-05,51.01213048
1668329610.331694,0.044726,0.044647,2.573e-05,0.000123,60.59840369
1668329669.2008457,0.044726,0.044647,2.573e-05,0.000123,60.59840369
1668329729.3945186,0.044757,0.044757,3.939e-05,0.000224,67.35511983
1668329789.2589886,0.044639,0.044639,3.549e-05,0.000115,58.33852124
1668329849.2188952,0.04477,0.04477,5.807e-05,0.000246,65.72330389
1668329909.210085,0.044889,0.044889,8.388e-05,0.000365,70.50413977
1668329969.4433186,0.044976,0.044976,0.00010654,0.000452,74.88918293
1668330029.4257722,0.044976,0.04496,0.00010527,0.000436,73.25129582
1668330090.228822,0.04496,0.04496,0.00012113,0.000425,71.20681872
1668330149.153037,0.044881,0.044881,0.00011244,0.000277,63.86034858
1668330209.3513927,0.044879,0.044879,0.00011332,0.000344,61.10219879
1668330269.2650104,0.044879,0.04492,0.00011659,0.000385,64.43188182
1668330329.1898694,0.045055,0.045055,0.00013047,0.000375,69.97429103
1668330389.340026,0.045219,0.045219,0.00015568,0.000405,75.41158895
1668330449.318498,0.045994,0.045994,0.00027347,0.001058,86.98599193
1668330509.147514,0.0457,0.0457,0.00027264,0.0007,72.95594476
1668330569.9518666,0.045491,0.045491,0.00025383,0.000531,64.09507844
1668330629.2383864,0.04558,0.04558,0.00027428,0.000591,63.48740296
1668330689.2637684,0.045824,0.045824,0.00030496,0.000943,69.63812039
1668330749.1477516,0.045555,0.045555,0.0002748,0.000606,61.52854672
1668330809.621673,0.045552,0.045552,0.00026967,0.000632,60.36760242
1668330869.492771,0.045552,0.045603,0.00027374,0.000683,61.96226088
1668330929.1493137,0.045596,0.045596,0.00025379,0.000385,61.71071391
1668330989.301159,0.045559,0.045559,0.00023062,-0.000435,59.37713041
1668331049.8180025,0.045478,0.045478,0.00019594,-0.000222,56.59503216
1668331109.2952175,0.04532,0.04532,0.00016101,-0.000108,52.66651448
1668331169.4827335,0.04532,0.045347,0.00016316,-8.1e-05,53.4420022
1668331229.3160822,0.04541,0.04541,0.00014504,-0.000373,54.45648708
1668331289.234611,0.04541,0.045549,0.00015612,-0.000234,58.94374424
1668331349.184507,0.045412,0.045412,0.00012784,-0.000225,53.96730134
1668331409.299204,0.045433,0.045433,0.00011934,-0.00017,54.58666374
1668331469.2048075,0.045433,0.045533,0.00012732,-7e-05,57.51789332
1668331529.5335708,0.045422,0.045422,0.00011528,-0.000178,53.39788455
1668331589.5410087,0.045547,0.045547,0.00011242,0.000257,57.12894348
1668331649.6365433,0.045553,0.045553,0.00010487,0.000233,56.74722452
1668331709.452777,0.045548,0.045548,0.00010243,0.000203,56.604002
1668331769.2755735,0.04578,0.04578,0.00014601,0.000269,59.57102344
1668331829.337304,0.045711,0.045711,0.0001496,0.000162,57.20286622
1668331889.3310287,0.045747,0.045747,0.00015079,0.000347,58.31376742
1668331949.3010757,0.04577,0.04577,0.00013266,0.000337,57.16343077
1668332009.3120286,0.045502,0.045502,9.483e-05,-3.1e-05,51.08935236
1668332069.3651648,0.045502,0.045649,0.00010656,0.000116,54.89363532
1668332129.4336054,0.0455,0.0455,9.125e-05,7.8e-05,50.59773595
1668332189.537738,0.04563,0.04563,7.528e-05,0.000169,54.13333158
1668332249.5453253,0.045583,0.045583,7.111e-05,3.5e-05,52.64541675
1668332309.429113,0.045566,0.045566,6.923e-05,-0.000434,51.93600149
1668332369.325889,0.045587,0.045587,6.416e-05,-0.000272,52.56638412
1668332429.3560934,0.045587,0.045575,6.32e-05,-0.000284,52.20785703
1668332489.248762,0.045587,0.045575,6.32e-05,-0.000284,52.20785703
1668332549.2624009,0.04565,0.04565,6.412e-05,-9.6e-05,54.52155187
1668332609.3076055,0.045366,0.045366,2.444e-05,-0.000112,45.49188826
1668332669.533271,0.045441,0.045441,2.654e-05,-0.000208,47.91152988
1668332729.3274145,0.0453,0.0453,-5.27e-06,-0.0002,44.55429742
1668332789.2879307,0.0453,0.0453,-5.27e-06,-0.0002,44.55429742
1668332849.4000735,0.0453,0.0453,-5.27e-06,-0.0002,44.55429742
1668332909.2812188,0.045318,0.045318,-2.846e-05,-0.00032,45.19293134
1668332969.416794,0.045318,0.045498,-1.41e-05,-0.00014,50.8536943
1668333030.065475,0.045373,0.045359,-2.103e-05,-0.00029,46.83115545
1668333089.5751307,0.04536,0.045325,-2.887e-05,-0.000235,45.87330438
1668333149.4903522,0.045337,0.045394,-2.924e-05,-0.000181,48.18465047
1668333209.384966,0.045321,0.045321,-3.502e-05,-0.000329,45.94907817
1668333269.401549,0.045409,0.045409,-2.707e-05,-0.000135,48.79936013
1668333329.4227753,0.045409,0.045383,-2.914e-05,-0.000161,47.8308952
1668333389.2785285,0.045383,0.045383,-2.9e-05,0.000117,47.8308952
1668333449.364426,0.045353,0.045353,-3.175e-05,5.3e-05,46.59544309
1668333509.962329,0.045361,0.045361,-3.009e-05,-0.000137,46.99140378
1668333569.2521286,0.045361,0.045397,-2.722e-05,-0.000101,48.70354995
1668333629.4075065,0.04538,0.04538,-2.107e-05,5.5e-05,47.82767852
1668333689.2857883,0.045395,0.045395,-1.906e-05,1e-06,48.54796169
1668333749.454513,0.04532,0.04532,-2.412e-05,-6.5e-05,44.69011868
1668333809.301801,0.045273,0.045273,-3.162e-05,-0.000127,42.41872747
1668333869.489602,0.045136,0.045136,-5.712e-05,-0.000247,37.2525728
1668333929.4316688,0.045136,0.045258,-4.738e-05,-0.000125,44.04025066
1668333989.916188,0.045307,0.045307,-4.446e-05,-5.2e-05,46.54153308
1668334049.399195,0.045388,0.045388,-3.083e-05,8e-06,50.45132847
1668334109.3088906,0.045487,0.045487,-1.082e-05,8.7e-05,54.74291086
1668334169.5946956,0.045492,0.045492,-9.9e-07,4.3e-05,55.00372731
1668334229.5324595,0.045554,0.045554,1.184e-05,0.00016,57.86414023
1668334289.2404106,0.045554,0.045534,1.025e-05,0.00014,56.97361416
1668334349.2827609,0.045539,0.045539,2.473e-05,0.00022,57.17316155
1668334409.315295,0.045539,0.04547,1.923e-05,0.000151,52.85131404
1668334469.7071326,0.045539,0.04547,1.923e-05,0.000151,52.85131404
1668334529.3668492,0.045587,0.045587,3.681e-05,0.000329,58.75898215
1668334589.5600374,0.045587,0.045587,3.681e-05,0.000329,58.75898215
1668334649.4397252,0.045575,0.045575,4.226e-05,0.00018,57.40231467
1668334709.4693394,0.045541,0.045541,3.988e-05,4.6e-05,55.57425037
1668334769.452252,0.045589,0.045589,4.352e-05,9.7e-05,58.4908762
1668334829.4722185,0.0456,0.0456,4.743e-05,0.0001,59.10613183
1668334889.548783,0.0456,0.0456,4.743e-05,0.0001,59.10613183
1668334949.3964727,0.045604,0.045604,5.421e-05,7.5e-05,57.61891435
1668335009.3137636,0.045604,0.045604,5.421e-05,7.5e-05,57.61891435
1668335069.4382894,0.04547,0.04547,3.368e-05,-0.000117,47.86132727
1668335129.7164245,0.04547,0.045411,2.897e-05,-0.000176,44.30378482
1668335189.4815288,0.045411,0.045215,2.03e-06,-0.000372,34.99724985
1668335249.3108735,0.045176,0.045176,-4.07e-05,-0.000365,33.47838931
1668335309.3454,0.045175,0.045175,-5.683e-05,-0.000366,34.62817102
1668335369.5697036,0.045102,0.045102,-7.678e-05,-0.000498,30.63009029
1668335429.4184918,0.045102,0.045001,-8.484e-05,-0.000599,27.16810707
1668335489.4770734,0.04507,0.045092,-9.456e-05,-0.000508,34.36607281
1668335549.4251611,0.045195,0.045195,-9.29e-05,-0.000409,41.60557524
1668335609.5368545,0.045195,0.045181,-9.402e-05,-0.000423,40.67484013
1668335669.5489676,0.045093,0.045092,-9.98e-05,-0.000378,36.13528177
1668335729.4249318,0.045174,0.045174,-9.069e-05,-4.1e-05,42.07098696
1668335789.4467783,0.045174,0.045175,-9.061e-05,-4e-05,42.12215851
1668335849.4827085,0.045167,0.045167,-8.658e-05,-1.3e-05,41.68533712
1668335909.432235,0.045167,0.045167,-8.658e-05,-1.3e-05,41.68533712
1668335969.5834668,0.045167,0.045167,-8.658e-05,-1.3e-05,41.68533712
1668336029.6224751,0.045167,0.045167,-8.658e-05,-1.3e-05,41.68533712
1668336089.3169663,0.045166,0.045166,-7.838e-05,5.5e-05,41.62722517
1668336149.3961506,0.045166,0.045242,-7.232e-05,0.000131,47.60537914
1668336209.481021,0.045294,0.045294,-4.848e-05,0.000202,51.27302039
1668336269.3248637,0.045294,0.045294,-3.946e-05,0.000138,51.27302039
1668336329.3257551,0.045294,0.045294,-3.946e-05,0.000138,51.27302039
1668336389.4487228,0.045294,0.045294,-3.194e-05,0.000134,51.27302039
1668336449.4643154,0.045294,0.045294,-2.889e-05,0.000202,51.36194266
1668336509.573507,0.045294,0.045297,-2.865e-05,0.000205,51.58444037
1668336569.9771318,0.045297,0.045275,-2.413e-05,0.0001,49.77586314
1668336629.680477,0.045297,0.045275,-2.413e-05,0.0001,49.77586314
1668336689.4843652,0.04524,0.04524,-2.323e-05,6.5e-05,46.98605384
1668336749.5085232,0.045269,0.045269,-1.677e-05,0.000103,49.48374762
1668336809.749479,0.045269,0.045185,-2.347e-05,1.9e-05,43.19483971
1668336869.6207728,0.045177,0.045177,-2.699e-05,-6.5e-05,42.63904362
1668336929.9338007,0.045178,0.045189,-2.847e-05,-0.000106,43.80703995
1668336989.867658,0.045189,0.045189,-2.931e-05,-0.000105,43.80703995
1668337049.7385385,0.045197,0.045197,-2.842e-05,-4.5e-05,44.6780056
1668337109.7556338,0.045197,0.04511,-3.536e-05,-0.000132,37.8138922
1668337169.8678784,0.045197,0.045127,-3.401e-05,-0.000115,38.98422463
1668337229.5414064,0.04511,0.04511,-4.272e-05,-0.000165,38.10595095
1668337289.494391,0.045108,0.045108,-4.23e-05,-0.000132,39.47679291
1668337349.6366854,0.045212,0.045212,-3.52e-05,-6.3e-05,49.60985139
1668337409.860652,0.04518,0.04518,-3.445e-05,-5e-06,46.74712043
1668337469.6922426,0.04518,0.04518,-3.445e-05,-5e-06,46.74712043
1668337529.641741,0.04526,0.04526,-2.509e-05,8.3e-05,54.27835416
1668337589.569274,0.045273,0.045273,-1.588e-05,8.4e-05,55.3292485
1668337649.721638,0.045273,0.04519,-2.25e-05,1e-06,47.90271411
1668337709.6095464,0.045191,0.0452,-1.998e-05,1.1e-05,48.80270017
1668337769.585786,0.045274,0.045274,-1.187e-05,7.7e-05,54.99808242
1668337829.666718,0.045256,0.045256,-2.29e-06,0.000153,53.25232226
1668337889.6185849,0.045256,0.045256,-2.29e-06,0.000153,53.25232226
1668337949.8967652,0.04526,0.04526,1.1e-06,0.000107,53.61920943
1668338009.484023,0.04526,0.045256,7.8e-07,0.000103,53.25232226
1668338069.5113437,0.04526,0.04526,3.5e-06,0.000141,53.64719313
1668338129.443226,0.045348,0.045348,1.353e-05,0.000168,61.29812444
1668338189.5127678,0.045348,0.04526,6.51e-06,8e-05,53.30775301
1668338249.5350883,0.045348,0.04526,6.51e-06,8e-05,53.30775301
1668338309.6634378,0.045107,0.045107,-1.372e-05,-0.000162,40.06533657
1668338369.7644358,0.045107,0.045259,-1.6e-06,-1e-05,52.59477136
1668338430.031851,0.045243,0.045243,-2e-07,5.3e-05,51.44155427
1668338490.0013597,0.045199,0.045199,-1.232e-05,-7.5e-05,49.18550461
1668338549.8918476,0.045192,0.045192,-1.127e-05,-7.2e-05,48.69367369
1668338610.839309,0.04525,0.04525,-5.45e-06,-6e-06,52.73379896
1668338670.9860263,0.045252,0.045252,-6.8e-07,-4e-06,52.72000539
1668338730.8216054,0.045252,0.045251,-7.6e-07,-5e-06,52.64357911
1668338792.5578024,0.045021,0.045021,-1.624e-05,-0.000254,38.73498541
1668338852.312008,0.04495,0.04495,-4.382e-05,-0.000142,36.06052975
1668338912.703487,0.04495,0.04495,-5.914e-05,-0.000302,37.91767586
1668338973.5218174,0.044878,0.044878,-7.425e-05,-0.000242,33.65596488
1668339033.5295637,0.044714,0.044714,-0.00010388,-0.000438,28.03601651
1668339093.5377853,0.044839,0.044839,-0.00010154,-0.000369,35.85333751
1668339154.212186,0.044839,0.044847,-0.0001009,-0.000361,36.40752947
1668339214.3208883,0.04473,0.04473,-0.00011958,-0.000533,31.98138947
1668339274.247478,0.044756,0.044756,-0.00012263,-0.000495,33.81419988
1668339335.2782755,0.044424,0.044424,-0.00018416,-0.000697,31.42882796
1668339395.4571698,0.044604,0.044604,-0.00017464,-0.000326,39.02892543
1668339455.2910094,0.04465,0.04465,-0.00016409,-0.000228,41.04436579
1668339516.5259316,0.04465,0.044655,-0.00016369,-0.000223,41.17836417
1668339576.200133,0.044678,0.044678,-0.00015604,-0.000231,42.11454122
1668339636.0311575,0.044798,0.044798,-0.00013869,5.2e-05,46.8660455
1668339697.1803386,0.044752,0.044752,-0.00012719,-6.2e-05,45.32998443
1668339757.0664508,0.044752,0.044678,-0.00013309,-0.000136,43.05962655
1668339816.9489694,0.044785,0.04472,-0.00012384,-0.000127,44.75098457
1668339878.021869,0.044794,0.044794,-0.00010118,5.9e-05,47.91253597
1668339938.141415,0.044794,0.044795,-0.0001011,6e-05,47.95278371
1668339998.9818995,0.0447,0.0447,-8.716e-05,0.000162,44.24286695
1668340059.08557,0.044566,0.044566,-0.00010231,-0.000112,39.82314713
1668340118.877704,0.044566,0.044569,-0.00010207,-0.000109,39.91912838
1668340178.992994,0.044566,0.044569,-0.00010207,-0.000109,39.91912838
1668340239.8400867,0.044666,0.044666,-9.298e-05,-1.2e-05,44.66269246
1668340299.849473,0.044634,0.044634,-8.99e-05,-0.000164,43.37976363
1668340359.8211875,0.04458,0.04458,-9.084e-05,-9.8e-05,41.23031093
1668340420.5884843,0.044624,0.044624,-9.152e-05,-9.6e-05,44.65597668
1668340480.6483085,0.044677,0.044677,-8.216e-05,-4.3e-05,47.17415695
1668340540.9344883,0.044714,0.044714,-6.866e-05,-8.1e-05,48.80048369
1668340601.7522595,0.044714,0.044682,-7.121e-05,-0.000113,47.44016552
1668340661.5611303,0.044697,0.044697,-5.469e-05,0.000128,48.16882624
1668340721.649098,0.044697,0.044713,-5.341e-05,0.000144,48.92400657
1668340782.695778,0.044713,0.044713,-4.641e-05,0.000144,48.92400657
1668340842.447859,0.044731,0.044731,-3.901e-05,9.2e-05,49.95192055
1668340902.358637,0.04472,0.04472,-3.039e-05,5.4e-05,49.18060156
1668340963.6381378,0.04472,0.04472,-3.039e-05,5.4e-05,49.18060156
1668341023.2166097,0.04472,0.04472,-2.654e-05,8.7e-05,49.18060156
1668341083.182804,0.044787,0.044787,-1.781e-05,0.000281,53.03084747
1668341144.377346,0.044814,0.044814,-7.57e-06,0.00019,54.45847243
1668341204.1536486,0.044839,0.044839,2.46e-06,0.000125,55.79685717
1668341264.2309735,0.044839,0.044852,3.5e-06,0.000138,56.4956259
1668341325.0272126,0.044752,0.044752,3.08e-06,7e-05,49.95391731
1668341385.0277789,0.044791,0.044791,3.62e-06,7.7e-05,52.24263921
1668341444.9745443,0.044828,0.044828,7.84e-06,0.000115,54.32664374
1668341505.8977315,0.044828,0.044864,1.072e-05,0.000151,56.1140395
1668341565.9861584,0.044824,0.044823,1.426e-05,0.000111,53.54402908
1668341625.7808375,0.044824,0.044851,1.649e-05,0.000139,55.27284743
1668341687.062121,0.044824,0.044851,1.649e-05,0.000139,55.27284743
1668341746.9343455,0.044945,0.044945,2.833e-05,0.000162,59.94820476
1668341806.8897538,0.044945,0.044935,2.753e-05,0.000152,59.49780907
1668341868.076866,0.044921,0.044921,3.475e-05,0.000201,58.50587135
1668341927.877459,0.04495,0.04495,4.22e-05,0.000229,59.95509861
1668341987.996202,0.04495,0.044947,4.196e-05,0.000226,59.80671368
1668342048.8692496,0.04495,0.044947,4.196e-05,0.000226,59.80671368
1668342109.3159387,0.044834,0.044834,3.824e-05,2.9e-05,51.99187676
1668342168.9841998,0.044834,0.044834,3.824e-05,2.9e-05,51.99187676
1668342229.6101584,0.044866,0.044866,3.744e-05,3.5e-05,53.83167548
1668342289.5381775,0.044966,0.044966,4.893e-05,0.000114,58.85738795
1668342349.6192846,0.044852,0.044852,4.457e-05,0.000136,51.47511603
1668342411.0496118,0.044835,0.044835,3.842e-05,6.6e-05,50.49874211
1668342470.5232346,0.04489,0.045,4.626e-05,0.000136,58.66048603
1668342530.6374574,0.045184,0.045075,6.587e-05,0.000224,60.25686641
1668342591.4900007,0.045184,0.045075,6.587e-05,0.000224,60.25686641
1668342651.4016562,0.045015,0.045015,7.164e-05,9.6e-05,56.69896652
1668342711.4301703,0.045015,0.045014,7.156e-05,9.5e-05,56.64302476
1668342772.5599265,0.045071,0.045071,7.486e-05,0.000124,59.11897744
1668342832.6201546,0.045071,0.045071,7.486e-05,0.000124,59.11897744
1668342892.6249604,0.045084,0.045084,7.762e-05,0.00025,59.68444692
1668342953.712733,0.045071,0.045071,7.787e-05,0.000131,58.8084316
1668343013.503561,0.045071,0.045046,7.588e-05,0.000106,57.19407954
1668343073.524465,0.044995,0.044995,6.384e-05,0.000142,53.9410154
1668343134.4257495,0.044995,0.044995,5.863e-05,0.00016,53.9410154
1668343194.300669,0.044984,0.044984,5.299e-05,-0.000146,53.12699856
1668343254.437714,0.044984,0.044914,4.741e-05,-0.000216,48.47208785
1668343315.2019067,0.045053,0.045053,4.917e-05,-2.2e-05,56.60328314
1668343375.121766,0.044948,0.04492,3.938e-05,-0.000152,48.68660699
1668343435.3884156,0.044991,0.04499,4.023e-05,-2.4e-05,52.53127172
1668343496.165076,0.044991,0.04499,4.023e-05,-2.4e-05,52.53127172
1668343556.30119,0.045041,0.045041,4.107e-05,-3e-05,55.42210111
1668343616.5567703,0.045041,0.045046,4.147e-05,-2.5e-05,55.68667624
1668343678.2287712,0.04498,0.044948,3.415e-05,-0.000136,49.48709775
1668343737.040384,0.044973,0.044973,3.088e-05,-7.3e-05,50.95752399
1668343797.0143812,0.044921,0.044921,1.826e-05,-7.4e-05,48.07097797
1668343857.9215488,0.044921,0.044943,2.002e-05,-5.2e-05,49.40983663
1668343917.8958693,0.045028,0.045028,2.281e-05,3.3e-05,54.31118336
1668343978.101714,0.045028,0.044871,1.029e-05,-0.000124,45.2939858
1668344038.6868155,0.045028,0.044955,1.699e-05,-4e-05,50.16459139
1668344098.7339213,0.044875,0.044875,8.04e-06,-0.00012,45.3112661
1668344159.3553846,0.044943,0.044943,1.11e-05,2.9e-05,49.32636198
1668344219.6264338,0.04489,0.04489,4.33e-06,-0.000163,45.6335711
1668344279.5828252,0.044899,0.044899,-3e-07,-7.6e-05,46.36783517
1668344339.592426,0.044955,0.044955,5.4e-07,-3.5e-05,50.81876835
1668344400.4818995,0.045015,0.045015,9.68e-06,-3.1e-05,54.83476417
1668344460.4586918,0.045015,0.045015,1.297e-05,5.3e-05,54.83476417
1668344520.43527,0.045015,0.045015,2.027e-05,0.000118,53.45930275
1668344581.2482755,0.045001,0.045001,1.971e-05,5.8e-05,52.39279625
1668344641.3595335,0.045052,0.045052,2.711e-05,9.7e-05,55.53876632
1668344701.3169792,0.04504,0.045056,2.886e-05,0.000104,55.81070424
1668344762.1723263,0.045134,0.045141,3.662e-05,0.000198,61.24040515
1668344822.069186,0.04506,0.045066,3.636e-05,0.000176,54.84249348
1668344882.0020888,0.04506,0.045058,3.486e-05,0.000159,54.21510059
1668344942.8710165,0.045056,0.045007,2.947e-05,-8e-06,50.13194356
1668345002.826514,0.045007,0.045007,2.491e-05,-8e-06,50.13194356
1668345063.0470192,0.044912,0.044993,1.994e-05,-0.000101,48.95805414
1668345123.5391357,0.044912,0.044993,1.994e-05,-0.000101,48.95805414
1668345183.680684,0.044987,0.044987,1.533e-05,-2.8e-05,48.43460283
1668345243.5005252,0.044987,0.044987,1.533e-05,-2.8e-05,48.43460283
1668345304.6095726,0.044932,0.044932,7.17e-06,-0.000134,43.81050975
1668345364.4124615,0.044942,0.04487,-3.89e-06,-0.000182,39.2320706
1668345424.5024393,0.044935,0.044935,-2.53e-06,-0.00012,44.24648409
1668345485.3088796,0.044935,0.044935,-2.53e-06,-0.00012,44.24648409
1668345544.447202,0.044935,0.044935,-2.53e-06,-0.00012,44.24648409
1668345604.4767432,0.044935,0.044935,-6.68e-06,-0.000206,44.24648409
1668345664.4017644,0.044804,0.044804,-2.431e-05,-0.000258,34.59699743
1668393262.0232067,0.047797,0.047797,-9.828e-05,-0.000269,38.59959174
1668393262.5303657,0.047797,0.047797,-9.828e-05,-0.000269,38.59959174
1668393263.384266,0.047797,0.047797,-9.828e-05,-0.000269,38.59959174
1668393264.309989,0.047797,0.047797,-9.828e-05,-0.000269,38.59959174
1668393265.273698,0.047797,0.047797,-9.828e-05,-0.000269,38.59959174
1668393265.9863176,0.047797,0.047797,-9.828e-05,-0.000269,38.59959174
1668393266.8359332,0.047797,0.047797,-9.828e-05,-0.000269,38.59959174
1668393267.786089,0.047797,0.047797,-9.828e-05,-0.000269,38.59959174
1668393268.124296,0.047797,0.047797,-9.828e-05,-0.000269,38.59959174
1668393269.2179694,0.047797,0.047797,-9.828e-05,-0.000269,38.59959174
1668393269.723888,0.047797,0.047797,-9.828e-05,-0.000269,38.59959174
1668393270.553685,0.047797,0.047797,-9.828e-05,-0.000269,38.59959174
1668393270.853508,0.047797,0.047797,-9.828e-05,-0.000269,38.59959174
1668393271.4957068,0.047797,0.047797,-9.828e-05,-0.000269,38.59959174
1668393317.1329176,0.047858,0.047858,-9.566e-05,-0.00021,42.51691601
1668393377.0799878,0.047858,0.047933,-8.968e-05,-0.000135,46.63103253
1668393443.5499463,0.047933,0.047933,-7.324e-05,-6.7e-05,46.63103253
1668393497.327335,0.047933,0.047931,-7.34e-05,-6.9e-05,46.52804387
1668393556.9734778,0.047859,0.04789,-6.99e-05,-0.000151,44.36486659
1668393617.13385,0.047879,0.047879,-6.333e-05,2e-05,43.79748897
1668393677.2075198,0.047865,0.047865,-5.644e-05,6.8e-05,43.69764112
1668393737.0389748,0.047865,0.04784,-5.843e-05,4.3e-05,42.48425267
1668393797.1421683,0.047785,0.047785,-6.369e-05,9.6e-05,39.86180864
1668393857.14856,0.04775,0.04775,-7.514e-05,-3.2e-05,38.60459779
1668393917.1659338,0.04775,0.04776,-7.435e-05,-2.2e-05,39.34501902
1668393976.8745608,0.04784,0.04784,-6.253e-05,-9.3e-05,44.8407135
1668394037.2844155,0.04784,0.047996,-5.009e-05,6.3e-05,53.97339107
1668394097.2509954,0.048051,0.048051,-3.668e-05,0.00012,56.93385405
1668394157.5289197,0.048051,0.047853,-5.248e-05,-7.8e-05,46.11338015
1668394217.172391,0.047925,0.047925,-4.041e-05,2.9e-05,50.7881428
1668394277.013131,0.047925,0.047915,-4.121e-05,1.9e-05,50.18796432
1668394337.2523725,0.047925,0.047925,-4.041e-05,2.9e-05,50.7881428
1668394397.14388,0.048,0.048,-2.144e-05,0.00016,55.37903607
1668394457.365426,0.048,0.048005,-2.104e-05,0.000165,55.65346432
1668394517.1834655,0.047925,0.047913,-1.819e-05,0.000141,49.60782085
1668394577.00722,0.047978,0.047978,-3.11e-06,0.000172,53.18463842
1668394637.2138937,0.04797,0.04797,6.3e-07,0.00013,52.64984529
1668394697.6057289,0.04797,0.047873,-7.11e-06,3.3e-05,46.83572584
1668394854.870587,0.047232,0.047384,-9.693e-05,-0.000469,33.34023446
1668394914.7398143,0.047148,0.047227,-0.00014161,-0.000698,26.76480166
1668394974.7354198,0.047264,0.047375,-0.00014959,-0.000541,34.83737267
1668395035.6994352,0.047296,0.04743,-0.00015143,-0.000575,37.62530694
1668395095.5745974,0.047457,0.047551,-0.00013737,-0.000362,43.15914047
1668395155.7084846,0.047511,0.047512,-0.00013209,-0.000488,41.81830986
1668395216.199126,0.047568,0.047485,-0.0001286,-0.000491,40.87162192
1668395275.6477354,0.04745,0.04745,-0.0001272,-0.000423,39.61952318
1668395335.6528292,0.047414,0.047423,-0.00012902,-0.00035,38.91165314
1668395396.4025345,0.047441,0.047441,-0.00011907,0.000209,40.99237669
1668395455.6594076,0.047392,0.04737,-0.00012601,0.000177,38.69543892
1668395515.6644068,0.047392,0.04746,-0.00011884,0.000267,42.98996569
1668395576.0213993,0.047422,0.047422,-0.00011614,0.000168,41.64146296
1668395635.744094,0.047381,0.047381,-0.00011013,6e-06,40.77715434
1668395696.021394,0.04746,0.04746,-0.0001038,-3.7e-05,44.47209558
1668395755.7735028,0.047369,0.047515,-9.654e-05,-3.6e-05,47.11615192
1668395815.6846125,0.047388,0.047334,-0.00010869,-0.000178,39.35131307
1668395875.6234806,0.04731,0.04733,-0.00010536,-0.000155,39.23643585
1668395935.7144587,0.047332,0.047332,-0.000106,-8.2e-05,39.57352157
1668395995.7381568,0.047388,0.047388,-9.922e-05,-0.000136,42.90821285
1668396055.755384,0.047683,0.047497,-6.383e-05,0.000123,48.43040855
1668396115.6568744,0.047485,0.047485,-5.919e-05,2.5e-05,48.08288887
1668396175.8672178,0.04754,0.04754,-4.586e-05,2.3e-05,50.04408199
1668396235.6081405,0.04762,0.047579,-3.522e-05,0.000198,51.54923875
1668396296.7243345,0.047678,0.047678,-1.488e-05,0.000271,55.08831336
1668396355.625246,0.047561,0.047423,-2.62e-05,3.5e-05,45.34943472
1668396415.918352,0.047375,0.047307,-4.281e-05,-9.2e-05,41.66628296
1668396475.920767,0.047289,0.047324,-4.759e-05,3e-06,42.05985589
1668396535.7733967,0.04737,0.04735,-5.298e-05,1e-06,43.29494805
1668396595.6692352,0.04731,0.047288,-6.123e-05,-0.000446,41.10474867
1668396655.7993517,0.047262,0.047262,-6.939e-05,-0.000215,40.17071876
1668396715.9081364,0.04727,0.04727,-7.108e-05,-0.00027,40.76811618
1668396775.6984203,0.047262,0.047262,-7.605e-05,-0.000278,40.47597801
1668396835.7746358,0.047269,0.047269,-7.739e-05,-0.00037,40.9183767
1668396895.7647786,0.047269,0.047269,-7.819e-05,-0.000355,40.9183767
1668396955.6809812,0.047261,0.047261,-7.856e-05,-0.000127,40.53262894
1668397016.0329845,0.047273,0.04728,-7.571e-05,-9.5e-05,41.71837346
1668397076.0235412,0.047236,0.047236,-7.822e-05,-8.8e-05,39.26122646
1668397135.9890163,0.047274,0.047274,-7.353e-05,-8.1e-05,41.77674649
1668397195.5910566,0.047247,0.047278,-6.706e-05,-1e-05,42.80881813
1668397255.6485224,0.047247,0.047278,-6.706e-05,-1e-05,42.80881813
1668397315.8415587,0.047247,0.047278,-6.706e-05,-1e-05,42.80881813
1668397375.7819672,0.047278,0.047278,-6.429e-05,-3.7e-05,42.80881813
1668397435.7379756,0.047339,0.047339,-5.529e-05,7.7e-05,47.66062976
1668397495.748474,0.047387,0.047512,-3.136e-05,0.00024,58.41942961
1668397555.8446848,0.047444,0.047444,-2.322e-05,0.000175,54.0303371
1668397615.807782,0.047379,0.047379,-1.989e-05,0.00011,49.54572858
1668397675.827719,0.047373,0.047373,-1.857e-05,0.0001,49.23813804
1668397735.6106768,0.04742,0.04742,-1.104e-05,0.000162,52.32188694
1668397795.8731112,0.047322,0.047322,-2.068e-05,6.4e-05,46.0865951
1668397855.8934283,0.04736,0.047324,-2.473e-05,1e-06,46.92981389
1668397915.9155943,0.047363,0.047292,-2.889e-05,1.4e-05,44.70163513
1668397975.6718917,0.047338,0.047338,-1.475e-05,4e-05,48.1017969
1668398035.737334,0.047474,0.047469,6.96e-06,7e-05,54.81307903
1668398095.8691754,0.047476,0.047594,2.217e-05,0.000111,60.87450248
1668398155.7828124,0.047576,0.047576,2.513e-05,0.000131,60.4368757
1668398216.1032677,0.047516,0.047516,2.606e-05,0.000153,57.45368915
1668398275.800594,0.047516,0.047516,2.606e-05,0.000153,57.45368915
1668398335.879458,0.047516,0.047516,3.024e-05,0.000118,57.45368915
1668398395.843305,0.047527,0.047527,3.633e-05,0.000209,57.40777056
1668398455.7263436,0.047611,0.047571,4.342e-05,0.000302,60.73672967
1668398515.7471037,0.047611,0.047571,4.342e-05,0.000302,60.73672967
1668398575.9201815,0.047538,0.047405,3.368e-05,0.000114,47.53076322
1668398636.5378556,0.047538,0.047405,3.368e-05,0.000114,47.53076322
1668398695.7923417,0.04744,0.047426,2.734e-05,-5e-05,49.0402927
1668398755.8854852,0.04744,0.047426,2.734e-05,-5e-05,49.0402927
1668398815.6720269,0.04753,0.04746,2.477e-05,-6.5e-05,51.47446594
1668398875.9517014,0.047603,0.047603,3.204e-05,0.000134,60.21182217
1668398935.893978,0.047731,0.047731,5.733e-05,0.000255,65.66404018
1668398995.84625,0.047731,0.047731,5.733e-05,0.000255,65.66404018
1668399056.4970262,0.047731,0.047731,6.85e-05,0.000215,65.66404018
1668399115.6961613,0.047708,0.047708,7.321e-05,0.000192,63.84095986
1668399175.8643973,0.047709,0.047709,7.759e-05,0.000156,63.89151078
1668399235.8172498,0.047709,0.047709,8.008e-05,0.000157,63.89539345
1668399295.9590082,0.047864,0.047864,9.354e-05,0.000293,71.14597613
1668399355.8151724,0.047891,0.047891,0.00010683,0.000486,72.12122628
1668399415.694821,0.047891,0.04789,0.00011427,0.000464,72.01667044
1668399475.759109,0.047929,0.047929,0.0001256,0.000499,72.13913689
1668399535.984328,0.048042,0.0482,0.00015368,0.000469,81.46007641
1668399595.8826847,0.048463,0.048326,0.00019263,0.000595,79.87295926
1668399655.8904004,0.048653,0.048612,0.0002508,0.000904,86.38052288
1668399715.9196177,0.048561,0.048404,0.00025761,0.000696,72.55450083
1668399775.959092,0.048367,0.04833,0.00025289,0.000622,68.4535208
1668399835.9919147,0.048358,0.048424,0.00025728,0.000715,71.66797387
1668399895.9315565,0.048359,0.048359,0.00024598,0.000468,69.65757977
1668399956.772849,0.048348,0.04833,0.00023596,0.000439,68.18352389
1668400015.8626423,0.048428,0.048331,0.00022453,0.000381,67.28085194
1668400075.8302686,0.048331,0.048514,0.00023522,0.00054,72.45298687
1668400135.8514447,0.04857,0.04839,0.00022213,4e-06,66.20914096
1668400195.9419856,0.048439,0.048411,0.00021457,-0.000218,67.11705805
1668400255.827179,0.048498,0.048457,0.00020944,-0.000149,68.67648143
1668400315.9327197,0.048299,0.048299,0.00017946,-7.9e-05,59.55229172
1668400375.8751018,0.04833,0.04833,0.00016987,-3e-05,60.59242715
1668400436.5634348,0.048265,0.048213,0.0001468,-0.000134,53.75203391
1668400496.0127418,0.048091,0.048131,0.00011611,-0.000214,49.82120466
1668400555.838754,0.048231,0.048231,0.00011094,-6.9e-05,54.16223818
1668400615.8522904,0.04824,0.04824,0.00010127,-0.000184,54.49317277
1668400675.9191823,0.0483,0.048357,0.00010482,-0.000107,59.40734251
1668400735.834727,0.048403,0.048494,0.00011968,9.7e-05,64.17871093
1668400796.0761342,0.048453,0.048465,0.0001214,5.4e-05,62.41431315
1668400855.8739743,0.048472,0.048515,0.00012535,0.000236,64.23973374
1668400917.2088454,0.048472,0.048477,0.00012231,0.000198,62.86920452
1668400975.919139,0.048546,0.048673,0.00013728,0.000336,69.38637983
1668401035.8173332,0.048834,0.048748,0.00016001,0.000449,70.08939455
1668401095.929909,0.048687,0.048728,0.00016395,0.000618,67.76906517
1668401155.949213,0.0488,0.048812,0.00017729,0.000587,70.01245077
1668401215.9167285,0.048689,0.048689,0.00017373,0.000445,63.16099261
1668401275.844185,0.048639,0.048639,0.00016276,0.000338,60.61895216
1668401335.8270736,0.048644,0.048644,0.00015176,0.000187,59.92475091
1668401397.229514,0.04857,0.04857,0.00013526,7.6e-05,57.16309312
1668401455.9317312,0.048472,0.048472,0.00011095,7e-06,52.33591796
1668401515.899893,0.048506,0.048577,0.00010433,0.0001,56.7414589
1668401575.8729138,0.048538,0.048538,9.578e-05,-0.000242,54.71635338
1668401636.561773,0.048578,0.048578,9.119e-05,-0.000109,56.43377588
1668401695.8965251,0.04865,0.04865,9.365e-05,-0.000104,59.35657913
1668401756.0386355,0.0486,0.048467,7.367e-05,-0.000336,50.2387577
1668401815.9719894,0.048467,0.048467,6.211e-05,-0.000177,50.2387577
1668401877.234785,0.048486,0.048486,4.98e-05,-9.2e-05,51.32475475
1668401935.8759785,0.048319,0.048294,2.31e-05,-0.000284,42.10516153
1668401995.9342663,0.048359,0.048455,2.943e-05,-1.5e-05,50.10306653
1668402055.9205067,0.048452,0.048452,2.143e-05,-5e-06,50.11874082
1668402115.8257406,0.048414,0.048414,1.211e-05,-0.000163,47.95295069
1668402175.813239,0.048411,0.048411,7.18e-06,-0.000127,47.75934894
1668402235.9850438,0.048326,0.048326,-9.45e-06,-0.000274,43.13027869
1668402296.1073103,0.048268,0.048268,-2.685e-05,-0.000303,40.9488514
1668402356.6566155,0.048268,0.048268,-2.685e-05,-0.000303,40.9488514
1668402416.018171,0.048268,0.048268,-2.685e-05,-0.000303,40.9488514
1668402475.9382138,0.048379,0.048379,-2.533e-05,-8.8e-05,48.28994415
1668402536.2165358,0.048319,0.048343,-2.604e-05,-5.8e-05,46.32512219
1668402595.9207463,0.048341,0.048305,-3.001e-05,-9.5e-05,44.28058597
1668402655.8516872,0.048345,0.048345,-2.88e-05,-0.0001,46.78411298
1668402716.1146786,0.048345,0.048352,-2.824e-05,-9.3e-05,47.23760264
1668402775.973236,0.048351,0.048351,-2.742e-05,-5.6e-05,47.1757538
1668402836.6602492,0.048349,0.048349,-2.613e-05,-5.8e-05,47.05903654
1668402896.0605388,0.048349,0.0483,-3.004e-05,-0.000107,44.07898484
1668402956.1489162,0.048349,0.0483,-3.004e-05,-0.000107,44.07898484
1668403015.913343,0.048301,0.048301,-3.217e-05,-0.000112,44.1567062
1668403075.949208,0.048396,0.048396,-2.59e-05,8.2e-05,51.1086418
1668403135.8372667,0.048302,0.048302,-3.397e-05,7.2e-05,44.24016488
1668403195.8794403,0.04827,0.04826,-3.665e-05,-8e-06,41.48717615
1668403256.0114746,0.048268,0.048268,-3.795e-05,-0.000122,42.01060578
1668403317.1359162,0.048206,0.04817,-5.165e-05,-0.000173,35.93550117
1668403375.920191,0.048171,0.048298,-4.364e-05,-2e-05,46.87722375
1668403436.1871023,0.048281,0.048281,-4.128e-05,-7.1e-05,45.65702931
1668403495.926141,0.048349,0.048349,-3.563e-05,-1e-05,51.21178191
1668403556.227465,0.048339,0.048339,-2.948e-05,3.9e-05,50.46703244
1668403615.9655888,0.048339,0.048321,-3.091e-05,2.1e-05,49.19398971
1668403676.01934,0.048447,0.048447,-8.15e-06,0.000145,57.47750588
1668403735.905607,0.04847,0.04847,1.46e-06,0.000156,58.97566964
1668403796.3357966,0.04847,0.048544,1.385e-05,0.000276,63.28639719
1668403856.117839,0.048599,0.0486,3.03e-05,0.00041,66.08975141
1668403916.0237317,0.048624,0.048536,4.108e-05,0.000316,59.06810575
1668403975.9726484,0.048509,0.048509,4.192e-05,0.00021,57.18586479
1668404036.1021588,0.048555,0.048612,5.423e-05,0.000364,62.20702468
1668404096.0544364,0.048599,0.048599,5.973e-05,0.000249,61.46263971
1668404155.908792,0.048684,0.048726,7.67e-05,0.000405,67.18457926
1668404216.1239705,0.048829,0.048586,8.173e-05,0.000179,55.48215765
1668404275.9638836,0.048645,0.048645,8.645e-05,0.000225,58.52073106
1668404335.888167,0.048554,0.048541,7.441e-05,0.000115,52.79268532
1668404395.9781082,0.048628,0.048628,7.389e-05,8.9e-05,56.72990412
1668404456.261176,0.048673,0.048733,7.793e-05,8.4e-05,61.0911415
1668404516.1712673,0.048723,0.048789,8.761e-05,0.000284,63.16147328
1668404576.240825,0.048835,0.048835,0.00010293,0.000294,63.72985918
1668404636.0587444,0.048879,0.048948,0.00012393,0.000344,68.17198523
1668404696.010973,0.049079,0.049004,0.00014045,0.000361,69.78561154
1668404756.082204,0.049003,0.04894,0.00014417,0.000108,65.03150992
1668404816.15786,0.049003,0.049123,0.00016004,0.000478,70.96437817
1668404876.2655325,0.049075,0.049013,0.0001626,0.000413,63.61348779
1668404936.0686707,0.049,0.048842,0.00014761,0.000301,55.18410479
1668404995.9852495,0.049,0.048991,0.00015087,0.000413,61.1821143
1668405055.8783245,0.04893,0.04893,0.00014197,0.0002,57.99874984
1668405116.8360424,0.048888,0.048888,0.00012941,2e-05,55.87956166
1668405176.1075785,0.048832,0.048832,0.00011074,-0.000102,53.23846698
1668405236.4762883,0.048831,0.04888,0.00010644,-0.00012,54.94312136
1668405296.2944148,0.048854,0.048812,9.273e-05,-0.000204,51.50523404
1668405356.1336162,0.04888,0.04888,8.752e-05,-7.2e-05,54.68043555
1668405416.1377904,0.048858,0.048936,8.799e-05,-0.000211,57.04198373
1668405476.1507275,0.04894,0.048957,8.64e-05,-5.6e-05,57.96883245
1668405535.9495382,0.049035,0.048845,7.795e-05,-7.5e-05,51.21595704
1668405596.6129937,0.048855,0.048855,7.316e-05,-0.000136,51.43253164
1668405656.0760365,0.048924,0.048994,7.762e-05,7.4e-05,58.22935086
1668405716.2104945,0.048785,0.048785,5.698e-05,-4.6e-05,47.34097549
1668405776.156986,0.048722,0.048722,3.975e-05,-0.000178,44.32201898
1668405836.247327,0.048792,0.048735,2.676e-05,-0.000154,44.89540402
1668405896.1259243,0.048641,0.048641,6.91e-06,-0.000199,40.49973932
1668405956.2199752,0.048653,0.048653,-6.82e-06,-0.000273,41.29899345
1668406016.0982451,0.048729,0.048729,-5.65e-06,-0.000211,45.98482752
1668406076.1433938,0.048735,0.048735,-1.511e-05,-0.00027,47.19771197
1668406136.2596867,0.048839,0.048714,-1.694e-05,-0.000211,46.30208848
1668406196.085041,0.048745,0.04863,-2.687e-05,-0.000273,42.60074455
1668406255.9993124,0.048694,0.048613,-3.571e-05,-0.000323,41.87123836
1668406316.0961545,0.048698,0.048698,-3.544e-05,-0.000103,46.77864877
1668406376.3085546,0.048721,0.048754,-2.771e-05,1.7e-05,49.63023907
1668406436.3885424,0.04884,0.04884,-1.421e-05,0.00012,53.78993971
1668406496.3225598,0.04889,0.048858,-1.59e-06,0.000217,54.14234742
1668406556.2893598,0.048754,0.048807,6.9e-07,6e-05,51.37560631
1668406617.1800745,0.048825,0.048823,3.81e-06,0.000176,52.20199504
1668406677.2970064,0.048727,0.048612,-1.408e-05,-0.000155,41.98740147
1668406737.174016,0.048511,0.048522,-3.678e-05,-0.000192,38.66125571
1668406798.0721986,0.04849,0.04849,-5.287e-05,-0.00014,37.50493839
1668406858.0280757,0.048609,0.048598,-4.786e-05,-1.5e-05,43.4537094
1668406918.080179,0.048548,0.04856,-5.212e-05,-0.000181,41.98899757
1668406978.7814708,0.04856,0.048558,-5.641e-05,-0.000244,41.9016196
1668407039.6031137,0.048558,0.048667,-5.246e-05,-0.000229,48.44194308
1668407098.7843044,0.04855,0.04855,-6.06e-05,-0.000307,42.60177771
1668407159.7310886,0.048489,0.048489,-6.652e-05,-0.000318,39.8819968
1668407219.5622048,0.048548,0.048545,-6.421e-05,-0.000222,42.94106916
1668407279.662025,0.048521,0.048521,-6.534e-05,-7e-06,41.72821415
1668407340.471445,0.04848,0.048516,-6.735e-05,1.7e-05,41.94165348
1668407400.3754506,0.048454,0.048451,-7.154e-05,-0.000152,38.78860661
1668407460.823561,0.048453,0.048453,-7.416e-05,-0.000167,38.94411506
1668407521.1119254,0.048415,0.048389,-8.281e-05,-0.000171,35.86544601
1668407581.6908495,0.048411,0.048489,-7.793e-05,-3.6e-05,43.45481794
1668407641.14298,0.048411,0.048489,-7.793e-05,-3.6e-05,43.45481794
1668407702.2725184,0.048417,0.048409,-7.997e-05,-0.000184,39.32640278
1668407762.3190112,0.048409,0.048405,-8.177e-05,-0.000145,39.41524172
1668407822.1588154,0.048398,0.048396,-8.216e-05,-0.000121,38.94516129
1668407883.0325367,0.048395,0.048351,-8.512e-05,-0.000194,36.59506738
1668407943.0124469,0.048313,0.04825,-9.446e-05,-0.000247,31.9339979
1668408003.0746372,0.04825,0.048226,-0.00010268,-0.000295,30.92668607
1668408063.9897337,0.048242,0.0482,-0.00010935,-0.000251,29.79699478
1668408124.6237314,0.04806,0.047839,-0.000151,-0.000576,19.65218332
1668408183.9162898,0.047173,0.046861,-0.00029966,-0.001534,10.01616269
1668408245.4120686,0.046897,0.046461,-0.00041128,-0.002028,8.21810525
1668408305.2166734,0.045568,0.04595,-0.00057744,-0.002446,18.15880835
1668408365.2315364,0.046297,0.046063,-0.00061012,-0.002342,24.57388387
1668408426.1248603,0.046268,0.046538,-0.00059367,-0.001858,31.07904794
1668408486.2016482,0.046762,0.046616,-0.00057863,-0.001736,33.36052168
1668408546.0312748,0.046591,0.04664,-0.00057302,-0.00161,34.68150128
1668408608.6851225,0.046566,0.046416,-0.0005786,-0.001821,31.77247829
1668408667.0126808,0.046094,0.046169,-0.0006081,-0.001898,29.54390618
1668408726.913797,0.046217,0.04601,-0.00061697,-0.001049,28.85980475
1668408787.6788354,0.045822,0.0455,-0.00067771,-0.001111,24.8144473
1668408847.986998,0.045603,0.04558,-0.00069113,6.5e-05,25.63197652
1668408907.5753214,0.045578,0.045728,-0.00068393,-0.000592,29.09326291
1668408968.810986,0.045912,0.045859,-0.00065084,-0.000534,32.47321113
1668409028.5901475,0.045842,0.04564,-0.00064646,-0.001057,30.19654811
1668409089.0700169,0.045516,0.045526,-0.00065258,-0.001013,29.32121341
1668409149.426555,0.045546,0.045222,-0.00066817,-0.001362,26.29854553
1668409209.3545525,0.044968,0.044607,-0.00073639,-0.001557,21.77948949
1668409269.2792292,0.044828,0.045102,-0.00070833,-0.001136,28.94355994
1668409330.0752287,0.045088,0.045365,-0.00067418,-0.000388,34.73810015
1668409390.3409443,0.045382,0.045285,-0.00064563,-0.00028,33.94035652
1668409450.1580613,0.045222,0.045451,-0.00060902,-0.000163,38.32887852
1668409511.1921682,0.045412,0.045412,-0.00053894,-0.000447,39.2353407
1668409571.028968,0.045588,0.045588,-0.00047825,7.5e-05,42.45521463
1668409631.7549827,0.045625,0.045625,-0.000433,0.00013,43.16820311
1668409691.8819952,0.045641,0.045641,-0.00038937,0.000687,43.5544187
1668409751.935522,0.04567,0.04567,-0.00035222,0.000789,44.30993396
1668409811.9466622,0.04567,0.04567,-0.00035222,0.000789,44.30993396
1668409872.752216,0.04561,0.04561,-0.00029556,0.000233,43.5612118
1668409932.6977203,0.045904,0.045904,-0.00022838,0.00071,49.6044561
1668409992.6270862,0.045904,0.045772,-0.00023891,0.000578,47.18776447
1668410053.9126203,0.045662,0.045662,-0.00020551,0.000371,45.32499197
1668410114.0261035,0.045731,0.045731,-0.00020001,0.00044,46.81621013
1668410174.5787742,0.04583,0.04583,-0.00014328,0.000235,48.92660201
1668410234.7831,0.04608,0.04608,-9.049e-05,0.000416,53.99835523
1668410294.760707,0.046039,0.046039,-6.53e-05,0.00042,53.05027954
1668410354.8269024,0.046153,0.046153,-2.721e-05,0.000447,55.42876067
1668410415.5505247,0.046215,0.046215,3.89e-06,0.000632,56.76701467
1668410475.6204453,0.046064,0.046064,1.21e-06,0.000141,52.75269033
1668410535.5977566,0.04594,0.04594,-1.304e-05,0.000206,49.91416447
1668410596.3657348,0.04594,0.04596,-1.144e-05,0.000226,50.37642792
1668410656.3870256,0.04574,0.04574,-3.392e-05,9e-06,45.39369345
1668410716.2215347,0.045485,0.045485,-7.25e-05,-0.000406,40.32900744
1668410777.404382,0.045365,0.045365,-0.00010714,-0.000676,38.19402526
1668410837.2884672,0.04485,0.04485,-0.00019986,-0.001218,30.78052091
1668410897.5411768,0.04478,0.04478,-0.00025181,-0.001385,30.99033274
1668410958.1401207,0.044643,0.044643,-0.00030033,-0.001573,28.32781944
1668411018.2890348,0.044154,0.044154,-0.00039611,-0.001882,23.43964085
1668411078.124283,0.044131,0.044131,-0.00043544,-0.001715,23.92691555
1668411138.7553458,0.044225,0.044225,-0.00044736,-0.001742,26.41632959
1668411199.0689766,0.044369,0.044369,-0.00043858,-0.001393,30.19914236
1668411258.6994166,0.044319,0.044319,-0.00044545,-0.001258,29.90844376
1668411319.756672,0.044432,0.044432,-0.00042663,-0.000958,33.31733491
1668411379.7223144,0.044038,0.044038,-0.00046737,-0.000813,27.89910497
1668411439.7496998,0.044042,0.044042,-0.00047008,-0.000676,27.94643474
1668411500.6744251,0.044065,0.044065,-0.00046046,-0.000585,29.6505456
1668411560.5372093,0.044445,0.044445,-0.00040296,0.000294,39.85610668
1668411620.5767448,0.044373,0.044373,-0.00038171,0.000182,38.08838005
1668411681.604249,0.044351,0.044351,-0.00036272,7.8e-05,38.13702841
1668411741.4318888,0.044403,0.044403,-0.00033126,9e-06,39.91959771
1668411801.2633965,0.044133,0.044133,-0.00034126,-0.000168,35.01246259
1668411862.6996634,0.044079,0.044079,-0.00034232,-0.000335,34.56471208
1668411922.7889843,0.043909,0.043909,-0.00035908,-0.00015,31.71545066
1668411982.5932698,0.043857,0.043857,-0.00036507,-0.000185,31.03769493
1668412043.6057067,0.044054,0.044054,-0.00033783,-6.6e-05,37.56443255
1668412103.6890051,0.044258,0.044258,-0.00029277,-0.00012,43.41497282
1668412164.1603253,0.044133,0.044133,-0.00028097,-0.000262,40.68972301
1668412224.8723886,0.04413,0.04413,-0.00026363,-0.000188,40.62802149
1668412284.6023269,0.044,0.044,-0.00026523,-0.00043,37.94298939
1668412344.69848,0.043825,0.043825,-0.00027743,-0.000384,34.56844558
1668412405.4972286,0.044068,0.044068,-0.00024123,1.5e-05,41.78744608
1668412465.5172246,0.044203,0.044203,-0.00020948,0.000307,45.808211
1668412525.48382,0.044131,0.044131,-0.00019937,0.000291,44.03482178
1668412586.5545452,0.04415,0.04415,-0.00018172,0.000167,44.69380364
1668412646.9760425,0.044139,0.044139,-0.00016909,-0.000101,44.54732637
1668412707.0710144,0.044139,0.044092,-0.00017284,-0.000148,42.94429767
1668412767.3150375,0.044075,0.044075,-0.00014883,-5.5e-05,42.59784264
1668412827.3299532,0.043951,0.043951,-0.00015482,-4.9e-05,39.05765756
1668412887.4236605,0.0438,0.0438,-0.00017423,-6.8e-05,35.31548355
1668412948.0542347,0.043706,0.043706,-0.00018791,-0.000362,33.09409958
1668413008.0628836,0.043728,0.043728,-0.00018687,-0.000422,34.21192589
1668413068.0423996,0.043653,0.043653,-0.00019628,-0.000448,32.35948815
1668413129.0133505,0.043542,0.043542,-0.00021622,-0.000582,29.92870984
1668413188.997937,0.043688,0.043688,-0.00020612,-0.000416,36.89138025
1668413249.8511462,0.043761,0.043761,-0.00018555,-0.000375,40.7801243
1668413309.718019,0.044027,0.044027,-0.00013791,-7.2e-05,49.47733076
1668413369.7534971,0.044027,0.043997,-0.00014031,-0.000102,48.54455239
1668413429.7822778,0.04403,0.04403,-0.00010893,0.00023,50.06155402
1668413490.5375545,0.043938,0.043938,-0.00010408,0.000177,46.85381053
1668413550.496025,0.0438,0.0438,-0.00011224,6e-06,42.42694429
1668413610.4530678,0.043527,0.043527,-0.00014296,-0.000187,35.21663198
1668413671.7878058,0.043839,0.043839,-0.00010929,0.000297,45.84956912
1668413732.4226654,0.04374,0.04374,-0.00011695,0.000122,43.4139839
1668413791.8452666,0.043639,0.043639,-0.00013147,-0.000199,41.27845329
1668413912.4822257,0.043851,0.043851,-9.123e-05,-8.2e-05,48.09066939
1668413972.4045005,0.04388,0.04388,-7.688e-05,-5.3e-05,49.02255167
1668414033.241382,0.044032,0.044032,-3.961e-05,9.4e-05,53.14963498
1668414093.2980638,0.043889,0.043889,-4.518e-05,7.9e-05,49.0422655
1668414153.2712789,0.04396,0.04396,-2.968e-05,0.000352,51.0441648
1668414214.8831062,0.04399,0.04399,-1.05e-05,0.000151,51.44262461
1668414274.0345364,0.043915,0.043915,-1.933e-05,0.000204,49.55329837
1668414334.047969,0.04409,0.04409,4.4e-07,0.000509,54.07451231
1668414395.061896,0.04409,0.044123,3.07e-06,0.000542,54.85628762
1668414455.1659038,0.04425,0.04425,4.35e-05,0.0004,57.83947259
1668414515.0408578,0.04429,0.04429,6.166e-05,0.000411,58.87493862
1668414575.7732742,0.04425,0.04425,6.448e-05,0.00013,57.31159827
1668414635.9374835,0.04425,0.04425,7.332e-05,0.000361,57.26710161
1668414696.6004035,0.04417,0.04417,6.637e-05,0.000204,54.44410595
1668414756.5698152,0.044161,0.044161,6.645e-05,5.3e-05,54.05429156
1668414816.6205533,0.044168,0.044168,6.858e-05,0.00032,54.05001386
1668414876.6279955,0.044177,0.044177,6.627e-05,0.000203,54.29312575
1668414937.6012409,0.04417,0.04417,6.384e-05,9.9e-05,54.06131111
1668414997.640239,0.044296,0.044296,7.945e-05,3.9e-05,58.1734568
1668415057.6448102,0.04448,0.04448,0.00010424,0.000222,63.47813224
1668415118.4821482,0.044374,0.044374,9.876e-05,0.000198,59.61219032
1668415179.3900075,0.04454,0.04454,0.00012415,0.000286,64.19456622
1668415238.456606,0.04452,0.04452,0.00013073,0.000374,63.66481918
1668415299.2132995,0.044365,0.044365,0.00011527,0.000187,56.59021068
1668415359.2458663,0.044381,0.044381,0.00011107,0.000175,57.12848289
1668415419.1907487,0.044315,0.044315,9.33e-05,0.000165,54.12176826
1668415480.217951,0.044291,0.044291,8.311e-05,0.000121,53.26447368
1668415540.0793345,0.044192,0.044192,5.886e-05,-0.000104,49.3578047
1668415600.202109,0.044222,0.044222,4.805e-05,-0.000182,50.72397628
1668415661.8076708,0.044222,0.04423,4.869e-05,-0.000174,51.04345397
1668415720.9101474,0.044337,0.044339,5.468e-05,-0.00018,55.02310138
1668415780.978659,0.044236,0.044236,4.193e-05,-0.000284,50.64033444
1668415841.9472446,0.04429,0.04429,4.404e-05,-0.0001,52.8354335
1668415901.78867,0.04423,0.044145,2.654e-05,-0.000217,46.63870049
1668415961.855059,0.04418,0.04418,2.056e-05,-6.9e-05,48.11345648
1668416022.561298,0.04421,0.04421,1.961e-05,-8e-05,49.44020024
1668416082.5136223,0.04423,0.04423,1.711e-05,8.5e-05,50.41950842
1668416142.6829576,0.044211,0.044211,1.227e-05,6.2e-05,49.49008354
1668416204.030391,0.044225,0.044225,1.157e-05,-5e-06,50.22589778
1668416263.5599842,0.044244,0.044244,1.14e-05,-0.000119,51.34705831
1668416323.5971756,0.04421,0.04421,5.78e-06,-5e-05,49.39434214
1668416384.511966,0.0443,0.044315,1.527e-05,2.5e-05,55.4918244
1668416444.4660373,0.0443,0.044328,1.631e-05,3.8e-05,56.16684282
1668416504.3969567,0.04443,0.04443,3.456e-05,0.000261,61.42356485
1668416565.548993,0.044439,0.044439,4.357e-05,0.000209,61.88785859
1668416625.353567,0.044635,0.044552,7.756e-05,0.000342,61.2589153
1668416685.4206135,0.044528,0.04464,9.029e-05,0.000429,63.57930153
1668416747.1569767,0.04462,0.04458,9.627e-05,0.000354,60.43636182
1668416806.535786,0.044572,0.044586,0.00010057,0.000362,60.70615067
1668416866.553388,0.04471,0.04471,0.00011392,0.00051,64.82273729
1668416927.2421377,0.04472,0.044668,0.00011546,0.000412,63.51722395
1668416987.1338382,0.04475,0.044789,0.00013336,0.000461,67.36961754
1668417047.2401445,0.044705,0.044647,0.00012361,0.000301,59.86115295
1668417107.8281617,0.044636,0.04464,0.00011729,0.000217,59.10548529
1668417167.774762,0.044659,0.044659,0.00011636,-7.2e-05,59.62352699
1668417227.9157076,0.04473,0.04473,0.00011823,0.000207,62.42484352
1668417288.8801644,0.04468,0.04468,0.00011139,4e-05,60.44218188
1668417348.8496375,0.044693,0.044693,0.00011072,0.000109,60.54323619
1668417408.8099203,0.04478,0.04478,0.00012009,0.00017,64.15103367
1668417469.5912092,0.04469,0.04478,0.00011507,0.000115,62.28663666
1668417529.5417492,0.044863,0.044863,0.00012495,0.000105,65.29013177
1668417589.5533924,0.044846,0.044846,0.00012555,0.000143,64.43885467
1668417650.7419052,0.044813,0.04475,0.00011823,0.000137,57.79112185
1668417710.2498868,0.044732,0.044666,0.00010561,-2e-06,52.67095495
1668417770.2688577,0.04471,0.044752,9.846e-05,9.3e-05,56.6288001
1668417831.233479,0.044729,0.044729,9.096e-05,4.7e-05,55.28834105
1668417891.0530517,0.044729,0.044696,8.833e-05,1.4e-05,53.47227775
1668417951.0623746,0.044653,0.044653,7.595e-05,-5.8e-05,51.11617115
1668418012.187794,0.044653,0.044653,6.613e-05,-0.00014,51.06786712
1668418072.0373862,0.044626,0.044626,5.004e-05,-7.7e-05,49.81781264
1668418132.1462457,0.044626,0.044626,5.004e-05,-7.7e-05,49.81781264
1668418192.9843266,0.044606,0.044606,4.007e-05,-0.000234,48.72879761
1668418253.462413,0.044589,0.044589,2.941e-05,-0.000264,47.8398866
1668418312.9580317,0.04469,0.04469,3.168e-05,-0.000167,53.55400649
1668418373.5885065,0.044669,0.044669,3.036e-05,-0.000111,52.12849578
1668418433.5607605,0.0445,0.0444,-3.71e-06,-0.000249,39.7019288
1668418493.4565914,0.044442,0.04445,-1.581e-05,-0.000302,42.5710515
1668418554.557624,0.044488,0.044488,-2.207e-05,-0.000208,44.72374686
1668418614.7131555,0.044439,0.044439,-3.045e-05,-0.000226,42.54365283
1668418674.5609074,0.04444,0.04444,-3.949e-05,-0.000136,43.38189615
1668418735.196736,0.044374,0.044437,-4.761e-05,-0.000189,43.72855593
1668418795.461589,0.044374,0.044376,-5.248e-05,-0.00025,39.98292206
1668418855.1888175,0.044379,0.044379,-5.776e-05,-0.00021,40.19376537
1668418916.00013,0.044436,0.044436,-5.318e-05,-0.000183,43.93593253
1668418976.0462637,0.044423,0.044423,-5.555e-05,-0.00028,43.64785709
1668419035.996427,0.044423,0.044444,-5.388e-05,-0.000259,45.03164899
1668419096.8455384,0.044404,0.0443,-6.33e-05,-0.0002,38.11919907
1668419156.8853874,0.04435,0.044401,-6.492e-05,1e-06,45.19566481
1668419218.097818,0.04442,0.04442,-6.21e-05,-3e-05,46.3032388
1668419277.7727177,0.044309,0.044309,-6.92e-05,-0.000182,40.88623794
1668419337.578978,0.044307,0.044318,-7.093e-05,-7.7e-05,41.512081
1668419397.6617362,0.044268,0.044268,-7.535e-05,-0.000107,39.21128851
1668419458.3865464,0.044323,0.044323,-7.221e-05,-5.3e-05,42.51270155
1668419518.2629774,0.044381,0.044381,-6.567e-05,-5.5e-05,46.44681133
1668419578.4786675,0.04429,0.04429,-6.706e-05,-0.000114,41.63278839
1668419639.197623,0.044297,0.044297,-6.59e-05,-0.000147,41.93775393
1668419699.009426,0.044249,0.044246,-7.689e-05,-5e-06,41.30957282
1668419759.0658593,0.044194,0.044194,-8.102e-05,-0.000187,38.98619839
1668419820.632592,0.04415,0.04415,-8.413e-05,-0.000231,36.95683193
1668419879.2334812,0.044101,0.0441,-9.154e-05,-0.000207,34.84655379
1668419939.3027554,0.044084,0.044084,-9.988e-05,-0.000234,34.54910599
1668419999.231927,0.044239,0.044239,-8.278e-05,-5.1e-05,44.62211534
1668420059.2770789,0.044224,0.044224,-7.839e-05,-9.9e-05,43.86994078
1668420119.2557163,0.044303,0.044303,-6.357e-05,-7.8e-05,48.44355921
1668420179.2595944,0.044365,0.044416,-4.351e-05,0.000111,54.5850329
1668420239.2186356,0.044402,0.044347,-3.58e-05,0.000174,50.50502757
1668420300.0056634,0.044266,0.044281,-4.269e-05,3.5e-05,47.7015119
1668420359.260509,0.044372,0.044372,-3.215e-05,0.000134,52.19012896
1668420419.2302942,0.044372,0.044413,-2.888e-05,0.000175,53.9700723
1668420479.1880684,0.044472,0.044473,-1.295e-05,0.00031,56.52112251
1668420539.231923,0.044468,0.044451,-2.07e-06,0.000375,55.31068093
1668420599.111313,0.044478,0.044499,1.03e-05,0.000275,57.45169048
1668420659.101256,0.044478,0.044436,5.28e-06,0.000212,54.45439414
1668420719.3395789,0.044478,0.044436,5.28e-06,0.000212,54.45439414
1668420780.3457687,0.0445,0.044623,2.589e-05,0.000384,62.29193053
1668420839.2151346,0.04467,0.04465,4.322e-05,0.000358,63.30242762
1668420899.2222135,0.044551,0.04454,4.391e-05,0.000189,57.57858124
1668420959.2741928,0.04461,0.04461,5.391e-05,0.000194,60.56001215
1668421019.1952996,0.044586,0.044562,5.582e-05,0.000346,58.04278236
1668421079.2769537,0.044573,0.044573,5.887e-05,0.000292,58.528104
1668421139.251753,0.044559,0.0445,5.41e-05,8.7e-05,53.88869021
1668421199.1495287,0.044547,0.044547,5.436e-05,7.4e-05,56.45027471
1668421259.882431,0.044453,0.044431,3.891e-05,-2e-05,49.50864486
1668421319.2325947,0.044453,0.044437,3.939e-05,-1.4e-05,49.87920979
1668421379.254456,0.044453,0.044437,3.939e-05,-1.4e-05,49.87920979
1668421439.3460264,0.044426,0.044426,2.91e-05,-0.000186,49.01238923
1668421499.2703817,0.044408,0.04446,2.612e-05,-0.00012,51.32227327
1668421559.361452,0.044408,0.04446,2.612e-05,-0.00012,51.32227327
1668421619.319896,0.04443,0.04443,1.752e-05,-0.000156,49.15212111
1668421679.264173,0.04443,0.044272,4.92e-06,-0.000314,39.83686869
1668421740.2438433,0.044428,0.04437,-1.37e-06,-0.000189,46.78544727
1668421799.2384984,0.044428,0.04437,-1.37e-06,-0.000189,46.78544727
1668421859.3214176,0.04427,0.04427,-1.355e-05,-0.00023,41.89088818
1668421919.2783475,0.044302,0.044217,-2.599e-05,-0.000236,39.4734825
1668421979.3422136,0.044298,0.044298,-3.024e-05,-0.000139,44.61816847
1668422039.2208557,0.044234,0.044234,-3.746e-05,-0.000239,41.78963153
1668422099.1874158,0.044187,0.044187,-5.211e-05,-0.000239,40.60310637
1668422159.205855,0.044116,0.044156,-6.288e-05,-0.000304,38.89851175
1668422220.5263789,0.044116,0.044113,-6.631e-05,-0.000347,36.98068837
1668422279.338276,0.044113,0.044113,-7.43e-05,-0.000327,36.98068837
1668422339.2374475,0.044113,0.043983,-8.916e-05,-0.000289,32.40854009
1668422399.159439,0.043989,0.043989,-9.717e-05,-0.000439,32.49518991
1668422459.2525349,0.044004,0.044004,-0.0001034,-0.000366,33.08445416
1668422519.2112331,0.044011,0.044011,-0.00010742,-0.000278,33.68570412
1668422579.4917276,0.044044,0.044044,-0.00010283,-0.000172,37.21911352
1668422639.3383212,0.044004,0.043978,-0.00010986,-0.000333,34.34880699
1668422700.2198665,0.044,0.044084,-0.00010303,-7.1e-05,42.39795893
1668422759.4451945,0.044005,0.044003,-0.00010296,-0.000146,38.51225027
1668422819.3755603,0.043993,0.04394,-0.00010677,-0.000173,35.7666121
1668422879.3259816,0.043868,0.044003,-0.00010769,-0.000125,41.83356551
1668422939.3195293,0.044001,0.044001,-0.00010784,-3.2e-05,42.04883136
1668422999.26813,0.044111,0.04415,-8.473e-05,0.000147,50.15704333
1668423059.398397,0.04412,0.044091,-7.575e-05,8.7e-05,47.21864193
1668423119.2971096,0.044091,0.044093,-6.768e-05,1.9e-05,47.33128244
1668423180.0697098,0.044091,0.044051,-6.407e-05,4.9e-05,45.13936659
1668423239.221457,0.044034,0.043989,-6.532e-05,1.1e-05,42.04859852
1668423299.3226657,0.04403,0.04403,-5.915e-05,-5.4e-05,44.0036882
1668423359.549623,0.04403,0.04403,-5.683e-05,2.7e-05,44.0036882
1668423419.335511,0.044,0.043953,-6.235e-05,8.1e-05,39.71255544
1668423479.3585434,0.043955,0.043971,-6.266e-05,4.5e-05,41.19747453
1668423539.412256,0.043971,0.044,-5.821e-05,-8.7e-05,43.45330519
1668423599.2979105,0.044049,0.04409,-4.857e-05,-6e-05,50.28203431
1668423660.5471811,0.044085,0.044023,-4.581e-05,-6.8e-05,45.84361347
1668423719.350041,0.044085,0.044009,-4.692e-05,-8.2e-05,45.01336074
1668423779.2840672,0.04401,0.04401,-4.502e-05,-8.1e-05,45.08985708
1668423839.317853,0.044009,0.044009,-4.315e-05,-4.2e-05,45.01336074
1668423899.4237554,0.044124,0.044124,-3.104e-05,8.4e-05,53.56144563
1668423959.328044,0.044124,0.044121,-3.128e-05,8.1e-05,53.37056564
1668424019.362404,0.044124,0.044121,-3.128e-05,8.1e-05,53.37056564
1668424079.338795,0.044003,0.043997,-3.245e-05,-3.3e-05,45.11594883
1668424140.3959987,0.044005,0.044005,-3.162e-05,5e-06,45.55301501
1668424199.24106,0.044001,0.044001,-3.162e-05,4.8e-05,45.2837259
1668424259.5570602,0.044001,0.043999,-3.178e-05,4.6e-05,45.15260628
1668424319.4167843,0.043954,0.043954,-3.746e-05,-4.6e-05,42.19236833
1668424379.4451833,0.044122,0.044122,-1.716e-05,3.2e-05,54.39928123
1668424439.2771587,0.04407,0.04407,-1.679e-05,6.1e-05,50.95417285
1668424499.3460298,0.044031,0.043999,-2.278e-05,-1e-05,46.12497988
1668424559.4078329,0.043999,0.043963,-2.596e-05,-6.1e-05,43.70245692
1668424620.5539455,0.043999,0.04405,-1.902e-05,2.6e-05,50.04768232
1668424679.500782,0.044009,0.044009,-1.913e-05,-0.000112,47.07990146
1668424739.2305856,0.04381,0.043874,-4.56e-05,-0.000135,42.31358273
1668424799.1979766,0.043886,0.044036,-3.609e-05,3e-05,50.82469156
1668424859.296154,0.044101,0.044101,-2.275e-05,0.000102,53.73451565
1668424919.2966983,0.044104,0.043913,-2.458e-05,-4.1e-05,45.48427353
1668424979.3228252,0.043993,0.043993,-2.292e-05,-9.5e-05,48.87530394
1668425039.393407,0.043997,0.043997,-1.938e-05,-7.3e-05,49.00219309
1668425100.571865,0.044084,0.044057,-1.328e-05,5.3e-05,51.52354047
1668425159.3110378,0.044075,0.044183,2.25e-06,0.000184,56.37627416
1668425219.285874,0.044221,0.04414,1.57e-05,9e-05,53.61403502
1668425279.3049488,0.04425,0.04425,3.291e-05,0.000498,57.76297975
1668425339.492813,0.044235,0.044188,3.474e-05,0.000302,55.40661441
1668425399.31424,0.044189,0.044196,3.922e-05,0.000143,55.72907107
1668425459.694869,0.04422,0.044305,5.105e-05,0.000147,60.05079771
1668425519.3148682,0.044275,0.044275,5.161e-05,0.000362,59.13009333
1668425580.5138314,0.044271,0.044271,5.603e-05,0.000251,59.00251112
1668425639.35274,0.044337,0.044337,6.531e-05,0.00034,61.87824092
1668425699.713714,0.044337,0.044346,6.603e-05,0.000349,62.24097993
1668425759.458491,0.044302,0.044182,5.977e-05,0.000116,52.44759314
1668425819.465296,0.044185,0.044182,5.419e-05,-8.7e-05,52.44759314
1668425879.470359,0.0442,0.0442,5.174e-05,4e-06,53.31583245
1668425939.3592565,0.044256,0.044256,5.603e-05,5.2e-05,56.00705832
1668425999.5642922,0.044274,0.044376,6.482e-05,0.000189,61.51994206
1668426060.590763,0.04438,0.044333,6.778e-05,0.000137,58.59573531
1668426119.481568,0.044333,0.044333,6.908e-05,0.000121,58.59573531
1668426179.4072282,0.044351,0.044351,7.075e-05,9.1e-05,59.49535154
1668426239.4997258,0.044333,0.044333,6.994e-05,5.8e-05,58.08635925
1668426299.4430175,0.044276,0.044421,7.146e-05,7.5e-05,61.17172531
1668426359.4945312,0.044379,0.044379,6.891e-05,0.000197,59.42308116
1668426419.380273,0.04438,0.044347,6.727e-05,0.000147,57.0617611
1668426479.3733928,0.044261,0.044261,5.829e-05,5e-06,51.2357914
1668426540.281558,0.044352,0.044352,5.852e-05,9.6e-05,56.42922018
1668426599.296279,0.044285,0.044285,4.788e-05,-9.5e-05,52.71014138
1668426659.389056,0.044345,0.04444,6.239e-05,0.000107,61.15189642
1668426719.4766788,0.04444,0.044305,5.657e-05,-2.8e-05,51.82198086
1668426779.3928905,0.04444,0.044293,5.561e-05,-4e-05,51.16780209
1668426839.341312,0.04433,0.04433,5.137e-05,-2.3e-05,53.13234197
1668426899.3484702,0.044281,0.044281,3.937e-05,1.2e-05,50.5394111
1668426959.4391897,0.04426,0.04426,3.091e-05,-0.000103,49.3066156
1668427020.6036704,0.044325,0.044325,3.29e-05,-5.5e-05,53.27326854
1668427079.4081085,0.044325,0.044374,3.537e-05,2.7e-05,56.1931173
1668427139.5205834,0.044358,0.044303,3.123e-05,3.1e-05,51.20062747
1668427199.4376647,0.044358,0.044368,3.642e-05,9.6e-05,55.73386224
1668427259.7921846,0.044325,0.044325,3.329e-05,-7.1e-05,52.18871714
1668427319.8533468,0.044368,0.044355,3.1e-05,-0.000105,54.19752772
1668427379.5384245,0.044301,0.044301,2.611e-05,8e-06,50.0726407
1668427439.3215716,0.044508,0.044508,4.298e-05,0.000246,63.33247492
1668427500.1647537,0.044508,0.04454,4.554e-05,0.000278,64.81336517
1668427559.3991995,0.044696,0.044696,6.812e-05,0.000434,70.96887988
1668427619.534362,0.044597,0.044597,7.714e-05,0.000295,63.39003668
1668427679.6982334,0.044622,0.04469,9.346e-05,0.000365,68.43489221
1668427739.7053838,0.04467,0.0447,9.584e-05,0.000326,66.50811052
1668427799.6886058,0.04477,0.04483,0.0001146,0.000462,70.77699497
1668427859.5281107,0.044789,0.04482,0.00012584,0.000452,70.50980233
1668427919.601061,0.0448,0.044761,0.00012988,0.000461,65.96028002
1668427979.7404437,0.044718,0.044688,0.00012297,0.000333,61.03563616
1668428039.4957254,0.04464,0.04464,0.00011144,0.000266,57.93190479
1668428099.5298698,0.04462,0.04469,0.00010875,0.00015,60.22597007
1668428159.546088,0.04464,0.04464,9.969e-05,-5.6e-05,57.4420393
1668428219.5713212,0.04467,0.04467,9.301e-05,2.9e-05,58.35969376
1668428279.6342368,0.04469,0.044699,8.974e-05,0.000129,59.86240782
1668428339.6021898,0.04469,0.04469,8.738e-05,-1.2e-05,59.1990453
1668428399.6951497,0.04466,0.04466,8.27e-05,-0.00015,56.88758891
1668428459.541257,0.04469,0.04469,8.226e-05,-0.000132,59.10044148
1668428520.0324705,0.0447,0.0447,8.063e-05,-1.8e-05,59.55718605
1668428579.5243356,0.044578,0.044603,6.748e-05,-2.7e-05,51.63761795
1668428639.3817244,0.044634,0.044627,6.032e-05,-1.3e-05,53.33108017
1668428699.5703194,0.044581,0.044603,5.352e-05,-5.9e-05,51.18884388
1668428759.396388,0.044603,0.04452,3.953e-05,-7.8e-05,45.42758781
1668428819.429693,0.04448,0.04448,2.745e-05,-0.000159,42.74775212
1668428879.3722196,0.044454,0.044349,-3.2e-07,-0.00035,36.06485457
1668428939.4709735,0.044454,0.044349,-3.2e-07,-0.00035,36.06485457
1668428999.513888,0.044406,0.044349,-2.615e-05,-0.000349,37.82360222
1668429059.4479697,0.04438,0.04438,-3.435e-05,-0.00033,40.28990712
1668429119.443071,0.044453,0.044356,-4.155e-05,-0.000312,39.27405007
1668429179.618278,0.044333,0.044333,-4.931e-05,-0.00027,38.05442124
1668429239.546754,0.044164,0.044071,-8.65e-05,-0.000579,27.9240083
1668429299.54377,0.04408,0.044043,-0.00010521,-0.00056,27.02781753
1668429359.5380902,0.044041,0.044128,-0.00011024,-0.000433,32.16037772
1668429419.5325148,0.044053,0.04406,-0.00012497,-0.000339,27.49592704
1668429480.2389846,0.044126,0.04406,-0.00013084,-0.000289,27.49592704
1668429539.5427606,0.044114,0.044114,-0.00012626,-0.000296,32.67854826
1668429599.6018722,0.04418,0.04409,-0.00012251,-0.000259,34.10512999
1668429659.576401,0.044091,0.044091,-0.00012222,-0.000301,34.19284497
1668429719.4843962,0.044152,0.04413,-0.00011368,-0.000226,38.05093962
1668429779.8496482,0.044154,0.044154,-0.00011011,-4e-06,41.14840952
1668429839.7687385,0.044165,0.044093,-0.00010695,1e-05,38.64191401
1668429899.6005952,0.044128,0.044128,-9.759e-05,4.6e-05,40.12472779
1668429960.3431275,0.044128,0.044195,-9.224e-05,0.000113,44.38395825
1668430019.5749705,0.04415,0.044193,-8.427e-05,0.000133,44.26093975
1668430079.4285333,0.044091,0.044091,-9.148e-05,3.1e-05,38.77925506
1668430139.6401532,0.044127,0.044127,-8.948e-05,1.2e-05,42.74524949
1668430199.520569,0.044127,0.044127,-8.422e-05,-5.3e-05,42.74524949
1668430259.483806,0.044127,0.044127,-8.422e-05,-5.3e-05,42.74524949
1668430319.643074,0.044126,0.044126,-7.921e-05,3.6e-05,42.68553698
1668430379.4938116,0.044073,0.044073,-8.243e-05,-8e-05,40.03045217
1668430440.1636147,0.044062,0.044062,-7.843e-05,-2.8e-05,40.31214204
1668430499.8447585,0.0441,0.0441,-7.091e-05,-7.8e-05,42.34851082
1668430559.6297207,0.044112,0.044112,-6.639e-05,-5.2e-05,43.4213147
1668430619.4808884,0.044119,0.044119,-6.116e-05,-7.6e-05,44.03548075
1668430679.5284398,0.044119,0.044118,-6.124e-05,-7.7e-05,43.94288226
1668430739.573788,0.044048,0.04407,-5.664e-05,2.2e-05,40.23672079
1668430799.472448,0.04407,0.043957,-6.366e-05,-0.00017,33.07872686
1668430859.610279,0.044008,0.044008,-6.863e-05,-0.000119,40.09601844
1668430920.2864735,0.04395,0.044089,-6.455e-05,2.5e-05,46.57262029
1668430979.78227,0.043991,0.04402,-6.369e-05,-9.5e-05,42.49768616
1668431040.3972,0.043995,0.044061,-5.902e-05,-5.1e-05,45.54652833
1668431100.4743333,0.043994,0.043994,-6.004e-05,-0.000106,41.65932318
1668431160.2522166,0.043978,0.043901,-6.917e-05,-0.000217,37.02951759
1668431221.356701,0.043877,0.043877,-7.884e-05,-0.000241,36.89661265
1668431281.3773088,0.04387,0.04408,-6.681e-05,-3.8e-05,50.05988956
1668431341.4007194,0.04406,0.044118,-5.304e-05,2.9e-05,52.06910267
1668431402.0879,0.044268,0.044261,-2.186e-05,0.000354,58.39227686
1668431462.785529,0.04431,0.044293,-2.33e-06,0.000324,59.72612179
1668431521.9357972,0.044161,0.044168,-6.53e-06,7.9e-05,52.97037716
1668431582.772422,0.04406,0.043969,-2.278e-05,-5.1e-05,43.82325639
1668431642.9643164,0.043895,0.043224,-9.306e-05,-0.000837,25.43118887
1668431702.891188,0.042739,0.04259,-0.00022257,-0.001378,18.61129794
1668431763.8401434,0.04262,0.042895,-0.00025553,-0.000957,25.66933026
1668431823.8085582,0.042775,0.043046,-0.0002861,-0.000822,31.55368111
1668431883.8305826,0.043009,0.043049,-0.00030649,-0.001031,31.97444684
1668431944.7467487,0.043058,0.042922,-0.00031588,-0.001332,31.31122809
1668432004.7043114,0.043001,0.04301,-0.00031632,-0.001264,33.80460353
1668432064.6272357,0.043002,0.043035,-0.00031528,-0.001116,34.78241426
1668432125.4739244,0.043025,0.042901,-0.00032195,-0.001169,31.49069089
1668432185.4409072,0.0429,0.042935,-0.0003178,-0.000961,32.87824644
1668432245.5067115,0.042847,0.0425,-0.00034796,-0.000245,25.02938544
1668432306.4379852,0.042467,0.042382,-0.00038403,-0.000398,24.56103159
1668432366.5801976,0.042406,0.042607,-0.00038101,-0.000161,32.77305859
1668432426.4848192,0.042572,0.042609,-0.00037784,-0.000309,33.01658473
1668432487.324778,0.042588,0.042519,-0.00037403,-0.000615,31.38820666
1668432547.3354409,0.042457,0.042428,-0.00037891,-0.00052,29.92746636
1668432607.2642949,0.042,0.042098,-0.00042597,-0.00087,27.63655212
1668432668.2866125,0.042099,0.042169,-0.00042558,-0.000817,30.07320329
1668432728.0611064,0.042256,0.042359,-0.000398,-0.000541,36.00759721
1668432788.0099382,0.042399,0.042499,-0.00036732,-0.000397,40.19611374
1668432849.2376688,0.042468,0.042349,-0.00035489,2e-06,36.84419139
1668432909.28197,0.0424,0.04237,-0.00033342,-2e-06,37.19271968
1668432969.2980323,0.042374,0.042324,-0.00031915,-0.000213,36.22458634
1668433030.086303,0.042436,0.042438,-0.00029198,-0.000168,39.6603496
1668433090.0610852,0.04251,0.042593,-0.00025414,0.000156,44.98276383
1668433150.1041496,0.042583,0.042563,-0.00022848,0.000563,44.14330535
1668433210.753833,0.042511,0.042511,-0.00019319,0.000224,42.67558123
1668433270.7973237,0.042469,0.042469,-0.0001814,9.8e-05,41.37379998
1668433330.8277807,0.042469,0.042392,-0.00018754,2.1e-05,39.1771062
1668433391.590696,0.042558,0.042558,-0.00014932,0.000162,45.86744127
1668433451.542116,0.0426,0.0426,-0.00012806,0.000226,47.41928174
1668433511.560554,0.0426,0.042604,-0.00012774,0.00023,47.57540296
1668433572.7112129,0.042692,0.042692,-8.512e-05,0.000182,50.98570089
1668433632.496873,0.042692,0.042521,-9.876e-05,1.1e-05,44.88769657
1668433692.7776518,0.042522,0.042522,-8.802e-05,-3.8e-05,44.92917759
1668433753.205717,0.042707,0.042707,-5.664e-05,0.000197,52.10461011
1668433813.2003095,0.043593,0.043593,7.618e-05,0.001088,71.46399516
1668433873.2080724,0.044579,0.044579,0.0002692,0.002187,80.7251315
1668433934.134523,0.045404,0.045404,0.0004739,0.002841,84.66916262
1668433994.420753,0.044878,0.044878,0.00050171,0.002281,73.39786502
1668434054.0195646,0.044923,0.044923,0.00056176,0.002319,72.66452902
1668434115.0283663,0.045023,0.045023,0.00061292,0.002323,73.45680041
1668434174.9951384,0.044982,0.044982,0.0006259,0.002461,71.80613477
1668434235.1482158,0.043681,0.043681,0.00045283,0.001159,51.68609696
1668434295.8468578,0.044355,0.044355,0.00048217,0.001647,58.5101618
1668434355.7212565,0.044348,0.044348,0.00046778,0.000853,58.0105549
1668434415.9905803,0.044479,0.044479,0.00046413,-9.5e-05,59.65180459
1668434477.0707333,0.0447,0.0447,0.00047971,-0.000724,61.70977368
1668434536.4997835,0.044592,0.044592,0.00045977,-0.000286,59.99717543
1668434596.6851196,0.044608,0.044608,0.00044362,-0.000392,60.16226766
1668434657.9945204,0.044608,0.044504,0.00043532,-0.000496,58.51903354
1668434717.8919644,0.044654,0.044654,0.00041307,-0.000263,60.7072161
1668434777.8275025,0.044419,0.044419,0.00035825,0.000719,56.17310368
1668434838.8080606,0.044419,0.044382,0.00035529,0.000682,55.66352576
1668434898.9799488,0.044128,0.044128,0.00025915,-0.000315,51.27903186
1668434958.8264234,0.044278,0.044278,0.00023671,-0.0002,53.67863053
1668435020.6363363,0.04419,0.04419,0.00020286,-0.00052,52.28810373
1668435079.5784566,0.044189,0.044189,0.00017945,-0.000452,52.26742538
1668435139.6003468,0.044256,0.044256,0.00017537,-0.000332,53.0651671
1668435200.405579,0.044302,0.044302,0.00016544,-0.000282,54.0091151
1668435260.252571,0.044313,0.044313,0.00016005,-0.000342,53.78633345
1668435320.3754914,0.044458,0.044458,0.00016653,0.000118,56.93199512
1668435381.3882916,0.044452,0.044452,0.00016019,7e-05,56.84774637
1668435441.291831,0.044619,0.044619,0.00017907,0.000549,60.05003583
1668435502.3338284,0.044571,0.044571,0.00017428,0.000425,58.68491253
1668435562.1596467,0.044601,0.044601,0.00017579,0.000411,59.30755267
1668435622.1314466,0.04496,0.04496,0.00023086,0.00077,64.20333946
1668435682.0278735,0.04489,0.04489,0.00023444,0.000523,62.19858191
1668435742.8951964,0.044889,0.044889,0.00023951,0.000589,61.93336501
1668435802.8788495,0.045053,0.045053,0.00025638,0.000651,65.59119339
1668435862.766993,0.044873,0.044873,0.00023701,0.000443,60.71137256
1668435923.811479,0.044885,0.044885,0.00023612,0.000455,60.02585286
1668435984.2675374,0.045045,0.045045,0.00024602,0.000421,64.58472879
1668436043.7666097,0.045086,0.045086,0.00024385,0.000515,65.43147096
1668436104.6440792,0.04522,0.04522,0.00026533,0.000619,66.71231302
1668436164.605738,0.045113,0.045113,0.0002597,3.9e-05,62.58268479
1668436224.5854914,0.045103,0.045103,0.00025003,0.000172,62.20865753
1668436285.3308556,0.044992,0.044992,0.00021622,5e-05,57.41347264
1668436345.2896044,0.04494,0.04494,0.00019159,-4.3e-05,56.29359353
1668436405.346983,0.04516,0.04516,0.00020426,0.00026,61.41043398
1668436466.7472775,0.045179,0.045179,0.00020916,0.000201,60.68861305
1668436526.7028503,0.045244,0.045244,0.00021368,0.000244,62.92238758
1668436586.7720468,0.045432,0.045432,0.00024125,0.000439,65.50431488
1668436647.9118145,0.045464,0.045464,0.00025029,0.000183,66.61878516
1668436707.7747335,0.045636,0.045636,0.00027718,0.000395,69.55238551
1668436767.9130812,0.045634,0.045634,0.00027904,0.000524,68.40596806
1668436828.7186909,0.045439,0.045439,0.00025319,0.000575,62.00759038
1668436888.688819,0.045444,0.045444,0.00024782,0.000557,60.8636327
1668436948.722505,0.045365,0.045365,0.00022738,0.000262,58.02462089
1668437009.8250227,0.045415,0.045415,0.0002168,0.000158,59.68772035
1668437070.479865,0.04549,0.04549,0.00021149,0.000247,61.68136674
1668437129.68267,0.04549,0.045547,0.00021604,0.000304,63.10470782
1668437190.4354985,0.04555,0.04555,0.0002056,6.4e-05,63.18222315
1668437249.7335243,0.045796,0.045796,0.00023338,0.000132,68.94404793
1668437309.6883986,0.045567,0.045567,0.00020498,-1.4e-05,59.58358522
1668437369.807827,0.045454,0.045454,0.00018255,1.5e-05,55.41169331
1668437429.61923,0.045222,0.045222,0.00013994,-0.000301,48.03138399
1668437489.8817172,0.045362,0.045362,0.00013311,-5.2e-05,52.24565689
1668437549.7897398,0.04525,0.04525,9.918e-05,-0.00015,48.73467702
1668437609.825173,0.0453,0.0453,9.024e-05,-0.000142,50.20056609
1668437669.8163571,0.0453,0.0453,7.689e-05,-0.000247,50.16405062
1668437729.6949718,0.045274,0.045274,6.346e-05,-0.000276,49.19044794
1668437789.7978914,0.045215,0.045215,4.146e-05,-0.000581,47.34858104
1668437849.7469552,0.045165,0.045165,1.94e-05,-0.000406,45.91706281
1668437909.76467,0.045127,0.045127,4.5e-06,-0.000393,44.59047076
1668437969.8408003,0.045127,0.045086,1.23e-06,-0.000434,43.24251844
1668438029.8047638,0.045086,0.045099,-1.199e-05,-0.000235,43.82240071
1668438089.711095,0.044778,0.044778,-7.288e-05,-0.000446,34.38972589
1668438149.766537,0.044947,0.044947,-7.06e-05,-0.000403,41.02161804
1668438209.7906406,0.044924,0.044924,-7.954e-05,-0.000391,40.40191609
1668438269.7087903,0.044924,0.044887,-8.249e-05,-0.000428,39.30266198
1668438329.756487,0.045,0.045,-8.242e-05,-0.000315,44.28812304
1668438389.8935423,0.045059,0.045059,-7.868e-05,-0.000132,46.83846652
1668438449.961824,0.045,0.045,-8.12e-05,-0.000125,44.38762584
1668438509.7897646,0.045,0.045024,-7.929e-05,-0.000101,45.48852969
1668438569.7246606,0.044981,0.044981,-7.86e-05,-0.000184,43.81496568
1668438629.717913,0.044934,0.044934,-8.085e-05,-0.000152,41.99360003
1668438689.6271768,0.044912,0.044912,-8.592e-05,-0.000187,41.50960827
1668438749.8347583,0.04493,0.04493,-8.503e-05,0.000112,42.51827505
1668438809.6986058,0.04493,0.045004,-7.913e-05,0.000186,46.32371482
1668438869.8485315,0.044887,0.044887,-8.066e-05,-6.9e-05,41.49275796
1668438929.7044723,0.044887,0.044806,-8.712e-05,-0.00015,38.58794421
1668438989.729276,0.044851,0.044851,-8.949e-05,-3.6e-05,41.05677901
1668439049.843148,0.044848,0.044848,-9.217e-05,-0.000152,41.08097285
1668439109.8188972,0.044821,0.044821,-9.729e-05,-0.000203,41.04865202
1668439169.774679,0.044821,0.044975,-8.501e-05,-4.9e-05,48.79882545
1668439229.8317518,0.045005,0.045005,-7.134e-05,2.3e-05,50.17307925
1668439289.709004,0.045218,0.045218,-3.083e-05,0.000323,58.19204425
1668439350.4644847,0.045289,0.045289,-8.83e-06,0.000377,60.14347384
1668439409.7609117,0.045289,0.045256,-1.146e-05,0.000344,59.1037644
1668439470.040995,0.045365,0.045365,3.454e-05,0.000428,62.68816587
1668439529.835802,0.045408,0.045408,5.246e-05,0.000602,64.17490558
1668439589.862969,0.0454,0.0454,6.271e-05,0.00059,64.11043743
1668439649.8041048,0.045546,0.045546,9.776e-05,0.000696,67.45836305
1668439709.8863988,0.045621,0.045621,0.00011768,0.000848,68.86310931
1668439769.8020766,0.04572,0.04572,0.00014768,0.000745,71.05061408
1668439830.6310043,0.045699,0.045699,0.00015967,0.000499,69.65707414
1668439889.8040674,0.04579,0.04579,0.00018377,0.00063,70.68759788
1668439949.7411656,0.04582,0.04582,0.00019705,0.000564,72.36947587
1668440009.7176642,0.04564,0.04564,0.00018269,0.000325,62.16668188
1668440069.7742271,0.045587,0.045587,0.00016898,0.000265,59.53403343
1668440129.9678297,0.045568,0.045568,0.00015632,0.000245,58.5898379
1668440189.9242609,0.04567,0.04567,0.00016324,9.5e-05,60.99159915
1668440249.8961082,0.0455,0.0455,0.00013389,-2.2e-05,53.51728393
1668440310.9227183,0.045517,0.045517,0.00012066,-0.000207,54.15875175
1668440369.7399974,0.04545,0.04545,0.00010419,-0.000242,51.10095493
1668440429.903092,0.045338,0.045338,7.722e-05,-0.000483,46.64332931
1668440489.7838955,0.045288,0.045288,5.14e-05,-0.00053,44.87773612
1668440549.8142192,0.045326,0.045326,4.228e-05,-0.00039,46.68221856
1668440610.0517144,0.045467,0.045467,4.509e-05,-0.00013,52.45008438
1668440669.8135304,0.045374,0.045374,2.691e-05,-0.000194,48.72562031
1668440729.715536,0.045341,0.045341,1.569e-05,-0.000378,47.20549024
1668440790.7758892,0.045341,0.045341,1.057e-05,-0.000168,47.25404156
1668440849.8928158,0.045341,0.045341,1.057e-05,-0.000168,47.25404156
1668440909.7865982,0.045488,0.045404,9.59e-06,-9.4e-05,50.5544598
1668440969.8282611,0.045469,0.045469,1.886e-05,7.5e-05,53.49020372
1668441030.1525192,0.045468,0.045468,2.067e-05,0.000184,53.43102899
1668441089.9013038,0.045481,0.045481,2.357e-05,0.000107,54.10792727
1668441149.7786784,0.045168,0.045168,-1.572e-05,-0.000232,39.35212188
1668441209.831976,0.045262,0.045262,-1.6e-05,-7.8e-05,43.72542987
1668441269.9968247,0.045228,0.045228,-2.186e-05,-0.000114,42.63607549
1668441329.8099625,0.045243,0.045243,-2.772e-05,-0.000128,43.22512449
1668441389.9875534,0.045145,0.045145,-4.636e-05,-0.000196,39.24863212
1668441449.8559124,0.045032,0.045032,-6.857e-05,-0.000379,35.16153623
1668441509.9467115,0.045032,0.045115,-6.195e-05,-0.000296,39.17870847
1668441569.7836795,0.045032,0.045115,-6.195e-05,-0.000296,39.17870847
1668441629.7697234,0.045115,0.045115,-6.895e-05,-0.000377,39.17870847
1668441690.7462697,0.045117,0.045117,-7.386e-05,-0.000362,39.83953842
1668441749.9604452,0.045117,0.045235,-6.445e-05,-0.000244,46.69150771
1668441810.0096755,0.045093,0.045096,-7.012e-05,-0.000131,40.31879766
1668441869.9124022,0.045093,0.045195,-6.586e-05,-8.6e-05,45.97454231
1668441930.0011942,0.04505,0.04505,-6.938e-05,-0.000199,39.61572784
1668441989.907222,0.04505,0.045055,-6.898e-05,-0.000194,39.80569526
1668442049.9509733,0.045095,0.045095,-7.071e-05,-6.3e-05,42.19383813
1668442109.9300127,0.045095,0.045096,-7.063e-05,-6.2e-05,42.25111621
1668442169.877097,0.045103,0.045103,-7.056e-05,3e-05,42.67927882
1668442229.9396026,0.04509,0.04509,-7.073e-05,-2.5e-05,42.05565947
1668442289.9100723,0.045346,0.045346,-4.287e-05,0.00022,55.56491613
1668442349.829236,0.045612,0.045612,1.067e-05,0.000465,64.34106379
1668442409.947372,0.04575,0.04575,5.358e-05,0.000515,68.16715536
1668442469.997322,0.0458,0.0458,8.574e-05,0.000704,69.39641202
1668442529.9007895,0.045787,0.045787,0.00010574,0.000592,68.9640263
1668442589.8670175,0.045807,0.045807,0.00012082,0.000611,68.72239764
1668442649.985889,0.04618,0.04618,0.000185,0.001125,76.55610588
1668442710.0630803,0.046213,0.046213,0.00021435,0.001117,77.11866408
1668442769.841464,0.046361,0.046361,0.00025673,0.001258,77.99076543
1668442830.138702,0.046224,0.046224,0.00025824,0.001024,71.04942115
1668442890.0282922,0.0462,0.0462,0.00026495,0.00058,68.82498474
1668442949.8687615,0.046131,0.046131,0.0002578,0.000402,65.4370522
1668443009.9767425,0.04619,0.04619,0.00025262,0.0004,66.47966731
1668443069.96153,0.045991,0.045991,0.00021911,0.000202,59.13715083
1668443130.1355145,0.045994,0.045994,0.00020358,0.000234,59.11645837
1668443189.9352045,0.046002,0.046002,0.00019188,-0.000167,58.81718037
1668443249.8855882,0.046002,0.045922,0.0001855,-0.000247,55.23242598
1668443310.1271217,0.045999,0.045999,0.00017243,-0.0002,57.89253665
1668443369.857825,0.045884,0.045884,0.00012819,-0.000372,52.74267595
1668443429.910769,0.045847,0.045847,0.00010527,-0.000439,51.52351483
1668443490.0707052,0.045848,0.045848,8.632e-05,-0.000352,51.70705791
1668443550.5892208,0.045899,0.045899,8.308e-05,-0.00021,53.57515188
1668443609.895783,0.04597,0.04597,8.261e-05,-2.4e-05,56.35621728
1668443670.024491,0.045873,0.045873,6.968e-05,-0.00013,52.08649892
1668443729.9683368,0.04579,0.04579,5.303e-05,-0.000251,48.2770251
1668443790.080686,0.045621,0.045621,2.255e-05,-0.000301,41.65172119
1668443850.01548,0.04569,0.04569,1.139e-05,-0.000309,44.74391466
1668443910.0407572,0.045788,0.045788,1.369e-05,-2.5e-05,49.26431874
1668443970.0032673,0.045784,0.045784,9.59e-06,-1.8e-05,49.07961706
1668444029.9354477,0.045758,0.045758,4.43e-06,-8e-06,47.79033
1668444090.0218,0.04575,0.04575,-1.34e-06,-0.000154,47.47268595
1668444149.978088,0.04575,0.045798,2.49e-06,-0.000106,50.01169246
1668444209.9364913,0.045775,0.0457,-5.94e-06,-0.000213,45.20711765
1668444269.8649683,0.045751,0.045751,-1.358e-05,-8.7e-05,48.23253178
1668444329.878765,0.045889,0.045889,5.41e-06,0.000189,54.88197904
1668444390.052458,0.045826,0.045826,2.7e-06,0.000175,51.62203682
1668444450.158727,0.04579,0.04579,1.3e-07,1.5e-05,49.75663184
1668444510.0098767,0.045759,0.045759,3.42e-06,-2.7e-05,48.04069752
1668444569.9276748,0.045759,0.045849,1.06e-05,6.3e-05,52.3797282
1668444630.054881,0.045736,0.045736,-4.56e-06,-7e-06,47.00846285
1668444689.9988637,0.045674,0.045674,-1.28e-05,-0.000124,44.22756078
1668444749.9750867,0.045822,0.045822,-2.27e-06,0.000122,51.54164112
1668444810.0382173,0.045822,0.04585,-3e-08,0.00015,52.89996669
1668444870.0166414,0.045822,0.04585,-3e-08,0.00015,52.89996669
1668444930.0027704,0.045822,0.04585,-3e-08,0.00015,52.89996669
1668444990.0612793,0.045802,0.045892,7.51e-06,0.000195,54.94029231
1668445050.107182,0.045892,0.045892,1.333e-05,3e-06,54.94029231
1668445109.9982946,0.045803,0.045803,6.51e-06,-2.3e-05,49.91233056
1668445170.1023622,0.04582,0.04582,8.92e-06,1.8e-05,50.74074094
1668445230.063073,0.04582,0.045767,4.69e-06,-3.5e-05,47.82073215
1668445290.12171,0.045793,0.045781,2.02e-06,-0.000111,48.66117869
1668445350.0282722,0.045793,0.045781,2.02e-06,-0.000111,48.66117869
1668445409.9381702,0.0455,0.0455,-3.711e-05,-0.000202,35.91432951
1668445470.0419292,0.045743,0.045743,-1.907e-05,-4e-06,48.12127135
1668445530.073603,0.045707,0.045707,-2.437e-05,-6e-05,46.45718354
1668445590.0499,0.045632,0.045632,-3.375e-05,-0.000218,42.96542104
1668445650.072085,0.045586,0.045586,-4.652e-05,-0.000306,41.49190422
1668445710.2012916,0.045471,0.045471,-6.806e-05,-0.000354,36.66975449
1668445770.264228,0.045468,0.045468,-7.782e-05,-0.000372,36.78483582
1668445830.0428576,0.045468,0.045495,-7.567e-05,-0.000345,38.5634132
1668445889.980278,0.045468,0.045495,-7.567e-05,-0.000345,38.5634132
1668445950.081422,0.045497,0.045497,-8.149e-05,-0.000284,38.99886841
1668446009.9766648,0.045496,0.045496,-8.846e-05,-7.5e-05,41.30423027
1668446070.217512,0.045482,0.045482,-9.137e-05,-0.000247,40.62393186
1668446130.2205586,0.045472,0.045472,-8.621e-05,-0.000231,41.18030387
1668446190.136058,0.045404,0.045404,-8.839e-05,-0.00027,38.17143872
1668446250.0200212,0.045404,0.045448,-8.488e-05,-0.000226,39.99140903
1668446310.1316495,0.045404,0.045452,-8.456e-05,-0.000222,40.16550404
1668446370.175979,0.045496,0.045496,-7.459e-05,2.6e-05,43.59519967
1668446430.1095266,0.045496,0.045589,-6.717e-05,0.000119,48.62745616
1668446490.0833046,0.045589,0.045589,-5.96e-05,9.4e-05,49.37985033
1668446550.0115242,0.045589,0.045589,-5.96e-05,9.4e-05,49.37985033
1668446610.081507,0.045476,0.045476,-5.789e-05,7.2e-05,43.20482285
1668446669.9959197,0.045528,0.045528,-4.994e-05,8.3e-05,46.23871789
1668446730.127775,0.045528,0.045555,-4.779e-05,0.00011,48.01190906
1668446790.2342849,0.045504,0.045515,-4.891e-05,-3.2e-05,45.66725079
1668446850.143775,0.045501,0.045501,-4.582e-05,4.9e-05,44.96534416
1668446909.9812667,0.045482,0.045482,-5.615e-05,-6.1e-05,46.2632404
1668446970.1680653,0.045287,0.045287,-7.174e-05,-0.000221,36.66190375
1668447030.2242386,0.045268,0.045268,-8.207e-05,-0.000241,35.95205914
1668447090.1238663,0.045326,0.045326,-7.91e-05,-0.000263,39.99450216
1668447150.0232882,0.045326,0.045325,-7.918e-05,-0.000264,39.95122405
1668447210.112381,0.0452,0.0452,-9.692e-05,-0.000328,34.81980529
1668447269.9803965,0.045094,0.045094,-0.00011694,-0.00041,31.19511796
1668447330.2734475,0.045153,0.045153,-0.00011658,-0.000362,35.14442721
1668447390.1612675,0.045153,0.045193,-0.00011338,-0.000322,37.82111163
1668447450.0703151,0.045238,0.045238,-0.00010499,-8.5e-05,40.78694207
1668447510.0592668,0.045238,0.045215,-0.00010683,-0.000108,39.72240705
1668447570.2387776,0.045219,0.045219,-0.00010326,-0.000203,40.01000565
1668447630.026408,0.045164,0.045164,-0.00010959,-0.000104,38.69926173
1668447690.1393414,0.045164,0.045182,-0.00010815,-8.6e-05,39.89968236
1668447750.2227314,0.045227,0.045228,-0.00010108,-0.00011,42.97307275
1668447810.1466742,0.045199,0.045199,-9.67e-05,-0.000126,41.53115714
1668447870.1350155,0.045165,0.045165,-9.238e-05,6.8e-05,39.84319317
1668447930.330806,0.045115,0.045115,-9.643e-05,-3.7e-05,37.43368974
1668447990.121696,0.045115,0.04519,-9.044e-05,3.8e-05,43.00183117
1668448050.1565518,0.04503,0.04503,-9.787e-05,-0.000207,35.75523433
1668448110.1773162,0.045182,0.045182,-8.254e-05,-3.3e-05,44.6507839
1668448170.014061,0.045182,0.045182,-7.622e-05,5.9e-05,44.6507839
1668448230.107869,0.045182,0.045182,-7.622e-05,5.9e-05,44.6507839
1668448290.0419266,0.045126,0.045126,-7.487e-05,-5.6e-05,41.53122263
1668448350.1320243,0.045218,0.045218,-6.013e-05,-1e-05,47.21592493
1668448410.1552732,0.045218,0.045234,-5.885e-05,6e-06,48.35423762
1668448470.337707,0.045218,0.045234,-5.885e-05,6e-06,48.35423762
1668448530.190141,0.045195,0.0452,-5.391e-05,1e-06,46.08010524
1668448590.1954944,0.045158,0.045158,-5.278e-05,-7e-06,43.36682951
1668448650.269663,0.0452,0.0452,-4.492e-05,8.5e-05,46.12394415
1668448710.0931928,0.0452,0.045189,-4.58e-05,7.4e-05,45.34078841
1668448770.9135177,0.045207,0.045207,-4.143e-05,8e-06,46.92876962
1668448831.0204113,0.0452,0.0452,-3.81e-05,0.00011,46.36463974
1668448890.97025,0.0452,0.0452,-3.462e-05,6.4e-05,46.32180638
1668448951.8087316,0.0452,0.0452,-3.462e-05,6.4e-05,46.32180638
1668449012.035852,0.0452,0.045235,-2.915e-05,5.3e-05,49.81672378
1668449071.9565842,0.045164,0.045164,-3.019e-05,-1.8e-05,43.61328113
1668449132.8892093,0.045099,0.045099,-3.825e-05,-0.000116,39.02720261
1668449192.9634373,0.045053,0.045053,-4.678e-05,-0.000181,36.11160463
1668449252.9824457,0.045197,0.045197,-3.113e-05,-3e-06,48.48756041
1668449313.818668,0.045181,0.045181,-3.286e-05,-2.6e-05,47.92807395
1668449373.900175,0.045181,0.045181,-3.286e-05,-2.6e-05,47.92807395
1668449433.8421311,0.045181,0.045181,-3.286e-05,-2.6e-05,47.92807395
1668449494.7086236,0.045278,0.045278,-2.198e-05,8.9e-05,54.62529276
1668449554.7636914,0.045324,0.045324,-6.7e-06,0.000117,57.23371826
1668449614.720294,0.045324,0.045327,-6.46e-06,0.00012,57.40569284
1668449676.1092966,0.04527,0.04527,5.65e-06,7e-05,52.73299025
1668449736.0877404,0.045437,0.045437,2.728e-05,0.000202,63.86930693
1668449796.4469762,0.045437,0.045301,1.643e-05,6.6e-05,54.1888022
1668449857.10964,0.04525,0.04525,1.563e-05,0.000174,50.01173225
1668449916.8635492,0.045154,0.045154,7.67e-06,-4.3e-05,43.10996541
1668449977.0059865,0.045145,0.045145,-7.5e-07,1.4e-05,42.48181626
1668450037.6007082,0.045209,0.045209,1.32e-06,2.8e-05,47.35345727
1668450097.7584555,0.045157,0.045157,-5.53e-06,-0.000167,43.62668557
1668450157.7651756,0.045146,0.045146,-1.171e-05,-0.000181,42.85828112
1668450218.6182125,0.045146,0.045188,-8.36e-06,-0.000139,46.33806597
1668450278.5245545,0.0452,0.0452,-9.52e-06,-0.000127,47.39285558
1668450338.7990563,0.0452,0.045155,-1.311e-05,-0.000172,43.91657806
1668450399.676529,0.044985,0.044985,-3.964e-05,-0.000316,33.83973308
1668450459.5864766,0.044985,0.045091,-3.118e-05,-0.00021,41.16491545
1668450519.4895172,0.045081,0.045081,-4.198e-05,-0.000202,41.39900581
1668450580.2608728,0.044872,0.044872,-7.096e-05,-0.000293,29.72427748
1668450640.35178,0.045013,0.045013,-7.042e-05,-0.000201,41.53088257
1668450700.270827,0.045013,0.04491,-7.864e-05,-0.000304,33.10309313
1668450761.065916,0.04491,0.04491,-8.413e-05,-0.000299,33.10309313
1668450821.3074317,0.044947,0.044947,-8.453e-05,-0.00021,36.89275306
1668450881.266311,0.045,0.045,-7.663e-05,-0.000188,41.65473735
1668450942.249151,0.044939,0.044939,-8.057e-05,-0.000216,37.9314111
1668451002.168929,0.044939,0.044939,-8.057e-05,-0.000216,37.9314111
1668451062.1527877,0.044861,0.044861,-8.585e-05,-0.000184,33.6438333
1668451123.1768258,0.044861,0.0449,-8.273e-05,-0.000145,35.65920264
1668451182.9328687,0.044784,0.044784,-9.952e-05,-0.000265,29.91847777
1668451242.9775145,0.044784,0.044862,-9.329e-05,-0.000187,37.23544117
1668451303.7884254,0.044941,0.044941,-8.094e-05,6.3e-05,43.74188345
1668451363.8414814,0.044967,0.044967,-7.244e-05,5.7e-05,45.82924123
1668451423.8728125,0.044987,0.044987,-6.362e-05,7.7e-05,47.46201252
1668451484.9525423,0.044985,0.044985,-5.564e-05,-1.1e-05,47.32889844
1668451544.8513806,0.044949,0.044949,-5.324e-05,-1e-06,44.69182595
1668451604.8250391,0.044949,0.044972,-5.141e-05,2.2e-05,46.46384467
1668451665.6443937,0.04499,0.04499,-4.71e-05,5.1e-05,48.47808906
1668451725.849534,0.044926,0.044926,-5.005e-05,2.6e-05,43.04433959
1668451785.73519,0.044865,0.044865,-5.641e-05,8.1e-05,38.8009144
1668451846.590515,0.044865,0.044962,-4.867e-05,0.000178,47.6403375
1668451906.5483491,0.04499,0.04499,-3.896e-05,0.000128,49.71277884
1668451966.5853548,0.04499,0.044995,-3.856e-05,0.000133,50.09270325
1668452027.238251,0.044987,0.044987,-3.29e-05,6.2e-05,49.44163481
1668452087.2157962,0.044916,0.044916,-4.028e-05,-2.9e-05,45.04868847
1668452147.7420263,0.044916,0.04494,-3.837e-05,-5e-06,46.85784191
1668452208.2666478,0.04494,0.04494,-3.559e-05,-2.7e-05,46.85784191
1668452268.4605174,0.04494,0.04488,-4.038e-05,-8.7e-05,43.04261253
1668452328.3368,0.04494,0.04488,-4.038e-05,-8.7e-05,43.04261253
1668452389.0753632,0.045,0.045054,-2.761e-05,5.9e-05,54.58976291
1668452448.8589926,0.04495,0.04495,-2.371e-05,1.3e-05,48.28837614
1668452509.0193996,0.04503,0.04503,-1.559e-05,0.000104,53.11642507
1668452570.0810049,0.04503,0.04503,-1.559e-05,0.000104,53.11642507
1668452629.7485812,0.04503,0.04503,-9.05e-06,0.000165,53.11642507
1668452690.8159437,0.044974,0.044974,-8.29e-06,-2.1e-05,49.3740313
1668452750.606673,0.044964,0.044964,-4.7e-06,-3.1e-05,48.4517741
1668452810.6191423,0.044909,0.044909,-1.072e-05,2.8e-05,44.99837474
1668452870.735628,0.045004,0.045007,-1.13e-06,6.7e-05,51.460195
1668452931.462654,0.045021,0.045021,2.68e-06,0.000141,52.38980064
1668452991.5550003,0.044966,0.045002,3.25e-06,-5.2e-05,50.85679196
1668453052.0942302,0.044966,0.045045,6.68e-06,-9e-06,54.13612162
1668453112.1311393,0.0451,0.0451,1.412e-05,0.00015,57.94323706
1668453172.2132626,0.0451,0.045116,1.54e-05,0.000166,58.93488074
1668453232.8682723,0.0452,0.045266,3.402e-05,0.000316,66.83091844
1668453293.0685503,0.0452,0.045242,3.21e-05,0.000292,65.77808313
1668453353.1198604,0.045288,0.045288,4.85e-05,0.000258,67.88235551
1668453413.1835356,0.045343,0.045325,6.916e-05,0.000295,66.8700875
1668453473.7868345,0.045489,0.045472,0.00010144,0.000438,72.89338743
1668453533.9175222,0.045485,0.045409,0.00011054,0.000457,67.49174185
1668453594.121206,0.04539,0.04539,0.0001078,0.00039,63.71743371
1668453655.1226768,0.04547,0.04558,0.00013045,0.000559,69.84776618
1668453716.262045,0.045567,0.045554,0.00013219,0.000533,68.95116092
1668453774.9649117,0.045447,0.045447,0.00013145,0.000402,61.97216163
1668453835.6625068,0.045308,0.045308,0.00011243,0.000192,54.58410093
1668453895.6785076,0.045375,0.045375,0.0001137,0.000133,57.18758386
1668453955.7542322,0.045199,0.045199,8.244e-05,-0.000177,49.12521525
1668454016.661937,0.045277,0.045277,7.412e-05,-0.000221,52.55983699
1668454076.7002134,0.045461,0.045461,8.931e-05,-2.4e-05,59.20830442
1668454136.7240398,0.045355,0.045355,8.319e-05,4.8e-05,54.33015235
1668454197.4284673,0.045243,0.045243,6.346e-05,-0.00022,49.7941438
1668454257.2841926,0.04531,0.045375,6.763e-05,-7.7e-05,54.85038602
1668454317.3836846,0.045373,0.045373,6.621e-05,-0.00018,54.6817374
1668454378.2524664,0.045447,0.045489,7.482e-05,0.000138,59.0565412
1668454438.0394182,0.045489,0.045489,7.903e-05,8.2e-05,59.0565412
1668454498.1881063,0.045432,0.045583,8.597e-05,0.000382,61.66265863
1668454564.4328396,0.045584,0.045499,8.672e-05,0.0003,57.40889918
1668454619.226866,0.045543,0.045543,8.983e-05,0.000138,59.00421956
1668454679.2634573,0.045588,0.045623,9.523e-05,0.000171,61.89613436
1668454740.1446805,0.045605,0.045605,9.826e-05,0.000341,61.30260088
1668454800.1974945,0.045641,0.045641,0.00010321,0.000331,62.55206343
1668454859.9611356,0.045646,0.045646,0.00010348,0.000264,62.64308314
1668454920.7305045,0.04565,0.045697,0.00011001,0.000297,64.58725207
1668454980.614417,0.045572,0.045572,0.00010366,8.3e-05,56.74794788
1668455040.722723,0.045572,0.045643,0.00010316,0.000202,59.73723304
1668455101.5704756,0.045673,0.0459,0.00012407,0.000317,68.22241492
1668455161.7276769,0.045936,0.046163,0.00015801,0.000664,74.25538384
1668455221.5969768,0.046133,0.046205,0.00019084,0.000701,73.74647938
1668455282.5781646,0.046411,0.046245,0.00022286,0.00064,71.35243819
1668455341.6215482,0.046241,0.046177,0.00022956,0.000577,68.0502869
1668455401.7245927,0.046177,0.046071,0.00022398,0.000481,63.12533398
1668455461.7988474,0.045928,0.045909,0.00020413,0.000259,56.40648343
1668455521.8372352,0.045744,0.045824,0.00017603,0.000127,53.34894573
1668455581.702645,0.045814,0.045831,0.00015606,0.000259,53.5831078
1668455641.7006302,0.045927,0.046233,0.00017194,0.000558,64.5491201
1668455701.7331889,0.0465,0.046309,0.00020281,0.000409,62.99009953
1668455762.4102676,0.046227,0.046729,0.00024238,0.00049,69.85445868
1668455821.7402437,0.046942,0.047018,0.00030778,0.00065,73.3145399
1668455881.870767,0.047015,0.047253,0.00036346,0.001012,75.84362371
1668455941.689518,0.04717,0.046959,0.00036496,0.000782,70.06465938
1668456001.7419012,0.04719,0.046963,0.00037342,0.000892,70.12280872
1668456061.637499,0.046999,0.046828,0.00036348,0.000975,65.61235285
1668456121.691299,0.046778,0.046699,0.00034283,0.000875,61.42503364
1668456181.8659115,0.046699,0.046699,0.00032274,0.000848,61.42503364
1668456241.751011,0.046699,0.04652,0.00028904,3.4e-05,55.70405942
1668456301.705381,0.046476,0.046558,0.00026213,0.000249,56.60746604
1668456361.6321974,0.04655,0.046746,0.00025891,-0.000212,60.79426793
1668456421.772235,0.046898,0.047066,0.00027722,-9e-06,66.79120627
1668456481.945116,0.046975,0.046995,0.00028133,-8e-05,63.76619604
1668456541.8046434,0.047061,0.046848,0.00026773,-0.000111,59.2050368
1668456601.7469578,0.046953,0.047203,0.00028159,0.000265,65.57243188
1668456661.7768962,0.047041,0.046918,0.00025346,9e-05,59.75581984
1668456721.7421522,0.046972,0.047089,0.0002588,0.00039,63.79558588
1668456781.7139895,0.047218,0.047188,0.00026856,0.000489,65.6221716
1668456841.648695,0.04716,0.04716,0.00026242,0.000644,64.56174553
1668456901.7664225,0.047101,0.046957,0.00024304,0.000308,57.4812054
1668456962.094277,0.046928,0.04687,0.00021907,6e-05,54.69213427
1668457021.674765,0.04681,0.046861,0.00019595,-0.000247,54.40234115
1668457081.7470465,0.046779,0.046738,0.0001589,-0.000269,50.70528188
1668457142.1816242,0.046661,0.046615,0.00012524,-0.000233,47.02438301
1668457201.723795,0.04665,0.0466,0.00010475,-0.000391,46.35650464
1668457261.6733398,0.04661,0.04661,8.017e-05,-0.000363,46.65670988
1668457321.775952,0.04663,0.04663,6.109e-05,-0.000525,47.40961057
1668457381.900139,0.04664,0.046689,6.604e-05,-0.000428,49.21347928
1668457441.793157,0.04662,0.04657,4.189e-05,-0.000593,45.9138892
1668457504.3798409,0.046583,0.046587,2.75e-05,-0.000388,46.33437582
1668457561.8320231,0.046583,0.046583,1.366e-05,-0.000287,46.20827434
1668457621.91489,0.046583,0.046583,1.366e-05,-0.000287,46.20827434
1668457681.6405396,0.046583,0.046583,1.366e-05,-0.000287,46.20827434
1668457741.7696233,0.046657,0.046729,1.424e-05,-2e-05,51.32416215
1668457801.704177,0.046707,0.04655,2.6e-07,-0.000188,45.59832159
1668457861.8707106,0.046575,0.046575,-1.129e-05,-0.000178,46.76794538
1668457921.6917074,0.0465,0.046542,-2.164e-05,-6.6e-05,45.67679891
1668457981.9160583,0.0465,0.046542,-2.164e-05,-6.6e-05,45.67679891
1668458041.810789,0.046516,0.046746,-1.179e-05,0.000136,52.73763735
1668458101.6790433,0.046583,0.046583,-1.577e-05,-0.000305,47.44840694
1668458161.9481237,0.046615,0.04664,-1.535e-05,-2.2e-05,49.32563822
1668458221.878061,0.046615,0.046681,-1.207e-05,1.9e-05,50.59507518
1668458281.863004,0.046615,0.046681,-1.207e-05,1.9e-05,50.59507518
1668458341.6834807,0.046538,0.046546,-1.981e-05,-5.6e-05,46.46739733
1668458401.8795283,0.0465,0.046513,-2.828e-05,-7.5e-05,45.4904247
1668458461.7021277,0.046557,0.046557,-3.109e-05,-2.6e-05,47.08782257
1668458522.77699,0.046593,0.046593,-2.538e-05,-0.000136,48.31762047
1668458581.779569,0.046623,0.046623,-1.989e-05,0.000115,49.25915906
1668458641.834808,0.046623,0.046623,-1.989e-05,0.000115,49.25915906
1668458701.9883077,0.046623,0.046623,-1.849e-05,7.1e-05,49.25915906
1668458776.4795222,0.046702,0.046702,-1.088e-05,0.00016,52.39808851
1668458821.9553862,0.046689,0.046689,-5.83e-06,-7.6e-05,51.82988348
1668458882.03159,0.046723,0.046826,1.084e-05,0.000243,57.17865445
1668458941.9270997,0.046837,0.046837,2.679e-05,0.000156,56.80319471
1668459001.8494534,0.046783,0.046779,3.035e-05,0.000233,54.09708736
1668459062.2032557,0.046654,0.046654,2.289e-05,0.000141,48.70510324
1668459121.7933056,0.046889,0.0469,4.472e-05,0.000267,58.82135907
1668459181.9378605,0.046843,0.046801,4.498e-05,0.000158,53.90410872
1668459241.6928942,0.046843,0.046814,4.602e-05,0.000171,54.50239774
1668459301.689752,0.046843,0.046814,4.602e-05,0.000171,54.50239774
1668459361.8768864,0.046843,0.046814,4.602e-05,0.000171,54.50239774
1668459422.4584315,0.04685,0.046886,5.226e-05,0.000263,57.32735909
1668459482.4982042,0.046938,0.046903,5.79e-05,0.00028,57.99060043
1668459542.5081365,0.046938,0.046903,5.79e-05,0.00028,57.99060043
1668459603.7911944,0.046848,0.046784,5.217e-05,8.2e-05,51.90862939
1668459663.2743182,0.04689,0.046899,5.626e-05,0.000182,56.64122413
1668459755.218155,0.046645,0.046773,3.954e-05,-0.000116,51.39373206
1668459784.1882436,0.04664,0.04664,2.475e-05,-0.000196,45.1452542
1668459844.132748,0.046626,0.046657,1.368e-05,-0.000122,46.14410519
1668459906.3089936,0.046601,0.04674,1.203e-05,-4.9e-05,50.36855864
1668459965.005988,0.046742,0.046673,6.5e-06,-0.000227,47.18846569
1668460024.942756,0.046636,0.046542,-1.387e-05,-0.000272,41.95374618
1668460085.0633929,0.046549,0.046673,-1.49e-05,-0.000213,48.36366165
1668460145.8554718,0.046619,0.04658,-2.764e-05,-0.000323,44.10194663
1668460206.0144107,0.046587,0.046528,-3.67e-05,-0.000256,41.86487
1668460265.8224995,0.046524,0.046554,-4.131e-05,-0.000195,43.41052808
1668460326.6448815,0.046666,0.046656,-3.632e-05,-0.000117,49.12517282
1668460386.5804396,0.04667,0.04658,-3.805e-05,-5.1e-05,45.44288607
1668460446.4611762,0.046608,0.046608,-3.674e-05,-4.9e-05,47.01856016
1668460507.6998205,0.046524,0.046513,-4.515e-05,-0.000247,42.23698665
1668460567.5595577,0.0465,0.0465,-4.996e-05,-0.000104,41.61754444
1668460627.614026,0.04641,0.046375,-6.515e-05,-0.000167,36.22060916
1668460688.3572676,0.046375,0.046293,-8.08e-05,-0.000304,33.12736678
1668460748.3358252,0.046279,0.046305,-9.24e-05,-0.000275,34.74564842
1668460808.7399628,0.046335,0.046354,-9.744e-05,-0.000174,38.44284258
1668460869.278086,0.0463,0.046282,-0.00010384,-0.000272,35.4900512
1668460929.1304176,0.046351,0.046379,-9.617e-05,-0.000277,40.58856311
1668460989.1629753,0.046401,0.046401,-8.977e-05,-0.000179,42.08785289
1668461050.685351,0.046321,0.046321,-9.524e-05,-0.00025,38.23976204
1668461110.7439702,0.046333,0.046333,-9.095e-05,-0.000134,39.35350627
1668461170.6421385,0.046337,0.046337,-9.178e-05,-3.8e-05,41.5256277
1668461231.2796648,0.046337,0.046343,-9.13e-05,-3.2e-05,41.95517031
1668461291.3702834,0.0463,0.0463,-8.289e-05,3e-05,39.93757066
1668461351.3797476,0.0463,0.046316,-8.162e-05,4.6e-05,40.76084949
1668461412.1842203,0.046348,0.046348,-7.056e-05,5e-06,43.10749174
1668461472.3638046,0.046175,0.046175,-8.428e-05,-0.000226,33.44507941
1668461532.2837822,0.04614,0.04614,-9.349e-05,-0.0002,31.93445033
1668461592.98258,0.04614,0.046189,-8.958e-05,-0.000151,35.18833289
1668461655.5422554,0.046215,0.04632,-8.157e-05,-1e-06,45.35249338
1668461713.1363523,0.046283,0.046289,-7.684e-05,-5.1e-05,43.60958192
1668461774.0131776,0.046283,0.046289,-7.684e-05,-5.1e-05,43.60958192
1668461834.069852,0.046218,0.046218,-7.792e-05,-5.2e-05,39.83379736
1668461894.008556,0.04619,0.04619,-8.085e-05,-0.000174,38.46276508
1668461954.67048,0.046289,0.046289,-6.919e-05,-8.7e-05,45.80264744
1668462014.0205286,0.046289,0.046261,-7.142e-05,-0.000115,43.69087635
1668462074.2437694,0.046265,0.046256,-6.685e-05,-7.1e-05,43.43355261
1668462134.0300486,0.046201,0.046201,-6.332e-05,3.7e-05,39.71827992
1668462194.4754465,0.046201,0.046204,-6.308e-05,4e-05,39.90446523
1668462254.133681,0.046201,0.046217,-6.205e-05,5.3e-05,40.73185715
1668462314.0767355,0.046201,0.046217,-6.205e-05,5.3e-05,40.73185715
1668462374.1104753,0.046223,0.046223,-5.854e-05,-9.7e-05,41.38242841
1668462434.132309,0.046323,0.046323,-4.03e-05,3.4e-05,50.25803747
1668462494.1261573,0.046323,0.046378,-3.591e-05,8.9e-05,54.4670338
1668462553.9638166,0.046373,0.046372,-2.624e-05,0.000166,53.93369739
1668462614.1642394,0.046325,0.046325,-2.611e-05,8.3e-05,50.58630857
1668462674.2815084,0.046325,0.046296,-2.842e-05,5.4e-05,48.32803902
1668462734.508038,0.046179,0.046179,-3.47e-05,-8.7e-05,40.32160947
1668462794.1591969,0.046194,0.046177,-4e-05,-7.9e-05,40.47465755
1668462854.027156,0.046198,0.046168,-4.378e-05,-8.8e-05,39.90009092
1668462914.0415103,0.046084,0.046084,-5.658e-05,-0.000133,34.72722763
1668462974.020814,0.046084,0.046084,-5.658e-05,-0.000133,34.72722763
1668463034.130026,0.046084,0.046084,-6.514e-05,-0.000294,34.72722763
1668463094.1384292,0.046084,0.046052,-6.769e-05,-0.000326,32.78974557
1668463154.1298852,0.046041,0.04604,-7.251e-05,-0.000234,32.06723363
1668463214.2165864,0.046096,0.046096,-7.1e-05,-0.000182,38.83999754
1668463274.1388566,0.046034,0.046022,-7.491e-05,-0.000274,34.0141399
1668463335.6493304,0.046109,0.046109,-6.561e-05,-6.8e-05,43.00032298
1668463394.0140777,0.045828,0.045828,-0.00010248,-0.00034,30.39484033
1668463454.001583,0.045828,0.0459,-9.674e-05,-0.000268,35.77817141
1668463514.224054,0.045979,0.045979,-9.847e-05,-0.000105,42.06746401
1668463574.2238226,0.045979,0.045973,-9.895e-05,-0.000111,41.69124397
1668463634.537256,0.045988,0.045988,-8.857e-05,-6.4e-05,42.74473891
1668463694.4304478,0.045988,0.045931,-9.311e-05,-0.000121,39.93873492
1668463754.1804838,0.045934,0.045934,-9.012e-05,-0.000162,40.80790702
1668463814.1593614,0.045934,0.045988,-8.581e-05,-0.000108,44.58734491
1668463873.9496007,0.04602,0.04602,-6.086e-05,-9e-05,46.87885067
1668463934.0970268,0.04602,0.04602,-6.086e-05,-9e-05,46.87885067
1668463994.28906,0.04602,0.04602,-6.086e-05,-9e-05,46.87885067
1668464053.983034,0.046034,0.046034,-5.439e-05,0.000229,47.70780777
1668464114.864361,0.046034,0.046034,-5.439e-05,0.000229,47.70780777
1668464174.136416,0.046034,0.046034,-5.439e-05,0.000229,47.70780777
1668464234.2784386,0.046059,0.046059,-3.881e-05,0.000184,49.17659295
1668464294.1986268,0.046059,0.04607,-3.793e-05,0.000195,49.82974505
1668464354.152614,0.046077,0.046055,-3.319e-05,9.3e-05,48.87642531
1668464414.0828884,0.046046,0.046046,-3.046e-05,0.000137,48.78884351
1668464474.376165,0.046034,0.046034,-2.789e-05,0.000112,48.01150671
1668464534.2711754,0.046034,0.046,-3.06e-05,7.8e-05,45.93775782
1668464594.5516202,0.046034,0.046034,-2.503e-05,2e-06,48.34070376
1668464654.223445,0.046034,0.046091,-2.048e-05,5.9e-05,52.17826974
1668464714.3291798,0.046034,0.046091,-2.048e-05,5.9e-05,52.17826974
1668464774.2234707,0.046097,0.046097,-9.03e-06,6.3e-05,52.57761801
1668464834.1175072,0.046229,0.046229,5.8e-06,0.000148,60.8959258
1668464894.1208096,0.046229,0.046097,-4.73e-06,1.6e-05,52.53663382
1668464954.3323765,0.046165,0.046196,6.4e-06,0.000126,59.45039105
1668465014.0903475,0.046162,0.046162,1.012e-05,0.000107,57.32518334
1668465074.549381,0.046162,0.046162,1.012e-05,0.000107,57.32518334
1668465134.763078,0.046162,0.046162,1.012e-05,0.000107,57.32518334
1668465194.2531266,0.046154,0.046154,1.453e-05,0.000167,56.51325986
1668465254.2998998,0.046162,0.046162,3.047e-05,0.000162,54.68978693
1668465314.1653502,0.046162,0.046191,3.278e-05,0.000191,57.32448238
1668465374.6158583,0.046162,0.046191,3.278e-05,0.000191,57.32448238
1668465434.5223308,0.046299,0.046299,4.289e-05,0.000265,64.23476371
1668465494.2441185,0.046299,0.046281,4.145e-05,0.000247,63.24277109
1668465554.436258,0.046245,0.04626,4.56e-05,0.000169,61.44199368
1668465614.2818398,0.046298,0.046298,5.187e-05,0.000201,63.8728785
1668465674.2706926,0.04626,0.04626,5.081e-05,0.00016,61.44199368
1668465734.2706015,0.046412,0.046412,6.901e-05,0.000252,70.86711397
1668465794.288501,0.046301,0.046301,5.979e-05,0.000139,61.55684146
1668465854.2184577,0.046301,0.046308,6.035e-05,0.000146,62.02842561
1668465914.2876344,0.046374,0.046374,6.565e-05,0.000131,66.27868001
1668465974.289518,0.046297,0.046297,6.594e-05,0.000106,57.6335353
1668466035.3722591,0.046297,0.046256,6.267e-05,6.5e-05,53.90993993
1668466094.23789,0.046181,0.046181,4.04e-05,-7.9e-05,47.82316023
1668466154.1861937,0.046153,0.046153,1.877e-05,-0.000107,47.74429327
1668466214.2578895,0.046153,0.046016,7.84e-06,-0.000244,38.23663023
1668466274.241061,0.046153,0.046016,7.84e-06,-0.000244,38.23663023
1668466334.8679352,0.046124,0.046124,2.04e-06,-0.000136,46.50040418
1668466394.6436255,0.046124,0.046124,-6.07e-06,-0.000157,46.50040418
1668466454.5231633,0.046124,0.046053,-1.174e-05,-0.000228,42.19591325
1668466514.3327084,0.046039,0.046077,-1.752e-05,-0.00022,44.27867549
1668466574.3290153,0.046044,0.046044,-3.187e-05,-0.000331,42.79465904
1668466634.356642,0.046044,0.045988,-3.633e-05,-0.000387,38.60576909
1668466694.3051355,0.045992,0.045992,-4.211e-05,-0.000264,39.06379402
1668466754.3962383,0.046005,0.046005,-4.5e-05,-0.000176,40.35303297
1668466814.405315,0.046169,0.046169,-3.367e-05,0.000167,53.67000382
1668466874.2216256,0.046071,0.046071,-3.222e-05,5.5e-05,46.92763287
1668466934.6456802,0.045733,0.045733,-8.232e-05,-0.000391,34.71499169
1668466994.2736514,0.045733,0.045814,-7.586e-05,-0.00031,38.98371331
1668467054.1434424,0.045916,0.045934,-7.634e-05,-0.00019,44.8344654
1668467114.2488663,0.045911,0.045911,-7.734e-05,-0.000132,43.81886125
1668467174.197769,0.04587,0.04587,-8.041e-05,-0.00014,42.33306386
1668467234.3001585,0.045411,0.045411,-0.00014564,-0.000575,29.84478172
1668467294.373395,0.0454,0.0454,-0.00016947,-0.000592,30.45722274
1668467354.16838,0.0453,0.0453,-0.00020289,-0.000705,30.16849445
1668467414.508159,0.0453,0.045247,-0.00020712,-0.000758,27.57753632
1668467474.1702487,0.0453,0.0453,-0.00021777,-0.000869,30.36014127
1668467534.3159754,0.04531,0.04531,-0.00022284,-0.000361,30.8996116
1668467594.1676197,0.04531,0.045262,-0.00022667,-0.000409,29.48540376
1668467654.2960768,0.045381,0.045385,-0.00021928,-0.000401,35.15657266
1668467714.2704651,0.0453,0.0453,-0.00021961,-0.000599,33.76035941
1668467774.3772688,0.0453,0.045178,-0.00022935,-0.000721,29.81524629
1668467834.327072,0.045072,0.045072,-0.00025787,-0.000321,29.96797528
1668467894.3546584,0.044951,0.044951,-0.0002714,-0.000406,25.16568344
1668467954.1859915,0.044497,0.044497,-0.00033882,-0.000707,18.74678051
1668468014.4432678,0.044614,0.044614,-0.0003444,-0.000633,24.43284683
1668468074.338238,0.044614,0.044636,-0.00034265,-0.000611,25.46661203
1668468134.386136,0.044589,0.044589,-0.00035074,-0.000711,24.68953925
1668468194.447328,0.044609,0.044612,-0.00034793,-0.000682,25.25244948
1668468254.3611248,0.044687,0.044687,-0.00033989,-0.000698,29.63216527
1668468314.3076186,0.04471,0.04471,-0.00032713,-0.000558,30.83808857
1668468374.3291097,0.0447,0.044653,-0.00031814,-0.000377,29.40610079
1668468434.2904384,0.044653,0.044635,-0.00030871,-0.00037,28.97322251
1668468494.2925725,0.044752,0.044752,-0.00026928,0.000263,35.62920291
1668468554.3590684,0.044812,0.044812,-0.0002417,0.000231,39.02731531
1668468614.2943804,0.044786,0.044786,-0.00022632,0.00015,38.36533369
1668468674.4457543,0.044786,0.044775,-0.0002272,0.000139,37.82205601
1668468734.371801,0.044788,0.0447,-0.0002163,5.7e-05,35.48904602
1668468794.3689642,0.044527,0.044527,-0.00021623,-0.00016,30.35737095
1668468854.261438,0.044527,0.044659,-0.0002057,-2.8e-05,36.15554997
1668468914.4425085,0.044609,0.044609,-0.00019448,-4.4e-05,34.91096948
1668468974.3696976,0.044609,0.044596,-0.00019552,-5.7e-05,34.13079761
1668469034.3896625,0.044619,0.044619,-0.00019191,-1.6e-05,37.8305687
1668469094.4053612,0.044659,0.044659,-0.00018079,-9.4e-05,40.20935022
1668469154.4871757,0.044568,0.044568,-0.00017203,-0.00021,38.31585488
1668469214.435778,0.044568,0.044536,-0.00017458,-0.000242,36.54483507
1668469274.642184,0.044601,0.044601,-0.00016363,-0.000187,40.29466092
1668469334.5863855,0.044611,0.044611,-0.00015183,-8.9e-05,40.83667589
1668469394.4641902,0.044611,0.044598,-0.00015286,-0.000102,40.30947293
1668469454.4486556,0.044623,0.044623,-0.0001468,3.1e-05,43.30776812
1668469514.3961368,0.044623,0.044623,-0.0001468,3.1e-05,43.30776812
1668469574.70403,0.044601,0.044601,-0.00013651,-5.8e-05,42.44523119
1668469634.4834003,0.044811,0.044811,-8.244e-05,0.000295,51.94613434
1668469694.366054,0.044824,0.044824,-6.394e-05,0.000239,52.50676311
1668469754.507316,0.044824,0.04475,-6.984e-05,0.000165,49.00218651
1668469814.4291525,0.044851,0.044852,-5.186e-05,0.000192,53.59942283
1668469874.5815065,0.044868,0.044868,-2.397e-05,0.000332,54.34809782
1668469934.4966018,0.044868,0.044969,-1.591e-05,0.000433,58.56804278
1668469994.4427707,0.044895,0.044919,-3.37e-06,0.000309,55.88740058
1668470054.7690322,0.045025,0.045025,3.295e-05,0.000402,60.58390412
1668470114.4707477,0.045067,0.045067,4.919e-05,0.000342,62.46435424
1668470174.4249554,0.04511,0.04511,6.216e-05,0.000299,64.37423369
1668470234.4008336,0.045128,0.045128,7.569e-05,0.000304,64.05711012
1668470294.4736753,0.045057,0.045057,5.756e-05,0.000307,56.72787414
1668470354.5335507,0.045057,0.045119,6.25e-05,0.000369,58.61903789
1668470414.5300715,0.045025,0.045025,6.586e-05,0.000173,54.61053456
1668470474.5118682,0.045073,0.045073,7.58e-05,0.000109,55.69791995
1668470534.448007,0.045073,0.045219,8.745e-05,0.000255,61.12104719
1668470594.5708597,0.045119,0.045119,8.196e-05,8.2e-05,57.49820598
1668470654.4611723,0.045,0.045,6.54e-05,-7e-05,52.07806576
1668470714.9543092,0.044838,0.044838,3.46e-05,-0.000232,45.97005395
1668470774.6719055,0.044896,0.044896,2.941e-05,-0.00026,48.32268134
1668470834.970932,0.044896,0.045077,4.385e-05,-7.9e-05,54.8741284
1668470895.2073529,0.04507,0.04507,4.678e-05,0.000256,54.58590983
1668470954.8031063,0.045105,0.045105,5.177e-05,-1.4e-05,55.87769066
1668471014.9296515,0.045,0.044994,4.346e-05,-6.6e-05,51.18930708
1668471074.973569,0.044985,0.045,3.931e-05,-0.000143,51.4453373
1668471134.8512776,0.045025,0.045025,4.166e-05,-7.5e-05,52.18942324
1668471195.1405811,0.04511,0.04511,4.581e-05,-1e-05,55.68662699
1668471254.9461696,0.045093,0.045093,4.706e-05,8.9e-05,54.82317794
1668471314.573506,0.045027,0.045027,3.817e-05,0.000211,51.71032853
1668471374.6087742,0.045001,0.044992,3.199e-05,0.000102,49.97236358
1668471434.487993,0.045027,0.0451,3.551e-05,2.3e-05,55.01698866
1668471494.847214,0.0451,0.045158,4.25e-05,8.1e-05,57.49577953
1668471555.054099,0.045148,0.045216,5.359e-05,0.000149,59.81029985
1668471614.6805272,0.045104,0.045104,4.743e-05,3.8e-05,53.42130221
1668471674.616398,0.045104,0.045091,4.639e-05,2.5e-05,52.84189145
1668471738.7960212,0.045104,0.04509,4.631e-05,2.4e-05,52.79672374
1668471795.058056,0.045104,0.04509,4.631e-05,2.4e-05,52.79672374
1668471855.1678958,0.04503,0.04503,3.853e-05,3e-06,49.7196652
1668471916.5857794,0.04503,0.04503,3.853e-05,3e-06,49.7196652
1668471976.4157162,0.045001,0.045001,2.969e-05,-0.000109,48.2557717
1668472036.5420024,0.045,0.045,2.234e-05,-2.7e-05,48.20306781
1668472097.852116,0.044941,0.044941,7.99e-06,-8.4e-05,45.28497229
1668472157.4649572,0.045001,0.045001,7.22e-06,9e-06,48.79311721
1668472217.711038,0.044856,0.044856,-1.547e-05,-0.000244,41.55766895
1668472278.5547829,0.044856,0.044699,-2.8e-05,-0.000401,35.50437212
1668472338.7585206,0.044883,0.044883,-3.604e-05,-0.000339,45.01279959
1668472398.3421144,0.044883,0.044876,-3.66e-05,-0.000346,44.62241559
1668472459.9119897,0.045095,0.045095,-1.068e-05,5e-06,55.3904644
1668472519.3005254,0.045095,0.045072,-1.252e-05,-1.8e-05,54.39661558
1668472579.6187584,0.044883,0.044883,-2.745e-05,-0.000118,46.06639392
1668472640.3459344,0.044883,0.044889,-2.697e-05,-0.000112,46.33893047
1668472700.4756403,0.044883,0.044866,-2.881e-05,-0.000135,45.27895391
1668472760.1717,0.044881,0.044977,-2.36e-05,3.6e-05,50.37376505
1668472821.3903615,0.045045,0.045045,-4.11e-06,0.000179,52.98084572
1668472881.13037,0.044979,0.044979,-1.111e-05,0.000147,50.25706453
1668472941.3962414,0.044851,0.044851,-2.995e-05,8.5e-05,45.643446
1668473001.938009,0.044851,0.044907,-2.548e-05,0.000141,47.9616979
1668473062.0086212,0.045002,0.045002,-1.787e-05,0.000126,51.7232493
1668473122.2377355,0.045041,0.045041,-8.59e-06,-2.8e-05,53.21826547
1668473182.5471811,0.044906,0.044906,-1.2e-05,-0.000166,47.71049738
1668473241.8945968,0.044906,0.044906,-1.2e-05,-0.000166,47.71049738
1668473301.912151,0.044906,0.044906,-1.2e-05,-0.000166,47.71049738
1668473361.8159227,0.044913,0.044913,-1.536e-05,4.7e-05,48.01094984
1668473421.9312782,0.0449,0.0449,-1.755e-05,-7.7e-05,47.43678082
1668473481.9480157,0.044925,0.044925,-1.442e-05,-0.000151,48.60908904
1668473542.050878,0.044925,0.044909,-1.57e-05,-0.000167,47.85888082
1668473602.6643088,0.045013,0.045013,-8.21e-06,8.9e-05,52.94269246
1668473662.006807,0.045079,0.045079,7.08e-06,0.000276,55.68472822
1668473721.9076564,0.045088,0.045088,1.908e-05,0.000181,55.38096379
1668473781.8834424,0.045168,0.045168,3.663e-05,0.000166,59.01746645
1668473841.991621,0.045168,0.045221,4.086e-05,0.000219,61.28373672
1668473901.868382,0.045283,0.045283,5.677e-05,0.000242,63.62360902
1668473961.9357953,0.045365,0.045365,8.136e-05,0.000459,65.69116784
1668474021.9597783,0.045365,0.045246,7.187e-05,0.00034,59.09088378
1668474082.373762,0.045376,0.045376,9.894e-05,0.000467,64.19254002
1668474142.052575,0.04537,0.04537,0.00010469,0.000431,63.93100492
1668474202.0286424,0.045391,0.045391,0.00011739,0.000482,62.08668441
1668474262.1561985,0.045391,0.0453,0.00011013,0.000391,57.42310483
1668474321.8853984,0.045338,0.045338,0.00010917,0.000259,58.81431922
1668474381.9662166,0.045338,0.045338,0.00010917,0.000259,58.81431922
1668474441.881324,0.045338,0.045338,0.00010438,0.00016,58.81431922
1668474501.864363,0.045338,0.045338,0.00010438,0.00016,58.81431922
1668474562.0019996,0.045221,0.045221,7.813e-05,-0.000163,52.32471984
1668474621.943976,0.045211,0.045211,6.39e-05,-7.4e-05,51.82675434
1668474682.003214,0.045211,0.045211,5.67e-05,-0.000155,51.82675434
1668474742.0468907,0.045211,0.045249,5.973e-05,-0.000117,53.56263268
1668474802.180251,0.045211,0.045249,5.973e-05,-0.000117,53.56263268
1668474862.0659733,0.04532,0.04532,6.145e-05,-4.3e-05,56.70198999
1668474922.1388898,0.045225,0.045225,5.391e-05,-0.000257,51.7333202
1668474982.181314,0.045225,0.04529,5.909e-05,-0.000192,55.14397533
1668475042.065501,0.045262,0.045262,5.369e-05,-7.6e-05,53.22938665
1668475101.963158,0.04512,0.04512,2.488e-05,-0.000218,46.74966193
1668475161.966104,0.04512,0.045115,2.448e-05,-0.000223,46.50938527
1668475222.1470702,0.045154,0.045154,6.69e-06,-0.000109,48.8985952
1668475281.9779673,0.045,0.045,-1.655e-05,-0.000146,41.4878092
1668475342.0018563,0.045,0.045063,-1.152e-05,-8.3e-05,44.78475465
1668475401.9678645,0.04511,0.04511,-1.848e-05,-0.000139,47.68148575
1668475462.479889,0.045013,0.045013,-3.254e-05,-0.000297,42.32647631
1668475521.9701822,0.045013,0.044968,-3.613e-05,-0.000342,40.17963803
1668475582.067059,0.04484,0.04484,-6.717e-05,-0.000464,34.81257356
1668475641.959818,0.044917,0.044917,-7.044e-05,-0.00013,40.40922924
1668475702.021035,0.04489,0.04489,-7.602e-05,-0.000217,38.55956863
1668475762.0604446,0.04489,0.044842,-7.985e-05,-0.000265,36.39666677
1668475821.9636245,0.044842,0.044842,-8.463e-05,-0.000224,36.39666677
1668475881.9736266,0.04484,0.04484,-8.756e-05,-0.000184,36.29827726
1668475942.7201817,0.044975,0.044975,-7.748e-05,-8.8e-05,46.69897851
1668476002.0985012,0.04484,0.04484,-8.058e-05,-0.00022,39.49927139
1668476062.035581,0.04484,0.044814,-8.266e-05,-0.000246,38.36416831
1668476121.9870322,0.04484,0.044747,-8.8e-05,-0.000313,35.71903599
1668476183.1739988,0.04481,0.04481,-8.972e-05,-0.000203,39.91415438
1668476241.9250276,0.04481,0.04481,-8.972e-05,-0.000203,39.91415438
1668476302.073303,0.044905,0.044905,-8.246e-05,-1.9e-05,45.67191946
1668476362.0489182,0.044842,0.044842,-8.086e-05,-2.6e-05,42.74652643
1668476422.9656656,0.044842,0.0448,-8.422e-05,-6.8e-05,40.99593618
1668476481.9180076,0.044799,0.044799,-8.471e-05,-4.1e-05,40.95293265
1668476542.0087483,0.04475,0.04475,-8.797e-05,-0.00014,38.80198146
1668476602.077351,0.04475,0.044778,-8.574e-05,-0.000112,40.00077184
1668476662.011636,0.044636,0.044636,-0.00010068,-0.000206,34.04919231
1668476722.0153394,0.04455,0.04455,-0.00012042,-0.0003,32.30530776
1668476781.9627235,0.044693,0.044693,-0.0001049,-0.000274,41.3142006
1668476841.9701357,0.044575,0.044575,-0.0001164,-0.000172,37.26247764
1668476903.127266,0.044377,0.044377,-0.00014289,-0.000433,31.65877026
1668476962.1803434,0.044091,0.044091,-0.00019637,-0.000814,26.55023154
1668477022.2837794,0.044191,0.044191,-0.0002035,-0.000609,31.25148062
1668477081.9422812,0.044442,0.044442,-0.00018442,-0.000358,41.62874231
1668477142.1167457,0.04455,0.04455,-0.00016208,-0.000238,45.39756202
1668477201.994196,0.04455,0.044464,-0.00016894,-0.000324,42.7691285
1668477262.1001792,0.044459,0.044459,-0.00015984,-0.000234,42.62638263
1668477322.0891256,0.044328,0.044328,-0.00016069,-0.000401,39.01857232
1668477382.9818516,0.044317,0.044317,-0.00015898,-0.000307,38.75054717
1668477442.1252987,0.0444,0.0444,-0.00014483,-5.6e-05,42.18675599
1668477502.0565565,0.044492,0.044492,-0.00012809,0.000423,46.23677122
1668477562.0040717,0.044487,0.044487,-0.00011214,0.00031,46.20360217
1668477622.965505,0.044487,0.044507,-0.00011055,0.00033,46.92440429
1668477682.4276488,0.044533,0.044533,-8.187e-05,1.8e-05,48.05387916
1668477768.4115305,0.044475,0.044475,-7.566e-05,1.1e-05,45.64417793
1668477811.152256,0.044502,0.044502,-6.662e-05,3.8e-05,46.67548055
1668477866.1217492,0.044396,0.044396,-7.239e-05,7.2e-05,42.31748174
1668477926.800741,0.044356,0.044356,-7.732e-05,2.4e-05,40.7623263
1668477986.042546,0.044356,0.04444,-7.062e-05,0.000108,44.87453919
1668478046.0325575,0.044395,0.044372,-7.377e-05,-2e-05,41.91298352
1668478106.1574888,0.044283,0.044283,-7.946e-05,-0.00026,39.18458974
1668478166.2254586,0.0444,0.0444,-7.009e-05,-0.000109,44.39543843
1668478226.0347798,0.0444,0.04432,-7.647e-05,-0.000189,40.41540091
1668478286.1179073,0.0444,0.044282,-7.95e-05,-0.000227,38.92687678
1668478346.2580202,0.0444,0.044282,-7.95e-05,-0.000227,38.92687678
1668478406.9294686,0.044271,0.044271,-8.382e-05,-0.000281,39.38923912
1668478466.1787128,0.044271,0.044281,-8.303e-05,-0.000271,39.78829934
1668478526.2015457,0.04417,0.04417,-9.8e-05,-0.000287,35.38310787
1668478586.1121109,0.044193,0.044193,-9.998e-05,-0.000189,36.3234487
1668478646.2356708,0.044335,0.044335,-8.939e-05,-9.2e-05,45.76671967
1668478706.1783,0.044373,0.044373,-7.57e-05,1.3e-05,47.85301989
1668478766.231497,0.044373,0.0443,-8.152e-05,-6e-05,44.32535669
1668478826.2592847,0.044241,0.044241,-8.335e-05,-0.000123,42.54196671
1668478886.0310192,0.04428,0.04428,-7.428e-05,-2e-06,44.84108765
1668478946.239715,0.04428,0.044259,-7.595e-05,-2.3e-05,43.9179747
1668479006.1107688,0.04428,0.044304,-7.236e-05,2.2e-05,45.9777606
1668479066.4209664,0.04428,0.044304,-7.236e-05,2.2e-05,45.9777606
1668479126.1946898,0.044232,0.044232,-7.049e-05,-2.9e-05,42.56000904
1668479186.0918531,0.044299,0.044299,-6.068e-05,7e-05,46.4106228
1668479246.178006,0.044299,0.044299,-6.068e-05,7e-05,46.4106228
1668479306.4460766,0.044299,0.044299,-6.068e-05,7e-05,46.4106228
1668479366.3172345,0.044323,0.044323,-5.369e-05,0.000132,47.93634461
1668479426.1861408,0.044323,0.044379,-4.922e-05,0.000188,51.1795553
1668479486.1171265,0.044406,0.044406,-3.748e-05,0.000197,52.70523562
1668479546.3259444,0.04424,0.04424,-4.6e-05,-6e-05,43.49434933
1668479606.3683715,0.04424,0.044238,-4.616e-05,-6.2e-05,43.39210467
1668479666.2093627,0.044243,0.044209,-4.934e-05,1.3e-05,41.85566757
1668479726.7390466,0.044243,0.044209,-4.934e-05,1.3e-05,41.85566757
1668479786.77136,0.044199,0.044272,-4.625e-05,-2.8e-05,46.30377302
1668479846.6836565,0.04423,0.04423,-4.665e-05,-7.4e-05,43.89299972
1668479907.4925337,0.044081,0.044081,-6.311e-05,-0.000204,37.34435925
1668479967.5669582,0.044081,0.044124,-5.968e-05,-0.000161,40.19242841
1668480027.6941872,0.044093,0.044133,-6.501e-05,-0.000166,40.941606
1668480088.2135365,0.044125,0.044106,-6.872e-05,-0.000274,39.64569109
1668480148.2851028,0.044121,0.044106,-7.085e-05,-0.000245,39.64569109
1668480208.3725057,0.044082,0.044082,-7.489e-05,-0.000156,38.3890099
1668480269.3447864,0.044082,0.044016,-8.016e-05,-0.000222,35.10416132
1668480329.2500474,0.044054,0.044054,-8.238e-05,-0.000155,38.90353369
1668480389.2881036,0.044113,0.044113,-7.366e-05,-0.000159,43.21051652
1668480449.891948,0.04415,0.04415,-6.685e-05,-0.000159,45.92388059
1668480510.0936248,0.044145,0.044145,-6.121e-05,6.4e-05,45.60424389
1668480570.021006,0.044139,0.044139,-5.658e-05,4.5e-05,45.19770659
1668480631.1387627,0.044139,0.044264,-4.661e-05,0.00017,53.8390672
1668480690.6526144,0.044183,0.044183,-4.109e-05,5e-05,48.46124348
1668480750.739756,0.044136,0.044136,-3.944e-05,3e-05,45.57343186
1668480811.6939287,0.044136,0.04413,-3.992e-05,2.4e-05,45.23447325
1668480872.094877,0.044136,0.044136,-3.728e-05,5.3e-05,45.66964646
1668480933.3372722,0.044136,0.044164,-3.505e-05,8.1e-05,47.75597626
1668480992.7461517,0.044164,0.044164,-3.18e-05,0.000164,47.75597626
1668481052.5739603,0.044164,0.044164,-2.889e-05,4.8e-05,47.75597626
1668481112.862373,0.04419,0.04419,-2.427e-05,7.6e-05,49.98939397
1668481173.2617526,0.04419,0.044237,-2.052e-05,0.000123,53.55763311
1668481233.5664487,0.04419,0.044215,-2.228e-05,0.000101,51.95297254
1668481293.4567556,0.044223,0.044223,-1.614e-05,7.3e-05,52.59440426
1668481354.1966815,0.044162,0.044162,-1.109e-05,-0.000102,47.46270432
1668481414.209316,0.044047,0.044047,-3.104e-05,-0.000146,42.02549513
1668481474.1078465,0.044006,0.044006,-4.187e-05,-0.000124,39.1652539
1668481534.991795,0.0439,0.0439,-6.457e-05,-0.000236,35.73752062
1668481595.1327195,0.043924,0.043924,-7.274e-05,-0.00024,37.74117193
1668481655.1169586,0.043924,0.043791,-8.335e-05,-0.000373,30.39463159
1668481715.8761685,0.043899,0.043899,-8.663e-05,-0.000265,38.65734895
1668481775.9158697,0.0438,0.0438,-0.00010276,-0.000363,31.22598971
1668481835.80289,0.043791,0.043791,-0.00010875,-0.000424,30.39463159
1668481896.5261748,0.043791,0.04385,-0.00010404,-0.000365,35.86774549
1668481956.5464,0.043934,0.043934,-9.096e-05,-0.000245,42.88585173
1668482016.558221,0.043934,0.043946,-9e-05,-0.000233,43.81393337
1668482077.5427675,0.04385,0.04385,-9.015e-05,-0.00015,38.43339325
1668482137.4624069,0.04385,0.043847,-9.039e-05,-0.000153,38.28646378
1668482197.5070102,0.04385,0.04385,-8.628e-05,-0.000158,38.25271638
1668482258.265242,0.043851,0.043851,-8.513e-05,-1.4e-05,38.30523808
1668482318.2676952,0.043851,0.043821,-8.752e-05,-4.4e-05,36.678226
1668482378.7843013,0.043791,0.043791,-8.995e-05,-7.9e-05,35.07386916
1668482439.1394143,0.043836,0.043836,-8.563e-05,4.5e-05,40.16617233
1668482499.230543,0.043836,0.043836,-8.563e-05,4.5e-05,40.16617233
1668482559.1519945,0.044013,0.044013,-4.959e-05,0.000163,52.70805737
1668482620.2144349,0.0441,0.0441,-2.99e-05,0.000187,57.68368848
1668482679.793741,0.0441,0.044089,-3.078e-05,0.000176,57.11824489
1668482739.8846097,0.044089,0.044089,-5.76e-06,0.000191,56.9743586
1668482800.9771686,0.044044,0.044044,-2.34e-06,0.000193,53.52152376
1668482861.1619165,0.044064,0.044064,5.13e-06,0.000243,54.94381698
1668482921.0786593,0.04407,0.044041,6.41e-06,0.000273,53.04420929
1668482981.7131362,0.044005,0.044005,5.54e-06,0.000176,49.96975733
1668483041.6260269,0.044009,0.044009,1.35e-06,0.000173,50.57333676
1668483101.5798666,0.044093,0.04396,3.07e-06,-0.000107,47.23102702
1668483162.4828322,0.043958,0.043958,-1.09e-06,-7.7e-05,47.12113371
1668483222.5926552,0.043874,0.043874,-1.171e-05,-0.000215,42.37200518
1668483282.6634738,0.04391,0.04391,-1.579e-05,-0.000185,44.84276983
1668483342.985222,0.043867,0.043867,-2.531e-05,-0.000197,41.96082096
1668483402.37988,0.043776,0.043867,-3.146e-05,-0.000203,42.67767712
1668483462.403263,0.04377,0.04377,-4.198e-05,-0.000277,37.26024916
1668483522.4694188,0.04382,0.04382,-4.371e-05,-0.000221,40.43348247
1668483582.2861369,0.043864,0.043864,-4.042e-05,-8e-05,43.97562858
1668483642.2527075,0.04387,0.04387,-3.798e-05,-0.000222,44.67895354
1668483702.334622,0.043885,0.043885,-3.977e-05,-7.3e-05,46.83341013
1668483762.4728086,0.043871,0.043871,-3.777e-05,-7.4e-05,45.96203561
1668483822.48542,0.04382,0.04382,-4.034e-05,-6.1e-05,42.77461463
1668483882.3451507,0.04388,0.04388,-3.329e-05,1.3e-05,46.69412584
1668483942.364568,0.04387,0.04387,-3.255e-05,3e-05,45.98198091
1668484002.280922,0.043798,0.043798,-4.916e-05,-6.9e-05,44.16693086
1668484063.084863,0.043763,0.043753,-5.258e-05,-5e-05,41.86886846
1668484122.309234,0.043794,0.043794,-4.923e-05,-7e-05,44.07019608
1668484182.2641203,0.043794,0.043845,-4.516e-05,-1.9e-05,47.51686202
1668484242.4314294,0.043794,0.043845,-4.516e-05,-1.9e-05,47.51686202
1668484302.4200788,0.043872,0.043872,-3.887e-05,-1.9e-05,49.29824445
1668484362.4103055,0.043922,0.043922,-2.896e-05,0.000111,52.47394858
1668484422.2720811,0.04404,0.04404,-3.57e-06,0.000149,58.2248973
1668484482.505251,0.043967,0.043967,-2.71e-06,9.8e-05,53.74280611
1668484542.8492863,0.044044,0.044044,8.71e-06,0.000164,57.70025543
1668484602.4232926,0.044044,0.043955,1.61e-06,7.5e-05,53.00615838
1668484662.262021,0.044014,0.044014,9.87e-06,0.000144,56.34212316
1668484722.4721713,0.044014,0.044014,9.87e-06,0.000144,56.34212316
1668484782.4533222,0.043955,0.043915,8.33e-06,0.000247,49.93643348
1668484842.2841136,0.04393,0.04393,8.22e-06,0.000132,50.84826023
1668484902.2667294,0.043882,0.043882,4.21e-06,9.4e-05,47.845203
1668484962.3993392,0.04402,0.04402,1.955e-05,0.000175,56.08690934
1668485022.372592,0.04402,0.044004,1.827e-05,0.000159,55.184779
1668485082.4415965,0.044081,0.044081,2.76e-05,0.0002,59.49715158
1668485142.375918,0.04411,0.04411,4.06e-05,5.1e-05,59.99389252
1668485202.4700017,0.044028,0.044028,3.498e-05,6.4e-05,54.59828264
1668485262.4922223,0.044045,0.044045,3.518e-05,8.1e-05,55.35725831
1668485322.4720635,0.044007,0.044007,3.341e-05,5.2e-05,52.81293154
1668485382.359692,0.044007,0.044006,3.333e-05,5.1e-05,52.74913017
1668485442.3920045,0.044006,0.044006,3.15e-05,-8e-06,52.74913017
1668485502.4642909,0.04393,0.04393,1.711e-05,1.5e-05,48.26726124
1668485562.4856298,0.043902,0.043902,1.121e-05,-2.8e-05,46.6658493
1668485622.3678489,0.043902,0.043979,1.735e-05,4.9e-05,51.23799856
1668485682.473883,0.044039,0.044039,2.094e-05,3.5e-05,54.76127917
1668485742.711265,0.044039,0.043979,1.872e-05,-2.5e-05,50.80778877
1668485802.531403,0.043959,0.043959,1.167e-05,-0.000182,49.79917295
1668485862.4402008,0.04401,0.04401,1.364e-05,-1.8e-05,52.80732343
1668485923.2257457,0.04401,0.044039,1.595e-05,1.1e-05,54.36235681
1668485982.3116436,0.044111,0.044118,3.269e-05,7.3e-05,58.33791872
1668486042.3651507,0.044119,0.044119,3.802e-05,0.000113,58.407778
1668486102.4555318,0.04415,0.04415,4.171e-05,0.00025,59.35396365
1668486162.3550398,0.04415,0.04415,4.662e-05,0.000201,59.35396365
1668486222.3508518,0.0443,0.0443,7.115e-05,0.000321,65.98804247
1668486282.4551375,0.04432,0.04432,7.863e-05,0.000281,65.20832327
1668486342.548838,0.044318,0.044318,8.213e-05,0.000396,65.273229
1668486402.8603363,0.044315,0.044224,8.081e-05,0.000265,58.41319796
1668486462.542243,0.044118,0.044118,7.059e-05,7.9e-05,51.70567391
1668486522.5513277,0.04418,0.04418,6.673e-05,6e-05,54.96320969
1668486582.3770375,0.044224,0.044224,6.645e-05,0.000105,57.17109121
1668486642.4849925,0.044311,0.044275,7.687e-05,0.000196,58.00610489
1668486702.6909664,0.044311,0.044231,7.336e-05,0.000152,55.58898203
1668486762.606489,0.044221,0.044221,6.758e-05,-7.9e-05,54.77672567
1668486822.556604,0.044221,0.044221,6.758e-05,-7.9e-05,54.77672567
1668486882.4335208,0.044221,0.044221,6.359e-05,-2.8e-05,54.77672567
1668486942.56375,0.0442,0.044215,6.117e-05,-3.2e-05,53.95699968
1668487002.4158006,0.044237,0.044192,5.603e-05,-0.000123,52.39831603
1668487062.788071,0.044237,0.044213,5.771e-05,-0.000102,53.73266616
1668487122.729409,0.044195,0.044195,5.165e-05,-2.9e-05,52.49860099
1668487182.804992,0.044239,0.044239,4.811e-05,0.000121,54.9873839
1668487243.3403356,0.0442,0.0442,4.748e-05,2e-05,51.75604178
1668487302.7919831,0.04423,0.04423,4.466e-05,-0.000113,53.36734385
1668487362.4071932,0.044215,0.044215,3.982e-05,-1.6e-05,52.57960755
1668487422.7619429,0.044222,0.044222,3.707e-05,-2.4e-05,53.01578263
1668487482.6415532,0.044222,0.0442,3.532e-05,-4.6e-05,51.57270106
1668487542.858459,0.04426,0.04426,3.624e-05,3.9e-05,55.30048742
1668487602.9728477,0.04426,0.044317,4.078e-05,9.6e-05,58.34652731
1668487663.699937,0.044253,0.044253,3.949e-05,1e-06,53.9048175
1668487722.4535449,0.044299,0.04434,4.713e-05,0.000105,59.0898716
1668487782.8983936,0.044299,0.044286,4.282e-05,5.1e-05,56.09648867
1668487842.548224,0.04428,0.04428,4.228e-05,6.7e-05,55.61742331
1668487902.6012845,0.04428,0.04428,4.137e-05,0.000113,55.61742331
1668487962.5403662,0.044264,0.044264,3.89e-05,-4.1e-05,54.18626906
1668488022.744611,0.044264,0.044264,3.89e-05,-4.1e-05,54.18626906
1668488083.060132,0.04426,0.04426,3.621e-05,6.1e-05,53.81345596
1668488142.9618382,0.04426,0.044289,3.853e-05,9e-05,56.0876409
1668488203.0418415,0.04426,0.044289,3.853e-05,9e-05,56.0876409
1668488262.594453,0.044332,0.04437,4.425e-05,0.000156,61.64225799
1668488322.699004,0.04436,0.04436,4.939e-05,0.00016,60.62272225
1668488382.4992397,0.044289,0.044284,4.442e-05,-3.3e-05,52.87887919
1668488442.5880451,0.044284,0.044289,4.03e-05,1e-06,53.2971844
1668488502.528591,0.044303,0.044311,4.218e-05,2.5e-05,54.19450895
1668488562.551376,0.044303,0.044276,3.939e-05,-1e-05,51.30117511
1668488622.625925,0.044299,0.044299,3.172e-05,1.9e-05,53.19637331
1668488682.5259435,0.044299,0.044262,2.877e-05,-1.8e-05,50.07365788
1668488742.5974095,0.0442,0.0442,1.157e-05,-8.9e-05,44.89731185
1668488802.7974389,0.04419,0.04419,-7.3e-07,-0.00018,45.80977576
1668488862.5502443,0.044305,0.044305,9.61e-06,-5.5e-05,53.82486858
1668488922.6546369,0.044363,0.044363,2.036e-05,1e-06,57.19997706
1668488982.6439033,0.044323,0.044323,2.02e-05,3.9e-05,54.17418485
1668489042.672496,0.04429,0.04429,1.415e-05,-6.1e-05,51.81216776
1668489102.613935,0.044349,0.044349,2.228e-05,7.3e-05,55.19095601
1668489162.5546217,0.0443,0.044272,1.555e-05,-2e-06,50.11417038
1668489222.6371222,0.0443,0.0443,1.711e-05,3.8e-05,51.93405491
1668489282.644482,0.0443,0.044268,1.456e-05,6e-06,49.71216471
1668489342.536705,0.044329,0.044329,1.893e-05,0.000216,53.60719892
1668489402.6678925,0.04438,0.04438,2.696e-05,0.000103,56.85998463
1668489462.5636518,0.04438,0.044292,1.994e-05,1.5e-05,50.49466841
1668489522.6713965,0.04429,0.044248,1.019e-05,-9e-05,47.52002437
1668489582.5563054,0.044247,0.04427,7.56e-06,2.2e-05,49.19881289
1668489642.5276828,0.0443,0.0443,7.88e-06,-4.9e-05,51.46257692
1668489702.6200614,0.0443,0.0443,8.03e-06,0.0,51.46257692
1668489762.8476534,0.0443,0.0443,8.03e-06,0.0,51.46257692
1668489822.9316585,0.044247,0.044247,3.83e-06,-5.3e-05,47.15703549
1668489882.8431864,0.044247,0.044247,5e-07,-2.1e-05,47.15703549
1668489942.5931318,0.04429,0.04429,3.34e-06,-5e-05,50.81662441
1668490002.6717176,0.044336,0.044336,7.76e-06,-4.4e-05,54.59022679
1668490062.756487,0.044336,0.0443,4.89e-06,-8e-05,51.64065122
1668490122.7468028,0.04429,0.04429,4.62e-06,-2e-06,50.6563539
1668490183.0253768,0.04429,0.044379,1.172e-05,8.7e-05,58.07612963
1668490242.707759,0.044377,0.044377,1.677e-05,0.000107,57.86618112
1668490302.6708243,0.044378,0.044378,2.063e-05,0.000131,57.94803817
1668490362.9780052,0.044378,0.044378,2.341e-05,0.000108,57.94803817
1668490423.3671694,0.044378,0.044378,2.532e-05,7.8e-05,57.94803817
1668490482.9678524,0.04447,0.04447,4.262e-05,0.00017,62.40521698
1668490543.4299705,0.04447,0.044535,4.78e-05,0.000235,68.99618664
1668490603.3095913,0.044537,0.044537,6.403e-05,0.000257,66.74331073
1668490662.6525266,0.04456,0.04456,6.93e-05,0.00026,68.18767908
1668490722.608894,0.04456,0.044537,6.747e-05,0.000237,66.74331073
1668490782.6614292,0.04456,0.044537,6.747e-05,0.000237,66.74331073
1668490842.5612073,0.0446,0.0446,7.902e-05,0.000221,70.67132015
1668490902.8319905,0.04468,0.0447,9.204e-05,0.000323,75.79202611
1668490962.7164445,0.044749,0.044814,0.00011395,0.000436,79.94040863
1668491022.6546252,0.044749,0.044815,0.00011403,0.000437,79.97248341
1668491082.671624,0.04481,0.04481,0.00012343,0.000432,79.28980895
1668491142.7938592,0.04481,0.04481,0.00013001,0.00029,78.6965296
1668491202.6937494,0.044743,0.044727,0.0001223,0.000192,68.30875626
1668491262.6053114,0.044807,0.044807,0.00012545,0.000238,72.33165137
1668491322.747094,0.044753,0.044753,0.00011755,0.000216,69.8233216
1668491382.616599,0.044666,0.044571,9.496e-05,3.4e-05,51.70069328
1668491442.6947148,0.044665,0.044665,8.899e-05,6.5e-05,58.34032248
1668491502.7265835,0.044659,0.044718,8.457e-05,8e-05,61.74047493
1668491562.7057097,0.044663,0.0447,8.17e-05,-9.8e-05,60.05663195
1668491622.6664193,0.044718,0.044718,8.101e-05,-9.7e-05,61.70858735
1668491682.571922,0.044721,0.044721,7.885e-05,-9.9e-05,61.90457986
1668491742.729523,0.044784,0.044784,8.528e-05,4.1e-05,65.5355259
1668491802.7087286,0.044784,0.044784,8.528e-05,4.1e-05,65.5355259
1668491862.6832633,0.044821,0.044821,8.811e-05,9.4e-05,67.73490182
1668491922.8079357,0.044802,0.044802,8.652e-05,7e-05,66.65089245
1668491982.7596889,0.044845,0.044845,9.149e-05,0.000177,69.20660787
1668492042.7433648,0.044779,0.044779,8.67e-05,0.000208,60.8492407
1668492103.157985,0.044678,0.044678,7.156e-05,6.1e-05,51.10982084
1668492162.6677985,0.04461,0.04461,5.571e-05,-0.000108,45.67115546
1668492222.7113,0.04461,0.044692,6.225e-05,-2.6e-05,52.27978315
1668492282.6669707,0.044639,0.044639,4.128e-05,-8.1e-05,47.49170437
1668492342.5847218,0.044561,0.044561,2.704e-05,-0.000227,41.19207572
1668492402.734619,0.044523,0.044523,8.6e-06,-0.000261,39.29453945
1668492462.7017908,0.044509,0.044509,-3.82e-06,-0.000291,38.35324315
1668492522.686501,0.044509,0.044566,7.3e-07,-0.000234,43.54983649
1668492582.7322235,0.044509,0.044566,7.3e-07,-0.000234,43.54983649
1668492642.6260624,0.044509,0.044566,7.3e-07,-0.000234,43.54983649
1668492702.6400044,0.044567,0.044567,-5.37e-06,-0.000275,43.64876507
1668492762.7613566,0.044508,0.044508,-1.479e-05,-0.000339,39.27541663
1668492822.8255856,0.044526,0.044526,-1.175e-05,-0.000217,42.12260127
1668492882.8091316,0.044595,0.044632,-5.79e-06,-4.6e-05,49.98028293
1668492942.7890012,0.044589,0.044622,-8.92e-06,-7e-05,49.43716396
1668493002.7521863,0.044525,0.044525,-2.383e-05,-0.000137,42.50365489
1668493062.8670993,0.044525,0.044462,-2.886e-05,-0.0002,37.4578195
1668493122.7998526,0.044346,0.044346,-5.373e-05,-0.000163,31.00201712
1668493182.593201,0.044346,0.044346,-6.376e-05,-0.000177,31.00201712
1668493242.7470095,0.044339,0.044339,-7.287e-05,-0.000227,31.73909013
1668493302.700401,0.044405,0.044395,-7.394e-05,-0.000172,38.05799106
1668493362.7656171,0.044405,0.044395,-7.394e-05,-0.000172,38.05799106
1668493422.7877238,0.044428,0.044428,-7.062e-05,-0.000223,41.44999199
1668493482.74427,0.0444,0.0444,-6.803e-05,-0.00019,40.08356645
1668493542.7551632,0.0444,0.0444,-6.803e-05,-0.00019,40.08356645
1668493602.805081,0.044488,0.044488,-5.357e-05,-5e-06,48.00987883
1668493662.9056814,0.044488,0.044488,-5.357e-05,-5e-06,48.00987883
1668493722.706966,0.044488,0.044488,-5.357e-05,-5e-06,48.00987883
1668493782.620173,0.044369,0.044369,-5.815e-05,-4.2e-05,39.87259139
1668493843.4473126,0.044369,0.044369,-5.815e-05,-4.2e-05,39.87259139
1668493903.5164196,0.044369,0.044369,-5.878e-05,2.3e-05,39.87259139
1668493963.5134172,0.044323,0.044349,-6.02e-05,2.6e-05,38.50272686
1668494024.2998738,0.044323,0.044349,-6.02e-05,2.6e-05,38.50272686
1668494084.2157466,0.044372,0.044372,-5.88e-05,4.4e-05,41.01256211
1668494144.332183,0.04438,0.04438,-5.638e-05,-1.5e-05,41.90075377
1668494205.3486917,0.044383,0.044383,-5.343e-05,-6.8e-05,42.22696851
1668494265.3644607,0.044383,0.044428,-4.984e-05,-2.3e-05,47.03125307
1668494325.3019078,0.044428,0.044428,-3.951e-05,-4.1e-05,47.03125307
1668494386.3313158,0.044407,0.044407,-3.727e-05,-8.1e-05,44.89236811
1668494446.1995623,0.044429,0.044429,-3.166e-05,6e-05,47.25529236
1668494506.3855236,0.044429,0.044429,-3.166e-05,6e-05,47.25529236
1668494567.1614747,0.044429,0.044429,-3.166e-05,6e-05,47.25529236
1668494626.9188342,0.044429,0.044429,-3.166e-05,6e-05,47.25529236
1668494687.1696403,0.044429,0.044429,-2.828e-05,6e-05,47.25529236
1668494748.0291476,0.044482,0.044482,-1.776e-05,0.000113,53.64427878
1668494807.8208327,0.044482,0.044432,-2.175e-05,6.3e-05,47.76946296
1668494868.0584826,0.044482,0.044432,-2.175e-05,6.3e-05,47.76946296
1668494928.672942,0.044464,0.044464,-1.72e-05,0.000115,51.43516703
1668494988.717238,0.044547,0.044547,-6.83e-06,0.000175,59.39532592
1668495048.693395,0.044547,0.044551,-6.51e-06,0.000179,59.7135556
1668495109.542379,0.044585,0.044585,1.126e-05,0.000157,62.60284783
1668495169.4549506,0.044529,0.0445,7.77e-06,7.2e-05,53.32829088
1668495229.521617,0.044464,0.044464,6.01e-06,4.1e-05,49.16279077
1668495291.615311,0.044464,0.044464,6.01e-06,4.1e-05,49.16279077
1668495350.7960663,0.044464,0.044464,6.34e-06,3.5e-05,48.9710905
1668495410.658316,0.044499,0.044499,6.52e-06,1.6e-05,52.57362218
1668495471.5836048,0.044501,0.044501,6.76e-06,6.9e-05,52.87402436
1668495531.48579,0.044501,0.044509,7.4e-06,7.7e-05,53.63889236
1668495591.9161465,0.044429,0.044303,-7.49e-06,-0.000161,36.99034267
1668495652.2830932,0.044183,0.044165,-3.537e-05,-0.000386,30.47099223
1668495712.3224866,0.044156,0.044222,-4.69e-05,-0.000329,35.74318235
1668495772.7050333,0.044158,0.044158,-6.05e-05,-0.000364,32.74119183
1668495833.15564,0.044158,0.044208,-5.651e-05,-0.000314,35.04038239
1668495893.0906992,0.044158,0.044208,-5.651e-05,-0.000314,35.04038239
1668495953.0229335,0.044294,0.044305,-5.565e-05,-0.000195,43.35143129
1668496013.986248,0.044297,0.044297,-5.499e-05,-0.000167,42.86433879
1668496073.9674067,0.044221,0.044221,-5.984e-05,-0.000291,38.44128549
1668496133.9539638,0.0442,0.0442,-6.6e-05,-0.000249,37.3765947
1668496194.8231146,0.044151,0.044151,-7.666e-05,-0.000333,35.65912441
1668496254.792945,0.04412,0.044092,-8.559e-05,-0.000417,32.26398984
1668496314.865254,0.044092,0.044092,-9.08e-05,-0.000125,32.26398984
1668496375.7203317,0.044,0.04379,-0.0001212,-0.000375,21.71457439
1668496435.62891,0.043996,0.043953,-0.00012252,-0.000269,31.28672787
1668496495.5576067,0.043944,0.043944,-0.00012763,-0.000264,31.01969997
1668496556.4591546,0.043854,0.043854,-0.00013748,-0.000451,27.70805039
1668496616.5705895,0.043841,0.043841,-0.00014559,-0.000457,27.40588324
1668496676.4185324,0.043745,0.043856,-0.00015486,-0.000344,33.78465179
1668496737.301232,0.043788,0.043501,-0.00018606,-0.000634,21.37472665
1668496797.2766972,0.04354,0.043623,-0.00019138,-0.000515,27.67216175
1668496857.359158,0.043627,0.043627,-0.00019568,-0.000465,28.05957501
1668496918.0131512,0.043614,0.043673,-0.00019371,-0.000366,31.53813347
1668496978.081704,0.043493,0.043493,-0.00021812,-0.000375,26.77817867
1668497038.0884726,0.043652,0.04372,-0.00019513,-0.000235,39.92808787
1668497099.1449764,0.043757,0.043757,-0.0001843,-0.000187,42.11373133
1668497159.0401545,0.043798,0.043798,-0.00016761,-4.1e-05,44.33501433
1668497219.0194297,0.043798,0.043704,-0.000158,-2.8e-05,40.69497469
1668497279.799617,0.043691,0.043799,-0.00014256,1.1e-05,45.80152731
1668497339.8295093,0.043796,0.043839,-0.00012434,0.000289,47.6827312
1668497400.0414977,0.043898,0.043901,-0.00010351,0.000271,50.53346288
1668497460.7263584,0.043928,0.043937,-8.148e-05,0.000312,52.07879677
1668497520.96183,0.044102,0.044196,-4.043e-05,0.000749,61.70287455
1668497580.7847102,0.044149,0.044149,-1.55e-05,0.000536,59.33301514
1668497641.5325613,0.044079,0.043971,-9.99e-06,0.00033,51.29739617
1668497701.4746387,0.043969,0.043969,-2.33e-06,0.000246,51.04940947
1668497761.494981,0.043945,0.043894,-3.76e-06,9.6e-05,47.80496803
1668497822.4232574,0.0439,0.0439,-6.35e-06,0.00022,48.0808438
1668497882.631038,0.0439,0.043873,-8.5e-06,0.000193,46.9321486
1668497942.4958987,0.043926,0.043926,-7.9e-06,0.00013,49.441089
1668498003.296941,0.044031,0.044031,6.71e-06,0.000192,53.80874658
1668498063.2450228,0.043964,0.043964,6.98e-06,3.6e-05,50.6041365
1668498123.3594117,0.043949,0.043822,-5.38e-06,-0.000178,44.59958349
1668498184.1007864,0.043851,0.043851,-2.001e-05,-0.000345,47.13349926
1668498244.0832803,0.043947,0.043947,-1.489e-05,-0.000202,50.77676181
1668498304.099558,0.043843,0.043843,-1.901e-05,-0.000183,46.99709375
1668498365.1018138,0.043948,0.043899,-1.762e-05,-0.000102,49.18826025
1668498424.9792025,0.043977,0.043977,-9.92e-06,8.3e-05,52.14747867
1668498485.0410953,0.043974,0.043974,-3.83e-06,0.000101,51.98592289
1668498546.0052357,0.043893,0.043878,-1.573e-05,-0.00014,48.5217481
1668498605.920355,0.043885,0.0438,-2.229e-05,-0.000231,45.66172196
1668498666.03062,0.04379,0.04379,-2.797e-05,-0.000155,45.29312148
1668498726.814321,0.043904,0.043904,-1.999e-05,0.00022,50.08909005
1668498786.651737,0.04397,0.043977,-9.83e-06,0.000125,53.0186955
1668498846.740079,0.043977,0.043977,-2.69e-06,2.9e-05,53.0186955
1668498908.8025355,0.043977,0.043977,2.94e-06,0.000134,53.0186955
1668498967.7585404,0.043844,0.04383,-8.3e-06,-7.2e-05,46.29490297
1668499027.6996896,0.04383,0.04383,-1.307e-05,-0.000153,46.29490297
1668499088.5590646,0.043777,0.043802,-1.889e-05,-3.1e-05,44.9945603
1668499148.4445343,0.043777,0.043802,-1.889e-05,-3.1e-05,44.9945603
1668499208.653654,0.043802,0.043802,-2.324e-05,-7.6e-05,44.9945603
1668499269.5017292,0.043794,0.043852,-2.189e-05,5.2e-05,47.98570059
1668499329.2904756,0.043794,0.043853,-2.182e-05,5.3e-05,48.04286139
1668499389.3428895,0.043853,0.04396,-1.242e-05,0.000121,53.88278406
1668499450.479421,0.043961,0.044016,-4.5e-07,9.7e-05,56.63028216
1668499510.4165652,0.044052,0.044052,1.347e-05,7.5e-05,58.25964374
1668499570.559922,0.043968,0.043968,1.023e-05,-9e-06,53.35979892
1668499631.2517097,0.044014,0.04406,2.005e-05,0.000146,57.90562491
1668499691.2256312,0.04401,0.04401,1.848e-05,0.00018,55.71680806
1668499751.3743477,0.04404,0.044108,3.245e-05,0.000278,60.57777491
1668499812.1213222,0.04411,0.044154,4.477e-05,0.000352,62.69557916
1668499872.0156777,0.044098,0.043965,3.882e-05,0.000155,50.6548145
1668499931.9677732,0.04393,0.043985,3.532e-05,0.000132,51.7116619
1668499992.9408543,0.043896,0.043896,2.001e-05,-0.000147,46.72819883
1668500052.941372,0.043896,0.043911,2.121e-05,-0.000132,47.51995418
1668500113.0299735,0.04402,0.04402,1.715e-05,6.1e-05,54.01069028
1668500173.7894764,0.04395,0.04395,1.366e-05,-1.9e-05,49.86642694
1668500233.794189,0.043835,0.043835,-2.02e-06,-0.000206,43.9888036
1668500293.8431273,0.04386,0.04386,-8.97e-06,-0.000248,45.75493425
1668500354.617229,0.04386,0.04393,-3.39e-06,-0.000178,49.5840788
1668500414.6604595,0.04379,0.04379,-2.521e-05,-0.000175,43.01456541
1668500474.5764935,0.04379,0.043807,-2.385e-05,-0.000158,44.00267096
1668500535.351381,0.04379,0.04362,-4.375e-05,-0.00037,36.5043867
1668500595.4333153,0.043269,0.043269,-0.00012225,-0.000642,27.82045594
1668500655.3876784,0.043154,0.043154,-0.00016234,-0.000743,25.08377561
1668500716.2632496,0.043229,0.043229,-0.00017829,-0.000782,29.48019699
1668500776.2373855,0.043283,0.043283,-0.00018414,-0.000599,32.52554154
1668500836.4002385,0.043283,0.043339,-0.00017967,-0.000543,35.45110563
1668500897.2026882,0.043239,0.043239,-0.00019101,-0.000666,32.74552117
1668500957.2265468,0.043239,0.043281,-0.00018766,-0.000624,35.00473438
1668501017.1576262,0.043258,0.043258,-0.0001871,-0.000549,34.8138895
1668501077.9633512,0.0433,0.0433,-0.00017501,-0.000286,37.75983876
1668501138.0685363,0.04337,0.04337,-0.00015643,0.000118,41.21870586
1668501197.903334,0.043334,0.043334,-0.00015248,0.000183,40.27781504
1668501259.2554915,0.043478,0.043478,-0.00012183,0.00032,47.16316821
1668501319.2820995,0.04353,0.04353,-0.00010278,0.000292,49.4005302
1668501379.4298213,0.04356,0.04356,-8.221e-05,0.00022,50.58851616
1668501440.127733,0.043502,0.043502,-7.624e-05,0.000263,48.16757311
1668501500.2350492,0.043502,0.0435,-7.639e-05,0.000261,48.0821249
1668501559.9526174,0.0434,0.0434,-7.362e-05,0.000162,43.88969812
1668501620.814761,0.043401,0.043401,-6.865e-05,6.8e-05,44.26746552
1668501680.8122044,0.043401,0.043331,-7.424e-05,-2e-06,41.55582666
1668501740.8571625,0.043362,0.043362,-7.355e-05,4.4e-05,43.23475876
1668501801.8731403,0.043362,0.04338,-7.212e-05,6.2e-05,44.22439722
1668501861.7853844,0.04339,0.043395,-6.727e-05,-0.000119,45.02311429
1668501921.7924936,0.043389,0.043399,-6.332e-05,-9.1e-05,45.26552274
1668501982.9600968,0.043404,0.043404,-5.501e-05,-9.8e-05,45.60097225
1668502043.0508034,0.043335,0.043335,-6.111e-05,-0.000165,41.96493783
1668502102.8290436,0.043406,0.043406,-5.485e-05,6e-06,47.00327356
1668502163.5187106,0.04347,0.04347,-3.923e-05,2.6e-05,50.73305502
1668502223.878274,0.04348,0.04348,-2.866e-05,0.000149,51.14385015
1668502283.5014837,0.04348,0.04348,-2.866e-05,0.000149,51.14385015
1668502344.148572,0.043643,0.043643,2.83e-06,0.000248,59.88345685
1668502404.3007522,0.043643,0.043679,5.7e-06,0.000284,61.48867879
1668502464.226537,0.043568,0.043568,7.6e-06,0.000173,55.17976121
1668502525.5842412,0.043568,0.043568,1.743e-05,0.000169,54.53374294
1668502585.5158434,0.043533,0.043533,8.03e-06,0.000127,52.19491597
1668502645.478505,0.043533,0.043416,-1.3e-06,1e-05,46.02255616
1668502706.2364416,0.043493,0.043493,4.03e-06,0.000153,50.29276078
1668502766.294271,0.043576,0.043576,1.07e-05,8.4e-05,54.54098135
1668502826.315487,0.04347,0.04347,6.9e-07,-4e-05,49.01897081
1668502887.468905,0.04347,0.04347,8.09e-06,-1e-05,48.79671114
1668502947.362381,0.04347,0.043416,3.79e-06,-6.4e-05,46.42681232
1668503007.4821465,0.04352,0.04352,5.71e-06,-7.9e-05,51.32944971
1668503068.3491735,0.043558,0.043568,7.1e-06,-4.8e-05,53.63605515
1668503128.5212529,0.04355,0.04355,7.83e-06,0.000137,52.58552121
1668503188.5617063,0.043497,0.043497,8.92e-06,8.4e-05,49.97402063
1668503249.3564274,0.043497,0.043448,5.01e-06,3.5e-05,47.9793451
1668503309.2785528,0.043528,0.043528,6.94e-06,3.3e-05,51.46719824
1668503369.279575,0.043528,0.043534,7.42e-06,3.9e-05,51.72250176
1668503430.064296,0.043416,0.043416,-6.14e-06,-0.000194,46.53759639
1668503490.1265547,0.043352,0.043352,-2.053e-05,-6.4e-05,44.12977258
1668503550.185534,0.043389,0.043389,-2.072e-05,-6.8e-05,46.00671844
1668503610.8893209,0.043335,0.043335,-2.646e-05,-0.000233,43.72067456
1668503671.083004,0.043335,0.043335,-2.646e-05,-0.000233,43.72067456
1668503730.796421,0.043336,0.043336,-3.646e-05,-0.000248,43.77656231
1668503791.9123552,0.043392,0.043392,-2.949e-05,-5.6e-05,47.02630041
1668503851.8804784,0.04352,0.04352,-1.228e-05,1.7e-05,53.40058051
1668503911.8207548,0.043545,0.043545,-1.86e-06,1.1e-05,54.56815674
1668503972.667385,0.04354,0.04354,4.05e-06,0.000124,54.27525544
1668504032.7902992,0.04354,0.04354,8.94e-06,0.0002,54.27525544
1668504092.5780296,0.04354,0.043392,-2.86e-06,5.2e-05,45.83032586
1668504153.5426505,0.043408,0.043408,-1.103e-05,-8e-06,46.8623293
1668504213.4330752,0.043557,0.043557,7.49e-06,0.000222,54.92433576
1668504273.2983372,0.043675,0.043675,2.842e-05,0.000339,60.13455567
1668504334.291342,0.043684,0.043684,3.971e-05,0.000261,60.50447072
1668504394.56399,0.043684,0.043684,4.753e-05,0.000184,60.50447072
1668504454.505927,0.04369,0.04369,5.12e-05,0.000145,60.02203561
1668504515.243683,0.04369,0.043709,5.272e-05,0.000164,60.88835762
1668504575.384105,0.043779,0.043779,7.276e-05,0.000239,63.93322148
1668504635.1455984,0.04385,0.04385,8.886e-05,0.000458,66.4946444
1668504695.9659042,0.043843,0.043843,9.583e-05,0.00045,65.60246034
1668504756.1352828,0.043924,0.043924,0.00011077,0.000374,69.69340149
1668504816.0823345,0.04398,0.04398,0.00012407,0.000326,71.72069396
1668504876.957015,0.044091,0.044091,0.00014281,0.000407,75.33957438
1668504936.912608,0.044095,0.044095,0.00015531,0.000411,72.21326967
1668504997.1617656,0.044095,0.044009,0.00014845,0.000325,65.76094757
1668505058.007725,0.043958,0.043958,0.00013936,0.000313,62.11528335
1668505118.0740385,0.043958,0.04396,0.00013952,0.000315,62.19307844
1668505177.6295328,0.04403,0.04403,0.00013642,0.00025,65.07140686
1668505238.5496523,0.044202,0.044202,0.00015949,0.000344,70.6289758
1668505298.4871264,0.044129,0.044129,0.00015621,0.000265,65.72334074
1668505358.58322,0.044119,0.044119,0.00015117,0.000195,64.14024421
1668505419.5710976,0.04414,0.04414,0.00014408,0.00016,63.58663082
1668505479.335915,0.044155,0.044155,0.00014488,0.000104,64.09560699
1668505539.3818994,0.044176,0.044176,0.0001446,2.7e-05,64.88710725
1668505600.3963852,0.04415,0.04415,0.00014374,0.000208,61.75055418
1668505660.382196,0.044249,0.044166,0.00014937,0.000208,60.36589027
1668505720.294098,0.044249,0.044166,0.00014937,0.000208,60.36589027
1668505781.367261,0.044279,0.044279,0.00014876,7.7e-05,64.45180617
1668505841.1498797,0.044376,0.044272,0.00015302,0.000118,61.4260704
1668505901.3916292,0.044224,0.044212,0.00014513,0.00013,58.12127364
1668505962.1018937,0.044224,0.04421,0.00014497,0.000128,58.01999522
1668506022.163718,0.044166,0.044166,0.00012407,1.5e-05,55.34868649
1668506082.0003035,0.0442,0.0442,0.00011543,4.9e-05,56.83608057
1668506142.7959445,0.044142,0.044142,0.00010062,-8e-05,53.93582524
1668506203.169791,0.044101,0.043992,7.556e-05,-0.000313,46.15656498
1668506263.0585308,0.043935,0.043959,5.124e-05,-0.000207,45.07134399
1668506323.6650531,0.043914,0.043914,3.158e-05,-0.000324,43.01643064
1668506383.5874088,0.043913,0.043913,1.66e-05,-0.000464,42.933507
1668506443.7657416,0.043922,0.043922,5.32e-06,-0.000373,43.35109375
1668506504.6435122,0.043919,0.043863,-8.84e-06,-0.000347,40.33874705
1668506564.4136198,0.0438,0.0438,-2.493e-05,-0.000425,37.35729342
1668506624.4003856,0.043799,0.043886,-3.076e-05,-0.00028,43.60538934
1668506685.5255685,0.043775,0.043775,-5.189e-05,-0.000391,37.20188536
1668506745.5393178,0.043778,0.043778,-6.294e-05,-0.000324,38.83590484
1668506805.6022942,0.043778,0.0438,-6.118e-05,-0.000302,40.42190904
1668506866.5101411,0.0438,0.043861,-5.896e-05,-7.1e-05,44.70342757
1668506926.4396226,0.043934,0.043957,-4.649e-05,1e-06,50.55136692
1668506986.3698452,0.043954,0.043954,-3.886e-05,2.9e-05,50.36674977
1668507047.3478315,0.043954,0.044015,-3.4e-05,9e-05,53.82367521
1668507107.1720192,0.044104,0.044104,-2.75e-06,0.000181,58.28234421
1668507167.4507358,0.044081,0.044081,1.46e-06,0.000218,56.19038458
1668507228.0043635,0.044081,0.044079,1.3e-06,0.000216,56.0938037
1668507287.9456503,0.044086,0.044111,1.176e-05,0.000317,57.70059921
1668507348.0816562,0.044086,0.044111,1.176e-05,0.000317,57.70059921
1668507408.623744,0.044,0.043952,7.14e-06,0.000203,48.25173591
1668507467.8901918,0.044,0.043989,1.009e-05,0.00024,50.16330493
1668507528.0336668,0.0441,0.0441,1.753e-05,0.000388,55.81822118
1668507588.173613,0.0441,0.044001,9.63e-06,0.000289,50.84348258
1668507647.9100797,0.044111,0.044111,1.793e-05,0.000311,56.68004624
1668507708.0630617,0.044089,0.044089,2.247e-05,0.000189,55.2666817
1668507767.9987147,0.044057,0.044057,2.125e-05,0.0001,53.33230246
1668507827.8858683,0.044057,0.044057,2.125e-05,0.0001,53.33230246
1668507887.8903477,0.044057,0.044057,2.125e-05,0.0001,53.33230246
1668507947.9688437,0.044111,0.044111,2.636e-05,9.6e-05,56.32410673
1668508008.081704,0.044145,0.044145,3.278e-05,3.7e-05,58.14359223
1668508068.0036948,0.044145,0.044145,3.278e-05,3.7e-05,58.14359223
1668508127.800638,0.044145,0.044145,3.743e-05,0.000117,58.14359223
1668508187.9273157,0.044145,0.044145,3.769e-05,6.6e-05,57.41216151
1668508248.0457006,0.044203,0.044203,4.51e-05,9.2e-05,60.50977827
1668508307.945027,0.044097,0.044097,4.162e-05,0.000108,52.98741812
1668508368.0328426,0.044075,0.044075,3.698e-05,7.4e-05,51.52852053
1668508428.005198,0.04419,0.044218,4.433e-05,0.000107,59.36090677
1668508488.0810032,0.04419,0.04419,4.209e-05,7.9e-05,58.03309424
1668508548.1882668,0.044254,0.044254,5.272e-05,0.000197,61.28759076
1668508608.1132824,0.044186,0.044236,5.712e-05,0.000125,59.57043363
1668508668.090459,0.044161,0.044161,4.302e-05,1.6e-05,53.94343817
1668508728.032683,0.044099,0.044099,3.1e-05,2e-06,50.96824622
1668508787.980868,0.044035,0.044035,1.399e-05,-0.00011,47.90720928
1668508847.9794564,0.043969,0.043969,2.02e-06,-0.000229,44.30861036
1668508907.8552625,0.04391,0.04391,-1.361e-05,-0.000187,41.49957028
1668508968.1586046,0.043824,0.043824,-3.264e-05,-0.000251,37.68046603
1668509028.162325,0.043858,0.043858,-3.912e-05,-0.000332,39.16991282
1668509087.9882507,0.0438,0.0438,-5.05e-05,-0.000386,36.32886223
1668509147.940364,0.043747,0.043725,-6.575e-05,-0.000539,33.039382
1668509208.0631251,0.043728,0.043728,-7.577e-05,-0.000341,33.30330269
1668509267.997057,0.0438,0.043781,-7.182e-05,-0.000283,38.95807266
1668509328.2888317,0.043788,0.043788,-7.416e-05,-0.000178,39.48606619
1668509388.2498257,0.043788,0.043793,-7.376e-05,-0.000173,39.85764655
1668509448.613871,0.043793,0.043793,-7.444e-05,-0.000217,39.85764655
1668509508.0477104,0.043793,0.043777,-7.572e-05,-0.000233,39.03170457
1668509568.0454388,0.043793,0.043777,-7.572e-05,-0.000233,39.03170457
1668509627.9770029,0.043793,0.043777,-7.572e-05,-0.000233,39.03170457
1668509688.158409,0.043793,0.043777,-7.572e-05,-0.000233,39.03170457
1668509748.095147,0.04373,0.043657,-8.596e-05,-0.000262,33.43552125
1668509808.2103438,0.043658,0.043669,-9.328e-05,-0.000189,35.25867267
1668509867.9372609,0.04358,0.04358,-0.0001038,-0.000278,31.59971475
1668509928.1058168,0.043628,0.043628,-0.00010592,-0.00023,34.78647815
1668509988.085143,0.043596,0.043596,-0.00011202,-0.000189,32.19456532
1668510048.0081651,0.043568,0.043615,-0.00011374,-0.00011,35.34030692
1668510108.0782466,0.043615,0.043594,-0.00011359,-0.000243,34.37612414
1668510168.0674658,0.043561,0.043561,-0.00011493,-0.00022,32.75590291
1668510228.0263247,0.043411,0.04336,-0.00013447,-0.000433,25.14928006
1668510288.0796444,0.043296,0.043296,-0.00015323,-0.000481,23.37417771
1668510348.1140254,0.043258,0.043213,-0.00016807,-0.000424,21.83452897
1668510407.9959402,0.043216,0.043402,-0.0001637,-0.000267,36.35653494
1668510467.950936,0.04337,0.04337,-0.00016442,-0.000228,34.41245579
1668510528.451784,0.04348,0.04348,-0.00014639,-0.000116,41.60614904
1668510587.9538858,0.04348,0.043481,-0.00014631,-0.000115,41.6671653
1668510647.9549932,0.043442,0.04343,-0.00013903,-0.000138,39.40568785
1668510708.1726575,0.04343,0.043559,-0.00012145,-5.8e-05,47.21030613
1668510767.9772563,0.04343,0.043559,-0.00012145,-5.8e-05,47.21030613
1668510827.9833744,0.043711,0.043711,-7.899e-05,0.000211,55.00367374
1668510888.3369174,0.043714,0.043711,-6.325e-05,0.000411,55.24831288
1668510948.033244,0.043722,0.043722,-4.415e-05,0.00041,55.76274172
1668511008.2155457,0.043804,0.043758,-2.274e-05,0.000545,56.98872788
1668511068.0325472,0.043891,0.043891,1.09e-06,0.000545,62.856045
1668511128.026222,0.044268,0.044268,7.015e-05,0.000826,73.28510978
1668511188.0251465,0.044189,0.044286,0.0001071,0.000805,72.55027601
1668511248.0643256,0.044298,0.044296,0.00013596,0.000866,72.0886077
1668511308.1271155,0.04425,0.044285,0.00015178,0.000726,71.19369437
1668511368.326969,0.044203,0.044203,0.00015709,0.00061,65.99466126
1668511428.5127983,0.044145,0.044145,0.00015588,0.000506,62.46952203
1668511488.0691946,0.044145,0.044145,0.00015588,0.000506,62.46952203
1668511548.2410743,0.04416,0.04416,0.00015445,0.000377,60.92659689
1668511608.2625017,0.044145,0.043981,0.00013425,0.000223,52.04145022
1668511668.2717242,0.044147,0.044143,0.00014589,-7.8e-05,58.2656566
1668511728.4263346,0.044149,0.04413,0.00013593,-0.000184,57.56788082
1668511788.294744,0.044149,0.0442,0.00014152,-0.000114,60.36815262
1668511848.0245097,0.044154,0.044154,0.00012508,-0.000124,57.79063138
1668511908.185701,0.044154,0.04413,0.00012317,-0.000148,56.45416809
1668511968.1137054,0.044154,0.04413,0.00012317,-0.000148,56.45416809
1668512028.4393494,0.04404,0.04404,9.219e-05,-0.000181,51.63207974
1668512088.2003975,0.04404,0.044039,7.986e-05,-0.000106,51.57531119
1668512148.1699636,0.044001,0.044099,7.408e-05,-0.000143,54.78737319
1668512208.4517212,0.044001,0.044099,7.408e-05,-0.000143,54.78737319
1668512268.485367,0.044111,0.044111,6.523e-05,-0.000131,55.43628499
1668512328.171179,0.044111,0.04413,6.674e-05,-0.000112,56.48121502
1668512388.2007165,0.044111,0.04413,6.674e-05,-0.000112,56.48121502
1668512448.2398727,0.044193,0.0442,7.08e-05,0.0,60.18528009
1668512508.1400304,0.044193,0.0442,7.08e-05,0.0,60.18528009
1668512568.3455985,0.044101,0.044101,6.315e-05,-6.1e-05,52.81229422
1668512628.2606523,0.044101,0.044191,7.033e-05,2.9e-05,59.43100673
1668512688.1986878,0.044077,0.044077,5.798e-05,3.7e-05,50.21992763
1668512748.2405803,0.044088,0.04408,4.808e-05,4e-05,50.50676374
1668512808.33147,0.044087,0.044114,4.36e-05,7.5e-05,52.90779375
1668512868.5301528,0.044061,0.044061,3.414e-05,-3.8e-05,48.96846126
1668512928.212223,0.044059,0.044,2.26e-05,-0.000108,44.57670483
1668512988.1947074,0.044059,0.044,2.26e-05,-0.000108,44.57670483
1668513048.1477427,0.044016,0.044016,1.47e-05,-0.000114,45.9492191
1668513108.311814,0.044108,0.044108,2.135e-05,-9.2e-05,52.68640211
1668513168.2214067,0.044108,0.044108,2.135e-05,-9.2e-05,52.68640211
1668513228.316823,0.044013,0.044013,1.299e-05,-0.000187,45.8432401
1668513288.1934035,0.044013,0.044013,1.299e-05,-0.000187,45.8432401
1668513348.3437452,0.044086,0.044086,1.123e-05,-9.9e-05,51.10426754
1668513408.3035667,0.044107,0.044107,1.245e-05,4.8e-05,52.61240687
1668513468.1277454,0.044092,0.044092,1.059e-05,1.2e-05,51.53469721
1668513528.079173,0.044092,0.044103,1.147e-05,2.3e-05,52.38851901
1668513588.249901,0.044016,0.044016,3.79e-06,-4.3e-05,45.19335372
1668513648.2074578,0.04415,0.04415,1.444e-05,0.00015,56.24402429
1668513708.3181949,0.044189,0.044189,1.605e-05,8.1e-05,58.93935148
1668513768.4416988,0.0442,0.0442,2.324e-05,9.2e-05,59.65161958
1668513828.2344916,0.0442,0.0442,2.324e-05,9.2e-05,59.65161958
1668513888.36981,0.044266,0.044266,4.066e-05,0.000181,63.94390122
1668513948.1256125,0.0443,0.044326,4.746e-05,0.000235,65.24604022
1668514008.17392,0.044197,0.044197,4.532e-05,0.000109,54.36748632
1668514068.275411,0.044197,0.044197,4.532e-05,0.000109,54.36748632
1668514128.0661187,0.044319,0.044319,5.836e-05,0.000234,60.89711089
1668514188.199554,0.044197,0.044197,5.214e-05,9.8e-05,52.17307625
1668514248.2552972,0.044102,0.044102,3.164e-05,2.5e-05,47.19511902
1668514308.152826,0.044102,0.044077,2.964e-05,0.0,45.73265433
1668514368.1946793,0.044077,0.044077,1.918e-05,-0.000123,45.73265433
1668514428.0984614,0.04403,0.04403,7.02e-06,-0.00017,43.12829544
1668514488.3218763,0.044,0.044,-4.99e-06,-0.000267,41.50361328
1668514548.1755328,0.044,0.043935,-1.017e-05,-0.000332,38.37170313
1668514608.382789,0.043921,0.043921,-2.464e-05,-0.000291,37.71162104
1668514668.1848023,0.043921,0.043924,-2.44e-05,-0.000288,37.85114833
1668514728.2311602,0.043929,0.043929,-3.487e-05,-0.000397,38.2611409
1668514788.2088742,0.04388,0.04388,-4.584e-05,-0.000317,36.13984327
1668514848.1659184,0.043825,0.043825,-6.343e-05,-0.000497,34.44390169
1668514908.3183565,0.043876,0.043876,-6.349e-05,-0.000444,38.85877399
1668514968.2959366,0.043823,0.043823,-6.95e-05,-0.000254,36.62473807
1668515028.1272924,0.043862,0.043862,-7.472e-05,-0.000215,40.56771867
1668515088.2490518,0.04385,0.04385,-7.696e-05,-0.000227,39.88243709
1668515148.2546968,0.043752,0.043752,-9.145e-05,-0.000278,35.77972049
1668515208.2626247,0.043783,0.043783,-9.303e-05,-0.000152,38.14419851
1668515268.4333756,0.043783,0.043783,-8.964e-05,-0.000141,39.39632533
1668515328.403463,0.043783,0.043783,-8.959e-05,-0.000158,39.39632533
1668515388.2115912,0.043783,0.043783,-8.852e-05,-2.6e-05,39.39632533
1668515448.4308054,0.043783,0.043776,-8.908e-05,-3.3e-05,39.04166806
1668515508.3645794,0.04375,0.04375,-8.907e-05,-0.000148,37.7664932
1668515568.5370572,0.043741,0.043741,-8.97e-05,-0.000169,37.30357938
1668515628.195474,0.04361,0.04361,-0.00010866,-0.000176,32.45636049
1668515688.1622577,0.043746,0.043746,-9.362e-05,-0.00011,42.0612511
1668515748.270987,0.0437,0.0437,-9.448e-05,-5e-05,39.92082357
1668515808.3742845,0.043662,0.043662,-9.555e-05,-9e-05,38.1251177
1668515868.5252185,0.043704,0.043704,-8.831e-05,-0.000137,40.54818094
1668515928.436147,0.0437,0.0437,-8.564e-05,-8.3e-05,40.32707194
1668515988.4998505,0.043631,0.043631,-9.239e-05,-0.000152,36.8985768
1668516048.4407146,0.043631,0.043631,-9.239e-05,-0.000152,36.8985768
1668516108.4511492,0.043638,0.043638,-9.169e-05,-0.000149,37.52889002
1668516168.320897,0.04357,0.04357,-9.613e-05,-0.000176,33.71718826
1668516228.43386,0.043627,0.043627,-9.002e-05,3.7e-05,36.82747582
1668516288.3986082,0.043644,0.043644,-8.537e-05,-0.000102,38.56982195
1668516348.3821,0.043661,0.043661,-7.922e-05,-6e-05,40.31875435
1668516408.5882068,0.043712,0.043712,-6.68e-05,1.2e-05,45.42980634
1668516468.2397835,0.043717,0.043717,-5.935e-05,-4e-06,45.82514152
1668516528.3932977,0.043684,0.043684,-5.861e-05,-2e-05,43.55145159
1668516588.3824434,0.043633,0.043633,-5.856e-05,3e-06,39.60468268
1668516648.2159598,0.04365,0.04365,-5.169e-05,1.9e-05,41.33976025
1668516708.3840694,0.043755,0.043855,-2.778e-05,0.000227,58.85571314
1668516768.2833786,0.043848,0.043848,-2.108e-05,0.000224,58.78763955
1668516828.4333258,0.043799,0.043799,-1.703e-05,0.000158,54.7648281
1668516888.316199,0.043787,0.043787,-1.136e-05,0.000126,53.24412852
1668516948.3448424,0.043747,0.043862,-1.01e-06,0.000141,60.25898899
1668517008.3978908,0.043929,0.043929,1.64e-05,0.000212,64.94639548
1668517068.2805476,0.043929,0.04392,2.495e-05,0.000249,63.77452925
1668517128.2936356,0.043929,0.043906,2.383e-05,0.000235,62.03338796
1668517188.3333557,0.043929,0.043906,2.383e-05,0.000235,62.03338796
1668517248.3132608,0.043905,0.043905,3.332e-05,0.000194,61.89340587
1668517308.4585755,0.043908,0.043908,3.958e-05,0.000153,59.4976736
1668517368.570459,0.043743,0.043743,2.067e-05,-2.7e-05,44.69594446
1668517428.254487,0.043747,0.043747,1.016e-05,-5.5e-05,45.92303503
1668517488.3296683,0.043747,0.043724,8.33e-06,-7.8e-05,44.01579332
1668517548.415176,0.043724,0.043724,1.31e-06,-8.1e-05,44.01579332
1668517608.5055506,0.043724,0.043735,2.19e-06,-7e-05,45.01462013
1668517668.254542,0.043797,0.043797,2.3e-06,7e-06,50.38741439
1668517728.3473947,0.043797,0.043836,5.41e-06,4.6e-05,53.26025939
1668517788.2165065,0.043724,0.043724,-2.67e-06,-0.000205,44.90850932
1668517848.428139,0.043748,0.043748,-1.226e-05,-0.000158,48.10052077
1668517908.328969,0.043748,0.043665,-1.888e-05,-0.000241,42.6662168
1668517968.2807865,0.043748,0.043665,-1.888e-05,-0.000241,42.6662168
1668518028.3879886,0.043559,0.043559,-3.294e-05,-0.000347,37.29531011
1668518088.3536267,0.043559,0.043631,-2.72e-05,-0.000275,40.78239771
1668518148.4863868,0.043631,0.043631,-3.802e-05,-0.000166,40.84633024
1668518208.3991897,0.043639,0.043652,-3.854e-05,-4.7e-05,42.69449611
1668518268.375756,0.043639,0.043568,-4.524e-05,-0.000131,37.50024278
1668518328.405526,0.043664,0.043664,-4.008e-05,-7.1e-05,45.63629001
1668518388.49155,0.043623,0.043623,-4.442e-05,-0.000213,43.28701134
1668518449.259688,0.043623,0.043623,-4.475e-05,-0.000157,43.28701134
1668518509.0627863,0.043623,0.043676,-4.052e-05,-0.000104,47.35033309
1668518569.1477418,0.043767,0.043767,-1.931e-05,0.000102,53.14889635
1668518630.0088634,0.043767,0.043767,-1.931e-05,0.000102,53.14889635
1668518689.9339757,0.043767,0.043767,-1.259e-05,0.000136,53.14889635
1668518749.92842,0.043789,0.043789,-4.08e-06,0.00016,54.53971654
1668518811.040561,0.043789,0.043731,-8.7e-06,0.000102,50.30024922
1668518871.2587905,0.043751,0.043719,-7.89e-06,7.4e-05,49.44390356
1668518931.2833817,0.043751,0.043695,-9.8e-06,5e-05,47.81580594
1668518991.8979704,0.043656,0.043547,-2.236e-05,-2.1e-05,39.23583615
1668519051.8989954,0.043343,0.0426,-0.00011599,-0.001092,17.64510626
1668519111.969331,0.042562,0.04271,-0.00017432,-0.000913,24.84851309
1668519172.62538,0.042661,0.042609,-0.00022856,-0.001014,20.39958389
1668519232.6588478,0.042429,0.042644,-0.00027123,-0.001032,28.11565674
1668519292.5806167,0.04264,0.042636,-0.00029342,-0.001158,27.94154354
1668519353.6530442,0.04273,0.043066,-0.00026824,-0.000701,43.03681881
1668519413.560743,0.043094,0.043089,-0.00024241,-0.0007,43.77187983
1668519473.6962965,0.043147,0.043,-0.00022581,-0.000731,41.91853491
1668519534.663441,0.043147,0.042889,-0.00023467,-0.000842,39.6947888
1668519594.540998,0.04297,0.04297,-0.00021025,-0.000439,42.22972877
1668519654.712784,0.043111,0.043153,-0.00017317,0.000613,47.2085887
1668519715.2336671,0.043077,0.043037,-0.00017214,0.000428,44.76442755
1668519775.1912875,0.043095,0.04302,-0.00015864,0.000604,44.51327496
1668519835.2118144,0.043002,0.043,-0.00015054,0.000409,44.01761194
1668519896.3710473,0.042957,0.042975,-0.00014681,0.000313,43.53662561
1668519956.3486362,0.04299,0.042912,-0.00014487,-0.0002,41.8808646
1668520016.2992918,0.043101,0.04318,-0.00012031,3.3e-05,50.50445169
1668520077.1365309,0.043349,0.043379,-7.595e-05,0.00049,55.53758763
1668520136.9467216,0.043256,0.043305,-6.125e-05,0.000315,53.60910116
1668520197.032673,0.043229,0.043229,-4.852e-05,7.6e-05,51.24244925
1668520257.80081,0.04322,0.043162,-3.952e-05,0.00016,49.02011223
1668520317.7582648,0.043141,0.043141,-3.7e-05,6.1e-05,48.35017144
1668520377.86514,0.043196,0.043285,-2.115e-05,0.000265,53.0935262
1668520438.6138594,0.04335,0.043298,-5.94e-06,0.000336,53.19013542
1668520498.5250466,0.043359,0.043359,1.11e-05,0.000384,55.29461169
1668520558.646287,0.043275,0.043275,4.82e-06,0.000363,52.10768765
1668520619.61071,0.043317,0.043372,1.862e-05,6.4e-05,55.19285185
1668520679.5777724,0.04333,0.043296,2.005e-05,3.1e-05,52.3923669
1668520739.5635643,0.043169,0.043166,2.39e-06,-0.00013,48.06966029
1668520800.3372514,0.0431,0.043025,-1.728e-05,-0.000257,43.52520706
1668520860.5434802,0.04303,0.043061,-2.55e-05,-0.000101,44.98709762
1668520920.4648993,0.043066,0.04317,-2.295e-05,-3e-06,49.26905054
1668520981.1176796,0.043143,0.04319,-1.688e-05,-0.000152,49.94141998
1668521041.1694162,0.043213,0.043328,-3.18e-06,-3.1e-05,54.90634414
1668521101.080675,0.043214,0.043272,-4.63e-06,5.9e-05,53.20400439
1668521162.1410158,0.043261,0.043161,-5.83e-06,-0.000145,48.53487957
1668521222.2666223,0.043166,0.043227,-2.32e-06,-0.000126,51.21444089
1668521282.1145678,0.04325,0.04325,2.29e-06,0.000106,52.14942969
1668521342.8934884,0.043334,0.043423,2.381e-05,0.000323,58.42517455
1668521403.1512167,0.0434,0.04341,3.511e-05,0.000385,57.80979757
1668521462.9161422,0.043406,0.04338,4.062e-05,0.000319,56.33179416
1668521523.7523212,0.043391,0.043391,4.665e-05,0.000185,56.87799852
1668521583.797489,0.043291,0.04332,4.498e-05,0.00013,52.95824723
1668521643.758434,0.043345,0.043379,4.891e-05,0.000177,55.78887473
1668521704.711544,0.043399,0.043419,5.306e-05,0.000133,57.6158291
1668521764.9524002,0.043439,0.04357,6.591e-05,0.000409,63.78596202
1668521824.7905495,0.043548,0.043548,7.398e-05,0.000321,63.01244043
1668521885.5322397,0.0436,0.04363,8.997e-05,0.000313,66.03388826
1668521945.4506185,0.0437,0.043602,0.00010074,0.00018,62.0915726
1668522005.4253073,0.0436,0.04357,0.00010129,0.00017,60.12792059
1668522066.340072,0.04357,0.04349,9.024e-05,9.9e-05,55.65961705
1668522126.4049923,0.04354,0.04354,8.849e-05,0.000141,57.88165639
1668522186.3824794,0.043466,0.043555,8.915e-05,0.00021,58.21747767
1668522247.9085562,0.043524,0.043524,8.436e-05,0.000145,56.26946403
1668522308.0471442,0.043379,0.043288,5.454e-05,-0.000101,44.45152909
1668522367.6359432,0.043294,0.043322,3.817e-05,-0.000226,46.49568249
1668522428.7126255,0.043296,0.043296,2.433e-05,-0.000294,45.33276304
1668522488.6300943,0.043296,0.043297,2.441e-05,-0.000293,45.376414
1668522548.5722637,0.043231,0.043278,1.184e-05,-0.000419,44.49966225
1668522609.4407256,0.043296,0.043291,2.89e-06,-0.000311,45.27873327
1668522669.3909822,0.043245,0.043157,-1.484e-05,-0.000349,39.17450134
1668522729.3123188,0.043163,0.043136,-2.47e-05,-0.000353,38.04391171
1668522790.1847434,0.043192,0.043157,-3.603e-05,-0.000412,39.45748992
1668522850.3990183,0.043091,0.043148,-4.528e-05,-0.000407,39.03781757
1668522910.2454224,0.043156,0.043069,-5.831e-05,-0.000353,35.47142754
1668522971.0920727,0.043127,0.043127,-6.741e-05,-0.000195,40.02228599
1668523031.219267,0.043127,0.043107,-6.9e-05,-0.000215,38.51007875
1668523091.412773,0.043127,0.043107,-6.9e-05,-0.000215,38.51007875
1668523151.9210982,0.04312,0.04312,-7.004e-05,-0.000158,40.00517357
1668523211.871883,0.043159,0.043159,-6.435e-05,-0.000132,42.692048
1668523271.8676667,0.043159,0.04316,-6.427e-05,-0.000131,42.75462704
1668523332.7655847,0.043514,0.043514,-2.15e-06,0.000377,62.90175322
1668523392.5914676,0.043522,0.043522,1.67e-05,0.000365,63.22586642
1668523452.693361,0.043535,0.043535,3.126e-05,0.000387,63.56815493
1668523513.7163136,0.043535,0.0435,2.847e-05,0.000352,61.56065608
1668523573.7538948,0.043514,0.043595,4.551e-05,0.000468,65.86704574
1668523633.7757716,0.043607,0.043615,6.302e-05,0.000549,65.41410632
1668523694.5578578,0.043759,0.043759,9.565e-05,0.00062,70.85100614
1668523754.5503364,0.043759,0.043708,9.158e-05,0.000569,69.06588091
1668523814.505503,0.043739,0.043779,0.00011177,0.000619,70.6680249
1668523875.918748,0.043674,0.043674,0.00011339,0.000165,62.40342831
1668523936.5088625,0.043674,0.043577,0.00010566,6.8e-05,56.00863733
1668523995.8925364,0.04359,0.04359,9.85e-05,6.8e-05,56.64979576
1668524056.831031,0.043597,0.043593,8.961e-05,8e-05,56.57014412
1668524116.9581428,0.043646,0.043627,8.677e-05,0.000127,58.3006257
1668524176.840075,0.0435,0.0435,6.546e-05,-0.000115,50.02088457
1668524238.9008026,0.0435,0.043302,4.967e-05,-0.000313,40.63785365
1668524297.791653,0.043248,0.043248,3.3e-07,-0.000547,39.0060376
1668524357.7592046,0.043248,0.0432,-3.5e-06,-0.000595,36.73170876
1668524418.5957594,0.043278,0.043278,-1.186e-05,-0.000501,40.78789424
1668524478.5588338,0.043339,0.043339,-9.35e-06,-0.000361,44.90556216
1668524539.3782368,0.043205,0.043205,-2.678e-05,-0.000372,39.70497614
1668524599.6490943,0.043205,0.043205,-2.678e-05,-0.000372,39.70497614
1668524659.5055337,0.043216,0.043216,-4.533e-05,-0.000377,41.11995485
1668524719.5966303,0.043217,0.043217,-5.299e-05,-0.00041,41.1565151
1668524780.9245903,0.043183,0.043183,-6.436e-05,-0.000371,40.26073474
1668524840.859279,0.04336,0.04336,-5.018e-05,5.8e-05,49.28607909
1668524900.3887634,0.043485,0.043485,-2.847e-05,0.000256,54.44108882
1668524961.2226412,0.043434,0.043434,-1.67e-05,0.000156,51.64727614
1668525021.1621163,0.043505,0.043505,7.2e-07,8.2e-05,54.64637017
1668525082.3915112,0.0435,0.0435,7.77e-06,0.000157,54.3803928
1668525142.6183772,0.043474,0.043474,7.94e-06,0.000269,52.98017
1668525202.150383,0.043551,0.043551,1.965e-05,0.000275,56.37756865
1668525262.1963215,0.043617,0.043617,3.561e-05,0.0004,59.00662773
1668525323.2343862,0.043573,0.043573,3.799e-05,0.000408,56.51834188
1668525383.3969476,0.04345,0.04345,2.612e-05,0.000186,50.13750227
1668525443.8181674,0.04345,0.043381,2.062e-05,0.000117,46.99508386
1668525503.9925537,0.043321,0.043321,1.21e-06,-0.000224,44.2087366
1668525563.9234068,0.043321,0.043345,3.12e-06,-0.0002,45.28353185
1668525624.084056,0.043333,0.043333,-1.925e-05,-0.000172,46.21707977
1668525685.0613184,0.043333,0.043254,-2.555e-05,-0.000251,42.74468827
1668525745.6602497,0.043333,0.043254,-2.555e-05,-0.000251,42.74468827
1668525804.955592,0.043333,0.043254,-2.555e-05,-0.000251,42.74468827
1668525865.9262817,0.043254,0.043254,-3.344e-05,-0.000194,42.74468827
1668525925.8928452,0.043254,0.04321,-3.695e-05,-0.000238,40.9852056
1668525985.9244678,0.043185,0.043185,-4.745e-05,-0.000326,39.97827643
1668526046.94901,0.043193,0.043193,-5.903e-05,-0.00039,40.29506804
1668526106.7746687,0.043193,0.043193,-6.229e-05,-0.000289,40.29506804
1668526166.8172784,0.043187,0.043187,-6.603e-05,-0.000194,40.49076772
1668526227.4937296,0.043199,0.043199,-6.508e-05,-0.000183,41.38235281
1668526287.5688796,0.04317,0.04317,-6.172e-05,-4.6e-05,41.20358719
1668526347.628034,0.043126,0.043126,-6.468e-05,-0.000183,38.96721758
1668526408.4835887,0.043126,0.043049,-7.083e-05,-0.00026,35.75831343
1668526468.6190338,0.043032,0.043032,-8.181e-05,-0.000222,35.11980354
1668526528.662491,0.043066,0.043066,-8.354e-05,-0.000144,37.54664406
1668526589.7748694,0.043066,0.043184,-7.413e-05,-2.6e-05,45.11528365
1668526649.7813957,0.04311,0.04311,-8.031e-05,-8.3e-05,40.98101738
1668526709.9588652,0.04295,0.04295,-0.00010377,-0.000243,35.76018281
1668526770.596502,0.042918,0.042918,-0.00011255,-0.000252,33.58596332
1668526830.5980654,0.042863,0.042863,-0.00012115,-0.000336,31.48912643
1668526890.666516,0.042847,0.042847,-0.00012814,-0.000432,30.92016469
1668526951.3420262,0.042737,0.042737,-0.00013691,-0.000469,29.08843732
1668527011.5878828,0.042657,0.042657,-0.00015605,-0.000375,26.85028046
1668527072.0985477,0.04275,0.04275,-0.00015192,-0.000317,32.95893181
1668527132.3195214,0.042671,0.042671,-0.00016436,-0.000396,30.79752581
1668527192.2337437,0.042744,0.042744,-0.00015901,-0.000376,35.74636651
1668527252.3491209,0.042744,0.042793,-0.0001551,-0.000327,38.77127298
1668527313.09173,0.042821,0.042821,-0.00014565,-8.2e-05,40.49517691
1668527373.0933688,0.042999,0.042999,-0.00011444,8.1e-05,49.69055687
1668527433.1491194,0.042999,0.042999,-0.00010032,9.1e-05,49.89691475
1668527493.9165795,0.043149,0.043149,-6.55e-05,0.000302,56.34066882
1668527554.9921165,0.043113,0.043113,-5.154e-05,0.000217,54.70124076
1668527613.8370223,0.043145,0.043145,-3.136e-05,0.000479,56.04262424
1668527674.903787,0.042979,0.042979,-4.073e-05,0.000233,48.09425714
1668527734.8580406,0.043033,0.043033,-3.291e-05,0.000373,50.73150955
1668527794.7970142,0.043031,0.043031,-2.664e-05,0.000331,50.63874445
1668527855.7179673,0.04302,0.04302,-2.611e-05,0.000227,50.25633363
1668527915.6762705,0.043125,0.043125,-1.155e-05,0.000175,55.11176754
1668527975.6970532,0.043097,0.043097,-4.11e-06,0.000156,53.647757
1668528036.43664,0.043094,0.043094,2.58e-06,-1.9e-05,53.42971072
1668528097.112899,0.043031,0.043031,-4.21e-06,-5.2e-05,50.18089408
1668528156.4574003,0.043159,0.043159,1.672e-05,1.4e-05,55.4634738
1668528217.4800918,0.043159,0.043268,2.542e-05,0.000123,59.93858222
1668528277.4023912,0.043197,0.043197,3.947e-05,0.000219,56.14706185
1668528337.463702,0.043228,0.043228,5.061e-05,0.000197,56.76643524
1668528398.5299282,0.04309,0.04309,3.524e-05,0.000123,50.28393304
1668528458.53472,0.04311,0.04311,3.325e-05,6.6e-05,51.17170202
1668528518.5227597,0.04311,0.043027,2.663e-05,-1.7e-05,47.39446356
1668528579.4380023,0.042997,0.042997,1.581e-05,-0.000122,46.07073918
1668528639.4238107,0.042997,0.043027,1.82e-05,-9.2e-05,47.39446356
1668528699.3230138,0.042945,0.042945,-5.67e-06,-4.7e-05,43.69859011
1668528760.1347735,0.043018,0.043018,-7.34e-06,-0.000169,47.85200867
1668528820.277699,0.04295,0.04295,-1.597e-05,-0.000318,44.36453732
1668528881.8237934,0.042902,0.042902,-2.803e-05,-0.000312,42.20145803
1668528942.5323057,0.042948,0.042948,-3.048e-05,-0.000331,45.17257852
1668529002.3165753,0.042959,0.042891,-3.673e-05,-0.000217,42.2471586
1668529062.943586,0.04287,0.04287,-4.276e-05,-0.000242,41.1934061
1668529123.956117,0.042864,0.042836,-4.828e-05,-0.000191,39.44520563
1668529182.280738,0.042728,0.042728,-6.557e-05,-0.000299,34.71086745
1668529243.079881,0.042745,0.042745,-7.246e-05,-0.0002,35.40549386
1668529304.0930762,0.042745,0.042745,-7.81e-05,-0.000211,35.40549386
1668529367.361985,0.042817,0.042817,-7.077e-05,-0.00018,41.37888854
1668529424.9281602,0.042843,0.042843,-6.53e-05,-5.9e-05,43.20013882
1668529484.8968668,0.042792,0.042792,-6.597e-05,-0.00011,40.15197998
1668529543.869506,0.042901,0.042901,-5.083e-05,-4.5e-05,47.60142254
1668529604.14597,0.043016,0.043016,-3.117e-05,0.000125,55.42607733
1668529667.3991675,0.042949,0.042949,-3.049e-05,5.6e-05,50.89564331
1668529727.5253053,0.043037,0.043081,-9.83e-06,0.000301,58.94962845
1668529788.7559414,0.04306,0.04306,-1.74e-06,0.000315,57.86549848
1668529846.5812216,0.043119,0.043,5.65e-06,0.000255,52.31180589
1668529908.362099,0.042882,0.042882,-3.45e-06,5.4e-05,45.42690913
1668529965.2702415,0.042915,0.042915,-6.89e-06,6.5e-05,47.65614427
1668530026.0247202,0.042919,0.042919,-7.89e-06,6.9e-05,47.89742398
1668530086.0243647,0.04298,0.04298,-6.19e-06,8e-05,51.7459209
1668530145.9798272,0.04286,0.0429,-1.662e-05,-7.9e-05,47.3486046
1668530206.923879,0.04293,0.04293,-2.123e-05,-7e-06,49.88751471
1668530266.9331472,0.042972,0.042972,-1.236e-05,-4.7e-05,52.12439724
1668530326.9786997,0.04301,0.04301,-6.14e-06,-3.6e-05,54.15799326
1668530387.7936573,0.04301,0.043024,-5.02e-06,-2.2e-05,54.86202562
1668530447.9476209,0.04301,0.04301,1.28e-06,-0.000109,53.96941633
1668530507.7796907,0.04307,0.04307,1.1e-05,9.8e-05,57.18454273
1668530568.5307596,0.0432,0.0432,3.243e-05,0.00033,63.01947644
1668530628.511244,0.0432,0.04323,3.482e-05,0.00036,64.18298119
1668530688.5739574,0.04323,0.04323,4.946e-05,0.000306,64.18298119
1668530749.5570724,0.043263,0.043263,6.3e-05,0.000375,65.56513246
1668530809.4780948,0.04333,0.043241,7.859e-05,0.000381,60.3177276
1668530869.5600555,0.043284,0.043229,8.404e-05,0.000435,59.3990502
1668530930.2414415,0.043197,0.043197,8.087e-05,0.00023,57.48642718
1668530990.2206004,0.043197,0.043167,7.848e-05,0.0002,55.72562586
1668531050.2662106,0.043197,0.043197,7.688e-05,0.000251,57.139425
1668531111.0124068,0.043076,0.043076,6.922e-05,5.2e-05,49.94561002
1668531170.9716518,0.043124,0.043124,6.472e-05,0.000114,52.17349169
1668531232.0110166,0.043124,0.043119,6.432e-05,0.000109,51.93494887
1668531291.9642615,0.043078,0.043078,5.379e-05,-5e-05,49.74397742
1668531351.9605718,0.043078,0.04304,4.19e-05,-0.00019,47.73400851
1668531412.025921,0.043078,0.043043,4.214e-05,-0.000187,47.88676582
1668531472.7820652,0.043043,0.043043,3.253e-05,-0.000187,47.88676582
1668531532.7330148,0.043007,0.043007,2.175e-05,-0.000377,45.84495161
1668531592.7313628,0.043,0.043,1.208e-05,-0.000284,45.46798579
1668531653.5239203,0.0429,0.0429,-5.65e-06,-0.000309,40.15398836
1668531713.6563673,0.043028,0.043028,-3.31e-06,-0.000139,48.23284299
1668531773.662814,0.043062,0.043062,3.63e-06,-0.000202,50.06942922
1668531834.6921563,0.043046,0.043046,1.43e-06,-7.3e-05,49.13779102
1668531895.0878494,0.043083,0.043083,5.3e-06,-3.6e-05,51.32158383
1668531954.56452,0.043083,0.043083,5.96e-06,5e-06,51.32158383
1668532015.5464506,0.043178,0.043178,1.627e-05,0.000135,57.11508901
1668532075.5655737,0.043178,0.043099,9.97e-06,5.6e-05,52.1263099
1668532135.562642,0.043,0.043,2.78e-06,-4.3e-05,45.55426549
1668532196.683638,0.04298,0.042969,-6.58e-06,-3.1e-05,43.77873352
1668532256.6145568,0.04299,0.04301,-1.013e-05,5e-05,47.03273251
1668532316.731708,0.04299,0.043023,-9.09e-06,6.3e-05,47.9114836
1668532377.9404235,0.042956,0.042956,-1.548e-05,0.0,43.87169316
1668532438.6128795,0.0429,0.0429,-2.768e-05,-0.000223,40.95007628
1668532497.8951328,0.042887,0.04286,-4.117e-05,-0.000196,39.73529371
1668532559.2370338,0.042887,0.042819,-4.444e-05,-0.000237,37.09165228
1668532619.181886,0.042887,0.042819,-4.444e-05,-0.000237,37.09165228
1668532679.166319,0.042939,0.042939,-4.344e-05,-0.000144,45.74374747
1668532740.1440468,0.042939,0.042939,-4.344e-05,-0.000144,45.74374747
1668532800.1138964,0.042939,0.042939,-4.344e-05,-0.000144,45.74374747
1668532859.9710124,0.042939,0.042939,-4.215e-05,-0.000144,45.74374747
1668532920.8319328,0.042939,0.042827,-5.109e-05,-0.000256,40.18813074
1668532980.8639398,0.042901,0.042901,-5.06e-05,-0.000219,44.94575085
1668533040.8664615,0.042901,0.042901,-5.06e-05,-0.000219,44.94575085
1668533102.9999492,0.042922,0.042922,-4.796e-05,-0.000177,46.25232577
1668533163.1248171,0.042901,0.042901,-4.832e-05,-7.9e-05,44.94575085
1668533223.2821343,0.04287,0.04287,-5.007e-05,-8.6e-05,43.20560341
1668533283.8143384,0.042819,0.042819,-5.4e-05,-0.000204,40.34210224
1668533343.829239,0.04288,0.04287,-5.252e-05,-3.9e-05,44.33021102
1668533403.8412895,0.042815,0.042819,-5.908e-05,-1.6e-05,40.94755152
1668533465.063841,0.04287,0.04286,-5.615e-05,4.1e-05,44.46956866
1668533524.8100524,0.04287,0.042877,-5.118e-05,-6.2e-05,45.85934803
1668533584.9417849,0.042952,0.0428,-4.761e-05,-2.7e-05,42.25328599
1668533647.3761125,0.04277,0.04278,-5.562e-05,-0.000121,42.30637465
1668533707.1596923,0.04278,0.04278,-5.72e-05,-0.000121,42.30637465
1668533767.1484113,0.042777,0.042776,-5.811e-05,-0.000111,42.09181344
1668533829.84818,0.042779,0.04283,-5.385e-05,-4.1e-05,46.06837205
1668533889.7604492,0.042829,0.042829,-4.998e-05,1.1e-05,46.00536824
1668533949.6844769,0.0428,0.0428,-4.869e-05,0.0,44.12089078
1668534011.1778834,0.0428,0.04278,-4.872e-05,-3.5e-05,42.81824022
1668534071.4742236,0.0428,0.04278,-4.818e-05,-8.7e-05,42.81824022
1668534130.6630757,0.042829,0.04284,-4.243e-05,-0.000129,48.14502009
1668534191.461946,0.04279,0.04279,-4.017e-05,1e-05,44.43058557
1668534251.4641292,0.04279,0.042793,-3.994e-05,1.3e-05,44.70623268
1668534311.6438525,0.042931,0.042931,-1.881e-05,0.000155,55.74963584
1668534372.8056784,0.042931,0.04299,-1.411e-05,0.000214,59.42357688
1668534432.685991,0.043076,0.043076,8.02e-06,0.000246,63.9329168
1668534492.6465037,0.04299,0.04299,2.017e-05,0.00019,56.53008854
1668534553.712917,0.04299,0.042869,1.051e-05,6.9e-05,48.84735102
1668534613.705388,0.04299,0.042869,1.051e-05,6.9e-05,48.84735102
1668534673.6857662,0.042954,0.042954,1.422e-05,0.000174,53.61627293
1668534734.2742538,0.04312,0.04312,4.025e-05,0.00028,61.28753406
1668534793.6129231,0.04312,0.04312,4.976e-05,0.00033,61.28753406
1668534853.6332555,0.04312,0.043033,4.282e-05,0.000243,55.74280334
1668534913.7630098,0.04295,0.04295,3.773e-05,0.000157,51.00212883
1668534973.6110168,0.043032,0.043032,4.302e-05,-7e-06,55.35490023
1668535033.786242,0.043032,0.043032,4.302e-05,-7e-06,55.35490023
1668535093.6254718,0.042982,0.043031,4.291e-05,4.6e-05,55.28422787
1668535153.7679472,0.043033,0.043033,4.249e-05,-1.4e-05,55.40685211
1668535213.7174895,0.043096,0.043096,5.208e-05,7.3e-05,58.90541398
1668535273.6845737,0.043096,0.043096,5.208e-05,7.3e-05,58.90541398
1668535333.974738,0.043127,0.043127,5.338e-05,7e-06,60.0336083
1668535393.730206,0.043127,0.04324,6.239e-05,0.00012,65.62224181
1668535453.9475174,0.043232,0.043317,7.817e-05,0.000284,68.7892574
1668535513.8315408,0.043232,0.043317,7.817e-05,0.000284,68.7892574
1668535573.6118772,0.043277,0.043277,9.074e-05,0.000245,65.36923675
1668535633.7274537,0.043277,0.0433,9.258e-05,0.000268,66.48501873
1668535693.6960063,0.043298,0.043298,9.725e-05,0.000267,65.5206428
1668535753.799499,0.04325,0.04325,9.015e-05,0.000165,61.50363708
1668535813.7471008,0.04325,0.04327,9.175e-05,0.000185,62.58223692
1668535873.7910311,0.043214,0.043214,8.986e-05,0.000115,56.36249064
1668535933.7361677,0.04328,0.04328,8.701e-05,0.00022,59.24249925
1668535993.7235272,0.043315,0.043315,8.947e-05,6.3e-05,61.18214798
1668536053.7612398,0.043315,0.04328,8.668e-05,2.8e-05,58.58137087
1668536113.7354238,0.0432,0.043249,8.084e-05,-6.8e-05,56.27549642
1668536173.7691612,0.043237,0.043237,6.903e-05,-6.1e-05,55.31546319
1668536233.7386816,0.0433,0.0433,6.716e-05,2.4e-05,58.88759786
1668536293.831363,0.0433,0.0433,6.716e-05,2.4e-05,58.88759786
1668536353.787001,0.043344,0.043344,6.95e-05,1.3e-05,61.44466077
1668536413.9890296,0.043451,0.043451,7.837e-05,0.000251,66.99699364
1668536473.8147278,0.043451,0.043386,7.319e-05,0.000186,63.84225199
1668536533.8297324,0.043465,0.043439,7.972e-05,0.000148,66.6422293
1668536593.7687802,0.043575,0.043575,0.000101,0.000295,72.72082914
1668536653.8140998,0.043575,0.043575,0.00010867,0.000326,72.74987645
1668536713.8220055,0.043517,0.043517,0.00010359,0.000271,65.91424942
1668536773.795802,0.043517,0.0435,0.00010224,0.000254,65.10101481
1668536833.6424258,0.043566,0.043566,0.00010925,0.000266,68.29140385
1668536893.7649646,0.043634,0.043634,0.00011875,0.000316,71.24224492
1668536953.8577878,0.043624,0.043624,0.00012351,0.000284,67.72250079
1668537013.6798413,0.043624,0.043626,0.00012367,0.000286,67.90756712
1668537073.9035642,0.04363,0.04363,0.00012226,0.000191,68.10970713
1668537133.7129078,0.04396,0.04396,0.00016187,0.000458,79.14095193
1668537193.7262805,0.044,0.044,0.00018207,0.000435,78.68012708
1668537253.766741,0.043995,0.043995,0.00019136,0.000515,78.25152426
1668537326.487992,0.044027,0.044027,0.00020518,0.000507,75.05696771
1668537374.631479,0.044027,0.044018,0.00020446,0.000498,74.34712781
1668537434.6190493,0.04408,0.04408,0.00021264,0.000464,76.55099154
1668537494.513407,0.044326,0.044326,0.00024795,0.00065,81.55767617
1668537554.526584,0.044522,0.044522,0.00028839,0.000896,81.49682516
1668537614.5863452,0.0446,0.0446,0.00031207,0.000974,85.59353313
1668537674.570891,0.044772,0.044772,0.00034637,0.000888,87.50298371
1668537734.6004348,0.044838,0.044838,0.00036869,0.000818,87.44560379
1668537794.6008186,0.044643,0.044643,0.00034639,0.000648,73.5653042
1668537854.5233026,0.044643,0.0444,0.000327,0.000405,63.52857367
1668537914.6373909,0.04435,0.04435,0.00028338,0.000323,59.40370558
1668537974.5005703,0.044309,0.044309,0.00025487,0.000265,57.88559027
1668538034.5258768,0.044262,0.044262,0.0002261,-6.7e-05,56.27900913
1668538094.5657237,0.044262,0.044214,0.00022228,-0.000115,54.52306365
1668538154.8931758,0.044314,0.044314,0.00018707,-0.000286,57.68452132
1668538214.6257567,0.044419,0.044419,0.00018677,-0.000351,60.67266609
1668538274.7363431,0.044419,0.044305,0.00017767,-0.000465,56.26112099
1668538334.5243526,0.044406,0.044406,0.00017272,-0.000185,58.84619346
1668538394.5170145,0.044406,0.044406,0.00017272,-0.000185,58.84619346
1668538454.5583122,0.044594,0.044594,0.00018807,0.000122,62.54806693
1668538514.5657165,0.044534,0.044534,0.00016878,0.000234,58.84637574
1668538574.730786,0.044466,0.044466,0.00015426,0.000204,57.11910491
1668538634.6482005,0.044466,0.044403,0.00014923,0.000141,54.82330577
1668538694.6366725,0.044228,0.044228,0.00010045,-4e-05,48.93758184
1668538754.57712,0.044228,0.04433,0.00010859,6.2e-05,52.22094224
1668538814.5431497,0.044397,0.044351,0.00010346,-4.9e-05,52.45749852
1668538874.6221974,0.04436,0.04436,8.55e-05,-4.6e-05,52.61811742
1668538934.9810948,0.044431,0.044431,8.733e-05,-5.6e-05,54.95891265
1668538994.640474,0.044611,0.044611,0.00010798,-5.5e-05,60.24209114
1668539054.5584545,0.044611,0.044666,0.00011236,0.0,61.70952643
1668539114.630857,0.044868,0.044868,0.00015351,0.000402,66.56166356
1668539174.570144,0.044868,0.044775,0.00014609,0.000309,62.6120462
1668539234.5936315,0.044758,0.044758,0.00015631,0.000508,61.6301531
1668539294.6634188,0.044758,0.044811,0.00016054,0.000561,63.0546936
1668539354.7104387,0.044741,0.044785,0.00014908,0.000364,60.71009117
1668539414.8595057,0.044614,0.044614,0.00012483,0.000234,54.28309077
1668539474.666795,0.044614,0.0445,0.00011574,0.00012,50.45034767
1668539534.6982048,0.044349,0.044349,6.494e-05,-0.000251,45.73389117
1668539594.6708808,0.044396,0.044396,4.837e-05,-0.000271,47.46534948
1668539654.686431,0.044176,0.044176,1.261e-05,-0.000693,40.50535496
1668539714.7485485,0.0442,0.0442,-6.61e-06,-0.000657,41.13820451
1668539774.6256754,0.044268,0.044268,-1.233e-05,-0.000489,44.01066713
1668539835.662573,0.04417,0.04417,-3.301e-05,-0.000456,40.94182658
1668539894.6053183,0.044154,0.044154,-5.014e-05,-0.000631,40.83228099
1668539954.6727943,0.044154,0.044132,-5.189e-05,-0.000653,39.83492069
1668540014.657447,0.04402,0.04402,-8.792e-05,-0.00048,36.45861786
1668540074.6734974,0.04402,0.0439,-9.749e-05,-0.0006,33.21679587
1668540134.7833858,0.043907,0.043907,-0.00012504,-0.000442,33.27793107
1668540194.6903498,0.043907,0.043917,-0.00012424,-0.000432,33.566924
1668540254.6946752,0.04406,0.04406,-0.00011391,-0.000153,41.09105997
1668540315.8973055,0.043995,0.043995,-0.00012254,-0.000305,39.66948274
1668540374.79234,0.043995,0.043983,-0.0001235,-0.000317,39.04714213
1668540434.6414845,0.04405,0.04405,-0.00011113,-8.2e-05,42.72129844
1668540494.6875577,0.044149,0.044149,-9.141e-05,1.7e-05,47.44680863
1668540554.657432,0.04419,0.04419,-7.538e-05,0.000167,49.36406911
1668540614.63862,0.04419,0.04419,-7.538e-05,0.000167,49.36406911
1668540674.634719,0.044187,0.044187,-6.051e-05,0.000232,49.08305883
1668540734.710465,0.044182,0.044182,-4.397e-05,0.000175,48.72342676
1668540796.0596442,0.044159,0.044159,-4.372e-05,9.9e-05,47.82044364
1668540854.7162669,0.044177,0.044177,-4.012e-05,0.000221,48.93621933
1668540914.8951411,0.044303,0.044303,-1.606e-05,0.000319,54.75093211
1668540974.6959908,0.044171,0.044171,-2.315e-05,0.000109,48.39318656
1668541034.721262,0.044171,0.044133,-2.618e-05,7.1e-05,46.73854836
1668541094.7313442,0.0442,0.0442,-2.202e-05,5e-05,49.98560409
1668541154.7116654,0.0441,0.0441,-4.362e-05,-9e-05,46.98109281
1668541214.742465,0.044155,0.044155,-3.489e-05,-0.000104,49.08317474
1668541275.7513485,0.044155,0.044155,-3.489e-05,-0.000104,49.08317474
1668541334.6943538,0.044132,0.044132,-3.293e-05,-6.8e-05,48.15716764
1668541394.7417383,0.044158,0.044144,-3e-05,-6.6e-05,48.6956343
1668541454.8576262,0.044127,0.044128,-2.87e-05,-5e-06,47.97189304
1668541514.7382317,0.044069,0.044079,-3.126e-05,-5.4e-05,45.73029327
1668541574.67079,0.044034,0.044034,-4.019e-05,-0.000166,43.71027244
1668541634.7604132,0.044227,0.044227,-1.59e-05,9.4e-05,53.27706798
1668541694.8611186,0.044227,0.044227,-1.59e-05,9.4e-05,53.27706798
1668541755.301509,0.044159,0.04412,-1.671e-05,0.000198,48.04551129
1668541814.756109,0.044134,0.044134,-1.605e-05,-2.1e-05,48.75455793
1668541874.7895284,0.044134,0.044124,-1.685e-05,-3.1e-05,48.25009032
1668541934.8122826,0.044179,0.044179,-1.237e-05,2.4e-05,51.10126015
1668541994.7688751,0.044116,0.044116,-1.375e-05,-1.7e-05,47.84925507
1668542054.7428267,0.044116,0.044179,-8.72e-06,4.6e-05,51.10126015
1668542114.7905087,0.04418,0.04418,-5.69e-06,3.6e-05,51.15800331
1668542175.047421,0.044207,0.044129,-7.31e-06,1e-06,48.09285609
1668542234.780277,0.043925,0.043925,-4.341e-05,-0.000109,39.88446312
1668542294.7712264,0.043756,0.043756,-8.074e-05,-0.000462,34.95919547
1668542354.7418442,0.043771,0.043771,-8.795e-05,-0.000456,36.98238607
1668542414.7974014,0.043771,0.043827,-8.348e-05,-0.0004,38.78939692
1668542474.6996706,0.043469,0.043469,-0.00013966,-0.000655,29.85898713
1668542534.787194,0.043469,0.04348,-0.00013878,-0.000644,30.09755737
1668542594.8707466,0.043636,0.04355,-0.00014826,-0.000629,32.99831406
1668542654.9510186,0.0435,0.043469,-0.00016439,-0.00071,30.85069051
1668542714.821507,0.043495,0.04355,-0.00016845,-0.00063,35.22002598
1668542774.851679,0.043711,0.043711,-0.00014555,-0.000151,43.05828085
1668542835.0987313,0.043711,0.043687,-0.00014747,-0.000175,42.25606764
1668542894.9749696,0.043709,0.04371,-0.00013711,3e-05,43.34542258
1668542954.7881346,0.043736,0.043711,-0.00012734,-0.00012,43.39542275
1668543014.8755786,0.043736,0.043711,-0.00012734,-0.00012,43.39542275
1668543075.0265598,0.043711,0.043712,-0.00011817,-0.000155,43.44917048
1668543134.8897128,0.043816,0.043816,-0.00010133,0.000314,48.88510316
1668543194.884382,0.043829,0.043829,-8.534e-05,0.000289,49.50262968
1668543254.8216455,0.043812,0.043812,-7.307e-05,0.000265,48.61593944
1668543314.842791,0.043887,0.043887,-5.284e-05,0.000417,52.38770836
1668543374.973986,0.043887,0.04394,-4.861e-05,0.00047,54.95485824
1668543434.897442,0.043989,0.043889,-3.389e-05,0.000339,51.62887418
1668543494.783028,0.044021,0.044021,-1.46e-05,0.000334,56.7557306
1668543555.2899203,0.044021,0.04406,-1.149e-05,0.000373,58.06038057
1668543615.0061836,0.043996,0.043996,-1.71e-06,0.000286,55.5987853
1668543675.1606364,0.04401,0.04401,2.007e-05,0.000298,56.20300011
1668543734.859023,0.044044,0.044044,3.12e-05,0.000218,57.74901048
1668543794.841246,0.044044,0.044044,3.12e-05,0.000218,57.74901048
1668543854.8906944,0.044055,0.044055,3.782e-05,0.000169,57.03087509
1668543914.8498642,0.044089,0.044089,4.443e-05,8.9e-05,58.36478937
1668543974.8795545,0.043931,0.043931,3.762e-05,4.2e-05,50.01479212
1668544034.8952365,0.043931,0.04386,3.196e-05,-2.9e-05,46.99361931
1668544095.035997,0.043849,0.043849,1.27e-05,-0.000169,46.49227932
1668544155.0757096,0.043849,0.043853,1.302e-05,-0.000165,46.67453036
1668544214.8789923,0.043935,0.043935,1.128e-05,-8.3e-05,50.95705875
1668544275.0338783,0.043944,0.044058,2.091e-05,4e-05,56.35949508
1668544334.8435595,0.044075,0.044075,3.062e-05,3.1e-05,57.01395706
1668544394.8482754,0.044147,0.044147,4.854e-05,9.8e-05,60.10063459
1668544454.919525,0.044147,0.044169,5.029e-05,0.00012,60.97857317
1668544515.7492857,0.044219,0.044219,7.919e-05,0.00013,60.34553381
1668544575.7602053,0.044219,0.04419,7.688e-05,0.000101,58.78922344
1668544635.778721,0.044211,0.044211,7.656e-05,0.000352,58.45121413
1668544696.763593,0.044211,0.044183,7.433e-05,0.000324,57.43421329
1668544756.53828,0.044106,0.044106,6.657e-05,0.000171,53.45992007
1668544816.539483,0.044106,0.044145,6.969e-05,0.00021,55.52549519
1668544877.4706037,0.044147,0.044147,6.714e-05,7.2e-05,55.6201948
1668544937.2798738,0.044064,0.044027,5.118e-05,-4.8e-05,49.09836457
1668544997.246866,0.044064,0.044027,5.118e-05,-4.8e-05,49.09836457
1668545058.4620728,0.044002,0.044002,3.979e-05,-9.8e-05,47.79109923
1668545118.4418344,0.044088,0.044088,3.726e-05,-0.000112,52.47847936
1668545178.4216547,0.044135,0.044135,3.972e-05,-0.000182,54.80147329
1668545239.1133158,0.044147,0.044147,5.143e-05,-4.4e-05,53.5235566
1668545299.175752,0.044147,0.044017,4.106e-05,-0.000174,48.22139999
1668545359.1145391,0.044,0.044061,3.712e-05,-3.5e-05,49.9038613
1668545419.8515809,0.04409,0.04409,3.12e-05,-5.9e-05,51.08895124
1668545479.8113122,0.04409,0.04409,3.12e-05,-5.9e-05,51.08895124
1668545540.0787573,0.04412,0.04412,3.036e-05,-2.5e-05,52.50446477
1668545601.0202315,0.044178,0.044178,2.794e-05,0.000151,54.90394429
1668545660.724334,0.044178,0.044138,2.475e-05,0.000111,53.21193532
1668545720.6676774,0.044178,0.044138,2.475e-05,0.000111,53.21193532
1668545781.6536157,0.044178,0.044138,2.475e-05,0.000111,53.21193532
1668545841.6662753,0.044094,0.044063,1.987e-05,6.1e-05,49.4644235
1668545901.679762,0.044009,0.044009,4.28e-06,-0.000295,46.99030302
1668545962.3972368,0.044026,0.044026,2.82e-06,-3.2e-05,47.89980412
1668546022.484368,0.043949,0.043949,-9.7e-06,-0.000112,44.28182693
1668546082.4489646,0.043949,0.043862,-1.664e-05,-0.000199,40.65740052
1668546143.3106253,0.04384,0.04384,-4.109e-05,-0.00025,39.76789162
1668546203.1867316,0.043824,0.043824,-4.884e-05,-0.000296,39.44444001
1668546263.1523757,0.043804,0.043804,-5.881e-05,-0.000236,38.72628064
1668546324.1740968,0.043856,0.043856,-6.054e-05,-0.000282,42.38479987
1668546384.080941,0.043892,0.043892,-5.809e-05,-0.000171,44.82743399
1668546444.0914364,0.04399,0.04399,-4.72e-05,-1e-05,50.89501329
1668546505.6738532,0.044001,0.044001,-3.775e-05,-4.6e-05,51.54296133
1668546564.9475956,0.044047,0.044047,-2.624e-05,6.7e-05,54.26097311
1668546624.9423485,0.044047,0.044047,-1.693e-05,0.000185,54.26097311
1668546685.6568365,0.044047,0.044047,-4.88e-06,0.000206,53.23443653
1668546745.787658,0.044047,0.044121,1.02e-06,0.00028,58.31199124
1668546805.8785782,0.044194,0.044194,2.655e-05,0.000394,62.23544692
1668546867.2542548,0.044164,0.044164,3.157e-05,0.000364,60.45913559
1668546927.2291925,0.044164,0.044086,2.534e-05,0.000286,54.14612446
1668546987.984799,0.044164,0.044078,2.471e-05,0.000278,53.57238988
1668547048.0188391,0.044164,0.044078,2.471e-05,0.000278,53.57238988
1668547108.0382433,0.044164,0.044078,2.471e-05,0.000278,53.57238988
1668547168.056124,0.04407,0.04407,2.355e-05,0.00017,52.96796598
1668547228.8411684,0.044,0.044,1.49e-05,1e-05,47.71157788
1668547288.8656793,0.044,0.043956,1.139e-05,-3.4e-05,44.80696238
1668547348.8619037,0.044033,0.044033,1.019e-05,3.2e-05,50.48765275
1668547409.757925,0.044033,0.044107,1.61e-05,0.000106,54.94429343
1668547469.808426,0.0441,0.0441,1.904e-05,5.3e-05,54.44506008
1668547530.2982516,0.044043,0.044043,1.701e-05,-7.8e-05,50.39446937
1668547590.7559075,0.044043,0.044041,1.685e-05,-8e-05,50.26439776
1668547650.6634762,0.043836,0.043836,5.52e-06,-0.000334,40.89732326
1668547710.644442,0.043966,0.043966,1.098e-05,-0.000198,45.82378396
1668547771.4391484,0.043966,0.043966,1.098e-05,-0.000198,45.82378396
1668547831.4305582,0.044,0.044,5.97e-06,-7.8e-05,47.80122911
1668547891.4938288,0.043915,0.043915,-1.114e-05,-0.000155,43.68189568
1668547952.356115,0.043915,0.043938,-9.31e-06,-0.000132,45.062146
1668548013.4076126,0.044029,0.044029,-5.08e-06,-4e-06,50.11224148
1668548072.2986214,0.04385,0.04385,-2.821e-05,-0.000106,41.39225498
1668548133.2676606,0.043876,0.043876,-2.926e-05,-0.000231,43.19009847
1668548193.3125064,0.043832,0.043832,-3.432e-05,-0.000275,41.17939136
1668548253.2927234,0.043756,0.043756,-4.955e-05,-0.000285,38.07306618
1668548314.120226,0.043788,0.043788,-5.877e-05,-0.000405,40.97805248
1668548374.1580198,0.043716,0.043716,-7.294e-05,-0.00031,36.58250992
1668548434.2020328,0.04372,0.04372,-7.84e-05,-0.000246,36.74595219
1668548495.3680942,0.043693,0.043693,-8.425e-05,-0.000204,35.48066548
1668548554.9804697,0.04362,0.04362,-0.00010053,-0.000357,34.09395613
1668548615.1762853,0.043721,0.043721,-9.438e-05,-0.000149,41.21602825
1668548676.0079706,0.043721,0.043663,-9.901e-05,-0.000207,37.25036069
1668548735.9331198,0.04381,0.04381,-8.344e-05,-0.000127,47.4773171
1668548796.2725692,0.043869,0.043869,-6.576e-05,6.6e-05,50.82609452
1668548856.818352,0.043869,0.043742,-7.589e-05,-6.1e-05,44.24353311
1668548916.7977166,0.043869,0.043742,-7.589e-05,-6.1e-05,44.24353311
1668548976.8413374,0.043759,0.043713,-7.454e-05,-7e-06,42.87488527
1668549038.451125,0.043694,0.043694,-7.3e-05,-2.7e-05,41.95906964
1668549097.6742508,0.0437,0.0437,-7.276e-05,-2e-05,43.10773149
1668549157.7438245,0.043597,0.043597,-8.523e-05,1.5e-05,37.85315241
1668549218.4944875,0.043597,0.043597,-8.665e-05,-6.8e-05,37.85315241
1668549278.5784168,0.043554,0.043554,-9.285e-05,-0.000109,35.8507006
1668549338.4386911,0.04354,0.04354,-9.663e-05,-0.000181,35.67846774
1668549399.556702,0.04354,0.04354,-9.663e-05,-0.000181,35.67846774
1668549459.440528,0.04357,0.04357,-9.028e-05,-0.00029,39.15292196
1668549519.9685256,0.04357,0.043571,-9.02e-05,-0.000289,39.20282041
1668549580.3955617,0.043609,0.043609,-8.424e-05,-0.000133,41.73280761
1668549640.2780952,0.043594,0.043594,-7.778e-05,-0.0001,40.95987522
1668549700.302315,0.043594,0.04369,-7.012e-05,-4e-06,48.54685908
1668549761.1739843,0.04369,0.043719,-5.239e-05,0.000137,50.87040023
1668549821.2123802,0.04369,0.043719,-5.239e-05,0.000137,50.87040023
1668549881.1406093,0.043642,0.043642,-4.202e-05,8.8e-05,45.48422794
1668549942.297078,0.04367,0.043656,-3.858e-05,0.000127,46.51211802
1668550002.0965369,0.04367,0.043656,-3.858e-05,0.000127,46.51211802
1668550062.1157892,0.0437,0.0437,-3.231e-05,9.1e-05,50.04101699
1668550123.1551723,0.0437,0.0437,-3.231e-05,9.1e-05,50.04101699
1668550183.0046382,0.0437,0.0437,-3.231e-05,9.1e-05,50.04101699
1668550242.9075658,0.043601,0.043515,-4.178e-05,-7.5e-05,38.53055359
1668550303.7178943,0.04359,0.043653,-3.772e-05,4.4e-05,48.11748728
1668550363.709231,0.043655,0.043655,-3.395e-05,6.5e-05,48.24347295
1668550423.716931,0.043655,0.043663,-3.331e-05,7.3e-05,48.74135589
1668550484.6927187,0.043581,0.043581,-3.602e-05,-0.000109,44.06249871
1668550544.8893666,0.04363,0.04363,-3.382e-05,-2.2e-05,47.31696572
1668550604.7169082,0.04366,0.04366,-2.932e-05,-5.9e-05,49.26326311
1668550665.5570912,0.043702,0.043702,-1.989e-05,-6e-06,51.78442229
1668550725.535769,0.043702,0.043702,-1.471e-05,5.4e-05,51.79844093
1668550785.545717,0.043702,0.043702,-1.471e-05,5.4e-05,51.79844093
1668550846.2324183,0.04369,0.04369,-9.66e-06,-1e-05,50.95909067
1668550906.2647665,0.04369,0.04369,-6.24e-06,0.000175,50.85252582
1668550966.2988622,0.04369,0.04369,-6.24e-06,0.000175,50.85252582
1668551027.144547,0.043724,0.043724,2.01e-06,6.1e-05,53.43641792
1668551087.061988,0.04378,0.04378,9.21e-06,0.000199,57.66387641
1668551147.0534422,0.043707,0.043707,7.82e-06,7.7e-05,51.33623476
1668551208.148656,0.04376,0.04376,1.538e-05,6.4e-05,56.24529343
1668551268.1204977,0.04375,0.04379,1.553e-05,9.1e-05,57.26702408
1668551328.1362696,0.04379,0.04379,2.084e-05,8.8e-05,56.98654112
1668551388.9160264,0.043722,0.043722,1.871e-05,5.2e-05,51.02687389
1668551448.9644156,0.04379,0.04379,2.588e-05,8.7e-05,56.82681821
1668551508.9963143,0.043712,0.043712,2.13e-05,2.2e-05,49.39139968
1668551569.7605484,0.043679,0.043679,8.92e-06,-4.4e-05,47.6703301
1668551629.7078235,0.043741,0.043741,1.038e-05,1.9e-05,52.16972231
1668551689.7771614,0.04375,0.04371,8.61e-06,-5e-05,49.84847532
1668551750.8054893,0.04375,0.04371,8.61e-06,-5e-05,49.84847532
1668551810.8976054,0.043689,0.043689,5.46e-06,-7.1e-05,48.28127734
1668551870.780041,0.043689,0.043689,5.46e-06,-7.1e-05,48.28127734
1668551931.5784686,0.043793,0.043793,1.122e-05,0.000109,55.70798239
1668551991.5593238,0.043795,0.043795,1.614e-05,-5e-06,55.74307761
1668552051.5774367,0.0439,0.043755,2.086e-05,-3.5e-05,51.68965729
1668552112.3743389,0.0439,0.043755,2.086e-05,-3.5e-05,51.68965729
1668552172.3669565,0.04377,0.043792,2.258e-05,1.1e-05,53.95321223
1668552232.3206732,0.043835,0.043835,2.834e-05,4.5e-05,56.42368101
1668552293.3350968,0.04386,0.04386,3.111e-05,0.000244,57.79533489
1668552353.4241672,0.04386,0.04386,3.111e-05,0.000244,57.79533489
1668552413.31224,0.043809,0.043809,3.105e-05,0.000125,53.94400346
1668552474.1256616,0.043689,0.043689,2.108e-05,-5.2e-05,46.15115183
1668552534.4722466,0.043689,0.043623,1.581e-05,-0.000118,42.75416146
1668552594.1745703,0.04369,0.04369,9.04e-06,-2e-05,47.01759039
1668552654.9237092,0.04369,0.04369,9.04e-06,-2e-05,47.01759039
1668552714.937207,0.043695,0.043695,4.03e-06,6e-06,47.33282581
1668552774.9255235,0.04372,0.04372,1.74e-06,-7.9e-05,48.9903898
1668552835.6930635,0.04369,0.04369,-2.15e-06,-0.00018,47.10165043
1668552895.6042104,0.04372,0.04372,-2.78e-06,-3.5e-05,49.21037952
1668552955.741774,0.04367,0.043657,-1.197e-05,-0.000155,45.03068197
1668553017.2180054,0.04367,0.04367,-1.56e-05,-0.00013,46.45057025
1668553077.462125,0.04367,0.04367,-1.688e-05,-0.00019,46.45057025
1668553136.8833733,0.043623,0.043622,-2.153e-05,-0.000187,43.06053227
1668553197.6442106,0.043679,0.043679,-2.038e-05,5.6e-05,47.92116776
1668553257.5419235,0.0437,0.0437,-1.665e-05,1e-05,49.54293176
1668553317.619106,0.0437,0.043738,-1.361e-05,4.8e-05,52.37109484
1668553378.4067423,0.043693,0.043693,-1.269e-05,3e-06,48.87725612
1668553438.4672365,0.043722,0.043819,-5.9e-07,9.9e-05,57.72511222
1668553498.4748385,0.043821,0.043812,7.14e-06,0.000122,57.12343704
1668553559.4477313,0.043821,0.043897,1.392e-05,0.000207,62.16560459
1668553619.479918,0.043861,0.043861,2.227e-05,0.000201,59.08107031
1668553679.3294067,0.043818,0.043818,2.512e-05,0.000183,55.53646173
1668553740.0839398,0.043818,0.043817,2.699e-05,0.000147,55.45313923
1668553800.2494442,0.043865,0.043865,3.197e-05,0.000195,58.65931739
1668553860.3528266,0.04375,0.04375,2.634e-05,0.000128,49.47231078
1668553920.974271,0.0438,0.0438,2.685e-05,0.000106,52.98413467
1668553980.1686535,0.04378,0.043706,1.634e-05,-3.2e-05,46.07013283
1668554040.1076446,0.04378,0.043722,1.762e-05,-1.6e-05,47.18045216
1668554100.1010616,0.04378,0.043722,1.762e-05,-1.6e-05,47.18045216
1668554160.1807992,0.04378,0.043722,1.762e-05,-1.6e-05,47.18045216
1668554220.1738658,0.043762,0.043762,1.267e-05,-5.7e-05,50.45114019
1668554280.2648375,0.043762,0.043757,1.228e-05,-6.2e-05,50.04179126
1668554340.412525,0.043677,0.04362,-5.7e-07,-0.000277,40.23368683
1668554400.2674563,0.04373,0.04373,-1.84e-06,-0.000131,48.89480707
1668554460.2358556,0.0437,0.0437,-1.076e-05,-0.000118,47.1266016
1668554520.14019,0.0437,0.043724,-8.85e-06,-9.4e-05,48.92586223
1668554580.706435,0.04368,0.04368,-1.212e-05,-0.000137,45.84564691
1668554640.2090223,0.04365,0.043825,-4.15e-06,-4e-05,55.5643194
1668554700.2238505,0.043842,0.043842,5.74e-06,7.2e-05,56.45553468
1668554760.192341,0.043784,0.043784,7.73e-06,1.4e-05,52.30466012
1668554820.3514607,0.043841,0.043841,1.726e-05,0.000119,56.37839392
1668554880.3014815,0.043841,0.043841,2.096e-05,8.8e-05,56.37839392
1668554940.2341094,0.043841,0.04384,2.088e-05,8.7e-05,56.28919249
1668555000.2992125,0.043808,0.043808,2.093e-05,5.1e-05,53.37873011
1668555061.1249604,0.04383,0.04383,2.23e-05,0.00021,55.0665089
1668555120.2533562,0.04383,0.04383,2.331e-05,0.00019,55.0665089
1668555180.2114034,0.04383,0.04383,2.331e-05,0.00019,55.0665089
1668555240.258315,0.043805,0.043787,2.04e-05,6.3e-05,50.85679719
1668555300.173998,0.043816,0.043816,2.021e-05,0.000155,53.44188007
1668555360.2176943,0.043816,0.043816,2.021e-05,0.000155,53.44188007
1668555420.2359865,0.043834,0.043834,2.126e-05,-8e-06,55.02333724
1668555480.2841797,0.043851,0.043788,1.817e-05,-5.4e-05,50.31934112
1668555541.2682476,0.043893,0.043878,2.365e-05,3.7e-05,58.21460198
1668555600.2854812,0.043803,0.043803,2.229e-05,-3.8e-05,50.67979224
1668555660.3347187,0.043718,0.043718,6.84e-06,-0.000122,44.94666378
1668555720.2827802,0.04378,0.04378,5.48e-06,-2.5e-05,49.77739203
1668555780.454588,0.04375,0.04375,1.95e-06,-8e-05,47.60089379
1668555840.2943382,0.04375,0.043781,4.43e-06,-4.9e-05,49.85382132
1668555900.280053,0.04378,0.04378,3.47e-06,-5e-05,49.77225093
1668555960.2383132,0.04375,0.04375,2.9e-07,-3.7e-05,47.27330993
1668556021.3105142,0.043696,0.043696,-9.22e-06,-0.00012,43.30402418
1668556080.2466886,0.043674,0.043674,-1.557e-05,-0.00016,41.67391729
1668556140.3453722,0.04366,0.04366,-2.18e-05,-0.000143,40.65195103
1668556200.6772892,0.043695,0.043695,-2.277e-05,-0.000208,44.1762069
1668556260.2804673,0.043651,0.043651,-2.802e-05,-5.8e-05,40.26762244
1668556320.3176925,0.043759,0.043759,-1.746e-05,4.1e-05,50.79991484
1668556380.3163884,0.043749,0.043749,-1.287e-05,-3.1e-05,49.58917341
1668556440.288705,0.043699,0.043699,-1.457e-05,-8.2e-05,45.17521127
1668556500.7584171,0.043718,0.043718,-1.023e-05,-6.2e-05,46.55706486
1668556560.3471327,0.0436,0.0436,-2.808e-05,-0.000106,38.24925036
1668556620.5527186,0.0436,0.0436,-3.436e-05,-9.6e-05,38.24925036
1668556680.2666345,0.0436,0.0436,-3.89e-05,-6.9e-05,38.24925036
1668556740.2307377,0.043581,0.043562,-4.572e-05,-0.000107,35.55770712
1668556800.3896992,0.043578,0.043578,-4.556e-05,-0.000106,37.54939169
1668556860.3898158,0.043557,0.043557,-5.033e-05,-0.000176,36.0390047
1668556920.4402232,0.0436,0.0436,-4.857e-05,-0.000192,41.00007824
1668556980.5427823,0.043555,0.04345,-6.219e-05,-0.000309,29.06387091
1668557040.3977892,0.043431,0.043412,-7.478e-05,-0.000362,27.26082522
1668557100.4398212,0.043505,0.04348,-7.358e-05,-0.00012,35.58032901
1668557160.2828994,0.043463,0.04347,-7.449e-05,-0.00013,35.28886104
1668557220.4894602,0.043549,0.043549,-6.417e-05,-5.1e-05,43.00470944
1668557280.4114466,0.043532,0.04354,-6.052e-05,-4.9e-05,42.26826107
1668557340.3504608,0.043529,0.043529,-5.975e-05,-8.2e-05,42.15259893
1668557400.2878733,0.043567,0.043567,-5.3e-05,0.0,46.19291896
1668557460.547655,0.043567,0.043562,-5.34e-05,-5e-06,45.68615088
1668557520.8300612,0.043567,0.043562,-5.34e-05,-5e-06,45.68615088
1668557580.4535778,0.043614,0.043614,-4.418e-05,4.4e-05,50.86872879
1668557640.4470804,0.043614,0.043614,-4.418e-05,4.4e-05,50.86872879
1668557700.4432063,0.043694,0.043694,-3.006e-05,0.000139,57.57563103
1668557760.4056478,0.043769,0.043816,-5.17e-06,0.000405,65.11682685
1668557820.6130843,0.04386,0.04386,1.748e-05,0.00041,66.69119466
1668557880.5711591,0.043819,0.043766,1.762e-05,0.000278,58.3631821
1668557940.4305675,0.043819,0.043766,1.762e-05,0.000278,58.3631821
1668558000.7078984,0.04365,0.043712,1.978e-05,0.000171,54.09364227
1668558060.372064,0.043731,0.043731,2.276e-05,0.000182,55.33182527
1668558120.3969834,0.04373,0.04373,2.267e-05,0.000221,55.20786108
1668558180.3464787,0.04373,0.04373,2.267e-05,0.000221,55.20786108
1668558240.3049493,0.043738,0.043866,3.531e-05,0.000329,63.11313948
1668558300.3586693,0.04384,0.044038,5.823e-05,0.000476,70.27349093
1668558360.4043643,0.044004,0.044019,7.438e-05,0.000405,68.64367429
1668558420.3052647,0.04402,0.044017,8.602e-05,0.000262,68.46302249
1668558480.526959,0.044033,0.044058,0.00010458,0.000187,66.62329256
1668558541.0792975,0.04396,0.04396,0.00010279,0.000205,59.69919645
1668558600.442379,0.04404,0.04404,0.00010476,0.000274,62.43246133
1668558660.4604747,0.044071,0.044071,0.00011259,0.000359,62.95847335
1668558720.5479598,0.04395,0.04395,0.00010461,0.000253,55.75397716
1668558780.4536614,0.044095,0.043988,0.00010019,0.000258,57.4025785
1668558840.4507303,0.043915,0.043915,9.038e-05,5.4e-05,53.1989245
1668558900.409052,0.043969,0.043969,8.51e-05,-7e-05,55.65014583
1668558960.44869,0.04401,0.04402,8.438e-05,0.0,57.89899836
1668559021.0316038,0.043963,0.044035,8.398e-05,-9.9e-05,58.56541558
1668559080.3507946,0.043963,0.044035,8.398e-05,-9.9e-05,58.56541558
1668559140.5565553,0.04401,0.04401,8.072e-05,-4.8e-05,56.94747817
1668559200.450672,0.04395,0.044013,7.619e-05,8.3e-05,56.86011087
1668559260.4826548,0.04395,0.044013,7.619e-05,8.3e-05,56.86011087
1668559320.539479,0.044,0.044,7.205e-05,-9.1e-05,55.97345378
1668559380.4092438,0.044054,0.044054,7.562e-05,-1.7e-05,58.91278855
1668559440.4876795,0.04405,0.04405,7.386e-05,0.0001,58.59731355
1668559500.919254,0.044013,0.044013,6.868e-05,1.5e-05,55.62982228
1668559560.5792184,0.044013,0.044013,6.868e-05,1.5e-05,55.62982228
1668559620.5045447,0.044033,0.044033,6.544e-05,0.000122,56.90039063
1668559680.4784863,0.044013,0.044013,6.056e-05,4.3e-05,55.19816856
1668559740.542259,0.043901,0.043901,4.576e-05,-0.000119,46.86213945
1668559800.598987,0.043875,0.043875,3.202e-05,-0.00016,45.20255942
1668559860.581556,0.043895,0.043895,2.065e-05,-9.4e-05,47.40266786
1668559920.4519434,0.043963,0.043963,2.529e-05,-5e-05,51.53333862
1668559981.304732,0.043948,0.04395,2.197e-05,-0.000104,50.6595518
1668560040.4643354,0.043948,0.043951,2.205e-05,-0.000103,50.7257128
1668560100.528232,0.043965,0.043965,2.038e-05,-8.9e-05,51.67720543
1668560160.3710654,0.044024,0.044024,2.342e-05,-2.6e-05,55.5795613
1668560220.971989,0.044,0.044,2.559e-05,-1.3e-05,53.26449866
1668560280.5614274,0.044148,0.044148,4.79e-05,0.000115,61.30718354
1668560340.467101,0.044048,0.04415,5.343e-05,0.000159,61.24110822
1668560400.516905,0.044132,0.044132,5.616e-05,0.000246,59.71924145
1668560460.8857515,0.044136,0.044149,5.926e-05,0.000319,60.81248718
1668560520.549039,0.044136,0.044149,5.926e-05,0.000319,60.81248718
1668560580.469364,0.04414,0.04414,6.005e-05,0.000155,59.96020906
1668560640.5782497,0.04414,0.044053,5.311e-05,6.8e-05,52.80618918
1668560700.6613052,0.04414,0.044053,5.311e-05,6.8e-05,52.80618918
1668560760.4777002,0.04409,0.04409,5.063e-05,0.000127,55.25149237
1668560820.501146,0.044087,0.044087,4.788e-05,0.000136,55.00264363
1668560880.5067186,0.044052,0.044052,4.564e-05,8.9e-05,51.53954166
1668560941.1249652,0.044002,0.04405,3.775e-05,-4e-06,51.44002306
1668561000.4998603,0.044001,0.044001,2.941e-05,-0.000177,48.10874538
1668561060.4900749,0.044073,0.04408,3.001e-05,-6.1e-05,53.42758333
1668561120.5130136,0.044099,0.044084,2.928e-05,-6.6e-05,53.69534236
1668561180.628502,0.044099,0.044084,2.928e-05,-6.6e-05,53.69534236
1668561240.5805402,0.044099,0.044084,2.928e-05,-6.6e-05,53.69534236
1668561300.6041713,0.044101,0.044101,2.972e-05,-3.5e-05,54.88256819
1668561360.5496562,0.044092,0.044092,2.846e-05,-5.7e-05,54.26172484
1668561421.181841,0.044084,0.044051,2.444e-05,-2e-06,50.58413966
1668561480.7163298,0.044035,0.044035,1.807e-05,-5.5e-05,49.37196724
1668561540.505697,0.044005,0.044005,1.217e-05,-0.000135,46.84052246
1668561600.6673868,0.044035,0.044035,9.49e-06,1.8e-05,49.65911208
1668561660.5079715,0.044035,0.044035,7.6e-06,-1.5e-05,49.65911208
1668561720.7121546,0.04407,0.044121,1.393e-05,0.000101,56.92492007
1668561780.567177,0.04407,0.044121,1.393e-05,0.000101,56.92492007
1668561840.570231,0.044,0.044,8.03e-06,-8e-05,46.59007783
1668561900.903206,0.044,0.044,3.31e-06,-8.4e-05,46.59007783
1668561960.661685,0.044,0.044,-4.3e-07,-9.2e-05,46.59007783
1668562020.5348637,0.044,0.044,-3.35e-06,-9.2e-05,46.59007783
1668562080.7026932,0.044,0.043891,-1.43e-05,-0.000133,38.18924479
1668562140.5263686,0.044,0.043891,-1.43e-05,-0.000133,38.18924479
1668562200.573616,0.043943,0.043943,-1.856e-05,-9.2e-05,43.4298095
1668562260.6078815,0.043943,0.043957,-1.745e-05,-7.8e-05,44.69228922
1668562320.5444582,0.043977,0.044092,-8.95e-06,9.2e-05,55.09841089
1668562380.513979,0.04404,0.04404,-6.33e-06,5e-06,51.10945934
1668562440.5357568,0.04404,0.043976,-1.144e-05,-5.9e-05,46.9279957
1668562500.798108,0.043976,0.043976,-1.326e-05,-7.6e-05,46.9279957
1668562560.5718994,0.043976,0.043976,-1.326e-05,-7.6e-05,46.9279957
1668562620.5848875,0.043976,0.043976,-1.326e-05,-7.6e-05,46.9279957
1668562680.567235,0.043976,0.043976,-1.326e-05,-7.6e-05,46.9279957
1668562740.5245764,0.043976,0.043976,-1.326e-05,-7.6e-05,46.9279957
1668562800.5433502,0.043976,0.043945,-1.701e-05,-0.000176,44.86596496
1668562860.632132,0.043909,0.043909,-2.262e-05,-9.1e-05,42.52888986
1668562920.542942,0.043901,0.043901,-2.882e-05,-9.9e-05,42.46071583
1668562980.532361,0.043901,0.043901,-3.154e-05,-9.9e-05,42.56334823
1668563040.6951954,0.043901,0.043901,-3.154e-05,-9.9e-05,42.56334823
1668563100.659587,0.043901,0.043901,-3.368e-05,-9.9e-05,42.56334823
1668563160.6063764,0.043905,0.043916,-3.033e-05,2.5e-05,44.48563
1668563220.626525,0.04387,0.043891,-3.606e-05,-6.6e-05,43.52402825
1668563280.731175,0.043908,0.043923,-3.384e-05,-0.000169,46.22045358
1668563340.6203425,0.043923,0.043923,-3.222e-05,-5.3e-05,46.22045358
1668563400.6603043,0.043868,0.043876,-3.833e-05,-0.0001,43.40022596
1668563460.8993456,0.043868,0.043876,-3.833e-05,-0.0001,43.40022596
1668563520.716088,0.043868,0.043876,-3.833e-05,-0.0001,43.40022596
1668563580.6919048,0.043869,0.043869,-3.918e-05,-7.6e-05,42.89956666
1668563640.641276,0.043918,0.043918,-3.525e-05,3.2e-05,47.41197723
1668563700.6819215,0.043834,0.043816,-4.015e-05,-9.1e-05,40.12386788
1668563760.6321845,0.043829,0.0438,-4.37e-05,-0.000101,39.02894025
1668563820.599864,0.043829,0.0438,-4.37e-05,-0.000101,39.02894025
1668563881.1163166,0.043755,0.043755,-5.069e-05,-0.000202,36.25521776
1668563940.6678188,0.043755,0.043755,-5.069e-05,-0.000202,36.25521776
1668564000.6168587,0.043755,0.043755,-5.069e-05,-0.000202,36.25521776
1668564060.5804887,0.0437,0.043599,-6.804e-05,-0.000265,28.65296112
1668564120.6610324,0.0437,0.043591,-6.868e-05,-0.000273,28.34812826
1668564180.6204932,0.0437,0.043591,-6.868e-05,-0.000273,28.34812826
1668564241.0095897,0.043755,0.043755,-6.891e-05,-0.000144,41.97626547
1668564300.7776344,0.043755,0.043755,-6.891e-05,-0.000144,41.97626547
1668564361.0561695,0.04382,0.04382,-6.312e-05,-0.000103,46.33308695
1668564420.851714,0.04382,0.043762,-6.249e-05,-9.6e-05,43.21493502
1668564481.0075796,0.043696,0.043783,-5.96e-05,-9.3e-05,44.66693545
1668564540.966246,0.043696,0.043783,-5.96e-05,-9.3e-05,44.66693545
1668564601.8292017,0.043696,0.043783,-5.96e-05,-9.3e-05,44.66693545
1668564661.6668625,0.043696,0.043783,-5.96e-05,-9.3e-05,44.66693545
1668564721.6534865,0.043696,0.043783,-5.96e-05,-9.3e-05,44.66693545
1668564782.4143405,0.043797,0.043797,-5.555e-05,-7.6e-05,45.66442941
1668564842.4494047,0.043797,0.043797,-5.555e-05,-7.6e-05,45.66442941
1668564902.587175,0.043815,0.0437,-5.948e-05,-0.000218,40.2503613
1668564963.47246,0.043671,0.043671,-6.419e-05,-0.000163,38.7703785
1668565023.4307396,0.043707,0.0437,-6.306e-05,-0.0001,40.2503613
1668565083.352073,0.043581,0.043633,-7.255e-05,-0.000122,36.74811666
1668565144.0721262,0.043683,0.043683,-7.116e-05,9.2e-05,41.16374969
1668565204.0720792,0.043674,0.043674,-6.999e-05,-8.1e-05,40.61414053
1668565264.0243196,0.043674,0.043674,-6.999e-05,-8.1e-05,40.61414053
1668565324.9771852,0.043651,0.043596,-7.449e-05,-0.000224,36.11376658
1668565385.4338157,0.043651,0.04369,-6.699e-05,-0.00013,42.09434653
1668565444.8504765,0.043651,0.04369,-6.699e-05,-0.00013,42.09434653
1668565505.7628138,0.043595,0.043595,-7.146e-05,-0.000167,36.30770913
1668565565.688702,0.043585,0.0435,-8.241e-05,-0.000283,31.65951187
1668565625.8516004,0.043467,0.0435,-8.997e-05,-0.000297,32.21374064
1668565686.5450182,0.0435,0.043444,-9.871e-05,-0.000256,29.66738711
1668565746.6118495,0.0435,0.043433,-9.959e-05,-0.000267,29.21379018
1668565806.532015,0.043412,0.043412,-0.00010767,-0.000288,28.32346535
1668565867.324216,0.043412,0.043412,-0.00011277,-0.000224,28.32346535
1668565927.2853258,0.043426,0.043354,-0.00011573,-0.000279,29.68178009
1668565987.2694862,0.04331,0.043174,-0.00013886,-0.000509,23.92919933
1668566048.7615027,0.043009,0.042953,-0.00018117,-0.000721,19.204166
1668566108.8913996,0.04301,0.043044,-0.00018801,-0.000646,24.12470349
1668566168.7690637,0.043058,0.043058,-0.00019462,-0.000526,25.17417833
1668566229.5921738,0.04298,0.04298,-0.00021028,-0.00051,23.98429003
1668566289.640623,0.043058,0.043058,-0.00020345,-0.000442,29.64062908
1668566349.5559163,0.043011,0.043011,-0.00020871,-0.000422,29.32971772
1668566411.4140534,0.043058,0.043142,-0.00019562,-0.00027,38.12993639
1668566470.342836,0.043058,0.043142,-0.00019562,-0.00027,38.12993639
1668566530.40775,0.043204,0.043204,-0.0001782,-0.000279,41.82241034
1668566591.0621676,0.043163,0.043075,-0.00017281,-0.000225,36.88930836
1668566651.0583892,0.043163,0.043075,-0.00017281,-0.000225,36.88930836
1668566711.6430297,0.043163,0.043075,-0.00017281,-0.000225,36.88930836
1668566771.9738195,0.043074,0.043074,-0.00016,3.5e-05,36.85301902
1668566832.1079967,0.043074,0.04319,-0.00015075,0.000151,43.7639428
1668566892.488121,0.043161,0.04319,-0.00013654,0.000132,43.7639428
1668566952.714933,0.043137,0.043137,-0.00012808,0.00017,41.36508408
1668567012.825743,0.043195,0.043195,-0.00010797,0.000137,44.57118241
1668567072.8471022,0.043195,0.043195,-0.00010797,0.000137,44.57118241
1668567133.456389,0.043253,0.043253,-9.386e-05,0.000265,47.9152724
1668567194.0506225,0.043253,0.043128,-0.00010384,0.00014,41.49369373
1668567253.3983762,0.043245,0.043245,-9.008e-05,0.000234,48.21758048
1668567314.4434586,0.043245,0.043259,-8.896e-05,0.000248,48.92002266
1668567374.4694371,0.043222,0.043222,-7.924e-05,8e-05,47.10148938
1668567434.7436888,0.043222,0.043222,-6.697e-05,1.8e-05,47.02335539
1668567495.2227817,0.043222,0.043222,-6.697e-05,1.8e-05,47.02335539
1668567555.1905062,0.043272,0.043272,-5.641e-05,0.000197,49.80092247
1668567615.2136934,0.043272,0.043284,-5.546e-05,0.000209,50.42473826
1668567676.031592,0.043253,0.043362,-3.958e-05,0.000288,54.39207431
1668567736.0008025,0.04332,0.04332,-2.291e-05,0.00013,51.97688332
1668567796.0409772,0.04332,0.04332,-2.291e-05,0.00013,51.97688332
1668567857.3770936,0.043382,0.043382,-1.142e-05,0.000125,55.2914251
1668567917.8497667,0.043382,0.043368,-1.254e-05,0.000111,54.58360621
1668567977.4416628,0.043426,0.043426,3.5e-07,0.000231,57.57992099
1668568038.1469762,0.043426,0.043426,1.045e-05,0.000298,57.57992099
1668568098.1006691,0.04332,0.0434,9.7e-06,0.000141,55.15852536
1668568158.147354,0.043223,0.043223,-1.9e-06,1e-06,45.76075003
1668568218.9042127,0.043223,0.04336,9.03e-06,0.000138,52.43984393
1668568278.932206,0.043223,0.04336,9.03e-06,0.000138,52.43984393
1668568338.8879073,0.043287,0.043287,3.28e-06,-7.5e-05,48.83278792
1668568399.6684406,0.043287,0.04332,5.92e-06,-4.2e-05,50.49067247
1668568459.8572645,0.043288,0.043288,3.35e-06,-2.1e-05,48.8381681
1668568519.8537824,0.043288,0.043464,1.739e-05,0.000155,57.03298061
1668568580.6533031,0.043364,0.043364,1.821e-05,4.4e-05,51.90361382
1668568640.544742,0.043383,0.043383,2.379e-05,1.5e-05,52.65770983
1668568700.804593,0.043338,0.043338,2.061e-05,-8.8e-05,50.26416057
1668568761.4142468,0.043413,0.043384,2.156e-05,6.3e-05,52.63430244
1668568821.6384706,0.043384,0.043384,2.205e-05,-3.3e-05,52.63430244
1668568881.3114588,0.043382,0.043382,2.182e-05,2.2e-05,52.50328674
1668568942.2355144,0.043383,0.043383,2.143e-05,9.6e-05,52.56921381
1668569002.1952016,0.043457,0.043457,3.368e-05,0.000137,56.18848983
1668569062.3356907,0.043451,0.043451,3.504e-05,-1.3e-05,55.77583632
1668569123.2121687,0.043451,0.04341,3.177e-05,-5.4e-05,52.91599185
1668569183.216251,0.043451,0.043312,2.396e-05,-0.000152,47.13879673
1668569243.1761513,0.043352,0.043352,1.232e-05,-3.1e-05,49.83218544
1668569304.0094695,0.043352,0.043317,9.53e-06,-6.6e-05,47.68444843
1668569363.9804702,0.043312,0.043312,4.86e-06,-2.6e-05,47.37243858
1668569424.0427656,0.043312,0.043312,4.86e-06,-2.6e-05,47.37243858
1668569485.1238236,0.043314,0.043314,1.3e-06,-7e-05,47.52035864
1668569544.8962548,0.043282,0.043282,-7.07e-06,-0.000102,45.742479
1668569604.6568513,0.043282,0.043222,-1.185e-05,-0.000162,41.86695978
1668569665.6162658,0.043317,0.043497,2.97e-06,0.000114,58.39440434
1668569725.5217075,0.043447,0.043362,3.79e-06,-2e-05,50.76435566
1668569785.6106985,0.043447,0.043362,3.79e-06,-2e-05,50.76435566
1668569846.348421,0.043447,0.043362,3.79e-06,-2e-05,50.76435566
1668569906.3311024,0.04327,0.04327,-2.96e-06,-0.000225,46.32229125
1668569966.3680649,0.0432,0.0432,-1.73e-05,-0.000251,43.39202923
1668570027.4915006,0.0432,0.043162,-2.034e-05,-0.000289,41.86557627
1668570087.2571115,0.043162,0.043162,-3.016e-05,-0.00015,41.86557627
1668570147.0936348,0.043162,0.043016,-4.18e-05,-0.000296,36.54610458
1668570207.8368702,0.043162,0.043016,-4.18e-05,-0.000296,36.54610458
1668570267.843083,0.04319,0.04319,-4.426e-05,-0.000102,45.44307926
1668570327.853603,0.04319,0.04319,-4.426e-05,-0.000102,45.44307926
1668570389.2544928,0.043086,0.043086,-5.398e-05,-0.000231,41.68129373
1668570448.807197,0.043209,0.043209,-4.814e-05,-5.6e-05,47.24942427
1668570508.8467395,0.043209,0.043287,-4.192e-05,2.2e-05,50.45875383
1668570570.0127916,0.04335,0.04335,-2.917e-05,0.000128,52.9506293
1668570629.6345673,0.04332,0.04332,-1.66e-05,-4.2e-05,51.57706055
1668570690.1239097,0.04331,0.04331,-1.821e-05,9.7e-05,51.29410273
1668570750.462895,0.04331,0.04331,-1.821e-05,9.7e-05,51.29410273
1668570810.4258542,0.043314,0.043314,-1.264e-05,0.000152,51.46519676
1668570870.4591188,0.043314,0.043253,-1.751e-05,9.1e-05,48.84064905
1668570931.4419563,0.043314,0.043253,-1.751e-05,9.1e-05,48.84064905
1668570991.3999078,0.043182,0.043182,-2.242e-05,0.000166,45.89587322
1668571052.3074992,0.043155,0.043155,-3.19e-05,6.9e-05,45.2479539
1668571112.276769,0.043155,0.043189,-2.919e-05,0.000103,46.63804401
1668571172.4867632,0.043155,0.043177,-3.014e-05,9.1e-05,46.1377757
1668571232.5112612,0.04325,0.04325,-2.161e-05,-4.1e-05,49.64085459
1668571293.050154,0.04324,0.04324,-2.224e-05,-0.000119,49.34135309
1668571353.040709,0.04327,0.04327,-1.942e-05,-2.1e-05,50.96455403
1668571413.0670545,0.04329,0.04329,-1.561e-05,7.1e-05,52.12176563
1668571474.053015,0.04329,0.0433,-1.481e-05,8.1e-05,52.61409163
1668571534.1714206,0.04329,0.04329,-4.54e-06,3.7e-05,51.99402628
1668571594.036872,0.04329,0.043274,-5.82e-06,2.1e-05,51.03175859
1668571655.310732,0.04334,0.04334,1.74e-06,0.0002,54.7518366
1668571714.7955775,0.04334,0.043367,3.9e-06,0.000227,56.1156868
1668571774.7876232,0.043346,0.043346,1.558e-05,0.000169,54.63035115
1668571835.861881,0.043367,0.043367,2.111e-05,0.000105,56.0258946
1668571895.5760963,0.043299,0.043299,1.823e-05,9.3e-05,51.01324877
1668571955.5709724,0.04332,0.04332,1.689e-05,0.000114,52.44589944
1668572016.4050622,0.04332,0.043345,1.888e-05,0.000139,53.99638473
1668572076.372107,0.043345,0.043345,2.05e-05,0.000113,53.99638473
1668572136.434359,0.043345,0.043345,2.05e-05,0.000113,53.99638473
1668572197.4159434,0.04331,0.043271,1.562e-05,-2.9e-05,48.56102154
1668572257.3525972,0.043271,0.043271,1.163e-05,-2.9e-05,48.56102154
1668572317.412459,0.043271,0.043258,1.059e-05,-4.2e-05,47.65350397
1668572378.1343255,0.043314,0.043314,1.099e-05,4e-05,51.82965629
1668572438.164358,0.043314,0.043343,1.331e-05,6.9e-05,53.74081462
1668572498.2034593,0.043376,0.043376,1.791e-05,9e-06,55.88566632
1668572558.9443722,0.0434,0.0434,2.33e-05,3.3e-05,57.42708354
1668572618.9331512,0.04349,0.04349,3.529e-05,0.000131,62.65028739
1668572678.9882455,0.043531,0.043531,4.927e-05,0.000176,64.56083853
1668572740.0512104,0.043501,0.043501,5.47e-05,0.000223,61.7569761
1668572799.9525137,0.043485,0.043485,5.348e-05,0.00014,59.47363849
1668572859.9782865,0.043485,0.043438,4.973e-05,9.3e-05,56.57752472
1668572920.7997072,0.043482,0.043482,5.331e-05,0.000211,59.34467254
1668572980.7724657,0.043491,0.043491,5.947e-05,0.000233,57.77170786
1668573040.8213463,0.043491,0.043491,5.947e-05,0.000233,57.77170786
1668573101.5681238,0.043472,0.043472,5.717e-05,0.000129,56.2272976
1668573162.303648,0.0435,0.0435,5.922e-05,0.000123,58.0499414
1668573221.5866024,0.043445,0.043445,5.007e-05,3e-05,53.63419826
1668573282.859182,0.043445,0.043445,5.007e-05,3e-05,53.63419826
1668573342.8465002,0.043445,0.043445,4.577e-05,-8.8e-05,53.63419826
1668573402.612497,0.043445,0.043489,4.928e-05,-4.4e-05,56.6908176
1668573463.3941112,0.043506,0.043506,4.945e-05,-2.7e-05,57.84706904
1668573523.495849,0.043506,0.043506,4.945e-05,-2.7e-05,57.84706904
1668573583.3574908,0.043506,0.043506,4.945e-05,-2.7e-05,57.84706904
1668573644.1975708,0.043577,0.043577,5.469e-05,0.000132,62.366103
1668573704.1459646,0.043587,0.043587,6.032e-05,0.000149,62.39763447
1668573764.2321966,0.043513,0.043513,5.414e-05,-4.8e-05,55.47644099
1668573825.0477378,0.043492,0.043492,4.977e-05,1e-06,53.46547495
1668573885.0435371,0.043492,0.043492,4.977e-05,1e-06,53.46547495
1668573944.9879217,0.043468,0.043468,4.306e-05,-4.1e-05,51.27476245
1668574006.1737838,0.043468,0.04352,4.721e-05,1.1e-05,55.67489501
1668574066.1600394,0.043468,0.043488,4.465e-05,-2.1e-05,53.08744838
1668574126.036867,0.04344,0.04344,3.63e-05,-5e-06,48.64283762
1668574186.97738,0.04331,0.04331,1.596e-05,-0.000135,39.30365631
1668574247.5981507,0.04331,0.043381,2.163e-05,-6.4e-05,44.05054458
1668574306.9769666,0.043463,0.043463,2.164e-05,-2.6e-05,51.19857807
1668574367.774625,0.043388,0.043388,5.46e-06,-0.000211,45.29236274
1668574427.7236793,0.043418,0.043418,4.67e-06,-0.000169,47.74511401
1668574487.7142656,0.043418,0.043419,4.75e-06,-0.000168,47.84649941
1668574548.83519,0.043481,0.043481,7.21e-06,-4.5e-05,53.82791989
1668574608.8065047,0.043442,0.043442,6.37e-06,-8.4e-05,49.90358168
1668574668.804478,0.043442,0.043486,9.88e-06,-4e-05,54.20494309
1668574729.9186878,0.043442,0.043486,9.88e-06,-4e-05,54.20494309
1668574789.7238157,0.043442,0.043486,9.88e-06,-4e-05,54.20494309
1668574849.6789944,0.043401,0.043401,4.65e-06,-9.1e-05,45.96293713
1668574910.4530206,0.043486,0.043475,7.14e-06,8.4e-05,52.76033206
1668574970.436417,0.043485,0.043486,8.95e-06,7e-05,53.76656148
1668575030.385438,0.043486,0.043486,1.04e-05,9.8e-05,53.76656148
1668575091.459717,0.043485,0.043485,1.134e-05,5.7e-05,53.64762544
1668575151.603553,0.043486,0.043486,1.202e-05,6.8e-05,53.75778559
1668575211.5298965,0.043457,0.043457,1.01e-05,3.8e-05,50.04343945
1668575272.4126852,0.04356,0.04356,2.194e-05,7.2e-05,61.23673071
1668575332.2582057,0.043485,0.043485,1.388e-05,-1e-06,52.32056282
1668575392.258886,0.043485,0.043457,1.165e-05,-2.9e-05,49.35812994
1668575453.1364708,0.043469,0.043469,1.028e-05,6.8e-05,50.72820313
1668575513.427178,0.043469,0.043457,9.32e-06,5.6e-05,49.35812994
1668575573.12224,0.043407,0.043407,3.41e-06,-5.9e-05,43.88276811
1668575633.985549,0.043407,0.043406,3.33e-06,-6e-05,43.78562418
1668575694.141132,0.043407,0.043406,3.33e-06,-6e-05,43.78562418
1668575754.3893094,0.043407,0.043407,-1.33e-06,-6.6e-05,43.91932055
1668575815.1130843,0.043483,0.043483,1.1e-06,-3e-06,53.05709524
1668575874.9003704,0.043499,0.043499,4.52e-06,1.3e-05,54.70065258
1668575934.9287844,0.043407,0.043407,-4.5e-07,-7.8e-05,44.80920217
1668575995.834489,0.043407,0.0434,-1.01e-06,-8.5e-05,44.20105275
1668576055.7318218,0.043448,0.043448,-1.49e-06,-3.8e-05,49.28400379
1668576115.9740417,0.043451,0.043451,-1.62e-06,-9.1e-05,49.59306529
1668576176.8317957,0.043426,0.043426,-3.69e-06,-4e-05,47.02148703
1668576236.5390785,0.04339,0.043346,-1.166e-05,-0.000111,39.89282191
1668576296.684842,0.04339,0.043349,-1.142e-05,-0.000108,40.12091596
1668576357.6417506,0.043348,0.043348,-1.742e-05,-0.000109,40.03873655
1668576417.6436503,0.043348,0.043348,-1.742e-05,-0.000109,40.03873655
1668576477.5652122,0.043348,0.043349,-2.185e-05,-5.7e-05,40.17071125
1668576538.5305026,0.043295,0.043294,-2.945e-05,-0.000113,35.5377638
1668576598.4024796,0.043295,0.043294,-2.945e-05,-0.000113,35.5377638
1668576658.4502902,0.043271,0.04322,-4.098e-05,-0.000267,30.4493784
1668576719.2984776,0.0432,0.0432,-5.237e-05,-0.000299,29.31494938
1668576779.5597043,0.04319,0.04319,-6e-05,-0.00021,29.00727404
1668576839.2876542,0.043281,0.043281,-6.068e-05,-0.000167,42.36062358
1668576900.5423274,0.043292,0.043211,-6.367e-05,-0.00024,37.71818661
1668576960.5138223,0.043349,0.043349,-5.379e-05,-7.7e-05,49.42299904
1668577020.428582,0.043349,0.043349,-5.379e-05,-7.7e-05,49.42299904
1668577081.5564914,0.043349,0.043349,-5.379e-05,-7.7e-05,49.42299904
1668577141.3973377,0.043349,0.043349,-4.594e-05,0.0,49.42299904
1668577201.8813353,0.043289,0.043289,-4.404e-05,-5.9e-05,45.04337894
1668577262.1999302,0.043289,0.043291,-4.388e-05,-5.7e-05,45.17682378
1668577322.1940565,0.043333,0.043333,-3.843e-05,-1.6e-05,48.61932874
1668577382.1695902,0.04332,0.04332,-3.475e-05,2.6e-05,47.62254324
1668577443.405749,0.04332,0.043349,-3.244e-05,5.5e-05,49.90971364
1668577503.0666168,0.04332,0.043349,-3.244e-05,5.5e-05,49.90971364
1668577563.0191407,0.04332,0.043349,-3.244e-05,5.5e-05,49.90971364
1668577624.058369,0.043285,0.043219,-3.774e-05,1.9e-05,40.9180088
1668577684.0224988,0.043285,0.043219,-3.774e-05,1.9e-05,40.9180088
1668577744.2431884,0.043285,0.043219,-3.774e-05,1.9e-05,40.9180088
1668577805.0927706,0.043285,0.043219,-3.774e-05,1.9e-05,40.9180088
1668577864.7977016,0.043285,0.043219,-3.774e-05,1.9e-05,40.9180088
1668577924.847037,0.043219,0.043219,-4.147e-05,1.5e-05,40.9180088
1668577985.79249,0.043219,0.043219,-4.147e-05,1.5e-05,40.9180088
1668578045.658172,0.043207,0.043207,-4.488e-05,5.6e-05,40.14375698
1668578105.727932,0.043207,0.043274,-3.953e-05,0.000123,45.71658941
1668578166.7879696,0.043349,0.043349,-3.158e-05,6.8e-05,51.50117373
1668578226.6834047,0.043315,0.043315,-2.684e-05,9.6e-05,48.92388762
1668578287.6717358,0.043356,0.043429,-1.263e-05,8e-05,56.80610025
1668578347.6878784,0.043396,0.043304,-1.351e-05,-4.5e-05,47.81144117
1668578407.9304922,0.043396,0.043239,-1.869e-05,-0.00011,44.15041791
1668578468.1626835,0.043296,0.043296,-1.85e-05,5e-06,47.91672009
1668578528.531522,0.043355,0.043355,-9.55e-06,2.2e-05,51.28623045
1668578588.6496947,0.043355,0.043355,-9.55e-06,2.2e-05,51.28623045
1668578648.4906738,0.043303,0.043303,-1.051e-05,-4.6e-05,48.10697395
1668578709.6460614,0.043239,0.043239,-1.625e-05,2e-05,44.45438572
1668578769.6488674,0.043239,0.043239,-1.625e-05,2e-05,44.45438572
1668578829.6430075,0.043285,0.043286,-1.681e-05,6.7e-05,47.60082731
1668578890.9028325,0.043286,0.043286,-1.706e-05,1.2e-05,47.60082731
1668578950.4716532,0.043286,0.043286,-1.706e-05,-7.7e-05,47.60082731
1668579010.4763367,0.043345,0.043345,-1.149e-05,-2e-06,51.82263733
1668579071.4018648,0.043398,0.043398,-1.8e-07,-2.8e-05,55.11509968
1668579131.5108042,0.043522,0.043522,2.607e-05,0.000163,62.19715394
1668579191.3531864,0.04365,0.04365,5.057e-05,0.000295,67.92345805
1668579252.973255,0.043602,0.043602,6.029e-05,0.000299,63.8336446
1668579312.9655366,0.043779,0.043779,8.866e-05,0.00054,72.77364284
1668579374.0814734,0.043739,0.043739,9.563e-05,0.000453,71.37552475
1668579433.846128,0.043748,0.043748,0.00010181,0.000462,70.59522036
1668579493.882349,0.043637,0.043637,8.842e-05,0.00034,61.13683532
1668579553.94428,0.043698,0.043698,9.433e-05,0.0003,63.96833748
1668579614.7343514,0.043772,0.043772,0.00010297,0.000366,67.15193819
1668579674.738402,0.043772,0.043845,0.00010879,0.000439,69.81384603
1668579734.7381985,0.043845,0.043899,0.00012244,0.000401,71.6443808
1668579795.495736,0.043877,0.043877,0.00012998,0.000274,69.78759404
1668579855.484859,0.043877,0.043741,0.00011913,0.000138,60.15070522
1668579915.720434,0.043741,0.043741,0.00011077,2e-05,60.15070522
1668579976.5642176,0.043825,0.043825,0.00011787,0.000105,63.74063599
1668580036.4957426,0.043825,0.043824,0.00011779,0.000104,63.69874748
1668580096.6000588,0.043825,0.043824,0.00011779,0.000104,63.69874748
1668580157.4017105,0.04385,0.04385,0.00011442,0.000278,63.81545771
1668580217.4332645,0.04385,0.043794,0.00010995,0.000222,61.24308635
1668580277.4943647,0.043845,0.043845,0.00010974,0.000183,63.76921334
1668580338.1378732,0.043845,0.043845,0.00010974,0.000183,63.76921334
1668580398.1398964,0.043845,0.043845,0.00010974,0.000183,63.76921334
1668580458.23357,0.043788,0.043788,0.00010378,7.8e-05,59.13040717
1668580519.7277386,0.043731,0.043844,0.00010276,-1e-06,62.20400917
1668580579.263332,0.043731,0.043844,0.00010276,-1e-06,62.20400917
1668580639.260486,0.043848,0.043899,0.00010481,0.0,64.89712196
1668580700.081103,0.043907,0.043907,0.00010555,0.000166,63.277132
1668580760.0530238,0.043907,0.043907,0.00010555,0.000166,63.277132
1668580820.0401058,0.043907,0.043907,0.00010555,0.000166,63.277132
1668580880.8606193,0.043907,0.043907,0.00010555,0.000166,63.277132
1668580940.8921752,0.043907,0.043907,0.00010555,0.000166,63.277132
1668581000.83663,0.04385,0.04385,8.916e-05,2.6e-05,57.53791839
1668581062.2614052,0.043744,0.043744,6.922e-05,-4.3e-05,51.41211036
1668581122.2128923,0.043744,0.043744,6.922e-05,-4.3e-05,51.41211036
1668581182.3720713,0.043744,0.043744,6.922e-05,-4.3e-05,51.41211036
1668581243.254122,0.04372,0.04372,5.784e-05,-7.4e-05,49.74496631
1668581303.0661902,0.043715,0.043715,4.78e-05,-0.00013,49.39076679
1668581363.0400488,0.043715,0.043715,4.78e-05,-0.00013,49.39076679
1668581423.8787794,0.043742,0.043742,4.161e-05,-5.2e-05,51.43102508
1668581543.833127,0.043715,0.043679,3.126e-05,-0.000165,46.70021274
1668581604.716272,0.043697,0.043697,1.929e-05,-0.000184,47.96066885
1668581664.5873785,0.043697,0.043697,1.334e-05,-0.00021,48.17325192
1668581724.6070378,0.043676,0.043676,7.3e-06,-0.000103,46.2585195
1668581785.6205509,0.043665,0.043665,1.49e-06,-7.4e-05,45.31467279
1668581845.7076552,0.043665,0.043665,1.49e-06,-7.4e-05,45.31467279
1668581905.6031666,0.043664,0.043664,-8.13e-06,-5.5e-05,46.26377056
1668581966.7402425,0.043687,0.043687,-6.66e-06,-2.8e-05,48.57451439
1668582026.4788284,0.043732,0.043732,-3.34e-06,-1e-05,53.13410244
1668582086.6022782,0.043732,0.043735,-3.1e-06,-7e-06,53.40831846
1668582147.2700596,0.043605,0.043605,-1.286e-05,-9.2e-05,40.94441165
1668582207.1984155,0.043605,0.043536,-1.836e-05,-0.000161,36.14635889
1668582267.2128332,0.043389,0.043389,-5.372e-05,-0.000299,28.39914286
1668582328.36772,0.043393,0.043393,-6.341e-05,-0.000272,29.10811748
1668582388.16988,0.043412,0.043412,-6.997e-05,-0.000253,30.0324458
1668582448.3034785,0.043486,0.043486,-6.301e-05,-0.000136,39.22730614
1668582508.894947,0.04344,0.04344,-6.584e-05,-0.000246,36.35431486
1668582568.9792695,0.043549,0.043549,-5.302e-05,-0.000136,44.56487665
1668582629.2009826,0.043549,0.043643,-4.552e-05,-4.2e-05,52.25701507
1668582690.0425315,0.043604,0.043604,-3.262e-05,-7.6e-05,49.06254652
1668582749.705727,0.043604,0.043575,-3.493e-05,-0.000105,46.85988702
1668582809.685141,0.043604,0.043594,-3.342e-05,-8.6e-05,48.27999073
1668582870.8262308,0.043668,0.04369,-2.211e-05,0.000154,55.60133822
1668582930.8560777,0.043668,0.04369,-2.211e-05,0.000154,55.60133822
1668582990.8713362,0.04369,0.04369,-1.3e-05,0.000273,55.60133822
1668583051.6747272,0.04369,0.04369,-1.3e-05,0.000273,55.60133822
1668583112.2678044,0.04362,0.04362,-1.129e-05,0.000193,49.65693196
1668583171.8128595,0.04362,0.04362,-1.129e-05,0.000193,49.65693196
1668583232.432209,0.043594,0.043594,-1.04e-05,7.5e-05,47.47944803
1668583292.6603825,0.043594,0.043646,-6.25e-06,0.000127,51.85006383
1668583352.429185,0.043646,0.043646,-2.4e-06,0.000138,51.60667944
1668583413.2088292,0.043646,0.043646,-2.4e-06,0.000138,51.60667944
1668583473.1528192,0.043646,0.043646,-2.4e-06,0.000138,51.60667944
1668583533.1930382,0.04357,0.04357,-6.66e-06,1.7e-05,45.2885673
1668583594.1423044,0.043637,0.043637,-3.3e-07,-6e-06,50.75385855
1668583654.2480843,0.043689,0.043689,7.73e-06,6.4e-05,55.28652424
1668583714.3321114,0.04361,0.04361,4.35e-06,1.6e-05,47.56552519
1668583775.0530252,0.043606,0.043606,1.94e-06,-8.4e-05,47.14242847
1668583834.9005332,0.043606,0.043606,1.94e-06,-8.4e-05,47.14242847
1668583894.9564104,0.043606,0.043606,1.94e-06,-8.4e-05,47.14242847
1668583955.6860669,0.043606,0.043606,1.94e-06,-8.4e-05,47.14242847
1668584015.6841428,0.043606,0.043606,1.94e-06,-8.4e-05,47.14242847
1668584075.8079755,0.04355,0.04355,-7.03e-06,-7e-05,41.99609672
1668584136.891303,0.04355,0.04355,-7.03e-06,-7e-05,41.99609672
1668584196.7051277,0.043623,0.043623,-6.18e-06,-4.3e-05,49.78841139
1668584256.684265,0.043623,0.04364,-4.82e-06,-2.6e-05,51.4051978
1668584317.3902776,0.043623,0.04364,-4.82e-06,-2.6e-05,51.4051978
1668584377.397944,0.04369,0.04369,1.04e-06,4.4e-05,55.90265367
1668584437.3986409,0.043767,0.043767,2.204e-05,0.000128,58.32253727
1668584498.2689044,0.043767,0.043747,2.045e-05,0.000108,56.80120543
1668584558.512031,0.043767,0.043747,2.045e-05,0.000108,56.80120543
1668584618.520692,0.043767,0.043747,2.045e-05,0.000108,56.80120543
1668584680.3362925,0.043717,0.043717,2.259e-05,2.7e-05,54.50454796
1668584739.4878397,0.043717,0.043679,1.956e-05,-1.1e-05,51.84907414
1668584799.301261,0.04359,0.04359,1.154e-05,-9.9e-05,46.1748572
1668584860.2272482,0.043589,0.043589,5.05e-06,-3.1e-05,46.11379247
1668584920.123814,0.043588,0.043588,-2.4e-07,-1.8e-05,46.05288903
1668584980.1836476,0.043541,0.043541,-9.61e-06,-6.5e-05,43.0700402
1668585041.4014802,0.043541,0.04352,-1.128e-05,-8.6e-05,41.81221256
1668585101.3809814,0.04352,0.04352,-1.824e-05,-3e-05,41.81221256
1668585161.9280286,0.04352,0.04352,-1.824e-05,-3e-05,41.81221256
1668585222.1674168,0.04352,0.04352,-1.824e-05,-3e-05,41.81221256
1668585282.0434089,0.043606,0.043606,-1.662e-05,-5e-06,48.90006587
1668585342.0892546,0.043589,0.043589,-1.997e-05,-5.1e-05,47.86627858
1668585403.4514058,0.043623,0.043623,-1.56e-05,-0.000234,50.62644593
1668585463.3875382,0.043623,0.043637,-1.449e-05,-0.00022,51.69970765
1668585523.2088895,0.043701,0.043701,-5.48e-06,-4.6e-05,56.36892201
1668585583.8770933,0.04369,0.04369,7.6e-07,1.1e-05,55.37802412
1668585643.911774,0.043863,0.043796,2.475e-05,0.000206,59.90405335
1668585704.0150063,0.044028,0.044047,6.529e-05,0.000459,72.58742988
1668585764.692113,0.043987,0.043979,7.092e-05,0.000416,67.22220384
1668585824.665165,0.043944,0.043944,7.898e-05,0.000424,64.26636478
1668585884.680261,0.0439,0.0439,7.799e-05,0.00038,61.04319877
1668585946.0496032,0.043888,0.043888,7.62e-05,0.000338,59.77866436
1668586005.9411016,0.044047,0.044047,9.484e-05,0.000449,66.57006617
1668586065.848052,0.043987,0.043987,8.624e-05,0.00035,61.32743319
1668586126.7000487,0.043954,0.043954,8.473e-05,0.000253,60.03610794
1668586186.70219,0.043917,0.043917,8.151e-05,5.4e-05,57.61215096
1668586246.7363906,0.043917,0.043865,7.736e-05,2e-06,54.3743518
1668586307.554244,0.043992,0.043992,8.356e-05,-1.2e-05,60.9050945
1668586367.347519,0.043992,0.043992,8.356e-05,-1.2e-05,60.9050945
1668586427.2997923,0.043977,0.043977,8.182e-05,-5e-06,59.41235388
1668586488.3111424,0.043965,0.043965,7.927e-05,6.5e-05,58.72547723
1668586548.4062357,0.043974,0.043974,8.221e-05,0.000105,57.63272142
1668586608.323481,0.044055,0.044055,8.898e-05,6.5e-05,62.99195033
1668586669.1546323,0.044019,0.044019,8.449e-05,0.00015,60.74575072
1668586729.623107,0.044019,0.043963,8.003e-05,9.4e-05,56.25288423
1668586789.2209387,0.04394,0.04394,7.251e-05,-1e-05,54.47092862
1668586849.9539857,0.043925,0.043925,6.368e-05,-2.2e-05,53.36837557
1668586909.8231597,0.043925,0.04394,6.488e-05,-7e-06,54.36317341
1668586969.858735,0.043929,0.043993,6.332e-05,9.1e-05,57.78961183
1668587030.7126272,0.043929,0.043994,6.34e-05,9.2e-05,57.84932308
1668587090.6414251,0.04394,0.04394,5.172e-05,-1.3e-05,53.45208552
1668587150.614782,0.043955,0.043955,4.863e-05,-1.4e-05,54.51291916
1668587212.017694,0.044,0.044,4.863e-05,-4e-05,57.77721259
1668587271.5279157,0.04398,0.044,4.807e-05,-3.3e-05,57.77721259
1668587331.5986872,0.044057,0.044057,5.526e-05,3.8e-05,61.45548772
1668587392.3455567,0.044055,0.044055,5.655e-05,9.2e-05,61.219032
1668587452.319931,0.04406,0.04406,5.743e-05,0.000135,61.73642257
1668587512.2721336,0.044076,0.044076,5.522e-05,0.000136,61.10292287
1668587573.433494,0.044076,0.044057,5.371e-05,0.000117,59.81774126
1668587633.372978,0.044076,0.044076,5.424e-05,0.000136,61.30067021
1668587693.6360314,0.044229,0.044293,8.167e-05,0.000343,72.92359958
1668587754.2706034,0.044292,0.044292,8.698e-05,0.000337,71.43831097
1668587814.119334,0.044183,0.044183,8.663e-05,0.000183,60.91095075
1668587874.1937034,0.044273,0.044273,9.785e-05,0.000214,69.13306182
1668587935.1053908,0.044352,0.044338,0.00010705,0.000279,72.16910832
1668587994.8525105,0.044351,0.044402,0.00011694,0.000343,74.84846334
1668588055.0519643,0.044377,0.044412,0.00012335,0.000405,75.25522376
1668588115.709512,0.044423,0.044299,0.00011795,0.000242,62.88007707
1668588175.6004736,0.044332,0.044332,0.00011501,0.000275,64.70540974
1668588235.578756,0.044357,0.044407,0.00011891,0.000166,68.41619625
1668588296.684978,0.044407,0.044389,0.00011762,0.000175,66.56328785
1668588356.7816346,0.044323,0.044323,0.00010538,2.7e-05,60.33340376
1668588416.6547065,0.04436,0.044146,8.805e-05,-0.000127,47.43746794
1668588477.4595947,0.044244,0.044189,7.397e-05,-0.000116,49.97281305
1668588537.3620365,0.04419,0.044255,6.809e-05,-9.6e-05,53.62246538
1668588597.32668,0.044255,0.044255,6.197e-05,-0.000147,53.62246538
1668588658.0425787,0.044255,0.044229,5.989e-05,-0.000173,51.99213984
1668588717.9870763,0.04426,0.04426,5.526e-05,-0.000152,53.79590923
1668588778.139223,0.044272,0.044144,4.174e-05,-0.000155,46.72183611
1668588839.1104028,0.044162,0.044137,3.012e-05,-0.00022,46.32595082
1668588898.0250788,0.044137,0.044137,2.067e-05,-0.00027,46.32595082
1668588958.1834912,0.044173,0.044173,1.818e-05,-0.000141,48.73039102
1668589018.3762426,0.044125,0.044125,9.88e-06,-0.000245,45.57920062
1668589078.0792165,0.044125,0.044125,3.27e-06,-2.1e-05,45.57920062
1668589138.0480888,0.044183,0.044181,2.51e-06,-2e-05,49.95772665
1668589198.1782846,0.044183,0.044181,2.51e-06,-2e-05,49.95772665
1668589258.144019,0.044168,0.044168,8.6e-07,-8.7e-05,48.97267977
1668589318.2033608,0.044125,0.044125,-6.53e-06,-0.000104,45.97424932
1668589378.088366,0.044059,0.044059,-1.771e-05,-0.000201,41.66425948
1668589438.0457706,0.044077,0.044084,-2.134e-05,-6e-05,43.92366585
1668589498.17582,0.0441,0.0441,-2.266e-05,-3.7e-05,45.38168291
1668589558.9291055,0.0441,0.0441,-2.266e-05,-3.7e-05,45.38168291
1668589618.1671531,0.044169,0.044169,-1.403e-05,-4e-06,51.26639623
1668589678.1287549,0.04419,0.04419,-9.13e-06,6.5e-05,53.0518359
1668589738.2592747,0.04419,0.04419,-9.13e-06,6.5e-05,53.0518359
1668589798.135183,0.044256,0.044256,7e-08,0.000131,58.23121626
1668589858.1427014,0.044296,0.044299,1.17e-05,0.000118,61.15787761
1668589918.308828,0.044299,0.044299,1.924e-05,0.000174,61.19285742
1668589978.1394494,0.044299,0.044299,1.924e-05,0.000174,61.19285742
1668590038.4089067,0.044299,0.044299,1.924e-05,0.000174,61.19285742
1668590098.2661276,0.044299,0.044299,1.924e-05,0.000174,61.19285742
1668590158.10655,0.044276,0.044276,2.354e-05,0.000198,58.57947794
1668590218.1326804,0.044287,0.044287,2.751e-05,0.000228,59.47097001
1668590278.1504157,0.044218,0.044218,2.481e-05,0.000134,51.92189804
1668590338.3732636,0.044218,0.044212,2.433e-05,0.000128,51.35504069
1668590398.1116762,0.044212,0.044208,2.124e-05,0.000108,50.95563992
1668590459.3872125,0.044225,0.044253,3.091e-05,8.4e-05,53.14623265
1668590519.5530496,0.044253,0.04428,3.142e-05,0.000111,55.01738172
1668590578.1616576,0.0443,0.0443,3.305e-05,0.00011,56.40618168
1668590638.1999693,0.044304,0.044256,3.044e-05,-1.6e-05,52.56142004
1668590698.2491405,0.044299,0.044299,3.148e-05,7e-06,55.73673376
1668590758.320592,0.044299,0.044301,3.21e-05,2e-06,55.88464153
1668590818.2923677,0.044299,0.044301,3.21e-05,2e-06,55.88464153
1668590878.1720662,0.044301,0.044373,3.796e-05,9.7e-05,60.94427879
1668590938.8377087,0.044374,0.044373,4.212e-05,8.6e-05,60.94427879
1668590998.190405,0.044371,0.044371,4.474e-05,0.000159,60.71992796
1668591058.2130115,0.044522,0.044632,8.12e-05,0.000282,73.66491786
1668591118.2834494,0.044722,0.044748,0.0001097,0.000495,77.25187899
1668591178.234793,0.044744,0.044712,0.00012191,0.000432,73.68676555
1668591238.2002318,0.0446,0.04462,0.00012213,0.00032,65.43984916
1668591298.2529664,0.044619,0.044619,0.00012145,0.000363,65.3535606
1668591358.8379884,0.044616,0.044616,0.00011684,0.000317,63.88187017
1668591418.1190104,0.04464,0.04468,0.00011635,0.000379,66.43233411
1668591478.3587997,0.044615,0.044506,0.00010075,0.000133,54.74015152
1668591538.120593,0.044365,0.044337,7.346e-05,-3.6e-05,45.11848353
1668591598.2140973,0.0444,0.0444,6.001e-05,-0.0002,48.82364936
1668591658.236918,0.04445,0.0444,5.507e-05,-0.000328,48.69867051
1668591718.755798,0.04437,0.04437,3.879e-05,-0.000378,47.51870607
1668591778.4325716,0.044434,0.044434,3.376e-05,-0.000268,50.74629498
1668591838.0892572,0.044472,0.044472,3.246e-05,-0.000148,52.60988242
1668591898.1777437,0.044429,0.044396,2.501e-05,-0.000183,48.64556181
1668591958.2747817,0.04437,0.044363,1.626e-05,-0.000202,46.9898287
1668592018.3217108,0.044422,0.044373,1.002e-05,-0.000255,47.57217284
1668592078.2476294,0.04435,0.04435,3.18e-06,-9.6e-05,46.31201005
1668592138.6450973,0.044202,0.044202,-1.957e-05,-0.000135,39.39460945
1668592198.4247365,0.044202,0.044202,-3.154e-05,-0.0003,39.39460945
1668592258.7134778,0.04426,0.04426,-3.594e-05,-9.1e-05,43.41071613
1668592318.155738,0.044327,0.044327,-2.95e-05,-4.3e-05,47.43455981
1668592378.2810235,0.044327,0.044279,-3.072e-05,-0.000155,44.95314996
1668592494.067984,0.044373,0.044373,-2.507e-05,-2.3e-05,50.77987891
1668592498.2960794,0.044373,0.044373,-2.507e-05,-2.3e-05,50.77987891
1668592558.4237218,0.044473,0.044391,-1.581e-05,2.8e-05,51.53760344
1668592621.846942,0.044338,0.044338,-1.615e-05,-3.5e-05,48.44999547
1668592678.515992,0.044338,0.044338,-1.615e-05,-3.5e-05,48.44999547
1668592759.324338,0.04433,0.04433,-1.632e-05,7e-05,47.97702936
1668592798.2982504,0.04433,0.04433,-1.632e-05,7e-05,47.97702936
1668592858.4892666,0.044321,0.04433,-1.626e-05,0.000128,47.97702936
1668592918.3683684,0.0443,0.0443,-1.842e-05,9.8e-05,46.02308308
1668592978.3077648,0.0443,0.0443,-1.842e-05,9.8e-05,46.02308308
1668593038.3084788,0.044299,0.044202,-2.995e-05,-0.000148,39.9528853
1668593098.416285,0.044226,0.044237,-3.35e-05,-4.2e-05,42.9428897
1668593158.346068,0.044231,0.044231,-3.625e-05,-7.1e-05,42.56000575
1668593218.2842743,0.044171,0.044171,-4.66e-05,-0.00025,39.14794542
1668593278.3223248,0.044237,0.044237,-4.097e-05,-0.000145,44.49976605
1668593338.3321505,0.044236,0.044237,-4.022e-05,-0.000101,44.49976605
1668593398.555559,0.044178,0.04417,-4.451e-05,-0.00016,40.03544074
1668593458.3085196,0.044178,0.044169,-4.459e-05,-0.000161,39.9755833
1668593518.3867135,0.044177,0.044182,-4.648e-05,-0.000148,41.20622848
1668593578.3008566,0.044168,0.044182,-4.742e-05,-0.000118,41.20622848
1668593638.782198,0.044188,0.044212,-4.523e-05,-6.7e-05,44.26455365
1668593698.4183736,0.044237,0.044237,-4.1e-05,3.7e-05,46.75038822
1668593758.5965445,0.044235,0.044234,-3.747e-05,-3e-06,46.48247391
1668593818.3567286,0.044238,0.044277,-3.065e-05,0.000108,50.82056803
1668593880.1642096,0.044348,0.044277,-2.515e-05,4e-05,50.82056803
1668593938.449971,0.044277,0.044277,-2.055e-05,4e-05,50.82056803
1668593998.290138,0.044277,0.044262,-2.175e-05,2.5e-05,49.18550347
1668594058.3559306,0.0443,0.044309,-1.509e-05,7.2e-05,54.16188246
1668594118.3363056,0.044308,0.044366,-5.27e-06,0.000197,59.37149516
1668594178.3572342,0.044374,0.044311,-1.23e-06,0.000129,52.95449755
1668594238.375172,0.044375,0.044375,6.49e-06,0.000193,58.28624877
1668594298.5420976,0.044478,0.044587,3.228e-05,0.000375,70.15943027
1668594358.369042,0.044466,0.044466,3.927e-05,0.000229,59.68078255
1668594418.6762683,0.044391,0.044391,3.395e-05,0.000154,54.52965219
1668594478.384365,0.044391,0.04442,3.627e-05,0.000183,56.10720072
1668594538.8996527,0.04442,0.04443,3.899e-05,0.000153,56.66550998
1668594598.51253,0.044355,0.044329,3.261e-05,5.2e-05,49.77851812
1668594658.2864468,0.044355,0.04442,3.987e-05,0.000143,55.89977881
1668594718.3850229,0.044352,0.044352,3.469e-05,9e-05,50.86616269
1668594778.4007342,0.044352,0.044398,3.836e-05,0.000136,54.16562103
1668594838.3682392,0.044352,0.044398,3.836e-05,0.000136,54.16562103
1668594898.2692318,0.044352,0.044398,3.836e-05,0.000136,54.16562103
1668594958.537503,0.044391,0.044534,4.758e-05,0.000227,62.01134986
1668595018.4865782,0.044391,0.044473,4.272e-05,0.000166,58.85212703
1668595078.5999367,0.0445,0.044533,4.931e-05,0.000222,61.19453197
1668595138.3753405,0.04453,0.04453,5.438e-05,0.000108,60.90939965
1668595198.3358982,0.044522,0.044488,5.531e-05,-9.5e-05,57.05700714
1668595258.3407004,0.044489,0.044489,5.559e-05,9.8e-05,57.03345912
1668595318.6323006,0.044489,0.044507,5.703e-05,0.000116,58.53065548
1668595378.5475729,0.0444,0.044371,4.575e-05,-4.9e-05,48.11133158
1668599633.3113933,0.044532,0.044509,6.609e-05,0.000276,61.50091034
1668599634.0230162,0.044532,0.044509,6.609e-05,0.000276,61.50091034
1668599635.0421202,0.044532,0.044509,6.609e-05,0.000276,61.50091034
1668599636.029992,0.044532,0.044509,6.609e-05,0.000276,61.50091034
1668599636.5032506,0.044532,0.044509,6.609e-05,0.000276,61.50091034
1668599637.4026444,0.044532,0.044509,6.609e-05,0.000276,61.50091034
1668599637.8443973,0.044532,0.044509,6.609e-05,0.000276,61.50091034
1668599639.6048567,0.044532,0.044509,6.609e-05,0.000276,61.50091034
1668599640.1719656,0.044532,0.044509,6.609e-05,0.000276,61.50091034
1668599641.9236526,0.044532,0.044509,6.609e-05,0.000276,61.50091034
1668599644.103259,0.044532,0.044509,6.609e-05,0.000276,61.50091034
1668599645.0039606,0.044532,0.044509,6.609e-05,0.000276,61.50091034
1668599645.8001206,0.044532,0.044509,6.609e-05,0.000276,61.50091034
1668599646.7110007,0.044532,0.044509,6.609e-05,0.000276,61.50091034
1668599647.4924345,0.044532,0.044509,6.609e-05,0.000276,61.50091034
1668599648.083502,0.044532,0.044509,6.609e-05,0.000276,61.50091034
1668599648.557847,0.044532,0.044509,6.609e-05,0.000276,61.50091034
1668599649.57591,0.044532,0.044509,6.609e-05,0.000276,61.50091034
1668599651.013181,0.044532,0.044509,6.609e-05,0.000276,61.50091034
1668599652.4237518,0.044532,0.044509,6.609e-05,0.000276,61.50091034
1668599653.544764,0.044532,0.044509,6.609e-05,0.000276,61.50091034
1668599654.3144364,0.044532,0.044509,6.609e-05,0.000276,61.50091034
1668599654.686486,0.044532,0.044509,6.609e-05,0.000276,61.50091034
1668599655.8764544,0.044532,0.044509,6.609e-05,0.000276,61.50091034
1668599656.811573,0.044532,0.044509,6.609e-05,0.000276,61.50091034
1668599657.7643085,0.044532,0.044509,6.609e-05,0.000276,61.50091034
1668599658.676963,0.044532,0.044509,6.609e-05,0.000276,61.50091034
1668599659.2935913,0.044532,0.044509,6.609e-05,0.000276,61.50091034
1668599660.4370732,0.044478,0.044478,6.449e-05,0.000245,59.88500456
1668599662.4494898,0.044532,0.044509,6.609e-05,0.000276,61.50091034
1668599663.413468,0.044478,0.044478,6.449e-05,0.000245,59.88500456
1668599664.8532598,0.044478,0.044478,6.449e-05,0.000245,59.88500456
1668599666.144443,0.044478,0.044478,6.449e-05,0.000245,59.88500456
1668599666.5210292,0.044478,0.044478,6.449e-05,0.000245,59.88500456
1668599666.9499547,0.044478,0.044478,6.449e-05,0.000245,59.88500456
1668599668.088087,0.044478,0.044478,6.449e-05,0.000245,59.88500456
1668599669.0796914,0.044478,0.044478,6.449e-05,0.000245,59.88500456
1668599671.4834082,0.044478,0.044478,6.449e-05,0.000245,59.88500456
1668599672.7129962,0.044478,0.044478,6.449e-05,0.000245,59.88500456
1668599673.8873582,0.044478,0.044478,6.449e-05,0.000245,59.88500456
1668599674.897642,0.044478,0.044478,6.449e-05,0.000245,59.88500456
1668599675.1922977,0.044478,0.044478,6.449e-05,0.000245,59.88500456
1668599676.5785902,0.044478,0.044478,6.449e-05,0.000245,59.88500456
1668599677.85383,0.044478,0.044478,6.449e-05,0.000245,59.88500456
1668599678.3911428,0.044478,0.044478,6.449e-05,0.000245,59.88500456
1668599679.3971546,0.044478,0.044478,6.449e-05,0.000245,59.88500456
1668599680.5059607,0.044478,0.044478,6.449e-05,0.000245,59.88500456
1668599680.908985,0.044478,0.044478,6.449e-05,0.000245,59.88500456
1668599682.4151871,0.044478,0.044478,6.449e-05,0.000245,59.88500456
1668599683.6127262,0.044478,0.044478,6.449e-05,0.000245,59.88500456
1668599685.25802,0.044478,0.044478,6.449e-05,0.000245,59.88500456
1668599685.7742531,0.044478,0.044478,6.449e-05,0.000245,59.88500456
1668599687.6574357,0.044478,0.044478,6.449e-05,0.000245,59.88500456
1668599688.2763138,0.044478,0.044478,6.449e-05,0.000245,59.88500456
1668599690.3020525,0.044478,0.044478,6.449e-05,0.000245,59.88500456
1668599692.5010064,0.044478,0.044478,6.449e-05,0.000245,59.88500456
1668599692.9242852,0.044478,0.044478,6.449e-05,0.000245,59.88500456
1668599693.6896873,0.044478,0.044478,6.449e-05,0.000245,59.88500456
1668599694.2833924,0.044478,0.044478,6.449e-05,0.000245,59.88500456
1668599695.654738,0.044478,0.044478,6.449e-05,0.000245,59.88500456
1668599696.317767,0.044478,0.044478,6.449e-05,0.000245,59.88500456
1668599697.64087,0.044478,0.044478,6.449e-05,0.000245,59.88500456
1668599704.1001632,0.044478,0.04439,5.747e-05,0.000157,53.07480774
1668599763.9318695,0.04439,0.044427,5.495e-05,0.000137,55.37278183
1668599824.183458,0.044447,0.04449,5.855e-05,0.000257,58.97716122
1668599884.7508397,0.044447,0.044467,5.799e-05,0.0001,57.00657316
1668599944.7741313,0.044467,0.044501,5.929e-05,0.000111,59.03008084
1668600004.8139503,0.044491,0.044526,6.249e-05,8.7e-05,60.44528174
1668600065.7692423,0.044562,0.044491,5.993e-05,-0.00011,57.63065792
1668600125.8405085,0.044526,0.044491,6.01e-05,-0.000108,57.15814232
1668600185.85002,0.044491,0.044491,5.735e-05,3.6e-05,57.15814232
1668600247.3980749,0.044417,0.044491,5.282e-05,1.3e-05,56.6816611
1668600307.315534,0.044542,0.044597,6.645e-05,0.000207,62.45868587
1668600367.3578467,0.04453,0.044539,5.993e-05,9.3e-05,57.47267507
1668600428.186286,0.044589,0.044564,6.032e-05,6.9e-05,59.02306109
1668600488.1691487,0.044596,0.044596,6.25e-05,0.000129,60.98376403
1668600548.392918,0.04455,0.044743,8.002e-05,0.000228,68.221158
1668600608.9372225,0.044713,0.044752,9.028e-05,0.000237,67.69716888
1668600669.0620255,0.044777,0.044721,9.707e-05,0.000195,62.90240126
1668600729.2966156,0.044731,0.044731,9.814e-05,0.00024,63.38531046
1668600790.1797578,0.0448,0.0448,0.00010633,0.000337,66.46766641
1668600850.2739997,0.044793,0.044748,0.00010118,0.000134,62.96323994
1668600910.2937176,0.044834,0.044834,0.0001061,0.000304,67.12014679
1668600971.0600653,0.044887,0.044887,0.0001229,0.000323,65.99045756
1668601030.964893,0.044792,0.044792,0.00011493,0.000118,58.84794288
1668601091.4283254,0.044741,0.044741,0.00010036,-2.8e-05,55.51419368
1668601152.5661948,0.044799,0.044799,9.896e-05,-1.6e-05,58.33222404
1668601212.5500977,0.044799,0.0448,9.903e-05,-1.5e-05,58.38034733
1668601272.4773664,0.0448,0.0448,9.405e-05,7.9e-05,58.38034733
1668601333.4716754,0.0448,0.0448,8.908e-05,2.1e-05,58.38034733
1668601393.5657191,0.0448,0.04477,8.668e-05,-9e-06,56.12505719
1668601453.7435417,0.0448,0.04477,8.668e-05,-9e-06,56.12505719
1668601514.841626,0.044732,0.044732,7.689e-05,-1.6e-05,53.31550994
1668601574.3806243,0.04485,0.04485,7.268e-05,-0.000109,60.30311122
1668601634.784654,0.044876,0.044876,7.655e-05,-1.1e-05,61.56512884
1668601695.403717,0.044873,0.044873,7.716e-05,-2e-06,61.11058481
1668601755.5402544,0.044873,0.045179,0.00010157,0.000304,73.34979562
1668601815.443015,0.04512,0.045069,0.00010987,0.000337,66.03823379
1668601876.2233577,0.045061,0.045061,0.00011857,0.000261,65.47255829
1668601936.3188365,0.045034,0.045034,0.00012007,0.000234,62.00043063
1668601996.398291,0.045034,0.045117,0.00012669,0.000317,67.60466824
1668602057.4926336,0.045095,0.045024,0.00012156,0.000254,60.5401806
1668602117.4730337,0.045036,0.045036,0.00010928,0.000265,60.44942406
1668602177.3773074,0.045036,0.044923,0.00010027,0.000152,53.48110622
1668602238.2854123,0.045,0.045,8.922e-05,0.000118,57.38721764
1668602298.270354,0.045,0.045,8.922e-05,0.000118,57.38721764
1668602358.1777768,0.045,0.045,8.442e-05,-0.000163,57.38721764
1668602419.2757468,0.04495,0.044925,7.439e-05,-0.000144,52.0344534
1668602480.3167183,0.044908,0.044726,4.912e-05,-0.000335,41.46444748
1668602539.2046597,0.044662,0.044662,6.38e-06,-0.000455,38.56074678
1668602600.0657773,0.044662,0.04472,1.101e-05,-0.000397,42.24849592
1668602660.2354145,0.044715,0.044715,-2.47e-06,-0.000272,42.0143751
1668602720.3026953,0.04466,0.04466,-2.864e-05,-0.000263,39.41044975
1668602781.8290415,0.04466,0.044576,-3.534e-05,-0.000347,35.78606064
1668602841.72058,0.04466,0.044576,-3.534e-05,-0.000347,35.78606064
1668602902.0426548,0.0446,0.0446,-5.478e-05,-0.0004,38.10329527
1668602963.3373113,0.044716,0.044716,-4.632e-05,-0.000295,45.37547734
1668603022.5317173,0.044716,0.044716,-4.632e-05,-0.000295,45.37547734
1668603082.630744,0.04471,0.04471,-4.515e-05,-7.9e-05,45.22520808
1668603143.6474712,0.04471,0.044711,-4.507e-05,-7.8e-05,45.29643188
1668603203.6121323,0.04471,0.04482,-3.638e-05,3.1e-05,52.08724908
1668603263.7202585,0.04482,0.04482,-2.807e-05,0.000158,52.08724908
1668603324.7683434,0.044761,0.044761,-2.035e-05,4.1e-05,48.05433885
1668603384.7096283,0.044761,0.044761,-2.035e-05,4.1e-05,48.05433885
1668603444.997493,0.044819,0.044819,-7.58e-06,0.000243,52.01326333
1668603506.534315,0.044819,0.044761,-1.22e-05,0.000185,47.47700964
1668603565.978583,0.044762,0.044762,-1.275e-05,0.000139,47.56192508
1668603626.0966637,0.04482,0.04482,-8.54e-06,0.000104,52.70251356
1668603686.7883863,0.045004,0.045004,2.584e-05,0.000305,61.24046173
1668603746.8176425,0.04529,0.04529,7.665e-05,0.00047,74.00477259
1668603806.7298956,0.0452,0.0452,8.499e-05,0.00038,67.47951442
1668603867.9080544,0.045215,0.045215,9.664e-05,0.000395,67.61688292
1668603927.8595111,0.045324,0.045324,0.00012267,0.000505,69.74316724
1668603988.16601,0.045254,0.045254,0.00012463,0.000435,65.11425359
1668604048.816501,0.045333,0.045333,0.00014303,0.000572,65.99943463
1668604108.817778,0.045232,0.045232,0.00013278,0.00047,60.39705178
1668604168.951794,0.04517,0.04517,0.00012029,0.000409,57.20483714
1668604229.8211849,0.045027,0.045027,9.137e-05,-5.3e-05,50.61930435
1668604289.899321,0.045125,0.045125,9.017e-05,-0.000165,54.45615921
1668604349.9344418,0.045125,0.045094,8.77e-05,-0.000196,53.22213651
1668604410.9378638,0.045163,0.045163,8.247e-05,-2.5e-05,55.84331462
1668604471.082686,0.045023,0.045023,5.878e-05,-0.000331,49.55072968
1668604531.759938,0.045023,0.04514,6.811e-05,-0.000214,54.17367715
1668604592.3761756,0.045023,0.04514,6.811e-05,-0.000214,54.17367715
1668604652.371833,0.04507,0.04507,5.65e-05,-0.000333,50.93504019
1668604712.34762,0.045025,0.045025,4.155e-05,-0.000216,49.1380461
1668604773.3447442,0.045071,0.045071,3.981e-05,-0.0001,51.07202865
1668604833.3462462,0.045071,0.045,3.414e-05,-0.000171,48.03744912
1668604893.3190231,0.045005,0.045001,2.522e-05,-4e-06,48.08426548
1668604954.3980112,0.045,0.045,1.188e-05,-9.4e-05,48.03765606
1668605014.3117826,0.045,0.044945,7.5e-06,-0.000149,45.42937268
1668605075.820866,0.044899,0.044899,-1.356e-05,-0.000119,43.30786223
1668605138.5300183,0.044912,0.044912,-1.68e-05,-0.000228,44.36773806
1668605198.903613,0.045083,0.045083,-2.96e-06,-5.7e-05,53.53432787
1668605285.80971,0.044945,0.045044,-5.8e-06,3.8e-05,51.74792687
1668605333.2004738,0.045114,0.045114,2.81e-06,4.4e-05,55.63577586
1668605387.5765362,0.044957,0.044957,-7.81e-06,-4.3e-05,46.34729174
1668605447.4102497,0.045026,0.045353,1.636e-05,0.000352,63.33060402
1668605508.139843,0.045227,0.045195,2.121e-05,0.000195,57.0781173
1668605594.8338,0.044665,0.044665,-3.796e-05,-0.000235,38.57427096
1668605629.5750887,0.044665,0.044674,-3.724e-05,-0.000226,38.93615716
1668605689.1845746,0.044777,0.044777,-4.744e-05,-0.000168,43.03245527
1668605749.816017,0.045108,0.045108,-1.261e-05,0.000108,53.33104265
1668605809.1537464,0.045156,0.045156,7.74e-06,0.000156,54.23181749
1668605870.0096445,0.045293,0.045293,3.685e-05,0.000249,57.98901258
1668605930.062516,0.045319,0.045319,5.354e-05,0.000283,58.67253427
1668605990.0131135,0.045319,0.04521,4.484e-05,0.000174,54.90738006
1668606050.821692,0.04521,0.04521,4.972e-05,0.000319,54.90738006
1668606110.6751504,0.045213,0.045213,4.915e-05,-5.2e-05,54.74343915
1668606170.725159,0.045042,0.045123,4.004e-05,-7.2e-05,51.8723921
1668606231.4966197,0.045134,0.04513,3.856e-05,0.000466,52.13443558
1668606291.6115346,0.0452,0.0452,4.605e-05,0.000512,54.61954056
1668606351.526119,0.045054,0.045054,2.947e-05,5e-06,48.82112473
1668606412.3847415,0.045054,0.045054,2.251e-05,-0.000153,48.82112473
1668606472.4365911,0.044954,0.044873,-5.77e-06,-0.000421,42.3307329
1668606532.639885,0.044922,0.044922,-1.268e-05,-0.000385,44.0013633
1668606593.5732846,0.044922,0.044961,-9.56e-06,-0.000346,45.83370692
1668606653.352018,0.045081,0.045081,-5.92e-06,-0.000129,51.13221324
1668606713.3666315,0.045193,0.045179,7.71e-06,3.5e-05,54.88087528
1668606774.141761,0.045193,0.045174,7.31e-06,3e-05,54.69728062
1668606834.1295683,0.045249,0.045199,1.666e-05,6.8e-05,55.66860759
1668606894.083152,0.045249,0.045365,4.011e-05,0.000235,61.45162324
1668606955.1625552,0.04535,0.045411,5.98e-05,0.000217,62.8824946
1668607015.076517,0.045636,0.045577,0.0001004,0.000479,65.80731764
1668607075.099818,0.04561,0.045615,0.00012163,0.000561,67.37891468
1668607135.9479833,0.045643,0.045613,0.00013682,0.000691,66.43059295
1668607196.7422123,0.045603,0.045611,0.00014464,0.000689,66.13189732
1668607255.9746232,0.045635,0.045457,0.0001393,0.000496,57.46166837
1668607316.7373867,0.045414,0.045425,0.0001296,0.000297,55.94586993
1668607376.97273,0.045343,0.045343,0.00010886,0.000169,52.44038081
1668607436.6941535,0.045361,0.045361,9.86e-05,0.000112,53.16581392
1668607497.792326,0.04568,0.045776,0.0001407,0.000391,65.8411891
1668607557.907,0.045774,0.045683,0.00013974,4.7e-05,63.36186998
1668607617.8562615,0.045676,0.04564,0.00014014,3.7e-05,60.99404949
1668607678.8482118,0.045725,0.045868,0.00015629,0.000225,67.45649828
1668607738.566276,0.045854,0.04575,0.00015751,0.000147,61.82963504
1668607799.1127164,0.045746,0.045934,0.00017899,0.000293,69.17426108
1668607859.2805262,0.04585,0.045855,0.00017154,0.00039,65.32494778
1668607919.3549695,0.045851,0.045789,0.00016267,0.000439,63.07811538
1668607979.6327636,0.045851,0.045733,0.0001582,0.000383,60.12270902
1668608040.2673843,0.045733,0.0457,0.00014066,2.6e-05,57.96625897
1668608100.298007,0.045766,0.045711,0.0001339,2.2e-05,58.46377459
1668608160.167913,0.04572,0.04572,0.00012542,2.5e-05,58.87664827
1668608221.3860378,0.04565,0.045637,0.00011011,-3e-06,53.69489682
1668608281.3256185,0.045637,0.04571,0.00010331,-0.000154,57.39085767
1668608341.2635784,0.045546,0.045546,8.372e-05,-0.000324,48.10191031
1668608402.345557,0.045449,0.045453,6.007e-05,-0.000344,43.77201368
1668608462.049867,0.045508,0.04547,3.962e-05,-0.000314,45.28195799
1668608522.311832,0.045403,0.045406,1.641e-05,-0.000327,41.93299277
1668608582.9578698,0.045432,0.04547,7.4e-06,-0.000275,45.89912792
1668608642.9351711,0.04541,0.04551,3.44e-06,-0.000228,48.27698945
1668608703.1280885,0.045523,0.045523,4.48e-06,-0.000188,48.93789878
1668608764.0334356,0.045499,0.045538,3.26e-06,-0.000172,49.80929677
1668608823.9479945,0.04553,0.045456,-8.1e-06,-0.000181,45.3410058
1668608884.7571206,0.045387,0.045436,-1.888e-05,-0.000274,45.09374038
1668608944.6647584,0.045397,0.045368,-2.927e-05,-0.000179,41.5231265
1668609004.6903214,0.045404,0.045404,-3.086e-05,-8e-06,43.27613194
1668609064.7401855,0.045408,0.045422,-3.263e-05,2e-05,44.6344491
1668609125.4723358,0.0455,0.0455,-3.075e-05,9.4e-05,50.41068162
1668609185.494341,0.045444,0.045339,-3.987e-05,-0.000131,41.51846232
1668609245.4980774,0.045209,0.04529,-5.649e-05,-0.000271,41.09387915
1668609306.6291568,0.045291,0.045234,-6.521e-05,-0.000289,38.94706406
1668609367.4390814,0.045273,0.0452,-7.667e-05,-0.000276,37.72000131
1668609426.6458328,0.045345,0.045374,-6.871e-05,-1.3e-05,47.70160936
1668609487.4716816,0.045374,0.045342,-6.424e-05,-7.7e-05,46.23403823
1668609547.3715208,0.04534,0.04534,-6.017e-05,-6.5e-05,46.13849625
1668609607.363021,0.045371,0.045367,-5.223e-05,-3.7e-05,47.59526752
1668609668.1912637,0.045369,0.0454,-5.192e-05,3.2e-05,49.99659313
1668609728.1117425,0.04549,0.04549,-3.179e-05,1.4e-05,53.75069873
1668609788.2343647,0.045507,0.045572,-1.252e-05,0.000355,57.0526932
1668609849.5522451,0.045646,0.045604,3.78e-06,0.000306,58.32970277
1668609910.3652904,0.045685,0.045604,1.651e-05,0.000405,58.32970277
1668609969.525628,0.045577,0.045445,1.36e-05,0.000245,49.79714608
1668610030.3817515,0.04542,0.04542,9.18e-06,4.6e-05,48.59350984
1668610090.2963986,0.045443,0.045422,9.34e-06,8e-05,48.57599644
1668610150.3415875,0.045479,0.045524,1.388e-05,0.000153,53.55854792
1668610211.2510667,0.045598,0.045598,2.317e-05,0.000348,56.82680584
1668610271.1145997,0.04575,0.04575,5.459e-05,0.000236,62.72688137
1668610331.185971,0.04575,0.045703,5.084e-05,0.000189,60.98062545
1668610391.8767323,0.04572,0.04571,6.081e-05,0.000138,60.98704171
1668610452.149713,0.045758,0.045868,7.946e-05,0.000264,66.87469712
1668610511.822951,0.045868,0.045868,0.00010341,0.000423,66.52142398
1668610573.1308286,0.045832,0.045832,0.00010798,0.000354,63.45439868
1668610632.9231305,0.045832,0.045865,0.00011061,0.000387,65.8412942
1668610692.8949635,0.045654,0.045654,8.752e-05,0.00013,52.14474941
1668610753.601673,0.045658,0.045658,7.731e-05,4.2e-05,52.36404632
1668610813.7678354,0.045658,0.045641,7.596e-05,2.5e-05,51.37515472
1668610873.682074,0.045601,0.045601,5.285e-05,-0.000119,48.92951282
1668610934.3419285,0.045601,0.045827,7.088e-05,0.000107,60.52250119
1668610993.6572976,0.045844,0.045844,7.995e-05,-2.4e-05,61.23859311
1668611053.7085145,0.045675,0.045675,5.512e-05,-0.000202,51.32733149
1668611113.6832757,0.045675,0.045548,4.499e-05,-0.000329,45.45014685
1668611173.7219248,0.045539,0.045539,2e-05,-0.000331,44.87894124
1668611233.645055,0.045539,0.0455,1.689e-05,-0.00037,43.11056499
1668611293.6007092,0.045539,0.0455,1.689e-05,-0.00037,43.11056499
1668611353.8284278,0.045478,0.045478,2.24e-06,-0.00021,42.10273985
1668611413.6301515,0.045449,0.045449,-1.69e-05,-0.00019,41.56672238
1668611473.5797887,0.045449,0.045479,-1.45e-05,-0.00016,43.06683336
1668611533.7917442,0.045385,0.045385,-3.444e-05,-0.000442,38.87132285
1668611593.6896667,0.045372,0.045372,-4.718e-05,-0.000472,38.65762677
1668611653.6489174,0.045291,0.045291,-6.657e-05,-0.000339,35.15846781
1668611713.6826324,0.045384,0.045384,-6.329e-05,-0.000216,41.28513349
1668611773.7538416,0.045443,0.045443,-6.227e-05,-9.8e-05,45.37234303
1668611833.7260144,0.045443,0.045409,-6.498e-05,-0.000132,43.34580164
1668611910.8775885,0.04542,0.04542,-6.152e-05,-8e-05,44.13454301
1668611953.6628883,0.04542,0.045415,-6.192e-05,-8.5e-05,43.88696567
1668612013.54349,0.045568,0.045568,-3.514e-05,0.0001,52.60706647
1668612073.60877,0.045568,0.045587,-3.363e-05,0.000119,53.61751607
1668612133.7181833,0.045587,0.045587,-2.355e-05,9.5e-05,53.61751607
1668612193.7226806,0.045618,0.045618,-5.98e-06,0.000257,55.5126766
1668612253.7728698,0.045618,0.045601,-7.33e-06,0.00024,54.47838536
1668612313.6209743,0.045506,0.045471,-1.168e-05,0.00018,45.72392829
1668612373.5923038,0.045455,0.045455,-2.339e-05,9.8e-05,45.78446054
1668612433.698737,0.045455,0.04551,-1.9e-05,0.000153,49.1460592
1668612493.713181,0.045455,0.04551,-1.9e-05,0.000153,49.1460592
1668612555.9425986,0.04543,0.04543,-2.43e-05,-1.8e-05,44.64328075
1668612613.8030806,0.045319,0.045319,-4.641e-05,-0.00025,40.83586954
1668612673.744297,0.045328,0.045328,-5.291e-05,-0.000259,41.47718961
1668612733.6961272,0.045328,0.045368,-4.972e-05,-0.000219,43.87636406
1668612793.870002,0.045416,0.045457,-4.507e-05,-0.00013,48.98059506
1668612853.7638836,0.04538,0.04538,-4.561e-05,-0.000213,45.21839819
1668612913.805931,0.045284,0.045284,-5.434e-05,-0.000317,41.0452643
1668612973.628095,0.045305,0.045305,-5.77e-05,-0.000167,42.3173274
1668613033.668092,0.04532,0.045354,-5.152e-05,-3.9e-05,45.20194455
1668613093.6643748,0.045351,0.045351,-5.064e-05,-0.000159,45.05458786
1668613154.1113625,0.045284,0.04524,-5.823e-05,-0.00023,39.87495099
1668613213.7760465,0.0453,0.045315,-5.334e-05,5.4e-05,43.37167103
1668613273.7327285,0.045352,0.045352,-5.02e-05,4.9e-05,45.93502712
1668613333.706072,0.04541,0.04541,-3.94e-05,6.5e-05,49.54822095
1668613393.6914408,0.04541,0.045403,-3.996e-05,5.8e-05,49.11024827
1668613453.7999427,0.04535,0.04535,-3.454e-05,-1.1e-05,45.64487302
1668613513.8027134,0.045546,0.045546,-9.47e-06,0.000262,57.95761261
1668613573.8223436,0.045546,0.045534,-1.043e-05,0.00025,57.30716252
1668613636.1307456,0.045577,0.045577,1.378e-05,0.000223,59.68107856
1668613693.724014,0.0458,0.0458,5.22e-05,0.000449,69.4032368
1668613753.6827798,0.046102,0.046102,0.00011115,0.000794,77.32427954
1668613813.8568535,0.046017,0.046017,0.00013049,0.000702,71.64338865
1668613874.4068007,0.045881,0.045881,0.0001269,0.000478,63.5189817
1668613933.7926788,0.045908,0.045908,0.00013174,0.000505,64.41261766
1668613993.7588112,0.046085,0.046085,0.00015985,0.000685,69.02071058
1668614053.9075277,0.045995,0.045995,0.00015552,0.000503,64.15862743
1668614113.772803,0.045995,0.045883,0.00014658,0.000391,58.62411401
1668614173.7068973,0.045883,0.045883,0.00014014,0.000349,58.62411401
1668614233.639189,0.045703,0.045703,0.00010928,-7.7e-05,50.12108056
1668614293.79803,0.045734,0.045734,9.662e-05,-0.000359,51.43238303
1668614354.4695792,0.045734,0.045793,0.00010133,-0.0003,53.90421354
1668614413.8218231,0.045869,0.045869,0.00010013,-3.6e-05,56.20590154
1668614473.9791284,0.045884,0.045884,0.00010097,4e-06,56.20169424
1668614533.7942462,0.04594,0.04594,0.00010326,-0.000157,59.13260389
1668614593.834889,0.04594,0.046,0.00010805,-9.7e-05,61.45214033
1668614653.8416824,0.045861,0.045861,9.192e-05,-2.2e-05,53.20107839
1668614714.0245464,0.045812,0.045812,7.242e-05,-7.1e-05,51.13635232
1668614773.8866477,0.045798,0.045798,6.116e-05,-3.4e-05,50.56669626
1668614834.3009942,0.045752,0.045752,4.582e-05,1.8e-05,48.61440696
1668614893.8915992,0.045752,0.045824,5.156e-05,9e-05,51.75418256
1668614954.3247952,0.045777,0.045777,4.351e-05,-9e-05,49.5862178
1668615013.97425,0.045843,0.045769,3.913e-05,-0.000137,49.02083441
1668615073.870142,0.045707,0.045756,2.8e-05,-0.000195,48.58427125
1668615133.8134391,0.045707,0.045756,2.8e-05,-0.000195,48.58427125
1668615193.8276613,0.045734,0.0457,1.668e-05,-0.00024,46.01554459
1668615254.094206,0.045612,0.045612,-8.43e-06,-0.000248,42.06130721
1668615314.3354783,0.045611,0.045611,-1.549e-05,-0.000144,41.84246844
1668615373.8955047,0.045611,0.045594,-1.684e-05,-0.000161,41.09514571
1668615433.967624,0.045783,0.045783,-6.98e-06,3.1e-05,51.38539801
1668615493.8498,0.045731,0.045731,-1.084e-05,-0.000108,48.87995356
1668615553.770618,0.045731,0.045696,-1.363e-05,-0.000143,47.22791859
1668615613.995195,0.045687,0.045687,-1.659e-05,-0.000155,46.78999275
1668615673.749653,0.045696,0.045696,-1.996e-05,-6e-05,47.47239752
1668615733.819048,0.045692,0.045692,-2.139e-05,-8e-06,47.2778247
1668615794.35675,0.045584,0.045584,-3.763e-05,-8.6e-05,41.89888362
1668615853.8490958,0.045584,0.045647,-3.261e-05,-2.3e-05,45.84489276
1668615913.7614949,0.045702,0.045687,-2.565e-05,1.6e-05,48.08775007
1668615973.8539429,0.045848,0.045848,-2.93e-06,5.1e-05,56.15912773
1668616033.993984,0.045751,0.045751,-6.41e-06,1.3e-05,51.13840631
1668616093.8537316,0.045751,0.045787,-3.54e-06,4.9e-05,53.05735203
1668616153.946869,0.045751,0.045787,-3.54e-06,4.9e-05,53.05735203
1668616214.6999853,0.045751,0.045683,-7.09e-06,-1.3e-05,47.37228642
1668616274.185046,0.045708,0.045708,-7.79e-06,1.2e-05,48.79269467
1668616333.995922,0.045867,0.045867,1.508e-05,0.000195,56.08231156
1668616393.7638395,0.045686,0.045686,-2.47e-06,0.000118,47.46696339
1668616454.2075684,0.045572,0.045572,-2.212e-05,-0.000147,42.83184667
1668616513.9524176,0.045627,0.045627,-2.581e-05,-6e-05,45.79169405
1668616574.1929352,0.045627,0.04563,-2.557e-05,-5.7e-05,45.94435038
1668616633.9399588,0.045599,0.045599,-3.227e-05,-0.000166,44.45778065
1668616693.876793,0.045599,0.0457,-2.421e-05,-6.5e-05,49.78817654
1668616753.9329722,0.045744,0.045744,-1.205e-05,6.1e-05,52.09835275
1668616813.9649923,0.045744,0.045676,-1.748e-05,-7e-06,48.41405975
1668616873.9048054,0.045612,0.045612,-2.208e-05,-0.000269,45.14704828
1668616933.9848866,0.045521,0.045449,-4.397e-05,-0.000304,38.33214757
1668616994.0959122,0.045503,0.045459,-5.421e-05,-0.000247,38.96583536
1668617053.982136,0.045503,0.045459,-5.421e-05,-0.000247,38.96583536
1668617113.885733,0.045385,0.04536,-6.95e-05,-0.000213,35.1184017
1668617173.8850718,0.04536,0.045439,-7.439e-05,-0.000133,40.19315164
1668617233.9327855,0.04539,0.04539,-8.632e-05,-0.000236,38.45132881
1668617294.5276432,0.045374,0.045374,-9.085e-05,-0.000326,37.56173797
1668617354.1251943,0.045292,0.045292,-0.00010365,-0.000444,34.2909694
1668617413.9144447,0.045292,0.045321,-0.00010134,-0.000415,36.17399909
1668617473.8493626,0.04525,0.04525,-0.00011443,-0.000272,33.32732953
1668617533.9249415,0.045441,0.045441,-9.248e-05,-8e-06,45.86335666
1668617594.1268802,0.045458,0.045458,-8.016e-05,-1e-06,46.85935067
1668617653.9305933,0.045458,0.045455,-8.04e-05,-4e-06,46.71060355
1668617714.0186696,0.045386,0.045386,-7.323e-05,-5.3e-05,43.21435642
1668617774.6244216,0.045386,0.045404,-7.179e-05,-3.5e-05,44.11588708
1668617833.8892992,0.045481,0.045481,-5.752e-05,0.000105,49.32653087
1668617893.9654531,0.045481,0.045411,-6.311e-05,3.5e-05,44.59991796
1668617953.9630244,0.04553,0.04553,-3.84e-05,0.000209,52.68050806
1668618013.987185,0.04553,0.04553,-3.84e-05,0.000209,52.68050806
1668618073.9758587,0.04541,0.04541,-3.685e-05,8e-06,44.88205668
1668618133.98621,0.04541,0.045452,-3.35e-05,5e-05,47.57028903
1668618193.9433477,0.04541,0.045452,-3.35e-05,5e-05,47.57028903
1668618254.2913554,0.045471,0.04546,-3.016e-05,-1.7e-05,48.16515324
1668618313.9151957,0.04548,0.04548,-2.56e-05,2.5e-05,49.70160589
1668618373.9121275,0.045483,0.045483,-2.15e-05,7.1e-05,49.94129753
1668618433.805359,0.045483,0.045483,-2.15e-05,7.1e-05,49.94129753
1668618493.851004,0.045507,0.045507,-1.465e-05,0.000103,51.7796106
1668618554.1568122,0.04546,0.04546,-1.397e-05,4.9e-05,47.79336987
1668618614.0152938,0.04546,0.045356,-2.227e-05,-5.5e-05,40.38467802
1668618674.1114073,0.045356,0.045356,-2.821e-05,-0.000174,40.38467802
1668618734.1533728,0.045354,0.045354,-2.858e-05,-0.000176,41.68436281
1668618793.8503475,0.045435,0.045435,-2.516e-05,-4e-06,47.88126237
1668618853.998692,0.045438,0.045415,-2.491e-05,-3.7e-05,46.46237305
1668618914.0381353,0.045397,0.045397,-2.581e-05,-6.3e-05,45.16014972
1668618973.9593325,0.045417,0.045417,-2.345e-05,-6.3e-05,46.61662491
1668619034.1200042,0.04546,0.04546,-1.651e-05,-4.7e-05,50.28936794
1668619093.965435,0.045452,0.045452,-1.421e-05,-5.5e-05,49.55375062
1668619153.9098582,0.045401,0.045401,-1.166e-05,4.5e-05,45.38652467
1668619213.9218,0.045447,0.045447,-4.88e-06,2.4e-05,48.7871176
1668619274.35421,0.045403,0.045403,-7.73e-06,3.1e-05,45.40744065
1668619333.9947278,0.045422,0.045422,-3.57e-06,-1.3e-05,46.69995991
1668619394.0172937,0.045422,0.045461,-4.6e-07,2.6e-05,49.65197843
1668619454.0966408,0.045335,0.045335,-1.068e-05,-8.1e-05,40.70053097
1668619514.0122106,0.045375,0.045375,-1.291e-05,-4.2e-05,43.17135511
1668619573.9726226,0.045382,0.045382,-1.43e-05,-7.8e-05,44.18646973
1668619634.04428,0.045427,0.045427,-1.179e-05,-3.3e-05,47.80388921
1668619694.0147913,0.045427,0.045433,-1.131e-05,-2.7e-05,48.34350279
1668619754.014616,0.045433,0.045433,-1.091e-05,-9.6e-05,48.34350279
1668619813.9761045,0.045433,0.045433,-1.091e-05,-9.6e-05,48.34350279
1668619873.9820905,0.045433,0.045433,-1.091e-05,-9.6e-05,48.34350279
1668619933.9252992,0.045434,0.045433,-1.046e-05,-9e-06,48.34350279
1668619994.2778018,0.045434,0.045433,-9.99e-06,-5.9e-05,48.34350279
1668620070.1668265,0.045365,0.045365,-1.877e-05,-0.000132,41.84525195
1668620114.2518446,0.045365,0.045365,-1.877e-05,-0.000132,41.84525195
1668620174.4216774,0.045365,0.045365,-2.143e-05,-9.6e-05,41.84525195
1668620240.852394,0.045225,0.045225,-3.61e-05,-0.000185,34.15625503
1668620294.2326868,0.045225,0.044955,-5.764e-05,-0.000455,23.97094347
1668620354.2418368,0.045254,0.045254,-6.387e-05,-0.000179,44.05015281
1668620414.3183827,0.045346,0.045346,-5.542e-05,-8.7e-05,48.85676643
1668620474.4117088,0.045258,0.045258,-6.214e-05,-0.000175,44.57817715
1668620534.569867,0.045258,0.04532,-5.719e-05,-0.000113,47.97607675
1668620594.315287,0.045258,0.04532,-5.719e-05,-0.000113,47.97607675
1668620654.5162516,0.045133,0.045133,-7.233e-05,-0.00023,40.00864764
1668620714.3771057,0.04511,0.04511,-8.05e-05,-0.000255,39.48405098
1668620774.2444997,0.04511,0.045042,-8.592e-05,-0.000323,36.67138622
1668620834.4036088,0.045122,0.045122,-9.929e-05,-0.000182,43.41644464
1668620898.5610073,0.044944,0.044944,-0.00011945,-1.8e-05,33.62736597
1668620971.762433,0.044944,0.045106,-0.00010652,0.000144,43.19983461
1668621014.7493289,0.045149,0.045149,-9.717e-05,-4.5e-05,45.53057702
1668621087.3388188,0.045071,0.045071,-9.496e-05,-0.000188,42.15171284
1668621137.1544168,0.045071,0.045071,-9.496e-05,-0.000188,42.15171284
1668621195.741898,0.04508,0.0451,-8.984e-05,-0.000138,43.82099481
1668621257.5140254,0.045149,0.045149,-8.089e-05,-0.000171,46.62365716
1668621317.2721956,0.045099,0.045099,-7.694e-05,-3.4e-05,44.20049502
1668621380.824344,0.045099,0.045099,-7.297e-05,3e-06,44.20049502
1668621438.445914,0.045073,0.045073,-7.271e-05,7.3e-05,42.95043257
1668621498.545225,0.045073,0.045055,-7.414e-05,5.5e-05,42.06349357
1668621558.5397587,0.045095,0.045095,-6.934e-05,0.000146,44.77578649
1668621619.5025733,0.045095,0.045095,-6.934e-05,0.000146,44.77578649
1668621680.2191565,0.045143,0.045095,-6.485e-05,0.000139,44.77578649
1668621745.800753,0.045066,0.045066,-5.296e-05,-8.3e-05,43.68724199
1668621800.1492388,0.045066,0.045024,-5.631e-05,-0.000125,41.62634134
1668621860.0474677,0.045095,0.045095,-5.269e-05,2.4e-05,46.24303355
1668621920.080382,0.045113,0.045113,-5.372e-05,1.3e-05,47.91249181
1668621981.084356,0.045113,0.045129,-5.244e-05,2.9e-05,48.81748656
1668622040.9942312,0.045079,0.045079,-4.964e-05,-7e-05,46.12072053
1668622101.1571972,0.045046,0.045046,-5.322e-05,-2.7e-05,45.22511796
1668622162.931063,0.045046,0.045046,-5.322e-05,-2.7e-05,45.22511796
1668622221.7581556,0.044996,0.044996,-5.504e-05,-6e-05,42.66563709
1668622281.6915095,0.04493,0.04493,-6.658e-05,-0.000194,40.12094424
1668622342.5294795,0.04493,0.044851,-7.288e-05,-0.000273,36.09616971
1668622402.4512734,0.044874,0.044874,-8.113e-05,-0.00015,37.80700583
1668622462.5101345,0.044874,0.044872,-8.129e-05,-0.000152,37.71245765
1668622523.7042563,0.044853,0.044853,-8.439e-05,-0.000146,36.76819855
1668622583.4957092,0.044948,0.044948,-7.846e-05,-0.000181,44.29196911
1668622643.5080202,0.04491,0.04491,-7.583e-05,-0.000136,42.15214391
1668622704.77182,0.044948,0.044948,-6.413e-05,-9.8e-05,44.90844752
1668622763.6578295,0.044948,0.044948,-6.413e-05,-9.8e-05,44.90844752
1668622823.5438862,0.044913,0.04492,-6.142e-05,-7.6e-05,43.06076949
1668622883.5427728,0.044932,0.04492,-5.86e-05,1.3e-05,43.06076949
1668622943.6602025,0.044932,0.04492,-5.86e-05,1.3e-05,43.06076949
1668623020.0049665,0.045042,0.044967,-5.198e-05,0.000116,47.28314578
1668623063.5943007,0.045015,0.045015,-3.435e-05,0.000142,51.25847006
1668623123.5986247,0.045011,0.045011,-2.485e-05,0.00016,50.47383326
1668623183.6446712,0.045011,0.045069,-2.023e-05,0.000218,55.35473199
1668623243.575589,0.045011,0.045069,-2.023e-05,0.000218,55.35473199
1668623303.6214712,0.045093,0.045068,-1.22e-05,0.00012,55.25542334
1668623363.6076589,0.045068,0.045068,-5.77e-06,0.000152,55.25542334
1668623423.5197475,0.045068,0.045068,-5.77e-06,0.000152,55.25542334
1668623483.6616485,0.045097,0.045097,1.64e-06,0.000149,57.80163947
1668623543.5623128,0.045097,0.045104,2.2e-06,0.000156,58.37341516
1668623603.6076164,0.04516,0.04516,1.289e-05,0.000212,62.72477547
1668623664.169908,0.045106,0.045106,1.681e-05,0.000186,56.5825316
1668623723.8355892,0.045198,0.045198,3.399e-05,0.000231,63.19802286
1668623783.480887,0.045182,0.045182,4.012e-05,0.000167,60.14882364
1668623843.7722344,0.045182,0.045194,4.108e-05,0.000179,61.40056451
1668623903.5169113,0.045257,0.045257,5.314e-05,0.000188,65.63634999
1668623963.7091131,0.045257,0.045346,6.024e-05,0.000277,70.3598522
1668624023.6593227,0.045298,0.045298,7.434e-05,0.00023,64.27637896
1668624083.691981,0.045309,0.045309,7.684e-05,0.000205,64.94028929
1668624144.2258074,0.045364,0.045364,8.557e-05,0.000204,67.92878404
1668624203.6035368,0.045364,0.045353,8.469e-05,0.000193,66.81743934
1668624263.498366,0.045364,0.045353,8.469e-05,0.000193,66.81743934
1668624323.5632718,0.045335,0.045335,8.513e-05,0.000155,64.75236681
1668624383.877538,0.045335,0.045225,7.636e-05,4.5e-05,54.46541953
1668624443.6780057,0.045261,0.045261,7.183e-05,0.000131,56.87980223
1668624503.8052907,0.045261,0.045261,7.183e-05,0.000131,56.87980223
1668624563.5757113,0.045373,0.045373,7.677e-05,0.000179,63.5281275
1668624624.1108491,0.045373,0.045373,7.677e-05,0.000179,63.5281275
1668624683.6953251,0.045373,0.045373,7.677e-05,0.000179,63.5281275
1668624743.5566764,0.045352,0.045352,7.688e-05,0.000134,61.51803794
1668624803.622394,0.045352,0.045362,7.768e-05,0.000144,62.45911654
1668624863.7015252,0.045261,0.045261,6.726e-05,-9.5e-05,53.07618299
1668624923.6086757,0.045242,0.045242,5.814e-05,-5.6e-05,51.48785669
1668624983.5075507,0.045242,0.045287,6.173e-05,-1.1e-05,54.97678493
1668625043.637772,0.045287,0.045287,5.019e-05,-6.6e-05,54.67214582
1668625104.320052,0.045385,0.045385,6.007e-05,0.00016,60.93438534
1668625163.611041,0.045385,0.045366,5.855e-05,0.000141,59.34112074
1668625223.671732,0.045385,0.045366,5.855e-05,0.000141,59.34112074
1668625283.6922815,0.045353,0.045353,5.753e-05,9.2e-05,58.129639
1668625343.6652377,0.045353,0.045353,5.753e-05,9.2e-05,58.129639
1668625403.57525,0.045353,0.045353,5.753e-05,9.2e-05,58.129639
1668625463.7161195,0.045353,0.045353,5.753e-05,9.2e-05,58.129639
1668625523.7371902,0.045353,0.045353,5.753e-05,9.2e-05,58.129639
1668625584.05609,0.045431,0.045431,6.229e-05,9.6e-05,63.00929961
1668625643.608612,0.045604,0.045604,0.00010414,0.000242,66.83550768
1668625703.72223,0.045604,0.045604,0.00010589,0.000261,65.01835985
1668625763.6578844,0.045604,0.045591,0.00010485,0.000248,64.51825967
1668625823.5934465,0.045591,0.045591,0.00010896,0.000304,64.51825967
1668625883.6640146,0.045669,0.045669,0.0001145,0.000413,67.76136055
1668625943.628621,0.045756,0.045756,0.00013015,0.000375,70.86840079
1668626003.8382962,0.045868,0.045868,0.00015133,0.000502,74.30202337
1668626064.3280263,0.045706,0.045706,0.00014362,0.000353,62.23090123
1668626123.6489942,0.045697,0.045697,0.00013736,9.3e-05,61.66359653
1668626183.9166734,0.045697,0.045628,0.00013186,2.4e-05,57.34726985
1668626243.763348,0.045697,0.045628,0.00013186,2.4e-05,57.34726985
1668626303.6409123,0.045697,0.045628,0.00013186,2.4e-05,57.34726985
1668626363.6915305,0.045697,0.045628,0.00013186,2.4e-05,57.34726985
1668626423.6802356,0.045627,0.045627,0.00012162,-5.3e-05,57.28468639
1668626483.6046898,0.045627,0.045568,0.00011691,-0.000112,53.81941072
1668626543.737512,0.045627,0.045568,0.00011691,-0.000112,53.81941072
1668626603.7160642,0.045561,0.045561,0.00010331,1.5e-05,53.40662459
1668626663.6847353,0.0455,0.0455,8.662e-05,-9.1e-05,49.82061292
1668626723.957539,0.0455,0.0455,7.255e-05,-9.1e-05,49.82061292
1668626783.6158383,0.0455,0.0455,7.255e-05,-9.1e-05,49.82061292
1668626843.6893666,0.0455,0.0455,6.07e-05,-8.6e-05,49.82061292
1668626903.7048614,0.0455,0.0455,6.07e-05,-8.6e-05,49.82061292
1668626963.7516418,0.045556,0.045556,5.519e-05,-0.0002,53.40770798
1668627023.6686249,0.04545,0.04545,3.76e-05,-0.000418,46.44157686
1668627084.59441,0.04545,0.04545,2.764e-05,-0.000375,46.44157686
1668627143.7286732,0.04545,0.0455,3.163e-05,-0.000325,50.1464563
1668627203.757224,0.045546,0.045546,2.885e-05,-8.2e-05,53.34406768
1668627263.9359694,0.045546,0.0455,2.518e-05,-0.000128,49.89745319
1668627323.687774,0.04545,0.04545,1.692e-05,-0.000118,46.38897927
1668627383.7050588,0.04545,0.04545,1.692e-05,-0.000118,46.38897927
1668627443.77655,0.04545,0.04545,7.44e-06,-5e-05,46.58992897
1668627503.9133167,0.04545,0.045397,3.21e-06,-0.000103,43.27642501
1668627563.7944856,0.045327,0.045327,-2.252e-05,-0.000173,40.04122975
1668627623.80978,0.045327,0.045438,-1.367e-05,-6.2e-05,47.75396736
1668627683.648237,0.045355,0.045355,-2.118e-05,-0.000133,43.27168282
1668627743.669329,0.045385,0.045385,-2.166e-05,-6.5e-05,44.73085655
1668627803.8203592,0.045385,0.045344,-2.494e-05,-0.000106,42.53535426
1668627863.9342377,0.045385,0.045344,-2.494e-05,-0.000106,42.53535426
1668627923.8371167,0.045385,0.045344,-2.494e-05,-0.000106,42.53535426
1668627984.172166,0.0454,0.0454,-2.501e-05,-0.000146,46.49943814
1668628043.8336709,0.045383,0.045383,-2.938e-05,-0.000117,45.92060719
1668628103.6811306,0.045383,0.045383,-2.938e-05,-0.000117,45.92060719
1668628163.7426248,0.045383,0.045383,-2.938e-05,-0.000117,45.92060719
1668628223.6432078,0.045381,0.045381,-3e-05,-6.9e-05,45.80063963
1668628283.6460593,0.045383,0.045383,-2.993e-05,-0.000108,45.93669693
1668628343.7520916,0.045391,0.045391,-2.889e-05,-6e-06,46.5782973
1668628403.6825054,0.045391,0.045255,-3.974e-05,-0.000142,38.50000513
1668628464.629914,0.045355,0.045355,-3.906e-05,5.1e-05,45.87718296
1668628523.845653,0.045355,0.045355,-3.906e-05,5.1e-05,45.87718296
1668628583.983487,0.045324,0.045324,-4.055e-05,-0.000114,44.11071546
1668628643.8585155,0.045273,0.045273,-4.453e-05,-0.000127,41.24576179
1668628703.9859293,0.045273,0.045273,-4.453e-05,-0.000127,41.24576179
1668628763.9627402,0.045235,0.045235,-5.098e-05,-0.000109,39.23742781
1668628824.0318563,0.045235,0.045235,-5.545e-05,-0.000188,39.23742781
1668628883.8497202,0.045235,0.045314,-4.915e-05,-0.000109,45.21030602
1668628944.2881727,0.045338,0.045338,-4.161e-05,-4.5e-05,46.92075178
1668629003.8058617,0.04536,0.04536,-3.591e-05,-2.2e-05,48.55552063
1668629063.7892065,0.04536,0.04536,-3.591e-05,-2.2e-05,48.55552063
1668629123.800271,0.045335,0.045335,-3.372e-05,-4.9e-05,46.72007066
1668629184.1116903,0.045359,0.045359,-2.971e-05,0.000104,48.72396265
1668629244.2412758,0.045359,0.045359,-2.971e-05,0.000104,48.72396265
1668629303.7853775,0.04536,0.04536,-2.615e-05,5e-06,48.8103532
1668629363.8529778,0.04536,0.04536,-2.306e-05,2.3e-05,48.8103532
1668629424.2755609,0.045503,0.045503,8.09e-06,0.000268,57.22574544
1668629483.8709862,0.045503,0.0455,7.85e-06,0.000265,57.0101106
1668629543.7619228,0.045479,0.045479,1.326e-05,0.000165,55.43541192
1668629603.9329047,0.045336,0.045336,1.24e-06,-1.3e-05,46.02289403
1668629664.065194,0.045336,0.045427,8.5e-06,7.8e-05,51.66891867
1668629723.7845197,0.045336,0.045427,8.5e-06,7.8e-05,51.66891867
1668629783.8460066,0.045336,0.045427,8.5e-06,7.8e-05,51.66891867
1668629843.9071913,0.045424,0.045424,9.05e-06,6.4e-05,51.47203201
1668629904.4472237,0.045424,0.045424,9.05e-06,6.4e-05,51.47203201
1668629963.8962996,0.045424,0.045424,9.05e-06,6.4e-05,51.47203201
1668630023.8236592,0.045425,0.045425,1.096e-05,6.6e-05,51.34769493
1668630083.9295318,0.045425,0.045435,1.176e-05,7.6e-05,52.07063235
1668630143.8681498,0.04542,0.04542,1.014e-05,6e-05,50.91270354
1668630203.868616,0.04542,0.04542,7.62e-06,-0.000179,50.99509089
1668630263.8946943,0.04542,0.045399,5.95e-06,-0.0002,49.32593204
1668630324.0453465,0.045398,0.045396,4.17e-06,-0.000104,49.06880356
1668630383.8971407,0.045398,0.045396,4.17e-06,-0.000104,49.06880356
1668630443.8727508,0.045396,0.045396,2.73e-06,-8.3e-05,49.06880356
1668630503.7720432,0.045396,0.045335,-2.14e-06,-0.000144,44.0415504
1668630563.82074,0.045228,0.045228,-1.941e-05,-0.000126,37.14935185
1668630623.920438,0.045284,0.045284,-2.437e-05,-0.000143,42.44506055
1668630683.8525336,0.045284,0.045344,-1.959e-05,-8.3e-05,47.21072287
1668630743.8702674,0.04519,0.04519,-3.179e-05,-0.000234,38.41789809
1668630804.090762,0.045166,0.045166,-4.29e-05,-0.00028,37.25342572
1668630863.9342818,0.045252,0.045252,-4.426e-05,-0.000183,43.82420269
1668630923.9211822,0.045233,0.045233,-4.221e-05,-0.000187,43.52342845
1668630983.913939,0.04513,0.04513,-5.548e-05,-0.000261,38.93902515
1668631043.89787,0.04513,0.045116,-5.66e-05,-0.000275,38.37075691
1668631103.939657,0.045166,0.045238,-5.142e-05,-0.000161,45.15717191
1668631163.8423605,0.045166,0.045238,-5.142e-05,-0.000161,45.15717191
1668631223.9114828,0.045166,0.045238,-5.142e-05,-0.000161,45.15717191
1668631284.847688,0.045138,0.045138,-5.787e-05,-0.000258,40.40831676
1668631343.8651257,0.045139,0.045138,-6.227e-05,-0.000135,40.40831676
1668631403.7284951,0.045139,0.045138,-6.227e-05,-0.000135,40.40831676
1668631463.9154592,0.045106,0.045106,-6.756e-05,-0.000122,38.89048078
1668631523.7887423,0.045115,0.045115,-7.219e-05,-0.000229,40.45687973
1668631583.8338828,0.045115,0.045172,-6.764e-05,-0.000172,44.1508728
1668631643.8536973,0.045163,0.045163,-6.149e-05,-3e-06,43.87112341
1668631703.97693,0.045163,0.045129,-6.42e-05,-3.7e-05,42.16780145
1668631765.0925317,0.045111,0.045111,-6.775e-05,-0.000208,41.69613011
1668631823.7889729,0.045058,0.045058,-7.278e-05,-0.000127,38.78531119
1668631883.913706,0.044992,0.044992,-8.404e-05,-0.000174,35.89448684
1668631943.9381156,0.045029,0.045029,-8.322e-05,-0.000209,38.57507939
1668632003.8527634,0.045029,0.045029,-8.322e-05,-0.000209,38.57507939
1668632063.8115172,0.045029,0.045029,-8.322e-05,-0.000209,38.57507939
1668632123.7357962,0.045053,0.045053,-8.137e-05,-8.5e-05,40.89263064
1668632183.8382893,0.045063,0.045063,-7.888e-05,-1.1e-05,41.89817766
1668632244.6560826,0.045063,0.045066,-7.864e-05,-8e-06,42.15175626
1668632303.8545868,0.045063,0.045066,-7.864e-05,-8e-06,42.15175626
1668632363.962646,0.045067,0.045067,-7.409e-05,-0.000105,42.24224543
1668632423.854112,0.045067,0.045124,-6.954e-05,-4.8e-05,46.97047949
1668632483.8217232,0.045067,0.045124,-6.954e-05,-4.8e-05,46.97047949
1668632543.9647467,0.045067,0.045124,-6.954e-05,-4.8e-05,46.97047949
1668632663.933756,0.045046,0.045046,-6.605e-05,-4.9e-05,42.05438136
1668632903.8918328,0.04496,0.04496,-6.934e-05,-3.6e-05,37.41258182
1668633023.8788762,0.044983,0.044983,-6.916e-05,-4.6e-05,39.55201591
1668633565.223987,0.045235,0.045235,-2.38e-06,0.000275,60.17101648
1668633625.3137429,0.045139,0.045138,-6.227e-05,-0.000135,40.40831676
1668633685.2936244,0.045193,0.045193,-6.325e-05,3e-06,45.49255432
1668633746.092718,0.045058,0.044996,-7.772e-05,-0.000189,36.06913779
1668633806.0589654,0.045319,0.045319,3.397e-05,0.0003,63.98084633
1668633866.4234538,0.045319,0.045291,3.174e-05,0.000272,62.33848139
1668633926.9578826,0.045046,0.045046,-6.605e-05,-4.9e-05,42.05438136
1668633987.1572974,0.045278,0.045278,4.137e-05,0.000189,60.87667326
1668634046.9422076,0.045278,0.045278,4.137e-05,0.000189,60.87667326
1668634107.993856,0.045278,0.045278,4.137e-05,0.000189,60.87667326
1668634167.9119017,0.0453,0.0453,4.547e-05,0.000151,62.51466226
1668634227.841453,0.0453,0.0453,4.816e-05,0.000133,62.51466226
1668634288.9481945,0.045344,0.045344,5.323e-05,0.000201,65.8327272
1668634348.6998365,0.045344,0.0453,4.972e-05,0.000157,62.51466226
1668634408.8362143,0.045278,0.045278,4.617e-05,8.8e-05,59.61975435
1668634470.5873668,0.045278,0.045279,4.625e-05,8.9e-05,59.71808968
1668634530.8020198,0.045278,0.045279,4.625e-05,8.9e-05,59.71808968
1668634590.6278155,0.04528,0.04528,4.354e-05,2.2e-05,59.82345506
1668634651.3526,0.04528,0.045307,4.569e-05,4.9e-05,62.66316396
1668634711.0705457,0.04528,0.045307,4.569e-05,4.9e-05,62.66316396
1668634770.9282477,0.045306,0.045306,4.504e-05,1.9e-05,62.48700212
1668634832.001854,0.045306,0.045306,4.407e-05,2.8e-05,62.48700212
1668634891.953617,0.045306,0.045306,4.407e-05,2.8e-05,62.48700212
1668634951.914032,0.045306,0.045306,4.407e-05,2.8e-05,62.48700212
1668635012.7096183,0.045307,0.045307,4.289e-05,7e-06,62.61825629
1668635072.798993,0.045307,0.045307,4.148e-05,7e-06,62.61825629
1668635132.7988968,0.045306,0.045306,3.994e-05,2.8e-05,62.14696275
1668635193.9476163,0.045306,0.045281,3.795e-05,3e-06,56.52362511
1668635253.9127004,0.045309,0.045309,3.686e-05,3.1e-05,60.80166277
1668635314.410308,0.045309,0.045309,3.686e-05,3.1e-05,60.80166277
1668635374.605356,0.045349,0.045349,3.878e-05,7e-05,65.95544005
1668635434.650544,0.045349,0.045349,3.99e-05,6.9e-05,65.83469717
1668635494.7100766,0.045349,0.04535,3.998e-05,7e-05,66.06697746
1668635555.5422804,0.045338,0.045338,3.944e-05,3.1e-05,63.18597179
1668635615.5641005,0.045339,0.045339,3.865e-05,3.3e-05,63.32948113
1668635675.491969,0.045339,0.045339,3.76e-05,3.3e-05,63.32948113
1668635736.528752,0.045339,0.045339,3.634e-05,3.3e-05,63.32948113
1668635796.490059,0.045339,0.045309,3.395e-05,3e-06,55.76592003
1668635857.031744,0.045309,0.045309,3.07e-05,2e-06,55.76592003
1668635917.2436752,0.045309,0.045309,3.07e-05,2e-06,55.76592003
1668635977.2398598,0.045309,0.045309,3.07e-05,2e-06,55.76592003
1668636037.1758454,0.045309,0.045309,3.07e-05,2e-06,55.76592003
1668636098.110067,0.045309,0.045309,3.07e-05,2e-06,55.76592003
1668636158.2203252,0.04531,0.04531,2.789e-05,1e-06,55.96921421
1668636218.0091095,0.045334,0.045334,2.722e-05,5.3e-05,60.65655831
1668636279.214615,0.045334,0.045309,2.522e-05,2.8e-05,55.76592003
1668636339.1110094,0.045334,0.045309,2.522e-05,2.8e-05,55.76592003
1668636399.762794,0.04531,0.04531,2.299e-05,1e-06,56.00152017
1668636459.8093717,0.04531,0.045281,2.068e-05,-2.8e-05,48.49494912
1668636519.8920271,0.045282,0.045282,1.404e-05,-6.8e-05,48.73373984
1668636579.8379786,0.045258,0.045258,9.55e-06,-8e-05,42.93346722
1668636640.6134186,0.045258,0.045258,9.55e-06,-8e-05,42.93346722
1668636700.6988437,0.045258,0.045258,5.86e-06,-8.1e-05,42.93346722
1668636760.6460822,0.045258,0.045258,5.86e-06,-8.1e-05,42.93346722
1668636821.4211874,0.045258,0.045258,2.9e-06,-8.1e-05,42.93346722
1668636882.3582318,0.045258,0.045191,-4.79e-06,-0.000118,30.36834375
1668636941.4837196,0.045258,0.045191,-4.79e-06,-0.000118,30.36834375
1668637002.4608953,0.045258,0.045191,-4.79e-06,-0.000118,30.36834375
1668637062.5509396,0.045258,0.045191,-4.79e-06,-0.000118,30.36834375
1668637122.3642914,0.045253,0.045273,-4.22e-06,-3.6e-05,49.75127893
1668637183.1064017,0.045274,0.045274,-3.65e-06,-3.5e-05,49.9343096
1668637243.3465838,0.045274,0.045274,-3.65e-06,-3.5e-05,49.9343096
1668637303.2324052,0.045274,0.045274,-3.65e-06,-3.5e-05,49.9343096
1668637364.1527455,0.045449,0.045449,1.874e-05,0.000168,70.59219218
1668637423.9177282,0.045449,0.045445,1.842e-05,0.000164,70.29738001
1668637484.040892,0.045492,0.045492,4.098e-05,0.000209,73.5149282
1668637544.840556,0.045492,0.045492,4.098e-05,0.000209,73.5149282
1668637604.809287,0.04561,0.045562,6.344e-05,0.000304,76.84250038
1668637664.9771874,0.04561,0.045592,6.583e-05,0.000334,79.3295384
1668637725.6472678,0.045586,0.045586,7.894e-05,0.000395,78.02231862
1668637785.8145502,0.045534,0.045534,7.808e-05,0.000261,67.96985005
1668637845.6771193,0.045534,0.045431,6.986e-05,0.000158,54.15043395
1668637906.4297986,0.045498,0.045498,6.729e-05,0.000224,59.86656268
1668637966.7014012,0.045547,0.045579,7.491e-05,0.000183,65.19685348
1668638026.453909,0.045547,0.045579,7.491e-05,0.000183,65.19685348
1668638087.5868113,0.045547,0.045547,7.348e-05,0.000102,61.51309584
1668638147.5857725,0.045536,0.045536,7.064e-05,4.3e-05,60.25280984
1668638207.533507,0.04552,0.045526,6.682e-05,3.4e-05,59.06800766
1668638268.3398223,0.04552,0.045526,6.682e-05,3.4e-05,59.06800766
1668638328.3656237,0.045444,0.045444,5.652e-05,-0.000125,50.32860124
1668638388.309466,0.045444,0.045444,5.652e-05,-0.000125,50.32860124
1668638449.1912608,0.045444,0.045444,5.652e-05,-0.000125,50.32860124
1668638509.125272,0.04547,0.04547,4.988e-05,-0.000122,52.71737684
1668638569.3994482,0.04547,0.04547,4.988e-05,-0.000122,52.71737684
1668638629.8302803,0.04547,0.04547,4.988e-05,-0.000122,52.71737684
1668638689.889971,0.045431,0.045431,4.1e-05,-0.000154,48.91717815
1668638749.9066916,0.04546,0.04546,3.551e-05,-0.000126,51.70817572
1668638810.909527,0.04546,0.045533,4.134e-05,-5.3e-05,57.43157475
1668638870.95406,0.045533,0.045533,4.151e-05,0.000102,57.43157475
1668638930.7812123,0.045533,0.045463,3.592e-05,3.2e-05,51.16907344
1668638991.9119303,0.045533,0.045463,3.592e-05,3.2e-05,51.16907344
1668639051.7566638,0.045404,0.045404,2.657e-05,-0.000158,46.56062665
1668639111.8927934,0.045404,0.045354,2.258e-05,-0.000208,43.25890442
1668639172.572603,0.045337,0.045337,1.051e-05,-0.000242,42.16412061
1668639232.6205418,0.045257,0.0451,-2.001e-05,-0.000447,30.63851682
1668639293.023376,0.045143,0.045143,-3.696e-05,-0.000393,33.33881811
1668639353.6397932,0.04511,0.04511,-5.574e-05,-0.000416,30.97157065
1668639413.6262224,0.04515,0.045122,-6.889e-05,-0.000322,33.87270559
1668639474.1568656,0.045065,0.044933,-9.302e-05,-0.000537,25.36928432
1668639534.439352,0.044933,0.044981,-8.699e-05,-0.000213,45.03872008
1668639594.5000038,0.044954,0.044917,-0.00011896,-0.000616,27.46558911
1668639654.409389,0.044701,0.044508,-0.00017637,-0.000955,18.25746118
1668639715.3090577,0.044397,0.044397,-0.00021928,-0.000957,16.67079702
1668639775.278273,0.04426,0.044304,-0.00025932,-0.001,17.88548758
1668639835.239511,0.044311,0.044189,-0.00028835,-0.000931,16.29919559
1668639896.2643328,0.044342,0.04429,-0.00029833,-0.00082,21.75411216
1668639956.1643963,0.044435,0.044435,-0.00028615,-0.000641,29.97882222
1668640016.699693,0.044548,0.04455,-0.00026434,-0.000545,35.67541275
1668640077.062152,0.044368,0.044368,-0.00027375,-0.000564,31.01151679
1668640136.9773817,0.044408,0.044435,-0.00026662,-0.000546,35.42747612
1668640196.966493,0.044408,0.044435,-0.00026662,-0.000546,35.42747612
1668640257.8731472,0.044486,0.044486,-0.0002513,-0.000179,37.81747967
1668640317.6825216,0.044531,0.044506,-0.00023484,0.000109,38.77451403
1668640377.8068652,0.044509,0.044592,-0.00021241,0.000332,42.84780349
1668640438.537351,0.044606,0.044546,-0.00019608,0.000242,41.26636147
1668640498.5703268,0.044573,0.044573,-0.00017891,0.000361,42.60537977
1668640559.6089032,0.044618,0.04464,-0.00015529,0.000245,45.75188598
1668640619.6339498,0.044638,0.044638,-0.00013799,9.9e-05,45.6673475
1668640679.4362574,0.044683,0.044749,-0.00010994,0.000337,50.86636693
1668640739.6656702,0.0448,0.0448,-8.388e-05,0.000474,53.04154046
1668640800.1711817,0.044648,0.044648,-8.323e-05,0.000213,46.27892113
1668640860.1351066,0.044637,0.044475,-9.328e-05,-1.1e-05,39.89467846
1668640920.2160113,0.04447,0.04447,-9.113e-05,-3.6e-05,39.48558865
1668640980.9954324,0.044584,0.044632,-7.354e-05,4e-05,46.54031635
1668641041.5412295,0.044638,0.044638,-6.638e-05,9.2e-05,46.86826198
1668641100.8867872,0.044552,0.044552,-6.694e-05,-6.6e-05,42.76958605
1668641161.900395,0.044519,0.044519,-6.635e-05,-0.000121,41.1319405
1668641222.0484114,0.044456,0.044456,-7.31e-05,-0.000248,38.38893656
1668641281.8168182,0.044456,0.044456,-7.31e-05,-0.000248,38.38893656
1668641342.66255,0.04445,0.04445,-7.803e-05,-0.000346,38.12814813
1668641402.5793111,0.044495,0.044495,-7.704e-05,-0.000213,41.20400156
1668641462.5593455,0.044456,0.044519,-7.385e-05,-7.3e-05,42.93203995
1668641523.7410738,0.044456,0.044514,-7.425e-05,-7.8e-05,42.58046001
1668641583.9548502,0.044436,0.044434,-7.76e-05,-0.000136,38.49415145
1668641643.207329,0.044436,0.044434,-7.76e-05,-0.000136,38.49415145
1668641704.3417056,0.044435,0.044435,-7.926e-05,-0.000163,38.57350589
1668641764.6224103,0.044435,0.044435,-7.926e-05,-0.000163,38.57350589
1668641824.2237775,0.044526,0.044579,-6.817e-05,-5.4e-05,48.81463417
1668641885.2064643,0.044604,0.044604,-5.671e-05,-3.4e-05,50.36191552
1668641945.1616683,0.044604,0.044582,-5.847e-05,-5.6e-05,49.00538211
1668642005.2069018,0.044581,0.044582,-5.02e-05,-1.7e-05,49.00538211
1668642065.8782024,0.044627,0.044627,-3.956e-05,0.000108,52.11007627
1668642126.3737974,0.044638,0.044638,-2.928e-05,0.000182,52.81718301
1668642185.841302,0.044749,0.044749,-1.266e-05,0.000293,59.72783486
1668642247.219628,0.044789,0.044689,-2.92e-06,0.000194,54.67299367
1668642307.3118382,0.044789,0.044689,-2.92e-06,0.000194,54.67299367
1668642367.3168802,0.044709,0.044709,4.96e-06,0.000195,55.85250685
1668642427.927489,0.044775,0.044775,1.646e-05,0.000341,59.58222282
1668642487.884342,0.044832,0.04474,2.465e-05,0.000305,56.08757544
1668642548.2877626,0.044832,0.04474,2.465e-05,0.000305,56.08757544
1668642608.817413,0.04474,0.04474,2.847e-05,0.000161,56.08757544
1668642668.692226,0.04474,0.04474,3.114e-05,0.000158,56.08757544
1668642729.1131043,0.04474,0.04474,3.114e-05,0.000158,56.08757544
1668642789.4295025,0.044696,0.044696,2.937e-05,0.000114,52.60539986
1668642849.7857044,0.044696,0.044682,2.825e-05,0.0001,51.58635294
1668642909.7453997,0.044696,0.044682,2.825e-05,0.0001,51.58635294
1668642970.5957415,0.044682,0.044682,2.566e-05,4.5e-05,51.58635294
1668643030.4390717,0.044682,0.044682,2.566e-05,4.5e-05,51.58635294
1668643090.5402844,0.044682,0.044682,2.566e-05,4.5e-05,51.58635294
1668643151.8640332,0.044621,0.04463,1.92e-05,-8e-06,47.61319477
1668643211.3825734,0.04463,0.04463,1.391e-05,-0.000141,47.61319477
1668643271.4920924,0.044643,0.0446,7.22e-06,-8.9e-05,45.27977657
1668643332.150446,0.044677,0.044677,3.84e-06,-0.000135,52.2462303
1668643392.1476126,0.044677,0.044698,5.52e-06,-0.000114,53.84865213
1668643452.139173,0.044677,0.044648,1.53e-06,-0.000164,49.84121306
1668643513.1486871,0.044538,0.044538,-7.55e-06,-0.000202,41.33708568
1668643573.280309,0.044538,0.044538,-7.55e-06,-0.000202,41.33708568
1668643633.0678935,0.044538,0.044538,-7.55e-06,-0.000202,41.33708568
1668643693.8971364,0.044538,0.044538,-7.55e-06,-0.000202,41.33708568
1668643753.8575664,0.044538,0.044538,-1.458e-05,-0.000202,41.33708568
1668643813.930844,0.044538,0.044538,-1.458e-05,-0.000202,41.33708568
1668643874.615318,0.044577,0.044577,-1.68e-05,-0.000163,45.18298428
1668643934.7100868,0.044577,0.044592,-1.561e-05,-0.000148,46.53120575
1668643994.484945,0.044577,0.044592,-1.561e-05,-0.000148,46.53120575
1668644055.5657773,0.04458,0.044564,-1.847e-05,-0.000118,44.33899092
1668644115.7047536,0.04454,0.04454,-2.52e-05,-9e-05,42.48543166
1668644175.5530105,0.04454,0.044541,-2.512e-05,-8.9e-05,42.56502142
1668644237.1031065,0.044541,0.044541,-2.7e-05,-8.9e-05,42.56502142
1668644296.1865764,0.044541,0.044541,-2.818e-05,-5.9e-05,42.56502142
1668644356.151111,0.044541,0.044541,-2.818e-05,-5.9e-05,42.56502142
1668644417.0165565,0.044541,0.044541,-2.818e-05,-5.9e-05,42.56502142
1668644477.0731063,0.044658,0.044658,-1.944e-05,5.8e-05,54.90881726
1668644537.0147078,0.044638,0.044715,-4.56e-06,6.7e-05,59.20342076
1668644597.8017266,0.044715,0.044772,8.38e-06,0.000234,63.24188282
1668644657.7135203,0.044797,0.04468,1.109e-05,0.000142,53.95770624
1668644719.1026285,0.044797,0.044751,1.675e-05,0.000213,60.85189606
1668644778.8803737,0.044655,0.044655,1.546e-05,6.3e-05,51.30639323
1668644838.7935112,0.044592,0.044612,1.084e-05,4.8e-05,47.69728225
1668644898.802683,0.044636,0.044636,9.01e-06,9.5e-05,49.81903714
1668644959.6427028,0.044636,0.044636,9.01e-06,9.5e-05,49.81903714
1668645019.6728194,0.044636,0.044636,9.01e-06,9.5e-05,49.81903714
1668645079.5759406,0.044636,0.044636,9.01e-06,9.5e-05,49.81903714
1668645140.4023807,0.044636,0.044692,1.194e-05,0.000151,54.46113823
1668645200.3946178,0.044636,0.044692,1.194e-05,0.000151,54.46113823
1668645260.3356628,0.044647,0.044612,7.72e-06,7.1e-05,47.67595406
1668645321.5412984,0.04465,0.04465,7.36e-06,0.000109,50.81084598
1668645381.4842885,0.04465,0.04465,7.36e-06,0.000109,50.81084598
1668645441.3935032,0.044571,0.044571,-2.82e-06,-0.000144,44.65731918
1668645502.1929438,0.044531,0.044531,-1.294e-05,-0.000241,41.95996278
1668645562.190722,0.044575,0.044575,-1.2e-05,-0.000176,45.83554896
1668645622.0002542,0.044605,0.044605,-1.51e-06,-5e-05,48.30158145
1668645682.804171,0.044605,0.044605,-1.51e-06,-5e-05,48.30158145
1668645743.13773,0.04445,0.0445,-1.177e-05,-0.000112,42.63387574
1668645803.1094997,0.044495,0.044495,-2.008e-05,-0.000141,42.37886373
1668645864.329677,0.044495,0.044454,-2.335e-05,-0.000182,40.3974567
1668645924.629964,0.044429,0.044429,-3.415e-05,-0.000263,39.19412273
1668645984.585663,0.04449,0.04449,-3.735e-05,-0.000122,43.60803681
1668646045.3262537,0.04449,0.04449,-3.735e-05,-0.000122,43.60803681
1668646105.624061,0.044514,0.044512,-3.768e-05,-0.000138,45.15435198
1668646165.3837788,0.044514,0.044512,-3.768e-05,-0.000138,45.15435198
1668646226.0454428,0.044389,0.044306,-5.395e-05,-0.000293,35.37329936
1668646286.465453,0.044389,0.044306,-5.395e-05,-0.000293,35.37329936
1668646345.977727,0.044416,0.044416,-5.73e-05,-0.000115,42.53182427
1668646406.745488,0.044338,0.044338,-6.648e-05,-0.000237,38.93040993
1668646466.5557525,0.044376,0.044522,-5.724e-05,-0.000215,49.29601114
1668646526.5850043,0.044376,0.044522,-5.724e-05,-0.000215,49.29601114
1668646589.068726,0.044376,0.044522,-5.724e-05,-0.000215,49.29601114
1668646647.7547708,0.044522,0.044522,-4.934e-05,-8.3e-05,49.29601114
1668646707.7135518,0.044522,0.044518,-4.966e-05,-8.7e-05,49.10089833
1668646768.4467978,0.044518,0.044518,-4.316e-05,1.8e-05,49.10089833
1668646828.3559709,0.044454,0.044454,-4.268e-05,0.0,45.74141171
1668646888.300956,0.044454,0.044454,-4.268e-05,0.0,45.74141171
1668646949.0849612,0.044454,0.044454,-4.268e-05,0.0,45.74141171
1668647009.011633,0.044454,0.044454,-4.268e-05,0.0,45.74141171
1668647070.1569228,0.044454,0.044454,-4.268e-05,0.0,45.74141171
1668647130.2288213,0.044522,0.044522,-3.639e-05,9.3e-05,49.68081715
1668647190.4021738,0.044522,0.044548,-3.432e-05,0.000119,51.03997
1668647250.3674145,0.044522,0.044548,-3.432e-05,0.000119,51.03997
1668647311.113957,0.044445,0.0444,-3.918e-05,-9e-05,43.78933388
1668647371.564745,0.044445,0.0444,-3.918e-05,-9e-05,43.78933388
1668647431.1627705,0.044415,0.044415,-4.135e-05,-9.7e-05,44.64758913
1668647492.1064758,0.044415,0.044406,-4.207e-05,-0.000106,44.13581009
1668647553.121172,0.044328,0.044328,-5.522e-05,-7.2e-05,40.60106702
1668647611.8450246,0.044327,0.044327,-5.933e-05,-1.1e-05,40.55661608
1668647673.0874624,0.044327,0.044284,-6.276e-05,-5.4e-05,38.59966448
1668647732.8985152,0.044284,0.044284,-6.788e-05,-0.000238,38.59966448
1668647792.748068,0.044284,0.044369,-6.11e-05,-0.000153,44.31917889
1668647853.633499,0.044324,0.044324,-6.27e-05,-0.000194,42.08413972
1668647913.609181,0.044348,0.044348,-6.12e-05,-0.00017,43.6774812
1668647973.8276184,0.044348,0.044452,-5.291e-05,-6.6e-05,49.82569366
1668648034.914545,0.044348,0.044348,-5.256e-05,-0.0002,44.58444412
1668648094.1799514,0.044348,0.044285,-5.758e-05,-0.000263,41.72137403
1668648154.408393,0.04432,0.044372,-5.563e-05,-2.8e-05,47.1132416
1668648215.278436,0.044392,0.044392,-4.975e-05,-1.4e-05,48.16301909
1668648275.166296,0.044392,0.044404,-4.879e-05,-2e-06,48.77311693
1668648335.1073902,0.044435,0.044435,-4.04e-05,9.8e-05,50.39728282
1668648395.9553645,0.044435,0.044435,-4.04e-05,9.8e-05,50.39728282
1668648456.1855671,0.04442,0.04442,-3.457e-05,9.3e-05,49.57818211
1668648517.1655104,0.04442,0.04442,-3.457e-05,9.3e-05,49.57818211
1668648576.6127076,0.04442,0.04442,-3.457e-05,9.3e-05,49.57818211
1668648636.730548,0.044501,0.044501,-2.314e-05,0.000217,53.93234552
1668648696.7328196,0.044498,0.044498,-1.416e-05,0.000129,53.74722133
1668648757.4730709,0.044498,0.044509,-1.328e-05,0.00014,54.35162269
1668648817.483361,0.044466,0.044466,-8.84e-06,0.00014,51.63153261
1668648877.4277036,0.044466,0.044449,-1.02e-05,0.000123,50.62978725
1668648938.3759468,0.04451,0.04451,-2.8e-06,5.8e-05,54.07308954
1668648999.1865048,0.044493,0.044493,2.72e-06,0.000145,52.78123104
1668649058.380644,0.044493,0.044414,-3.58e-06,6.6e-05,48.34976186
1668649119.1236908,0.044569,0.044569,7.15e-06,0.000318,56.13201258
1668649179.2168183,0.044569,0.044569,7.15e-06,0.000318,56.13201258
1668649239.234742,0.044498,0.044498,9.81e-06,0.000126,52.24855548
1668649299.9181328,0.044498,0.044498,9.81e-06,0.000126,52.24855548
1668649359.507172,0.044484,0.044484,1.067e-05,8e-05,51.49206653
1668649419.413664,0.044484,0.044484,1.067e-05,8e-05,51.49206653
1668649479.085539,0.044498,0.044498,1.234e-05,6.3e-05,52.23680934
1668649539.463725,0.044498,0.044498,1.234e-05,6.3e-05,52.23680934
1668649599.200915,0.044498,0.044498,1.234e-05,6.3e-05,52.23680934
1668649659.2698083,0.044531,0.044531,1.893e-05,3e-05,54.0284594
1668649719.2034698,0.044531,0.044531,1.893e-05,3e-05,54.0284594
1668649779.7393005,0.044531,0.044531,1.893e-05,3e-05,54.0284594
1668649839.1333966,0.04453,0.04453,2.082e-05,2.1e-05,53.95732728
1668649899.3807485,0.04453,0.04453,2.082e-05,2.1e-05,53.95732728
1668649959.1889231,0.04453,0.04453,2.082e-05,2.1e-05,53.95732728
1668650019.6119125,0.044539,0.044539,2.278e-05,9e-05,54.5374556
1668650079.1308334,0.044539,0.044539,2.278e-05,9e-05,54.5374556
1668650139.301469,0.044538,0.044537,2.39e-05,1e-05,54.37350122
1668650199.2433665,0.044538,0.044537,2.39e-05,1e-05,54.37350122
1668650259.2392411,0.044538,0.044537,2.39e-05,1e-05,54.37350122
1668650319.071756,0.044553,0.044553,2.578e-05,0.000139,55.52540138
1668650379.2132125,0.044553,0.044551,2.562e-05,0.000137,55.38460469
1668650439.2356112,0.044553,0.044551,2.562e-05,0.000137,55.38460469
1668650499.2975452,0.044553,0.044551,2.562e-05,0.000137,55.38460469
1668650559.2778504,0.044553,0.044551,2.562e-05,0.000137,55.38460469
1668650619.605035,0.044629,0.044629,3.595e-05,0.000131,60.78851091
1668650679.3651636,0.044692,0.044692,4.915e-05,0.000208,64.40644229
1668650739.442366,0.044692,0.044656,4.627e-05,0.000172,60.94594555
1668650799.2182808,0.044667,0.044667,5.078e-05,0.000169,61.62442838
1668650859.421509,0.044667,0.044646,4.91e-05,0.000148,59.98186945
1668650919.451575,0.044661,0.044661,5.273e-05,0.00013,61.04865368
1668650979.484271,0.044661,0.044661,5.362e-05,0.000131,61.04865368
1668651039.5853388,0.044661,0.044661,5.362e-05,0.000131,61.04865368
1668651099.3490963,0.044749,0.044667,5.418e-05,0.000128,61.52671263
1668651159.5947278,0.044838,0.044838,7.372e-05,0.000287,72.258729
1668651219.2286837,0.044838,0.044776,6.878e-05,0.000225,68.82346992
1668651279.2224135,0.044765,0.044765,7.136e-05,7.3e-05,65.54586775
1668651339.246736,0.044732,0.044732,6.93e-05,7.6e-05,61.58265008
1668651399.2490847,0.044732,0.044735,6.954e-05,7.9e-05,61.9456783
1668651459.469993,0.044749,0.044749,6.869e-05,0.000103,63.04063753
1668651519.504867,0.04477,0.04477,6.891e-05,0.000123,64.68222216
1668651579.2122843,0.04477,0.044789,7.043e-05,0.000142,66.04666562
1668651639.3443673,0.04477,0.044789,7.043e-05,0.000142,66.04666562
1668651699.5217898,0.044748,0.044748,6.771e-05,8.7e-05,60.60553213
1668651759.4653797,0.044748,0.04474,6.708e-05,7.9e-05,59.64672509
1668651819.1510348,0.044754,0.044754,6.48e-05,9.3e-05,60.81504305
1668651879.4101944,0.044754,0.044754,6.48e-05,9.3e-05,60.81504305
1668651939.3649957,0.044754,0.044754,6.48e-05,9.3e-05,60.81504305
1668651999.3419478,0.044757,0.044757,6.253e-05,9e-05,61.07511143
1668652059.4351568,0.044757,0.044818,6.739e-05,0.000151,65.70346943
1668652119.293229,0.0448,0.0448,6.434e-05,2.4e-05,61.95322135
1668652179.525774,0.0448,0.044755,6.075e-05,-2.1e-05,57.92174218
1668652239.2571352,0.044771,0.044771,5.821e-05,3.7e-05,59.28896532
1668652299.4320326,0.044754,0.044754,5.055e-05,1.9e-05,57.12745221
1668652359.505928,0.044673,0.044673,3.955e-05,-7.6e-05,47.66817215
1668652419.4263709,0.044673,0.044652,3.788e-05,-9.7e-05,45.6774562
1668652480.728614,0.044734,0.044734,3.252e-05,-6e-06,53.78541499
1668652539.6782084,0.044734,0.044734,3.252e-05,-6e-06,53.78541499
1668652600.0078433,0.044734,0.044734,3.252e-05,-6e-06,53.78541499
1668652659.772329,0.044734,0.044734,3.016e-05,-2e-05,53.78541499
1668652719.3381286,0.044734,0.044651,2.354e-05,-0.000103,45.78474401
1668652779.784341,0.044691,0.044691,1.942e-05,-0.000127,49.67029701
1668652839.544449,0.044691,0.044665,1.735e-05,-0.000153,47.2111358
1668652899.435016,0.044691,0.044665,1.735e-05,-0.000153,47.2111358
1668652960.1834748,0.044691,0.044665,1.735e-05,-0.000153,47.2111358
1668653020.0950863,0.044717,0.044717,1.645e-05,-5.1e-05,52.23760899
1668653079.4382813,0.044657,0.044657,1.192e-05,-0.000114,46.39330896
1668653139.6760583,0.044657,0.044651,1.144e-05,-0.00012,45.91369059
1668653199.859539,0.044651,0.044651,6.02e-06,-0.000103,45.91369059
1668653259.563366,0.044651,0.044651,6.02e-06,-0.000103,45.91369059
1668653319.6653728,0.044651,0.044651,6.02e-06,-0.000103,45.91369059
1668653379.5123508,0.044651,0.044651,6.02e-06,-0.000103,45.91369059
1668653440.4312534,0.0448,0.0448,1.359e-05,6.3e-05,58.32286079
1668653499.5166569,0.044817,0.044817,2.607e-05,8.3e-05,59.46554715
1668653559.7290132,0.044817,0.044817,2.607e-05,8.3e-05,59.46554715
1668653619.4705136,0.044895,0.044895,4.376e-05,0.000244,64.57074469
1668653679.6817126,0.044895,0.044912,4.512e-05,0.000261,65.64866068
1668653739.5610714,0.044895,0.044912,4.512e-05,0.000261,65.64866068
1668653799.3290992,0.044895,0.044912,4.512e-05,0.000261,65.64866068
1668653859.621503,0.044912,0.044912,5.154e-05,0.000247,65.64866068
1668653919.683555,0.044912,0.044912,5.154e-05,0.000247,65.64866068
1668653979.535566,0.044994,0.044994,6.253e-05,0.000264,70.4465007
1668654039.5251422,0.045122,0.045122,8.753e-05,0.000382,75.77814899
1668654099.3815742,0.045076,0.045076,9.059e-05,0.000425,70.02617339
1668654159.6618645,0.045076,0.045076,9.059e-05,0.000425,70.02617339
1668654219.43051,0.045076,0.045076,9.059e-05,0.000425,70.02617339
1668654279.2506256,0.045076,0.045076,9.059e-05,0.000425,70.02617339
1668654339.8785298,0.045176,0.045176,0.00011485,0.000376,74.05111289
1668654399.68463,0.045176,0.045176,0.00011485,0.000376,74.05111289
1668654459.3549006,0.045176,0.045176,0.00011485,0.000376,74.05111289
1668654519.558558,0.045176,0.045176,0.00011485,0.000376,74.05111289
1668654579.475925,0.045176,0.045176,0.00011485,0.000376,74.05111289
1668654639.4009087,0.045176,0.045176,0.00011485,0.000376,74.05111289
1668654699.514536,0.045176,0.045176,0.00011485,0.000376,74.05111289
1668654759.5447764,0.045067,0.045067,0.00011049,0.00025,63.22083828
1668654819.46384,0.045107,0.045107,0.00011371,0.000211,64.70642529
1668654879.42216,0.045107,0.045107,0.00011107,0.000195,64.70642529
1668654940.5213213,0.045107,0.045107,0.00011107,0.000195,64.70642529
1668654999.5920012,0.045107,0.045107,0.00011107,0.000195,64.70642529
1668655059.8479023,0.045107,0.045107,0.00011107,0.000195,64.70642529
1668655119.853658,0.045107,0.045107,0.00011107,0.000195,64.70642529
1668655179.8718214,0.045107,0.045107,0.00011107,0.000195,64.70642529
1668655239.4614382,0.045107,0.045107,0.00011107,0.000195,64.70642529
1668655299.4373088,0.045107,0.045107,0.00010773,0.000195,64.70642529
1668655359.9714246,0.045107,0.045107,0.00010773,0.000195,64.70642529
1668655419.751501,0.045108,0.045108,0.00010397,2e-06,64.76893482
1668655479.558747,0.045108,0.045108,0.00010397,2e-06,64.76893482
1668655539.6541414,0.045108,0.045108,0.00010397,2e-06,64.76893482
1668655599.5838757,0.045219,0.045252,0.00011132,0.000209,72.36045318
1668655659.507275,0.045174,0.045174,0.00010959,9.8e-05,64.28066413
1668655719.7368872,0.045173,0.045117,0.00010244,-5.9e-05,59.08829962
1668655779.3825338,0.045173,0.045117,0.00010244,-5.9e-05,59.08829962
1668655839.5055218,0.045173,0.045117,0.00010244,-5.9e-05,59.08829962
1668655899.5086524,0.045134,0.045122,9.607e-05,-5.4e-05,59.39812057
1668655960.281793,0.045134,0.045122,9.607e-05,-5.4e-05,59.39812057
1668656019.7280211,0.045151,0.045151,9.229e-05,7.1e-05,61.23191353
1668656079.6180356,0.045151,0.045149,9.214e-05,6.9e-05,61.11077971
1668656139.583433,0.045239,0.045239,9.518e-05,0.00011,66.22504249
1668656199.436191,0.045161,0.045161,8.663e-05,5.4e-05,61.04132663
1668656259.5884109,0.045161,0.045158,8.639e-05,5.1e-05,60.73748597
1668656319.6761503,0.045248,0.045248,9.767e-05,0.000141,61.39221784
1668656379.7825212,0.045248,0.045245,9.743e-05,0.000138,61.16874934
1668656440.164541,0.045248,0.045245,9.743e-05,0.000138,61.16874934
1668656499.6123235,0.045245,0.045248,9.581e-05,0.00014,61.32037403
1668656559.5648994,0.045122,0.045122,7.77e-05,-5.2e-05,51.73202199
1668656619.5483708,0.045161,0.045161,7.04e-05,4.4e-05,54.18261357
1668656679.512214,0.045123,0.045123,6.282e-05,1e-06,51.19204824
1668656739.5518267,0.045123,0.045123,6.282e-05,1e-06,51.19204824
1668656799.7267344,0.045123,0.045123,6.282e-05,1e-06,51.19204824
1668656859.549358,0.045123,0.045123,6.282e-05,1e-06,51.19204824
1668656919.7272742,0.045124,0.045124,5.425e-05,-2.5e-05,51.25661453
1668656979.504891,0.045124,0.045122,5.409e-05,-2.7e-05,51.12432812
1668657039.6563632,0.045237,0.045237,5.109e-05,7.9e-05,58.34963498
1668657099.7049625,0.045237,0.045186,4.702e-05,2.8e-05,55.37407959
1668657159.502213,0.045282,0.045282,5.346e-05,3.7e-05,61.22372828
1668657219.7310936,0.045368,0.045368,6.88e-05,0.00012,65.42161261
1668657279.7911632,0.045486,0.045486,9.135e-05,0.000283,70.19021869
1668657339.9135537,0.045451,0.045451,9.546e-05,0.000329,67.11407761
1668657399.7090456,0.045451,0.04544,9.458e-05,0.000318,66.30035389
1668657459.5241756,0.0455,0.0455,0.00010878,0.000377,68.8752249
1668657519.5803816,0.0455,0.045408,0.00010144,0.000285,61.15889119
1668657579.656379,0.045485,0.045485,0.00010667,0.000336,64.72133256
1668657639.5708165,0.04556,0.04556,0.00011413,0.000374,67.96748013
1668657699.7201998,0.045611,0.045611,0.00012845,0.000381,66.90776259
1668657759.6294382,0.04571,0.04571,0.00014162,0.000342,72.23654205
1668657819.493632,0.045718,0.045718,0.0001508,0.000232,70.61122054
1668657879.5554729,0.04582,0.04582,0.00017294,0.000372,71.27198695
1668657940.141305,0.04599,0.04599,0.00019745,0.00055,79.6060972
1668657999.7951434,0.04594,0.04594,0.00020398,0.00044,74.72484952
1668658059.6776545,0.045882,0.045882,0.00020145,0.000474,70.07294737
1668658119.537418,0.045924,0.045924,0.00019615,0.000439,68.85448122
1668658179.6577957,0.045898,0.045898,0.00018597,0.00039,68.23956196
1668658239.669712,0.045898,0.045938,0.00018916,0.00043,69.5208808
1668658299.6701508,0.045929,0.045929,0.00018133,0.000253,69.44502317
1668658359.6554685,0.045929,0.045913,0.00018006,0.000237,68.90325957
1668658419.8234997,0.045913,0.045913,0.00017675,0.000257,68.90325957
1668658479.8126056,0.0459,0.0459,0.00016595,0.0,66.60129035
1668658539.7293916,0.045877,0.045877,0.00015692,-5.6e-05,64.55431415
1668658599.6227603,0.045877,0.04591,0.00015956,-2.3e-05,67.05548581
1668658659.6077678,0.04581,0.04581,0.0001381,-0.000129,57.74389607
1668658719.7824738,0.04581,0.04581,0.0001381,-0.000129,57.74389607
1668658779.743486,0.045827,0.045827,0.0001204,4e-06,56.60520908
1668658839.801391,0.0457,0.0457,9.362e-05,-0.000144,48.92892877
1668658899.71528,0.0457,0.045756,9.808e-05,-8.8e-05,52.1240729
1668658959.7542143,0.045631,0.045631,5.71e-05,-0.000308,45.27637152
1668659019.7890146,0.045631,0.045599,5.455e-05,-0.00034,43.71743085
1668659079.76777,0.0456,0.0456,3.697e-05,-0.0003,43.78215171
1668659139.540807,0.0456,0.0456,1.141e-05,-0.00031,43.78215171
1668659199.8835828,0.0456,0.04564,1.46e-05,-0.00027,46.62925336
1668659259.7206042,0.045601,0.045599,4.75e-06,-0.000318,44.16053456
1668659319.7411516,0.0456,0.0456,-2.94e-06,-0.00021,44.23807918
1668659379.652479,0.045606,0.045606,-8.51e-06,-0.000308,44.73984164
1668659439.704406,0.045606,0.045676,-2.93e-06,-0.000238,49.93394903
1668659499.8867702,0.045595,0.045595,-1.047e-05,-0.000182,44.4329406
1668659560.2476225,0.045546,0.045546,-1.893e-05,-8.4e-05,41.40522433
1668659619.6386948,0.0455,0.0455,-2.964e-05,-9.9e-05,38.7754596
1668659679.82082,0.045444,0.045444,-4.497e-05,-0.000156,35.95181893
1668659739.8375266,0.045444,0.045403,-4.824e-05,-0.000197,33.99969235
1668659799.98353,0.045475,0.045475,-5.71e-05,-0.000165,40.23518378
1668659860.0837252,0.045435,0.045435,-6.429e-05,-0.000164,37.62167112
1668659920.0103548,0.045435,0.045477,-6.094e-05,-0.000122,41.24111251
1668659981.0195408,0.045461,0.045461,-6.253e-05,-0.000138,40.1141924
1668660040.8203335,0.045541,0.045541,-5.568e-05,-0.000135,46.82845409
1668660100.915404,0.045488,0.045488,-5.355e-05,-0.000167,43.41695347
1668660161.757343,0.045488,0.045499,-5.268e-05,-0.000156,44.09407234
1668660221.7170286,0.045577,0.045577,-4.444e-05,-1.8e-05,50.04361
1668660281.676637,0.045385,0.045385,-6.092e-05,-0.000151,37.33279046
1668660343.1858609,0.045351,0.045351,-6.803e-05,-9.3e-05,35.54741325
1668660402.502005,0.0454,0.045344,-6.993e-05,-5.9e-05,35.85695765
1668660462.58132,0.045275,0.045275,-7.919e-05,-0.000185,32.42394316
1668660523.5351157,0.045341,0.045341,-8.034e-05,-9.5e-05,38.52522457
1668660583.3064687,0.045341,0.045346,-7.994e-05,-9e-05,38.93939791
1668660643.511367,0.045346,0.045346,-7.956e-05,-0.000124,38.93939791
1668660704.1112268,0.045382,0.045382,-6.344e-05,-0.000174,43.07040112
1668660763.9646735,0.045382,0.045408,-6.137e-05,-0.000148,44.55638479
1668660824.165412,0.045544,0.045544,-3.522e-05,9.9e-05,53.60359888
1668660885.720199,0.045566,0.045566,-2.232e-05,0.000188,54.87032367
1668660945.301503,0.045566,0.045566,-2.232e-05,0.000188,54.87032367
1668661005.4588938,0.045566,0.045566,-1.34e-05,0.000166,54.87032367
1668661065.9181018,0.045603,0.045603,-1.03e-06,0.000259,57.17641886
1668661126.0511155,0.045603,0.045603,-1.03e-06,0.000259,57.17641886
1668661186.161276,0.045665,0.045665,1.131e-05,0.000391,61.04488527
1668661246.4498148,0.045665,0.045665,1.131e-05,0.000391,61.04488527
1668661305.9875374,0.045596,0.045596,1.534e-05,0.00025,55.08136591
1668661366.0866334,0.045596,0.045585,1.446e-05,0.000239,54.23668997
1668661426.0013683,0.045479,0.045479,8.31e-06,6.9e-05,46.79039853
1668661486.17386,0.045452,0.04548,9.6e-07,1.7e-05,47.35931624
1668661546.0385215,0.045418,0.045418,-7.2e-06,8e-06,43.69843735
1668661606.175062,0.045385,0.0454,-1.698e-05,-0.00014,43.07279434
1668661666.1172304,0.045385,0.0454,-1.698e-05,-0.00014,43.07279434
1668661726.004949,0.045385,0.0454,-1.698e-05,-0.00014,43.07279434
1668661786.2012308,0.045385,0.0454,-1.698e-05,-0.00014,43.07279434
1668661846.0201344,0.04536,0.04536,-2.558e-05,-0.000207,40.84670253
1668661906.621804,0.04536,0.04536,-3.202e-05,-0.000206,40.84670253
1668661965.8806448,0.04536,0.04536,-3.67e-05,-0.000243,40.84670253
1668662026.20807,0.04536,0.045399,-3.359e-05,-0.000204,44.11278022
1668662085.9657874,0.04536,0.045399,-3.359e-05,-0.000204,44.11278022
1668662146.0607755,0.045342,0.045342,-3.899e-05,-0.000261,40.5856986
1668662206.1700823,0.045342,0.04535,-3.835e-05,-0.000253,41.04631606
1668662265.9205494,0.04539,0.04539,-3.76e-05,-0.000195,44.52816819
1668662326.1263304,0.0454,0.0454,-4.057e-05,-3.8e-05,46.57723668
1668662387.2580044,0.045321,0.045321,-4.431e-05,-0.000159,41.88881025
1668662445.9211996,0.045321,0.045396,-3.833e-05,-8.4e-05,46.3147656
1668662506.3261194,0.045321,0.045396,-3.833e-05,-8.4e-05,46.3147656
1668662566.0216086,0.045393,0.045393,-3.637e-05,8e-06,46.10491948
1668662626.034751,0.0454,0.0454,-3.368e-05,0.0,46.66334592
1668662686.0657732,0.0454,0.0454,-3.368e-05,0.0,46.66334592
1668662746.342721,0.045399,0.045399,-2.929e-05,3.9e-05,46.57566271
1668662806.1217718,0.045395,0.045395,-3.177e-05,-4e-06,47.33135358
1668662866.807452,0.045395,0.045396,-3.169e-05,-3e-06,47.41625065
1668662926.022379,0.045381,0.045381,-3.022e-05,3.1e-05,46.21293384
1668662985.9522831,0.045381,0.045394,-2.918e-05,4.4e-05,47.25220028
1668663045.9638577,0.045403,0.045403,-2.616e-05,5e-06,48.12202198
1668663105.9589872,0.045403,0.045449,-2.249e-05,5.1e-05,52.15458823
1668663166.032495,0.045403,0.045449,-2.249e-05,5.1e-05,52.15458823
1668663226.1633708,0.0454,0.0454,-2.091e-05,8.1e-05,47.88468496
1668663286.1084385,0.04546,0.04546,-1.692e-05,6e-05,52.84746831
1668663346.8897424,0.04546,0.045406,-2.123e-05,6e-06,48.8257103
1668663406.240067,0.04546,0.045406,-2.123e-05,6e-06,48.8257103
1668663465.999082,0.04549,0.04549,-1.222e-05,9.4e-05,55.22351692
1668663526.223889,0.045423,0.045423,-1.321e-05,2.7e-05,50.12162419
1668663586.1102922,0.045423,0.045423,-1.321e-05,2.7e-05,50.12162419
1668663646.2140732,0.045423,0.045423,-1.321e-05,2.7e-05,50.12162419
1668663705.9901786,0.045423,0.045423,-1.321e-05,2.7e-05,50.12162419
1668663766.597272,0.045382,0.045382,-1.422e-05,-1.8e-05,46.69763317
1668663826.603432,0.045296,0.045296,-2.289e-05,-0.000104,40.54038706
1668663886.7017727,0.045296,0.045247,-2.679e-05,-0.000153,37.66537479
1668663946.20803,0.045296,0.045247,-2.679e-05,-0.000153,37.66537479
1668664006.4792614,0.045327,0.045327,-3.03e-05,-6.9e-05,44.60568027
1668664066.0025642,0.045327,0.045332,-2.99e-05,-6.4e-05,45.01576085
1668664126.210385,0.045327,0.045332,-2.99e-05,-6.4e-05,45.01576085
1668664186.1244116,0.045377,0.045377,-2.595e-05,-7.2e-05,48.91897974
1668664246.075271,0.045377,0.045355,-2.77e-05,-9.4e-05,47.06107929
1668664306.389953,0.045377,0.045355,-2.77e-05,-9.4e-05,47.06107929
1668664366.5014231,0.045377,0.045355,-2.77e-05,-9.4e-05,47.06107929
1668664426.1065967,0.045289,0.045289,-3.119e-05,-7.4e-05,42.11250708
1668664486.387249,0.045289,0.045289,-3.119e-05,-7.4e-05,42.11250708
1668664546.1765158,0.045289,0.045289,-3.119e-05,-7.4e-05,42.11250708
1668664606.3625631,0.045289,0.045289,-3.356e-05,-0.000117,42.11250708
1668664666.075303,0.045225,0.045225,-3.953e-05,-0.000219,37.98302075
1668664726.707557,0.045214,0.045214,-4.68e-05,-0.000209,37.96112616
1668664786.838998,0.045226,0.045226,-4.944e-05,-0.000137,39.23368711
1668664846.110355,0.045235,0.045235,-5.429e-05,-1.2e-05,42.14451097
1668664906.0648065,0.045235,0.04524,-5.389e-05,-7e-06,42.58133574
1668664966.0831687,0.0453,0.0453,-4.786e-05,-2.2e-05,47.685779
1668665026.27577,0.04524,0.04524,-4.54e-05,-9.2e-05,43.90104535
1668665086.2745442,0.04524,0.04516,-5.178e-05,-0.000172,39.66160518
1668665146.1231208,0.04516,0.04516,-5.626e-05,-0.000179,39.66160518
1668665206.2074869,0.04516,0.04516,-5.626e-05,-0.000179,39.66160518
1668665266.0845726,0.045157,0.045157,-5.937e-05,-0.000198,39.49572885
1668665326.270255,0.045157,0.045157,-5.937e-05,-0.000198,39.49572885
1668665386.205209,0.045157,0.045157,-5.937e-05,-0.000198,39.49572885
1668665446.0044878,0.045157,0.045157,-5.937e-05,-0.000198,39.49572885
1668665505.9864385,0.045188,0.045188,-5.866e-05,-0.000101,42.18645117
1668665566.1633115,0.045125,0.045125,-6.246e-05,-0.000174,38.4446375
1668665626.265597,0.045157,0.045214,-5.565e-05,1.4e-05,45.21630214
1668665686.1618977,0.045157,0.045214,-5.565e-05,1.4e-05,45.21630214
1668665746.3984118,0.045169,0.045169,-5.528e-05,-4.5e-05,42.23620643
1668665806.2706776,0.045169,0.045157,-5.623e-05,-5.7e-05,41.50671158
1668665866.343075,0.045169,0.045157,-5.623e-05,-5.7e-05,41.50671158
1668665926.232047,0.045169,0.045157,-5.623e-05,-5.7e-05,41.50671158
1668665986.5644257,0.045157,0.045157,-5.526e-05,-8.3e-05,41.50671158
1668666046.1652453,0.045157,0.045157,-5.526e-05,-8.3e-05,41.50671158
1668666106.2594926,0.04511,0.04511,-5.777e-05,-0.000222,38.27300541
1668666166.0087004,0.04511,0.04511,-5.907e-05,-5e-05,38.27300541
1668666226.4962382,0.04511,0.044974,-6.992e-05,-0.000186,30.79635217
1668666286.0524993,0.044995,0.044995,-7.697e-05,-0.000165,32.97368628
1668666346.2789605,0.04498,0.04498,-8.374e-05,-0.000177,31.43274962
1668666406.1123164,0.04498,0.04498,-8.374e-05,-0.000177,31.43274962
1668666466.1262424,0.04498,0.04498,-8.374e-05,-0.000177,31.43274962
1668666526.5025244,0.04498,0.04498,-8.374e-05,-0.000177,31.43274962
1668666586.0678377,0.04498,0.04498,-8.374e-05,-0.000177,31.43274962
1668666646.3898818,0.04498,0.04498,-8.374e-05,-0.000177,31.43274962
1668666707.175521,0.045087,0.045087,-7.861e-05,-0.000101,42.38994972
1668666766.3454444,0.045207,0.045204,-5.356e-05,-1e-05,51.56872221
1668666826.2490957,0.045225,0.045225,-4.174e-05,6.8e-05,53.11274913
1668666886.1954868,0.045272,0.045272,-2.536e-05,0.000115,56.23544723
1668666946.1944065,0.045272,0.045208,-3.047e-05,5.1e-05,51.23185289
1668667006.7795746,0.045272,0.045208,-3.047e-05,5.1e-05,51.23185289
1668667066.2943432,0.045272,0.045208,-3.047e-05,5.1e-05,51.23185289
1668667126.3470538,0.045208,0.045208,-2.422e-05,5.1e-05,51.23185289
1668667187.0293057,0.045252,0.045252,-1.555e-05,0.000142,54.46245604
1668667246.420438,0.04528,0.04528,-3.07e-06,0.000306,55.73533738
1668667306.1509705,0.04528,0.04528,-3.07e-06,0.000306,55.73533738
1668667366.4854822,0.045359,0.045359,9.72e-06,0.000379,60.58794334
1668667426.7152698,0.045321,0.045359,1.785e-05,0.000379,60.70957095
1668667486.1821718,0.045321,0.045366,1.841e-05,0.000386,61.11509094
1668667545.987538,0.045321,0.045366,1.841e-05,0.000386,61.11509094
1668667606.4306965,0.045409,0.045409,3.025e-05,0.000282,63.60038284
1668667666.6203976,0.04537,0.04537,3.607e-05,0.000214,59.86325885
1668667726.1342084,0.04537,0.045409,3.918e-05,0.000253,63.60038284
1668667786.0428574,0.045409,0.045409,5.035e-05,0.000137,63.60038284
1668667845.952463,0.045411,0.045411,5.373e-05,0.000203,63.67538385
1668667906.0936828,0.045411,0.04537,5.046e-05,0.000162,58.88489595
1668667966.2316997,0.045408,0.045398,5.202e-05,0.00019,61.0405537
1668668026.414125,0.045397,0.045397,5.842e-05,9.2e-05,57.47775532
1668668086.205031,0.045366,0.045366,5.245e-05,8.6e-05,54.97209892
1668668147.1931722,0.045366,0.045356,5.165e-05,7.6e-05,54.15201309
1668668206.1198697,0.045366,0.045356,5.165e-05,7.6e-05,54.15201309
1668668266.220945,0.045417,0.045417,5.256e-05,8.7e-05,58.2441387
1668668326.0246124,0.045375,0.045375,5.08e-05,9e-06,54.21382336
1668668386.2444606,0.045338,0.045338,4.557e-05,-7.1e-05,51.28344252
1668668446.1144576,0.045341,0.045341,3.692e-05,-6.8e-05,51.54843228
1668668506.1919184,0.04528,0.04528,2.422e-05,-0.000129,47.370634
1668668565.9776623,0.045242,0.04524,1.037e-05,-0.000172,45.24000396
1668668626.6041987,0.045242,0.04524,1.037e-05,-0.000172,45.24000396
1668668686.137678,0.045242,0.04524,1.037e-05,-0.000172,45.24000396
1668668746.2983704,0.045211,0.045211,1.4e-06,-0.000159,43.32916436
1668668806.1722846,0.045211,0.0452,5.2e-07,-0.00017,42.64592354
1668668865.9692917,0.045122,0.045122,-1.342e-05,-0.000371,38.06261854
1668668926.0856886,0.045043,0.045043,-3.555e-05,-0.000323,34.46081763
1668668986.0796783,0.045044,0.045044,-4.727e-05,-0.000312,34.55440851
1668669046.108951,0.044986,0.044986,-6.079e-05,-0.000455,31.68946472
1668669107.5208075,0.044986,0.044986,-6.079e-05,-0.000455,31.68946472
1668669166.083489,0.044986,0.044986,-6.079e-05,-0.000455,31.68946472
1668669226.3043888,0.045179,0.045179,-5.504e-05,-0.000215,47.22420338
1668669286.095189,0.045184,0.045184,-4.032e-05,-9.6e-05,47.72347394
1668669346.1379037,0.045097,0.045097,-4.93e-05,-0.000114,43.49806028
1668669406.0856683,0.045097,0.045213,-4.005e-05,2e-06,49.87112801
1668669466.043092,0.045183,0.045183,-3.634e-05,-5.7e-05,48.35215872
1668669526.3708143,0.045287,0.045287,-2.392e-05,8.7e-05,53.67014447
1668669586.899977,0.045295,0.045295,-1.409e-05,0.000255,54.0684354
1668669646.1091995,0.045295,0.045328,-1.146e-05,0.000288,55.64147804
1668669706.0366862,0.045341,0.045341,1.02e-05,0.000301,55.6740689
1668669766.1006052,0.045405,0.045405,2.11e-05,0.000419,58.7207913
1668669826.1785357,0.045479,0.045479,4.023e-05,0.000316,61.76843332
1668669886.12828,0.045296,0.045296,2.426e-05,3e-05,51.55399082
1668669946.1952283,0.045296,0.045386,3.144e-05,0.00012,55.46364792
1668670006.2086945,0.045386,0.045386,3.558e-05,0.000289,55.46364792
1668670066.6010213,0.045281,0.045281,3.318e-05,6.8e-05,49.85022979
1668670126.034021,0.0452,0.0452,1.782e-05,4e-06,46.53943162
1668670186.023871,0.04519,0.04519,5.39e-06,-9.7e-05,46.4935689
1668670246.195837,0.045193,0.045193,-1.23e-06,-0.000135,46.64253571
1668670306.1370673,0.045193,0.045212,2.8e-07,-0.000116,47.56706369
1668670366.279389,0.04518,0.04518,-6.27e-06,-0.000196,46.11771229
1668670426.2589958,0.04525,0.04525,-4.21e-06,-8.6e-05,49.62353909
1668670486.217135,0.04525,0.04525,-5.22e-06,-0.00023,49.6934043
1668670546.506631,0.045259,0.045259,-2.7e-06,-3.8e-05,50.11596103
1668670606.125422,0.045073,0.045073,-2.842e-05,-0.000313,41.5024655
1668670666.1297064,0.045073,0.045034,-3.153e-05,-0.000352,39.95194455
1668670726.1143477,0.045073,0.045034,-3.153e-05,-0.000352,39.95194455
1668670786.219946,0.045073,0.045034,-3.153e-05,-0.000352,39.95194455
1668670846.289175,0.045073,0.045034,-3.153e-05,-0.000352,39.95194455
1668670905.964346,0.045073,0.045034,-3.153e-05,-0.000352,39.95194455
1668670966.4498017,0.045073,0.045034,-3.153e-05,-0.000352,39.95194455
1668671026.1260362,0.045073,0.045034,-3.153e-05,-0.000352,39.95194455
1668671086.0402,0.045116,0.045116,-3.559e-05,-0.000321,44.63543423
1668671146.188362,0.045192,0.045192,-3.231e-05,-3.3e-05,48.63422677
1668671206.488966,0.045205,0.045205,-2.321e-05,5.2e-05,49.12743047
1668671266.349062,0.045205,0.04513,-2.92e-05,-2.3e-05,46.0548037
1668671326.2951782,0.045205,0.04513,-2.92e-05,-2.3e-05,46.0548037
1668671387.123253,0.045205,0.04513,-2.92e-05,-2.3e-05,46.0548037
1668671447.08862,0.04513,0.04513,-3.315e-05,-8.2e-05,46.0548037
1668671507.1701045,0.045187,0.045187,-2.457e-05,-1.8e-05,48.84414392
1668671568.7448504,0.04518,0.04518,-2.182e-05,-5.2e-05,48.42767068
1668671628.0005488,0.04518,0.04518,-2.182e-05,-5.2e-05,48.42767068
1668671688.0518422,0.045199,0.045199,-1.916e-05,-7.4e-05,49.47354084
1668671748.8680832,0.045199,0.045178,-1.853e-05,0.000105,48.30746801
1668671808.9459448,0.04513,0.04513,-2.165e-05,9.6e-05,45.65847558
1668671868.9967952,0.04513,0.045209,-1.535e-05,0.000175,50.17441577
1668671929.7038252,0.04518,0.04518,-1.763e-05,-9.5e-05,48.79695505
1668671989.615518,0.045108,0.045108,-2.599e-05,-2.2e-05,44.4107942
1668672049.7136402,0.045108,0.045144,-2.544e-05,1.4e-05,47.05453506
1668672111.0528154,0.045164,0.045081,-2.783e-05,-0.000128,43.54342091
1668672170.4226604,0.045075,0.045034,-3.507e-05,-0.000173,41.0283221
1668672230.4443457,0.04507,0.04507,-3.748e-05,-0.00011,43.71027389
1668672292.046801,0.04507,0.045061,-3.819e-05,-0.000119,43.06291862
1668672351.7975557,0.04507,0.045061,-3.819e-05,-0.000119,43.06291862
1668672411.7830746,0.04507,0.045061,-3.819e-05,-0.000119,43.06291862
1668672472.5480146,0.045058,0.04513,-4.019e-05,-4.8e-05,48.89020194
1668672532.4240327,0.045151,0.045167,-3.104e-05,-4.2e-05,51.01653983
1668672592.4867337,0.04521,0.04521,-1.782e-05,8e-05,53.19123973
1668672653.5302708,0.045122,0.045148,-2.114e-05,3.1e-05,49.73343356
1668672713.3123336,0.045123,0.045123,-2.011e-05,1.5e-05,48.29440056
1668672773.2772906,0.045148,0.045186,-1.152e-05,1.1e-05,52.00405563
1668672833.913195,0.045189,0.045091,-1.481e-05,1e-05,46.20993403
1668672894.1156332,0.045195,0.045195,-4.79e-06,0.000161,52.55685966
1668672954.0870466,0.045149,0.045149,-8.99e-06,8.8e-05,49.68000734
1668673015.927377,0.045143,0.04515,-8.16e-06,0.00016,49.78581237
1668673075.0469391,0.045143,0.04522,-2.58e-06,0.00023,54.47611757
1668673134.8718646,0.045135,0.045135,-3.92e-06,-1.6e-05,48.54636042
1668673195.9533446,0.045135,0.045135,-3.92e-06,-1.6e-05,48.54636042
1668673255.6750846,0.045135,0.045135,-4.94e-06,-9e-05,48.54636042
1668673315.6795268,0.04515,0.04515,-7.13e-06,2.6e-05,49.90251202
1668673376.522163,0.04515,0.04515,-6.07e-06,2e-06,49.90251202
1668673436.4799,0.045151,0.04529,5.99e-06,0.000126,58.6151022
1668673496.4522176,0.045151,0.045305,7.19e-06,0.000141,59.37214162
1668673557.5079489,0.045257,0.045257,1.367e-05,7.1e-05,55.85131478
1668673617.3546646,0.045181,0.045181,7.84e-06,2.3e-05,51.05737283
1668673677.822972,0.045181,0.045258,1.398e-05,0.0001,55.24848186
1668673738.2041986,0.045242,0.045243,1.763e-05,0.000117,54.27345988
1668673798.2048976,0.045242,0.045243,1.763e-05,0.000117,54.27345988
1668673858.2854908,0.045338,0.045338,2.786e-05,0.000195,59.18614273
1668673918.884369,0.045338,0.045338,2.786e-05,0.000195,59.18614273
1668673979.9405138,0.045266,0.045266,2.981e-05,4.6e-05,54.4145941
1668674039.0240138,0.045215,0.045215,2.694e-05,8e-05,51.26207407
1668674099.979701,0.045215,0.045215,2.694e-05,8e-05,51.26207407
1668674159.8790789,0.045215,0.045215,2.694e-05,8e-05,51.26207407
1668674220.648088,0.045215,0.045215,2.694e-05,8e-05,51.26207407
1668674280.5592115,0.045215,0.045215,2.694e-05,8e-05,51.26207407
1668674340.9750235,0.045215,0.045215,2.694e-05,8e-05,51.26207407
1668674400.9612358,0.045169,0.045169,2.071e-05,7.7e-05,48.53099666
1668674461.4842975,0.045096,0.045096,7.12e-06,-5.4e-05,44.63766986
1668674521.401834,0.045215,0.045215,8.57e-06,6.5e-05,51.73380248
1668674581.3907497,0.045215,0.045215,9.61e-06,-9e-05,51.73380248
1668674642.1730757,0.045215,0.045173,6.97e-06,-8e-06,49.15483819
1668674702.1748843,0.045215,0.045173,6.97e-06,-8e-06,49.15483819
1668674762.133629,0.045215,0.045173,6.97e-06,-8e-06,49.15483819
1668674823.1639936,0.045215,0.045173,6.97e-06,-8e-06,49.15483819
1668674883.4346538,0.045215,0.045173,6.97e-06,-8e-06,49.15483819
1668674943.0017264,0.045185,0.045185,5.77e-06,-7.3e-05,49.92295324
1668675003.8366387,0.045214,0.045214,7.27e-06,-2.9e-05,51.80386867
1668675064.2186513,0.045249,0.045249,1.577e-05,-8.9e-05,53.33119916
1668675123.9471135,0.045249,0.045174,9.79e-06,-0.000164,48.8971353
1668675194.522896,0.045249,0.045174,9.79e-06,-0.000164,48.8971353
1668675244.9090114,0.045274,0.045326,1.89e-05,6e-05,56.74610763
1668675304.431327,0.045335,0.045335,2.654e-05,0.00012,57.16561892
1668675365.944905,0.04535,0.04535,3.717e-05,0.000224,56.95473569
1668675425.641825,0.04538,0.04538,4.225e-05,0.000284,58.0529232
1668675485.7074738,0.045356,0.045356,4.379e-05,0.000141,56.9884877
1668675546.6759405,0.045346,0.045342,4.303e-05,0.000127,55.94194758
1668675606.4013846,0.045342,0.04537,4.605e-05,0.000197,57.43548618
1668675666.1875296,0.04535,0.045339,4.419e-05,0.000151,55.56260729
1668675727.1700337,0.045326,0.04534,4.356e-05,4.8e-05,55.62553532
1668675787.1690202,0.045326,0.045341,4.364e-05,4.9e-05,55.68828539
1668675847.309091,0.045326,0.045341,4.364e-05,4.9e-05,55.68828539
1668675908.1913795,0.045326,0.045341,4.364e-05,4.9e-05,55.68828539
1668675968.0889802,0.045326,0.045341,4.364e-05,4.9e-05,55.68828539
1668676028.2414255,0.045326,0.045341,4.364e-05,4.9e-05,55.68828539
1668676088.9050355,0.045326,0.045341,4.364e-05,4.9e-05,55.68828539
1668676148.8590636,0.045261,0.045242,3.481e-05,6.8e-05,48.39239888
1668676208.8633685,0.045261,0.045242,3.481e-05,6.8e-05,48.39239888
1668676269.7330625,0.045261,0.045242,3.481e-05,6.8e-05,48.39239888
1668676329.6991403,0.045261,0.045242,3.481e-05,6.8e-05,48.39239888
1668676389.741954,0.04531,0.04537,3.771e-05,4.4e-05,56.35427465
1668676451.1296964,0.04534,0.04534,3.716e-05,-5.6e-05,54.24207958
1668676511.1999006,0.04534,0.04534,3.716e-05,-5.6e-05,54.24207958
1668676571.144027,0.045385,0.045393,4.053e-05,6.6e-05,57.28785476
1668676631.9565938,0.045385,0.045393,4.053e-05,6.6e-05,57.28785476
1668676691.991704,0.045385,0.045393,4.053e-05,6.6e-05,57.28785476
1668676751.849652,0.04542,0.04542,4.487e-05,6.4e-05,58.79265475
1668676812.775176,0.04542,0.045416,4.455e-05,6e-05,58.57644714
1668676872.8299327,0.045416,0.045416,4.719e-05,9e-05,58.57644714
1668676932.6122577,0.045399,0.045399,4.157e-05,5.7e-05,56.23565081
1668676993.578101,0.04544,0.04544,4.584e-05,9e-05,58.46757003
1668677053.3968346,0.045546,0.045546,5.921e-05,0.000207,63.52770276
1668677113.4205184,0.045546,0.045517,5.69e-05,0.000178,62.23954265
1668677174.3001585,0.04549,0.04549,6.064e-05,0.000149,60.11086381
1668677234.4048755,0.04549,0.04549,6.064e-05,0.000149,60.11086381
1668677294.5898852,0.04544,0.04544,5.889e-05,0.000198,56.27262618
1668677355.1341658,0.04547,0.04547,6.263e-05,0.0001,58.25600335
1668677415.0940962,0.04547,0.04547,6.263e-05,0.0001,58.25600335
1668677474.9908774,0.04544,0.04544,5.551e-05,4.7e-05,55.72165216
1668677535.81117,0.04544,0.04544,5.551e-05,4.7e-05,55.72165216
1668677595.7645397,0.045519,0.045519,6.104e-05,0.000197,60.31442141
1668677655.8255053,0.045709,0.045709,8.547e-05,0.00031,70.10610724
1668677716.6912894,0.045709,0.045699,8.468e-05,0.0003,69.70719799
1668677776.750564,0.0457,0.045682,9.292e-05,0.000208,67.12093748
1668677836.8962398,0.045546,0.045546,8.459e-05,5.6e-05,55.75835676
1668677897.7644455,0.045484,0.045484,7.157e-05,-1.1e-05,51.43919476
1668677957.567358,0.04548,0.04548,6.13e-05,1e-05,51.17709311
1668678017.6268544,0.045593,0.045593,6.773e-05,0.000153,57.79525026
1668678078.299744,0.045567,0.045567,6.232e-05,0.000127,56.19835584
1668678138.224957,0.04555,0.04555,5.691e-05,1.5e-05,54.87282554
1668678198.15138,0.045535,0.045535,5.101e-05,-0.000129,53.66057148
1668678259.9277196,0.045535,0.045535,5.101e-05,-0.000129,53.66057148
1668678319.6991262,0.045519,0.045519,3.57e-05,-0.000163,52.19515077
1668678379.942636,0.04544,0.04544,2.342e-05,-0.000177,46.41153965
1668678440.584201,0.04544,0.04544,1.788e-05,-8.5e-05,46.25463518
1668678500.6409063,0.04544,0.045411,1.557e-05,-0.000114,44.1643331
1668678560.3279002,0.045498,0.045498,1.276e-05,-7.8e-05,51.32174271
1668678621.062193,0.045563,0.045563,2.025e-05,-4e-06,55.90698422
1668678681.1353664,0.045692,0.045692,4.173e-05,0.000137,62.66149107
1668678741.3755522,0.045692,0.045731,4.485e-05,0.000176,65.03795799
1668678802.1069932,0.045629,0.045629,4.487e-05,8.8e-05,57.40452198
1668678861.8759625,0.04559,0.04559,3.913e-05,5.5e-05,54.4514109
1668678921.8111525,0.04559,0.045567,3.73e-05,3.2e-05,53.08083127
1668678982.859172,0.04558,0.04558,3.456e-05,0.00013,53.81475258
1668679042.8282497,0.045546,0.045546,3.062e-05,6.8e-05,51.35132054
1668679102.720955,0.045559,0.045559,2.825e-05,0.000148,52.02024124
1668679163.5177977,0.045559,0.045569,2.905e-05,0.000158,52.82403604
1668679223.529307,0.04554,0.04554,2.231e-05,5e-05,50.60079903
1668679283.5310571,0.045571,0.045571,2.561e-05,-0.000135,52.28855924
1668679344.1680803,0.045599,0.045599,2.763e-05,-0.000105,54.65076646
1668679404.181013,0.045622,0.045622,3.021e-05,5.5e-05,56.41555601
1668679464.298724,0.045613,0.045613,2.936e-05,6.7e-05,55.57357721
1668679525.4236112,0.04569,0.04569,3.507e-05,0.00011,61.70914933
1668679585.1295114,0.04573,0.04573,4.48e-05,0.000164,64.2723766
1668679645.0542188,0.045559,0.045559,2.499e-05,-2.1e-05,49.16170577
1668679706.0523086,0.045559,0.045575,2.627e-05,-5e-06,50.32750963
1668679766.0335214,0.045604,0.045604,2.427e-05,2e-06,52.32917861
1668679825.971799,0.04565,0.04565,2.602e-05,5.2e-05,55.8254585
1668679888.2193103,0.04565,0.045646,2.57e-05,4.8e-05,55.54324678
1668679946.8161168,0.0457,0.0457,3.102e-05,0.000101,59.32146271
1668680006.8400586,0.045569,0.045569,1.734e-05,-4.4e-05,48.52788122
1668680068.1646717,0.045569,0.045571,1.75e-05,-4.2e-05,48.69605757
1668680128.0318682,0.045568,0.045568,8.69e-06,-0.000162,48.65384434
1668680188.0262854,0.045568,0.045451,-6.5e-07,-0.000279,39.33817116
1668680249.086101,0.045509,0.045509,-5.42e-06,-9.3e-05,44.00862448
1668680308.820573,0.045509,0.045521,-4.46e-06,-8.1e-05,45.0045224
1668680368.9997487,0.045509,0.045521,-4.46e-06,-8.1e-05,45.0045224
1668680429.498182,0.04545,0.04545,-1.343e-05,-0.000151,39.33304295
1668680489.354684,0.0455,0.0455,-1.847e-05,-0.000101,45.38676141
1668680549.5227802,0.045417,0.045417,-2.664e-05,-0.000229,39.8297238
1668680610.202319,0.045388,0.045388,-3.672e-05,-0.000261,38.18742461
1668680670.2404332,0.045388,0.04536,-3.895e-05,-0.000289,36.62544711
1668680730.3016653,0.04536,0.045593,-2.788e-05,1.1e-05,53.62452455
1668680791.51456,0.045385,0.045349,-3.835e-05,-0.000219,41.17037987
1668680851.2198792,0.045443,0.045443,-3.974e-05,-6.2e-05,46.42547592
1668680911.321648,0.045449,0.045449,-3.616e-05,-8.8e-05,46.8262473
1668680972.094525,0.045449,0.045564,-2.699e-05,2.7e-05,52.5170931
1668681032.0260615,0.045417,0.045417,-3.06e-05,-0.000104,45.59170962
1668681092.0364242,0.045464,0.045464,-2.711e-05,4.9e-05,47.68767176
1668681152.8143947,0.045464,0.04547,-2.664e-05,5.5e-05,47.99578748
1668681212.7892754,0.045464,0.04547,-2.664e-05,5.5e-05,47.99578748
1668681272.8011303,0.045464,0.04547,-2.664e-05,5.5e-05,47.99578748
1668681333.8017912,0.04547,0.04547,-2.548e-05,-3e-05,47.99578748
1668681393.7169662,0.045392,0.045392,-3.05e-05,2e-06,44.0812833
1668681453.777392,0.045432,0.045432,-3.09e-05,7.2e-05,46.491449
1668681514.799821,0.045566,0.045566,-1.537e-05,-2.7e-05,53.43157841
1668681574.7870302,0.04546,0.04546,-2.319e-05,0.000111,48.10685905
1668681634.6003315,0.045478,0.045478,-2.086e-05,5.7e-05,49.18612314
1668681695.2694228,0.045392,0.045392,-2.511e-05,-8.6e-05,44.52863186
1668681755.5107343,0.045392,0.045392,-2.511e-05,-8.6e-05,44.52863186
1668681815.2519326,0.045392,0.045392,-2.852e-05,-0.000172,44.52863186
1668681876.422619,0.045357,0.045357,-3.533e-05,-9.6e-05,42.72923468
1668681936.3859167,0.045357,0.045381,-3.341e-05,-7.2e-05,44.25170216
1668681996.3664098,0.045345,0.045345,-3.805e-05,-0.000125,42.26873085
1668682057.169167,0.045345,0.045381,-3.518e-05,-8.9e-05,44.25170216
1668682117.1035302,0.045345,0.045345,-4.16e-05,-4.7e-05,42.12353043
1668682177.1755342,0.045345,0.045324,-4.328e-05,-6.8e-05,40.88821928
1668682238.040582,0.045347,0.045347,-4.868e-05,-0.000108,44.04540459
1668682297.984866,0.045369,0.045369,-4.336e-05,-8.8e-05,45.79093322
1668682357.9218605,0.045326,0.045326,-4.345e-05,-0.000158,42.98352901
1668682418.7412117,0.045326,0.045326,-4.345e-05,-0.000158,42.98352901
1668682478.7780402,0.045326,0.045326,-4.345e-05,-0.000158,42.98352901
1668682538.781908,0.04537,0.045428,-3.589e-05,3.6e-05,50.55612981
1668682599.6989555,0.04537,0.045428,-3.589e-05,3.6e-05,50.55612981
1668682659.722669,0.045385,0.045385,-3.299e-05,2e-05,47.68108994
1668682719.7255113,0.045391,0.045391,-2.949e-05,1e-05,48.06247084
1668682780.4898517,0.045371,0.045371,-2.338e-05,2.6e-05,46.70227809
1668682840.5897875,0.045515,0.045515,-7.08e-06,0.000191,57.09624673
1668682900.7097306,0.045469,0.045469,-7.57e-06,0.000189,54.01415325
1668682961.259766,0.045469,0.045469,-7.57e-06,0.000189,54.01415325
1668683021.244653,0.045431,0.045431,-5.72e-06,4.7e-05,50.61371545
1668683081.5270305,0.045406,0.045406,-7.73e-06,2.1e-05,48.60079306
1668683142.4089804,0.04538,0.04538,-9.73e-06,5.4e-05,46.37617018
1668683202.271349,0.04538,0.045371,-1.045e-05,4.5e-05,45.652818
1668683262.4969788,0.045341,0.045375,-1.214e-05,-5.3e-05,46.05553869
1668683323.3901622,0.045233,0.045233,-3.418e-05,-0.000158,35.88848584
1668683383.1833155,0.04524,0.04524,-4.439e-05,-0.000193,39.27813528
1668683443.043602,0.04524,0.045296,-3.993e-05,-0.000137,43.914989
1668683503.7043877,0.045212,0.045212,-4.692e-05,-0.000232,39.09273291
1668683563.835095,0.04517,0.045115,-6.546e-05,-0.000317,34.68729903
1668683623.867756,0.04515,0.04515,-6.484e-05,-0.000319,38.70683269
1668683684.8938637,0.04515,0.045153,-6.46e-05,-0.000316,38.83892707
1668683744.6637027,0.04515,0.045153,-6.46e-05,-0.000316,38.83892707
1668683804.8073828,0.045145,0.045145,-7.632e-05,-0.000261,40.19491093
1668683865.4701374,0.045145,0.045104,-7.959e-05,-0.000302,37.26954891
1668683925.4568343,0.045077,0.045077,-8.499e-05,-0.000294,36.02000968
1668683985.4608166,0.045012,0.045012,-9.745e-05,-0.000363,33.32984628
1668684046.3200057,0.045069,0.045069,-9.748e-05,-0.000164,38.03639318
1668684106.2221048,0.045118,0.045118,-9.348e-05,-5.5e-05,41.92068059
1668684166.2303317,0.045118,0.045118,-9.348e-05,-5.5e-05,41.92068059
1668684227.1137545,0.045118,0.045118,-8.319e-05,1e-06,41.92068059
1668684286.993894,0.04509,0.04509,-7.92e-05,-0.000117,40.62076387
1668684408.0949988,0.04518,0.04518,-5.929e-05,9.4e-05,47.78651089
1668684468.0124846,0.045189,0.045189,-5.148e-05,8.5e-05,48.45111533
1668684528.202298,0.045174,0.045174,-4.548e-05,0.000162,47.37137965
1668684588.9160092,0.045178,0.045178,-4.051e-05,0.000166,47.703662
1668684649.0359633,0.045178,0.045178,-4.051e-05,0.000166,47.703662
1668684708.720053,0.045115,0.045115,-4.117e-05,6.2e-05,43.08922028
1668684769.6342535,0.045132,0.045132,-3.84e-05,1.4e-05,44.64524131
1668684829.479403,0.04517,0.04517,-3.377e-05,3.1e-05,48.30910274
1668684889.3918498,0.045149,0.045149,-3.144e-05,5.9e-05,46.47824671
1668684950.7686706,0.045162,0.045162,-2.822e-05,-4.2e-05,47.7971951
1668685009.728899,0.045128,0.045128,-3.104e-05,-5.3e-05,45.02626745
1668685069.4983785,0.04515,0.04515,-2.869e-05,-4.8e-05,47.46951248
1668685129.765489,0.045188,0.045188,-2.355e-05,1.4e-05,51.44313955
1668685189.510639,0.045168,0.045168,-2.023e-05,-1e-05,49.36562652
1668685249.5090935,0.045168,0.045157,-2.11e-05,-2.1e-05,48.29296465
1668685309.62175,0.045169,0.04514,-2.03e-05,2.5e-05,46.60744279
1668685369.5080595,0.045205,0.045205,-1.426e-05,7.3e-05,53.31652098
1668685429.786786,0.045235,0.045215,-2.71e-06,8.3e-05,52.68343497
1668685489.5990386,0.0452,0.0452,-1.69e-06,3e-05,51.50140019
1668685549.666485,0.0452,0.045201,-1.61e-06,3.1e-05,51.57939753
1668685609.5239654,0.045201,0.045201,2.1e-07,5.2e-05,51.57939753
1668685669.6412537,0.045239,0.045261,6.42e-06,0.000147,56.4527915
1668685729.5484383,0.045239,0.045261,6.42e-06,0.000147,56.4527915
1668685789.7590709,0.045136,0.045136,1.24e-06,1.7e-05,46.05342834
1668685849.5402462,0.045155,0.045155,4.65e-06,1.5e-05,46.9529625
1668685909.985408,0.045052,0.045052,-1.439e-05,-0.000136,40.78740382
1668685969.6937842,0.045177,0.045177,-3.49e-06,2e-05,49.70279134
1668686029.440797,0.045177,0.045177,-3.49e-06,2e-05,49.70279134
1668686089.7855685,0.045191,0.045191,-2.1e-06,5.1e-05,50.65222273
1668686159.629084,0.04519,0.04519,-1.07e-06,-0.00011,50.5787807
1668686209.5118427,0.045104,0.045104,-1.592e-05,-9.6e-05,45.88223302
1668686279.5722587,0.045177,0.045177,-1.261e-05,-2.4e-05,50.56352823
1668686329.4758823,0.045212,0.045212,-7.75e-06,1.1e-05,52.72252479
1668686399.7898643,0.045135,0.045135,-9.32e-06,-0.000126,47.87744264
1668686469.8984778,0.045135,0.045057,-1.554e-05,-0.000204,43.80004232
1668686509.6919446,0.04509,0.04509,-1.883e-05,-0.000143,45.89927005
1668686569.5879705,0.04509,0.04509,-1.883e-05,-0.000143,45.89927005
1668686629.7715642,0.045184,0.045184,-1.37e-05,0.000149,51.46103549
1668686689.9444432,0.045225,0.045225,-6.07e-06,4e-05,53.68582231
1668686749.5178216,0.04525,0.04525,1.3e-06,7.3e-05,55.07611676
1668686819.8913617,0.04522,0.04522,2.3e-07,2.9e-05,53.27977271
1668686869.7704997,0.04531,0.04531,1.41e-05,0.000263,57.90211248
1668686929.6195076,0.04525,0.04525,1.148e-05,0.000146,54.45822017
1668686999.6554902,0.04525,0.045217,8.85e-06,0.000113,52.62607169
1668687049.7985651,0.045219,0.045219,9.99e-06,5.3e-05,52.74525515
1668687109.6585157,0.045163,0.045163,3.98e-06,-4.9e-05,49.17638005
1668687169.721628,0.045163,0.045163,3.98e-06,-4.9e-05,49.17638005
1668687229.5286994,0.045213,0.045213,6.46e-06,0.000156,52.58131527
1668687289.665063,0.04528,0.04528,1.362e-05,0.00019,56.76563251
1668687349.5574422,0.045275,0.045275,1.941e-05,8.8e-05,56.12815048
1668687409.6024694,0.045275,0.045275,1.941e-05,8.8e-05,56.12815048
1668687469.7009914,0.04531,0.04531,2.311e-05,0.00014,57.12121894
1668687529.46891,0.045271,0.045271,2.825e-05,1e-05,53.71493961
1668687589.5433495,0.04529,0.04529,3.521e-05,7.7e-05,54.5795698
1668687650.042457,0.04529,0.04526,3.282e-05,4.7e-05,52.67520891
1668687709.6479018,0.045238,0.045238,2.737e-05,7.1e-05,51.17627838
1668687789.6301763,0.045238,0.045313,3.336e-05,0.000146,55.79442522
1668687829.6135335,0.045313,0.045313,3.501e-05,0.00015,55.79442522
1668687889.7155993,0.045313,0.045365,3.915e-05,0.000202,58.67936716
1668687949.85412,0.045355,0.045355,4.245e-05,0.000143,57.89684566
1668688009.6737063,0.045355,0.045281,3.655e-05,6.9e-05,52.6965857
1668688069.684084,0.045355,0.045281,3.655e-05,6.9e-05,52.6965857
1668688139.7513027,0.045246,0.045246,3.13e-05,-4.5e-05,50.3911885
1668688189.8316526,0.045246,0.045246,3.13e-05,-4.5e-05,50.3911885
1668688249.5396874,0.045246,0.045246,3.13e-05,-4.5e-05,50.3911885
1668688309.7444513,0.045246,0.045246,3.13e-05,-4.5e-05,50.3911885
1668688379.755583,0.045246,0.045246,2.683e-05,-2.9e-05,50.3911885
1668688429.6654146,0.045189,0.045189,1.589e-05,0.0,46.73287543
1668688489.8524115,0.045189,0.045188,1.581e-05,-1e-06,46.67013152
1668688549.8539338,0.045189,0.045188,1.581e-05,-1e-06,46.67013152
1668688609.6290808,0.045189,0.045188,1.581e-05,-1e-06,46.67013152
1668688669.6967907,0.045246,0.045246,1.286e-05,-0.000104,50.79640967
1668688729.586101,0.045246,0.045246,1.286e-05,-0.000104,50.79640967
1668688789.7374115,0.045246,0.045246,1.286e-05,-0.000104,50.79640967
1668688849.775463,0.045322,0.045384,2.263e-05,0.000124,59.45333359
1668688909.7039862,0.04537,0.04537,2.891e-05,0.000114,58.33206973
1668688969.6895452,0.04537,0.04537,3.431e-05,5.7e-05,58.25359563
1668689029.8220046,0.04536,0.04536,3.653e-05,-5e-06,57.35866914
1668689089.9296892,0.04537,0.04537,3.632e-05,8.9e-05,57.39188353
1668689150.0147915,0.045385,0.045385,4.023e-05,0.000139,58.30137767
1668689209.718041,0.045391,0.045391,4.454e-05,0.000187,57.79864265
1668689269.7318032,0.045351,0.045351,3.956e-05,0.000163,54.53049911
1668689329.7648962,0.045355,0.045355,3.803e-05,0.000109,54.82673274
1668689389.8194818,0.045379,0.045379,3.923e-05,0.000133,56.57325116
1668689449.7969737,0.04538,0.04538,3.887e-05,-4e-06,56.6519682
1668689509.792585,0.045372,0.045372,3.745e-05,-1.1e-05,55.80925999
1668689569.9987943,0.045372,0.045372,3.745e-05,-1.1e-05,55.80925999
1668689629.640592,0.04539,0.04539,3.694e-05,6.8e-05,57.40228522
1668689689.7561028,0.045372,0.045372,3.534e-05,-1.3e-05,54.81217905
1668689750.036602,0.045372,0.04532,3.119e-05,-6.5e-05,49.32910513
1668689809.8282564,0.045313,0.045313,2.514e-05,-0.000107,48.62396284
1668689869.99553,0.045293,0.045293,1.766e-05,-5.8e-05,46.67373079
1668689930.0591328,0.045286,0.045286,1.192e-05,-6.5e-05,45.94262394
1668689989.7661347,0.045272,0.045272,5.3e-06,-9.8e-05,44.54703619
1668690049.8550546,0.045252,0.045252,-7.31e-06,-0.000127,45.25123002
1668690109.7246563,0.045252,0.045241,-8.19e-06,-0.000138,44.20327186
1668690169.9779406,0.045252,0.045241,-8.19e-06,-0.000138,44.20327186
1668690229.7956777,0.04529,0.04529,-8.01e-06,-8.9e-05,48.89587288
1668690289.8225636,0.045385,0.045385,2.45e-06,1.3e-05,56.31826496
1668690349.8768055,0.045398,0.045398,1.291e-05,8e-06,55.92252624
1668690409.7849188,0.045462,0.045462,2.643e-05,6.2e-05,60.83143794
1668690469.7248578,0.04549,0.04549,3.477e-05,0.00017,62.76817159
1668690529.6834552,0.045444,0.045444,3.415e-05,0.000145,58.97765057
1668690589.683354,0.04548,0.04548,3.903e-05,0.000187,61.64634318
1668690649.7146437,0.045497,0.045497,4.37e-05,0.000225,62.8795703
1668690709.9700358,0.045567,0.045567,5.681e-05,0.000403,67.20361732
1668690769.7504451,0.045599,0.045599,6.388e-05,0.000358,68.41452837
1668690829.6644824,0.045609,0.045609,6.839e-05,0.000276,69.11893771
1668690889.7487178,0.04561,0.04561,7.316e-05,0.000161,69.17555019
1668690949.856169,0.045606,0.045606,7.359e-05,0.000137,66.80816241
1668691009.8358548,0.04568,0.04568,8.604e-05,0.000214,70.40416099
1668691069.921945,0.045699,0.045699,8.745e-05,0.000255,67.89293151
1668691129.71227,0.045698,0.045698,9.142e-05,0.000254,67.78457453
1668691189.829678,0.045752,0.045752,9.853e-05,0.000273,70.54093747
1668691250.2007682,0.045884,0.045884,0.00011418,0.000317,75.88766194
1668691310.0317109,0.04592,0.04592,0.000127,0.000365,77.10626892
1668691369.8888712,0.045707,0.045707,0.00010462,0.000138,59.65310917
1668691429.997177,0.0457,0.0457,9.872e-05,9e-05,59.27247162
1668691489.7447624,0.045779,0.045779,0.00010094,0.000203,63.39646666
1668691550.0133753,0.045685,0.045685,8.668e-05,-1e-06,57.44136307
1668691609.7078407,0.045692,0.045692,8.342e-05,7.5e-05,57.1009278
1668691670.1308134,0.045617,0.045617,7.236e-05,-8.2e-05,51.24460576
1668691729.8352013,0.045617,0.045618,7.244e-05,-8.1e-05,51.31404912
1668691789.9645305,0.0456,0.0456,6.089e-05,-0.00011,50.00059494
1668691849.858753,0.0456,0.045546,4.807e-05,-0.000229,46.10883763
1668691909.9224343,0.045461,0.045461,2.052e-05,-0.00043,42.63330139
1668691969.886406,0.045629,0.045629,2.64e-05,-7.1e-05,52.34299269
1668692029.992029,0.045629,0.045646,2.775e-05,-5.4e-05,53.17504075
1668692089.8662927,0.045629,0.045646,2.775e-05,-5.4e-05,53.17504075
1668692149.9030745,0.045519,0.045519,1.766e-05,-0.000182,46.6258467
1668692210.06361,0.045641,0.045641,2.384e-05,-8e-05,52.78074203
1668692269.9114845,0.045661,0.045661,2.662e-05,-2e-05,53.76778087
1668692330.0148408,0.045661,0.045651,2.582e-05,-3e-05,53.16932665
1668692389.9313335,0.04559,0.04559,1.161e-05,-0.000113,49.93001354
1668692450.1117024,0.045656,0.045656,1.702e-05,3.8e-05,53.13996922
1668692509.889964,0.045713,0.045713,2.686e-05,9.3e-05,55.69259862
1668692570.4071145,0.045741,0.045741,3.467e-05,0.00034,56.93365378
1668692629.816534,0.0458,0.0458,4.79e-05,0.000254,59.1599245
1668692689.860913,0.045743,0.045743,4.948e-05,9.7e-05,55.49019586
1668692749.9620132,0.045743,0.045694,4.557e-05,4.8e-05,52.73025497
1668692809.819276,0.045718,0.045771,4.842e-05,0.000178,56.40010483
1668692869.927107,0.045746,0.045746,4.461e-05,8.5e-05,55.38627022
1668692929.9189885,0.045672,0.045672,3.464e-05,2.1e-05,51.23097799
1668692989.9964314,0.045868,0.045868,5.827e-05,0.000364,60.55333318
1668693050.007525,0.0459,0.04583,6.287e-05,0.000204,57.442439
1668693109.8515408,0.045798,0.045798,5.923e-05,8.5e-05,55.63636195
1668693169.9241226,0.045798,0.045848,6.322e-05,0.000135,57.86554383
1668693230.1570916,0.045861,0.045861,6.593e-05,4.6e-05,58.40733145
1668693289.973068,0.045744,0.045744,4.991e-05,-7.1e-05,51.63274777
1668693350.2137475,0.045712,0.045712,4.118e-05,1.8e-05,49.73874196
1668693410.0045798,0.045857,0.045813,5.457e-05,9.9e-05,53.99584397
1668693469.9678996,0.04582,0.04582,5.046e-05,0.000141,54.17158863
1668693529.9466062,0.045693,0.045693,2.997e-05,-0.000174,48.20221023
1668693589.9884984,0.045593,0.045593,8.25e-06,-0.000307,43.77230628
1668693649.8816774,0.045674,0.045674,3.67e-06,-0.000124,48.2187564
1668693710.0925703,0.045685,0.045685,1.11e-06,-0.000163,48.80482672
1668693769.9473305,0.045685,0.045629,-3.36e-06,-0.000219,46.06160986
1668693829.968645,0.045603,0.045603,-1.091e-05,-0.000239,44.8141563
1668693889.9801104,0.045603,0.045603,-1.441e-05,-0.000141,44.8004903
1668693949.9195857,0.045603,0.045603,-1.814e-05,-0.000135,44.72900786
1668694010.1017487,0.045518,0.045509,-3.342e-05,-0.000402,40.17631009
1668694069.8069706,0.045582,0.045582,-2.743e-05,-0.000197,44.81699525
1668694130.0292134,0.045689,0.045689,-1.727e-05,1e-05,50.6995499
1668694189.9373376,0.045666,0.045666,-1.698e-05,7.3e-05,49.35414207
1668694249.9726827,0.045667,0.045667,-1.505e-05,7.7e-05,49.42373919
1668694310.061031,0.0457,0.0457,-8.76e-06,2.6e-05,51.62268365
1668694369.8950028,0.04577,0.04577,4.1e-06,0.000141,55.9885261
1668694429.8121717,0.04578,0.04578,1.32e-05,0.00014,55.88699896
1668694489.9141686,0.045742,0.045742,1.219e-05,0.00012,53.15920848
1668694549.9583404,0.0456,0.0456,-1.7e-07,6e-05,44.0323943
1668694609.96297,0.0456,0.045619,1.35e-06,7.9e-05,45.08947605
1668694669.8674176,0.045613,0.045613,-1.096e-05,-4.3e-05,44.97494049
1668694730.3860624,0.045682,0.045682,-7.23e-06,1.6e-05,50.02145909
1668694790.349047,0.045682,0.045686,-6.91e-06,2e-05,50.2942002
1668694850.4108057,0.045666,0.045666,-7.13e-06,0.0,48.85850615
1668694911.1008203,0.045666,0.045676,-6.33e-06,1e-05,49.56595901
1668694971.1730585,0.045636,0.045636,-1.425e-05,-0.000133,47.3786008
1668695031.1990948,0.045636,0.045636,-1.489e-05,-0.000176,47.3786008
1668695092.3702176,0.045636,0.045636,-1.522e-05,-0.000106,47.3786008
1668695163.904014,0.045706,0.04574,-3.93e-06,3.8e-05,55.05106209
1668695212.6113696,0.04574,0.04574,1.83e-06,0.000121,55.05106209
1668695275.4275515,0.045741,0.045741,6.41e-06,0.000141,55.12661882
1668695335.4108162,0.04579,0.04566,3.4e-06,1.7e-05,48.07685111
1668695395.3827968,0.04566,0.04566,1.13e-06,-2.6e-05,48.07099541
1668695456.10152,0.045605,0.045605,-5.12e-06,-7.1e-05,43.66123896
1668695516.2095025,0.045605,0.0456,-5.52e-06,-7.6e-05,43.30013846
1668695576.2173865,0.045599,0.045599,-1.074e-05,1.6e-05,43.22314337
1668695636.992563,0.045626,0.045626,-1.089e-05,-1e-05,45.80994172
1668695697.1025393,0.045626,0.045626,-1.257e-05,-1e-05,45.80994172
1668695757.0781386,0.045626,0.045626,-1.375e-05,-6e-05,45.80994172
1668695817.9206686,0.045614,0.045614,-1.769e-05,-0.000126,45.34285185
1668695877.9162855,0.045546,0.045546,-2.307e-05,-0.000194,39.82538982
1668695937.89326,0.045546,0.045532,-2.418e-05,-0.000208,38.8333726
1668695998.700724,0.045546,0.045532,-2.418e-05,-0.000208,38.8333726
1668696058.637367,0.045551,0.045551,-2.817e-05,-0.000189,40.98196564
1668696118.6815686,0.045551,0.045551,-3.097e-05,-0.00011,40.98196564
1668696179.594607,0.045532,0.045532,-3.532e-05,-0.000128,39.47069535
1668696239.4651847,0.045596,0.045596,-2.876e-05,-4e-06,46.55901603
1668696299.5645368,0.045532,0.045478,-4.151e-05,-0.000148,37.25216139
1668696360.547984,0.045437,0.04552,-4.409e-05,-0.000106,42.79619507
1668696420.6060677,0.045442,0.04547,-4.778e-05,-0.000156,39.38976441
1668696480.6328788,0.045432,0.045432,-5.316e-05,-0.000158,36.98059903
1668696541.4334855,0.045451,0.045451,-5.377e-05,-0.000174,38.12283772
1668696601.6758633,0.045386,0.045386,-6.15e-05,-0.000146,33.96334471
1668696661.5869374,0.045365,0.045416,-6.401e-05,-0.000135,37.99018481
1668696722.846603,0.04538,0.04538,-6.736e-05,-0.000155,35.66543054
1668696782.3308046,0.045432,0.045391,-6.847e-05,-0.000197,37.03785619
1668696842.388004,0.045456,0.045506,-5.926e-05,-4e-06,48.42158513
1668696918.5637202,0.045546,0.045546,-4.818e-05,9.7e-05,51.69318567
1668696965.2166233,0.045619,0.045619,-3.257e-05,9.9e-05,57.00579962
1668697025.3014534,0.045619,0.045473,-4.422e-05,-4.7e-05,46.01934623
1668697086.1289454,0.045619,0.045473,-4.422e-05,-4.7e-05,46.01934623
1668697146.188033,0.045619,0.045473,-4.422e-05,-4.7e-05,46.01934623
1668697206.3359244,0.045619,0.045473,-4.422e-05,-4.7e-05,46.01934623
1668697266.921122,0.045536,0.045536,-3.615e-05,6.6e-05,50.94336248
1668697326.8975737,0.045537,0.045537,-2.933e-05,8.1e-05,51.01973667
1668697387.1578023,0.045597,0.045598,-1.879e-05,0.000166,55.56433032
1668697448.602315,0.0456,0.0456,-1.016e-05,0.000226,55.7094312
1668697508.6448724,0.0456,0.045531,-8.78e-06,0.000115,49.68188983
1668697568.5877984,0.0456,0.045531,-8.78e-06,0.000115,49.68188983
1668697629.665813,0.0456,0.045531,-8.78e-06,0.000115,49.68188983
1668697689.222572,0.04554,0.045501,-1e-05,0.000123,47.28634622
1668697749.3128016,0.045478,0.045478,-1.267e-05,8.7e-05,45.47592842
1668697810.402837,0.045481,0.04553,-1.048e-05,2.4e-05,50.12519507
1668697870.1139324,0.04557,0.04557,-3.78e-06,1.5e-05,53.26714326
1668697930.227088,0.04554,0.045548,-6e-06,7.5e-05,51.50883193
1668697991.0427766,0.04555,0.045592,-4e-08,5.6e-05,54.8403299
1668698050.9631493,0.04555,0.04555,1.29e-06,1.3e-05,51.22272694
1668698110.9080875,0.04555,0.04555,1.29e-06,1.3e-05,51.22272694
1668698171.911333,0.045481,0.045481,-3.9e-06,-0.000119,45.63010741
1668698231.9739752,0.045441,0.045441,-6.34e-06,-9e-05,42.77950619
1668698292.003492,0.045102,0.045102,-6.017e-05,-0.000399,28.20167062
1668698352.6863194,0.045142,0.045142,-7.5e-05,-0.000336,31.15284211
1668698412.6667438,0.045101,0.045101,-9.154e-05,-0.000456,29.60354119
1668698472.7927792,0.044731,0.044731,-0.00015526,-0.000773,20.73910438
1668698533.6523707,0.044736,0.044736,-0.00018094,-0.000812,21.70558663
1668698593.6946616,0.044607,0.044607,-0.00021267,-0.000985,18.51629233
1668698653.6856208,0.044727,0.044727,-0.00021513,-0.000823,23.87798781
1668698714.7113206,0.044592,0.044592,-0.00023544,-0.000934,20.07358446
1668698775.086977,0.044592,0.044636,-0.00023193,-0.00089,20.95160204
1668698834.9183557,0.044752,0.044752,-0.00021836,-0.000351,28.64430525
1668698896.0188017,0.04476,0.04476,-0.0002126,-0.00038,28.8808336
1668698955.6636498,0.044776,0.044776,-0.00020982,-0.000364,33.54291331
1668699015.7926805,0.04482,0.04482,-0.00019434,8.3e-05,36.41993695
1668699076.6294596,0.044958,0.044958,-0.00016299,0.000238,44.51999112
1668699136.692161,0.044993,0.044993,-0.00014037,0.000323,46.36174171
1668699196.533845,0.044993,0.044915,-0.00014659,0.000245,42.90443326
1668699258.2923558,0.044915,0.044915,-0.00013426,0.000206,42.90443326
1668699318.159203,0.044925,0.044925,-0.00011312,0.000173,44.10408117
1668699378.1697197,0.044934,0.044934,-0.00010035,0.000164,44.81753082
1668699439.2763934,0.045,0.045,-8.18e-05,0.000237,48.5395508
1668699499.366751,0.044934,0.044934,-7.758e-05,0.000251,44.91322784
1668699559.1873295,0.044934,0.044855,-8.388e-05,0.000172,41.11333745
1668699619.9274926,0.044817,0.044817,-8.355e-05,-0.000143,40.62798301
1668699680.1078749,0.044817,0.0448,-8.49e-05,-0.00016,39.9250659
1668699739.9963613,0.044755,0.044778,-9.23e-05,-0.000215,40.31488141
1668699800.816566,0.044849,0.044849,-8.132e-05,-3.1e-05,44.42068169
1668699860.6984265,0.044849,0.044849,-8.132e-05,-3.1e-05,44.42068169
1668699921.0422745,0.04487,0.04487,-7.45e-05,-5.5e-05,45.70196793
1668699981.8394864,0.044875,0.04488,-6.751e-05,-7.6e-05,46.33638991
1668700041.8914738,0.044907,0.044907,-5.229e-05,-6.3e-05,48.13362298
1668700101.9976332,0.045088,0.045088,-2.082e-05,0.000268,58.09997905
1668700162.8326273,0.04513,0.04513,-3.7e-07,0.000244,59.82889161
1668700222.8214478,0.04516,0.04516,1.973e-05,0.000435,60.03531696
1668700282.64237,0.045238,0.045238,4.141e-05,0.00046,64.57534413
1668700343.5842206,0.045385,0.045385,7.475e-05,0.000536,69.27124576
1668700403.6537712,0.045389,0.045389,9.052e-05,0.00054,69.56878061
1668700463.4440508,0.045389,0.045392,9.076e-05,0.000543,69.67398796
1668700524.545958,0.04541,0.045446,0.00010411,0.000576,70.22599936
1668700584.6803353,0.045423,0.045413,0.000113,0.000533,67.624019
1668700644.7346346,0.045423,0.045413,0.000113,0.000533,67.624019
1668700705.6112614,0.045289,0.045289,0.00010879,0.000389,58.80689826
1668700765.5996337,0.045289,0.045156,9.818e-05,0.000256,51.59188459
1668700825.7372468,0.045313,0.045313,9.435e-05,0.000176,58.22832177
1668700886.4287536,0.045168,0.045168,7.804e-05,-3.9e-05,51.12583692
1668700946.665349,0.045379,0.045379,9.259e-05,0.000142,60.8934814
1668701006.798334,0.045379,0.045317,8.765e-05,8e-05,58.38485379
1668701067.9408398,0.045292,0.045292,8.099e-05,-9.7e-05,56.80303187
1668701127.883497,0.045292,0.045353,8.586e-05,-3.6e-05,60.12136752
1668701187.8984213,0.045303,0.045281,7.97e-05,-7.5e-05,55.21181939
1668701248.7081633,0.045225,0.045225,6.423e-05,-0.000188,51.41616346
1668701308.540395,0.045093,0.045093,3.733e-05,-6.3e-05,44.26253678
1668701368.7578733,0.045113,0.045113,2.931e-05,-0.000162,45.70525899
1668701429.667025,0.045113,0.045194,3.577e-05,-8.1e-05,50.13932771
1668701489.5398371,0.045163,0.045164,2.787e-05,-9.7e-05,48.42113406
1668701549.550264,0.045096,0.045096,1.594e-05,-0.000204,44.68337015
1668701610.2351322,0.045096,0.045127,1.841e-05,-0.000173,46.31316971
1668701670.307893,0.045096,0.045096,1.06e-05,-0.000216,44.41961054
1668701730.219083,0.045096,0.04501,3.74e-06,-0.000302,40.21638244
1668701791.2894845,0.045103,0.045103,-8.26e-06,-0.00025,46.19029661
1668701851.3206856,0.045011,0.045011,-1.924e-05,-0.00027,41.48529681
1668701911.348884,0.045044,0.045044,-2.573e-05,-0.000238,43.89623194
1668701972.1493778,0.045006,0.045006,-3.447e-05,-9e-05,41.59155056
1668702032.138457,0.045103,0.045103,-2.897e-05,-5.2e-05,47.98312894
1668702092.1489854,0.04515,0.04515,-2.05e-05,-4.4e-05,50.7847581
1668702153.114984,0.045092,0.045092,-1.978e-05,-7.2e-05,47.21110532
1668702213.0620856,0.045111,0.045111,-1.939e-05,-5.3e-05,48.53495556
1668702273.1052115,0.045111,0.045111,-1.939e-05,-5.3e-05,48.53495556
1668702334.079642,0.045175,0.045175,-1.308e-05,0.000165,52.47218622
1668702394.1119535,0.045111,0.045111,-1.697e-05,1.7e-05,48.53391848
1668702454.012801,0.045024,0.045024,-2.585e-05,-8e-05,43.14078721
1668702514.8985906,0.045024,0.045024,-2.585e-05,-8e-05,43.14078721
1668702574.8693535,0.045,0.045,-3.384e-05,-1.8e-05,41.59986166
1668702634.9034395,0.045,0.044894,-4.229e-05,-0.000124,35.93143226
1668702695.828506,0.044893,0.044893,-5.315e-05,-0.000254,38.46366858
1668702755.7964594,0.044893,0.044893,-5.628e-05,-0.000277,38.29063473
1668702815.9782796,0.04485,0.04485,-6.384e-05,-0.000231,36.137233
1668702876.750064,0.044913,0.044913,-6.482e-05,-0.000198,41.24093731
1668702936.742773,0.044913,0.044913,-6.482e-05,-0.000198,41.24093731
1668702996.8759854,0.044877,0.044877,-6.773e-05,-0.000235,39.30779812
1668703057.7537854,0.044843,0.044843,-7.613e-05,-0.000219,38.79135541
1668703117.7072058,0.04487,0.04487,-7.273e-05,-0.000154,41.0638631
1668703177.7111905,0.04487,0.044894,-7.082e-05,-0.00013,42.45168346
1668703238.4295716,0.044929,0.044929,-6.581e-05,-9.5e-05,45.04024217
1668703298.9198318,0.044947,0.044947,-5.969e-05,5.3e-05,46.3761381
1668703358.4640372,0.044907,0.044907,-5.171e-05,-3.6e-05,43.80274744
1668703419.4935298,0.044907,0.044887,-5.331e-05,-5.6e-05,42.59204557
1668703479.499942,0.044924,0.044924,-4.742e-05,7.4e-05,45.67087149
1668703539.3409815,0.044924,0.044928,-4.71e-05,7.8e-05,45.99851502
1668703600.3712544,0.044865,0.044865,-4.529e-05,5.6e-05,41.43417987
1668703660.2802696,0.044865,0.044747,-5.47e-05,-6.2e-05,34.94033087
1668703720.3015058,0.044907,0.044907,-5.305e-05,1.3e-05,47.60567675
1668703781.0628402,0.044907,0.04485,-5.759e-05,-4.4e-05,43.61900208
1668703841.0664124,0.044817,0.044817,-5.506e-05,-0.00013,41.75315385
1668703901.114161,0.044817,0.044827,-5.426e-05,-0.00012,42.3531242
1668703961.901894,0.044816,0.044816,-5.44e-05,-0.000144,41.64424399
1668704021.884206,0.044816,0.044869,-5.017e-05,-9.1e-05,45.87118236
1668704081.9651227,0.044891,0.044894,-4.44e-05,7e-06,47.90900009
1668704142.9722948,0.044891,0.044894,-4.44e-05,7e-06,47.90900009
1668704202.9636738,0.04487,0.04487,-3.689e-05,-5.8e-05,45.9816443
1668704262.8279226,0.044827,0.044827,-3.796e-05,-0.000101,42.66953548
1668704323.9137478,0.044742,0.044742,-5.039e-05,-5e-06,37.35120642
1668704383.7868538,0.044742,0.044741,-5.047e-05,-6e-06,37.29231631
1668704443.6934288,0.044741,0.044741,-5.438e-05,-4.9e-05,37.29231631
1668704504.5821352,0.044833,0.04474,-5.302e-05,-0.00011,39.20705723
1668704564.6290245,0.044646,0.044646,-6.857e-05,-0.000218,34.37924094
1668704624.5302455,0.04464,0.04464,-7.064e-05,-0.000187,36.27500829
1668704685.55722,0.044658,0.044658,-7.291e-05,-0.000211,37.12338115
1668704745.6012497,0.044662,0.044662,-6.679e-05,-0.000232,40.28950026
1668704805.727106,0.044662,0.044613,-7.069e-05,-0.000281,38.22333723
1668704866.4324403,0.044662,0.044613,-7.069e-05,-0.000281,38.22333723
1668704926.4580214,0.044662,0.044613,-7.069e-05,-0.000281,38.22333723
1668704986.384575,0.04474,0.04474,-6.602e-05,-0.000154,45.95885785
1668705047.3410687,0.044749,0.044749,-6.088e-05,-0.000121,46.47040134
1668705107.3607574,0.044762,0.044762,-5.513e-05,2e-05,47.24716584
1668705167.315726,0.04477,0.04477,-4.893e-05,2.9e-05,47.71851839
1668705228.0971277,0.044865,0.044894,-3.042e-05,9e-05,54.68301205
1668705288.1370869,0.044849,0.044849,-2.562e-05,0.000203,52.29571456
1668705348.2154152,0.04486,0.0448,-2.199e-05,9e-05,49.01036428
1668705409.275921,0.04475,0.04475,-2.856e-05,9.2e-05,46.54866748
1668705469.1703022,0.04484,0.04484,-1.756e-05,5.4e-05,51.76301301
1668705529.2213445,0.04489,0.04489,-8.39e-06,0.000277,54.54407111
1668705590.3861325,0.04489,0.044882,-9.03e-06,0.000269,54.12085205
1668705650.4074454,0.044883,0.044883,-2.15e-06,0.000143,54.1782823
1668705710.3952484,0.04493,0.044917,5.97e-06,0.000168,56.18643879
1668705771.1879303,0.04499,0.04496,1.834e-05,0.000191,58.48733154
1668705831.114256,0.04502,0.04496,2.809e-05,0.000131,57.2888161
1668705891.1994283,0.044949,0.044957,2.805e-05,0.000108,56.33155606
1668705952.254526,0.044973,0.044973,3.316e-05,0.000113,57.1817856
1668706012.278867,0.044895,0.044895,2.576e-05,0.000176,52.3068178
1668706072.5058348,0.044936,0.044936,2.812e-05,0.000128,54.76397122
1668706133.2131643,0.044936,0.044936,2.812e-05,0.000128,54.76397122
1668706193.0154736,0.044936,0.044936,2.812e-05,0.000128,54.76397122
1668706253.0109403,0.044936,0.044936,2.812e-05,0.000128,54.76397122
1668706313.9810002,0.04494,0.04494,2.966e-05,0.0001,55.00964333
1668706373.984075,0.04494,0.04494,2.966e-05,0.0001,55.00964333
1668706433.9660125,0.04494,0.04494,2.966e-05,0.0001,55.00964333
1668706494.8744164,0.045019,0.045019,3.683e-05,0.000137,59.66838644
1668706554.8020794,0.045019,0.045019,3.683e-05,0.000137,59.66838644
1668706615.2299874,0.044989,0.044989,3.963e-05,0.000106,57.24423402
1668706675.743302,0.04499,0.04499,4.145e-05,3e-05,57.30649857
1668706735.7805586,0.045013,0.045013,4.566e-05,5e-06,58.69015276
1668706795.753091,0.045001,0.045001,4.53e-05,0.000108,57.6405333
1668706856.7021575,0.045012,0.045012,4.613e-05,5.5e-05,58.43088112
1668706916.5365255,0.045012,0.044974,4.31e-05,1.7e-05,55.07050685
1668706976.6739748,0.04501,0.04501,4.376e-05,0.000115,57.773928
1668707037.3750515,0.04501,0.04505,4.695e-05,0.000155,60.42007887
1668707097.2896786,0.045,0.045,4.544e-05,0.0001,55.7196549
1668707157.3599243,0.045,0.045,4.374e-05,6.4e-05,55.7196549
1668707218.3179052,0.04493,0.04493,3.282e-05,-1e-05,49.79559186
1668707278.365332,0.04492,0.04492,2.665e-05,-9.9e-05,48.94555929
1668707338.3960118,0.04495,0.04495,2.575e-05,-3.9e-05,51.48084631
1668707399.1782165,0.04494,0.04494,1.931e-05,-7.3e-05,50.71373433
1668707459.1322927,0.044868,0.044868,1.112e-05,-0.000133,44.82760911
1668707519.1605194,0.04486,0.04486,5.04e-06,-0.000141,44.11644164
1668707580.0204222,0.04486,0.04486,5.04e-06,-0.000141,44.11644164
1668707639.9080796,0.04486,0.04486,5.04e-06,-0.000141,44.11644164
1668707699.9677389,0.044821,0.044816,-4.42e-06,-0.000158,40.81243537
1668707760.9658282,0.044821,0.044816,-4.42e-06,-0.000158,40.81243537
1668707821.033587,0.044749,0.044749,-1.712e-05,-0.000301,36.34835543
1668707881.0238404,0.044644,0.044701,-3.274e-05,-0.000299,33.64822747
1668707941.8976383,0.044716,0.044712,-3.938e-05,-0.000231,35.2223928
1668708001.8337014,0.044701,0.044701,-5.238e-05,-0.000229,37.93381283
1668708061.8904097,0.044613,0.04464,-6.485e-05,-0.00031,32.57469392
1668708122.680643,0.04464,0.044592,-7.279e-05,-0.000313,30.98574639
1668708182.5864873,0.044566,0.044393,-9.532e-05,-0.000547,23.36059235
1668708242.6918375,0.044407,0.044407,-0.00011158,-0.000479,25.0957431
1668708304.147086,0.044587,0.044587,-0.00010184,-0.000273,39.54844289
1668708363.6380782,0.04457,0.044586,-0.0001008,-0.00023,39.56404942
1668708423.7128448,0.04463,0.04463,-9.803e-05,-8.6e-05,43.76785716
1668708484.6493125,0.04458,0.04458,-0.00010021,-0.000158,40.66315634
1668708544.6085627,0.04459,0.0447,-8.521e-05,7e-05,48.92335135
1668708604.5892498,0.044749,0.04469,-7.391e-05,4e-05,48.31612003
1668708665.4987378,0.044583,0.044583,-7.75e-05,-8.5e-05,42.5440977
1668708725.6780236,0.044643,0.044643,-6.828e-05,4.3e-05,46.28892271
1668708785.5535672,0.04458,0.04458,-6.644e-05,0.000192,42.76333161
1668708847.7099607,0.044559,0.044559,-6.968e-05,4.6e-05,42.46086319
1668708907.6218154,0.04463,0.04463,-6.171e-05,6e-05,47.18892178
1668708967.5987487,0.044638,0.044638,-5.838e-05,0.000113,47.98495027
1668709028.6045866,0.044628,0.044628,-5.635e-05,8.4e-05,47.61479863
1668709088.4387004,0.044638,0.044638,-5.252e-05,4.8e-05,48.64654982
1668709148.5884526,0.044663,0.044666,-4.164e-05,-3.4e-05,50.61723645
1668709209.415657,0.044584,0.044584,-4.408e-05,-2.9e-05,45.01631655
1668709269.3074403,0.0446,0.0446,-4.17e-05,-8e-06,46.50779264
1668709329.2960684,0.044612,0.044612,-3.765e-05,-3.8e-05,47.48303515
1668709390.1746073,0.04462,0.04462,-3.539e-05,9.4e-05,48.44514616
1668709450.2784014,0.0446,0.0446,-3.28e-05,3e-05,46.91103313
1668709510.1046023,0.04464,0.04464,-2.266e-05,6.8e-05,49.88368577
1668709571.2003312,0.044658,0.044658,-1.653e-05,8.6e-05,51.29987215
1668709631.213163,0.044674,0.044674,-1.139e-05,0.0001,52.68465208
1668709691.1686444,0.044674,0.044674,-1.139e-05,0.0001,52.68465208
1668709751.8928566,0.044674,0.044674,-1.139e-05,0.0001,52.68465208
1668709811.8131323,0.044614,0.0446,-1.313e-05,-6.5e-05,46.14873043
1668709871.8147497,0.044614,0.0446,-1.313e-05,-6.5e-05,46.14873043
1668709932.617165,0.044624,0.044624,-1.244e-05,1e-05,48.38519102
1668709992.8238676,0.044624,0.0446,-1.435e-05,-1.4e-05,46.14873043
1668710052.682105,0.044605,0.044659,-1.044e-05,8.7e-05,51.69045946
1668710113.676042,0.044654,0.044654,-7.65e-06,5.4e-05,51.20950649
1668710173.623741,0.044654,0.0446,-1.196e-05,0.0,46.53343559
1668710233.7014208,0.0445,0.0445,-2.969e-05,-0.00012,39.53892748
1668710294.5598016,0.044511,0.044511,-3.86e-05,-0.000163,43.20403729
1668710354.6059098,0.044511,0.044422,-4.57e-05,-0.000252,35.34487147
1668710414.543527,0.044511,0.044415,-4.626e-05,-0.000259,34.63345726
1668710475.21482,0.044511,0.044415,-4.626e-05,-0.000259,34.63345726
1668710535.170471,0.044412,0.044415,-5.34e-05,-0.000243,34.63345726
1668710595.3613255,0.044416,0.044477,-5.343e-05,-0.000181,41.27138241
1668710656.4473968,0.044477,0.044477,-4.829e-05,-0.000123,42.45930707
1668710716.3923826,0.044477,0.044477,-4.829e-05,-0.000123,42.45930707
1668710776.340093,0.044483,0.044488,-4.685e-05,-0.000112,43.51087255
1668710837.4587982,0.044483,0.044483,-4.407e-05,-7.7e-05,43.1250806
1668710897.4679284,0.044484,0.044484,-4.231e-05,-1.6e-05,43.24181081
1668710957.4663382,0.044484,0.044515,-3.983e-05,1.5e-05,46.63700303
1668711018.229848,0.044484,0.044515,-3.983e-05,1.5e-05,46.63700303
1668711078.0977323,0.044484,0.044515,-3.983e-05,1.5e-05,46.63700303
1668711138.2843473,0.044547,0.044547,-3.35e-05,0.000132,49.96428002
1668711200.51359,0.044547,0.044547,-3.35e-05,0.000132,49.96428002
1668711260.5559642,0.044547,0.044547,-2.817e-05,0.000132,49.96428002
1668711320.53527,0.044547,0.044547,-2.817e-05,0.000132,49.96428002
1668711382.4276316,0.044547,0.044547,-2.817e-05,0.000132,49.96428002
1668711442.756258,0.044547,0.044547,-2.817e-05,0.000132,49.96428002
1668711502.101567,0.044475,0.044475,-2.733e-05,-2e-06,42.69161706
1668711562.9416313,0.044475,0.044519,-2.382e-05,4.2e-05,46.99096756
1668711622.9772208,0.044571,0.044575,-1.746e-05,4.1e-05,53.4204442
1668711682.9967124,0.044542,0.044542,-1.415e-05,5.4e-05,49.81331911
1668711743.8968582,0.044655,0.044655,1.3e-07,0.000172,59.82150771
1668711803.9847429,0.044697,0.044697,1.432e-05,0.000214,62.52645181
1668711863.907392,0.044697,0.044687,1.352e-05,0.000204,61.4184684
1668711924.9329176,0.044593,0.044612,1.506e-05,9.7e-05,53.7285684
1668711984.9306896,0.044628,0.044628,1.737e-05,8.1e-05,55.02235261
1668712044.8369255,0.044665,0.044665,3.023e-05,0.000146,56.65303049
1668712105.6797404,0.044762,0.044762,4.419e-05,0.000243,64.15849741
1668712165.6778338,0.04476,0.04476,5.1e-05,0.000185,62.42862279
1668712225.5784423,0.044734,0.044734,5.39e-05,0.000215,59.30544745
1668712286.3714583,0.044723,0.044723,5.268e-05,0.000131,58.11409529
1668712346.7746742,0.044796,0.044796,6.163e-05,9.6e-05,63.32348424
1668712406.3336062,0.044767,0.044767,5.533e-05,8e-05,58.77863036
1668712467.9103112,0.044767,0.044767,5.533e-05,8e-05,58.77863036
1668712528.120343,0.04477,0.04477,5.512e-05,7.5e-05,58.97725328
1668712587.890207,0.04477,0.044707,5.009e-05,1.2e-05,53.18196203
1668712648.6511028,0.044761,0.044774,5.058e-05,7.9e-05,57.91791038
1668712708.7318723,0.044736,0.044736,4.735e-05,-1.3e-05,54.54765135
1668712768.761726,0.044811,0.044811,5.363e-05,1.8e-05,60.47769429
1668712829.6108384,0.04485,0.04485,5.944e-05,0.000115,63.03109606
1668712889.6196475,0.0448,0.0448,5.381e-05,0.0,57.86914342
1668712949.5575454,0.0448,0.044742,4.919e-05,-5.8e-05,52.49824864
1668713010.4883826,0.0448,0.044742,4.919e-05,-5.8e-05,52.49824864
1668713070.520942,0.044744,0.044744,4.661e-05,-2.3e-05,51.30864809
1668713130.386006,0.044744,0.044742,4.645e-05,-2.5e-05,51.17608897
1668713191.7113168,0.044744,0.044742,4.645e-05,-2.5e-05,51.17608897
1668713251.737805,0.044744,0.044742,4.645e-05,-2.5e-05,51.17608897
1668713311.3929834,0.044742,0.044742,3.908e-05,3.5e-05,50.71607727
1668713372.4087086,0.044742,0.044742,3.908e-05,3.5e-05,50.71607727
1668713432.3692794,0.044742,0.044742,3.908e-05,3.5e-05,50.71607727
1668713492.341465,0.044743,0.044743,3.377e-05,-3.1e-05,50.78341992
1668713553.234466,0.044743,0.044773,3.617e-05,-1e-06,52.72149206
1668713613.1469207,0.044792,0.044792,3.499e-05,6e-06,53.95809097
1668713673.3663094,0.044792,0.044792,3.367e-05,-8e-06,53.95809097
1668713734.4119914,0.044792,0.044837,3.726e-05,3.7e-05,56.83757409
1668713794.4213853,0.044792,0.044838,3.734e-05,3.8e-05,56.89747748
1668713854.3526125,0.044792,0.044838,3.734e-05,3.8e-05,56.89747748
1668713915.1652806,0.044792,0.044838,3.734e-05,3.8e-05,56.89747748
1668713975.0937088,0.044792,0.044838,3.734e-05,3.8e-05,56.89747748
1668714035.445151,0.04474,0.04474,3.094e-05,-0.00011,49.62829374
1668714095.9637346,0.044709,0.044709,2.076e-05,-9.1e-05,47.77481183
1668714156.0952775,0.044709,0.044709,2.076e-05,-9.1e-05,47.77481183
1668714215.9361691,0.044709,0.044709,2.076e-05,-9.1e-05,47.77481183
1668714276.9593446,0.044709,0.044709,2.076e-05,-9.1e-05,47.77481183
1668714336.9135058,0.044709,0.044709,2.076e-05,-9.1e-05,47.77481183
1668714396.955782,0.04483,0.04483,2.457e-05,8.8e-05,55.46559428
1668714457.9076374,0.044836,0.044836,2.418e-05,-2.8e-05,56.04985999
1668714517.8710706,0.044836,0.044807,2.187e-05,-5.7e-05,54.33702049
1668714578.0305548,0.044836,0.044831,2.379e-05,-3.3e-05,55.76377008
1668714638.7770865,0.044843,0.044843,2.976e-05,3.9e-05,56.51876043
1668714698.6296933,0.044843,0.044867,3.167e-05,6.3e-05,58.01423409
1668714758.9139907,0.044868,0.044868,3.718e-05,9.5e-05,58.07893087
1668714819.5374608,0.044849,0.044849,3.709e-05,5.7e-05,56.11848801
1668714879.4912095,0.044849,0.04488,3.956e-05,8.8e-05,58.94880377
1668714939.5493984,0.044887,0.044887,4.141e-05,4.9e-05,59.48331888
1668715000.477721,0.044887,0.045,5.042e-05,0.000162,66.52043046
1668715060.522828,0.044887,0.045,5.042e-05,0.000162,66.52043046
1668715120.4136372,0.044998,0.04503,6.618e-05,0.000321,68.1138178
1668715181.2859116,0.044987,0.044987,6.56e-05,0.000215,65.0300067
1668715241.2901924,0.045008,0.044926,6.222e-05,9.5e-05,57.89271621
1668715301.2923412,0.044964,0.044964,6.103e-05,0.000126,60.36560863
1668715362.077145,0.044964,0.04495,5.991e-05,0.000112,59.38713727
1668715422.060981,0.044868,0.044868,5.176e-05,1e-06,51.38537003
1668715482.1471405,0.044868,0.044868,4.478e-05,0.0,51.38537003
1668715543.200803,0.044868,0.044861,4.422e-05,-7e-06,50.75665279
1668715603.2342644,0.044861,0.044861,3.781e-05,-9e-06,50.75665279
1668715663.1205192,0.044861,0.044892,4.028e-05,2.2e-05,53.47172373
1668715724.000628,0.044826,0.044826,2.372e-05,-0.000174,47.59107069
1668715784.0236385,0.044826,0.044802,2.181e-05,-0.000198,45.51783457
1668715844.1318612,0.044826,0.044802,2.181e-05,-0.000198,45.51783457
1668715905.0005066,0.044802,0.044802,1.448e-05,-0.000196,45.51783457
1668715964.8416512,0.044782,0.044782,6.99e-06,-0.000205,43.73651344
1668716024.8711584,0.044782,0.044782,6.99e-06,-0.000205,43.73651344
1668716085.8433015,0.044771,0.044771,1.6e-07,-0.000216,42.74568095
1668716145.885352,0.044781,0.044781,-4.4e-06,-0.000131,43.98798884
1668716205.813678,0.044767,0.044767,-9.04e-06,-0.000183,42.59455053
1668716266.6498046,0.044767,0.04475,-1.039e-05,-0.0002,41.0168071
1668716326.802343,0.044767,0.04475,-1.039e-05,-0.0002,41.0168071
1668716386.6962583,0.04475,0.04475,-1.497e-05,-0.000118,41.0168071
1668716447.7103722,0.04475,0.04475,-1.497e-05,-0.000118,41.0168071
1668716507.7216191,0.044853,0.044824,-1.248e-05,-3.7e-05,50.30889228
1668716567.6228826,0.044885,0.044885,-5.52e-06,-7e-06,56.40563735
1668716628.529495,0.044885,0.044894,-4.81e-06,2e-06,57.18076098
1668716688.4603617,0.044885,0.044894,-4.81e-06,2e-06,57.18076098
1668716748.4279602,0.044885,0.044894,-4.81e-06,2e-06,57.18076098
1668716809.56709,0.044885,0.044894,-4.81e-06,2e-06,57.18076098
1668716869.4769948,0.044885,0.044894,-4.81e-06,2e-06,57.18076098
1668716929.459524,0.044749,0.044749,-1.03e-05,-6.9e-05,43.69957658
1668716990.3195906,0.044749,0.044749,-1.03e-05,-6.9e-05,43.69957658
1668717050.270049,0.04471,0.04471,-1.761e-05,-9.2e-05,40.90608527
1668717110.320515,0.04471,0.04471,-2.313e-05,-9.2e-05,40.90608527
1668717171.021062,0.04471,0.04471,-2.719e-05,-7.2e-05,40.90608527
1668717231.2632425,0.044697,0.044813,-1.815e-05,4.2e-05,50.84058977
1668717290.9830823,0.04485,0.04485,-1.166e-05,6.9e-05,53.96452808
1668717352.1457307,0.04485,0.04485,-1.166e-05,6.9e-05,53.96452808
1668717412.1033173,0.04485,0.04485,-1.166e-05,6.9e-05,53.96452808
1668717472.210945,0.04485,0.04485,-1.166e-05,6.9e-05,53.96452808
1668717532.7995148,0.04485,0.04485,-1.166e-05,6.9e-05,53.96452808
1668717593.010069,0.04485,0.04485,-1.166e-05,6.9e-05,53.96452808
1668717652.9584014,0.04477,0.044766,-1.314e-05,1.6e-05,46.70770465
1668717713.7706945,0.044706,0.044706,-1.894e-05,-4.4e-05,42.32911717
1668717773.6454525,0.044745,0.044746,-2.044e-05,-7.8e-05,46.07126823
1668717834.2939346,0.044671,0.044671,-2.7e-05,-0.000223,40.9503967
1668717894.7750418,0.044683,0.044683,-2.594e-05,-6.6e-05,41.49273479
1668717954.765687,0.044679,0.044695,-3.034e-05,-1.5e-05,43.33066888
1668718014.716326,0.044592,0.044592,-4.163e-05,-0.000118,36.16187444
1668718075.5223074,0.044592,0.044604,-4.067e-05,-0.000106,36.83814296
1668718135.6217122,0.044605,0.044605,-4.673e-05,-0.000165,36.9439704
1668718195.5666387,0.044566,0.044566,-5.491e-05,-0.000247,34.52486576
1668718256.4347625,0.044627,0.044627,-5.33e-05,-0.000223,40.14020515
1668718316.7293742,0.044627,0.044627,-5.33e-05,-0.000223,40.14020515
1668718376.3951397,0.044551,0.044551,-5.917e-05,-0.000215,35.02822426
1668718437.2915893,0.04456,0.04456,-6.294e-05,-0.00014,36.53857885
1668718497.1418557,0.044556,0.044556,-6.493e-05,-0.00019,36.2694343
1668718557.2206311,0.044556,0.044556,-6.575e-05,-0.000195,36.2694343
1668718618.04714,0.044542,0.044542,-6.676e-05,-0.000117,35.21646172
1668718678.1388564,0.044509,0.044509,-7.145e-05,-0.000162,32.96086824
1668718738.1821957,0.044563,0.044563,-6.795e-05,-4.1e-05,40.22649404
1668718798.8708658,0.044511,0.044511,-6.802e-05,-8e-05,36.55317122
1668718858.9516468,0.044511,0.044511,-6.802e-05,-8e-05,36.55317122
1668718918.8771615,0.044511,0.04451,-6.794e-05,-8.3e-05,36.47932917
1668718979.6857765,0.044441,0.044441,-7.514e-05,-0.000186,31.89477961
1668719039.863397,0.044493,0.044493,-7.327e-05,-4.9e-05,38.49856012
1668719099.753072,0.044493,0.044493,-7.327e-05,-4.9e-05,38.49856012
1668719160.5888066,0.044493,0.044538,-6.732e-05,-2.2e-05,43.54530879
1668719220.6664407,0.044533,0.044533,-6.229e-05,-2.3e-05,43.12189364
1668719280.541852,0.044533,0.044527,-6.277e-05,-2.9e-05,42.62453925
1668719341.3492134,0.044533,0.044527,-6.277e-05,-2.9e-05,42.62453925
1668719401.375685,0.044549,0.044537,-5.769e-05,-1.9e-05,43.78820702
1668719461.3824542,0.044537,0.044537,-5.305e-05,2.8e-05,43.78820702
1668719522.1072335,0.044537,0.044537,-4.881e-05,2.8e-05,43.78820702
1668719582.2182136,0.044537,0.044537,-4.881e-05,2.8e-05,43.78820702
1668719642.1907508,0.044481,0.044481,-4.941e-05,-9.1e-05,38.34830507
1668719703.3694215,0.04455,0.04455,-4.392e-05,3.9e-05,47.11062282
1668719763.2384748,0.044551,0.044551,-3.825e-05,8.2e-05,47.25567021
1668719823.1718946,0.044499,0.044499,-3.82e-05,5.9e-05,42.28643949
1668719883.9400885,0.044493,0.044493,-3.82e-05,0.0,41.74101972
1668719943.9323337,0.04445,0.04445,-4.619e-05,-8.8e-05,40.04304695
1668720003.958191,0.044463,0.044463,-4.336e-05,-6.4e-05,42.05193671
1668720064.8281462,0.044466,0.044489,-4.329e-05,-4.8e-05,45.55088328
1668720124.7003677,0.04449,0.04447,-4.201e-05,-6.7e-05,44.10702074
1668720184.6781924,0.044469,0.04446,-4.133e-05,-7.7e-05,43.32856411
1668720246.508061,0.044426,0.044426,-4.248e-05,-5.3e-05,40.65183027
1668720306.452661,0.04445,0.044402,-4.691e-05,-0.000159,39.02894291
1668720366.81868,0.044353,0.044353,-5.324e-05,-0.000198,35.61294201
1668720427.7309196,0.044424,0.044424,-5.105e-05,-7.5e-05,43.52993027
1668720487.6009462,0.044424,0.044424,-4.857e-05,1.2e-05,43.52993027
1668720547.3283262,0.044424,0.044424,-4.607e-05,-6.6e-05,43.52993027
1668720608.389375,0.044449,0.044449,-4.16e-05,2.2e-05,46.37149545
1668720668.310165,0.044449,0.04445,-3.754e-05,-3.9e-05,46.48749045
1668720728.282891,0.044449,0.044449,-3.401e-05,-2.1e-05,46.37945807
1668720789.0823083,0.04445,0.044544,-2.321e-05,7.5e-05,56.69802595
1668720849.0851655,0.04454,0.044551,-1.239e-05,0.00015,56.63444395
1668720909.2000618,0.044591,0.044629,8.2e-07,0.000244,62.8655586
1668720970.222718,0.044625,0.044648,1.274e-05,0.000298,64.20954824
1668721029.9925394,0.04468,0.04468,2.443e-05,0.000256,66.4220806
1668721090.0420237,0.044654,0.044654,3.123e-05,0.00023,63.01357044
1668721150.793125,0.044576,0.044576,3.379e-05,0.000127,53.41918017
1668721210.8379157,0.044634,0.044634,3.938e-05,0.000184,60.19390708
1668721270.7836385,0.044588,0.044588,3.601e-05,0.000138,53.9056788
1668721331.5549762,0.044588,0.04466,4.175e-05,0.00021,62.65613665
1668721391.8602636,0.044658,0.044658,4.298e-05,8.8e-05,62.33671508
1668721451.677866,0.044658,0.044658,4.298e-05,8.8e-05,62.33671508
1668721512.5535376,0.044658,0.044658,4.298e-05,8.8e-05,62.33671508
1668721572.6889322,0.044658,0.044658,4.345e-05,0.000107,62.33671508
1668721632.914034,0.04469,0.044741,4.995e-05,0.000111,69.75730694
1668721693.4228954,0.044695,0.044653,4.461e-05,5e-06,58.94550794
1668721753.4538996,0.044667,0.044667,4.392e-05,-1.3e-05,60.47180947
1668721813.3349905,0.04467,0.04467,3.521e-05,1.6e-05,59.23747927
1668721874.2880712,0.04466,0.04466,3.364e-05,2.6e-05,58.32638432
1668721934.347136,0.04466,0.044588,2.79e-05,-4.6e-05,49.20668395
1668721994.120474,0.04466,0.044588,2.79e-05,-4.6e-05,49.20668395
1668722055.7320683,0.04466,0.044588,2.79e-05,-4.6e-05,49.20668395
1668722115.8084154,0.04467,0.04467,2.951e-05,3.6e-05,57.60345894
1668722175.6837611,0.044651,0.044651,2.776e-05,-9e-06,55.91481388
1668722236.557285,0.044651,0.044651,2.776e-05,-9e-06,55.91481388
1668722296.503307,0.044651,0.044651,2.776e-05,-9e-06,55.91481388
1668722356.7124772,0.044636,0.044636,2.606e-05,-2.2e-05,53.94744474
1668722417.4785385,0.04468,0.04468,2.794e-05,2.2e-05,58.55410891
1668722477.1191003,0.04468,0.044695,2.914e-05,3.7e-05,59.92086112
1668722537.2313817,0.04471,0.04471,3.241e-05,1.5e-05,61.29539554
1668722598.199687,0.044715,0.044651,3.12e-05,-2e-06,53.09006927
1668722658.2006469,0.044715,0.044651,3.12e-05,-2e-06,53.09006927
1668722718.0988867,0.044681,0.044681,3.097e-05,6.7e-05,55.90738509
1668722779.4280868,0.044747,0.044747,4.018e-05,9.5e-05,60.48129285
1668722839.0286777,0.044747,0.044703,3.667e-05,5.1e-05,55.83404313
1668722899.0466795,0.044747,0.044703,3.667e-05,5.1e-05,55.83404313
1668722960.1846132,0.044747,0.044703,3.667e-05,5.1e-05,55.83404313
1668723020.035468,0.044664,0.044664,3.27e-05,7.6e-05,52.01872087
1668723079.7336147,0.04465,0.044639,2.723e-05,-1.2e-05,49.67539049
1668723140.7120116,0.04465,0.044639,2.723e-05,-1.2e-05,49.67539049
1668723200.750606,0.04465,0.044639,2.723e-05,-1.2e-05,49.67539049
1668723260.752138,0.044641,0.044626,2.16e-05,-2.5e-05,48.45307525
1668723322.0003755,0.044641,0.044626,2.16e-05,-2.5e-05,48.45307525
1668723381.970935,0.044681,0.044681,2.133e-05,4.5e-05,53.64945416
1668723441.6733382,0.044592,0.044606,1.489e-05,-8.9e-05,46.73131477
1668723502.5964582,0.044572,0.044572,5.97e-06,-0.000159,44.05130722
1668723562.5518484,0.04464,0.044636,5.03e-06,-1.5e-05,50.05915308
1668723622.8040402,0.0445,0.0445,-1.314e-05,-0.000266,40.00134479
1668723683.3887782,0.044477,0.044477,-2.478e-05,-0.000226,39.17358466
1668723743.308735,0.044477,0.044479,-2.462e-05,-0.000224,39.36145441
1668723803.4110694,0.044477,0.044479,-2.462e-05,-0.000224,39.36145441
1668723864.6244624,0.044477,0.044479,-3.102e-05,-0.000185,39.36145441
1668723924.670092,0.044477,0.044479,-3.102e-05,-0.000185,39.36145441
1668723984.633748,0.044522,0.044522,-3.279e-05,-0.000104,43.71287712
1668724045.4482343,0.04457,0.04457,-2.611e-05,-0.000111,48.14822675
1668724105.5168452,0.044576,0.044576,-2.31e-05,-1.4e-05,48.73657137
1668724165.6879292,0.044576,0.044592,-2.183e-05,2e-06,50.24213342
1668724226.2029486,0.044609,0.044609,-1.346e-05,-2.7e-05,51.93766246
1668724286.3240318,0.0447,0.0447,2.11e-06,0.000159,59.58357395
1668724346.2712183,0.0447,0.0447,2.11e-06,0.000159,59.58357395
1668724407.269385,0.0447,0.0447,2.11e-06,0.000159,59.58357395
1668724466.9751203,0.0447,0.0447,2.11e-06,0.000159,59.58357395
1668724527.236148,0.044605,0.044605,1.83e-06,0.000142,50.04856414
1668724588.0771997,0.044598,0.044598,6e-07,0.000119,49.46529416
1668724648.0471733,0.044598,0.044483,-8.58e-06,4e-06,41.00962012
1668724708.138585,0.044526,0.044477,-1.667e-05,-2e-06,40.61948047
1668724768.8160038,0.044489,0.04445,-2.497e-05,-7.3e-05,38.82932249
1668724828.8959022,0.04452,0.0445,-2.721e-05,-7e-05,43.77135434
1668724888.9070878,0.0446,0.0446,-2.067e-05,3e-05,52.10552429
1668724949.6612306,0.0446,0.044581,-1.683e-05,-1.1e-05,50.57178585
1668725009.6973932,0.0446,0.044581,-1.683e-05,-1.1e-05,50.57178585
1668725069.670396,0.0446,0.0446,-1.179e-05,-8.7e-05,52.16374675
1668725130.9171598,0.0446,0.044601,-1.171e-05,-8.6e-05,52.23735778
1668725191.002318,0.0446,0.044601,-1.171e-05,-8.6e-05,52.23735778
1668725250.960161,0.04459,0.04459,-8.57e-06,-0.00011,51.30217003
1668725311.6054204,0.04459,0.044647,-4.03e-06,-5.3e-05,55.62043031
1668725371.666927,0.04459,0.044647,-4.03e-06,-5.3e-05,55.62043031
1668725431.6825964,0.044701,0.044701,6.34e-06,0.000103,59.26781279
1668725492.4735312,0.044701,0.044671,3.95e-06,7.3e-05,57.31904617
1668725552.4733715,0.044701,0.044671,3.95e-06,7.3e-05,57.31904617
1668725612.5236876,0.044701,0.044671,3.95e-06,7.3e-05,57.31904617
1668725673.72023,0.044567,0.044567,1.86e-06,8.4e-05,48.63252831
1668725733.6341822,0.044513,0.044513,-7.43e-06,3.6e-05,45.08489862
1668725793.6507227,0.04455,0.04455,-6.02e-06,0.0001,47.88985653
1668725854.333284,0.04455,0.04455,-5.93e-06,5e-05,47.90487944
1668725914.519835,0.044565,0.044565,-5.84e-06,-3.5e-05,49.14367335
1668725974.7849393,0.04455,0.04455,-6.23e-06,-3.1e-05,47.92449213
1668726035.2422955,0.04456,0.04456,-6.35e-06,1.7e-05,48.81084064
1668726095.240392,0.04454,0.04454,-1.166e-05,-6.1e-05,47.69638193
1668726155.9412644,0.04457,0.04457,-8.32e-06,-7.7e-05,50.15912912
1668726215.965259,0.04457,0.04457,-8.32e-06,-7.7e-05,50.15912912
1668726275.932912,0.04458,0.04458,-4.21e-06,6.7e-05,51.02826233
1668726335.9767203,0.044651,0.044651,6.39e-06,0.000101,56.87215995
1668726397.001675,0.044651,0.044635,5.12e-06,8.5e-05,55.58660193
1668726456.9468756,0.044651,0.044635,5.12e-06,8.5e-05,55.58660193
1668726516.8549428,0.044569,0.044569,2.38e-06,1.9e-05,49.19905481
1668726578.0096018,0.044569,0.044569,2.38e-06,1.9e-05,49.19905481
1668726637.684636,0.044569,0.044569,2.38e-06,1.9e-05,49.19905481
1668726697.7798872,0.044636,0.044636,1.007e-05,8.6e-05,55.25287309
1668726758.312782,0.044636,0.04457,4.8e-06,2e-05,49.05180631
1668726817.5250726,0.044636,0.04457,4.8e-06,2e-05,49.05180631
1668726877.7171166,0.044628,0.044628,7.86e-06,0.000128,53.94362179
1668726937.6296945,0.044654,0.044654,1.224e-05,9.4e-05,55.98387073
1668726997.6880343,0.044654,0.044654,1.224e-05,9.4e-05,55.98387073
1668727057.6765609,0.044654,0.044654,1.224e-05,9.4e-05,55.98387073
1668727117.6683133,0.044715,0.044715,2.04e-05,0.000145,60.41454837
1668727177.9659684,0.044715,0.044729,2.152e-05,0.000159,61.30841561
1668727237.6081817,0.044733,0.044733,2.886e-05,0.000153,61.57538629
1668727297.6202176,0.044733,0.044661,2.312e-05,8.1e-05,54.83196863
1668727357.7218392,0.044733,0.044661,2.312e-05,8.1e-05,54.83196863
1668727417.8529782,0.044733,0.044661,2.312e-05,8.1e-05,54.83196863
1668727477.7173252,0.044669,0.044669,2.475e-05,3.3e-05,55.42850873
1668727537.5749686,0.044669,0.04468,2.562e-05,4.4e-05,56.22348176
1668727597.626414,0.04472,0.04472,3.042e-05,8.5e-05,59.08628175
1668727657.5550044,0.04472,0.04472,3.042e-05,8.5e-05,59.08628175
1668727717.638517,0.04472,0.04472,3.39e-05,0.000151,59.08628175
1668727777.5776527,0.04472,0.04472,3.39e-05,0.000151,59.08628175
1668727837.852171,0.04472,0.04472,3.39e-05,0.000151,59.08628175
1668727897.7564995,0.04472,0.04472,3.39e-05,0.000151,59.08628175
1668727957.7421432,0.04472,0.04472,3.39e-05,0.000151,59.08628175
1668728017.781191,0.04472,0.04472,3.39e-05,0.000151,59.08628175
1668728077.7422488,0.044726,0.044726,3.672e-05,0.000157,59.54569166
1668728137.6482189,0.044726,0.044726,3.672e-05,0.000157,59.54569166
1668728197.7219734,0.044821,0.044821,5.135e-05,0.000251,66.15666224
1668728257.704639,0.044764,0.044764,5.253e-05,0.000136,59.14906569
1668728317.7586548,0.044764,0.044764,5.223e-05,0.00011,59.14906569
1668728377.7015405,0.044764,0.044764,5.223e-05,0.00011,59.14906569
1668728437.7204368,0.044764,0.044764,5.223e-05,0.00011,59.14906569
1668728497.7334633,0.04479,0.04479,5.347e-05,6.1e-05,61.14282057
1668728557.672559,0.044753,0.044753,4.251e-05,9.2e-05,56.17528272
1668728617.582308,0.044753,0.044869,5.176e-05,0.000208,62.62930886
1668728677.7371197,0.044684,0.044684,4.358e-05,5e-06,49.98605443
1668728737.8373373,0.04466,0.04466,3.266e-05,-6e-05,48.77825423
1668728797.630499,0.04466,0.04466,3.266e-05,-6e-05,48.77825423
1668728857.600444,0.04466,0.04466,3.266e-05,-6e-05,48.77825423
1668728917.5886593,0.04466,0.04466,3.266e-05,-6e-05,48.77825423
1668728977.7246284,0.044649,0.044649,2.498e-05,-7.1e-05,48.13931877
1668729037.6831748,0.044649,0.044649,2.498e-05,-7.1e-05,48.13931877
1668729097.715411,0.044649,0.044649,2.498e-05,-7.1e-05,48.13931877
1668729157.66716,0.044616,0.044616,1.292e-05,-0.00018,46.20441938
1668729217.9353747,0.044671,0.044671,1.626e-05,-0.00016,49.38157623
1668729277.83751,0.044671,0.044707,1.914e-05,-0.000124,51.83036321
1668729337.6224866,0.044667,0.044667,1.484e-05,-9.7e-05,48.92715492
1668729397.7321432,0.044667,0.044623,1.133e-05,-0.000141,46.08747405
1668729457.7850597,0.044623,0.044623,5.09e-06,-0.000141,46.08747405
1668729517.7564874,0.044623,0.044667,8.6e-06,-9.7e-05,49.25896569
1668729577.6821184,0.044623,0.044667,8.6e-06,-9.7e-05,49.25896569
1668729637.7319758,0.044667,0.044667,6.36e-06,1.3e-05,49.25896569
1668729697.7324708,0.044592,0.044592,8.3e-07,-0.000277,44.48988836
1668729757.6512463,0.044513,0.044513,-1.299e-05,-0.000137,40.22023731
1668729817.78959,0.044597,0.044597,-1.055e-05,-6.3e-05,45.15967169
1668729877.829852,0.044569,0.044569,-1.638e-05,-8e-05,43.35297963
1668729937.7397654,0.044569,0.04455,-1.789e-05,-9.9e-05,42.20716308
1668729997.7117236,0.044603,0.044603,-2.094e-05,-7.9e-05,46.83425228
1668730057.8144586,0.04457,0.04457,-2.6e-05,-0.000138,44.46824897
1668730117.8313322,0.044522,0.044522,-3.144e-05,-0.000185,41.36302866
1668730177.8069448,0.044522,0.044438,-3.814e-05,-0.000269,36.85878892
1668730237.784962,0.044358,0.044358,-6.509e-05,-0.000309,33.15571064
1668730297.7883563,0.043713,0.043713,-0.00017076,-0.000991,22.20111261
1668730357.727962,0.043445,0.043445,-0.000242,-0.001133,14.71157694
1668730417.6607656,0.04344,0.04344,-0.00028081,-0.001163,15.4471488
1668730477.7606435,0.043463,0.043463,-0.00030284,-0.001134,17.35131526
1668730537.8164804,0.043615,0.043615,-0.00029858,-0.000907,25.64459785
1668730597.9299996,0.043597,0.043597,-0.00030276,-0.000973,24.64619337
1668730657.752645,0.043816,0.043816,-0.00027055,-0.000754,36.05790471
1668730717.7540135,0.043816,0.043865,-0.00026665,-0.000705,38.30600347
1668730777.8010278,0.043782,0.043782,-0.00024405,-0.000576,35.84221454
1668730837.7786767,0.043791,0.043791,-0.00023069,0.000179,36.29628251
1668730897.7848375,0.043598,0.043598,-0.00024316,0.000139,31.13275719
1668730957.7900603,0.043654,0.043654,-0.00023244,0.000229,33.10970338
1668731017.7008882,0.04373,0.04373,-0.00021586,0.000256,37.26633387
1668731077.850074,0.043763,0.043763,-0.00019882,0.000169,39.00286231
1668731137.91219,0.043609,0.043609,-0.00020457,1.5e-05,34.15628651
1668731197.8874612,0.043616,0.043616,-0.00019936,-0.000196,34.72699758
1668731257.770389,0.043616,0.043626,-0.00019856,-0.000186,35.31157331
1668731317.7653706,0.04368,0.04368,-0.0001751,-0.000102,38.71151751
1668731377.7564116,0.04368,0.043772,-0.00016776,-1e-05,43.59336843
1668731437.70821,0.043706,0.043706,-0.00015674,-8.5e-05,40.95682439
1668731497.8338163,0.04359,0.04359,-0.00016351,-4.5e-05,37.34590292
1668731557.8219576,0.043633,0.043633,-0.00015559,-2.2e-05,39.7868696
1668731617.812644,0.043574,0.043574,-0.00015958,-0.000129,38.34217909
1668731677.8443103,0.043594,0.043594,-0.00015204,-0.000169,39.52479957
1668731737.7954483,0.043609,0.043609,-0.00014296,-4e-05,40.43458098
1668731797.697266,0.043586,0.043586,-0.00013604,-1.8e-05,39.45446568
1668731857.9861858,0.043586,0.043683,-0.00012831,7.9e-05,44.84302499
1668731917.733673,0.043706,0.043706,-0.00010164,1.5e-05,46.24281189
1668731977.698425,0.043709,0.043709,-8.975e-05,-6.3e-05,46.42451078
1668732037.8288596,0.043656,0.043656,-9.03e-05,7.9e-05,44.52196435
1668732097.8836057,0.043579,0.043579,-9.266e-05,-9e-06,39.94270496
1668732157.7795768,0.043548,0.043548,-9.44e-05,3.5e-05,38.49780965
1668732217.9329412,0.043505,0.043505,-0.00010087,-6.5e-05,37.68204028
1668732277.810283,0.043434,0.043434,-0.000106,-0.00016,34.39121941
1668732337.9300475,0.043545,0.043545,-9.965e-05,-6.4e-05,42.53360969
1668732397.7588575,0.043543,0.043543,-9.961e-05,-0.000144,42.86773852
1668732457.9952369,0.043534,0.043534,-9.372e-05,-0.000153,42.24551362
1668732517.854133,0.043534,0.043534,-9.372e-05,-0.000153,42.24551362
1668732577.8359158,0.043501,0.043501,-8.365e-05,-0.000103,40.43139532
1668732637.8585246,0.043543,0.043543,-7.692e-05,-5.8e-05,43.98954443
1668732697.943337,0.043619,0.043619,-6.471e-05,7.1e-05,49.82943482
1668732757.8780532,0.04361,0.04361,-5.549e-05,0.000138,49.1931857
1668732817.8078551,0.04361,0.04361,-5.549e-05,0.000138,49.1931857
1668732877.9447992,0.04354,0.04354,-5.285e-05,4e-05,44.24642744
1668732937.926677,0.043534,0.043534,-4.862e-05,0.0001,43.68167324
1668732997.8321838,0.043534,0.0435,-5.133e-05,6.6e-05,41.52534153
1668733057.8682454,0.043507,0.043507,-5.07e-05,-2.7e-05,42.20655523
1668733117.9413447,0.043468,0.043468,-5.837e-05,-6.6e-05,41.35320229
1668733177.8865478,0.0434,0.0434,-6.738e-05,-0.000143,35.49354584
1668733238.1688094,0.043257,0.043257,-8.958e-05,-0.000244,28.6509497
1668733298.191694,0.043258,0.043258,-9.552e-05,-0.000285,29.95546499
1668733357.7359934,0.043103,0.043103,-0.00012249,-0.00051,24.4171095
1668733417.810541,0.04305,0.04305,-0.00014311,-0.00056,26.07952553
1668733477.848574,0.0432,0.0432,-0.00012981,-0.000373,37.03409347
1668733537.803445,0.0431,0.0431,-0.00013773,-0.0004,33.35847819
1668733598.0064447,0.043296,0.043296,-0.00011826,-0.000204,44.18417439
1668733657.8374238,0.043307,0.043307,-0.00010746,-0.000105,44.87882989
1668733717.8522024,0.043307,0.043307,-9.826e-05,-9.3e-05,44.9475745
1668733777.8028507,0.043382,0.043382,-7.882e-05,0.000124,49.39697605
1668733837.8894236,0.04349,0.04349,-5.384e-05,0.000209,55.12101008
1668733897.8189726,0.0435,0.0435,-3.679e-05,0.000397,55.60953049
1668733958.8166423,0.04353,0.04353,-2.544e-05,0.00053,56.48958298
1668734017.877961,0.04353,0.043488,-2.879e-05,0.000488,54.48419293
1668734077.9431372,0.0435,0.0435,-1.699e-05,0.000297,55.12064955
1668734138.316386,0.043512,0.043512,-5.79e-06,0.000349,55.72147627
1668734198.3969388,0.043512,0.043509,-6.03e-06,0.000346,55.51584832
1668734258.3356717,0.04356,0.043617,1.191e-05,0.000417,61.10189228
1668734317.9441366,0.04358,0.04358,2.972e-05,0.000288,58.27462156
1668734378.0533683,0.04361,0.04361,4.02e-05,0.000235,59.69700118
1668734438.0729034,0.043622,0.043622,4.653e-05,0.000167,60.67051411
1668734497.988289,0.04364,0.04364,4.831e-05,0.00014,60.39234645
1668734557.9356143,0.043599,0.043599,4.803e-05,0.000167,57.55011665
1668734617.9283092,0.04359,0.04359,4.78e-05,0.000102,56.76966469
1668734677.9492006,0.043599,0.043599,4.834e-05,8.6e-05,57.55011665
1668734737.9312963,0.043599,0.043529,4.276e-05,1.6e-05,51.60743663
1668734797.9792962,0.04353,0.04353,3.784e-05,-3e-06,51.68419257
1668734857.929146,0.04353,0.043569,4.095e-05,3.6e-05,54.49881846
1668734917.9533432,0.04353,0.043569,4.095e-05,3.6e-05,54.49881846
1668734978.0725567,0.043504,0.043504,2.796e-05,-9.5e-05,49.33985193
1668735037.8854868,0.043566,0.043566,2.795e-05,-6.4e-05,54.14202889
1668735098.0209367,0.043566,0.043569,2.819e-05,-6.1e-05,54.35140574
1668735158.0439956,0.04362,0.04362,3.451e-05,5.2e-05,57.89725894
1668735217.9132318,0.043658,0.043658,3.934e-05,3.8e-05,60.52700195
1668735277.9300318,0.04372,0.04372,5.194e-05,0.000121,63.78993548
1668735337.9153314,0.04372,0.043629,4.468e-05,3e-05,55.82638578
1668735397.8257012,0.04376,0.04376,5.891e-05,0.000231,63.13331695
1668735458.0238285,0.04376,0.043703,5.437e-05,0.000174,59.66991244
1668735517.8528256,0.04371,0.04371,5.362e-05,0.000141,59.02943582
1668735577.9595478,0.043696,0.043696,5.954e-05,0.000192,56.73289056
1668735637.9156818,0.043778,0.043778,6.643e-05,0.000209,62.05891692
1668735698.0384483,0.043778,0.04374,6.339e-05,0.000171,59.96405676
1668735758.0532663,0.043697,0.043697,5.768e-05,8.2e-05,56.60057376
1668735818.0278308,0.043697,0.04365,5.393e-05,3.5e-05,52.84132753
1668735878.101477,0.043641,0.043641,4.279e-05,-8.7e-05,52.07324376
1668735938.0594563,0.043641,0.043637,4.247e-05,-9.1e-05,51.73899459
1668735997.9077978,0.043637,0.043637,3.735e-05,8e-06,51.73899459
1668736057.9806917,0.043637,0.043637,3.291e-05,-8.2e-05,51.73899459
1668736117.9462187,0.043637,0.043637,2.905e-05,-1.4e-05,51.73899459
1668736177.9499164,0.043637,0.043637,2.905e-05,-1.4e-05,51.73899459
1668736237.950166,0.043637,0.043637,2.905e-05,-1.4e-05,51.73899459
1668736298.0809436,0.043637,0.043655,2.714e-05,-8.8e-05,53.54388101
1668736358.31875,0.043695,0.043695,2.928e-05,-3.5e-05,57.36016913
1668736417.9505332,0.043695,0.043695,2.928e-05,-3.5e-05,57.36016913
1668736478.3661082,0.043695,0.043695,2.94e-05,4.5e-05,57.36016913
1668736538.065405,0.043638,0.043638,2.288e-05,-1.2e-05,49.76932338
1668736597.9968352,0.043638,0.04369,2.703e-05,4e-05,56.1786597
1668736658.1976614,0.043731,0.043731,2.786e-05,9.4e-05,60.0890008
1668736718.1122377,0.043649,0.043649,2.301e-05,1.2e-05,49.73423685
1668736778.1049836,0.043649,0.043656,2.357e-05,1.9e-05,50.48749815
1668736838.3920748,0.0436,0.0436,9.29e-06,-5.5e-05,44.65998287
1668736898.0856297,0.0436,0.04361,1.009e-05,-4.5e-05,45.86169618
1668736958.0357687,0.0436,0.04361,1.009e-05,-4.5e-05,45.86169618
1668737018.26543,0.04362,0.04362,6.4e-06,-7.5e-05,47.0988157
1668737084.631611,0.04365,0.04365,7.68e-06,-4.5e-05,50.49270351
1668737138.888192,0.04368,0.04368,9.11e-06,-1.5e-05,53.92119196
1668737198.6556628,0.04368,0.04368,9.11e-06,-1.5e-05,53.92119196
1668737259.45883,0.043694,0.043694,1.125e-05,2.4e-05,55.47096543
1668737319.231943,0.043673,0.043673,1.089e-05,0.0,52.61250672
1668737379.2666855,0.0437,0.0437,1.397e-05,-2.8e-05,55.82710788
1668737440.0917397,0.0437,0.043747,1.772e-05,1.9e-05,60.72412976
1668737500.161793,0.04376,0.04376,2.266e-05,0.000104,61.97964658
1668737560.1092424,0.04379,0.04379,2.564e-05,0.00019,62.96871252
1668737620.845231,0.043773,0.043773,3.001e-05,0.000163,60.14385041
1668737680.8825312,0.043749,0.043749,3.252e-05,9.9e-05,56.66420049
1668737743.2094283,0.043749,0.043765,3.38e-05,0.000115,58.61224444
1668737802.461348,0.04379,0.04379,3.638e-05,0.00014,60.87554877
1668737864.1085768,0.043828,0.043828,4.286e-05,0.000148,63.9229035
1668737925.5425675,0.04384,0.04384,4.783e-05,0.000146,64.20404989
1668737983.6899705,0.04384,0.043876,5.07e-05,0.000182,67.46225841
1668738042.6321568,0.043881,0.04384,5.509e-05,0.000147,61.70678529
1668738102.7751684,0.043838,0.043838,5.472e-05,9.1e-05,61.31231304
1668738163.8946922,0.04387,0.04387,5.197e-05,0.000159,61.5422242
1668738223.5630724,0.04386,0.04386,5.391e-05,6e-05,59.22727771
1668738284.1289132,0.04386,0.043734,4.386e-05,-6.6e-05,48.46067002
1668738344.6068404,0.0437,0.0437,2.396e-05,-6.5e-05,45.98214303
1668738404.4705305,0.04371,0.04371,1.654e-05,-0.00011,47.04600963
1668738464.5636003,0.043593,0.043593,-6.86e-06,-0.000256,39.78153718
1668738525.6822526,0.043615,0.043615,-1.43e-05,-0.000261,41.76083243
1668738585.7389944,0.043615,0.043603,-1.525e-05,-0.000273,40.68339287
1668738645.724139,0.043615,0.043603,-1.525e-05,-0.000273,40.68339287
1668738706.61803,0.043664,0.043664,-1.704e-05,-0.000217,46.1383425
1668738766.3847003,0.043581,0.043581,-2.08e-05,-0.000269,41.81299889
1668738826.406041,0.043581,0.043603,-1.905e-05,-0.000247,42.95683009
1668738887.1953232,0.043587,0.043587,-2.581e-05,-0.00019,42.05576098
1668738947.2486482,0.043512,0.043512,-4.497e-05,-0.000222,38.02890865
1668739007.2969131,0.043512,0.0435,-4.593e-05,-0.000234,37.4116716
1668739067.8376718,0.043512,0.0435,-4.593e-05,-0.000234,37.4116716
1668739128.281818,0.043512,0.0435,-4.593e-05,-0.000234,37.4116716
1668739187.983551,0.0435,0.0435,-5.257e-05,-0.000209,37.4116716
1668739249.0041895,0.043276,0.043276,-9.112e-05,-0.000414,30.04816105
1668739308.7678957,0.043224,0.043224,-0.00011039,-0.000345,26.61779708
1668739368.8473094,0.043256,0.043256,-0.00011827,-0.000341,28.68441919
1668739429.7499886,0.043341,0.043285,-0.00011919,-0.000318,31.88520171
1668739490.0372863,0.043218,0.043218,-0.00013077,-0.000512,29.35072484
1668739549.443395,0.043285,0.043285,-0.00012624,-0.000318,35.06852498
1668739610.8576963,0.043442,0.043442,-0.00011135,-0.000145,46.50601164
1668739670.641168,0.043358,0.043358,-0.00011029,-0.000154,40.93993918
1668739730.679076,0.043355,0.043348,-0.00010375,-0.000152,40.36012813
1668739791.738466,0.043355,0.043348,-0.00010375,-0.000152,40.36012813
1668739851.774029,0.043423,0.043423,-8.067e-05,0.000184,46.49142981
1668739911.7292464,0.043423,0.043425,-8.051e-05,0.000186,46.62810431
1668739972.663519,0.043424,0.043425,-7.113e-05,0.000183,46.62810431
1668740032.666828,0.043425,0.043425,-6.298e-05,0.000125,46.62810431
1668740092.488169,0.043283,0.043283,-7.785e-05,6.5e-05,38.70257952
1668740153.1142986,0.043411,0.043411,-6.55e-05,0.000151,48.21325033
1668740213.508549,0.043454,0.043454,-5.39e-05,0.000169,51.02481322
1668740273.2584925,0.043459,0.043438,-4.498e-05,8e-05,49.91479303
1668740334.1156754,0.043504,0.043504,-3.123e-05,0.000146,54.30422893
1668740394.4214404,0.043409,0.043409,-3.256e-05,6.1e-05,47.66851632
1668740454.1738985,0.043448,0.043448,-2.225e-05,2.3e-05,50.30539562
1668740515.0913854,0.0434,0.04341,-2.429e-05,-1.5e-05,47.71640824
1668740575.3973844,0.0434,0.043386,-2.62e-05,-3.9e-05,45.96022918
1668740635.3221228,0.043347,0.04337,-2.727e-05,-5.5e-05,44.82130403
1668740696.1434913,0.043386,0.043393,-2.535e-05,0.000141,46.7002963
1668740756.1432104,0.0434,0.0434,-2.362e-05,8.3e-05,47.35812011
1668740815.9747758,0.0434,0.0434,-2.199e-05,-9e-06,47.35812011
1668740876.9259906,0.04351,0.043451,-1.357e-05,-9e-06,52.03767722
1668740936.9752486,0.04354,0.04354,5.05e-06,8e-05,57.74450025
1668740996.6215243,0.043484,0.043484,7.36e-06,3.7e-05,52.83180329
1668741057.8119657,0.043484,0.043547,1.238e-05,0.0001,58.23001107
1668741117.597067,0.043547,0.043547,1.799e-05,6.8e-05,58.23001107
1668741177.7271924,0.043547,0.043547,1.799e-05,6.8e-05,58.23001107
1668741238.24351,0.043504,0.043504,1.875e-05,0.000104,53.82413279
1668741298.3068702,0.04355,0.04355,2.28e-05,0.000164,57.52648621
1668741358.748808,0.04357,0.04362,3.29e-05,0.00024,62.34322531
1668741419.4196942,0.043575,0.043589,3.634e-05,0.000196,59.06176331
1668741479.1322498,0.04357,0.04357,3.593e-05,0.00017,57.21595264
1668741539.4034882,0.043527,0.043527,3.37e-05,8.1e-05,52.69297841
1668741600.3024964,0.043556,0.043515,2.857e-05,-6e-05,51.64951063
1668741659.949257,0.043566,0.043577,3.048e-05,3.7e-05,56.66670694
1668741719.9960167,0.043472,0.043472,2.313e-05,-7.5e-05,47.64606165
1668741780.7470095,0.04352,0.043533,2.136e-05,-1.4e-05,52.39319241
1668741840.9576845,0.04358,0.043608,2.646e-05,0.000104,57.36101537
1668741901.1218464,0.043533,0.043455,1.796e-05,-0.000121,46.66337391
1668741962.144816,0.043454,0.043407,7.26e-06,-0.000213,43.89742146
1668742022.02962,0.04353,0.04353,8.6e-06,-4e-05,51.78430707
1668742082.228022,0.04348,0.04354,1.159e-05,-4.2e-05,52.23327344
1668742142.8030195,0.04355,0.043532,1.437e-05,2.6e-05,51.41733055
1668742203.1335647,0.043532,0.04353,1.373e-05,1.5e-05,51.28699254
1668742263.1710403,0.043504,0.043504,1.179e-05,-7.1e-05,49.4826299
1668742323.7940288,0.043497,0.043497,8.34e-06,3.7e-05,49.0424968
1668742383.8266892,0.04352,0.04352,7.82e-06,-1.3e-05,50.71305764
1668742443.618375,0.04352,0.04352,7.82e-06,-1.3e-05,50.71305764
1668742505.0633943,0.043497,0.043497,5.48e-06,-0.000111,48.98367842
1668742564.6223533,0.043497,0.04355,9.71e-06,-5.8e-05,52.88281704
1668742624.5015168,0.04354,0.04354,1.028e-05,8.5e-05,52.06010441
1668742685.7019982,0.04354,0.04355,1.203e-05,0.000143,52.88281704
1668742745.8703227,0.04355,0.04355,1.263e-05,0.0,52.88281704
1668742805.9961655,0.04355,0.043536,1.152e-05,-1.4e-05,51.55984064
1668742866.6198444,0.043524,0.043524,1.003e-05,-5.6e-05,50.39605773
1668742926.5662074,0.043561,0.043561,1.342e-05,2.9e-05,53.84199146
1668742986.8017728,0.043561,0.043561,1.342e-05,2.9e-05,53.84199146
1668743048.2093918,0.043561,0.043561,1.342e-05,2.9e-05,53.84199146
1668743108.1104815,0.04359,0.043547,1.306e-05,4e-06,52.28526474
1668743168.16407,0.04361,0.04365,2.085e-05,0.000153,61.17846112
1668743228.9768877,0.04368,0.043601,2.551e-05,0.000104,54.83627703
1668743288.7905805,0.043601,0.04365,3.003e-05,0.00013,58.24199858
1668743348.9298332,0.043627,0.04366,3.403e-05,0.00011,58.92278209
1668743409.885557,0.043661,0.043508,2.465e-05,-4.2e-05,46.51056845
1668743469.944342,0.04366,0.04366,2.915e-05,0.00011,56.40122216
1668743529.8930347,0.043664,0.04368,3.461e-05,0.000144,57.47175456
1668743590.6488502,0.04371,0.04371,4.215e-05,0.000149,59.24171664
1668743650.83824,0.04371,0.043652,3.752e-05,9.1e-05,55.19303201
1668743710.5913117,0.043681,0.043681,4.027e-05,-1.3e-05,57.09998736
1668743771.5174549,0.04368,0.04368,4.048e-05,7.9e-05,57.0029668
1668743831.3274243,0.04372,0.04372,4.448e-05,7e-05,59.87875994
1668743891.735983,0.043722,0.043722,4.817e-05,6.2e-05,58.83983657
1668743952.114786,0.043722,0.043701,4.65e-05,4.1e-05,56.86069185
1668744012.746761,0.043759,0.043759,5.369e-05,0.000251,62.42083892
1668744072.8576798,0.043764,0.043764,5.634e-05,8.4e-05,62.78374917
1668744132.8435178,0.043743,0.043743,5.331e-05,6.5e-05,60.1265274
1668744193.148465,0.043743,0.043743,5.331e-05,6.5e-05,60.1265274
1668744253.3262389,0.04377,0.04377,5.357e-05,8.9e-05,62.53751785
1668744314.471116,0.04377,0.043735,5.078e-05,5.4e-05,57.66955771
1668744373.8508344,0.043824,0.043824,5.614e-05,0.000126,65.22884406
1668744434.2754722,0.043824,0.043805,5.463e-05,0.000107,63.77039516
1668744495.2639132,0.043824,0.043805,5.463e-05,0.000107,63.77039516
1668744555.2374704,0.043808,0.043808,5.544e-05,5.5e-05,64.02696259
1668744615.05782,0.043867,0.043867,6.016e-05,0.000108,68.71874203
1668744675.7168868,0.043891,0.043891,6.508e-05,0.000129,70.40940887
1668744735.8221967,0.044013,0.044013,8.291e-05,0.00025,76.91558312
1668744796.0361488,0.044084,0.044084,0.00010313,0.000341,79.98431119
1668744857.9120238,0.044084,0.044065,0.00010162,0.000322,79.23364401
1668744918.0101936,0.044084,0.044065,0.00010162,0.000322,79.23364401
1668744978.0436063,0.043998,0.043998,0.00010216,0.000228,69.35573244
1668745038.5320663,0.04406,0.04406,0.00011068,0.000325,77.94676642
1668745098.1681848,0.04406,0.044087,0.00011283,0.000352,80.22012344
1668745158.66317,0.04407,0.04407,0.00011479,0.000265,76.95354018
1668745219.4356177,0.04407,0.044085,0.00011599,0.00028,79.70990278
1668745279.493117,0.044014,0.044004,0.00010875,0.000196,65.41626472
1668745339.5679593,0.043994,0.043994,0.00010079,0.000127,63.93550985
1668745400.0827663,0.044048,0.044048,8.763e-05,7.4e-05,66.60159053
1668745459.975367,0.044048,0.044048,8.58e-05,-1.7e-05,66.44563573
1668745519.754313,0.044048,0.044029,8.428e-05,-3.6e-05,63.79003914
1668745580.850459,0.044041,0.044041,8.153e-05,-2.4e-05,64.74830921
1668745640.766665,0.044042,0.044042,7.853e-05,-2.6e-05,64.83183354
1668745700.9204142,0.044042,0.044042,7.805e-05,-4.5e-05,61.80712136
1668745761.8696125,0.044042,0.044087,8.164e-05,0.0,68.22024496
1668745821.564545,0.044062,0.044062,7.641e-05,-2.3e-05,63.94524412
1668745881.513821,0.044087,0.044087,7.445e-05,8.7e-05,66.22458022
1668745942.4518764,0.044122,0.044122,7.701e-05,0.000162,68.97085306
1668746002.4931586,0.044,0.044,5.877e-05,4e-05,52.83434761
1668746062.4098468,0.044,0.044051,6.284e-05,9.1e-05,57.35367358
1668746123.231911,0.044011,0.04399,5.372e-05,-6e-05,51.06584841
1668746183.2091625,0.044011,0.04399,5.372e-05,-6e-05,51.06584841
1668746243.3624814,0.04399,0.04399,4.596e-05,-3.9e-05,51.06584841
1668746304.206771,0.044001,0.044001,3.461e-05,-8.6e-05,52.24501411
1668746364.302471,0.044001,0.043964,3.166e-05,-0.000123,48.24984789
1668746424.1402557,0.04397,0.043968,2.559e-05,-0.000119,48.7183756
1668746485.3348615,0.04397,0.043968,2.559e-05,-0.000119,48.7183756
1668746544.9498124,0.043969,0.043969,2.062e-05,-0.000118,48.84307168
1668746605.076857,0.043969,0.044023,2.493e-05,-6.4e-05,54.78064698
1668746666.5766177,0.044022,0.044023,2.413e-05,-3.9e-05,54.78064698
1668746726.4034,0.044022,0.044023,2.413e-05,-3.9e-05,54.78064698
1668746786.5157733,0.04402,0.04402,2.299e-05,-0.000102,54.37402298
1668746847.3176727,0.04402,0.044031,2.386e-05,-9.1e-05,55.66478303
1668746907.0370245,0.04402,0.044031,2.386e-05,-9.1e-05,55.66478303
1668746967.9344234,0.04397,0.043931,1.541e-05,-7e-05,44.06640889
1668747028.2879004,0.043894,0.043894,5.65e-06,-0.000157,40.68830789
1668747088.1952512,0.043894,0.043894,5.65e-06,-0.000157,40.68830789
1668747148.7680376,0.043893,0.043894,-2.05e-06,-9.6e-05,40.68830789
1668747208.8896654,0.043894,0.043888,-8.54e-06,-0.000102,40.11002965
1668747268.8398678,0.043894,0.043975,-6.59e-06,-1.5e-05,50.98747643
1668747329.0335407,0.043894,0.043975,-6.59e-06,-1.5e-05,50.98747643
1668747390.1761775,0.043894,0.043975,-6.59e-06,-1.5e-05,50.98747643
1668747451.0850778,0.043971,0.043971,-5.31e-06,7e-06,50.5330394
1668747509.9640906,0.043985,0.043985,-3.13e-06,1.7e-05,52.14082498
1668747571.0457494,0.043985,0.043985,-1.38e-06,-3.8e-05,52.14082498
1668747630.6129382,0.044,0.044,2.13e-06,-2.3e-05,53.8707881
1668747690.4642744,0.044024,0.044024,7.3e-06,-7e-06,56.57544207
1668747751.3922012,0.044024,0.043968,2.84e-06,-6.3e-05,49.31043595
1668747811.188853,0.044024,0.043968,2.84e-06,-6.3e-05,49.31043595
1668747871.4672346,0.043858,0.043858,-6.92e-06,-7.3e-05,38.77697105
1668747932.3997092,0.043858,0.043913,-2.53e-06,-1.8e-05,43.41390926
1668747992.7728848,0.043931,0.043931,-5.27e-06,3.7e-05,45.70231607
1668748053.1036766,0.04386,0.04386,-1.739e-05,-3.4e-05,38.6212003
1668748113.2194483,0.043845,0.043845,-2.345e-05,-4.3e-05,37.27067064
1668748173.0804343,0.043845,0.043763,-2.999e-05,-0.000125,31.28934527
1668748233.2002952,0.043807,0.043807,-3.601e-05,-0.000168,37.12060127
1668748293.9231613,0.043742,0.043742,-4.55e-05,-0.000229,32.70493113
1668748353.9051557,0.043742,0.04378,-4.247e-05,-0.000191,35.14931087
1668748414.179541,0.043751,0.043751,-4.936e-05,-0.000234,33.11516786
1668748475.05382,0.043751,0.043699,-5.351e-05,-0.000286,30.00188516
1668748534.8968563,0.043713,0.043713,-6.043e-05,-0.000287,31.85929439
1668748594.875013,0.043713,0.043713,-6.043e-05,-0.000287,31.85929439
1668748655.876222,0.043713,0.043713,-6.516e-05,-0.000311,31.85929439
1668748715.7478025,0.043713,0.043712,-6.524e-05,-0.000312,31.79439681
1668748775.78078,0.043713,0.043712,-6.524e-05,-0.000312,31.79439681
1668748836.5747664,0.043696,0.043696,-6.955e-05,-0.000272,30.71628047
1668748896.492983,0.043712,0.043712,-6.986e-05,-0.000201,31.79439681
1668748956.5713167,0.043712,0.043753,-6.659e-05,-0.00016,37.81741704
1668749017.4242322,0.043781,0.043781,-6.055e-05,-7.9e-05,42.31182534
1668749077.4098325,0.043781,0.043743,-6.358e-05,-0.000117,36.96012551
1668749137.5438278,0.043781,0.043743,-6.358e-05,-0.000117,36.96012551
1668749198.5038676,0.043781,0.043743,-6.358e-05,-0.000117,36.96012551
1668749258.5534742,0.043781,0.043743,-6.358e-05,-0.000117,36.96012551
1668749318.3656857,0.043812,0.043812,-5.598e-05,4.9e-05,46.64002304
1668749379.3235612,0.043812,0.043822,-5.519e-05,5.9e-05,47.80164063
1668749439.52994,0.043822,0.043822,-4.798e-05,1.5e-05,47.80164063
1668749499.3103485,0.04376,0.04376,-5.24e-05,-2e-05,42.87958368
1668749560.1353686,0.043867,0.043867,-2.226e-05,0.000168,50.92457644
1668749620.1723075,0.043917,0.043917,-1.322e-05,0.000204,53.55639093
1668749680.1041434,0.043944,0.043944,-2.35e-06,0.000232,54.86628637
1668749741.1856668,0.043943,0.043943,4.11e-06,0.000231,54.77732426
1668749802.4741552,0.043914,0.043914,7.13e-06,0.000161,52.80030156
1668749861.013779,0.043881,0.043881,6.84e-06,0.000138,50.55925368
1668749922.207321,0.043881,0.043877,6.52e-06,0.000134,50.30102847
1668749982.2298827,0.043881,0.043877,6.52e-06,0.000134,50.30102847
1668750041.9967167,0.043881,0.043877,6.52e-06,0.000134,50.30102847
1668750102.7837396,0.043881,0.043877,6.52e-06,0.000134,50.30102847
1668750162.7369082,0.043881,0.043877,6.52e-06,0.000134,50.30102847
1668750222.7527416,0.04386,0.04386,4.55e-06,0.000117,49.15204654
1668750283.7110126,0.04386,0.04386,4.55e-06,0.000117,49.15204654
1668750343.7946675,0.04386,0.04386,4.55e-06,0.000117,49.15204654
1668750404.159342,0.043938,0.043938,9.18e-06,0.000116,54.30904427
1668750464.6280718,0.043938,0.043987,1.309e-05,0.000165,57.04576765
1668750524.6143975,0.043938,0.043987,1.309e-05,0.000165,57.04576765
1668750584.695421,0.043938,0.043938,1.572e-05,0.000208,53.58906874
1668750645.4492297,0.043938,0.043938,1.572e-05,0.000208,53.58906874
1668750705.5054991,0.043901,0.043901,1.465e-05,-0.000163,51.07246261
1668750765.6005886,0.04392,0.04392,1.633e-05,5e-05,52.33452017
1668750826.398583,0.04392,0.04392,1.633e-05,5e-05,52.33452017
1668750886.437469,0.04392,0.04392,1.627e-05,-2.4e-05,52.33452017
1668750946.238813,0.04392,0.04392,1.627e-05,-2.4e-05,52.33452017
1668751007.3106678,0.04392,0.04392,1.627e-05,-2.4e-05,52.33452017
1668751067.308465,0.04392,0.04392,1.627e-05,-2.4e-05,52.33452017
1668751127.5316727,0.043919,0.043919,1.596e-05,-2e-05,52.24964588
1668751188.2137022,0.043919,0.043919,1.596e-05,-2e-05,52.24964588
1668751248.0891335,0.043919,0.043919,1.503e-05,4e-06,52.24964588
1668751308.021412,0.043919,0.043919,1.503e-05,4e-06,52.24964588
1668751368.9009008,0.043919,0.043919,1.503e-05,4e-06,52.24964588
1668751428.948934,0.043891,0.043891,1.222e-05,1.4e-05,49.44534009
1668751489.0592687,0.043889,0.043889,8.93e-06,2.9e-05,49.36499627
1668751550.010424,0.043887,0.043887,6.89e-06,-0.0001,49.15637577
1668751609.964671,0.043919,0.043919,7.78e-06,-1.9e-05,52.6074375
1668751669.8873374,0.043919,0.043919,8.38e-06,-1e-06,52.6074375
1668751730.8856268,0.043967,0.043967,1.265e-05,4.7e-05,57.60589055
1668751790.767637,0.043967,0.043965,1.249e-05,4.5e-05,57.41848517
1668751850.9915154,0.043967,0.043965,1.249e-05,4.5e-05,57.41848517
1668751911.6191375,0.044057,0.044057,2.284e-05,0.000137,65.06812431
1668751971.5153482,0.044057,0.044057,2.284e-05,0.000137,65.06812431
1668752032.037359,0.044057,0.044057,3.069e-05,0.000138,65.06812431
1668752092.667287,0.044162,0.044135,4.869e-05,0.000216,68.53693868
1668752152.5478935,0.044139,0.044017,4.676e-05,9.8e-05,55.68576599
1668752212.8028886,0.044061,0.044061,4.822e-05,0.000183,58.78881419
1668752273.464857,0.044041,0.044041,4.723e-05,0.000152,56.84047322
1668752333.9911635,0.044041,0.044059,4.866e-05,0.00017,58.58799007
1668752393.3443987,0.044146,0.044145,5.531e-05,0.000258,64.24414708
1668752454.285739,0.044146,0.044145,5.531e-05,0.000258,64.24414708
1668752514.266677,0.044146,0.044145,5.531e-05,0.000258,64.24414708
1668752574.097012,0.044101,0.044101,5.824e-05,0.000181,59.55110274
1668752634.949783,0.044145,0.044145,6.079e-05,0.00018,62.54349852
1668752695.0233629,0.044146,0.044139,6.169e-05,8.2e-05,61.86572553
1668752755.0028646,0.044206,0.044206,7.263e-05,5.2e-05,64.92354535
1668752816.2026622,0.044206,0.044129,6.649e-05,-2.5e-05,57.66242828
1668752875.9427938,0.044163,0.044163,6.652e-05,2.8e-05,59.80037131
1668752936.0368545,0.044228,0.044274,7.408e-05,0.000257,65.89116367
1668752996.764037,0.044217,0.044217,7.648e-05,0.000156,60.16737535
1668753056.7194471,0.044217,0.044211,7.6e-05,0.00015,59.70908413
1668753116.8662076,0.044262,0.044262,7.939e-05,0.000203,62.33523313
1668753177.7298615,0.044146,0.044174,6.82e-05,2.9e-05,56.72872121
1668753237.516723,0.044146,0.044174,6.82e-05,2.9e-05,56.72872121
1668753297.5623093,0.044166,0.0441,5.876e-05,-2.8e-05,51.13835035
1668753358.8840337,0.044166,0.0441,5.876e-05,-2.8e-05,51.13835035
1668753418.6292148,0.044146,0.044146,5.436e-05,4.6e-05,54.16227833
1668753479.1235764,0.044167,0.044167,5.198e-05,2.2e-05,55.51576987
1668753539.6419868,0.044174,0.044043,3.968e-05,-0.000187,46.74306205
1668753599.9563043,0.044043,0.044043,2.953e-05,-8.6e-05,46.74306205
1668753659.510556,0.044043,0.044043,2.953e-05,-8.6e-05,46.74306205
1668753720.3224957,0.044043,0.044043,2.125e-05,-0.000111,46.74306205
1668753780.5090642,0.044043,0.044056,2.228e-05,-9.8e-05,47.7449997
1668753840.3305554,0.044043,0.044056,2.228e-05,-9.8e-05,47.7449997
1668753901.4181025,0.044049,0.044049,1.579e-05,-0.000246,47.22974792
1668753961.3753674,0.044049,0.044001,6.7e-06,-0.00021,43.74368774
1668754021.4027245,0.044049,0.044001,6.7e-06,-0.00021,43.74368774
1668754082.2386982,0.044049,0.044001,6.7e-06,-0.00021,43.74368774
1668754142.2255793,0.044049,0.044001,6.7e-06,-0.00021,43.74368774
1668754202.18843,0.044049,0.044001,6.7e-06,-0.00021,43.74368774
1668754263.2203026,0.044002,0.044002,-4.3e-07,-0.000164,43.83669468
1668754323.279184,0.044002,0.044,-5.9e-07,-0.000166,43.67136757
1668754383.1933873,0.043967,0.043919,-1.275e-05,-0.000255,38.16706206
1668754444.458833,0.043879,0.043877,-2.634e-05,-0.000223,35.71336981
1668754503.9681869,0.043897,0.043897,-3.422e-05,-0.000249,37.8135565
1668754564.0547931,0.043897,0.043897,-4.001e-05,-0.000271,37.8135565
1668754624.875963,0.043951,0.043951,-3.977e-05,-9.2e-05,43.5847651
1668754685.1009684,0.043951,0.043951,-3.977e-05,-9.2e-05,43.5847651
1668754744.947211,0.043972,0.043972,-3.746e-05,-7.1e-05,45.69542234
1668754805.809241,0.043989,0.043989,-3.159e-05,-6.7e-05,47.3491661
1668754865.7524135,0.043989,0.043989,-2.894e-05,-6e-05,47.3491661
1668754925.7853744,0.043954,0.043951,-2.957e-05,-5e-05,43.9815182
1668754986.5912647,0.043951,0.043951,-2.972e-05,-4.9e-05,43.9815182
1668755046.643568,0.043951,0.043911,-3.292e-05,-8.9e-05,40.70003487
1668755106.4939556,0.043951,0.043911,-3.292e-05,-8.9e-05,40.70003487
1668755167.773459,0.043951,0.043911,-3.292e-05,-8.9e-05,40.70003487
1668755227.48442,0.043908,0.043908,-3.54e-05,3e-06,40.45623616
1668755287.5019014,0.043908,0.043908,-3.54e-05,3e-06,40.45623616
1668755349.3020022,0.043912,0.043912,-3.663e-05,3.5e-05,40.96401762
1668755408.3372977,0.04398,0.04398,-3.174e-05,8.3e-05,48.93635985
1668755468.2978644,0.043981,0.043925,-3.188e-05,2.8e-05,43.80198325
1668755529.3496876,0.043912,0.043912,-3.273e-05,-3.9e-05,42.66322924
1668755589.1933837,0.044037,0.044054,-1.479e-05,4.5e-05,55.73571911
1668755649.1239192,0.044037,0.044054,-1.479e-05,4.5e-05,55.73571911
1668755710.1734967,0.044037,0.044054,-1.479e-05,4.5e-05,55.73571911
1668755770.219052,0.044054,0.044054,-7.57e-06,6.5e-05,55.73571911
1668755830.082852,0.044006,0.044006,-5.65e-06,1.7e-05,50.80958534
1668755891.163205,0.044006,0.044006,-5.65e-06,1.7e-05,50.80958534
1668755950.8365717,0.044012,0.044012,-3.61e-06,6.1e-05,51.38796247
1668756010.820878,0.044012,0.044083,2.05e-06,0.000132,57.32549762
1668756071.5641406,0.044075,0.044075,7.43e-06,0.000164,56.48828251
1668756131.6234462,0.044075,0.044083,8.07e-06,0.000172,57.32549762
1668756191.7394028,0.044075,0.044083,8.07e-06,0.000172,57.32549762
1668756252.9704487,0.044108,0.044115,1.524e-05,0.000207,59.88652184
1668756313.0669637,0.044115,0.044115,2.069e-05,0.000203,59.88652184
1668756372.8214417,0.044115,0.044115,2.472e-05,0.000134,59.88652184
1668756433.8748393,0.044115,0.044115,2.472e-05,0.000134,59.88652184
1668756493.7382631,0.044114,0.044114,2.752e-05,0.000189,59.74657526
1668756553.8687656,0.044114,0.044114,2.752e-05,0.000189,59.74657526
1668756614.7032025,0.044114,0.044114,2.752e-05,0.000189,59.74657526
1668756674.6021202,0.044115,0.044125,3.027e-05,0.000101,60.83088739
1668756734.6487706,0.044115,0.044125,3.027e-05,0.000101,60.83088739
1668756795.6247785,0.044251,0.044251,5.077e-05,0.000197,70.61352903
1668756855.628188,0.044251,0.04425,5.069e-05,0.000196,70.5507802
1668756915.672125,0.044413,0.044413,8.13e-05,0.00033,78.70260215
1668756976.767131,0.044355,0.044355,8.408e-05,0.000272,76.23391548
1668757036.5448608,0.044311,0.044311,8.351e-05,0.000196,69.50246237
1668757096.4596364,0.044393,0.044393,9.681e-05,0.000278,73.30981445
1668757157.3018808,0.0443,0.0443,8.666e-05,0.000185,62.33220992
1668757217.359922,0.0443,0.044282,8.523e-05,0.000167,60.4455904
1668757277.743724,0.044283,0.044283,8.108e-05,0.000169,60.51708828
1668757338.2791471,0.044283,0.044283,8.108e-05,0.000169,60.51708828
1668757398.187431,0.04437,0.04437,8.384e-05,0.000245,66.23535455
1668757458.2127197,0.044372,0.044372,8.521e-05,0.000124,66.35598541
1668757519.305831,0.044372,0.044372,8.521e-05,0.000124,66.35598541
1668757579.2241223,0.0444,0.0444,9.306e-05,5.6e-05,63.61812204
1668757639.2847834,0.044373,0.044373,8.775e-05,1.8e-05,61.10046504
1668757700.3645892,0.04438,0.04438,8.687e-05,5.6e-05,60.48547102
1668757760.0818863,0.04438,0.04435,8.448e-05,2.6e-05,57.79689144
1668757820.029808,0.04438,0.04435,8.448e-05,2.6e-05,57.79689144
1668757880.8337004,0.044345,0.044286,7.378e-05,-0.000126,52.44150988
1668757940.810581,0.044278,0.044245,6.129e-05,-5.5e-05,49.29058209
1668758000.9602027,0.044248,0.044248,5.105e-05,-3.4e-05,49.52954065
1668758062.6493733,0.044248,0.044248,5.105e-05,-3.4e-05,49.52954065
1668758122.423462,0.044282,0.044282,3.946e-05,-8.8e-05,52.32723909
1668758182.4988306,0.044282,0.044282,3.946e-05,-8.8e-05,52.32723909
1668758243.581798,0.044286,0.044286,3.544e-05,-8.6e-05,52.67800939
1668758303.3993094,0.044286,0.044286,3.544e-05,-8.6e-05,52.67800939
1668758363.3800604,0.044287,0.044287,3.196e-05,-0.000189,52.77156735
1668758424.3141425,0.044287,0.04428,3.14e-05,-0.000196,52.05924358
1668758484.351995,0.044403,0.044403,3.769e-05,3e-05,61.93122625
1668758544.3150115,0.044325,0.044325,3.511e-05,-8.1e-05,54.56975577
1668758605.2215269,0.044427,0.044427,4.17e-05,7.7e-05,61.54438529
1668758672.3350942,0.044427,0.044585,5.43e-05,0.000235,68.93257785
1668758725.621944,0.044506,0.044506,6.492e-05,0.000261,61.2843299
1668758786.4837332,0.044506,0.04451,6.524e-05,0.000265,61.45935213
1668758846.3739552,0.04451,0.04451,6.99e-05,0.000262,61.45935213
1668758906.347737,0.04446,0.04446,6.61e-05,0.000178,57.45037903
1668758967.3242366,0.04446,0.044444,6.482e-05,0.000162,56.56590932
1668759027.1637163,0.044438,0.044438,6.152e-05,0.000152,56.09501065
1668759087.289322,0.044429,0.044429,5.696e-05,0.000149,55.40318184
1668759147.9557405,0.044429,0.044429,5.696e-05,0.000149,55.40318184
1668759208.065668,0.0444,0.0444,5.099e-05,1.1e-05,52.96219603
1668759268.0275536,0.044429,0.044429,4.804e-05,0.000104,55.09293337
1668759329.1973755,0.044504,0.044504,5.123e-05,-8.1e-05,60.11956341
1668759389.3043492,0.044504,0.044471,4.86e-05,-0.000114,58.05159363
1668759449.141816,0.044504,0.044498,5.075e-05,-8.7e-05,59.75887168
1668759510.0499191,0.044509,0.044509,5.311e-05,5.4e-05,60.46484109
1668759569.894209,0.04455,0.04455,5.763e-05,4e-05,63.06572612
1668759630.147608,0.044559,0.044559,6.178e-05,4.9e-05,63.59150012
1668759690.788175,0.044559,0.044511,5.795e-05,1e-06,58.78509704
1668759751.0847683,0.044511,0.044511,5.698e-05,6.7e-05,58.78509704
1668759810.8954694,0.044498,0.044498,5.453e-05,5.4e-05,57.42186466
1668759872.4253254,0.044498,0.044498,4.941e-05,6.9e-05,57.42186466
1668759932.3261957,0.044451,0.044451,3.323e-05,5.1e-05,52.18553883
1668759992.2886949,0.044451,0.044407,2.972e-05,7e-06,49.02855171
1668760053.2901862,0.044487,0.044487,3.032e-05,5.7e-05,54.86381417
1668760113.299225,0.044487,0.044584,3.806e-05,0.000154,60.36541952
1668760173.0358696,0.044487,0.044584,3.806e-05,0.000154,60.36541952
1668760233.9652193,0.044487,0.044584,3.806e-05,0.000154,60.36541952
1668760293.9752383,0.044463,0.044463,3.452e-05,-3.5e-05,51.87177626
1668760353.9697416,0.044463,0.044463,3.452e-05,-3.5e-05,51.87177626
1668760414.8944745,0.044463,0.044463,3.452e-05,-3.5e-05,51.87177626
1668760474.927015,0.044463,0.044463,3.452e-05,-3.5e-05,51.87177626
1668760534.8822298,0.044463,0.044463,3.452e-05,-3.5e-05,51.87177626
1668760595.9365752,0.044404,0.044404,2.664e-05,-0.000105,48.30290893
1668760655.8627584,0.044404,0.044394,2.584e-05,-0.000115,47.74612664
1668760715.888858,0.044394,0.044394,1.875e-05,-0.000165,47.74612664
1668760776.6273491,0.044394,0.044394,1.875e-05,-0.000165,47.74612664
1668760836.8885193,0.044394,0.044394,1.875e-05,-0.000165,47.74612664
1668760896.6742854,0.044394,0.044394,1.298e-05,-0.000117,47.74612664
1668760957.7730646,0.044363,0.044363,5.84e-06,-0.000148,45.70625197
1668761017.5275917,0.044363,0.044394,8.31e-06,-0.000117,47.74612664
1668761077.4370286,0.044363,0.044394,8.31e-06,-0.000117,47.74612664
1668761138.8639655,0.04445,0.04445,9.02e-06,-4.8e-05,51.92056672
1668761198.5043538,0.04445,0.04445,9.02e-06,-4.8e-05,51.92056672
1668761258.443633,0.04445,0.04445,9.48e-06,-4.8e-05,51.92056672
1668761319.2831287,0.0444,0.0444,5.74e-06,6.2e-05,47.95365275
1668761379.4077775,0.044418,0.044418,5.29e-06,1.1e-05,49.30993568
1668761439.5981154,0.044418,0.044418,5.29e-06,1.1e-05,49.30993568
1668761500.2394042,0.044418,0.044418,3.76e-06,-0.000166,49.30993568
1668761560.1578844,0.044418,0.04441,3.12e-06,-0.000174,48.60139597
1668761620.3256955,0.044458,0.044458,5.21e-06,-5e-06,52.96814101
1668761681.4958298,0.044371,0.044371,-1.6e-07,-2.3e-05,45.43375537
1668761741.2914934,0.044409,0.044409,1.01e-06,1.5e-05,48.44352455
1668761801.2366295,0.044409,0.044409,1.01e-06,1.5e-05,48.44352455
1668761862.1178412,0.044409,0.044409,1.01e-06,1.5e-05,48.44352455
1668761922.1189537,0.044398,0.044398,-1.33e-06,4e-06,47.38958449
1668761982.194048,0.044409,0.044409,-1.6e-06,1.5e-05,48.44352455
1668762043.1987054,0.044435,0.044348,-5.07e-06,-0.000102,43.11786575
1668762103.09875,0.044372,0.044372,-8.12e-06,-7.8e-05,45.63239806
1668762163.033015,0.04436,0.04436,-1.452e-05,-5.8e-05,45.2012831
1668762224.1662073,0.04436,0.044446,-7.66e-06,2.8e-05,52.65902843
1668762283.9843917,0.04436,0.044446,-7.66e-06,2.8e-05,52.65902843
1668762343.950586,0.04436,0.044446,-7.66e-06,2.8e-05,52.65902843
1668762405.24798,0.044301,0.044301,-2.163e-05,-0.000109,42.22482592
1668762465.2838316,0.044301,0.04427,-2.41e-05,-0.00014,40.38253435
1668762524.9547997,0.044313,0.044306,-2.762e-05,-0.000152,43.46725648
1668762585.861362,0.044313,0.044306,-2.762e-05,-0.000152,43.46725648
1668762645.859933,0.044333,0.044333,-2.791e-05,-7.6e-05,45.73507198
1668762706.066645,0.044333,0.044365,-2.536e-05,-4.4e-05,48.1979387
1668762766.7009506,0.044292,0.044331,-2.973e-05,-7.8e-05,46.70347341
1668762826.73333,0.044292,0.044283,-3.356e-05,-0.000126,43.05634408
1668762886.5785906,0.044292,0.044283,-3.356e-05,-0.000126,43.05634408
1668762947.8066735,0.044292,0.044283,-3.356e-05,-0.000126,43.05634408
1668763007.6256423,0.044292,0.044283,-3.356e-05,-0.000126,43.05634408
1668763067.6680553,0.044317,0.044317,-3.282e-05,-0.000129,45.88136368
1668763128.435954,0.044317,0.044283,-3.553e-05,-0.000163,43.05634408
1668763188.440638,0.044317,0.044283,-3.553e-05,-0.000163,43.05634408
1668763248.574291,0.044349,0.044349,-3.141e-05,1e-06,48.6589383
1668763309.9007614,0.044349,0.044289,-3.62e-05,-5.9e-05,43.61570203
1668763369.42948,0.044349,0.044289,-3.62e-05,-5.9e-05,43.61570203
1668763429.3287897,0.044349,0.044289,-3.62e-05,-5.9e-05,43.61570203
1668763490.241674,0.044312,0.044312,-3.447e-05,-9e-06,45.81305782
1668763550.2265444,0.044291,0.044289,-3.511e-05,-0.000157,43.83672964
1668763610.35138,0.044306,0.044306,-3.329e-05,5e-06,45.63439138
1668763671.1451542,0.044306,0.044306,-3.329e-05,5e-06,45.63439138
1668763731.1092188,0.044306,0.044306,-3.329e-05,5e-06,45.63439138
1668763791.2040346,0.044306,0.044306,-3.329e-05,5e-06,45.63439138
1668763852.238149,0.044306,0.044306,-3.329e-05,5e-06,45.63439138
1668763911.9821987,0.044359,0.044359,-2.586e-05,5.3e-05,51.28638346
1668763971.9656117,0.044209,0.044209,-3.989e-05,-0.000156,37.51021224
1668764032.9951563,0.044209,0.044209,-3.989e-05,-0.000156,37.51021224
1668764092.8000824,0.044209,0.044209,-3.989e-05,-0.000156,37.51021224
1668764152.9909987,0.044209,0.044209,-3.989e-05,-0.000156,37.51021224
1668764213.9277155,0.044209,0.044209,-3.989e-05,-0.000156,37.51021224
1668764273.757812,0.044209,0.044209,-3.989e-05,-0.000156,37.51021224
1668764333.8500376,0.044288,0.044288,-3.688e-05,1.4e-05,46.33528993
1668764394.6768584,0.044288,0.044276,-3.784e-05,2e-06,45.15884878
1668764454.6819077,0.044288,0.044276,-3.784e-05,2e-06,45.15884878
1668764514.6205146,0.044288,0.044276,-3.784e-05,2e-06,45.15884878
1668764575.4663715,0.044271,0.044271,-3.619e-05,-1.2e-05,44.71895632
1668764635.4148324,0.044271,0.044263,-3.683e-05,-2e-05,44.0326804
1668764695.4792652,0.044271,0.044263,-3.683e-05,-2e-05,44.0326804
1668764756.5653863,0.044386,0.044386,-2.581e-05,0.000103,55.37256921
1668764816.4466171,0.044386,0.044386,-1.688e-05,9.7e-05,55.37256921
1668764876.5137446,0.044386,0.044386,-1.688e-05,9.7e-05,55.37256921
1668764937.3346183,0.044386,0.044386,-9.7e-06,8.3e-05,55.37256921
1668764997.3676682,0.044455,0.044455,5.25e-06,0.000166,60.61629484
1668765057.2283137,0.044435,0.044435,9.08e-06,0.000129,58.28531965
1668765118.343105,0.044457,0.044457,1.76e-05,0.000157,59.88456306
1668765178.15879,0.044457,0.04437,1.066e-05,7e-05,51.4794959
1668765238.1082242,0.04442,0.04442,1.438e-05,0.000177,55.35751627
1668765299.085724,0.04442,0.04442,1.438e-05,0.000177,55.35751627
1668765359.0368788,0.04442,0.04442,1.438e-05,0.000177,55.35751627
1668765419.1492667,0.044434,0.044434,1.825e-05,0.000225,56.40810621
1668765480.028311,0.044437,0.044437,2.292e-05,0.000161,55.99954311
1668765539.926077,0.044445,0.044445,2.582e-05,0.000182,56.7568707
1668765599.8611166,0.044445,0.044445,2.582e-05,0.000182,56.7568707
1668765660.699592,0.044429,0.044429,2.602e-05,4.3e-05,55.03062311
1668765720.6677985,0.044429,0.044429,2.188e-05,4.3e-05,54.38146256
1668765780.6376247,0.04443,0.04443,2.252e-05,-1.6e-05,54.46135552
1668765841.94572,0.04443,0.044401,2.021e-05,-4.5e-05,51.83515492
1668765901.5196922,0.04443,0.044401,2.021e-05,-4.5e-05,51.83515492
1668765961.6223316,0.044329,0.044329,1.293e-05,-8.6e-05,45.8854657
1668766022.7574656,0.044347,0.044347,8.52e-06,-0.00011,47.5076152
1668766082.7083323,0.04426,0.044245,-8.53e-06,-0.000125,40.03293422
1668766142.4478226,0.044245,0.044233,-1.732e-05,-0.000187,39.2154633
1668766203.4933922,0.044232,0.04418,-2.97e-05,-0.00028,35.84646305
1668766263.3504505,0.044232,0.044283,-2.149e-05,-0.000177,44.86075745
1668766323.4158998,0.044232,0.044283,-2.149e-05,-0.000177,44.86075745
1668766384.091674,0.044232,0.044283,-2.149e-05,-0.000177,44.86075745
1668766444.5464993,0.04418,0.044198,-2.979e-05,-0.000247,39.26234471
1668766504.284881,0.04418,0.044116,-3.633e-05,-0.000329,35.04343781
1668766565.5682764,0.044126,0.044126,-4.675e-05,-0.000319,35.94736108
1668766625.111546,0.044125,0.044125,-5.446e-05,-0.000239,35.89357005
1668766685.0771077,0.0441,0.0441,-6.182e-05,-0.000329,34.49970106
1668766746.115579,0.044069,0.044069,-6.941e-05,-0.000332,32.80344261
1668766805.8806882,0.044069,0.044069,-7.457e-05,-0.00026,32.80344261
1668766865.9944866,0.04405,0.04405,-7.927e-05,-0.00021,31.69570136
1668766926.7483215,0.04405,0.04405,-7.927e-05,-0.00021,31.69570136
1668766986.6414945,0.04405,0.04405,-8.206e-05,-0.000195,31.69570136
1668767046.876722,0.044033,0.04403,-8.49e-05,-0.000179,30.44076909
1668767108.115743,0.044005,0.04405,-8.456e-05,-0.000233,33.28539728
1668767167.808405,0.04405,0.044069,-8.182e-05,-4.7e-05,35.96456197
1668767227.680032,0.044069,0.044069,-7.874e-05,-5.7e-05,35.96456197
1668767288.593721,0.044069,0.044069,-7.874e-05,-5.7e-05,35.96456197
1668767348.633145,0.044075,0.044075,-7.495e-05,-5.1e-05,36.89272644
1668767408.4640672,0.04405,0.04405,-7.312e-05,-5e-05,34.63976902
1668767469.2815368,0.044,0.043827,-8.864e-05,-0.000242,21.83233814
1668767529.2396126,0.043839,0.0438,-0.00010121,-0.000269,20.79785828
1668767589.4779162,0.043839,0.043839,-0.00010754,-0.000211,26.07871083
1668767650.776271,0.043839,0.043839,-0.00010754,-0.000211,26.07871083
1668767710.7395551,0.043911,0.043976,-0.00010034,-7.4e-05,40.96858296
1668767770.7549229,0.043964,0.043935,-9.683e-05,-9.5e-05,38.47109201
1668767831.5659878,0.043964,0.043935,-9.683e-05,-9.5e-05,38.47109201
1668767891.578044,0.043964,0.043935,-9.683e-05,-9.5e-05,38.47109201
1668767951.7636209,0.04393,0.04393,-9.338e-05,-0.00012,38.16553297
1668768012.410125,0.043996,0.043996,-7.584e-05,-7.3e-05,44.2961877
1668768072.389938,0.043996,0.04404,-7.233e-05,-2.9e-05,48.13301758
1668768132.236695,0.043996,0.04404,-7.233e-05,-2.9e-05,48.13301758
1668768192.9976523,0.044114,0.044241,-4.654e-05,0.000166,61.26023483
1668768253.0941336,0.044241,0.044257,-2.452e-05,0.000207,62.08290427
1668768434.0809522,0.044277,0.044277,1.834e-05,0.000438,60.48143687
1668768494.0307038,0.044273,0.044264,2.691e-05,0.000288,59.43170807
1668768554.9379296,0.044273,0.044264,2.691e-05,0.000288,59.43170807
1668768614.7903018,0.044273,0.044264,2.691e-05,0.000288,59.43170807
1668768674.7743626,0.044273,0.044264,2.691e-05,0.000288,59.43170807
1668768735.7501376,0.044273,0.044264,2.691e-05,0.000288,59.43170807
1668768795.6987789,0.044273,0.044264,2.691e-05,0.000288,59.43170807
1668768855.809568,0.044096,0.044063,1.728e-05,0.000128,46.10696273
1668768916.933522,0.044063,0.044063,9.54e-06,0.000123,46.10696273
1668768976.7407992,0.044063,0.044063,9.54e-06,0.000123,46.10696273
1668769036.9025216,0.044063,0.044063,9.54e-06,0.000123,46.10696273
1668769097.620504,0.044173,0.044173,1.214e-05,0.000177,52.82061679
1668769157.578719,0.044095,0.044096,7.89e-06,5.6e-05,48.28609868
1668769217.4944928,0.044095,0.044096,7.89e-06,5.6e-05,48.28609868
1668769278.3960016,0.044095,0.044096,7.89e-06,5.6e-05,48.28609868
1668769338.2782557,0.044058,0.044058,1.45e-06,-0.000183,46.17916298
1668769398.3214006,0.044058,0.044096,4.48e-06,-0.000145,48.28609868
1668769459.9200745,0.044058,0.044083,3.44e-06,-0.000158,47.54400162
1668769519.817268,0.04404,0.04404,-3.51e-06,-0.000218,45.07627846
1668769579.85071,0.044,0.044,-1.631e-05,-0.00021,42.69004984
1668769640.9487977,0.043946,0.043946,-2.721e-05,-0.000331,39.69812099
1668769700.9754243,0.043946,0.043946,-2.721e-05,-0.000331,39.69812099
1668769760.758241,0.04395,0.043997,-3.031e-05,-0.000267,43.79662577
1668769821.5726817,0.044074,0.044074,-2.412e-05,1.1e-05,49.50001061
1668769881.8604789,0.044071,0.044071,-2.48e-05,-0.000102,49.64110103
1668769941.8113794,0.044071,0.044078,-2.424e-05,-9.5e-05,50.11147733
1668770005.0511773,0.04401,0.04401,-2.567e-05,-8.6e-05,45.65068449
1668770065.2030735,0.044106,0.044106,-1.274e-05,2.3e-05,52.00792356
1668770125.7578027,0.044105,0.044105,-8.8e-06,6.5e-05,51.93132581
1668770186.1100671,0.044164,0.044164,2.61e-06,0.000125,56.05937422
1668770246.1467988,0.044164,0.044173,3.33e-06,0.000134,56.66830528
1668770306.1649556,0.044173,0.044173,9.29e-06,0.00019,56.66830528
1668770367.0061936,0.044173,0.044152,7.62e-06,0.000169,54.76136273
1668770427.0088663,0.044152,0.044152,1.089e-05,0.000206,54.76136273
1668770487.3901267,0.044173,0.044173,9.64e-06,0.000176,55.39673806
1668770547.933367,0.044173,0.044173,9.64e-06,0.000176,55.39673806
1668770608.032236,0.044173,0.044173,9.64e-06,0.000176,55.39673806
1668770667.8751311,0.044172,0.044172,1.392e-05,0.00012,55.31478456
1668770729.0994964,0.044172,0.044172,1.392e-05,0.00012,55.31478456
1668770789.2098436,0.044227,0.044227,2.719e-05,0.000149,58.91488942
1668770849.102959,0.044227,0.044192,2.439e-05,0.000114,55.83222487
1668770910.0901322,0.044165,0.044165,2.504e-05,5.6e-05,53.42979844
1668770969.9120157,0.044165,0.044166,2.512e-05,5.7e-05,53.51224445
1668771030.0344524,0.044165,0.044166,2.512e-05,5.7e-05,53.51224445
1668771090.8477423,0.044165,0.044166,2.512e-05,5.7e-05,53.51224445
1668771150.821639,0.044171,0.044171,2.498e-05,6.6e-05,53.89532117
1668771210.8090196,0.044309,0.044309,3.56e-05,0.000148,62.96602985
1668771273.0681372,0.044309,0.044309,3.56e-05,0.000148,62.96602985
1668771333.220739,0.044173,0.044173,3.266e-05,0.0,52.08948848
1668771392.5629451,0.044173,0.044173,3.266e-05,0.0,52.08948848
1668771453.788696,0.044173,0.044173,3.266e-05,0.0,52.08948848
1668771513.4442575,0.044173,0.044173,3.266e-05,0.0,52.08948848
1668771573.366815,0.044173,0.044173,3.266e-05,0.0,52.08948848
1668771634.1743398,0.044173,0.044173,3.266e-05,0.0,52.08948848
1668771694.0611486,0.044185,0.044129,2.648e-05,-2.3e-05,49.13248595
1668771754.1236682,0.044278,0.044277,3.314e-05,0.000212,57.80850073
1668771814.9886596,0.044278,0.044277,3.314e-05,0.000212,57.80850073
1668771875.0032969,0.0443,0.0443,3.982e-05,0.000127,58.9794342
1668771935.1920254,0.0443,0.044309,4.053e-05,0.000136,59.42012365
1668771996.6847296,0.0443,0.044309,4.053e-05,0.000136,59.42012365
1668772056.365944,0.044309,0.044309,4.586e-05,0.000137,59.42012365
1668772116.3908398,0.044309,0.044309,4.586e-05,0.000137,59.42012365
1668772177.5135195,0.044309,0.044309,4.952e-05,8.2e-05,59.42012365
1668772237.4927864,0.044309,0.044309,4.952e-05,8.2e-05,59.42012365
1668772297.1770422,0.044309,0.044309,4.952e-05,8.2e-05,59.42012365
1668772357.985285,0.044309,0.044309,4.952e-05,8.2e-05,59.42012365
1668772418.2020276,0.044279,0.044279,4.942e-05,7.4e-05,56.87625437
1668772477.8424976,0.044278,0.044278,4.871e-05,0.000112,56.7889796
1668772539.526116,0.044278,0.044147,3.826e-05,-1.9e-05,47.28414466
1668772599.3082783,0.044278,0.044147,3.826e-05,-1.9e-05,47.28414466
1668772659.303036,0.044195,0.044195,3.29e-05,2.4e-05,50.55003168
1668772720.1618614,0.044195,0.044195,3.29e-05,2.4e-05,50.55003168
1668772780.045631,0.044195,0.044195,3.29e-05,2.4e-05,50.55003168
1668772839.9440186,0.044184,0.044195,2.833e-05,-0.000114,50.55003168
1668772900.6403277,0.044193,0.044193,1.785e-05,6.4e-05,50.58729249
1668772960.9556737,0.044122,0.044122,9.95e-06,-0.000155,45.69870243
1668773020.862995,0.044122,0.04414,1.139e-05,-0.000137,46.84641382
1668773081.7304392,0.044075,0.044075,1.01e-06,-0.000234,42.67810852
1668773141.7995095,0.04408,0.04408,-6.42e-06,-0.000229,42.97223066
1668773201.8219965,0.04408,0.044117,-3.47e-06,-0.000192,45.94119769
1668773262.6638062,0.044124,0.044124,-6.69e-06,-0.000185,46.50859076
1668773322.5479653,0.044111,0.044111,-9.88e-06,-0.000168,45.59136171
1668773382.5203874,0.04411,0.04411,-1.265e-05,-3.7e-05,45.51500485
1668773443.6097727,0.044066,0.044066,-1.818e-05,-0.000129,42.16850328
1668773503.5139182,0.044068,0.044068,-2.216e-05,-0.000127,42.37590034
1668773563.4846942,0.044109,0.044109,-1.916e-05,-3.6e-05,46.32848447
1668773624.2437725,0.044109,0.044109,-1.921e-05,-8.4e-05,46.32848447
1668773684.3047302,0.044127,0.044127,-1.877e-05,-1.3e-05,48.50990981
1668773744.2513683,0.044108,0.044108,-1.971e-05,2.8e-05,46.61634009
1668773805.3786526,0.044108,0.044108,-1.707e-05,-9e-06,46.80272774
1668773865.584803,0.044108,0.044108,-1.674e-05,-2.1e-05,46.79563051
1668773925.2538629,0.044108,0.044108,-1.674e-05,-2.1e-05,46.79563051
1668773986.145116,0.044055,0.044055,-1.917e-05,-5.5e-05,41.79428401
1668774046.186619,0.044055,0.044055,-1.917e-05,-5.5e-05,41.79428401
1668774106.0703857,0.044055,0.044055,-2.388e-05,-5.5e-05,41.90865764
1668774167.2260308,0.044055,0.044054,-2.396e-05,-5.6e-05,41.81109494
1668774227.253037,0.044055,0.044054,-2.396e-05,-5.6e-05,41.81109494
1668774287.1255434,0.044055,0.044054,-2.396e-05,-5.6e-05,41.81109494
1668774347.976693,0.044055,0.044054,-2.396e-05,-5.6e-05,41.81109494
1668774408.159769,0.044055,0.044054,-2.396e-05,-5.6e-05,41.81109494
1668774468.050185,0.044055,0.044054,-2.396e-05,-5.6e-05,41.81109494
1668774529.034727,0.044055,0.044054,-2.396e-05,-5.6e-05,41.81109494
1668774588.8464508,0.044058,0.044058,-2.509e-05,-5.1e-05,42.38883356
1668774648.835135,0.044058,0.044058,-2.575e-05,-3.2e-05,42.3998315
1668774709.7415023,0.044054,0.044054,-2.647e-05,-5.4e-05,41.90856296
1668774769.6860046,0.044094,0.044094,-2.33e-05,-4.6e-05,48.28611886
1668774829.7103486,0.044094,0.044094,-2.33e-05,-4.6e-05,48.28611886
1668774890.5985918,0.044094,0.044094,-2.33e-05,-4.6e-05,48.28611886
1668774950.9208798,0.044094,0.044094,-2.33e-05,-4.6e-05,48.28611886
1668775010.736459,0.044126,0.044126,-1.799e-05,1.7e-05,52.7547544
1668775071.7073786,0.044126,0.044062,-2.31e-05,-4.7e-05,44.11367885
1668775131.476334,0.044126,0.044062,-2.31e-05,-4.7e-05,44.11367885
1668775191.4655485,0.044126,0.044062,-2.31e-05,-4.7e-05,44.11367885
1668775252.327454,0.044126,0.044062,-2.31e-05,-4.7e-05,44.11367885
1668775312.308988,0.044126,0.044062,-2.31e-05,-4.7e-05,44.11367885
1668775372.6959658,0.04411,0.04411,-1.885e-05,2e-06,50.95912772
1668775433.1939926,0.04411,0.04411,-1.885e-05,2e-06,50.95912772
1668775493.2016356,0.04411,0.04411,-1.885e-05,2e-06,50.95912772
1668775553.2852418,0.04411,0.04411,-1.885e-05,2e-06,50.95912772
1668775614.274286,0.04411,0.04411,-1.885e-05,2e-06,50.95912772
1668775674.072666,0.04411,0.04411,-1.885e-05,2e-06,50.95912772
1668775734.2162757,0.044081,0.044081,-1.762e-05,-4.2e-05,47.19765213
1668775794.9518812,0.044081,0.044065,-1.889e-05,-5.8e-05,45.35075474
1668775854.9034038,0.044081,0.044065,-1.889e-05,-5.8e-05,45.35075474
1668775914.9540036,0.044081,0.044065,-1.889e-05,-5.8e-05,45.35075474
1668775975.7717218,0.044062,0.044062,-1.878e-05,3e-06,44.99522596
1668776035.7829344,0.044062,0.044054,-1.942e-05,-5e-06,44.00452854
1668776095.7436469,0.044054,0.044054,-1.957e-05,0.0,44.00452854
1668776157.014357,0.044,0.044,-2.709e-05,-5.7e-05,37.93321449
1668776216.990181,0.044,0.044064,-2.199e-05,7e-06,47.2265517
1668776276.927277,0.044064,0.044064,-1.867e-05,1e-05,47.2265517
1668776337.7484443,0.044064,0.044,-2.378e-05,-5.4e-05,40.23894579
1668776397.6742222,0.044064,0.044,-2.378e-05,-5.4e-05,40.23894579
1668776457.6450355,0.044064,0.044,-2.378e-05,-5.4e-05,40.23894579
1668776518.402572,0.044064,0.044,-2.378e-05,-5.4e-05,40.23894579
1668776578.3956373,0.044064,0.044,-2.378e-05,-5.4e-05,40.23894579
1668776638.5429475,0.044056,0.044056,-2.18e-05,-3.8e-05,47.55148341
1668776699.4950807,0.044056,0.044056,-2.18e-05,-3.8e-05,47.55148341
1668776759.571177,0.044056,0.044056,-2.18e-05,-3.8e-05,47.55148341
1668776819.536834,0.044009,0.044009,-2.375e-05,-5.3e-05,42.81613598
1668776880.8730698,0.044017,0.044009,-2.5e-05,-0.000101,42.81613598
1668776940.692974,0.044017,0.044009,-2.5e-05,-0.000101,42.81613598
1668777000.7282028,0.044017,0.044009,-2.5e-05,-0.000101,42.81613598
1668777061.1969557,0.044017,0.044009,-2.5e-05,-0.000101,42.81613598
1668777121.0644798,0.044017,0.044009,-2.5e-05,-0.000101,42.81613598
1668777181.8191724,0.044017,0.044009,-2.5e-05,-0.000101,42.81613598
1668777242.271386,0.044017,0.044009,-2.5e-05,-0.000101,42.81613598
1668777301.8904786,0.044017,0.044009,-2.5e-05,-0.000101,42.81613598
1668777362.1740313,0.044017,0.044009,-2.5e-05,-0.000101,42.81613598
1668777423.1010177,0.044009,0.044009,-2.57e-05,-5.6e-05,42.81613598
1668777483.0521443,0.044009,0.044009,-2.57e-05,-5.6e-05,42.81613598
1668777542.8581142,0.044009,0.044009,-2.57e-05,-5.6e-05,42.81613598
1668777603.7665608,0.044009,0.044009,-2.596e-05,-5.3e-05,42.81613598
1668777663.725178,0.044009,0.044009,-2.596e-05,-5.3e-05,42.81613598
1668777723.7232275,0.044009,0.044009,-2.586e-05,-4.5e-05,42.81613598
1668777784.5729408,0.043974,0.043992,-2.789e-05,-8e-06,40.83762679
1668777844.7815297,0.043974,0.043992,-2.789e-05,-8e-06,40.83762679
1668777904.5354762,0.043992,0.043992,-2.811e-05,-7.2e-05,40.83762679
1668777965.6957085,0.043975,0.043975,-2.931e-05,-8.9e-05,38.60931117
1668778025.8063042,0.043975,0.04395,-3.13e-05,-0.000114,35.74131955
1668778085.7845414,0.04395,0.04395,-3.345e-05,-5e-05,35.74131955
1668778146.5596583,0.043948,0.043948,-3.614e-05,-0.000108,37.24971818
1668778206.4310331,0.043948,0.04395,-3.598e-05,-0.000106,37.63145383
1668778266.639954,0.043951,0.043951,-3.623e-05,-5.8e-05,37.83508632
1668778327.4456522,0.04395,0.04395,-3.615e-05,-5.9e-05,37.63145383
1668778387.3348413,0.04393,0.04393,-3.721e-05,-7.9e-05,34.97410994
1668778447.4184887,0.043891,0.043891,-4.189e-05,-0.000118,30.59501199
1668778508.4048522,0.043893,0.043893,-4.38e-05,-9.9e-05,31.23015796
1668778568.4577036,0.043949,0.043949,-4.027e-05,-4.3e-05,43.30745396
1668778628.30646,0.043949,0.04395,-4.019e-05,-4.2e-05,43.48468908
1668778689.345272,0.043949,0.04395,-4.019e-05,-4.2e-05,43.48468908
1668778749.8733623,0.043949,0.04395,-4.019e-05,-4.2e-05,43.48468908
1668778809.4750676,0.04395,0.04395,-3.69e-05,-4.2e-05,43.48468908
1668778870.109038,0.04395,0.043978,-3.467e-05,-1.4e-05,48.35334138
1668778930.235735,0.04395,0.043978,-3.467e-05,-1.4e-05,48.35334138
1668778990.2582872,0.04395,0.043978,-3.467e-05,-1.4e-05,48.35334138
1668779051.517006,0.044,0.044,-2.819e-05,5e-05,51.86229293
1668779111.5370846,0.043981,0.043981,-2.431e-05,5.1e-05,48.77987562
1668779171.7741923,0.043981,0.04397,-2.519e-05,4e-05,47.15721769
1668779232.429242,0.044064,0.044122,-1.042e-05,0.000172,64.65410673
1668779291.8625524,0.044171,0.044171,2.047e-05,0.000221,64.62586624
1668779352.005079,0.044171,0.044171,2.719e-05,0.00026,63.3037104
1668779411.4323742,0.044171,0.044158,2.615e-05,0.000247,62.42996848
1668779471.682722,0.04422,0.04422,3.713e-05,0.00033,66.52380191
1668779531.89912,0.044214,0.044214,4.483e-05,0.000321,65.77682741
1668779591.4718282,0.04422,0.04419,4.886e-05,0.00024,62.63669251
1668779651.8742447,0.044197,0.044197,5.159e-05,0.000219,63.16805578
1668779711.5311198,0.044197,0.04418,5.023e-05,0.000202,61.37184541
1668779772.0201771,0.044176,0.044176,5.041e-05,0.000176,60.8425945
1668779831.5075555,0.04419,0.04419,5.867e-05,0.00022,57.62684334
1668779891.5571847,0.04419,0.04419,5.867e-05,0.00022,57.62684334
1668779951.5734525,0.04419,0.04419,5.867e-05,0.00022,57.62684334
1668780011.5962603,0.044197,0.044197,5.735e-05,7.5e-05,58.11524201
1668780071.4382515,0.044197,0.044197,5.735e-05,7.5e-05,58.11524201
1668780131.51749,0.044197,0.044197,5.735e-05,7.5e-05,58.11524201
1668780191.5913465,0.044197,0.044197,5.566e-05,-2.5e-05,58.11524201
1668780252.2760372,0.044197,0.044197,5.37e-05,5.6e-05,58.11524201
1668780311.5228565,0.044197,0.044197,5.37e-05,5.6e-05,58.11524201
1668780371.5903213,0.044122,0.044122,4.556e-05,-3.6e-05,50.34929664
1668780431.5937705,0.044144,0.044144,3.901e-05,-7.6e-05,52.32193973
1668780491.7438676,0.044144,0.044148,3.933e-05,-7.2e-05,52.64435096
1668780551.5537782,0.044144,0.044148,3.933e-05,-7.2e-05,52.64435096
1668780611.586954,0.044144,0.044148,3.933e-05,-7.2e-05,52.64435096
1668780671.8249574,0.044148,0.044148,3.544e-05,-7.3e-05,52.64435096
1668780732.1819725,0.044192,0.044192,3.55e-05,2e-06,56.40521927
1668780791.523329,0.044192,0.044192,3.55e-05,2e-06,56.40521927
1668780851.7489493,0.044192,0.044192,3.513e-05,1.2e-05,56.40521927
1668780911.7110376,0.044197,0.044197,3.485e-05,-0.000102,56.8567794
1668780971.566674,0.044192,0.044192,3.383e-05,2e-06,56.22954432
1668781031.5902927,0.044192,0.044185,3.327e-05,-5e-06,55.37431131
1668781091.4491715,0.044149,0.044149,2.651e-05,-4.8e-05,51.35916064
1668781151.538953,0.044149,0.044148,2.643e-05,-4.9e-05,51.25381285
1668781212.2181857,0.044148,0.044148,2.308e-05,-4.9e-05,51.25381285
1668781271.55865,0.044123,0.044099,1.572e-05,-9.8e-05,45.7025156
1668781331.6089606,0.044119,0.044119,1.194e-05,2e-05,48.2013682
1668781391.6311312,0.044119,0.044116,1.17e-05,1.7e-05,47.84130486
1668781451.6299329,0.044137,0.044116,8.42e-06,-3.2e-05,47.84130486
1668781511.5837927,0.044137,0.044116,8.42e-06,-3.2e-05,47.84130486
1668781571.70326,0.044137,0.044116,8.42e-06,-3.2e-05,47.84130486
1668781631.5615983,0.0441,0.0441,4.48e-06,-4.8e-05,45.86911347
1668781691.7803764,0.044112,0.044112,2.29e-06,-8e-05,47.61337813
1668781751.5142038,0.044112,0.044112,2.29e-06,-8e-05,47.61337813
1668781811.5574906,0.044099,0.044099,-4.8e-07,-9.3e-05,45.88827231
1668781871.504364,0.044061,0.044078,-7.41e-06,-0.000119,44.51460019
1668781931.4764066,0.044372,0.044372,3.013e-05,0.000224,68.74908347
1668781991.6147175,0.044372,0.0444,3.236e-05,0.000252,70.08800478
1668782051.627005,0.044551,0.044469,6.286e-05,0.00033,67.23771712
1668782111.4945145,0.044475,0.044475,7.515e-05,0.000376,67.15306549
1668782171.6302695,0.044452,0.044451,9.014e-05,0.000335,61.23635152
1668782231.6126602,0.044423,0.044423,8.836e-05,0.000323,59.52755253
1668782291.6115687,0.044423,0.0445,9.45e-05,0.0004,62.61951144
1668782351.5776298,0.044432,0.044432,9.045e-05,0.000383,58.29793261
1668782411.731721,0.0445,0.0445,9.738e-05,0.000422,61.10068761
1668782471.830893,0.0445,0.044583,0.000104,0.000505,64.2582853
1668782531.6814482,0.044562,0.044562,0.00010886,0.000193,62.25120775
1668782591.7125328,0.044625,0.044625,0.00011475,0.000165,63.06987047
1668782651.8016417,0.044625,0.044608,0.00011339,0.000148,62.25883847
1668782711.8956587,0.044625,0.044608,0.00011339,0.000148,62.25883847
1668782771.5299668,0.044625,0.044608,0.00011339,0.000148,62.25883847
1668782831.5618598,0.044575,0.044575,0.00010992,0.00016,60.24685218
1668782891.6700084,0.044575,0.044591,0.0001112,0.000176,60.90651068
1668782951.705006,0.044598,0.044598,0.00010973,0.000183,61.20978287
1668783011.6531408,0.044595,0.044595,0.0001039,0.000169,60.93276399
1668783071.6257377,0.044658,0.044658,0.00010971,0.000158,63.42532836
1668783131.9073446,0.04465,0.04465,0.00010423,4.5e-05,61.58928856
1668783192.2055492,0.044607,0.044607,9.629e-05,0.000118,59.51925079
1668783251.851399,0.044595,0.044595,9.064e-05,-2.2e-05,58.515559
1668783311.679672,0.044595,0.044519,8.458e-05,-9.8e-05,52.86908826
1668783371.5416784,0.044501,0.044504,7.325e-05,-0.000104,51.80653041
1668783431.7658224,0.0445,0.0445,5.408e-05,-9.1e-05,51.51818224
1668783491.621447,0.0445,0.044506,5.456e-05,-8.5e-05,51.95195615
1668783551.630818,0.0445,0.0445,5.408e-05,-9.1e-05,51.51818224
1668783611.6101277,0.0445,0.0445,5.408e-05,-9.1e-05,51.51818224
1668783672.4000854,0.044582,0.044582,5.776e-05,-1.3e-05,55.31077258
1668783731.6916952,0.044582,0.044675,6.517e-05,8e-05,62.24357091
1668783791.6232743,0.044768,0.044768,8.512e-05,0.000167,65.54611698
1668783851.6144605,0.044818,0.044818,0.00010045,0.00021,65.63322325
1668783911.6503294,0.044809,0.044809,9.977e-05,0.000202,63.56720716
1668783971.7193394,0.044809,0.044809,9.977e-05,0.000202,63.56720716
1668784031.6528563,0.044767,0.044767,9.404e-05,0.000263,61.75120617
1668784091.7458858,0.044767,0.0448,9.668e-05,0.000296,63.41594318
1668784152.737496,0.044816,0.044816,9.524e-05,0.000325,64.14861885
1668784211.7402434,0.044816,0.044802,9.413e-05,0.000311,63.45148456
1668784271.656106,0.0448,0.0448,9.159e-05,0.000129,63.2269992
1668784331.6565628,0.0448,0.0448,9.159e-05,0.000129,63.2269992
1668784391.7008348,0.044744,0.044744,7.847e-05,-4.9e-05,57.65955909
1668784452.378558,0.044744,0.044744,7.847e-05,-4.9e-05,57.65955909
1668784511.9836736,0.044744,0.044744,7.847e-05,-4.9e-05,57.65955909
1668784571.7324457,0.044746,0.044746,7.084e-05,-1.5e-05,56.17723443
1668784632.7515187,0.044746,0.044796,7.483e-05,3.5e-05,61.14698824
1668784691.7798436,0.044794,0.044618,5.8e-05,-0.000148,45.66058209
1668784751.9473886,0.044744,0.044647,4.646e-05,-0.00012,47.97249389
1668784811.6514857,0.044654,0.0446,3.315e-05,-0.000161,44.65641625
1668784871.655579,0.044654,0.0446,3.315e-05,-0.000161,44.65641625
1668784931.6169343,0.044668,0.04468,2.872e-05,-0.000122,50.88034376
1668784991.7541804,0.044668,0.04468,2.872e-05,-0.000122,50.88034376
1668785051.7319844,0.044668,0.04468,2.872e-05,-0.000122,50.88034376
1668785112.766022,0.04465,0.04465,2.253e-05,-0.000149,48.66992832
1668785171.745885,0.044575,0.044575,-9.2e-07,-0.000169,44.26494007
1668785231.7878115,0.044575,0.044673,6.89e-06,-7.1e-05,51.0722299
1668785291.8036687,0.04468,0.04468,7.88e-06,-6.4e-05,51.49538618
1668785351.7824235,0.044728,0.044728,1.508e-05,-6.8e-05,54.59884932
1668785411.791352,0.04468,0.04468,1.038e-05,6.2e-05,51.07374711
1668785471.8661103,0.04468,0.04468,1.038e-05,6.2e-05,51.07374711
1668785531.8158674,0.04455,0.04455,-9.59e-06,-9.7e-05,43.30068542
1668785592.728634,0.044543,0.044543,-1.706e-05,-5.7e-05,42.79363792
1668785651.7425308,0.044582,0.04455,-2.172e-05,-0.00013,43.38086147
1668785711.600121,0.04455,0.044543,-2.568e-05,-6e-05,42.90654591
1668785771.7176712,0.044536,0.044536,-3.142e-05,-0.000144,42.43970893
1668785831.7436073,0.044536,0.044535,-3.15e-05,-0.000145,42.33682247
1668785891.710883,0.044535,0.044535,-3.3e-05,-0.000145,42.33682247
1668785951.7675414,0.044535,0.044534,-3.308e-05,-0.000146,42.25548269
1668786011.8354328,0.0446,0.044602,-2.852e-05,-0.000127,49.37777147
1668786072.8477714,0.044596,0.044591,-2.549e-05,-8.7e-05,48.33910553
1668786131.6984828,0.044535,0.044535,-2.73e-05,0.0,43.34081494
1668786191.8597472,0.044436,0.044436,-4.196e-05,-0.000107,36.13824244
1668786251.6717668,0.044462,0.044462,-4.157e-05,-8.8e-05,39.23646985
1668786311.8410718,0.044462,0.044462,-4.157e-05,-8.8e-05,39.23646985
1668786371.6357305,0.044423,0.044459,-4.435e-05,-8.4e-05,39.01398948
1668786432.0129566,0.044536,0.044536,-3.648e-05,1e-06,46.87947555
1668786491.902307,0.04447,0.04447,-3.83e-05,-6.5e-05,41.69574332
1668786552.4287868,0.044479,0.044479,-3.846e-05,-5.5e-05,42.40367947
1668786612.1347678,0.044479,0.044479,-3.846e-05,-5.5e-05,42.40367947
1668786671.7516785,0.044479,0.044479,-3.846e-05,-5.5e-05,42.40367947
1668786731.7881556,0.044479,0.044479,-3.846e-05,-5.5e-05,42.40367947
1668786791.7887146,0.044479,0.044479,-3.858e-05,-0.000123,42.40367947
1668786851.7892451,0.044397,0.044397,-4.452e-05,-0.000194,36.29374472
1668786911.715292,0.044505,0.044379,-5.055e-05,-0.000156,35.09722874
1668786971.6689208,0.044505,0.044379,-5.055e-05,-0.000156,35.09722874
1668787031.8160498,0.044547,0.044547,-4.11e-05,9.5e-05,51.39674551
1668787091.8053064,0.0445,0.044533,-3.435e-05,4.4e-05,50.26389893
1668787152.386151,0.044533,0.044533,-2.389e-05,1.9e-05,50.26389893
1668787211.8255856,0.044533,0.044496,-2.684e-05,-1.8e-05,47.08304946
1668787271.748825,0.044527,0.044527,-1.923e-05,5e-05,49.96078402
1668787331.820715,0.044527,0.044449,-2.545e-05,-2.8e-05,43.59905201
1668787391.7496786,0.044502,0.04459,-1.597e-05,0.000111,54.80269203
1668787451.7097633,0.044595,0.044595,-7.95e-06,0.000112,55.14297388
1668787511.8439012,0.044595,0.044603,-7.31e-06,0.00012,55.67689414
1668787572.147137,0.044504,0.044504,-4.82e-06,0.000125,47.70406686
1668787631.8766174,0.044418,0.044418,-1.742e-05,-0.000129,42.25039522
1668787691.804562,0.044423,0.044423,-2.293e-05,-0.00011,42.91927002
1668787751.866078,0.044463,0.044463,-2.077e-05,-7e-05,46.08669242
1668787812.061796,0.044463,0.0445,-1.782e-05,-3.3e-05,48.91074298
1668787871.9221523,0.044467,0.044467,-3.07e-05,-2.7e-05,48.19936232
1668787931.8314898,0.044453,0.044453,-2.943e-05,-7.3e-05,47.42907353
1668787991.75196,0.044394,0.044394,-3.188e-05,-5.5e-05,44.1797863
1668788052.3788877,0.044484,0.044484,-2.325e-05,-0.000106,49.41040631
1668788111.773412,0.044492,0.044516,-1.552e-05,-8.7e-05,51.38067981
1668788172.1691115,0.044519,0.044486,-1.387e-05,-8.7e-05,49.28356072
1668788231.8338437,0.044435,0.044435,-1.648e-05,0.0,45.8569702
1668788291.906177,0.044435,0.044416,-1.8e-05,-1.9e-05,44.69914559
1668788351.933949,0.044435,0.044416,-1.8e-05,-1.9e-05,44.69914559
1668788412.2559855,0.044366,0.044343,-2.685e-05,-6.6e-05,40.471129
1668788471.903991,0.0443,0.0443,-3.956e-05,-0.000163,38.33522805
1668788532.1525545,0.0443,0.0443,-3.956e-05,-0.000163,38.33522805
1668788591.841311,0.0443,0.0443,-3.956e-05,-0.000163,38.33522805
1668788651.9796684,0.044347,0.044347,-4.263e-05,4.1e-05,42.20199006
1668788711.8921716,0.044416,0.044416,-3.905e-05,-5.1e-05,47.41521355
1668788771.846758,0.044495,0.044495,-2.949e-05,2.7e-05,52.67803801
1668788832.0682724,0.044495,0.044501,-2.901e-05,3.3e-05,53.03502878
1668788891.8215735,0.044505,0.044509,-2.018e-05,5.1e-05,53.53831223
1668788951.733898,0.044501,0.044501,-9.65e-06,-1.5e-05,52.86734828
1668789012.027201,0.044501,0.044522,-7.97e-06,6e-06,54.26004385
1668789071.9408514,0.04465,0.04465,1.939e-05,0.000234,61.75771198
1668789131.8538446,0.04465,0.044665,2.059e-05,0.000249,62.52466592
1668789191.8140323,0.044665,0.044616,2.771e-05,0.000316,58.27277833
1668789251.920924,0.044578,0.044578,2.963e-05,0.000278,55.26967933
1668789311.9812007,0.044578,0.044578,2.963e-05,0.000278,55.26967933
1668789372.1231475,0.04461,0.04461,3.334e-05,0.000263,57.26687073
1668789431.809721,0.04461,0.044578,3.079e-05,0.000231,55.26967933
1668789491.7791705,0.044701,0.044701,4.116e-05,0.000285,62.52052001
1668789552.944618,0.044701,0.044701,5.427e-05,0.000192,62.52052001
1668789612.527228,0.044701,0.044701,5.791e-05,0.00022,62.52052001
1668789672.6769516,0.044701,0.044748,6.166e-05,0.000267,65.21183579
1668789733.4297502,0.044748,0.044748,6.675e-05,0.000226,65.21183579
1668789793.344692,0.044748,0.044729,6.524e-05,0.000207,63.23500682
1668789853.4940813,0.044748,0.044729,6.524e-05,0.000207,63.23500682
1668789914.5906448,0.044708,0.044729,6.73e-05,9.7e-05,63.23500682
1668789974.56845,0.044682,0.044682,6.458e-05,1.2e-05,58.07782716
1668790034.5336304,0.04469,0.04469,6.266e-05,7.4e-05,58.87175753
1668790095.524644,0.04469,0.04469,6.266e-05,7.4e-05,58.87175753
1668790155.1514328,0.04469,0.04469,5.993e-05,0.000112,58.87175753
1668790215.609882,0.04469,0.044658,5.457e-05,8e-05,55.10816947
1668790276.2212195,0.0447,0.0447,5.309e-05,-1e-06,58.82845475
1668790336.1048582,0.0448,0.0448,6.553e-05,9.9e-05,65.55385807
1668790396.1182246,0.044796,0.044796,6.894e-05,9.5e-05,64.11799379
1668790457.420411,0.044796,0.0449,7.724e-05,0.000199,71.07160746
1668790517.3204558,0.04486,0.04486,8.128e-05,0.000112,66.4678499
1668790577.409839,0.044748,0.044748,6.655e-05,1.6e-05,55.6932853
1668790638.3194258,0.044758,0.044758,6.13e-05,6.8e-05,56.34329565
1668790698.3192403,0.044758,0.044758,6.13e-05,6.8e-05,56.34329565
1668790758.3320389,0.044829,0.044829,6.316e-05,0.000139,61.07234218
1668790819.1210597,0.044829,0.044748,5.67e-05,5.8e-05,55.39546408
1668790879.4086242,0.044725,0.044725,4.124e-05,3.5e-05,52.88406426
1668790939.1800947,0.044725,0.044641,3.454e-05,-4.9e-05,47.5221956
1668790999.95916,0.044802,0.044802,3.914e-05,0.000144,57.5043466
1668791060.693158,0.044821,0.044821,4.381e-05,2e-05,58.50741687
1668791119.9357111,0.044821,0.044821,4.381e-05,2e-05,58.50741687
1668791182.13072,0.044821,0.044821,4.697e-05,4e-06,58.50741687
1668791240.917303,0.044897,0.044905,5.745e-05,5e-06,62.88476791
1668791300.9265945,0.044905,0.044905,6.314e-05,7.6e-05,62.88476791
1668791361.7129104,0.04499,0.04499,7.889e-05,0.00025,66.80135905
1668791421.6567872,0.045167,0.045167,0.00011559,0.000435,68.95036609
1668791481.5503302,0.045157,0.045157,0.00012677,0.000399,68.13811106
1668791542.396819,0.045107,0.045107,0.00012595,0.000511,64.78382351
1668791602.4796298,0.04511,0.04511,0.00012723,0.000469,64.98959735
1668791662.461195,0.04511,0.04502,0.00012005,0.000379,58.94109671
1668791723.904143,0.04511,0.04502,0.00012005,0.000379,58.94109671
1668791783.4369829,0.045083,0.045158,0.00012488,0.000356,64.41057733
1668791843.4398177,0.045158,0.045158,0.00012725,0.000337,64.41057733
1668791904.248618,0.045099,0.045099,0.0001218,0.000194,60.13317729
1668791964.0887015,0.045099,0.045087,0.00012085,0.000182,59.33179562
1668792024.1300387,0.04509,0.04509,0.0001081,-0.000167,59.5124033
1668792084.9115186,0.045081,0.045081,0.00010058,-0.000106,58.8297529
1668792144.8848946,0.045081,0.045066,9.939e-05,-0.000121,57.64297171
1668792204.9598317,0.045023,0.045008,8.828e-05,-0.000102,53.10000949
1668792266.5554357,0.045069,0.045069,7.279e-05,4.9e-05,57.03198661
1668792326.350019,0.045081,0.045081,7.036e-05,-7.7e-05,57.7337911
1668792386.3777628,0.045081,0.045104,7.22e-05,-5.4e-05,59.11225469
1668792447.2330017,0.045022,0.045022,5.173e-05,-0.000136,52.8330905
1668792507.1738665,0.045022,0.045002,5.013e-05,-0.000156,51.76396907
1668792567.3835423,0.045022,0.045002,5.013e-05,-0.000156,51.76396907
1668792628.0387404,0.045074,0.045074,4.965e-05,-1.5e-05,55.60826341
1668792687.9888675,0.045013,0.045013,4.388e-05,-7.7e-05,51.53220934
1668792747.940088,0.045013,0.045072,4.859e-05,-1.8e-05,55.44961323
1668792808.814368,0.045013,0.045072,4.859e-05,-1.8e-05,55.44961323
1668792868.831353,0.045072,0.045072,4.702e-05,-9e-06,55.44961323
1668792928.8869865,0.045072,0.045072,4.702e-05,-9e-06,55.44961323
1668792989.9778247,0.044999,0.044999,3.272e-05,-9e-06,50.02148799
1668793049.9130754,0.044999,0.044994,3.232e-05,-1.4e-05,49.66132858
1668793109.830108,0.045081,0.045081,3.053e-05,0.0,55.93286366
1668793170.488034,0.045081,0.045139,3.516e-05,5.8e-05,59.38024392
1668793230.4504907,0.045081,0.045189,3.915e-05,0.000108,61.94656084
1668793291.0551643,0.045081,0.045189,3.915e-05,0.000108,61.94656084
1668793351.2262468,0.04511,0.04511,4.053e-05,0.000199,55.93361072
1668793411.2162745,0.04511,0.045017,3.311e-05,0.000106,50.19760881
1668793471.2375166,0.04504,0.04504,2.879e-05,3.8e-05,51.53374243
1668793532.332733,0.04504,0.045031,2.807e-05,2.9e-05,51.04301785
1668793592.222005,0.04505,0.04505,2.638e-05,-2.7e-05,52.14462022
1668793652.3391526,0.0451,0.0451,3.182e-05,2.3e-05,54.8199268
1668793713.0228662,0.045065,0.045065,2.981e-05,-7e-06,52.43995135
1668793772.9929714,0.045065,0.045089,3.172e-05,1.7e-05,54.04898363
1668793833.7757013,0.045065,0.045089,3.172e-05,1.7e-05,54.04898363
1668793893.8480544,0.045066,0.045066,2.945e-05,-6e-06,52.38996278
1668793953.8667006,0.045058,0.045058,2.669e-05,6.4e-05,51.79444555
1668794013.9054325,0.04508,0.04508,2.433e-05,6e-05,53.43331405
1668794074.917209,0.04508,0.0451,2.593e-05,8e-05,54.87011977
1668794134.9421067,0.045081,0.045081,2.982e-05,8.1e-05,52.04007717
1668794195.144732,0.04508,0.04508,2.708e-05,4.9e-05,51.96891243
1668794255.890188,0.04508,0.04508,2.708e-05,4.9e-05,51.96891243
1668794315.910334,0.04508,0.04508,2.708e-05,4.9e-05,51.96891243
1668794376.7709014,0.04508,0.04508,2.469e-05,-2e-05,51.96891243
1668794436.475638,0.045069,0.045069,1.485e-05,-2e-05,51.23329498
1668794496.6435466,0.045069,0.04508,1.573e-05,-9e-06,52.03414938
1668794556.5850463,0.045066,0.045066,1.405e-05,0.0,50.88871124
1668794617.593707,0.044993,0.044993,6.75e-06,-6.5e-05,45.29026455
1668794677.262664,0.044994,0.044994,1.03e-06,-7.3e-05,45.37891241
1668794737.3951168,0.045057,0.045057,1.56e-06,-4.3e-05,50.78885155
1668794798.298379,0.044996,0.044996,-6.66e-06,-0.000183,45.56887394
1668794859.3863947,0.044996,0.044996,-6.66e-06,-0.000183,45.56887394
1668794918.3424742,0.045004,0.045004,-5.3e-06,-7.6e-05,46.84222309
1668794979.0505216,0.045004,0.044996,-5.93e-06,-8.4e-05,46.24017419
1668795039.093157,0.044993,0.044993,-8.79e-06,-7e-05,46.00140335
1668795099.0205352,0.04491,0.04491,-2.259e-05,-0.000104,40.24637164
1668795159.866758,0.044902,0.044902,-2.867e-05,-0.000178,39.6918016
1668795219.8775656,0.044902,0.044903,-2.859e-05,-0.000177,39.76028561
1668795279.7568753,0.044902,0.044903,-2.859e-05,-0.000177,39.76028561
1668795340.7417777,0.044902,0.044903,-2.859e-05,-0.000177,39.76028561
1668795401.0934908,0.044981,0.045044,-2.171e-05,-2.2e-05,52.26626205
1668795460.9706914,0.045051,0.045051,-1.551e-05,5.8e-05,52.7902604
1668795521.5803957,0.045051,0.045056,-1.512e-05,6.3e-05,53.15755622
1668795581.5754848,0.045066,0.045066,-8.98e-06,7.2e-05,53.92956348
1668795641.548009,0.045121,0.045121,1.18e-06,0.000125,57.95890688
1668795702.339024,0.045121,0.04513,1.9e-06,0.000134,58.56292476
1668795762.5976734,0.045168,0.045168,1.762e-05,8.8e-05,60.89441036
1668795822.384406,0.04523,0.04523,3.088e-05,0.000234,64.70251812
1668795883.3135812,0.045252,0.045191,3.765e-05,0.00028,59.86621917
1668795943.8184278,0.045087,0.045087,2.308e-05,0.000177,51.67736682
1668796003.3207052,0.045095,0.045095,2.209e-05,0.000192,52.18370953
1668796064.0761309,0.045095,0.045095,2.107e-05,5.1e-05,52.18370953
1668796124.0963745,0.045095,0.045095,2.107e-05,5.1e-05,52.18370953
1668796184.0352998,0.045085,0.045042,1.58e-05,-1.4e-05,48.29544838
1668796244.8571956,0.045085,0.045042,1.58e-05,-1.4e-05,48.29544838
1668796304.958469,0.045091,0.045091,1.54e-05,1.1e-05,51.86632154
1668796364.898249,0.045087,0.045087,1.446e-05,-4.3e-05,51.57324855
1668796425.795246,0.045087,0.045087,1.446e-05,-4.3e-05,51.57324855
1668796485.642736,0.045136,0.045186,2.17e-05,-4e-06,58.69711712
1668796545.7621813,0.045149,0.045149,2.389e-05,-0.000101,55.38444321
1668796606.7427278,0.045149,0.04515,2.397e-05,-0.0001,55.46905111
1668796666.7367103,0.045149,0.04515,2.397e-05,-0.0001,55.46905111
1668796726.7939916,0.04515,0.04515,2.548e-05,0.00012,55.46905111
1668796787.512692,0.04515,0.04515,2.548e-05,0.00012,55.46905111
1668796847.7050462,0.04515,0.04515,2.548e-05,0.00012,55.46905111
1668796907.5158906,0.04515,0.04515,2.548e-05,0.00012,55.46905111
1668796968.9299052,0.04515,0.04515,2.548e-05,0.00012,55.46905111
1668797028.3799796,0.04515,0.04515,2.548e-05,0.00012,55.46905111
1668797088.6719162,0.04515,0.04515,2.548e-05,0.00012,55.46905111
1668797149.4321651,0.045144,0.045144,2.589e-05,5.7e-05,54.88560306
1668797209.460336,0.045144,0.045144,2.589e-05,5.7e-05,54.88560306
1668797269.5054662,0.045139,0.045139,2.552e-05,4.4e-05,54.37234831
1668797330.384019,0.045139,0.045139,2.552e-05,4.4e-05,54.37234831
1668797390.292882,0.045081,0.045081,2.031e-05,-1.4e-05,48.68496994
1668797450.310522,0.045081,0.045081,1.6e-05,3.9e-05,48.68496994
1668797511.614771,0.045113,0.045113,1.499e-05,2.4e-05,51.90406468
1668797571.0777612,0.045113,0.045112,1.492e-05,2.3e-05,51.8095934
1668797631.1120088,0.045113,0.045112,1.492e-05,2.3e-05,51.8095934
1668797693.3639436,0.045113,0.045112,1.492e-05,2.3e-05,51.8095934
1668797753.4994814,0.045113,0.045112,1.492e-05,2.3e-05,51.8095934
1668797813.4369216,0.045113,0.045112,1.492e-05,2.3e-05,51.8095934
1668797874.269847,0.04512,0.04512,1.453e-05,3.3e-05,52.61152769
1668797934.0630338,0.045081,0.045081,1.095e-05,-2e-05,48.38442246
1668797994.4031336,0.045149,0.045149,1.591e-05,-3.7e-05,55.70295686
1668798056.1698682,0.045149,0.04506,8.81e-06,-0.000126,45.96795852
1668798114.9855523,0.04506,0.04506,4.54e-06,-9e-05,45.96795852
1668798174.9483466,0.045059,0.045059,1.06e-06,-9.1e-05,45.8563351
1668798235.7437773,0.044952,0.044952,-2.531e-05,-0.000192,41.89791836
1668798295.7875793,0.044952,0.044899,-2.954e-05,-0.000245,37.46645938
1668798355.7173803,0.044952,0.044899,-2.954e-05,-0.000245,37.46645938
1668798416.6160617,0.044989,0.044989,-3.068e-05,-0.00015,45.12089825
1668798476.692799,0.045,0.045,-3.034e-05,-8.1e-05,45.99106171
1668798537.6897905,0.045,0.045029,-2.803e-05,-5.2e-05,48.15816457
1668798597.4404144,0.045045,0.045045,-2.436e-05,-3.6e-05,49.36533475
1668798657.512359,0.045045,0.045002,-2.779e-05,-7.9e-05,46.29563004
1668798717.740115,0.045053,0.045053,-2.322e-05,-5.9e-05,50.21255577
1668798778.368618,0.045056,0.045056,-1.895e-05,-6.4e-05,50.42524591
1668798838.3533218,0.045061,0.045061,-1.517e-05,-6e-05,50.83125408
1668798898.5110826,0.045061,0.045066,-1.478e-05,-5.5e-05,51.230666
1668798959.5184991,0.045086,0.045086,-9.74e-06,2.6e-05,52.87953496
1668799019.4683344,0.045086,0.045086,-9.74e-06,2.6e-05,52.87953496
1668799079.4680178,0.045086,0.045086,-9.74e-06,2.6e-05,52.87953496
1668799140.2626443,0.045068,0.045068,-7.12e-06,8e-06,51.20169383
1668799200.391242,0.045068,0.045084,-5.85e-06,2.4e-05,52.68769758
1668799260.4947183,0.045068,0.045084,-5.85e-06,2.4e-05,52.68769758
1668799321.1041076,0.045068,0.045084,-5.85e-06,2.4e-05,52.68769758
1668799381.012184,0.045068,0.045084,-5.85e-06,2.4e-05,52.68769758
1668799441.211168,0.045039,0.045039,-6.32e-06,0.000225,48.43042846
1668799502.1703446,0.044995,0.044995,-1.013e-05,9.6e-05,44.63289356
1668799562.2111976,0.044917,0.044917,-2.131e-05,-7.2e-05,38.97949834
1668799622.2189968,0.044917,0.044936,-1.98e-05,-5.3e-05,40.26165745
1668799683.10053,0.044917,0.044936,-1.98e-05,-5.3e-05,40.26165745
1668799743.1167731,0.044907,0.044907,-2.733e-05,-0.000122,38.19647673
1668799803.03448,0.044899,0.044899,-3.387e-05,-0.000103,37.64838258
1668799863.8807073,0.044893,0.044892,-3.886e-05,-0.000164,37.12296871
1668799924.092309,0.044893,0.044892,-3.886e-05,-0.000164,37.12296871
1668799983.950204,0.044893,0.044892,-3.886e-05,-0.000164,37.12296871
1668800044.7468257,0.044899,0.044899,-4.176e-05,-0.000157,38.05397653
1668800103.895377,0.044899,0.044877,-4.352e-05,-0.000179,35.96469939
1668800163.8761158,0.0449,0.0449,-4.484e-05,-0.000166,39.10224052
1668800223.7865205,0.0449,0.044946,-4.117e-05,-0.00012,44.53726214
1668800283.9764776,0.0449,0.044946,-4.117e-05,-0.00012,44.53726214
1668800343.9500766,0.044959,0.044959,-3.782e-05,-0.000127,46.00393178
1668800403.9179375,0.044959,0.044959,-3.782e-05,-0.000127,46.00393178
1668800463.8997378,0.044971,0.044971,-3.381e-05,-0.000113,47.38700943
1668800523.984236,0.044971,0.044971,-3.381e-05,-0.000113,47.38700943
1668800584.0654728,0.044971,0.044971,-3.028e-05,-6.8e-05,47.38700943
1668800643.8032832,0.044971,0.044924,-3.092e-05,-3.7e-05,42.44812446
1668800703.7192397,0.044998,0.044998,-2.517e-05,6.2e-05,51.09131591
1668800763.8959348,0.044998,0.044998,-2.517e-05,6.2e-05,51.09131591
1668800824.1000926,0.044907,0.044907,-2.763e-05,5e-06,42.61558009
1668800883.813239,0.044913,0.044927,-2.765e-05,2.8e-05,44.7836405
1668800944.0095985,0.044927,0.044927,-2.735e-05,3.5e-05,44.7836405
1668801003.8325582,0.044997,0.044997,-2.122e-05,0.00012,52.12569021
1668801063.7326715,0.044997,0.044997,-2.122e-05,0.00012,52.12569021
1668801123.8756926,0.044997,0.044997,-2.122e-05,0.00012,52.12569021
1668801183.9114935,0.044997,0.044997,-2.122e-05,0.00012,52.12569021
1668801244.130182,0.044918,0.044918,-2.248e-05,-2.8e-05,44.87372937
1668801303.9196734,0.044918,0.044912,-2.296e-05,-3.4e-05,44.40453252
1668801363.8939824,0.044918,0.044912,-2.296e-05,-3.4e-05,44.40453252
1668801424.0044134,0.044911,0.044911,-2.414e-05,-4.8e-05,44.32135434
1668801483.9582777,0.044907,0.044907,-2.51e-05,-6.4e-05,43.96658224
1668801543.8651595,0.044826,0.044634,-4.735e-05,-0.000337,27.68094652
1668801603.9454138,0.044826,0.044641,-4.679e-05,-0.00033,27.94637214
1668801663.9656904,0.04467,0.04467,-6.094e-05,-0.000254,30.90240643
1668801724.470798,0.044749,0.044749,-6.257e-05,-0.000249,38.08476371
1668801783.8235471,0.0447,0.0447,-6.855e-05,-0.000207,36.03805704
1668801843.8581889,0.044669,0.044746,-7.126e-05,-0.000181,40.64198259
1668801904.0474288,0.044669,0.044669,-8.086e-05,-0.000258,34.98572197
1668801964.2077978,0.044669,0.044669,-8.086e-05,-0.000258,34.98572197
1668802024.0409348,0.044697,0.044697,-8.153e-05,-0.0003,37.65507174
1668802083.994612,0.044675,0.044675,-8.393e-05,-0.000237,35.77154084
1668802144.1296775,0.044675,0.044705,-8.153e-05,-0.000207,38.54922594
1668802204.0968533,0.04468,0.04468,-8.154e-05,-0.000231,36.99876257
1668802263.9758391,0.044683,0.044683,-8.019e-05,-0.000224,37.178201
1668802324.1048317,0.04464,0.044642,-8.168e-05,1e-06,34.52429773
1668802383.904514,0.044642,0.044636,-8.24e-05,-7.4e-05,34.14022352
1668802443.9900265,0.044588,0.044588,-8.529e-05,-0.000177,31.30736421
1668802503.9644198,0.044615,0.044615,-8.684e-05,-6.1e-05,36.37757745
1668802564.028327,0.044643,0.044643,-8.296e-05,-4.4e-05,39.42084907
1668802624.8321817,0.044653,0.044653,-7.818e-05,-1.6e-05,40.51521623
1668802684.053716,0.044653,0.044664,-7.73e-05,-5e-06,41.67424163
1668802744.1204052,0.0447,0.0447,-6.911e-05,2e-05,45.42222285
1668802804.0064042,0.044727,0.044727,-5.976e-05,2.2e-05,48.11514364
1668802864.0126934,0.044655,0.044655,-5.675e-05,-2.8e-05,42.3738776
1668802924.0481727,0.044727,0.044727,-4.887e-05,4.4e-05,48.95470539
1668802984.049221,0.044727,0.044766,-4.576e-05,8.3e-05,51.90383489
1668803044.073649,0.044758,0.044758,-3.715e-05,0.000116,51.24974134
1668803104.7946332,0.044758,0.044758,-3.715e-05,0.000116,51.24974134
1668803164.0861735,0.044758,0.044758,-3.715e-05,0.000116,51.24974134
1668803224.0433648,0.044758,0.044758,-3.715e-05,0.000116,51.24974134
1668803284.0065577,0.04467,0.04467,-3.7e-05,2.5e-05,44.5926959
1668803343.8243177,0.044698,0.044716,-2.872e-05,0.000158,47.72479681
1668803404.027459,0.044629,0.04467,-2.97e-05,5.5e-05,44.01527327
1668803463.959635,0.044729,0.044729,-2.543e-05,8.6e-05,49.44318315
1668803524.3313594,0.044735,0.044736,-2.105e-05,7.2e-05,50.04309417
1668803584.0570447,0.0447,0.0447,-2.043e-05,0.0,46.86581823
1668803644.0324702,0.044779,0.044779,-8.55e-06,4e-05,53.78543674
1668803703.8807788,0.04488,0.044867,2.94e-06,0.000214,60.76195796
1668803764.0015025,0.04488,0.044867,2.94e-06,0.000214,60.76195796
1668803823.9292898,0.044877,0.044877,1.27e-05,0.000111,61.47369478
1668803883.84771,0.044907,0.044901,2.212e-05,0.000143,63.19900652
1668803943.9774494,0.044948,0.044948,3.59e-05,0.000212,66.16621097
1668804004.4604309,0.044948,0.04491,3.889e-05,0.000194,61.70292288
1668804064.0304017,0.044948,0.044929,4.041e-05,0.000213,63.74606107
1668804124.0385213,0.044948,0.044929,4.041e-05,0.000213,63.74606107
1668804184.0007868,0.044929,0.044929,4.492e-05,0.000259,63.74606107
1668804244.09946,0.04491,0.044901,4.571e-05,0.000169,60.05252143
1668804303.9504468,0.044901,0.044901,4.581e-05,0.000165,60.05252143
1668804364.1504426,0.044901,0.0449,4.573e-05,0.000164,59.91899091
1668804424.0062006,0.044901,0.0449,4.573e-05,0.000164,59.91899091
1668804484.4171743,0.044887,0.044887,4.418e-05,0.000108,58.11003299
1668804544.4041498,0.044869,0.044869,3.992e-05,9e-05,55.77840523
1668804604.1103818,0.044869,0.0448,3.442e-05,2.1e-05,47.85210666
1668804664.0490212,0.044869,0.0448,3.442e-05,2.1e-05,47.85210666
1668804723.9739077,0.044799,0.044799,2.743e-05,-6.8e-05,47.74621084
1668804784.2510924,0.0448,0.0448,2.177e-05,-7.7e-05,47.85210666
1668804844.1001678,0.0448,0.0448,2.177e-05,-7.7e-05,47.85210666
1668804904.0424116,0.044841,0.044841,2.031e-05,-0.000107,52.82702977
1668804964.4213192,0.044843,0.044843,1.908e-05,-8.2e-05,53.0622651
1668805024.0703154,0.044843,0.044819,1.717e-05,-0.000106,50.06693426
1668805084.0942564,0.044843,0.044819,1.717e-05,-0.000106,50.06693426
1668805144.1598256,0.044843,0.044819,1.717e-05,-0.000106,50.06693426
1668805204.0311515,0.044843,0.044819,1.717e-05,-0.000106,50.06693426
1668805264.0921977,0.044843,0.044819,1.717e-05,-0.000106,50.06693426
1668805324.1081443,0.044843,0.044819,1.717e-05,-0.000106,50.06693426
1668805383.9668145,0.044843,0.044819,1.717e-05,-0.000106,50.06693426
1668805444.1560822,0.044843,0.044819,1.717e-05,-0.000106,50.06693426
1668805504.0187154,0.044843,0.044819,1.717e-05,-0.000106,50.06693426
1668805564.0580046,0.044749,0.044749,8.93e-06,-0.00018,42.46448067
1668805624.0920513,0.044749,0.044749,8.93e-06,-0.00018,42.46448067
1668805684.1837096,0.044749,0.044749,8.93e-06,-0.00018,42.46448067
1668805744.219672,0.044737,0.044743,1.9e-06,-0.000186,41.87750318
1668805804.093439,0.044735,0.044735,-4.27e-06,-0.000166,41.06249054
1668805864.0968728,0.044743,0.044743,-8.42e-06,-0.000157,42.27239693
1668805924.7263362,0.044743,0.04476,-7.07e-06,-0.00014,44.6854044
1668805983.990733,0.04471,0.04471,-1.316e-05,-0.000159,39.46087032
1668806044.1823635,0.044724,0.044724,-1.667e-05,-7.6e-05,41.52251251
1668806104.1333306,0.044724,0.044724,-1.667e-05,-7.6e-05,41.52251251
1668806164.182219,0.044724,0.044724,-1.667e-05,-7.6e-05,41.52251251
1668806224.086646,0.044689,0.044689,-2.202e-05,-0.000111,38.03522465
1668806283.9433775,0.044689,0.04478,-1.476e-05,-2e-05,49.00354863
1668806344.1220312,0.044689,0.04478,-1.476e-05,-2e-05,49.00354863
1668806404.278375,0.044689,0.04478,-1.476e-05,-2e-05,49.00354863
1668806464.0283964,0.044689,0.04478,-1.476e-05,-2e-05,49.00354863
1668806524.2669396,0.044689,0.04478,-1.476e-05,-2e-05,49.00354863
1668806584.002503,0.044689,0.04478,-1.476e-05,-2e-05,49.00354863
1668806644.062246,0.044689,0.04478,-1.476e-05,-2e-05,49.00354863
1668806704.180467,0.044756,0.044756,-1.501e-05,-4.4e-05,46.27146378
1668806764.2208858,0.044756,0.044756,-1.501e-05,-4.4e-05,46.27146378
1668806824.06622,0.044756,0.044756,-1.501e-05,-4.4e-05,46.27146378
1668806884.1317155,0.044756,0.044756,-1.504e-05,-8.5e-05,46.27146378
1668806944.1306667,0.044756,0.044756,-1.504e-05,-8.5e-05,46.27146378
1668807004.0940368,0.044682,0.044682,-2.079e-05,-0.000137,38.57985645
1668807064.0814023,0.044682,0.044672,-2.159e-05,-0.000147,37.73226795
1668807124.2287364,0.044672,0.044672,-2.647e-05,-7.7e-05,37.73226795
1668807184.2043357,0.044672,0.044706,-2.376e-05,-4.3e-05,42.36833013
1668807244.051403,0.044672,0.044706,-2.376e-05,-4.3e-05,42.36833013
1668807304.1194258,0.044672,0.044706,-2.376e-05,-4.3e-05,42.36833013
1668807364.2616863,0.044672,0.044706,-2.376e-05,-4.3e-05,42.36833013
1668807424.398147,0.044672,0.044706,-2.376e-05,-4.3e-05,42.36833013
1668807484.1909373,0.044672,0.044706,-2.376e-05,-4.3e-05,42.36833013
1668807544.1449587,0.044729,0.044738,-2.264e-05,-5e-06,46.41229269
1668807604.1756225,0.044729,0.044738,-2.264e-05,-5e-06,46.41229269
1668807664.145013,0.044746,0.044746,-2.087e-05,1.1e-05,47.40588398
1668807724.097617,0.044746,0.044746,-2.087e-05,1.1e-05,47.40588398
1668807784.223416,0.044746,0.044746,-2.087e-05,1.1e-05,47.40588398
1668807844.1781995,0.044768,0.044768,-1.748e-05,8e-06,50.14355515
1668807905.0098612,0.044733,0.044733,-1.743e-05,2.3e-05,46.03783745
1668807964.674519,0.044733,0.044733,-1.743e-05,2.3e-05,46.03783745
1668808024.2499366,0.044733,0.044733,-1.743e-05,2.3e-05,46.03783745
1668808084.1612222,0.044733,0.044733,-1.743e-05,2.3e-05,46.03783745
1668808144.57213,0.044733,0.044733,-1.743e-05,2.3e-05,46.03783745
1668808204.0339704,0.044733,0.044733,-1.743e-05,2.3e-05,46.03783745
1668808264.1862524,0.044655,0.044655,-2.34e-05,-6.9e-05,38.47675983
1668808324.2033012,0.044704,0.044704,-2.188e-05,-7.6e-05,43.55090155
1668808385.348287,0.044704,0.044704,-2.188e-05,-7.6e-05,43.55090155
1668808444.0204744,0.044704,0.044704,-2.188e-05,-7.6e-05,43.55090155
1668808504.1171546,0.044704,0.044704,-2.188e-05,-7.6e-05,43.55090155
1668808564.158242,0.044768,0.044777,-1.668e-05,2.1e-05,52.33899318
1668808624.1533558,0.044768,0.044667,-2.545e-05,-8.9e-05,39.82864926
1668808684.1772494,0.044768,0.044667,-2.545e-05,-8.9e-05,39.82864926
1668808744.1727152,0.044681,0.044681,-2.684e-05,-7.5e-05,41.85372625
1668808804.214799,0.044681,0.044681,-2.684e-05,-7.5e-05,41.85372625
1668808865.200634,0.044732,0.044732,-2.356e-05,6e-05,48.63547753
1668808924.2723193,0.044732,0.044757,-2.156e-05,8.5e-05,51.41331645
1668808984.2143774,0.044732,0.044757,-2.156e-05,8.5e-05,51.41331645
1668809044.264823,0.044753,0.044753,-1.75e-05,4.7e-05,50.93864202
1668809104.51748,0.044753,0.044757,-1.718e-05,5.1e-05,51.41331645
1668809164.158245,0.044753,0.044757,-1.718e-05,5.1e-05,51.41331645
1668809224.4046314,0.044753,0.044757,-1.718e-05,5.1e-05,51.41331645
1668809284.8555102,0.044757,0.044757,-1.355e-05,1.9e-05,51.41331645
1668809345.1856277,0.044706,0.044706,-1.462e-05,-4e-05,45.18686971
1668809404.9630044,0.044706,0.044706,-1.462e-05,-4e-05,45.18686971
1668809465.750028,0.044706,0.044706,-1.462e-05,-4e-05,45.18686971
1668809525.6911798,0.044706,0.044706,-1.462e-05,-4e-05,45.18686971
1668809585.8494494,0.044706,0.044706,-1.462e-05,-4e-05,45.18686971
1668809647.4764743,0.04475,0.04475,-1.179e-05,-1.8e-05,50.73068057
1668809707.4526007,0.04475,0.044772,-1.003e-05,4e-06,53.10230182
1668809767.6060476,0.04475,0.044772,-1.003e-05,4e-06,53.10230182
1668809828.3975148,0.04475,0.044772,-1.003e-05,4e-06,53.10230182
1668809888.2876694,0.04475,0.044772,-1.003e-05,4e-06,53.10230182
1668809948.3648376,0.04475,0.044772,-1.003e-05,4e-06,53.10230182
1668810009.3002946,0.04475,0.044772,-1.003e-05,4e-06,53.10230182
1668810069.5139415,0.04475,0.044772,-1.003e-05,4e-06,53.10230182
1668810129.300444,0.04477,0.04477,-6.48e-06,3.7e-05,52.8532256
1668810190.0809114,0.044726,0.044726,-7.13e-06,3.8e-05,47.56714953
1668810250.0294707,0.044726,0.044747,-5.45e-06,5.9e-05,49.9515402
1668810310.0449462,0.044726,0.044747,-5.45e-06,5.9e-05,49.9515402
1668810371.2557194,0.044682,0.044718,-6.9e-06,1.4e-05,46.48611206
1668810431.1924858,0.044682,0.0447,-8.34e-06,-4e-06,44.56701869
1668810491.2956128,0.044682,0.0447,-8.34e-06,-4e-06,44.56701869
1668810551.8039749,0.044682,0.0447,-8.34e-06,-4e-06,44.56701869
1668810611.250152,0.044764,0.044776,-4.44e-06,0.000109,53.3280392
1668810671.2232523,0.044775,0.04478,2.7e-07,9.9e-05,53.33534026
1668810731.2460766,0.044819,0.044819,5.76e-06,6.2e-05,57.06835962
1668810791.4228058,0.044861,0.044861,1.403e-05,0.000104,60.65077679
1668810851.2382216,0.044861,0.044921,1.881e-05,0.000164,64.91310671
1668810911.119713,0.044892,0.044892,2.582e-05,0.000135,61.44850246
1668810971.1731722,0.044858,0.044858,2.393e-05,0.000152,57.12758052
1668811031.178463,0.044848,0.044848,2.804e-05,7.6e-05,55.271015
1668811091.436231,0.044826,0.044826,2.693e-05,5.6e-05,53.30832369
1668811151.1801777,0.044826,0.044826,2.693e-05,5.6e-05,53.30832369
1668811211.1581051,0.044826,0.044826,2.693e-05,5.6e-05,53.30832369
1668811271.4326663,0.044826,0.044826,2.693e-05,5.6e-05,53.30832369
1668811331.2491562,0.044827,0.044827,2.584e-05,8e-05,53.38934547
1668811391.3573666,0.04477,0.04477,2.007e-05,7e-05,48.25021112
1668811451.5327787,0.044771,0.044771,1.547e-05,-2.6e-05,48.34446668
1668811511.2819042,0.044771,0.044596,1.51e-06,-0.000201,36.62263975
1668811571.197597,0.044744,0.044744,5.37e-06,-8.6e-05,48.10022943
1668811631.3227575,0.044744,0.044811,1.071e-05,-1.9e-05,51.43341169
1668811691.3171504,0.044744,0.044811,1.071e-05,-1.9e-05,51.43341169
1668811751.2885602,0.044744,0.044811,1.071e-05,-1.9e-05,51.43341169
1668811811.2953887,0.044744,0.044811,1.071e-05,-1.9e-05,51.43341169
1668811871.3057668,0.044738,0.044736,5.09e-06,-0.000185,47.46803616
1668811931.214641,0.044738,0.044736,5.09e-06,-0.000185,47.46803616
1668811991.1622508,0.0447,0.0447,-2.24e-06,-0.000121,45.64877907
1668812051.1594465,0.0447,0.044593,-1.078e-05,-0.000228,40.98055278
1668812111.5351684,0.0447,0.044593,-1.078e-05,-0.000228,40.98055278
1668812171.5588465,0.0447,0.044593,-1.078e-05,-0.000228,40.98055278
1668812231.3421972,0.044653,0.044653,-1.83e-05,-0.000241,44.41332947
1668812291.3485126,0.044681,0.044681,-2.421e-05,-0.000145,45.99202992
1668812351.4294195,0.044688,0.044688,-1.92e-05,-0.000138,46.70151056
1668812411.326887,0.044688,0.044694,-1.872e-05,-0.000132,46.97408531
1668812471.3676257,0.044688,0.044694,-1.872e-05,-0.000132,46.97408531
1668812531.3452692,0.044688,0.044694,-1.872e-05,-0.000132,46.97408531
1668812591.3486116,0.044811,0.044811,-1.106e-05,4.1e-05,52.76370225
1668812651.326173,0.04485,0.04485,5.7e-07,0.000254,54.42249068
1668812711.4991722,0.04485,0.044916,5.84e-06,0.00032,57.16399015
1668812771.329953,0.04492,0.04488,1.371e-05,-6e-06,55.21314277
1668812831.1329708,0.04488,0.04488,1.971e-05,6.9e-05,55.21314277
1668812891.588797,0.0448,0.0448,1.781e-05,6.4e-05,50.74950048
1668812951.5242047,0.0448,0.0448,1.781e-05,6.4e-05,50.74950048
1668813011.3827782,0.0448,0.0448,1.781e-05,6.4e-05,50.74950048
1668813071.3901937,0.0448,0.0448,1.781e-05,6.4e-05,50.74950048
1668813131.291721,0.0448,0.0448,1.781e-05,6.4e-05,50.74950048
1668813191.287527,0.0448,0.0448,1.781e-05,6.4e-05,50.74950048
1668813251.3640096,0.044852,0.044852,2.027e-05,0.000259,53.38734271
1668813311.3633354,0.04483,0.04483,1.996e-05,0.000177,52.14898863
1668813371.4727716,0.04483,0.04483,1.996e-05,0.000177,52.14898863
1668813431.329963,0.04483,0.04483,1.996e-05,0.000177,52.14898863
1668813491.4839902,0.04483,0.04483,1.996e-05,0.000177,52.14898863
1668813551.3130422,0.04483,0.04483,1.996e-05,0.000177,52.14898863
1668813611.3352823,0.044912,0.044912,2.629e-05,0.000231,56.35724605
1668813671.3435445,0.044912,0.044838,2.038e-05,0.000157,52.59494354
1668813731.373459,0.044912,0.044838,2.038e-05,0.000157,52.59494354
1668813791.3784792,0.044912,0.044838,2.038e-05,0.000157,52.59494354
1668813851.349612,0.044912,0.044838,2.038e-05,0.000157,52.59494354
1668813911.247432,0.044912,0.044838,2.038e-05,0.000157,52.59494354
1668813971.402851,0.044912,0.044838,2.038e-05,0.000157,52.59494354
1668814031.5686786,0.044912,0.044838,2.038e-05,0.000157,52.59494354
1668814091.3672757,0.044832,0.044832,2e-05,5.2e-05,52.20199752
1668814151.3719127,0.044832,0.044838,2.048e-05,5.8e-05,52.59494354
1668814211.5079508,0.0448,0.0448,1.644e-05,-5e-05,49.87861955
1668814271.327129,0.0448,0.0448,1.644e-05,-5e-05,49.87861955
1668814331.557563,0.044806,0.044806,1.42e-05,-0.00011,50.32155278
1668814391.3521097,0.044806,0.0448,1.372e-05,-0.000116,49.87861955
1668814451.537584,0.044772,0.044772,9.19e-06,-0.000108,47.73947862
1668814511.4037204,0.044772,0.044772,9.19e-06,-0.000108,47.73947862
1668814571.4001305,0.044749,0.044606,-7.7e-06,-0.000274,37.47751451
1668814631.3592403,0.044749,0.044592,-8.82e-06,-0.000288,36.81018434
1668814691.3573956,0.044592,0.044592,-2.283e-05,-0.000208,36.81018434
1668814751.2802732,0.044518,0.044518,-5.099e-05,-0.000312,33.98666962
1668814811.4798188,0.044518,0.044597,-4.469e-05,-0.000233,40.37278072
1668814871.292645,0.044588,0.044588,-4.988e-05,-0.00025,39.96096161
1668814931.3235717,0.04459,0.04459,-5.341e-05,-0.000248,40.12776923
1668814991.456103,0.04459,0.04459,-5.557e-05,-0.00024,40.12776923
1668815051.5053697,0.04459,0.044601,-5.469e-05,-0.000229,41.09708727
1668815111.220828,0.04459,0.044601,-5.469e-05,-0.000229,41.09708727
1668815171.3473544,0.04459,0.044601,-5.469e-05,-0.000229,41.09708727
1668815231.3891647,0.04459,0.044601,-5.469e-05,-0.000229,41.09708727
1668815291.5099764,0.04456,0.04456,-5.834e-05,-0.00024,38.5893384
1668815351.3668523,0.04456,0.044521,-6.145e-05,-0.000279,36.47235452
1668815411.5649705,0.044521,0.044521,-6.605e-05,-0.000279,36.47235452
1668815471.4464204,0.044521,0.044521,-6.605e-05,-0.000279,36.47235452
1668815531.3372931,0.044551,0.044551,-6.65e-05,-0.000221,39.43641986
1668815591.3865268,0.044551,0.044521,-6.89e-05,-0.000251,36.47235452
1668815651.4211776,0.044551,0.044521,-6.89e-05,-0.000251,36.47235452
1668815711.3955758,0.044551,0.044521,-6.89e-05,-0.000251,36.47235452
1668815771.6362076,0.044551,0.044521,-6.89e-05,-0.000251,36.47235452
1668815831.4182734,0.044551,0.044521,-6.89e-05,-0.000251,36.47235452
1668815891.3888,0.044551,0.044521,-6.89e-05,-0.000251,36.47235452
1668815951.3389652,0.044521,0.044521,-7.034e-05,-7.1e-05,36.47235452
1668816011.534039,0.044517,0.044517,-7.099e-05,-9.7e-05,36.19840298
1668816071.3368964,0.044617,0.044617,-6.241e-05,9.9e-05,46.85922846
1668816131.292911,0.04455,0.04455,-6.475e-05,-5e-05,40.00846627
1668816191.5122714,0.04455,0.044569,-6.324e-05,-3.1e-05,42.28091431
1668816251.549189,0.04455,0.04455,-6.05e-05,-3.8e-05,40.62373856
1668816311.3231204,0.044595,0.044595,-5.407e-05,5e-06,46.0200869
1668816671.4179382,0.044544,0.044544,-5.043e-05,2.3e-05,41.46301136
1668817091.3640096,0.044535,0.044588,-5.018e-05,6.7e-05,49.23201485
1668817271.293775,0.044633,0.044633,-2.37e-05,6.4e-05,52.88410499
1668817511.4525225,0.044591,0.044563,-2.204e-05,-3.4e-05,46.66807017
1668817571.3678522,0.044591,0.044563,-2.204e-05,-3.4e-05,46.66807017
1668817631.3879511,0.044591,0.044563,-2.204e-05,-3.4e-05,46.66807017
1668817751.6016169,0.044456,0.044497,-2.648e-05,-4.9e-05,41.37213725
1668817811.5369737,0.044595,0.044597,-5.391e-05,7e-06,46.23725002
1668817871.497433,0.044595,0.044597,-5.391e-05,7e-06,46.23725002
1668817931.7280738,0.044544,0.044544,-5.043e-05,2.3e-05,41.46301136
1668817991.358953,0.044584,0.044584,-2.024e-05,0.000134,49.58063415
1668818051.436192,0.044584,0.044584,-2.024e-05,0.000134,49.58063415
1668818111.5127685,0.044588,0.044588,-4.289e-05,6.6e-05,49.23201485
1668818171.6014037,0.044633,0.044637,-2.338e-05,6.8e-05,53.25898712
1668818231.4335992,0.044529,0.044584,-1.623e-05,-4e-06,50.01308794
1668818291.4960144,0.044591,0.044563,-2.204e-05,-3.4e-05,46.66807017
1668818351.5881753,0.044584,0.044524,-1.836e-05,-0.000131,44.9591751
1668818411.803969,0.044534,0.044534,-1.903e-05,-0.000103,45.93969409
1668818471.516219,0.044534,0.04454,-1.855e-05,-9.7e-05,46.51141416
1668818531.3986137,0.04454,0.04454,-1.849e-05,-2.3e-05,46.51141416
1668818591.3676624,0.04454,0.04454,-1.849e-05,-2.3e-05,46.51141416
1668818651.4215133,0.04454,0.04454,-1.849e-05,-2.3e-05,46.51141416
1668818711.495897,0.044505,0.044505,-1.882e-05,8e-06,43.69331514
1668818771.6289656,0.044512,0.044512,-2.033e-05,-6e-05,44.46128122
1668818831.363654,0.044552,0.044552,-1.562e-05,-3.2e-05,48.47684456
1668818891.6445098,0.044542,0.044542,-1.03e-05,1.4e-05,47.45577262
1668818951.4356174,0.044542,0.044563,-8.63e-06,3.5e-05,49.35862062
1668819011.5467308,0.044593,0.044594,-5.23e-06,1e-05,52.39328289
1668819071.405964,0.0446,0.0446,5.1e-07,6e-05,52.98057798
1668819131.4430351,0.0446,0.0446,5.1e-07,6e-05,52.98057798
1668819191.4910405,0.0446,0.0446,5.1e-07,6e-05,52.98057798
1668819251.646112,0.044603,0.044603,2.72e-06,6.3e-05,53.31454921
1668819311.4656196,0.044603,0.0446,2.49e-06,6e-05,52.98057798
1668819371.4432864,0.044603,0.0446,2.49e-06,6e-05,52.98057798
1668819431.561206,0.04467,0.04467,9.59e-06,0.000101,60.1448689
1668819491.5784078,0.04467,0.04467,9.59e-06,0.000101,60.1448689
1668819551.6379392,0.04467,0.04467,9.59e-06,0.000101,60.1448689
1668819611.527144,0.04467,0.04467,9.59e-06,0.000101,60.1448689
1668819671.4677243,0.04467,0.04467,9.59e-06,0.000101,60.1448689
1668819731.3492362,0.044666,0.044666,1.473e-05,0.000161,59.58615698
1668819791.4232368,0.044666,0.044666,1.473e-05,0.000161,59.58615698
1668819851.4001963,0.044666,0.044666,1.473e-05,0.000161,59.58615698
1668819911.5410569,0.044666,0.044666,1.473e-05,0.000161,59.58615698
1668819971.4140048,0.044666,0.044666,2.084e-05,0.000102,59.24073059
1668820031.4917812,0.044667,0.044667,2.302e-05,6.7e-05,59.35336349
1668820091.540294,0.044667,0.044667,2.302e-05,6.7e-05,59.35336349
1668820151.4519007,0.044667,0.044667,2.302e-05,6.7e-05,59.35336349
1668820212.0370967,0.044666,0.044666,2.438e-05,0.000103,59.17725578
1668820271.7297993,0.044666,0.044615,2.031e-05,5.2e-05,51.39937846
1668820332.0151055,0.044608,0.044607,1.732e-05,1.3e-05,50.28294847
1668820391.7692254,0.044608,0.044607,1.732e-05,1.3e-05,50.28294847
1668820451.8135805,0.044607,0.044607,1.478e-05,7e-06,50.28294847
1668820512.8282576,0.044607,0.044589,1.334e-05,-1.1e-05,47.76883167
1668820572.7228673,0.044607,0.044589,1.334e-05,-1.1e-05,47.76883167
1668820632.815478,0.044607,0.044589,1.334e-05,-1.1e-05,47.76883167
1668820693.8042595,0.044607,0.044589,1.334e-05,-1.1e-05,47.76883167
1668820753.4476924,0.044607,0.044589,1.334e-05,-1.1e-05,47.76883167
1668820813.3652065,0.044669,0.044669,1.645e-05,6.9e-05,57.85475125
1668820874.199095,0.044607,0.044607,1.252e-05,-6.3e-05,49.68121986
1668820934.1039145,0.044607,0.044685,1.875e-05,1.5e-05,58.12301041
1668820994.1517017,0.044607,0.044633,1.46e-05,-3.7e-05,52.83402659
1668821055.7831054,0.044607,0.044633,1.46e-05,-3.7e-05,52.83402659
1668821114.8202996,0.044607,0.044633,1.46e-05,-3.7e-05,52.83402659
1668821174.0578127,0.044607,0.044633,1.46e-05,-3.7e-05,52.83402659
1668821234.0950994,0.044607,0.044633,1.46e-05,-3.7e-05,52.83402659
1668870524.14801,0.044758,0.044758,3.86e-06,-1e-05,50.47033271
1668870584.0731492,0.044758,0.044758,3.86e-06,-1e-05,50.47033271
1668870644.084456,0.044758,0.044758,3.44e-06,4.5e-05,50.47033271
1668870708.987358,0.044713,0.044737,-1.37e-06,-2.5e-05,47.53412367
1668870764.0350664,0.044708,0.044708,-4.62e-06,-1.2e-05,43.22661679
1668870823.9404414,0.044708,0.044708,-4.62e-06,-1.2e-05,43.22661679
1668870884.2793677,0.044708,0.044708,-4.62e-06,-1.2e-05,43.22661679
1668870944.2298274,0.044708,0.044708,-4.62e-06,-1.2e-05,43.22661679
1668871004.0514238,0.0447,0.0447,-1.025e-05,-1.3e-05,42.22445235
1668871064.3908134,0.0447,0.0447,-1.025e-05,-1.3e-05,42.22445235
1668871124.030693,0.0447,0.0447,-1.025e-05,-1.3e-05,42.22445235
1668871184.0624468,0.0447,0.0447,-1.025e-05,-1.3e-05,42.22445235
1668871244.4160872,0.044747,0.044747,-8.21e-06,-1.1e-05,50.88049632
1668871304.0955007,0.044747,0.044747,-8.21e-06,-1.1e-05,50.88049632
1668871364.3339477,0.044747,0.044747,-8.21e-06,-1.1e-05,50.88049632
1668871424.0295024,0.044747,0.044747,-8.21e-06,-1.1e-05,50.88049632
1668871484.2039711,0.044747,0.044747,-8.21e-06,-1.1e-05,50.88049632
1668871544.2656538,0.044747,0.044747,-8.21e-06,-1.1e-05,50.88049632
1668871604.1759188,0.044747,0.044747,-8.21e-06,-1.1e-05,50.88049632
1668871664.1243205,0.044695,0.044695,-1.067e-05,-6.3e-05,43.17353526
1668871724.1134686,0.044695,0.044695,-1.265e-05,-9.5e-05,43.32823657
1668871784.3205187,0.044695,0.044692,-1.289e-05,-9.8e-05,42.79952059
1668871844.1684887,0.044695,0.044692,-1.289e-05,-9.8e-05,42.79952059
1668871904.188709,0.044695,0.044692,-1.289e-05,-9.8e-05,42.79952059
1668871964.5368154,0.044695,0.044692,-1.289e-05,-9.8e-05,42.79952059
1668872024.24537,0.044695,0.044692,-1.289e-05,-9.8e-05,42.79952059
1668872084.1139238,0.044691,0.044691,-1.438e-05,-9.9e-05,42.65666212
1668872144.381444,0.044691,0.044691,-1.438e-05,-9.9e-05,42.65666212
1668872204.0308812,0.044691,0.044691,-1.438e-05,-9.9e-05,42.65666212
1668872264.1153464,0.044691,0.044691,-1.438e-05,-9.9e-05,42.65666212
1668872324.4071884,0.044691,0.044691,-1.539e-05,-6.7e-05,42.65666212
1668872384.085534,0.044691,0.044691,-1.539e-05,-6.7e-05,42.65666212
1668872444.0675151,0.044691,0.044691,-1.6e-05,-2.2e-05,42.65666212
1668872504.2622066,0.044691,0.044691,-1.6e-05,-2.2e-05,42.65666212
1668872564.1962628,0.044691,0.044691,-1.6e-05,-2.2e-05,42.65666212
1668872624.1142008,0.044691,0.044691,-1.6e-05,-2.2e-05,42.65666212
1668872684.0456653,0.044691,0.044691,-1.6e-05,-2.2e-05,42.65666212
1668872744.1839125,0.044717,0.044717,-1.422e-05,-2e-05,48.26435675
1668872804.5913994,0.044717,0.044717,-1.422e-05,-2e-05,48.26435675
1668872864.0537815,0.044691,0.044691,-1.474e-05,-1.7e-05,43.66574308
1668872924.16675,0.044691,0.044691,-1.498e-05,-7e-06,43.66574308
1668872984.5776818,0.044691,0.044749,-1.035e-05,5.1e-05,54.15867578
1668873044.4370372,0.044691,0.044749,-1.035e-05,5.1e-05,54.15867578
1668873104.168439,0.044691,0.044749,-1.035e-05,5.1e-05,54.15867578
1668873164.4145558,0.044731,0.044731,-8.23e-06,3.1e-05,50.98477037
1668873224.2934356,0.044731,0.044731,-8.23e-06,3.1e-05,50.98477037
1668873284.4357436,0.044731,0.044731,-8.23e-06,3.1e-05,50.98477037
1668873344.306755,0.044731,0.044731,-8.23e-06,3.1e-05,50.98477037
1668873404.3260784,0.044731,0.044731,-8.23e-06,3.1e-05,50.98477037
1668873464.2349565,0.044731,0.044731,-6.48e-06,-1.6e-05,50.98477037
1668873524.284963,0.044691,0.044691,-7.03e-06,-1e-06,43.85201919
1668873584.134641,0.044691,0.044691,-7.03e-06,-1e-06,43.85201919
1668873644.318946,0.044748,0.044692,-8.43e-06,1e-06,44.06270861
1668873704.1471734,0.044632,0.044632,-1.435e-05,-5.9e-05,35.39222557
1668873764.4757686,0.044689,0.044689,-1.415e-05,-2e-06,46.20310469
1668873824.3680944,0.044689,0.04469,-1.407e-05,-1e-06,46.36057024
1668873884.2541635,0.044674,0.044674,-1.496e-05,-4.3e-05,44.13463502
1668873944.0975137,0.044674,0.044674,-1.496e-05,-4.3e-05,44.13463502
1668874004.2770045,0.044674,0.044674,-1.496e-05,-4.3e-05,44.13463502
1668874064.160071,0.044674,0.044674,-1.496e-05,-4.3e-05,44.13463502
1668874124.3641012,0.044674,0.044674,-1.496e-05,-4.3e-05,44.13463502
1668874184.1974,0.044616,0.044616,-2.012e-05,-7.5e-05,37.16796516
1668874244.2349863,0.044616,0.044616,-2.012e-05,-7.5e-05,37.16796516
1668874304.281798,0.044616,0.044616,-2.012e-05,-7.5e-05,37.16796516
1668874364.1930487,0.044616,0.044616,-2.012e-05,-7.5e-05,37.16796516
1668874424.2827544,0.044616,0.044616,-2.393e-05,-0.000133,37.16796516
1668874484.1852753,0.044689,0.044689,-2.082e-05,-4.2e-05,48.9342562
1668874544.5508664,0.044689,0.044689,-2.082e-05,-4.2e-05,48.9342562
1668874604.8408298,0.044659,0.044659,-2.054e-05,-7.2e-05,45.18905782
1668874664.3992832,0.044659,0.044652,-2.11e-05,-7.9e-05,44.39621954
1668874724.3449214,0.044718,0.044718,-1.581e-05,-1.3e-05,52.8040942
1668874784.3616185,0.044718,0.04472,-1.566e-05,-1.1e-05,53.01936585
1668874844.3390589,0.044718,0.04472,-1.566e-05,-1.1e-05,53.01936585
1668874904.346394,0.044718,0.04472,-1.566e-05,-1.1e-05,53.01936585
1669655806.3469512,0.046841,0.046844,-6.745e-05,0.00041,53.97639508
1669655866.423421,0.046788,0.046788,-5.21e-05,0.000523,51.71823183
1669655926.4749582,0.046788,0.046558,-7.045e-05,0.000293,43.89028557
1669655986.5640552,0.046554,0.046554,-7.227e-05,0.000112,43.75927299
1669656046.6368425,0.046702,0.046702,-4.875e-05,0.000162,49.2677869
1669656106.464607,0.046702,0.046689,-4.979e-05,0.000149,48.83724075
1669656166.667109,0.046677,0.046677,-4.506e-05,5.7e-05,48.41663632
1669656226.7367065,0.046677,0.046689,-4.411e-05,6.9e-05,48.83724075
1669656286.4752724,0.046677,0.046689,-4.411e-05,6.9e-05,48.83724075
1669656346.6822982,0.046677,0.046689,-4.411e-05,6.9e-05,48.83724075
1669656406.6400948,0.046807,0.046807,-2.974e-05,0.00013,53.14744596
1669656466.7831829,0.046807,0.046692,-3.891e-05,1.5e-05,48.95662398
1669656526.7009275,0.046807,0.046692,-3.891e-05,1.5e-05,48.95662398
1669656586.7490554,0.046841,0.046841,-2.251e-05,8.6e-05,54.62032635
1669656646.893737,0.046859,0.046859,-6.99e-06,0.000104,55.22562946
1669656706.6371047,0.04692,0.04692,1.189e-05,9e-05,57.32692286
1669656766.731144,0.04692,0.046806,2.8e-06,-2.4e-05,52.52922556
1669656826.5716918,0.046876,0.046876,1.321e-05,3.2e-05,55.10617531
1669656886.625418,0.046876,0.046876,1.321e-05,3.2e-05,55.10617531
1669656946.708575,0.046882,0.046882,2.772e-05,0.000324,55.34713894
1669657006.5670383,0.0468,0.0468,2.534e-05,4.6e-05,51.34105982
1669657066.6965036,0.0468,0.046793,2.479e-05,3.9e-05,51.01878354
1669657126.674229,0.0468,0.046793,2.479e-05,3.9e-05,51.01878354
1669657186.7016754,0.0468,0.046793,2.479e-05,3.9e-05,51.01878354
1669657246.6421971,0.046717,0.046717,1.036e-05,2.8e-05,47.52702858
1669657306.8990674,0.046717,0.046719,1.052e-05,3e-05,47.6239111
1669657366.784971,0.046717,0.046719,1.052e-05,3e-05,47.6239111
1669657426.6462295,0.046712,0.046712,4.88e-06,2e-05,47.27861405
1669657486.8230808,0.046712,0.046707,4.48e-06,1.5e-05,47.03502311
1669657546.70548,0.04681,0.04681,7.91e-06,-4.7e-05,52.46796103
1669657606.7597592,0.046848,0.046848,1.151e-05,-5.6e-05,54.43992186
1669657666.7837746,0.046897,0.046897,2.368e-05,9.1e-05,56.48917155
1669657726.6854627,0.046897,0.046893,2.337e-05,8.7e-05,56.25579625
1669657786.6354766,0.046988,0.046988,3.64e-05,0.000112,60.43635447
1669657846.618068,0.046982,0.046982,4.566e-05,0.000106,60.0707934
1669657906.5124362,0.046988,0.046988,5.33e-05,0.000116,60.43941579
1669657966.669573,0.046988,0.046998,5.41e-05,0.000126,60.89561173
1669658026.8948226,0.047044,0.047044,6.995e-05,0.000326,63.00876068
1669658086.8736136,0.047044,0.047044,6.995e-05,0.000326,63.00876068
1669658146.6631567,0.047044,0.047044,7.457e-05,0.000337,61.95136237
1669658206.7863712,0.047085,0.047085,8.124e-05,0.000308,63.96170816
1669658266.5864296,0.046998,0.046998,7.562e-05,9.3e-05,57.08439502
1669658326.7730343,0.046998,0.04699,7.498e-05,8.5e-05,56.47939516
1669658386.631586,0.046998,0.04699,7.498e-05,8.5e-05,56.47939516
1669658446.811289,0.046998,0.04699,7.498e-05,8.5e-05,56.47939516
1669658506.7972834,0.046998,0.04699,7.498e-05,8.5e-05,56.47939516
1669658566.8893657,0.046923,0.046923,6.513e-05,3e-05,51.55163241
1669658626.9252844,0.046923,0.046985,7.008e-05,9.2e-05,56.07935318
1669658686.825133,0.047104,0.047253,8.681e-05,0.000266,68.82519965
1669658746.748737,0.047104,0.047136,7.748e-05,0.000149,64.30260639
1669658806.712656,0.047243,0.047243,9.093e-05,0.000255,68.7653604
1669658866.6875894,0.047391,0.047391,0.0001213,0.000393,73.37222025
1669658926.679589,0.047405,0.047405,0.00013656,0.000361,73.71007752
1669658986.6704352,0.047405,0.047405,0.00014602,0.000361,73.71007752
1669659046.8321586,0.047409,0.047409,0.00015227,0.000402,73.84050569
1669659106.785063,0.047409,0.047409,0.00015227,0.000402,73.84050569
1669659166.6845195,0.04741,0.04741,0.00015533,0.000338,73.87737251
1669659226.6984558,0.04741,0.047261,0.00014561,0.000196,59.57031627
1669659286.786838,0.04741,0.047261,0.00014561,0.000196,59.57031627
1669659346.7723453,0.047221,0.047221,0.00013158,0.000231,56.71647173
1669659406.9747448,0.047221,0.04729,0.00013708,0.0003,60.99329491
1669659466.6252005,0.04735,0.04735,0.00013363,0.000365,63.82982007
1669659526.7729034,0.047366,0.047366,0.00013166,0.00023,64.51787906
1669659586.8429005,0.047366,0.047292,0.00012575,0.000156,58.93398422
1669659646.811936,0.047292,0.047365,0.00012298,-2.5e-05,62.39189966
1669659706.8146002,0.047349,0.047349,0.00011812,-5.7e-05,61.17600839
1669659766.8208969,0.047349,0.047365,0.0001194,-4.1e-05,62.39189966
1669659826.8193643,0.047362,0.047362,0.000115,-4.3e-05,62.14250434
1669659886.627612,0.047362,0.047362,0.000115,-4.3e-05,62.14250434
1669659947.7796395,0.047362,0.047362,0.000115,-4.3e-05,62.14250434
1669660006.6474552,0.047292,0.047292,0.00010466,-0.000116,56.47042106
1669660067.0047216,0.047266,0.047266,9.261e-05,-0.000143,54.53935489
1669660126.6883042,0.047266,0.047089,7.849e-05,-0.00032,43.98155733
1669660186.97863,0.047164,0.047164,6.376e-05,-0.000271,48.52833993
1669660246.678744,0.047164,0.047164,6.376e-05,-0.000271,48.52833993
1669660306.6302023,0.047164,0.047164,6.376e-05,-0.000271,48.52833993
1669660366.883382,0.047164,0.047164,6.376e-05,-0.000271,48.52833993
1669660426.7316124,0.047239,0.047239,5.748e-05,-2.2e-05,52.66579183
1669660486.687926,0.047239,0.047239,5.748e-05,-2.2e-05,52.66579183
1669660546.5947778,0.047239,0.047239,5.748e-05,-2.2e-05,52.66579183
1669660606.6893408,0.047239,0.047239,5.748e-05,-2.2e-05,52.66579183
1669660666.8611302,0.047285,0.047285,5.557e-05,-5e-06,55.05225086
1669660726.7149084,0.047285,0.047285,5.557e-05,-5e-06,55.05225086
1669660786.7801824,0.047286,0.047265,5.185e-05,-0.000101,53.78261944
1669660846.6963367,0.047226,0.047226,4.523e-05,-6.6e-05,51.29820498
1669660906.8322558,0.047226,0.047226,4.523e-05,-6.6e-05,51.29820498
1669660966.810628,0.047291,0.047291,4.472e-05,-7.4e-05,55.02699111
1669661026.746093,0.047291,0.047309,4.615e-05,-5.6e-05,55.96072225
1669661086.801452,0.047308,0.047308,4.46e-05,-5.4e-05,55.69332913
1669661146.807284,0.047308,0.047347,4.771e-05,-1.5e-05,57.7851945
1669661206.755039,0.047308,0.047347,4.771e-05,-1.5e-05,57.7851945
1669661266.6884985,0.047277,0.047277,4.04e-05,0.000188,52.94726934
1669661326.9091728,0.047212,0.047212,2.778e-05,4.8e-05,48.91066606
1669661386.8921793,0.047212,0.04721,2.762e-05,4.6e-05,48.78125992
1669661446.7320168,0.047189,0.047131,1.537e-05,-0.000108,44.03645069
1669661506.714422,0.047189,0.047183,1.951e-05,-5.6e-05,47.04869044
1669661566.8599153,0.047189,0.047183,1.951e-05,-5.6e-05,47.04869044
1669661626.6227882,0.047313,0.047313,2.331e-05,2.8e-05,55.28375879
1669661686.8540025,0.047313,0.047325,2.427e-05,4e-05,55.91661254
1669661746.7113376,0.047313,0.047325,2.427e-05,4e-05,55.91661254
1669661806.8038538,0.047335,0.047335,2.851e-05,7e-05,56.46949801
1669661866.812358,0.047361,0.047361,3.439e-05,0.000135,57.89528522
1669661926.6207302,0.047361,0.047362,3.447e-05,0.000136,57.95021978
1669661986.8675938,0.047361,0.047362,3.447e-05,0.000136,57.95021978
1669662046.916972,0.047361,0.047362,3.447e-05,0.000136,57.95021978
1669662106.935612,0.047363,0.047363,3.801e-05,5.4e-05,58.00922
1669662166.9619658,0.047363,0.047362,3.793e-05,5.3e-05,57.95021978
1669662226.918663,0.047363,0.047362,3.793e-05,5.3e-05,57.95021978
1669662286.7134218,0.047363,0.047362,3.793e-05,5.3e-05,57.95021978
1669662346.743148,0.047363,0.047362,3.793e-05,5.3e-05,57.95021978
1669662406.826144,0.047363,0.047362,3.793e-05,5.3e-05,57.95021978
1669662466.6072357,0.047339,0.047339,3.837e-05,5.1e-05,56.00122929
1669662526.793918,0.047339,0.047339,3.837e-05,5.1e-05,56.00122929
1669662586.833086,0.047339,0.047339,3.837e-05,5.1e-05,56.00122929
1669662646.812377,0.047339,0.047339,3.828e-05,-8e-06,56.00122929
1669662706.8538032,0.047339,0.047339,3.828e-05,-8e-06,56.00122929
1669662766.757796,0.047295,0.047295,3.344e-05,8.8e-05,51.83576837
1669662826.8269155,0.047353,0.047353,3.281e-05,0.000143,56.11111934
1669662886.8577693,0.047353,0.047353,3.281e-05,0.000143,56.11111934
1669662946.7139022,0.047354,0.047354,3.419e-05,2.9e-05,55.96953758
1669663006.835642,0.047354,0.047362,3.483e-05,3.7e-05,56.75246473
1669663066.7631786,0.047354,0.047362,3.483e-05,3.7e-05,56.75246473
1669663126.886887,0.047246,0.047246,1.851e-05,-0.000116,46.55602295
1669663186.7451427,0.047246,0.047197,1.46e-05,-0.000165,43.04705288
1669663246.6687758,0.047246,0.047197,1.46e-05,-0.000165,43.04705288
1669663306.7622848,0.047211,0.047211,6.6e-06,-0.000151,44.33791512
1669663366.8586917,0.047181,0.047181,-2.14e-06,-0.000158,42.13409922
1669663426.7749307,0.047181,0.047069,-1.108e-05,-0.00027,35.53924742
1669663486.766585,0.047167,0.047167,-1.698e-05,-0.000172,43.8245874
1669663546.9172983,0.047125,0.047125,-2.476e-05,-0.000214,41.37037408
1669663606.785566,0.047125,0.047125,-2.476e-05,-0.000214,41.37037408
1669663667.2828574,0.047125,0.047125,-2.476e-05,-0.000214,41.37037408
1669663726.8083513,0.047125,0.047125,-2.476e-05,-0.000214,41.37037408
1669663786.8737345,0.047164,0.047239,-2.148e-05,-3.2e-05,49.61769264
1669663846.777895,0.047164,0.047239,-2.148e-05,-3.2e-05,49.61769264
1669663906.9146829,0.047164,0.047239,-2.148e-05,-3.2e-05,49.61769264
1669663966.8791666,0.047164,0.047239,-2.148e-05,-3.2e-05,49.61769264
1669664026.9041674,0.047164,0.047239,-2.148e-05,-3.2e-05,49.61769264
1669664086.8061635,0.047096,0.047096,-3.007e-05,-0.000257,41.69465222
1669664147.1799698,0.047096,0.047096,-3.007e-05,-0.000257,41.69465222
1669664206.8267891,0.047164,0.047164,-3.103e-05,-0.000198,46.10207687
1669664266.7914095,0.047161,0.047161,-3.168e-05,-0.000201,45.93709468
1669664326.8775194,0.047161,0.047161,-3.243e-05,-8.9e-05,46.08009074
1669664386.9744756,0.04705,0.04705,-4.089e-05,-0.000147,40.07484317
1669664446.7232234,0.04705,0.04705,-4.089e-05,-0.000147,40.07484317
1669664506.6051767,0.047109,0.047109,-4.234e-05,-0.000102,44.23485123
1669664566.7816038,0.047109,0.047109,-4.234e-05,-0.000102,44.23485123
1669664626.86109,0.047109,0.047109,-4.234e-05,-0.000102,44.23485123
1669664686.7631247,0.046987,0.046987,-5.971e-05,-0.00018,38.28313171
1669664746.7337492,0.046816,0.046816,-8.923e-05,-0.000309,31.85088309
1669664806.672966,0.046826,0.046826,-9.986e-05,-0.000413,32.61871806
1669664866.9878526,0.0469,0.046992,-8.925e-05,-0.000104,43.61424875
1669664926.7232418,0.046954,0.046954,-8.758e-05,-0.00021,41.87429297
1669664986.887358,0.046954,0.046963,-8.686e-05,-0.000201,42.27372162
1669665046.8842242,0.047002,0.046963,-7.686e-05,-0.000198,43.04756661
1669665106.7650766,0.047002,0.046963,-7.686e-05,-0.000198,43.04756661
1669665166.709093,0.04702,0.04702,-5.985e-05,-8.9e-05,46.73877126
1669665226.8706388,0.04702,0.047035,-5.865e-05,-7.4e-05,47.46789243
1669665286.8315232,0.04702,0.047035,-5.865e-05,-7.4e-05,47.46789243
1669665346.77278,0.04702,0.047035,-5.865e-05,-7.4e-05,47.46789243
1669665406.8065789,0.04702,0.047035,-5.865e-05,-7.4e-05,47.46789243
1669665466.8193393,0.04702,0.047035,-5.865e-05,-7.4e-05,47.46789243
1669665526.8391793,0.04702,0.047035,-5.865e-05,-7.4e-05,47.46789243
1669665586.761561,0.046977,0.047035,-5.297e-05,3.9e-05,47.46789243
1669665646.8821542,0.046977,0.047035,-5.297e-05,3.9e-05,47.46789243
1669665706.775809,0.047,0.047,-5.07e-05,0.000184,45.54519418
1669665766.6854746,0.047,0.046986,-5.182e-05,0.00017,44.81903196
1669665826.818714,0.047,0.046986,-5.182e-05,0.00017,44.81903196
1669665887.0345366,0.046989,0.046989,-5.009e-05,0.000173,45.0213168
1669665946.8149543,0.046989,0.046989,-5.009e-05,0.000173,45.0213168
1669666006.817033,0.047079,0.047079,-4.099e-05,0.000179,50.84320075
1669666066.7808285,0.047077,0.047077,-3.361e-05,8.5e-05,50.72095072
1669666126.9030056,0.047077,0.047077,-3.361e-05,8.5e-05,50.72095072
1669666186.758365,0.046963,0.046963,-3.648e-05,0.0,43.89345575
1669666246.7917914,0.046963,0.046963,-3.978e-05,-6.4e-05,44.33582904
1669666306.9457357,0.046963,0.046963,-3.978e-05,-6.4e-05,44.33582904
1669666366.9029405,0.046963,0.046963,-3.978e-05,-6.4e-05,44.33582904
1669666426.7109234,0.046963,0.046963,-3.978e-05,-6.4e-05,44.33582904
1669666486.8796468,0.046963,0.046963,-3.978e-05,-6.4e-05,44.33582904
1669666547.2169075,0.04701,0.04701,-3.667e-05,4.7e-05,47.52550928
1669666606.948778,0.04701,0.04701,-3.667e-05,4.7e-05,47.52550928
1669666666.9213588,0.04701,0.04701,-3.667e-05,4.7e-05,47.52550928
1669666726.922676,0.04701,0.04701,-3.382e-05,-7e-05,47.52550928
1669666787.3535385,0.04701,0.046954,-3.566e-05,-8.1e-05,44.03842297
1669666846.8672185,0.04687,0.04687,-4.439e-05,-0.000165,39.42869849
1669666906.871466,0.046983,0.046983,-4.071e-05,-3e-06,47.499873
1669666966.9620285,0.046983,0.046983,-4.071e-05,-3e-06,47.499873
1669667027.0981247,0.046926,0.046926,-4.19e-05,-6.3e-05,44.29365915
1669667087.1593518,0.046926,0.046926,-4.19e-05,-6.3e-05,44.29365915
1669667147.223764,0.046926,0.046926,-4.19e-05,-6.3e-05,44.29365915
1669667206.7877376,0.046926,0.046926,-4.19e-05,-6.3e-05,44.29365915
1669667267.354627,0.046926,0.046926,-4.19e-05,-6.3e-05,44.29365915
1669667326.9378853,0.046926,0.046926,-4.19e-05,-6.3e-05,44.29365915
1669667387.4074326,0.046926,0.046926,-4.19e-05,-6.3e-05,44.29365915
1669667447.0401206,0.046926,0.046926,-4.224e-05,-0.000151,44.29365915
1669667507.5670624,0.046926,0.046926,-4.224e-05,-0.000151,44.29365915
1669667566.938794,0.046904,0.046904,-4.342e-05,-3.5e-05,42.89781451
1669667626.9271638,0.046904,0.046904,-4.342e-05,-3.5e-05,42.89781451
1669667686.9141378,0.046904,0.046904,-4.342e-05,-3.5e-05,42.89781451
1669667746.861241,0.046881,0.046881,-4.568e-05,-8.2e-05,41.4279451
1669667806.827304,0.046881,0.046881,-4.568e-05,-8.2e-05,41.4279451
1669667866.9430647,0.046881,0.046881,-4.693e-05,-0.000129,41.4279451
1669667927.0609362,0.046881,0.046881,-4.693e-05,-0.000129,41.4279451
1669667987.1374154,0.046872,0.046871,-4.818e-05,-0.000139,40.72432377
1669668046.9139123,0.046872,0.046871,-4.818e-05,-0.000139,40.72432377
1669668106.8137767,0.046872,0.046871,-4.818e-05,-0.000139,40.72432377
1669668166.9875677,0.046872,0.046871,-4.818e-05,-0.000139,40.72432377
1669668226.9550092,0.046872,0.046871,-4.818e-05,-0.000139,40.72432377
1669668286.9479272,0.046872,0.046871,-4.818e-05,-0.000139,40.72432377
1669668346.867448,0.046872,0.046871,-4.818e-05,-0.000139,40.72432377
1669668406.8744898,0.046872,0.046871,-4.818e-05,-0.000139,40.72432377
1669668466.9786458,0.046872,0.046871,-4.818e-05,-0.000139,40.72432377
1669668526.90349,0.046872,0.046871,-4.818e-05,-0.000139,40.72432377
1669668586.7921898,0.046872,0.046871,-4.818e-05,-0.000139,40.72432377
1669668646.8176048,0.046872,0.046871,-4.818e-05,-0.000139,40.72432377
1669668706.988275,0.046872,0.046871,-4.818e-05,-0.000139,40.72432377
1669668766.925326,0.046872,0.046871,-4.818e-05,-0.000139,40.72432377
1669668827.119809,0.046945,0.046945,-4.27e-05,7e-06,47.79088806
1669668886.9356532,0.046945,0.046945,-4.27e-05,7e-06,47.79088806
1669668946.8931923,0.046945,0.046945,-4.27e-05,7e-06,47.79088806
1669669006.8656263,0.046872,0.046872,-4.375e-05,2e-06,42.41854883
1669669066.911081,0.046872,0.046852,-4.534e-05,-1.8e-05,41.1511666
1669669126.95941,0.046872,0.046852,-4.534e-05,-1.8e-05,41.1511666
1669669187.15815,0.046849,0.046849,-4.8e-05,-7.7e-05,40.95350657
1669669247.0370777,0.046807,0.046807,-6.158e-05,-0.000119,42.14323552
1669669306.8963404,0.046807,0.046807,-6.158e-05,-0.000119,42.14323552
1669669366.8048582,0.046807,0.046823,-6e-05,-0.000103,43.34426305
1669669427.00915,0.046807,0.046823,-6e-05,-0.000103,43.34426305
1669669487.1191306,0.046807,0.046823,-6e-05,-0.000103,43.34426305
1669669547.0413623,0.046823,0.046823,-5.807e-05,-8.1e-05,43.34426305
1669669606.965494,0.046823,0.046823,-5.807e-05,-8.1e-05,43.34426305
1669669666.9355736,0.046906,0.046906,-4.928e-05,2.5e-05,49.63440263
1669669726.8862643,0.04699,0.04699,-2.401e-05,0.000119,55.09765195
1669669786.9191763,0.047003,0.047003,-1.22e-05,5.8e-05,55.67824682
1669669846.949253,0.04708,0.04708,2.52e-06,0.000228,60.58709747
1669669906.864556,0.047013,0.047013,9.46e-06,0.000164,54.60554988
1669669966.9137335,0.047004,0.047004,1.264e-05,0.000319,53.92752215
1669670027.038941,0.047004,0.047013,1.336e-05,0.000328,54.60554988
1669670086.9018052,0.047004,0.047013,1.336e-05,0.000328,54.60554988
1669670147.0280304,0.04708,0.047118,2.464e-05,0.000311,60.79817447
1669670207.0286026,0.047083,0.047083,3.04e-05,0.00026,57.95984605
1669670267.1550324,0.047083,0.047083,3.04e-05,0.00026,57.95984605
1669670326.9137118,0.047017,0.047017,3.218e-05,0.000111,52.59046333
1669670386.9669998,0.047017,0.047004,3.114e-05,9.8e-05,51.64803069
1669670447.1230483,0.047,0.047,2.778e-05,1.6e-05,51.34315192
1669670506.9759195,0.047,0.046929,2.212e-05,-5.5e-05,46.47371085
1669670567.0015414,0.047,0.046929,2.212e-05,-5.5e-05,46.47371085
1669670626.9812026,0.047,0.046929,2.212e-05,-5.5e-05,46.47371085
1669670687.0138044,0.047,0.046929,2.212e-05,-5.5e-05,46.47371085
1669670746.9338548,0.047,0.046929,2.212e-05,-5.5e-05,46.47371085
1669670806.9774115,0.047,0.046929,2.212e-05,-5.5e-05,46.47371085
1669670866.9688034,0.046929,0.046929,1.479e-05,-8.4e-05,46.47371085
1669670927.0702276,0.047002,0.047002,1.471e-05,-1.1e-05,51.91205497
1669670987.0571704,0.047002,0.04693,8.97e-06,-8.3e-05,46.55650553
1669671047.0286555,0.047002,0.04693,8.97e-06,-8.3e-05,46.55650553
1669671107.235947,0.047002,0.04693,8.97e-06,-8.3e-05,46.55650553
1669671167.0333898,0.047002,0.04693,8.97e-06,-8.3e-05,46.55650553
1669671227.012428,0.046947,0.046947,5.66e-06,-0.000156,48.02826269
1669671286.8719554,0.046947,0.046947,3e-06,-6.6e-05,48.02826269
1669671346.9159234,0.046929,0.046929,-1.66e-06,-8.4e-05,46.56602249
1669671407.0534866,0.046956,0.046956,-2.02e-06,-0.000162,49.25375698
1669671467.1426828,0.046947,0.047029,3.55e-06,-5.4e-05,55.7364946
1669671526.9400873,0.046947,0.047029,3.55e-06,-5.4e-05,55.7364946
1669671586.9164658,0.046947,0.047029,3.55e-06,-5.4e-05,55.7364946
1669671647.0724423,0.047033,0.047033,8.19e-06,-5e-05,56.06767192
1669671707.1626892,0.047023,0.047023,1.094e-05,1.9e-05,54.96056226
1669671766.9807775,0.047023,0.047023,1.094e-05,1.9e-05,54.96056226
1669671827.099383,0.0471,0.047118,2.054e-05,0.000189,62.53009388
1669671887.0934548,0.0471,0.047118,2.054e-05,0.000189,62.53009388
1669671946.9216552,0.047148,0.047148,3.023e-05,0.000219,64.55591966
1669672006.976243,0.047148,0.047159,3.11e-05,0.00023,65.24490409
1669672067.0069406,0.047158,0.047158,3.894e-05,0.000228,65.12097348
1669672127.0431218,0.047151,0.047151,4.051e-05,0.000204,62.20981777
1669672186.9544654,0.0471,0.04708,3.924e-05,0.000151,55.11220658
1669672246.8979938,0.04708,0.04708,3.78e-05,0.000151,55.11220658
1669672307.0196264,0.047061,0.047061,3.472e-05,0.000105,53.22745717
1669672367.0515256,0.047061,0.047061,3.472e-05,0.000105,53.22745717
1669672426.97472,0.047061,0.047061,3.472e-05,0.000105,53.22745717
1669672486.994503,0.047061,0.047061,3.472e-05,0.000105,53.22745717
1669672546.8734572,0.047055,0.047069,3.255e-05,4e-05,53.94168203
1669672607.0647078,0.047055,0.047069,3.255e-05,4e-05,53.94168203
1669672666.8360462,0.047055,0.047069,3.255e-05,4e-05,53.94168203
1669672726.9577136,0.047055,0.047069,3.255e-05,4e-05,53.94168203
1669672787.0684607,0.047055,0.047069,3.255e-05,4e-05,53.94168203
1669672846.854127,0.047055,0.047069,3.255e-05,4e-05,53.94168203
1669672906.822343,0.047055,0.047069,3.255e-05,4e-05,53.94168203
1669672967.0376875,0.047055,0.047069,3.255e-05,4e-05,53.94168203
1669673027.0647652,0.047055,0.047069,3.255e-05,4e-05,53.94168203
1669673087.0747118,0.047164,0.047164,3.806e-05,0.000131,61.46656867
1669673146.95952,0.047164,0.047164,3.806e-05,0.000131,61.46656867
1669673207.1440818,0.047158,0.047158,4.146e-05,0.000135,60.79103999
1669673267.0979245,0.047143,0.047143,3.698e-05,2.5e-05,57.59255045
1669673327.0161002,0.047143,0.047145,3.714e-05,2.7e-05,57.7199788
1669673386.9857326,0.047143,0.047145,3.714e-05,2.7e-05,57.7199788
1669673447.0670557,0.047077,0.047077,3.346e-05,-8.2e-05,51.99885555
1669673507.1641722,0.047077,0.047077,3.346e-05,-8.2e-05,51.99885555
1669673567.0805516,0.047077,0.047077,3.346e-05,-8.2e-05,51.99885555
1669673627.1026473,0.047077,0.047077,3.346e-05,-8.2e-05,51.99885555
1669673687.1892395,0.047077,0.047077,3.346e-05,-8.2e-05,51.99885555
1669673747.0467496,0.047077,0.047077,3.346e-05,-8.2e-05,51.99885555
1669673807.2042603,0.047077,0.047077,3.346e-05,-8.2e-05,51.99885555
1669673867.4107623,0.047077,0.047077,3.346e-05,-8.2e-05,51.99885555
1669673927.076908,0.047077,0.047077,3.346e-05,-8.2e-05,51.99885555
1669673987.0336022,0.047077,0.047077,3.346e-05,-8.2e-05,51.99885555
1669674047.1468349,0.047077,0.047077,3.021e-05,-2.3e-05,51.99885555
1669674107.0051434,0.047077,0.047077,3.021e-05,-2.3e-05,51.99885555
1669674166.9462664,0.047077,0.047077,3.021e-05,-2.3e-05,51.99885555
1669674227.0377362,0.047077,0.047077,3.021e-05,-2.3e-05,51.99885555
1669674287.1933932,0.047139,0.047139,3.349e-05,5.9e-05,56.55262299
1669674346.9903784,0.047139,0.047084,2.91e-05,4e-06,51.85314082
1669674407.0031066,0.047139,0.047084,2.91e-05,4e-06,51.85314082
1669674467.0685349,0.047086,0.047086,2.646e-05,6e-06,52.00931391
1669674527.0557914,0.047086,0.047152,3.173e-05,7.2e-05,56.64960513
1669674587.2003007,0.04718,0.04718,3.566e-05,0.000119,58.4836349
1669674646.964861,0.047152,0.047152,3.511e-05,8.3e-05,56.32796212
1669674707.112461,0.047077,0.047077,2.468e-05,-8.7e-05,50.17590634
1669674767.1127808,0.047077,0.047077,2.468e-05,-8.7e-05,50.17590634
1669674826.9573667,0.047077,0.047077,2.468e-05,-8.7e-05,50.17590634
1669674886.9577656,0.047093,0.047093,2.219e-05,2.4e-05,51.48684929
1669674946.9531024,0.047093,0.0471,2.274e-05,3.1e-05,52.03894098
