time,price,change_price,rsi,coin_allocation,cash_allocation,coin_balance,cash_balance,total_balance,profit,total_profit
1668032012.9377482,1115.39,x,54.43238742,0.0,1.0,0.0,1000.0,1000.0,x,x
1668032022.8645086,1118.56,3.1699999999998454,57.21513119,0.0,1.0,0.0,1000.0,0.0,0.0,0.0
1668032032.895359,1118.56,0.0,57.21513119,0.0,1.0,0.0,1000.0,0.0,0.0,0.0
1668032043.155454,1118.56,0.0,57.21513119,0.0,1.0,0.0,1000.0,0.0,0.0,0.0
1668032052.861923,1118.75,0.19000000000005457,57.38741656,0.0,1.0,0.0,1000.0,0.0,0.0,0.0
1668032062.8696778,1118.75,0.0,57.38741656,0.0,1.0,0.0,1000.0,0.0,0.0,0.0
1668032072.8209317,1118.75,0.0,57.38741656,0.0,1.0,0.0,1000.0,0.0,0.0,0.0
1668032082.9654098,1110.48,-8.269999999999982,49.00742306,0.0,1.0,0.0,1000.0,0.0,0.0,0.0
1668032092.8540816,1110.48,0.0,49.00742306,0.0,1.0,0.0,1000.0,0.0,0.0,0.0
1668032102.9342585,1110.48,0.0,49.00742306,0.0,1.0,0.0,1000.0,0.0,0.0,0.0
1668032112.799838,1118.57,8.089999999999918,57.12939329,0.0,1.0,0.0,1000.0,0.0,0.0,0.0
1668032122.9697397,1118.57,0.0,57.12939329,0.0,1.0,0.0,1000.0,0.0,0.0,0.0
1668032133.1003325,1118.57,0.0,57.12939329,0.0,1.0,0.0,1000.0,0.0,0.0,0.0
1668032142.9994972,1118.56,-0.009999999999990905,57.12000882,0.0,1.0,0.0,1000.0,0.0,0.0,0.0
1668032153.1552973,1118.56,0.0,57.12000882,0.0,1.0,0.0,1000.0,0.0,0.0,0.0
1668032162.9798915,1118.56,0.0,57.12000882,0.0,1.0,0.0,1000.0,0.0,0.0,0.0
1668032172.898286,1116.23,-2.3299999999999272,54.40998031,0.0,1.0,0.0,1000.0,0.0,0.0,0.0
1668032183.1914754,1116.23,0.0,54.40998031,0.0,1.0,0.0,1000.0,0.0,0.0,0.0
1668032193.833421,1116.23,0.0,54.40998031,0.0,1.0,0.0,1000.0,0.0,0.0,0.0
1668032203.841673,1120.76,4.529999999999973,58.64670308,0.0,1.0,0.0,1000.0,0.0,0.0,0.0
1668032213.857308,1120.76,0.0,58.64670308,0.0,1.0,0.0,1000.0,0.0,0.0,0.0
1668032223.8573892,1120.76,0.0,58.64670308,0.0,1.0,0.0,1000.0,0.0,0.0,0.0
1668032233.806643,1119.49,-1.2699999999999818,57.54048483,0.0,1.0,0.0,1000.0,0.0,0.0,0.0
1668032243.774335,1119.49,0.0,57.54048483,0.0,1.0,0.0,1000.0,0.0,0.0,0.0
1668032253.7616155,1119.49,0.0,57.54048483,0.0,1.0,0.0,1000.0,0.0,0.0,0.0
1668032263.9138803,1117.59,-1.900000000000091,55.16302434,0.0,1.0,0.0,1000.0,0.0,0.0,0.0
1668032273.7735827,1117.59,0.0,55.16302434,0.0,1.0,0.0,1000.0,0.0,0.0,0.0
1668032283.9210942,1117.59,0.0,55.16302434,0.0,1.0,0.0,1000.0,0.0,0.0,0.0
1668032293.9943058,1117.18,-0.4099999999998545,54.65197771,0.0,1.0,0.0,1000.0,0.0,0.0,0.0
1668032303.9431567,1117.18,0.0,54.65197771,0.0,1.0,0.0,1000.0,0.0,0.0,0.0
1668032314.1130614,1117.18,0.0,54.65197771,0.0,1.0,0.0,1000.0,0.0,0.0,0.0
1668032324.0303771,1115.41,-1.7699999999999818,52.49607677,0.0,1.0,0.0,1000.0,0.0,0.0,0.0
1668032333.8719497,1115.41,0.0,52.49607677,0.0,1.0,0.0,1000.0,0.0,0.0,0.0
1668032343.9048283,1115.41,0.0,52.49607677,0.0,1.0,0.0,1000.0,0.0,0.0,0.0
1668032353.925082,1115.04,-0.37000000000011823,52.05964499,0.0,1.0,0.0,1000.0,0.0,0.0,0.0
1668032363.8793972,1115.04,0.0,52.05964499,0.0,1.0,0.0,1000.0,0.0,0.0,0.0
1668032374.5795538,1115.04,0.0,52.05964499,0.0,1.0,0.0,1000.0,0.0,0.0,0.0
1668032384.710266,1114.79,-0.25,51.75169988,0.0,1.0,0.0,1000.0,0.0,0.0,0.0
1668032394.611504,1114.79,0.0,51.75169988,0.0,1.0,0.0,1000.0,0.0,0.0,0.0
1668032404.5424998,1114.79,0.0,51.75169988,0.0,1.0,0.0,1000.0,0.0,0.0,0.0
1668032414.535181,1114.0,-0.7899999999999636,50.77669752,0.0,1.0,0.0,1000.0,0.0,0.0,0.0
1668032424.5231164,1114.0,0.0,50.77669752,0.0,1.0,0.0,1000.0,0.0,0.0,0.0
1668032434.8951166,1114.0,0.0,50.77669752,0.0,1.0,0.0,1000.0,0.0,0.0,0.0
1668032444.5592396,1114.0,0.0,50.77669752,0.0,1.0,0.0,1000.0,0.0,0.0,0.0
1668032454.5924203,1119.69,5.690000000000055,56.99263046,0.0,1.0,0.0,1000.0,0.0,0.0,0.0
1668032464.5767057,1119.69,0.0,56.99263046,0.0,1.0,0.0,1000.0,0.0,0.0,0.0
1668032474.703255,1119.96,0.2699999999999818,57.24840978,0.0,1.0,0.0,1000.0,0.0,0.0,0.0
1668032484.6321378,1119.96,0.0,57.24840978,0.0,1.0,0.0,1000.0,0.0,0.0,0.0
1668032494.603197,1119.96,0.0,57.24840978,0.0,1.0,0.0,1000.0,0.0,0.0,0.0
1668032505.0801384,1120.92,0.9600000000000364,58.20030215,0.0,1.0,0.0,1000.0,0.0,0.0,0.0
1668032514.854624,1120.92,0.0,58.20030215,0.0,1.0,0.0,1000.0,0.0,0.0,0.0
1668032524.8028402,1120.92,0.0,58.20030215,0.0,1.0,0.0,1000.0,0.0,0.0,0.0
1668032534.6738503,1123.18,2.259999999999991,60.20493307,0.0,1.0,0.0,1000.0,0.0,0.0,0.0
1668032544.642818,1123.18,0.0,60.20493307,0.0,1.0,0.0,1000.0,0.0,0.0,0.0
1668032555.5550396,1123.18,0.0,60.20493307,0.0,1.0,0.0,1000.0,0.0,0.0,0.0
1668032565.593817,1120.84,-2.3400000000001455,57.05640684,0.0,1.0,0.0,1000.0,0.0,0.0,0.0
1668032575.511721,1120.84,0.0,57.05640684,0.0,1.0,0.0,1000.0,0.0,0.0,0.0
1668032585.5914133,1120.84,0.0,57.05640684,0.0,1.0,0.0,1000.0,0.0,0.0,0.0
1668032595.457389,1125.96,5.120000000000118,62.57872758,0.0,1.0,0.0,1000.0,0.0,0.0,0.0
1668032605.5440607,1125.96,0.0,62.57872758,0.0,1.0,0.0,1000.0,0.0,0.0,0.0
1668032615.4986007,1125.96,0.0,62.57872758,0.0,1.0,0.0,1000.0,0.0,0.0,0.0
1668032625.44827,1128.6,2.6399999999998727,64.93831071,0.0,1.0,0.0,1000.0,0.0,0.0,0.0
1668032635.6701894,1128.6,0.0,64.93831071,0.0,1.0,0.0,1000.0,0.0,0.0,0.0
1668032645.4851313,1128.6,0.0,64.93831071,0.0,1.0,0.0,1000.0,0.0,0.0,0.0
1668032655.5993853,1125.37,-3.230000000000018,61.54043994,0.0,1.0,0.0,1000.0,0.0,0.0,0.0
1668032665.7266798,1125.37,0.0,61.54043994,0.0,1.0,0.0,1000.0,0.0,0.0,0.0
1668032675.5412958,1125.37,0.0,61.54043994,0.0,1.0,0.0,1000.0,0.0,0.0,0.0
1668032685.5389812,1126.08,0.7100000000000364,62.20479292,0.0,1.0,0.0,1000.0,0.0,0.0,0.0
1668032695.9443684,1126.08,0.0,62.20479292,0.0,1.0,0.0,1000.0,0.0,0.0,0.0
1668032705.5573585,1126.08,0.0,62.20479292,0.0,1.0,0.0,1000.0,0.0,0.0,0.0
1668032715.482104,1122.92,-3.1599999999998545,58.13114706,0.0,1.0,0.0,1000.0,0.0,0.0,0.0
1668032725.607187,1122.92,0.0,58.13114706,0.0,1.0,0.0,1000.0,0.0,0.0,0.0
1668032736.2980058,1122.92,0.0,58.13114706,0.0,1.0,0.0,1000.0,0.0,0.0,0.0
1668032746.4914973,1125.23,2.3099999999999454,60.45620786,0.0,1.0,0.0,1000.0,0.0,0.0,0.0
1668032756.4131262,1125.23,0.0,60.45620786,0.0,1.0,0.0,1000.0,0.0,0.0,0.0
1668032766.30639,1125.23,0.0,60.45620786,0.0,1.0,0.0,1000.0,0.0,0.0,0.0
1668032776.3197262,1129.36,4.129999999999882,63.9416191,0.0,1.0,0.0,1000.0,0.0,0.0,0.0
1668032786.2599137,1129.36,0.0,63.9416191,0.0,1.0,0.0,1000.0,0.0,0.0,0.0
1668032796.257014,1129.36,0.0,63.9416191,0.0,1.0,0.0,1000.0,0.0,0.0,0.0
1668032806.3515372,1129.52,0.16000000000008185,64.15552963,0.0,1.0,0.0,1000.0,0.0,0.0,0.0
1668032816.4619696,1129.52,0.0,64.15552963,0.0,1.0,0.0,1000.0,0.0,0.0,0.0
1668032826.271547,1129.52,0.0,64.15552963,0.0,1.0,0.0,1000.0,0.0,0.0,0.0
1668032836.2819166,1129.13,-0.38999999999987267,63.59899074,0.0,1.0,0.0,1000.0,0.0,0.0,0.0
1668032846.406215,1129.13,0.0,63.59899074,0.0,1.0,0.0,1000.0,0.0,0.0,0.0
1668032856.5722551,1129.13,0.0,63.59899074,0.0,1.0,0.0,1000.0,0.0,0.0,0.0
1668032866.380484,1127.11,-2.020000000000209,60.53119032,0.0,1.0,0.0,1000.0,0.0,0.0,0.0
1668032876.456413,1127.11,0.0,60.53119032,0.0,1.0,0.0,1000.0,0.0,0.0,0.0
1668032886.3980007,1127.11,0.0,60.53119032,0.0,1.0,0.0,1000.0,0.0,0.0,0.0
1668032896.6873572,1126.22,-0.8899999999998727,59.22889366,0.0,1.0,0.0,1000.0,0.0,0.0,0.0
1668032906.418851,1126.22,0.0,59.22889366,0.0,1.0,0.0,1000.0,0.0,0.0,0.0
1668032917.0309997,1126.22,0.0,59.22889366,0.0,1.0,0.0,1000.0,0.0,0.0,0.0
1668032927.1182654,1127.12,0.8999999999998636,60.33522768,0.0,1.0,0.0,1000.0,0.0,0.0,0.0
1668032937.0919251,1127.12,0.0,60.33522768,0.0,1.0,0.0,1000.0,0.0,0.0,0.0
1668032947.124216,1127.12,0.0,60.33522768,0.0,1.0,0.0,1000.0,0.0,0.0,0.0
1668032957.0418391,1127.63,0.5100000000002183,60.8462616,0.0,1.0,0.0,1000.0,0.0,0.0,0.0
1668032967.062328,1127.63,0.0,60.8462616,0.0,1.0,0.0,1000.0,0.0,0.0,0.0
1668032977.0366018,1127.63,0.0,60.8462616,0.0,1.0,0.0,1000.0,0.0,0.0,0.0
1668032987.0699916,1125.93,-1.7000000000000455,58.26084671,0.0,1.0,0.0,1000.0,0.0,0.0,0.0
1668032997.1554291,1125.93,0.0,58.26084671,0.0,1.0,0.0,1000.0,0.0,0.0,0.0
1668033007.0444522,1125.93,0.0,58.26084671,0.0,1.0,0.0,1000.0,0.0,0.0,0.0
1668033017.194437,1127.12,1.1899999999998272,59.90346823,0.0,1.0,0.0,1000.0,0.0,0.0,0.0
1668033026.9961832,1127.12,0.0,59.90346823,0.0,1.0,0.0,1000.0,0.0,0.0,0.0
1668033037.0643284,1127.12,0.0,59.90346823,0.0,1.0,0.0,1000.0,0.0,0.0,0.0
1668033047.1494508,1127.18,0.060000000000172804,59.97040453,0.0,1.0,0.0,1000.0,0.0,0.0,0.0
1668033057.1074457,1127.18,0.0,59.97040453,0.0,1.0,0.0,1000.0,0.0,0.0,0.0
1668033067.149963,1127.18,0.0,59.97040453,0.0,1.0,0.0,1000.0,0.0,0.0,0.0
1668033077.06661,1124.43,-2.75,55.85944705,0.0,1.0,0.0,1000.0,0.0,0.0,0.0
1668033087.1060724,1124.43,0.0,55.85944705,0.0,1.0,0.0,1000.0,0.0,0.0,0.0
1668033097.744279,1124.43,0.0,55.85944705,0.0,1.0,0.0,1000.0,0.0,0.0,0.0
1668033107.9518864,1120.7,-3.730000000000018,50.47964569,0.0,1.0,0.0,1000.0,0.0,0.0,0.0
1668033117.7578316,1120.7,0.0,50.47964569,0.0,1.0,0.0,1000.0,0.0,0.0,0.0
1668033127.682684,1120.7,0.0,50.47964569,0.0,1.0,0.0,1000.0,0.0,0.0,0.0
1668033137.7161968,1117.17,-3.5299999999999727,46.26298075,0.0,1.0,0.0,1000.0,0.0,0.0,0.0
1668033147.7147026,1117.17,0.0,46.26298075,0.0,1.0,0.0,1000.0,0.0,0.0,0.0
1668033157.7648592,1117.17,0.0,46.26298075,0.0,1.0,0.0,1000.0,0.0,0.0,0.0
1668033167.6805365,1117.03,-0.14000000000010004,46.09851414,0.0,1.0,0.0,1000.0,0.0,0.0,0.0
1668033177.7535348,1117.03,0.0,46.09851414,0.0,1.0,0.0,1000.0,0.0,0.0,0.0
1668033187.7203138,1117.03,0.0,46.09851414,0.0,1.0,0.0,1000.0,0.0,0.0,0.0
1668033197.760433,1121.36,4.329999999999927,51.43001938,0.0,1.0,0.0,1000.0,0.0,0.0,0.0
1668033208.229293,1121.36,0.0,51.43001938,0.0,1.0,0.0,1000.0,0.0,0.0,0.0
1668033217.6713965,1121.36,0.0,51.43001938,0.0,1.0,0.0,1000.0,0.0,0.0,0.0
1668033227.9206102,1122.2,0.8400000000001455,52.42887017,0.0,1.0,0.0,1000.0,0.0,0.0,0.0
1668033237.7716918,1122.2,0.0,52.42887017,0.0,1.0,0.0,1000.0,0.0,0.0,0.0
1668033247.767648,1122.2,0.0,52.42887017,0.0,1.0,0.0,1000.0,0.0,0.0,0.0
1668033257.765443,1120.03,-2.1700000000000728,49.79739151,0.0,1.0,0.0,1000.0,0.0,0.0,0.0
1668033267.7797823,1120.03,0.0,49.79739151,0.0,1.0,0.0,1000.0,0.0,0.0,0.0
1668033278.6809142,1120.03,0.0,49.79739151,0.0,1.0,0.0,1000.0,0.0,0.0,0.0
1668033288.811068,1118.07,-1.9600000000000364,47.40736159,0.0,1.0,0.0,1000.0,0.0,0.0,0.0
1668033298.6955783,1118.07,0.0,47.40736159,0.0,1.0,0.0,1000.0,0.0,0.0,0.0
1668033308.6630704,1118.07,0.0,47.40736159,0.0,1.0,0.0,1000.0,0.0,0.0,0.0
1668033318.741911,1121.12,3.0499999999999545,51.16578163,0.0,1.0,0.0,1000.0,0.0,0.0,0.0
1668033328.7419205,1121.12,0.0,51.16578163,0.0,1.0,0.0,1000.0,0.0,0.0,0.0
1668033338.7392352,1121.12,0.0,51.16578163,0.0,1.0,0.0,1000.0,0.0,0.0,0.0
1668033348.689791,1120.48,-0.6399999999998727,50.29885978,0.0,1.0,0.0,1000.0,0.0,0.0,0.0
1668033358.7476742,1120.48,0.0,50.29885978,0.0,1.0,0.0,1000.0,0.0,0.0,0.0
1668033368.6966405,1120.48,0.0,50.29885978,0.0,1.0,0.0,1000.0,0.0,0.0,0.0
1668033378.7247915,1118.89,-1.5899999999999181,48.26711648,0.0,1.0,0.0,1000.0,0.0,0.0,0.0
1668033388.7371974,1118.89,0.0,48.26711648,0.0,1.0,0.0,1000.0,0.0,0.0,0.0
1668033399.1227963,1118.89,0.0,48.26711648,0.0,1.0,0.0,1000.0,0.0,0.0,0.0
1668033408.7872574,1121.36,2.4699999999998,51.54175164,0.0,1.0,0.0,1000.0,0.0,0.0,0.0
1668033418.6839757,1121.36,0.0,51.54175164,0.0,1.0,0.0,1000.0,0.0,0.0,0.0
1668033428.7356036,1121.36,0.0,51.54175164,0.0,1.0,0.0,1000.0,0.0,0.0,0.0
1668033438.766025,1124.31,2.9500000000000455,54.8157249,0.0,1.0,0.0,1000.0,0.0,0.0,0.0
1668033448.696695,1124.31,0.0,54.8157249,0.0,1.0,0.0,1000.0,0.0,0.0,0.0
1668033459.350825,1124.31,0.0,54.8157249,0.0,1.0,0.0,1000.0,0.0,0.0,0.0
1668033469.3565748,1124.41,0.10000000000013642,54.9539924,0.0,1.0,0.0,1000.0,0.0,0.0,0.0
1668033479.3625152,1124.41,0.0,54.9539924,0.0,1.0,0.0,1000.0,0.0,0.0,0.0
1668033489.440439,1124.41,0.0,54.9539924,0.0,1.0,0.0,1000.0,0.0,0.0,0.0
1668033499.3238733,1125.85,1.4399999999998272,56.60795398,0.0,1.0,0.0,1000.0,0.0,0.0,0.0
1668033509.4276128,1125.85,0.0,56.60795398,0.0,1.0,0.0,1000.0,0.0,0.0,0.0
1668033519.4264505,1125.85,0.0,56.60795398,0.0,1.0,0.0,1000.0,0.0,0.0,0.0
1668033529.3881967,1125.76,-0.08999999999991815,56.47309949,0.0,1.0,0.0,1000.0,0.0,0.0,0.0
1668033539.4830143,1125.76,0.0,56.47309949,0.0,1.0,0.0,1000.0,0.0,0.0,0.0
1668033549.4278133,1125.76,0.0,56.47309949,0.0,1.0,0.0,1000.0,0.0,0.0,0.0
1668033559.9080143,1124.19,-1.5699999999999363,54.21987938,0.0,1.0,0.0,1000.0,0.0,0.0,0.0
1668033569.3984752,1124.19,0.0,54.21987938,0.0,1.0,0.0,1000.0,0.0,0.0,0.0
1668033579.3741715,1124.19,0.0,54.21987938,0.0,1.0,0.0,1000.0,0.0,0.0,0.0
1668033589.472222,1126.31,2.119999999999891,56.73041079,0.0,1.0,0.0,1000.0,0.0,0.0,0.0
1668033599.479067,1126.31,0.0,56.73041079,0.0,1.0,0.0,1000.0,0.0,0.0,0.0
1668033609.492119,1126.31,0.0,56.73041079,0.0,1.0,0.0,1000.0,0.0,0.0,0.0
1668033619.3991714,1122.77,-3.5399999999999636,52.19156311,0.0,1.0,0.0,1000.0,0.0,0.0,0.0
1668033629.530358,1122.77,0.0,52.19156311,0.0,1.0,0.0,1000.0,0.0,0.0,0.0
1668033640.210772,1122.77,0.0,52.19156311,0.0,1.0,0.0,1000.0,0.0,0.0,0.0
1668033650.2065566,1120.14,-2.6299999999998818,48.56766142,0.0,1.0,0.0,1000.0,0.0,0.0,0.0
1668033660.1767628,1120.14,0.0,48.56766142,0.0,1.0,0.0,1000.0,0.0,0.0,0.0
1668033670.2066264,1120.14,0.0,48.56766142,0.0,1.0,0.0,1000.0,0.0,0.0,0.0
1668033680.2925527,1120.16,0.01999999999998181,48.59233231,0.0,1.0,0.0,1000.0,0.0,0.0,0.0
1668033690.1740334,1120.16,0.0,48.59233231,0.0,1.0,0.0,1000.0,0.0,0.0,0.0
1668033700.246049,1120.16,0.0,48.59233231,0.0,1.0,0.0,1000.0,0.0,0.0,0.0
1668033710.270228,1123.71,3.5499999999999545,53.30924877,0.0,1.0,0.0,1000.0,0.0,0.0,0.0
1668033720.3505049,1123.71,0.0,53.30924877,0.0,1.0,0.0,1000.0,0.0,0.0,0.0
1668033730.203302,1123.71,0.0,53.30924877,0.0,1.0,0.0,1000.0,0.0,0.0,0.0
1668033740.2224598,1123.45,-0.2599999999999909,52.98807847,0.0,1.0,0.0,1000.0,0.0,0.0,0.0
1668033750.5222287,1123.45,0.0,52.98807847,0.0,1.0,0.0,1000.0,0.0,0.0,0.0
1668033760.2114906,1123.45,0.0,52.98807847,0.0,1.0,0.0,1000.0,0.0,0.0,0.0
1668033770.3717716,1125.73,2.2799999999999727,55.81506557,0.0,1.0,0.0,1000.0,0.0,0.0,0.0
1668033780.282224,1125.73,0.0,55.81506557,0.0,1.0,0.0,1000.0,0.0,0.0,0.0
1668033790.330223,1125.73,0.0,55.81506557,0.0,1.0,0.0,1000.0,0.0,0.0,0.0
1668033800.304525,1126.14,0.41000000000008185,56.28810195,0.0,1.0,0.0,1000.0,0.0,0.0,0.0
1668033810.2638147,1126.14,0.0,56.28810195,0.0,1.0,0.0,1000.0,0.0,0.0,0.0
1668033821.3800192,1126.91,0.7699999999999818,57.21282449,0.0,1.0,0.0,1000.0,0.0,0.0,0.0
1668033831.4211688,1126.91,0.0,57.21282449,0.0,1.0,0.0,1000.0,0.0,0.0,0.0
1668033841.2861643,1126.91,0.0,57.21282449,0.0,1.0,0.0,1000.0,0.0,0.0,0.0
1668033851.417666,1126.94,0.029999999999972715,57.24806143,0.0,1.0,0.0,1000.0,0.0,0.0,0.0
1668033861.4417872,1126.94,0.0,57.24806143,0.0,1.0,0.0,1000.0,0.0,0.0,0.0
1668033871.3583138,1126.94,0.0,57.24806143,0.0,1.0,0.0,1000.0,0.0,0.0,0.0
1668033881.4323068,1127.87,0.9299999999998363,58.39201287,0.0,1.0,0.0,1000.0,0.0,0.0,0.0
1668033891.3631933,1127.87,0.0,58.39201287,0.0,1.0,0.0,1000.0,0.0,0.0,0.0
1668033901.3447378,1127.87,0.0,58.39201287,0.0,1.0,0.0,1000.0,0.0,0.0,0.0
1668033911.8459735,1127.87,0.0,58.39201287,0.0,1.0,0.0,1000.0,0.0,0.0,0.0
1668033921.264711,1124.63,-3.2399999999997817,53.58848049,0.0,1.0,0.0,1000.0,0.0,0.0,0.0
1668033931.3477914,1124.63,0.0,53.58848049,0.0,1.0,0.0,1000.0,0.0,0.0,0.0
1668033941.311715,1127.74,3.1099999999999,57.52520443,0.0,1.0,0.0,1000.0,0.0,0.0,0.0
1668033951.3494508,1127.74,0.0,57.52520443,0.0,1.0,0.0,1000.0,0.0,0.0,0.0
1668033961.3027694,1127.74,0.0,57.52520443,0.0,1.0,0.0,1000.0,0.0,0.0,0.0
1668033971.354854,1128.32,0.5799999999999272,58.18664645,0.0,1.0,0.0,1000.0,0.0,0.0,0.0
1668033981.3172004,1128.32,0.0,58.18664645,0.0,1.0,0.0,1000.0,0.0,0.0,0.0
1668033991.3073144,1128.32,0.0,58.18664645,0.0,1.0,0.0,1000.0,0.0,0.0,0.0
1668034002.1305375,1131.27,2.9500000000000455,61.47293096,0.0,1.0,0.0,1000.0,0.0,0.0,0.0
1668034012.046531,1131.27,0.0,61.47293096,0.0,1.0,0.0,1000.0,0.0,0.0,0.0
1668034022.0399113,1131.27,0.0,61.47293096,0.0,1.0,0.0,1000.0,0.0,0.0,0.0
1668034032.1319015,1127.5,-3.769999999999982,56.83899551,0.0,1.0,0.0,1000.0,0.0,0.0,0.0
1668034042.13141,1127.5,0.0,56.83899551,0.0,1.0,0.0,1000.0,0.0,0.0,0.0
1668034052.839554,1127.5,0.0,56.83899551,0.0,1.0,0.0,1000.0,0.0,0.0,0.0
1668034061.974408,1124.84,-2.660000000000082,52.58435283,0.0,1.0,0.0,1000.0,0.0,0.0,0.0
1668034072.4408717,1124.84,0.0,52.58435283,0.0,1.0,0.0,1000.0,0.0,0.0,0.0
1668034082.153222,1124.84,0.0,52.58435283,0.0,1.0,0.0,1000.0,0.0,0.0,0.0
1668034092.0841126,1119.51,-5.329999999999927,45.72903411,0.0,1.0,0.0,1000.0,0.0,0.0,0.0
1668034102.07006,1119.51,0.0,45.72903411,0.0,1.0,0.0,1000.0,0.0,0.0,0.0
1668034112.190545,1119.51,0.0,45.72903411,0.0,1.0,0.0,1000.0,0.0,0.0,0.0
1668034122.051983,1120.35,0.8399999999999181,46.90379052,0.0,1.0,0.0,1000.0,0.0,0.0,0.0
1668034132.1367974,1120.35,0.0,46.90379052,0.0,1.0,0.0,1000.0,0.0,0.0,0.0
1668034142.046029,1120.35,0.0,46.90379052,0.0,1.0,0.0,1000.0,0.0,0.0,0.0
1668034152.106715,1120.82,0.4700000000000273,47.53949304,0.0,1.0,0.0,1000.0,0.0,0.0,0.0
1668034162.031852,1120.82,0.0,47.53949304,0.0,1.0,0.0,1000.0,0.0,0.0,0.0
1668034172.08277,1120.82,0.0,47.53949304,0.0,1.0,0.0,1000.0,0.0,0.0,0.0
1668034182.9203522,1115.74,-5.079999999999927,41.72998162,0.0,1.0,0.0,1000.0,0.0,0.0,0.0
1668034192.8608563,1115.74,0.0,41.72998162,0.0,1.0,0.0,1000.0,0.0,0.0,0.0
1668034202.826975,1115.74,0.0,41.72998162,0.0,1.0,0.0,1000.0,0.0,0.0,0.0
1668034212.9106257,1116.94,1.2000000000000455,42.97497809,0.0,1.0,0.0,1000.0,0.0,0.0,0.0
1668034222.9046986,1116.94,0.0,42.97497809,0.0,1.0,0.0,1000.0,0.0,0.0,0.0
1668034233.2311225,1116.94,0.0,42.97497809,0.0,1.0,0.0,1000.0,0.0,0.0,0.0
1668034242.82015,1119.84,2.8999999999998636,47.06779187,0.0,1.0,0.0,1000.0,0.0,0.0,0.0
1668034252.8404646,1119.84,0.0,47.06779187,0.0,1.0,0.0,1000.0,0.0,0.0,0.0
1668034263.0089908,1119.84,0.0,47.06779187,0.0,1.0,0.0,1000.0,0.0,0.0,0.0
1668034272.9074578,1117.48,-2.3599999999999,43.78436258,0.0,1.0,0.0,1000.0,0.0,0.0,0.0
1668034282.917122,1117.48,0.0,43.78436258,0.0,1.0,0.0,1000.0,0.0,0.0,0.0
1668034293.0318584,1117.48,0.0,43.78436258,0.0,1.0,0.0,1000.0,0.0,0.0,0.0
1668034302.924595,1119.07,1.5899999999999181,46.20547811,0.0,1.0,0.0,1000.0,0.0,0.0,0.0
1668034312.9708972,1119.07,0.0,46.20547811,0.0,1.0,0.0,1000.0,0.0,0.0,0.0
1668034323.0120742,1119.07,0.0,46.20547811,0.0,1.0,0.0,1000.0,0.0,0.0,0.0
1668034333.057684,1117.99,-1.0799999999999272,44.58434961,0.0,1.0,0.0,1000.0,0.0,0.0,0.0
1668034342.9840145,1117.99,0.0,44.58434961,0.0,1.0,0.0,1000.0,0.0,0.0,0.0
1668034352.9823852,1117.99,0.0,44.58434961,0.0,1.0,0.0,1000.0,0.0,0.0,0.0
1668034363.98116,1118.85,0.8599999999999,45.98036565,0.0,1.0,0.0,1000.0,0.0,0.0,0.0
1668034373.998128,1118.85,0.0,45.98036565,0.0,1.0,0.0,1000.0,0.0,0.0,0.0
1668034384.0035946,1118.85,0.0,45.98036565,0.0,1.0,0.0,1000.0,0.0,0.0,0.0
1668034394.288779,1123.35,4.5,52.271767,0.0,1.0,0.0,1000.0,0.0,0.0,0.0
1668034403.8552833,1123.35,0.0,52.271767,0.0,1.0,0.0,1000.0,0.0,0.0,0.0
1668034413.9287038,1123.35,0.0,52.271767,0.0,1.0,0.0,1000.0,0.0,0.0,0.0
1668034423.8445137,1126.8,3.4500000000000455,56.45863312,0.0,1.0,0.0,1000.0,0.0,0.0,0.0
1668034433.848443,1126.8,0.0,56.45863312,0.0,1.0,0.0,1000.0,0.0,0.0,0.0
1668034444.0168405,1126.8,0.0,56.45863312,0.0,1.0,0.0,1000.0,0.0,0.0,0.0
1668034454.0189197,1126.42,-0.37999999999988177,56.03382096,0.0,1.0,0.0,1000.0,0.0,0.0,0.0
1668034463.8766382,1126.42,0.0,56.03382096,0.0,1.0,0.0,1000.0,0.0,0.0,0.0
1668034473.9486864,1126.42,0.0,56.03382096,0.0,1.0,0.0,1000.0,0.0,0.0,0.0
1668034483.9166636,1123.1,-3.3200000000001637,51.32250827,0.0,1.0,0.0,1000.0,0.0,0.0,0.0
1668034494.0283704,1123.1,0.0,51.32250827,0.0,1.0,0.0,1000.0,0.0,0.0,0.0
1668034503.9330275,1123.1,0.0,51.32250827,0.0,1.0,0.0,1000.0,0.0,0.0,0.0
1668034514.089182,1122.76,-0.33999999999991815,50.88436426,0.0,1.0,0.0,1000.0,0.0,0.0,0.0
1668034530.8053544,1122.76,0.0,50.88436426,0.0,1.0,0.0,1000.0,0.0,0.0,0.0
1668034534.355283,1122.76,0.0,50.88436426,0.0,1.0,0.0,1000.0,0.0,0.0,0.0
1668034544.775982,1123.09,0.32999999999992724,51.31876474,0.0,1.0,0.0,1000.0,0.0,0.0,0.0
1668034554.6414385,1123.09,0.0,51.31876474,0.0,1.0,0.0,1000.0,0.0,0.0,0.0
1668034564.6189618,1123.09,0.0,51.31876474,0.0,1.0,0.0,1000.0,0.0,0.0,0.0
1668034574.634314,1123.81,0.7200000000000273,52.24038061,0.0,1.0,0.0,1000.0,0.0,0.0,0.0
1668034585.0250082,1123.81,0.0,52.24038061,0.0,1.0,0.0,1000.0,0.0,0.0,0.0
1668034594.6399405,1123.81,0.0,52.24038061,0.0,1.0,0.0,1000.0,0.0,0.0,0.0
1668034604.9284034,1123.77,-0.03999999999996362,52.18127684,0.0,1.0,0.0,1000.0,0.0,0.0,0.0
1668034614.7613523,1123.77,0.0,52.18127684,0.0,1.0,0.0,1000.0,1000.0,1000.0,0.0
1668034624.7356231,1123.77,0.0,52.18127684,0.0,1.0,0.0,1000.0,1000.0,0.0,0.0
1668034634.7225218,1123.68,-0.08999999999991815,52.04878108,0.0,1.0,0.0,1000.0,1000.0,0.0,0.0
1668034644.8418298,1123.68,0.0,52.04878108,0.0,1.0,0.0,1000.0,1000.0,0.0,0.0
1668034655.1543891,1123.68,0.0,52.04878108,0.0,1.0,0.0,1000.0,1000.0,0.0,0.0
1668034664.931206,1123.72,0.03999999999996362,52.10698625,0.0,1.0,0.0,1000.0,1000.0,0.0,0.0
1668034674.7741373,1123.72,0.0,52.10698625,0.0,1.0,0.0,1000.0,1000.0,0.0,0.0
1668034684.6441498,1123.72,0.0,52.10698625,0.0,1.0,0.0,1000.0,1000.0,0.0,0.0
1668034694.8564942,1123.6,-0.12000000000011823,51.9213658,0.0,1.0,0.0,1000.0,1000.0,0.0,0.0
1668034704.611107,1123.6,0.0,51.9213658,0.0,1.0,0.0,1000.0,1000.0,0.0,0.0
1668034714.716661,1123.6,0.0,51.9213658,0.0,1.0,0.0,1000.0,1000.0,0.0,0.0
1668034725.4306238,1121.01,-2.589999999999918,47.87420016,0.0,1.0,0.0,1000.0,1000.0,0.0,0.0
1668034735.4876416,1121.01,0.0,47.87420016,0.0,1.0,0.0,1000.0,1000.0,0.0,0.0
1668034745.704146,1121.01,0.0,47.87420016,0.0,1.0,0.0,1000.0,1000.0,0.0,0.0
1668034755.4043438,1117.09,-3.9200000000000728,42.81514058,0.0,1.0,0.0,1000.0,1000.0,0.0,0.0
1668034765.4812298,1117.09,0.0,42.81514058,0.0,1.0,0.0,1000.0,1000.0,0.0,0.0
1668034775.465407,1117.09,0.0,42.81514058,0.0,1.0,0.0,1000.0,1000.0,0.0,0.0
1668034785.5361698,1117.66,0.5700000000001637,43.71591774,0.0,1.0,0.0,1000.0,1000.0,0.0,0.0
1668034795.5308456,1117.66,0.0,43.71591774,0.0,1.0,0.0,1000.0,1000.0,0.0,0.0
1668034805.485268,1117.66,0.0,43.71591774,0.0,1.0,0.0,1000.0,1000.0,0.0,0.0
1668034815.4506297,1117.65,-0.009999999999990905,43.69979032,0.0,1.0,0.0,1000.0,1000.0,0.0,0.0
1668034825.5569203,1117.65,0.0,43.69979032,0.0,1.0,0.0,1000.0,1000.0,0.0,0.0
1668034835.4639237,1117.65,0.0,43.69979032,0.0,1.0,0.0,1000.0,1000.0,0.0,0.0
1668034845.674775,1114.28,-3.3700000000001182,39.58348261,0.0,1.0,0.0,1000.0,1000.0,0.0,0.0
1668034855.5626366,1114.28,0.0,39.58348261,0.0,1.0,0.0,1000.0,1000.0,0.0,0.0
1668034865.5358112,1114.28,0.0,39.58348261,0.0,1.0,0.0,1000.0,1000.0,0.0,0.0
1668034875.5142758,1115.28,1.0,40.78120206,0.0,1.0,0.0,1000.0,1000.0,0.0,0.0
1668034885.4604669,1115.28,0.0,40.78120206,0.0,1.0,0.0,1000.0,1000.0,0.0,0.0
1668034895.4955978,1115.28,0.0,40.78120206,0.0,1.0,0.0,1000.0,1000.0,0.0,0.0
1668034906.2752104,1111.91,-3.369999999999891,36.88029254,0.0,1.0,0.0,1000.0,1000.0,0.0,0.0
1668034916.329005,1111.91,0.0,36.88029254,0.0,1.0,0.0,1000.0,1000.0,0.0,0.0
1668034926.275131,1111.91,0.0,36.88029254,0.0,1.0,0.0,1000.0,1000.0,0.0,0.0
1668034936.6480632,1112.0,0.08999999999991815,36.95922913,0.0,1.0,0.0,1000.0,1000.0,0.0,0.0
1668034946.2042212,1112.0,0.0,36.95922913,0.0,1.0,0.0,1000.0,1000.0,0.0,0.0
1668034956.6754825,1112.0,0.0,36.95922913,0.0,1.0,0.0,1000.0,1000.0,0.0,0.0
1668034967.0503418,1110.56,-1.4400000000000546,35.41563072,0.0,1.0,0.0,1000.0,1000.0,0.0,0.0
1668034976.7089386,1110.56,0.0,35.41563072,0.0,1.0,0.0,1000.0,1000.0,0.0,0.0
1668034986.7312164,1110.56,0.0,35.41563072,0.0,1.0,0.0,1000.0,1000.0,0.0,0.0
1668034996.7040148,1110.0,-0.5599999999999454,34.85967887,0.0,1.0,0.0,1000.0,1000.0,0.0,0.0
1668035006.7396245,1110.0,0.0,34.85967887,0.0,1.0,0.0,1000.0,1000.0,0.0,0.0
1668035016.7441754,1110.0,0.0,34.85967887,0.0,1.0,0.0,1000.0,1000.0,0.0,0.0
1668035026.76923,1111.65,1.650000000000091,38.00193261,0.0,1.0,0.0,1000.0,1000.0,0.0,0.0
1668035036.804161,1111.65,0.0,38.00193261,0.0,1.0,0.0,1000.0,1000.0,0.0,0.0
1668035046.8201125,1111.65,0.0,38.00193261,0.0,1.0,0.0,1000.0,1000.0,0.0,0.0
1668035056.8121696,1106.86,-4.790000000000191,31.78297325,1.0,0.0,0.9034566250474316,0.0,1000.0,0.0,0.0
1668035066.8169017,1106.86,0.0,31.78297325,1.0,0.0,0.9034566250474316,0.0,1000.0,1.1368683772161603e-13,0.0
1668035076.8787751,1106.86,0.0,31.78297325,1.0,0.0,0.9034566250474316,0.0,1000.0,1.1368683772161603e-13,0.0
1668035087.8379495,1104.05,-2.8099999999999454,29.29778685,1.0,0.0,0.9034566250474316,0.0,997.4612868836168,-2.538713116383178,0.0
1668035097.8737977,1104.05,0.0,29.29778685,1.0,0.0,0.9034566250474316,0.0,997.4612868836168,0.0,0.0
1668035108.009448,1104.05,0.0,29.29778685,1.0,0.0,0.9034566250474316,0.0,997.4612868836168,0.0,0.0
1668035117.9955657,1102.93,-1.1199999999998909,28.40935055,1.0,0.0,0.9034566250474316,0.0,996.4494154635638,-1.0118714200530121,0.0
1668035127.9118023,1102.93,0.0,28.40935055,1.0,0.0,0.9034566250474316,0.0,996.4494154635638,0.0,0.0
1668035137.9690423,1102.93,0.0,28.40935055,1.0,0.0,0.9034566250474316,0.0,996.4494154635638,0.0,0.0
1668035147.8796787,1102.53,-0.40000000000009095,28.0829343,1.0,0.0,0.9034566250474316,0.0,996.0880328135448,-0.3613826500190953,0.0
1668035158.4400496,1102.53,0.0,28.0829343,1.0,0.0,0.9034566250474316,0.0,996.0880328135448,-1.1368683772161603e-13,0.0
1668035167.818122,1102.53,0.0,28.0829343,1.0,0.0,0.9034566250474316,0.0,996.0880328135448,-1.1368683772161603e-13,0.0
1668035177.9304757,1101.36,-1.1700000000000728,27.33960147,1.0,0.0,0.9034566250474316,0.0,995.0309885622391,-1.0570442513055696,0.0
1668035187.8957126,1101.36,0.0,27.33960147,1.0,0.0,0.9034566250474316,0.0,995.0309885622391,1.1368683772161603e-13,0.0
1668035197.9383123,1101.36,0.0,27.33960147,1.0,0.0,0.9034566250474316,0.0,995.0309885622391,1.1368683772161603e-13,0.0
1668035207.9191427,1099.51,-1.849999999999909,25.75069062,1.0,0.0,0.9034566250474316,0.0,993.3595938059016,-1.6713947563375768,0.0
1668035217.8763971,1099.51,0.0,25.75069062,1.0,0.0,0.9034566250474316,0.0,993.3595938059016,0.0,0.0
1668035227.9623368,1099.51,0.0,25.75069062,1.0,0.0,0.9034566250474316,0.0,993.3595938059016,0.0,0.0
1668035237.8704069,1092.81,-6.7000000000000455,21.63484822,1.0,0.0,0.9034566250474316,0.0,987.3064344180837,-6.053159387817914,0.0
1668035247.9541686,1092.81,0.0,21.63484822,1.0,0.0,0.9034566250474316,0.0,987.3064344180837,0.0,0.0
1668035257.8568175,1092.81,0.0,21.63484822,1.0,0.0,0.9034566250474316,0.0,987.3064344180837,0.0,0.0
1668035268.7224247,1089.37,-3.4400000000000546,19.87975316,1.0,0.0,0.9034566250474316,0.0,984.1985436279203,-3.1078907901631965,0.0
1668035278.7439938,1089.37,0.0,19.87975316,1.0,0.0,0.9034566250474316,0.0,984.1985436279203,1.1368683772161603e-13,0.0
1668035288.6099515,1089.37,0.0,19.87975316,1.0,0.0,0.9034566250474316,0.0,984.1985436279203,1.1368683772161603e-13,0.0
1668035298.739911,1093.83,4.460000000000036,24.14102892,1.0,0.0,0.9034566250474316,0.0,988.227960175632,4.029416547711776,0.0
1668035308.756838,1093.83,0.0,24.14102892,1.0,0.0,0.9034566250474316,0.0,988.227960175632,1.1368683772161603e-13,0.0
1668035319.0432756,1093.83,0.0,24.14102892,1.0,0.0,0.9034566250474316,0.0,988.227960175632,1.1368683772161603e-13,0.0
1668035328.7245562,1097.06,3.230000000000018,29.59893797,1.0,0.0,0.9034566250474316,0.0,991.1461250745352,2.918164898903342,0.0
1668035338.7004163,1097.06,0.0,29.59893797,1.0,0.0,0.9034566250474316,0.0,991.1461250745352,1.1368683772161603e-13,0.0
1668035349.0647297,1097.06,0.0,29.59893797,1.0,0.0,0.9034566250474316,0.0,991.1461250745352,1.1368683772161603e-13,0.0
1668035358.772499,1103.69,6.630000000000109,39.57549564,1.0,0.0,0.9034566250474316,0.0,997.1360424986,5.989917424064629,0.0
1668035368.752668,1103.69,0.0,39.57549564,1.0,0.0,0.9034566250474316,0.0,997.1360424986,-1.1368683772161603e-13,0.0
1668035378.7357728,1103.69,0.0,39.57549564,1.0,0.0,0.9034566250474316,0.0,997.1360424986,-1.1368683772161603e-13,0.0
1668035388.663328,1113.71,10.019999999999982,50.90005662,1.0,0.0,0.9034566250474316,0.0,1006.1886778815752,9.052635382975154,0.0
1668035398.7310772,1113.71,0.0,50.90005662,1.0,0.0,0.9034566250474316,0.0,1006.1886778815752,-1.1368683772161603e-13,0.0
1668035408.681715,1113.71,0.0,50.90005662,1.0,0.0,0.9034566250474316,0.0,1006.1886778815752,-1.1368683772161603e-13,0.0
1668035418.7449918,1118.66,4.9500000000000455,55.09155339,1.0,0.0,0.9034566250474316,0.0,1010.66078817556,4.472110293984656,0.0
1668035428.7675323,1118.66,0.0,55.09155339,1.0,0.0,0.9034566250474316,0.0,1010.66078817556,-1.1368683772161603e-13,0.0
1668035438.8033092,1118.66,0.0,55.09155339,1.0,0.0,0.9034566250474316,0.0,1010.66078817556,-1.1368683772161603e-13,0.0
1668035449.4787257,1118.5,-0.16000000000008185,54.95878264,1.0,0.0,0.9034566250474316,0.0,1010.5162351155524,-0.1445530600077518,0.0
1668035459.5910692,1118.5,0.0,54.95878264,1.0,0.0,0.9034566250474316,0.0,1010.5162351155524,-1.1368683772161603e-13,0.0
1668035469.4534383,1118.5,0.0,54.95878264,1.0,0.0,0.9034566250474316,0.0,1010.5162351155524,-1.1368683772161603e-13,0.0
1668035479.464039,1118.46,-0.03999999999996362,54.93700505,1.0,0.0,0.9034566250474316,0.0,1010.4800968505504,-0.03613826500190953,0.0
1668035489.478439,1118.46,0.0,54.93700505,1.0,0.0,0.9034566250474316,0.0,1010.4800968505504,1.1368683772161603e-13,0.0
1668035499.4769268,1118.46,0.0,54.93700505,1.0,0.0,0.9034566250474316,0.0,1010.4800968505504,1.1368683772161603e-13,0.0
1668035509.9372003,1111.01,-7.4500000000000455,47.82756041,1.0,0.0,0.9034566250474316,0.0,1003.749344993947,-6.7307518566033195,0.0
1668035519.5951643,1111.01,0.0,47.82756041,1.0,0.0,0.9034566250474316,0.0,1003.749344993947,0.0,0.0
1668035529.4771743,1111.01,0.0,47.82756041,1.0,0.0,0.9034566250474316,0.0,1003.749344993947,0.0,0.0
1668035539.4899182,1111.01,0.0,47.80061754,1.0,0.0,0.9034566250474316,0.0,1003.749344993947,0.0,0.0
1668035549.3715043,1111.01,0.0,47.80061754,1.0,0.0,0.9034566250474316,0.0,1003.749344993947,0.0,0.0
1668035559.4363525,1111.01,0.0,47.80061754,1.0,0.0,0.9034566250474316,0.0,1003.749344993947,0.0,0.0
1668035569.4232366,1109.53,-1.4800000000000182,46.50810491,1.0,0.0,0.9034566250474316,0.0,1002.4122291888768,-1.337115805070198,0.0
1668035579.5059524,1109.53,0.0,46.50810491,1.0,0.0,0.9034566250474316,0.0,1002.4122291888768,0.0,0.0
1668035589.4832644,1109.53,0.0,46.50810491,1.0,0.0,0.9034566250474316,0.0,1002.4122291888768,0.0,0.0
1668035599.504599,1105.82,-3.7100000000000364,43.55581101,1.0,0.0,0.9034566250474316,0.0,999.0604051099508,-3.351824078926029,0.0
1668035609.5592709,1105.82,0.0,43.55581101,1.0,0.0,0.9034566250474316,0.0,999.0604051099508,0.0,0.0
1668035619.5049405,1105.82,0.0,43.55581101,1.0,0.0,0.9034566250474316,0.0,999.0604051099508,0.0,0.0
1668035630.4663875,1112.35,6.529999999999973,49.61801037,1.0,0.0,0.9034566250474316,0.0,1004.9599768715104,5.899571761559628,0.0
1668035640.5531971,1112.35,0.0,49.61801037,1.0,0.0,0.9034566250474316,0.0,1004.9599768715104,0.0,0.0
1668035650.4164965,1112.35,0.0,49.61801037,1.0,0.0,0.9034566250474316,0.0,1004.9599768715104,0.0,0.0
1668035660.4666672,1110.61,-1.740000000000009,48.13367329,1.0,0.0,0.9034566250474316,0.0,1003.387962343928,-1.5720145275824962,0.0
1668035670.9911563,1110.61,0.0,48.13367329,1.0,0.0,0.9034566250474316,0.0,1003.387962343928,-1.1368683772161603e-13,0.0
1668035680.5227628,1110.61,0.0,48.13367329,1.0,0.0,0.9034566250474316,0.0,1003.387962343928,-1.1368683772161603e-13,0.0
1668035690.514951,1110.13,-0.4799999999997908,47.71603697,1.0,0.0,0.9034566250474316,0.0,1002.9543031639054,-0.433659180022687,0.0
1668035700.844176,1110.13,0.0,47.71603697,1.0,0.0,0.9034566250474316,0.0,1002.9543031639054,0.0,0.0
1668035710.4347017,1110.13,0.0,47.71603697,1.0,0.0,0.9034566250474316,0.0,1002.9543031639054,0.0,0.0
1668035720.6383245,1109.54,-0.5900000000001455,47.18849522,1.0,0.0,0.9034566250474316,0.0,1002.4212637551273,-0.5330394087781087,0.0
1668035730.5390062,1109.54,0.0,47.18849522,1.0,0.0,0.9034566250474316,0.0,1002.4212637551273,0.0,0.0
1668035740.622221,1109.54,0.0,47.18849522,1.0,0.0,0.9034566250474316,0.0,1002.4212637551273,0.0,0.0
1668035750.497373,1112.68,3.1400000000001,50.20166241,1.0,0.0,0.9034566250474316,0.0,1005.2581175577762,2.8368538026489887,0.0
1668035760.5953605,1112.68,0.0,50.20166241,1.0,0.0,0.9034566250474316,0.0,1005.2581175577762,0.0,0.0
1668035770.4258091,1112.68,0.0,50.20166241,1.0,0.0,0.9034566250474316,0.0,1005.2581175577762,0.0,0.0
1668035780.538422,1111.89,-0.7899999999999636,49.46706418,1.0,0.0,0.9034566250474316,0.0,1004.5443868239888,-0.713730733787429,0.0
1668035790.5663216,1111.89,0.0,49.46706418,1.0,0.0,0.9034566250474316,0.0,1004.5443868239888,0.0,0.0
1668035800.488587,1111.89,0.0,49.46706418,1.0,0.0,0.9034566250474316,0.0,1004.5443868239888,0.0,0.0
1668035811.1737645,1113.43,1.5399999999999636,50.98496252,1.0,0.0,0.9034566250474316,0.0,1005.935710026562,1.3913232025730622,0.0
1668035821.3524992,1113.43,0.0,50.98496252,1.0,0.0,0.9034566250474316,0.0,1005.935710026562,-1.1368683772161603e-13,0.0
1668035831.8711853,1108.19,-5.240000000000009,46.04367187,1.0,0.0,0.9034566250474316,0.0,1001.2015973113132,-4.734112715248671,0.0
1668035841.3177774,1108.19,0.0,46.04367187,1.0,0.0,0.9034566250474316,0.0,1001.2015973113132,1.1368683772161603e-13,0.0
1668035851.323192,1108.19,0.0,46.04367187,1.0,0.0,0.9034566250474316,0.0,1001.2015973113132,1.1368683772161603e-13,0.0
1668035861.33824,1109.88,1.6900000000000546,47.82042971,1.0,0.0,0.9034566250474316,0.0,1002.7284390076436,1.5268416963302798,0.0
1668035871.2764084,1109.88,0.0,47.82042971,1.0,0.0,0.9034566250474316,0.0,1002.7284390076436,-1.1368683772161603e-13,0.0
1668035881.4032636,1109.88,0.0,47.82042971,1.0,0.0,0.9034566250474316,0.0,1002.7284390076436,-1.1368683772161603e-13,0.0
1668035891.292449,1105.0,-4.880000000000109,43.22330485,1.0,0.0,0.9034566250474316,0.0,998.319570677412,-4.4088683302315985,0.0
1668035901.3036823,1105.0,0.0,43.22330485,1.0,0.0,0.9034566250474316,0.0,998.319570677412,0.0,0.0
1668035911.3618486,1105.0,0.0,43.22330485,1.0,0.0,0.9034566250474316,0.0,998.319570677412,0.0,0.0
1668035921.4984198,1105.0,0.0,43.22330485,1.0,0.0,0.9034566250474316,0.0,998.319570677412,0.0,0.0
1668035931.4070396,1104.15,-0.849999999999909,42.48736461,1.0,0.0,0.9034566250474316,0.0,997.5516325461216,-0.7679381312902933,0.0
1668035941.2997808,1104.15,0.0,42.48736461,1.0,0.0,0.9034566250474316,0.0,997.5516325461216,1.1368683772161603e-13,0.0
1668035951.3205748,1096.89,-7.259999999999991,37.0930658,1.0,0.0,0.9034566250474316,0.0,990.9925374482774,-6.559095097844192,0.0
1668035961.2731023,1096.89,0.0,37.0930658,1.0,0.0,0.9034566250474316,0.0,990.9925374482774,0.0,0.0
1668035971.370088,1096.89,0.0,37.0930658,1.0,0.0,0.9034566250474316,0.0,990.9925374482774,0.0,0.0
1668035981.3836944,1099.13,2.240000000000009,39.63945307,1.0,0.0,0.9034566250474316,0.0,993.0162802883837,2.0237428401062516,0.0
1668035992.5282972,1099.13,0.0,39.63945307,1.0,0.0,0.9034566250474316,0.0,993.0162802883837,0.0,0.0
1668036002.305392,1099.13,0.0,39.63945307,1.0,0.0,0.9034566250474316,0.0,993.0162802883837,0.0,0.0
1668036012.1876085,1098.46,-0.6700000000000728,38.9031963,1.0,0.0,0.9034566250474316,0.0,992.4109643496016,-0.6053159387819278,0.0
1668036022.205227,1098.46,0.0,38.9031963,1.0,0.0,0.9034566250474316,0.0,992.4109643496016,1.1368683772161603e-13,0.0
1668036032.4495025,1098.46,0.0,38.9031963,1.0,0.0,0.9034566250474316,0.0,992.4109643496016,1.1368683772161603e-13,0.0
1668036042.1437569,1099.57,1.1099999999999,40.20631107,1.0,0.0,0.9034566250474316,0.0,993.4138012034044,1.0028368538027053,0.0
1668036052.2143877,1099.57,0.0,40.20631107,1.0,0.0,0.9034566250474316,0.0,993.4138012034044,-1.1368683772161603e-13,0.0
1668036062.1484272,1099.57,0.0,40.20631107,1.0,0.0,0.9034566250474316,0.0,993.4138012034044,-1.1368683772161603e-13,0.0
1668036072.1586857,1102.52,2.9500000000000455,43.43017461,1.0,0.0,0.9034566250474316,0.0,996.0789982472944,2.6651970438898616,0.0
1668036082.260236,1102.52,0.0,43.43017461,1.0,0.0,0.9034566250474316,0.0,996.0789982472944,-1.1368683772161603e-13,0.0
1668036092.1407492,1102.52,0.0,43.43017461,1.0,0.0,0.9034566250474316,0.0,996.0789982472944,-1.1368683772161603e-13,0.0
1668036102.2350304,1097.22,-5.2999999999999545,39.30488616,1.0,0.0,0.9034566250474316,0.0,991.290678134543,-4.788320112751421,0.0
1668036112.15798,1097.22,0.0,39.30488616,1.0,0.0,0.9034566250474316,0.0,991.290678134543,0.0,0.0
1668036122.194703,1097.22,0.0,39.30488616,1.0,0.0,0.9034566250474316,0.0,991.290678134543,0.0,0.0
1668036132.2448716,1089.19,-8.029999999999973,34.69113316,1.0,0.0,0.9034566250474316,0.0,984.035921435412,-7.254756699130894,0.0
1668036142.353409,1089.19,0.0,34.69113316,1.0,0.0,0.9034566250474316,0.0,984.035921435412,1.1368683772161603e-13,0.0
1668036152.6905074,1089.19,0.0,34.69113316,1.0,0.0,0.9034566250474316,0.0,984.035921435412,1.1368683772161603e-13,0.0
1668036162.1382194,1087.79,-1.400000000000091,33.61146962,1.0,0.0,0.9034566250474316,0.0,982.7710821603456,-1.2648392750663788,0.0
1668036173.096227,1087.79,0.0,33.61146962,1.0,0.0,0.9034566250474316,0.0,982.7710821603456,0.0,0.0
1668036183.3767097,1087.79,0.0,33.61146962,1.0,0.0,0.9034566250474316,0.0,982.7710821603456,0.0,0.0
1668036193.1416657,1090.46,2.6700000000000728,36.44846711,1.0,0.0,0.9034566250474316,0.0,985.1833113492224,2.412229188876722,0.0
1668036203.2535038,1090.46,0.0,36.44846711,1.0,0.0,0.9034566250474316,0.0,985.1833113492224,-1.1368683772161603e-13,0.0
1668036213.3131623,1090.46,0.0,36.44846711,1.0,0.0,0.9034566250474316,0.0,985.1833113492224,-1.1368683772161603e-13,0.0
1668036223.1616986,1093.52,3.0599999999999454,39.19153204,1.0,0.0,0.9034566250474316,0.0,987.9478886218674,2.7645772726449422,0.0
1668036233.2858305,1093.52,0.0,39.19153204,1.0,0.0,0.9034566250474316,0.0,987.9478886218674,0.0,0.0
1668036243.185026,1093.52,0.0,39.19153204,1.0,0.0,0.9034566250474316,0.0,987.9478886218674,0.0,0.0
1668036253.2833648,1087.0,-6.519999999999982,34.50776959,1.0,0.0,0.9034566250474316,0.0,982.0573514265582,-5.890537195309207,0.0
1668036263.1728392,1087.0,0.0,34.50776959,1.0,0.0,0.9034566250474316,0.0,982.0573514265582,0.0,0.0
1668036273.1823685,1087.0,0.0,34.50776959,1.0,0.0,0.9034566250474316,0.0,982.0573514265582,0.0,0.0
1668036283.206935,1082.9,-4.099999999999909,32.19090849,1.0,0.0,0.9034566250474316,0.0,978.3531792638638,-3.7041721626943627,0.0
1668036293.209724,1082.9,0.0,32.19090849,1.0,0.0,0.9034566250474316,0.0,978.3531792638638,0.0,0.0
1668036303.2751255,1082.9,0.0,32.19090849,1.0,0.0,0.9034566250474316,0.0,978.3531792638638,0.0,0.0
1668036313.201537,1082.9,0.0,32.19090849,1.0,0.0,0.9034566250474316,0.0,978.3531792638638,0.0,0.0
1668036323.1760652,1087.05,4.149999999999864,34.65633097,1.0,0.0,0.9034566250474316,0.0,982.1025242578104,3.7493449939466927,0.0
1668036333.291625,1087.05,0.0,34.65633097,1.0,0.0,0.9034566250474316,0.0,982.1025242578104,1.1368683772161603e-13,0.0
1668036343.7374763,1087.6,0.5499999999999545,35.30591706,1.0,0.0,0.9034566250474316,0.0,982.5994254015866,0.4969011437761992,0.0
1668036354.0702713,1087.6,0.0,35.30591706,1.0,0.0,0.9034566250474316,0.0,982.5994254015866,0.0,0.0
1668036364.272244,1087.6,0.0,35.30591706,1.0,0.0,0.9034566250474316,0.0,982.5994254015866,0.0,0.0
1668036374.1919146,1085.59,-2.009999999999991,33.58730801,1.0,0.0,0.9034566250474316,0.0,980.7834775852411,-1.8159478163453286,0.0
1668036384.0361767,1085.59,0.0,33.58730801,1.0,0.0,0.9034566250474316,0.0,980.7834775852411,1.1368683772161603e-13,0.0
1668036394.0768044,1085.59,0.0,33.58730801,1.0,0.0,0.9034566250474316,0.0,980.7834775852411,1.1368683772161603e-13,0.0
1668036404.0829403,1081.9,-3.689999999999827,31.34898708,1.0,0.0,0.9034566250474316,0.0,977.4497226388164,-3.333754946424733,0.0
1668036414.111056,1081.9,0.0,31.34898708,1.0,0.0,0.9034566250474316,0.0,977.4497226388164,0.0,0.0
1668036424.057544,1081.9,0.0,31.34898708,1.0,0.0,0.9034566250474316,0.0,977.4497226388164,0.0,0.0
1668036434.101965,1083.46,1.5599999999999454,32.26537193,1.0,0.0,0.9034566250474316,0.0,978.8591149738904,1.4093923350739033,0.0
1668036444.185475,1083.46,0.0,32.26537193,1.0,0.0,0.9034566250474316,0.0,978.8591149738904,-1.1368683772161603e-13,0.0
1668036454.0495608,1083.46,0.0,32.26537193,1.0,0.0,0.9034566250474316,0.0,978.8591149738904,-1.1368683772161603e-13,0.0
1668036464.0914135,1086.69,3.230000000000018,36.37657428,1.0,0.0,0.9034566250474316,0.0,981.7772798727937,2.9181648989031146,0.0
1668036474.1145313,1086.69,0.0,36.37657428,1.0,0.0,0.9034566250474316,0.0,981.7772798727937,-1.1368683772161603e-13,0.0
1668036484.15371,1086.69,0.0,36.37657428,1.0,0.0,0.9034566250474316,0.0,981.7772798727937,-1.1368683772161603e-13,0.0
1668036494.068908,1084.61,-2.0800000000001546,33.81951294,1.0,0.0,0.9034566250474316,0.0,979.8980900926948,-1.8791897800989545,0.0
1668036504.27322,1084.61,0.0,33.81951294,1.0,0.0,0.9034566250474316,0.0,979.8980900926948,-1.1368683772161603e-13,0.0
1668036514.0357237,1084.61,0.0,33.81951294,1.0,0.0,0.9034566250474316,0.0,979.8980900926948,-1.1368683772161603e-13,0.0
1668036524.137198,1081.61,-3.0,31.58460052,1.0,0.0,0.9034566250474316,0.0,977.1877202175524,-2.710369875142419,0.0
1668036535.2250884,1081.61,0.0,31.58460052,1.0,0.0,0.9034566250474316,0.0,977.1877202175524,0.0,0.0
1668036544.974853,1081.61,0.0,31.58460052,1.0,0.0,0.9034566250474316,0.0,977.1877202175524,0.0,0.0
1668036554.9955842,1083.52,1.9100000000000819,32.85026381,1.0,0.0,0.9034566250474316,0.0,978.9133223713932,1.7256021538406685,0.0
1668036564.9781857,1083.52,0.0,32.85026381,1.0,0.0,0.9034566250474316,0.0,978.9133223713932,-1.1368683772161603e-13,0.0
1668036574.995498,1083.52,0.0,32.85026381,1.0,0.0,0.9034566250474316,0.0,978.9133223713932,-1.1368683772161603e-13,0.0
1668036585.0824902,1085.93,2.410000000000082,36.29506693,1.0,0.0,0.9034566250474316,0.0,981.0906528377576,2.1773304663643103,0.0
1668036594.9646802,1085.93,0.0,36.29506693,1.0,0.0,0.9034566250474316,0.0,981.0906528377576,-1.1368683772161603e-13,0.0
1668036604.9987533,1085.93,0.0,36.29506693,1.0,0.0,0.9034566250474316,0.0,981.0906528377576,-1.1368683772161603e-13,0.0
1668036615.0382535,1087.59,1.6599999999998545,38.4877689,1.0,0.0,0.9034566250474316,0.0,982.590390835336,1.4997379975784497,0.0
1668036624.9732738,1087.59,0.0,38.4877689,1.0,0.0,0.9034566250474316,0.0,982.590390835336,0.0,0.0
1668036635.007723,1087.59,0.0,38.4877689,1.0,0.0,0.9034566250474316,0.0,982.590390835336,0.0,0.0
1668036645.1480846,1089.05,1.4600000000000364,40.41341942,1.0,0.0,0.9034566250474316,0.0,983.9094375079054,1.3190466725693568,0.0
1668036655.0477176,1089.05,0.0,40.41341942,1.0,0.0,0.9034566250474316,0.0,983.9094375079054,0.0,0.0
1668036665.075298,1089.05,0.0,40.41341942,1.0,0.0,0.9034566250474316,0.0,983.9094375079054,0.0,0.0
1668036675.0764165,1088.98,-0.06999999999993634,40.33173461,1.0,0.0,0.9034566250474316,0.0,983.846195544152,-0.06324196375328484,0.0
1668036685.1728575,1088.98,0.0,40.33173461,1.0,0.0,0.9034566250474316,0.0,983.846195544152,1.1368683772161603e-13,0.0
1668036695.65539,1088.98,0.0,40.33173461,1.0,0.0,0.9034566250474316,0.0,983.846195544152,1.1368683772161603e-13,0.0
1668036705.0238326,1089.83,0.849999999999909,41.48187822,1.0,0.0,0.9034566250474316,0.0,984.6141336754424,0.7679381312902933,0.0
1668036716.0373678,1089.83,0.0,41.48187822,1.0,0.0,0.9034566250474316,0.0,984.6141336754424,-1.1368683772161603e-13,0.0
1668036726.116912,1089.83,0.0,41.48187822,1.0,0.0,0.9034566250474316,0.0,984.6141336754424,-1.1368683772161603e-13,0.0
1668036736.059293,1089.47,-0.35999999999989996,41.09731357,1.0,0.0,0.9034566250474316,0.0,984.2888892904252,-0.3252443850170721,0.0
1668036746.0124943,1089.47,0.0,41.09731357,1.0,0.0,0.9034566250474316,0.0,984.2888892904252,1.1368683772161603e-13,0.0
1668036755.974014,1089.47,0.0,41.09731357,1.0,0.0,0.9034566250474316,0.0,984.2888892904252,1.1368683772161603e-13,0.0
1668036766.0027802,1084.65,-4.819999999999936,36.79031165,1.0,0.0,0.9034566250474316,0.0,979.9342283576968,-4.354660932728393,0.0
1668036776.3774152,1084.65,0.0,36.79031165,1.0,0.0,0.9034566250474316,0.0,979.9342283576968,0.0,0.0
1668036786.121269,1084.65,0.0,36.79031165,1.0,0.0,0.9034566250474316,0.0,979.9342283576968,0.0,0.0
1668036796.0704825,1087.29,2.6399999999998727,39.01893872,1.0,0.0,0.9034566250474316,0.0,982.319353847822,2.3851254901251195,0.0
1668036805.9956536,1087.29,0.0,39.01893872,1.0,0.0,0.9034566250474316,0.0,982.319353847822,0.0,0.0
1668036816.043134,1087.29,0.0,39.01893872,1.0,0.0,0.9034566250474316,0.0,982.319353847822,0.0,0.0
1668036826.0317285,1085.47,-1.8199999999999363,37.3316484,1.0,0.0,0.9034566250474316,0.0,980.6750627902356,-1.6442910575863152,0.0
1668036835.989628,1085.47,0.0,37.3316484,1.0,0.0,0.9034566250474316,0.0,980.6750627902356,0.0,0.0
1668036846.050254,1085.47,0.0,37.3316484,1.0,0.0,0.9034566250474316,0.0,980.6750627902356,0.0,0.0
1668036856.2760935,1084.1,-1.3700000000001182,36.13047423,1.0,0.0,0.9034566250474316,0.0,979.4373272139204,-1.2377355763151172,0.0
1668036866.0925252,1084.1,0.0,36.13047423,1.0,0.0,0.9034566250474316,0.0,979.4373272139204,1.1368683772161603e-13,0.0
1668036876.028532,1084.1,0.0,36.13047423,1.0,0.0,0.9034566250474316,0.0,979.4373272139204,1.1368683772161603e-13,0.0
1668036886.484738,1085.8,1.7000000000000455,38.50306018,1.0,0.0,0.9034566250474316,0.0,980.9732034765012,1.535876262580814,0.0
1668036896.92474,1085.8,0.0,38.50306018,1.0,0.0,0.9034566250474316,0.0,980.9732034765012,0.0,0.0
1668036906.9997358,1085.8,0.0,38.50306018,1.0,0.0,0.9034566250474316,0.0,980.9732034765012,0.0,0.0
1668036917.1242783,1084.16,-1.6399999999998727,36.18354833,1.0,0.0,0.9034566250474316,0.0,979.4915346114236,-1.4816688650777223,0.0
1668036926.8859997,1084.16,0.0,36.18354833,1.0,0.0,0.9034566250474316,0.0,979.4915346114236,-1.1368683772161603e-13,0.0
1668036936.9137466,1084.16,0.0,36.18354833,1.0,0.0,0.9034566250474316,0.0,979.4915346114236,-1.1368683772161603e-13,0.0
1668036946.9405627,1082.44,-1.7200000000000273,34.59434352,1.0,0.0,0.9034566250474316,0.0,977.937589216342,-1.553945395081655,0.0
1668036956.9870253,1082.44,0.0,34.59434352,1.0,0.0,0.9034566250474316,0.0,977.937589216342,0.0,0.0
1668036966.9635346,1082.44,0.0,34.59434352,1.0,0.0,0.9034566250474316,0.0,977.937589216342,0.0,0.0
1668036976.9810605,1081.69,-0.75,33.94360767,1.0,0.0,0.9034566250474316,0.0,977.2599967475564,-0.6775924687856332,0.0
1668036986.9639049,1081.69,0.0,33.94360767,1.0,0.0,0.9034566250474316,0.0,977.2599967475564,-1.1368683772161603e-13,0.0
1668036996.918887,1081.69,0.0,33.94360767,1.0,0.0,0.9034566250474316,0.0,977.2599967475564,-1.1368683772161603e-13,0.0
1668037007.0175316,1080.44,-1.25,32.83611801,1.0,0.0,0.9034566250474316,0.0,976.130675966247,-1.1293207813093886,0.0
1668037017.122673,1080.44,0.0,32.83611801,1.0,0.0,0.9034566250474316,0.0,976.130675966247,0.0,0.0
1668037026.9404707,1080.44,0.0,32.83611801,1.0,0.0,0.9034566250474316,0.0,976.130675966247,0.0,0.0
1668037036.9449475,1080.0,-0.44000000000005457,32.46328292,1.0,0.0,0.9034566250474316,0.0,975.7331550512262,-0.39752091502089115,0.0
1668037047.1857038,1080.0,0.0,32.46328292,1.0,0.0,0.9034566250474316,0.0,975.7331550512262,0.0,0.0
1668037056.9748242,1080.0,0.0,32.46328292,1.0,0.0,0.9034566250474316,0.0,975.7331550512262,0.0,0.0
1668037067.024171,1074.26,-5.740000000000009,27.99722936,1.0,0.0,0.9034566250474316,0.0,970.547314023454,-5.185841027772312,0.0
1668037078.105668,1074.26,0.0,27.99722936,1.0,0.0,0.9034566250474316,0.0,970.547314023454,-1.1368683772161603e-13,0.0
1668037087.7277262,1074.26,0.0,27.99722936,1.0,0.0,0.9034566250474316,0.0,970.547314023454,-1.1368683772161603e-13,0.0
1668037097.7209573,1076.24,1.9800000000000182,29.39203753,1.0,0.0,0.9034566250474316,0.0,972.3361581410478,1.7888441175938397,0.0
1668037107.7031484,1076.24,0.0,29.39203753,1.0,0.0,0.9034566250474316,0.0,972.3361581410478,0.0,0.0
1668037117.697338,1076.24,0.0,29.39203753,1.0,0.0,0.9034566250474316,0.0,972.3361581410478,0.0,0.0
1668037127.8229,1084.5,8.259999999999991,42.30527347,1.0,0.0,0.9034566250474316,0.0,979.7987098639396,7.462551722891817,0.0
1668037137.7808678,1084.5,0.0,42.30527347,1.0,0.0,0.9034566250474316,0.0,979.7987098639396,0.0,0.0
1668037147.6411555,1084.5,0.0,42.30527347,1.0,0.0,0.9034566250474316,0.0,979.7987098639396,0.0,0.0
1668037157.740275,1086.2,1.7000000000000455,44.39813103,1.0,0.0,0.9034566250474316,0.0,981.3345861265204,1.5358762625807003,0.0
1668037167.743936,1086.2,0.0,44.39813103,1.0,0.0,0.9034566250474316,0.0,981.3345861265204,-1.1368683772161603e-13,0.0
1668037177.7303991,1086.2,0.0,44.39813103,1.0,0.0,0.9034566250474316,0.0,981.3345861265204,-1.1368683772161603e-13,0.0
1668037187.6974988,1088.62,2.4199999999998454,47.32727339,1.0,0.0,0.9034566250474316,0.0,983.5209511591348,2.1863650326145034,0.0
1668037197.7312665,1088.62,0.0,47.32727339,1.0,0.0,0.9034566250474316,0.0,983.5209511591348,1.1368683772161603e-13,0.0
1668037207.8007274,1088.62,0.0,47.32727339,1.0,0.0,0.9034566250474316,0.0,983.5209511591348,1.1368683772161603e-13,0.0
1668037217.714974,1087.11,-1.509999999999991,45.53702185,1.0,0.0,0.9034566250474316,0.0,982.1567316553133,-1.3642195038215732,0.0
1668037227.8004875,1087.11,0.0,45.53702185,1.0,0.0,0.9034566250474316,0.0,982.1567316553133,0.0,0.0
1668037238.2917745,1087.11,0.0,45.53702185,1.0,0.0,0.9034566250474316,0.0,982.1567316553133,0.0,0.0
1668037247.75008,1087.22,0.11000000000012733,45.68185687,1.0,0.0,0.9034566250474316,0.0,982.2561118840688,0.09938022875542174,0.0
1668037258.490106,1087.22,0.0,45.68185687,1.0,0.0,0.9034566250474316,0.0,982.2561118840688,-1.1368683772161603e-13,0.0
1668037268.6823316,1087.22,0.0,45.68185687,1.0,0.0,0.9034566250474316,0.0,982.2561118840688,-1.1368683772161603e-13,0.0
1668037278.4411478,1089.49,2.269999999999982,48.52131062,1.0,0.0,0.9034566250474316,0.0,984.3069584229264,2.0508465388575132,0.0
1668037288.5097911,1089.49,0.0,48.52131062,1.0,0.0,0.9034566250474316,0.0,984.3069584229264,-1.1368683772161603e-13,0.0
1668037298.5505216,1089.49,0.0,48.52131062,1.0,0.0,0.9034566250474316,0.0,984.3069584229264,-1.1368683772161603e-13,0.0
1668037308.448888,1093.97,4.480000000000018,53.64540985,1.0,0.0,0.9034566250474316,0.0,988.3544441031388,4.0474856802123895,0.0
1668037318.5345733,1093.97,0.0,53.64540985,1.0,0.0,0.9034566250474316,0.0,988.3544441031388,0.0,0.0
1668037328.5767586,1093.97,0.0,53.64540985,1.0,0.0,0.9034566250474316,0.0,988.3544441031388,0.0,0.0
1668037338.505067,1092.89,-1.0799999999999272,52.53483685,1.0,0.0,0.9034566250474316,0.0,987.3787109480876,-0.9757331550512163,0.0
1668037348.5538516,1092.89,0.0,52.53483685,1.0,0.0,0.9034566250474316,0.0,987.3787109480876,0.0,0.0
1668037358.433453,1092.89,0.0,52.53483685,1.0,0.0,0.9034566250474316,0.0,987.3787109480876,0.0,0.0
1668037368.4769845,1096.0,3.1099999999999,55.8954803,1.0,0.0,0.9034566250474316,0.0,990.1884610519852,2.8097501038974997,0.0
1668037378.4898174,1096.0,0.0,55.8954803,1.0,0.0,0.9034566250474316,0.0,990.1884610519852,-1.1368683772161603e-13,0.0
1668037388.4139757,1096.0,0.0,55.8954803,1.0,0.0,0.9034566250474316,0.0,990.1884610519852,-1.1368683772161603e-13,0.0
1668037398.644699,1090.08,-5.920000000000073,49.13621357,1.0,0.0,0.9034566250474316,0.0,984.8399978317042,-5.348463220281019,0.0
1668037408.4693742,1090.08,0.0,49.13621357,1.0,0.0,0.9034566250474316,0.0,984.8399978317042,0.0,0.0
1668037418.5123272,1090.08,0.0,49.13621357,1.0,0.0,0.9034566250474316,0.0,984.8399978317042,0.0,0.0
1668037428.5218425,1092.55,2.4700000000000273,52.10518104,1.0,0.0,0.9034566250474316,0.0,987.0715356955714,2.2315378638671746,0.0
1668037439.5212698,1092.55,0.0,52.10518104,1.0,0.0,0.9034566250474316,0.0,987.0715356955714,0.0,0.0
1668037449.6307344,1092.55,0.0,52.10518104,1.0,0.0,0.9034566250474316,0.0,987.0715356955714,0.0,0.0
1668037459.4757483,1095.49,2.9400000000000546,55.21779957,1.0,0.0,0.9034566250474316,0.0,989.7276981732108,2.6561624776395547,0.0
1668037469.48465,1095.49,0.0,55.21779957,1.0,0.0,0.9034566250474316,0.0,989.7276981732108,1.1368683772161603e-13,0.0
1668037479.6132927,1095.49,0.0,55.21779957,1.0,0.0,0.9034566250474316,0.0,989.7276981732108,1.1368683772161603e-13,0.0
1668037489.4664502,1094.79,-0.7000000000000455,54.3149986,1.0,0.0,0.9034566250474316,0.0,989.0952785356776,-0.6324196375331894,0.0
1668037499.6029294,1094.79,0.0,54.3149986,1.0,0.0,0.9034566250474316,0.0,989.0952785356776,0.0,0.0
1668037509.4353335,1094.79,0.0,54.3149986,1.0,0.0,0.9034566250474316,0.0,989.0952785356776,0.0,0.0
1668037519.516466,1095.03,0.2400000000000091,54.62201954,1.0,0.0,0.9034566250474316,0.0,989.3121081256892,0.21682959001145719,0.0
1668037529.5059323,1095.03,0.0,54.62201954,1.0,0.0,0.9034566250474316,0.0,989.3121081256892,-1.1368683772161603e-13,0.0
1668037539.576413,1095.03,0.0,54.62201954,1.0,0.0,0.9034566250474316,0.0,989.3121081256892,-1.1368683772161603e-13,0.0
1668037549.498291,1095.2,0.17000000000007276,54.81684563,1.0,0.0,0.9034566250474316,0.0,989.4656957519472,0.15358762625794498,0.0
1668037559.5268188,1095.2,0.0,54.81684563,1.0,0.0,0.9034566250474316,0.0,989.4656957519472,-1.1368683772161603e-13,0.0
1668037569.5915792,1095.2,0.0,54.81684563,1.0,0.0,0.9034566250474316,0.0,989.4656957519472,-1.1368683772161603e-13,0.0
1668037579.504895,1100.39,5.190000000000055,60.05291615,1.0,0.0,0.9034566250474316,0.0,994.1546356359434,4.688939883996113,0.0
1668037589.8209224,1100.39,0.0,60.05291615,1.0,0.0,0.9034566250474316,0.0,994.1546356359434,0.0,0.0
1668037599.447813,1100.39,0.0,60.05291615,1.0,0.0,0.9034566250474316,0.0,994.1546356359434,0.0,0.0
1668037609.5408351,1104.21,3.8199999999999363,63.41361167,1.0,0.0,0.9034566250474316,0.0,997.6058399436243,3.4512043076811096,0.0
1668037620.1393895,1104.21,0.0,63.41361167,1.0,0.0,0.9034566250474316,0.0,997.6058399436243,1.1368683772161603e-13,0.0
1668037630.2593963,1104.21,0.0,63.41361167,1.0,0.0,0.9034566250474316,0.0,997.6058399436243,1.1368683772161603e-13,0.0
1668037640.364568,1101.27,-2.9400000000000546,60.88070571,1.0,0.0,0.9034566250474316,0.0,994.949677465985,-2.6561624776393273,0.0
1668037650.2800105,1101.27,0.0,60.88070571,1.0,0.0,0.9034566250474316,0.0,994.949677465985,0.0,0.0
1668037660.2275584,1101.27,0.0,60.88070571,1.0,0.0,0.9034566250474316,0.0,994.949677465985,0.0,0.0
1668037670.4430504,1100.27,-1.0,59.37499864,1.0,0.0,0.9034566250474316,0.0,994.0462208409376,-0.9034566250473972,0.0
1668037680.2787795,1100.27,0.0,59.37499864,1.0,0.0,0.9034566250474316,0.0,994.0462208409376,0.0,0.0
1668037690.2569008,1100.27,0.0,59.37499864,1.0,0.0,0.9034566250474316,0.0,994.0462208409376,0.0,0.0
1668037700.1855638,1097.31,-2.9600000000000364,55.32483429,1.0,0.0,0.9034566250474316,0.0,991.3719892307972,-2.6742316101405095,0.0
1668037710.4416668,1097.31,0.0,55.32483429,1.0,0.0,0.9034566250474316,0.0,991.3719892307972,-1.1368683772161603e-13,0.0
1668037720.2946608,1097.31,0.0,55.32483429,1.0,0.0,0.9034566250474316,0.0,991.3719892307972,-1.1368683772161603e-13,0.0
1668037730.2538526,1097.81,0.5,55.87240757,1.0,0.0,0.9034566250474316,0.0,991.8237175433208,0.45172831252364176,0.0
1668037740.2946336,1097.81,0.0,55.87240757,1.0,0.0,0.9034566250474316,0.0,991.8237175433208,1.1368683772161603e-13,0.0
1668037750.9220974,1097.81,0.0,55.87240757,1.0,0.0,0.9034566250474316,0.0,991.8237175433208,1.1368683772161603e-13,0.0
1668037760.3380551,1098.91,1.1000000000001364,57.03106056,1.0,0.0,0.9034566250474316,0.0,992.8175198308732,0.9938022875523984,0.0
1668037770.375272,1098.91,0.0,57.03106056,1.0,0.0,0.9034566250474316,0.0,992.8175198308732,0.0,0.0
1668037780.283288,1098.91,0.0,57.03106056,1.0,0.0,0.9034566250474316,0.0,992.8175198308732,0.0,0.0
1668037790.448184,1102.04,3.1299999999998818,60.23087998,1.0,0.0,0.9034566250474316,0.0,995.6453390672716,2.8278192363983408,0.0
1668037801.017351,1102.04,0.0,60.23087998,1.0,0.0,0.9034566250474316,0.0,995.6453390672716,-1.1368683772161603e-13,0.0
1668037811.0881348,1102.04,0.0,60.23087998,1.0,0.0,0.9034566250474316,0.0,995.6453390672716,-1.1368683772161603e-13,0.0
1668037820.920137,1100.45,-1.5899999999999181,58.66731011,1.0,0.0,0.9034566250474316,0.0,994.2088430334462,-1.4364960338253923,0.0
1668037831.1536243,1100.45,0.0,58.66731011,1.0,0.0,0.9034566250474316,0.0,994.2088430334462,0.0,0.0
1668037841.0475545,1102.18,1.7300000000000182,60.48759129,1.0,0.0,0.9034566250474316,0.0,995.7718229947784,1.5629799613320756,0.0
1668037851.1239936,1102.18,0.0,60.48759129,1.0,0.0,0.9034566250474316,0.0,995.7718229947784,-1.1368683772161603e-13,0.0
1668037861.1602027,1102.18,0.0,60.48759129,1.0,0.0,0.9034566250474316,0.0,995.7718229947784,-1.1368683772161603e-13,0.0
1668037870.9942229,1102.11,-0.07000000000016371,60.42481968,1.0,0.0,0.9034566250474316,0.0,995.7085810310248,-0.0632419637536259,0.0
1668037881.2281294,1102.11,0.0,60.42481968,1.0,0.0,0.9034566250474316,0.0,995.7085810310248,0.0,0.0
1668037891.1398354,1102.11,0.0,60.42481968,1.0,0.0,0.9034566250474316,0.0,995.7085810310248,0.0,0.0
1668037901.4090989,1101.56,-0.5499999999999545,59.57767279,1.0,0.0,0.9034566250474316,0.0,995.2116798872488,-0.4969011437760855,0.0
1668037911.3811593,1101.56,0.0,59.57767279,1.0,0.0,0.9034566250474316,0.0,995.2116798872488,-1.1368683772161603e-13,0.0
1668037921.1800926,1101.56,0.0,59.57767279,1.0,0.0,0.9034566250474316,0.0,995.2116798872488,-1.1368683772161603e-13,0.0
1668037931.0593832,1101.1,-0.4600000000000364,58.79172681,1.0,0.0,0.9034566250474316,0.0,994.7960898397268,-0.4155900475219596,0.0
1668037941.136828,1101.1,0.0,58.79172681,1.0,0.0,0.9034566250474316,0.0,994.7960898397268,0.0,0.0
1668037951.0526097,1101.1,0.0,58.79172681,1.0,0.0,0.9034566250474316,0.0,994.7960898397268,0.0,0.0
1668037961.1045291,1101.95,0.8500000000001364,60.01140504,1.0,0.0,0.9034566250474316,0.0,995.5640279710174,0.7679381312905207,0.0
1668037971.34944,1101.95,0.0,60.01140504,1.0,0.0,0.9034566250474316,0.0,995.5640279710174,0.0,0.0
1668037982.1554232,1101.95,0.0,60.01140504,1.0,0.0,0.9034566250474316,0.0,995.5640279710174,0.0,0.0
1668037992.0315745,1101.1,-0.8500000000001364,58.78756341,1.0,0.0,0.9034566250474316,0.0,994.7960898397268,-0.7679381312905207,0.0
1668038002.1127586,1101.1,0.0,58.78756341,1.0,0.0,0.9034566250474316,0.0,994.7960898397268,0.0,0.0
1668038012.0538106,1101.1,0.0,58.78756341,1.0,0.0,0.9034566250474316,0.0,994.7960898397268,0.0,0.0
1668038022.0318477,1098.26,-2.839999999999918,54.01788829,1.0,0.0,0.9034566250474316,0.0,992.2302730245924,-2.5658168151345535,0.0
1668038032.0073507,1098.26,0.0,54.01788829,1.0,0.0,0.9034566250474316,0.0,992.2302730245924,-1.1368683772161603e-13,0.0
1668038042.6598923,1098.26,0.0,54.01788829,1.0,0.0,0.9034566250474316,0.0,992.2302730245924,-1.1368683772161603e-13,0.0
1668038052.0476367,1096.27,-1.990000000000009,51.10963367,1.0,0.0,0.9034566250474316,0.0,990.4323943407478,-1.7978786838446013,0.0
1668038062.2300792,1096.27,0.0,51.10963367,1.0,0.0,0.9034566250474316,0.0,990.4323943407478,0.0,0.0
1668038072.0850697,1096.27,0.0,51.10963367,1.0,0.0,0.9034566250474316,0.0,990.4323943407478,0.0,0.0
1668038082.3261652,1093.87,-2.400000000000091,47.7694154,1.0,0.0,0.9034566250474316,0.0,988.264098440634,-2.1682959001138897,0.0
1668038092.0197394,1093.87,0.0,47.7694154,1.0,0.0,0.9034566250474316,0.0,988.264098440634,-1.1368683772161603e-13,0.0
1668038102.0716257,1093.87,0.0,47.7694154,1.0,0.0,0.9034566250474316,0.0,988.264098440634,-1.1368683772161603e-13,0.0
1668038112.2725606,1094.55,0.6800000000000637,48.67081413,1.0,0.0,0.9034566250474316,0.0,988.8784489456664,0.6143505050322347,0.0
1668038122.1534965,1094.55,0.0,48.67081413,1.0,0.0,0.9034566250474316,0.0,988.8784489456664,-1.1368683772161603e-13,0.0
1668038132.080031,1094.55,0.0,48.67081413,1.0,0.0,0.9034566250474316,0.0,988.8784489456664,-1.1368683772161603e-13,0.0
1668038142.2173374,1096.41,1.8600000000001273,51.37369557,1.0,0.0,0.9034566250474316,0.0,990.5588782682546,1.6804293225882247,0.0
1668038152.1428063,1096.41,0.0,51.37369557,1.0,0.0,0.9034566250474316,0.0,990.5588782682546,0.0,0.0
1668038163.088783,1096.41,0.0,51.37369557,1.0,0.0,0.9034566250474316,0.0,990.5588782682546,0.0,0.0
1668038173.022773,1097.81,1.3999999999998636,53.21605288,1.0,0.0,0.9034566250474316,0.0,991.8237175433208,1.2648392750662651,0.0
1668038183.0890365,1097.81,0.0,53.21605288,1.0,0.0,0.9034566250474316,0.0,991.8237175433208,1.1368683772161603e-13,0.0
1668038193.0478325,1097.81,0.0,53.21605288,1.0,0.0,0.9034566250474316,0.0,991.8237175433208,1.1368683772161603e-13,0.0
1668038203.3256297,1101.71,3.900000000000091,58.02477382,1.0,0.0,0.9034566250474316,0.0,995.347198381006,3.523480837685156,0.0
1668038212.952268,1101.71,0.0,58.02477382,1.0,0.0,0.9034566250474316,0.0,995.347198381006,-1.1368683772161603e-13,0.0
1668038223.237808,1101.71,0.0,58.02477382,1.0,0.0,0.9034566250474316,0.0,995.347198381006,-1.1368683772161603e-13,0.0
1668038232.9853706,1104.05,2.339999999999918,60.22966995,1.0,0.0,0.9034566250474316,0.0,997.4612868836168,2.114088502610798,0.0
1668038242.985072,1104.05,0.0,60.22966995,1.0,0.0,0.9034566250474316,0.0,997.4612868836168,0.0,0.0
1668038252.9848187,1104.05,0.0,60.22966995,1.0,0.0,0.9034566250474316,0.0,997.4612868836168,0.0,0.0
1668038263.076764,1103.39,-0.6599999999998545,59.20590757,1.0,0.0,0.9034566250474316,0.0,996.8650055110857,-0.5962813725311662,0.0
1668038272.9847908,1103.39,0.0,59.20590757,1.0,0.0,0.9034566250474316,0.0,996.8650055110857,0.0,0.0
1668038283.0451353,1103.39,0.0,59.20590757,1.0,0.0,0.9034566250474316,0.0,996.8650055110857,0.0,0.0
1668038293.1745214,1101.6,-1.790000000000191,56.59438842,1.0,0.0,0.9034566250474316,0.0,995.2478181522506,-1.6171873588350536,0.0
1668038303.3635778,1101.6,0.0,56.59438842,1.0,0.0,0.9034566250474316,0.0,995.2478181522506,0.0,0.0
1668038313.2897613,1101.6,0.0,56.59438842,1.0,0.0,0.9034566250474316,0.0,995.2478181522506,0.0,0.0
1668038323.205902,1100.58,-1.0199999999999818,55.10757704,1.0,0.0,0.9034566250474316,0.0,994.3262923947024,-0.921525757548352,0.0
1668038333.0264802,1100.58,0.0,55.10757704,1.0,0.0,0.9034566250474316,0.0,994.3262923947024,-1.1368683772161603e-13,0.0
1668038344.1207144,1100.58,0.0,55.10757704,1.0,0.0,0.9034566250474316,0.0,994.3262923947024,-1.1368683772161603e-13,0.0
1668038354.0845563,1101.28,0.7000000000000455,56.12173317,1.0,0.0,0.9034566250474316,0.0,994.9587120322354,0.6324196375330757,0.0
1668038364.042385,1101.28,0.0,56.12173317,1.0,0.0,0.9034566250474316,0.0,994.9587120322354,0.0,0.0
1668038374.1966355,1101.28,0.0,56.12173317,1.0,0.0,0.9034566250474316,0.0,994.9587120322354,0.0,0.0
1668038383.9914794,1100.52,-0.7599999999999909,54.93956581,1.0,0.0,0.9034566250474316,0.0,994.2720849971994,-0.6866270350360537,0.0
1668038394.1172116,1100.52,0.0,54.93956581,1.0,0.0,0.9034566250474316,0.0,994.2720849971994,0.0,0.0
1668038404.263166,1100.52,0.0,54.93956581,1.0,0.0,0.9034566250474316,0.0,994.2720849971994,0.0,0.0
1668038414.082187,1100.52,0.0,54.93956581,1.0,0.0,0.9034566250474316,0.0,994.2720849971994,0.0,0.0
1668038424.154565,1102.73,2.2100000000000364,57.85204607,1.0,0.0,0.9034566250474316,0.0,996.2687241385544,1.9966391413548763,0.0
1668038434.0867748,1102.73,0.0,57.85204607,1.0,0.0,0.9034566250474316,0.0,996.2687241385544,-1.1368683772161603e-13,0.0
1668038444.0870948,1099.01,-3.7200000000000273,52.16821951,1.0,0.0,0.9034566250474316,0.0,992.9078654933778,-3.360858645176563,0.0
1668038454.1027226,1099.01,0.0,52.16821951,1.0,0.0,0.9034566250474316,0.0,992.9078654933778,0.0,0.0
1668038464.164982,1099.01,0.0,52.16821951,1.0,0.0,0.9034566250474316,0.0,992.9078654933778,0.0,0.0
1668038474.0312474,1098.64,-0.36999999999989086,51.66336808,1.0,0.0,0.9034566250474316,0.0,992.5735865421104,-0.33427895126749263,0.0
1668038484.071482,1098.64,0.0,51.66336808,1.0,0.0,0.9034566250474316,0.0,992.5735865421104,-1.1368683772161603e-13,0.0
1668038494.3374646,1098.64,0.0,51.66336808,1.0,0.0,0.9034566250474316,0.0,992.5735865421104,-1.1368683772161603e-13,0.0
1668038504.1359153,1102.48,3.839999999999918,56.38122952,1.0,0.0,0.9034566250474316,0.0,996.0428599822924,3.4692734401819507,0.0
1668038514.1642218,1102.48,0.0,56.38122952,1.0,0.0,0.9034566250474316,0.0,996.0428599822924,0.0,0.0
1668038525.394549,1102.48,0.0,56.38122952,1.0,0.0,0.9034566250474316,0.0,996.0428599822924,0.0,0.0
1668038535.246264,1098.94,-3.5399999999999636,52.06612204,1.0,0.0,0.9034566250474316,0.0,992.8446235296244,-3.1982364526678566,0.0
1668038545.525516,1098.94,0.0,52.06612204,1.0,0.0,0.9034566250474316,0.0,992.8446235296244,1.1368683772161603e-13,0.0
1668038555.748672,1098.94,0.0,52.06612204,1.0,0.0,0.9034566250474316,0.0,992.8446235296244,1.1368683772161603e-13,0.0
1668038565.420596,1096.09,-2.8500000000001364,47.95728956,1.0,0.0,0.9034566250474316,0.0,990.2697721482392,-2.5748513813852014,0.0
1668038575.369403,1096.09,0.0,47.95728956,1.0,0.0,0.9034566250474316,0.0,990.2697721482392,0.0,0.0
1668038585.154022,1096.09,0.0,47.95728956,1.0,0.0,0.9034566250474316,0.0,990.2697721482392,0.0,0.0
1668038595.3035877,1087.23,-8.8599999999999,38.50902069,1.0,0.0,0.9034566250474316,0.0,982.2651464503192,-8.004625697920119,0.0
1668038605.3050723,1087.23,0.0,38.50902069,1.0,0.0,0.9034566250474316,0.0,982.2651464503192,-1.1368683772161603e-13,0.0
1668038615.2706842,1087.23,0.0,38.50902069,1.0,0.0,0.9034566250474316,0.0,982.2651464503192,-1.1368683772161603e-13,0.0
1668038625.2818694,1092.11,4.879999999999882,44.94034734,1.0,0.0,0.9034566250474316,0.0,986.6740147805504,4.4088683302312575,0.0
1668038635.3520322,1092.11,0.0,44.94034734,1.0,0.0,0.9034566250474316,0.0,986.6740147805504,1.1368683772161603e-13,0.0
1668038645.2469664,1092.11,0.0,44.94034734,1.0,0.0,0.9034566250474316,0.0,986.6740147805504,1.1368683772161603e-13,0.0
1668038655.3385985,1091.55,-0.5599999999999454,44.27189973,1.0,0.0,0.9034566250474316,0.0,986.168079070524,-0.5059357100263924,0.0
1668038665.2192264,1091.55,0.0,44.27189973,1.0,0.0,0.9034566250474316,0.0,986.168079070524,0.0,0.0
1668038675.3173378,1091.55,0.0,44.27189973,1.0,0.0,0.9034566250474316,0.0,986.168079070524,0.0,0.0
1668038685.4307184,1092.1,0.5499999999999545,44.9793822,1.0,0.0,0.9034566250474316,0.0,986.6649802143,0.4969011437760855,0.0
1668038695.394564,1092.1,0.0,44.9793822,1.0,0.0,0.9034566250474316,0.0,986.6649802143,0.0,0.0
1668038705.9184985,1092.1,0.0,44.9793822,1.0,0.0,0.9034566250474316,0.0,986.6649802143,0.0,0.0
1668038716.1832206,1096.72,4.620000000000118,50.28218051,1.0,0.0,0.9034566250474316,0.0,990.8389498220192,4.173969607719187,0.0
1668038725.989592,1096.72,0.0,50.28218051,1.0,0.0,0.9034566250474316,0.0,990.8389498220192,0.0,0.0
1668038735.7874897,1096.72,0.0,50.28218051,1.0,0.0,0.9034566250474316,0.0,990.8389498220192,0.0,0.0
1668038745.874617,1097.59,0.8699999999998909,51.23514397,1.0,0.0,0.9034566250474316,0.0,991.6249570858104,0.7860072637911344,0.0
1668038755.95546,1097.59,0.0,51.23514397,1.0,0.0,0.9034566250474316,0.0,991.6249570858104,0.0,0.0
1668038765.8948052,1097.59,0.0,51.23514397,1.0,0.0,0.9034566250474316,0.0,991.6249570858104,0.0,0.0
1668038775.807868,1100.72,3.130000000000109,54.37830722,1.0,0.0,0.9034566250474316,0.0,994.4527763222088,2.827819236398568,0.0
1668038786.0663917,1100.72,0.0,54.37830722,1.0,0.0,0.9034566250474316,0.0,994.4527763222088,1.1368683772161603e-13,0.0
1668038795.8964643,1100.72,0.0,54.37830722,1.0,0.0,0.9034566250474316,0.0,994.4527763222088,1.1368683772161603e-13,0.0
1668038805.9537098,1100.4,-0.31999999999993634,53.99496554,1.0,0.0,0.9034566250474316,0.0,994.163670202194,-0.2891061200149352,0.0
1668038815.974167,1100.4,0.0,53.99496554,1.0,0.0,0.9034566250474316,0.0,994.163670202194,-1.1368683772161603e-13,0.0
1668038825.9071212,1100.4,0.0,53.99496554,1.0,0.0,0.9034566250474316,0.0,994.163670202194,-1.1368683772161603e-13,0.0
1668038835.8755026,1099.18,-1.2200000000000273,52.58089226,1.0,0.0,0.9034566250474316,0.0,993.061453119636,-1.1022170825580133,0.0
1668038846.003566,1099.18,0.0,52.58089226,1.0,0.0,0.9034566250474316,0.0,993.061453119636,0.0,0.0
1668038855.889862,1099.18,0.0,52.58089226,1.0,0.0,0.9034566250474316,0.0,993.061453119636,0.0,0.0
1668038865.940338,1101.08,1.8999999999998636,54.57689249,1.0,0.0,0.9034566250474316,0.0,994.778020707226,1.7165675875900206,0.0
1668038876.276214,1101.08,0.0,54.57689249,1.0,0.0,0.9034566250474316,0.0,994.778020707226,0.0,0.0
1668038886.5295246,1101.08,0.0,54.57689249,1.0,0.0,0.9034566250474316,0.0,994.778020707226,0.0,0.0
1668038896.771251,1100.48,-0.599999999999909,53.96261972,1.0,0.0,0.9034566250474316,0.0,994.2359467321976,-0.5420739750284156,0.0
1668038906.665166,1100.48,0.0,53.96261972,1.0,0.0,0.9034566250474316,0.0,994.2359467321976,0.0,0.0
1668038916.5490968,1100.48,0.0,53.96261972,1.0,0.0,0.9034566250474316,0.0,994.2359467321976,0.0,0.0
1668038926.9410582,1102.24,1.759999999999991,55.84264466,1.0,0.0,0.9034566250474316,0.0,995.826030392281,1.590083660083451,0.0
1668038936.698073,1102.24,0.0,55.84264466,1.0,0.0,0.9034566250474316,0.0,995.826030392281,0.0,0.0
1668038946.5902505,1102.24,0.0,55.84264466,1.0,0.0,0.9034566250474316,0.0,995.826030392281,0.0,0.0
1668038956.6105735,1101.49,-0.75,55.06138261,1.0,0.0,0.9034566250474316,0.0,995.1484379234956,-0.6775924687855195,0.0
1668038966.7399385,1101.49,0.0,55.06138261,1.0,0.0,0.9034566250474316,0.0,995.1484379234956,-1.1368683772161603e-13,0.0
1668038976.677629,1101.49,0.0,55.06138261,1.0,0.0,0.9034566250474316,0.0,995.1484379234956,-1.1368683772161603e-13,0.0
1668038986.65301,1098.92,-2.5699999999999363,51.68672853,1.0,0.0,0.9034566250474316,0.0,992.8265543971236,-2.321883526372062,0.0
1668038996.5983498,1098.92,0.0,51.68672853,1.0,0.0,0.9034566250474316,0.0,992.8265543971236,0.0,0.0
1668039006.7794678,1098.92,0.0,51.68672853,1.0,0.0,0.9034566250474316,0.0,992.8265543971236,0.0,0.0
1668039016.6051674,1098.0,-0.9200000000000728,50.57615921,1.0,0.0,0.9034566250474316,0.0,991.99537430208,-0.8311800950436918,0.0
1668039026.7701075,1098.0,0.0,50.57615921,1.0,0.0,0.9034566250474316,0.0,991.99537430208,-1.1368683772161603e-13,0.0
1668039037.015387,1098.0,0.0,50.57615921,1.0,0.0,0.9034566250474316,0.0,991.99537430208,-1.1368683772161603e-13,0.0
1668039046.7105162,1099.6,1.599999999999909,52.48781484,1.0,0.0,0.9034566250474316,0.0,993.4409049021556,1.4455306000756991,0.0
1668039056.739325,1099.6,0.0,52.48781484,1.0,0.0,0.9034566250474316,0.0,993.4409049021556,1.1368683772161603e-13,0.0
1668039067.6985705,1099.6,0.0,52.48781484,1.0,0.0,0.9034566250474316,0.0,993.4409049021556,1.1368683772161603e-13,0.0
1668039077.5227733,1105.46,5.860000000000127,58.38321219,1.0,0.0,0.9034566250474316,0.0,998.7351607249338,5.294255822778268,0.0
1668039087.550393,1105.46,0.0,58.38321219,1.0,0.0,0.9034566250474316,0.0,998.7351607249338,0.0,0.0
1668039097.5725543,1105.46,0.0,58.38321219,1.0,0.0,0.9034566250474316,0.0,998.7351607249338,0.0,0.0
1668039107.458642,1106.49,1.0299999999999727,59.33812295,1.0,0.0,0.9034566250474316,0.0,999.6657210487326,0.9305603237987725,0.0
1668039117.5873694,1106.49,0.0,59.33812295,1.0,0.0,0.9034566250474316,0.0,999.6657210487326,0.0,0.0
1668039127.561644,1106.49,0.0,59.33812295,1.0,0.0,0.9034566250474316,0.0,999.6657210487326,0.0,0.0
1668039137.596855,1107.4,0.9100000000000819,60.14604567,1.0,0.0,0.9034566250474316,0.0,1000.487866577526,0.8221455287932713,0.0
1668039147.5428026,1107.4,0.0,60.14604567,1.0,0.0,0.9034566250474316,0.0,1000.487866577526,-1.1368683772161603e-13,0.0
1668039157.6380725,1107.4,0.0,60.14604567,1.0,0.0,0.9034566250474316,0.0,1000.487866577526,-1.1368683772161603e-13,0.0
1668039167.8499012,1112.49,5.089999999999918,64.40613422,1.0,0.0,0.9034566250474316,0.0,1005.0864607990172,4.598594221491226,0.0
1668039177.5045612,1112.49,0.0,64.40613422,1.0,0.0,0.9034566250474316,0.0,1005.0864607990172,0.0,0.0
1668039187.7440028,1112.49,0.0,64.40613422,1.0,0.0,0.9034566250474316,0.0,1005.0864607990172,0.0,0.0
1668039197.7118669,1120.98,8.490000000000009,69.79203748,0.0,1.0,0.0,1012.75680754567,1012.75680754567,7.67034674665274,0.0
1668039207.654672,1120.98,0.0,69.79203748,0.0,1.0,0.0,1012.75680754567,1012.75680754567,0.0,0.0
1668039217.5658305,1120.98,0.0,69.79203748,0.0,1.0,0.0,1012.75680754567,1012.75680754567,0.0,0.0
1668039227.603185,1124.31,3.3299999999999272,71.6067967,0.0,1.0,0.0,1012.75680754567,1012.75680754567,0.0,0.0
1668039237.9386468,1124.31,0.0,71.6067967,0.0,1.0,0.0,1012.75680754567,1012.75680754567,0.0,0.0
1668039248.8173048,1124.31,0.0,71.6067967,0.0,1.0,0.0,1012.75680754567,1012.75680754567,0.0,0.0
1668039258.6229146,1121.89,-2.4199999999998454,70.31060244,0.0,1.0,0.0,1012.75680754567,1012.75680754567,0.0,0.0
1668039268.867171,1121.89,0.0,70.31060244,0.0,1.0,0.0,1012.75680754567,1012.75680754567,0.0,0.0
1668039278.7001047,1121.89,0.0,70.31060244,0.0,1.0,0.0,1012.75680754567,1012.75680754567,0.0,0.0
1668039288.788378,1123.4,1.509999999999991,71.19425408,0.0,1.0,0.0,1012.75680754567,1012.75680754567,0.0,0.0
1668039298.7444737,1123.4,0.0,71.19425408,0.0,1.0,0.0,1012.75680754567,1012.75680754567,0.0,0.0
1668039308.6323876,1123.4,0.0,71.19425408,0.0,1.0,0.0,1012.75680754567,1012.75680754567,0.0,0.0
1668039318.819379,1118.17,-5.230000000000018,65.37035394,0.0,1.0,0.0,1012.75680754567,1012.75680754567,0.0,0.0
1668039328.7213151,1118.17,0.0,65.37035394,0.0,1.0,0.0,1012.75680754567,1012.75680754567,0.0,0.0
1668039338.770421,1118.17,0.0,65.37035394,0.0,1.0,0.0,1012.75680754567,1012.75680754567,0.0,0.0
1668039348.6974976,1123.94,5.769999999999982,69.00781032,0.0,1.0,0.0,1012.75680754567,1012.75680754567,0.0,0.0
1668039358.7839687,1123.94,0.0,69.00781032,0.0,1.0,0.0,1012.75680754567,1012.75680754567,0.0,0.0
1668039368.6908658,1123.94,0.0,69.00781032,0.0,1.0,0.0,1012.75680754567,1012.75680754567,0.0,0.0
1668039378.719058,1114.69,-9.25,61.04530148,0.0,1.0,0.0,1012.75680754567,1012.75680754567,0.0,0.0
1668039388.6658494,1114.69,0.0,61.04530148,0.0,1.0,0.0,1012.75680754567,1012.75680754567,0.0,0.0
1668039399.1541514,1114.69,0.0,61.04530148,0.0,1.0,0.0,1012.75680754567,1012.75680754567,0.0,0.0
1668039408.6386275,1122.36,7.669999999999845,66.32683042,0.0,1.0,0.0,1012.75680754567,1012.75680754567,0.0,0.0
1668039418.7407672,1122.36,0.0,66.32683042,0.0,1.0,0.0,1012.75680754567,1012.75680754567,0.0,0.0
1668039430.100427,1122.36,0.0,66.32683042,0.0,1.0,0.0,1012.75680754567,1012.75680754567,0.0,0.0
1668039439.6730068,1118.52,-3.839999999999918,63.87625925,0.0,1.0,0.0,1012.75680754567,1012.75680754567,0.0,0.0
1668039449.558048,1118.52,0.0,63.87625925,0.0,1.0,0.0,1012.75680754567,1012.75680754567,0.0,0.0
1668039459.842878,1118.52,0.0,63.87625925,0.0,1.0,0.0,1012.75680754567,1012.75680754567,0.0,0.0
1668039469.6944785,1116.92,-1.599999999999909,61.86921576,0.0,1.0,0.0,1012.75680754567,1012.75680754567,0.0,0.0
1668039479.6182363,1116.92,0.0,61.86921576,0.0,1.0,0.0,1012.75680754567,1012.75680754567,0.0,0.0
1668039489.7170231,1116.92,0.0,61.86921576,0.0,1.0,0.0,1012.75680754567,1012.75680754567,0.0,0.0
1668039499.6661525,1111.72,-5.2000000000000455,56.09166097,0.0,1.0,0.0,1012.75680754567,1012.75680754567,0.0,0.0
1668039509.802914,1111.72,0.0,56.09166097,0.0,1.0,0.0,1012.75680754567,1012.75680754567,0.0,0.0
1668039519.659263,1111.72,0.0,56.09166097,0.0,1.0,0.0,1012.75680754567,1012.75680754567,0.0,0.0
1668039529.711396,1116.5,4.779999999999973,59.81615382,0.0,1.0,0.0,1012.75680754567,1012.75680754567,0.0,0.0
1668039539.791916,1116.5,0.0,59.81615382,0.0,1.0,0.0,1012.75680754567,1012.75680754567,0.0,0.0
1668039549.889109,1116.5,0.0,59.81615382,0.0,1.0,0.0,1012.75680754567,1012.75680754567,0.0,0.0
1668039559.996218,1112.07,-4.430000000000064,56.39475559,0.0,1.0,0.0,1012.75680754567,1012.75680754567,0.0,0.0
1668039569.7103124,1112.07,0.0,56.39475559,0.0,1.0,0.0,1012.75680754567,1012.75680754567,0.0,0.0
1668039579.677564,1112.07,0.0,56.39475559,0.0,1.0,0.0,1012.75680754567,1012.75680754567,0.0,0.0
1668039589.7122664,1115.28,3.2100000000000364,59.11188674,0.0,1.0,0.0,1012.75680754567,1012.75680754567,0.0,0.0
1668039599.719216,1115.28,0.0,59.11188674,0.0,1.0,0.0,1012.75680754567,1012.75680754567,0.0,0.0
1668039610.4311492,1115.28,0.0,59.11188674,0.0,1.0,0.0,1012.75680754567,1012.75680754567,0.0,0.0
1668039620.3564076,1116.19,0.9100000000000819,59.82162884,0.0,1.0,0.0,1012.75680754567,1012.75680754567,0.0,0.0
1668039630.4860835,1116.19,0.0,59.82162884,0.0,1.0,0.0,1012.75680754567,1012.75680754567,0.0,0.0
1668039640.4866078,1116.19,0.0,59.82162884,0.0,1.0,0.0,1012.75680754567,1012.75680754567,0.0,0.0
1668039650.4448898,1118.49,2.2999999999999545,61.6342949,0.0,1.0,0.0,1012.75680754567,1012.75680754567,0.0,0.0
1668039660.546022,1118.49,0.0,61.6342949,0.0,1.0,0.0,1012.75680754567,1012.75680754567,0.0,0.0
1668039670.456086,1118.49,0.0,61.6342949,0.0,1.0,0.0,1012.75680754567,1012.75680754567,0.0,0.0
1668039680.4959188,1123.33,4.839999999999918,64.96134575,0.0,1.0,0.0,1012.75680754567,1012.75680754567,0.0,0.0
1668039690.5870855,1123.33,0.0,64.96134575,0.0,1.0,0.0,1012.75680754567,1012.75680754567,0.0,0.0
1668039700.8567617,1123.33,0.0,64.96134575,0.0,1.0,0.0,1012.75680754567,1012.75680754567,0.0,0.0
1668039710.6806805,1121.05,-2.2799999999999727,62.22882348,0.0,1.0,0.0,1012.75680754567,1012.75680754567,0.0,0.0
1668039720.72047,1121.05,0.0,62.22882348,0.0,1.0,0.0,1012.75680754567,1012.75680754567,0.0,0.0
1668039730.649445,1121.05,0.0,62.22882348,0.0,1.0,0.0,1012.75680754567,1012.75680754567,0.0,0.0
1668039740.4814093,1121.78,0.7300000000000182,63.07572513,0.0,1.0,0.0,1012.75680754567,1012.75680754567,0.0,0.0
1668039750.8149242,1121.78,0.0,63.07572513,0.0,1.0,0.0,1012.75680754567,1012.75680754567,0.0,0.0
1668039760.5585291,1121.78,0.0,63.07572513,0.0,1.0,0.0,1012.75680754567,1012.75680754567,0.0,0.0
1668039770.4284277,1120.77,-1.009999999999991,61.82091551,0.0,1.0,0.0,1012.75680754567,1012.75680754567,0.0,0.0
1668039780.5606775,1120.77,0.0,61.82091551,0.0,1.0,0.0,1012.75680754567,1012.75680754567,0.0,0.0
1668039791.5370252,1121.38,0.6100000000001273,62.57490042,0.0,1.0,0.0,1012.75680754567,1012.75680754567,0.0,0.0
1668039801.395102,1121.38,0.0,62.57490042,0.0,1.0,0.0,1012.75680754567,1012.75680754567,0.0,0.0
1668039811.4177892,1121.38,0.0,62.57490042,0.0,1.0,0.0,1012.75680754567,1012.75680754567,0.0,0.0
1668039821.5851655,1122.42,1.0399999999999636,63.40127476,0.0,1.0,0.0,1012.75680754567,1012.75680754567,0.0,0.0
1668039831.5001402,1122.42,0.0,63.40127476,0.0,1.0,0.0,1012.75680754567,1012.75680754567,0.0,0.0
1668039841.6211646,1122.42,0.0,63.40127476,0.0,1.0,0.0,1012.75680754567,1012.75680754567,0.0,0.0
1668039851.5755355,1121.7,-0.7200000000000273,62.83682059,0.0,1.0,0.0,1012.75680754567,1012.75680754567,0.0,0.0
1668039861.4537518,1121.7,0.0,62.83682059,0.0,1.0,0.0,1012.75680754567,1012.75680754567,0.0,0.0
1668039871.4962037,1121.7,0.0,62.83682059,0.0,1.0,0.0,1012.75680754567,1012.75680754567,0.0,0.0
1668039881.558586,1128.79,7.089999999999918,68.06063171,0.0,1.0,0.0,1012.75680754567,1012.75680754567,0.0,0.0
1668039891.781279,1128.79,0.0,68.06063171,0.0,1.0,0.0,1012.75680754567,1012.75680754567,0.0,0.0
1668039901.5526946,1128.79,0.0,68.06063171,0.0,1.0,0.0,1012.75680754567,1012.75680754567,0.0,0.0
1668039912.08146,1128.82,0.029999999999972715,68.08010353,0.0,1.0,0.0,1012.75680754567,1012.75680754567,0.0,0.0
1668039921.5625436,1128.82,0.0,68.08010353,0.0,1.0,0.0,1012.75680754567,1012.75680754567,0.0,0.0
1668039931.6500392,1128.82,0.0,68.08010353,0.0,1.0,0.0,1012.75680754567,1012.75680754567,0.0,0.0
1668039941.756608,1128.2,-0.6199999999998909,67.19844842,0.0,1.0,0.0,1012.75680754567,1012.75680754567,0.0,0.0
1668039951.5700254,1128.2,0.0,67.19844842,0.0,1.0,0.0,1012.75680754567,1012.75680754567,0.0,0.0
1668039961.584881,1128.2,0.0,67.19844842,0.0,1.0,0.0,1012.75680754567,1012.75680754567,0.0,0.0
1668039972.4489665,1125.89,-2.3099999999999454,64.07392665,0.0,1.0,0.0,1012.75680754567,1012.75680754567,0.0,0.0
1668039982.5269244,1125.89,0.0,64.07392665,0.0,1.0,0.0,1012.75680754567,1012.75680754567,0.0,0.0
1668039992.5251253,1125.89,0.0,64.07392665,0.0,1.0,0.0,1012.75680754567,1012.75680754567,0.0,0.0
1668040002.5202808,1128.97,3.0799999999999272,66.35801524,0.0,1.0,0.0,1012.75680754567,1012.75680754567,0.0,0.0
1668040012.467847,1128.97,0.0,66.35801524,0.0,1.0,0.0,1012.75680754567,1012.75680754567,0.0,0.0
1668040022.499191,1128.97,0.0,66.35801524,0.0,1.0,0.0,1012.75680754567,1012.75680754567,0.0,0.0
1668040032.536096,1130.05,1.0799999999999272,67.0813657,0.0,1.0,0.0,1012.75680754567,1012.75680754567,0.0,0.0
1668040042.5565264,1130.05,0.0,67.0813657,0.0,1.0,0.0,1012.75680754567,1012.75680754567,0.0,0.0
1668040052.613093,1130.05,0.0,67.0813657,0.0,1.0,0.0,1012.75680754567,1012.75680754567,0.0,0.0
1668040062.523878,1131.39,1.3400000000001455,68.0000637,0.0,1.0,0.0,1012.75680754567,1012.75680754567,0.0,0.0
1668040073.0884025,1131.39,0.0,68.0000637,0.0,1.0,0.0,1012.75680754567,1012.75680754567,0.0,0.0
1668040082.8119318,1131.39,0.0,68.0000637,0.0,1.0,0.0,1012.75680754567,1012.75680754567,0.0,0.0
1668040092.5585485,1128.47,-2.9200000000000728,64.84633348,0.0,1.0,0.0,1012.75680754567,1012.75680754567,0.0,0.0
1668040102.7913404,1128.47,0.0,64.84633348,0.0,1.0,0.0,1012.75680754567,1012.75680754567,0.0,0.0
1668040112.5249126,1128.47,0.0,64.84633348,0.0,1.0,0.0,1012.75680754567,1012.75680754567,0.0,0.0
1668040122.6226225,1130.51,2.0399999999999636,66.37268445,0.0,1.0,0.0,1012.75680754567,1012.75680754567,0.0,0.0
1668040132.5439134,1130.51,0.0,66.37268445,0.0,1.0,0.0,1012.75680754567,1012.75680754567,0.0,0.0
1668040142.4737654,1130.51,0.0,66.37268445,0.0,1.0,0.0,1012.75680754567,1012.75680754567,0.0,0.0
1668040153.3099167,1131.28,0.7699999999999818,66.91490592,0.0,1.0,0.0,1012.75680754567,1012.75680754567,0.0,0.0
1668040163.2262251,1131.28,0.0,66.91490592,0.0,1.0,0.0,1012.75680754567,1012.75680754567,0.0,0.0
1668040173.196813,1131.28,0.0,66.91490592,0.0,1.0,0.0,1012.75680754567,1012.75680754567,0.0,0.0
1668040183.1653893,1137.81,6.529999999999973,71.16170087,0.0,1.0,0.0,1012.75680754567,1012.75680754567,0.0,0.0
1668040193.1964557,1137.81,0.0,71.16170087,0.0,1.0,0.0,1012.75680754567,1012.75680754567,0.0,0.0
1668040203.2856932,1137.81,0.0,71.16170087,0.0,1.0,0.0,1012.75680754567,1012.75680754567,0.0,0.0
1668040213.156604,1139.96,2.150000000000091,72.33145833,0.0,1.0,0.0,1012.75680754567,1012.75680754567,0.0,0.0
1668040223.1557071,1139.96,0.0,72.33145833,0.0,1.0,0.0,1012.75680754567,1012.75680754567,0.0,0.0
1668040233.405152,1139.96,0.0,72.33145833,0.0,1.0,0.0,1012.75680754567,1012.75680754567,0.0,0.0
1668040243.2827103,1136.34,-3.6200000000001182,67.38420373,0.0,1.0,0.0,1012.75680754567,1012.75680754567,0.0,0.0
1668040253.2213235,1136.34,0.0,67.38420373,0.0,1.0,0.0,1012.75680754567,1012.75680754567,0.0,0.0
1668040263.2425587,1136.34,0.0,67.38420373,0.0,1.0,0.0,1012.75680754567,1012.75680754567,0.0,0.0
1668040273.1373343,1130.48,-5.8599999999999,60.64806387,0.0,1.0,0.0,1012.75680754567,1012.75680754567,0.0,0.0
1668040283.5355165,1130.48,0.0,60.64806387,0.0,1.0,0.0,1012.75680754567,1012.75680754567,0.0,0.0
1668040293.61914,1130.48,0.0,60.64806387,0.0,1.0,0.0,1012.75680754567,1012.75680754567,0.0,0.0
1668040303.1917107,1132.35,1.8699999999998909,62.00007472,0.0,1.0,0.0,1012.75680754567,1012.75680754567,0.0,0.0
1668040313.2277305,1132.35,0.0,62.00007472,0.0,1.0,0.0,1012.75680754567,1012.75680754567,0.0,0.0
1668040323.4081547,1132.35,0.0,62.00007472,0.0,1.0,0.0,1012.75680754567,1012.75680754567,0.0,0.0
1668040334.799215,1133.0,0.650000000000091,62.43484648,0.0,1.0,0.0,1012.75680754567,1012.75680754567,0.0,0.0
1668040344.428384,1133.0,0.0,62.43484648,0.0,1.0,0.0,1012.75680754567,1012.75680754567,0.0,0.0
1668040354.6060052,1133.0,0.0,62.43484648,0.0,1.0,0.0,1012.75680754567,1012.75680754567,0.0,0.0
1668040364.4523118,1135.9,2.900000000000091,64.3923016,0.0,1.0,0.0,1012.75680754567,1012.75680754567,0.0,0.0
1668040374.458328,1135.9,0.0,64.3923016,0.0,1.0,0.0,1012.75680754567,1012.75680754567,0.0,0.0
1668040384.4641693,1135.9,0.0,64.3923016,0.0,1.0,0.0,1012.75680754567,1012.75680754567,0.0,0.0
1668040394.5133843,1132.62,-3.2800000000002,61.98742651,0.0,1.0,0.0,1012.75680754567,1012.75680754567,0.0,0.0
1668040404.2846448,1132.62,0.0,61.98742651,0.0,1.0,0.0,1012.75680754567,1012.75680754567,0.0,0.0
1668040414.5266778,1132.62,0.0,61.98742651,0.0,1.0,0.0,1012.75680754567,1012.75680754567,0.0,0.0
1668040424.3830805,1127.5,-5.119999999999891,56.15961816,0.0,1.0,0.0,1012.75680754567,1012.75680754567,0.0,0.0
1668040434.4039972,1127.5,0.0,56.15961816,0.0,1.0,0.0,1012.75680754567,1012.75680754567,0.0,0.0
1668040444.4982271,1127.5,0.0,56.15961816,0.0,1.0,0.0,1012.75680754567,1012.75680754567,0.0,0.0
1668040454.4824162,1128.81,1.3099999999999454,57.54160395,0.0,1.0,0.0,1012.75680754567,1012.75680754567,0.0,0.0
1668040464.626542,1128.81,0.0,57.54160395,0.0,1.0,0.0,1012.75680754567,1012.75680754567,0.0,0.0
1668040474.5167477,1128.81,0.0,57.54160395,0.0,1.0,0.0,1012.75680754567,1012.75680754567,0.0,0.0
1668040484.6889987,1130.44,1.6300000000001091,58.89856048,0.0,1.0,0.0,1012.75680754567,1012.75680754567,0.0,0.0
1668040494.984978,1130.44,0.0,58.89856048,0.0,1.0,0.0,1012.75680754567,1012.75680754567,0.0,0.0
1668040504.522466,1130.44,0.0,58.89856048,0.0,1.0,0.0,1012.75680754567,1012.75680754567,0.0,0.0
1668040515.348644,1130.98,0.5399999999999636,59.32917777,0.0,1.0,0.0,1012.75680754567,1012.75680754567,0.0,0.0
1668040525.5927706,1130.98,0.0,59.32917777,0.0,1.0,0.0,1012.75680754567,1012.75680754567,0.0,0.0
1668040535.2439592,1130.98,0.0,59.32917777,0.0,1.0,0.0,1012.75680754567,1012.75680754567,0.0,0.0
1668040545.380152,1130.91,-0.06999999999993634,59.24253008,0.0,1.0,0.0,1012.75680754567,1012.75680754567,0.0,0.0
1668040555.355036,1130.91,0.0,59.24253008,0.0,1.0,0.0,1012.75680754567,1012.75680754567,0.0,0.0
1668040565.1033244,1130.91,0.0,59.24253008,0.0,1.0,0.0,1012.75680754567,1012.75680754567,0.0,0.0
1668040575.1821015,1130.34,-0.5700000000001637,58.54535221,0.0,1.0,0.0,1012.75680754567,1012.75680754567,0.0,0.0
1668040585.1862226,1130.34,0.0,58.54535221,0.0,1.0,0.0,1012.75680754567,1012.75680754567,0.0,0.0
1668040595.2607784,1130.34,0.0,58.54535221,0.0,1.0,0.0,1012.75680754567,1012.75680754567,0.0,0.0
1668040605.2731757,1132.85,2.509999999999991,60.73827175,0.0,1.0,0.0,1012.75680754567,1012.75680754567,0.0,0.0
1668040615.2250583,1132.85,0.0,60.73827175,0.0,1.0,0.0,1012.75680754567,1012.75680754567,0.0,0.0
1668040625.3069642,1132.85,0.0,60.73827175,0.0,1.0,0.0,1012.75680754567,1012.75680754567,0.0,0.0
1668040635.3217216,1132.7,-0.14999999999986358,60.61460396,0.0,1.0,0.0,1012.75680754567,1012.75680754567,0.0,0.0
1668040645.2525473,1132.7,0.0,60.61460396,0.0,1.0,0.0,1012.75680754567,1012.75680754567,0.0,0.0
1668040655.38017,1132.7,0.0,60.61460396,0.0,1.0,0.0,1012.75680754567,1012.75680754567,0.0,0.0
1668040665.5020304,1135.22,2.519999999999982,62.7484281,0.0,1.0,0.0,1012.75680754567,1012.75680754567,0.0,0.0
1668040675.5921874,1135.22,0.0,62.7484281,0.0,1.0,0.0,1012.75680754567,1012.75680754567,0.0,0.0
1668040685.4262118,1135.22,0.0,62.7484281,0.0,1.0,0.0,1012.75680754567,1012.75680754567,0.0,0.0
1668040696.4317744,1134.88,-0.33999999999991815,62.47412379,0.0,1.0,0.0,1012.75680754567,1012.75680754567,0.0,0.0
1668040706.432181,1134.88,0.0,62.47412379,0.0,1.0,0.0,1012.75680754567,1012.75680754567,0.0,0.0
1668040716.4703088,1134.88,0.0,62.47412379,0.0,1.0,0.0,1012.75680754567,1012.75680754567,0.0,0.0
1668040726.4604712,1132.16,-2.7200000000000273,58.74720524,0.0,1.0,0.0,1012.75680754567,1012.75680754567,0.0,0.0
1668040736.447129,1132.16,0.0,58.74720524,0.0,1.0,0.0,1012.75680754567,1012.75680754567,0.0,0.0
1668040746.672346,1132.16,0.0,58.74720524,0.0,1.0,0.0,1012.75680754567,1012.75680754567,0.0,0.0
1668040756.4319932,1132.94,0.7799999999999727,59.76968901,0.0,1.0,0.0,1012.75680754567,1012.75680754567,0.0,0.0
1668040766.530223,1132.94,0.0,59.76968901,0.0,1.0,0.0,1012.75680754567,1012.75680754567,0.0,0.0
1668040776.378065,1132.94,0.0,59.76968901,0.0,1.0,0.0,1012.75680754567,1012.75680754567,0.0,0.0
1668040786.5531423,1131.53,-1.4100000000000819,57.81089792,0.0,1.0,0.0,1012.75680754567,1012.75680754567,0.0,0.0
1668040796.4529395,1131.53,0.0,57.81089792,0.0,1.0,0.0,1012.75680754567,1012.75680754567,0.0,0.0
1668040806.422778,1131.53,0.0,57.81089792,0.0,1.0,0.0,1012.75680754567,1012.75680754567,0.0,0.0
1668040817.0366328,1132.05,0.5199999999999818,58.51165421,0.0,1.0,0.0,1012.75680754567,1012.75680754567,0.0,0.0
1668040826.6114848,1132.05,0.0,58.51165421,0.0,1.0,0.0,1012.75680754567,1012.75680754567,0.0,0.0
1668040836.4249935,1132.05,0.0,58.51165421,0.0,1.0,0.0,1012.75680754567,1012.75680754567,0.0,0.0
1668040846.438002,1132.25,0.20000000000004547,58.72062834,0.0,1.0,0.0,1012.75680754567,1012.75680754567,0.0,0.0
1668040856.3742044,1132.25,0.0,58.72062834,0.0,1.0,0.0,1012.75680754567,1012.75680754567,0.0,0.0
1668040866.4210784,1132.25,0.0,58.72062834,0.0,1.0,0.0,1012.75680754567,1012.75680754567,0.0,0.0
1668040877.2131867,1132.08,-0.17000000000007276,58.54313511,0.0,1.0,0.0,1012.75680754567,1012.75680754567,0.0,0.0
1668040887.3511095,1132.08,0.0,58.54313511,0.0,1.0,0.0,1012.75680754567,1012.75680754567,0.0,0.0
1668040897.2850218,1132.08,0.0,58.54313511,0.0,1.0,0.0,1012.75680754567,1012.75680754567,0.0,0.0
1668040907.5530903,1132.03,-0.049999999999954525,58.46351196,0.0,1.0,0.0,1012.75680754567,1012.75680754567,0.0,0.0
1668040917.358822,1132.03,0.0,58.46351196,0.0,1.0,0.0,1012.75680754567,1012.75680754567,0.0,0.0
1668040927.2951586,1132.03,0.0,58.46351196,0.0,1.0,0.0,1012.75680754567,1012.75680754567,0.0,0.0
1668040937.3529243,1126.71,-5.319999999999936,51.07267498,0.0,1.0,0.0,1012.75680754567,1012.75680754567,0.0,0.0
1668040947.4800448,1126.71,0.0,51.07267498,0.0,1.0,0.0,1012.75680754567,1012.75680754567,0.0,0.0
1668040957.5207014,1126.71,0.0,51.07267498,0.0,1.0,0.0,1012.75680754567,1012.75680754567,0.0,0.0
1668040967.349795,1128.77,2.0599999999999454,53.52280378,0.0,1.0,0.0,1012.75680754567,1012.75680754567,0.0,0.0
1668040977.8893783,1128.77,0.0,53.52280378,0.0,1.0,0.0,1012.75680754567,1012.75680754567,0.0,0.0
1668040987.3599362,1128.77,0.0,53.52280378,0.0,1.0,0.0,1012.75680754567,1012.75680754567,0.0,0.0
1668040997.897323,1127.28,-1.490000000000009,51.80322031,0.0,1.0,0.0,1012.75680754567,1012.75680754567,0.0,0.0
1668041007.404328,1127.28,0.0,51.80322031,0.0,1.0,0.0,1012.75680754567,1012.75680754567,0.0,0.0
1668041017.4326177,1127.28,0.0,51.80322031,0.0,1.0,0.0,1012.75680754567,1012.75680754567,0.0,0.0
1668041027.55562,1126.51,-0.7699999999999818,50.75414402,0.0,1.0,0.0,1012.75680754567,1012.75680754567,0.0,0.0
1668041037.4763749,1126.51,0.0,50.75414402,0.0,1.0,0.0,1012.75680754567,1012.75680754567,0.0,0.0
1668041047.4811018,1126.51,0.0,50.75414402,0.0,1.0,0.0,1012.75680754567,1012.75680754567,0.0,0.0
1668041058.493242,1126.2,-0.30999999999994543,50.33945881,0.0,1.0,0.0,1012.75680754567,1012.75680754567,0.0,0.0
1668041068.5644994,1126.2,0.0,50.33945881,0.0,1.0,0.0,1012.75680754567,1012.75680754567,0.0,0.0
1668041078.6054509,1126.2,0.0,50.33945881,0.0,1.0,0.0,1012.75680754567,1012.75680754567,0.0,0.0
1668041088.633345,1129.76,3.5599999999999454,54.9454442,0.0,1.0,0.0,1012.75680754567,1012.75680754567,0.0,0.0
1668041098.623068,1129.76,0.0,54.9454442,0.0,1.0,0.0,1012.75680754567,1012.75680754567,0.0,0.0
1668041108.5635831,1129.76,0.0,54.9454442,0.0,1.0,0.0,1012.75680754567,1012.75680754567,0.0,0.0
1668041118.6761131,1131.47,1.7100000000000364,56.87119619,0.0,1.0,0.0,1012.75680754567,1012.75680754567,0.0,0.0
1668041128.6142993,1131.47,0.0,56.87119619,0.0,1.0,0.0,1012.75680754567,1012.75680754567,0.0,0.0
1668041139.1775174,1131.47,0.0,56.87119619,0.0,1.0,0.0,1012.75680754567,1012.75680754567,0.0,0.0
1668041148.5033095,1130.75,-0.7200000000000273,55.80759828,0.0,1.0,0.0,1012.75680754567,1012.75680754567,0.0,0.0
1668041158.5259356,1130.75,0.0,55.80759828,0.0,1.0,0.0,1012.75680754567,1012.75680754567,0.0,0.0
1668041168.670911,1130.75,0.0,55.80759828,0.0,1.0,0.0,1012.75680754567,1012.75680754567,0.0,0.0
1668041178.6779623,1130.99,0.2400000000000091,56.16254733,0.0,1.0,0.0,1012.75680754567,1012.75680754567,0.0,0.0
1668041188.5252876,1130.99,0.0,56.16254733,0.0,1.0,0.0,1012.75680754567,1012.75680754567,0.0,0.0
1668041198.73824,1130.99,0.0,56.16254733,0.0,1.0,0.0,1012.75680754567,1012.75680754567,0.0,0.0
1668041208.6855774,1130.81,-0.18000000000006366,55.87459063,0.0,1.0,0.0,1012.75680754567,1012.75680754567,0.0,0.0
1668041218.6975927,1130.81,0.0,55.87459063,0.0,1.0,0.0,1012.75680754567,1012.75680754567,0.0,0.0
1668041228.878224,1130.81,0.0,55.87459063,0.0,1.0,0.0,1012.75680754567,1012.75680754567,0.0,0.0
1668041239.3385365,1128.64,-2.1699999999998454,52.62153194,0.0,1.0,0.0,1012.75680754567,1012.75680754567,0.0,0.0
1668041249.2832162,1128.64,0.0,52.62153194,0.0,1.0,0.0,1012.75680754567,1012.75680754567,0.0,0.0
1668041259.3651538,1128.64,0.0,52.62153194,0.0,1.0,0.0,1012.75680754567,1012.75680754567,0.0,0.0
1668041269.6082978,1126.04,-2.6000000000001364,48.9464283,0.0,1.0,0.0,1012.75680754567,1012.75680754567,0.0,0.0
1668041279.506284,1126.04,0.0,48.9464283,0.0,1.0,0.0,1012.75680754567,1012.75680754567,0.0,0.0
1668041289.451269,1126.04,0.0,48.9464283,0.0,1.0,0.0,1012.75680754567,1012.75680754567,0.0,0.0
1668041299.8587716,1130.64,4.600000000000136,55.20815014,0.0,1.0,0.0,1012.75680754567,1012.75680754567,0.0,0.0
1668041309.4208272,1130.64,0.0,55.20815014,0.0,1.0,0.0,1012.75680754567,1012.75680754567,0.0,0.0
1668041319.5298834,1130.64,0.0,55.20815014,0.0,1.0,0.0,1012.75680754567,1012.75680754567,0.0,0.0
1668041329.269416,1135.26,4.619999999999891,60.56413509,0.0,1.0,0.0,1012.75680754567,1012.75680754567,0.0,0.0
1668041339.2119727,1135.26,0.0,60.56413509,0.0,1.0,0.0,1012.75680754567,1012.75680754567,0.0,0.0
1668041349.2043538,1135.26,0.0,60.56413509,0.0,1.0,0.0,1012.75680754567,1012.75680754567,0.0,0.0
1668041359.378708,1136.79,1.5299999999999727,62.06629134,0.0,1.0,0.0,1012.75680754567,1012.75680754567,0.0,0.0
1668041369.285211,1136.79,0.0,62.06629134,0.0,1.0,0.0,1012.75680754567,1012.75680754567,0.0,0.0
1668041379.3165576,1136.79,0.0,62.06629134,0.0,1.0,0.0,1012.75680754567,1012.75680754567,0.0,0.0
1668041389.2853255,1133.88,-2.9099999999998545,57.57430253,0.0,1.0,0.0,1012.75680754567,1012.75680754567,0.0,0.0
1668041399.3206425,1133.88,0.0,57.57430253,0.0,1.0,0.0,1012.75680754567,1012.75680754567,0.0,0.0
1668041409.2064972,1133.88,0.0,57.57430253,0.0,1.0,0.0,1012.75680754567,1012.75680754567,0.0,0.0
1668041419.8365335,1136.76,2.8799999999998818,62.01075679,0.0,1.0,0.0,1012.75680754567,1012.75680754567,0.0,0.0
1668041429.951415,1136.76,0.0,62.01075679,0.0,1.0,0.0,1012.75680754567,1012.75680754567,0.0,0.0
1668041440.0000331,1136.76,0.0,62.01075679,0.0,1.0,0.0,1012.75680754567,1012.75680754567,0.0,0.0
1668041450.0200517,1134.96,-1.7999999999999545,58.95599239,0.0,1.0,0.0,1012.75680754567,1012.75680754567,0.0,0.0
1668041460.3411791,1134.96,0.0,58.95599239,0.0,1.0,0.0,1012.75680754567,1012.75680754567,0.0,0.0
1668041469.9841602,1134.96,0.0,58.95599239,0.0,1.0,0.0,1012.75680754567,1012.75680754567,0.0,0.0
1668041479.946124,1133.44,-1.5199999999999818,56.59656042,0.0,1.0,0.0,1012.75680754567,1012.75680754567,0.0,0.0
1668041489.9932833,1133.44,0.0,56.59656042,0.0,1.0,0.0,1012.75680754567,1012.75680754567,0.0,0.0
1668041499.9806583,1133.44,0.0,56.59656042,0.0,1.0,0.0,1012.75680754567,1012.75680754567,0.0,0.0
1668041509.952201,1134.01,0.5699999999999363,57.28689027,0.0,1.0,0.0,1012.75680754567,1012.75680754567,0.0,0.0
1668041520.1434004,1134.01,0.0,57.28689027,0.0,1.0,0.0,1012.75680754567,1012.75680754567,0.0,0.0
1668041530.042565,1134.01,0.0,57.28689027,0.0,1.0,0.0,1012.75680754567,1012.75680754567,0.0,0.0
1668041539.987545,1132.13,-1.8799999999998818,54.56846414,0.0,1.0,0.0,1012.75680754567,1012.75680754567,0.0,0.0
1668041550.0031135,1132.13,0.0,54.56846414,0.0,1.0,0.0,1012.75680754567,1012.75680754567,0.0,0.0
1668041559.9420657,1132.13,0.0,54.56846414,0.0,1.0,0.0,1012.75680754567,1012.75680754567,0.0,0.0
1668041569.992116,1133.74,1.6099999999999,56.62821115,0.0,1.0,0.0,1012.75680754567,1012.75680754567,0.0,0.0
1668041579.9086506,1133.74,0.0,56.62821115,0.0,1.0,0.0,1012.75680754567,1012.75680754567,0.0,0.0
1668041590.0130446,1133.74,0.0,56.62821115,0.0,1.0,0.0,1012.75680754567,1012.75680754567,0.0,0.0
1668041601.1273963,1132.95,-0.7899999999999636,55.63818116,0.0,1.0,0.0,1012.75680754567,1012.75680754567,0.0,0.0
1668041611.2909548,1132.95,0.0,55.63818116,0.0,1.0,0.0,1012.75680754567,1012.75680754567,0.0,0.0
1668041621.518129,1135.85,2.8999999999998636,59.29807558,0.0,1.0,0.0,1012.75680754567,1012.75680754567,0.0,0.0
1668041631.253792,1135.85,0.0,59.29807558,0.0,1.0,0.0,1012.75680754567,1012.75680754567,0.0,0.0
1668041641.194114,1135.85,0.0,59.29807558,0.0,1.0,0.0,1012.75680754567,1012.75680754567,0.0,0.0
1668041651.2065227,1135.24,-0.6099999999999,58.57991505,0.0,1.0,0.0,1012.75680754567,1012.75680754567,0.0,0.0
1668041661.1515765,1135.24,0.0,58.57991505,0.0,1.0,0.0,1012.75680754567,1012.75680754567,0.0,0.0
1668041671.158586,1135.24,0.0,58.57991505,0.0,1.0,0.0,1012.75680754567,1012.75680754567,0.0,0.0
1668041681.2086964,1140.36,5.119999999999891,64.27730127,0.0,1.0,0.0,1012.75680754567,1012.75680754567,0.0,0.0
1668041691.133639,1140.36,0.0,64.27730127,0.0,1.0,0.0,1012.75680754567,1012.75680754567,0.0,0.0
1668041701.1701684,1140.36,0.0,64.27730127,0.0,1.0,0.0,1012.75680754567,1012.75680754567,0.0,0.0
1668041711.1438894,1142.24,1.8800000000001091,65.98533135,0.0,1.0,0.0,1012.75680754567,1012.75680754567,0.0,0.0
1668041721.2789276,1142.24,0.0,65.98533135,0.0,1.0,0.0,1012.75680754567,1012.75680754567,0.0,0.0
1668041731.122337,1142.24,0.0,65.98533135,0.0,1.0,0.0,1012.75680754567,1012.75680754567,0.0,0.0
1668041741.2450483,1141.39,-0.849999999999909,64.47673942,0.0,1.0,0.0,1012.75680754567,1012.75680754567,0.0,0.0
1668041751.1705856,1141.39,0.0,64.47673942,0.0,1.0,0.0,1012.75680754567,1012.75680754567,0.0,0.0
1668041761.2470396,1141.39,0.0,64.47673942,0.0,1.0,0.0,1012.75680754567,1012.75680754567,0.0,0.0
1668041771.164106,1143.5,2.1099999999999,67.13464327,0.0,1.0,0.0,1012.75680754567,1012.75680754567,0.0,0.0
1668041782.653972,1143.5,0.0,67.13464327,0.0,1.0,0.0,1012.75680754567,1012.75680754567,0.0,0.0
1668041792.2192476,1143.5,0.0,67.13464327,0.0,1.0,0.0,1012.75680754567,1012.75680754567,0.0,0.0
1668041802.129963,1143.5,0.0,67.13464327,0.0,1.0,0.0,1012.75680754567,1012.75680754567,0.0,0.0
1668041812.26936,1144.02,0.5199999999999818,67.61733965,0.0,1.0,0.0,1012.75680754567,1012.75680754567,0.0,0.0
1668041822.20683,1144.02,0.0,67.61733965,0.0,1.0,0.0,1012.75680754567,1012.75680754567,0.0,0.0
1668041832.2821703,1141.46,-2.5599999999999454,63.42567243,0.0,1.0,0.0,1012.75680754567,1012.75680754567,0.0,0.0
1668041842.281373,1141.46,0.0,63.42567243,0.0,1.0,0.0,1012.75680754567,1012.75680754567,0.0,0.0
1668041852.1830158,1141.46,0.0,63.42567243,0.0,1.0,0.0,1012.75680754567,1012.75680754567,0.0,0.0
1668041862.260921,1140.9,-0.5599999999999454,62.40642741,0.0,1.0,0.0,1012.75680754567,1012.75680754567,0.0,0.0
1668041872.25607,1140.9,0.0,62.40642741,0.0,1.0,0.0,1012.75680754567,1012.75680754567,0.0,0.0
1668041882.2919316,1140.9,0.0,62.40642741,0.0,1.0,0.0,1012.75680754567,1012.75680754567,0.0,0.0
1668041892.2817974,1142.34,1.4399999999998272,64.34164957,0.0,1.0,0.0,1012.75680754567,1012.75680754567,0.0,0.0
1668041902.35734,1142.34,0.0,64.34164957,0.0,1.0,0.0,1012.75680754567,1012.75680754567,0.0,0.0
1668041912.252441,1142.34,0.0,64.34164957,0.0,1.0,0.0,1012.75680754567,1012.75680754567,0.0,0.0
1668041922.3287334,1142.63,0.290000000000191,64.65552001,0.0,1.0,0.0,1012.75680754567,1012.75680754567,0.0,0.0
1668041932.2344928,1142.63,0.0,64.65552001,0.0,1.0,0.0,1012.75680754567,1012.75680754567,0.0,0.0
1668041942.965104,1142.63,0.0,64.65552001,0.0,1.0,0.0,1012.75680754567,1012.75680754567,0.0,0.0
1668041952.6970315,1143.98,1.349999999999909,66.02512083,0.0,1.0,0.0,1012.75680754567,1012.75680754567,0.0,0.0
1668041963.0699155,1143.98,0.0,66.02512083,0.0,1.0,0.0,1012.75680754567,1012.75680754567,0.0,0.0
1668041973.4163146,1143.98,0.0,66.02512083,0.0,1.0,0.0,1012.75680754567,1012.75680754567,0.0,0.0
1668041983.0238736,1145.96,1.9800000000000182,68.03282773,0.0,1.0,0.0,1012.75680754567,1012.75680754567,0.0,0.0
1668041993.2211106,1145.96,0.0,68.03282773,0.0,1.0,0.0,1012.75680754567,1012.75680754567,0.0,0.0
1668042003.065163,1145.96,0.0,68.03282773,0.0,1.0,0.0,1012.75680754567,1012.75680754567,0.0,0.0
1668042013.1575408,1146.15,0.19000000000005457,68.21210637,0.0,1.0,0.0,1012.75680754567,1012.75680754567,0.0,0.0
1668042023.051422,1146.15,0.0,68.21210637,0.0,1.0,0.0,1012.75680754567,1012.75680754567,0.0,0.0
1668042033.0902135,1146.15,0.0,68.21210637,0.0,1.0,0.0,1012.75680754567,1012.75680754567,0.0,0.0
1668042043.1945102,1142.64,-3.509999999999991,61.39667881,0.0,1.0,0.0,1012.75680754567,1012.75680754567,0.0,0.0
1668042053.1609952,1142.64,0.0,61.39667881,0.0,1.0,0.0,1012.75680754567,1012.75680754567,0.0,0.0
1668042063.1789477,1142.64,0.0,61.39667881,0.0,1.0,0.0,1012.75680754567,1012.75680754567,0.0,0.0
1668042073.4650185,1148.29,5.649999999999864,70.22978731,0.0,1.0,0.0,1012.75680754567,1012.75680754567,0.0,0.0
1668042083.2855375,1148.29,0.0,70.22978731,0.0,1.0,0.0,1012.75680754567,1012.75680754567,0.0,0.0
1668042093.137957,1148.29,0.0,70.22978731,0.0,1.0,0.0,1012.75680754567,1012.75680754567,0.0,0.0
1668042103.1609695,1151.25,2.9600000000000364,72.80052521,0.0,1.0,0.0,1012.75680754567,1012.75680754567,0.0,0.0
1668042113.189337,1151.25,0.0,72.80052521,0.0,1.0,0.0,1012.75680754567,1012.75680754567,0.0,0.0
1668042123.1809988,1151.25,0.0,72.80052521,0.0,1.0,0.0,1012.75680754567,1012.75680754567,0.0,0.0
1668042133.6936965,1155.29,4.039999999999964,75.66825821,0.0,1.0,0.0,1012.75680754567,1012.75680754567,0.0,0.0
1668042144.265218,1155.29,0.0,75.66825821,0.0,1.0,0.0,1012.75680754567,1012.75680754567,0.0,0.0
1668042154.410106,1155.29,0.0,75.66825821,0.0,1.0,0.0,1012.75680754567,1012.75680754567,0.0,0.0
1668042164.8266528,1156.36,1.0699999999999363,76.37860566,0.0,1.0,0.0,1012.75680754567,1012.75680754567,0.0,0.0
1668042174.3476875,1156.36,0.0,76.37860566,0.0,1.0,0.0,1012.75680754567,1012.75680754567,0.0,0.0
1668042184.3251078,1156.36,0.0,76.37860566,0.0,1.0,0.0,1012.75680754567,1012.75680754567,0.0,0.0
1668042194.3032043,1161.02,4.660000000000082,79.02764058,0.0,1.0,0.0,1012.75680754567,1012.75680754567,0.0,0.0
1668042204.2574997,1161.02,0.0,79.02764058,0.0,1.0,0.0,1012.75680754567,1012.75680754567,0.0,0.0
1668042214.271087,1161.02,0.0,79.02764058,0.0,1.0,0.0,1012.75680754567,1012.75680754567,0.0,0.0
1668042224.2711537,1158.78,-2.240000000000009,74.66959078,0.0,1.0,0.0,1012.75680754567,1012.75680754567,0.0,0.0
1668042234.4204042,1158.78,0.0,74.66959078,0.0,1.0,0.0,1012.75680754567,1012.75680754567,0.0,0.0
1668042244.253225,1158.78,0.0,74.66959078,0.0,1.0,0.0,1012.75680754567,1012.75680754567,0.0,0.0
1668042254.588895,1159.57,0.7899999999999636,76.15062717,0.0,1.0,0.0,1012.75680754567,1012.75680754567,0.0,0.0
1668042264.3092866,1159.57,0.0,76.15062717,0.0,1.0,0.0,1012.75680754567,1012.75680754567,0.0,0.0
1668042274.43105,1159.57,0.0,76.15062717,0.0,1.0,0.0,1012.75680754567,1012.75680754567,0.0,0.0
1668042284.250888,1160.79,1.2200000000000273,76.91221781,0.0,1.0,0.0,1012.75680754567,1012.75680754567,0.0,0.0
1668042294.5245514,1160.79,0.0,76.91221781,0.0,1.0,0.0,1012.75680754567,1012.75680754567,0.0,0.0
1668042304.3672607,1160.79,0.0,76.91221781,0.0,1.0,0.0,1012.75680754567,1012.75680754567,0.0,0.0
1668042314.2916217,1159.13,-1.6599999999998545,75.25377858,0.0,1.0,0.0,1012.75680754567,1012.75680754567,0.0,0.0
1668042325.402508,1159.13,0.0,75.25377858,0.0,1.0,0.0,1012.75680754567,1012.75680754567,0.0,0.0
1668042335.037191,1159.13,0.0,75.25377858,0.0,1.0,0.0,1012.75680754567,1012.75680754567,0.0,0.0
1668042344.9066556,1156.64,-2.490000000000009,70.22232346,0.0,1.0,0.0,1012.75680754567,1012.75680754567,0.0,0.0
1668042355.0759237,1156.64,0.0,70.22232346,0.0,1.0,0.0,1012.75680754567,1012.75680754567,0.0,0.0
1668042364.8685696,1156.64,0.0,70.22232346,0.0,1.0,0.0,1012.75680754567,1012.75680754567,0.0,0.0
1668042375.0018077,1155.39,-1.25,67.94190942,0.0,1.0,0.0,1012.75680754567,1012.75680754567,0.0,0.0
1668042385.0507514,1155.39,0.0,67.94190942,0.0,1.0,0.0,1012.75680754567,1012.75680754567,0.0,0.0
1668042395.074259,1155.39,0.0,67.94190942,0.0,1.0,0.0,1012.75680754567,1012.75680754567,0.0,0.0
1668042405.0834477,1155.43,0.03999999999996362,67.97774588,0.0,1.0,0.0,1012.75680754567,1012.75680754567,0.0,0.0
1668042414.964087,1155.43,0.0,67.97774588,0.0,1.0,0.0,1012.75680754567,1012.75680754567,0.0,0.0
1668042425.1173697,1155.43,0.0,67.97774588,0.0,1.0,0.0,1012.75680754567,1012.75680754567,0.0,0.0
1668042435.1403048,1154.18,-1.25,65.71581067,0.0,1.0,0.0,1012.75680754567,1012.75680754567,0.0,0.0
1668042445.1568558,1154.18,0.0,65.71581067,0.0,1.0,0.0,1012.75680754567,1012.75680754567,0.0,0.0
1668042455.147569,1154.18,0.0,65.71581067,0.0,1.0,0.0,1012.75680754567,1012.75680754567,0.0,0.0
1668042465.259997,1153.92,-0.2599999999999909,65.22161958,0.0,1.0,0.0,1012.75680754567,1012.75680754567,0.0,0.0
1668042475.2837007,1153.92,0.0,65.22161958,0.0,1.0,0.0,1012.75680754567,1012.75680754567,0.0,0.0
1668042485.1875944,1153.92,0.0,65.22161958,0.0,1.0,0.0,1012.75680754567,1012.75680754567,0.0,0.0
1668042495.170128,1153.87,-0.0500000000001819,65.12743373,0.0,1.0,0.0,1012.75680754567,1012.75680754567,0.0,0.0
1668042506.083078,1153.87,0.0,65.12743373,0.0,1.0,0.0,1012.75680754567,1012.75680754567,0.0,0.0
1668042515.9749005,1153.87,0.0,65.12743373,0.0,1.0,0.0,1012.75680754567,1012.75680754567,0.0,0.0
1668042526.020847,1154.98,1.1100000000001273,66.29122401,0.0,1.0,0.0,1012.75680754567,1012.75680754567,0.0,0.0
1668042536.0346189,1154.98,0.0,66.29122401,0.0,1.0,0.0,1012.75680754567,1012.75680754567,0.0,0.0
1668042545.9936278,1154.98,0.0,66.29122401,0.0,1.0,0.0,1012.75680754567,1012.75680754567,0.0,0.0
1668042556.2215388,1154.01,-0.9700000000000273,65.27862743,0.0,1.0,0.0,1012.75680754567,1012.75680754567,0.0,0.0
1668042566.1316092,1154.01,0.0,65.27862743,0.0,1.0,0.0,1012.75680754567,1012.75680754567,0.0,0.0
1668042576.2374568,1154.01,0.0,65.27862743,0.0,1.0,0.0,1012.75680754567,1012.75680754567,0.0,0.0
1668042586.3593216,1155.02,1.009999999999991,66.41008104,0.0,1.0,0.0,1012.75680754567,1012.75680754567,0.0,0.0
1668042596.049737,1155.02,0.0,66.41008104,0.0,1.0,0.0,1012.75680754567,1012.75680754567,0.0,0.0
1668042606.051085,1155.02,0.0,66.41008104,0.0,1.0,0.0,1012.75680754567,1012.75680754567,0.0,0.0
1668042616.359049,1154.25,-0.7699999999999818,65.55433723,0.0,1.0,0.0,1012.75680754567,1012.75680754567,0.0,0.0
1668042626.0234542,1154.25,0.0,65.55433723,0.0,1.0,0.0,1012.75680754567,1012.75680754567,0.0,0.0
1668042636.047873,1154.25,0.0,65.55433723,0.0,1.0,0.0,1012.75680754567,1012.75680754567,0.0,0.0
1668042646.1322238,1151.76,-2.490000000000009,60.21222744,0.0,1.0,0.0,1012.75680754567,1012.75680754567,0.0,0.0
1668042656.4734092,1151.76,0.0,60.21222744,0.0,1.0,0.0,1012.75680754567,1012.75680754567,0.0,0.0
1668042666.2434585,1151.76,0.0,60.21222744,0.0,1.0,0.0,1012.75680754567,1012.75680754567,0.0,0.0
1668042676.179988,1151.67,-0.08999999999991815,60.03539501,0.0,1.0,0.0,1012.75680754567,1012.75680754567,0.0,0.0
1668042687.203683,1151.67,0.0,60.03539501,0.0,1.0,0.0,1012.75680754567,1012.75680754567,0.0,0.0
1668042697.0756328,1151.67,0.0,60.03539501,0.0,1.0,0.0,1012.75680754567,1012.75680754567,0.0,0.0
1668042707.1119628,1148.33,-3.3400000000001455,53.72908514,0.0,1.0,0.0,1012.75680754567,1012.75680754567,0.0,0.0
1668042717.1836934,1148.33,0.0,53.72908514,0.0,1.0,0.0,1012.75680754567,1012.75680754567,0.0,0.0
1668042727.1602204,1148.33,0.0,53.72908514,0.0,1.0,0.0,1012.75680754567,1012.75680754567,0.0,0.0
1668042737.082432,1151.73,3.400000000000091,60.03292275,0.0,1.0,0.0,1012.75680754567,1012.75680754567,0.0,0.0
1668042747.272993,1151.73,0.0,60.03292275,0.0,1.0,0.0,1012.75680754567,1012.75680754567,0.0,0.0
1668042757.0974424,1151.73,0.0,60.03292275,0.0,1.0,0.0,1012.75680754567,1012.75680754567,0.0,0.0
1668042767.184276,1152.84,1.1099999999999,61.71406804,0.0,1.0,0.0,1012.75680754567,1012.75680754567,0.0,0.0
1668042777.1304934,1152.84,0.0,61.71406804,0.0,1.0,0.0,1012.75680754567,1012.75680754567,0.0,0.0
1668042787.0265272,1152.84,0.0,61.71406804,0.0,1.0,0.0,1012.75680754567,1012.75680754567,0.0,0.0
1668042796.9782355,1154.08,1.240000000000009,63.36120838,0.0,1.0,0.0,1012.75680754567,1012.75680754567,0.0,0.0
1668042807.1518986,1154.08,0.0,63.36120838,0.0,1.0,0.0,1012.75680754567,1012.75680754567,0.0,0.0
1668042817.371211,1154.08,0.0,63.36120838,0.0,1.0,0.0,1012.75680754567,1012.75680754567,0.0,0.0
1668042827.01701,1153.42,-0.6599999999998545,61.83630666,0.0,1.0,0.0,1012.75680754567,1012.75680754567,0.0,0.0
1668042837.19242,1153.42,0.0,61.83630666,0.0,1.0,0.0,1012.75680754567,1012.75680754567,0.0,0.0
1668042847.1611762,1153.42,0.0,61.83630666,0.0,1.0,0.0,1012.75680754567,1012.75680754567,0.0,0.0
1668042857.244667,1155.93,2.509999999999991,65.73098939,0.0,1.0,0.0,1012.75680754567,1012.75680754567,0.0,0.0
1668042868.1044283,1155.93,0.0,65.73098939,0.0,1.0,0.0,1012.75680754567,1012.75680754567,0.0,0.0
1668042877.9651277,1155.93,0.0,65.73098939,0.0,1.0,0.0,1012.75680754567,1012.75680754567,0.0,0.0
1668042888.0731423,1153.69,-2.240000000000009,60.6278286,0.0,1.0,0.0,1012.75680754567,1012.75680754567,0.0,0.0
1668042898.019411,1153.69,0.0,60.6278286,0.0,1.0,0.0,1012.75680754567,1012.75680754567,0.0,0.0
1668042908.0770004,1153.69,0.0,60.6278286,0.0,1.0,0.0,1012.75680754567,1012.75680754567,0.0,0.0
1668042918.1293454,1152.17,-1.5199999999999818,57.58602956,0.0,1.0,0.0,1012.75680754567,1012.75680754567,0.0,0.0
1668042928.0122273,1152.17,0.0,57.58602956,0.0,1.0,0.0,1012.75680754567,1012.75680754567,0.0,0.0
1668042938.0329876,1152.17,0.0,57.58602956,0.0,1.0,0.0,1012.75680754567,1012.75680754567,0.0,0.0
1668042948.1265328,1153.21,1.0399999999999636,59.10361548,0.0,1.0,0.0,1012.75680754567,1012.75680754567,0.0,0.0
1668042958.0014794,1153.21,0.0,59.10361548,0.0,1.0,0.0,1012.75680754567,1012.75680754567,0.0,0.0
1668042968.0651958,1153.21,0.0,59.10361548,0.0,1.0,0.0,1012.75680754567,1012.75680754567,0.0,0.0
1668042978.1360767,1152.86,-0.3500000000001364,58.60689062,0.0,1.0,0.0,1012.75680754567,1012.75680754567,0.0,0.0
1668042988.285929,1152.86,0.0,58.60689062,0.0,1.0,0.0,1012.75680754567,1012.75680754567,0.0,0.0
1668042998.1409123,1152.86,0.0,58.60689062,0.0,1.0,0.0,1012.75680754567,1012.75680754567,0.0,0.0
1668043008.202907,1148.49,-4.369999999999891,50.37916135,0.0,1.0,0.0,1012.75680754567,1012.75680754567,0.0,0.0
1668043018.159537,1148.49,0.0,50.37916135,0.0,1.0,0.0,1012.75680754567,1012.75680754567,0.0,0.0
1668043028.295281,1148.49,0.0,50.37916135,0.0,1.0,0.0,1012.75680754567,1012.75680754567,0.0,0.0
1668043038.2970543,1147.54,-0.9500000000000455,48.89099717,0.0,1.0,0.0,1012.75680754567,1012.75680754567,0.0,0.0
1668043048.9358582,1147.54,0.0,48.89099717,0.0,1.0,0.0,1012.75680754567,1012.75680754567,0.0,0.0
1668043058.7964382,1147.54,0.0,48.89099717,0.0,1.0,0.0,1012.75680754567,1012.75680754567,0.0,0.0
1668043068.763241,1144.92,-2.619999999999891,44.936733,0.0,1.0,0.0,1012.75680754567,1012.75680754567,0.0,0.0
1668043079.212197,1144.92,0.0,44.936733,0.0,1.0,0.0,1012.75680754567,1012.75680754567,0.0,0.0
1668043088.9448917,1144.92,0.0,44.936733,0.0,1.0,0.0,1012.75680754567,1012.75680754567,0.0,0.0
1668043098.8707292,1145.62,0.6999999999998181,45.92886363,0.0,1.0,0.0,1012.75680754567,1012.75680754567,0.0,0.0
1668043108.7617626,1145.62,0.0,45.92886363,0.0,1.0,0.0,1012.75680754567,1012.75680754567,0.0,0.0
1668043118.846482,1145.62,0.0,45.92886363,0.0,1.0,0.0,1012.75680754567,1012.75680754567,0.0,0.0
1668043128.8710966,1145.28,-0.33999999999991815,45.40450088,0.0,1.0,0.0,1012.75680754567,1012.75680754567,0.0,0.0
1668043138.9115074,1145.28,0.0,45.40450088,0.0,1.0,0.0,1012.75680754567,1012.75680754567,0.0,0.0
1668043148.773667,1145.28,0.0,45.40450088,0.0,1.0,0.0,1012.75680754567,1012.75680754567,0.0,0.0
1668043158.7590055,1142.93,-2.349999999999909,42.08264888,0.0,1.0,0.0,1012.75680754567,1012.75680754567,0.0,0.0
1668043168.7230103,1142.93,0.0,42.08264888,0.0,1.0,0.0,1012.75680754567,1012.75680754567,0.0,0.0
1668043179.0733116,1142.93,0.0,42.08264888,0.0,1.0,0.0,1012.75680754567,1012.75680754567,0.0,0.0
1668043188.9647286,1146.38,3.4500000000000455,48.08442657,0.0,1.0,0.0,1012.75680754567,1012.75680754567,0.0,0.0
1668043198.8733566,1146.38,0.0,48.08442657,0.0,1.0,0.0,1012.75680754567,1012.75680754567,0.0,0.0
1668043209.1170886,1146.38,0.0,48.08442657,0.0,1.0,0.0,1012.75680754567,1012.75680754567,0.0,0.0
1668043218.8969283,1145.46,-0.9200000000000728,46.60881851,0.0,1.0,0.0,1012.75680754567,1012.75680754567,0.0,0.0
1668043229.6067126,1145.46,0.0,46.60881851,0.0,1.0,0.0,1012.75680754567,1012.75680754567,0.0,0.0
1668043239.9318604,1145.46,0.0,46.60881851,0.0,1.0,0.0,1012.75680754567,1012.75680754567,0.0,0.0
1668043249.5610926,1146.33,0.8699999999998909,48.10962417,0.0,1.0,0.0,1012.75680754567,1012.75680754567,0.0,0.0
1668043259.571858,1146.33,0.0,48.10962417,0.0,1.0,0.0,1012.75680754567,1012.75680754567,0.0,0.0
1668043269.555219,1146.33,0.0,48.10962417,0.0,1.0,0.0,1012.75680754567,1012.75680754567,0.0,0.0
1668043279.481249,1144.38,-1.949999999999818,44.99664465,0.0,1.0,0.0,1012.75680754567,1012.75680754567,0.0,0.0
1668043289.5041325,1144.38,0.0,44.99664465,0.0,1.0,0.0,1012.75680754567,1012.75680754567,0.0,0.0
1668043299.4356298,1144.38,0.0,44.99664465,0.0,1.0,0.0,1012.75680754567,1012.75680754567,0.0,0.0
1668043309.5394924,1146.71,2.3299999999999272,49.09632751,0.0,1.0,0.0,1012.75680754567,1012.75680754567,0.0,0.0
1668043319.7476249,1146.71,0.0,49.09632751,0.0,1.0,0.0,1012.75680754567,1012.75680754567,0.0,0.0
1668043329.6997542,1146.71,0.0,49.09632751,0.0,1.0,0.0,1012.75680754567,1012.75680754567,0.0,0.0
1668043339.8965228,1145.88,-0.8299999999999272,47.70791273,0.0,1.0,0.0,1012.75680754567,1012.75680754567,0.0,0.0
1668043349.5860314,1145.88,0.0,47.70791273,0.0,1.0,0.0,1012.75680754567,1012.75680754567,0.0,0.0
1668043359.762987,1145.88,0.0,47.70791273,0.0,1.0,0.0,1012.75680754567,1012.75680754567,0.0,0.0
1668043369.5581708,1146.51,0.6299999999998818,48.84836412,0.0,1.0,0.0,1012.75680754567,1012.75680754567,0.0,0.0
1668043379.5381234,1146.51,0.0,48.84836412,0.0,1.0,0.0,1012.75680754567,1012.75680754567,0.0,0.0
1668043389.6229858,1146.51,0.0,48.84836412,0.0,1.0,0.0,1012.75680754567,1012.75680754567,0.0,0.0
1668043399.5579748,1145.25,-1.259999999999991,46.67116361,0.0,1.0,0.0,1012.75680754567,1012.75680754567,0.0,0.0
1668043410.7490718,1145.25,0.0,46.67116361,0.0,1.0,0.0,1012.75680754567,1012.75680754567,0.0,0.0
1668043420.485299,1145.25,0.0,46.67116361,0.0,1.0,0.0,1012.75680754567,1012.75680754567,0.0,0.0
1668043430.619175,1144.61,-0.6400000000001,45.58110132,0.0,1.0,0.0,1012.75680754567,1012.75680754567,0.0,0.0
1668043440.5041828,1144.61,0.0,45.58110132,0.0,1.0,0.0,1012.75680754567,1012.75680754567,0.0,0.0
1668043450.5954823,1144.61,0.0,45.58110132,0.0,1.0,0.0,1012.75680754567,1012.75680754567,0.0,0.0
1668043460.492567,1145.25,0.6400000000001,46.6726918,0.0,1.0,0.0,1012.75680754567,1012.75680754567,0.0,0.0
1668043470.7510858,1145.25,0.0,46.6726918,0.0,1.0,0.0,1012.75680754567,1012.75680754567,0.0,0.0
1668043480.546271,1145.25,0.0,46.6726918,0.0,1.0,0.0,1012.75680754567,1012.75680754567,0.0,0.0
1668043490.5788329,1146.24,0.9900000000000091,48.70980237,0.0,1.0,0.0,1012.75680754567,1012.75680754567,0.0,0.0
1668043500.560748,1146.24,0.0,48.70980237,0.0,1.0,0.0,1012.75680754567,1012.75680754567,0.0,0.0
1668043510.6124206,1146.24,0.0,48.70980237,0.0,1.0,0.0,1012.75680754567,1012.75680754567,0.0,0.0
1668043520.5460737,1144.01,-2.230000000000018,44.45665945,0.0,1.0,0.0,1012.75680754567,1012.75680754567,0.0,0.0
1668043530.7313242,1144.01,0.0,44.45665945,0.0,1.0,0.0,1012.75680754567,1012.75680754567,0.0,0.0
1668043540.6963415,1144.01,0.0,44.45665945,0.0,1.0,0.0,1012.75680754567,1012.75680754567,0.0,0.0
1668043550.6272607,1145.56,1.5499999999999545,47.7898764,0.0,1.0,0.0,1012.75680754567,1012.75680754567,0.0,0.0
1668043560.6204736,1145.56,0.0,47.7898764,0.0,1.0,0.0,1012.75680754567,1012.75680754567,0.0,0.0
1668043570.643443,1145.56,0.0,47.7898764,0.0,1.0,0.0,1012.75680754567,1012.75680754567,0.0,0.0
1668043580.517128,1145.79,0.2300000000000182,48.25069736,0.0,1.0,0.0,1012.75680754567,1012.75680754567,0.0,0.0
1668043591.358476,1145.79,0.0,48.25069736,0.0,1.0,0.0,1012.75680754567,1012.75680754567,0.0,0.0
1668043601.5437708,1141.77,-4.019999999999982,41.37660643,0.0,1.0,0.0,1012.75680754567,1012.75680754567,0.0,0.0
1668043611.470464,1141.77,0.0,41.37660643,0.0,1.0,0.0,1012.75680754567,1012.75680754567,0.0,0.0
1668043621.4901748,1141.77,0.0,41.37660643,0.0,1.0,0.0,1012.75680754567,1012.75680754567,0.0,0.0
1668043631.4761033,1141.77,0.0,41.37660643,0.0,1.0,0.0,1012.75680754567,1012.75680754567,0.0,0.0
1668043641.5063994,1144.13,2.3600000000001273,45.15844265,0.0,1.0,0.0,1012.75680754567,1012.75680754567,0.0,0.0
1668043651.5815144,1144.13,0.0,45.15844265,0.0,1.0,0.0,1012.75680754567,1012.75680754567,0.0,0.0
1668043661.4240744,1141.08,-3.050000000000182,40.06486287,0.0,1.0,0.0,1012.75680754567,1012.75680754567,0.0,0.0
1668043671.4045272,1141.08,0.0,40.06486287,0.0,1.0,0.0,1012.75680754567,1012.75680754567,0.0,0.0
1668043681.5134528,1141.08,0.0,40.06486287,0.0,1.0,0.0,1012.75680754567,1012.75680754567,0.0,0.0
1668043691.4570656,1139.51,-1.5699999999999363,37.87790702,0.0,1.0,0.0,1012.75680754567,1012.75680754567,0.0,0.0
1668043701.509094,1139.51,0.0,37.87790702,0.0,1.0,0.0,1012.75680754567,1012.75680754567,0.0,0.0
1668043711.5176556,1139.51,0.0,37.87790702,0.0,1.0,0.0,1012.75680754567,1012.75680754567,0.0,0.0
1668043721.3816328,1142.89,3.380000000000109,44.88075742,0.0,1.0,0.0,1012.75680754567,1012.75680754567,0.0,0.0
1668043731.4709826,1142.89,0.0,44.88075742,0.0,1.0,0.0,1012.75680754567,1012.75680754567,0.0,0.0
1668043741.4451563,1142.89,0.0,44.88075742,0.0,1.0,0.0,1012.75680754567,1012.75680754567,0.0,0.0
1668043751.4536967,1141.81,-1.0800000000001546,42.83490719,0.0,1.0,0.0,1012.75680754567,1012.75680754567,0.0,0.0
1668043761.8610198,1141.81,0.0,42.83490719,0.0,1.0,0.0,1012.75680754567,1012.75680754567,0.0,0.0
1668043772.5436869,1141.81,0.0,42.83490719,0.0,1.0,0.0,1012.75680754567,1012.75680754567,0.0,0.0
1668043782.287785,1142.19,0.38000000000010914,43.63278176,0.0,1.0,0.0,1012.75680754567,1012.75680754567,0.0,0.0
1668043792.412547,1142.19,0.0,43.63278176,0.0,1.0,0.0,1012.75680754567,1012.75680754567,0.0,0.0
1668043802.3434465,1142.19,0.0,43.63278176,0.0,1.0,0.0,1012.75680754567,1012.75680754567,0.0,0.0
1668043812.3816893,1142.19,0.0,43.63278176,0.0,1.0,0.0,1012.75680754567,1012.75680754567,0.0,0.0
1668043822.342693,1141.54,-0.650000000000091,42.35644557,0.0,1.0,0.0,1012.75680754567,1012.75680754567,0.0,0.0
1668043832.483514,1141.54,0.0,42.35644557,0.0,1.0,0.0,1012.75680754567,1012.75680754567,0.0,0.0
1668043842.361762,1142.48,0.9400000000000546,44.44001265,0.0,1.0,0.0,1012.75680754567,1012.75680754567,0.0,0.0
1668043852.4612255,1142.48,0.0,44.44001265,0.0,1.0,0.0,1012.75680754567,1012.75680754567,0.0,0.0
1668043862.4698064,1142.48,0.0,44.44001265,0.0,1.0,0.0,1012.75680754567,1012.75680754567,0.0,0.0
1668043872.2907364,1142.48,0.0,44.44001265,0.0,1.0,0.0,1012.75680754567,1012.75680754567,0.0,0.0
1668043882.5188396,1139.91,-2.5699999999999363,39.76390977,0.0,1.0,0.0,1012.75680754567,1012.75680754567,0.0,0.0
1668043892.490664,1139.91,0.0,39.76390977,0.0,1.0,0.0,1012.75680754567,1012.75680754567,0.0,0.0
1668043902.4283645,1137.17,-2.740000000000009,35.79911853,0.0,1.0,0.0,1012.75680754567,1012.75680754567,0.0,0.0
1668043912.4200516,1137.17,0.0,35.79911853,0.0,1.0,0.0,1012.75680754567,1012.75680754567,0.0,0.0
1668043922.4452035,1137.17,0.0,35.79911853,0.0,1.0,0.0,1012.75680754567,1012.75680754567,0.0,0.0
1668043932.618935,1142.47,5.2999999999999545,45.41110883,0.0,1.0,0.0,1012.75680754567,1012.75680754567,0.0,0.0
1668043942.385343,1142.47,0.0,45.41110883,0.0,1.0,0.0,1012.75680754567,1012.75680754567,0.0,0.0
1668043953.2325048,1142.47,0.0,45.41110883,0.0,1.0,0.0,1012.75680754567,1012.75680754567,0.0,0.0
1668043963.118339,1141.74,-0.7300000000000182,44.1400579,0.0,1.0,0.0,1012.75680754567,1012.75680754567,0.0,0.0
1668043973.2937412,1141.74,0.0,44.1400579,0.0,1.0,0.0,1012.75680754567,1012.75680754567,0.0,0.0
1668043983.1983607,1141.74,0.0,44.1400579,0.0,1.0,0.0,1012.75680754567,1012.75680754567,0.0,0.0
1668043993.404825,1143.22,1.4800000000000182,46.97895076,0.0,1.0,0.0,1012.75680754567,1012.75680754567,0.0,0.0
1668044003.3925135,1143.22,0.0,46.97895076,0.0,1.0,0.0,1012.75680754567,1012.75680754567,0.0,0.0
1668044013.3903897,1143.22,0.0,46.97895076,0.0,1.0,0.0,1012.75680754567,1012.75680754567,0.0,0.0
1668044023.270466,1141.91,-1.3099999999999454,44.56397316,0.0,1.0,0.0,1012.75680754567,1012.75680754567,0.0,0.0
1668044033.184897,1141.91,0.0,44.56397316,0.0,1.0,0.0,1012.75680754567,1012.75680754567,0.0,0.0
1668044043.379223,1141.91,0.0,44.56397316,0.0,1.0,0.0,1012.75680754567,1012.75680754567,0.0,0.0
1668044053.3228755,1144.96,3.0499999999999545,50.53293312,0.0,1.0,0.0,1012.75680754567,1012.75680754567,0.0,0.0
1668044063.3125868,1144.96,0.0,50.53293312,0.0,1.0,0.0,1012.75680754567,1012.75680754567,0.0,0.0
1668044073.287743,1144.96,0.0,50.53293312,0.0,1.0,0.0,1012.75680754567,1012.75680754567,0.0,0.0
1668044083.3409183,1143.29,-1.6700000000000728,47.25876324,0.0,1.0,0.0,1012.75680754567,1012.75680754567,0.0,0.0
1668044093.1358042,1143.29,0.0,47.25876324,0.0,1.0,0.0,1012.75680754567,1012.75680754567,0.0,0.0
1668044103.198963,1143.29,0.0,47.25876324,0.0,1.0,0.0,1012.75680754567,1012.75680754567,0.0,0.0
1668044113.3415751,1141.91,-1.3799999999998818,44.85578524,0.0,1.0,0.0,1012.75680754567,1012.75680754567,0.0,0.0
1668044123.4251883,1141.91,0.0,44.85578524,0.0,1.0,0.0,1012.75680754567,1012.75680754567,0.0,0.0
1668044134.162316,1141.91,0.0,44.85578524,0.0,1.0,0.0,1012.75680754567,1012.75680754567,0.0,0.0
1668044144.2216232,1143.69,1.7799999999999727,48.49069561,0.0,1.0,0.0,1012.75680754567,1012.75680754567,0.0,0.0
1668044154.2944114,1143.69,0.0,48.49069561,0.0,1.0,0.0,1012.75680754567,1012.75680754567,0.0,0.0
1668044164.1914046,1143.69,0.0,48.49069561,0.0,1.0,0.0,1012.75680754567,1012.75680754567,0.0,0.0
1668044174.2427692,1143.84,0.14999999999986358,48.77553359,0.0,1.0,0.0,1012.75680754567,1012.75680754567,0.0,0.0
1668044184.289117,1143.84,0.0,48.77553359,0.0,1.0,0.0,1012.75680754567,1012.75680754567,0.0,0.0
1668044194.298236,1143.84,0.0,48.77553359,0.0,1.0,0.0,1012.75680754567,1012.75680754567,0.0,0.0
1668044204.2428007,1145.82,1.9800000000000182,52.50876007,0.0,1.0,0.0,1012.75680754567,1012.75680754567,0.0,0.0
1668044214.423107,1145.82,0.0,52.50876007,0.0,1.0,0.0,1012.75680754567,1012.75680754567,0.0,0.0
1668044224.3175063,1145.82,0.0,52.50876007,0.0,1.0,0.0,1012.75680754567,1012.75680754567,0.0,0.0
1668044234.172268,1145.82,0.0,52.50876007,0.0,1.0,0.0,1012.75680754567,1012.75680754567,0.0,0.0
1668044244.2171288,1144.85,-0.9700000000000273,50.74830367,0.0,1.0,0.0,1012.75680754567,1012.75680754567,0.0,0.0
1668044254.3089452,1144.85,0.0,50.74830367,0.0,1.0,0.0,1012.75680754567,1012.75680754567,0.0,0.0
1668044264.393896,1146.49,1.6400000000001,53.85958899,0.0,1.0,0.0,1012.75680754567,1012.75680754567,0.0,0.0
1668044274.3466794,1146.49,0.0,53.85958899,0.0,1.0,0.0,1012.75680754567,1012.75680754567,0.0,0.0
1668044284.2430434,1146.49,0.0,53.85958899,0.0,1.0,0.0,1012.75680754567,1012.75680754567,0.0,0.0
1668044294.323381,1148.95,2.4600000000000364,57.84551241,0.0,1.0,0.0,1012.75680754567,1012.75680754567,0.0,0.0
1668044304.3051765,1148.95,0.0,57.84551241,0.0,1.0,0.0,1012.75680754567,1012.75680754567,0.0,0.0
1668044315.1532223,1148.95,0.0,57.84551241,0.0,1.0,0.0,1012.75680754567,1012.75680754567,0.0,0.0
1668044325.397477,1145.11,-3.8400000000001455,50.50366583,0.0,1.0,0.0,1012.75680754567,1012.75680754567,0.0,0.0
1668044335.3127272,1145.11,0.0,50.50366583,0.0,1.0,0.0,1012.75680754567,1012.75680754567,0.0,0.0
1668044345.229748,1145.11,0.0,50.50366583,0.0,1.0,0.0,1012.75680754567,1012.75680754567,0.0,0.0
1668044355.147215,1143.13,-1.9799999999997908,47.37890997,0.0,1.0,0.0,1012.75680754567,1012.75680754567,0.0,0.0
1668044365.4571466,1143.13,0.0,47.37890997,0.0,1.0,0.0,1012.75680754567,1012.75680754567,0.0,0.0
1668044375.4626987,1143.13,0.0,47.37890997,0.0,1.0,0.0,1012.75680754567,1012.75680754567,0.0,0.0
1668044385.404385,1143.9,0.7699999999999818,48.68082685,0.0,1.0,0.0,1012.75680754567,1012.75680754567,0.0,0.0
1668044395.2846818,1143.9,0.0,48.68082685,0.0,1.0,0.0,1012.75680754567,1012.75680754567,0.0,0.0
1668044405.5552368,1143.9,0.0,48.68082685,0.0,1.0,0.0,1012.75680754567,1012.75680754567,0.0,0.0
1668044415.2379725,1142.04,-1.8600000000001273,45.71907936,0.0,1.0,0.0,1012.75680754567,1012.75680754567,0.0,0.0
1668044425.3307683,1142.04,0.0,45.71907936,0.0,1.0,0.0,1012.75680754567,1012.75680754567,0.0,0.0
1668044435.2988925,1142.04,0.0,45.71907936,0.0,1.0,0.0,1012.75680754567,1012.75680754567,0.0,0.0
1668044445.257686,1137.4,-4.639999999999873,39.3763393,0.0,1.0,0.0,1012.75680754567,1012.75680754567,0.0,0.0
1668044455.262839,1137.4,0.0,39.3763393,0.0,1.0,0.0,1012.75680754567,1012.75680754567,0.0,0.0
1668044465.2667725,1137.4,0.0,39.3763393,0.0,1.0,0.0,1012.75680754567,1012.75680754567,0.0,0.0
1668044475.197984,1134.13,-3.269999999999982,35.87065157,0.0,1.0,0.0,1012.75680754567,1012.75680754567,0.0,0.0
1668044485.2764115,1134.13,0.0,35.87065157,0.0,1.0,0.0,1012.75680754567,1012.75680754567,0.0,0.0
1668044496.1147728,1134.13,0.0,35.87065157,0.0,1.0,0.0,1012.75680754567,1012.75680754567,0.0,0.0
1668044506.1771898,1136.76,2.6299999999998818,40.46184844,0.0,1.0,0.0,1012.75680754567,1012.75680754567,0.0,0.0
1668044516.2202616,1136.76,0.0,40.46184844,0.0,1.0,0.0,1012.75680754567,1012.75680754567,0.0,0.0
1668044526.1663532,1136.76,0.0,40.46184844,0.0,1.0,0.0,1012.75680754567,1012.75680754567,0.0,0.0
1668044536.173678,1137.38,0.6200000000001182,41.45001873,0.0,1.0,0.0,1012.75680754567,1012.75680754567,0.0,0.0
1668044546.056167,1137.38,0.0,41.45001873,0.0,1.0,0.0,1012.75680754567,1012.75680754567,0.0,0.0
1668044556.2116213,1137.38,0.0,41.45001873,0.0,1.0,0.0,1012.75680754567,1012.75680754567,0.0,0.0
1668044566.6883647,1139.07,1.6899999999998272,44.17010664,0.0,1.0,0.0,1012.75680754567,1012.75680754567,0.0,0.0
1668044576.266641,1139.07,0.0,44.17010664,0.0,1.0,0.0,1012.75680754567,1012.75680754567,0.0,0.0
1668044586.2447274,1139.07,0.0,44.17010664,0.0,1.0,0.0,1012.75680754567,1012.75680754567,0.0,0.0
1668044596.249076,1138.69,-0.37999999999988177,43.58074698,0.0,1.0,0.0,1012.75680754567,1012.75680754567,0.0,0.0
1668044606.2670395,1138.69,0.0,43.58074698,0.0,1.0,0.0,1012.75680754567,1012.75680754567,0.0,0.0
1668044616.2042966,1138.69,0.0,43.58074698,0.0,1.0,0.0,1012.75680754567,1012.75680754567,0.0,0.0
1668044626.1420712,1139.6,0.9099999999998545,45.07601192,0.0,1.0,0.0,1012.75680754567,1012.75680754567,0.0,0.0
1668044636.3905933,1139.6,0.0,45.07601192,0.0,1.0,0.0,1012.75680754567,1012.75680754567,0.0,0.0
1668044646.2332268,1139.6,0.0,45.07601192,0.0,1.0,0.0,1012.75680754567,1012.75680754567,0.0,0.0
1668044656.247362,1140.43,0.8300000000001546,46.37339236,0.0,1.0,0.0,1012.75680754567,1012.75680754567,0.0,0.0
1668044666.5212102,1140.43,0.0,46.37339236,0.0,1.0,0.0,1012.75680754567,1012.75680754567,0.0,0.0
1668044677.1720445,1140.43,0.0,46.37339236,0.0,1.0,0.0,1012.75680754567,1012.75680754567,0.0,0.0
1668044687.0507216,1140.36,-0.07000000000016371,46.27425396,0.0,1.0,0.0,1012.75680754567,1012.75680754567,0.0,0.0
1668044697.7313,1140.36,0.0,46.27425396,0.0,1.0,0.0,1012.75680754567,1012.75680754567,0.0,0.0
1668044707.185726,1140.36,0.0,46.27425396,0.0,1.0,0.0,1012.75680754567,1012.75680754567,0.0,0.0
1668044717.1881468,1145.28,4.920000000000073,53.30747802,0.0,1.0,0.0,1012.75680754567,1012.75680754567,0.0,0.0
1668044727.5544407,1145.28,0.0,53.30747802,0.0,1.0,0.0,1012.75680754567,1012.75680754567,0.0,0.0
1668044737.2134695,1145.28,0.0,53.30747802,0.0,1.0,0.0,1012.75680754567,1012.75680754567,0.0,0.0
1668044747.1317325,1145.18,-0.09999999999990905,53.15665321,0.0,1.0,0.0,1012.75680754567,1012.75680754567,0.0,0.0
1668044757.1631837,1145.18,0.0,53.15665321,0.0,1.0,0.0,1012.75680754567,1012.75680754567,0.0,0.0
1668044767.1104734,1145.18,0.0,53.15665321,0.0,1.0,0.0,1012.75680754567,1012.75680754567,0.0,0.0
1668044777.217068,1140.92,-4.259999999999991,47.37482991,0.0,1.0,0.0,1012.75680754567,1012.75680754567,0.0,0.0
1668044787.153023,1140.92,0.0,47.37482991,0.0,1.0,0.0,1012.75680754567,1012.75680754567,0.0,0.0
1668044797.092389,1140.92,0.0,47.37482991,0.0,1.0,0.0,1012.75680754567,1012.75680754567,0.0,0.0
1668044807.2083678,1138.95,-1.9700000000000273,44.94046299,0.0,1.0,0.0,1012.75680754567,1012.75680754567,0.0,0.0
1668044817.2533305,1138.95,0.0,44.94046299,0.0,1.0,0.0,1012.75680754567,1012.75680754567,0.0,0.0
1668044827.207106,1138.95,0.0,44.94046299,0.0,1.0,0.0,1012.75680754567,1012.75680754567,0.0,0.0
1668044837.0842793,1139.8,0.849999999999909,45.9594434,0.0,1.0,0.0,1012.75680754567,1012.75680754567,0.0,0.0
1668044847.369238,1139.8,0.0,45.9594434,0.0,1.0,0.0,1012.75680754567,1012.75680754567,0.0,0.0
1668044858.2944033,1139.8,0.0,45.9594434,0.0,1.0,0.0,1012.75680754567,1012.75680754567,0.0,0.0
1668044867.9934504,1142.17,2.3700000000001182,49.40418754,0.0,1.0,0.0,1012.75680754567,1012.75680754567,0.0,0.0
1668044877.9615078,1142.17,0.0,49.40418754,0.0,1.0,0.0,1012.75680754567,1012.75680754567,0.0,0.0
1668044887.9757333,1142.17,0.0,49.40418754,0.0,1.0,0.0,1012.75680754567,1012.75680754567,0.0,0.0
1668044898.0221577,1140.54,-1.6300000000001091,47.08433336,0.0,1.0,0.0,1012.75680754567,1012.75680754567,0.0,0.0
1668044908.020494,1140.54,0.0,47.08433336,0.0,1.0,0.0,1012.75680754567,1012.75680754567,0.0,0.0
1668044918.0248904,1140.54,0.0,47.08433336,0.0,1.0,0.0,1012.75680754567,1012.75680754567,0.0,0.0
1668044927.9741518,1137.6,-2.9400000000000546,43.23385666,0.0,1.0,0.0,1012.75680754567,1012.75680754567,0.0,0.0
1668044938.1677642,1137.6,0.0,43.23385666,0.0,1.0,0.0,1012.75680754567,1012.75680754567,0.0,0.0
1668044948.1827345,1137.6,0.0,43.23385666,0.0,1.0,0.0,1012.75680754567,1012.75680754567,0.0,0.0
1668044958.0109663,1139.5,1.900000000000091,45.64625779,0.0,1.0,0.0,1012.75680754567,1012.75680754567,0.0,0.0
1668044968.044305,1139.5,0.0,45.64625779,0.0,1.0,0.0,1012.75680754567,1012.75680754567,0.0,0.0
1668044977.9636035,1139.5,0.0,45.64625779,0.0,1.0,0.0,1012.75680754567,1012.75680754567,0.0,0.0
1668044988.080506,1137.31,-2.1900000000000546,42.68946141,0.0,1.0,0.0,1012.75680754567,1012.75680754567,0.0,0.0
1668044997.9313507,1137.31,0.0,42.68946141,0.0,1.0,0.0,1012.75680754567,1012.75680754567,0.0,0.0
1668045008.2640207,1137.31,0.0,42.68946141,0.0,1.0,0.0,1012.75680754567,1012.75680754567,0.0,0.0
1668045018.7048366,1137.3,-0.009999999999990905,42.67586766,0.0,1.0,0.0,1012.75680754567,1012.75680754567,0.0,0.0
1668045027.9083946,1137.3,0.0,42.67586766,0.0,1.0,0.0,1012.75680754567,1012.75680754567,0.0,0.0
1668045038.8115313,1137.3,0.0,42.67586766,0.0,1.0,0.0,1012.75680754567,1012.75680754567,0.0,0.0
1668045048.6888423,1136.27,-1.0299999999999727,41.32060828,0.0,1.0,0.0,1012.75680754567,1012.75680754567,0.0,0.0
1668045058.7937093,1136.27,0.0,41.32060828,0.0,1.0,0.0,1012.75680754567,1012.75680754567,0.0,0.0
1668045069.0733829,1136.27,0.0,41.32060828,0.0,1.0,0.0,1012.75680754567,1012.75680754567,0.0,0.0
1668045078.8482437,1135.65,-0.6199999999998909,40.54554411,0.0,1.0,0.0,1012.75680754567,1012.75680754567,0.0,0.0
1668045088.8356328,1135.65,0.0,40.54554411,0.0,1.0,0.0,1012.75680754567,1012.75680754567,0.0,0.0
1668045098.8587828,1135.65,0.0,40.54554411,0.0,1.0,0.0,1012.75680754567,1012.75680754567,0.0,0.0
1668045108.759124,1134.68,-0.9700000000000273,39.30341713,0.0,1.0,0.0,1012.75680754567,1012.75680754567,0.0,0.0
1668045119.0362585,1134.68,0.0,39.30341713,0.0,1.0,0.0,1012.75680754567,1012.75680754567,0.0,0.0
1668045128.831879,1134.68,0.0,39.30341713,0.0,1.0,0.0,1012.75680754567,1012.75680754567,0.0,0.0
1668045138.8064852,1133.76,-0.9200000000000728,38.19275265,0.0,1.0,0.0,1012.75680754567,1012.75680754567,0.0,0.0
1668045148.759118,1133.76,0.0,38.19275265,0.0,1.0,0.0,1012.75680754567,1012.75680754567,0.0,0.0
1668045158.6783612,1133.76,0.0,38.19275265,0.0,1.0,0.0,1012.75680754567,1012.75680754567,0.0,0.0
1668045168.8158891,1136.24,2.480000000000018,42.87074406,0.0,1.0,0.0,1012.75680754567,1012.75680754567,0.0,0.0
1668045179.5360715,1136.24,0.0,42.87074406,0.0,1.0,0.0,1012.75680754567,1012.75680754567,0.0,0.0
1668045188.744846,1136.24,0.0,42.87074406,0.0,1.0,0.0,1012.75680754567,1012.75680754567,0.0,0.0
1668045198.9384625,1136.78,0.5399999999999636,43.80228585,0.0,1.0,0.0,1012.75680754567,1012.75680754567,0.0,0.0
1668045208.7493207,1136.78,0.0,43.80228585,0.0,1.0,0.0,1012.75680754567,1012.75680754567,0.0,0.0
1668045220.0430343,1136.78,0.0,43.80228585,0.0,1.0,0.0,1012.75680754567,1012.75680754567,0.0,0.0
1668045229.784031,1136.86,0.07999999999992724,43.94748623,0.0,1.0,0.0,1012.75680754567,1012.75680754567,0.0,0.0
1668045239.9171786,1136.86,0.0,43.94748623,0.0,1.0,0.0,1012.75680754567,1012.75680754567,0.0,0.0
1668045249.8972683,1136.86,0.0,43.94748623,0.0,1.0,0.0,1012.75680754567,1012.75680754567,0.0,0.0
1668045259.751623,1135.27,-1.5899999999999181,41.74514199,0.0,1.0,0.0,1012.75680754567,1012.75680754567,0.0,0.0
1668045270.050292,1135.27,0.0,41.74514199,0.0,1.0,0.0,1012.75680754567,1012.75680754567,0.0,0.0
1668045280.0568874,1135.27,0.0,41.74514199,0.0,1.0,0.0,1012.75680754567,1012.75680754567,0.0,0.0
1668045289.900365,1137.14,1.8700000000001182,45.16079328,0.0,1.0,0.0,1012.75680754567,1012.75680754567,0.0,0.0
1668045299.90547,1137.14,0.0,45.16079328,0.0,1.0,0.0,1012.75680754567,1012.75680754567,0.0,0.0
1668045309.8618443,1137.14,0.0,45.16079328,0.0,1.0,0.0,1012.75680754567,1012.75680754567,0.0,0.0
1668045319.9243555,1138.16,1.0199999999999818,46.86028542,0.0,1.0,0.0,1012.75680754567,1012.75680754567,0.0,0.0
1668045329.9147725,1138.16,0.0,46.86028542,0.0,1.0,0.0,1012.75680754567,1012.75680754567,0.0,0.0
1668045340.121419,1138.16,0.0,46.86028542,0.0,1.0,0.0,1012.75680754567,1012.75680754567,0.0,0.0
1668045349.7944176,1137.14,-1.0199999999999818,45.34686379,0.0,1.0,0.0,1012.75680754567,1012.75680754567,0.0,0.0
1668045359.9370534,1137.14,0.0,45.34686379,0.0,1.0,0.0,1012.75680754567,1012.75680754567,0.0,0.0
1668045369.91138,1137.14,0.0,45.34686379,0.0,1.0,0.0,1012.75680754567,1012.75680754567,0.0,0.0
1668045380.1570194,1138.55,1.4099999999998545,47.53114932,0.0,1.0,0.0,1012.75680754567,1012.75680754567,0.0,0.0
1668045390.053866,1138.55,0.0,47.53114932,0.0,1.0,0.0,1012.75680754567,1012.75680754567,0.0,0.0
1668045400.683114,1138.55,0.0,47.53114932,0.0,1.0,0.0,1012.75680754567,1012.75680754567,0.0,0.0
1668045410.5732758,1137.53,-1.0199999999999818,45.89942406,0.0,1.0,0.0,1012.75680754567,1012.75680754567,0.0,0.0
1668045420.66392,1137.53,0.0,45.89942406,0.0,1.0,0.0,1012.75680754567,1012.75680754567,0.0,0.0
1668045430.5459054,1137.53,0.0,45.89942406,0.0,1.0,0.0,1012.75680754567,1012.75680754567,0.0,0.0
1668045440.9414375,1136.72,-0.8099999999999454,44.68141468,0.0,1.0,0.0,1012.75680754567,1012.75680754567,0.0,0.0
1668045450.5913875,1136.72,0.0,44.68141468,0.0,1.0,0.0,1012.75680754567,1012.75680754567,0.0,0.0
1668045460.4881449,1136.72,0.0,44.68141468,0.0,1.0,0.0,1012.75680754567,1012.75680754567,0.0,0.0
1668045470.7093503,1134.01,-2.7100000000000364,40.78552895,0.0,1.0,0.0,1012.75680754567,1012.75680754567,0.0,0.0
1668045480.5989366,1134.01,0.0,40.78552895,0.0,1.0,0.0,1012.75680754567,1012.75680754567,0.0,0.0
1668045491.2199254,1134.01,0.0,40.78552895,0.0,1.0,0.0,1012.75680754567,1012.75680754567,0.0,0.0
1668045500.5310888,1134.74,0.7300000000000182,41.766511,0.0,1.0,0.0,1012.75680754567,1012.75680754567,0.0,0.0
1668045510.8724916,1134.74,0.0,41.766511,0.0,1.0,0.0,1012.75680754567,1012.75680754567,0.0,0.0
1668045520.6693587,1134.74,0.0,41.766511,0.0,1.0,0.0,1012.75680754567,1012.75680754567,0.0,0.0
1668045530.8801863,1136.44,1.7000000000000455,45.07935753,0.0,1.0,0.0,1012.75680754567,1012.75680754567,0.0,0.0
1668045540.5614998,1136.44,0.0,45.07935753,0.0,1.0,0.0,1012.75680754567,1012.75680754567,0.0,0.0
1668045550.624919,1136.44,0.0,45.07935753,0.0,1.0,0.0,1012.75680754567,1012.75680754567,0.0,0.0
1668045560.6711888,1135.88,-0.5599999999999454,44.03049375,0.0,1.0,0.0,1012.75680754567,1012.75680754567,0.0,0.0
1668045570.7229643,1135.88,0.0,44.03049375,0.0,1.0,0.0,1012.75680754567,1012.75680754567,0.0,0.0
1668045581.5116096,1136.23,0.34999999999990905,44.74081153,0.0,1.0,0.0,1012.75680754567,1012.75680754567,0.0,0.0
1668045591.5616546,1136.23,0.0,44.74081153,0.0,1.0,0.0,1012.75680754567,1012.75680754567,0.0,0.0
1668045601.6548045,1136.23,0.0,44.74081153,0.0,1.0,0.0,1012.75680754567,1012.75680754567,0.0,0.0
1668045611.6331017,1136.23,0.0,44.74081153,0.0,1.0,0.0,1012.75680754567,1012.75680754567,0.0,0.0
1668045621.5511768,1137.8,1.5699999999999363,47.71721322,0.0,1.0,0.0,1012.75680754567,1012.75680754567,0.0,0.0
1668045631.8139455,1137.8,0.0,47.71721322,0.0,1.0,0.0,1012.75680754567,1012.75680754567,0.0,0.0
1668045641.5106192,1138.45,0.650000000000091,48.94334675,0.0,1.0,0.0,1012.75680754567,1012.75680754567,0.0,0.0
1668045651.4911466,1138.45,0.0,48.94334675,0.0,1.0,0.0,1012.75680754567,1012.75680754567,0.0,0.0
1668045661.5957422,1138.45,0.0,48.94334675,0.0,1.0,0.0,1012.75680754567,1012.75680754567,0.0,0.0
1668045671.5892746,1138.42,-0.029999999999972715,48.88746865,0.0,1.0,0.0,1012.75680754567,1012.75680754567,0.0,0.0
1668045681.591941,1138.42,0.0,48.88746865,0.0,1.0,0.0,1012.75680754567,1012.75680754567,0.0,0.0
1668045691.3192458,1138.42,0.0,48.88746865,0.0,1.0,0.0,1012.75680754567,1012.75680754567,0.0,0.0
1668045701.4211383,1136.38,-2.0399999999999636,45.29590059,0.0,1.0,0.0,1012.75680754567,1012.75680754567,0.0,0.0
1668045711.4129062,1136.38,0.0,45.29590059,0.0,1.0,0.0,1012.75680754567,1012.75680754567,0.0,0.0
1668045721.361628,1136.38,0.0,45.29590059,0.0,1.0,0.0,1012.75680754567,1012.75680754567,0.0,0.0
1668045731.511764,1137.79,1.4099999999998545,47.71758153,0.0,1.0,0.0,1012.75680754567,1012.75680754567,0.0,0.0
1668045741.4741037,1137.79,0.0,47.71758153,0.0,1.0,0.0,1012.75680754567,1012.75680754567,0.0,0.0
1668045751.5931966,1137.79,0.0,47.71758153,0.0,1.0,0.0,1012.75680754567,1012.75680754567,0.0,0.0
1668045762.506045,1138.13,0.3400000000001455,48.43263298,0.0,1.0,0.0,1012.75680754567,1012.75680754567,0.0,0.0
1668045772.464841,1138.13,0.0,48.43263298,0.0,1.0,0.0,1012.75680754567,1012.75680754567,0.0,0.0
1668045782.529136,1138.13,0.0,48.43263298,0.0,1.0,0.0,1012.75680754567,1012.75680754567,0.0,0.0
1668045792.680756,1137.06,-1.0700000000001637,46.33561235,0.0,1.0,0.0,1012.75680754567,1012.75680754567,0.0,0.0
1668045802.664225,1137.06,0.0,46.33561235,0.0,1.0,0.0,1012.75680754567,1012.75680754567,0.0,0.0
1668045812.7044482,1137.06,0.0,46.33561235,0.0,1.0,0.0,1012.75680754567,1012.75680754567,0.0,0.0
1668045822.7575722,1137.06,0.0,46.33561235,0.0,1.0,0.0,1012.75680754567,1012.75680754567,0.0,0.0
1668045832.7643008,1134.26,-2.7999999999999545,41.38475741,0.0,1.0,0.0,1012.75680754567,1012.75680754567,0.0,0.0
1668045842.7038128,1134.26,0.0,41.38475741,0.0,1.0,0.0,1012.75680754567,1012.75680754567,0.0,0.0
1668045852.6487558,1131.04,-3.2200000000000273,36.86664864,0.0,1.0,0.0,1012.75680754567,1012.75680754567,0.0,0.0
1668045863.061919,1131.04,0.0,36.86664864,0.0,1.0,0.0,1012.75680754567,1012.75680754567,0.0,0.0
1668045872.850566,1131.04,0.0,36.86664864,0.0,1.0,0.0,1012.75680754567,1012.75680754567,0.0,0.0
1668045882.7389438,1130.41,-0.6299999999998818,36.026357,0.0,1.0,0.0,1012.75680754567,1012.75680754567,0.0,0.0
1668045892.9364195,1130.41,0.0,36.026357,0.0,1.0,0.0,1012.75680754567,1012.75680754567,0.0,0.0
1668045902.740509,1130.41,0.0,36.026357,0.0,1.0,0.0,1012.75680754567,1012.75680754567,0.0,0.0
1668045912.7719345,1130.33,-0.08000000000015461,35.92255993,0.0,1.0,0.0,1012.75680754567,1012.75680754567,0.0,0.0
1668045922.9067411,1130.33,0.0,35.92255993,0.0,1.0,0.0,1012.75680754567,1012.75680754567,0.0,0.0
1668045932.776305,1130.33,0.0,35.92255993,0.0,1.0,0.0,1012.75680754567,1012.75680754567,0.0,0.0
1668045943.5701816,1130.29,-0.03999999999996362,35.86744567,0.0,1.0,0.0,1012.75680754567,1012.75680754567,0.0,0.0
1668045953.6121376,1130.29,0.0,35.86744567,0.0,1.0,0.0,1012.75680754567,1012.75680754567,0.0,0.0
1668045963.6786115,1130.29,0.0,35.86744567,0.0,1.0,0.0,1012.75680754567,1012.75680754567,0.0,0.0
1668045973.571919,1127.69,-2.599999999999909,32.60700848,1.0,0.0,0.8980808622455373,0.0,1012.75680754567,0.0,0.0
1668045983.7751324,1127.69,0.0,32.60700848,1.0,0.0,0.8980808622455373,0.0,1012.75680754567,0.0,0.0
1668045993.81195,1127.69,0.0,32.60700848,1.0,0.0,0.8980808622455373,0.0,1012.75680754567,0.0,0.0
1668046003.6787229,1127.69,0.0,32.60700848,1.0,0.0,0.8980808622455373,0.0,1012.75680754567,0.0,0.0
1668046013.741967,1130.87,3.1799999999998363,39.73425436,1.0,0.0,0.8980808622455373,0.0,1015.6127046876106,2.855897141940659,0.0
1668046023.9425983,1130.87,0.0,39.73425436,1.0,0.0,0.8980808622455373,0.0,1015.6127046876106,0.0,0.0
1668046033.628674,1131.53,0.6600000000000819,41.06687141,1.0,0.0,0.8980808622455373,0.0,1016.2054380566929,0.5927333690821115,0.0
1668046043.6726289,1131.53,0.0,41.06687141,1.0,0.0,0.8980808622455373,0.0,1016.2054380566929,-1.1368683772161603e-13,0.0
1668046053.7212715,1131.53,0.0,41.06687141,1.0,0.0,0.8980808622455373,0.0,1016.2054380566929,-1.1368683772161603e-13,0.0
1668046063.6879182,1131.82,0.2899999999999636,41.66811262,1.0,0.0,0.8980808622455373,0.0,1016.465881506744,0.2604434500510706,0.0
1668046073.7846577,1131.82,0.0,41.66811262,1.0,0.0,0.8980808622455373,0.0,1016.465881506744,-1.1368683772161603e-13,0.0
1668046083.619408,1131.82,0.0,41.66811262,1.0,0.0,0.8980808622455373,0.0,1016.465881506744,-1.1368683772161603e-13,0.0
1668046093.6701176,1129.44,-2.3799999999998818,38.12508,1.0,0.0,0.8980808622455373,0.0,1014.3284490545996,-2.137432452144367,0.0
1668046103.5360546,1129.44,0.0,38.12508,1.0,0.0,0.8980808622455373,0.0,1014.3284490545996,1.1368683772161603e-13,0.0
1668046113.8257165,1129.44,0.0,38.12508,1.0,0.0,0.8980808622455373,0.0,1014.3284490545996,1.1368683772161603e-13,0.0
1668046124.4938183,1130.31,0.8699999999998909,40.00104814,1.0,0.0,0.8980808622455373,0.0,1015.1097794047532,0.7813303501536666,0.0
1668046134.5159533,1130.31,0.0,40.00104814,1.0,0.0,0.8980808622455373,0.0,1015.1097794047532,0.0,0.0
1668046144.4715507,1130.31,0.0,40.00104814,1.0,0.0,0.8980808622455373,0.0,1015.1097794047532,0.0,0.0
1668046154.5463085,1133.5,3.1900000000000546,46.00373838,1.0,0.0,0.8980808622455373,0.0,1017.9746573553164,2.8648779505632547,0.0
1668046164.539793,1133.5,0.0,46.00373838,1.0,0.0,0.8980808622455373,0.0,1017.9746573553164,1.1368683772161603e-13,0.0
1668046174.8212612,1133.5,0.0,46.00373838,1.0,0.0,0.8980808622455373,0.0,1017.9746573553164,1.1368683772161603e-13,0.0
1668046184.9383812,1134.09,0.5899999999999181,47.05871482,1.0,0.0,0.8980808622455373,0.0,1018.5045250640412,0.5298677087249644,0.0
1668046194.665944,1134.09,0.0,47.05871482,1.0,0.0,0.8980808622455373,0.0,1018.5045250640412,1.1368683772161603e-13,0.0
1668046204.5232408,1134.09,0.0,47.05871482,1.0,0.0,0.8980808622455373,0.0,1018.5045250640412,1.1368683772161603e-13,0.0
1668046214.6784968,1134.32,0.2300000000000182,47.45889364,1.0,0.0,0.8980808622455373,0.0,1018.711083662358,0.20655859831663292,0.0
1668046224.693143,1134.32,0.0,47.45889364,1.0,0.0,0.8980808622455373,0.0,1018.711083662358,-1.1368683772161603e-13,0.0
1668046234.5391817,1134.32,0.0,47.45889364,1.0,0.0,0.8980808622455373,0.0,1018.711083662358,-1.1368683772161603e-13,0.0
1668046244.4924483,1132.77,-1.5499999999999545,44.99074476,1.0,0.0,0.8980808622455373,0.0,1017.3190583258772,-1.3920253364807422,0.0
1668046254.5496154,1132.77,0.0,44.99074476,1.0,0.0,0.8980808622455373,0.0,1017.3190583258772,0.0,0.0
1668046264.6316185,1132.77,0.0,44.99074476,1.0,0.0,0.8980808622455373,0.0,1017.3190583258772,0.0,0.0
1668046274.6161685,1133.01,0.2400000000000091,45.3559759,1.0,0.0,0.8980808622455373,0.0,1017.5345977328162,0.2155394069390013,0.0
1668046284.6092649,1133.01,0.0,45.3559759,1.0,0.0,0.8980808622455373,0.0,1017.5345977328162,0.0,0.0
1668046294.71813,1133.01,0.0,45.3559759,1.0,0.0,0.8980808622455373,0.0,1017.5345977328162,0.0,0.0
1668046305.412089,1133.18,0.17000000000007276,45.69227723,1.0,0.0,0.8980808622455373,0.0,1017.687271479398,0.1526737465817405,0.0
1668046315.6032734,1133.18,0.0,45.69227723,1.0,0.0,0.8980808622455373,0.0,1017.687271479398,0.0,0.0
1668046325.5448773,1133.18,0.0,45.69227723,1.0,0.0,0.8980808622455373,0.0,1017.687271479398,0.0,0.0
1668046335.6116538,1133.42,0.2400000000000091,46.16006915,1.0,0.0,0.8980808622455373,0.0,1017.902810886337,0.2155394069390013,0.0
1668046345.7577977,1133.42,0.0,46.16006915,1.0,0.0,0.8980808622455373,0.0,1017.902810886337,0.0,0.0
1668046355.5186932,1133.42,0.0,46.16006915,1.0,0.0,0.8980808622455373,0.0,1017.902810886337,0.0,0.0
1668046365.557369,1135.82,2.3999999999998636,50.73046937,1.0,0.0,0.8980808622455373,0.0,1020.058204955726,2.1553940693891036,0.0
1668046375.3795948,1135.82,0.0,50.73046937,1.0,0.0,0.8980808622455373,0.0,1020.058204955726,1.1368683772161603e-13,0.0
1668046385.5461974,1135.82,0.0,50.73046937,1.0,0.0,0.8980808622455373,0.0,1020.058204955726,1.1368683772161603e-13,0.0
1668046395.5583572,1136.7,0.8800000000001091,52.21773287,1.0,0.0,0.8980808622455373,0.0,1020.8485161145024,0.790311158776376,0.0
1668046405.7792437,1136.7,0.0,52.21773287,1.0,0.0,0.8980808622455373,0.0,1020.8485161145024,-1.1368683772161603e-13,0.0
1668046415.4873369,1136.7,0.0,52.21773287,1.0,0.0,0.8980808622455373,0.0,1020.8485161145024,-1.1368683772161603e-13,0.0
1668046425.466938,1136.1,-0.6000000000001364,51.08543714,1.0,0.0,0.8980808622455373,0.0,1020.3096675971548,-0.5388485173475601,0.0
1668046435.48176,1136.1,0.0,51.08543714,1.0,0.0,0.8980808622455373,0.0,1020.3096675971548,1.1368683772161603e-13,0.0
1668046445.5069635,1136.1,0.0,51.08543714,1.0,0.0,0.8980808622455373,0.0,1020.3096675971548,1.1368683772161603e-13,0.0
1668046455.429,1136.07,-0.029999999999972715,51.03010998,1.0,0.0,0.8980808622455373,0.0,1020.2827251712874,-0.02694242586733253,0.0
1668046465.7678485,1136.07,0.0,51.03010998,1.0,0.0,0.8980808622455373,0.0,1020.2827251712874,0.0,0.0
1668046476.048561,1136.07,0.0,51.03010998,1.0,0.0,0.8980808622455373,0.0,1020.2827251712874,0.0,0.0
1668046486.558174,1136.17,0.10000000000013642,51.21975814,1.0,0.0,0.8980808622455373,0.0,1020.372533257512,0.08980808622470704,0.0
1668046496.4937794,1136.17,0.0,51.21975814,1.0,0.0,0.8980808622455373,0.0,1020.372533257512,1.1368683772161603e-13,0.0
1668046506.9539196,1136.17,0.0,51.21975814,1.0,0.0,0.8980808622455373,0.0,1020.372533257512,1.1368683772161603e-13,0.0
1668046516.3448591,1134.66,-1.509999999999991,48.37811476,1.0,0.0,0.8980808622455373,0.0,1019.0164311555214,-1.3561021019905866,0.0
1668046526.592363,1134.66,0.0,48.37811476,1.0,0.0,0.8980808622455373,0.0,1019.0164311555214,0.0,0.0
1668046536.4242196,1134.66,0.0,48.37811476,1.0,0.0,0.8980808622455373,0.0,1019.0164311555214,0.0,0.0
1668046546.4802556,1136.3,1.6399999999998727,51.53312429,1.0,0.0,0.8980808622455373,0.0,1020.489283769604,1.4728526140825124,0.0
1668046556.6062253,1136.3,0.0,51.53312429,1.0,0.0,0.8980808622455373,0.0,1020.489283769604,0.0,0.0
1668046566.4770863,1136.3,0.0,51.53312429,1.0,0.0,0.8980808622455373,0.0,1020.489283769604,0.0,0.0
1668046576.4509652,1136.52,0.22000000000002728,51.92862571,1.0,0.0,0.8980808622455373,0.0,1020.686861559298,0.19757778969403716,0.0
1668046586.5805607,1136.52,0.0,51.92862571,1.0,0.0,0.8980808622455373,0.0,1020.686861559298,0.0,0.0
1668046596.6239526,1136.52,0.0,51.92862571,1.0,0.0,0.8980808622455373,0.0,1020.686861559298,0.0,0.0
1668046606.5400946,1137.16,0.6400000000001,53.1228619,1.0,0.0,0.8980808622455373,0.0,1021.2616333111353,0.574771751837261,0.0
1668046616.4692178,1137.16,0.0,53.1228619,1.0,0.0,0.8980808622455373,0.0,1021.2616333111353,0.0,0.0
1668046626.5701363,1137.16,0.0,53.1228619,1.0,0.0,0.8980808622455373,0.0,1021.2616333111353,0.0,0.0
1668046636.4803057,1138.27,1.1099999999999,55.06308602,1.0,0.0,0.8980808622455373,0.0,1022.2585030682276,0.9968697570924405,0.0
1668046646.6633413,1138.27,0.0,55.06308602,1.0,0.0,0.8980808622455373,0.0,1022.2585030682276,1.1368683772161603e-13,0.0
1668046656.5819917,1138.27,0.0,55.06308602,1.0,0.0,0.8980808622455373,0.0,1022.2585030682276,1.1368683772161603e-13,0.0
1668046667.4666586,1137.34,-0.9300000000000637,53.09190285,1.0,0.0,0.8980808622455373,0.0,1021.4232878663394,-0.835215201888218,0.0
1668046677.1222868,1137.34,0.0,53.09190285,1.0,0.0,0.8980808622455373,0.0,1021.4232878663394,0.0,0.0
1668046687.197485,1137.34,0.0,53.09190285,1.0,0.0,0.8980808622455373,0.0,1021.4232878663394,0.0,0.0
1668046697.1949816,1136.34,-1.0,51.11324539,1.0,0.0,0.8980808622455373,0.0,1020.5252070040938,-0.8980808622455925,0.0
1668046707.1537118,1136.34,0.0,51.11324539,1.0,0.0,0.8980808622455373,0.0,1020.5252070040938,0.0,0.0
1668046717.388398,1136.34,0.0,51.11324539,1.0,0.0,0.8980808622455373,0.0,1020.5252070040938,0.0,0.0
1668046727.222613,1138.87,2.5299999999999727,55.61774233,1.0,0.0,0.8980808622455373,0.0,1022.7973515855748,2.272144581481143,0.0
1668046737.1998267,1138.87,0.0,55.61774233,1.0,0.0,0.8980808622455373,0.0,1022.7973515855748,1.1368683772161603e-13,0.0
1668046747.2341678,1138.87,0.0,55.61774233,1.0,0.0,0.8980808622455373,0.0,1022.7973515855748,1.1368683772161603e-13,0.0
1668046757.143446,1140.94,2.0700000000001637,58.75488029,1.0,0.0,0.8980808622455373,0.0,1024.6563789704237,1.8590273848486731,0.0
1668046767.3271306,1140.94,0.0,58.75488029,1.0,0.0,0.8980808622455373,0.0,1024.6563789704237,-2.2737367544323206e-13,0.0
1668046777.3704064,1140.94,0.0,58.75488029,1.0,0.0,0.8980808622455373,0.0,1024.6563789704237,-2.2737367544323206e-13,0.0
1668046787.2416482,1139.32,-1.6200000000001182,55.57104729,1.0,0.0,0.8980808622455373,0.0,1023.2014879735856,-1.4548909968382304,0.0
1668046797.312848,1139.32,0.0,55.57104729,1.0,0.0,0.8980808622455373,0.0,1023.2014879735856,-1.1368683772161603e-13,0.0
1668046807.1360023,1139.32,0.0,55.57104729,1.0,0.0,0.8980808622455373,0.0,1023.2014879735856,-1.1368683772161603e-13,0.0
1668046817.395883,1137.92,-1.3999999999998636,52.9756378,1.0,0.0,0.8980808622455373,0.0,1021.9441747664418,-1.2573132071437385,0.0
1668046827.766513,1137.92,0.0,52.9756378,1.0,0.0,0.8980808622455373,0.0,1021.9441747664418,0.0,0.0
1668046837.43655,1137.92,0.0,52.9756378,1.0,0.0,0.8980808622455373,0.0,1021.9441747664418,0.0,0.0
1668046848.010316,1138.23,0.30999999999994543,53.49358857,1.0,0.0,0.8980808622455373,0.0,1022.222579833738,0.27840506729603476,0.0
1668046857.9953434,1138.23,0.0,53.49358857,1.0,0.0,0.8980808622455373,0.0,1022.222579833738,-1.1368683772161603e-13,0.0
1668046868.0435305,1138.23,0.0,53.49358857,1.0,0.0,0.8980808622455373,0.0,1022.222579833738,-1.1368683772161603e-13,0.0
1668046877.9364216,1138.02,-0.21000000000003638,53.14397473,1.0,0.0,0.8980808622455373,0.0,1022.0339828526664,-0.18859698107166878,0.0
1668046887.9394836,1138.02,0.0,53.14397473,1.0,0.0,0.8980808622455373,0.0,1022.0339828526664,-1.1368683772161603e-13,0.0
1668046898.0367374,1138.02,0.0,53.14397473,1.0,0.0,0.8980808622455373,0.0,1022.0339828526664,-1.1368683772161603e-13,0.0
1668046908.0622797,1137.95,-0.06999999999993634,53.00094615,1.0,0.0,0.8980808622455373,0.0,1021.9711171923092,-0.06286566035726082,0.0
1668046918.2968004,1137.95,0.0,53.00094615,1.0,0.0,0.8980808622455373,0.0,1021.9711171923092,0.0,0.0
1668046927.9524896,1137.95,0.0,53.00094615,1.0,0.0,0.8980808622455373,0.0,1021.9711171923092,0.0,0.0
1668046938.238556,1139.16,1.2100000000000364,55.1165442,1.0,0.0,0.8980808622455373,0.0,1023.0577950356264,1.0866778433171476,0.0
1668046947.996333,1139.16,0.0,55.1165442,1.0,0.0,0.8980808622455373,0.0,1023.0577950356264,-1.1368683772161603e-13,0.0
1668046958.0635605,1139.16,0.0,55.1165442,1.0,0.0,0.8980808622455373,0.0,1023.0577950356264,-1.1368683772161603e-13,0.0
1668046968.1220846,1140.06,0.8999999999998636,56.66751217,1.0,0.0,0.8980808622455373,0.0,1023.8660678116472,0.8082727760207717,0.0
1668046977.9322767,1140.06,0.0,56.66751217,1.0,0.0,0.8980808622455373,0.0,1023.8660678116472,0.0,0.0
1668046988.4644935,1140.06,0.0,56.66751217,1.0,0.0,0.8980808622455373,0.0,1023.8660678116472,0.0,0.0
1668046998.1072135,1140.81,0.75,57.88160612,1.0,0.0,0.8980808622455373,0.0,1024.5396284583314,0.6735606466842228,0.0
1668047007.8499224,1140.81,0.0,57.88160612,1.0,0.0,0.8980808622455373,0.0,1024.5396284583314,0.0,0.0
1668047018.1874893,1140.81,0.0,57.88160612,1.0,0.0,0.8980808622455373,0.0,1024.5396284583314,0.0,0.0
1668047028.8853772,1142.19,1.3800000000001091,60.09482902,1.0,0.0,0.8980808622455373,0.0,1025.7789800482303,1.239351589898888,0.0
1668047038.8844566,1142.19,0.0,60.09482902,1.0,0.0,0.8980808622455373,0.0,1025.7789800482303,0.0,0.0
1668047049.0372777,1142.19,0.0,60.09482902,1.0,0.0,0.8980808622455373,0.0,1025.7789800482303,0.0,0.0
1668047058.931958,1143.3,1.1099999999999,61.70280142,1.0,0.0,0.8980808622455373,0.0,1026.7758498053229,0.9968697570923268,0.0
1668047068.9721854,1143.3,0.0,61.70280142,1.0,0.0,0.8980808622455373,0.0,1026.7758498053229,-2.2737367544323206e-13,0.0
1668047078.8380687,1143.3,0.0,61.70280142,1.0,0.0,0.8980808622455373,0.0,1026.7758498053229,-2.2737367544323206e-13,0.0
1668047088.906023,1140.66,-2.6399999999998727,55.90086244,1.0,0.0,0.8980808622455373,0.0,1024.404916328995,-2.3709334763282186,0.0
1668047099.0295591,1140.66,0.0,55.90086244,1.0,0.0,0.8980808622455373,0.0,1024.404916328995,-2.2737367544323206e-13,0.0
1668047108.8621612,1140.66,0.0,55.90086244,1.0,0.0,0.8980808622455373,0.0,1024.404916328995,-2.2737367544323206e-13,0.0
1668047119.0259075,1140.27,-0.39000000000010004,55.13350046,1.0,0.0,0.8980808622455373,0.0,1024.0546647927188,-0.3502515362761187,0.0
1668047128.8889682,1140.27,0.0,55.13350046,1.0,0.0,0.8980808622455373,0.0,1024.0546647927188,0.0,0.0
1668047139.058791,1140.27,0.0,55.13350046,1.0,0.0,0.8980808622455373,0.0,1024.0546647927188,0.0,0.0
1668047148.9963486,1140.37,0.09999999999990905,55.30659447,1.0,0.0,0.8980808622455373,0.0,1024.1444728789434,0.08980808622459335,0.0
1668047159.1312144,1140.37,0.0,55.30659447,1.0,0.0,0.8980808622455373,0.0,1024.1444728789434,0.0,0.0
1668047169.0001829,1140.37,0.0,55.30659447,1.0,0.0,0.8980808622455373,0.0,1024.1444728789434,0.0,0.0
1668047178.8506286,1140.66,0.290000000000191,55.78423784,1.0,0.0,0.8980808622455373,0.0,1024.404916328995,0.260443450051298,0.0
1668047189.0129173,1140.66,0.0,55.78423784,1.0,0.0,0.8980808622455373,0.0,1024.404916328995,-2.2737367544323206e-13,0.0
1668047198.8749511,1140.66,0.0,55.78423784,1.0,0.0,0.8980808622455373,0.0,1024.404916328995,-2.2737367544323206e-13,0.0
1668047209.8401308,1142.67,2.009999999999991,59.09261325,1.0,0.0,0.8980808622455373,0.0,1026.210058862108,1.8051425331132123,0.0
1668047219.7995093,1142.67,0.0,59.09261325,1.0,0.0,0.8980808622455373,0.0,1026.210058862108,0.0,0.0
1668047229.9542556,1142.67,0.0,59.09261325,1.0,0.0,0.8980808622455373,0.0,1026.210058862108,0.0,0.0
1668047239.778114,1142.05,-0.6200000000001182,58.11957584,1.0,0.0,0.8980808622455373,0.0,1025.6532487275158,-0.5568101345922969,0.0
1668047249.8806305,1142.05,0.0,58.11957584,1.0,0.0,0.8980808622455373,0.0,1025.6532487275158,0.0,0.0
1668047259.84809,1142.05,0.0,58.11957584,1.0,0.0,0.8980808622455373,0.0,1025.6532487275158,0.0,0.0
1668047269.8476722,1142.28,0.2300000000000182,58.51724937,1.0,0.0,0.8980808622455373,0.0,1025.8598073258322,0.20655859831640555,0.0
1668047279.7630372,1142.28,0.0,58.51724937,1.0,0.0,0.8980808622455373,0.0,1025.8598073258322,0.0,0.0
1668047289.9094305,1142.28,0.0,58.51724937,1.0,0.0,0.8980808622455373,0.0,1025.8598073258322,0.0,0.0
1668047299.8377032,1140.33,-1.9500000000000455,54.29346442,1.0,0.0,0.8980808622455373,0.0,1024.1085496444534,-1.7512576813787746,0.0
1668047310.1411777,1140.33,0.0,54.29346442,1.0,0.0,0.8980808622455373,0.0,1024.1085496444534,0.0,0.0
1668047319.8165455,1140.33,0.0,54.29346442,1.0,0.0,0.8980808622455373,0.0,1024.1085496444534,0.0,0.0
1668047329.9287975,1139.56,-0.7699999999999818,52.62749841,1.0,0.0,0.8980808622455373,0.0,1023.4170273805244,-0.6915222639289595,0.0
1668047340.1277738,1139.56,0.0,52.62749841,1.0,0.0,0.8980808622455373,0.0,1023.4170273805244,1.1368683772161603e-13,0.0
1668047349.8432436,1139.56,0.0,52.62749841,1.0,0.0,0.8980808622455373,0.0,1023.4170273805244,1.1368683772161603e-13,0.0
1668047360.0319352,1139.01,-0.5499999999999545,51.4949542,1.0,0.0,0.8980808622455373,0.0,1022.9230829062894,-0.4939444742349224,0.0
1668047370.0392318,1139.01,0.0,51.4949542,1.0,0.0,0.8980808622455373,0.0,1022.9230829062894,0.0,0.0
1668047380.0166943,1139.01,0.0,51.4949542,1.0,0.0,0.8980808622455373,0.0,1022.9230829062894,0.0,0.0
1668047390.5380592,1137.12,-1.8900000000001,47.70136696,1.0,0.0,0.8980808622455373,0.0,1021.2257100766452,-1.6973728296442232,0.0
1668047400.5390065,1137.12,0.0,47.70136696,1.0,0.0,0.8980808622455373,0.0,1021.2257100766452,0.0,0.0
1668047410.4406376,1137.12,0.0,47.70136696,1.0,0.0,0.8980808622455373,0.0,1021.2257100766452,0.0,0.0
1668047420.518538,1138.76,1.6400000000001,50.95888926,1.0,0.0,0.8980808622455373,0.0,1022.698562690728,1.4728526140828535,0.0
1668047430.5645812,1138.76,0.0,50.95888926,1.0,0.0,0.8980808622455373,0.0,1022.698562690728,1.1368683772161603e-13,0.0
1668047440.6842678,1138.76,0.0,50.95888926,1.0,0.0,0.8980808622455373,0.0,1022.698562690728,1.1368683772161603e-13,0.0
1668047450.636256,1137.9,-0.8599999999999,49.06662391,1.0,0.0,0.8980808622455373,0.0,1021.926213149197,-0.7723495415309571,0.0
1668047460.6430042,1137.9,0.0,49.06662391,1.0,0.0,0.8980808622455373,0.0,1021.926213149197,0.0,0.0
1668047470.7292497,1137.9,0.0,49.06662391,1.0,0.0,0.8980808622455373,0.0,1021.926213149197,0.0,0.0
1668047480.6633542,1137.58,-0.3200000000001637,48.39791021,1.0,0.0,0.8980808622455373,0.0,1021.6388272732784,-0.2873858759187442,0.0
1668047490.5542269,1137.58,0.0,48.39791021,1.0,0.0,0.8980808622455373,0.0,1021.6388272732784,-1.1368683772161603e-13,0.0
1668047501.0938537,1137.58,0.0,48.39791021,1.0,0.0,0.8980808622455373,0.0,1021.6388272732784,-1.1368683772161603e-13,0.0
1668047510.473859,1136.0,-1.5799999999999272,45.12760616,1.0,0.0,0.8980808622455373,0.0,1020.2198595109304,-1.418967762347961,0.0
1668047520.7286332,1136.0,0.0,45.12760616,1.0,0.0,0.8980808622455373,0.0,1020.2198595109304,0.0,0.0
1668047530.6033535,1136.0,0.0,45.12760616,1.0,0.0,0.8980808622455373,0.0,1020.2198595109304,0.0,0.0
1668047540.588859,1136.12,0.11999999999989086,45.3468998,1.0,0.0,0.8980808622455373,0.0,1020.3276292143996,0.10776970346933012,0.0
1668047550.7165344,1136.12,0.0,45.3468998,1.0,0.0,0.8980808622455373,0.0,1020.3276292143996,1.1368683772161603e-13,0.0
1668047560.8804982,1136.12,0.0,45.3468998,1.0,0.0,0.8980808622455373,0.0,1020.3276292143996,1.1368683772161603e-13,0.0
1668047571.7044482,1137.19,1.0700000000001637,47.90901224,1.0,0.0,0.8980808622455373,0.0,1021.2885757370026,0.960946522602967,0.0
1668047581.6614473,1137.19,0.0,47.90901224,1.0,0.0,0.8980808622455373,0.0,1021.2885757370026,0.0,0.0
1668047591.6721358,1140.96,3.769999999999982,55.28928316,1.0,0.0,0.8980808622455373,0.0,1024.6743405876682,3.3857648506656233,0.0
1668047601.7947943,1140.96,0.0,55.28928316,1.0,0.0,0.8980808622455373,0.0,1024.6743405876682,0.0,0.0
1668047611.5517929,1140.96,0.0,55.28928316,1.0,0.0,0.8980808622455373,0.0,1024.6743405876682,0.0,0.0
1668047621.7131174,1140.96,0.0,55.28928316,1.0,0.0,0.8980808622455373,0.0,1024.6743405876682,0.0,0.0
1668047631.7690618,1143.49,2.5299999999999727,59.55981734,1.0,0.0,0.8980808622455373,0.0,1026.9464851691494,2.272144581481143,0.0
1668047641.65128,1143.49,0.0,59.55981734,1.0,0.0,0.8980808622455373,0.0,1026.9464851691494,0.0,0.0
1668047651.7684004,1143.49,0.0,59.55981734,1.0,0.0,0.8980808622455373,0.0,1026.9464851691494,0.0,0.0
1668047662.1083002,1143.54,0.049999999999954525,59.62597755,1.0,0.0,0.8980808622455373,0.0,1026.9913892122618,0.04490404311241036,0.0
1668047671.6660051,1143.54,0.0,59.62597755,1.0,0.0,0.8980808622455373,0.0,1026.9913892122618,0.0,0.0
1668047681.694963,1143.13,-0.4099999999998545,58.66588429,1.0,0.0,0.8980808622455373,0.0,1026.6231760587411,-0.3682131535206281,0.0
1668047691.5540433,1143.13,0.0,58.66588429,1.0,0.0,0.8980808622455373,0.0,1026.6231760587411,0.0,0.0
1668047701.6708956,1143.13,0.0,58.66588429,1.0,0.0,0.8980808622455373,0.0,1026.6231760587411,0.0,0.0
1668047711.7590983,1140.79,-2.3400000000001455,53.72831575,1.0,0.0,0.8980808622455373,0.0,1024.5216668410865,-2.101509217654666,0.0
1668047721.8743684,1140.79,0.0,53.72831575,1.0,0.0,0.8980808622455373,0.0,1024.5216668410865,0.0,0.0
1668047731.6411088,1140.79,0.0,53.72831575,1.0,0.0,0.8980808622455373,0.0,1024.5216668410865,0.0,0.0
1668047741.5973053,1142.68,1.8900000000001,56.8846979,1.0,0.0,0.8980808622455373,0.0,1026.2190396707306,1.6973728296441095,0.0
1668047752.552692,1142.68,0.0,56.8846979,1.0,0.0,0.8980808622455373,0.0,1026.2190396707306,0.0,0.0
1668047762.8047998,1142.68,0.0,56.8846979,1.0,0.0,0.8980808622455373,0.0,1026.2190396707306,0.0,0.0
1668047772.5586443,1140.27,-2.410000000000082,52.66685148,1.0,0.0,0.8980808622455373,0.0,1024.0546647927188,-2.164374878011813,0.0
1668047782.7237368,1140.27,0.0,52.66685148,1.0,0.0,0.8980808622455373,0.0,1024.0546647927188,0.0,0.0
1668047792.5710711,1140.27,0.0,52.66685148,1.0,0.0,0.8980808622455373,0.0,1024.0546647927188,0.0,0.0
1668047802.5887928,1140.27,0.0,52.66685148,1.0,0.0,0.8980808622455373,0.0,1024.0546647927188,0.0,0.0
1668047812.6659038,1137.81,-2.4600000000000364,47.85513549,1.0,0.0,0.8980808622455373,0.0,1021.8453858715948,-2.209278921123996,0.0
1668047822.98061,1137.81,0.0,47.85513549,1.0,0.0,0.8980808622455373,0.0,1021.8453858715948,0.0,0.0
1668047832.831446,1139.54,1.7300000000000182,51.14239114,1.0,0.0,0.8980808622455373,0.0,1023.3990657632796,1.5536798916847374,0.0
1668047842.7973917,1139.54,0.0,51.14239114,1.0,0.0,0.8980808622455373,0.0,1023.3990657632796,-1.1368683772161603e-13,0.0
1668047852.8921256,1139.54,0.0,51.14239114,1.0,0.0,0.8980808622455373,0.0,1023.3990657632796,-1.1368683772161603e-13,0.0
1668047862.623697,1139.54,0.0,51.14239114,1.0,0.0,0.8980808622455373,0.0,1023.3990657632796,-1.1368683772161603e-13,0.0
1668047872.6894443,1142.64,3.1000000000001364,56.86082427,1.0,0.0,0.8980808622455373,0.0,1026.1831164362409,2.784050672961257,0.0
1668047882.8055904,1142.64,0.0,56.86082427,1.0,0.0,0.8980808622455373,0.0,1026.1831164362409,0.0,0.0
1668047892.5287838,1142.55,-0.09000000000014552,56.7070024,1.0,0.0,0.8980808622455373,0.0,1026.1022891586383,-0.08082727760233865,0.0
1668047902.6557386,1142.55,0.0,56.7070024,1.0,0.0,0.8980808622455373,0.0,1026.1022891586383,2.2737367544323206e-13,0.0
1668047912.9453402,1142.55,0.0,56.7070024,1.0,0.0,0.8980808622455373,0.0,1026.1022891586383,2.2737367544323206e-13,0.0
1668047922.5296278,1142.57,0.01999999999998181,56.747769,1.0,0.0,0.8980808622455373,0.0,1026.1202507758835,0.01796161724519152,0.0
1668047933.6388805,1142.57,0.0,56.747769,1.0,0.0,0.8980808622455373,0.0,1026.1202507758835,0.0,0.0
1668047943.6374755,1142.57,0.0,56.747769,1.0,0.0,0.8980808622455373,0.0,1026.1202507758835,0.0,0.0
1668047953.6058047,1142.96,0.39000000000010004,57.42598721,1.0,0.0,0.8980808622455373,0.0,1026.4705023121594,0.35025153627589134,0.0
1668047963.5215442,1142.96,0.0,57.42598721,1.0,0.0,0.8980808622455373,0.0,1026.4705023121594,0.0,0.0
1668047973.603089,1142.96,0.0,57.42598721,1.0,0.0,0.8980808622455373,0.0,1026.4705023121594,0.0,0.0
1668047983.759074,1142.17,-0.7899999999999636,55.53485954,1.0,0.0,0.8980808622455373,0.0,1025.7610184309854,-0.7094838811740374,0.0
1668047993.7786558,1142.17,0.0,55.53485954,1.0,0.0,0.8980808622455373,0.0,1025.7610184309854,0.0,0.0
1668048003.698064,1142.17,0.0,55.53485954,1.0,0.0,0.8980808622455373,0.0,1025.7610184309854,0.0,0.0
1668048013.7281687,1143.33,1.1599999999998545,58.08721888,1.0,0.0,0.8980808622455373,0.0,1026.80279223119,1.0417738002047372,0.0
1668048023.637378,1143.33,0.0,58.08721888,1.0,0.0,0.8980808622455373,0.0,1026.80279223119,0.0,0.0
1668048033.654861,1143.33,0.0,58.08721888,1.0,0.0,0.8980808622455373,0.0,1026.80279223119,0.0,0.0
1668048043.650804,1141.96,-1.3699999999998909,54.66010611,1.0,0.0,0.8980808622455373,0.0,1025.5724214499137,-1.230370781276406,0.0
1668048053.7505028,1141.96,0.0,54.66010611,1.0,0.0,0.8980808622455373,0.0,1025.5724214499137,0.0,0.0
1668048063.7100322,1141.96,0.0,54.66010611,1.0,0.0,0.8980808622455373,0.0,1025.5724214499137,0.0,0.0
1668048073.7030656,1142.14,0.18000000000006366,55.08712774,1.0,0.0,0.8980808622455373,0.0,1025.734076005118,0.16165455520444993,0.0
1668048083.819828,1142.14,0.0,55.08712774,1.0,0.0,0.8980808622455373,0.0,1025.734076005118,2.2737367544323206e-13,0.0
1668048093.7550457,1142.14,0.0,55.08712774,1.0,0.0,0.8980808622455373,0.0,1025.734076005118,2.2737367544323206e-13,0.0
1668048103.662376,1144.81,2.6699999999998454,60.07022854,1.0,0.0,0.8980808622455373,0.0,1028.1319519073136,2.397875902195665,0.0
1668048114.2337,1144.81,0.0,60.07022854,1.0,0.0,0.8980808622455373,0.0,1028.1319519073136,0.0,0.0
1668048124.3058069,1144.81,0.0,60.07022854,1.0,0.0,0.8980808622455373,0.0,1028.1319519073136,0.0,0.0
1668048134.3149595,1146.21,1.400000000000091,62.26548082,1.0,0.0,0.8980808622455373,0.0,1029.3892651144574,1.2573132071438522,0.0
1668048144.618957,1146.21,0.0,62.26548082,1.0,0.0,0.8980808622455373,0.0,1029.3892651144574,0.0,0.0
1668048154.6219752,1146.21,0.0,62.26548082,1.0,0.0,0.8980808622455373,0.0,1029.3892651144574,0.0,0.0
1668048164.2706015,1145.66,-0.5499999999999545,60.85011612,1.0,0.0,0.8980808622455373,0.0,1028.8953206402225,-0.49394447423514976,0.0
1668048175.9870243,1145.66,0.0,60.85011612,1.0,0.0,0.8980808622455373,0.0,1028.8953206402225,-2.2737367544323206e-13,0.0
1668048184.527575,1145.66,0.0,60.85011612,1.0,0.0,0.8980808622455373,0.0,1028.8953206402225,-2.2737367544323206e-13,0.0
1668048194.4202342,1146.52,0.8599999999999,62.74113061,1.0,0.0,0.8980808622455373,0.0,1029.6676701817537,0.7723495415309571,0.0
1668048204.3615756,1146.52,0.0,62.74113061,1.0,0.0,0.8980808622455373,0.0,1029.6676701817537,-2.2737367544323206e-13,0.0
1668048214.4163268,1146.52,0.0,62.74113061,1.0,0.0,0.8980808622455373,0.0,1029.6676701817537,-2.2737367544323206e-13,0.0
1668048224.3617542,1145.44,-1.0799999999999272,59.83844504,1.0,0.0,0.8980808622455373,0.0,1028.6977428505284,-0.9699273312253354,0.0
1668048234.3600717,1145.44,0.0,59.83844504,1.0,0.0,0.8980808622455373,0.0,1028.6977428505284,0.0,0.0
1668048244.36084,1145.44,0.0,59.83844504,1.0,0.0,0.8980808622455373,0.0,1028.6977428505284,0.0,0.0
1668048254.4231665,1146.08,0.6399999999998727,61.52521961,1.0,0.0,0.8980808622455373,0.0,1029.2725146023654,0.5747717518370337,0.0
1668048264.5379176,1146.08,0.0,61.52521961,1.0,0.0,0.8980808622455373,0.0,1029.2725146023654,0.0,0.0
1668048274.6879897,1146.08,0.0,61.52521961,1.0,0.0,0.8980808622455373,0.0,1029.2725146023654,0.0,0.0
1668048284.346938,1145.46,-0.6199999999998909,59.76754468,1.0,0.0,0.8980808622455373,0.0,1028.715704467773,-0.5568101345922969,0.0
1668048295.473108,1145.46,0.0,59.76754468,1.0,0.0,0.8980808622455373,0.0,1028.715704467773,0.0,0.0
1668048305.7735486,1145.46,0.0,59.76754468,1.0,0.0,0.8980808622455373,0.0,1028.715704467773,0.0,0.0
1668048315.5246482,1145.75,0.2899999999999636,60.57483628,1.0,0.0,0.8980808622455373,0.0,1028.9761479178244,0.260443450051298,0.0
1668048325.4332168,1145.75,0.0,60.57483628,1.0,0.0,0.8980808622455373,0.0,1028.9761479178244,0.0,0.0
1668048335.482769,1145.75,0.0,60.57483628,1.0,0.0,0.8980808622455373,0.0,1028.9761479178244,0.0,0.0
1668048345.4555857,1145.02,-0.7300000000000182,58.4296674,1.0,0.0,0.8980808622455373,0.0,1028.320548888385,-0.6555990294393723,0.0
1668048355.3488474,1145.02,0.0,58.4296674,1.0,0.0,0.8980808622455373,0.0,1028.320548888385,0.0,0.0
1668048365.6183352,1145.02,0.0,58.4296674,1.0,0.0,0.8980808622455373,0.0,1028.320548888385,0.0,0.0
1668048375.4512858,1145.7,0.6800000000000637,60.42056306,1.0,0.0,0.8980808622455373,0.0,1028.9312438747122,0.6106949863271893,0.0
1668048385.3795726,1145.7,0.0,60.42056306,1.0,0.0,0.8980808622455373,0.0,1028.9312438747122,0.0,0.0
1668048395.299472,1145.7,0.0,60.42056306,1.0,0.0,0.8980808622455373,0.0,1028.9312438747122,0.0,0.0
1668048406.0521069,1143.63,-2.0699999999999363,54.34341662,1.0,0.0,0.8980808622455373,0.0,1027.072216489864,-1.859027384848332,0.0
1668048415.3417,1143.63,0.0,54.34341662,1.0,0.0,0.8980808622455373,0.0,1027.072216489864,-2.2737367544323206e-13,0.0
1668048425.547416,1143.63,0.0,54.34341662,1.0,0.0,0.8980808622455373,0.0,1027.072216489864,-2.2737367544323206e-13,0.0
1668048435.4702291,1143.05,-0.5800000000001546,52.84801928,1.0,0.0,0.8980808622455373,0.0,1026.5513295897613,-0.5208869001028233,0.0
1668048445.3291633,1143.05,0.0,52.84801928,1.0,0.0,0.8980808622455373,0.0,1026.5513295897613,0.0,0.0
1668048455.4200804,1143.05,0.0,52.84801928,1.0,0.0,0.8980808622455373,0.0,1026.5513295897613,0.0,0.0
1668048465.7665324,1143.36,0.30999999999994543,53.57615439,1.0,0.0,0.8980808622455373,0.0,1026.829734657057,0.27840506729603476,0.0
1668048476.025183,1143.36,0.0,53.57615439,1.0,0.0,0.8980808622455373,0.0,1026.829734657057,2.2737367544323206e-13,0.0
1668048486.22127,1143.36,0.0,53.57615439,1.0,0.0,0.8980808622455373,0.0,1026.829734657057,2.2737367544323206e-13,0.0
1668048496.3617923,1142.01,-1.349999999999909,50.20741511,1.0,0.0,0.8980808622455373,0.0,1025.617325493026,-1.212409164030987,0.0
1668048506.211686,1142.01,0.0,50.20741511,1.0,0.0,0.8980808622455373,0.0,1025.617325493026,0.0,0.0
1668048516.2841434,1142.01,0.0,50.20741511,1.0,0.0,0.8980808622455373,0.0,1025.617325493026,0.0,0.0
1668048526.2933214,1141.76,-0.25,49.56231595,1.0,0.0,0.8980808622455373,0.0,1025.3928052774647,-0.2245202155613697,0.0
1668048536.1542208,1141.76,0.0,49.56231595,1.0,0.0,0.8980808622455373,0.0,1025.3928052774647,0.0,0.0
1668048546.3355377,1141.76,0.0,49.56231595,1.0,0.0,0.8980808622455373,0.0,1025.3928052774647,0.0,0.0
1668048556.1717362,1138.89,-2.869999999999891,43.19145229,1.0,0.0,0.8980808622455373,0.0,1022.81531320282,-2.577492074644624,0.0
1668048566.1564934,1138.89,0.0,43.19145229,1.0,0.0,0.8980808622455373,0.0,1022.81531320282,1.1368683772161603e-13,0.0
1668048576.2644966,1138.89,0.0,43.19145229,1.0,0.0,0.8980808622455373,0.0,1022.81531320282,1.1368683772161603e-13,0.0
1668048586.2943316,1139.85,0.959999999999809,45.70551694,1.0,0.0,0.8980808622455373,0.0,1023.6774708305755,0.8621576277556642,0.0
1668048596.591107,1139.85,0.0,45.70551694,1.0,0.0,0.8980808622455373,0.0,1023.6774708305755,1.1368683772161603e-13,0.0
1668048606.2405324,1139.85,0.0,45.70551694,1.0,0.0,0.8980808622455373,0.0,1023.6774708305755,1.1368683772161603e-13,0.0
1668048616.0947187,1138.21,-1.6399999999998727,41.80329183,1.0,0.0,0.8980808622455373,0.0,1022.204618216493,-1.4728526140825124,0.0
1668048626.1498108,1138.21,0.0,41.80329183,1.0,0.0,0.8980808622455373,0.0,1022.204618216493,0.0,0.0
1668048636.929562,1138.21,0.0,41.80329183,1.0,0.0,0.8980808622455373,0.0,1022.204618216493,0.0,0.0
1668048646.7727358,1139.54,1.3299999999999272,45.40306898,1.0,0.0,0.8980808622455373,0.0,1023.3990657632796,1.1944475467864777,0.0
1668048656.9550323,1139.54,0.0,45.40306898,1.0,0.0,0.8980808622455373,0.0,1023.3990657632796,-1.1368683772161603e-13,0.0
1668048666.8178887,1139.54,0.0,45.40306898,1.0,0.0,0.8980808622455373,0.0,1023.3990657632796,-1.1368683772161603e-13,0.0
1668048676.7867265,1138.24,-1.2999999999999545,41.86643612,1.0,0.0,0.8980808622455373,0.0,1022.2315606423604,-1.1675051209192588,0.0
1668048686.8375397,1138.24,0.0,41.86643612,1.0,0.0,0.8980808622455373,0.0,1022.2315606423604,0.0,0.0
1668048696.7093666,1138.24,0.0,41.86643612,1.0,0.0,0.8980808622455373,0.0,1022.2315606423604,0.0,0.0
1668048706.7489295,1142.01,3.769999999999982,51.73324113,1.0,0.0,0.8980808622455373,0.0,1025.617325493026,3.385764850665737,0.0
1668048716.736137,1142.01,0.0,51.73324113,1.0,0.0,0.8980808622455373,0.0,1025.617325493026,0.0,0.0
1668048727.1651576,1142.01,0.0,51.73324113,1.0,0.0,0.8980808622455373,0.0,1025.617325493026,0.0,0.0
1668048736.6438177,1140.27,-1.740000000000009,47.63089145,1.0,0.0,0.8980808622455373,0.0,1024.0546647927188,-1.5626607003073332,0.0
1668048746.7070906,1140.27,0.0,47.63089145,1.0,0.0,0.8980808622455373,0.0,1024.0546647927188,0.0,0.0
1668048756.733844,1140.27,0.0,47.63089145,1.0,0.0,0.8980808622455373,0.0,1024.0546647927188,0.0,0.0
1668048766.7131133,1142.97,2.7000000000000455,54.14388958,1.0,0.0,0.8980808622455373,0.0,1026.479483120782,2.424818328063111,0.0
1668048776.8296492,1142.97,0.0,54.14388958,1.0,0.0,0.8980808622455373,0.0,1026.479483120782,-2.2737367544323206e-13,0.0
1668048786.7462626,1142.97,0.0,54.14388958,1.0,0.0,0.8980808622455373,0.0,1026.479483120782,-2.2737367544323206e-13,0.0
1668048796.7730942,1141.75,-1.2200000000000273,51.41537168,1.0,0.0,0.8980808622455373,0.0,1025.3838244688422,-1.095658651939857,0.0
1668048806.8170414,1141.75,0.0,51.41537168,1.0,0.0,0.8980808622455373,0.0,1025.3838244688422,0.0,0.0
1668048816.8237383,1141.75,0.0,51.41537168,1.0,0.0,0.8980808622455373,0.0,1025.3838244688422,0.0,0.0
1668048826.6480663,1141.23,-0.5199999999999818,50.0476446,1.0,0.0,0.8980808622455373,0.0,1024.9168224204743,-0.46700204836770354,0.0
1668048837.891641,1141.23,0.0,50.0476446,1.0,0.0,0.8980808622455373,0.0,1024.9168224204743,2.2737367544323206e-13,0.0
1668048847.9281952,1141.23,0.0,50.0476446,1.0,0.0,0.8980808622455373,0.0,1024.9168224204743,2.2737367544323206e-13,0.0
1668048857.8458629,1139.83,-1.400000000000091,46.69950541,1.0,0.0,0.8980808622455373,0.0,1023.6595092133308,-1.2573132071436248,0.0
1668048867.8792317,1139.83,0.0,46.69950541,1.0,0.0,0.8980808622455373,0.0,1023.6595092133308,-1.1368683772161603e-13,0.0
1668048877.9829583,1139.83,0.0,46.69950541,1.0,0.0,0.8980808622455373,0.0,1023.6595092133308,-1.1368683772161603e-13,0.0
1668048888.424997,1138.44,-1.3899999999998727,43.58205862,1.0,0.0,0.8980808622455373,0.0,1022.4111768148096,-1.2483323985212564,0.0
1668048897.88698,1138.44,0.0,43.58205862,1.0,0.0,0.8980808622455373,0.0,1022.4111768148096,0.0,0.0
1668048907.8878794,1138.44,0.0,43.58205862,1.0,0.0,0.8980808622455373,0.0,1022.4111768148096,0.0,0.0
1668048918.1622336,1140.01,1.5699999999999363,47.18869356,1.0,0.0,0.8980808622455373,0.0,1023.8211637685348,1.4099869537253653,0.0
1668048927.8378222,1140.01,0.0,47.18869356,1.0,0.0,0.8980808622455373,0.0,1023.8211637685348,1.1368683772161603e-13,0.0
1668048943.6852324,1139.65,-0.35999999999989996,46.27395706,1.0,0.0,0.8980808622455373,0.0,1023.4978546581268,-0.32330911040810406,0.0
1668048947.889402,1139.65,0.0,46.27395706,1.0,0.0,0.8980808622455373,0.0,1023.4978546581268,-1.1368683772161603e-13,0.0
1668048957.8155482,1139.65,0.0,46.27395706,1.0,0.0,0.8980808622455373,0.0,1023.4978546581268,-1.1368683772161603e-13,0.0
1668048967.8507028,1139.65,0.0,46.27395706,1.0,0.0,0.8980808622455373,0.0,1023.4978546581268,-1.1368683772161603e-13,0.0
1668048978.0567672,1140.38,0.7300000000000182,48.24019024,1.0,0.0,0.8980808622455373,0.0,1024.1534536875658,0.6555990294390313,0.0
1668048987.8616452,1140.38,0.0,48.24019024,1.0,0.0,0.8980808622455373,0.0,1024.1534536875658,0.0,0.0
1668048997.9708152,1140.38,0.0,48.24019024,1.0,0.0,0.8980808622455373,0.0,1024.1534536875658,0.0,0.0
1668049007.9455798,1141.6,1.2199999999998,51.65654303,1.0,0.0,0.8980808622455373,0.0,1025.2491123395052,1.0956586519394023,0.0
1668049018.5837922,1141.6,0.0,51.65654303,1.0,0.0,0.8980808622455373,0.0,1025.2491123395052,0.0,0.0
1668049028.6624117,1141.6,0.0,51.65654303,1.0,0.0,0.8980808622455373,0.0,1025.2491123395052,0.0,0.0
1668049038.6852498,1143.67,2.0700000000001637,56.52773205,1.0,0.0,0.8980808622455373,0.0,1027.1081397243538,1.8590273848485594,0.0
1668049049.0932598,1143.67,0.0,56.52773205,1.0,0.0,0.8980808622455373,0.0,1027.1081397243538,0.0,0.0
1668049058.623736,1143.67,0.0,56.52773205,1.0,0.0,0.8980808622455373,0.0,1027.1081397243538,0.0,0.0
1668049068.7015245,1142.47,-1.2000000000000455,53.18224372,1.0,0.0,0.8980808622455373,0.0,1026.030442689659,-1.0776970346948929,0.0
1668049078.696535,1142.47,0.0,53.18224372,1.0,0.0,0.8980808622455373,0.0,1026.030442689659,0.0,0.0
1668049088.6839056,1142.47,0.0,53.18224372,1.0,0.0,0.8980808622455373,0.0,1026.030442689659,0.0,0.0
1668049098.7802925,1143.85,1.3799999999998818,56.93581864,1.0,0.0,0.8980808622455373,0.0,1027.2697942795578,1.239351589898888,0.0
1668049108.6094947,1143.85,0.0,56.93581864,1.0,0.0,0.8980808622455373,0.0,1027.2697942795578,0.0,0.0
1668049118.8166957,1143.85,0.0,56.93581864,1.0,0.0,0.8980808622455373,0.0,1027.2697942795578,0.0,0.0
1668049128.7133467,1143.79,-0.05999999999994543,56.75293976,1.0,0.0,0.8980808622455373,0.0,1027.2159094278231,-0.05388485173466506,0.0
1668049138.7365775,1143.79,0.0,56.75293976,1.0,0.0,0.8980808622455373,0.0,1027.2159094278231,0.0,0.0
1668049148.7291434,1143.79,0.0,56.75293976,1.0,0.0,0.8980808622455373,0.0,1027.2159094278231,0.0,0.0
1668049158.781366,1145.5,1.7100000000000364,60.57386591,1.0,0.0,0.8980808622455373,0.0,1028.751627702263,1.535718274439887,0.0
1668049168.6152513,1145.5,0.0,60.57386591,1.0,0.0,0.8980808622455373,0.0,1028.751627702263,0.0,0.0
1668049178.6575708,1145.5,0.0,60.57386591,1.0,0.0,0.8980808622455373,0.0,1028.751627702263,0.0,0.0
1668049188.6479552,1146.49,0.9900000000000091,62.61461644,1.0,0.0,0.8980808622455373,0.0,1029.640727755886,0.8891000536229967,0.0
1668049199.5577812,1146.49,0.0,62.61461644,1.0,0.0,0.8980808622455373,0.0,1029.640727755886,0.0,0.0
1668049209.792059,1146.49,0.0,62.61461644,1.0,0.0,0.8980808622455373,0.0,1029.640727755886,0.0,0.0
1668049219.4464934,1149.98,3.490000000000009,68.38370189,0.0,1.0,0.0,1032.775029965123,1032.775029965123,3.134302209236921,0.0
1668049229.4985533,1149.98,0.0,68.38370189,0.0,1.0,0.0,1032.775029965123,1032.775029965123,0.0,0.0
1668049239.7233222,1149.98,0.0,68.38370189,0.0,1.0,0.0,1032.775029965123,1032.775029965123,0.0,0.0
1668049249.4430416,1149.46,-0.5199999999999818,66.73136819,0.0,1.0,0.0,1032.775029965123,1032.775029965123,0.0,0.0
1668049259.5694602,1149.46,0.0,66.73136819,0.0,1.0,0.0,1032.775029965123,1032.775029965123,0.0,0.0
1668049269.4921713,1149.46,0.0,66.73136819,0.0,1.0,0.0,1032.775029965123,1032.775029965123,0.0,0.0
1668049279.5117486,1147.7,-1.759999999999991,61.67779011,0.0,1.0,0.0,1032.775029965123,1032.775029965123,0.0,0.0
1668049289.503034,1147.7,0.0,61.67779011,0.0,1.0,0.0,1032.775029965123,1032.775029965123,0.0,0.0
1668049299.6494,1147.7,0.0,61.67779011,0.0,1.0,0.0,1032.775029965123,1032.775029965123,0.0,0.0
1668049309.4722483,1148.64,0.9400000000000546,63.27333514,0.0,1.0,0.0,1032.775029965123,1032.775029965123,0.0,0.0
1668049319.713213,1148.64,0.0,63.27333514,0.0,1.0,0.0,1032.775029965123,1032.775029965123,0.0,0.0
1668049329.502859,1148.64,0.0,63.27333514,0.0,1.0,0.0,1032.775029965123,1032.775029965123,0.0,0.0
1668049339.4939582,1150.65,2.009999999999991,66.27573934,0.0,1.0,0.0,1032.775029965123,1032.775029965123,0.0,0.0
1668049349.593465,1150.65,0.0,66.27573934,0.0,1.0,0.0,1032.775029965123,1032.775029965123,0.0,0.0
1668049359.473388,1150.65,0.0,66.27573934,0.0,1.0,0.0,1032.775029965123,1032.775029965123,0.0,0.0
1668049369.6922362,1155.98,5.329999999999927,72.65870591,0.0,1.0,0.0,1032.775029965123,1032.775029965123,0.0,0.0
1668049380.2315097,1155.98,0.0,72.65870591,0.0,1.0,0.0,1032.775029965123,1032.775029965123,0.0,0.0
1668049390.2736003,1155.98,0.0,72.65870591,0.0,1.0,0.0,1032.775029965123,1032.775029965123,0.0,0.0
1668049400.7042277,1156.85,0.8699999999998909,73.45996217,0.0,1.0,0.0,1032.775029965123,1032.775029965123,0.0,0.0
1668049410.3518178,1156.85,0.0,73.45996217,0.0,1.0,0.0,1032.775029965123,1032.775029965123,0.0,0.0
1668049420.2450087,1156.85,0.0,73.45996217,0.0,1.0,0.0,1032.775029965123,1032.775029965123,0.0,0.0
1668049430.3686504,1159.58,2.730000000000018,75.91640867,0.0,1.0,0.0,1032.775029965123,1032.775029965123,0.0,0.0
1668049440.3087232,1159.58,0.0,75.91640867,0.0,1.0,0.0,1032.775029965123,1032.775029965123,0.0,0.0
1668049450.302204,1159.58,0.0,75.91640867,0.0,1.0,0.0,1032.775029965123,1032.775029965123,0.0,0.0
1668049460.2593803,1158.81,-0.7699999999999818,75.25563326,0.0,1.0,0.0,1032.775029965123,1032.775029965123,0.0,0.0
1668049470.3182724,1158.81,0.0,75.25563326,0.0,1.0,0.0,1032.775029965123,1032.775029965123,0.0,0.0
1668049480.3504372,1158.81,0.0,75.25563326,0.0,1.0,0.0,1032.775029965123,1032.775029965123,0.0,0.0
1668049490.3402998,1156.35,-2.4600000000000364,68.94379067,0.0,1.0,0.0,1032.775029965123,1032.775029965123,0.0,0.0
1668049500.3659017,1156.35,0.0,68.94379067,0.0,1.0,0.0,1032.775029965123,1032.775029965123,0.0,0.0
1668049510.4580865,1156.35,0.0,68.94379067,0.0,1.0,0.0,1032.775029965123,1032.775029965123,0.0,0.0
1668049520.434398,1158.37,2.019999999999982,74.04109831,0.0,1.0,0.0,1032.775029965123,1032.775029965123,0.0,0.0
1668049530.3184762,1158.37,0.0,74.04109831,0.0,1.0,0.0,1032.775029965123,1032.775029965123,0.0,0.0
1668049540.342122,1158.37,0.0,74.04109831,0.0,1.0,0.0,1032.775029965123,1032.775029965123,0.0,0.0
1668049550.2514334,1157.15,-1.2199999999998,70.64272048,0.0,1.0,0.0,1032.775029965123,1032.775029965123,0.0,0.0
1668049560.8892057,1157.15,0.0,70.64272048,0.0,1.0,0.0,1032.775029965123,1032.775029965123,0.0,0.0
1668049570.9803565,1157.15,0.0,70.64272048,0.0,1.0,0.0,1032.775029965123,1032.775029965123,0.0,0.0
1668049581.0657196,1156.45,-0.7000000000000455,68.79137583,0.0,1.0,0.0,1032.775029965123,1032.775029965123,0.0,0.0
1668049591.403087,1156.45,0.0,68.79137583,0.0,1.0,0.0,1032.775029965123,1032.775029965123,0.0,0.0
1668049600.9368975,1156.45,0.0,68.79137583,0.0,1.0,0.0,1032.775029965123,1032.775029965123,0.0,0.0
1668049611.0959358,1158.28,1.8299999999999272,70.88955952,0.0,1.0,0.0,1032.775029965123,1032.775029965123,0.0,0.0
1668049621.562211,1158.28,0.0,70.88955952,0.0,1.0,0.0,1032.775029965123,1032.775029965123,0.0,0.0
1668049631.1422522,1158.28,0.0,70.88955952,0.0,1.0,0.0,1032.775029965123,1032.775029965123,0.0,0.0
1668049641.388991,1155.33,-2.9500000000000455,65.9210574,0.0,1.0,0.0,1032.775029965123,1032.775029965123,0.0,0.0
1668049651.0374985,1155.33,0.0,65.9210574,0.0,1.0,0.0,1032.775029965123,1032.775029965123,0.0,0.0
1668049661.0377522,1157.67,2.3400000000001455,68.88550456,0.0,1.0,0.0,1032.775029965123,1032.775029965123,0.0,0.0
1668049671.0641017,1157.67,0.0,68.88550456,0.0,1.0,0.0,1032.775029965123,1032.775029965123,0.0,0.0
1668049681.0658617,1157.67,0.0,68.88550456,0.0,1.0,0.0,1032.775029965123,1032.775029965123,0.0,0.0
1668049691.9210763,1162.92,5.25,73.94968339,0.0,1.0,0.0,1032.775029965123,1032.775029965123,0.0,0.0
1668049701.057136,1162.92,0.0,73.94968339,0.0,1.0,0.0,1032.775029965123,1032.775029965123,0.0,0.0
1668049710.9747956,1162.92,0.0,73.94968339,0.0,1.0,0.0,1032.775029965123,1032.775029965123,0.0,0.0
1668049721.3368845,1162.92,0.0,73.94968339,0.0,1.0,0.0,1032.775029965123,1032.775029965123,0.0,0.0
1668049730.9276035,1172.21,9.289999999999964,80.14453793,0.0,1.0,0.0,1032.775029965123,1032.775029965123,0.0,0.0
1668049741.569888,1172.21,0.0,80.14453793,0.0,1.0,0.0,1032.775029965123,1032.775029965123,0.0,0.0
1668049751.8975008,1171.54,-0.6700000000000728,79.7816837,0.0,1.0,0.0,1032.775029965123,1032.775029965123,0.0,0.0
1668049761.631317,1171.54,0.0,79.7816837,0.0,1.0,0.0,1032.775029965123,1032.775029965123,0.0,0.0
1668049771.7375572,1171.54,0.0,79.7816837,0.0,1.0,0.0,1032.775029965123,1032.775029965123,0.0,0.0
1668049782.2276306,1176.96,5.420000000000073,82.45954281,0.0,1.0,0.0,1032.775029965123,1032.775029965123,0.0,0.0
1668049792.0053613,1176.96,0.0,82.45954281,0.0,1.0,0.0,1032.775029965123,1032.775029965123,0.0,0.0
1668049801.5617516,1176.96,0.0,82.45954281,0.0,1.0,0.0,1032.775029965123,1032.775029965123,0.0,0.0
1668049811.7231908,1176.96,0.0,82.45954281,0.0,1.0,0.0,1032.775029965123,1032.775029965123,0.0,0.0
1668049821.7301922,1171.75,-5.210000000000036,79.82803359,0.0,1.0,0.0,1032.775029965123,1032.775029965123,0.0,0.0
1668049831.702418,1171.75,0.0,79.82803359,0.0,1.0,0.0,1032.775029965123,1032.775029965123,0.0,0.0
1668049841.7760916,1172.08,0.32999999999992724,80.0248178,0.0,1.0,0.0,1032.775029965123,1032.775029965123,0.0,0.0
1668049851.6749833,1172.08,0.0,80.0248178,0.0,1.0,0.0,1032.775029965123,1032.775029965123,0.0,0.0
1668049861.77773,1172.08,0.0,80.0248178,0.0,1.0,0.0,1032.775029965123,1032.775029965123,0.0,0.0
1668049871.6164467,1164.29,-7.789999999999964,65.48480539,0.0,1.0,0.0,1032.775029965123,1032.775029965123,0.0,0.0
1668049881.7553003,1164.29,0.0,65.48480539,0.0,1.0,0.0,1032.775029965123,1032.775029965123,0.0,0.0
1668049891.755048,1164.29,0.0,65.48480539,0.0,1.0,0.0,1032.775029965123,1032.775029965123,0.0,0.0
1668049901.7329352,1160.35,-3.9400000000000546,59.26608342,0.0,1.0,0.0,1032.775029965123,1032.775029965123,0.0,0.0
1668049911.787146,1160.35,0.0,59.26608342,0.0,1.0,0.0,1032.775029965123,1032.775029965123,0.0,0.0
1668049922.6458309,1160.35,0.0,59.26608342,0.0,1.0,0.0,1032.775029965123,1032.775029965123,0.0,0.0
1668049933.1676676,1163.5,3.150000000000091,64.13545736,0.0,1.0,0.0,1032.775029965123,1032.775029965123,0.0,0.0
1668049942.9646995,1163.5,0.0,64.13545736,0.0,1.0,0.0,1032.775029965123,1032.775029965123,0.0,0.0
1668049952.7311666,1163.5,0.0,64.13545736,0.0,1.0,0.0,1032.775029965123,1032.775029965123,0.0,0.0
1668049962.670253,1165.23,1.7300000000000182,65.7975103,0.0,1.0,0.0,1032.775029965123,1032.775029965123,0.0,0.0
1668049972.6862438,1165.23,0.0,65.7975103,0.0,1.0,0.0,1032.775029965123,1032.775029965123,0.0,0.0
1668049982.654307,1165.23,0.0,65.7975103,0.0,1.0,0.0,1032.775029965123,1032.775029965123,0.0,0.0
1668049992.6650786,1162.47,-2.759999999999991,62.33206685,0.0,1.0,0.0,1032.775029965123,1032.775029965123,0.0,0.0
1668050002.6921277,1162.47,0.0,62.33206685,0.0,1.0,0.0,1032.775029965123,1032.775029965123,0.0,0.0
1668050012.730911,1162.47,0.0,62.33206685,0.0,1.0,0.0,1032.775029965123,1032.775029965123,0.0,0.0
1668050022.6395922,1162.28,-0.19000000000005457,61.98582066,0.0,1.0,0.0,1032.775029965123,1032.775029965123,0.0,0.0
1668050032.9430404,1162.28,0.0,61.98582066,0.0,1.0,0.0,1032.775029965123,1032.775029965123,0.0,0.0
1668050042.7177022,1162.28,0.0,61.98582066,0.0,1.0,0.0,1032.775029965123,1032.775029965123,0.0,0.0
1668050052.6894631,1164.48,2.2000000000000455,64.4243933,0.0,1.0,0.0,1032.775029965123,1032.775029965123,0.0,0.0
1668050062.9924762,1164.48,0.0,64.4243933,0.0,1.0,0.0,1032.775029965123,1032.775029965123,0.0,0.0
1668050072.7617364,1164.48,0.0,64.4243933,0.0,1.0,0.0,1032.775029965123,1032.775029965123,0.0,0.0
1668050082.8220313,1165.18,0.7000000000000455,65.16205459,0.0,1.0,0.0,1032.775029965123,1032.775029965123,0.0,0.0
1668050092.6609635,1165.18,0.0,65.16205459,0.0,1.0,0.0,1032.775029965123,1032.775029965123,0.0,0.0
1668050103.52671,1165.18,0.0,65.16205459,0.0,1.0,0.0,1032.775029965123,1032.775029965123,0.0,0.0
1668050113.517442,1165.61,0.4299999999998363,65.59525737,0.0,1.0,0.0,1032.775029965123,1032.775029965123,0.0,0.0
1668050123.4526646,1165.61,0.0,65.59525737,0.0,1.0,0.0,1032.775029965123,1032.775029965123,0.0,0.0
1668050133.7351365,1165.61,0.0,65.59525737,0.0,1.0,0.0,1032.775029965123,1032.775029965123,0.0,0.0
1668050143.8918684,1165.16,-0.4499999999998181,64.68869881,0.0,1.0,0.0,1032.775029965123,1032.775029965123,0.0,0.0
1668050153.5137184,1165.16,0.0,64.68869881,0.0,1.0,0.0,1032.775029965123,1032.775029965123,0.0,0.0
1668050163.4858248,1165.16,0.0,64.68869881,0.0,1.0,0.0,1032.775029965123,1032.775029965123,0.0,0.0
1668050173.5297513,1166.7,1.5399999999999636,66.74791158,0.0,1.0,0.0,1032.775029965123,1032.775029965123,0.0,0.0
1668050183.648397,1166.7,0.0,66.74791158,0.0,1.0,0.0,1032.775029965123,1032.775029965123,0.0,0.0
1668050193.5872526,1166.7,0.0,66.74791158,0.0,1.0,0.0,1032.775029965123,1032.775029965123,0.0,0.0
1668050203.4584785,1171.15,4.4500000000000455,70.93970827,0.0,1.0,0.0,1032.775029965123,1032.775029965123,0.0,0.0
1668050213.575287,1171.15,0.0,70.93970827,0.0,1.0,0.0,1032.775029965123,1032.775029965123,0.0,0.0
1668050223.5718918,1171.15,0.0,70.93970827,0.0,1.0,0.0,1032.775029965123,1032.775029965123,0.0,0.0
1668050233.5212636,1171.7,0.5499999999999545,71.38553853,0.0,1.0,0.0,1032.775029965123,1032.775029965123,0.0,0.0
1668050243.6478014,1171.7,0.0,71.38553853,0.0,1.0,0.0,1032.775029965123,1032.775029965123,0.0,0.0
1668050253.609626,1171.7,0.0,71.38553853,0.0,1.0,0.0,1032.775029965123,1032.775029965123,0.0,0.0
1668050263.7955868,1169.0,-2.7000000000000455,66.0300744,0.0,1.0,0.0,1032.775029965123,1032.775029965123,0.0,0.0
1668050273.5239234,1169.0,0.0,66.0300744,0.0,1.0,0.0,1032.775029965123,1032.775029965123,0.0,0.0
1668050284.657792,1169.0,0.0,66.0300744,0.0,1.0,0.0,1032.775029965123,1032.775029965123,0.0,0.0
1668050294.8001432,1174.51,5.509999999999991,73.61345679,0.0,1.0,0.0,1032.775029965123,1032.775029965123,0.0,0.0
1668050304.427619,1174.51,0.0,73.61345679,0.0,1.0,0.0,1032.775029965123,1032.775029965123,0.0,0.0
1668050314.9922209,1174.51,0.0,73.61345679,0.0,1.0,0.0,1032.775029965123,1032.775029965123,0.0,0.0
1668050324.3703797,1167.91,-6.599999999999909,61.5098352,0.0,1.0,0.0,1032.775029965123,1032.775029965123,0.0,0.0
1668050334.3659132,1167.91,0.0,61.5098352,0.0,1.0,0.0,1032.775029965123,1032.775029965123,0.0,0.0
1668050344.3913214,1167.91,0.0,61.5098352,0.0,1.0,0.0,1032.775029965123,1032.775029965123,0.0,0.0
1668050354.1814854,1169.66,1.75,64.31654361,0.0,1.0,0.0,1032.775029965123,1032.775029965123,0.0,0.0
1668050364.309163,1169.66,0.0,64.31654361,0.0,1.0,0.0,1032.775029965123,1032.775029965123,0.0,0.0
1668050374.2335625,1169.66,0.0,64.31654361,0.0,1.0,0.0,1032.775029965123,1032.775029965123,0.0,0.0
1668050384.285771,1168.61,-1.050000000000182,62.47453482,0.0,1.0,0.0,1032.775029965123,1032.775029965123,0.0,0.0
1668050394.1694615,1168.61,0.0,62.47453482,0.0,1.0,0.0,1032.775029965123,1032.775029965123,0.0,0.0
1668050404.376142,1168.61,0.0,62.47453482,0.0,1.0,0.0,1032.775029965123,1032.775029965123,0.0,0.0
1668050414.3062818,1170.59,1.9800000000000182,65.22468484,0.0,1.0,0.0,1032.775029965123,1032.775029965123,0.0,0.0
1668050424.4859478,1170.59,0.0,65.22468484,0.0,1.0,0.0,1032.775029965123,1032.775029965123,0.0,0.0
1668050434.3366249,1170.59,0.0,65.22468484,0.0,1.0,0.0,1032.775029965123,1032.775029965123,0.0,0.0
1668050444.323166,1171.06,0.4700000000000273,65.69978255,0.0,1.0,0.0,1032.775029965123,1032.775029965123,0.0,0.0
1668050454.2887564,1171.06,0.0,65.69978255,0.0,1.0,0.0,1032.775029965123,1032.775029965123,0.0,0.0
1668050465.4514532,1171.06,0.0,65.69978255,0.0,1.0,0.0,1032.775029965123,1032.775029965123,0.0,0.0
1668050475.2514825,1173.2,2.1400000000001,67.7084876,0.0,1.0,0.0,1032.775029965123,1032.775029965123,0.0,0.0
1668050485.123342,1173.2,0.0,67.7084876,0.0,1.0,0.0,1032.775029965123,1032.775029965123,0.0,0.0
1668050495.157852,1173.2,0.0,67.7084876,0.0,1.0,0.0,1032.775029965123,1032.775029965123,0.0,0.0
1668050505.1803536,1174.87,1.6699999999998454,69.22319986,0.0,1.0,0.0,1032.775029965123,1032.775029965123,0.0,0.0
1668050515.1381888,1174.87,0.0,69.22319986,0.0,1.0,0.0,1032.775029965123,1032.775029965123,0.0,0.0
1668050525.1093037,1174.87,0.0,69.22319986,0.0,1.0,0.0,1032.775029965123,1032.775029965123,0.0,0.0
1668050535.2278605,1176.49,1.6200000000001182,70.56268675,0.0,1.0,0.0,1032.775029965123,1032.775029965123,0.0,0.0
1668050545.1769688,1176.49,0.0,70.56268675,0.0,1.0,0.0,1032.775029965123,1032.775029965123,0.0,0.0
1668050555.3320684,1176.49,0.0,70.56268675,0.0,1.0,0.0,1032.775029965123,1032.775029965123,0.0,0.0
1668050565.1739914,1173.0,-3.490000000000009,64.09113995,0.0,1.0,0.0,1032.775029965123,1032.775029965123,0.0,0.0
1668050575.2189133,1173.0,0.0,64.09113995,0.0,1.0,0.0,1032.775029965123,1032.775029965123,0.0,0.0
1668050585.5179508,1173.0,0.0,64.09113995,0.0,1.0,0.0,1032.775029965123,1032.775029965123,0.0,0.0
1668050595.15493,1175.03,2.0299999999999727,67.69369594,0.0,1.0,0.0,1032.775029965123,1032.775029965123,0.0,0.0
1668050605.257887,1175.03,0.0,67.69369594,0.0,1.0,0.0,1032.775029965123,1032.775029965123,0.0,0.0
1668050615.4035418,1175.03,0.0,67.69369594,0.0,1.0,0.0,1032.775029965123,1032.775029965123,0.0,0.0
1668050625.3419569,1172.72,-2.3099999999999454,63.33069997,0.0,1.0,0.0,1032.775029965123,1032.775029965123,0.0,0.0
1668050635.1335368,1172.72,0.0,63.33069997,0.0,1.0,0.0,1032.775029965123,1032.775029965123,0.0,0.0
1668050646.489885,1172.72,0.0,63.33069997,0.0,1.0,0.0,1032.775029965123,1032.775029965123,0.0,0.0
1668050656.557526,1172.0,-0.7200000000000273,62.08073489,0.0,1.0,0.0,1032.775029965123,1032.775029965123,0.0,0.0
1668050666.4298348,1172.0,0.0,62.08073489,0.0,1.0,0.0,1032.775029965123,1032.775029965123,0.0,0.0
1668050676.5629947,1172.0,0.0,62.08073489,0.0,1.0,0.0,1032.775029965123,1032.775029965123,0.0,0.0
1668050686.5651183,1173.51,1.509999999999991,63.69893453,0.0,1.0,0.0,1032.775029965123,1032.775029965123,0.0,0.0
1668050696.538771,1173.51,0.0,63.69893453,0.0,1.0,0.0,1032.775029965123,1032.775029965123,0.0,0.0
1668050706.5569758,1173.51,0.0,63.69893453,0.0,1.0,0.0,1032.775029965123,1032.775029965123,0.0,0.0
1668050716.512611,1174.16,0.650000000000091,64.34441997,0.0,1.0,0.0,1032.775029965123,1032.775029965123,0.0,0.0
1668050726.555291,1174.16,0.0,64.34441997,0.0,1.0,0.0,1032.775029965123,1032.775029965123,0.0,0.0
1668050736.4603944,1174.16,0.0,64.34441997,0.0,1.0,0.0,1032.775029965123,1032.775029965123,0.0,0.0
1668050746.57926,1170.88,-3.2799999999999727,58.60301846,0.0,1.0,0.0,1032.775029965123,1032.775029965123,0.0,0.0
1668050756.5053596,1170.88,0.0,58.60301846,0.0,1.0,0.0,1032.775029965123,1032.775029965123,0.0,0.0
1668050766.6193602,1170.88,0.0,58.60301846,0.0,1.0,0.0,1032.775029965123,1032.775029965123,0.0,0.0
1668050776.6419077,1171.33,0.4499999999998181,59.3280599,0.0,1.0,0.0,1032.775029965123,1032.775029965123,0.0,0.0
1668050786.560559,1171.33,0.0,59.3280599,0.0,1.0,0.0,1032.775029965123,1032.775029965123,0.0,0.0
1668050796.5253246,1171.33,0.0,59.3280599,0.0,1.0,0.0,1032.775029965123,1032.775029965123,0.0,0.0
1668050806.9240253,1173.58,2.25,61.87903227,0.0,1.0,0.0,1032.775029965123,1032.775029965123,0.0,0.0
1668050816.5656395,1173.58,0.0,61.87903227,0.0,1.0,0.0,1032.775029965123,1032.775029965123,0.0,0.0
1668050827.3474362,1173.58,0.0,61.87903227,0.0,1.0,0.0,1032.775029965123,1032.775029965123,0.0,0.0
1668050837.4403353,1172.59,-0.9900000000000091,60.79941042,0.0,1.0,0.0,1032.775029965123,1032.775029965123,0.0,0.0
1668050847.2977686,1172.59,0.0,60.79941042,0.0,1.0,0.0,1032.775029965123,1032.775029965123,0.0,0.0
1668050857.4544194,1172.59,0.0,60.79941042,0.0,1.0,0.0,1032.775029965123,1032.775029965123,0.0,0.0
1668050867.4214735,1173.46,0.8700000000001182,61.82266133,0.0,1.0,0.0,1032.775029965123,1032.775029965123,0.0,0.0
1668050877.4534323,1173.46,0.0,61.82266133,0.0,1.0,0.0,1032.775029965123,1032.775029965123,0.0,0.0
1668050887.3513012,1173.46,0.0,61.82266133,0.0,1.0,0.0,1032.775029965123,1032.775029965123,0.0,0.0
1668050897.5885072,1173.77,0.30999999999994543,62.16582382,0.0,1.0,0.0,1032.775029965123,1032.775029965123,0.0,0.0
1668050907.411904,1173.77,0.0,62.16582382,0.0,1.0,0.0,1032.775029965123,1032.775029965123,0.0,0.0
1668050917.4497125,1173.77,0.0,62.16582382,0.0,1.0,0.0,1032.775029965123,1032.775029965123,0.0,0.0
1668050927.3793204,1171.53,-2.240000000000009,58.00857151,0.0,1.0,0.0,1032.775029965123,1032.775029965123,0.0,0.0
1668050937.4892662,1171.53,0.0,58.00857151,0.0,1.0,0.0,1032.775029965123,1032.775029965123,0.0,0.0
1668050947.4061415,1171.53,0.0,58.00857151,0.0,1.0,0.0,1032.775029965123,1032.775029965123,0.0,0.0
1668050957.373503,1172.87,1.3399999999999181,60.42589378,0.0,1.0,0.0,1032.775029965123,1032.775029965123,0.0,0.0
1668050967.6948175,1172.87,0.0,60.42589378,0.0,1.0,0.0,1032.775029965123,1032.775029965123,0.0,0.0
1668050977.4337544,1172.87,0.0,60.42589378,0.0,1.0,0.0,1032.775029965123,1032.775029965123,0.0,0.0
1668050987.4633996,1170.14,-2.729999999999791,55.36400697,0.0,1.0,0.0,1032.775029965123,1032.775029965123,0.0,0.0
1668050997.4573631,1170.14,0.0,55.36400697,0.0,1.0,0.0,1032.775029965123,1032.775029965123,0.0,0.0
1668051008.1570802,1170.14,0.0,55.36400697,0.0,1.0,0.0,1032.775029965123,1032.775029965123,0.0,0.0
1668051018.1713076,1170.1,-0.040000000000190994,55.29613641,0.0,1.0,0.0,1032.775029965123,1032.775029965123,0.0,0.0
1668051028.149664,1170.1,0.0,55.29613641,0.0,1.0,0.0,1032.775029965123,1032.775029965123,0.0,0.0
1668051038.2967277,1170.1,0.0,55.29613641,0.0,1.0,0.0,1032.775029965123,1032.775029965123,0.0,0.0
1668051048.26355,1169.03,-1.0699999999999363,53.40995002,0.0,1.0,0.0,1032.775029965123,1032.775029965123,0.0,0.0
1668051058.1847858,1169.03,0.0,53.40995002,0.0,1.0,0.0,1032.775029965123,1032.775029965123,0.0,0.0
1668051068.2245488,1169.03,0.0,53.40995002,0.0,1.0,0.0,1032.775029965123,1032.775029965123,0.0,0.0
1668051078.1107738,1168.92,-0.10999999999989996,53.21290901,0.0,1.0,0.0,1032.775029965123,1032.775029965123,0.0,0.0
1668051088.1285896,1168.92,0.0,53.21290901,0.0,1.0,0.0,1032.775029965123,1032.775029965123,0.0,0.0
1668051098.2239623,1168.92,0.0,53.21290901,0.0,1.0,0.0,1032.775029965123,1032.775029965123,0.0,0.0
1668051108.2254472,1166.25,-2.6700000000000728,48.75984319,0.0,1.0,0.0,1032.775029965123,1032.775029965123,0.0,0.0
1668051118.5380292,1166.25,0.0,48.75984319,0.0,1.0,0.0,1032.775029965123,1032.775029965123,0.0,0.0
1668051128.5797937,1166.25,0.0,48.75984319,0.0,1.0,0.0,1032.775029965123,1032.775029965123,0.0,0.0
1668051138.228919,1167.4,1.150000000000091,50.58304029,0.0,1.0,0.0,1032.775029965123,1032.775029965123,0.0,0.0
1668051148.2119083,1167.4,0.0,50.58304029,0.0,1.0,0.0,1032.775029965123,1032.775029965123,0.0,0.0
1668051158.344905,1167.4,0.0,50.58304029,0.0,1.0,0.0,1032.775029965123,1032.775029965123,0.0,0.0
1668051168.3029232,1166.62,-0.7800000000002001,49.23824755,0.0,1.0,0.0,1032.775029965123,1032.775029965123,0.0,0.0
1668051178.1573007,1166.62,0.0,49.23824755,0.0,1.0,0.0,1032.775029965123,1032.775029965123,0.0,0.0
1668051189.170459,1166.62,0.0,49.23824755,0.0,1.0,0.0,1032.775029965123,1032.775029965123,0.0,0.0
1668051199.3067665,1166.29,-0.32999999999992724,48.69058287,0.0,1.0,0.0,1032.775029965123,1032.775029965123,0.0,0.0
1668051209.678331,1166.29,0.0,48.69058287,0.0,1.0,0.0,1032.775029965123,1032.775029965123,0.0,0.0
1668051219.190208,1166.29,0.0,48.69058287,0.0,1.0,0.0,1032.775029965123,1032.775029965123,0.0,0.0
1668051229.1987872,1168.3,2.009999999999991,52.17951803,0.0,1.0,0.0,1032.775029965123,1032.775029965123,0.0,0.0
1668051239.2972429,1168.3,0.0,52.17951803,0.0,1.0,0.0,1032.775029965123,1032.775029965123,0.0,0.0
1668051249.2175117,1168.3,0.0,52.17951803,0.0,1.0,0.0,1032.775029965123,1032.775029965123,0.0,0.0
1668051259.371709,1172.5,4.2000000000000455,58.13356858,0.0,1.0,0.0,1032.775029965123,1032.775029965123,0.0,0.0
1668051269.1911018,1172.5,0.0,58.13356858,0.0,1.0,0.0,1032.775029965123,1032.775029965123,0.0,0.0
1668051279.537914,1172.5,0.0,58.13356858,0.0,1.0,0.0,1032.775029965123,1032.775029965123,0.0,0.0
1668051289.7562745,1172.28,-0.22000000000002728,57.75303749,0.0,1.0,0.0,1032.775029965123,1032.775029965123,0.0,0.0
1668051299.3942945,1172.28,0.0,57.75303749,0.0,1.0,0.0,1032.775029965123,1032.775029965123,0.0,0.0
1668051309.2704062,1172.28,0.0,57.75303749,0.0,1.0,0.0,1032.775029965123,1032.775029965123,0.0,0.0
1668051319.2777095,1172.58,0.2999999999999545,58.14762357,0.0,1.0,0.0,1032.775029965123,1032.775029965123,0.0,0.0
1668051329.3395202,1172.58,0.0,58.14762357,0.0,1.0,0.0,1032.775029965123,1032.775029965123,0.0,0.0
1668051339.2430575,1172.58,0.0,58.14762357,0.0,1.0,0.0,1032.775029965123,1032.775029965123,0.0,0.0
1668051349.3585277,1169.99,-2.589999999999918,53.44816501,0.0,1.0,0.0,1032.775029965123,1032.775029965123,0.0,0.0
1668051359.3301334,1169.99,0.0,53.44816501,0.0,1.0,0.0,1032.775029965123,1032.775029965123,0.0,0.0
1668051370.17373,1169.99,0.0,53.44816501,0.0,1.0,0.0,1032.775029965123,1032.775029965123,0.0,0.0
1668051380.2417235,1169.46,-0.5299999999999727,52.57445588,0.0,1.0,0.0,1032.775029965123,1032.775029965123,0.0,0.0
1668051390.119624,1169.46,0.0,52.57445588,0.0,1.0,0.0,1032.775029965123,1032.775029965123,0.0,0.0
1668051400.1973245,1169.46,0.0,52.57445588,0.0,1.0,0.0,1032.775029965123,1032.775029965123,0.0,0.0
1668051410.1054692,1170.66,1.2000000000000455,54.37409298,0.0,1.0,0.0,1032.775029965123,1032.775029965123,0.0,0.0
1668051420.1393895,1170.66,0.0,54.37409298,0.0,1.0,0.0,1032.775029965123,1032.775029965123,0.0,0.0
1668051430.0326817,1170.66,0.0,54.37409298,0.0,1.0,0.0,1032.775029965123,1032.775029965123,0.0,0.0
1668051440.1645503,1169.26,-1.400000000000091,52.24296615,0.0,1.0,0.0,1032.775029965123,1032.775029965123,0.0,0.0
1668051450.7599597,1169.26,0.0,52.24296615,0.0,1.0,0.0,1032.775029965123,1032.775029965123,0.0,0.0
1668051460.1116705,1169.26,0.0,52.24296615,0.0,1.0,0.0,1032.775029965123,1032.775029965123,0.0,0.0
1668051470.1844566,1170.13,0.8700000000001182,53.67133373,0.0,1.0,0.0,1032.775029965123,1032.775029965123,0.0,0.0
1668051480.2100434,1170.13,0.0,53.67133373,0.0,1.0,0.0,1032.775029965123,1032.775029965123,0.0,0.0
1668051490.1405227,1170.13,0.0,53.67133373,0.0,1.0,0.0,1032.775029965123,1032.775029965123,0.0,0.0
1668051500.18795,1168.78,-1.3500000000001364,51.37107066,0.0,1.0,0.0,1032.775029965123,1032.775029965123,0.0,0.0
1668051510.6241715,1168.78,0.0,51.37107066,0.0,1.0,0.0,1032.775029965123,1032.775029965123,0.0,0.0
1668051520.3626015,1168.78,0.0,51.37107066,0.0,1.0,0.0,1032.775029965123,1032.775029965123,0.0,0.0
1668051530.2265613,1171.92,3.1400000000001,56.4855617,0.0,1.0,0.0,1032.775029965123,1032.775029965123,0.0,0.0
1668051540.279663,1171.92,0.0,56.4855617,0.0,1.0,0.0,1032.775029965123,1032.775029965123,0.0,0.0
1668051551.190139,1172.06,0.13999999999987267,56.68977136,0.0,1.0,0.0,1032.775029965123,1032.775029965123,0.0,0.0
1668051561.2451563,1172.06,0.0,56.68977136,0.0,1.0,0.0,1032.775029965123,1032.775029965123,0.0,0.0
1668051571.1368637,1172.06,0.0,56.68977136,0.0,1.0,0.0,1032.775029965123,1032.775029965123,0.0,0.0
1668051581.1715257,1171.73,-0.32999999999992724,56.0302719,0.0,1.0,0.0,1032.775029965123,1032.775029965123,0.0,0.0
1668051591.26174,1171.73,0.0,56.0302719,0.0,1.0,0.0,1032.775029965123,1032.775029965123,0.0,0.0
1668051601.2972023,1171.73,0.0,56.0302719,0.0,1.0,0.0,1032.775029965123,1032.775029965123,0.0,0.0
1668051611.479563,1170.89,-0.8399999999999181,54.40608035,0.0,1.0,0.0,1032.775029965123,1032.775029965123,0.0,0.0
1668051621.125562,1170.89,0.0,54.40608035,0.0,1.0,0.0,1032.775029965123,1032.775029965123,0.0,0.0
1668051631.114308,1170.89,0.0,54.40608035,0.0,1.0,0.0,1032.775029965123,1032.775029965123,0.0,0.0
1668051641.598602,1174.11,3.2199999999998,59.28122374,0.0,1.0,0.0,1032.775029965123,1032.775029965123,0.0,0.0
1668051651.2961447,1174.11,0.0,59.28122374,0.0,1.0,0.0,1032.775029965123,1032.775029965123,0.0,0.0
1668051661.097601,1174.11,0.0,59.28122374,0.0,1.0,0.0,1032.775029965123,1032.775029965123,0.0,0.0
1668051671.2539082,1174.11,0.0,59.28122374,0.0,1.0,0.0,1032.775029965123,1032.775029965123,0.0,0.0
1668051681.2088048,1174.53,0.42000000000007276,59.69187847,0.0,1.0,0.0,1032.775029965123,1032.775029965123,0.0,0.0
1668051691.1595774,1174.53,0.0,59.69187847,0.0,1.0,0.0,1032.775029965123,1032.775029965123,0.0,0.0
1668051701.1970336,1174.81,0.2799999999999727,60.21460658,0.0,1.0,0.0,1032.775029965123,1032.775029965123,0.0,0.0
1668051711.1178956,1174.81,0.0,60.21460658,0.0,1.0,0.0,1032.775029965123,1032.775029965123,0.0,0.0
1668051721.1450148,1174.81,0.0,60.21460658,0.0,1.0,0.0,1032.775029965123,1032.775029965123,0.0,0.0
1668051732.4426403,1172.36,-2.4500000000000455,55.49944672,0.0,1.0,0.0,1032.775029965123,1032.775029965123,0.0,0.0
1668051742.5305426,1172.36,0.0,55.49944672,0.0,1.0,0.0,1032.775029965123,1032.775029965123,0.0,0.0
1668051752.367303,1172.36,0.0,55.49944672,0.0,1.0,0.0,1032.775029965123,1032.775029965123,0.0,0.0
1668051762.378018,1173.55,1.1900000000000546,57.27601449,0.0,1.0,0.0,1032.775029965123,1032.775029965123,0.0,0.0
1668051772.3838348,1173.55,0.0,57.27601449,0.0,1.0,0.0,1032.775029965123,1032.775029965123,0.0,0.0
1668051782.557986,1173.55,0.0,57.27601449,0.0,1.0,0.0,1032.775029965123,1032.775029965123,0.0,0.0
1668051792.4719489,1175.42,1.8700000000001182,59.74007134,0.0,1.0,0.0,1032.775029965123,1032.775029965123,0.0,0.0
1668051802.5720875,1175.42,0.0,59.74007134,0.0,1.0,0.0,1032.775029965123,1032.775029965123,0.0,0.0
1668051812.5487618,1175.42,0.0,59.74007134,0.0,1.0,0.0,1032.775029965123,1032.775029965123,0.0,0.0
1668051822.4630997,1180.01,4.589999999999918,65.20600289,0.0,1.0,0.0,1032.775029965123,1032.775029965123,0.0,0.0
1668051832.673009,1180.01,0.0,65.20600289,0.0,1.0,0.0,1032.775029965123,1032.775029965123,0.0,0.0
1668051842.3339286,1180.01,0.0,65.20600289,0.0,1.0,0.0,1032.775029965123,1032.775029965123,0.0,0.0
1668051852.5174346,1179.73,-0.2799999999999727,64.90727285,0.0,1.0,0.0,1032.775029965123,1032.775029965123,0.0,0.0
1668051862.3821948,1179.73,0.0,64.90727285,0.0,1.0,0.0,1032.775029965123,1032.775029965123,0.0,0.0
1668051872.4953094,1179.73,0.0,64.90727285,0.0,1.0,0.0,1032.775029965123,1032.775029965123,0.0,0.0
1668051882.3965547,1180.33,0.599999999999909,65.5753253,0.0,1.0,0.0,1032.775029965123,1032.775029965123,0.0,0.0
1668051892.4528956,1180.33,0.0,65.5753253,0.0,1.0,0.0,1032.775029965123,1032.775029965123,0.0,0.0
1668051902.4112537,1180.33,0.0,65.5753253,0.0,1.0,0.0,1032.775029965123,1032.775029965123,0.0,0.0
1668051913.2463024,1183.15,2.8200000000001637,68.34206071,0.0,1.0,0.0,1032.775029965123,1032.775029965123,0.0,0.0
1668051923.2634654,1183.15,0.0,68.34206071,0.0,1.0,0.0,1032.775029965123,1032.775029965123,0.0,0.0
1668051933.2511306,1183.15,0.0,68.34206071,0.0,1.0,0.0,1032.775029965123,1032.775029965123,0.0,0.0
1668051943.2745428,1184.05,0.8999999999998636,69.22240412,0.0,1.0,0.0,1032.775029965123,1032.775029965123,0.0,0.0
1668051953.265467,1184.05,0.0,69.22240412,0.0,1.0,0.0,1032.775029965123,1032.775029965123,0.0,0.0
1668051963.297412,1184.05,0.0,69.22240412,0.0,1.0,0.0,1032.775029965123,1032.775029965123,0.0,0.0
1668051973.3569536,1182.03,-2.019999999999982,66.05433816,0.0,1.0,0.0,1032.775029965123,1032.775029965123,0.0,0.0
1668051983.3049045,1182.03,0.0,66.05433816,0.0,1.0,0.0,1032.775029965123,1032.775029965123,0.0,0.0
1668051993.5751922,1182.03,0.0,66.05433816,0.0,1.0,0.0,1032.775029965123,1032.775029965123,0.0,0.0
1668052003.329872,1177.33,-4.7000000000000455,57.37472415,0.0,1.0,0.0,1032.775029965123,1032.775029965123,0.0,0.0
1668052013.3803225,1177.33,0.0,57.37472415,0.0,1.0,0.0,1032.775029965123,1032.775029965123,0.0,0.0
1668052023.4802997,1177.33,0.0,57.37472415,0.0,1.0,0.0,1032.775029965123,1032.775029965123,0.0,0.0
1668052033.3766289,1177.56,0.2300000000000182,57.74604668,0.0,1.0,0.0,1032.775029965123,1032.775029965123,0.0,0.0
1668052043.2862964,1177.56,0.0,57.74604668,0.0,1.0,0.0,1032.775029965123,1032.775029965123,0.0,0.0
1668052053.3595445,1177.56,0.0,57.74604668,0.0,1.0,0.0,1032.775029965123,1032.775029965123,0.0,0.0
1668052063.326592,1178.39,0.8300000000001546,58.78272708,0.0,1.0,0.0,1032.775029965123,1032.775029965123,0.0,0.0
1668052073.2973392,1178.39,0.0,58.78272708,0.0,1.0,0.0,1032.775029965123,1032.775029965123,0.0,0.0
1668052083.456087,1178.39,0.0,58.78272708,0.0,1.0,0.0,1032.775029965123,1032.775029965123,0.0,0.0
1668052094.0311496,1178.84,0.4499999999998181,59.32835903,0.0,1.0,0.0,1032.775029965123,1032.775029965123,0.0,0.0
1668052104.2525327,1178.84,0.0,59.32835903,0.0,1.0,0.0,1032.775029965123,1032.775029965123,0.0,0.0
1668052114.0812452,1178.84,0.0,59.32835903,0.0,1.0,0.0,1032.775029965123,1032.775029965123,0.0,0.0
1668052124.1555378,1178.74,-0.09999999999990905,59.17129868,0.0,1.0,0.0,1032.775029965123,1032.775029965123,0.0,0.0
1668052134.126274,1178.74,0.0,59.17129868,0.0,1.0,0.0,1032.775029965123,1032.775029965123,0.0,0.0
1668052144.1361294,1178.74,0.0,59.17129868,0.0,1.0,0.0,1032.775029965123,1032.775029965123,0.0,0.0
1668052154.025911,1177.23,-1.509999999999991,56.49046512,0.0,1.0,0.0,1032.775029965123,1032.775029965123,0.0,0.0
1668052164.4071786,1177.23,0.0,56.49046512,0.0,1.0,0.0,1032.775029965123,1032.775029965123,0.0,0.0
1668052174.144734,1177.23,0.0,56.49046512,0.0,1.0,0.0,1032.775029965123,1032.775029965123,0.0,0.0
1668052184.2971723,1175.49,-1.740000000000009,53.48490264,0.0,1.0,0.0,1032.775029965123,1032.775029965123,0.0,0.0
1668052194.160997,1175.49,0.0,53.48490264,0.0,1.0,0.0,1032.775029965123,1032.775029965123,0.0,0.0
1668052204.1522937,1175.49,0.0,53.48490264,0.0,1.0,0.0,1032.775029965123,1032.775029965123,0.0,0.0
1668052214.5893648,1175.09,-0.40000000000009095,52.83863422,0.0,1.0,0.0,1032.775029965123,1032.775029965123,0.0,0.0
1668052224.1245914,1175.09,0.0,52.83863422,0.0,1.0,0.0,1032.775029965123,1032.775029965123,0.0,0.0
1668052234.1809826,1175.09,0.0,52.83863422,0.0,1.0,0.0,1032.775029965123,1032.775029965123,0.0,0.0
1668052244.066558,1175.49,0.40000000000009095,53.44444627,0.0,1.0,0.0,1032.775029965123,1032.775029965123,0.0,0.0
1668052254.149717,1175.49,0.0,53.44444627,0.0,1.0,0.0,1032.775029965123,1032.775029965123,0.0,0.0
1668052264.296737,1175.49,0.0,53.44444627,0.0,1.0,0.0,1032.775029965123,1032.775029965123,0.0,0.0
1668052275.0449867,1172.11,-3.380000000000109,48.18023456,0.0,1.0,0.0,1032.775029965123,1032.775029965123,0.0,0.0
1668052285.1165645,1172.11,0.0,48.18023456,0.0,1.0,0.0,1032.775029965123,1032.775029965123,0.0,0.0
1668052295.0957916,1172.11,0.0,48.18023456,0.0,1.0,0.0,1032.775029965123,1032.775029965123,0.0,0.0
1668052305.1891828,1173.62,1.509999999999991,50.55734713,0.0,1.0,0.0,1032.775029965123,1032.775029965123,0.0,0.0
1668052315.048972,1173.62,0.0,50.55734713,0.0,1.0,0.0,1032.775029965123,1032.775029965123,0.0,0.0
1668052324.9926093,1173.62,0.0,50.55734713,0.0,1.0,0.0,1032.775029965123,1032.775029965123,0.0,0.0
1668052335.134707,1173.6,-0.01999999999998181,50.53422815,0.0,1.0,0.0,1032.775029965123,1032.775029965123,0.0,0.0
1668052345.024848,1173.6,0.0,50.53422815,0.0,1.0,0.0,1032.775029965123,1032.775029965123,0.0,0.0
1668052355.0548413,1173.6,0.0,50.53422815,0.0,1.0,0.0,1032.775029965123,1032.775029965123,0.0,0.0
1668052365.1238422,1174.48,0.8800000000001091,51.91913329,0.0,1.0,0.0,1032.775029965123,1032.775029965123,0.0,0.0
1668052375.3178363,1174.48,0.0,51.91913329,0.0,1.0,0.0,1032.775029965123,1032.775029965123,0.0,0.0
1668052385.088681,1174.48,0.0,51.91913329,0.0,1.0,0.0,1032.775029965123,1032.775029965123,0.0,0.0
1668052395.0148942,1175.58,1.099999999999909,53.54599996,0.0,1.0,0.0,1032.775029965123,1032.775029965123,0.0,0.0
1668052405.0564437,1175.58,0.0,53.54599996,0.0,1.0,0.0,1032.775029965123,1032.775029965123,0.0,0.0
1668052415.0617375,1175.58,0.0,53.54599996,0.0,1.0,0.0,1032.775029965123,1032.775029965123,0.0,0.0
1668052425.0434296,1173.8,-1.7799999999999727,50.5668052,0.0,1.0,0.0,1032.775029965123,1032.775029965123,0.0,0.0
1668052435.249429,1173.8,0.0,50.5668052,0.0,1.0,0.0,1032.775029965123,1032.775029965123,0.0,0.0
1668052445.0589533,1173.8,0.0,50.5668052,0.0,1.0,0.0,1032.775029965123,1032.775029965123,0.0,0.0
1668052456.0572565,1172.3,-1.5,48.30050189,0.0,1.0,0.0,1032.775029965123,1032.775029965123,0.0,0.0
1668052466.081756,1172.3,0.0,48.30050189,0.0,1.0,0.0,1032.775029965123,1032.775029965123,0.0,0.0
1668052476.018612,1172.3,0.0,48.30050189,0.0,1.0,0.0,1032.775029965123,1032.775029965123,0.0,0.0
1668052486.0849607,1170.91,-1.3899999999998727,46.23269512,0.0,1.0,0.0,1032.775029965123,1032.775029965123,0.0,0.0
1668052495.958686,1170.91,0.0,46.23269512,0.0,1.0,0.0,1032.775029965123,1032.775029965123,0.0,0.0
1668052506.094236,1170.91,0.0,46.23269512,0.0,1.0,0.0,1032.775029965123,1032.775029965123,0.0,0.0
1668052515.9891942,1171.27,0.35999999999989996,46.74994228,0.0,1.0,0.0,1032.775029965123,1032.775029965123,0.0,0.0
1668052526.0255797,1171.27,0.0,46.74994228,0.0,1.0,0.0,1032.775029965123,1032.775029965123,0.0,0.0
1668052536.0847952,1171.27,0.0,46.74994228,0.0,1.0,0.0,1032.775029965123,1032.775029965123,0.0,0.0
1668052545.9815395,1171.14,-0.12999999999988177,46.5469895,0.0,1.0,0.0,1032.775029965123,1032.775029965123,0.0,0.0
1668052556.0859263,1171.14,0.0,46.5469895,0.0,1.0,0.0,1032.775029965123,1032.775029965123,0.0,0.0
1668052566.4979486,1171.14,0.0,46.5469895,0.0,1.0,0.0,1032.775029965123,1032.775029965123,0.0,0.0
1668052576.3928144,1170.64,-0.5,45.78255443,0.0,1.0,0.0,1032.775029965123,1032.775029965123,0.0,0.0
1668052586.080489,1170.64,0.0,45.78255443,0.0,1.0,0.0,1032.775029965123,1032.775029965123,0.0,0.0
1668052596.4613268,1170.64,0.0,45.78255443,0.0,1.0,0.0,1032.775029965123,1032.775029965123,0.0,0.0
1668052606.041337,1167.96,-2.6800000000000637,41.8182722,0.0,1.0,0.0,1032.775029965123,1032.775029965123,0.0,0.0
1668052616.187626,1167.96,0.0,41.8182722,0.0,1.0,0.0,1032.775029965123,1032.775029965123,0.0,0.0
1668052626.1189945,1167.96,0.0,41.8182722,0.0,1.0,0.0,1032.775029965123,1032.775029965123,0.0,0.0
1668052636.7767532,1171.85,3.8899999999998727,48.0092023,0.0,1.0,0.0,1032.775029965123,1032.775029965123,0.0,0.0
1668052646.882841,1171.85,0.0,48.0092023,0.0,1.0,0.0,1032.775029965123,1032.775029965123,0.0,0.0
1668052656.7168274,1171.85,0.0,48.0092023,0.0,1.0,0.0,1032.775029965123,1032.775029965123,0.0,0.0
1668052666.8257904,1172.62,0.7699999999999818,49.43155124,0.0,1.0,0.0,1032.775029965123,1032.775029965123,0.0,0.0
1668052676.7132103,1172.62,0.0,49.43155124,0.0,1.0,0.0,1032.775029965123,1032.775029965123,0.0,0.0
1668052686.746271,1172.62,0.0,49.43155124,0.0,1.0,0.0,1032.775029965123,1032.775029965123,0.0,0.0
1668052696.7445767,1171.41,-1.209999999999809,47.24779264,0.0,1.0,0.0,1032.775029965123,1032.775029965123,0.0,0.0
1668052706.6892488,1171.41,0.0,47.24779264,0.0,1.0,0.0,1032.775029965123,1032.775029965123,0.0,0.0
1668052716.7519646,1171.41,0.0,47.24779264,0.0,1.0,0.0,1032.775029965123,1032.775029965123,0.0,0.0
1668052727.2742865,1170.69,-0.7200000000000273,45.96554189,0.0,1.0,0.0,1032.775029965123,1032.775029965123,0.0,0.0
1668052736.7138493,1170.69,0.0,45.96554189,0.0,1.0,0.0,1032.775029965123,1032.775029965123,0.0,0.0
1668052746.7295587,1170.69,0.0,45.96554189,0.0,1.0,0.0,1032.775029965123,1032.775029965123,0.0,0.0
1668052756.7235272,1168.99,-1.7000000000000455,43.19635998,0.0,1.0,0.0,1032.775029965123,1032.775029965123,0.0,0.0
1668052766.7342212,1168.99,0.0,43.19635998,0.0,1.0,0.0,1032.775029965123,1032.775029965123,0.0,0.0
1668052776.671028,1168.99,0.0,43.19635998,0.0,1.0,0.0,1032.775029965123,1032.775029965123,0.0,0.0
1668052786.72954,1170.04,1.0499999999999545,45.38057131,0.0,1.0,0.0,1032.775029965123,1032.775029965123,0.0,0.0
1668052796.672696,1170.04,0.0,45.38057131,0.0,1.0,0.0,1032.775029965123,1032.775029965123,0.0,0.0
1668052806.9651885,1170.04,0.0,45.38057131,0.0,1.0,0.0,1032.775029965123,1032.775029965123,0.0,0.0
1668052817.42171,1174.15,4.110000000000127,52.53726912,0.0,1.0,0.0,1032.775029965123,1032.775029965123,0.0,0.0
1668052827.422559,1174.15,0.0,52.53726912,0.0,1.0,0.0,1032.775029965123,1032.775029965123,0.0,0.0
1668052837.443406,1174.15,0.0,52.53726912,0.0,1.0,0.0,1032.775029965123,1032.775029965123,0.0,0.0
1668052847.4866345,1171.16,-2.990000000000009,47.64729421,0.0,1.0,0.0,1032.775029965123,1032.775029965123,0.0,0.0
1668052857.3687584,1171.16,0.0,47.64729421,0.0,1.0,0.0,1032.775029965123,1032.775029965123,0.0,0.0
1668052867.4624417,1171.16,0.0,47.64729421,0.0,1.0,0.0,1032.775029965123,1032.775029965123,0.0,0.0
1668052877.298964,1173.12,1.959999999999809,50.74407006,0.0,1.0,0.0,1032.775029965123,1032.775029965123,0.0,0.0
1668052887.9600194,1173.12,0.0,50.74407006,0.0,1.0,0.0,1032.775029965123,1032.775029965123,0.0,0.0
1668052897.4219463,1173.12,0.0,50.74407006,0.0,1.0,0.0,1032.775029965123,1032.775029965123,0.0,0.0
1668052907.492882,1171.8,-1.3199999999999363,48.4607477,0.0,1.0,0.0,1032.775029965123,1032.775029965123,0.0,0.0
1668052917.3202353,1171.8,0.0,48.4607477,0.0,1.0,0.0,1032.775029965123,1032.775029965123,0.0,0.0
1668052927.4732883,1171.8,0.0,48.4607477,0.0,1.0,0.0,1032.775029965123,1032.775029965123,0.0,0.0
1668052937.3833525,1170.21,-1.5899999999999181,45.9686592,0.0,1.0,0.0,1032.775029965123,1032.775029965123,0.0,0.0
1668052947.3979597,1170.21,0.0,45.9686592,0.0,1.0,0.0,1032.775029965123,1032.775029965123,0.0,0.0
1668052957.4676862,1170.21,0.0,45.9686592,0.0,1.0,0.0,1032.775029965123,1032.775029965123,0.0,0.0
1668052967.4140224,1170.28,0.06999999999993634,46.10007486,0.0,1.0,0.0,1032.775029965123,1032.775029965123,0.0,0.0
1668052977.5823672,1170.28,0.0,46.10007486,0.0,1.0,0.0,1032.775029965123,1032.775029965123,0.0,0.0
1668052987.2881546,1170.28,0.0,46.10007486,0.0,1.0,0.0,1032.775029965123,1032.775029965123,0.0,0.0
1668052998.587474,1169.47,-0.8099999999999454,44.81856469,0.0,1.0,0.0,1032.775029965123,1032.775029965123,0.0,0.0
1668053008.7814915,1169.47,0.0,44.81856469,0.0,1.0,0.0,1032.775029965123,1032.775029965123,0.0,0.0
1668053018.5970883,1169.47,0.0,44.81856469,0.0,1.0,0.0,1032.775029965123,1032.775029965123,0.0,0.0
1668053028.64685,1169.12,-0.3500000000001364,44.24844328,0.0,1.0,0.0,1032.775029965123,1032.775029965123,0.0,0.0
1668053038.746001,1169.12,0.0,44.24844328,0.0,1.0,0.0,1032.775029965123,1032.775029965123,0.0,0.0
1668053049.254851,1169.12,0.0,44.24844328,0.0,1.0,0.0,1032.775029965123,1032.775029965123,0.0,0.0
1668053058.6299312,1165.57,-3.5499999999999545,39.22118892,0.0,1.0,0.0,1032.775029965123,1032.775029965123,0.0,0.0
1668053068.745941,1165.57,0.0,39.22118892,0.0,1.0,0.0,1032.775029965123,1032.775029965123,0.0,0.0
1668053078.604555,1165.57,0.0,39.22118892,0.0,1.0,0.0,1032.775029965123,1032.775029965123,0.0,0.0
1668053088.6988423,1167.79,2.2200000000000273,43.5410979,0.0,1.0,0.0,1032.775029965123,1032.775029965123,0.0,0.0
1668053098.5536203,1167.79,0.0,43.5410979,0.0,1.0,0.0,1032.775029965123,1032.775029965123,0.0,0.0
1668053108.6735258,1167.79,0.0,43.5410979,0.0,1.0,0.0,1032.775029965123,1032.775029965123,0.0,0.0
1668053118.6599865,1167.01,-0.7799999999999727,42.09652268,0.0,1.0,0.0,1032.775029965123,1032.775029965123,0.0,0.0
1668053128.6580143,1167.01,0.0,42.09652268,0.0,1.0,0.0,1032.775029965123,1032.775029965123,0.0,0.0
1668053138.6779008,1167.01,0.0,42.09652268,0.0,1.0,0.0,1032.775029965123,1032.775029965123,0.0,0.0
1668053148.620488,1169.19,2.1800000000000637,46.24068309,0.0,1.0,0.0,1032.775029965123,1032.775029965123,0.0,0.0
1668053158.7462366,1169.19,0.0,46.24068309,0.0,1.0,0.0,1032.775029965123,1032.775029965123,0.0,0.0
1668053168.637245,1169.19,0.0,46.24068309,0.0,1.0,0.0,1032.775029965123,1032.775029965123,0.0,0.0
1668053179.557078,1168.22,-0.9700000000000273,44.47383046,0.0,1.0,0.0,1032.775029965123,1032.775029965123,0.0,0.0
1668053189.622988,1168.22,0.0,44.47383046,0.0,1.0,0.0,1032.775029965123,1032.775029965123,0.0,0.0
1668053199.5710907,1168.22,0.0,44.47383046,0.0,1.0,0.0,1032.775029965123,1032.775029965123,0.0,0.0
1668053209.6605935,1166.93,-1.2899999999999636,42.46776199,0.0,1.0,0.0,1032.775029965123,1032.775029965123,0.0,0.0
1668053219.6507018,1166.93,0.0,42.46776199,0.0,1.0,0.0,1032.775029965123,1032.775029965123,0.0,0.0
1668053229.5710452,1166.93,0.0,42.46776199,0.0,1.0,0.0,1032.775029965123,1032.775029965123,0.0,0.0
1668053240.0178506,1169.65,2.7200000000000273,47.23018691,0.0,1.0,0.0,1032.775029965123,1032.775029965123,0.0,0.0
1668053249.56269,1169.65,0.0,47.23018691,0.0,1.0,0.0,1032.775029965123,1032.775029965123,0.0,0.0
1668053259.6113966,1169.65,0.0,47.23018691,0.0,1.0,0.0,1032.775029965123,1032.775029965123,0.0,0.0
1668053269.572791,1169.18,-0.4700000000000273,46.41542761,0.0,1.0,0.0,1032.775029965123,1032.775029965123,0.0,0.0
1668053279.7074382,1169.18,0.0,46.41542761,0.0,1.0,0.0,1032.775029965123,1032.775029965123,0.0,0.0
1668053289.5915284,1169.18,0.0,46.41542761,0.0,1.0,0.0,1032.775029965123,1032.775029965123,0.0,0.0
1668053299.627022,1169.18,0.0,46.41542761,0.0,1.0,0.0,1032.775029965123,1032.775029965123,0.0,0.0
1668053309.8892505,1169.18,0.0,46.41542761,0.0,1.0,0.0,1032.775029965123,1032.775029965123,0.0,0.0
1668053319.7143247,1169.18,0.0,46.41542761,0.0,1.0,0.0,1032.775029965123,1032.775029965123,0.0,0.0
1668053329.660834,1167.89,-1.2899999999999636,44.16352339,0.0,1.0,0.0,1032.775029965123,1032.775029965123,0.0,0.0
1668053339.7372868,1167.89,0.0,44.16352339,0.0,1.0,0.0,1032.775029965123,1032.775029965123,0.0,0.0
1668053349.6023982,1167.89,0.0,44.16352339,0.0,1.0,0.0,1032.775029965123,1032.775029965123,0.0,0.0
1668053360.8855484,1168.66,0.7699999999999818,45.48573263,0.0,1.0,0.0,1032.775029965123,1032.775029965123,0.0,0.0
1668053370.7751772,1168.66,0.0,45.48573263,0.0,1.0,0.0,1032.775029965123,1032.775029965123,0.0,0.0
1668053380.6484668,1168.66,0.0,45.48573263,0.0,1.0,0.0,1032.775029965123,1032.775029965123,0.0,0.0
1668053390.7584898,1171.0,2.339999999999918,50.32977452,0.0,1.0,0.0,1032.775029965123,1032.775029965123,0.0,0.0
1668053400.77788,1171.0,0.0,50.32977452,0.0,1.0,0.0,1032.775029965123,1032.775029965123,0.0,0.0
1668053410.7424848,1171.0,0.0,50.32977452,0.0,1.0,0.0,1032.775029965123,1032.775029965123,0.0,0.0
1668053420.7702873,1168.77,-2.230000000000018,45.73658874,0.0,1.0,0.0,1032.775029965123,1032.775029965123,0.0,0.0
1668053431.0397134,1168.77,0.0,45.73658874,0.0,1.0,0.0,1032.775029965123,1032.775029965123,0.0,0.0
1668053440.745895,1168.77,0.0,45.73658874,0.0,1.0,0.0,1032.775029965123,1032.775029965123,0.0,0.0
1668053450.7619872,1169.47,0.7000000000000455,47.37854791,0.0,1.0,0.0,1032.775029965123,1032.775029965123,0.0,0.0
1668053460.8425837,1169.47,0.0,47.37854791,0.0,1.0,0.0,1032.775029965123,1032.775029965123,0.0,0.0
1668053470.727838,1169.47,0.0,47.37854791,0.0,1.0,0.0,1032.775029965123,1032.775029965123,0.0,0.0
1668053480.848748,1170.06,0.5899999999999181,48.68962747,0.0,1.0,0.0,1032.775029965123,1032.775029965123,0.0,0.0
1668053490.7182007,1170.06,0.0,48.68962747,0.0,1.0,0.0,1032.775029965123,1032.775029965123,0.0,0.0
1668053500.8319664,1170.06,0.0,48.68962747,0.0,1.0,0.0,1032.775029965123,1032.775029965123,0.0,0.0
1668053510.7691357,1171.0,0.9400000000000546,50.79282702,0.0,1.0,0.0,1032.775029965123,1032.775029965123,0.0,0.0
1668053521.0258498,1171.0,0.0,50.79282702,0.0,1.0,0.0,1032.775029965123,1032.775029965123,0.0,0.0
1668053531.0826995,1167.97,-3.0299999999999727,44.47179336,0.0,1.0,0.0,1032.775029965123,1032.775029965123,0.0,0.0
1668053541.617108,1167.97,0.0,44.47179336,0.0,1.0,0.0,1032.775029965123,1032.775029965123,0.0,0.0
1668053551.6981723,1167.97,0.0,44.47179336,0.0,1.0,0.0,1032.775029965123,1032.775029965123,0.0,0.0
1668053561.5410109,1169.88,1.9100000000000819,48.83659612,0.0,1.0,0.0,1032.775029965123,1032.775029965123,0.0,0.0
1668053571.679952,1169.88,0.0,48.83659612,0.0,1.0,0.0,1032.775029965123,1032.775029965123,0.0,0.0
1668053581.5582645,1169.88,0.0,48.83659612,0.0,1.0,0.0,1032.775029965123,1032.775029965123,0.0,0.0
1668053591.64825,1169.88,0.0,48.83659612,0.0,1.0,0.0,1032.775029965123,1032.775029965123,0.0,0.0
1668053601.574278,1170.42,0.5399999999999636,49.95045385,0.0,1.0,0.0,1032.775029965123,1032.775029965123,0.0,0.0
1668053611.5408144,1170.42,0.0,49.95045385,0.0,1.0,0.0,1032.775029965123,1032.775029965123,0.0,0.0
1668053622.1068912,1170.64,0.22000000000002728,50.42332529,0.0,1.0,0.0,1032.775029965123,1032.775029965123,0.0,0.0
1668053631.644177,1170.64,0.0,50.42332529,0.0,1.0,0.0,1032.775029965123,1032.775029965123,0.0,0.0
1668053641.7836523,1170.64,0.0,50.42332529,0.0,1.0,0.0,1032.775029965123,1032.775029965123,0.0,0.0
1668053651.7647152,1170.64,0.0,50.42332529,0.0,1.0,0.0,1032.775029965123,1032.775029965123,0.0,0.0
1668053661.7302625,1172.84,2.199999999999818,54.70301455,0.0,1.0,0.0,1032.775029965123,1032.775029965123,0.0,0.0
1668053671.5443306,1172.84,0.0,54.70301455,0.0,1.0,0.0,1032.775029965123,1032.775029965123,0.0,0.0
1668053681.647628,1172.84,0.0,54.70301455,0.0,1.0,0.0,1032.775029965123,1032.775029965123,0.0,0.0
1668053691.5659516,1172.4,-0.4399999999998272,53.7044869,0.0,1.0,0.0,1032.775029965123,1032.775029965123,0.0,0.0
1668053701.6206644,1172.4,0.0,53.7044869,0.0,1.0,0.0,1032.775029965123,1032.775029965123,0.0,0.0
1668053711.6075373,1169.85,-2.550000000000182,48.56927011,0.0,1.0,0.0,1032.775029965123,1032.775029965123,0.0,0.0
1668053722.2861342,1169.85,0.0,48.56927011,0.0,1.0,0.0,1032.775029965123,1032.775029965123,0.0,0.0
1668053732.3989758,1169.85,0.0,48.56927011,0.0,1.0,0.0,1032.775029965123,1032.775029965123,0.0,0.0
1668053742.2896583,1169.26,-0.5899999999999181,47.43729411,0.0,1.0,0.0,1032.775029965123,1032.775029965123,0.0,0.0
1668053752.5258312,1169.26,0.0,47.43729411,0.0,1.0,0.0,1032.775029965123,1032.775029965123,0.0,0.0
1668053762.3114114,1169.26,0.0,47.43729411,0.0,1.0,0.0,1032.775029965123,1032.775029965123,0.0,0.0
1668053772.389304,1172.0,2.740000000000009,52.67817429,0.0,1.0,0.0,1032.775029965123,1032.775029965123,0.0,0.0
1668053782.5931215,1172.0,0.0,52.67817429,0.0,1.0,0.0,1032.775029965123,1032.775029965123,0.0,0.0
1668053792.3494227,1172.0,0.0,52.67817429,0.0,1.0,0.0,1032.775029965123,1032.775029965123,0.0,0.0
1668053802.404518,1175.22,3.2200000000000273,58.07813568,0.0,1.0,0.0,1032.775029965123,1032.775029965123,0.0,0.0
1668053812.3781457,1175.22,0.0,58.07813568,0.0,1.0,0.0,1032.775029965123,1032.775029965123,0.0,0.0
1668053822.6690211,1175.22,0.0,58.07813568,0.0,1.0,0.0,1032.775029965123,1032.775029965123,0.0,0.0
1668053832.3046536,1174.01,-1.2100000000000364,56.20122121,0.0,1.0,0.0,1032.775029965123,1032.775029965123,0.0,0.0
1668053842.3052197,1174.01,0.0,56.20122121,0.0,1.0,0.0,1032.775029965123,1032.775029965123,0.0,0.0
1668053852.3265634,1174.01,0.0,56.20122121,0.0,1.0,0.0,1032.775029965123,1032.775029965123,0.0,0.0
1668053862.3422017,1176.64,2.630000000000109,60.35829265,0.0,1.0,0.0,1032.775029965123,1032.775029965123,0.0,0.0
1668053872.439533,1176.64,0.0,60.35829265,0.0,1.0,0.0,1032.775029965123,1032.775029965123,0.0,0.0
1668053882.3445644,1176.64,0.0,60.35829265,0.0,1.0,0.0,1032.775029965123,1032.775029965123,0.0,0.0
1668053892.4972343,1178.25,1.6099999999999,62.53510093,0.0,1.0,0.0,1032.775029965123,1032.775029965123,0.0,0.0
1668053903.1558044,1178.25,0.0,62.53510093,0.0,1.0,0.0,1032.775029965123,1032.775029965123,0.0,0.0
1668053913.2796214,1178.25,0.0,62.53510093,0.0,1.0,0.0,1032.775029965123,1032.775029965123,0.0,0.0
1668053923.1574545,1178.94,0.6900000000000546,63.46114293,0.0,1.0,0.0,1032.775029965123,1032.775029965123,0.0,0.0
1668053933.3173752,1178.94,0.0,63.46114293,0.0,1.0,0.0,1032.775029965123,1032.775029965123,0.0,0.0
1668053943.1623757,1178.94,0.0,63.46114293,0.0,1.0,0.0,1032.775029965123,1032.775029965123,0.0,0.0
1668053953.228551,1180.52,1.5799999999999272,65.40629595,0.0,1.0,0.0,1032.775029965123,1032.775029965123,0.0,0.0
1668053963.2465906,1180.52,0.0,65.40629595,0.0,1.0,0.0,1032.775029965123,1032.775029965123,0.0,0.0
1668053973.5655355,1180.52,0.0,65.40629595,0.0,1.0,0.0,1032.775029965123,1032.775029965123,0.0,0.0
1668053983.240805,1179.89,-0.6299999999998818,63.93663931,0.0,1.0,0.0,1032.775029965123,1032.775029965123,0.0,0.0
1668053993.2998047,1179.89,0.0,63.93663931,0.0,1.0,0.0,1032.775029965123,1032.775029965123,0.0,0.0
1668054003.2518556,1179.89,0.0,63.93663931,0.0,1.0,0.0,1032.775029965123,1032.775029965123,0.0,0.0
1668054013.7593262,1178.73,-1.1600000000000819,61.38971632,0.0,1.0,0.0,1032.775029965123,1032.775029965123,0.0,0.0
1668054023.2836108,1178.73,0.0,61.38971632,0.0,1.0,0.0,1032.775029965123,1032.775029965123,0.0,0.0
1668054033.2321532,1178.73,0.0,61.38971632,0.0,1.0,0.0,1032.775029965123,1032.775029965123,0.0,0.0
1668054043.2405767,1178.85,0.11999999999989086,61.55973361,0.0,1.0,0.0,1032.775029965123,1032.775029965123,0.0,0.0
1668054053.2045307,1178.85,0.0,61.55973361,0.0,1.0,0.0,1032.775029965123,1032.775029965123,0.0,0.0
1668054063.3298726,1178.85,0.0,61.55973361,0.0,1.0,0.0,1032.775029965123,1032.775029965123,0.0,0.0
1668054073.3165777,1179.37,0.5199999999999818,62.27949687,0.0,1.0,0.0,1032.775029965123,1032.775029965123,0.0,0.0
1668054084.206607,1179.37,0.0,62.27949687,0.0,1.0,0.0,1032.775029965123,1032.775029965123,0.0,0.0
1668054094.2901776,1179.37,0.0,62.27949687,0.0,1.0,0.0,1032.775029965123,1032.775029965123,0.0,0.0
1668054104.250986,1181.15,1.7800000000002,64.71503179,0.0,1.0,0.0,1032.775029965123,1032.775029965123,0.0,0.0
1668054114.302784,1181.15,0.0,64.71503179,0.0,1.0,0.0,1032.775029965123,1032.775029965123,0.0,0.0
1668054124.37103,1181.15,0.0,64.71503179,0.0,1.0,0.0,1032.775029965123,1032.775029965123,0.0,0.0
1668054134.303505,1181.7,0.5499999999999545,65.39248655,0.0,1.0,0.0,1032.775029965123,1032.775029965123,0.0,0.0
1668054144.1861303,1181.7,0.0,65.39248655,0.0,1.0,0.0,1032.775029965123,1032.775029965123,0.0,0.0
1668159176.038014,1276.7,95.0,50.67105343,0.0,1.0,0.0,1032.775029965123,1032.775029965123,0.0,0.0
1668159176.5036795,1276.7,0.0,50.67105343,0.0,1.0,0.0,1032.775029965123,1032.775029965123,0.0,0.0
1668159177.2541056,1276.7,0.0,50.67105343,0.0,1.0,0.0,1032.775029965123,1032.775029965123,0.0,0.0
1668159177.65354,1276.7,0.0,50.67105343,0.0,1.0,0.0,1032.775029965123,1032.775029965123,0.0,0.0
1668159177.786462,1276.7,0.0,50.67105343,0.0,1.0,0.0,1032.775029965123,1032.775029965123,0.0,0.0
1668159178.9616113,1276.7,0.0,50.67105343,0.0,1.0,0.0,1032.775029965123,1032.775029965123,0.0,0.0
1668159180.2948062,1326.45,49.75,49.74382984,0.0,1.0,0.0,1032.775029965123,1032.775029965123,0.0,0.0
1668159180.9537868,1276.7,-49.75,50.67105343,0.0,1.0,0.0,1032.775029965123,1032.775029965123,0.0,0.0
1668159181.5782323,1276.7,0.0,50.67105343,0.0,1.0,0.0,1032.775029965123,1032.775029965123,0.0,0.0
1668159181.8870914,1276.7,0.0,50.67105343,0.0,1.0,0.0,1032.775029965123,1032.775029965123,0.0,0.0
1668159182.2280102,1276.7,0.0,50.67105343,0.0,1.0,0.0,1032.775029965123,1032.775029965123,0.0,0.0
1668159182.9287822,1276.7,0.0,50.67105343,0.0,1.0,0.0,1032.775029965123,1032.775029965123,0.0,0.0
1668159183.257053,1276.7,0.0,50.67105343,0.0,1.0,0.0,1032.775029965123,1032.775029965123,0.0,0.0
1668159183.4701447,1276.7,0.0,50.67105343,0.0,1.0,0.0,1032.775029965123,1032.775029965123,0.0,0.0
1668159183.6760187,1276.7,0.0,50.67105343,0.0,1.0,0.0,1032.775029965123,1032.775029965123,0.0,0.0
1668159184.9590924,1276.7,0.0,50.67105343,0.0,1.0,0.0,1032.775029965123,1032.775029965123,0.0,0.0
1668159190.3071249,1276.7,0.0,50.67105343,0.0,1.0,0.0,1032.775029965123,1032.775029965123,0.0,0.0
1668159191.1039195,1276.7,0.0,50.67105343,0.0,1.0,0.0,1032.775029965123,1032.775029965123,0.0,0.0
1668159192.3869572,1277.01,0.30999999999994543,51.40634657,0.0,1.0,0.0,1032.775029965123,1032.775029965123,0.0,0.0
1668159192.7063725,1277.01,0.0,51.40634657,0.0,1.0,0.0,1032.775029965123,1032.775029965123,0.0,0.0
1668159192.8778057,1277.01,0.0,51.40634657,0.0,1.0,0.0,1032.775029965123,1032.775029965123,0.0,0.0
1668159193.1191645,1277.01,0.0,51.40634657,0.0,1.0,0.0,1032.775029965123,1032.775029965123,0.0,0.0
1668159194.3428812,1277.01,0.0,51.40634657,0.0,1.0,0.0,1032.775029965123,1032.775029965123,0.0,0.0
1668159194.75735,1277.01,0.0,51.40634657,0.0,1.0,0.0,1032.775029965123,1032.775029965123,0.0,0.0
1668159195.8199632,1277.01,0.0,51.40634657,0.0,1.0,0.0,1032.775029965123,1032.775029965123,0.0,0.0
1668159195.952417,1277.01,0.0,51.40634657,0.0,1.0,0.0,1032.775029965123,1032.775029965123,0.0,0.0
1668159196.2402544,1277.01,0.0,51.40634657,0.0,1.0,0.0,1032.775029965123,1032.775029965123,0.0,0.0
1668159197.3924468,1277.01,0.0,51.40634657,0.0,1.0,0.0,1032.775029965123,1032.775029965123,0.0,0.0
1668159197.5047555,1277.01,0.0,51.40634657,0.0,1.0,0.0,1032.775029965123,1032.775029965123,0.0,0.0
1668159197.7781646,1277.01,0.0,51.40634657,0.0,1.0,0.0,1032.775029965123,1032.775029965123,0.0,0.0
1668159198.6191957,1277.01,0.0,51.40634657,0.0,1.0,0.0,1032.775029965123,1032.775029965123,0.0,0.0
1668159215.5209055,1277.01,0.0,51.40634657,0.0,1.0,0.0,1032.775029965123,1032.775029965123,0.0,0.0
1668159275.529236,1278.6,1.5899999999999181,55.38701296,0.0,1.0,0.0,1032.775029965123,1032.775029965123,0.0,0.0
1668159335.5666482,1281.86,3.259999999999991,62.17327717,0.0,1.0,0.0,1032.775029965123,1032.775029965123,0.0,0.0
1668159395.6073256,1287.68,5.820000000000164,70.75566891,0.0,1.0,0.0,1032.775029965123,1032.775029965123,0.0,0.0
1668159455.5055172,1286.22,-1.4600000000000364,66.67344302,0.0,1.0,0.0,1032.775029965123,1032.775029965123,0.0,0.0
1668159515.559182,1284.99,-1.2300000000000182,63.35703776,0.0,1.0,0.0,1032.775029965123,1032.775029965123,0.0,0.0
1668159575.5727737,1283.08,-1.9100000000000819,58.49160796,0.0,1.0,0.0,1032.775029965123,1032.775029965123,0.0,0.0
1668159635.624215,1283.05,-0.029999999999972715,58.41572771,0.0,1.0,0.0,1032.775029965123,1032.775029965123,0.0,0.0
1668159695.5192914,1279.38,-3.6699999999998454,49.89083706,0.0,1.0,0.0,1032.775029965123,1032.775029965123,0.0,0.0
1668159755.6137664,1276.54,-2.8400000000001455,44.48584639,0.0,1.0,0.0,1032.775029965123,1032.775029965123,0.0,0.0
1668159815.5803218,1279.4,2.8600000000001273,50.3253545,0.0,1.0,0.0,1032.775029965123,1032.775029965123,0.0,0.0
1668159875.5371864,1276.5,-2.900000000000091,45.14304614,0.0,1.0,0.0,1032.775029965123,1032.775029965123,0.0,0.0
1668159935.6078272,1277.0,0.5,46.17250964,0.0,1.0,0.0,1032.775029965123,1032.775029965123,0.0,0.0
1668159995.5054991,1274.51,-2.490000000000009,41.95040098,0.0,1.0,0.0,1032.775029965123,1032.775029965123,0.0,0.0
1668160055.5728185,1274.86,0.34999999999990905,42.74732949,0.0,1.0,0.0,1032.775029965123,1032.775029965123,0.0,0.0
1668160115.7411938,1276.61,1.75,46.66252761,0.0,1.0,0.0,1032.775029965123,1032.775029965123,0.0,0.0
1668160175.6855702,1280.09,3.480000000000018,53.48044081,0.0,1.0,0.0,1032.775029965123,1032.775029965123,0.0,0.0
1668160235.4700992,1279.19,-0.8999999999998636,51.64237789,0.0,1.0,0.0,1032.775029965123,1032.775029965123,0.0,0.0
1668160295.6125135,1277.95,-1.240000000000009,49.13984927,0.0,1.0,0.0,1032.775029965123,1032.775029965123,0.0,0.0
1668160355.5454764,1278.63,0.6800000000000637,50.55568684,0.0,1.0,0.0,1032.775029965123,1032.775029965123,0.0,0.0
1668160415.6036072,1279.48,0.849999999999909,52.34163807,0.0,1.0,0.0,1032.775029965123,1032.775029965123,0.0,0.0
1668160475.6028242,1278.01,-1.4700000000000273,49.04082231,0.0,1.0,0.0,1032.775029965123,1032.775029965123,0.0,0.0
1668160535.6193073,1275.23,-2.7799999999999727,43.4617029,0.0,1.0,0.0,1032.775029965123,1032.775029965123,0.0,0.0
1668160595.7510226,1278.21,2.980000000000018,50.02493058,0.0,1.0,0.0,1032.775029965123,1032.775029965123,0.0,0.0
1668160655.6592157,1282.4,4.190000000000055,57.49606174,0.0,1.0,0.0,1032.775029965123,1032.775029965123,0.0,0.0
1668160715.6422713,1278.91,-3.490000000000009,50.69752015,0.0,1.0,0.0,1032.775029965123,1032.775029965123,0.0,0.0
1668160775.6472292,1279.21,0.2999999999999545,51.22903577,0.0,1.0,0.0,1032.775029965123,1032.775029965123,0.0,0.0
1668160835.5534651,1279.39,0.18000000000006366,51.56609767,0.0,1.0,0.0,1032.775029965123,1032.775029965123,0.0,0.0
1668160895.6420474,1278.67,-0.7200000000000273,50.06878019,0.0,1.0,0.0,1032.775029965123,1032.775029965123,0.0,0.0
1668160955.572338,1281.77,3.099999999999909,55.98741835,0.0,1.0,0.0,1032.775029965123,1032.775029965123,0.0,0.0
1668161015.7058315,1282.85,1.0799999999999272,57.86811407,0.0,1.0,0.0,1032.775029965123,1032.775029965123,0.0,0.0
1668161075.624246,1283.61,0.7599999999999909,59.18904027,0.0,1.0,0.0,1032.775029965123,1032.775029965123,0.0,0.0
1668161135.7155702,1283.35,-0.2599999999999909,58.52749365,0.0,1.0,0.0,1032.775029965123,1032.775029965123,0.0,0.0
1668161195.6353278,1281.35,-2.0,53.47085361,0.0,1.0,0.0,1032.775029965123,1032.775029965123,0.0,0.0
1668161255.700205,1279.04,-2.3099999999999454,48.28218758,0.0,1.0,0.0,1032.775029965123,1032.775029965123,0.0,0.0
1668161315.5632775,1277.74,-1.2999999999999545,45.60594875,0.0,1.0,0.0,1032.775029965123,1032.775029965123,0.0,0.0
1668161375.851747,1274.69,-3.0499999999999545,39.98962639,0.0,1.0,0.0,1032.775029965123,1032.775029965123,0.0,0.0
1668161435.6405325,1275.45,0.7599999999999909,41.91360864,0.0,1.0,0.0,1032.775029965123,1032.775029965123,0.0,0.0
1668161495.5656424,1275.9,0.4500000000000455,43.06694347,0.0,1.0,0.0,1032.775029965123,1032.775029965123,0.0,0.0
1668161555.596542,1274.97,-0.9300000000000637,41.23344244,0.0,1.0,0.0,1032.775029965123,1032.775029965123,0.0,0.0
1668161615.6204298,1273.45,-1.5199999999999818,38.35767086,0.0,1.0,0.0,1032.775029965123,1032.775029965123,0.0,0.0
1668161675.7075396,1272.1,-1.3500000000001364,35.97531909,0.0,1.0,0.0,1032.775029965123,1032.775029965123,0.0,0.0
1668161735.5464904,1272.99,0.8900000000001,38.70273565,0.0,1.0,0.0,1032.775029965123,1032.775029965123,0.0,0.0
1668161795.68681,1271.04,-1.9500000000000455,35.1981518,0.0,1.0,0.0,1032.775029965123,1032.775029965123,0.0,0.0
1668161855.627637,1270.82,-0.22000000000002728,34.79865105,0.0,1.0,0.0,1032.775029965123,1032.775029965123,0.0,0.0
1668161915.6558623,1271.36,0.5399999999999636,36.64231646,0.0,1.0,0.0,1032.775029965123,1032.775029965123,0.0,0.0
1668161975.668156,1266.17,-5.189999999999827,28.39637629,1.0,0.0,0.8156685357930791,0.0,1032.775029965123,0.0,0.0
1668162035.6731503,1267.8,1.6299999999998818,33.47413014,1.0,0.0,0.8156685357930791,0.0,1034.1045696784656,1.3295397133426832,0.0
1668162096.6050498,1268.92,1.1200000000001182,36.7682346,1.0,0.0,0.8156685357930791,0.0,1035.018118438554,0.9135487600883607,0.0
1668162156.6109262,1269.96,1.0399999999999636,39.76417033,1.0,0.0,0.8156685357930791,0.0,1035.866413715779,0.848295277224679,0.0
1668162216.5653064,1269.56,-0.40000000000009095,39.01165267,1.0,0.0,0.8156685357930791,0.0,1035.5401463014614,-0.32626741431749906,0.0
1668162277.5183966,1270.3,0.7400000000000091,41.26180175,1.0,0.0,0.8156685357930791,0.0,1036.1437410179483,0.6035947164868958,0.0
1668162337.945124,1267.88,-2.4199999999998454,36.51557071,1.0,0.0,0.8156685357930791,0.0,1034.169823161329,-1.9739178566192095,0.0
1668162397.5388272,1270.37,2.4899999999997817,43.68890682,1.0,0.0,0.8156685357930791,0.0,1036.2008378154535,2.0310146541246468,0.0
1668162458.3962183,1270.08,-0.2899999999999636,43.07668724,1.0,0.0,0.8156685357930791,0.0,1035.9642939400735,-0.23654387537976618,0.0
1668162518.4261832,1269.05,-1.0299999999999727,40.90196917,1.0,0.0,0.8156685357930791,0.0,1035.124155348207,-0.8401385918664346,0.0
1668162578.3628132,1270.61,1.5599999999999454,45.41801919,1.0,0.0,0.8156685357930791,0.0,1036.396598264044,1.2724429158370185,0.0
1668162639.2129366,1271.18,0.5700000000001637,47.00575829,1.0,0.0,0.8156685357930791,0.0,1036.8615293294465,0.4649310654021974,0.0
1668162699.265528,1273.3,2.119999999999891,52.55057955,1.0,0.0,0.8156685357930791,0.0,1038.5907466253277,1.7292172958809715,0.0
1668162759.343321,1273.32,0.01999999999998181,52.60096524,1.0,0.0,0.8156685357930791,0.0,1038.6070599960433,0.016313370715579367,0.0
1668162820.2642255,1272.68,-0.6399999999998727,50.74403358,1.0,0.0,0.8156685357930791,0.0,1038.085032133136,-0.5220278629074073,0.0
1668162880.4808657,1271.29,-1.3900000000001,47.24147408,1.0,0.0,0.8156685357930791,0.0,1036.9512528683836,-1.1337792647525475,0.0
1668162940.261078,1271.83,0.5399999999999636,48.75587219,1.0,0.0,0.8156685357930791,0.0,1037.3917138777117,0.44046100932814625,0.0
1668163001.2258787,1268.78,-3.0499999999999545,41.96874875,1.0,0.0,0.8156685357930791,0.0,1034.9039248435429,-2.487789034168827,0.0
1668163061.438151,1269.32,0.5399999999999636,43.50097215,1.0,0.0,0.8156685357930791,0.0,1035.344385852871,0.44046100932814625,0.0
1668163121.1446917,1270.46,1.1400000000001,46.69819272,1.0,0.0,0.8156685357930791,0.0,1036.2742479836752,0.9298621308041675,0.0
1668163182.1699493,1271.23,0.7699999999999818,48.90294756,1.0,0.0,0.8156685357930791,0.0,1036.902312756236,0.6280647725607196,0.0
1668163242.0935383,1270.71,-0.5199999999999818,47.90007831,1.0,0.0,0.8156685357930791,0.0,1036.4781651176236,-0.4241476386123395,0.0
1668163302.1270108,1273.39,2.6800000000000637,54.53394097,1.0,0.0,0.8156685357930791,0.0,1038.664156793549,2.1859916759253792,0.0
1668163363.2328897,1275.78,2.3899999999998727,59.57702884,1.0,0.0,0.8156685357930791,0.0,1040.6136045940943,1.9494478005453857,0.0
1668163423.3478098,1276.11,0.32999999999992724,59.24429244,1.0,0.0,0.8156685357930791,0.0,1040.882775210906,0.26917061681160703,0.0
1668163483.335111,1275.87,-0.2400000000000091,58.39775761,1.0,0.0,0.8156685357930791,0.0,1040.6870147623158,-0.19576044859013564,0.0
1668163544.199119,1279.49,3.6200000000001182,65.10081833,1.0,0.0,0.8156685357930791,0.0,1043.6397348618868,2.9527200995710245,0.0
1668163604.3138604,1279.99,0.5,66.13758099,0.0,1.0,0.0,1044.0475691297834,1044.0475691297834,0.40783426789653277,0.0
1668163664.265266,1278.0,-1.990000000000009,62.6328479,0.0,1.0,0.0,1044.0475691297834,1044.0475691297834,0.0,0.0
1668163725.0950663,1274.8,-3.2000000000000455,53.06264117,0.0,1.0,0.0,1044.0475691297834,1044.0475691297834,0.0,0.0
1668163785.0843048,1275.36,0.5599999999999454,54.24233038,0.0,1.0,0.0,1044.0475691297834,1044.0475691297834,0.0,0.0
1668163845.1697657,1274.64,-0.7199999999997999,52.30453447,0.0,1.0,0.0,1044.0475691297834,1044.0475691297834,0.0,0.0
1668163906.4480724,1275.29,0.6499999999998636,53.66778572,0.0,1.0,0.0,1044.0475691297834,1044.0475691297834,0.0,0.0
1668163966.468381,1274.77,-0.5199999999999818,52.35250983,0.0,1.0,0.0,1044.0475691297834,1044.0475691297834,0.0,0.0
1668164026.663429,1274.31,-0.4600000000000364,51.26289391,0.0,1.0,0.0,1044.0475691297834,1044.0475691297834,0.0,0.0
1668164087.3583698,1275.09,0.7799999999999727,53.2359139,0.0,1.0,0.0,1044.0475691297834,1044.0475691297834,0.0,0.0
1668164147.3396542,1278.11,3.019999999999982,59.46353875,0.0,1.0,0.0,1044.0475691297834,1044.0475691297834,0.0,0.0
1668164207.356629,1277.15,-0.959999999999809,57.01922547,0.0,1.0,0.0,1044.0475691297834,1044.0475691297834,0.0,0.0
1668164268.1875958,1278.03,0.8799999999998818,59.3578575,0.0,1.0,0.0,1044.0475691297834,1044.0475691297834,0.0,0.0
1668164328.1458333,1276.46,-1.5699999999999363,54.79256401,0.0,1.0,0.0,1044.0475691297834,1044.0475691297834,0.0,0.0
1668164388.1447248,1277.37,0.9099999999998545,57.19306382,0.0,1.0,0.0,1044.0475691297834,1044.0475691297834,0.0,0.0
1668164448.924417,1277.5,0.13000000000010914,57.19933375,0.0,1.0,0.0,1044.0475691297834,1044.0475691297834,0.0,0.0
1668164508.9725049,1275.38,-2.119999999999891,50.68325682,0.0,1.0,0.0,1044.0475691297834,1044.0475691297834,0.0,0.0
1668164568.9263608,1273.67,-1.7100000000000364,46.51348133,0.0,1.0,0.0,1044.0475691297834,1044.0475691297834,0.0,0.0
1668164630.1927245,1273.82,0.14999999999986358,46.94261266,0.0,1.0,0.0,1044.0475691297834,1044.0475691297834,0.0,0.0
1668164690.3968077,1274.1,0.2799999999999727,47.77980434,0.0,1.0,0.0,1044.0475691297834,1044.0475691297834,0.0,0.0
1668164750.7051537,1275.34,1.240000000000009,51.4235977,0.0,1.0,0.0,1044.0475691297834,1044.0475691297834,0.0,0.0
1668164811.0875423,1272.94,-2.3999999999998636,44.58140941,0.0,1.0,0.0,1044.0475691297834,1044.0475691297834,0.0,0.0
1668164870.9975896,1279.99,7.0499999999999545,62.94732619,0.0,1.0,0.0,1044.0475691297834,1044.0475691297834,0.0,0.0
1668164931.04957,1282.32,2.3299999999999272,65.45710471,0.0,1.0,0.0,1044.0475691297834,1044.0475691297834,0.0,0.0
1668164991.972452,1282.79,0.4700000000000273,66.37960976,0.0,1.0,0.0,1044.0475691297834,1044.0475691297834,0.0,0.0
1668165052.0054734,1283.81,1.0199999999999818,68.0723636,0.0,1.0,0.0,1044.0475691297834,1044.0475691297834,0.0,0.0
1668165111.963369,1288.67,4.860000000000127,74.42989736,0.0,1.0,0.0,1044.0475691297834,1044.0475691297834,0.0,0.0
1668165173.0467443,1287.67,-1.0,73.31478321,0.0,1.0,0.0,1044.0475691297834,1044.0475691297834,0.0,0.0
1668165233.1045115,1286.66,-1.009999999999991,68.29402982,0.0,1.0,0.0,1044.0475691297834,1044.0475691297834,0.0,0.0
1668165293.0374534,1287.69,1.0299999999999727,69.75280986,0.0,1.0,0.0,1044.0475691297834,1044.0475691297834,0.0,0.0
1668165354.324905,1289.48,1.7899999999999636,72.24862968,0.0,1.0,0.0,1044.0475691297834,1044.0475691297834,0.0,0.0
1668165413.964236,1285.58,-3.900000000000091,63.5666021,0.0,1.0,0.0,1044.0475691297834,1044.0475691297834,0.0,0.0
1668165473.9999015,1284.45,-1.1299999999998818,60.13894076,0.0,1.0,0.0,1044.0475691297834,1044.0475691297834,0.0,0.0
1668165534.8783286,1285.68,1.2300000000000182,62.24389333,0.0,1.0,0.0,1044.0475691297834,1044.0475691297834,0.0,0.0
1668165594.8810253,1286.14,0.4600000000000364,62.99300136,0.0,1.0,0.0,1044.0475691297834,1044.0475691297834,0.0,0.0
1668165654.865132,1284.55,-1.5900000000001455,58.00560126,0.0,1.0,0.0,1044.0475691297834,1044.0475691297834,0.0,0.0
1668165716.0816014,1285.63,1.0800000000001546,60.71496912,0.0,1.0,0.0,1044.0475691297834,1044.0475691297834,0.0,0.0
1668165776.12001,1283.99,-1.6400000000001,56.09525848,0.0,1.0,0.0,1044.0475691297834,1044.0475691297834,0.0,0.0
1668165836.1266367,1283.85,-0.14000000000010004,55.64017,0.0,1.0,0.0,1044.0475691297834,1044.0475691297834,0.0,0.0
1668165897.4839158,1284.14,0.290000000000191,56.35088206,0.0,1.0,0.0,1044.0475691297834,1044.0475691297834,0.0,0.0
1668165957.1687596,1284.73,0.5899999999999181,56.5484905,0.0,1.0,0.0,1044.0475691297834,1044.0475691297834,0.0,0.0
1668166017.0467088,1283.13,-1.599999999999909,51.87055529,0.0,1.0,0.0,1044.0475691297834,1044.0475691297834,0.0,0.0
1668166077.911633,1282.41,-0.7200000000000273,49.76391576,0.0,1.0,0.0,1044.0475691297834,1044.0475691297834,0.0,0.0
1668166137.9158242,1280.84,-1.5700000000001637,46.11283491,0.0,1.0,0.0,1044.0475691297834,1044.0475691297834,0.0,0.0
1668166197.9225106,1280.91,0.07000000000016371,46.42748006,0.0,1.0,0.0,1044.0475691297834,1044.0475691297834,0.0,0.0
1668166258.768775,1281.26,0.34999999999990905,47.48411934,0.0,1.0,0.0,1044.0475691297834,1044.0475691297834,0.0,0.0
1668166318.7821229,1282.97,1.7100000000000364,52.30041126,0.0,1.0,0.0,1044.0475691297834,1044.0475691297834,0.0,0.0
1668166378.857866,1282.9,-0.06999999999993634,52.18847948,0.0,1.0,0.0,1044.0475691297834,1044.0475691297834,0.0,0.0
1668166440.0957024,1284.55,1.6499999999998636,56.70340055,0.0,1.0,0.0,1044.0475691297834,1044.0475691297834,0.0,0.0
1668166500.5845616,1284.54,-0.009999999999990905,56.6893029,0.0,1.0,0.0,1044.0475691297834,1044.0475691297834,0.0,0.0
1668166560.0466676,1287.33,2.7899999999999636,63.61376429,0.0,1.0,0.0,1044.0475691297834,1044.0475691297834,0.0,0.0
1668166620.990091,1291.67,4.3400000000001455,71.21339643,0.0,1.0,0.0,1044.0475691297834,1044.0475691297834,0.0,0.0
1668166680.9438462,1288.04,-3.630000000000109,61.88853234,0.0,1.0,0.0,1044.0475691297834,1044.0475691297834,0.0,0.0
1668166741.0853162,1283.44,-4.599999999999909,49.06193481,0.0,1.0,0.0,1044.0475691297834,1044.0475691297834,0.0,0.0
1668166801.9012125,1276.82,-6.620000000000118,37.30112515,0.0,1.0,0.0,1044.0475691297834,1044.0475691297834,0.0,0.0
1668166861.8755224,1275.52,-1.2999999999999545,35.33065696,0.0,1.0,0.0,1044.0475691297834,1044.0475691297834,0.0,0.0
1668166921.892358,1276.4,0.8800000000001091,36.50120538,0.0,1.0,0.0,1044.0475691297834,1044.0475691297834,0.0,0.0
1668166983.004946,1277.71,1.3099999999999454,40.16598395,0.0,1.0,0.0,1044.0475691297834,1044.0475691297834,0.0,0.0
1668167042.9588244,1274.72,-2.990000000000009,35.57792881,0.0,1.0,0.0,1044.0475691297834,1044.0475691297834,0.0,0.0
1668167103.0806708,1275.2,0.4800000000000182,36.76402767,0.0,1.0,0.0,1044.0475691297834,1044.0475691297834,0.0,0.0
1668167163.9223485,1276.91,1.7100000000000364,41.2367027,0.0,1.0,0.0,1044.0475691297834,1044.0475691297834,0.0,0.0
1668167223.9243698,1273.18,-3.730000000000018,34.84513375,0.0,1.0,0.0,1044.0475691297834,1044.0475691297834,0.0,0.0
1668167283.883212,1273.44,0.2599999999999909,35.19714874,0.0,1.0,0.0,1044.0475691297834,1044.0475691297834,0.0,0.0
1668167344.963477,1271.43,-2.009999999999991,32.29126311,1.0,0.0,0.8211600867761366,0.0,1044.0475691297834,0.0,0.0
1668167404.9248426,1270.84,-0.5900000000001455,32.64747587,1.0,0.0,0.8211600867761366,0.0,1043.5630846785857,-0.4844844511978863,0.0
1668167465.0072858,1271.74,0.900000000000091,35.44140345,1.0,0.0,0.8211600867761366,0.0,1044.302128756684,0.7390440780982317,0.0
1668167526.3844848,1271.93,0.19000000000005457,36.05953488,1.0,0.0,0.8211600867761366,0.0,1044.4581491731717,0.15602041648753584,0.0
1668167586.119998,1272.93,1.0,39.01188523,1.0,0.0,0.8211600867761366,0.0,1045.2793092599477,0.8211600867759898,0.0
1668167646.1547017,1273.28,0.34999999999990905,40.17469135,1.0,0.0,0.8211600867761366,0.0,1045.5667152903193,0.2874060303715851,0.0
1668167707.193972,1274.36,1.0799999999999272,43.45990304,1.0,0.0,0.8211600867761366,0.0,1046.4535681840373,0.8868528937180145,0.0
1668167767.149794,1273.59,-0.7699999999999818,41.49311209,1.0,0.0,0.8211600867761366,0.0,1045.82127491722,-0.6322932668174417,0.0
1668167827.200703,1274.01,0.42000000000007276,43.18300355,1.0,0.0,0.8211600867761366,0.0,1046.1661621536657,0.34488723644562924,0.0
1668167888.0975037,1275.29,1.2799999999999727,46.93550833,1.0,0.0,0.8211600867761366,0.0,1047.2172470647392,1.0510849110735307,0.0
1668167948.0943332,1276.05,0.7599999999999909,49.21971891,1.0,0.0,0.8211600867761366,0.0,1047.8413287306892,0.624081665949916,0.0
1668168008.1336749,1275.37,-0.6800000000000637,47.22807551,1.0,0.0,0.8211600867761366,0.0,1047.2829398716813,-0.5583888590078914,0.0
1668168068.981662,1274.72,-0.6499999999998636,45.40703307,1.0,0.0,0.8211600867761366,0.0,1046.7491858152769,-0.5337540564044048,0.0
1668168129.0164204,1274.67,-0.049999999999954525,45.37530016,1.0,0.0,0.8211600867761366,0.0,1046.708127810938,-0.041058004338765386,0.0
1668168188.9491663,1276.03,1.3599999999999,50.18536957,1.0,0.0,0.8211600867761366,0.0,1047.8249055289536,1.1167777180155554,0.0
1668168250.5973947,1277.0,0.9700000000000273,53.10907977,1.0,0.0,0.8211600867761366,0.0,1048.6214308131264,0.7965252841727306,0.0
1668168310.320354,1279.29,2.2899999999999636,59.19655537,1.0,0.0,0.8211600867761366,0.0,1050.501887411844,1.880456598717501,0.0
1668168370.1675334,1277.93,-1.3599999999999,55.0989461,1.0,0.0,0.8211600867761366,0.0,1049.3851096938283,-1.1167777180157827,0.0
1668168431.3359842,1277.63,-0.2999999999999545,53.83723939,1.0,0.0,0.8211600867761366,0.0,1049.1387616677955,-0.2463480260328197,0.0
1668168491.0776658,1278.48,0.849999999999909,56.38073637,1.0,0.0,0.8211600867761366,0.0,1049.8367477415552,0.6979860737596937,0.0
1668168551.106228,1273.38,-5.099999999999909,41.11816229,1.0,0.0,0.8211600867761366,0.0,1045.648831298997,-4.187916442558162,0.0
1668168612.0551655,1274.24,0.8599999999999,44.10936002,1.0,0.0,0.8211600867761366,0.0,1046.3550289736245,0.7061976746272194,0.0
1668168672.0413337,1275.94,1.7000000000000455,49.56201357,1.0,0.0,0.8211600867761366,0.0,1047.751001121144,1.3959721475193874,0.0
1668168732.2119906,1274.13,-1.8099999999999454,44.5796381,1.0,0.0,0.8211600867761366,0.0,1046.264701364079,-1.486299757065126,0.0
1668168793.49464,1272.55,-1.5800000000001546,40.72873158,1.0,0.0,0.8211600867761366,0.0,1044.9672684269726,-1.2974329371063504,0.0
1668168853.2608142,1272.11,-0.44000000000005457,39.70072992,1.0,0.0,0.8211600867761366,0.0,1044.605957988791,-0.36131043818159014,0.0
1668168913.2121055,1271.59,-0.5199999999999818,38.46508144,1.0,0.0,0.8211600867761366,0.0,1044.1789547436674,-0.42700324512361476,0.0
1668168974.14403,1272.47,0.8800000000001091,41.76817489,1.0,0.0,0.8211600867761366,0.0,1044.9015756200306,0.7226208763631803,0.0
1668169034.1512067,1270.7,-1.7699999999999818,37.43518644,1.0,0.0,0.8211600867761366,0.0,1043.448122266437,-1.453453353593659,0.0
1668169094.200307,1270.52,-0.18000000000006366,36.99719722,1.0,0.0,0.8211600867761366,0.0,1043.3003134508172,-0.14780881561978276,0.0
1668169155.1341417,1271.27,0.75,40.34873322,1.0,0.0,0.8211600867761366,0.0,1043.916183515899,0.6158700650819355,0.0
1668169215.0930252,1272.81,1.5399999999999636,45.95313448,1.0,0.0,0.8211600867761366,0.0,1045.1807700495344,1.2645865336353381,0.0
1668169275.119944,1272.99,0.18000000000006366,46.58483408,1.0,0.0,0.8211600867761366,0.0,1045.3285788651542,0.14780881561978276,0.0
1668169336.3158388,1272.27,-0.7200000000000273,44.36215304,1.0,0.0,0.8211600867761366,0.0,1044.7373436026753,-0.5912352624789037,0.0
1668169396.5856516,1271.23,-1.0399999999999636,41.27614143,1.0,0.0,0.8211600867761366,0.0,1043.883337112428,-0.8540064902472295,0.0
1668169456.532636,1268.35,-2.880000000000109,34.22047518,1.0,0.0,0.8211600867761366,0.0,1041.5183960625127,-2.3649410499153873,0.0
1668169517.2107556,1271.89,3.540000000000191,46.37652681,1.0,0.0,0.8211600867761366,0.0,1044.4253027697005,2.9069067071877726,0.0
1668169577.2338543,1271.05,-0.8400000000001455,44.2852036,1.0,0.0,0.8211600867761366,0.0,1043.7355282968083,-0.689774472892168,0.0
1668169637.302926,1271.55,0.5,45.85282707,1.0,0.0,0.8211600867761366,0.0,1044.1461083401964,0.4105800433881086,0.0
1668169698.136314,1270.04,-1.509999999999991,42.00341696,1.0,0.0,0.8211600867761366,0.0,1042.9061566091646,-1.2399517310318515,0.0
1668169758.154065,1272.43,2.3900000000001,49.25207416,1.0,0.0,0.8211600867761366,0.0,1044.8687292165596,1.9625726073950318,0.0
1668169818.1653988,1271.04,-1.3900000000001,45.6793439,1.0,0.0,0.8211600867761366,0.0,1043.7273166959403,-1.141412520619042,0.0
1668169878.9315934,1273.57,2.5299999999999727,52.44809739,1.0,0.0,0.8211600867761366,0.0,1045.8048517154843,2.0775350195440296,0.0
1668169938.1141386,1275.21,1.6400000000001,56.25403233,1.0,0.0,0.8211600867761366,0.0,1047.1515542577972,1.346702542312869,0.0
1668169998.489052,1274.65,-0.5599999999999454,54.64820368,1.0,0.0,0.8211600867761366,0.0,1046.6917046092026,-0.45984964859462707,0.0
1668170058.1633408,1276.69,2.0399999999999636,59.20861893,1.0,0.0,0.8211600867761366,0.0,1048.3668711862258,1.6751665770232194,0.0
1668170118.230878,1275.41,-1.2799999999999727,55.43422309,1.0,0.0,0.8211600867761366,0.0,1047.3157862751525,-1.0510849110733034,0.0
1668170178.1948895,1276.28,0.8699999999998909,57.42747998,1.0,0.0,0.8211600867761366,0.0,1048.0301955506477,0.7144092754951998,0.0
1668170238.1847413,1276.14,-0.13999999999987267,56.98701088,1.0,0.0,0.8211600867761366,0.0,1047.9152331384992,-0.11496241214854308,0.0
1668170298.084628,1276.17,0.029999999999972715,57.05211789,1.0,0.0,0.8211600867761366,0.0,1047.9398679411024,0.02463480260325923,0.0
1668170358.1655245,1275.55,-0.6200000000001182,54.88828886,1.0,0.0,0.8211600867761366,0.0,1047.430748687301,-0.5091192538013729,0.0
1668170418.4676485,1275.73,0.18000000000006366,55.42633745,1.0,0.0,0.8211600867761366,0.0,1047.5785575029208,0.14780881561978276,0.0
1668170478.1635268,1276.88,1.150000000000091,58.74583957,1.0,0.0,0.8211600867761366,0.0,1048.5228916027131,0.9443340997925134,0.0
1668170538.242847,1277.6,0.7199999999997999,60.71674191,1.0,0.0,0.8211600867761366,0.0,1049.114126865192,0.5912352624789037,0.0
1668170598.2265894,1277.41,-0.1899999999998272,59.89042353,1.0,0.0,0.8211600867761366,0.0,1048.9581064487047,-0.15602041648730847,0.0
1668170658.594563,1278.25,0.8399999999999181,62.29724219,1.0,0.0,0.8211600867761366,0.0,1049.6478809215969,0.6897744728919406,0.0
1668170718.154328,1277.77,-0.4800000000000182,60.09221876,1.0,0.0,0.8211600867761366,0.0,1049.253724079944,-0.3941568416528298,0.0
1668170778.26271,1278.87,1.099999999999909,63.33749295,1.0,0.0,0.8211600867761366,0.0,1050.1570001753978,0.903276095453748,0.0
1668170838.4798176,1276.77,-2.099999999999909,54.30063034,1.0,0.0,0.8211600867761366,0.0,1048.4325639931678,-1.7244361822299652,0.0
1668170898.1687195,1276.58,-0.19000000000005457,53.55609604,1.0,0.0,0.8211600867761366,0.0,1048.2765435766803,-0.15602041648730847,0.0
1668170958.2285397,1276.97,0.39000000000010004,54.92498176,1.0,0.0,0.8211600867761366,0.0,1048.5967960105231,0.32025243384282476,0.0
1668171018.2694402,1279.99,3.019999999999982,63.80408822,1.0,0.0,0.8211600867761366,0.0,1051.076699472587,2.4799034620639304,0.0
1668171078.219098,1283.89,3.900000000000091,71.56090092,0.0,1.0,0.0,1054.2792238110142,1054.2792238110142,3.2025243384271107,0.0
1668171138.2516837,1283.6,-0.290000000000191,70.34766979,0.0,1.0,0.0,1054.2792238110142,1054.2792238110142,0.0,0.0
1668171198.1461957,1289.26,5.660000000000082,78.14971976,0.0,1.0,0.0,1054.2792238110142,1054.2792238110142,0.0,0.0
1668171258.293373,1288.74,-0.5199999999999818,76.19446183,0.0,1.0,0.0,1054.2792238110142,1054.2792238110142,0.0,0.0
1668171318.232248,1289.16,0.42000000000007276,76.46318473,0.0,1.0,0.0,1054.2792238110142,1054.2792238110142,0.0,0.0
1668171378.2830153,1287.39,-1.7699999999999818,69.70093809,0.0,1.0,0.0,1054.2792238110142,1054.2792238110142,0.0,0.0
1668171438.3004386,1290.31,2.9199999999998454,73.81699309,0.0,1.0,0.0,1054.2792238110142,1054.2792238110142,0.0,0.0
1668171498.408211,1289.94,-0.36999999999989086,72.49735818,0.0,1.0,0.0,1054.2792238110142,1054.2792238110142,0.0,0.0
1668171558.542595,1289.98,0.03999999999996362,72.56000173,0.0,1.0,0.0,1054.2792238110142,1054.2792238110142,0.0,0.0
1668171618.2548015,1290.9,0.9200000000000728,73.92596205,0.0,1.0,0.0,1054.2792238110142,1054.2792238110142,0.0,0.0
1668171678.2649114,1296.68,5.779999999999973,80.49525891,0.0,1.0,0.0,1054.2792238110142,1054.2792238110142,0.0,0.0
1668171738.25818,1303.0,6.319999999999936,84.93025196,0.0,1.0,0.0,1054.2792238110142,1054.2792238110142,0.0,0.0
1668171798.244902,1299.8,-3.2000000000000455,75.51404786,0.0,1.0,0.0,1054.2792238110142,1054.2792238110142,0.0,0.0
1668171858.2512355,1298.3,-1.5,71.5125962,0.0,1.0,0.0,1054.2792238110142,1054.2792238110142,0.0,0.0
1668171918.9481144,1301.91,3.6100000000001273,74.95255946,0.0,1.0,0.0,1054.2792238110142,1054.2792238110142,0.0,0.0
1668171978.4434023,1302.42,0.5099999999999909,75.4050905,0.0,1.0,0.0,1054.2792238110142,1054.2792238110142,0.0,0.0
1668172038.363889,1299.68,-2.740000000000009,68.29115241,0.0,1.0,0.0,1054.2792238110142,1054.2792238110142,0.0,0.0
1668172098.2328231,1296.72,-2.9600000000000364,61.51526857,0.0,1.0,0.0,1054.2792238110142,1054.2792238110142,0.0,0.0
1668172158.2262323,1290.88,-5.839999999999918,50.82077307,0.0,1.0,0.0,1054.2792238110142,1054.2792238110142,0.0,0.0
1668172218.3091686,1289.11,-1.7700000000002092,48.09283273,0.0,1.0,0.0,1054.2792238110142,1054.2792238110142,0.0,0.0
1668172278.2678638,1292.09,2.980000000000018,52.69836779,0.0,1.0,0.0,1054.2792238110142,1054.2792238110142,0.0,0.0
1668172338.273925,1294.41,2.3200000000001637,55.96861391,0.0,1.0,0.0,1054.2792238110142,1054.2792238110142,0.0,0.0
1668172398.5803516,1295.97,1.5599999999999454,58.07555242,0.0,1.0,0.0,1054.2792238110142,1054.2792238110142,0.0,0.0
1668172458.2227747,1295.44,-0.5299999999999727,57.08163811,0.0,1.0,0.0,1054.2792238110142,1054.2792238110142,0.0,0.0
1668172518.282831,1295.45,0.009999999999990905,57.10157071,0.0,1.0,0.0,1054.2792238110142,1054.2792238110142,0.0,0.0
1668172578.2528958,1293.45,-2.0,53.1063963,0.0,1.0,0.0,1054.2792238110142,1054.2792238110142,0.0,0.0
1668172638.3469372,1299.9,6.4500000000000455,62.26674368,0.0,1.0,0.0,1054.2792238110142,1054.2792238110142,0.0,0.0
1668172698.3342533,1300.44,0.5399999999999636,62.90998598,0.0,1.0,0.0,1054.2792238110142,1054.2792238110142,0.0,0.0
1668172758.2343447,1303.4,2.9600000000000364,66.3571213,0.0,1.0,0.0,1054.2792238110142,1054.2792238110142,0.0,0.0
1668172818.342891,1301.52,-1.8800000000001091,62.40851661,0.0,1.0,0.0,1054.2792238110142,1054.2792238110142,0.0,0.0
1668172878.3467233,1303.5,1.9800000000000182,64.79106332,0.0,1.0,0.0,1054.2792238110142,1054.2792238110142,0.0,0.0
1668172939.0035985,1301.05,-2.4500000000000455,59.74368477,0.0,1.0,0.0,1054.2792238110142,1054.2792238110142,0.0,0.0
1668172998.3128383,1303.21,2.160000000000082,62.52333053,0.0,1.0,0.0,1054.2792238110142,1054.2792238110142,0.0,0.0
1668173058.2020671,1305.08,1.8699999999998909,64.78614005,0.0,1.0,0.0,1054.2792238110142,1054.2792238110142,0.0,0.0
1668173118.3492813,1304.33,-0.75,63.14114317,0.0,1.0,0.0,1054.2792238110142,1054.2792238110142,0.0,0.0
1668173178.3439183,1305.2,0.8700000000001182,64.27592567,0.0,1.0,0.0,1054.2792238110142,1054.2792238110142,0.0,0.0
1668173238.300349,1300.84,-4.360000000000127,55.12572168,0.0,1.0,0.0,1054.2792238110142,1054.2792238110142,0.0,0.0
1668173298.3552525,1301.05,0.21000000000003638,55.47261786,0.0,1.0,0.0,1054.2792238110142,1054.2792238110142,0.0,0.0
1668173358.339609,1301.93,0.8800000000001091,56.89916271,0.0,1.0,0.0,1054.2792238110142,1054.2792238110142,0.0,0.0
1668173418.5256834,1299.74,-2.1900000000000546,52.40490186,0.0,1.0,0.0,1054.2792238110142,1054.2792238110142,0.0,0.0
1668173478.5370035,1296.45,-3.2899999999999636,46.46701146,0.0,1.0,0.0,1054.2792238110142,1054.2792238110142,0.0,0.0
1668173538.3003535,1296.38,-0.06999999999993634,46.34395268,0.0,1.0,0.0,1054.2792238110142,1054.2792238110142,0.0,0.0
1668173598.359863,1295.66,-0.7200000000000273,45.04377645,0.0,1.0,0.0,1054.2792238110142,1054.2792238110142,0.0,0.0
1668173658.38019,1295.36,-0.3000000000001819,44.48530936,0.0,1.0,0.0,1054.2792238110142,1054.2792238110142,0.0,0.0
1668173718.377362,1295.14,-0.2199999999997999,44.05355811,0.0,1.0,0.0,1054.2792238110142,1054.2792238110142,0.0,0.0
1668173778.3832138,1297.5,2.3599999999999,49.67601877,0.0,1.0,0.0,1054.2792238110142,1054.2792238110142,0.0,0.0
1668173838.3427064,1299.59,2.089999999999918,54.08259637,0.0,1.0,0.0,1054.2792238110142,1054.2792238110142,0.0,0.0
1668173898.3634808,1298.25,-1.3399999999999181,51.00184855,0.0,1.0,0.0,1054.2792238110142,1054.2792238110142,0.0,0.0
1668173958.531491,1297.13,-1.1199999999998909,48.51025109,0.0,1.0,0.0,1054.2792238110142,1054.2792238110142,0.0,0.0
1668174018.326464,1295.55,-1.5800000000001546,45.15814844,0.0,1.0,0.0,1054.2792238110142,1054.2792238110142,0.0,0.0
1668174078.3616867,1292.83,-2.7200000000000273,40.03087178,0.0,1.0,0.0,1054.2792238110142,1054.2792238110142,0.0,0.0
1668174138.333041,1290.64,-2.189999999999827,36.44401579,0.0,1.0,0.0,1054.2792238110142,1054.2792238110142,0.0,0.0
1668174198.3846817,1291.34,0.6999999999998181,38.34562554,0.0,1.0,0.0,1054.2792238110142,1054.2792238110142,0.0,0.0
1668174258.355686,1291.28,-0.05999999999994543,38.2400117,0.0,1.0,0.0,1054.2792238110142,1054.2792238110142,0.0,0.0
1668174318.3224127,1291.2,-0.07999999999992724,38.0879318,0.0,1.0,0.0,1054.2792238110142,1054.2792238110142,0.0,0.0
1668174378.4060469,1293.62,2.4199999999998454,45.12754411,0.0,1.0,0.0,1054.2792238110142,1054.2792238110142,0.0,0.0
1668174438.3400118,1290.5,-3.119999999999891,38.97360917,0.0,1.0,0.0,1054.2792238110142,1054.2792238110142,0.0,0.0
1668174498.4148834,1289.18,-1.3199999999999363,36.69250264,0.0,1.0,0.0,1054.2792238110142,1054.2792238110142,0.0,0.0
1668174558.3796282,1286.87,-2.310000000000173,33.06589307,0.0,1.0,0.0,1054.2792238110142,1054.2792238110142,0.0,0.0
1668174618.324576,1287.29,0.42000000000007276,34.34131499,0.0,1.0,0.0,1054.2792238110142,1054.2792238110142,0.0,0.0
1668174678.386796,1289.03,1.740000000000009,39.49396405,0.0,1.0,0.0,1054.2792238110142,1054.2792238110142,0.0,0.0
1668174738.4046254,1291.4,2.3700000000001182,45.72222179,0.0,1.0,0.0,1054.2792238110142,1054.2792238110142,0.0,0.0
1668174798.5103414,1290.48,-0.9200000000000728,43.83170639,0.0,1.0,0.0,1054.2792238110142,1054.2792238110142,0.0,0.0
1668174858.3718915,1289.34,-1.1400000000001,41.54003953,0.0,1.0,0.0,1054.2792238110142,1054.2792238110142,0.0,0.0
1668174918.3844717,1289.16,-0.1799999999998363,41.1850742,0.0,1.0,0.0,1054.2792238110142,1054.2792238110142,0.0,0.0
1668174978.4253027,1288.13,-1.0299999999999727,39.06953254,0.0,1.0,0.0,1054.2792238110142,1054.2792238110142,0.0,0.0
1668175038.392419,1286.18,-1.9500000000000455,35.33863282,0.0,1.0,0.0,1054.2792238110142,1054.2792238110142,0.0,0.0
1668175098.3967323,1280.83,-5.350000000000136,27.58386068,1.0,0.0,0.8231219004950027,0.0,1054.2792238110142,0.0,0.0
1668175158.3877592,1281.91,1.0800000000001546,30.66236163,1.0,0.0,0.8231219004950027,0.0,1055.168195463549,0.8889716525347922,0.0
1668175218.4802594,1283.58,1.6699999999998454,35.58942789,1.0,0.0,0.8231219004950027,0.0,1056.5428090373755,1.3746135738265366,0.0
1668175278.4620907,1277.95,-5.629999999999882,28.3074336,1.0,0.0,0.8231219004950027,0.0,1051.9086327375887,-4.634176299786759,0.0
1668175338.4250824,1269.61,-8.340000000000146,21.31547739,1.0,0.0,0.8231219004950027,0.0,1045.0437960874604,-6.864836650128382,0.0
1668175398.4443476,1263.27,-6.339999999999918,17.75445209,1.0,0.0,0.8231219004950027,0.0,1039.825203238322,-5.218592849138304,0.0
1668175458.4483368,1261.87,-1.400000000000091,17.05346388,1.0,0.0,0.8231219004950027,0.0,1038.672832577629,-1.1523706606931228,0.0
1668175518.4216034,1263.96,2.0900000000001455,21.82915133,1.0,0.0,0.8231219004950027,0.0,1040.3931573496636,1.7203247720347008,0.0
1668175578.483072,1259.6,-4.360000000000127,19.30290476,1.0,0.0,0.8231219004950027,0.0,1036.8043458635052,-3.58881148615842,0.0
1668175638.4062946,1260.67,1.0700000000001637,21.69697164,1.0,0.0,0.8231219004950027,0.0,1037.685086297035,0.8807404335298088,0.0
1668175698.536053,1264.82,4.149999999999864,30.33087843,1.0,0.0,0.8231219004950027,0.0,1041.1010421840892,3.415955887054224,0.0
1668175758.4595675,1268.36,3.5399999999999636,36.73205519,1.0,0.0,0.8231219004950027,0.0,1044.0148937118415,2.9138515277522856,0.0
1668175818.5908723,1268.59,0.2300000000000182,37.13683446,1.0,0.0,0.8231219004950027,0.0,1044.2042117489557,0.18931803711393513,0.0
1668175878.5020514,1265.15,-3.439999999999827,33.66669151,1.0,0.0,0.8231219004950027,0.0,1041.3726724112528,-2.8315393377029068,0.0
1668175938.509075,1265.14,-0.009999999999990905,33.65684812,1.0,0.0,0.8231219004950027,0.0,1041.3644411922478,-0.008231219004983359,0.0
1668175998.4535706,1266.44,1.2999999999999545,36.2671625,1.0,0.0,0.8231219004950027,0.0,1042.4344996628913,1.0700584706435166,0.0
1668176058.420059,1263.26,-3.1800000000000637,32.85284045,1.0,0.0,0.8231219004950027,0.0,1039.816972019317,-2.617527643574249,0.0
1668176118.4468057,1254.79,-8.470000000000027,25.88009078,1.0,0.0,0.8231219004950027,0.0,1032.8451295221244,-6.971842497192711,0.0
1668176178.4832332,1245.55,-9.240000000000009,20.71526719,1.0,0.0,0.8231219004950027,0.0,1025.2394831615504,-7.605646360573928,0.0
1668176238.458559,1244.39,-1.1599999999998545,20.17067827,1.0,0.0,0.8231219004950027,0.0,1024.2846617569764,-0.9548214045739769,0.0
1668176298.5133083,1236.91,-7.480000000000018,17.07342953,1.0,0.0,0.8231219004950027,0.0,1018.1277099412738,-6.156951815702655,0.0
1668176358.4046202,1237.44,0.5299999999999727,18.03936449,1.0,0.0,0.8231219004950027,0.0,1018.563964548536,0.43625460726229903,0.0
1668176418.4372818,1229.67,-7.769999999999982,15.22676882,1.0,0.0,0.8231219004950027,0.0,1012.16830738169,-6.395657166846036,0.0
1668176478.441298,1231.55,1.8799999999998818,18.52319373,1.0,0.0,0.8231219004950027,0.0,1013.7157765546204,1.5474691729303913,0.0
1668176538.4873135,1231.15,-0.3999999999998636,18.52907216,1.0,0.0,0.8231219004950027,0.0,1013.3865277944226,-0.3292487601978564,0.0
1668176598.4734912,1214.61,-16.54000000000019,13.31952003,1.0,0.0,0.8231219004950027,0.0,999.7720915602353,-13.614436234187451,0.0
1668176658.5510185,1217.86,3.25,18.19862083,1.0,0.0,0.8231219004950027,0.0,1002.4472377368438,2.675146176608564,0.0
1668176718.4939086,1213.44,-4.419999999999845,16.81563658,1.0,0.0,0.8231219004950027,0.0,998.809038936656,-3.6381988001877517,0.0
1668176778.57205,1214.42,0.9800000000000182,18.28865214,1.0,0.0,0.8231219004950027,0.0,999.6156983991413,0.8066594624852996,0.0
1668176838.462321,1207.31,-7.110000000000127,16.02959582,1.0,0.0,0.8231219004950027,0.0,993.7633016866216,-5.852396712519635,0.0
1668176898.4892595,1218.14,10.830000000000155,30.06428472,1.0,0.0,0.8231219004950027,0.0,1002.6777118689828,8.914410182361053,0.0
1668176958.4980657,1217.43,-0.7100000000000364,29.70663909,1.0,0.0,0.8231219004950027,0.0,1002.0932953196312,-0.5844165493516584,0.0
1668177018.535975,1206.97,-10.460000000000036,25.27323793,1.0,0.0,0.8231219004950027,0.0,993.4834402404534,-8.609855079177805,0.0
1668177078.5334997,1202.37,-4.600000000000136,23.3309101,1.0,0.0,0.8231219004950027,0.0,989.6970794981764,-3.786360742277111,0.0
1668177138.5503416,1216.11,13.740000000000009,37.02842903,1.0,0.0,0.8231219004950027,0.0,1001.0067744109776,11.309694912801206,0.0
1668177198.5634649,1215.19,-0.9199999999998454,36.54274846,1.0,0.0,0.8231219004950027,0.0,1000.2495022625224,-0.7572721484552858,0.0
1668177258.5554814,1217.53,2.339999999999918,38.73913327,1.0,0.0,0.8231219004950027,0.0,1002.1756075096806,1.9261052471582616,0.0
1668177318.5343874,1222.25,4.720000000000027,43.02893507,1.0,0.0,0.8231219004950027,0.0,1006.060742880017,3.885135370336343,0.0
1668177378.6027722,1216.25,-6.0,39.26490902,1.0,0.0,0.8231219004950027,0.0,1001.122011477047,-4.9387314029700065,0.0
1668177438.5667202,1217.0,0.75,40.00066862,1.0,0.0,0.8231219004950027,0.0,1001.7393529024182,0.6173414253712508,0.0
1668177498.5359497,1221.09,4.089999999999918,43.80539989,1.0,0.0,0.8231219004950027,0.0,1005.1059214754428,3.3665685730245514,0.0
1668177558.562654,1216.45,-4.639999999999873,40.62921257,1.0,0.0,0.8231219004950027,0.0,1001.286635857146,-3.8192856182967034,0.0
1668177618.522101,1214.13,-2.3199999999999363,39.10256635,1.0,0.0,0.8231219004950027,0.0,999.3769930479976,-1.9096428091484086,0.0
1668177678.7682402,1216.63,2.5,41.64704922,1.0,0.0,0.8231219004950027,0.0,1001.4347977992352,2.0578047512375406,0.0
1668177738.5041986,1221.8,5.169999999999845,46.61476685,1.0,0.0,0.8231219004950027,0.0,1005.6903380247942,4.2555402255590025,0.0
1668177798.5686822,1218.85,-2.9500000000000455,44.29743203,1.0,0.0,0.8231219004950027,0.0,1003.262128418334,-2.428209606460314,0.0
1668177858.647573,1218.56,-0.2899999999999636,44.06551917,1.0,0.0,0.8231219004950027,0.0,1003.0234230671904,-0.2387053511436079,0.0
1668177918.523167,1222.19,3.630000000000109,47.75292046,1.0,0.0,0.8231219004950027,0.0,1006.0113555659874,2.987932498797022,0.0
1668177978.5596008,1243.76,21.569999999999936,63.26168616,1.0,0.0,0.8231219004950027,0.0,1023.7660949596644,17.75473939367714,0.0
1668178038.5892217,1248.3,4.539999999999964,65.57655155,1.0,0.0,0.8231219004950027,0.0,1027.5030683879118,3.7369734282473246,0.0
1668178098.6346602,1285.09,36.789999999999964,77.65820047,0.0,1.0,0.0,1057.785723107123,1057.785723107123,30.282654719211223,0.0
1668178158.5955796,1270.89,-14.199999999999818,67.71673162,0.0,1.0,0.0,1057.785723107123,1057.785723107123,0.0,0.0
1668178218.660146,1271.77,0.8799999999998818,67.95852525,0.0,1.0,0.0,1057.785723107123,1057.785723107123,0.0,0.0
1668178278.537941,1282.89,11.120000000000118,71.11995053,0.0,1.0,0.0,1057.785723107123,1057.785723107123,0.0,0.0
1668178338.8182583,1270.79,-12.100000000000136,63.48626821,0.0,1.0,0.0,1057.785723107123,1057.785723107123,0.0,0.0
1668178398.6662676,1265.3,-5.490000000000009,60.32265433,0.0,1.0,0.0,1057.785723107123,1057.785723107123,0.0,0.0
1668178458.5181766,1259.96,-5.339999999999918,57.33457912,0.0,1.0,0.0,1057.785723107123,1057.785723107123,0.0,0.0
1668178518.629047,1256.39,-3.5699999999999363,55.35779802,0.0,1.0,0.0,1057.785723107123,1057.785723107123,0.0,0.0
1668178578.6319287,1249.45,-6.940000000000055,51.63105947,0.0,1.0,0.0,1057.785723107123,1057.785723107123,0.0,0.0
1668178638.6282706,1256.96,7.509999999999991,55.15007716,0.0,1.0,0.0,1057.785723107123,1057.785723107123,0.0,0.0
1668178698.6673448,1256.94,-0.01999999999998181,55.12258137,0.0,1.0,0.0,1057.785723107123,1057.785723107123,0.0,0.0
1668178758.6187706,1268.29,11.349999999999909,60.21130147,0.0,1.0,0.0,1057.785723107123,1057.785723107123,0.0,0.0
1668178818.598038,1261.99,-6.2999999999999545,56.39778902,0.0,1.0,0.0,1057.785723107123,1057.785723107123,0.0,0.0
1668178878.6559992,1270.29,8.299999999999955,59.99041228,0.0,1.0,0.0,1057.785723107123,1057.785723107123,0.0,0.0
1668178938.6618755,1266.35,-3.9400000000000546,57.5451293,0.0,1.0,0.0,1057.785723107123,1057.785723107123,0.0,0.0
1668178998.644078,1265.71,-0.6399999999998727,57.16616536,0.0,1.0,0.0,1057.785723107123,1057.785723107123,0.0,0.0
1668179058.6812298,1261.0,-4.710000000000036,54.15279477,0.0,1.0,0.0,1057.785723107123,1057.785723107123,0.0,0.0
1668179118.6605055,1254.86,-6.1400000000001,50.41996898,0.0,1.0,0.0,1057.785723107123,1057.785723107123,0.0,0.0
1668179178.716444,1259.49,4.630000000000109,53.04785871,0.0,1.0,0.0,1057.785723107123,1057.785723107123,0.0,0.0
1668179238.6393335,1262.82,3.3299999999999272,54.89979932,0.0,1.0,0.0,1057.785723107123,1057.785723107123,0.0,0.0
1668179298.7162142,1259.1,-3.7200000000000273,52.41384466,0.0,1.0,0.0,1057.785723107123,1057.785723107123,0.0,0.0
1668179358.655168,1256.99,-2.1099999999999,51.00245742,0.0,1.0,0.0,1057.785723107123,1057.785723107123,0.0,0.0
1668179418.7446773,1243.42,-13.569999999999936,42.9852002,0.0,1.0,0.0,1057.785723107123,1057.785723107123,0.0,0.0
1668179478.6463473,1250.98,7.559999999999945,47.89816236,0.0,1.0,0.0,1057.785723107123,1057.785723107123,0.0,0.0
1668179538.7362816,1251.25,0.2699999999999818,48.07038451,0.0,1.0,0.0,1057.785723107123,1057.785723107123,0.0,0.0
1668179598.7361648,1254.0,2.75,49.88577425,0.0,1.0,0.0,1057.785723107123,1057.785723107123,0.0,0.0
1668179658.73958,1258.36,4.3599999999999,52.71043232,0.0,1.0,0.0,1057.785723107123,1057.785723107123,0.0,0.0
1668179718.6875842,1263.31,4.9500000000000455,55.75918529,0.0,1.0,0.0,1057.785723107123,1057.785723107123,0.0,0.0
1668179778.729911,1264.22,0.9100000000000819,56.3166612,0.0,1.0,0.0,1057.785723107123,1057.785723107123,0.0,0.0
1668179838.7174442,1259.25,-4.970000000000027,52.43078439,0.0,1.0,0.0,1057.785723107123,1057.785723107123,0.0,0.0
1668179898.6504014,1262.84,3.589999999999918,54.85203538,0.0,1.0,0.0,1057.785723107123,1057.785723107123,0.0,0.0
1668179958.632951,1259.84,-3.0,52.44813852,0.0,1.0,0.0,1057.785723107123,1057.785723107123,0.0,0.0
1668180018.642402,1262.06,2.2200000000000273,54.05280409,0.0,1.0,0.0,1057.785723107123,1057.785723107123,0.0,0.0
1668180078.732214,1268.1,6.039999999999964,58.11790735,0.0,1.0,0.0,1057.785723107123,1057.785723107123,0.0,0.0
1668180138.7347393,1269.7,1.6000000000001364,59.22235658,0.0,1.0,0.0,1057.785723107123,1057.785723107123,0.0,0.0
1668180199.5852797,1270.25,0.5499999999999545,59.57684207,0.0,1.0,0.0,1057.785723107123,1057.785723107123,0.0,0.0
1668180259.5974498,1268.67,-1.5799999999999272,57.92134293,0.0,1.0,0.0,1057.785723107123,1057.785723107123,0.0,0.0
1668180319.5821657,1269.17,0.5,58.31212979,0.0,1.0,0.0,1057.785723107123,1057.785723107123,0.0,0.0
1668180380.5315125,1278.76,9.589999999999918,65.02189916,0.0,1.0,0.0,1057.785723107123,1057.785723107123,0.0,0.0
1668180440.5228956,1278.67,-0.08999999999991815,64.86434226,0.0,1.0,0.0,1057.785723107123,1057.785723107123,0.0,0.0
1668180500.742465,1275.87,-2.800000000000182,61.52573293,0.0,1.0,0.0,1057.785723107123,1057.785723107123,0.0,0.0
1668180561.4560626,1272.95,-2.9199999999998454,58.16110751,0.0,1.0,0.0,1057.785723107123,1057.785723107123,0.0,0.0
1668180621.4587548,1275.17,2.2200000000000273,59.9522393,0.0,1.0,0.0,1057.785723107123,1057.785723107123,0.0,0.0
1668180681.4145482,1268.83,-6.3400000000001455,52.97330964,0.0,1.0,0.0,1057.785723107123,1057.785723107123,0.0,0.0
1668180742.500039,1267.0,-1.8299999999999272,51.12448596,0.0,1.0,0.0,1057.785723107123,1057.785723107123,0.0,0.0
1668180802.5932643,1265.64,-1.3599999999999,49.73525255,0.0,1.0,0.0,1057.785723107123,1057.785723107123,0.0,0.0
1668180862.525533,1263.4,-2.240000000000009,47.44828211,0.0,1.0,0.0,1057.785723107123,1057.785723107123,0.0,0.0
1668180923.5533552,1267.0,3.599999999999909,51.34149311,0.0,1.0,0.0,1057.785723107123,1057.785723107123,0.0,0.0
1668180983.447746,1261.75,-5.25,45.97627528,0.0,1.0,0.0,1057.785723107123,1057.785723107123,0.0,0.0
1668181043.5019343,1258.84,-2.910000000000082,43.3383321,0.0,1.0,0.0,1057.785723107123,1057.785723107123,0.0,0.0
1668181104.417328,1257.62,-1.2200000000000273,42.16676654,0.0,1.0,0.0,1057.785723107123,1057.785723107123,0.0,0.0
1668181164.363247,1261.39,3.770000000000209,46.7570321,0.0,1.0,0.0,1057.785723107123,1057.785723107123,0.0,0.0
1668181224.3809085,1259.51,-1.8800000000001091,44.85593713,0.0,1.0,0.0,1057.785723107123,1057.785723107123,0.0,0.0
1668181285.2504425,1262.33,2.8199999999999363,48.25841752,0.0,1.0,0.0,1057.785723107123,1057.785723107123,0.0,0.0
1668181345.251616,1258.1,-4.230000000000018,43.88365416,0.0,1.0,0.0,1057.785723107123,1057.785723107123,0.0,0.0
1668181405.287885,1258.4,0.3000000000001819,44.26682572,0.0,1.0,0.0,1057.785723107123,1057.785723107123,0.0,0.0
1668181466.3752272,1258.79,0.38999999999987267,44.8000846,0.0,1.0,0.0,1057.785723107123,1057.785723107123,0.0,0.0
1668181526.354458,1259.56,0.7699999999999818,45.91927243,0.0,1.0,0.0,1057.785723107123,1057.785723107123,0.0,0.0
1668181586.360741,1253.47,-6.089999999999918,39.42769309,0.0,1.0,0.0,1057.785723107123,1057.785723107123,0.0,0.0
1668181647.148132,1254.0,0.5299999999999727,40.22978289,0.0,1.0,0.0,1057.785723107123,1057.785723107123,0.0,0.0
1668181707.159126,1261.22,7.220000000000027,49.95230564,0.0,1.0,0.0,1057.785723107123,1057.785723107123,0.0,0.0
1668181767.1449296,1262.83,1.6099999999999,51.826693,0.0,1.0,0.0,1057.785723107123,1057.785723107123,0.0,0.0
1668181828.1718388,1264.58,1.75,53.86181274,0.0,1.0,0.0,1057.785723107123,1057.785723107123,0.0,0.0
1668181888.1052828,1264.25,-0.32999999999992724,53.40639226,0.0,1.0,0.0,1057.785723107123,1057.785723107123,0.0,0.0
1668181948.1231773,1262.09,-2.160000000000082,50.38896087,0.0,1.0,0.0,1057.785723107123,1057.785723107123,0.0,0.0
1668182009.2522533,1259.68,-2.4099999999998545,47.21463395,0.0,1.0,0.0,1057.785723107123,1057.785723107123,0.0,0.0
1668182069.2751613,1258.65,-1.0299999999999727,45.85908397,0.0,1.0,0.0,1057.785723107123,1057.785723107123,0.0,0.0
1668182129.268737,1256.82,-1.8300000000001546,43.4911988,0.0,1.0,0.0,1057.785723107123,1057.785723107123,0.0,0.0
1668182190.1663415,1255.94,-0.8799999999998818,42.35868097,0.0,1.0,0.0,1057.785723107123,1057.785723107123,0.0,0.0
1668182250.169585,1257.8,1.8599999999999,45.61274552,0.0,1.0,0.0,1057.785723107123,1057.785723107123,0.0,0.0
1668182310.1860695,1256.29,-1.509999999999991,43.38223665,0.0,1.0,0.0,1057.785723107123,1057.785723107123,0.0,0.0
1668182371.0506918,1259.34,3.0499999999999545,48.66997553,0.0,1.0,0.0,1057.785723107123,1057.785723107123,0.0,0.0
1668182431.041342,1260.18,0.8400000000001455,50.05276148,0.0,1.0,0.0,1057.785723107123,1057.785723107123,0.0,0.0
1668182491.0812795,1262.54,2.3599999999999,53.82260071,0.0,1.0,0.0,1057.785723107123,1057.785723107123,0.0,0.0
1668182552.0965197,1254.81,-7.730000000000018,42.50783507,0.0,1.0,0.0,1057.785723107123,1057.785723107123,0.0,0.0
1668182612.1934006,1252.62,-2.1900000000000546,39.9331549,0.0,1.0,0.0,1057.785723107123,1057.785723107123,0.0,0.0
1668182672.154219,1259.59,6.970000000000027,50.22436648,0.0,1.0,0.0,1057.785723107123,1057.785723107123,0.0,0.0
1668182733.0078075,1257.93,-1.6599999999998545,48.10329833,0.0,1.0,0.0,1057.785723107123,1057.785723107123,0.0,0.0
1668182793.021797,1257.53,-0.40000000000009095,47.58448171,0.0,1.0,0.0,1057.785723107123,1057.785723107123,0.0,0.0
1668182853.0508318,1252.66,-4.869999999999891,41.66383137,0.0,1.0,0.0,1057.785723107123,1057.785723107123,0.0,0.0
1668182913.983195,1253.68,1.0199999999999818,43.25871839,0.0,1.0,0.0,1057.785723107123,1057.785723107123,0.0,0.0
1668182974.0195556,1254.76,1.0799999999999272,44.96755748,0.0,1.0,0.0,1057.785723107123,1057.785723107123,0.0,0.0
1668183033.9853013,1248.26,-6.5,37.61740587,0.0,1.0,0.0,1057.785723107123,1057.785723107123,0.0,0.0
1668183095.010392,1248.84,0.5799999999999272,38.58786508,0.0,1.0,0.0,1057.785723107123,1057.785723107123,0.0,0.0
1668183154.927266,1247.85,-0.9900000000000091,37.65307659,0.0,1.0,0.0,1057.785723107123,1057.785723107123,0.0,0.0
1668183214.91785,1245.46,-2.3899999999998727,35.01642924,0.0,1.0,0.0,1057.785723107123,1057.785723107123,0.0,0.0
1668183276.645619,1242.23,-3.230000000000018,31.89531741,1.0,0.0,0.8515216369811733,0.0,1057.785723107123,0.0,0.0
1668183336.662866,1241.53,-0.7000000000000455,31.25941612,1.0,0.0,0.8515216369811733,0.0,1057.1896579612362,-0.5960651458867687,0.0
1668183396.7286265,1239.05,-2.480000000000018,28.99804837,1.0,0.0,0.8515216369811733,0.0,1055.0778843015228,-2.1117736597134353,0.0
1668183458.2962432,1239.36,0.30999999999994543,29.66843765,1.0,0.0,0.8515216369811733,0.0,1055.341856008987,0.2639717074641794,0.0
1668183517.9073672,1242.51,3.150000000000091,36.35679024,1.0,0.0,0.8515216369811733,0.0,1058.0241491654776,2.6822931564906867,0.0
1668183578.0253465,1245.53,3.019999999999982,42.0457065,1.0,0.0,0.8515216369811733,0.0,1060.5957445091608,2.571595343683157,0.0
1668183639.0230026,1245.66,0.13000000000010914,42.28872943,1.0,0.0,0.8515216369811733,0.0,1060.7064423219686,0.11069781280775715,0.0
1668183700.3551905,1248.58,2.9199999999998454,47.52244999,1.0,0.0,0.8515216369811733,0.0,1063.1928855019532,2.4864431799846898,0.0
1668183759.7222557,1246.36,-2.2200000000000273,44.24206713,1.0,0.0,0.8515216369811733,0.0,1061.302507467855,-1.8903780340981484,0.0
1668183820.3628008,1247.34,0.9800000000000182,46.01513684,1.0,0.0,0.8515216369811733,0.0,1062.1369986720968,0.8344912042416581,0.0
1668183880.7956522,1245.56,-1.7799999999999727,43.32637791,1.0,0.0,0.8515216369811733,0.0,1060.6212901582703,-1.5157085138264392,0.0
1668183940.5864766,1243.84,-1.7200000000000273,40.83330903,1.0,0.0,0.8515216369811733,0.0,1059.156672942663,-1.4646172156076318,0.0
1668184001.0509,1243.42,-0.4199999999998454,40.22571425,1.0,0.0,0.8515216369811733,0.0,1058.7990338551306,-0.3576390875323341,0.0
1668184061.0822723,1240.89,-2.5299999999999727,37.65898727,1.0,0.0,0.8515216369811733,0.0,1056.6446841135682,-2.154349741562328,0.0
1668184121.1002817,1240.92,0.029999999999972715,37.72449634,1.0,0.0,0.8515216369811733,0.0,1056.6702297626778,0.0255456491095174,0.0
1668184183.6031885,1237.02,-3.900000000000091,32.81255417,1.0,0.0,0.8515216369811733,0.0,1053.349295378451,-3.3209343842268026,0.0
1668184243.7110903,1236.88,-0.13999999999987267,34.17429691,1.0,0.0,0.8515216369811733,0.0,1053.2300823492735,-0.11921302917721732,0.0
1668184303.6968598,1240.57,3.689999999999827,41.95260614,1.0,0.0,0.8515216369811733,0.0,1056.3721971897342,3.1421148404606356,0.0
1668184365.6115549,1242.49,1.9200000000000728,45.69615793,1.0,0.0,0.8515216369811733,0.0,1058.007118732738,1.634921543003884,0.0
1668184425.9670613,1240.74,-1.75,42.70635957,1.0,0.0,0.8515216369811733,0.0,1056.5169558680211,-1.4901628647169218,0.0
1668184485.6089013,1241.48,0.7400000000000091,44.12726122,1.0,0.0,0.8515216369811733,0.0,1057.147081879387,0.6301260113659737,0.0
1668184546.5036235,1238.76,-2.7200000000000273,39.91492659,1.0,0.0,0.8515216369811733,0.0,1054.8309430267982,-2.3161388525888924,0.0
1668184607.523733,1242.14,3.380000000000109,46.98656324,1.0,0.0,0.8515216369811733,0.0,1057.7090861597949,2.878143132996456,0.0
1668184667.3257313,1244.21,2.0699999999999363,50.6471743,1.0,0.0,0.8515216369811733,0.0,1059.4717359483457,1.7626497885507888,0.0
1668184727.877314,1245.99,1.7799999999999727,53.27009474,1.0,0.0,0.8515216369811733,0.0,1060.987444462172,1.5157085138264392,0.0
1668184788.7963395,1247.2,1.2100000000000364,54.7400298,1.0,0.0,0.8515216369811733,0.0,1062.0177856429195,1.0303411807474276,0.0
1668184848.2047524,1245.0,-2.2000000000000455,51.67086003,1.0,0.0,0.8515216369811733,0.0,1060.1444380415608,-1.8733476013587733,0.0
1668184909.246198,1246.76,1.759999999999991,54.53899568,1.0,0.0,0.8515216369811733,0.0,1061.6431161226476,1.4986780810868368,0.0
1668184969.1949558,1244.02,-2.740000000000009,49.58341022,1.0,0.0,0.8515216369811733,0.0,1059.309946837319,-2.3331692853282675,0.0
1668185029.6979086,1244.74,0.7200000000000273,50.80213407,1.0,0.0,0.8515216369811733,0.0,1059.9230424159457,0.6130955786265986,0.0
1668185090.3136685,1244.49,-0.25,50.15141955,1.0,0.0,0.8515216369811733,0.0,1059.7101620067003,-0.212880409245372,0.0
1668185150.5360768,1246.34,1.849999999999909,53.8402378,1.0,0.0,0.8515216369811733,0.0,1061.2854770351155,1.5753150284151616,0.0
1668185210.911558,1246.2,-0.13999999999987267,53.44614695,1.0,0.0,0.8515216369811733,0.0,1061.1662640059385,-0.11921302917721732,0.0
1668185271.8078396,1247.26,1.0599999999999454,55.67084727,1.0,0.0,0.8515216369811733,0.0,1062.0688769411383,0.9026129351998406,0.0
1668185331.8878984,1246.8,-0.4600000000000364,54.55728319,1.0,0.0,0.8515216369811733,0.0,1061.6771769881268,-0.39169995301153904,0.0
1668185391.6871238,1247.53,0.7300000000000182,56.31339133,1.0,0.0,0.8515216369811733,0.0,1062.298787783123,0.6216107949962861,0.0
1668185453.6614475,1253.46,5.930000000000064,66.73116716,0.0,1.0,0.0,1067.3483110904217,1067.3483110904217,5.0495233072983865,0.0
1668185513.4770925,1251.62,-1.8400000000001455,60.83049669,0.0,1.0,0.0,1067.3483110904217,1067.3483110904217,0.0,0.0
1668185573.4510326,1252.02,0.40000000000009095,61.74560166,0.0,1.0,0.0,1067.3483110904217,1067.3483110904217,0.0,0.0
1668185635.9249868,1249.41,-2.6099999999999,55.40211427,0.0,1.0,0.0,1067.3483110904217,1067.3483110904217,0.0,0.0
1668185695.91183,1247.96,-1.4500000000000455,51.85297895,0.0,1.0,0.0,1067.3483110904217,1067.3483110904217,0.0,0.0
1668185755.9620588,1248.93,0.9700000000000273,53.47675181,0.0,1.0,0.0,1067.3483110904217,1067.3483110904217,0.0,0.0
1668185817.4959605,1248.62,-0.3100000000001728,53.00029468,0.0,1.0,0.0,1067.3483110904217,1067.3483110904217,0.0,0.0
1668185877.3429773,1250.55,1.9300000000000637,56.40881303,0.0,1.0,0.0,1067.3483110904217,1067.3483110904217,0.0,0.0
1668185936.896911,1251.89,1.3400000000001455,58.76854098,0.0,1.0,0.0,1067.3483110904217,1067.3483110904217,0.0,0.0
1668185999.36802,1250.41,-1.4800000000000182,56.17584208,0.0,1.0,0.0,1067.3483110904217,1067.3483110904217,0.0,0.0
1668186059.8806038,1249.49,-0.9200000000000728,53.89427363,0.0,1.0,0.0,1067.3483110904217,1067.3483110904217,0.0,0.0
1668186119.9525154,1248.01,-1.4800000000000182,50.54120873,0.0,1.0,0.0,1067.3483110904217,1067.3483110904217,0.0,0.0
1668186181.2025552,1249.55,1.5399999999999636,53.76754327,0.0,1.0,0.0,1067.3483110904217,1067.3483110904217,0.0,0.0
1668186240.952988,1253.37,3.8199999999999363,60.77998861,0.0,1.0,0.0,1067.3483110904217,1067.3483110904217,0.0,0.0
1668186301.0924337,1254.07,0.7000000000000455,62.01296561,0.0,1.0,0.0,1067.3483110904217,1067.3483110904217,0.0,0.0
1668186362.2006557,1253.77,-0.2999999999999545,58.95522273,0.0,1.0,0.0,1067.3483110904217,1067.3483110904217,0.0,0.0
1668186422.1761236,1255.42,1.650000000000091,61.56334105,0.0,1.0,0.0,1067.3483110904217,1067.3483110904217,0.0,0.0
1668186482.7838376,1255.51,0.08999999999991815,61.56775271,0.0,1.0,0.0,1067.3483110904217,1067.3483110904217,0.0,0.0
1668186544.3029947,1253.0,-2.509999999999991,55.46969163,0.0,1.0,0.0,1067.3483110904217,1067.3483110904217,0.0,0.0
1668186604.1453607,1252.98,-0.01999999999998181,55.32402596,0.0,1.0,0.0,1067.3483110904217,1067.3483110904217,0.0,0.0
1668186663.9341035,1258.39,5.410000000000082,64.3929344,0.0,1.0,0.0,1067.3483110904217,1067.3483110904217,0.0,0.0
1668186726.4649303,1262.53,4.139999999999873,66.2851225,0.0,1.0,0.0,1067.3483110904217,1067.3483110904217,0.0,0.0
1668186785.9496284,1260.92,-1.6099999999999,62.85094169,0.0,1.0,0.0,1067.3483110904217,1067.3483110904217,0.0,0.0
1668186845.6439252,1260.48,-0.44000000000005457,61.96575439,0.0,1.0,0.0,1067.3483110904217,1067.3483110904217,0.0,0.0
1668186908.1624863,1260.56,0.07999999999992724,61.86939612,0.0,1.0,0.0,1067.3483110904217,1067.3483110904217,0.0,0.0
1668186967.7430427,1261.85,1.2899999999999636,63.2890598,0.0,1.0,0.0,1067.3483110904217,1067.3483110904217,0.0,0.0
1668187027.8711796,1263.6,1.75,65.50332105,0.0,1.0,0.0,1067.3483110904217,1067.3483110904217,0.0,0.0
1668187088.6161366,1261.31,-2.2899999999999636,61.63066888,0.0,1.0,0.0,1067.3483110904217,1067.3483110904217,0.0,0.0
1668187148.754849,1261.92,0.6100000000001273,62.43304743,0.0,1.0,0.0,1067.3483110904217,1067.3483110904217,0.0,0.0
1668187208.4103682,1261.91,-0.009999999999990905,61.64566248,0.0,1.0,0.0,1067.3483110904217,1067.3483110904217,0.0,0.0
1668187270.288416,1258.42,-3.490000000000009,53.73368255,0.0,1.0,0.0,1067.3483110904217,1067.3483110904217,0.0,0.0
1668187330.4363043,1259.7,1.2799999999999727,56.17023716,0.0,1.0,0.0,1067.3483110904217,1067.3483110904217,0.0,0.0
1668187390.0272112,1259.46,-0.2400000000000091,55.78142686,0.0,1.0,0.0,1067.3483110904217,1067.3483110904217,0.0,0.0
1668187451.7050326,1260.02,0.5599999999999454,56.84264148,0.0,1.0,0.0,1067.3483110904217,1067.3483110904217,0.0,0.0
1668187511.867134,1259.46,-0.5599999999999454,55.35567259,0.0,1.0,0.0,1067.3483110904217,1067.3483110904217,0.0,0.0
1668187572.097802,1257.67,-1.7899999999999636,50.77909347,0.0,1.0,0.0,1067.3483110904217,1067.3483110904217,0.0,0.0
1668187633.7673872,1256.65,-1.0199999999999818,48.32467109,0.0,1.0,0.0,1067.3483110904217,1067.3483110904217,0.0,0.0
1668187693.1564002,1254.96,-1.6900000000000546,44.48780571,0.0,1.0,0.0,1067.3483110904217,1067.3483110904217,0.0,0.0
1668187753.524588,1256.89,1.9300000000000637,49.43698548,0.0,1.0,0.0,1067.3483110904217,1067.3483110904217,0.0,0.0
1668187814.8243945,1258.1,1.209999999999809,52.2973034,0.0,1.0,0.0,1067.3483110904217,1067.3483110904217,0.0,0.0
1668187874.530002,1257.58,-0.5199999999999818,50.96055347,0.0,1.0,0.0,1067.3483110904217,1067.3483110904217,0.0,0.0
1668187934.7123322,1259.97,2.3900000000001,56.46694209,0.0,1.0,0.0,1067.3483110904217,1067.3483110904217,0.0,0.0
1668187997.6302853,1259.7,-0.2699999999999818,55.70209389,0.0,1.0,0.0,1067.3483110904217,1067.3483110904217,0.0,0.0
1668188057.6682053,1256.44,-3.259999999999991,47.44455729,0.0,1.0,0.0,1067.3483110904217,1067.3483110904217,0.0,0.0
1668188118.0503411,1257.08,0.6399999999998727,49.0358645,0.0,1.0,0.0,1067.3483110904217,1067.3483110904217,0.0,0.0
1668188179.4678946,1256.76,-0.31999999999993634,48.27897588,0.0,1.0,0.0,1067.3483110904217,1067.3483110904217,0.0,0.0
1668188239.4736657,1256.45,-0.30999999999994543,47.4674502,0.0,1.0,0.0,1067.3483110904217,1067.3483110904217,0.0,0.0
1668188299.0631957,1255.91,-0.5399999999999636,46.06522262,0.0,1.0,0.0,1067.3483110904217,1067.3483110904217,0.0,0.0
1668188360.9498315,1258.48,2.5699999999999363,53.21833692,0.0,1.0,0.0,1067.3483110904217,1067.3483110904217,0.0,0.0
1668188421.8989675,1258.32,-0.16000000000008185,52.74841162,0.0,1.0,0.0,1067.3483110904217,1067.3483110904217,0.0,0.0
1668188481.9083495,1259.55,1.2300000000000182,55.91285899,0.0,1.0,0.0,1067.3483110904217,1067.3483110904217,0.0,0.0
1668188543.1899378,1258.38,-1.1699999999998454,52.29324377,0.0,1.0,0.0,1067.3483110904217,1067.3483110904217,0.0,0.0
1668188603.406487,1259.01,0.6299999999998818,54.02286576,0.0,1.0,0.0,1067.3483110904217,1067.3483110904217,0.0,0.0
1668188662.970218,1258.73,-0.2799999999999727,53.10277961,0.0,1.0,0.0,1067.3483110904217,1067.3483110904217,0.0,0.0
1668188724.519398,1262.32,3.589999999999918,62.03160308,0.0,1.0,0.0,1067.3483110904217,1067.3483110904217,0.0,0.0
1668188784.1570234,1261.42,-0.8999999999998636,58.99894051,0.0,1.0,0.0,1067.3483110904217,1067.3483110904217,0.0,0.0
1668188844.088133,1261.03,-0.39000000000010004,57.68291276,0.0,1.0,0.0,1067.3483110904217,1067.3483110904217,0.0,0.0
1668188905.627033,1265.81,4.779999999999973,67.30809631,0.0,1.0,0.0,1067.3483110904217,1067.3483110904217,0.0,0.0
1668188965.460966,1265.5,-0.30999999999994543,66.21702624,0.0,1.0,0.0,1067.3483110904217,1067.3483110904217,0.0,0.0
1668189025.6969182,1267.53,2.0299999999999727,69.86212176,0.0,1.0,0.0,1067.3483110904217,1067.3483110904217,0.0,0.0
1668189087.5232666,1268.01,0.4800000000000182,70.61597461,0.0,1.0,0.0,1067.3483110904217,1067.3483110904217,0.0,0.0
1668189147.2699142,1271.34,3.3299999999999272,74.8751609,0.0,1.0,0.0,1067.3483110904217,1067.3483110904217,0.0,0.0
1668189207.528636,1271.74,0.40000000000009095,75.72563881,0.0,1.0,0.0,1067.3483110904217,1067.3483110904217,0.0,0.0
1668189269.668899,1274.34,2.599999999999909,78.70985376,0.0,1.0,0.0,1067.3483110904217,1067.3483110904217,0.0,0.0
1668189330.221424,1274.82,0.4800000000000182,79.216493,0.0,1.0,0.0,1067.3483110904217,1067.3483110904217,0.0,0.0
1668189389.3404665,1278.44,3.6200000000001182,82.59894969,0.0,1.0,0.0,1067.3483110904217,1067.3483110904217,0.0,0.0
1668189450.3326712,1276.1,-2.3400000000001455,74.5861197,0.0,1.0,0.0,1067.3483110904217,1067.3483110904217,0.0,0.0
1668189510.4128118,1278.16,2.060000000000173,76.8395305,0.0,1.0,0.0,1067.3483110904217,1067.3483110904217,0.0,0.0
1668189570.7675729,1276.22,-1.9400000000000546,70.49972403,0.0,1.0,0.0,1067.3483110904217,1067.3483110904217,0.0,0.0
1668189632.4686446,1274.29,-1.9300000000000637,64.77188073,0.0,1.0,0.0,1067.3483110904217,1067.3483110904217,0.0,0.0
1668189693.8313265,1278.81,4.519999999999982,70.77742966,0.0,1.0,0.0,1067.3483110904217,1067.3483110904217,0.0,0.0
1668189752.531135,1281.96,3.150000000000091,74.08623866,0.0,1.0,0.0,1067.3483110904217,1067.3483110904217,0.0,0.0
1668189816.4059596,1281.26,-0.7000000000000455,72.12957661,0.0,1.0,0.0,1067.3483110904217,1067.3483110904217,0.0,0.0
1668189874.4815135,1285.5,4.240000000000009,76.21955618,0.0,1.0,0.0,1067.3483110904217,1067.3483110904217,0.0,0.0
1668189933.968251,1284.52,-0.9800000000000182,73.53232677,0.0,1.0,0.0,1067.3483110904217,1067.3483110904217,0.0,0.0
1668189995.183147,1280.04,-4.480000000000018,62.65695235,0.0,1.0,0.0,1067.3483110904217,1067.3483110904217,0.0,0.0
1668190055.433107,1281.89,1.8500000000001364,64.94987973,0.0,1.0,0.0,1067.3483110904217,1067.3483110904217,0.0,0.0
1668190116.155026,1281.81,-0.08000000000015461,64.75428628,0.0,1.0,0.0,1067.3483110904217,1067.3483110904217,0.0,0.0
1668190177.7138245,1284.99,3.1800000000000637,68.60069585,0.0,1.0,0.0,1067.3483110904217,1067.3483110904217,0.0,0.0
1668190238.6259933,1281.95,-3.0399999999999636,61.67018148,0.0,1.0,0.0,1067.3483110904217,1067.3483110904217,0.0,0.0
1668190297.7314634,1280.42,-1.5299999999999727,58.42768749,0.0,1.0,0.0,1067.3483110904217,1067.3483110904217,0.0,0.0
1668190360.794071,1279.7,-0.7200000000000273,56.98234728,0.0,1.0,0.0,1067.3483110904217,1067.3483110904217,0.0,0.0
1668190420.536543,1280.49,0.7899999999999636,58.25318839,0.0,1.0,0.0,1067.3483110904217,1067.3483110904217,0.0,0.0
1668190480.6512134,1279.61,-0.8800000000001091,55.73067445,0.0,1.0,0.0,1067.3483110904217,1067.3483110904217,0.0,0.0
1668190542.8999405,1278.22,-1.3899999999998727,52.78805495,0.0,1.0,0.0,1067.3483110904217,1067.3483110904217,0.0,0.0
1668190602.696207,1279.75,1.5299999999999727,55.50729707,0.0,1.0,0.0,1067.3483110904217,1067.3483110904217,0.0,0.0
1668190663.598443,1280.64,0.8900000000001,57.23275238,0.0,1.0,0.0,1067.3483110904217,1067.3483110904217,0.0,0.0
1668190725.5340943,1278.16,-2.480000000000018,51.13151043,0.0,1.0,0.0,1067.3483110904217,1067.3483110904217,0.0,0.0
1668190784.038695,1277.99,-0.17000000000007276,50.80018196,0.0,1.0,0.0,1067.3483110904217,1067.3483110904217,0.0,0.0
1668190844.006769,1276.67,-1.3199999999999363,48.30784479,0.0,1.0,0.0,1067.3483110904217,1067.3483110904217,0.0,0.0
1668190905.2090938,1273.96,-2.7100000000000364,42.95550155,0.0,1.0,0.0,1067.3483110904217,1067.3483110904217,0.0,0.0
1668190965.1379244,1275.37,1.4099999999998545,46.17724763,0.0,1.0,0.0,1067.3483110904217,1067.3483110904217,0.0,0.0
1668191025.1621993,1275.86,0.4900000000000091,47.97145287,0.0,1.0,0.0,1067.3483110904217,1067.3483110904217,0.0,0.0
1668191086.3344915,1280.21,4.350000000000136,56.4235263,0.0,1.0,0.0,1067.3483110904217,1067.3483110904217,0.0,0.0
1668191146.0464585,1276.66,-3.5499999999999545,49.48675768,0.0,1.0,0.0,1067.3483110904217,1067.3483110904217,0.0,0.0
1668191206.4538336,1278.27,1.6099999999999,52.57895693,0.0,1.0,0.0,1067.3483110904217,1067.3483110904217,0.0,0.0
1668191266.9449933,1278.86,0.5899999999999181,53.56718508,0.0,1.0,0.0,1067.3483110904217,1067.3483110904217,0.0,0.0
1668191326.9765885,1278.34,-0.5199999999999818,52.40702782,0.0,1.0,0.0,1067.3483110904217,1067.3483110904217,0.0,0.0
1668191386.9329576,1278.54,0.20000000000004547,52.86908756,0.0,1.0,0.0,1067.3483110904217,1067.3483110904217,0.0,0.0
1668191447.8347602,1276.41,-2.1299999999998818,47.73756484,0.0,1.0,0.0,1067.3483110904217,1067.3483110904217,0.0,0.0
1668191507.7729902,1277.17,0.7599999999999909,49.60876133,0.0,1.0,0.0,1067.3483110904217,1067.3483110904217,0.0,0.0
1668191567.8133552,1279.45,2.2799999999999727,54.82335503,0.0,1.0,0.0,1067.3483110904217,1067.3483110904217,0.0,0.0
1668191628.9433568,1279.81,0.35999999999989996,55.29112716,0.0,1.0,0.0,1067.3483110904217,1067.3483110904217,0.0,0.0
1668191688.9235768,1278.79,-1.0199999999999818,52.75580239,0.0,1.0,0.0,1067.3483110904217,1067.3483110904217,0.0,0.0
1668191749.0427396,1279.9,1.1100000000001273,55.31263478,0.0,1.0,0.0,1067.3483110904217,1067.3483110904217,0.0,0.0
1668191809.9006832,1277.14,-2.759999999999991,48.54527535,0.0,1.0,0.0,1067.3483110904217,1067.3483110904217,0.0,0.0
1668191869.8900716,1279.43,2.2899999999999636,54.35927969,0.0,1.0,0.0,1067.3483110904217,1067.3483110904217,0.0,0.0
1668191929.8496969,1276.29,-3.1400000000001,46.25804146,0.0,1.0,0.0,1067.3483110904217,1067.3483110904217,0.0,0.0
1668191990.7543018,1277.18,0.8900000000001,48.7103534,0.0,1.0,0.0,1067.3483110904217,1067.3483110904217,0.0,0.0
1668192050.859102,1276.64,-0.5399999999999636,47.23361064,0.0,1.0,0.0,1067.3483110904217,1067.3483110904217,0.0,0.0
1668192110.8264492,1275.01,-1.6300000000001091,42.92711194,0.0,1.0,0.0,1067.3483110904217,1067.3483110904217,0.0,0.0
1668192171.894692,1269.69,-5.319999999999936,32.77863078,1.0,0.0,0.8406369358586913,0.0,1067.3483110904217,0.0,0.0
1668192231.8922236,1265.26,-4.430000000000064,29.47243023,1.0,0.0,0.8406369358586913,0.0,1063.6242894645677,-3.724021625853993,0.0
1668192291.967391,1269.0,3.740000000000009,38.5337546,1.0,0.0,0.8406369358586913,0.0,1066.7682716046793,3.143982140111575,0.0
1668192352.873884,1267.0,-2.0,33.94394755,1.0,0.0,0.8406369358586913,0.0,1065.086997732962,-1.6812738717173943,0.0
1668192412.8697088,1264.01,-2.990000000000009,30.13984401,1.0,0.0,0.8406369358586913,0.0,1062.5734932947444,-2.513504438217524,0.0
1668192472.831612,1262.32,-1.6900000000000546,28.23092565,1.0,0.0,0.8406369358586913,0.0,1061.1528168731431,-1.4206764216012289,0.0
1668192533.775161,1262.83,0.5099999999999909,29.14554136,1.0,0.0,0.8406369358586913,0.0,1061.581541710431,0.42872483728797306,0.0
1668192594.123489,1265.97,3.1400000000001,37.54304412,1.0,0.0,0.8406369358586913,0.0,1064.2211416890275,2.6395999785963795,0.0
1668192653.7988603,1265.72,-0.25,37.9188838,1.0,0.0,0.8406369358586913,0.0,1064.0109824550627,-0.21015923396475955,0.0
1668192715.2336228,1266.6,0.8799999999998818,39.3399759,1.0,0.0,0.8406369358586913,0.0,1064.7507429586185,0.7397605035555443,0.0
1668192775.1561985,1265.64,-0.959999999999809,37.63559294,1.0,0.0,0.8406369358586913,0.0,1063.9437315001942,-0.8070114584243129,0.0
1668192835.2769125,1264.81,-0.8300000000001546,37.24709639,1.0,0.0,0.8406369358586913,0.0,1063.2460028434311,-0.6977286567630472,0.0
1668192896.0770562,1263.26,-1.5499999999999545,34.53923116,1.0,0.0,0.8406369358586913,0.0,1061.9430155928503,-1.302987250580827,0.0
1668192956.0851552,1262.01,-1.25,32.61044634,1.0,0.0,0.8406369358586913,0.0,1060.892219423027,-1.050796169823343,0.0
1668193016.0672548,1265.3,3.2899999999999636,41.22518947,1.0,0.0,0.8406369358586913,0.0,1063.657914942002,2.765695518975008,0.0
1668193076.9778256,1264.27,-1.0299999999999727,39.6555115,1.0,0.0,0.8406369358586913,0.0,1062.7920588980676,-0.8658560439344001,0.0
1668193136.9470177,1264.3,0.029999999999972715,40.86808406,1.0,0.0,0.8406369358586913,0.0,1062.8172780061434,0.02521910807581662,0.0
1668193196.912345,1264.78,0.4800000000000182,42.19293261,1.0,0.0,0.8406369358586913,0.0,1063.2207837353556,0.40350572921215644,0.0
1668193257.819229,1262.82,-1.9600000000000364,38.16799856,1.0,0.0,0.8406369358586913,0.0,1061.5731353410724,-1.6476483942831237,0.0
1668193317.8368003,1257.1,-5.720000000000027,29.73495053,1.0,0.0,0.8406369358586913,0.0,1056.7646920679606,-4.808443273111834,0.0
1668193377.8270345,1252.99,-4.1099999999999,28.05657795,1.0,0.0,0.8406369358586913,0.0,1053.3096742615817,-3.455017806378919,0.0
1668193438.9605768,1253.14,0.15000000000009095,31.73660252,1.0,0.0,0.8406369358586913,0.0,1053.4357698019603,0.12609554037885573,0.0
1668193499.041077,1254.46,1.3199999999999363,35.01499472,1.0,0.0,0.8406369358586913,0.0,1054.545410557294,1.1096407553336576,0.0
1668193558.9365897,1255.57,1.1099999999999,36.84919611,1.0,0.0,0.8406369358586913,0.0,1055.478517556097,0.9331069988029412,0.0
1668193619.8359764,1254.37,-1.2000000000000455,35.56790006,1.0,0.0,0.8406369358586913,0.0,1054.4697532330665,-1.008764323030391,0.0
1668193679.7795107,1257.01,2.6400000000001,40.18313292,1.0,0.0,0.8406369358586913,0.0,1056.6890347437336,2.219281510667088,0.0
1668193740.0602283,1261.81,4.7999999999999545,48.99373805,1.0,0.0,0.8406369358586913,0.0,1060.7240920358552,4.035057292121564,0.0
1668193800.6781924,1261.22,-0.5899999999999181,48.01805965,1.0,0.0,0.8406369358586913,0.0,1060.2281162436989,-0.4959757921565142,0.0
1668193860.6128223,1264.34,3.119999999999891,53.3000147,1.0,0.0,0.8406369358586913,0.0,1062.8509034835777,2.6227872398787895,0.0
1668193920.70446,1271.95,7.610000000000127,62.6717334,1.0,0.0,0.8406369358586913,0.0,1069.2481505654623,6.397247081884643,0.0
1668193981.810572,1266.81,-5.1400000000001,55.12936017,1.0,0.0,0.8406369358586913,0.0,1064.9272767151483,-4.320873850313774,0.0
1668194041.758566,1265.07,-1.740000000000009,52.29828909,1.0,0.0,0.8406369358586913,0.0,1063.4645684467546,-1.462708268393726,0.0
1668194101.791483,1266.22,1.150000000000091,53.98443281,1.0,0.0,0.8406369358586913,0.0,1064.431300922992,0.9667324762374392,0.0
1668194162.7037091,1267.65,1.4300000000000637,56.11045861,1.0,0.0,0.8406369358586913,0.0,1065.63341174127,1.2021108182780154,0.0
1668194222.9283855,1269.63,1.9800000000000182,58.87114085,1.0,0.0,0.8406369358586913,0.0,1067.2978728742703,1.664461133000259,0.0
1668194282.671804,1269.91,0.2799999999999727,58.06803489,1.0,0.0,0.8406369358586913,0.0,1067.5332512163106,0.2353783420403488,0.0
1668194343.570678,1270.37,0.459999999999809,58.63294222,1.0,0.0,0.8406369358586913,0.0,1067.9199442068054,0.3866929904947938,0.0
1668194403.5320084,1269.93,-0.4399999999998272,57.81631848,1.0,0.0,0.8406369358586913,0.0,1067.5500639550278,-0.3698802517776585,0.0
1668194463.5072992,1269.47,-0.4600000000000364,56.39604748,1.0,0.0,0.8406369358586913,0.0,1067.1633709645328,-0.38669299049502115,0.0
1668194524.7232778,1268.37,-1.1000000000001364,54.33401344,1.0,0.0,0.8406369358586913,0.0,1066.238670335088,-0.9247006294447147,0.0
1668194584.604365,1269.17,0.8000000000001819,55.61890885,1.0,0.0,0.8406369358586913,0.0,1066.9111798837753,0.6725095486872306,0.0
1668194644.6704743,1269.83,0.6599999999998545,56.7385896,1.0,0.0,0.8406369358586913,0.0,1067.466000261442,0.5548203776666014,0.0
1668194705.5201414,1266.76,-3.0699999999999363,50.8019897,1.0,0.0,0.8406369358586913,0.0,1064.8852448683558,-2.5807553930862923,0.0
1668194765.5485182,1266.28,-0.4800000000000182,49.66823615,1.0,0.0,0.8406369358586913,0.0,1064.4817391391437,-0.40350572921215644,0.0
1668194825.4996204,1266.73,0.4500000000000455,50.63429133,1.0,0.0,0.8406369358586913,0.0,1064.86002576028,0.3782866211363398,0.0
1668194886.384529,1268.61,1.8799999999998818,54.26241905,1.0,0.0,0.8406369358586913,0.0,1066.440423199694,1.5803974394141278,0.0
1668194946.4072578,1268.85,0.2400000000000091,54.58949764,1.0,0.0,0.8406369358586913,0.0,1066.6421760643004,0.20175286460653297,0.0
1668195006.348447,1269.23,0.38000000000010914,55.35480391,1.0,0.0,0.8406369358586913,0.0,1066.961618099927,0.3194420356262526,0.0
1668195067.2821012,1267.22,-2.009999999999991,50.51099228,1.0,0.0,0.8406369358586913,0.0,1065.2719378588508,-1.6896802410760756,0.0
1668195127.3299358,1267.26,0.03999999999996362,50.5321717,1.0,0.0,0.8406369358586913,0.0,1065.305563336285,0.03362547743427058,0.0
1668195187.308152,1270.09,2.8299999999999272,56.86791063,1.0,0.0,0.8406369358586913,0.0,1067.684565864765,2.3790025284799867,0.0
1668195248.4718657,1267.48,-2.6099999999999,50.29036696,1.0,0.0,0.8406369358586913,0.0,1065.490503462174,-2.194062402591044,0.0
1668195308.5826092,1267.27,-0.21000000000003638,49.78563226,1.0,0.0,0.8406369358586913,0.0,1065.3139697056436,-0.17653375653048897,0.0
1668195368.4616067,1267.31,0.03999999999996362,49.91843043,1.0,0.0,0.8406369358586913,0.0,1065.347595183078,0.03362547743449795,0.0
1668195429.4010575,1264.16,-3.1499999999998636,42.09363956,1.0,0.0,0.8406369358586913,0.0,1062.6995888351232,-2.6480063479548335,0.0
1668195489.4748948,1264.86,0.6999999999998181,43.651814,1.0,0.0,0.8406369358586913,0.0,1063.288034690224,0.588445855100872,0.0
1668195549.368394,1264.01,-0.849999999999909,41.61169459,1.0,0.0,0.8406369358586913,0.0,1062.5734932947444,-0.7145413954797277,0.0
1668195610.2653694,1264.47,0.4600000000000364,42.98471587,1.0,0.0,0.8406369358586913,0.0,1062.9601862852394,0.38669299049502115,0.0
1668195670.3058891,1267.6,3.1299999999998818,52.21416814,1.0,0.0,0.8406369358586913,0.0,1065.5913798944769,2.631193609237471,0.0
1668195730.2978115,1267.79,0.19000000000005457,52.40235249,1.0,0.0,0.8406369358586913,0.0,1065.7511009122902,0.15972101781335368,0.0
1668195791.4732702,1266.08,-1.7100000000000364,47.5544258,1.0,0.0,0.8406369358586913,0.0,1064.3136117519718,-1.4374891603183642,0.0
1668195851.434002,1264.91,-1.1699999999998454,44.53851784,1.0,0.0,0.8406369358586913,0.0,1063.3300665370173,-0.9835452149545745,0.0
1668195911.41032,1267.07,2.1599999999998545,50.75466099,1.0,0.0,0.8406369358586913,0.0,1065.145842318472,1.815775781454704,0.0
1668195972.4018712,1266.27,-0.7999999999999545,48.58409557,1.0,0.0,0.8406369358586913,0.0,1064.473332769785,-0.6725095486870032,0.0
1668196032.405337,1263.34,-2.9300000000000637,41.57182928,1.0,0.0,0.8406369358586913,0.0,1062.0102665477189,-2.463066222066118,0.0
1668196092.370159,1262.03,-1.3099999999999454,38.88388734,1.0,0.0,0.8406369358586913,0.0,1060.909032161744,-1.1012343859747489,0.0
1668196153.3331454,1261.85,-0.18000000000006366,38.48143204,1.0,0.0,0.8406369358586913,0.0,1060.7577175132894,-0.15131464845467235,0.0
1668196213.3019202,1262.3,0.4500000000000455,40.0658751,1.0,0.0,0.8406369358586913,0.0,1061.136004134426,0.3782866211365672,0.0
1668196273.2813158,1263.2,0.900000000000091,43.13797399,1.0,0.0,0.8406369358586913,0.0,1061.892577376699,0.756573242272907,0.0
1668196334.516574,1261.88,-1.3199999999999363,38.96026133,1.0,0.0,0.8406369358586913,0.0,1060.7829366213657,-1.1096407553334302,0.0
1668196394.4360886,1264.21,2.3299999999999272,47.3169548,1.0,0.0,0.8406369358586913,0.0,1062.7416206819162,1.9586840605504676,0.0
1668196454.444003,1264.61,0.3999999999998636,48.61947318,1.0,0.0,0.8406369358586913,0.0,1063.0778754562596,0.3362547743433879,0.0
1668196515.3801112,1266.53,1.9200000000000728,54.44397393,1.0,0.0,0.8406369358586913,0.0,1064.6918983731082,1.6140229168486258,0.0
1668196575.3471391,1270.9,4.370000000000118,64.21384898,1.0,0.0,0.8406369358586913,0.0,1068.3654817828108,3.6735834097025872,0.0
1668196635.3373194,1277.3,6.399999999999864,73.05107636,0.0,1.0,0.0,1073.7455581723063,1073.7455581723063,5.380076389495571,0.0
1668196696.2213702,1274.55,-2.75,65.41685552,0.0,1.0,0.0,1073.7455581723063,1073.7455581723063,0.0,0.0
1668196756.1903088,1275.23,0.6800000000000637,66.35026484,0.0,1.0,0.0,1073.7455581723063,1073.7455581723063,0.0,0.0
1668196816.2104654,1274.18,-1.0499999999999545,63.37731169,0.0,1.0,0.0,1073.7455581723063,1073.7455581723063,0.0,0.0
1668196877.1271906,1273.45,-0.7300000000000182,61.55607124,0.0,1.0,0.0,1073.7455581723063,1073.7455581723063,0.0,0.0
1668196937.1950636,1270.81,-2.6400000000001,54.89414899,0.0,1.0,0.0,1073.7455581723063,1073.7455581723063,0.0,0.0
1668196997.0833547,1273.41,2.6000000000001364,59.53972981,0.0,1.0,0.0,1073.7455581723063,1073.7455581723063,0.0,0.0
1668197058.237372,1272.55,-0.8600000000001273,57.4393964,0.0,1.0,0.0,1073.7455581723063,1073.7455581723063,0.0,0.0
1668197118.2464094,1270.69,-1.8599999999999,53.06321434,0.0,1.0,0.0,1073.7455581723063,1073.7455581723063,0.0,0.0
1668197178.2693498,1272.12,1.4299999999998363,55.84831305,0.0,1.0,0.0,1073.7455581723063,1073.7455581723063,0.0,0.0
1668197239.1294591,1273.86,1.740000000000009,59.06626861,0.0,1.0,0.0,1073.7455581723063,1073.7455581723063,0.0,0.0
1668197299.1451163,1270.86,-3.0,52.1353639,0.0,1.0,0.0,1073.7455581723063,1073.7455581723063,0.0,0.0
1668197359.1048005,1272.7,1.8400000000001455,55.65918153,0.0,1.0,0.0,1073.7455581723063,1073.7455581723063,0.0,0.0
1668197420.0044484,1269.56,-3.1400000000001,49.02600338,0.0,1.0,0.0,1073.7455581723063,1073.7455581723063,0.0,0.0
1668197479.992832,1268.57,-0.9900000000000091,47.12319702,0.0,1.0,0.0,1073.7455581723063,1073.7455581723063,0.0,0.0
1668197540.0024014,1265.2,-3.369999999999891,41.24903942,0.0,1.0,0.0,1073.7455581723063,1073.7455581723063,0.0,0.0
1668197601.196144,1265.18,-0.01999999999998181,41.20919414,0.0,1.0,0.0,1073.7455581723063,1073.7455581723063,0.0,0.0
1668197661.1543806,1263.11,-2.0700000000001637,38.0618799,0.0,1.0,0.0,1073.7455581723063,1073.7455581723063,0.0,0.0
1668197721.1267123,1262.24,-0.8699999999998909,36.5027478,0.0,1.0,0.0,1073.7455581723063,1073.7455581723063,0.0,0.0
1668197782.0098095,1258.8,-3.4400000000000546,31.69531729,1.0,0.0,0.8529913871721532,0.0,1073.7455581723063,0.0,0.0
1668197842.135808,1259.19,0.39000000000010004,32.86513245,1.0,0.0,0.8529913871721532,0.0,1074.0782248133037,0.33266664099733134,0.0
1668197902.0165658,1258.45,-0.7400000000000091,31.85922662,1.0,0.0,0.8529913871721532,0.0,1073.447011186796,-0.6312136265075878,0.0
1668197962.8766017,1259.22,0.7699999999999818,34.19022768,1.0,0.0,0.8529913871721532,0.0,1074.1038145549187,0.6568033681226098,0.0
1668198022.9117332,1259.33,0.10999999999989996,34.52936978,1.0,0.0,0.8529913871721532,0.0,1074.1976436075076,0.09382905258894425,0.0
1668198082.9262917,1261.94,2.6100000000001273,42.14746215,1.0,0.0,0.8529913871721532,0.0,1076.423951128027,2.2263075205194127,0.0
1668198144.015481,1261.16,-0.7799999999999727,40.70108681,1.0,0.0,0.8529913871721532,0.0,1075.7586178460328,-0.6653332819942079,0.0
1668198204.0670545,1261.36,0.1999999999998181,41.28466409,1.0,0.0,0.8529913871721532,0.0,1075.929216123467,0.1705982774342374,0.0
1668198264.0482302,1261.15,-0.209999999999809,40.82243429,1.0,0.0,0.8529913871721532,0.0,1075.750087932161,-0.17912819130606294,0.0
1668198324.7967796,1261.63,0.4800000000000182,42.56349734,1.0,0.0,0.8529913871721532,0.0,1076.1595237980036,0.4094358658426245,0.0
1668198384.0656264,1261.02,-0.6100000000001273,41.13004951,1.0,0.0,0.8529913871721532,0.0,1075.6391990518289,-0.5203247461749925,0.0
1668198444.1028411,1262.72,1.7000000000000455,46.53416597,1.0,0.0,0.8529913871721532,0.0,1077.0892844100213,1.450085358192382,0.0
1668198504.0996397,1260.89,-1.8299999999999272,42.16412193,1.0,0.0,0.8529913871721532,0.0,1075.5283101714963,-1.5609742385249774,0.0
1668198564.5394242,1260.77,-0.12000000000011823,41.78960055,1.0,0.0,0.8529913871721532,0.0,1075.4259512050355,-0.1023589664607698,0.0
1668198624.0634506,1259.57,-1.2000000000000455,39.18101577,1.0,0.0,0.8529913871721532,0.0,1074.402361540429,-1.0235896646065612,0.0
1668198684.0777867,1262.19,2.6200000000001182,47.41380658,1.0,0.0,0.8529913871721532,0.0,1076.63719897482,2.234837434391011,0.0
1668198744.034183,1263.17,0.9800000000000182,50.13496765,1.0,0.0,0.8529913871721532,0.0,1077.4731305342489,0.8359315594289001,0.0
1668198803.9696858,1259.43,-3.740000000000009,41.34009314,1.0,0.0,0.8529913871721532,0.0,1074.282942746225,-3.190187788023877,0.0
1668198863.9818425,1254.96,-4.470000000000027,33.72510724,1.0,0.0,0.8529913871721532,0.0,1070.4700712455654,-3.8128715006596394,0.0
1668198924.1922245,1260.84,5.879999999999882,47.47876901,1.0,0.0,0.8529913871721532,0.0,1075.4856606021376,5.015589356572264,0.0
1668198984.079924,1258.37,-2.4700000000000273,43.29164881,1.0,0.0,0.8529913871721532,0.0,1073.3787718758224,-2.106888726315219,0.0
1668199044.4683435,1259.16,0.790000000000191,44.94481371,1.0,0.0,0.8529913871721532,0.0,1074.0526350716884,0.6738631958660335,0.0
1668199104.0698624,1258.62,-0.540000000000191,43.99531468,1.0,0.0,0.8529913871721532,0.0,1073.5920197226153,-0.46061534907312307,0.0
1668199164.02518,1253.06,-5.559999999999945,35.68373809,1.0,0.0,0.8529913871721532,0.0,1068.8493876099385,-4.742632112677029,0.0
1668199224.0740862,1242.49,-10.569999999999936,25.72930848,1.0,0.0,0.8529913871721532,0.0,1059.8332686475287,-9.016118962409791,0.0
1668199284.0669508,1248.08,5.589999999999918,35.88137782,1.0,0.0,0.8529913871721532,0.0,1064.6014905018208,4.768221854292051,0.0
1668199344.0514972,1247.53,-0.5499999999999545,35.36673784,1.0,0.0,0.8529913871721532,0.0,1064.1323452388765,-0.4691452629444939,0.0
1668199404.1458602,1246.32,-1.2100000000000364,34.20442233,1.0,0.0,0.8529913871721532,0.0,1063.100225660398,-1.0321195784786141,0.0
1668199464.080618,1245.21,-1.1099999999999,33.12086699,1.0,0.0,0.8529913871721532,0.0,1062.1534052206368,-0.9468204397612681,0.0
1668199524.593052,1245.86,0.6499999999998636,34.31787794,1.0,0.0,0.8529913871721532,0.0,1062.707849622299,0.55444440166184,0.0
1668199584.1343014,1249.16,3.300000000000182,40.72957988,1.0,0.0,0.8529913871721532,0.0,1065.522721199967,2.8148715776681,0.0
1668199644.1073108,1250.16,1.0,42.46310894,1.0,0.0,0.8529913871721532,0.0,1066.375712587139,0.8529913871720964,0.0
1668199704.1334603,1251.34,1.1799999999998363,44.64355605,1.0,0.0,0.8529913871721532,0.0,1067.382242424002,1.00652983686291,0.0
1668199764.1372256,1250.6,-0.7400000000000091,43.55169223,1.0,0.0,0.8529913871721532,0.0,1066.7510287974949,-0.6312136265073605,0.0
1668199824.136127,1251.77,1.1700000000000728,45.80842578,1.0,0.0,0.8529913871721532,0.0,1067.7490287204862,0.9979999229913119,0.0
1668199884.0337987,1250.71,-1.0599999999999454,44.09439809,1.0,0.0,0.8529913871721532,0.0,1066.8448578500838,-0.9041708704023677,0.0
1668199944.0486772,1250.36,-0.3500000000001364,43.50905606,1.0,0.0,0.8529913871721532,0.0,1066.5463108645731,-0.29854698551048386,0.0
1668200004.3026,1249.27,-1.0899999999999181,41.66802444,1.0,0.0,0.8529913871721532,0.0,1065.6165502525555,-0.9297606120173896,0.0
1668200064.2399342,1249.47,0.20000000000004547,42.19688959,1.0,0.0,0.8529913871721532,0.0,1065.7871485299902,0.17059827743469214,0.0
1668200124.196726,1247.86,-1.6100000000001273,39.16411876,1.0,0.0,0.8529913871721532,0.0,1064.4138323966429,-1.3733161333473163,0.0
1668200184.153411,1246.69,-1.1699999999998454,37.18163806,1.0,0.0,0.8529913871721532,0.0,1063.4158324736518,-0.9979999229910845,0.0
1668200244.1915824,1247.11,0.4199999999998454,38.38733652,1.0,0.0,0.8529913871721532,0.0,1063.774088856264,0.3582563826121259,0.0
1668200304.1828885,1248.97,1.8600000000001273,43.55425539,1.0,0.0,0.8529913871721532,0.0,1065.360652836404,1.5865639801402267,0.0
1668200364.2504983,1249.52,0.5499999999999545,45.02444282,1.0,0.0,0.8529913871721532,0.0,1065.8297980993489,0.4691452629449486,0.0
1668200424.1392665,1246.02,-3.5,38.20284727,1.0,0.0,0.8529913871721532,0.0,1062.8443282442463,-2.985469855102565,0.0
1668200484.4281898,1248.62,2.599999999999909,44.94647984,1.0,0.0,0.8529913871721532,0.0,1065.062105850894,2.217777606647587,0.0
1668200544.1443362,1249.0,0.38000000000010914,45.91166149,1.0,0.0,0.8529913871721532,0.0,1065.3862425780194,0.3241367271252784,0.0
1668200604.2341416,1252.41,3.410000000000082,53.41844102,1.0,0.0,0.8529913871721532,0.0,1068.2949432082764,2.9087006302570444,0.0
1668200664.183573,1252.65,0.2400000000000091,53.92353934,1.0,0.0,0.8529913871721532,0.0,1068.4996611411975,0.20471793292131224,0.0
1668200724.173957,1251.78,-0.8700000000001182,51.83537068,1.0,0.0,0.8529913871721532,0.0,1067.7575586343578,-0.7421025068397284,0.0
1668200784.1512172,1251.37,-0.41000000000008185,50.81962338,1.0,0.0,0.8529913871721532,0.0,1067.4078321656173,-0.3497264687405277,0.0
1668200844.214253,1252.8,1.4300000000000637,54.13108521,1.0,0.0,0.8529913871721532,0.0,1068.6276098492735,1.2197776836562753,0.0
1668200904.1875305,1255.01,2.2100000000000364,58.90738967,1.0,0.0,0.8529913871721532,0.0,1070.512720814924,1.8851109656504832,0.0
1668200964.1268694,1256.29,1.2799999999999727,61.23700178,1.0,0.0,0.8529913871721532,0.0,1071.6045497905045,1.0918289755802562,0.0
1668201024.1658049,1256.29,0.0,61.22757543,1.0,0.0,0.8529913871721532,0.0,1071.6045497905045,-2.2737367544323206e-13,0.0
1668201084.1895554,1255.59,-0.7000000000000455,59.00239407,1.0,0.0,0.8529913871721532,0.0,1071.0074558194838,-0.5970939710207404,0.0
1668201144.3640783,1256.38,0.790000000000191,60.7366739,1.0,0.0,0.8529913871721532,0.0,1071.6813190153498,0.6738631958660335,0.0
1668201204.1617866,1257.5,1.1199999999998909,63.12021605,1.0,0.0,0.8529913871721532,0.0,1072.636669368983,0.9553503536328662,0.0
1668201264.2009609,1259.62,2.119999999999891,67.19468639,0.0,1.0,0.0,1074.4450111097874,1074.4450111097874,1.808341740804508,0.0
1668201324.2121863,1258.23,-1.3899999999998727,62.50740155,0.0,1.0,0.0,1074.4450111097874,1074.4450111097874,0.0,0.0
1668201384.2265887,1260.22,1.990000000000009,66.31523561,0.0,1.0,0.0,1074.4450111097874,1074.4450111097874,0.0,0.0
1668201444.1963873,1258.19,-2.0299999999999727,59.73711595,0.0,1.0,0.0,1074.4450111097874,1074.4450111097874,0.0,0.0
1668201504.2694726,1256.88,-1.3099999999999454,55.84896655,0.0,1.0,0.0,1074.4450111097874,1074.4450111097874,0.0,0.0
1668201564.18318,1256.62,-0.2600000000002183,55.13397232,0.0,1.0,0.0,1074.4450111097874,1074.4450111097874,0.0,0.0
1668201624.1686673,1259.33,2.7100000000000364,61.16749904,0.0,1.0,0.0,1074.4450111097874,1074.4450111097874,0.0,0.0
1668201684.1742003,1261.4,2.0700000000001637,65.03564602,0.0,1.0,0.0,1074.4450111097874,1074.4450111097874,0.0,0.0
1668201744.2514496,1266.22,4.819999999999936,72.02166152,0.0,1.0,0.0,1074.4450111097874,1074.4450111097874,0.0,0.0
1668201804.2315793,1275.31,9.089999999999918,80.09832443,0.0,1.0,0.0,1074.4450111097874,1074.4450111097874,0.0,0.0
1668201864.2467597,1271.79,-3.519999999999982,71.47028309,0.0,1.0,0.0,1074.4450111097874,1074.4450111097874,0.0,0.0
1668201924.2432885,1271.14,-0.6499999999998636,69.90260088,0.0,1.0,0.0,1074.4450111097874,1074.4450111097874,0.0,0.0
1668201984.1258085,1271.84,0.6999999999998181,70.59709245,0.0,1.0,0.0,1074.4450111097874,1074.4450111097874,0.0,0.0
1668202044.2046156,1270.34,-1.5,66.95370288,0.0,1.0,0.0,1074.4450111097874,1074.4450111097874,0.0,0.0
1668202104.2005465,1268.42,-1.9199999999998454,62.49931236,0.0,1.0,0.0,1074.4450111097874,1074.4450111097874,0.0,0.0
1668202164.253476,1269.36,0.9399999999998272,63.76716551,0.0,1.0,0.0,1074.4450111097874,1074.4450111097874,0.0,0.0
1668202224.315586,1271.48,2.1200000000001182,66.51665026,0.0,1.0,0.0,1074.4450111097874,1074.4450111097874,0.0,0.0
1668202284.2578025,1268.58,-2.900000000000091,59.80779243,0.0,1.0,0.0,1074.4450111097874,1074.4450111097874,0.0,0.0
1668202344.3928533,1267.4,-1.1799999999998363,57.28313911,0.0,1.0,0.0,1074.4450111097874,1074.4450111097874,0.0,0.0
1668202404.3420892,1267.16,-0.2400000000000091,56.72011412,0.0,1.0,0.0,1074.4450111097874,1074.4450111097874,0.0,0.0
1668202464.2412372,1267.56,0.3999999999998636,57.41441716,0.0,1.0,0.0,1074.4450111097874,1074.4450111097874,0.0,0.0
1668202524.3132577,1267.5,-0.05999999999994543,57.26411889,0.0,1.0,0.0,1074.4450111097874,1074.4450111097874,0.0,0.0
1668202584.212572,1266.68,-0.8199999999999363,55.16558477,0.0,1.0,0.0,1074.4450111097874,1074.4450111097874,0.0,0.0
1668202644.3053555,1265.97,-0.7100000000000364,53.30462279,0.0,1.0,0.0,1074.4450111097874,1074.4450111097874,0.0,0.0
1668202704.5040205,1267.95,1.9800000000000182,57.65840536,0.0,1.0,0.0,1074.4450111097874,1074.4450111097874,0.0,0.0
1668202764.2921765,1268.99,1.0399999999999636,59.63710576,0.0,1.0,0.0,1074.4450111097874,1074.4450111097874,0.0,0.0
1668202824.3628771,1268.17,-0.8199999999999363,57.2476515,0.0,1.0,0.0,1074.4450111097874,1074.4450111097874,0.0,0.0
1668202884.3392334,1268.77,0.599999999999909,58.63606275,0.0,1.0,0.0,1074.4450111097874,1074.4450111097874,0.0,0.0
1668202944.2294836,1267.92,-0.849999999999909,56.19030626,0.0,1.0,0.0,1074.4450111097874,1074.4450111097874,0.0,0.0
1668203004.343083,1269.88,1.9600000000000364,60.66929316,0.0,1.0,0.0,1074.4450111097874,1074.4450111097874,0.0,0.0
1668203064.3170867,1270.25,0.36999999999989086,61.46981032,0.0,1.0,0.0,1074.4450111097874,1074.4450111097874,0.0,0.0
1668203124.3087652,1269.46,-0.7899999999999636,58.72161899,0.0,1.0,0.0,1074.4450111097874,1074.4450111097874,0.0,0.0
1668203244.3353283,1268.32,-1.1400000000001,54.60527546,0.0,1.0,0.0,1074.4450111097874,1074.4450111097874,0.0,0.0
1668203304.654699,1268.69,0.37000000000011823,55.59220873,0.0,1.0,0.0,1074.4450111097874,1074.4450111097874,0.0,0.0
1668203364.4021158,1269.47,0.7799999999999727,57.67209581,0.0,1.0,0.0,1074.4450111097874,1074.4450111097874,0.0,0.0
1668203424.3649526,1271.3,1.8299999999999272,62.14709429,0.0,1.0,0.0,1074.4450111097874,1074.4450111097874,0.0,0.0
1668203484.336034,1269.55,-1.75,56.00637913,0.0,1.0,0.0,1074.4450111097874,1074.4450111097874,0.0,0.0
1668203544.345202,1269.59,0.03999999999996362,56.07299228,0.0,1.0,0.0,1074.4450111097874,1074.4450111097874,0.0,0.0
1668203604.333361,1270.2,0.6100000000001273,57.76892684,0.0,1.0,0.0,1074.4450111097874,1074.4450111097874,0.0,0.0
1668203664.8037672,1271.72,1.5199999999999818,61.67259031,0.0,1.0,0.0,1074.4450111097874,1074.4450111097874,0.0,0.0
1668203724.3073704,1271.9,0.18000000000006366,62.11515943,0.0,1.0,0.0,1074.4450111097874,1074.4450111097874,0.0,0.0
1668203784.2341225,1269.54,-2.3600000000001273,53.33614251,0.0,1.0,0.0,1074.4450111097874,1074.4450111097874,0.0,0.0
1668203844.2564256,1268.45,-1.0899999999999181,49.97742014,0.0,1.0,0.0,1074.4450111097874,1074.4450111097874,0.0,0.0
1668203904.3117998,1268.48,0.029999999999972715,49.99974144,0.0,1.0,0.0,1074.4450111097874,1074.4450111097874,0.0,0.0
1668203964.394814,1269.58,1.099999999999909,53.608524,0.0,1.0,0.0,1074.4450111097874,1074.4450111097874,0.0,0.0
1668204024.323004,1269.74,0.16000000000008185,54.12679529,0.0,1.0,0.0,1074.4450111097874,1074.4450111097874,0.0,0.0
1668204084.2687504,1270.87,1.1299999999998818,57.71935284,0.0,1.0,0.0,1074.4450111097874,1074.4450111097874,0.0,0.0
1668204144.737547,1271.67,0.8000000000001819,60.10381088,0.0,1.0,0.0,1074.4450111097874,1074.4450111097874,0.0,0.0
1668204204.3011436,1271.69,0.01999999999998181,60.01492024,0.0,1.0,0.0,1074.4450111097874,1074.4450111097874,0.0,0.0
1668204264.3270571,1270.44,-1.25,54.44275939,0.0,1.0,0.0,1074.4450111097874,1074.4450111097874,0.0,0.0
1668204324.2881055,1268.15,-2.2899999999999636,46.23629301,0.0,1.0,0.0,1074.4450111097874,1074.4450111097874,0.0,0.0
1668204384.3966484,1269.95,1.7999999999999545,52.27097734,0.0,1.0,0.0,1074.4450111097874,1074.4450111097874,0.0,0.0
1668204444.3676765,1268.56,-1.3900000000001,47.90796857,0.0,1.0,0.0,1074.4450111097874,1074.4450111097874,0.0,0.0
1668204504.3164637,1270.46,1.900000000000091,53.60088381,0.0,1.0,0.0,1074.4450111097874,1074.4450111097874,0.0,0.0
1668204564.342839,1270.35,-0.11000000000012733,53.23636252,0.0,1.0,0.0,1074.4450111097874,1074.4450111097874,0.0,0.0
1668204624.3754685,1268.46,-1.8899999999998727,47.31530128,0.0,1.0,0.0,1074.4450111097874,1074.4450111097874,0.0,0.0
1668204685.062048,1269.48,1.0199999999999818,50.52516209,0.0,1.0,0.0,1074.4450111097874,1074.4450111097874,0.0,0.0
1668204744.3635814,1269.89,0.41000000000008185,51.79273925,0.0,1.0,0.0,1074.4450111097874,1074.4450111097874,0.0,0.0
1668204804.3111844,1269.24,-0.650000000000091,49.55577888,0.0,1.0,0.0,1074.4450111097874,1074.4450111097874,0.0,0.0
1668204864.346564,1269.76,0.5199999999999818,51.36057689,0.0,1.0,0.0,1074.4450111097874,1074.4450111097874,0.0,0.0
1668204924.3578432,1268.93,-0.8299999999999272,48.36922287,0.0,1.0,0.0,1074.4450111097874,1074.4450111097874,0.0,0.0
1668204984.303875,1269.24,0.30999999999994543,49.55161471,0.0,1.0,0.0,1074.4450111097874,1074.4450111097874,0.0,0.0
1668205044.3437052,1269.45,0.21000000000003638,50.38059949,0.0,1.0,0.0,1074.4450111097874,1074.4450111097874,0.0,0.0
1668205104.3865,1272.56,3.1099999999999,60.74071906,0.0,1.0,0.0,1074.4450111097874,1074.4450111097874,0.0,0.0
1668205164.3099775,1273.25,0.6900000000000546,62.59395645,0.0,1.0,0.0,1074.4450111097874,1074.4450111097874,0.0,0.0
1668205224.3593693,1273.96,0.7100000000000364,64.4648735,0.0,1.0,0.0,1074.4450111097874,1074.4450111097874,0.0,0.0
1668205284.316418,1274.0,0.03999999999996362,64.5716893,0.0,1.0,0.0,1074.4450111097874,1074.4450111097874,0.0,0.0
1668205344.357755,1272.01,-1.990000000000009,55.61500266,0.0,1.0,0.0,1074.4450111097874,1074.4450111097874,0.0,0.0
1668205404.3028474,1272.43,0.42000000000007276,56.57666859,0.0,1.0,0.0,1074.4450111097874,1074.4450111097874,0.0,0.0
1668205464.357937,1275.15,2.7200000000000273,64.45927835,0.0,1.0,0.0,1074.4450111097874,1074.4450111097874,0.0,0.0
1668205524.3565004,1275.61,0.459999999999809,65.58245699,0.0,1.0,0.0,1074.4450111097874,1074.4450111097874,0.0,0.0
1668205584.384213,1276.79,1.1800000000000637,68.31641271,0.0,1.0,0.0,1074.4450111097874,1074.4450111097874,0.0,0.0
1668205644.7217095,1276.19,-0.599999999999909,65.65952304,0.0,1.0,0.0,1074.4450111097874,1074.4450111097874,0.0,0.0
1668205704.415144,1275.97,-0.22000000000002728,64.60112475,0.0,1.0,0.0,1074.4450111097874,1074.4450111097874,0.0,0.0
1668205764.3996575,1275.08,-0.8900000000001,60.31728517,0.0,1.0,0.0,1074.4450111097874,1074.4450111097874,0.0,0.0
1668205824.4601457,1277.62,2.5399999999999636,67.08293844,0.0,1.0,0.0,1074.4450111097874,1074.4450111097874,0.0,0.0
1668205884.4098885,1277.55,-0.06999999999993634,66.91694312,0.0,1.0,0.0,1074.4450111097874,1074.4450111097874,0.0,0.0
1668205944.4075098,1277.71,0.16000000000008185,67.33989925,0.0,1.0,0.0,1074.4450111097874,1074.4450111097874,0.0,0.0
1668206004.3966494,1280.32,2.6099999999999,73.12539509,0.0,1.0,0.0,1074.4450111097874,1074.4450111097874,0.0,0.0
1668206064.3610191,1278.47,-1.849999999999909,64.41520977,0.0,1.0,0.0,1074.4450111097874,1074.4450111097874,0.0,0.0
1668206124.379856,1276.2,-2.269999999999982,55.655215,0.0,1.0,0.0,1074.4450111097874,1074.4450111097874,0.0,0.0
1668206184.3815851,1274.7,-1.5,50.74210338,0.0,1.0,0.0,1074.4450111097874,1074.4450111097874,0.0,0.0
1668206244.3773465,1273.25,-1.4500000000000455,46.47341798,0.0,1.0,0.0,1074.4450111097874,1074.4450111097874,0.0,0.0
1668206304.402158,1274.31,1.0599999999999454,49.79823117,0.0,1.0,0.0,1074.4450111097874,1074.4450111097874,0.0,0.0
1668206364.7726426,1274.99,0.6800000000000637,51.85456418,0.0,1.0,0.0,1074.4450111097874,1074.4450111097874,0.0,0.0
1668206424.3830352,1273.45,-1.5399999999999636,47.13613188,0.0,1.0,0.0,1074.4450111097874,1074.4450111097874,0.0,0.0
1668206484.452683,1275.28,1.8299999999999272,52.64455688,0.0,1.0,0.0,1074.4450111097874,1074.4450111097874,0.0,0.0
1668206544.461771,1276.14,0.8600000000001273,55.02413397,0.0,1.0,0.0,1074.4450111097874,1074.4450111097874,0.0,0.0
1668206604.378894,1277.53,1.3899999999998727,58.6216825,0.0,1.0,0.0,1074.4450111097874,1074.4450111097874,0.0,0.0
1668206664.3524854,1277.77,0.2400000000000091,59.22667627,0.0,1.0,0.0,1074.4450111097874,1074.4450111097874,0.0,0.0
1668206724.4658227,1274.46,-3.3099999999999454,48.62379412,0.0,1.0,0.0,1074.4450111097874,1074.4450111097874,0.0,0.0
1668206784.4157474,1273.32,-1.1400000000001,45.60070629,0.0,1.0,0.0,1074.4450111097874,1074.4450111097874,0.0,0.0
1668206844.536517,1273.0,-0.31999999999993634,44.75282925,0.0,1.0,0.0,1074.4450111097874,1074.4450111097874,0.0,0.0
1668206904.3853362,1274.22,1.2200000000000273,48.64946688,0.0,1.0,0.0,1074.4450111097874,1074.4450111097874,0.0,0.0
1668206964.4564805,1273.37,-0.8500000000001364,46.20431259,0.0,1.0,0.0,1074.4450111097874,1074.4450111097874,0.0,0.0
1668207024.4705746,1273.5,0.13000000000010914,46.64795696,0.0,1.0,0.0,1074.4450111097874,1074.4450111097874,0.0,0.0
1668207084.4677114,1273.15,-0.34999999999990905,45.56238923,0.0,1.0,0.0,1074.4450111097874,1074.4450111097874,0.0,0.0
1668207144.9897442,1270.92,-2.230000000000018,39.29882291,0.0,1.0,0.0,1074.4450111097874,1074.4450111097874,0.0,0.0
1668207204.4696298,1272.64,1.7200000000000273,45.51257422,0.0,1.0,0.0,1074.4450111097874,1074.4450111097874,0.0,0.0
1668207264.480189,1276.27,3.6299999999998818,55.80568109,0.0,1.0,0.0,1074.4450111097874,1074.4450111097874,0.0,0.0
1668207324.71427,1277.79,1.5199999999999818,59.28361885,0.0,1.0,0.0,1074.4450111097874,1074.4450111097874,0.0,0.0
1668207384.449546,1278.32,0.5299999999999727,60.45033471,0.0,1.0,0.0,1074.4450111097874,1074.4450111097874,0.0,0.0
1668207444.3975534,1283.89,5.570000000000164,70.13563726,0.0,1.0,0.0,1074.4450111097874,1074.4450111097874,0.0,0.0
1668207504.6114984,1282.41,-1.4800000000000182,65.54274548,0.0,1.0,0.0,1074.4450111097874,1074.4450111097874,0.0,0.0
1668207564.4173353,1281.16,-1.25,61.82830524,0.0,1.0,0.0,1074.4450111097874,1074.4450111097874,0.0,0.0
1668207624.8450594,1280.39,-0.7699999999999818,59.60651879,0.0,1.0,0.0,1074.4450111097874,1074.4450111097874,0.0,0.0
1668207684.452649,1279.39,-1.0,56.75205546,0.0,1.0,0.0,1074.4450111097874,1074.4450111097874,0.0,0.0
1668207744.522077,1282.65,3.259999999999991,62.98398193,0.0,1.0,0.0,1074.4450111097874,1074.4450111097874,0.0,0.0
1668207804.4316826,1285.42,2.769999999999982,67.29256448,0.0,1.0,0.0,1074.4450111097874,1074.4450111097874,0.0,0.0
1668207864.4740012,1285.07,-0.3500000000001364,66.24109034,0.0,1.0,0.0,1074.4450111097874,1074.4450111097874,0.0,0.0
1668207924.5785882,1283.71,-1.3599999999999,62.17755922,0.0,1.0,0.0,1074.4450111097874,1074.4450111097874,0.0,0.0
1668207984.568786,1282.89,-0.8199999999999363,59.79194393,0.0,1.0,0.0,1074.4450111097874,1074.4450111097874,0.0,0.0
1668208044.4357238,1282.2,-0.6900000000000546,57.796455,0.0,1.0,0.0,1074.4450111097874,1074.4450111097874,0.0,0.0
1668208104.7206647,1281.89,-0.30999999999994543,56.87472548,0.0,1.0,0.0,1074.4450111097874,1074.4450111097874,0.0,0.0
1668208164.4823306,1280.14,-1.75,51.84789264,0.0,1.0,0.0,1074.4450111097874,1074.4450111097874,0.0,0.0
1668208224.808201,1278.42,-1.7200000000000273,47.41697856,0.0,1.0,0.0,1074.4450111097874,1074.4450111097874,0.0,0.0
1668208284.3971612,1277.42,-1.0,45.0035793,0.0,1.0,0.0,1074.4450111097874,1074.4450111097874,0.0,0.0
1668208344.5144844,1277.45,0.029999999999972715,45.09723129,0.0,1.0,0.0,1074.4450111097874,1074.4450111097874,0.0,0.0
1668208404.5509994,1276.95,-0.5,43.80536448,0.0,1.0,0.0,1074.4450111097874,1074.4450111097874,0.0,0.0
1668208464.6142595,1278.37,1.4199999999998454,48.31558111,0.0,1.0,0.0,1074.4450111097874,1074.4450111097874,0.0,0.0
1668208524.566513,1277.97,-0.3999999999998636,47.16367472,0.0,1.0,0.0,1074.4450111097874,1074.4450111097874,0.0,0.0
1668208584.765368,1275.75,-2.2200000000000273,41.27941731,0.0,1.0,0.0,1074.4450111097874,1074.4450111097874,0.0,0.0
1668208645.263964,1274.43,-1.3199999999999363,38.22657353,0.0,1.0,0.0,1074.4450111097874,1074.4450111097874,0.0,0.0
1668208705.2331448,1272.58,-1.8500000000001364,34.38663936,0.0,1.0,0.0,1074.4450111097874,1074.4450111097874,0.0,0.0
1668208765.2062805,1272.45,-0.12999999999988177,34.12579636,0.0,1.0,0.0,1074.4450111097874,1074.4450111097874,0.0,0.0
1668208826.159654,1273.39,0.9400000000000546,37.76503455,0.0,1.0,0.0,1074.4450111097874,1074.4450111097874,0.0,0.0
1668208886.1168647,1274.17,0.7799999999999727,40.71005364,0.0,1.0,0.0,1074.4450111097874,1074.4450111097874,0.0,0.0
1668208946.0946517,1275.66,1.490000000000009,45.96509696,0.0,1.0,0.0,1074.4450111097874,1074.4450111097874,0.0,0.0
1668209007.2833138,1276.54,0.8799999999998818,48.84868448,0.0,1.0,0.0,1074.4450111097874,1074.4450111097874,0.0,0.0
1668209067.3791375,1275.3,-1.240000000000009,45.18922182,0.0,1.0,0.0,1074.4450111097874,1074.4450111097874,0.0,0.0
1668209127.2922962,1277.87,2.5699999999999363,53.04117638,0.0,1.0,0.0,1074.4450111097874,1074.4450111097874,0.0,0.0
1668209188.1878543,1276.68,-1.1899999999998272,49.48134852,0.0,1.0,0.0,1074.4450111097874,1074.4450111097874,0.0,0.0
1668209248.2480583,1277.02,0.33999999999991815,50.50294825,0.0,1.0,0.0,1074.4450111097874,1074.4450111097874,0.0,0.0
1668209308.1860716,1275.82,-1.2000000000000455,46.88202352,0.0,1.0,0.0,1074.4450111097874,1074.4450111097874,0.0,0.0
1668209369.0517106,1273.87,-1.9500000000000455,41.64195696,0.0,1.0,0.0,1074.4450111097874,1074.4450111097874,0.0,0.0
1668209429.0993395,1273.88,0.010000000000218279,41.66764981,0.0,1.0,0.0,1074.4450111097874,1074.4450111097874,0.0,0.0
1668209489.160085,1275.66,1.7799999999999727,47.83749661,0.0,1.0,0.0,1074.4450111097874,1074.4450111097874,0.0,0.0
1668209550.1184127,1274.45,-1.2100000000000364,44.40169625,0.0,1.0,0.0,1074.4450111097874,1074.4450111097874,0.0,0.0
1668209610.072439,1274.14,-0.30999999999994543,43.53735969,0.0,1.0,0.0,1074.4450111097874,1074.4450111097874,0.0,0.0
1668209670.1827896,1273.89,-0.25,42.81312197,0.0,1.0,0.0,1074.4450111097874,1074.4450111097874,0.0,0.0
1668209730.9608326,1274.22,0.32999999999992724,44.12202198,0.0,1.0,0.0,1074.4450111097874,1074.4450111097874,0.0,0.0
1668209791.008385,1277.74,3.519999999999982,55.82551468,0.0,1.0,0.0,1074.4450111097874,1074.4450111097874,0.0,0.0
1668209850.967144,1278.01,0.2699999999999818,56.57679577,0.0,1.0,0.0,1074.4450111097874,1074.4450111097874,0.0,0.0
1668209911.7466445,1280.67,2.660000000000082,63.21440007,0.0,1.0,0.0,1074.4450111097874,1074.4450111097874,0.0,0.0
1668209972.2162223,1284.84,4.169999999999845,70.73708989,0.0,1.0,0.0,1074.4450111097874,1074.4450111097874,0.0,0.0
1668210031.8542955,1288.05,3.2100000000000364,74.98373702,0.0,1.0,0.0,1074.4450111097874,1074.4450111097874,0.0,0.0
1668210092.6318858,1292.55,4.5,79.50526087,0.0,1.0,0.0,1074.4450111097874,1074.4450111097874,0.0,0.0
1668210152.5951133,1288.01,-4.539999999999964,66.5032666,0.0,1.0,0.0,1074.4450111097874,1074.4450111097874,0.0,0.0
1668210212.62894,1282.6,-5.410000000000082,54.96750606,0.0,1.0,0.0,1074.4450111097874,1074.4450111097874,0.0,0.0
1668210273.902371,1283.82,1.2200000000000273,56.78786177,0.0,1.0,0.0,1074.4450111097874,1074.4450111097874,0.0,0.0
1668210333.6608636,1284.57,0.75,57.91528245,0.0,1.0,0.0,1074.4450111097874,1074.4450111097874,0.0,0.0
1668210393.6700587,1284.47,-0.09999999999990905,57.7005575,0.0,1.0,0.0,1074.4450111097874,1074.4450111097874,0.0,0.0
1668210454.7214522,1286.53,2.0599999999999454,60.93311686,0.0,1.0,0.0,1074.4450111097874,1074.4450111097874,0.0,0.0
1668210514.8322215,1286.95,0.42000000000007276,61.57758454,0.0,1.0,0.0,1074.4450111097874,1074.4450111097874,0.0,0.0
1668210574.7647085,1288.94,1.990000000000009,64.56067414,0.0,1.0,0.0,1074.4450111097874,1074.4450111097874,0.0,0.0
1668210635.5469,1289.83,0.8899999999998727,65.83919139,0.0,1.0,0.0,1074.4450111097874,1074.4450111097874,0.0,0.0
1668210696.113171,1288.36,-1.4700000000000273,61.88200681,0.0,1.0,0.0,1074.4450111097874,1074.4450111097874,0.0,0.0
1668210755.5138414,1288.93,0.5700000000001637,62.81826894,0.0,1.0,0.0,1074.4450111097874,1074.4450111097874,0.0,0.0
1668210816.5830898,1293.27,4.339999999999918,69.05142072,0.0,1.0,0.0,1074.4450111097874,1074.4450111097874,0.0,0.0
1668210876.5290544,1293.33,0.05999999999994543,69.09237263,0.0,1.0,0.0,1074.4450111097874,1074.4450111097874,0.0,0.0
1668210936.5742698,1292.23,-1.099999999999909,65.860566,0.0,1.0,0.0,1074.4450111097874,1074.4450111097874,0.0,0.0
1668210997.5460498,1291.52,-0.7100000000000364,63.48654501,0.0,1.0,0.0,1074.4450111097874,1074.4450111097874,0.0,0.0
1668211057.5741673,1289.34,-2.1800000000000637,57.8212596,0.0,1.0,0.0,1074.4450111097874,1074.4450111097874,0.0,0.0
1668211117.5465045,1289.66,0.3200000000001637,58.44281175,0.0,1.0,0.0,1074.4450111097874,1074.4450111097874,0.0,0.0
1668211178.701278,1289.56,-0.10000000000013642,58.16092872,0.0,1.0,0.0,1074.4450111097874,1074.4450111097874,0.0,0.0
1668211238.398738,1289.35,-0.21000000000003638,57.47699586,0.0,1.0,0.0,1074.4450111097874,1074.4450111097874,0.0,0.0
1668211298.356591,1286.99,-2.3599999999999,50.76313879,0.0,1.0,0.0,1074.4450111097874,1074.4450111097874,0.0,0.0
1668211359.48979,1289.09,2.099999999999909,55.76255381,0.0,1.0,0.0,1074.4450111097874,1074.4450111097874,0.0,0.0
1668211419.4790592,1291.24,2.150000000000091,60.20909033,0.0,1.0,0.0,1074.4450111097874,1074.4450111097874,0.0,0.0
1668211479.513912,1288.0,-3.240000000000009,51.76316948,0.0,1.0,0.0,1074.4450111097874,1074.4450111097874,0.0,0.0
1668211540.3255455,1288.01,0.009999999999990905,51.78737236,0.0,1.0,0.0,1074.4450111097874,1074.4450111097874,0.0,0.0
1668211600.4395916,1287.0,-1.009999999999991,49.28704254,0.0,1.0,0.0,1074.4450111097874,1074.4450111097874,0.0,0.0
1668211660.42235,1285.18,-1.8199999999999363,45.06508051,0.0,1.0,0.0,1074.4450111097874,1074.4450111097874,0.0,0.0
1668211721.329353,1285.68,0.5,46.75941249,0.0,1.0,0.0,1074.4450111097874,1074.4450111097874,0.0,0.0
1668211781.5477035,1281.9,-3.7799999999999727,38.04267246,0.0,1.0,0.0,1074.4450111097874,1074.4450111097874,0.0,0.0
1668211841.2643142,1282.63,0.7300000000000182,39.36812777,0.0,1.0,0.0,1074.4450111097874,1074.4450111097874,0.0,0.0
1668211902.637451,1282.19,-0.44000000000005457,38.41696209,0.0,1.0,0.0,1074.4450111097874,1074.4450111097874,0.0,0.0
1668211962.676277,1282.75,0.5599999999999454,40.36322702,0.0,1.0,0.0,1074.4450111097874,1074.4450111097874,0.0,0.0
1668212022.7333934,1284.38,1.6300000000001091,45.91303579,0.0,1.0,0.0,1074.4450111097874,1074.4450111097874,0.0,0.0
1668212083.5401893,1283.63,-0.75,43.56551829,0.0,1.0,0.0,1074.4450111097874,1074.4450111097874,0.0,0.0
1668212143.5495806,1283.48,-0.15000000000009095,43.12983349,0.0,1.0,0.0,1074.4450111097874,1074.4450111097874,0.0,0.0
1668212203.5905569,1279.81,-3.6700000000000728,35.82832715,0.0,1.0,0.0,1074.4450111097874,1074.4450111097874,0.0,0.0
1668212264.569437,1278.3,-1.509999999999991,32.62244062,1.0,0.0,0.8405264891729542,0.0,1074.4450111097874,0.0,0.0
1668212324.51322,1278.34,0.03999999999996362,33.15610099,1.0,0.0,0.8405264891729542,0.0,1074.4786321693543,0.03362105956693995,0.0
1668212384.6105378,1278.54,0.20000000000004547,35.11908466,1.0,0.0,0.8405264891729542,0.0,1074.6467374671888,0.16810529783447237,0.0
1668212445.490084,1279.01,0.4700000000000273,36.94611857,1.0,0.0,0.8405264891729542,0.0,1075.0417849171,0.395047449911317,0.0
1668212505.4040935,1278.02,-0.9900000000000091,34.16813077,1.0,0.0,0.8405264891729542,0.0,1074.209663692819,-0.8321212242808542,0.0
1668212565.3646507,1277.42,-0.599999999999909,32.83401383,1.0,0.0,0.8405264891729542,0.0,1073.7053477993152,-0.5043158935038718,0.0
1668212626.448305,1276.41,-1.009999999999991,30.71459164,1.0,0.0,0.8405264891729542,0.0,1072.8564160452506,-0.8489317540645516,0.0
1668212686.3603013,1277.14,0.7300000000000182,33.41205362,1.0,0.0,0.8405264891729542,0.0,1073.4700003823468,0.6135843370961993,0.0
1668212746.4670548,1275.92,-1.2200000000000273,29.73710851,1.0,0.0,0.8405264891729542,0.0,1072.4445580655558,-1.0254423167909863,0.0
1668212807.2374003,1276.95,1.0299999999999727,35.34995966,1.0,0.0,0.8405264891729542,0.0,1073.310300349404,0.8657422838480215,0.0
1668212867.205577,1275.82,-1.1300000000001091,31.64632738,1.0,0.0,0.8405264891729542,0.0,1072.3605054166385,-0.9497949327655988,0.0
1668212927.4110725,1277.5,1.6800000000000637,39.04252726,1.0,0.0,0.8405264891729542,0.0,1073.772589918449,1.4120845018105683,0.0
1668212988.089392,1277.27,-0.2300000000000182,38.04143987,1.0,0.0,0.8405264891729542,0.0,1073.5792688259392,-0.1933210925099047,0.0
1668213048.020162,1276.95,-0.31999999999993634,36.4587629,1.0,0.0,0.8405264891729542,0.0,1073.310300349404,-0.2689684765352922,0.0
1668213108.02363,1278.46,1.509999999999991,44.29590599,1.0,0.0,0.8405264891729542,0.0,1074.5794953480552,1.2691949986510735,0.0
1668213169.1269796,1275.75,-2.7100000000000364,35.69309072,1.0,0.0,0.8405264891729542,0.0,1072.3016685623963,-2.2778267856588172,0.0
1668213229.236195,1274.65,-1.099999999999909,32.79047093,1.0,0.0,0.8405264891729542,0.0,1071.3770894243062,-0.9245791380901665,0.0
1668213289.1560166,1274.49,-0.16000000000008185,32.41006939,1.0,0.0,0.8405264891729542,0.0,1071.2426051860384,-0.1344842382677598,0.0
1668213350.0180075,1276.38,1.8900000000001,41.390451,1.0,0.0,0.8405264891729542,0.0,1072.8312002505754,1.588595064537003,0.0
1668213410.130988,1278.02,1.6399999999998727,47.76837033,1.0,0.0,0.8405264891729542,0.0,1074.209663692819,1.3784634422436284,0.0
1668213470.03519,1278.67,0.650000000000091,50.11025068,1.0,0.0,0.8405264891729542,0.0,1074.7560059107814,0.5463422179623194,0.0
1668213530.939699,1278.08,-0.5900000000001455,48.16945334,1.0,0.0,0.8405264891729542,0.0,1074.2600952821692,-0.49591062861213686,0.0
1668213590.8611138,1277.98,-0.09999999999990905,48.3134267,1.0,0.0,0.8405264891729542,0.0,1074.176042633252,-0.0840526489171225,0.0
1668213650.8568623,1275.78,-2.2000000000000455,40.41498657,1.0,0.0,0.8405264891729542,0.0,1072.3268843570715,-1.8491582761805603,0.0
1668213711.9488587,1275.33,-0.4500000000000455,38.89201105,1.0,0.0,0.8405264891729542,0.0,1071.9486474369437,-0.37823692012784704,0.0
1668213771.9568334,1273.06,-2.269999999999982,32.75712561,1.0,0.0,0.8405264891729542,0.0,1070.040652306521,-1.9079951304227052,0.0
1668213832.0003092,1272.1,-0.9600000000000364,31.99243027,1.0,0.0,0.8405264891729542,0.0,1069.2337468769151,-0.8069054296058766,0.0
1668213892.7592423,1272.3,0.20000000000004547,33.10889185,1.0,0.0,0.8405264891729542,0.0,1069.4018521747496,0.16810529783447237,0.0
1668213952.7896967,1270.52,-1.7799999999999727,29.00532915,1.0,0.0,0.8405264891729542,0.0,1067.905715024022,-1.4961371507276908,0.0
1668214012.7163558,1274.48,3.9600000000000364,43.02596813,1.0,0.0,0.8405264891729542,0.0,1071.234199921147,3.328484897124781,0.0
1668214073.585559,1274.91,0.43000000000006366,44.94313733,1.0,0.0,0.8405264891729542,0.0,1071.595626311491,0.3614263903441497,0.0
1668214133.798045,1274.47,-0.44000000000005457,43.42794192,1.0,0.0,0.8405264891729542,0.0,1071.225794656255,-0.36983165523611206,0.0
1668214193.565896,1275.95,1.4800000000000182,49.52024224,1.0,0.0,0.8405264891729542,0.0,1072.469773860231,1.243979203976096,0.0
1668214254.5323615,1275.77,-0.18000000000006366,48.78188578,1.0,0.0,0.8405264891729542,0.0,1072.3184790921798,-0.15129476805122977,0.0
1668214314.837561,1275.26,-0.5099999999999909,47.05073465,1.0,0.0,0.8405264891729542,0.0,1071.8898105827016,-0.42866850947825696,0.0
1668214374.4775434,1274.65,-0.6099999999999,44.86033887,1.0,0.0,0.8405264891729542,0.0,1071.3770894243062,-0.5127211583953795,0.0
1668214435.61007,1273.3,-1.3500000000001364,40.49619421,1.0,0.0,0.8405264891729542,0.0,1070.2423786639226,-1.1347107603835411,0.0
1668214495.577054,1273.56,0.2599999999999909,41.34129051,1.0,0.0,0.8405264891729542,0.0,1070.4609155511075,0.2185368871848823,0.0
1668214555.560667,1274.2,0.6400000000001,44.51058125,1.0,0.0,0.8405264891729542,0.0,1070.9988525041783,0.5379369530708118,0.0
1668214616.446733,1272.88,-1.3199999999999363,39.51380487,1.0,0.0,0.8405264891729542,0.0,1069.88935753847,-1.1094949657083362,0.0
1668214676.4151266,1273.91,1.0299999999999727,44.42951809,1.0,0.0,0.8405264891729542,0.0,1070.7550998223182,0.8657422838482489,0.0
1668214736.4343345,1274.56,0.6499999999998636,47.38580441,1.0,0.0,0.8405264891729542,0.0,1071.3014420402806,0.5463422179623194,0.0
1668214797.3529365,1275.4,0.8400000000001455,51.05221074,1.0,0.0,0.8405264891729542,0.0,1072.0074842911858,0.7060422509052842,0.0
1668214857.8219676,1274.98,-0.42000000000007276,49.04528736,1.0,0.0,0.8405264891729542,0.0,1071.6544631657332,-0.3530211254526421,0.0
1668214917.288566,1275.24,0.2599999999999909,49.96182042,1.0,0.0,0.8405264891729542,0.0,1071.873000052918,0.2185368871848823,0.0
1668214978.4719658,1275.18,-0.05999999999994543,49.85859204,1.0,0.0,0.8405264891729542,0.0,1071.822568463568,-0.05043158935018255,0.0
1668215038.5013688,1276.49,1.3099999999999454,54.88569558,1.0,0.0,0.8405264891729542,0.0,1072.9236581643845,1.1010897008163738,0.0
1668215098.48298,1276.62,0.12999999999988177,55.61943196,1.0,0.0,0.8405264891729542,0.0,1073.0329266079768,0.10926844359232746,0.0
1668215159.3353574,1275.54,-1.0799999999999272,51.13874424,1.0,0.0,0.8405264891729542,0.0,1072.12515799967,-0.9077686083066965,0.0
1668215219.30329,1274.93,-0.6099999999999,48.78067352,1.0,0.0,0.8405264891729542,0.0,1071.6124368412743,-0.5127211583953795,0.0
1668215279.4241607,1275.46,0.5299999999999727,51.05867094,1.0,0.0,0.8405264891729542,0.0,1072.0579158805365,0.4454790392619543,0.0
1668215340.257986,1272.76,-2.7000000000000455,40.66533268,1.0,0.0,0.8405264891729542,0.0,1069.7884943597692,-2.2694215207673096,0.0
1668215400.3238292,1271.16,-1.599999999999909,36.10010682,1.0,0.0,0.8405264891729542,0.0,1068.4436519770925,-1.3448423826766884,0.0
1668215460.3255131,1273.58,2.4199999999998454,46.0269932,1.0,0.0,0.8405264891729542,0.0,1070.477726080891,2.0340741037985026,0.0
1668215521.4772503,1273.47,-0.10999999999989996,45.92460748,1.0,0.0,0.8405264891729542,0.0,1070.385268167082,-0.09245791380885748,0.0
1668215581.4978056,1272.33,-1.1400000000001,42.38321924,1.0,0.0,0.8405264891729542,0.0,1069.4270679694248,-0.9582001976571064,0.0
1668215641.386077,1271.77,-0.5599999999999454,41.49063613,1.0,0.0,0.8405264891729542,0.0,1068.956373135488,-0.4706948339367045,0.0
1668215702.225276,1272.22,0.4500000000000455,43.44340728,1.0,0.0,0.8405264891729542,0.0,1069.334610055616,0.37823692012784704,0.0
1668215762.2376208,1273.37,1.1499999999998636,47.94608497,1.0,0.0,0.8405264891729542,0.0,1070.3012155181646,0.966605462548614,0.0
1668215822.1959865,1274.93,1.5600000000001728,52.92954737,1.0,0.0,0.8405264891729542,0.0,1071.6124368412743,1.3112213231099759,0.0
1668215882.9874234,1275.51,0.5799999999999272,54.66028448,1.0,0.0,0.8405264891729542,0.0,1072.099942204995,0.48750536372062925,0.0
1668215942.9714286,1276.04,0.5299999999999727,56.10687949,1.0,0.0,0.8405264891729542,0.0,1072.5454212442564,0.44547903926149957,0.0
1668216003.087076,1276.29,0.25,56.80632352,1.0,0.0,0.8405264891729542,0.0,1072.7555528665498,0.21013162229337468,0.0
1668216063.919644,1277.63,1.3400000000001455,60.9659016,1.0,0.0,0.8405264891729542,0.0,1073.8818583620416,1.1263054954918061,0.0
1668216123.886803,1277.25,-0.38000000000010914,59.92297481,1.0,0.0,0.8405264891729542,0.0,1073.562458296156,-0.31940006588570213,0.0
1668216184.319784,1277.12,-0.13000000000010914,59.41787434,1.0,0.0,0.8405264891729542,0.0,1073.4531898525631,-0.1092684435927822,0.0
1668216244.9555368,1275.41,-1.709999999999809,51.84664611,1.0,0.0,0.8405264891729542,0.0,1072.0158895560776,-1.437300296485546,0.0
1668216304.984296,1275.59,0.1799999999998363,52.26389475,1.0,0.0,0.8405264891729542,0.0,1072.1671843241286,0.1512947680510024,0.0
1668216364.9920187,1276.53,0.9400000000000546,55.61860316,1.0,0.0,0.8405264891729542,0.0,1072.9572792239512,0.790094899822634,0.0
1668216425.9415164,1277.29,0.7599999999999909,58.43705608,1.0,0.0,0.8405264891729542,0.0,1073.5960793557226,0.6388001317714043,0.0
1668216485.930657,1276.01,-1.2799999999999727,52.48631755,1.0,0.0,0.8405264891729542,0.0,1072.5202054495817,-1.0758739061411688,0.0
1668216545.8882673,1275.89,-0.11999999999989086,51.85990704,1.0,0.0,0.8405264891729542,0.0,1072.4193422708806,-0.10086317870104722,0.0
1668216606.7582574,1275.39,-0.5,49.47770488,1.0,0.0,0.8405264891729542,0.0,1071.999079026294,-0.420263244586522,0.0
1668216666.7218852,1276.04,0.6499999999998636,52.50379638,1.0,0.0,0.8405264891729542,0.0,1072.5454212442564,0.5463422179623194,0.0
1668216726.9986064,1274.83,-1.2100000000000364,46.75255817,1.0,0.0,0.8405264891729542,0.0,1071.5283841923572,-1.0170370518992513,0.0
1668216787.7008743,1273.29,-1.5399999999999636,40.42017326,1.0,0.0,0.8405264891729542,0.0,1070.233973399031,-1.2944107933262785,0.0
1668216847.0131228,1273.0,-0.2899999999999636,39.28586188,1.0,0.0,0.8405264891729542,0.0,1069.9902207171708,-0.24375268186008725,0.0
1668216906.84084,1272.24,-0.7599999999999909,36.39611111,1.0,0.0,0.8405264891729542,0.0,1069.3514205853994,-0.6388001317714043,0.0
1668216966.7695348,1270.0,-2.240000000000009,29.54974033,1.0,0.0,0.8405264891729542,0.0,1067.468641249652,-1.8827793357475002,0.0
1668217026.8576367,1270.73,0.7300000000000182,33.45930757,1.0,0.0,0.8405264891729542,0.0,1068.082225586748,0.6135843370961993,0.0
1668217086.811208,1269.47,-1.259999999999991,28.03289901,1.0,0.0,0.8405264891729542,0.0,1067.0231622103902,-1.0590633763579262,0.0
1668217146.8594675,1267.31,-2.160000000000082,23.22699761,1.0,0.0,0.8405264891729542,0.0,1065.2076249937766,-1.8155372166136203,0.0
1668217206.7667172,1266.75,-0.5599999999999454,22.09727285,1.0,0.0,0.8405264891729542,0.0,1064.73693015984,-0.4706948339367045,0.0
1668217266.74332,1270.52,3.769999999999982,40.36831656,1.0,0.0,0.8405264891729542,0.0,1067.905715024022,3.1687848641818164,0.0
1668217326.8325903,1270.96,0.44000000000005457,42.34613354,1.0,0.0,0.8405264891729542,0.0,1068.275546679258,0.36983165523611206,0.0
1668217386.8540075,1272.15,1.1900000000000546,47.70539059,1.0,0.0,0.8405264891729542,0.0,1069.2757732013738,1.0002265221157813,0.0
1668217446.9138107,1273.09,0.9399999999998272,51.39545072,1.0,0.0,0.8405264891729542,0.0,1070.0658681011962,0.7900948998224067,0.0
1668217506.891601,1274.0,0.9100000000000819,53.96501989,1.0,0.0,0.8405264891729542,0.0,1070.8307472063436,0.7648791051474291,0.0
1668217566.8873603,1275.0,1.0,57.64289044,1.0,0.0,0.8405264891729542,0.0,1071.671273695517,0.840526489173044,0.0
1668217626.916651,1275.42,0.42000000000007276,58.802736,1.0,0.0,0.8405264891729542,0.0,1072.024294820969,0.3530211254524147,0.0
1668217686.9686887,1278.85,3.4299999999998363,67.62391081,0.0,1.0,0.0,1074.9073006788324,1074.9073006788324,2.8830058578632816,0.0
1668217746.9187005,1278.46,-0.38999999999987267,63.8972572,0.0,1.0,0.0,1074.9073006788324,1074.9073006788324,0.0,0.0
1668217807.0013003,1279.16,0.7000000000000455,66.35789703,0.0,1.0,0.0,1074.9073006788324,1074.9073006788324,0.0,0.0
1668217866.966862,1278.16,-1.0,61.88337284,0.0,1.0,0.0,1074.9073006788324,1074.9073006788324,0.0,0.0
1668217926.8926375,1276.07,-2.0900000000001455,53.95246786,0.0,1.0,0.0,1074.9073006788324,1074.9073006788324,0.0,0.0
1668217987.0547144,1274.48,-1.5899999999999181,49.23905567,0.0,1.0,0.0,1074.9073006788324,1074.9073006788324,0.0,0.0
1668218046.9725149,1275.3,0.8199999999999363,51.72590956,0.0,1.0,0.0,1074.9073006788324,1074.9073006788324,0.0,0.0
1668218106.9255102,1275.29,-0.009999999999990905,51.81795067,0.0,1.0,0.0,1074.9073006788324,1074.9073006788324,0.0,0.0
1668218167.0928617,1275.44,0.15000000000009095,52.2568248,0.0,1.0,0.0,1074.9073006788324,1074.9073006788324,0.0,0.0
1668218226.925817,1274.82,-0.6200000000001182,50.00467779,0.0,1.0,0.0,1074.9073006788324,1074.9073006788324,0.0,0.0
1668218287.0626907,1273.94,-0.8799999999998818,47.0336289,0.0,1.0,0.0,1074.9073006788324,1074.9073006788324,0.0,0.0
1668218347.4235475,1273.71,-0.2300000000000182,46.21663694,0.0,1.0,0.0,1074.9073006788324,1074.9073006788324,0.0,0.0
1668218407.0260797,1273.75,0.03999999999996362,46.30698145,0.0,1.0,0.0,1074.9073006788324,1074.9073006788324,0.0,0.0
1668218467.114773,1272.04,-1.7100000000000364,40.40312069,0.0,1.0,0.0,1074.9073006788324,1074.9073006788324,0.0,0.0
1668218526.9333274,1271.58,-0.4600000000000364,38.88077834,0.0,1.0,0.0,1074.9073006788324,1074.9073006788324,0.0,0.0
1668218586.98306,1270.01,-1.5699999999999363,34.51298574,0.0,1.0,0.0,1074.9073006788324,1074.9073006788324,0.0,0.0
1668218647.0914512,1271.76,1.75,41.70147025,0.0,1.0,0.0,1074.9073006788324,1074.9073006788324,0.0,0.0
1668218706.9550898,1272.93,1.1700000000000728,46.51606929,0.0,1.0,0.0,1074.9073006788324,1074.9073006788324,0.0,0.0
1668218767.0681906,1274.48,1.5499999999999545,52.3081982,0.0,1.0,0.0,1074.9073006788324,1074.9073006788324,0.0,0.0
1668218827.0614192,1274.63,0.15000000000009095,52.85617011,0.0,1.0,0.0,1074.9073006788324,1074.9073006788324,0.0,0.0
1668218886.9304054,1274.7,0.06999999999993634,52.88320298,0.0,1.0,0.0,1074.9073006788324,1074.9073006788324,0.0,0.0
1668218946.9624872,1275.61,0.9099999999998545,56.43377684,0.0,1.0,0.0,1074.9073006788324,1074.9073006788324,0.0,0.0
1668219007.0512366,1275.1,-0.5099999999999909,53.2854517,0.0,1.0,0.0,1074.9073006788324,1074.9073006788324,0.0,0.0
1668219067.38698,1275.89,0.790000000000191,56.467105,0.0,1.0,0.0,1074.9073006788324,1074.9073006788324,0.0,0.0
1668219127.1554897,1275.66,-0.2300000000000182,55.12785263,0.0,1.0,0.0,1074.9073006788324,1074.9073006788324,0.0,0.0
1668219187.035078,1276.17,0.5099999999999909,57.23074397,0.0,1.0,0.0,1074.9073006788324,1074.9073006788324,0.0,0.0
1668219247.0134785,1276.26,0.08999999999991815,57.64185418,0.0,1.0,0.0,1074.9073006788324,1074.9073006788324,0.0,0.0
1668219306.990725,1276.93,0.6700000000000728,60.31626304,0.0,1.0,0.0,1074.9073006788324,1074.9073006788324,0.0,0.0
1668219367.071026,1275.7,-1.2300000000000182,53.90980361,0.0,1.0,0.0,1074.9073006788324,1074.9073006788324,0.0,0.0
1668219427.044753,1276.82,1.1199999999998909,59.23915103,0.0,1.0,0.0,1074.9073006788324,1074.9073006788324,0.0,0.0
1668219487.0050323,1278.77,1.9500000000000455,65.98879578,0.0,1.0,0.0,1074.9073006788324,1074.9073006788324,0.0,0.0
1668219546.905016,1279.22,0.4500000000000455,67.33561931,0.0,1.0,0.0,1074.9073006788324,1074.9073006788324,0.0,0.0
1668219607.1265626,1280.97,1.75,72.1362123,0.0,1.0,0.0,1074.9073006788324,1074.9073006788324,0.0,0.0
1668219666.9417243,1281.01,0.03999999999996362,72.30618655,0.0,1.0,0.0,1074.9073006788324,1074.9073006788324,0.0,0.0
1668219727.110366,1283.0,1.990000000000009,76.65295039,0.0,1.0,0.0,1074.9073006788324,1074.9073006788324,0.0,0.0
1668219787.2602177,1285.0,2.0,80.00050432,0.0,1.0,0.0,1074.9073006788324,1074.9073006788324,0.0,0.0
1668219847.0377998,1285.01,0.009999999999990905,78.78796683,0.0,1.0,0.0,1074.9073006788324,1074.9073006788324,0.0,0.0
1668219906.978156,1283.56,-1.4500000000000455,71.95138935,0.0,1.0,0.0,1074.9073006788324,1074.9073006788324,0.0,0.0
1668219967.0387735,1283.54,-0.01999999999998181,70.20714612,0.0,1.0,0.0,1074.9073006788324,1074.9073006788324,0.0,0.0
1668220027.1258576,1285.63,2.0900000000001455,74.52352834,0.0,1.0,0.0,1074.9073006788324,1074.9073006788324,0.0,0.0
1668220087.1380064,1287.27,1.6399999999998727,77.3399201,0.0,1.0,0.0,1074.9073006788324,1074.9073006788324,0.0,0.0
1668220147.0573251,1285.56,-1.7100000000000364,70.82165214,0.0,1.0,0.0,1074.9073006788324,1074.9073006788324,0.0,0.0
1668220206.962389,1285.94,0.38000000000010914,71.82989582,0.0,1.0,0.0,1074.9073006788324,1074.9073006788324,0.0,0.0
1668220267.1499636,1288.29,2.349999999999909,76.2927691,0.0,1.0,0.0,1074.9073006788324,1074.9073006788324,0.0,0.0
1668220327.0572555,1288.5,0.21000000000003638,76.66884742,0.0,1.0,0.0,1074.9073006788324,1074.9073006788324,0.0,0.0
1668220387.1823852,1285.48,-3.019999999999982,62.2528968,0.0,1.0,0.0,1074.9073006788324,1074.9073006788324,0.0,0.0
1668220447.1047697,1283.73,-1.75,55.56303453,0.0,1.0,0.0,1074.9073006788324,1074.9073006788324,0.0,0.0
1668220507.0696323,1284.67,0.9400000000000546,57.82169283,0.0,1.0,0.0,1074.9073006788324,1074.9073006788324,0.0,0.0
1668220567.2151668,1285.3,0.6299999999998818,59.58949517,0.0,1.0,0.0,1074.9073006788324,1074.9073006788324,0.0,0.0
1668220627.3459518,1285.13,-0.16999999999984539,59.1272891,0.0,1.0,0.0,1074.9073006788324,1074.9073006788324,0.0,0.0
1668220687.250035,1287.37,2.2399999999997817,64.5820613,0.0,1.0,0.0,1074.9073006788324,1074.9073006788324,0.0,0.0
1668220747.0701106,1288.0,0.6300000000001091,65.99452772,0.0,1.0,0.0,1074.9073006788324,1074.9073006788324,0.0,0.0
1668220807.3435647,1286.5,-1.5,60.16634936,0.0,1.0,0.0,1074.9073006788324,1074.9073006788324,0.0,0.0
1668220867.2598703,1286.45,-0.049999999999954525,59.66555399,0.0,1.0,0.0,1074.9073006788324,1074.9073006788324,0.0,0.0
1668220926.999993,1284.35,-2.1000000000001364,51.98038997,0.0,1.0,0.0,1074.9073006788324,1074.9073006788324,0.0,0.0
1668220987.071468,1283.99,-0.35999999999989996,50.72154028,0.0,1.0,0.0,1074.9073006788324,1074.9073006788324,0.0,0.0
1668221047.5199587,1284.24,0.25,51.60767423,0.0,1.0,0.0,1074.9073006788324,1074.9073006788324,0.0,0.0
1668221107.236035,1283.58,-0.6600000000000819,49.02469437,0.0,1.0,0.0,1074.9073006788324,1074.9073006788324,0.0,0.0
1668221167.1138592,1283.9,0.3200000000001637,50.46866651,0.0,1.0,0.0,1074.9073006788324,1074.9073006788324,0.0,0.0
1668221227.1622913,1283.28,-0.6200000000001182,48.07112542,0.0,1.0,0.0,1074.9073006788324,1074.9073006788324,0.0,0.0
1668221287.1054635,1284.36,1.0799999999999272,51.681851,0.0,1.0,0.0,1074.9073006788324,1074.9073006788324,0.0,0.0
1668221347.4090493,1283.0,-1.3599999999999,47.04094469,0.0,1.0,0.0,1074.9073006788324,1074.9073006788324,0.0,0.0
1668221407.0532663,1282.28,-0.7200000000000273,45.00809864,0.0,1.0,0.0,1074.9073006788324,1074.9073006788324,0.0,0.0
1668221467.2287169,1282.57,0.2899999999999636,46.20240386,0.0,1.0,0.0,1074.9073006788324,1074.9073006788324,0.0,0.0
1668221527.152877,1282.01,-0.5599999999999454,44.33424524,0.0,1.0,0.0,1074.9073006788324,1074.9073006788324,0.0,0.0
1668221587.4857588,1281.97,-0.03999999999996362,44.17986331,0.0,1.0,0.0,1074.9073006788324,1074.9073006788324,0.0,0.0
1668221647.3276432,1281.32,-0.650000000000091,41.98289815,0.0,1.0,0.0,1074.9073006788324,1074.9073006788324,0.0,0.0
1668221707.0825264,1279.62,-1.7000000000000455,36.61850466,0.0,1.0,0.0,1074.9073006788324,1074.9073006788324,0.0,0.0
1668221767.920344,1278.23,-1.3899999999998727,32.82048818,1.0,0.0,0.8409341829552055,0.0,1074.9073006788324,0.0,0.0
1668221827.435105,1277.49,-0.7400000000000091,30.91213909,1.0,0.0,0.8409341829552055,0.0,1074.2850093834454,-0.6222912953869582,0.0
1668221887.2274835,1277.75,0.2599999999999909,31.83568388,1.0,0.0,0.8409341829552055,0.0,1074.5036522710138,0.21864288756842143,0.0
1668221947.09646,1278.23,0.4800000000000182,35.29429699,1.0,0.0,0.8409341829552055,0.0,1074.9073006788324,0.4036484078185367,0.0
1668222007.2791908,1277.72,-0.5099999999999909,36.43686604,1.0,0.0,0.8409341829552055,0.0,1074.4784242455253,-0.4288764333070958,0.0
1668222067.1407726,1276.9,-0.8199999999999363,32.67004401,1.0,0.0,0.8409341829552055,0.0,1073.788858215502,-0.689566030023343,0.0
1668222127.081363,1278.52,1.6199999999998909,40.86496697,1.0,0.0,0.8409341829552055,0.0,1075.1511715918894,1.3623133763874193,0.0
1668222187.095165,1278.15,-0.36999999999989086,39.38036758,1.0,0.0,0.8409341829552055,0.0,1074.840025944196,-0.3111456476933654,0.0
1668222247.321958,1276.91,-1.240000000000009,34.40584671,1.0,0.0,0.8409341829552055,0.0,1073.7972675573317,-1.0427583868645343,0.0
1668222307.2220962,1278.29,1.3799999999998818,41.33793023,1.0,0.0,0.8409341829552055,0.0,1074.9577567298095,1.1604891724780373,0.0
1668222367.1754086,1277.56,-0.7300000000000182,39.12859574,1.0,0.0,0.8409341829552055,0.0,1074.3438747762525,-0.6138819535572111,0.0
1668222427.2017672,1275.36,-2.2000000000000455,34.92186012,1.0,0.0,0.8409341829552055,0.0,1072.493819573751,-1.8500552025016077,0.0
1668222487.6113448,1272.83,-2.5299999999999727,27.6009684,1.0,0.0,0.8409341829552055,0.0,1070.3662560908742,-2.127563482876667,0.0
1668222547.1773562,1272.99,0.16000000000008185,27.78464791,1.0,0.0,0.8409341829552055,0.0,1070.500805560147,0.13454946927276978,0.0
1668222607.2730596,1272.57,-0.42000000000007276,26.92399829,1.0,0.0,0.8409341829552055,0.0,1070.1476132033058,-0.3531923568411912,0.0
1668222667.34422,1271.57,-1.0,24.90195954,1.0,0.0,0.8409341829552055,0.0,1069.3066790203509,-0.8409341829551522,0.0
1668222727.1868346,1268.67,-2.8999999999998636,20.26231192,1.0,0.0,0.8409341829552055,0.0,1066.8679698897806,-2.4387091305702597,0.0
1668222787.332544,1272.29,3.619999999999891,34.56565335,1.0,0.0,0.8409341829552055,0.0,1069.9121516320783,3.0441817422977238,0.0
1668222847.2834606,1270.42,-1.8699999999998909,28.97063092,1.0,0.0,0.8409341829552055,0.0,1068.3396047099525,-1.5725469221260937,0.0
1668222908.208562,1269.99,-0.43000000000006366,28.87330118,1.0,0.0,0.8409341829552055,0.0,1067.9780030112815,-0.3616016986709383,0.0
1668222967.2707014,1271.07,1.0799999999999272,34.12813319,1.0,0.0,0.8409341829552055,0.0,1068.886211928873,0.9082089175915371,0.0
1668223027.2908375,1270.15,-0.9199999999998454,30.31519723,1.0,0.0,0.8409341829552055,0.0,1068.1125524805543,-0.7736594483187673,0.0
1668223087.2627287,1270.44,0.2899999999999636,32.44151623,1.0,0.0,0.8409341829552055,0.0,1068.3564233936113,0.2438709130569805,0.0
1668223147.1832132,1269.53,-0.9100000000000819,30.24324673,1.0,0.0,0.8409341829552055,0.0,1067.591173287122,-0.7652501064892476,0.0
1668223207.356021,1269.99,0.4600000000000364,32.83883031,1.0,0.0,0.8409341829552055,0.0,1067.9780030112815,0.38682972415949735,0.0
1668223267.3246517,1269.1,-0.8900000000001,29.13423904,1.0,0.0,0.8409341829552055,0.0,1067.229571588451,-0.7484314228302082,0.0
1668223327.2478118,1269.87,0.7699999999999818,33.44476496,1.0,0.0,0.8409341829552055,0.0,1067.8770909093266,0.6475193208755172,0.0
1668223387.2086596,1269.18,-0.6899999999998272,29.63679427,1.0,0.0,0.8409341829552055,0.0,1067.2968463230875,-0.580244586238905,0.0
1668223447.174253,1261.11,-8.070000000000164,15.91907214,1.0,0.0,0.8409341829552055,0.0,1060.5105074666392,-6.78633885644831,0.0
1668223507.1554766,1255.82,-5.289999999999964,12.1180657,1.0,0.0,0.8409341829552055,0.0,1056.0619656388062,-4.448541827832969,0.0
1668223567.2537968,1259.14,3.3200000000001637,24.15136932,1.0,0.0,0.8409341829552055,0.0,1058.8538671262174,2.7919014874112236,0.0
1668223627.420465,1261.85,2.709999999999809,32.61891845,1.0,0.0,0.8409341829552055,0.0,1061.132798762026,2.278931635808476,0.0
1668223687.25954,1262.13,0.2800000000002001,33.9779582,1.0,0.0,0.8409341829552055,0.0,1061.3682603332536,0.23546157122768818,0.0
1668223747.2381773,1262.8,0.6699999999998454,35.8186009,1.0,0.0,0.8409341829552055,0.0,1061.9316862358337,0.5634259025798656,0.0
1668223807.3856666,1265.34,2.5399999999999636,42.7948124,1.0,0.0,0.8409341829552055,0.0,1064.0676590605397,2.1359728247059593,0.0
1668223867.3729396,1263.25,-2.089999999999918,37.90535245,1.0,0.0,0.8409341829552055,0.0,1062.3101066181634,-1.757552442376209,0.0
1668223927.1765816,1261.03,-2.2200000000000273,34.06392058,1.0,0.0,0.8409341829552055,0.0,1060.4432327320028,-1.866873886160647,0.0
1668223987.262246,1259.57,-1.4600000000000364,32.74954394,1.0,0.0,0.8409341829552055,0.0,1059.215468824888,-1.2277639071146496,0.0
1668224047.2381697,1262.04,2.4700000000000273,39.9861286,1.0,0.0,0.8409341829552055,0.0,1061.2925762567877,2.077107431899549,0.0
1668224107.6113398,1264.38,2.3400000000001455,45.69399188,1.0,0.0,0.8409341829552055,0.0,1063.2603622449028,1.9677859881151107,0.0
1668224167.1775365,1264.04,-0.3400000000001455,45.16359954,1.0,0.0,0.8409341829552055,0.0,1062.974444622698,-0.2859176222048063,0.0
1668224227.1545146,1264.38,0.3400000000001455,45.81469992,1.0,0.0,0.8409341829552055,0.0,1063.2603622449028,0.2859176222048063,0.0
1668224287.1804085,1264.28,-0.10000000000013642,45.76073743,1.0,0.0,0.8409341829552055,0.0,1063.1762688266072,-0.08409341829565165,0.0
1668224347.206462,1268.97,4.690000000000055,56.42126793,1.0,0.0,0.8409341829552055,0.0,1067.1202501446671,3.9439813180599685,0.0
1668224407.233878,1267.72,-1.25,53.64442028,1.0,0.0,0.8409341829552055,0.0,1066.069082415973,-1.051167728694054,0.0
1668224467.302343,1265.83,-1.8900000000001,49.16612484,1.0,0.0,0.8409341829552055,0.0,1064.4797168101877,-1.5893656057853605,0.0
1668224527.2410722,1266.0,0.17000000000007276,49.63545926,1.0,0.0,0.8409341829552055,0.0,1064.6226756212902,0.14295881110251685,0.0
1668224587.173185,1265.27,-0.7300000000000182,47.90125763,1.0,0.0,0.8409341829552055,0.0,1064.0087936677328,-0.6138819535574385,0.0
1668224647.1765673,1260.98,-4.289999999999964,39.17020274,1.0,0.0,0.8409341829552055,0.0,1060.401186022855,-3.6076076448778167,0.0
1668224707.1571617,1261.26,0.2799999999999727,39.53639526,1.0,0.0,0.8409341829552055,0.0,1060.6366475940824,0.2354615712274608,0.0
1668224767.1382382,1263.69,2.4300000000000637,45.55505141,1.0,0.0,0.8409341829552055,0.0,1062.6801176586637,2.0434700645812427,0.0
1668224827.2553744,1261.04,-2.650000000000091,39.77372567,1.0,0.0,0.8409341829552055,0.0,1060.4516420738323,-2.228475584831358,0.0
1668224887.2776403,1261.8,0.7599999999999909,41.89902468,1.0,0.0,0.8409341829552055,0.0,1061.0907520528783,0.6391099790459975,0.0
1668224947.2459638,1261.13,-0.6699999999998454,40.91942713,1.0,0.0,0.8409341829552055,0.0,1060.5273261502984,-0.5634259025798656,0.0
1668225007.5666904,1260.7,-0.43000000000006366,41.24292022,1.0,0.0,0.8409341829552055,0.0,1060.1657244516275,-0.3616016986709383,0.0
1668225067.2976923,1257.93,-2.769999999999982,35.16555537,1.0,0.0,0.8409341829552055,0.0,1057.8363367648417,-2.3293876867858216,0.0
