time,open,close,macd,mom,rsi
1666568997.8196836,19564.52,19565.75,1.41447993,-6.31,48.99690724
1666569007.7901337,19564.52,19565.75,1.41447993,-6.31,48.99690724
1666569017.8361397,19561.43,19561.43,0.48044285,-8.14,46.25192328
1666569027.8277102,19561.43,19561.43,0.48044285,-8.14,46.25192328
1666569037.784032,19561.43,19561.43,0.48044285,-8.14,46.25192328
1666569052.4969091,19561.43,19566.93,0.91918929,-2.64,50.04490574
1666569058.0914583,19561.43,19566.93,0.91918929,-2.64,50.04490574
1666569068.5632827,19561.43,19566.93,0.91918929,-2.64,50.04490574
1666569078.5853145,19561.37,19561.37,0.00468835,-15.7,46.21364435
1666569088.561703,19561.37,19561.37,0.00468835,-15.7,46.21364435
1666569098.5689974,19561.37,19561.37,0.00468835,-15.7,46.21364435
1666569108.926959,19561.37,19561.21,-0.00807518,-15.86,46.10406652
1666569118.5930498,19561.37,19561.21,-0.00807518,-15.86,46.10406652
1666569130.070967,19561.37,19561.21,-0.00807518,-15.86,46.10406652
1666569138.586918,19566.19,19566.19,0.27389667,-15.44,49.84484977
1666569148.7279887,19566.19,19566.19,0.27389667,-15.44,49.84484977
1666569158.573437,19566.19,19566.19,0.27389667,-15.44,49.84484977
1666569320.505193,19571.44,19571.44,-0.15988742,-3.26,53.61478217
1666569320.9707496,19571.44,19571.44,-0.15988742,-3.26,53.61478217
1666569329.244533,19571.44,19571.44,-0.15988742,-3.26,53.61478217
1666569339.23036,19571.44,19571.44,-0.15988742,-3.26,53.61478217
1666569349.6379538,19571.44,19578.22,0.38096728,3.52,56.96367604
1666569359.2587132,19571.44,19578.22,0.38096728,3.52,56.96367604
1666569369.2278426,19571.44,19578.22,0.38096728,3.52,56.96367604
1666569524.878853,19564.5,19566.74,-0.2475844,2.22,50.70493638
1666569530.8206382,19564.5,19566.74,-0.2475844,2.22,50.70493638
1666569540.7177382,19564.5,19566.74,-0.2475844,2.22,50.70493638
1666569550.6931927,19567.7,19567.7,0.03248598,6.27,51.17174715
1666569560.6885326,19567.7,19567.7,0.03248598,6.27,51.17174715
1666569661.2491264,19570.4,19569.96,0.54437357,8.59,52.26888965
1666569661.4867566,19570.4,19569.96,0.54437357,8.59,52.26888965
1666569670.83963,19570.4,19569.96,0.54437357,8.59,52.26888965
1666569680.7883828,19563.53,19563.53,-0.09537473,-1.96,48.79445578
1666569707.988743,19563.53,19578.93,1.1331153,13.44,56.31900127
1666569711.3975997,19563.53,19578.93,1.1331153,13.44,56.31900127
1666569721.4277046,19563.53,19578.93,1.1331153,13.44,56.31900127
1666569793.5509136,19569.37,19569.37,1.00710706,20.03,51.46507338
1666569801.437751,19569.37,19569.37,1.00710706,20.03,51.46507338
1666569840.9391985,19569.37,19584.65,2.22602444,35.31,58.20140556
1666569841.4337184,19569.37,19584.65,2.22602444,35.31,58.20140556
1666569851.4093115,19569.37,19584.65,2.22602444,35.31,58.20140556
1666569861.4438615,19575.82,19575.82,2.02505465,4.38,54.44295703
1666569872.88036,19575.82,19575.82,2.02505465,4.38,54.44295703
1666569882.1689188,19575.82,19569.62,1.53046775,-1.82,51.13126964
1666569892.1707108,19575.82,19569.62,1.53046775,-1.82,51.13126964
1666569902.1636696,19575.82,19569.62,1.53046775,-1.82,51.13126964
1666570079.5588207,19563.61,19556.49,-0.14210469,-8.01,45.22859159
1666570081.1846635,19563.61,19556.49,-0.14210469,-8.01,45.22859159
1666570107.1578157,19560.69,19560.69,-0.31655853,-6.91,46.98936247
1666570111.0875878,19560.69,19560.69,-0.31655853,-6.91,46.98936247
1666570201.822409,19564.54,19570.44,0.31878511,0.04,51.88099316
1666570202.0797486,19564.54,19570.44,0.31878511,0.04,51.88099316
1666570217.7454913,19585.56,19585.56,2.72425171,21.33,57.98092658
1666570221.2113738,19585.56,19585.56,2.72425171,21.33,57.98092658
1666570231.114575,19585.56,19585.56,2.72425171,21.33,57.98092658
1666570241.7983804,19585.56,19578.46,2.15786994,14.23,54.47033868
1666570251.7808945,19585.56,19578.46,2.15786994,14.23,54.47033868
1666570262.014454,19585.56,19578.46,2.15786994,14.23,54.47033868
1666570271.7746131,19585.56,19578.46,2.15786994,14.23,54.47033868
1666570281.813306,19575.45,19575.45,2.17241409,-0.34,53.1071504
1666570291.8411694,19575.45,19575.45,2.17241409,-0.34,53.1071504
1666570490.4631245,19573.15,19564.29,1.58330277,1.3,47.45060688
1666570500.3725226,19573.15,19564.29,1.58330277,1.3,47.45060688
1666570510.4344678,19553.43,19553.43,-0.5603596,-19.96,43.18089922
1666570520.3565354,19553.43,19553.43,-0.5603596,-19.96,43.18089922
1666570530.367647,19553.43,19553.43,-0.5603596,-19.96,43.18089922
1666570540.3672378,19553.43,19549.0,-0.91374991,-24.39,41.54936089
1666570550.3833475,19553.43,19549.0,-0.91374991,-24.39,41.54936089
1666570979.5222983,19557.04,19554.55,-3.57866094,-18.37,45.63701602
1666571014.483386,19556.13,19556.13,-3.37709687,-17.62,46.44756531
1666571019.2964966,19556.13,19556.13,-3.37709687,-17.62,46.44756531
1666571029.282889,19556.13,19551.51,-3.74564388,-22.24,43.98742271
1666571039.295129,19556.13,19551.51,-3.74564388,-22.24,43.98742271
1666571049.2453623,19556.13,19551.51,-3.74564388,-22.24,43.98742271
1666571059.2663066,19556.82,19556.82,-3.2194701,2.45,46.92108062
1666571069.2899077,19556.82,19556.82,-3.2194701,2.45,46.92108062
1666571079.2846465,19556.82,19556.82,-3.2194701,2.45,46.92108062
1666571089.2743568,19556.82,19559.12,-3.03599432,4.75,48.45304331
1666571099.3035405,19556.82,19559.12,-3.03599432,4.75,48.45304331
1666571109.4966133,19556.82,19559.12,-3.03599432,4.75,48.45304331
1666571119.2926106,19560.42,19560.42,-2.49933195,11.44,49.25462514
1666571129.3398068,19560.42,19560.42,-2.49933195,11.44,49.25462514
1666571147.0028,19560.42,19561.11,-2.44428922,12.13,49.70022435
1666571151.779829,19560.42,19561.11,-2.44428922,12.13,49.70022435
1666571161.7503014,19560.42,19561.11,-2.44428922,12.13,49.70022435
1666571182.312125,19570.75,19570.75,-0.72638922,27.13,55.3666594
1666571191.8064568,19570.75,19570.75,-0.72638922,27.13,55.3666594
1666571205.0626318,19570.75,19568.1,-0.93778523,24.48,53.57895212
1666571211.7886107,19570.75,19568.1,-0.93778523,24.48,53.57895212
1666571221.840655,19570.75,19568.1,-0.93778523,24.48,53.57895212
1666571231.827225,19570.75,19568.1,-0.93778523,24.48,53.57895212
1666571241.8388417,19566.25,19566.25,-0.61267954,15.35,52.39785011
1666571251.7890637,19566.25,19566.25,-0.61267954,15.35,52.39785011
1666571261.8117642,19566.25,19566.25,-0.61267954,15.35,52.39785011
1666571273.2097418,19566.25,19571.59,-0.18669663,20.69,55.45058711
1666571282.033428,19566.25,19571.59,-0.18669663,20.69,55.45058711
1666571291.7793863,19566.25,19571.59,-0.18669663,20.69,55.45058711
1666571301.7977836,19577.31,19577.31,1.31640602,26.97,58.32099246
1666571332.4417284,19577.31,19578.96,1.44802995,28.62,59.13681886
1666571338.0465014,19577.31,19578.96,1.44802995,28.62,59.13681886
1666571348.0166943,19577.31,19578.96,1.44802995,28.62,59.13681886
1666571358.0207508,19575.24,19575.24,1.84080622,19.46,56.92700415
1666571434.4729676,19577.1,19577.1,2.67903868,17.91,57.70110434
1666571440.190858,19577.1,19577.1,2.67903868,17.91,57.70110434
1666571450.2277684,19577.1,19583.22,3.16724381,24.03,61.09098918
1666571460.230409,19577.1,19583.22,3.16724381,24.03,61.09098918
1666571470.186683,19577.1,19583.22,3.16724381,24.03,61.09098918
1666571480.1854067,19581.55,19581.55,3.76118265,23.45,60.266707
1666571490.446068,19581.55,19581.55,3.76118265,23.45,60.266707
1666571500.2702105,19581.55,19589.87,4.42488635,31.77,64.32196248
1666571510.2331274,19581.55,19589.87,4.42488635,31.77,64.32196248
1666571555.0905173,19583.04,19583.04,4.4654023,26.91,61.08100517
1666571556.801186,19583.04,19583.04,4.4654023,26.91,61.08100517
1666571566.521052,19583.04,19585.79,4.68477552,29.66,62.56455247
1666571576.5164375,19583.04,19585.79,4.68477552,29.66,62.56455247
1666571586.5229514,19583.04,19585.79,4.68477552,29.66,62.56455247
1666571596.5378597,19582.25,19582.25,4.79520268,26.04,60.55589597
1666571606.534921,19582.25,19582.25,4.79520268,26.04,60.55589597
1666571616.539014,19582.25,19582.25,4.79520268,26.04,60.55589597
1666571626.4907856,19582.25,19583.05,4.85902035,26.84,61.04160941
1666571636.5447483,19582.25,19583.05,4.85902035,26.84,61.04160941
1666571646.6790152,19582.25,19583.05,4.85902035,26.84,61.04160941
1666571656.527603,19584.03,19584.03,5.25683365,22.7,61.65186007
1666571666.556199,19584.03,19584.03,5.25683365,22.7,61.65186007
1666571676.5547016,19584.03,19584.03,5.25683365,22.7,61.65186007
1666571686.530539,19584.03,19580.13,4.94572254,18.8,58.13810615
1666571696.5469227,19584.03,19580.13,4.94572254,18.8,58.13810615
1666571706.5492685,19584.03,19580.13,4.94572254,18.8,58.13810615
1666571716.7413964,19576.11,19576.11,4.40908319,5.33,54.65348289
1666571727.1673858,19576.11,19576.11,4.40908319,5.33,54.65348289
1666571775.750388,19573.1,19573.1,3.6859817,6.85,52.15537427
1666571779.520423,19573.1,19573.1,3.6859817,6.85,52.15537427
1666571792.8846302,19573.1,19573.1,3.6859817,6.85,52.15537427
1666571799.409649,19573.1,19573.1,3.6859817,6.85,52.15537427
1666571809.39673,19573.1,19590.14,5.04529794,23.89,62.39816728
1666571819.40605,19573.1,19590.14,5.04529794,23.89,62.39816728
1666571829.3844855,19573.1,19590.14,5.04529794,23.89,62.39816728
1666571880.829039,19583.76,19566.29,3.47492912,-10.83,47.05717353
1666571890.82943,19551.93,19551.93,0.51751472,-23.31,40.40295882
1666571900.8387692,19551.93,19551.93,0.51751472,-23.31,40.40295882
1666571910.8483057,19551.93,19551.93,0.51751472,-23.31,40.40295882
1666571920.9268844,19551.93,19544.47,-0.07758499,-30.77,37.44094649
1666571930.838683,19551.93,19544.47,-0.07758499,-30.77,37.44094649
1666571940.811165,19551.93,19544.47,-0.07758499,-30.77,37.44094649
1666571950.8553298,19551.93,19544.47,-0.07758499,-30.77,37.44094649
1666571960.8606458,19550.0,19550.0,-1.18078233,-28.01,39.59260881
1666571971.115513,19550.0,19550.0,-1.18078233,-28.01,39.59260881
1666571990.3772452,19550.0,19540.73,-1.92026951,-37.28,35.87116036
1666572000.4929187,19550.0,19540.73,-1.92026951,-37.28,35.87116036
1666572010.4165463,19550.0,19540.73,-1.92026951,-37.28,35.87116036
1666572026.6056108,19540.52,19540.52,-3.71739311,-41.03,35.79494209
1666572030.3733163,19540.52,19540.52,-3.71739311,-41.03,35.79494209
1666572040.336994,19540.52,19544.96,-3.36320507,-36.59,38.75781304
1666572050.3480587,19540.52,19544.96,-3.36320507,-36.59,38.75781304
1666572060.3963294,19540.52,19544.96,-3.36320507,-36.59,38.75781304
1666572070.3679094,19540.52,19544.96,-3.36320507,-36.59,38.75781304
1666572084.860377,19529.02,19529.02,-6.6955762,-53.48,31.80903305
1666572090.417608,19529.02,19529.02,-6.6955762,-53.48,31.80903305
1666572100.4246163,19529.02,19531.25,-6.51768447,-51.25,33.35870877
1666572110.4099667,19529.02,19531.25,-6.51768447,-51.25,33.35870877
1666572120.4050207,19529.02,19531.25,-6.51768447,-51.25,33.35870877
1666572130.7259033,19529.02,19531.25,-6.51768447,-51.25,33.35870877
1666572140.394064,19525.51,19525.51,-8.76145696,-56.74,30.90903656
1666572150.405754,19525.51,19525.51,-8.76145696,-56.74,30.90903656
1666572160.412875,19525.51,19525.51,-8.76145696,-56.74,30.90903656
1666572171.066028,19525.51,19524.62,-8.83245411,-57.63,30.40472635
1666572181.2449095,19525.51,19524.62,-8.83245411,-57.63,30.40472635
1666572191.095799,19522.72,19522.72,-10.37098037,-60.61,29.77653835
1666572227.137462,19522.72,19523.57,-10.3031741,-59.76,30.06585818
1666572231.123222,19522.72,19523.57,-10.3031741,-59.76,30.06585818
1666572241.0967343,19522.72,19523.57,-10.3031741,-59.76,30.06585818
1666572274.267659,19514.97,19514.97,-12.4511712,-61.75,27.36159228
1666572281.0920334,19514.97,19522.3,-11.86644186,-54.42,32.65845082
1666572291.2569864,19514.97,19522.3,-11.86644186,-54.42,32.65845082
1666572301.0914392,19514.97,19522.3,-11.86644186,-54.42,32.65845082
1666572311.1098783,19514.97,19522.3,-11.86644186,-54.42,32.65845082
1666572321.1194649,19522.24,19522.24,-12.38995559,-50.21,33.01500029
1666572331.0766156,19522.24,19522.24,-12.38995559,-50.21,33.01500029
1666572341.1216068,19522.24,19522.24,-12.38995559,-50.21,33.01500029
1666572351.7406263,19522.24,19519.2,-12.63246272,-53.25,31.94609118
1666572361.7475572,19522.24,19519.2,-12.63246272,-53.25,31.94609118
1666572371.7486782,19523.01,19523.01,-12.62194515,-61.65,33.29719433
1666572381.7731676,19523.01,19523.01,-12.62194515,-61.65,33.29719433
1666572392.1201684,19523.01,19523.01,-12.62194515,-61.65,33.29719433
1666572401.750869,19523.01,19529.68,-12.08986538,-54.98,38.22306156
1666572411.74156,19523.01,19529.68,-12.08986538,-54.98,38.22306156
1666572421.7623792,19523.01,19529.68,-12.08986538,-54.98,38.22306156
1666572431.7433512,19523.01,19529.68,-12.08986538,-54.98,38.22306156
1666572441.7741988,19526.8,19526.8,-12.1722243,-25.13,36.1883385
1666572714.901862,19518.56,19521.95,-12.26324162,-3.05,38.37026435
1666572715.367804,19518.56,19521.95,-12.26324162,-3.05,38.37026435
1666572716.229702,19518.56,19521.95,-12.26324162,-3.05,38.37026435
1666572716.4926558,19518.56,19521.95,-12.26324162,-3.05,38.37026435
1666572716.724846,19518.56,19521.95,-12.26324162,-3.05,38.37026435
1666572745.3248756,19517.37,19517.37,-12.46499795,-6.2,35.35444151
1666572751.0895743,19517.37,19517.37,-12.46499795,-6.2,35.35444151
1666572761.10558,19517.37,19515.57,-12.60858769,-8.0,34.55610952
1666572771.2732258,19517.37,19515.57,-12.60858769,-8.0,34.55610952
1666572781.1004744,19517.37,19515.57,-12.60858769,-8.0,34.55610952
1666572791.0725665,19508.39,19508.39,-13.46358037,-7.18,31.71275455
1666572801.1053302,19508.39,19508.39,-13.46358037,-7.18,31.71275455
1666572827.4167938,19508.39,19511.09,-13.24819576,-4.48,33.9148401
1666572834.8278852,19508.39,19511.09,-13.24819576,-4.48,33.9148401
1666572861.4115205,19511.89,19511.89,-13.07838172,-11.56,34.5807763
1666572871.409546,19511.89,19511.89,-13.07838172,-11.56,34.5807763
1666572881.3654802,19511.89,19512.15,-13.05764098,-11.3,34.79663042
1666572891.432795,19511.89,19512.15,-13.05764098,-11.3,34.79663042
1666573046.2497385,19508.58,19508.58,-13.16528463,-21.39,36.52951399
1666573052.1458986,19508.58,19508.58,-13.16528463,-21.39,36.52951399
1666573062.1073828,19508.58,19510.89,-12.98101113,-19.08,38.03361674
1666573072.1641283,19508.58,19510.89,-12.98101113,-19.08,38.03361674
1666573082.1126764,19508.58,19510.89,-12.98101113,-19.08,38.03361674
1666573092.3076012,19517.03,19517.03,-11.5019871,-8.94,42.49093122
1666573102.1656525,19517.03,19517.03,-11.5019871,-8.94,42.49093122
1666573112.415842,19517.03,19517.03,-11.5019871,-8.94,42.49093122
1666573122.188555,19517.03,19513.99,-11.74449422,-11.98,40.81385612
1666573132.1908698,19517.03,19513.99,-11.74449422,-11.98,40.81385612
1666573142.1276393,19517.03,19513.99,-11.74449422,-11.98,40.81385612
1666573152.1769834,19526.39,19526.39,-9.25438177,13.86,48.53965282
1666573162.1857295,19526.39,19526.39,-9.25438177,13.86,48.53965282
1666573204.8798134,19526.39,19519.44,-9.80879772,6.91,44.75272257
1666573210.481671,19526.39,19519.44,-9.80879772,6.91,44.75272257
1666573220.4482293,19518.14,19518.14,-9.08232881,-0.42,44.08488688
1666573230.4627786,19518.14,19518.14,-9.08232881,-0.42,44.08488688
1666573240.6258173,19518.14,19518.14,-9.08232881,-0.42,44.08488688
1666573250.6864033,19518.14,19515.53,-9.29053394,-3.03,42.75864196
1666573260.448357,19518.14,19515.53,-9.29053394,-3.03,42.75864196
1666573270.4464765,19518.14,19515.53,-9.29053394,-3.03,42.75864196
1666573280.4621682,19512.27,19512.27,-9.27830773,-5.09,41.51075733
1666573290.4324868,19512.27,19512.27,-9.27830773,-5.09,41.51075733
1666573300.444815,19512.27,19513.28,-9.19773793,-4.08,42.18955518
1666573310.500562,19512.27,19513.28,-9.19773793,-4.08,42.18955518
1666573320.4247968,19512.27,19513.28,-9.19773793,-4.08,42.18955518
1666573330.4776647,19514.42,19514.42,-8.57656603,6.03,42.93703976
1666573340.489715,19514.42,19514.42,-8.57656603,6.03,42.93703976
1666573350.4751265,19514.42,19514.42,-8.57656603,6.03,42.93703976
1666573360.475489,19514.42,19515.8,-8.46648056,7.41,43.88294946
1666573370.465351,19514.42,19515.8,-8.46648056,7.41,43.88294946
1666573381.0874376,19514.42,19515.8,-8.46648056,7.41,43.88294946
1666573391.1594627,19522.3,19522.3,-6.95008316,11.09,47.94758777
1666573401.1463542,19522.3,19522.3,-6.95008316,11.09,47.94758777
1666573411.35804,19522.3,19522.3,-6.95008316,11.09,47.94758777
1666573421.1406772,19522.3,19516.91,-7.38005467,5.7,45.03383706
1666573431.1682634,19522.3,19516.91,-7.38005467,5.7,45.03383706
1666573441.150017,19522.3,19516.91,-7.38005467,5.7,45.03383706
1666573451.1331089,19519.15,19519.15,-6.49061955,14.23,46.17168529
1666573461.1666768,19519.15,19519.15,-6.49061955,14.23,46.17168529
1666573471.3408227,19519.15,19519.15,-6.49061955,14.23,46.17168529
1666573481.1549814,19519.15,19521.14,-6.33187311,16.22,47.42899812
1666573491.1800747,19519.15,19521.14,-6.33187311,16.22,47.42899812
1666573501.1869228,19519.15,19521.14,-6.33187311,16.22,47.42899812
1666573511.1277618,19524.46,19524.46,-5.15353109,23.3,49.50101421
1666573521.1555915,19524.46,19524.46,-5.15353109,23.3,49.50101421
1666573531.141289,19524.46,19524.46,-5.15353109,23.3,49.50101421
1666573541.1430345,19524.46,19525.86,-5.04185018,24.7,50.38878481
1666573551.1762023,19524.46,19525.86,-5.04185018,24.7,50.38878481
1666573562.1722677,19524.46,19525.86,-5.04185018,24.7,50.38878481
1666573572.0306754,19522.65,19522.65,-4.67560396,13.08,48.44061077
1666573581.9049706,19522.65,19522.65,-4.67560396,13.08,48.44061077
1666573592.0779045,19522.65,19522.65,-4.67560396,13.08,48.44061077
1666573601.8577085,19522.65,19522.65,-4.67560396,13.08,48.44061077
1666573611.8179045,19522.65,19523.01,-4.64688601,13.44,48.68496136
1666573621.8810265,19522.65,19523.01,-4.64688601,13.44,48.68496136
1666573631.885115,19522.65,19522.65,-4.09965259,6.15,48.44638075
1666573641.8587809,19522.65,19522.65,-4.09965259,6.15,48.44638075
1666573651.9031572,19522.65,19522.65,-4.09965259,6.15,48.44638075
1666573661.9026742,19522.65,19521.2,-4.21532211,4.7,47.4582893
1666573671.875275,19522.65,19521.2,-4.21532211,4.7,47.4582893
1666573681.9390109,19522.65,19521.2,-4.21532211,4.7,47.4582893
1666573691.8869338,19521.75,19521.75,-3.72142435,-4.4,47.82597651
1666573701.907315,19521.75,19521.75,-3.72142435,-4.4,47.82597651
1666573711.9092736,19521.75,19521.75,-3.72142435,-4.4,47.82597651
1666573721.874779,19521.75,19521.8,-3.71743575,-4.35,47.86492791
1666573732.0860338,19521.75,19521.8,-3.71743575,-4.35,47.86492791
1666573742.546036,19521.75,19521.8,-3.71743575,-4.35,47.86492791
1666573752.659998,19522.51,19522.51,-3.21962225,3.69,48.42099817
1666573762.5721433,19522.51,19522.51,-3.21962225,3.69,48.42099817
1666573772.712047,19522.51,19522.51,-3.21962225,3.69,48.42099817
1666573806.9304993,19522.51,19521.58,-3.29381028,2.76,47.70327467
1666573816.925806,19523.03,19523.03,-2.79641563,12.02,48.8850811
1666573826.925086,19523.03,19523.03,-2.79641563,12.02,48.8850811
1666573837.126856,19523.03,19523.03,-2.79641563,12.02,48.8850811
1666573846.9076655,19523.03,19522.41,-2.84587432,11.4,48.33738386
1666573857.226503,19523.03,19522.41,-2.84587432,11.4,48.33738386
1666573866.9257083,19523.03,19522.41,-2.84587432,11.4,48.33738386
1666573876.9087768,19519.96,19519.96,-2.86571746,5.54,46.3612443
1666573886.9011252,19519.96,19519.96,-2.86571746,5.54,46.3612443
1666573896.9321208,19519.96,19519.96,-2.86571746,5.54,46.3612443
1666573906.923039,19519.96,19512.05,-3.49671461,-2.37,40.5929916
1666573944.5110807,19494.76,19494.76,-6.25844229,-27.53,31.91369085
1666573948.646843,19494.76,19494.76,-6.25844229,-27.53,31.91369085
1666573958.8783228,19494.76,19494.76,-6.25844229,-27.53,31.91369085
1666573968.6386473,19494.76,19493.13,-6.38847078,-29.16,31.23564135
1666574101.4997756,19492.46,19501.35,-7.68471053,-23.1,39.06752298
1666574106.129541,19492.46,19501.35,-7.68471053,-23.1,39.06752298
1666574115.8962057,19509.91,19509.91,-6.4769745,-12.07,45.26222704
1666574125.917631,19509.91,19509.91,-6.4769745,-12.07,45.26222704
1666574402.233228,19417.88,19418.82,-24.06619987,-103.68,20.28015931
1666574403.182582,19417.88,19418.82,-24.06619987,-103.68,20.28015931
1666574404.2624586,19417.88,19418.82,-24.06619987,-103.68,20.28015931
1666574404.537898,19417.88,19418.82,-24.06619987,-103.68,20.28015931
1666574408.3657043,19417.88,19418.82,-24.06619987,-103.68,20.28015931
1666574418.3746614,19426.71,19426.71,-25.07260781,-93.26,24.7024724
1666574445.2266157,19426.71,19410.88,-26.33539984,-109.09,22.05855045
1666574455.2532115,19426.71,19410.88,-26.33539984,-109.09,22.05855045
1666574465.760888,19426.71,19410.88,-26.33539984,-109.09,22.05855045
1666574475.2779737,19427.03,19427.03,-26.02326134,-67.73,24.884472
1666574485.220758,19427.03,19427.03,-26.02326134,-67.73,24.884472
1666574495.2974167,19427.03,19427.03,-26.02326134,-67.73,24.884472
1666574505.2817817,19427.03,19434.97,-25.38987103,-59.79,29.44162401
1666574515.2831476,19427.03,19434.97,-25.38987103,-59.79,29.44162401
1666574525.275973,19427.03,19434.97,-25.38987103,-59.79,29.44162401
1666574535.2997196,19430.07,19430.07,-25.98170431,-62.79,27.14725124
1666574545.29368,19430.07,19430.07,-25.98170431,-62.79,27.14725124
1666574555.316062,19430.07,19430.07,-25.98170431,-62.79,27.14725124
1666574565.3128366,19430.07,19419.98,-26.7866046,-72.88,25.03327849
1666574575.3309712,19430.07,19419.98,-26.7866046,-72.88,25.03327849
1666574585.310316,19430.07,19419.98,-26.7866046,-72.88,25.03327849
1666574595.3092656,19425.58,19425.58,-26.55840706,-66.88,26.16388901
1666574605.2779727,19425.58,19425.58,-26.55840706,-66.88,26.16388901
1666574615.33199,19425.58,19425.58,-26.55840706,-66.88,26.16388901
1666574626.2277288,19425.58,19431.03,-26.12364922,-61.43,29.49804242
1666574636.1684,19425.58,19431.03,-26.12364922,-61.43,29.49804242
1666574646.1422722,19425.58,19431.03,-26.12364922,-61.43,29.49804242
1666574656.1712542,19425.23,19425.23,-26.47644303,-84.67,26.0844097
1666574666.2731571,19425.23,19425.23,-26.47644303,-84.67,26.0844097
1666574676.1573696,19425.23,19425.23,-26.47644303,-84.67,26.0844097
1666574686.087119,19425.23,19429.54,-26.13262536,-80.36,28.93699161
1666574696.1326196,19425.23,19429.54,-26.13262536,-80.36,28.93699161
1666574706.1414976,19425.23,19429.54,-26.13262536,-80.36,28.93699161
1666574716.168127,19424.29,19424.29,-26.22151535,-71.59,25.85753543
1666574726.163328,19424.29,19424.29,-26.22151535,-71.59,25.85753543
1666574736.1535668,19424.29,19424.29,-26.22151535,-71.59,25.85753543
1666574746.3496013,19424.29,19435.47,-25.3296635,-60.41,33.28093489
1666574756.131976,19424.29,19435.47,-25.3296635,-60.41,33.28093489
1666574766.139064,19424.29,19435.47,-25.3296635,-60.41,33.28093489
1666574776.1408348,19443.6,19443.6,-22.87415631,-5.13,37.98597623
1666574786.4166155,19443.6,19443.6,-22.87415631,-5.13,37.98597623
1666574796.1466217,19443.6,19443.6,-22.87415631,-5.13,37.98597623
1666574806.8129723,19443.6,19444.52,-22.800766,-4.21,38.29754639
1666574817.1271355,19443.6,19444.52,-22.800766,-4.21,38.29754639
1666574827.0408995,19443.6,19444.52,-22.800766,-4.21,38.29754639
1666574836.8283143,19444.3,19444.3,-21.27155611,18.86,38.66135735
1666574846.8696885,19444.3,19444.3,-21.27155611,18.86,38.66135735
1666574856.8044498,19444.3,19444.3,-21.27155611,18.86,38.66135735
1666574866.8490496,19444.3,19435.84,-21.94642791,10.4,35.39665469
1666574876.8463488,19444.3,19435.84,-21.94642791,10.4,35.39665469
1666574886.8232636,19444.3,19435.84,-21.94642791,10.4,35.39665469
1666574896.8565092,19437.79,19437.79,-20.62506713,19.91,36.01995665
1666574906.8361287,19437.79,19437.79,-20.62506713,19.91,36.01995665
1666574916.8602936,19437.79,19437.79,-20.62506713,19.91,36.01995665
1666574927.0919812,19437.79,19444.21,-20.11293038,26.33,39.77974961
1666574936.8487277,19437.79,19444.21,-20.11293038,26.33,39.77974961
1666574946.8340347,19437.79,19444.21,-20.11293038,26.33,39.77974961
1666574956.8585904,19440.06,19440.06,-19.20255934,13.35,37.43664858
1666574967.0280898,19440.06,19440.06,-19.20255934,13.35,37.43664858
1666574977.0183208,19440.06,19440.06,-19.20255934,13.35,37.43664858
1666574987.5118563,19440.06,19446.4,-18.69680435,19.69,41.25112815
1666574997.5031698,19440.06,19446.4,-18.69680435,19.69,41.25112815
1666575007.5262165,19440.06,19446.4,-18.69680435,19.69,41.25112815
1666575017.5279126,19443.54,19443.54,-17.47165911,16.51,39.58961545
1666575027.7527957,19443.54,19443.54,-17.47165911,16.51,39.58961545
1666575037.4823282,19443.54,19443.54,-17.47165911,16.51,39.58961545
1666575047.517157,19443.54,19437.0,-17.99336851,9.97,37.01186152
1666575057.4805875,19443.54,19437.0,-17.99336851,9.97,37.01186152
1666575067.5302694,19443.54,19437.0,-17.99336851,9.97,37.01186152
1666575077.548499,19439.64,19439.64,-16.68524542,8.27,38.01092903
1666575087.760775,19439.64,19439.64,-16.68524542,8.27,38.01092903
1666914915.547113,20282.06,20282.06,2.56579251,-1.51,51.27075861
,20772.5,20778.16,-13.75608929,-6.97,42.32121896
1666824915.896295,20771.05,20771.05,-14.32759804,-28.59,39.82376598
1666824925.9376054,20771.05,20771.05,-14.32759804,-28.59,39.82376598
1666824936.7831042,20771.05,20771.05,-14.32759804,-28.59,39.82376598
1666824946.808226,20771.05,20773.06,-14.16725615,-26.58,40.51330414
1666824956.797021,20771.05,20773.06,-14.16725615,-26.58,40.51330414
1666824966.8503537,20771.05,20773.06,-14.16725615,-26.58,40.51330414
1666824976.8158472,20768.56,20768.56,-14.52750724,-24.52,39.11775588
1666824986.8249488,20768.56,20768.56,-14.52750724,-24.52,39.11775588
1666824996.8185515,20768.56,20768.56,-14.52750724,-24.52,39.11775588
1666825006.8106058,20768.56,20765.31,-14.7867665,-27.77,38.19503474
1666825016.9641814,20768.56,20765.31,-14.7867665,-27.77,38.19503474
1666825026.8292947,20768.56,20765.31,-14.7867665,-27.77,38.19503474
1666825036.8111703,20774.99,20774.99,-13.47031595,-1.75,41.84844389
1666825046.8240204,20774.99,20774.99,-13.47031595,-1.75,41.84844389
1666825056.831108,20774.99,20774.99,-13.47031595,-1.75,41.84844389
1666825066.9949336,20774.99,20786.09,-12.58484586,9.35,46.36799787
1666825076.7920382,20774.99,20786.09,-12.58484586,9.35,46.36799787
1666825086.8222923,20774.99,20786.09,-12.58484586,9.35,46.36799787
1666825096.8523302,20787.74,20787.74,-11.07209488,4.33,47.00989173
1666825106.8318386,20787.74,20787.74,-11.07209488,4.33,47.00989173
1666825117.4053342,20787.74,20787.74,-11.07209488,4.33,47.00989173
1666825127.432583,20787.74,20793.58,-10.60622594,10.17,49.21790881
1666825137.4314232,20787.74,20793.58,-10.60622594,10.17,49.21790881
1666825147.4223726,20787.74,20793.58,-10.60622594,10.17,49.21790881
1666825157.4834964,20806.13,20806.13,-7.32918087,36.97,53.46987558
1666825167.4966862,20806.13,20806.13,-7.32918087,36.97,53.46987558
1666825177.4119985,20806.13,20806.13,-7.32918087,36.97,53.46987558
1666825187.43563,20806.13,20814.53,-6.6590954,45.37,56.11827346
1666825197.65952,20806.13,20814.53,-6.6590954,45.37,56.11827346
1666825207.865682,20806.13,20814.53,-6.6590954,45.37,56.11827346
1666825217.4179275,20816.75,20816.75,-3.94156206,31.7,56.73050903
1666825227.4338768,20816.75,20816.75,-3.94156206,31.7,56.73050903
1666825237.4395816,20816.75,20816.75,-3.94156206,31.7,56.73050903
1666825247.4767215,20816.75,20812.44,-4.28537972,27.39,55.03286365
1666825257.4445338,20816.75,20812.44,-4.28537972,27.39,55.03286365
1666825267.4867702,20816.75,20812.44,-4.28537972,27.39,55.03286365
1666825277.4590032,20818.27,20818.27,-1.71140014,49.77,57.22893109
1666825287.9795122,20818.27,20818.27,-1.71140014,49.77,57.22893109
1666825297.95881,20818.27,20818.27,-1.71140014,49.77,57.22893109
1666825307.955638,20818.27,20812.1,-2.20359387,43.6,54.6463622
1666825318.0145495,20818.27,20812.1,-2.20359387,43.6,54.6463622
1666825327.9861083,20818.27,20812.1,-2.20359387,43.6,54.6463622
1666825337.9356103,20810.06,20810.06,-1.20020441,44.05,53.84300157
1666825347.955011,20810.06,20810.06,-1.20020441,44.05,53.84300157
1666825357.9288046,20810.06,20810.06,-1.20020441,44.05,53.84300157
1666825368.2266147,20810.06,20811.02,-1.12362321,45.01,54.18434296
1666825377.9716318,20810.06,20811.02,-1.12362321,45.01,54.18434296
1666825387.9348595,20810.06,20811.02,-1.12362321,45.01,54.18434296
1666825397.9895198,20806.89,20806.89,-0.7284065,33.82,52.548868
1666825407.9336874,20806.89,20806.89,-0.7284065,33.82,52.548868
1666825417.9826455,20806.89,20806.89,-0.7284065,33.82,52.548868
1666825427.971099,20806.89,20802.9,-1.04669709,29.83,50.89720853
1666825437.9767196,20806.89,20802.9,-1.04669709,29.83,50.89720853
1666825448.0076067,20806.89,20802.9,-1.04669709,29.83,50.89720853
1666825457.9897833,20822.39,20822.39,2.04627858,50.21,57.86601453
1666825468.0299916,20822.39,20822.39,2.04627858,50.21,57.86601453
1666825478.565338,20822.39,20822.39,2.04627858,50.21,57.86601453
1666825488.489037,20822.39,20837.44,3.24684838,65.26,62.28511908
1666825498.5626128,20822.39,20837.44,3.24684838,65.26,62.28511908
1666825508.6595314,20822.39,20837.44,3.24684838,65.26,62.28511908
1666825518.5544643,20856.6,20856.6,8.06412635,87.02,66.72777416
1666825528.8443637,20856.6,20856.6,8.06412635,87.02,66.72777416
1666825538.5326734,20856.6,20856.6,8.06412635,87.02,66.72777416
1666825548.5029883,20856.6,20873.0,9.37238845,103.42,69.98671457
1666825558.5526605,20856.6,20873.0,9.37238845,103.42,69.98671457
1666825568.5425098,20856.6,20873.0,9.37238845,103.42,69.98671457
1666825578.5809393,20878.98,20878.98,13.71265032,103.22,71.0216783
1666825588.5453303,20878.98,20878.98,13.71265032,103.22,71.0216783
1666825598.5505216,20878.98,20878.98,13.71265032,103.22,71.0216783
1666825608.660243,20878.98,20861.16,12.29111186,85.4,63.94529445
1666825618.5582414,20878.98,20861.16,12.29111186,85.4,63.94529445
1666825628.5618896,20878.98,20861.16,12.29111186,85.4,63.94529445
1666825638.5503857,20863.09,20863.09,14.33687395,74.31,64.6428691
1666825648.6010013,20863.09,20863.09,14.33687395,74.31,64.6428691
1666825658.9994502,20863.09,20863.09,14.33687395,74.31,64.6428691
1666825668.9503574,20863.09,20854.96,13.68832694,66.18,61.59467123
1666825678.9922967,20863.09,20854.96,13.68832694,66.18,61.59467123
1666825689.2085323,20863.09,20854.96,13.68832694,66.18,61.59467123
1666825698.9899848,20860.39,20860.39,15.28446345,54.26,63.59265336
1666825709.1358583,20860.39,20860.39,15.28446345,54.26,63.59265336
1666825719.0301163,20860.39,20860.39,15.28446345,54.26,63.59265336
1666825728.990924,20860.39,20848.01,14.2968851,41.88,58.89100561
1666825739.024932,20860.39,20848.01,14.2968851,41.88,58.89100561
1666825749.0068967,20860.39,20848.01,14.2968851,41.88,58.89100561
1666825759.0448172,20848.05,20848.05,14.33045959,30.98,58.876941
1666825769.0107422,20848.05,20848.05,14.33045959,30.98,58.876941
1666825778.9887152,20848.05,20848.05,14.33045959,30.98,58.876941
1666825788.9777849,20848.05,20872.61,16.28966187,55.54,64.65460981
1666825799.2634616,20848.05,20872.61,16.28966187,55.54,64.65460981
1666825809.0092757,20848.05,20872.61,16.28966187,55.54,64.65460981
1666825819.025081,20867.89,20867.89,17.01188598,49.62,63.44976353
1666825828.969653,20867.89,20867.89,17.01188598,49.62,63.44976353
1666825839.4966297,20867.89,20867.89,17.01188598,49.62,63.44976353
1666825849.694535,20867.89,20901.23,19.67148712,82.96,69.90909577
1666825859.4336762,20867.89,20901.23,19.67148712,82.96,69.90909577
1666825869.4442809,20867.89,20901.23,19.67148712,82.96,69.90909577
1666825879.4762115,20890.71,20890.71,20.8216378,80.65,68.18536656
1666825889.4592476,20890.71,20890.71,20.8216378,80.65,68.18536656
1666825899.617685,20890.71,20890.71,20.8216378,80.65,68.18536656
1666825909.4778483,20890.71,20881.15,20.05901671,71.09,64.56711508
1666825919.616263,20890.71,20881.15,20.05901671,71.09,64.56711508
1666825929.4676735,20890.71,20881.15,20.05901671,71.09,64.56711508
1666825939.4347785,20887.55,20887.55,21.69688357,80.78,66.94670002
1666825949.495726,20887.55,20887.55,21.69688357,80.78,66.94670002
1666825959.4720304,20887.55,20887.55,21.69688357,80.78,66.94670002
1666825969.5265908,20887.55,20873.85,20.60400608,67.08,61.70429579
1666825979.4928403,20887.55,20873.85,20.60400608,67.08,61.70429579
1666825989.510018,20887.55,20873.85,20.60400608,67.08,61.70429579
1666825999.475414,20845.91,20845.91,16.35105874,23.52,53.18591377
1666826009.7603405,20845.91,20845.91,16.35105874,23.52,53.18591377
1666826020.1725545,20845.91,20845.91,16.35105874,23.52,53.18591377
1666826030.2202125,20845.91,20846.74,16.41726956,24.35,53.38805647
1666826040.4174793,20845.91,20846.74,16.41726956,24.35,53.38805647
1666826050.1722806,20845.91,20846.74,16.41726956,24.35,53.38805647
1666826060.1908357,20845.43,20845.43,14.60789667,-11.17,53.0682098
1666826070.229315,20845.43,20845.43,14.60789667,-11.17,53.0682098
1666826080.2040577,20845.43,20845.43,14.60789667,-11.17,53.0682098
1666826090.2052832,20845.43,20852.0,15.13199924,-4.6,54.74541411
1666826100.1947355,20845.43,20852.0,15.13199924,-4.6,54.74541411
1666826110.244517,20845.43,20852.0,15.13199924,-4.6,54.74541411
1666826120.1481526,20848.53,20848.53,13.5839569,-30.45,53.83226638
1666826130.1746402,20848.53,20848.53,13.5839569,-30.45,53.83226638
1666826140.2488732,20848.53,20848.53,13.5839569,-30.45,53.83226638
1666826150.3962927,20848.53,20840.32,12.92902812,-38.66,51.33463136
1666826160.325284,20848.53,20840.32,12.92902812,-38.66,51.33463136
1666826170.4336786,20848.53,20840.32,12.92902812,-38.66,51.33463136
1666826180.1959028,20828.56,20828.56,9.56953994,-34.53,48.13561128
1666826190.162664,20828.56,20828.56,9.56953994,-34.53,48.13561128
1666826200.526456,20828.56,20830.13,9.69478211,-32.96,48.5961637
1666826210.6112733,20828.56,20830.13,9.69478211,-32.96,48.5961637
1666826220.545414,20828.56,20830.13,9.69478211,-32.96,48.5961637
1666826230.5388136,20828.56,20830.13,9.69478211,-32.96,48.5961637
1666826240.5845091,20838.96,20838.96,9.03357165,-21.6,51.04128743
1666826250.6183977,20838.96,20838.96,9.03357165,-21.6,51.04128743
1666826260.784824,20838.96,20838.96,9.03357165,-21.6,51.04128743
1666826270.5883448,20838.96,20833.45,8.59402749,-27.11,49.46026749
1666826280.6337042,20838.96,20833.45,8.59402749,-27.11,49.46026749
1666826290.6077175,20838.96,20833.45,8.59402749,-27.11,49.46026749
1666826300.5991657,20832.24,20832.24,6.91075613,-16.85,49.12610184
1666826310.6099887,20832.24,20832.24,6.91075613,-16.85,49.12610184
1666826320.63266,20832.24,20826.57,6.45844844,-22.52,47.50638283
1666826330.7950764,20832.24,20826.57,6.45844844,-22.52,47.50638283
1666826340.7594533,20832.24,20826.57,6.45844844,-22.52,47.50638283
1666826350.6671565,20832.24,20826.57,6.45844844,-22.52,47.50638283
1666826360.6231534,20820.86,20820.86,3.98011799,-48.35,45.9797077
1666826370.6387231,20820.86,20820.86,3.98011799,-48.35,45.9797077
1666826381.0164194,20820.86,20813.54,3.39618637,-55.67,44.02641363
1666826391.1467888,20820.86,20813.54,3.39618637,-55.67,44.02641363
1666826400.9816155,20820.86,20813.54,3.39618637,-55.67,44.02641363
1666826411.0252964,20811.64,20811.64,1.04655859,-79.06,43.54624404
1666826420.9763138,20811.64,20811.64,1.04655859,-79.06,43.54624404
1666826430.925212,20811.64,20811.64,1.04655859,-79.06,43.54624404
1666826440.9799843,20811.64,20815.95,1.39037625,-74.75,45.01132935
1666826451.1568415,20811.64,20815.95,1.39037625,-74.75,45.01132935
1666826461.0125003,20811.64,20815.95,1.39037625,-74.75,45.01132935
1666826470.9860003,20818.3,20818.3,0.25397874,-69.25,45.77857004
1666826481.01849,20818.3,20818.3,0.25397874,-69.25,45.77857004
1666826491.1587496,20818.3,20818.3,0.25397874,-69.25,45.77857004
1666826500.9740992,20818.3,20818.3,0.25397874,-69.25,45.77857004
1666826511.012321,20818.3,20823.53,0.67118672,-64.02,47.533106
1666826521.010174,20818.3,20823.53,0.67118672,-64.02,47.533106
1666826531.061635,20820.59,20820.59,-0.54370858,-23.77,46.59521404
1666826540.9933352,20820.59,20820.59,-0.54370858,-23.77,46.59521404
1666826550.980998,20820.59,20820.59,-0.54370858,-23.77,46.59521404
1666826561.4578714,20820.59,20820.59,-0.54370858,-23.77,46.59521404
1666826571.4502778,20820.59,20820.69,-0.53573137,-23.67,46.63140957
1666826581.4549832,20820.59,20820.69,-0.53573137,-23.67,46.63140957
1666826591.5170088,20820.59,20820.69,-0.53573137,-23.67,46.63140957
1666826601.435751,20814.02,20814.02,-2.15185723,-31.41,44.51350565
1666826611.4585865,20814.02,20814.02,-2.15185723,-31.41,44.51350565
1666826621.4136715,20814.02,20814.02,-2.15185723,-31.41,44.51350565
1666826631.4554317,20814.02,20817.54,-1.87105951,-27.89,45.86906311
1666826641.445004,20814.02,20817.54,-1.87105951,-27.89,45.86906311
1666826651.4474409,20814.02,20817.54,-1.87105951,-27.89,45.86906311
1666826661.4613488,20822.35,20822.35,-1.70056431,-26.83,47.62934894
1666826671.4719326,20822.35,20822.35,-1.70056431,-26.83,47.62934894
1666826681.8932886,20822.35,20831.04,-1.00734494,-18.14,50.6771245
1666826691.4726996,20822.35,20831.04,-1.00734494,-18.14,50.6771245
1666826701.5121808,20822.35,20831.04,-1.00734494,-18.14,50.6771245
1666826711.4692848,20823.78,20823.78,-1.74607919,-4.78,48.11615027
1666826721.541509,20823.78,20823.78,-1.74607919,-4.78,48.11615027
1666826731.4963074,20823.78,20823.78,-1.74607919,-4.78,48.11615027
1666826742.3282585,20823.78,20821.38,-1.93753218,-7.18,47.24342338
1666826752.3586326,20823.78,20821.38,-1.93753218,-7.18,47.24342338
1666826762.3330102,20823.78,20821.38,-1.93753218,-7.18,47.24342338
1666826772.3243587,20818.33,20818.33,-2.6216405,-20.63,46.17898515
1666826782.4056532,20818.33,20818.33,-2.6216405,-20.63,46.17898515
1666826792.347386,20818.33,20818.33,-2.6216405,-20.63,46.17898515
1666826802.3333569,20818.33,20812.21,-3.10984563,-26.75,44.03503955
1666826812.3815243,20818.33,20812.21,-3.10984563,-26.75,44.03503955
1666826822.571101,20818.33,20812.21,-3.10984563,-26.75,44.03503955
1666826832.3531773,20810.47,20810.47,-3.9780192,-21.77,43.43284158
1666826842.3720543,20810.47,20810.47,-3.9780192,-21.77,43.43284158
1666826852.578904,20810.47,20810.47,-3.9780192,-21.77,43.43284158
1666826862.393777,20810.47,20813.26,-3.75545509,-18.98,44.57919721
1666826872.565778,20810.47,20813.26,-3.75545509,-18.98,44.57919721
1666826882.4024217,20810.47,20813.26,-3.75545509,-18.98,44.57919721
1666826892.4024909,20811.37,20811.37,-4.44815268,-9.49,43.75012274
1666826902.3800569,20811.37,20811.37,-4.44815268,-9.49,43.75012274
1666826912.4195142,20811.37,20811.37,-4.44815268,-9.49,43.75012274
1666826923.035965,20811.37,20824.41,-3.40792475,3.55,49.50569127
1666826933.0174272,20811.37,20824.41,-3.40792475,3.55,49.50569127
1666826942.9944825,20811.37,20824.41,-3.40792475,3.55,49.50569127
1666826952.986418,20811.37,20824.41,-3.40792475,3.55,49.50569127
1666826962.9991157,20820.3,20820.3,-3.55968219,8.66,47.8229778
1666826973.0175252,20820.3,20820.3,-3.55968219,8.66,47.8229778
1666826982.9778228,20820.3,20816.27,-3.88116367,4.63,46.19730808
1666826993.279419,20820.3,20816.27,-3.88116367,4.63,46.19730808
1666827003.0196776,20820.3,20816.27,-3.88116367,4.63,46.19730808
1666827013.0608506,20828.09,20828.09,-2.27992758,9.79,51.14610707
1666827023.030023,20828.09,20828.09,-2.27992758,9.79,51.14610707
1666827033.0133183,20828.09,20828.09,-2.27992758,9.79,51.14610707
1666827043.0367577,20828.09,20821.34,-2.81838912,3.04,48.27692228
1666827053.0309927,20828.09,20821.34,-2.81838912,3.04,48.27692228
1666827063.450878,20828.09,20821.34,-2.81838912,3.04,48.27692228
1666827073.0758967,20816.71,20816.71,-3.34686493,-2.56,46.4881089
1666827083.049261,20816.71,20816.71,-3.34686493,-2.56,46.4881089
1666827093.0656028,20816.71,20816.71,-3.34686493,-2.56,46.4881089
1666827103.6516464,20816.71,20805.91,-4.20840339,-13.36,42.52949511
1666827113.6991007,20816.71,20805.91,-4.20840339,-13.36,42.52949511
1666827123.6974757,20816.71,20805.91,-4.20840339,-13.36,42.52949511
1666827133.683524,20802.37,20802.37,-5.46053746,-11.65,41.37467237
1666827143.6340916,20802.37,20802.37,-5.46053746,-11.65,41.37467237
1666827153.710466,20802.37,20802.37,-5.46053746,-11.65,41.37467237
1666827163.6131485,20802.37,20807.14,-5.08002464,-6.88,43.59709364
1666827173.6179297,20802.37,20807.14,-5.08002464,-6.88,43.59709364
1666827183.6655943,20802.37,20807.14,-5.08002464,-6.88,43.59709364
1666827193.6880226,20798.07,20798.07,-6.76593633,-25.88,39.95544825
1666827203.7176194,20798.07,20798.07,-6.76593633,-25.88,39.95544825
1666827213.6196983,20798.07,20798.07,-6.76593633,-25.88,39.95544825
1666827223.7996278,20798.07,20801.45,-6.4963067,-22.5,41.64975495
1666827233.682869,20798.07,20801.45,-6.4963067,-22.5,41.64975495
1666827243.6687777,20798.07,20801.45,-6.4963067,-22.5,41.64975495
1666827253.7212772,20814.17,20814.17,-5.16566434,-9.61,47.25149669
1666827263.827536,20814.17,20814.17,-5.16566434,-9.61,47.25149669
1666827273.8619602,20814.17,20814.17,-5.16566434,-9.61,47.25149669
1666827284.32897,20814.17,20814.17,-5.16566434,-9.61,47.25149669
1666827294.3423052,20814.17,20809.57,-5.53261591,-14.21,45.54911165
1666827304.3509965,20814.17,20809.57,-5.53261591,-14.21,45.54911165
1666827314.316264,20807.57,20807.57,-5.79350628,-10.76,44.84661531
1666827324.3758905,20807.57,20807.57,-5.79350628,-10.76,44.84661531
1666827334.338918,20807.57,20807.57,-5.79350628,-10.76,44.84661531
1666827344.374993,20807.57,20793.21,-6.93903334,-25.12,40.06830601
1666827354.3686075,20807.57,20793.21,-6.93903334,-25.12,40.06830601
1666827364.3085706,20807.57,20793.21,-6.93903334,-25.12,40.06830601
1666827374.3870544,20792.02,20792.02,-8.00507242,-19.59,39.71761849
1666827384.4575472,20792.02,20792.02,-8.00507242,-19.59,39.71761849
1666827394.3541622,20792.02,20792.02,-8.00507242,-19.59,39.71761849
1666827404.3551283,20792.02,20791.87,-8.01703823,-19.74,39.67048649
1666827414.5948684,20792.02,20791.87,-8.01703823,-19.74,39.67048649
1666827424.3565805,20792.02,20791.87,-8.01703823,-19.74,39.67048649
1666827434.6303415,20792.91,20792.91,-8.54887531,-18.46,40.13959348
1666827444.488316,20792.91,20792.91,-8.54887531,-18.46,40.13959348
1666827454.319526,20792.91,20792.91,-8.54887531,-18.46,40.13959348
1666827464.7876155,20792.91,20798.2,-8.126881,-13.17,42.70673742
1666827474.822492,20792.91,20798.2,-8.126881,-13.17,42.70673742
1666827484.7800703,20792.91,20798.2,-8.126881,-13.17,42.70673742
1666827494.7921922,20809.05,20809.05,-6.6515426,-11.25,47.33880937
1666827504.8534625,20809.05,20809.05,-6.6515426,-11.25,47.33880937
1666827514.7376547,20809.05,20809.05,-6.6515426,-11.25,47.33880937
1666827524.769213,20809.05,20796.28,-7.67023206,-24.02,42.93867238
1666827534.7330997,20809.05,20796.28,-7.67023206,-24.02,42.93867238
1666827544.8065867,20809.05,20796.28,-7.67023206,-24.02,42.93867238
1666827554.7819724,20799.02,20799.02,-7.51583489,-29.07,43.81246058
1666827564.8016405,20799.02,20799.02,-7.51583489,-29.07,43.81246058
1666827574.8875237,20799.02,20799.02,-7.51583489,-29.07,43.81246058
1666827584.809462,20799.02,20793.0,-7.99606281,-35.09,41.79983608
1666827594.8470466,20799.02,20793.0,-7.99606281,-35.09,41.79983608
1666827604.7976968,20799.02,20793.0,-7.99606281,-35.09,41.79983608
1666827614.9642072,20792.96,20792.96,-8.3371232,-23.75,41.78708137
1666827624.7903666,20792.96,20792.96,-8.3371232,-23.75,41.78708137
1666827634.8586862,20792.96,20792.96,-8.3371232,-23.75,41.78708137
1666827645.289708,20792.96,20786.03,-8.88994371,-30.68,39.53621806
1666827655.3083596,20792.96,20786.03,-8.88994371,-30.68,39.53621806
1666827665.4484484,20792.96,20786.03,-8.88994371,-30.68,39.53621806
1666827675.2624154,20791.03,20791.03,-8.83385499,-11.34,41.29096642
1666827685.2736342,20791.03,20791.03,-8.83385499,-11.34,41.29096642
1666827695.299753,20791.03,20791.03,-8.83385499,-11.34,41.29096642
1666827705.3133671,20791.03,20794.3,-8.57300029,-8.07,42.89359886
1666827715.2457824,20791.03,20794.3,-8.57300029,-8.07,42.89359886
1666827725.2887027,20791.03,20794.3,-8.57300029,-8.07,42.89359886
1666827735.2875257,20793.68,20793.68,-8.65404268,-4.39,42.64573187
1666827745.279116,20793.68,20793.68,-8.65404268,-4.39,42.64573187
1666827755.2858334,20793.68,20793.68,-8.65404268,-4.39,42.64573187
1666827765.4050896,20793.68,20787.8,-9.12310251,-10.27,40.27393596
1666827775.3033063,20793.68,20787.8,-9.12310251,-10.27,40.27393596
1666827785.3157165,20793.68,20787.8,-9.12310251,-10.27,40.27393596
1666827795.2983036,20789.5,20789.5,-9.08855296,-24.69,40.88578225
1666827805.3083956,20789.5,20789.5,-9.08855296,-24.69,40.88578225
1666827815.2769806,20789.5,20789.5,-9.08855296,-24.69,40.88578225
1666827826.1240537,20789.5,20795.59,-8.60274099,-18.6,44.14781864
1666827836.0990007,20789.5,20795.59,-8.60274099,-18.6,44.14781864
1666827846.104108,20789.5,20795.59,-8.60274099,-18.6,44.14781864
1666827856.1243722,20795.74,20795.74,-8.10814059,-11.83,44.30947723
1666827866.1105254,20795.74,20795.74,-8.10814059,-11.83,44.30947723
1666827876.1332154,20795.74,20795.74,-8.10814059,-11.83,44.30947723
1666827886.2333243,20795.74,20787.77,-8.74392407,-19.8,41.18106114
1666827896.164606,20795.74,20787.77,-8.74392407,-19.8,41.18106114
1666827906.2335036,20795.74,20787.77,-8.74392407,-19.8,41.18106114
1666827916.150695,20788.39,20788.39,-8.66230612,-3.63,41.36767562
1666827926.4388182,20788.39,20788.39,-8.66230612,-3.63,41.36767562
1666827936.1580017,20788.39,20788.39,-8.66230612,-3.63,41.36767562
1666827946.1639264,20788.39,20771.25,-10.02959957,-20.77,35.53134024
1666827956.1894658,20788.39,20771.25,-10.02959957,-20.77,35.53134024
1666827966.1606655,20788.39,20771.25,-10.02959957,-20.77,35.53134024
1666827976.1546755,20767.6,20767.6,-11.60612175,-25.31,34.6745742
1666827986.1894207,20767.6,20767.6,-11.60612175,-25.31,34.6745742
1666827996.1983702,20767.6,20767.6,-11.60612175,-25.31,34.6745742
1666828006.5893166,20767.6,20774.33,-11.06925566,-18.58,38.21594263
1666828016.5857968,20767.6,20774.33,-11.06925566,-18.58,38.21594263
1666828026.741573,20767.6,20774.33,-11.06925566,-18.58,38.21594263
1666828036.5861034,20786.32,20786.32,-9.78906255,-22.73,43.66440781
1666828046.6197343,20786.32,20786.32,-9.78906255,-22.73,43.66440781
1666828056.8252697,20786.32,20786.32,-9.78906255,-22.73,43.66440781
1666828066.598568,20786.32,20790.29,-9.47236739,-18.76,45.37016721
1666828076.590581,20786.32,20790.29,-9.47236739,-18.76,45.37016721
1666828086.6509624,20786.32,20790.29,-9.47236739,-18.76,45.37016721
1666828096.6205502,20788.82,20788.82,-9.07671863,-10.2,44.74717336
1666828106.667228,20788.82,20788.82,-9.07671863,-10.2,44.74717336
1666828116.6681378,20788.82,20788.82,-9.07671863,-10.2,44.74717336
1666828126.5720098,20788.82,20788.08,-9.13574997,-10.94,44.47223086
1666828136.6627488,20788.82,20788.08,-9.13574997,-10.94,44.47223086
1666828146.6404328,20788.82,20788.08,-9.13574997,-10.94,44.47223086
1666828156.6174786,20788.93,20788.93,-8.62916747,-4.03,44.93136288
1666828166.6542706,20788.93,20788.93,-8.62916747,-4.03,44.93136288
1666828176.6628458,20788.93,20788.93,-8.62916747,-4.03,44.93136288
1666828187.2785056,20788.93,20795.72,-8.08751505,2.76,48.04398598
1666828197.2675412,20788.93,20795.72,-8.08751505,2.76,48.04398598
1666828207.2494392,20788.93,20795.72,-8.08751505,2.76,48.04398598
1666828217.288197,20790.04,20790.04,-7.95577207,-0.11,45.46545432
1666828227.427497,20790.04,20790.04,-7.95577207,-0.11,45.46545432
1666828237.231466,20790.04,20790.04,-7.95577207,-0.11,45.46545432
1666828247.4588983,20790.04,20789.69,-7.9836923,-0.46,45.31621109
1666828257.288773,20790.04,20789.69,-7.9836923,-0.46,45.31621109
1666828267.2671714,20790.04,20789.69,-7.9836923,-0.46,45.31621109
1666828277.2822757,20787.14,20787.14,-7.81684467,-5.21,44.25775081
1666828287.5382087,20787.14,20787.14,-7.81684467,-5.21,44.25775081
1666828297.2290337,20787.14,20787.14,-7.81684467,-5.21,44.25775081
1666828307.3095322,20787.14,20784.22,-8.04977914,-8.13,43.01865425
1666828317.2777596,20787.14,20784.22,-8.04977914,-8.13,43.01865425
1666828327.2683325,20787.14,20784.22,-8.04977914,-8.13,43.01865425
1666828337.2978442,20777.92,20777.92,-8.74164709,-11.57,40.57025131
1666828347.25378,20777.92,20777.92,-8.74164709,-11.57,40.57025131
1666828357.248143,20777.92,20777.92,-8.74164709,-11.57,40.57025131
1666828368.277086,20777.92,20769.56,-9.40854168,-19.93,37.51451706
1666828378.288734,20777.92,20769.56,-9.40854168,-19.93,37.51451706
1666828388.3586605,20777.92,20769.56,-9.40854168,-19.93,37.51451706
1666828398.367831,20767.6,20767.6,-10.2418031,-29.33,36.86115183
1666828408.5366323,20767.6,20767.6,-10.2418031,-29.33,36.86115183
1666828418.352635,20767.6,20767.6,-10.2418031,-29.33,36.86115183
1666828428.2615044,20767.6,20771.03,-9.96818487,-25.9,38.83668992
1666828438.3316784,20767.6,20771.03,-9.96818487,-25.9,38.83668992
1666828448.3614728,20767.6,20771.03,-9.96818487,-25.9,38.83668992
1666828458.268797,20774.45,20774.45,-9.76541531,-15.38,40.75874764
1666828468.2810311,20774.45,20774.45,-9.76541531,-15.38,40.75874764
1666828478.324134,20774.45,20774.45,-9.76541531,-15.38,40.75874764
1666828488.304095,20774.45,20753.32,-11.45099935,-36.51,33.55347119
1666828498.291993,20774.45,20753.32,-11.45099935,-36.51,33.55347119
1666828508.370705,20774.45,20753.32,-11.45099935,-36.51,33.55347119
1666828518.3970368,20748.71,20748.71,-13.2751828,-18.26,32.33659474
1666828528.3321466,20748.71,20748.71,-13.2751828,-18.26,32.33659474
1666828538.319131,20748.71,20748.71,-13.2751828,-18.26,32.33659474
1666828549.1184676,20748.71,20750.42,-13.13877255,-16.55,33.30285944
1666828559.1098783,20748.71,20750.42,-13.13877255,-16.55,33.30285944
1666828569.1064537,20748.71,20750.42,-13.13877255,-16.55,33.30285944
1666828579.0922818,20755.16,20755.16,-13.27497169,-31.26,36.09783233
1666828589.1213174,20755.16,20755.16,-13.27497169,-31.26,36.09783233
1666828599.3345578,20755.16,20755.16,-13.27497169,-31.26,36.09783233
1666828609.102754,20755.16,20757.22,-13.11064121,-29.2,36.91720673
1666828619.130413,20755.16,20757.22,-13.11064121,-29.2,36.91720673
1666828629.122349,20755.16,20757.22,-13.11064121,-29.2,36.91720673
1666828639.130118,20758.27,20758.27,-13.11711098,-30.55,37.62307988
1666828649.1176176,20758.27,20758.27,-13.11711098,-30.55,37.62307988
1666828659.1185126,20758.27,20758.27,-13.11711098,-30.55,37.62307988
1666828669.133755,20758.27,20754.85,-13.38993149,-33.97,36.5051956
1666828679.148388,20758.27,20754.85,-13.38993149,-33.97,36.5051956
1666828689.162697,20758.27,20754.85,-13.38993149,-33.97,36.5051956
1666828699.2900517,20753.12,20753.12,-13.72826373,-34.62,35.93081301
1666828709.172536,20753.12,20753.12,-13.72826373,-34.62,35.93081301
1666828719.144595,20753.12,20753.12,-13.72826373,-34.62,35.93081301
1666828730.028672,20753.12,20763.31,-12.91538624,-24.43,41.21576362
1666828740.059898,20753.12,20763.31,-12.91538624,-24.43,41.21576362
1666828750.0332885,20753.12,20763.31,-12.91538624,-24.43,41.21576362
1666828760.218273,20762.8,20762.8,-12.3795396,-27.24,41.10057796
1666828770.0281754,20762.8,20762.8,-12.3795396,-27.24,41.10057796
1666828780.075843,20762.8,20762.8,-12.3795396,-27.24,41.10057796
1666828790.4028893,20762.8,20768.01,-11.96392706,-22.03,43.65258161
1666828800.0621562,20762.8,20768.01,-11.96392706,-22.03,43.65258161
1666828810.0778563,20762.8,20768.01,-11.96392706,-22.03,43.65258161
1666828820.0675647,20771.61,20771.61,-10.61384231,-15.53,45.40361517
1666828830.0914185,20771.61,20771.61,-10.61384231,-15.53,45.40361517
1666828840.0649557,20771.61,20771.61,-10.61384231,-15.53,45.40361517
1666828850.0651803,20771.61,20752.25,-12.15822978,-34.89,38.4773893
1666828860.0938854,20771.61,20752.25,-12.15822978,-34.89,38.4773893
1666828870.0993829,20771.61,20752.25,-12.15822978,-34.89,38.4773893
1666828880.0813465,20753.12,20753.12,-12.27266874,-24.79,38.74292425
1666828890.090646,20753.12,20753.12,-12.27266874,-24.79,38.74292425
1666828900.0765393,20753.12,20753.12,-12.27266874,-24.79,38.74292425
1666828910.5457942,20753.12,20772.32,-10.74104481,-5.59,47.3743104
1666828920.5339968,20753.12,20772.32,-10.74104481,-5.59,47.3743104
1666828930.5975385,20775.69,20775.69,-9.01731136,7.98,48.63628634
1666828940.5395591,20775.69,20775.69,-9.01731136,7.98,48.63628634
1666828950.9081602,20775.69,20775.69,-9.01731136,7.98,48.63628634
1666828960.518263,20775.69,20765.02,-9.86847945,-2.69,44.99425461
1666828970.5048506,20775.69,20765.02,-9.86847945,-2.69,44.99425461
1666828980.5684917,20775.69,20765.02,-9.86847945,-2.69,44.99425461
1666828990.546895,20775.69,20765.02,-9.86847945,-2.69,44.99425461
1666829000.536582,20779.2,20779.2,-7.21237213,5.91,49.90729689
1666829010.5448792,20779.2,20779.2,-7.21237213,5.91,49.90729689
1666829020.564412,20779.2,20766.17,-8.25180233,-7.12,45.29119466
1666829030.5923977,20779.2,20766.17,-8.25180233,-7.12,45.29119466
1666829040.5436556,20779.2,20766.17,-8.25180233,-7.12,45.29119466
1666829050.5471897,20779.2,20766.17,-8.25180233,-7.12,45.29119466
1666829060.5823076,20772.49,20772.49,-7.07444493,23.78,47.47592338
1666829070.5734076,20772.49,20772.49,-7.07444493,23.78,47.47592338
1666829080.8387177,20772.49,20772.49,-7.07444493,23.78,47.47592338
1666829091.5066128,20772.49,20773.99,-6.95478682,25.28,48.09104129
1666829101.7329206,20772.49,20773.99,-6.95478682,25.28,48.09104129
1666829111.532318,20784.6,20784.6,-4.63423241,28.17,51.99921284
1666829121.4649258,20784.6,20784.6,-4.63423241,28.17,51.99921284
1666829131.7358017,20784.6,20784.6,-4.63423241,28.17,51.99921284
1666829141.8570032,20784.6,20778.35,-5.13280791,21.92,49.62938092
1666829151.5030053,20784.6,20778.35,-5.13280791,21.92,49.62938092
1666829161.522154,20784.6,20778.35,-5.13280791,21.92,49.62938092
1666829171.552421,20785.78,20785.78,-3.40782632,26.71,52.45961545
1666829181.5015905,20785.78,20785.78,-3.40782632,26.71,52.45961545
1666829191.5281718,20785.78,20785.78,-3.40782632,26.71,52.45961545
1666829201.533882,20785.78,20787.22,-3.29295452,28.15,53.00996327
1666829211.5689688,20785.78,20787.22,-3.29295452,28.15,53.00996327
1666829221.7420146,20785.78,20787.22,-3.29295452,28.15,53.00996327
1666829231.5683029,20786.73,20786.73,-2.26633692,32.18,52.82412803
1666829241.5343802,20786.73,20786.73,-2.26633692,32.18,52.82412803
1666829251.5429993,20786.73,20786.73,-2.26633692,32.18,52.82412803
1666829261.5814042,20786.73,20790.48,-1.96719162,35.93,54.31325719
1666829272.2304592,20786.73,20790.48,-1.96719162,35.93,54.31325719
1666829281.9586737,20786.73,20790.48,-1.96719162,35.93,54.31325719
1666829291.9730604,20793.51,20793.51,-0.48530331,29.57,55.46694642
1666829301.9777114,20793.51,20793.51,-0.48530331,29.57,55.46694642
1666829311.9808428,20793.51,20793.51,-0.48530331,29.57,55.46694642
1666829322.0017507,20793.51,20793.52,-0.48450559,29.58,55.47088104
1666829332.0579748,20793.51,20793.52,-0.48450559,29.58,55.47088104
1666829341.9964826,20793.51,20793.52,-0.48450559,29.58,55.47088104
1666829351.9393315,20793.51,20793.52,-0.48450559,29.58,55.47088104
1666829362.0244296,20785.05,20785.05,-0.66529962,13.46,51.62559095
1666829372.0063782,20785.05,20785.05,-0.66529962,13.46,51.62559095
1666829381.9507215,20785.05,20783.0,-0.82883238,11.41,50.69595793
1666829391.979107,20785.05,20783.0,-0.82883238,11.41,50.69595793
1666829402.200042,20785.05,20783.0,-0.82883238,11.41,50.69595793
1666829411.9981997,20782.89,20782.89,-0.57533787,29.77,50.64702072
1666829422.017266,20782.89,20782.89,-0.57533787,29.77,50.64702072
1666829432.0243385,20782.89,20782.89,-0.57533787,29.77,50.64702072
1666829442.0327296,20782.89,20779.75,-0.8258222,26.63,49.18739546
1666829452.6729286,20782.89,20779.75,-0.8258222,26.63,49.18739546
1666829462.8839788,20782.89,20779.75,-0.8258222,26.63,49.18739546
1666829472.695055,20782.89,20779.75,-0.8258222,26.63,49.18739546
1666829482.6667151,20776.3,20776.3,-1.24745375,-0.51,47.65257999
1666829492.677254,20776.3,20776.3,-1.24745375,-0.51,47.65257999
1666829502.7053933,20776.3,20783.17,-0.69941956,6.36,50.89612991
1666829512.6355896,20776.3,20783.17,-0.69941956,6.36,50.89612991
1666829522.747893,20776.3,20783.17,-0.69941956,6.36,50.89612991
1666829532.6747148,20789.99,20789.99,0.6056929,8.58,53.66263551
1666829542.684516,20789.99,20789.99,0.6056929,8.58,53.66263551
1666829552.7031903,20789.99,20789.99,0.6056929,8.58,53.66263551
1666829562.6882832,20789.99,20796.97,1.16250202,15.56,56.54001193
1666829572.653119,20789.99,20796.97,1.16250202,15.56,56.54001193
1666829582.6974382,20789.99,20796.97,1.16250202,15.56,56.54001193
1666829592.6817873,20791.83,20791.83,1.38767541,20.19,54.50953375
1666829602.6846538,20791.83,20791.83,1.38767541,20.19,54.50953375
1666829612.6683698,20791.83,20791.83,1.38767541,20.19,54.50953375
1666829622.804911,20791.83,20797.66,1.85274664,26.02,56.96546368
1666829633.439533,20791.83,20797.66,1.85274664,26.02,56.96546368
1666829643.3837092,20791.83,20797.66,1.85274664,26.02,56.96546368
1666829653.3691173,20801.11,20801.11,3.18137064,15.42,58.29777391
1666829663.366835,20801.11,20801.11,3.18137064,15.42,58.29777391
1666829673.4232368,20801.11,20801.11,3.18137064,15.42,58.29777391
1666829683.4871218,20801.11,20798.44,2.96837918,12.75,56.83137132
1666829693.38791,20801.11,20798.44,2.96837918,12.75,56.83137132
1666829703.3584306,20801.11,20798.44,2.96837918,12.75,56.83137132
1666829713.368821,20804.88,20804.88,4.50029424,20.4,59.76514662
1666829723.360733,20804.88,20804.88,4.50029424,20.4,59.76514662
1666829733.3778396,20804.88,20804.88,4.50029424,20.4,59.76514662
1666829743.4117262,20804.88,20811.31,5.01322872,26.83,62.20533399
1666829753.37287,20804.88,20811.31,5.01322872,26.83,62.20533399
1666829763.5287263,20804.88,20811.31,5.01322872,26.83,62.20533399
1666829773.4361706,20809.67,20809.67,5.92698176,22.94,61.61151428
1666829783.3606973,20809.67,20809.67,5.92698176,22.94,61.61151428
1666829793.4177854,20809.67,20809.67,5.92698176,22.94,61.61151428
1666829803.378447,20809.67,20816.71,6.4885772,29.98,64.21099844
1666829813.8536792,20809.67,20816.71,6.4885772,29.98,64.21099844
1666829824.0031376,20809.67,20816.71,6.4885772,29.98,64.21099844
1666829833.8762329,20814.85,20814.85,7.44643638,21.96,63.37628897
1666829843.9155345,20814.85,20814.85,7.44643638,21.96,63.37628897
1666829853.8685591,20814.85,20814.85,7.44643638,21.96,63.37628897
1666829863.9080982,20814.85,20821.37,7.96655034,28.48,65.88958644
1666829873.8710165,20814.85,20821.37,7.96655034,28.48,65.88958644
1666829883.8896558,20814.85,20821.37,7.96655034,28.48,65.88958644
1666829893.8884118,20820.11,20820.11,8.92820229,35.06,65.46284345
1666829903.895793,20820.11,20820.11,8.92820229,35.06,65.46284345
1666829913.962809,20820.11,20820.11,8.92820229,35.06,65.46284345
1666829923.9156792,20820.11,20821.23,9.01754702,36.18,65.87429579
1666829933.890988,20820.11,20821.23,9.01754702,36.18,65.87429579
1666829943.9587395,20820.11,20821.23,9.01754702,36.18,65.87429579
1666829953.9045298,20817.97,20817.97,9.31433956,35.08,63.81415543
1666829963.9164608,20817.97,20817.97,9.31433956,35.08,63.81415543
1666829973.9572444,20817.97,20817.97,9.31433956,35.08,63.81415543
1666829983.977473,20817.97,20817.97,9.31433956,35.08,63.81415543
1666829994.468869,20817.97,20825.87,9.94453899,42.98,66.74723046
1666830004.5285196,20817.97,20825.87,9.94453899,42.98,66.74723046
1666830014.531782,20839.97,20839.97,12.83584772,62.9,70.73127286
1666830024.4484315,20839.97,20839.97,12.83584772,62.9,70.73127286
1666830034.4505806,20839.97,20839.97,12.83584772,62.9,70.73127286
1666830044.46276,20839.97,20833.29,12.30297023,56.22,66.48527349
1666830054.6919315,20839.97,20833.29,12.30297023,56.22,66.48527349
1666830064.4449282,20839.97,20833.29,12.30297023,56.22,66.48527349
1666830074.4467816,20841.14,20841.14,14.20649216,50.07,71.26413047
1666830084.4333577,20841.14,20841.14,14.20649216,50.07,71.26413047
1666830094.4982147,20841.14,20841.14,14.20649216,50.07,71.26413047
1666830104.554751,20841.14,20830.87,13.3872329,39.8,64.45700407
1666830114.4520104,20841.14,20830.87,13.3872329,39.8,64.45700407
1666830124.4844675,20841.14,20830.87,13.3872329,39.8,64.45700407
1666830134.522587,20833.51,20833.51,13.96674134,41.68,66.07953616
1666830144.5002227,20833.51,20833.51,13.96674134,41.68,66.07953616
1666830154.480211,20833.51,20833.51,13.96674134,41.68,66.07953616
1666830164.4794452,20833.51,20829.08,13.61335103,37.25,63.2044218
1666830174.943687,20833.51,20829.08,13.61335103,37.25,63.2044218
1666830184.98308,20833.51,20829.08,13.61335103,37.25,63.2044218
1666830195.017543,20824.85,20824.85,12.87240921,23.74,60.68329921
1666830205.0775585,20824.85,20824.85,12.87240921,23.74,60.68329921
1666830215.0017662,20824.85,20824.85,12.87240921,23.74,60.68329921
1666830224.98766,20824.85,20814.09,12.01406164,12.98,54.70558989
1666830235.0064757,20824.85,20814.09,12.01406164,12.98,54.70558989
1666830245.1386013,20824.85,20814.09,12.01406164,12.98,54.70558989
1666830255.0772023,20811.64,20811.64,10.48797994,6.81,53.47886253
1666830265.0092988,20811.64,20811.64,10.48797994,6.81,53.47886253
1666830275.0012891,20811.64,20811.64,10.48797994,6.81,53.47886253
1666830285.0086637,20811.64,20809.66,10.33003122,4.83,52.53430367
1666830294.96363,20811.64,20809.66,10.33003122,4.83,52.53430367
1666830305.0369437,20811.64,20809.66,10.33003122,4.83,52.53430367
1666830315.0159457,20802.76,20802.76,8.12563515,-6.91,49.31280405
1666830325.0190446,20802.76,20802.76,8.12563515,-6.91,49.31280405
1666830334.9789436,20802.76,20802.76,8.12563515,-6.91,49.31280405
1666830345.094949,20802.76,20804.39,8.25566364,-5.28,50.09140274
1666830355.6968863,20802.76,20804.39,8.25566364,-5.28,50.09140274
1666830365.6583276,20802.76,20804.39,8.25566364,-5.28,50.09140274
1666830375.7135217,20792.49,20792.49,5.38394278,-22.95,44.85140668
1666830385.706864,20792.49,20792.49,5.38394278,-22.95,44.85140668
1666830395.7409678,20792.49,20792.49,5.38394278,-22.95,44.85140668
1666830405.7288213,20792.49,20772.9,3.82120774,-42.54,37.89252121
1666830415.726482,20792.49,20772.9,3.82120774,-42.54,37.89252121
1666830425.6954782,20792.49,20772.9,3.82120774,-42.54,37.89252121
1666830435.6749852,20773.28,20773.28,1.00083492,-46.72,38.00690785
1666830445.6909883,20773.28,20773.28,1.00083492,-46.72,38.00690785
1666830455.709035,20773.28,20773.28,1.00083492,-46.72,38.00690785
1666830465.7258325,20773.28,20761.83,0.0874446,-58.17,34.6160762
1666830475.701583,20773.28,20761.83,0.0874446,-58.17,34.6160762
1666830485.8186257,20773.28,20761.83,0.0874446,-58.17,34.6160762
1666830495.7417145,20761.03,20761.03,-2.97570471,-56.15,34.40163547
1666830505.8342052,20761.03,20761.03,-2.97570471,-56.15,34.40163547
1666830515.7663126,20761.03,20761.03,-2.97570471,-56.15,34.40163547
1666830525.761002,20761.03,20754.18,-3.52214346,-63.0,32.54268389
1666830536.332102,20761.03,20754.18,-3.52214346,-63.0,32.54268389
1666830546.30344,20761.03,20754.18,-3.52214346,-63.0,32.54268389
1666830556.3447332,20753.24,20753.24,-6.32146618,-87.25,32.28059255
1666830566.3107655,20753.24,20753.24,-6.32146618,-87.25,32.28059255
1666830576.4256637,20753.24,20753.24,-6.32146618,-87.25,32.28059255
1666830586.2962286,20753.24,20758.7,-5.88591062,-81.79,34.97862977
1666830596.3424752,20753.24,20758.7,-5.88591062,-81.79,34.97862977
1666830606.6654713,20753.24,20758.7,-5.88591062,-81.79,34.97862977
1666830616.2904105,20761.15,20761.15,-7.3930163,-79.99,36.29577147
1666830626.303234,20761.15,20761.15,-7.3930163,-79.99,36.29577147
1666830636.3413053,20761.15,20761.15,-7.3930163,-79.99,36.29577147
1666830646.3062248,20761.15,20749.88,-8.29204764,-91.26,32.82638599
1666830656.306465,20761.15,20749.88,-8.29204764,-91.26,32.82638599
1666830666.307701,20761.15,20749.88,-8.29204764,-91.26,32.82638599
1666830676.361832,20751.05,20751.05,-9.95383205,-82.46,33.11633067
1666830686.4422102,20751.05,20751.05,-9.95383205,-82.46,33.11633067
1666830696.3284905,20751.05,20751.05,-9.95383205,-82.46,33.11633067
1666830706.3923044,20751.05,20754.09,-9.71132493,-79.42,34.5802614
1666830716.936277,20751.05,20754.09,-9.71132493,-79.42,34.5802614
1666830727.061745,20751.05,20754.09,-9.71132493,-79.42,34.5802614
1666830736.962725,20753.12,20753.12,-10.90590873,-71.73,34.34765903
1666830746.9498491,20753.12,20753.12,-10.90590873,-71.73,34.34765903
1666830756.9529936,20753.12,20753.12,-10.90590873,-71.73,34.34765903
1666830766.9187136,20753.12,20752.84,-10.92824492,-72.01,34.25992022
1666830776.9262874,20753.12,20752.84,-10.92824492,-72.01,34.25992022
1666830786.928822,20753.12,20752.84,-10.92824492,-72.01,34.25992022
1666830797.07451,20752.74,20752.74,-11.79064495,-58.02,34.22869346
1666830806.9427795,20752.74,20752.74,-11.79064495,-58.02,34.22869346
1666830816.9465911,20752.74,20752.74,-11.79064495,-58.02,34.22869346
1666830827.0896375,20752.74,20748.17,-12.15520335,-62.59,32.75917717
1666830836.9651706,20752.74,20748.17,-12.15520335,-62.59,32.75917717
1666830846.9782405,20752.74,20748.17,-12.15520335,-62.59,32.75917717
1666830856.9659972,20744.06,20744.06,-13.55272462,-58.7,31.54133832
1666830867.191567,20744.06,20744.06,-13.55272462,-58.7,31.54133832
1666830876.94603,20744.06,20744.06,-13.55272462,-58.7,31.54133832
1666830886.9690745,20744.06,20744.49,-13.51842263,-58.27,31.82688774
1666830897.6118867,20744.06,20744.49,-13.51842263,-58.27,31.82688774
1666830907.6198926,20744.06,20744.49,-13.51842263,-58.27,31.82688774
1666830917.6230245,20742.08,20742.08,-14.51561059,-52.01,30.94428377
1666830927.6722312,20742.08,20742.08,-14.51561059,-52.01,30.94428377
1666830937.725023,20742.08,20742.08,-14.51561059,-52.01,30.94428377
1666830947.7134068,20742.08,20728.31,-15.61407213,-65.78,27.10331284
1666830957.6203952,20742.08,20728.31,-15.61407213,-65.78,27.10331284
1666830967.6460185,20742.08,20728.31,-15.61407213,-65.78,27.10331284
1666830977.621889,20727.04,20727.04,-17.17099433,-46.24,27.26529243
1666830987.6560724,20727.04,20727.04,-17.17099433,-46.24,27.26529243
1666830997.6321857,20727.04,20727.04,-17.17099433,-46.24,27.26529243
1666831007.6044772,20727.04,20727.51,-17.13350145,-45.77,27.58583608
1666831017.5682597,20727.04,20727.51,-17.13350145,-45.77,27.58583608
1666831027.6301425,20727.04,20727.51,-17.13350145,-45.77,27.58583608
1666831037.6692953,20720.11,20720.11,-19.03101753,-40.92,25.14204707
1666831047.630972,20720.11,20720.11,-19.03101753,-40.92,25.14204707
1666831057.6795547,20720.11,20720.11,-19.03101753,-40.92,25.14204707
1666831067.783528,20720.11,20725.87,-18.57153035,-35.16,29.10235159
1666831078.4546266,20720.11,20725.87,-18.57153035,-35.16,29.10235159
1666831088.4235325,20720.11,20725.87,-18.57153035,-35.16,29.10235159
1666831098.5699763,20722.46,20722.46,-19.4389661,-31.94,27.25843946
1666831108.401861,20722.46,20722.46,-19.4389661,-31.94,27.25843946
1666831118.6119492,20722.46,20722.46,-19.4389661,-31.94,27.25843946
1666831128.4500349,20722.46,20728.2,-18.98107436,-26.2,30.81035527
1666831138.419953,20722.46,20728.2,-18.98107436,-26.2,30.81035527
1666831148.463383,20722.46,20728.2,-18.98107436,-26.2,30.81035527
1666831158.4663582,20727.3,20727.3,-19.14238544,-32.96,30.26719074
1666831168.468025,20727.3,20727.3,-19.14238544,-32.96,30.26719074
1666831178.5223114,20727.3,20727.3,-19.14238544,-32.96,30.26719074
1666831188.473547,20727.3,20720.58,-19.67845382,-39.68,27.74930288
1666831198.4618013,20727.3,20720.58,-19.67845382,-39.68,27.74930288
1666831208.4739256,20727.3,20720.58,-19.67845382,-39.68,27.74930288
1666831218.4568114,20723.36,20723.36,-19.47571621,-28.68,28.54487209
1666831228.6440167,20723.36,20723.36,-19.47571621,-28.68,28.54487209
1666831238.4842458,20723.36,20723.36,-19.47571621,-28.68,28.54487209
1666831248.4724042,20723.36,20739.55,-18.18420623,-12.49,39.43502901
1666831258.8602118,20723.36,20739.55,-18.18420623,-12.49,39.43502901
1666831268.8999872,20723.36,20739.55,-18.18420623,-12.49,39.43502901
1666831278.8842938,20745.22,20745.22,-16.17849529,-9.18,42.50387788
1666831288.8589113,20745.22,20745.22,-16.17849529,-9.18,42.50387788
1666831298.913947,20745.22,20745.22,-16.17849529,-9.18,42.50387788
1666831308.9353008,20745.22,20744.27,-16.25427877,-10.13,42.11879417
1666831318.9138968,20745.22,20744.27,-16.25427877,-10.13,42.11879417
1666831328.8812487,20745.22,20744.27,-16.25427877,-10.13,42.11879417
1666831338.894894,20743.13,20743.13,-15.07251875,-9.61,41.66580522
1666831348.8810806,20743.13,20743.13,-15.07251875,-9.61,41.66580522
1666831359.1100938,20743.13,20743.13,-15.07251875,-9.61,41.66580522
1666831369.0258124,20743.13,20729.4,-16.16778941,-23.34,36.56511446
1666831379.034994,20743.13,20729.4,-16.16778941,-23.34,36.56511446
1666831388.8944964,20743.13,20729.4,-16.16778941,-23.34,36.56511446
1666831398.9086947,20732.77,20732.77,-15.45621205,-11.29,38.07399549
1666831408.9258304,20732.77,20732.77,-15.45621205,-11.29,38.07399549
1666831418.9293046,20732.77,20732.77,-15.45621205,-11.29,38.07399549
1666831428.97201,20732.77,20740.99,-14.80048555,-3.07,42.61920016
1666831439.589013,20732.77,20740.99,-14.80048555,-3.07,42.61920016
1666831449.5283043,20732.77,20740.99,-14.80048555,-3.07,42.61920016
1666831459.5409358,20746.09,20746.09,-12.93623375,4.0,45.13976917
1666831469.5774908,20746.09,20746.09,-12.93623375,4.0,45.13976917
1666831479.544652,20746.09,20746.09,-12.93623375,4.0,45.13976917
1666831489.552587,20746.09,20747.1,-12.85566395,5.01,45.60937343
1666831499.571266,20746.09,20747.1,-12.85566395,5.01,45.60937343
1666831509.564683,20746.09,20747.1,-12.85566395,5.01,45.60937343
1666831519.7545874,20743.9,20743.9,-11.9815472,17.89,44.2546818
1666831529.5617754,20743.9,20743.9,-11.9815472,17.89,44.2546818
1666831539.5653236,20743.9,20743.9,-11.9815472,17.89,44.2546818
1666831549.5269427,20743.9,20739.71,-12.31579222,13.7,42.53621844
1666831559.564083,20743.9,20739.71,-12.31579222,13.7,42.53621844
1666831569.5948594,20743.9,20739.71,-12.31579222,13.7,42.53621844
1666831579.5846632,20738.42,20738.42,-11.73482411,18.31,42.03369731
1666831589.6007223,20738.42,20738.42,-11.73482411,18.31,42.03369731
1666831599.5644743,20738.42,20738.42,-11.73482411,18.31,42.03369731
1666831609.582452,20738.42,20746.93,-11.05596371,26.82,46.52212402
1666831620.1431592,20738.42,20746.93,-11.05596371,26.82,46.52212402
1666831630.2154808,20738.42,20746.93,-11.05596371,26.82,46.52212402
1666831640.1879003,20744.19,20744.19,-10.25517671,20.64,45.15832124
1666831650.1603456,20744.19,20744.19,-10.25517671,20.64,45.15832124
1666831660.146361,20744.19,20744.19,-10.25517671,20.64,45.15832124
1666831670.1560311,20744.19,20747.49,-9.99192885,23.94,46.91854159
1666831680.209979,20744.19,20747.49,-9.99192885,23.94,46.91854159
1666831690.2710533,20744.19,20747.49,-9.99192885,23.94,46.91854159
1666831700.1884696,20744.78,20744.78,-9.31407207,18.69,45.5557154
1666831710.3415377,20744.78,20744.78,-9.31407207,18.69,45.5557154
1666831720.195614,20744.78,20744.78,-9.31407207,18.69,45.5557154
1666831730.2011316,20744.78,20746.16,-9.2039866,20.07,46.34610381
1666831740.2301676,20744.78,20746.16,-9.2039866,20.07,46.34610381
1666831750.3275783,20744.78,20746.16,-9.2039866,20.07,46.34610381
1666831760.2048624,20740.84,20740.84,-9.00006453,17.48,43.58158641
1666831770.1991968,20740.84,20740.84,-9.00006453,17.48,43.58158641
1666831780.209553,20740.84,20740.84,-9.00006453,17.48,43.58158641
1666831790.3433197,20740.84,20743.43,-8.79345484,20.07,45.18166424
1666831800.8684137,20740.84,20743.43,-8.79345484,20.07,45.18166424
1666831810.9044762,20743.6,20743.6,-7.97565605,-1.62,45.3245425
1666831820.933053,20743.6,20743.6,-7.97565605,-1.62,45.3245425
1666831830.8780386,20743.6,20743.6,-7.97565605,-1.62,45.3245425
1666831840.879239,20743.6,20747.43,-7.67012899,2.21,47.61683409
1666831851.052518,20743.6,20747.43,-7.67012899,2.21,47.61683409
1666831861.1023805,20743.6,20747.43,-7.67012899,2.21,47.61683409
1666831871.036022,20752.79,20752.79,-5.94442312,9.66,50.55643592
1666831880.8998804,20752.79,20752.79,-5.94442312,9.66,50.55643592
1666831890.9118874,20752.79,20752.79,-5.94442312,9.66,50.55643592
1666831900.9155798,20752.79,20745.78,-6.5036254,2.65,46.86442027
1666831910.9002054,20752.79,20745.78,-6.5036254,2.65,46.86442027
1666831920.9889,20752.79,20745.78,-6.5036254,2.65,46.86442027
1666831931.0578096,20744.7,20744.7,-6.01016504,13.36,46.31621991
1666831940.9306598,20744.7,20744.7,-6.01016504,13.36,46.31621991
1666831951.034763,20744.7,20744.7,-6.01016504,13.36,46.31621991
1666831960.9278383,20744.7,20742.69,-6.17050692,11.35,45.30650169
1666831970.948302,20744.7,20742.69,-6.17050692,11.35,45.30650169
1666831981.374493,20744.7,20742.69,-6.17050692,11.35,45.30650169
1666831991.3972795,20737.25,20737.25,-6.58633461,-9.24,42.78224509
1666832001.4192204,20737.25,20737.25,-6.58633461,-9.24,42.78224509
1666832011.3638704,20737.25,20737.25,-6.58633461,-9.24,42.78224509
1666832021.4439812,20737.25,20746.52,-5.84684743,0.03,48.08976335
1666832031.3797364,20737.25,20746.52,-5.84684743,0.03,48.08976335
1666832041.3769565,20737.25,20746.52,-5.84684743,0.03,48.08976335
1666832051.3160298,20744.84,20744.84,-5.48325586,0.94,47.24183774
1666832061.385851,20744.84,20744.84,-5.48325586,0.94,47.24183774
1666832071.5184815,20744.84,20744.84,-5.48325586,0.94,47.24183774
1666832081.379219,20744.84,20746.89,-5.31972309,2.99,48.40035592
1666832091.522019,20744.84,20746.89,-5.31972309,2.99,48.40035592
1666832101.403761,20744.84,20746.89,-5.31972309,2.99,48.40035592
1666832111.4862275,20746.29,20746.29,-4.84168535,7.87,48.11949875
1666832121.393965,20746.29,20746.29,-4.84168535,7.87,48.11949875
1666832131.56347,20746.29,20746.29,-4.84168535,7.87,48.11949875
1666832141.3802316,20746.29,20749.29,-4.60236911,10.87,49.86400436
1666832151.4343696,20746.29,20749.29,-4.60236911,10.87,49.86400436
1666832162.172203,20746.29,20749.29,-4.60236911,10.87,49.86400436
1666832172.0004485,20753.37,20753.37,-3.21792223,9.27,51.94821088
1666832182.1537144,20753.37,20753.37,-3.21792223,9.27,51.94821088
1666832192.1355212,20753.37,20753.37,-3.21792223,9.27,51.94821088
1666832202.004711,20753.37,20753.37,-3.21792223,9.27,51.94821088
1666832212.070876,20753.37,20758.05,-2.8445889,13.95,54.46809031
1666832222.0296834,20753.37,20758.05,-2.8445889,13.95,54.46809031
1666832232.0738096,20752.62,20752.62,-2.48523745,8.87,51.47713936
1666832242.0607765,20752.62,20752.62,-2.48523745,8.87,51.47713936
1666832252.2123432,20752.62,20752.62,-2.48523745,8.87,51.47713936
1666832262.0763364,20752.62,20752.14,-2.52352805,8.39,51.18289745
1666832272.062527,20752.62,20752.14,-2.52352805,8.39,51.18289745
1666832282.0648692,20752.62,20752.14,-2.52352805,8.39,51.18289745
1666832292.0716674,20746.76,20746.76,-2.78956979,5.92,48.20051693
1666832302.066331,20746.76,20746.76,-2.78956979,5.92,48.20051693
1666832312.0772462,20746.76,20746.76,-2.78956979,5.92,48.20051693
1666832322.073589,20746.76,20749.53,-2.56860113,8.69,49.83103958
1666832332.0609915,20746.76,20749.53,-2.56860113,8.69,49.83103958
1666832342.5561156,20746.76,20749.53,-2.56860113,8.69,49.83103958
1666832352.6890028,20747.14,20747.14,-2.50312766,2.9,48.43044339
1666832362.610474,20747.14,20747.14,-2.50312766,2.9,48.43044339
1666832372.5988126,20747.14,20747.14,-2.50312766,2.9,48.43044339
1666832382.612315,20747.14,20750.48,-2.23668891,6.24,50.50980607
1666832392.5513787,20747.14,20750.48,-2.23668891,6.24,50.50980607
1666832402.618093,20747.14,20750.48,-2.23668891,6.24,50.50980607
1666832412.6233892,20754.99,20754.99,-1.19256737,1.37,53.08422889
1666832422.5686016,20754.99,20754.99,-1.19256737,1.37,53.08422889
1666832432.6042116,20754.99,20754.99,-1.19256737,1.37,53.08422889
1666832442.6043792,20754.99,20755.05,-1.18778105,1.43,53.11889649
1666832452.6019697,20754.99,20755.05,-1.18778105,1.43,53.11889649
1666832462.6182506,20754.99,20755.05,-1.18778105,1.43,53.11889649
1666832472.7884524,20755.99,20755.99,-0.47084566,10.56,53.65123548
1666832482.6720765,20755.99,20755.99,-0.47084566,10.56,53.65123548
1666832492.636377,20755.99,20755.99,-0.47084566,10.56,53.65123548
1666832502.6265574,20755.99,20752.52,-0.74765478,7.09,51.31825208
1666832512.6149676,20755.99,20752.52,-0.74765478,7.09,51.31825208
1666832523.1874936,20755.99,20752.52,-0.74765478,7.09,51.31825208
1666832533.154881,20755.8,20755.8,0.00935414,18.55,53.51747916
1666832543.3321218,20755.8,20755.8,0.00935414,18.55,53.51747916
1666832553.1546907,20755.8,20755.8,0.00935414,18.55,53.51747916
1666832563.2000494,20755.8,20755.8,0.00935414,18.55,53.51747916
1666832573.2255297,20755.8,20762.43,0.53824303,25.18,57.48648807
1666832583.20588,20755.8,20762.43,0.53824303,25.18,57.48648807
1666832593.195186,20777.05,20777.05,3.45918614,33.17,63.88517695
1666832603.1775696,20777.05,20777.05,3.45918614,33.17,63.88517695
1666832613.3218932,20777.05,20777.05,3.45918614,33.17,63.88517695
1666832623.2108777,20777.05,20766.96,2.65428585,23.08,57.28163589
1666832633.169419,20777.05,20766.96,2.65428585,23.08,57.28163589
1666832643.1642113,20777.05,20766.96,2.65428585,23.08,57.28163589
1666832653.1725037,20766.67,20766.67,3.33615902,21.61,57.06219852
1666832663.2216897,20766.67,20766.67,3.33615902,21.61,57.06219852
1666832673.2163494,20766.67,20766.67,3.33615902,21.61,57.06219852
1666832683.2131777,20766.67,20769.33,3.54835276,24.27,58.48286739
1666832693.2305677,20766.67,20769.33,3.54835276,24.27,58.48286739
1666832703.9589307,20766.67,20769.33,3.54835276,24.27,58.48286739
1666832713.9404242,20764.83,20764.83,3.52101467,10.18,55.93116602
1666832723.9201963,20764.83,20764.83,3.52101467,10.18,55.93116602
1666832733.9621682,20764.83,20764.83,3.52101467,10.18,55.93116602
1666832743.9525788,20764.83,20771.11,4.02198333,16.46,58.92373413
1666832754.0112927,20764.83,20771.11,4.02198333,16.46,58.92373413
1666832763.926653,20764.83,20771.11,4.02198333,16.46,58.92373413
1666832773.890294,20765.45,20765.45,3.77539513,11.98,56.24468657
1666832783.9242513,20765.45,20765.45,3.77539513,11.98,56.24468657
1666832793.9522717,20765.45,20765.45,3.77539513,11.98,56.24468657
1666832803.9052787,20765.45,20774.06,4.46223274,20.59,60.44294586
1666832813.901552,20765.45,20774.06,4.46223274,20.59,60.44294586
1666832823.905958,20765.45,20774.06,4.46223274,20.59,60.44294586
1666832833.915223,20775.1,20775.1,5.31081951,29.51,60.89614412
1666832843.9552758,20775.1,20775.1,5.31081951,29.51,60.89614412
1666832853.919946,20775.1,20775.1,5.31081951,29.51,60.89614412
1666832863.9803448,20775.1,20770.53,4.9462611,24.94,57.76436013
1666832873.987923,20775.1,20770.53,4.9462611,24.94,57.76436013
1666832884.828312,20775.1,20770.53,4.9462611,24.94,57.76436013
1666832894.9726558,20766.39,20766.39,4.61887778,19.25,55.19295903
1666832904.8218417,20766.39,20766.39,4.61887778,19.25,55.19295903
1666832914.8982675,20766.39,20766.39,4.61887778,19.25,55.19295903
1666832924.7691514,20766.39,20766.41,4.62047322,19.27,55.2033336
1666832934.818108,20766.39,20766.41,4.62047322,19.27,55.2033336
1666832944.8288355,20766.39,20766.41,4.62047322,19.27,55.2033336
1666832954.8915615,20764.69,20764.69,4.32817576,10.16,54.12744145
1666832964.8673692,20764.69,20764.69,4.32817576,10.16,54.12744145
1666832974.9247415,20764.69,20764.69,4.32817576,10.16,54.12744145
1666832984.8438,20764.69,20763.41,4.2260675,8.88,53.29319488
1666832994.8327084,20764.69,20763.41,4.2260675,8.88,53.29319488
1666833004.846987,20764.69,20763.41,4.2260675,8.88,53.29319488
1666833015.068636,20761.03,20761.03,3.63995626,5.01,51.80847432
1666833024.7652776,20761.03,20761.03,3.63995626,5.01,51.80847432
1666833034.8109558,20761.03,20761.03,3.63995626,5.01,51.80847432
1666833044.8209703,20761.03,20767.42,4.14969985,11.4,55.40105198
1666833054.8790014,20761.03,20767.42,4.14969985,11.4,55.40105198
1666833065.6635911,20761.03,20767.42,4.14969985,11.4,55.40105198
1666833075.6485622,20763.32,20763.32,3.6117402,7.51,53.16063158
1666833085.637015,20763.32,20763.32,3.6117402,7.51,53.16063158
1666833095.6510208,20763.32,20763.32,3.6117402,7.51,53.16063158
1666833105.6382408,20763.32,20763.65,3.63806499,7.84,53.36370064
1666833115.6619737,20763.32,20763.65,3.63806499,7.84,53.36370064
1666833125.6085794,20763.32,20763.65,3.63806499,7.84,53.36370064
1666833135.6487987,20761.17,20761.17,3.03798287,-16.83,51.69833432
1666833145.7082562,20761.17,20761.17,3.03798287,-16.83,51.69833432
1666833155.7006483,20761.17,20761.17,3.03798287,-16.83,51.69833432
1666833165.6190157,20761.17,20766.0,3.42328201,-12.0,54.64450895
1666833175.8647025,20761.17,20766.0,3.42328201,-12.0,54.64450895
1666833185.688065,20761.17,20766.0,3.42328201,-12.0,54.64450895
1666833195.622641,20765.52,20765.52,3.37182354,-2.26,54.35643559
1666833205.6732786,20765.52,20765.52,3.37182354,-2.26,54.35643559
1666833215.6661785,20765.52,20765.52,3.37182354,-2.26,54.35643559
1666833225.8315938,20765.52,20762.62,3.14048451,-5.16,52.28556571
1666833235.69414,20765.52,20762.62,3.14048451,-5.16,52.28556571
1666833246.263163,20765.52,20762.62,3.14048451,-5.16,52.28556571
1666833256.3847826,20769.03,20769.03,3.88448602,4.2,56.20917175
1666833266.2371705,20769.03,20769.03,3.88448602,4.2,56.20917175
1666833276.255833,20769.03,20769.03,3.88448602,4.2,56.20917175
1666833286.2597947,20769.03,20766.4,3.67468545,1.57,54.26219776
1666833296.4375355,20769.03,20766.4,3.67468545,1.57,54.26219776
1666833306.4026706,20769.03,20766.4,3.67468545,1.57,54.26219776
1666833316.215166,20769.86,20769.86,4.06921024,5.27,56.85295272
1666833326.3405342,20769.86,20769.86,4.06921024,5.27,56.85295272
1666833336.5271676,20769.86,20769.86,4.06921024,5.27,56.85295272
1666833346.2773435,20769.86,20762.28,3.46453787,-2.31,51.09717947
1666833356.3043382,20769.86,20762.28,3.46453787,-2.31,51.09717947
1666833366.2626653,20769.86,20762.28,3.46453787,-2.31,51.09717947
1666833376.3631213,20752.81,20752.81,1.62847139,-22.29,45.55379186
1666833386.2518706,20752.81,20752.81,1.62847139,-22.29,45.55379186
1666833396.303346,20752.81,20752.81,1.62847139,-22.29,45.55379186
1666833406.5712376,20752.81,20754.84,1.79040872,-20.26,46.88931965
1666833416.31547,20752.81,20754.84,1.79040872,-20.26,46.88931965
1666833426.8622432,20752.81,20754.84,1.79040872,-20.26,46.88931965
1666833437.0913937,20756.77,20756.77,1.40118971,-9.62,48.0996852
1666833446.7680318,20756.77,20756.77,1.40118971,-9.62,48.0996852
1666833456.8058915,20756.77,20756.77,1.40118971,-9.62,48.0996852
1666833466.7935357,20756.77,20761.64,1.78967974,-4.75,51.12635967
1666833476.749258,20756.77,20761.64,1.78967974,-4.75,51.12635967
1666833486.7718208,20756.77,20761.64,1.78967974,-4.75,51.12635967
1666833496.8062098,20774.49,20774.49,3.46459735,9.8,57.64392765
1666833506.821353,20774.49,20774.49,3.46459735,9.8,57.64392765
1666833516.7664444,20774.49,20774.49,3.46459735,9.8,57.64392765
1666833526.8004923,20774.49,20787.06,4.4673324,22.37,62.86132717
1666833536.9273603,20774.49,20787.06,4.4673324,22.37,62.86132717
1666833546.8190942,20774.49,20787.06,4.4673324,22.37,62.86132717
1666833556.866026,20782.01,20782.01,4.99729959,20.98,60.92774333
1666833566.806754,20782.01,20782.01,4.99729959,20.98,60.92774333
1666833576.8555024,20782.01,20782.01,4.99729959,20.98,60.92774333
1666833586.917614,20782.01,20790.56,5.67935087,29.53,64.31523966
1666833596.8238208,20782.01,20790.56,5.67935087,29.53,64.31523966
1666833607.2827268,20782.01,20790.56,5.67935087,29.53,64.31523966
1666833617.2876277,20786.34,20786.34,6.25742081,23.02,62.73272925
1666833627.4238834,20786.34,20786.34,6.25742081,23.02,62.73272925
1666833637.2912378,20786.34,20786.34,6.25742081,23.02,62.73272925
1666833647.295736,20786.34,20797.9,7.17958605,34.58,67.07359063
1666833657.3404083,20786.34,20797.9,7.17958605,34.58,67.07359063
1666833667.490785,20786.34,20797.9,7.17958605,34.58,67.07359063
1666833677.3510275,20785.57,20785.57,6.8201635,25.43,62.30348056
1666833687.297726,20785.57,20785.57,6.8201635,25.43,62.30348056
1666833697.288198,20785.57,20785.57,6.8201635,25.43,62.30348056
1666833707.3022225,20785.57,20794.78,7.55486436,34.64,66.13694152
1666833717.3426807,20785.57,20794.78,7.55486436,34.64,66.13694152
1666833727.2792072,20785.57,20794.78,7.55486436,34.64,66.13694152
1666833737.2900198,20794.81,20794.81,8.58877016,29.22,65.81205249
1666833747.3080904,20794.81,20794.81,8.58877016,29.22,65.81205249
1666833757.3206189,20794.81,20794.81,8.58877016,29.22,65.81205249
1666833767.2979198,20794.81,20788.16,8.05828583,22.57,61.07437266
1666833777.329953,20794.81,20788.16,8.05828583,22.57,61.07437266
1666833787.8731513,20794.81,20788.16,8.05828583,22.57,61.07437266
1666833797.787335,20790.5,20790.5,8.58802247,20.34,62.46338933
1666833807.8854752,20790.5,20790.5,8.58802247,20.34,62.46338933
1666833817.845835,20790.5,20790.5,8.58802247,20.34,62.46338933
1666833828.0701432,20790.5,20790.55,8.59201107,20.39,62.48541335
1666833837.844828,20790.5,20790.55,8.59201107,20.39,62.48541335
1666833847.8861983,20790.5,20790.55,8.59201107,20.39,62.48541335
1666833857.8807642,20791.42,20791.42,8.93961836,21.56,62.86453591
1666833867.8693078,20791.42,20791.42,8.93961836,21.56,62.86453591
1666833877.8542223,20791.42,20791.42,8.93961836,21.56,62.86453591
1666833887.88541,20791.42,20779.03,7.9512423,9.17,54.4284302
1666833897.9254937,20791.42,20779.03,7.9512423,9.17,54.4284302
1666833907.8685713,20791.42,20779.03,7.9512423,9.17,54.4284302
1666833917.9047637,20777.6,20777.6,7.10208011,26.04,53.59828903
1666833927.892887,20777.6,20777.6,7.10208011,26.04,53.59828903
1666833937.8615618,20777.6,20777.6,7.10208011,26.04,53.59828903
1666833947.8618257,20777.6,20763.17,5.950969,11.61,45.97770262
1666833957.9116795,20777.6,20763.17,5.950969,11.61,45.97770262
1666833968.718584,20777.6,20763.17,5.950969,11.61,45.97770262
1666833978.8731484,20755.88,20755.88,3.37482773,-0.89,42.89649826
1666833988.7182295,20755.88,20755.88,3.37482773,-0.89,42.89649826
1666833998.803735,20755.88,20755.88,3.37482773,-0.89,42.89649826
1666834008.9505973,20755.88,20740.15,2.12001292,-16.62,37.11651815
1666834018.7047944,20755.88,20740.15,2.12001292,-16.62,37.11651815
1666834028.8028817,20755.88,20740.15,2.12001292,-16.62,37.11651815
1666834038.7925465,20730.84,20730.84,-1.85907308,-43.65,34.79939918
1666834048.7381146,20730.84,20730.84,-1.85907308,-43.65,34.79939918
1666834058.873355,20730.84,20730.84,-1.85907308,-43.65,34.79939918
1666834068.779801,20730.84,20725.73,-2.26670841,-48.76,32.96628742
1666834078.7755537,20730.84,20725.73,-2.26670841,-48.76,32.96628742
1666834088.7230375,20730.84,20725.73,-2.26670841,-48.76,32.96628742
1666834098.7622015,20725.01,20725.01,-5.10330338,-57.0,32.77295205
1666834108.8183722,20725.01,20725.01,-5.10330338,-57.0,32.77295205
1666834118.837014,20725.01,20725.01,-5.10330338,-57.0,32.77295205
1666834128.8024516,20725.01,20727.18,-4.93019797,-54.83,34.02871639
1666834138.8672607,20725.01,20727.18,-4.93019797,-54.83,34.02871639
1666834149.4670622,20725.01,20727.18,-4.93019797,-54.83,34.02871639
1666834159.4167912,20726.84,20726.84,-6.89610711,-59.08,34.11191692
1666834169.465636,20726.84,20726.84,-6.89610711,-59.08,34.11191692
1666834179.4039423,20726.84,20726.84,-6.89610711,-59.08,34.11191692
1666834189.5148177,20726.84,20725.91,-6.97029514,-60.01,33.82510216
1666834199.4184313,20726.84,20725.91,-6.97029514,-60.01,33.82510216
1666834209.4573483,20726.84,20725.91,-6.97029514,-60.01,33.82510216
1666834219.4721086,20723.08,20723.08,-9.00514913,-62.49,33.35711581
1666834229.513882,20723.08,20723.08,-9.00514913,-62.49,33.35711581
1666834239.4701052,20723.08,20723.08,-9.00514913,-62.49,33.35711581
1666834249.4685488,20723.08,20738.62,-7.76549101,-46.95,41.77576344
1666834259.4305289,20723.08,20738.62,-7.76549101,-46.95,41.77576344
1666834269.4767852,20723.08,20738.62,-7.76549101,-46.95,41.77576344
1666834279.431942,20736.5,20736.5,-8.35345256,-59.14,40.75476083
1666834289.4383144,20736.5,20736.5,-8.35345256,-59.14,40.75476083
1666834299.4742556,20736.5,20736.5,-8.35345256,-59.14,40.75476083
1666834309.4309006,20736.5,20741.07,-7.98889415,-54.57,43.07222117
1666834319.44108,20736.5,20741.07,-7.98889415,-54.57,43.07222117
1666834330.1967757,20736.5,20741.07,-7.98889415,-54.57,43.07222117
1666834340.071673,20733.78,20733.78,-9.00971916,-55.91,39.92637107
1666834350.1019998,20733.78,20733.78,-9.00971916,-55.91,39.92637107
1666834360.0546763,20733.78,20733.78,-9.00971916,-55.91,39.92637107
1666834370.0455563,20733.78,20730.66,-9.25860805,-59.03,38.67674029
1666834380.080493,20733.78,20730.66,-9.25860805,-59.03,38.67674029
1666834390.1497252,20733.78,20730.66,-9.25860805,-59.03,38.67674029
1666834400.0731518,20712.88,20712.88,-12.10718921,-78.54,33.26917374
1666834410.033569,20712.88,20712.88,-12.10718921,-78.54,33.26917374
1666834420.030101,20712.88,20712.88,-12.10718921,-78.54,33.26917374
1666834430.0158913,20712.88,20713.33,-12.07129177,-78.09,33.39591287
1666834440.0598578,20712.88,20713.33,-12.07129177,-78.09,33.39591287
1666834450.047942,20712.88,20713.33,-12.07129177,-78.09,33.39591287
1666834460.0581596,20709.95,20709.95,-13.56149691,-67.65,32.46609448
1666834470.0235007,20709.95,20709.95,-13.56149691,-67.65,32.46609448
1666834480.123515,20709.95,20709.95,-13.56149691,-67.65,32.46609448
1666834490.1761365,20709.95,20710.72,-13.50007241,-66.88,32.91181903
1666834500.099406,20709.95,20710.72,-13.50007241,-66.88,32.91181903
1666834510.8500235,20706.0,20706.0,-14.98571351,-49.88,31.72588711
1666834520.8810573,20706.0,20706.0,-14.98571351,-49.88,31.72588711
1666834530.854853,20706.0,20706.0,-14.98571351,-49.88,31.72588711
1666834540.9022171,20706.0,20711.01,-14.58605539,-44.87,34.69055478
1666834550.8631482,20706.0,20711.01,-14.58605539,-44.87,34.69055478
1666834560.9731984,20706.0,20711.01,-14.58605539,-44.87,34.69055478
1666834571.0059304,20722.14,20722.14,-13.30470577,-7.19,40.50794997
1666834580.8371117,20722.14,20722.14,-13.30470577,-7.19,40.50794997
1666834590.90232,20722.14,20722.14,-13.30470577,-7.19,40.50794997
1666834600.8916698,20722.14,20723.27,-13.21456332,-6.06,40.98370248
1666834610.880141,20722.14,20723.27,-13.21456332,-6.06,40.98370248
1666834620.8784862,20722.14,20723.27,-13.21456332,-6.06,40.98370248
1666834630.8446608,20731.92,20731.92,-11.5557927,6.91,45.02793684
1666834640.8839202,20731.92,20731.92,-11.5557927,6.91,45.02793684
1666834651.2220013,20731.92,20731.92,-11.5557927,6.91,45.02793684
1666834660.945739,20731.92,20734.15,-11.37790096,9.14,46.04593425
1666834670.9221838,20731.92,20734.15,-11.37790096,9.14,46.04593425
1666834680.9863665,20731.92,20734.15,-11.37790096,9.14,46.04593425
1666834691.3493414,20731.92,20734.15,-11.37790096,9.14,46.04593425
1666834701.3032255,20731.98,20731.98,-10.56462666,4.04,45.08488287
1666834711.3017874,20731.98,20731.98,-10.56462666,4.04,45.08488287
1666834721.3514066,20731.98,20739.67,-9.95117937,11.73,48.63507196
1666834731.3248458,20731.98,20739.67,-9.95117937,11.73,48.63507196
1666834741.3540406,20731.98,20739.67,-9.95117937,11.73,48.63507196
1666834751.3196692,20731.98,20739.67,-9.95117937,11.73,48.63507196
1666834761.3249362,20740.76,20740.76,-8.46401451,18.79,49.10736161
1666834771.350937,20740.76,20740.76,-8.46401451,18.79,49.10736161
1666834781.4862294,20740.76,20740.76,-8.46401451,18.79,49.10736161
1666834791.2965488,20740.76,20744.78,-8.14333075,22.81,50.90045716
1666834801.3443346,20740.76,20744.78,-8.14333075,22.81,50.90045716
1666834811.3649514,20741.25,20741.25,-7.14151499,4.75,49.31170018
1666834821.4290433,20741.25,20741.25,-7.14151499,4.75,49.31170018
1666834831.3663447,20741.25,20741.25,-7.14151499,4.75,49.31170018
1666834841.380484,20741.25,20740.33,-7.2149053,3.83,48.88152399
1666834851.78136,20741.25,20740.33,-7.2149053,3.83,48.88152399
1666834861.383953,20741.25,20740.33,-7.2149053,3.83,48.88152399
1666834871.7327356,20741.25,20740.33,-7.2149053,3.83,48.88152399
1666834881.7371042,20743.6,20743.6,-5.78303126,10.45,50.43396033
1666834891.6994133,20743.6,20743.6,-5.78303126,10.45,50.43396033
1666834901.777234,20743.6,20737.18,-6.29516801,4.03,47.31686865
1666834911.8080058,20743.6,20737.18,-6.29516801,4.03,47.31686865
1666834921.7419496,20743.6,20737.18,-6.29516801,4.03,47.31686865
1666834931.7738016,20746.55,20746.55,-4.44053811,32.71,51.92489119
1666834941.906855,20746.55,20746.55,-4.44053811,32.71,51.92489119
1666834951.8608737,20746.55,20746.55,-4.44053811,32.71,51.92489119
1666834961.7373922,20746.55,20746.55,-4.44053811,32.71,51.92489119
1666834971.7285652,20746.55,20736.07,-5.27654951,22.23,46.62013035
1666834981.7155602,20746.55,20736.07,-5.27654951,22.23,46.62013035
1666834991.6918504,20746.55,20736.07,-5.27654951,22.23,46.62013035
1666835001.703159,20733.79,20733.79,-5.26753216,23.8,45.59983757
1666835011.755451,20733.79,20733.79,-5.26753216,23.8,45.59983757
1666835021.7661543,20733.79,20731.75,-5.43026721,21.76,44.65809643
1666835031.708765,20733.79,20731.75,-5.43026721,21.76,44.65809643
1666835041.8699071,20733.79,20731.75,-5.43026721,21.76,44.65809643
1666835052.610464,20737.04,20737.04,-4.5985115,32.04,47.36804823
1666835062.4178972,20737.04,20737.04,-4.5985115,32.04,47.36804823
1666835072.4709587,20737.04,20737.04,-4.5985115,32.04,47.36804823
1666835082.387901,20737.04,20736.15,-4.66950865,31.15,46.91830211
1666835092.4659274,20737.04,20736.15,-4.66950865,31.15,46.91830211
1666835102.4975393,20737.04,20736.15,-4.66950865,31.15,46.91830211
1666835112.4450936,20734.89,20734.89,-4.5708795,12.18,46.37738216
1666835122.4783244,20734.89,20734.89,-4.5708795,12.18,46.37738216
1666835132.4764931,20734.89,20734.89,-4.5708795,12.18,46.37738216
1666835142.5373442,20734.89,20731.3,-4.85726127,8.59,44.50907474
1666835152.7274776,20734.89,20731.3,-4.85726127,8.59,44.50907474
1666835162.47428,20734.89,20731.3,-4.85726127,8.59,44.50907474
1666835172.5251467,20720.38,20720.38,-6.37143686,-10.6,39.77518893
1666835182.459001,20720.38,20720.38,-6.37143686,-10.6,39.77518893
1666835192.4937437,20720.38,20720.38,-6.37143686,-10.6,39.77518893
1666835202.5022297,20720.38,20728.15,-5.7516078,-2.83,44.3135767
1666835212.499374,20720.38,20728.15,-5.7516078,-2.83,44.3135767
1666835222.4677618,20720.38,20728.15,-5.7516078,-2.83,44.3135767
1666835233.1137123,20731.03,20731.03,-5.29714283,-1.49,45.82672913
1666835243.2281406,20731.03,20731.03,-5.29714283,-1.49,45.82672913
1666835253.0328207,20731.03,20731.03,-5.29714283,-1.49,45.82672913
1666835263.168374,20731.03,20731.03,-5.29714283,-1.49,45.82672913
1666835273.135678,20731.03,20737.99,-4.74192916,5.47,49.40476284
1666835283.04971,20731.03,20737.99,-4.74192916,5.47,49.40476284
1666835293.103484,20745.66,20745.66,-3.01536801,4.9,52.84938386
1666835303.1397967,20745.66,20745.66,-3.01536801,4.9,52.84938386
1666835313.203467,20745.66,20745.66,-3.01536801,4.9,52.84938386
1666835323.1066585,20745.66,20741.44,-3.35200619,0.68,50.81290924
1666835333.115763,20745.66,20741.44,-3.35200619,0.68,50.81290924
1666835343.1795695,20745.66,20741.44,-3.35200619,0.68,50.81290924
1666835353.1363702,20737.52,20737.52,-3.17794387,-4.7,49.00958646
1666835363.127221,20737.52,20737.52,-3.17794387,-4.7,49.00958646
1666835373.055539,20737.52,20737.52,-3.17794387,-4.7,49.00958646
1666835383.071944,20737.52,20740.49,-2.9410208,-1.73,50.42695249
1666835393.1586416,20737.52,20740.49,-2.9410208,-1.73,50.42695249
1666835403.0821116,20737.52,20740.49,-2.9410208,-1.73,50.42695249
1666835413.622488,20739.49,20739.49,-2.54246041,-4.11,49.95425742
1666835423.57544,20739.49,20739.49,-2.54246041,-4.11,49.95425742
1666835433.640246,20739.49,20739.49,-2.54246041,-4.11,49.95425742
1666835443.7335672,20739.49,20737.13,-2.73072252,-6.47,48.76773777
1666835453.5864012,20739.49,20737.13,-2.73072252,-6.47,48.76773777
1666835463.578234,20739.49,20737.13,-2.73072252,-6.47,48.76773777
1666835473.6127589,20736.58,20736.58,-2.54758946,-9.03,48.49928065
1666835483.5850751,20736.58,20736.58,-2.54758946,-9.03,48.49928065
1666835493.5807838,20736.58,20736.58,-2.54758946,-9.03,48.49928065
1666835503.6738112,20736.58,20741.32,-2.1694698,-4.29,51.0025969
1666835513.6264489,20736.58,20741.32,-2.1694698,-4.29,51.0025969
1666835523.6805632,20736.58,20741.32,-2.1694698,-4.29,51.0025969
1666835533.6166406,20736.58,20741.32,-2.1694698,-4.29,51.0025969
1666835543.752941,20741.16,20741.16,-1.69326187,7.37,50.92207198
1666835553.6037824,20741.16,20741.16,-1.69326187,7.37,50.92207198
1666835563.6122408,20741.16,20740.44,-1.75069777,6.65,50.51971154
1666835573.756606,20741.16,20740.44,-1.75069777,6.65,50.51971154
1666835583.7651513,20741.16,20740.44,-1.75069777,6.65,50.51971154
1666835594.1127484,20738.3,20738.3,-1.69516485,1.26,49.36048084
1666835604.1143994,20738.3,20738.3,-1.69516485,1.26,49.36048084
1666835614.1002986,20738.3,20738.3,-1.69516485,1.26,49.36048084
1666835624.156589,20738.3,20730.66,-2.30462354,-6.38,45.35886445
1666835634.1358914,20738.3,20730.66,-2.30462354,-6.38,45.35886445
1666835644.136919,20738.3,20730.66,-2.30462354,-6.38,45.35886445
1666835654.1344252,20729.79,20729.79,-2.70158391,-4.42,44.94395507
1666835664.1658018,20729.79,20729.79,-2.70158391,-4.42,44.94395507
1666835674.1237895,20729.79,20729.79,-2.70158391,-4.42,44.94395507
1666835684.1230333,20729.79,20732.93,-2.45109957,-1.28,46.83420181
1666835694.1182864,20729.79,20732.93,-2.45109957,-1.28,46.83420181
1666835704.1591952,20729.79,20732.93,-2.45109957,-1.28,46.83420181
1666835714.1189022,20729.79,20732.93,-2.45109957,-1.28,46.83420181
1666835724.1991897,20732.64,20732.64,-2.50299116,12.26,46.67681414
1666835734.247476,20732.64,20732.64,-2.50299116,12.26,46.67681414
1666835744.174965,20732.64,20729.9,-2.72156666,9.52,45.22462167
1666835754.0971355,20732.64,20729.9,-2.72156666,9.52,45.22462167
1666835764.286153,20732.64,20729.9,-2.72156666,9.52,45.22462167
1666835775.1360843,20728.63,20728.63,-3.0857364,-2.4,44.58173692
1666835785.2708263,20728.63,20728.63,-3.0857364,-2.4,44.58173692
1666835795.1520965,20728.63,20728.63,-3.0857364,-2.4,44.58173692
1666835805.2851305,20728.63,20740.0,-2.17872785,8.97,51.2616448
1666835815.1175065,20728.63,20740.0,-2.17872785,8.97,51.2616448
1666835825.138705,20728.63,20740.0,-2.17872785,8.97,51.2616448
1666835835.1093607,20739.07,20739.07,-1.78130665,-6.22,50.77674612
1666835845.1240745,20739.07,20739.07,-1.78130665,-6.22,50.77674612
1666835855.135585,20739.07,20739.07,-1.78130665,-6.22,50.77674612
1666835865.1505008,20739.07,20744.87,-1.31862858,-0.42,53.86224694
1666835875.1887865,20739.07,20744.87,-1.31862858,-0.42,53.86224694
1666835885.2987454,20739.07,20744.87,-1.31862858,-0.42,53.86224694
1666835895.1499057,20737.69,20737.69,-1.58596768,-0.76,49.98144524
1666835905.262346,20737.69,20737.69,-1.58596768,-0.76,49.98144524
1666835915.1982057,20737.69,20737.69,-1.58596768,-0.76,49.98144524
1666835925.2087176,20737.69,20735.37,-1.7710389,-3.08,48.6029073
1666835935.1858888,20737.69,20735.37,-1.7710389,-3.08,48.6029073
1666835945.2056198,20737.69,20735.37,-1.7710389,-3.08,48.6029073
1666835956.0391898,20736.27,20736.27,-1.60570816,-3.18,49.21031051
1666835965.9597456,20736.27,20736.27,-1.60570816,-3.18,49.21031051
1666835976.0412686,20736.27,20736.27,-1.60570816,-3.18,49.21031051
1666835985.946369,20736.27,20724.49,-2.54542326,-14.96,42.67215734
1666835996.032473,20736.27,20724.49,-2.54542326,-14.96,42.67215734
1666836005.9830348,20736.27,20724.49,-2.54542326,-14.96,42.67215734
1666836016.0162168,20724.54,20724.54,-3.02829138,-12.04,42.65629756
1666836025.975667,20724.54,20724.54,-3.02829138,-12.04,42.65629756
1666836036.0486188,20724.54,20724.54,-3.02829138,-12.04,42.65629756
1666836046.0033762,20724.54,20722.72,-3.17347657,-13.86,41.73710621
1666836056.0518005,20724.54,20722.72,-3.17347657,-13.86,41.73710621
1666836065.9595006,20724.54,20722.72,-3.17347657,-13.86,41.73710621
1666836076.050557,20724.4,20724.4,-3.46374341,-16.76,42.5888037
1666836085.998102,20724.4,20724.4,-3.46374341,-16.76,42.5888037
1666836095.990563,20724.4,20724.4,-3.46374341,-16.76,42.5888037
1666836105.9897206,20724.4,20726.88,-3.26590865,-14.28,44.38233248
1666836116.057173,20724.4,20726.88,-3.26590865,-14.28,44.38233248
1666836125.963122,20724.4,20726.88,-3.26590865,-14.28,44.38233248
1666836138.079963,20728.4,20728.4,-3.18937089,-9.9,45.42794237
1666836147.147696,20728.4,20728.4,-3.18937089,-9.9,45.42794237
1666836157.1748178,20728.4,20728.4,-3.18937089,-9.9,45.42794237
1666836167.1286712,20728.4,20728.62,-3.17182103,-9.68,45.58607251
1666836177.2005987,20728.4,20728.62,-3.17182103,-9.68,45.58607251
1666836187.1156826,20728.4,20728.62,-3.17182103,-9.68,45.58607251
1666836197.2019277,20729.86,20729.86,-2.98229428,0.07,46.46709012
1666836207.1043868,20729.86,20729.86,-2.98229428,0.07,46.46709012
1666836217.2239866,20729.86,20729.86,-2.98229428,0.07,46.46709012
1666836227.2142136,20729.86,20726.36,-3.26149656,-3.43,44.2874431
1666836237.1080737,20729.86,20726.36,-3.26149656,-3.43,44.2874431
1666836247.1607106,20729.86,20726.36,-3.26149656,-3.43,44.2874431
1666836257.2213273,20732.06,20732.06,-2.5663203,-0.93,48.07347446
1666836267.198384,20732.06,20732.06,-2.5663203,-0.93,48.07347446
1666836277.1534426,20732.06,20732.06,-2.5663203,-0.93,48.07347446
1666836287.1731317,20732.06,20732.63,-2.52085022,-0.36,48.50462969
1666836297.6948304,20732.06,20732.63,-2.52085022,-0.36,48.50462969
1666836307.3697803,20732.06,20732.63,-2.52085022,-0.36,48.50462969
1666836317.7616894,20738.51,20738.51,-1.43687978,9.88,52.56741311
1666836327.6875849,20738.51,20738.51,-1.43687978,9.88,52.56741311
1666836337.7552938,20738.51,20738.51,-1.43687978,9.88,52.56741311
1666836347.742603,20738.51,20744.43,-0.96462907,15.8,56.30519818
1666836357.8646274,20738.51,20744.43,-0.96462907,15.8,56.30519818
1666836367.88545,20738.51,20744.43,-0.96462907,15.8,56.30519818
1666836377.7553823,20742.33,20742.33,-0.3987328,3.27,55.04865388
1666836387.8081791,20742.33,20742.33,-0.3987328,3.27,55.04865388
1666836397.853037,20742.33,20742.33,-0.3987328,3.27,55.04865388
1666836407.79936,20742.33,20757.07,0.77710766,18.01,63.07520527
1666836417.7801733,20742.33,20757.07,0.77710766,18.01,63.07520527
1666836427.893149,20742.33,20757.07,0.77710766,18.01,63.07520527
1666836437.7256455,20761.83,20761.83,2.93699465,24.14,65.08831115
1666836447.7913308,20761.83,20761.83,2.93699465,24.14,65.08831115
1666836458.0461965,20761.83,20761.83,2.93699465,24.14,65.08831115
1666836467.804065,20761.83,20758.74,2.69049893,21.05,62.698615
1666836477.7725158,20761.83,20758.74,2.69049893,21.05,62.698615
1666836487.948675,20761.83,20758.74,2.69049893,21.05,62.698615
1666836498.1670735,20752.66,20752.66,3.01858159,17.63,58.46090408
1666836508.1334758,20752.66,20752.66,3.01858159,17.63,58.46090408
1666836518.1750436,20752.66,20752.66,3.01858159,17.63,58.46090408
1666836528.1230226,20752.66,20752.07,2.97151606,17.04,58.05226057
1666836538.1142778,20752.66,20752.07,2.97151606,17.04,58.05226057
1666836548.1488695,20752.66,20752.07,2.97151606,17.04,58.05226057
1666836558.1552894,20758.04,20758.04,4.28665904,32.42,61.07609077
1666836568.2328975,20758.04,20758.04,4.28665904,32.42,61.07609077
1666836578.165283,20758.04,20758.04,4.28665904,32.42,61.07609077
1666836588.4047852,20758.04,20760.59,4.49007784,34.97,62.24430183
1666836598.1892674,20758.04,20760.59,4.49007784,34.97,62.24430183
1666836608.177153,20758.04,20760.59,4.49007784,34.97,62.24430183
1666836618.1999235,20761.88,20761.88,5.49941402,37.5,62.81858524
1666836628.196398,20761.88,20761.88,5.49941402,37.5,62.81858524
1666836638.18735,20761.88,20761.88,5.49941402,37.5,62.81858524
1666836648.3215854,20761.88,20756.26,5.05109494,31.88,58.75997897
1666836658.1869617,20761.88,20756.26,5.05109494,31.88,58.75997897
1666836668.207092,20761.88,20756.26,5.05109494,31.88,58.75997897
1666836678.5626943,20751.64,20751.64,4.74211788,23.23,55.71693603
1666836688.6042497,20751.64,20751.64,4.74211788,23.23,55.71693603
1666836698.6001792,20751.64,20751.64,4.74211788,23.23,55.71693603
1666836708.6468384,20751.64,20758.22,5.26701816,29.81,59.03594815
1666836718.7273805,20751.64,20758.22,5.26701816,29.81,59.03594815
1666836728.6285892,20751.64,20758.22,5.26701816,29.81,59.03594815
1666836738.8238268,20753.47,20753.47,5.0257209,23.61,56.53906615
1666836748.8614705,20753.47,20753.47,5.0257209,23.61,56.53906615
1666836758.8411365,20753.47,20753.47,5.0257209,23.61,56.53906615
1666836768.9008255,20753.47,20755.03,5.15016535,25.17,57.54004513
1666836778.9883082,20753.47,20755.03,5.15016535,25.17,57.54004513
1666836788.8419895,20753.47,20755.03,5.15016535,25.17,57.54004513
1666836798.824747,20751.2,20751.2,4.74960423,19.14,54.93894223
1666836808.79656,20751.2,20751.2,4.74960423,19.14,54.93894223
1666836818.848822,20751.2,20751.2,4.74960423,19.14,54.93894223
1666836828.8590746,20751.2,20755.0,5.05273813,22.94,57.22066878
1666836838.8715644,20751.2,20755.0,5.05273813,22.94,57.22066878
1666836848.9729948,20751.2,20755.0,5.05273813,22.94,57.22066878
1666836859.6079614,20762.34,20762.34,6.14267436,23.83,60.86909046
1666836869.5994475,20762.34,20762.34,6.14267436,23.83,60.86909046
1666836879.6990843,20762.34,20762.34,6.14267436,23.83,60.86909046
1666836889.6354134,20762.34,20771.77,6.89492508,33.26,64.99909584
1666836899.588626,20762.34,20771.77,6.89492508,33.26,64.99909584
1666836909.5714867,20762.34,20771.77,6.89492508,33.26,64.99909584
1666836919.6004546,20769.17,20769.17,7.49249734,26.84,63.59500458
1666836929.5950892,20769.17,20769.17,7.49249734,26.84,63.59500458
1666836939.6003027,20769.17,20769.17,7.49249734,26.84,63.59500458
1666836949.6139052,20769.17,20778.44,8.23198451,36.11,67.64588969
1666836959.7495508,20769.17,20778.44,8.23198451,36.11,67.64588969
1666836969.6090033,20769.17,20778.44,8.23198451,36.11,67.64588969
1666836979.8490632,20777.33,20777.33,9.13131322,15.5,67.24074433
1666836989.6547737,20777.33,20777.33,9.13131322,15.5,67.24074433
1666836999.6589386,20777.33,20777.33,9.13131322,15.5,67.24074433
1666837009.6379385,20777.33,20773.75,8.84572918,11.92,64.43809458
1666837019.679709,20777.33,20773.75,8.84572918,11.92,64.43809458
1666837029.6314185,20777.33,20773.75,8.84572918,11.92,64.43809458
1666837040.1651163,20772.74,20772.74,9.23737031,19.81,63.61146161
1666837049.9646049,20772.74,20772.74,9.23737031,19.81,63.61146161
1666837060.0068548,20772.74,20772.74,9.23737031,19.81,63.61146161
1666837070.044909,20772.74,20772.43,9.21264097,19.5,63.36831707
1666837080.197193,20772.74,20772.43,9.21264097,19.5,63.36831707
1666837090.036097,20772.74,20772.43,9.21264097,19.5,63.36831707
1666837100.020857,20782.48,20782.48,10.84257655,25.71,67.70268099
1666837109.997615,20782.48,20782.48,10.84257655,25.71,67.70268099
1666837120.0529993,20782.48,20782.48,10.84257655,25.71,67.70268099
1666837130.0480487,20782.48,20790.28,11.46479877,33.51,70.84681002
1666837140.0672991,20782.48,20790.28,11.46479877,33.51,70.84681002
1666837150.005131,20782.48,20790.28,11.46479877,33.51,70.84681002
1666837159.9908931,20788.59,20788.59,12.14713506,27.0,70.29844214
1666837170.0134404,20788.59,20788.59,12.14713506,27.0,70.29844214
1666837180.0611408,20788.59,20788.59,12.14713506,27.0,70.29844214
1666837190.056059,20788.59,20777.84,11.28958521,16.25,62.23845803
1666837200.241818,20788.59,20777.84,11.28958521,16.25,62.23845803
1666837210.0652988,20788.59,20777.84,11.28958521,16.25,62.23845803
1666837220.50508,20780.84,20780.84,11.63393252,28.8,64.31828738
1666837230.7643056,20780.84,20780.84,11.63393252,28.8,64.31828738
1666837240.4991677,20780.84,20781.18,11.66105503,29.14,64.58687666
1666837250.511302,20780.84,20781.18,11.66105503,29.14,64.58687666
1666837260.489741,20780.84,20781.18,11.66105503,29.14,64.58687666
1666837270.5355232,20777.51,20777.51,11.06602969,23.11,61.80115365
1666837280.537356,20777.51,20777.51,11.06602969,23.11,61.80115365
1666837290.5373318,20777.51,20777.51,11.06602969,23.11,61.80115365
1666837300.57038,20777.51,20766.36,10.176571,11.96,54.15835221
1666837310.5178816,20777.51,20766.36,10.176571,11.96,54.15835221
1666837320.4960637,20777.51,20766.36,10.176571,11.96,54.15835221
1666837330.6696558,20777.51,20766.36,10.176571,11.96,54.15835221
1666837340.6814718,20787.2,20787.2,12.0279478,35.15,65.99565161
1666837350.6451526,20787.2,20787.2,12.0279478,35.15,65.99565161
1666837360.6840963,20787.2,20791.5,12.37096774,39.45,67.68180364
1666837370.70936,20787.2,20791.5,12.37096774,39.45,67.68180364
1666837380.7045708,20787.2,20791.5,12.37096774,39.45,67.68180364
1666837390.845204,20787.2,20791.5,12.37096774,39.45,67.68180364
1666837401.2378502,20790.14,20790.14,12.50074288,27.8,67.16225101
1666837411.2641,20790.14,20790.14,12.50074288,27.8,67.16225101
1666837421.1858714,20790.14,20790.3,12.51350642,27.96,67.23272828
1666837431.5582669,20790.14,20790.3,12.51350642,27.96,67.23272828
1666837441.2998562,20790.14,20790.3,12.51350642,27.96,67.23272828
1666837451.2899504,20788.0,20788.0,12.29971353,17.87,65.33896134
1666837461.2175412,20788.0,20788.0,12.29971353,17.87,65.33896134
1666837471.264821,20788.0,20788.0,12.29971353,17.87,65.33896134
1666837481.2751756,20788.0,20783.53,11.94313233,13.4,61.69457762
1666837491.2032826,20788.0,20783.53,11.94313233,13.4,61.69457762
1666837501.382939,20788.0,20783.53,11.94313233,13.4,61.69457762
1666837511.2836325,20786.95,20786.95,11.88611562,9.62,64.2138276
1666837521.214014,20786.95,20786.95,11.88611562,9.62,64.2138276
1666837531.282894,20786.95,20786.95,11.88611562,9.62,64.2138276
1666837541.2955124,20786.95,20789.5,12.08953442,12.17,65.42858476
1666837551.281303,20786.95,20789.5,12.08953442,12.17,65.42858476
1666837561.271922,20786.95,20789.5,12.08953442,12.17,65.42858476
1666837571.25651,20785.69,20785.69,11.35724974,11.57,63.36782593
1666837582.049422,20785.69,20785.69,11.35724974,11.57,63.36782593
1666837592.3744252,20785.69,20785.69,11.35724974,11.57,63.36782593
1666837602.0705478,20785.69,20781.02,10.98471413,6.9,59.25467161
1666837612.1114616,20785.69,20781.02,10.98471413,6.9,59.25467161
1666837622.0725403,20785.69,20781.02,10.98471413,6.9,59.25467161
1666837632.064564,20785.69,20781.02,10.98471413,6.9,59.25467161
1666837642.073235,20781.54,20781.54,10.26245053,-1.75,59.52977763
1666837652.2207377,20781.54,20781.54,10.26245053,-1.75,59.52977763
1666837662.084204,20781.54,20783.42,10.41242204,0.13,60.62364978
1666837672.1007998,20781.54,20783.42,10.41242204,0.13,60.62364978
1666837682.067983,20781.54,20783.42,10.41242204,0.13,60.62364978
1666837692.0786006,20777.85,20777.85,9.06924582,-10.19,56.58081901
1666837702.076187,20777.85,20777.85,9.06924582,-10.19,56.58081901
1666837712.1383398,20777.85,20777.85,9.06924582,-10.19,56.58081901
1666837722.0967314,20777.85,20777.85,9.06924582,-10.19,56.58081901
1666837732.0989497,20777.85,20778.78,9.14343385,-9.26,57.19358843
1666837742.086338,20777.85,20778.78,9.14343385,-9.26,57.19358843
1666837752.1152344,20764.76,20764.76,6.41123374,-16.83,47.09236486
1666837762.7557926,20764.76,20764.76,6.41123374,-16.83,47.09236486
1666837772.78093,20764.76,20764.76,6.41123374,-16.83,47.09236486
1666837782.6956334,20764.76,20767.45,6.62582063,-14.14,48.9856495
1666837792.883435,20764.76,20767.45,6.62582063,-14.14,48.9856495
1666837802.7230916,20764.76,20767.45,6.62582063,-14.14,48.9856495
1666837812.7385292,20769.28,20769.28,5.673958,-8.23,50.22936423
1666837822.7408674,20769.28,20769.28,5.673958,-8.23,50.22936423
1666837832.8222775,20769.28,20769.28,5.673958,-8.23,50.22936423
1666837842.7056203,20769.28,20761.06,5.0182315,-16.45,44.97380361
1666837852.77056,20769.28,20761.06,5.0182315,-16.45,44.97380361
1666837862.7792258,20769.28,20761.06,5.0182315,-16.45,44.97380361
1666837872.7689888,20767.31,20767.31,4.51005269,-19.16,48.86391385
1666837882.930773,20767.31,20767.31,4.51005269,-19.16,48.86391385
1666837892.7547758,20767.31,20767.31,4.51005269,-19.16,48.86391385
1666837902.8285568,20767.31,20767.31,4.51005269,-19.16,48.86391385
1666837912.8127048,20767.31,20774.74,5.10275925,-11.73,53.96205335
1666837922.762659,20767.31,20774.74,5.10275925,-11.73,53.96205335
1666837932.9066386,20769.37,20769.37,4.0085198,-20.78,50.33654673
1666837943.1101158,20769.37,20769.37,4.0085198,-20.78,50.33654673
1666837953.1997182,20769.37,20769.37,4.0085198,-20.78,50.33654673
1666837963.2445548,20769.37,20770.58,4.10504402,-19.57,51.26373573
1666837973.096013,20769.37,20770.58,4.10504402,-19.57,51.26373573
1666837983.41266,20769.37,20770.58,4.10504402,-19.57,51.26373573
1666837993.1152592,20772.0,20772.0,3.76604138,-16.94,52.29730885
1666838003.128029,20772.0,20772.0,3.76604138,-16.94,52.29730885
1666838013.0935633,20772.0,20772.0,3.76604138,-16.94,52.29730885
1666838023.0729246,20772.0,20772.68,3.8202864,-16.26,52.816136
1666838033.1443446,20772.0,20772.68,3.8202864,-16.26,52.816136
1666838043.0987604,20772.0,20772.68,3.8202864,-16.26,52.816136
1666838053.1651168,20772.0,20772.68,3.8202864,-16.26,52.816136
1666838063.14741,20780.56,20780.56,4.5757391,-5.7,58.08551956
1666838073.166905,20780.56,20780.56,4.5757391,-5.7,58.08551956
1666838083.1400182,20780.56,20785.0,4.92992713,-1.26,60.74487819
1666838093.1398027,20780.56,20785.0,4.92992713,-1.26,60.74487819
1666838103.1654038,20780.56,20785.0,4.92992713,-1.26,60.74487819
1666838113.1390574,20786.14,20786.14,5.45923139,0.45,61.09434037
1666838123.9819412,20786.14,20786.14,5.45923139,0.45,61.09434037
1666838133.9599905,20786.14,20786.14,5.45923139,0.45,61.09434037
1666838144.1040835,20786.14,20786.14,5.45923139,0.45,61.09434037
1666838153.9170024,20786.14,20785.8,5.43210888,0.11,60.78799729
1666838163.9658585,20786.14,20785.8,5.43210888,0.11,60.78799729
1666838173.9594498,20789.49,20789.49,6.16778029,8.65,63.21087961
1666838183.9680178,20789.49,20789.49,6.16778029,8.65,63.21087961
1666838193.9114318,20789.49,20789.49,6.16778029,8.65,63.21087961
1666838203.9636884,20789.49,20789.57,6.17416206,8.73,63.25653503
1666838214.0554788,20789.49,20789.57,6.17416206,8.73,63.25653503
1666838223.9107063,20789.49,20789.57,6.17416206,8.73,63.25653503
1666838234.2163763,20771.48,20771.48,3.83079373,-6.37,49.45913321
1666838243.9081166,20771.48,20771.48,3.83079373,-6.37,49.45913321
1666838253.9328592,20771.48,20771.48,3.83079373,-6.37,49.45913321
1666838263.942535,20771.48,20765.32,3.33939772,-12.53,45.75613236
1666838273.9777255,20771.48,20765.32,3.33939772,-12.53,45.75613236
1666838283.9589152,20771.48,20765.32,3.33939772,-12.53,45.75613236
1666838293.9787033,20771.48,20765.32,3.33939772,-12.53,45.75613236
1666838304.811496,20769.96,20769.96,2.93440992,5.2,48.47972783
1666838314.8615148,20769.96,20769.96,2.93440992,5.2,48.47972783
1666838324.809608,20769.96,20773.15,3.18888285,8.39,50.65442551
1666838335.0252426,20769.96,20773.15,3.18888285,8.39,50.65442551
1666838344.84716,20769.96,20773.15,3.18888285,8.39,50.65442551
1666838354.81263,20770.01,20770.01,2.35986849,1.36,48.50545618
1666838364.8681636,20770.01,20770.01,2.35986849,1.36,48.50545618
1666838374.855296,20770.01,20770.01,2.35986849,1.36,48.50545618
1666838384.8417242,20770.01,20765.2,1.97616478,-3.45,45.34923942
1666838395.0073504,20770.01,20765.2,1.97616478,-3.45,45.34923942
1666838404.8781033,20770.01,20765.2,1.97616478,-3.45,45.34923942
1666838414.888107,20765.73,20765.73,1.21468016,-1.58,45.67673244
1666838424.8789196,20765.73,20765.73,1.21468016,-1.58,45.67673244
1666838434.858809,20765.73,20765.73,1.21468016,-1.58,45.67673244
1666838444.9050722,20765.73,20768.05,1.39975139,0.74,47.46517952
1666838454.8959038,20765.73,20768.05,1.39975139,0.74,47.46517952
1666838465.0917814,20765.73,20768.05,1.39975139,0.74,47.46517952
1666838474.8268073,20766.13,20766.13,0.62765315,-4.01,45.9937221
1666838485.3758538,20766.13,20766.13,0.62765315,-4.01,45.9937221
1666838495.548722,20766.13,20766.13,0.62765315,-4.01,45.9937221
1666838505.413174,20766.13,20768.65,0.8286788,-1.49,48.05040168
1666838515.4119666,20766.13,20768.65,0.8286788,-1.49,48.05040168
1666838525.5071657,20766.13,20768.65,0.8286788,-1.49,48.05040168
1666838535.4184277,20769.56,20769.56,0.68758605,-2.46,48.73530228
1666838545.4288733,20769.56,20769.56,0.68758605,-2.46,48.73530228
1666838555.5090835,20769.56,20769.56,0.68758605,-2.46,48.73530228
1666838565.4359195,20769.56,20780.09,1.52758605,8.07,56.11827146
1666838575.4165325,20769.56,20780.09,1.52758605,8.07,56.11827146
1666838585.406941,20769.56,20780.09,1.52758605,8.07,56.11827146
1666838595.3629515,20774.09,20774.09,1.08458066,-6.44,52.17343993
1666838605.405362,20774.09,20774.09,1.08458066,-6.44,52.17343993
1666838615.658054,20774.09,20774.09,1.08458066,-6.44,52.17343993
1666838625.6536016,20774.09,20773.25,1.01757211,-7.28,51.47575367
1666838635.3859937,20774.09,20773.25,1.01757211,-7.28,51.47575367
1666838645.3596077,20774.09,20773.25,1.01757211,-7.28,51.47575367
1666838655.522227,20777.59,20777.59,1.6201545,-9.29,54.64550321
1666838666.4433498,20777.59,20777.59,1.6201545,-9.29,54.64550321
1666838676.3923156,20777.59,20777.59,1.6201545,-9.29,54.64550321
1666838686.403017,20777.59,20777.68,1.62733399,-9.2,54.72547272
1666838696.2956097,20777.59,20777.68,1.62733399,-9.2,54.72547272
1666838706.328818,20777.59,20777.68,1.62733399,-9.2,54.72547272
1666838716.3448346,20774.02,20774.02,1.27226324,-15.47,51.65155673
1666838726.283173,20774.02,20774.02,1.27226324,-15.47,51.65155673
1666838736.2963471,20774.02,20774.02,1.27226324,-15.47,51.65155673
1666838746.312186,20774.02,20783.97,2.06599543,-5.52,58.4795246
1666838756.3503735,20774.02,20783.97,2.06599543,-5.52,58.4795246
1666838766.350828,20774.02,20783.97,2.06599543,-5.52,58.4795246
1666838776.3059044,20788.95,20788.95,3.31886528,18.55,61.22057252
1666838786.494403,20788.95,20788.95,3.31886528,18.55,61.22057252
1666838796.3868115,20788.95,20788.95,3.31886528,18.55,61.22057252
1666838806.4552093,20788.95,20791.19,3.49755474,20.79,62.4222514
1666838816.3840878,20788.95,20791.19,3.49755474,20.79,62.4222514
1666838826.3436868,20788.95,20791.19,3.49755474,20.79,62.4222514
1666838836.3991375,20787.47,20787.47,3.74217268,17.51,59.95383014
1666838846.7297,20787.47,20787.47,3.74217268,17.51,59.95383014
1666838856.7708683,20787.47,20787.47,3.74217268,17.51,59.95383014
1666838866.8136122,20787.47,20782.4,3.33772824,12.44,55.70184788
1666838876.7786572,20787.47,20782.4,3.33772824,12.44,55.70184788
1666838886.7835758,20787.47,20782.4,3.33772824,12.44,55.70184788
1666838896.7861035,20780.7,20780.7,3.16665313,9.73,54.40801451
1666838906.7951949,20780.7,20780.7,3.16665313,9.73,54.40801451
1666838916.8259811,20780.7,20780.7,3.16665313,9.73,54.40801451
1666838926.7821472,20780.7,20781.42,3.22408903,10.45,54.88597128
1666838936.8062823,20780.7,20781.42,3.22408903,10.45,54.88597128
1666838946.803959,20780.7,20781.42,3.22408903,10.45,54.88597128
1666838956.803154,20787.82,20787.82,4.07356034,22.09,58.75609131
1666838966.8238444,20787.82,20787.82,4.07356034,22.09,58.75609131
1666838976.7734263,20787.82,20787.82,4.07356034,22.09,58.75609131
1666838986.7830462,20787.82,20790.04,4.25065436,24.31,60.02815164
1666838996.850191,20787.82,20790.04,4.25065436,24.31,60.02815164
1666839006.7697678,20787.82,20790.04,4.25065436,24.31,60.02815164
1666839016.8728414,20787.06,20787.06,4.22149566,20.93,58.25871356
1666839027.319699,20787.06,20787.06,4.22149566,20.93,58.25871356
1666839037.276344,20787.06,20787.06,4.22149566,20.93,58.25871356
1666839047.2723138,20787.06,20786.07,4.1425213,19.94,57.37674378
1666839057.5843563,20787.06,20786.07,4.1425213,19.94,57.37674378
1666839067.3173957,20787.06,20786.07,4.1425213,19.94,57.37674378
1666839077.3953078,20784.64,20784.64,3.99469358,13.99,56.14892269
1666839087.3339305,20784.64,20784.64,3.99469358,13.99,56.14892269
1666839097.3639374,20784.64,20784.64,3.99469358,13.99,56.14892269
1666839107.384604,20784.64,20782.66,3.83674486,12.01,54.4126695
1666839117.4935417,20784.64,20782.66,3.83674486,12.01,54.4126695
1666839127.378197,20784.64,20782.66,3.83674486,12.01,54.4126695
1666839137.3330543,20782.01,20782.01,3.5509415,7.92,53.86586331
1666839147.4862225,20782.01,20782.01,3.5509415,7.92,53.86586331
1666839157.3678908,20782.01,20782.01,3.5509415,7.92,53.86586331
1666839167.3874748,20782.01,20778.75,3.29088452,4.66,51.09266533
1666839177.3492126,20782.01,20778.75,3.29088452,4.66,51.09266533
1666839187.3693898,20782.01,20778.75,3.29088452,4.66,51.09266533
1666839197.352729,20777.94,20777.94,2.81465647,-0.06,50.38570408
1666839207.9197636,20777.94,20777.94,2.81465647,-0.06,50.38570408
1666839217.8940885,20777.94,20777.94,2.81465647,-0.06,50.38570408
1666839227.8118155,20777.94,20776.83,2.72610946,-1.17,49.46482509
1666839237.9306073,20777.94,20776.83,2.72610946,-1.17,49.46482509
1666839248.0106516,20777.94,20776.83,2.72610946,-1.17,49.46482509
1666839257.873087,20779.02,20779.02,2.50590078,5.0,51.32821556
1666839267.933291,20779.02,20779.02,2.50590078,5.0,51.32821556
1666839277.8652067,20779.02,20779.02,2.50590078,5.0,51.32821556
1666839287.851751,20779.02,20780.95,2.65986089,6.93,52.95787716
1666839297.8282032,20779.02,20780.95,2.65986089,6.93,52.95787716
1666839307.9437373,20779.02,20780.95,2.65986089,6.93,52.95787716
1666839317.852342,20779.81,20779.81,2.32336745,-9.14,52.00873803
1666839327.846303,20779.81,20779.81,2.32336745,-9.14,52.00873803
1666839337.8391843,20779.81,20779.81,2.32336745,-9.14,52.00873803
1666839347.995228,20779.81,20779.51,2.29943583,-9.44,51.71304292
1666839357.8885674,20779.81,20779.51,2.29943583,-9.44,51.71304292
1666839368.183722,20779.81,20779.51,2.29943583,-9.44,51.71304292
1666839377.8983345,20779.72,20779.72,2.13920729,-7.75,51.81433024
1666839388.5355098,20779.72,20779.72,2.13920729,-7.75,51.81433024
1666839398.54344,20779.72,20779.72,2.13920729,-7.75,51.81433024
1666839408.5895698,20779.72,20779.61,2.13043236,-7.86,51.70086016
1666839418.5023682,20779.72,20779.61,2.13043236,-7.86,51.70086016
1666839428.5528555,20779.72,20779.61,2.13043236,-7.86,51.70086016
1666839438.5228186,20774.46,20774.46,1.18447748,-6.24,46.89297787
1666839448.5689497,20774.46,20774.46,1.18447748,-6.24,46.89297787
1666839458.5054398,20774.46,20774.46,1.18447748,-6.24,46.89297787
1666839468.5452049,20774.46,20761.71,0.16738346,-18.99,37.5763579
1666839478.506851,20774.46,20761.71,0.16738346,-18.99,37.5763579
1666839488.6362555,20774.46,20761.71,0.16738346,-18.99,37.5763579
1666839498.5373116,20754.77,20754.77,-2.0317086,-32.47,33.90929305
1666839508.6730466,20754.77,20754.77,-2.0317086,-32.47,33.90929305
1666839518.562955,20754.77,20754.77,-2.0317086,-32.47,33.90929305
1666839528.8405252,20754.77,20716.3,-5.10054051,-70.94,21.42666764
1666839538.5224297,20754.77,20716.3,-5.10054051,-70.94,21.42666764
1666839548.5505817,20754.77,20716.3,-5.10054051,-70.94,21.42666764
1666839558.5924294,20710.88,20710.88,-9.50214377,-76.18,20.37019214
1666839568.923648,20710.88,20710.88,-9.50214377,-76.18,20.37019214
1666839578.9472902,20710.88,20710.88,-9.50214377,-76.18,20.37019214
1666839588.9709198,20710.88,20693.16,-10.91570502,-93.9,17.35698967
1666839598.9846978,20710.88,20693.16,-10.91570502,-93.9,17.35698967
1666839608.9725564,20710.88,20693.16,-10.91570502,-93.9,17.35698967
1666839618.972633,20685.06,20685.06,-16.153639,-99.58,16.25769657
1666839628.9266813,20685.06,20685.06,-16.153639,-99.58,16.25769657
1666839638.9593897,20685.06,20685.06,-16.153639,-99.58,16.25769657
1666839648.930202,20685.06,20708.76,-14.26304071,-75.88,30.1895139
1666839658.9810848,20685.06,20708.76,-14.26304071,-75.88,30.1895139
1666839668.977316,20685.06,20708.76,-14.26304071,-75.88,30.1895139
1666839678.981627,20695.59,20695.59,-18.07855348,-86.42,23.07820204
1666839689.349163,20695.59,20695.59,-18.07855348,-86.42,23.07820204
1666839698.9812715,20695.59,20695.59,-18.07855348,-86.42,23.07820204
1666839708.985172,20695.59,20685.54,-18.88026288,-96.47,21.29548821
1666839718.9674015,20695.59,20685.54,-18.88026288,-96.47,21.29548821
1666839729.0038984,20695.59,20685.54,-18.88026288,-96.47,21.29548821
1666839739.0460503,20628.16,20628.16,-29.56715081,-150.8,14.77753672
1666839749.366777,20628.16,20628.16,-29.56715081,-150.8,14.77753672
1666839759.354553,20628.16,20628.16,-29.56715081,-150.8,14.77753672
1666839769.377221,20628.16,20639.17,-28.68886021,-139.79,19.82697673
1666839779.3364933,20628.16,20639.17,-28.68886021,-139.79,19.82697673
1666839789.5273976,20628.16,20639.17,-28.68886021,-139.79,19.82697673
1666839799.4023535,20647.46,20647.46,-31.29235417,-130.86,23.26577132
1666839809.3810544,20647.46,20647.46,-31.29235417,-130.86,23.26577132
1666839819.3775463,20647.46,20647.46,-31.29235417,-130.86,23.26577132
1666839829.5670652,20647.46,20670.85,-29.42648522,-107.47,32.11331925
1666839839.3929007,20647.46,20670.85,-29.42648522,-107.47,32.11331925
1666839849.5612416,20647.46,20670.85,-29.42648522,-107.47,32.11331925
1666839859.3268657,20671.13,20671.13,-30.14759129,-108.68,32.20689151
1666839869.399246,20671.13,20671.13,-30.14759129,-108.68,32.20689151
1666839879.4065936,20671.13,20671.13,-30.14759129,-108.68,32.20689151
1666839889.522394,20671.13,20692.31,-28.45801864,-87.5,39.05050245
1666839899.3982284,20671.13,20692.31,-28.45801864,-87.5,39.05050245
1666839909.3941443,20671.13,20692.31,-28.45801864,-87.5,39.05050245
1666839919.3706665,20678.13,20678.13,-29.39696057,-102.36,34.63265315
1666839930.072229,20678.13,20678.13,-29.39696057,-102.36,34.63265315
1666839940.071784,20678.13,20678.13,-29.39696057,-102.36,34.63265315
1666839950.0937977,20678.13,20670.91,-29.97291498,-109.58,33.30878361
1666839960.0743575,20678.13,20670.91,-29.97291498,-109.58,33.30878361
1666839970.0320945,20678.13,20670.91,-29.97291498,-109.58,33.30878361
1666839980.119135,20690.69,20690.69,-27.07855599,-83.77,38.95143133
1666839990.0947852,20690.69,20690.69,-27.07855599,-83.77,38.95143133
1666840000.103645,20690.69,20690.69,-27.07855599,-83.77,38.95143133
1666840010.678255,20690.69,20700.39,-26.30476681,-74.07,41.96031962
1666840020.217684,20690.69,20700.39,-26.30476681,-74.07,41.96031962
1666840030.0931935,20690.69,20700.39,-26.30476681,-74.07,41.96031962
1666840040.1343727,20702.38,20702.38,-24.14414527,-52.39,42.56197888
1666840050.0610774,20702.38,20702.38,-24.14414527,-52.39,42.56197888
1666840060.0707574,20702.38,20702.38,-24.14414527,-52.39,42.56197888
1666840070.125563,20702.38,20708.57,-23.6503561,-46.2,44.48960226
1666840080.1086216,20702.38,20708.57,-23.6503561,-46.2,44.48960226
1666840090.1283157,20702.38,20708.57,-23.6503561,-46.2,44.48960226
1666840100.0724068,20707.36,20707.36,-21.59659245,-3.52,44.12303791
1666840110.8582532,20707.36,20707.36,-21.59659245,-3.52,44.12303791
1666840120.7644043,20707.36,20707.36,-21.59659245,-3.52,44.12303791
1666840130.755661,20707.36,20704.74,-21.8055953,-6.14,43.45391576
1666840140.8346932,20707.36,20704.74,-21.8055953,-6.14,43.45391576
1666840150.8067276,20712.21,20712.21,-18.92966677,27.15,45.69552181
1666840160.7869496,20712.21,20712.21,-18.92966677,27.15,45.69552181
1666840171.0411592,20712.21,20712.21,-18.92966677,27.15,45.69552181
1666840180.8664422,20712.21,20731.52,-17.38926791,46.46,51.42628854
1666840190.7996006,20712.21,20731.52,-17.38926791,46.46,51.42628854
1666840200.838356,20712.21,20731.52,-17.38926791,46.46,51.42628854
1666840211.1311374,20748.49,20748.49,-11.8502134,52.9,55.57433982
1666840220.8374708,20748.49,20748.49,-11.8502134,52.9,55.57433982
1666840230.7679396,20748.49,20748.49,-11.8502134,52.9,55.57433982
1666840240.8545656,20748.49,20728.87,-13.41534161,33.28,50.23318255
1666840250.834594,20748.49,20728.87,-13.41534161,33.28,50.23318255
1666840260.8394177,20748.49,20728.87,-13.41534161,33.28,50.23318255
1666840270.8424814,20727.05,20727.05,-11.52908764,98.83,49.81009334
1666840280.8602831,20727.05,20727.05,-11.52908764,98.83,49.81009334
1666840291.417755,20727.05,20727.05,-11.52908764,98.83,49.81009334
1666840301.3836358,20727.05,20722.0,-11.93193664,93.78,48.52627509
1666840311.4266653,20727.05,20722.0,-11.93193664,93.78,48.52627509
1666840321.387028,20727.05,20722.0,-11.93193664,93.78,48.52627509
1666840331.401578,20717.45,20717.45,-11.09884224,69.99,47.42623166
1666840341.406543,20717.45,20717.45,-11.09884224,69.99,47.42623166
1666840351.394272,20717.45,20717.45,-11.09884224,69.99,47.42623166
1666840361.4345446,20717.45,20717.45,-11.09884224,69.99,47.42623166
1666840371.5326767,20717.45,20726.67,-10.36334366,79.21,49.90361398
1666840381.4414265,20717.45,20726.67,-10.36334366,79.21,49.90361398
1666840391.4461727,20717.45,20726.67,-10.36334366,79.21,49.90361398
1666840401.395108,20718.54,20718.54,-9.8824426,47.41,47.73132661
1666840411.4229963,20718.54,20718.54,-9.8824426,47.41,47.73132661
1666840421.3890796,20718.54,20718.94,-9.85053377,47.81,47.85114123
1666840431.4500866,20718.54,20718.94,-9.85053377,47.81,47.85114123
1666840441.4529028,20718.54,20718.94,-9.85053377,47.81,47.85114123
1666840451.4057078,20708.41,20708.41,-10.31692897,30.28,45.10676858
1666840461.8186555,20708.41,20708.41,-10.31692897,30.28,45.10676858
1666840472.38692,20708.41,20708.41,-10.31692897,30.28,45.10676858
1666840482.3294857,20708.41,20701.26,-10.88729934,23.13,43.29712513
1666840492.419311,20708.41,20701.26,-10.88729934,23.13,43.29712513
1666840502.3600128,20708.41,20701.26,-10.88729934,23.13,43.29712513
1666840512.3303094,20713.44,20713.44,-9.1955935,21.82,46.67470751
1666840522.3079607,20713.44,20713.44,-9.1955935,21.82,46.67470751
1666840532.533327,20713.44,20713.44,-9.1955935,21.82,46.67470751
1666840542.3211868,20713.44,20718.36,-8.80311487,26.74,48.23229016
1666840552.3401332,20713.44,20718.36,-8.80311487,26.74,48.23229016
1666840562.3514102,20713.44,20718.36,-8.80311487,26.74,48.23229016
1666840572.3185196,20714.0,20714.0,-8.39635064,11.62,46.87013118
1666840582.361199,20714.0,20714.0,-8.39635064,11.62,46.87013118
1666840592.3936615,20714.0,20714.0,-8.39635064,11.62,46.87013118
1666840602.372701,20714.0,20703.41,-9.24113697,1.03,43.8537207
1666840612.3752823,20714.0,20703.41,-9.24113697,1.03,43.8537207
1666840622.3563528,20714.0,20703.41,-9.24113697,1.03,43.8537207
1666840632.6067307,20694.72,20694.72,-10.48682139,-12.64,41.65396507
1666840642.3717473,20694.72,20694.72,-10.48682139,-12.64,41.65396507
1666840652.982847,20694.72,20694.72,-10.48682139,-12.64,41.65396507
1666840663.0352468,20694.72,20694.72,-10.48682139,-12.64,41.65396507
1666840673.0690458,20694.72,20693.22,-10.60647951,-14.14,41.2691521
1666840683.0325098,20694.72,20693.22,-10.60647951,-14.14,41.2691521
1666840693.0089924,20690.57,20690.57,-11.38681077,-22.46,40.606413
1666840703.0114164,20690.57,20690.57,-11.38681077,-22.46,40.606413
1666840713.0073345,20690.57,20690.57,-11.38681077,-22.46,40.606413
1666840723.2463682,20690.57,20696.96,-10.87706718,-16.07,42.98408958
1666840732.9767926,20690.57,20696.96,-10.87706718,-16.07,42.98408958
1666840743.3000734,20690.57,20696.96,-10.87706718,-16.07,42.98408958
1666840753.034299,20697.87,20697.87,-10.63450903,-50.62,43.34396875
1666840763.1301756,20697.87,20697.87,-10.63450903,-50.62,43.34396875
1666840772.975488,20697.87,20697.87,-10.63450903,-50.62,43.34396875
1666840783.235859,20697.87,20704.21,-10.12875404,-44.28,45.60543657
1666840793.0148554,20697.87,20704.21,-10.12875404,-44.28,45.60543657
1666840803.0875404,20697.87,20704.21,-10.12875404,-44.28,45.60543657
1666840813.0358756,20702.35,20702.35,-9.84223578,-23.69,44.97252663
1666840823.093495,20702.35,20702.35,-9.84223578,-23.69,44.97252663
1666840834.0413566,20702.35,20702.35,-9.84223578,-23.69,44.97252663
1666840844.0433378,20702.35,20701.22,-9.93237823,-24.82,44.54688308
1666840854.0539958,20702.35,20701.22,-9.93237823,-24.82,44.54688308
1666840864.2159033,20702.35,20701.22,-9.93237823,-24.82,44.54688308
1666840874.0678248,20691.43,20691.43,-10.87364823,-26.04,41.67061608
1666840884.0855951,20691.43,20691.43,-10.87364823,-26.04,41.67061608
1666840894.0774703,20691.43,20691.43,-10.87364823,-26.04,41.67061608
1666840904.101004,20691.43,20689.3,-11.04356276,-28.17,41.04960063
1666840914.0563202,20691.43,20689.3,-11.04356276,-28.17,41.04960063
1666840924.2091353,20691.43,20689.3,-11.04356276,-28.17,41.04960063
1666840934.182815,20685.46,20685.46,-11.67368139,-33.08,39.96006631
1666840944.1286523,20685.46,20685.46,-11.67368139,-33.08,39.96006631
1666840954.024016,20685.46,20685.46,-11.67368139,-33.08,39.96006631
1666840964.1146183,20685.46,20680.13,-12.09886657,-38.41,38.45660259
1666840974.08192,20685.46,20680.13,-12.09886657,-38.41,38.45660259
1666840984.1688015,20685.46,20680.13,-12.09886657,-38.41,38.45660259
1666840994.080891,20677.76,20677.76,-12.86501938,-30.65,37.80282522
1666841004.094688,20677.76,20677.76,-12.86501938,-30.65,37.80282522
1666841014.761147,20677.76,20677.76,-12.86501938,-30.65,37.80282522
1666841024.71113,20677.76,20684.33,-12.34091681,-24.08,40.57387659
1666841034.747301,20677.76,20684.33,-12.34091681,-24.08,40.57387659
1666841044.788877,20677.76,20684.33,-12.34091681,-24.08,40.57387659
1666841054.7533276,20679.92,20679.92,-12.99795379,-33.52,38.65544731
1666841064.820357,20679.92,20679.92,-12.99795379,-33.52,38.65544731
1666841074.7747734,20679.92,20679.92,-12.99795379,-33.52,38.65544731
1666841084.7952042,20679.92,20678.3,-13.12718456,-35.14,37.94821541
1666841094.7332537,20679.92,20678.3,-13.12718456,-35.14,37.94821541
1666841104.7522216,20679.92,20678.3,-13.12718456,-35.14,37.94821541
1666841114.7992513,20679.73,20679.73,-13.01814069,-35.1,38.63636494
1666841124.761858,20679.73,20679.73,-13.01814069,-35.1,38.63636494
1666841134.7365172,20679.73,20679.73,-13.01814069,-35.1,38.63636494
1666841144.7749836,20679.73,20677.82,-13.17050536,-37.01,38.01186842
1666841154.7618914,20679.73,20677.82,-13.17050536,-37.01,38.01186842
1666841164.8040338,20679.73,20677.82,-13.17050536,-37.01,38.01186842
1666841174.854273,20680.66,20680.66,-12.77163451,-14.06,39.03539455
1666841184.7877853,20680.66,20680.66,-12.77163451,-14.06,39.03539455
1666841195.3441,20680.66,20680.66,-12.77163451,-14.06,39.03539455
1666841205.3106165,20680.66,20691.54,-11.90371428,-3.18,44.61753378
1666841215.322878,20680.66,20691.54,-11.90371428,-3.18,44.61753378
1666841225.274484,20680.66,20691.54,-11.90371428,-3.18,44.61753378
1666841235.3322997,20690.8,20690.8,-11.05766608,0.23,44.27046854
1666841245.508526,20690.8,20690.8,-11.05766608,0.23,44.27046854
1666841255.341323,20690.8,20690.8,-11.05766608,0.23,44.27046854
1666841265.2886684,20690.8,20687.22,-11.34325012,-3.35,42.87076505
1666841275.3628318,20690.8,20687.22,-11.34325012,-3.35,42.87076505
1666841285.2811224,20690.8,20687.22,-11.34325012,-3.35,42.87076505
1666841295.2754369,20679.21,20679.21,-11.86093613,-19.25,40.03840668
1666841305.2886045,20679.21,20679.21,-11.86093613,-19.25,40.03840668
1666841315.3407876,20679.21,20679.21,-11.86093613,-19.25,40.03840668
1666841325.362475,20679.21,20673.97,-12.27894183,-24.49,38.25771217
1666841335.367836,20679.21,20673.97,-12.27894183,-24.49,38.25771217
1666841345.372594,20679.21,20673.97,-12.27894183,-24.49,38.25771217
1666841355.305706,20674.3,20674.3,-12.39566108,-27.1,38.63387784
1666841365.3162096,20674.3,20674.3,-12.39566108,-27.1,38.63387784
1666841375.8852367,20674.3,20674.3,-12.39566108,-27.1,38.63387784
1666841385.931016,20674.3,20676.72,-12.20261264,-24.68,39.93959027
1666841395.8877182,20674.3,20676.72,-12.20261264,-24.68,39.93959027
1666841406.029148,20674.3,20676.72,-12.20261264,-24.68,39.93959027
1666841415.9266305,20679.22,20679.22,-11.64405465,-12.21,41.25974937
1666841425.9378097,20679.22,20679.22,-11.64405465,-12.21,41.25974937
1666841435.9328897,20679.22,20679.22,-11.64405465,-12.21,41.25974937
1666841445.889336,20679.22,20672.14,-12.20884098,-19.29,38.57607173
1666841455.9323246,20679.22,20672.14,-12.20884098,-19.29,38.57607173
1666841465.9420934,20679.22,20672.14,-12.20884098,-19.29,38.57607173
1666841476.0098886,20668.32,20668.32,-12.64884534,-17.88,37.29084896
1666841485.9664483,20668.32,20668.32,-12.64884534,-17.88,37.29084896
1666841495.9608316,20668.32,20668.32,-12.64884534,-17.88,37.29084896
1666841505.9239297,20668.32,20674.66,-12.14309036,-11.54,40.53068776
1666841516.041056,20668.32,20674.66,-12.14309036,-11.54,40.53068776
1666841525.9047902,20668.32,20674.66,-12.14309036,-11.54,40.53068776
1666841535.952011,20696.69,20696.69,-8.67772921,17.89,50.23402859
1666841545.9593933,20696.69,20696.69,-8.67772921,17.89,50.23402859
1666841556.3853407,20696.69,20696.69,-8.67772921,17.89,50.23402859
1666841566.381963,20696.69,20694.12,-8.88274346,15.32,49.22496828
1666841576.472206,20696.69,20694.12,-8.88274346,15.32,49.22496828
1666841586.38949,20696.69,20694.12,-8.88274346,15.32,49.22496828
1666841596.34003,20696.83,20696.83,-7.22088425,18.01,50.28953899
1666841606.3419268,20696.83,20696.83,-7.22088425,18.01,50.28953899
1666841616.4141772,20696.83,20696.83,-7.22088425,18.01,50.28953899
1666841626.4123297,20696.83,20702.35,-6.78054237,23.53,52.53749732
1666841636.5757608,20696.83,20702.35,-6.78054237,23.53,52.53749732
1666841646.3942294,20696.83,20702.35,-6.78054237,23.53,52.53749732
1666841656.406113,20704.56,20704.56,-4.93723038,24.36,53.39276633
1666841666.3714316,20704.56,20704.56,-4.93723038,24.36,53.39276633
1666841676.494248,20704.56,20704.56,-4.93723038,24.36,53.39276633
1666841686.3936238,20704.56,20706.98,-4.74418194,26.78,54.3498423
1666841696.4162874,20704.56,20706.98,-4.74418194,26.78,54.3498423
1666841706.4866378,20704.56,20706.98,-4.74418194,26.78,54.3498423
1666841716.4557436,20710.48,20710.48,-2.66253844,29.82,55.56120597
1666841726.4515183,20710.48,20710.48,-2.66253844,29.82,55.56120597
1666841737.1311624,20710.48,20710.48,-2.66253844,29.82,55.56120597
1666841747.1295753,20710.48,20716.0,-2.22219656,35.34,57.71569688
1666841757.3320158,20710.48,20716.0,-2.22219656,35.34,57.71569688
1666841767.182017,20710.48,20716.0,-2.22219656,35.34,57.71569688
1666841777.148888,20710.75,20710.75,-1.27376754,19.95,55.64783747
1666841787.1374316,20710.75,20710.75,-1.27376754,19.95,55.64783747
1666841797.2471766,20710.75,20710.75,-1.27376754,19.95,55.64783747
1666841807.1729822,20710.75,20716.56,-0.81029175,25.76,57.92963957
1666841817.148105,20710.75,20716.56,-0.81029175,25.76,57.92963957
1666841827.128104,20710.75,20716.56,-0.81029175,25.76,57.92963957
1666841837.1389575,20716.93,20716.93,0.72618669,37.72,58.06702619
1666841847.1343343,20716.93,20716.93,0.72618669,37.72,58.06702619
1666841857.116645,20716.93,20716.93,0.72618669,37.72,58.06702619
1666841867.1092658,20716.93,20719.24,0.91046019,40.03,58.96794652
1666841877.119796,20716.93,20719.24,0.91046019,40.03,58.96794652
1666841887.130309,20716.93,20719.24,0.91046019,40.03,58.96794652
1666841897.167219,20721.02,20721.02,2.47675248,47.87,59.63618421
1666841907.1570442,20721.02,20721.02,2.47675248,47.87,59.63618421
1666841917.737418,20721.02,20721.02,2.47675248,47.87,59.63618421
1666841927.8023725,20721.02,20719.33,2.34193766,46.18,58.65940424
1666841937.8015268,20721.02,20719.33,2.34193766,46.18,58.65940424
1666841947.8102038,20721.02,20719.33,2.34193766,46.18,58.65940424
1666841957.9119582,20720.39,20720.39,3.47537199,41.9,59.26827957
1666841967.7870145,20720.39,20720.39,3.47537199,41.9,59.26827957
1666841977.7631435,20720.39,20720.39,3.47537199,41.9,59.26827957
1666841987.7606342,20720.39,20721.54,3.56710988,43.05,59.7563303
1666841997.7721784,20720.39,20721.54,3.56710988,43.05,59.7563303
1666842007.805019,20720.39,20721.54,3.56710988,43.05,59.7563303
1666842017.846521,20723.89,20723.89,4.71350225,54.33,60.73750209
1666842027.7652843,20723.89,20723.89,4.71350225,54.33,60.73750209
1666842037.7748055,20723.89,20723.89,4.71350225,54.33,60.73750209
1666842047.767459,20723.89,20721.35,4.51088116,51.79,59.21805326
1666842057.8862226,20723.89,20721.35,4.51088116,51.79,59.21805326
1666842067.7853315,20723.89,20721.35,4.51088116,51.79,59.21805326
1666842077.7678382,20723.34,20723.34,5.34006636,26.65,60.414222
1666842087.9048617,20723.34,20723.34,5.34006636,26.65,60.414222
1666842098.2751262,20723.34,20723.34,5.34006636,26.65,60.414222
1666842108.29454,20723.34,20720.9,5.14542249,24.21,58.83887892
1666842118.3254092,20723.34,20720.9,5.14542249,24.21,58.83887892
1666842128.2933722,20723.34,20720.9,5.14542249,24.21,58.83887892
1666842138.2889028,20716.98,20716.98,5.02353751,20.15,56.22393297
1666842148.364894,20716.98,20716.98,5.02353751,20.15,56.22393297
1666842158.3387866,20716.98,20716.98,5.02353751,20.15,56.22393297
1666842168.4478571,20716.98,20717.38,5.05544634,20.55,56.49255638
1666842178.3340564,20716.98,20717.38,5.05544634,20.55,56.49255638
1666842188.31623,20716.98,20717.38,5.05544634,20.55,56.49255638
1666842198.336703,20713.81,20713.81,4.63624037,9.64,54.13969551
1666842208.331447,20713.81,20713.81,4.63624037,9.64,54.13969551
1666842218.4123816,20713.81,20713.81,4.63624037,9.64,54.13969551
1666842228.332135,20713.81,20719.03,5.05265063,14.86,57.05785267
1666842238.396058,20713.81,20719.03,5.05265063,14.86,57.05785267
1666842248.3485796,20713.81,20719.03,5.05265063,14.86,57.05785267
1666842258.3450992,20718.68,20718.68,5.03822528,7.37,56.9258026
1666842268.3744302,20718.68,20718.68,5.03822528,7.37,56.9258026
1666842279.104869,20718.68,20718.68,5.03822528,7.37,56.9258026
1666842289.126542,20718.68,20716.39,4.85554722,5.08,55.46798136
1666842299.0513563,20718.68,20716.39,4.85554722,5.08,55.46798136
1666842309.069862,20718.68,20716.39,4.85554722,5.08,55.46798136
1666842319.200016,20721.88,20721.88,5.41340409,11.78,58.68340938
1666842329.1161027,20721.88,20721.88,5.41340409,11.78,58.68340938
1666842339.1943789,20721.88,20721.88,5.41340409,11.78,58.68340938
1666842349.0294054,20721.88,20722.49,5.46206506,12.39,59.01333602
1666842359.0622723,20721.88,20722.49,5.46206506,12.39,59.01333602
1666842369.0831757,20721.88,20722.49,5.46206506,12.39,59.01333602
1666842379.030124,20720.26,20720.26,5.25206186,3.33,57.61134994
1666842389.0408337,20720.26,20720.26,5.25206186,3.33,57.61134994
1666842399.0327609,20720.26,20720.26,5.25206186,3.33,57.61134994
1666842409.0416946,20720.26,20723.1,5.47861456,6.17,59.24319653
1666842419.044207,20720.26,20723.1,5.47861456,6.17,59.24319653
1666842429.02399,20720.26,20723.1,5.47861456,6.17,59.24319653
1666842439.0629318,20723.26,20723.26,5.71843491,2.24,59.05263642
1666842449.2839408,20723.26,20723.26,5.71843491,2.24,59.05263642
1666842459.472535,20723.26,20723.26,5.71843491,2.24,59.05263642
1666842469.477254,20723.26,20726.45,5.97290784,5.43,61.10204781
1666842479.6941338,20723.26,20726.45,5.97290784,5.43,61.10204781
1666842489.4933376,20723.26,20726.45,5.97290784,5.43,61.10204781
1666842499.5251591,20736.61,20736.61,7.66147576,16.22,65.92538257
1666842509.5150275,20736.61,20736.61,7.66147576,16.22,65.92538257
1666842519.5425744,20736.61,20736.61,7.66147576,16.22,65.92538257
1666842529.5215876,20736.61,20737.97,7.76996579,17.58,66.52377627
1666842539.5271046,20736.61,20737.97,7.76996579,17.58,66.52377627
1666842549.5400968,20736.61,20737.97,7.76996579,17.58,66.52377627
1666842559.6849155,20755.87,20755.87,10.98476425,32.61,72.80870124
1666842569.492137,20755.87,20755.87,10.98476425,32.61,72.80870124
1666842579.586715,20755.87,20755.87,10.98476425,32.61,72.80870124
1666842589.660252,20755.87,20749.86,10.50533406,26.6,68.18032328
1666842599.496278,20755.87,20749.86,10.50533406,26.6,68.18032328
1666842609.8020234,20755.87,20749.86,10.50533406,26.6,68.18032328
1666842619.5083733,20741.66,20741.66,10.31608245,18.85,62.6890417
1666842629.5531206,20741.66,20741.66,10.31608245,18.85,62.6890417
1666842640.391539,20741.66,20733.63,9.67551265,10.82,57.82580352
1666842650.0904608,20741.66,20733.63,9.67551265,10.82,57.82580352
1666842660.084499,20741.66,20733.63,9.67551265,10.82,57.82580352
1666842670.1387365,20741.66,20733.63,9.67551265,10.82,57.82580352
1666842680.1102376,20736.08,20736.08,9.7076899,17.72,59.22767808
1666842690.0803676,20736.08,20736.08,9.7076899,17.72,59.22767808
1666842700.086727,20736.08,20736.08,9.7076899,17.72,59.22767808
1666842710.0947802,20736.08,20738.77,9.9222768,20.41,60.36386467
1666842720.107245,20736.08,20738.77,9.9222768,20.41,60.36386467
1666842730.0884502,20736.08,20738.77,9.9222768,20.41,60.36386467
1666842740.1086824,20737.05,20737.05,9.64014363,22.35,59.50794816
1666842750.094482,20737.05,20737.05,9.64014363,22.35,59.50794816
1666842760.1268208,20737.05,20737.05,9.64014363,22.35,59.50794816
1666842770.1578412,20737.05,20740.97,9.95285019,26.27,61.34854899
1666842780.104467,20737.05,20740.97,9.95285019,26.27,61.34854899
1666842790.0999236,20737.05,20740.97,9.95285019,26.27,61.34854899
1666842800.386206,20747.6,20747.6,10.80167783,30.1,63.98174428
1666842810.0806792,20747.6,20747.6,10.80167783,30.1,63.98174428
1666842821.0146115,20747.6,20747.6,10.80167783,30.1,63.98174428
1666842831.0112593,20747.6,20747.21,10.77056672,29.71,63.82772571
1666842841.0002658,20747.6,20747.21,10.77056672,29.71,63.82772571
1666842851.0117328,20743.54,20743.54,10.42843876,23.35,61.54857833
1666842860.9775176,20743.54,20743.54,10.42843876,23.35,61.54857833
1666842871.015398,20743.54,20743.54,10.42843876,23.35,61.54857833
1666842880.978541,20743.54,20749.84,10.93100286,29.65,64.15478764
1666842891.0012543,20743.54,20749.84,10.93100286,29.65,64.15478764
1666842901.102744,20743.54,20749.84,10.93100286,29.65,64.15478764
1666842911.0427575,20757.64,20757.64,12.21609089,38.52,66.94961752
1666842921.122904,20757.64,20757.64,12.21609089,38.52,66.94961752
1666842930.989365,20757.64,20757.64,12.21609089,38.52,66.94961752
1666842941.029657,20757.64,20757.64,12.21609089,38.52,66.94961752
1666842951.0680842,20757.64,20770.16,13.21483733,51.04,70.84859064
1666842961.042869,20757.64,20770.16,13.21483733,51.04,70.84859064
1666842971.0480049,20765.19,20765.19,13.71225189,41.02,69.416353
1666842981.0878716,20765.19,20765.19,13.71225189,41.02,69.416353
1666842991.0209315,20765.19,20765.19,13.71225189,41.02,69.416353
1666843001.64457,20765.19,20771.85,14.24353394,47.68,71.44122523
1666843011.5977232,20765.19,20771.85,14.24353394,47.68,71.44122523
1666843021.6317563,20765.19,20771.85,14.24353394,47.68,71.44122523
1666843031.5931568,20763.56,20763.56,14.02590079,26.95,68.23232601
1666843041.685392,20763.56,20763.56,14.02590079,26.95,68.23232601
1666843051.6016903,20763.56,20763.56,14.02590079,26.95,68.23232601
1666843061.5709386,20763.56,20762.62,13.95091503,26.01,67.51710778
1666843071.5551054,20763.56,20762.62,13.95091503,26.01,67.51710778
1666843081.6139293,20763.56,20762.62,13.95091503,26.01,67.51710778
1666843091.8041265,20755.17,20755.17,13.02764067,-0.7,62.33827821
1666843101.5930896,20755.17,20755.17,13.02764067,-0.7,62.33827821
1666843111.5984192,20755.17,20755.17,13.02764067,-0.7,62.33827821
1666843121.612285,20755.17,20753.55,12.8984099,-2.32,61.23829936
1666843131.572974,20755.17,20753.55,12.8984099,-2.32,61.23829936
1666843141.6102705,20755.17,20753.55,12.8984099,-2.32,61.23829936
1666843151.6063442,20749.77,20749.77,11.85807821,7.05,58.81667494
1666843161.6942334,20749.77,20749.77,11.85807821,7.05,58.81667494
1666843171.631413,20749.77,20749.77,11.85807821,7.05,58.81667494
1666843182.2021604,20749.77,20745.06,11.48235171,2.34,55.85291321
1666843192.1869273,20749.77,20745.06,11.48235171,2.34,55.85291321
1666843202.2343338,20749.77,20745.06,11.48235171,2.34,55.85291321
1666843212.219904,20749.77,20745.06,11.48235171,2.34,55.85291321
1666843222.4725492,20755.9,20755.9,11.97556233,19.82,61.4949204
1666843232.1807826,20755.9,20755.9,11.97556233,19.82,61.4949204
1666843242.231454,20755.9,20755.39,11.93487857,19.31,61.2708596
1666843252.2122445,20755.9,20755.39,11.93487857,19.31,61.2708596
1666843262.2289438,20755.9,20755.39,11.93487857,19.31,61.2708596
1666843272.2065666,20757.87,20757.87,11.86212157,20.27,62.33659393
1666843282.1886096,20757.87,20757.87,11.86212157,20.27,62.33659393
1666843292.1759496,20757.87,20757.87,11.86212157,20.27,62.33659393
1666843302.210992,20757.87,20751.45,11.34998482,13.85,57.89517728
1666843312.1928692,20757.87,20751.45,11.34998482,13.85,57.89517728
1666843322.2014492,20757.87,20751.45,11.34998482,13.85,57.89517728
1666843332.2846818,20750.16,20750.16,10.46260397,3.73,57.04873786
1666843342.2738054,20750.16,20750.16,10.46260397,3.73,57.04873786
1666843352.3040636,20750.16,20750.16,10.46260397,3.73,57.04873786
1666843362.667667,20750.16,20759.02,11.1693846,12.59,61.25338305
1666843372.6293964,20750.16,20759.02,11.1693846,12.59,61.25338305
1666843382.6638684,20750.16,20759.02,11.1693846,12.59,61.25338305
1666843392.654786,20752.17,20752.17,10.02096168,8.63,57.97777239
1666843402.635125,20752.17,20752.17,10.02096168,8.63,57.97777239
1666843412.6502862,20752.17,20752.17,10.02096168,8.63,57.97777239
1666843422.6567178,20752.17,20752.05,10.01138903,8.51,57.89203468
1666843432.658115,20752.17,20752.05,10.01138903,8.51,57.89203468
1666843442.8156316,20752.17,20752.05,10.01138903,8.51,57.89203468
1666843452.621792,20752.4,20752.4,9.50514028,-4.46,57.90105168
1666843462.665262,20752.4,20752.4,9.50514028,-4.46,57.90105168
1666843472.6755018,20752.4,20752.4,9.50514028,-4.46,57.90105168
1666843482.7022328,20752.4,20758.42,9.9853682,1.56,61.34038489
1666843492.8878348,20752.4,20758.42,9.9853682,1.56,61.34038489
1666843502.6387467,20752.4,20758.42,9.9853682,1.56,61.34038489
1666843512.818138,20756.99,20756.99,9.54154065,-8.2,60.63660535
1666843522.6672218,20756.99,20756.99,9.54154065,-8.2,60.63660535
1666843532.684834,20756.99,20756.99,9.54154065,-8.2,60.63660535
1666843543.3221903,20756.99,20756.99,9.54154065,-8.2,60.63660535
1666843553.336326,20756.99,20750.13,8.99430418,-15.06,55.42405605
1666843563.3865397,20756.99,20750.13,8.99430418,-15.06,55.42405605
1666843573.4280615,20750.97,20750.97,8.3234491,-12.59,56.01366553
1666843583.4778872,20750.97,20750.97,8.3234491,-12.59,56.01366553
1666843593.3317394,20750.97,20750.97,8.3234491,-12.59,56.01366553
1666843603.4192328,20750.97,20757.63,8.85473115,-5.93,59.67639725
1666843613.3807485,20750.97,20757.63,8.85473115,-5.93,59.67639725
1666843623.4116476,20750.97,20757.63,8.85473115,-5.93,59.67639725
1666843633.3704362,20757.08,20757.08,8.58320276,1.91,59.07712913
1666843643.4132478,20757.08,20757.08,8.58320276,1.91,59.07712913
1666843653.3875875,20757.08,20757.08,8.58320276,1.91,59.07712913
1666843663.5208042,20757.08,20755.29,8.44041073,0.12,57.71627927
1666843673.4069226,20757.08,20755.29,8.44041073,0.12,57.71627927
1666843683.3895054,20757.08,20755.29,8.44041073,0.12,57.71627927
1666843693.385627,20755.66,20755.66,8.03629311,5.89,57.9924074
1666843703.4470446,20755.66,20755.66,8.03629311,5.89,57.9924074
1666843713.449874,20755.66,20755.66,8.03629311,5.89,57.9924074
1666843724.020721,20755.66,20756.33,8.08974041,6.56,58.3807051
1666843734.0087416,20755.66,20756.33,8.08974041,6.56,58.3807051
1666843744.447292,20755.66,20756.33,8.08974041,6.56,58.3807051
1666843753.9948072,20756.16,20756.16,7.67565149,0.83,58.28286303
1666843764.0616462,20756.16,20756.16,7.67565149,0.83,58.28286303
1666843774.1542342,20756.16,20756.16,7.67565149,0.83,58.28286303
1666843784.0364995,20756.16,20758.45,7.85832955,3.12,59.65865429
1666843794.0675282,20756.16,20758.45,7.85832955,3.12,59.65865429
1666843803.9775915,20756.16,20758.45,7.85832955,3.12,59.65865429
1666843814.061351,20756.88,20756.88,7.35028897,-0.99,58.74507163
1666843824.1350317,20756.88,20756.88,7.35028897,-0.99,58.74507163
1666843834.0408227,20756.88,20756.88,7.35028897,-0.99,58.74507163
1666843844.0355833,20756.88,20753.8,7.10459097,-4.07,56.08634732
1666843854.0483737,20756.88,20753.8,7.10459097,-4.07,56.08634732
1666843864.063376,20756.88,20753.8,7.10459097,-4.07,56.08634732
1666843874.0354865,20755.74,20755.74,6.86681479,4.97,57.76392035
1666843884.0694468,20755.74,20755.74,6.86681479,4.97,57.76392035
1666843894.00939,20755.74,20755.74,6.86681479,4.97,57.76392035
1666843904.8158062,20755.74,20756.49,6.92664385,5.72,58.45698967
1666843914.677378,20755.74,20756.49,6.92664385,5.72,58.45698967
1666843924.68055,20755.74,20756.49,6.92664385,5.72,58.45698967
1666843934.6520212,20755.51,20755.51,6.46831288,2.59,57.4466046
1666843944.7233877,20755.51,20755.51,6.46831288,2.59,57.4466046
1666843954.6668365,20755.51,20755.51,6.46831288,2.59,57.4466046
1666843964.6733007,20755.51,20754.78,6.41007927,1.86,56.69580125
1666843974.8031244,20755.51,20754.78,6.41007927,1.86,56.69580125
1666843984.6209772,20755.51,20754.78,6.41007927,1.86,56.69580125
1666843994.6386464,20757.96,20757.96,6.33634263,4.19,59.60183874
1666844004.6279974,20757.96,20757.96,6.33634263,4.19,59.60183874
1666844014.6478612,20757.96,20757.96,6.33634263,4.19,59.60183874
1666844024.7225144,20757.96,20757.96,6.33634263,4.19,59.60183874
1666844034.6378467,20757.96,20752.78,5.92312325,-0.99,54.31220073
1666844044.6599972,20757.96,20752.78,5.92312325,-0.99,54.31220073
1666844054.6832318,20749.66,20749.66,4.88555526,-7.33,51.41602133
1666844064.707068,20749.66,20749.66,4.88555526,-7.33,51.41602133
1666844074.733969,20749.66,20749.66,4.88555526,-7.33,51.41602133
1666844085.9226997,20749.66,20750.1,4.92065498,-6.89,51.80632343
1666844095.80363,20749.66,20750.1,4.92065498,-6.89,51.80632343
1666844105.7771971,20749.66,20750.1,4.92065498,-6.89,51.80632343
1666844115.74013,20747.84,20747.84,3.90541638,-3.13,49.80989596
1666844125.8000293,20747.84,20747.84,3.90541638,-3.13,49.80989596
1666844135.795587,20747.84,20747.84,3.90541638,-3.13,49.80989596
1666844145.8019538,20747.84,20746.86,3.82723974,-4.11,48.8842335
1666844155.7978098,20747.84,20746.86,3.82723974,-4.11,48.8842335
1666844165.9248743,20747.84,20746.86,3.82723974,-4.11,48.8842335
1666844175.7865343,20746.19,20746.19,3.0234957,-12.01,48.27468616
1666844185.7832634,20746.19,20746.19,3.0234957,-12.01,48.27468616
1666844195.7855313,20746.19,20746.19,3.0234957,-12.01,48.27468616
1666844205.8284028,20746.19,20743.7,2.82486322,-14.5,45.98003258
1666844215.784202,20746.19,20743.7,2.82486322,-14.5,45.98003258
1666844225.829491,20746.19,20743.7,2.82486322,-14.5,45.98003258
1666844235.981797,20737.29,20737.29,1.14800166,-18.37,40.9628155
1666844245.8287454,20737.29,20737.29,1.14800166,-18.37,40.9628155
1666844255.838461,20737.29,20737.29,1.14800166,-18.37,40.9628155
1666844266.206829,20737.29,20741.11,1.452731,-14.55,44.80892339
1666844276.1926796,20737.29,20741.11,1.452731,-14.55,44.80892339
1666844286.2138145,20737.29,20741.11,1.452731,-14.55,44.80892339
1666844296.1786988,20740.67,20740.67,0.69456559,-15.49,44.38893252
1666844306.2134962,20740.67,20740.67,0.69456559,-15.49,44.38893252
1666844316.255202,20740.67,20740.67,0.69456559,-15.49,44.38893252
1666844326.2103152,20740.67,20738.73,0.53980775,-17.43,42.84095773
1666844336.2955809,20740.67,20738.73,0.53980775,-17.43,42.84095773
1666844346.1904254,20740.67,20738.73,0.53980775,-17.43,42.84095773
1666844356.2104993,20742.45,20742.45,0.37177108,-14.01,46.17344493
1666844366.2636805,20742.45,20742.45,0.37177108,-14.01,46.17344493
1666844376.2200897,20742.45,20742.45,0.37177108,-14.01,46.17344493
1666844386.230898,20742.45,20748.08,0.82088789,-8.38,51.47713185
1666844396.3998916,20742.45,20748.08,0.82088789,-8.38,51.47713185
1666844406.2086098,20742.45,20748.08,0.82088789,-8.38,51.47713185
1666844416.2220078,20761.74,20761.74,2.730266,5.43,60.83925839
1666844426.2136517,20761.74,20761.74,2.730266,5.43,60.83925839
1666844436.2719235,20761.74,20761.74,2.730266,5.43,60.83925839
1666844447.1093776,20761.74,20767.26,3.17060788,10.95,63.87270625
1666844457.147112,20761.74,20767.26,3.17060788,10.95,63.87270625
1666844467.1399236,20761.74,20767.26,3.17060788,10.95,63.87270625
1666844477.1047385,20768.95,20768.95,4.36058385,12.54,64.70963672
1666844487.146371,20768.95,20768.95,4.36058385,12.54,64.70963672
1666844497.1673477,20768.95,20768.95,4.36058385,12.54,64.70963672
1666844507.1673577,20768.95,20776.35,4.95089724,19.94,68.18511089
1666844517.1628292,20768.95,20776.35,4.95089724,19.94,68.18511089
1666844527.188779,20768.95,20776.35,4.95089724,19.94,68.18511089
1666844537.1987853,20769.46,20769.46,5.26203052,12.32,64.54911143
1666844547.1755784,20769.46,20769.46,5.26203052,12.32,64.54911143
1666844557.36034,20769.46,20769.46,5.26203052,12.32,64.54911143
1666844567.1570363,20769.46,20782.63,6.31262881,25.49,70.97682413
1666844577.1210566,20769.46,20782.63,6.31262881,25.49,70.97682413
1666844587.1671329,20769.46,20782.63,6.31262881,25.49,70.97682413
1666844597.1535833,20786.4,20786.4,8.26481595,36.74,71.87356553
1666844607.160379,20786.4,20786.4,8.26481595,36.74,71.87356553
1666844633.2800682,20786.4,20790.11,8.56077037,40.45,73.63361312
1666844643.2778203,20786.4,20790.11,8.56077037,40.45,73.63361312
1666844653.2696676,20776.99,20776.99,8.11942056,29.95,63.92329914
1666844663.2605343,20776.99,20776.99,8.11942056,29.95,63.92329914
1666844673.2609265,20776.99,20776.99,8.11942056,29.95,63.92329914
1666844683.273188,20776.99,20780.9,8.43132939,33.86,65.81922675
1666844693.2820487,20776.99,20780.9,8.43132939,33.86,65.81922675
1666844703.2824316,20776.99,20780.9,8.43132939,33.86,65.81922675
1666844713.2720082,20778.76,20778.76,8.7649936,32.57,64.581362
1666844723.2898378,20778.76,20778.76,8.7649936,32.57,64.581362
1666844733.2597816,20778.76,20778.76,8.7649936,32.57,64.581362
1666844743.2715263,20778.76,20775.72,8.52248647,29.53,62.09097564
1666844753.2971015,20778.76,20775.72,8.52248647,29.53,62.09097564
1666844763.310258,20778.76,20775.72,8.52248647,29.53,62.09097564
1666844773.299187,20774.63,20774.63,8.42894767,37.26,61.24418259
1666844783.3249924,20774.63,20774.63,8.42894767,37.26,61.24418259
1666844793.3010888,20774.63,20774.63,8.42894767,37.26,61.24418259
1666844803.2754333,20774.63,20777.88,8.68820693,40.51,62.87015612
1666844814.0116549,20774.63,20777.88,8.68820693,40.51,62.87015612
1666844824.0637846,20774.63,20777.88,8.68820693,40.51,62.87015612
1666844834.147098,20778.84,20778.84,8.92286643,38.17,63.32466103
1666844843.9855478,20778.84,20778.84,8.92286643,38.17,63.32466103
1666844854.0364757,20778.84,20778.84,8.92286643,38.17,63.32466103
1666844864.0287056,20778.84,20779.77,8.99705446,39.1,63.7871218
1666844874.0383823,20778.84,20779.77,8.99705446,39.1,63.7871218
1666844884.011127,20778.84,20779.77,8.99705446,39.1,63.7871218
1666844894.0706584,20778.84,20779.77,8.99705446,39.1,63.7871218
1666844903.9892194,20784.97,20784.97,9.75122532,42.52,66.2044284
1666844914.099336,20784.97,20784.97,9.75122532,42.52,66.2044284
1666844924.0680263,20784.97,20785.2,9.7695729,42.75,66.31001963
1666844934.0410657,20784.97,20785.2,9.7695729,42.75,66.31001963
1666844944.0579236,20784.97,20785.2,9.7695729,42.75,66.31001963
1666844954.045505,20787.23,20787.23,10.28670621,25.49,67.21413306
1666844964.060444,20787.23,20787.23,10.28670621,25.49,67.21413306
1666844974.0939991,20787.23,20787.23,10.28670621,25.49,67.21413306
1666844984.0015078,20787.23,20788.02,10.34972616,26.28,67.57877558
1666844994.6533651,20787.23,20788.02,10.34972616,26.28,67.57877558
1666845004.656835,20787.23,20788.02,10.34972616,26.28,67.57877558
1666845014.5676854,20791.69,20791.69,11.00864579,22.74,69.20744014
1666845024.661248,20791.69,20791.69,11.00864579,22.74,69.20744014
1666845034.6450324,20791.69,20791.69,11.00864579,22.74,69.20744014
1666845044.6258197,20791.69,20800.63,11.72180818,31.68,72.71937497
1666845054.6774118,20791.69,20800.63,11.72180818,31.68,72.71937497
1666845064.6084044,20791.69,20800.63,11.72180818,31.68,72.71937497
1666845074.6212528,20808.01,20808.01,13.54710991,37.7,75.06705221
1666845084.626001,20808.01,20808.01,13.54710991,37.7,75.06705221
1666845094.6155243,20808.01,20808.01,13.54710991,37.7,75.06705221
1666845104.614586,20808.01,20798.45,12.78448883,28.14,67.02559346
1666845114.6236212,20808.01,20798.45,12.78448883,28.14,67.02559346
1666845124.837888,20808.01,20798.45,12.78448883,28.14,67.02559346
1666845134.6726816,20792.44,20792.44,12.11251496,5.28,62.60841163
1666845144.6627023,20792.44,20792.44,12.11251496,5.28,62.60841163
1666845154.6626418,20792.44,20792.44,12.11251496,5.28,62.60841163
1666845164.6821468,20792.44,20793.12,12.16675998,5.96,62.88907175
1666845175.063224,20792.44,20793.12,12.16675998,5.96,62.88907175
1666845185.0454955,20792.44,20793.12,12.16675998,5.96,62.88907175
1666845195.0203598,20792.32,20792.32,11.7956798,14.8,62.50358833
1666845205.0571558,20792.32,20792.32,11.7956798,14.8,62.50358833
1666845215.0630474,20792.32,20792.32,11.7956798,14.8,62.50358833
1666845225.192682,20792.32,20791.38,11.72069405,13.86,62.07937165
1666845235.108657,20792.32,20791.38,11.72069405,13.86,62.07937165
1666845245.0605175,20792.32,20791.38,11.72069405,13.86,62.07937165
1666845255.060814,20785.85,20785.85,10.56715756,6.33,58.21279633
1666845265.1021888,20785.85,20785.85,10.56715756,6.33,58.21279633
1666845275.0958486,20785.85,20785.85,10.56715756,6.33,58.21279633
1666845285.0917916,20785.85,20784.19,10.43473591,4.67,57.06064976
1666845295.107461,20785.85,20784.19,10.43473591,4.67,57.06064976
1666845305.266561,20785.85,20784.19,10.43473591,4.67,57.06064976
1666845315.1055543,20779.96,20779.96,9.05596335,5.33,54.32103447
1666845325.1040716,20779.96,20779.96,9.05596335,5.33,54.32103447
1666845335.0906613,20779.96,20779.96,9.05596335,5.33,54.32103447
1666845345.1409807,20779.96,20778.2,8.91556449,3.57,53.17701399
1666845355.8878782,20779.96,20778.2,8.91556449,3.57,53.17701399
1666845365.8195734,20779.96,20778.2,8.91556449,3.57,53.17701399
1666845375.960478,20777.05,20777.05,7.72553459,-1.79,52.45517674
1666845385.8935006,20777.05,20777.05,7.72553459,-1.79,52.45517674
1666845395.8710015,20777.05,20777.05,7.72553459,-1.79,52.45517674
1666845405.836544,20777.05,20779.45,7.91698758,0.61,53.86273153
1666845415.9046617,20777.05,20779.45,7.91698758,0.61,53.86273153
1666845425.9090445,20777.05,20779.45,7.91698758,0.61,53.86273153
1666845435.863654,20774.06,20774.06,6.28843353,-9.93,50.56937233
1666845445.9065778,20774.06,20774.06,6.28843353,-9.93,50.56937233
1666845455.8950298,20774.06,20774.06,6.28843353,-9.93,50.56937233
1666845465.922984,20774.06,20769.79,5.94780675,-14.2,47.88609359
1666845475.904133,20774.06,20769.79,5.94780675,-14.2,47.88609359
1666845485.9384608,20774.06,20769.79,5.94780675,-14.2,47.88609359
1666845495.9177094,20770.43,20770.43,4.83143871,-16.8,48.27218027
1666845505.868086,20770.43,20770.43,4.83143871,-16.8,48.27218027
1666845515.866981,20770.43,20770.43,4.83143871,-16.8,48.27218027
1666845525.9397094,20770.43,20772.56,5.00135324,-14.67,49.72500022
1666845536.559585,20770.43,20772.56,5.00135324,-14.67,49.72500022
1666845546.601468,20770.43,20772.56,5.00135324,-14.67,49.72500022
1666845556.598502,20773.11,20773.11,4.26645201,-17.45,50.06509007
1666845566.7859173,20773.11,20773.11,4.26645201,-17.45,50.06509007
1666845576.6121168,20773.11,20773.11,4.26645201,-17.45,50.06509007
1666845586.563408,20773.11,20774.08,4.34383093,-16.48,50.73977802
1666845596.6575966,20773.11,20774.08,4.34383093,-16.48,50.73977802
1666845606.8275423,20773.11,20774.08,4.34383093,-16.48,50.73977802
1666845616.547756,20775.11,20775.11,3.86415463,-32.89,51.43574865
1666861413.5414815,20695.89,20695.89,-4.78119602,-18.8,40.24306161
1666861422.810351,20695.89,20689.29,-5.30769174,-25.4,37.26136803
1666867857.2750344,20533.87,20526.65,-16.21872366,-24.36,39.21841907
1666867862.2649157,20533.87,20526.65,-16.21872366,-24.36,39.21841907
1666867872.2384524,20529.17,20529.17,-15.15549381,14.57,40.02579092
1666881322.5952988,20662.73,20662.73,12.17489211,-38.27,50.73312904
1666881332.4214635,20662.73,20662.73,12.17489211,-38.27,50.73312904
1666881342.4289412,20662.73,20661.97,12.11426533,-39.03,50.5544666
1666881352.4330618,20662.73,20661.97,12.11426533,-39.03,50.5544666
1666881362.43347,20662.73,20661.97,12.11426533,-39.03,50.5544666
1666881372.487502,20645.5,20645.5,8.02657737,-42.87,46.96986487
1666881382.4457722,20645.5,20645.5,8.02657737,-42.87,46.96986487
1666881392.4602952,20645.5,20645.5,8.02657737,-42.87,46.96986487
1666881402.8339434,20645.5,20618.41,5.86555173,-69.96,41.72882328
1666881412.4592292,20645.5,20618.41,5.86555173,-69.96,41.72882328
1666881422.4705331,20645.5,20618.41,5.86555173,-69.96,41.72882328
1666881432.4619422,20612.74,20612.74,1.2373848,-62.6,40.75467504
1666881442.4548874,20612.74,20612.74,1.2373848,-62.6,40.75467504
1666881452.4591198,20612.74,20612.74,1.2373848,-62.6,40.75467504
1666881462.4639533,20612.74,20598.25,0.08148736,-77.09,38.34743199
1666881472.4721549,20612.74,20598.25,0.08148736,-77.09,38.34743199
1666881482.4864948,20612.74,20598.25,0.08148736,-77.09,38.34743199
1666881492.5096548,20600.43,20600.43,-3.92318128,-63.69,38.7394258
1666881503.1365454,20600.43,20600.43,-3.92318128,-63.69,38.7394258
1666881513.145039,20600.43,20600.43,-3.92318128,-63.69,38.7394258
1666881523.1547036,20600.43,20610.31,-3.13503314,-53.81,41.29887476
1666881533.1346498,20600.43,20610.31,-3.13503314,-53.81,41.29887476
1666881543.1598735,20600.43,20610.31,-3.13503314,-53.81,41.29887476
1666881553.162403,20617.4,20617.4,-4.80224245,-64.19,43.02972814
1666881563.163829,20617.4,20617.4,-4.80224245,-64.19,43.02972814
1666881573.1693194,20617.4,20617.4,-4.80224245,-64.19,43.02972814
1666881583.1635556,20617.4,20605.06,-5.78662991,-76.53,40.70849033
1666881593.1853194,20617.4,20605.06,-5.78662991,-76.53,40.70849033
1666881603.182858,20617.4,20605.06,-5.78662991,-76.53,40.70849033
1666881613.187266,20599.91,20599.91,-8.84190698,-72.42,39.82920685
1666881623.1724036,20599.91,20599.91,-8.84190698,-72.42,39.82920685
1666881633.2041895,20599.91,20599.91,-8.84190698,-72.42,39.82920685
1666881643.2088463,20599.91,20594.67,-9.25991268,-77.66,38.91923072
1666881653.1998525,20599.91,20594.67,-9.25991268,-77.66,38.91923072
1666881663.198095,20599.91,20594.67,-9.25991268,-77.66,38.91923072
1666881673.2220075,20593.53,20593.53,-11.68238703,-85.64,38.70916941
1666881683.639096,20593.53,20593.53,-11.68238703,-85.64,38.70916941
1666881693.6729298,20593.53,20593.53,-11.68238703,-85.64,38.70916941
1666881703.729753,20593.53,20578.59,-12.8741819,-100.58,36.18450001
1666881713.7287924,20593.53,20578.59,-12.8741819,-100.58,36.18450001
1666881723.7378545,20593.53,20578.59,-12.8741819,-100.58,36.18450001
1666881733.747956,20582.01,20582.01,-15.08945016,-109.83,36.7329307
1666881743.7554832,20582.01,20582.01,-15.08945016,-109.83,36.7329307
1666881753.7868268,20582.01,20582.01,-15.08945016,-109.83,36.7329307
1666881763.7776384,20582.01,20590.73,-14.39383762,-101.11,39.2607368
1666881773.7707615,20582.01,20590.73,-14.39383762,-101.11,39.2607368
1666881783.7702696,20582.01,20590.73,-14.39383762,-101.11,39.2607368
1666881793.7648938,20573.82,20573.82,-18.0246067,-108.99,35.35113139
1666881803.776379,20573.82,20573.82,-18.0246067,-108.99,35.35113139
1666881813.7759304,20573.82,20573.82,-18.0246067,-108.99,35.35113139
1666881823.837228,20573.82,20549.47,-19.96705684,-133.34,31.55097144
1666881833.7858882,20573.82,20549.47,-19.96705684,-133.34,31.55097144
1666881843.7853634,20573.82,20549.47,-19.96705684,-133.34,31.55097144
1666881853.7968554,20563.65,20563.65,-21.04460781,-99.08,33.65796743
1666881864.4310193,20563.65,20563.65,-21.04460781,-99.08,33.65796743
1666881874.5032706,20563.65,20563.65,-21.04460781,-99.08,33.65796743
1666881884.4240708,20563.65,20566.56,-20.81247106,-96.17,34.62285863
1666881894.4465733,20563.65,20566.56,-20.81247106,-96.17,34.62285863
1666881904.5875723,20563.65,20566.56,-20.81247106,-96.17,34.62285863
1666881914.4543166,20565.61,20565.61,-22.25819064,-79.89,34.31096026
1666881924.4659183,20565.61,20565.61,-22.25819064,-79.89,34.31096026
1666881934.4581208,20565.61,20565.61,-22.25819064,-79.89,34.31096026
1666881944.4676275,20565.61,20582.56,-20.90605389,-62.94,39.82690961
1666881954.4865522,20565.61,20582.56,-20.90605389,-62.94,39.82690961
1666881964.4618852,20565.61,20582.56,-20.90605389,-62.94,39.82690961
1666881974.4709327,20584.77,20584.77,-20.28557956,-29.7,40.58328315
1666881984.6783056,20584.77,20584.77,-20.28557956,-29.7,40.58328315
1666881994.4648323,20584.77,20584.77,-20.28557956,-29.7,40.58328315
1666882004.4779863,20584.77,20606.56,-18.54734594,-7.91,46.59265292
1666882014.5077271,20584.77,20606.56,-18.54734594,-7.91,46.59265292
1666882024.5058172,20584.77,20606.56,-18.54734594,-7.91,46.59265292
1666882034.583033,20618.56,20618.56,-15.01476295,18.56,49.46423426
1666882046.731778,20618.56,20618.56,-15.01476295,18.56,49.46423426
1666882056.3446648,20618.56,20618.56,-15.01476295,18.56,49.46423426
1666882066.3419752,20618.56,20615.43,-15.26444956,15.43,48.72828308
1666882076.3316646,20618.56,20615.43,-15.26444956,15.43,48.72828308
1666882086.3568575,20618.56,20615.43,-15.26444956,15.43,48.72828308
1666882096.368579,20613.09,20613.09,-13.58935357,-3.08,48.1894436
1666882106.5348485,20613.09,20613.09,-13.58935357,-3.08,48.1894436
1666882116.390096,20613.09,20613.09,-13.58935357,-3.08,48.1894436
1666882126.3928351,20613.09,20602.94,-14.39904018,-13.23,45.83425815
1666882136.5360832,20613.09,20602.94,-14.39904018,-13.23,45.83425815
1666882146.3774574,20613.09,20602.94,-14.39904018,-13.23,45.83425815
1666882156.3632166,20604.6,20604.6,-13.11087033,3.87,46.18253075
1666882166.3892016,20604.6,20604.6,-13.11087033,3.87,46.18253075
1666882176.3698394,20604.6,20604.6,-13.11087033,3.87,46.18253075
1666882186.365296,20604.6,20617.63,-12.07144013,16.9,49.60824066
1666882196.3924491,20604.6,20617.63,-12.07144013,16.9,49.60824066
1666882206.3906832,20604.6,20617.63,-12.07144013,16.9,49.60824066
1666882216.3874063,20605.58,20605.58,-11.99367213,10.69,46.4202217
1666882227.5692985,20605.58,20605.58,-11.99367213,10.69,46.4202217
1666882237.5846176,20605.58,20605.58,-11.99367213,10.69,46.4202217
1666882247.5943053,20605.58,20612.01,-11.48073766,17.12,48.30036927
1666882257.606859,20605.58,20612.01,-11.48073766,17.12,48.30036927
1666882267.5981443,20605.58,20612.01,-11.48073766,17.12,48.30036927
1666882278.1557922,20628.61,20628.61,-7.80214745,46.6,52.59925624
1666882287.59824,20628.61,20628.61,-7.80214745,46.6,52.59925624
1666882297.6046896,20628.61,20628.61,-7.80214745,46.6,52.59925624
1666882307.5825822,20628.61,20619.85,-8.50095087,37.84,50.22890969
1666882317.6251152,20628.61,20619.85,-8.50095087,37.84,50.22890969
1666882327.6121953,20628.61,20619.85,-8.50095087,37.84,50.22890969
1666882337.5889337,20625.32,20625.32,-6.37538521,51.5,51.68896277
1666882347.6139016,20625.32,20625.32,-6.37538521,51.5,51.68896277
1666882357.646246,20625.32,20625.32,-6.37538521,51.5,51.68896277
1666882367.6205494,20625.32,20629.26,-6.06108321,55.44,52.74263052
1666882377.6312623,20625.32,20629.26,-6.06108321,55.44,52.74263052
1666882387.635266,20625.32,20629.26,-6.06108321,55.44,52.74263052
1666882397.8612788,20626.25,20626.25,-4.7903076,62.6,51.94188535
1666882408.5273254,20626.25,20626.25,-4.7903076,62.6,51.94188535
1666882418.5428104,20626.25,20626.25,-4.7903076,62.6,51.94188535
1666882428.5733256,20626.25,20636.31,-3.98780048,72.66,54.70435431
1666882438.5554638,20626.25,20636.31,-3.98780048,72.66,54.70435431
1666882448.5716083,20626.25,20636.31,-3.98780048,72.66,54.70435431
1666882458.5686424,20641.57,20641.57,-1.38629848,75.96,56.02599813
1666882468.572518,20641.57,20641.57,-1.38629848,75.96,56.02599813
1666882478.58429,20641.57,20641.57,-1.38629848,75.96,56.02599813
1666882488.585648,20641.57,20639.04,-1.58812184,73.43,55.19183258
1666882498.6107674,20641.57,20639.04,-1.58812184,73.43,55.19183258
1666882508.6072888,20641.57,20639.04,-1.58812184,73.43,55.19183258
1666882518.6086085,20632.1,20632.1,-1.07302908,45.97,53.00998104
1666882528.5850122,20632.1,20632.1,-1.07302908,45.97,53.00998104
1666882538.5772188,20632.1,20632.1,-1.07302908,45.97,53.00998104
1666882548.6113653,20632.1,20618.0,-2.1978154,31.87,48.85688466
1666882558.6007698,20632.1,20618.0,-2.1978154,31.87,48.85688466
1666882568.722804,20632.1,20618.0,-2.1978154,31.87,48.85688466
1666882578.6070745,20626.87,20626.87,-0.88844306,8.31,51.4154408
1666882589.6308491,20626.87,20626.87,-0.88844306,8.31,51.4154408
1666882599.5981886,20626.87,20626.87,-0.88844306,8.31,51.4154408
1666882609.6215737,20626.87,20614.17,-1.90154847,-4.39,47.57392234
1666882619.6225624,20626.87,20614.17,-1.90154847,-4.39,47.57392234
1666882629.652108,20626.87,20614.17,-1.90154847,-4.39,47.57392234
1666882639.622542,20613.87,20613.87,-2.24453969,0.62,47.49010575
1666882649.6296546,20613.87,20613.87,-2.24453969,0.62,47.49010575
1666882659.6258276,20613.87,20613.87,-2.24453969,0.62,47.49010575
1666882669.6533816,20613.87,20621.01,-1.67496704,7.76,49.75883371
1666882679.6602535,20613.87,20621.01,-1.67496704,7.76,49.75883371
1666882689.680526,20613.87,20621.01,-1.67496704,7.76,49.75883371
1666882699.8411834,20612.05,20612.05,-2.72621608,6.23,46.94968923
1666882709.6813223,20612.05,20612.05,-2.72621608,6.23,46.94968923
1666882719.6621902,20612.05,20612.05,-2.72621608,6.23,46.94968923
1666882729.686691,20612.05,20611.85,-2.7421705,6.03,46.88654743
1666882739.6935544,20612.05,20611.85,-2.7421705,6.03,46.88654743
1666882749.670452,20612.05,20611.85,-2.7421705,6.03,46.88654743
1666882759.696458,20584.97,20584.97,-6.83430162,-20.61,39.8186441
1666882770.3929784,20584.97,20584.97,-6.83430162,-20.61,39.8186441
1666882780.3118002,20584.97,20574.11,-7.70062641,-31.47,37.24114701
1666882790.294649,20584.97,20574.11,-7.70062641,-31.47,37.24114701
1666882800.3224878,20584.97,20574.11,-7.70062641,-31.47,37.24114701
1666882810.320037,20584.97,20574.11,-7.70062641,-31.47,37.24114701
1666882820.328249,20567.12,20567.12,-10.75771293,-61.25,35.80170343
1666882830.304433,20567.12,20567.12,-10.75771293,-61.25,35.80170343
1666882840.3441336,20567.12,20573.07,-10.28306906,-55.3,37.99854116
1666882850.31748,20567.12,20573.07,-10.28306906,-55.3,37.99854116
1666882860.3506892,20567.12,20573.07,-10.28306906,-55.3,37.99854116
1666882870.5431285,20567.12,20573.07,-10.28306906,-55.3,37.99854116
1666882880.3470912,20580.02,20580.02,-10.82956631,-44.38,40.40612641
1666882890.3698509,20580.02,20580.02,-10.82956631,-44.38,40.40612641
1666882900.370002,20580.02,20614.57,-8.07344095,-9.83,50.57235496
1666882910.3617992,20580.02,20614.57,-8.07344095,-9.83,50.57235496
1666882920.3425224,20580.02,20614.57,-8.07344095,-9.83,50.57235496
1666882930.346664,20580.02,20614.57,-8.07344095,-9.83,50.57235496
1666882940.3445325,20617.85,20617.85,-6.21513929,-8.4,51.3762584
1666882950.763668,20617.85,20617.85,-6.21513929,-8.4,51.3762584
1666882960.76612,20617.85,20590.46,-8.40009655,-35.79,44.89629604
1666882970.7718315,20617.85,20590.46,-8.40009655,-35.79,44.89629604
1666882980.9576929,20617.85,20590.46,-8.40009655,-35.79,44.89629604
1666882991.0686696,20617.85,20590.46,-8.40009655,-35.79,44.89629604
1666883001.1633377,20591.23,20591.23,-8.65378813,-50.34,45.11206286
1666883011.1800466,20591.23,20591.23,-8.65378813,-50.34,45.11206286
1666883021.2629068,20591.23,20611.44,-7.0415944,-30.13,50.09868758
1666883031.307088,20591.23,20611.44,-7.0415944,-30.13,50.09868758
1666883041.239847,20591.23,20611.44,-7.0415944,-30.13,50.09868758
1666883051.204323,20591.23,20611.44,-7.0415944,-30.13,50.09868758
1666883061.258635,20604.93,20604.93,-6.81163961,-25.98,48.59431431
1666883071.1931546,20604.93,20604.93,-6.81163961,-25.98,48.59431431
1666883081.2052472,20604.93,20604.93,-6.81163961,-25.98,48.59431431
1666883091.2149384,20604.93,20594.11,-7.67477352,-36.8,46.10639787
1666883101.2053733,20604.93,20594.11,-7.67477352,-36.8,46.10639787
1666883111.2181568,20607.4,20607.4,-5.87295334,-19.47,49.24329639
1666883121.3185868,20607.4,20607.4,-5.87295334,-19.47,49.24329639
1666883132.251624,20607.4,20607.4,-5.87295334,-19.47,49.24329639
1666883142.2525394,20607.4,20607.4,-5.87295334,-19.47,49.24329639
1666883152.2559855,20607.4,20608.99,-5.74611574,-17.88,49.66767975
1666883162.4876952,20607.4,20608.99,-5.74611574,-17.88,49.66767975
1666883172.5166628,20607.4,20608.99,-5.74611574,-17.88,49.66767975
1666883182.295421,20610.08,20610.08,-4.76986003,-3.79,49.95453253
1666883192.5103862,20610.08,20610.08,-4.76986003,-3.79,49.95453253
1666883202.2932377,20610.08,20603.02,-5.33305092,-10.85,48.04459343
1666883212.290855,20610.08,20603.02,-5.33305092,-10.85,48.04459343
1666883222.3081722,20610.08,20603.02,-5.33305092,-10.85,48.04459343
1666883232.307591,20610.08,20603.02,-5.33305092,-10.85,48.04459343
1666883242.3281362,20599.38,20599.38,-5.53133303,-12.67,47.11582362
1666883252.32054,20599.38,20599.38,-5.53133303,-12.67,47.11582362
1666883262.3172762,20599.38,20588.03,-6.43674614,-24.02,44.24375565
1666883272.3158476,20599.38,20588.03,-6.43674614,-24.02,44.24375565
1666883282.3309877,20599.38,20588.03,-6.43674614,-24.02,44.24375565
1666883292.3363235,20590.18,20590.18,-6.69668388,5.98,44.76060801
1666883302.3199952,20590.18,20590.18,-6.69668388,5.98,44.76060801
1666883313.046266,20590.18,20590.18,-6.69668388,5.98,44.76060801
1666883323.0380652,20590.18,20574.02,-7.98580068,-10.18,40.89374341
1666883333.0397117,20590.18,20574.02,-7.98580068,-10.18,40.89374341
1666883343.0539608,20590.18,20574.02,-7.98580068,-10.18,40.89374341
1666883353.177956,20602.76,20602.76,-5.25088608,35.64,48.57282233
1666883363.0891824,20602.76,20602.76,-5.25088608,35.64,48.57282233
1666883373.064872,20602.76,20602.76,-5.25088608,35.64,48.57282233
1666883383.078977,20602.76,20611.63,-4.54330774,44.51,51.11657271
1666883393.0750268,20602.76,20611.63,-4.54330774,44.51,51.11657271
1666883403.0753608,20602.76,20611.63,-4.54330774,44.51,51.11657271
1666883413.0832324,20610.74,20610.74,-3.7037227,31.69,50.89307506
1666883423.069518,20610.74,20610.74,-3.7037227,31.69,50.89307506
1666883433.0777812,20610.74,20610.74,-3.7037227,31.69,50.89307506
1666883443.2670066,20610.74,20625.38,-2.53585945,46.33,54.87828017
1666883453.0870912,20610.74,20625.38,-2.53585945,46.33,54.87828017
1666883463.0794857,20610.74,20625.38,-2.53585945,46.33,54.87828017
1666883473.092839,20623.0,20623.0,-1.15499232,6.04,54.27503029
1666883483.0795858,20623.0,20623.0,-1.15499232,6.04,54.27503029
1666883493.788689,20623.0,20623.0,-1.15499232,6.04,54.27503029
1666883503.7603226,20623.0,20623.0,-1.15499232,6.04,54.27503029
1666883513.9895573,20623.0,20613.57,-1.90724303,-3.39,51.34591212
1666883523.7664108,20623.0,20613.57,-1.90724303,-3.39,51.34591212
1666883533.776744,20600.01,20600.01,-3.16174478,9.64,47.6486777
1666883545.1541586,20600.01,20600.01,-3.16174478,9.64,47.6486777
1666883553.7646852,20600.01,20600.01,-3.16174478,9.64,47.6486777
1666883563.7839088,20600.01,20618.04,-1.72345418,27.67,52.54204085
1666883573.7936697,20600.01,20618.04,-1.72345418,27.67,52.54204085
1666883583.7662256,20600.01,20618.04,-1.72345418,27.67,52.54204085
1666883593.7792969,20616.46,20616.46,-0.83774134,11.53,52.08261166
1666883603.9324653,20616.46,20616.46,-0.83774134,11.53,52.08261166
1666883613.7887192,20616.46,20616.46,-0.83774134,11.53,52.08261166
1666883623.7978618,20616.46,20610.07,-1.34748493,5.14,50.30369616
1666883633.7918048,20616.46,20610.07,-1.34748493,5.14,50.30369616
1666883643.7893326,20616.46,20610.07,-1.34748493,5.14,50.30369616
1666883653.7949514,20606.66,20606.66,-1.51961225,0.48,49.40322178
1666883663.833564,20606.66,20606.66,-1.51961225,0.48,49.40322178
1666883674.6570294,20606.66,20606.66,-1.51961225,0.48,49.40322178
1666883684.4578965,20606.66,20613.18,-0.99949829,7.0,51.2018952
1666883694.4601028,20606.66,20613.18,-0.99949829,7.0,51.2018952
1666883704.4555054,20606.66,20613.18,-0.99949829,7.0,51.2018952
1666883714.4290433,20607.87,20607.87,-1.33982292,-2.21,49.77806062
1666883724.444075,20607.87,20607.87,-1.33982292,-2.21,49.77806062
1666883734.437334,20607.87,20607.87,-1.33982292,-2.21,49.77806062
1666883744.4576085,20607.87,20612.29,-0.98723033,2.21,51.08176961
1666883754.6738863,20607.87,20612.29,-0.98723033,2.21,51.08176961
1666883764.4607842,20607.87,20612.29,-0.98723033,2.21,51.08176961
1666883774.4761646,20599.61,20599.61,-2.34007977,0.23,47.37506242
1666883784.4604125,20599.61,20599.61,-2.34007977,0.23,47.37506242
1666883794.4603088,20599.61,20599.61,-2.34007977,0.23,47.37506242
1666883804.466203,20599.61,20601.44,-2.19409686,2.06,47.97350986
1666883814.4766655,20599.61,20601.44,-2.19409686,2.06,47.97350986
1666883824.4712465,20599.61,20601.44,-2.19409686,2.06,47.97350986
1666883834.7142534,20599.61,20601.44,-2.19409686,2.06,47.97350986
1666883844.465021,20610.57,20610.57,-1.03026053,20.39,50.76677642
1666883855.6071444,20610.57,20610.57,-1.03026053,20.39,50.76677642
1666883865.7709217,20610.57,20603.37,-1.6046195,13.19,48.55291923
1666883875.575157,20610.57,20603.37,-1.6046195,13.19,48.55291923
1666883885.5988936,20610.57,20603.37,-1.6046195,13.19,48.55291923
1666883895.6955786,20588.97,20588.97,-3.67591675,-12.64,44.64096763
1666883905.611182,20588.97,20588.97,-3.67591675,-12.64,44.64096763
1666883915.6077528,20588.97,20588.97,-3.67591675,-12.64,44.64096763
1666883925.6074617,20588.97,20588.03,-3.75090251,-13.58,44.39072543
1666883935.605029,20588.97,20588.03,-3.75090251,-13.58,44.39072543
1666883945.6188157,20588.97,20588.03,-3.75090251,-13.58,44.39072543
1666883955.6036544,20579.18,20579.18,-5.79640782,-30.6,42.16537536
1666883965.6144135,20579.18,20579.18,-5.79640782,-30.6,42.16537536
1666883975.6128995,20579.18,20579.18,-5.79640782,-30.6,42.16537536
1666883985.599511,20579.18,20593.99,-4.61498331,-15.79,46.95748429
1666883995.6310625,20579.18,20593.99,-4.61498331,-15.79,46.95748429
1666884005.635597,20579.18,20593.99,-4.61498331,-15.79,46.95748429
1666884015.6176472,20587.98,20587.98,-5.53584535,-35.02,45.11188907
1666884025.7504804,20587.98,20587.98,-5.53584535,-35.02,45.11188907
1666884037.069831,20587.98,20587.98,-5.53584535,-35.02,45.11188907
1666884047.0944817,20587.98,20585.03,-5.77117298,-37.97,44.29714666
1666884057.3656108,20587.98,20585.03,-5.77117298,-37.97,44.29714666
1666884067.060111,20587.98,20585.03,-5.77117298,-37.97,44.29714666
1666884077.0923033,20589.94,20589.94,-5.54153947,-10.06,45.77453557
1666884087.061085,20589.94,20589.94,-5.54153947,-10.06,45.77453557
1666884097.0870645,20589.94,20589.94,-5.54153947,-10.06,45.77453557
1666884107.0879233,20589.94,20588.09,-5.68911781,-11.91,45.219615
1666884117.0796578,20589.94,20588.09,-5.68911781,-11.91,45.219615
1666884127.077881,20589.94,20588.09,-5.68911781,-11.91,45.219615
1666884137.0942323,20590.57,20590.57,-5.4922696,-27.47,46.01163268
1666884147.0999908,20590.57,20590.57,-5.4922696,-27.47,46.01163268
1666884157.0923817,20590.57,20590.57,-5.4922696,-27.47,46.01163268
1666884167.1105917,20590.57,20599.48,-4.78150037,-18.56,49.20947106
1666884177.1084414,20590.57,20599.48,-4.78150037,-18.56,49.20947106
1666884187.1190891,20590.57,20599.48,-4.78150037,-18.56,49.20947106
1666884197.1238582,20603.09,20603.09,-3.68004178,-3.57,50.40492165
1666884207.1016238,20603.09,20603.09,-3.68004178,-3.57,50.40492165
1666884218.242398,20603.09,20603.09,-3.68004178,-3.57,50.40492165
1666884228.2293344,20603.09,20609.2,-3.19263437,2.54,52.44960059
1666884238.2468529,20603.09,20609.2,-3.19263437,2.54,52.44960059
1666884248.3693073,20603.09,20609.2,-3.19263437,2.54,52.44960059
1666884258.2466297,20607.15,20607.15,-2.43182927,0.69,51.78278075
1666884268.2490842,20607.15,20607.15,-2.43182927,0.69,51.78278075
1666884278.2630749,20607.15,20607.15,-2.43182927,0.69,51.78278075
1666884288.2573247,20607.15,20611.13,-2.11433639,4.67,53.15625292
1666884298.2449648,20607.15,20611.13,-2.11433639,4.67,53.15625292
1666884308.2508652,20607.15,20611.13,-2.11433639,4.67,53.15625292
1666884318.2520492,20614.26,20614.26,-0.67483248,14.67,54.18263505
1666884328.260795,20614.26,20614.26,-0.67483248,14.67,54.18263505
1666884338.2579122,20614.26,20614.26,-0.67483248,14.67,54.18263505
1666884348.28056,20614.26,20622.16,-0.04463305,22.57,56.75795455
1666884358.2600243,20614.26,20622.16,-0.04463305,22.57,56.75795455
1666884368.3465898,20614.26,20622.16,-0.04463305,22.57,56.75795455
1666884378.2923372,20610.66,20610.66,-0.2432381,0.09,52.75070644
1666884388.2811909,20610.66,20610.66,-0.2432381,0.09,52.75070644
1666884399.1060972,20610.66,20610.66,-0.2432381,0.09,52.75070644
1666884409.1039386,20610.66,20598.84,-1.18614408,-11.73,48.24350501
1666884419.1002026,20610.66,20598.84,-1.18614408,-11.73,48.24350501
1666884429.1267388,20610.66,20598.84,-1.18614408,-11.73,48.24350501
1666884439.2500308,20604.16,20604.16,-0.59680541,14.3,50.17299657
1666884449.0926728,20604.16,20604.16,-0.59680541,14.3,50.17299657
1666884459.1275632,20604.16,20604.16,-0.59680541,14.3,50.17299657
1666884469.1402528,20604.16,20602.93,-0.69492507,13.07,49.6782887
1666884479.1267006,20604.16,20602.93,-0.69492507,13.07,49.6782887
1666884489.1320312,20604.16,20602.93,-0.69492507,13.07,49.6782887
1666884499.1398914,20603.43,20603.43,-0.56396354,24.25,49.8782079
1666884509.2586946,20603.43,20603.43,-0.56396354,24.25,49.8782079
1666884519.1779,20603.43,20603.43,-0.56396354,24.25,49.8782079
1666884529.139723,20603.43,20612.21,0.13643532,33.03,53.42283181
1666884539.16945,20603.43,20612.21,0.13643532,33.03,53.42283181
1666884549.1386902,20603.43,20612.21,0.13643532,33.03,53.42283181
1666884559.212206,20614.39,20614.39,1.06376761,26.41,54.22557886
1666884569.1677732,20614.39,20614.39,1.06376761,26.41,54.22557886
1666884579.6809952,20614.39,20614.39,1.06376761,26.41,54.22557886
1666884589.734438,20614.39,20623.08,1.75698698,35.1,57.38331082
1666884599.8099842,20614.39,20623.08,1.75698698,35.1,57.38331082
1666884609.6922429,20614.39,20623.08,1.75698698,35.1,57.38331082
1666884619.7622848,20617.96,20617.96,2.08931431,28.02,55.60418092
1666884629.747237,20617.96,20617.96,2.08931431,28.02,55.60418092
1666884639.7077742,20617.96,20617.96,2.08931431,28.02,55.60418092
1666884649.7474496,20617.96,20610.45,1.49022599,20.51,52.15206258
1666884659.7320025,20617.96,20610.45,1.49022599,20.51,52.15206258
1666884669.740026,20617.96,20610.45,1.49022599,20.51,52.15206258
1666884679.7146091,20616.71,20616.71,2.58025236,25.75,54.99312346
1666884689.7530365,20616.71,20616.71,2.58025236,25.75,54.99312346
1666884699.72967,20616.71,20616.71,2.58025236,25.75,54.99312346
1666884709.7324808,20616.71,20605.82,1.71153441,14.86,49.81673402
1666884719.7308562,20616.71,20605.82,1.71153441,14.86,49.81673402
1666884729.7354198,20616.71,20605.82,1.71153441,14.86,49.81673402
1666884739.7518406,20616.42,20616.42,2.97182419,13.25,54.80647248
1666884749.7335365,20616.42,20616.42,2.97182419,13.25,54.80647248
1666884760.6445312,20616.42,20617.21,3.03484413,14.04,55.253484
1666884770.6395528,20616.42,20617.21,3.03484413,14.04,55.253484
1666884780.669773,20616.42,20617.21,3.03484413,14.04,55.253484
1666884790.735115,20632.81,20632.81,5.45582862,25.66,61.50671707
1666884800.6636348,20632.81,20632.81,5.45582862,25.66,61.50671707
1666884810.6675396,20632.81,20632.81,5.45582862,25.66,61.50671707
1666884820.6604447,20632.81,20653.86,7.1350309,46.71,67.96787562
1666884830.8000946,20632.81,20653.86,7.1350309,46.71,67.96787562
1666884840.6634145,20632.81,20653.86,7.1350309,46.71,67.96787562
1666884850.676585,20646.53,20646.53,8.32556234,32.27,65.97940477
1666884860.6685476,20646.53,20646.53,8.32556234,32.27,65.97940477
1666884870.6654556,20646.53,20646.53,8.32556234,32.27,65.97940477
1666884880.6575918,20646.53,20651.13,8.6925139,36.87,67.34923089
1666884890.6687496,20646.53,20651.13,8.6925139,36.87,67.34923089
1666884900.6729295,20646.53,20651.13,8.6925139,36.87,67.34923089
1666884910.6806114,20646.53,20651.13,8.6925139,36.87,67.34923089
1666884920.6819036,20642.71,20642.71,8.94174303,32.04,63.28309065
1666884930.689745,20642.71,20642.71,8.94174303,32.04,63.28309065
1666884942.0632353,20642.71,20642.71,8.94174303,32.04,63.28309065
1666884952.3121214,20642.71,20653.27,9.78413619,42.6,66.50618796
1666884962.0783038,20642.71,20653.27,9.78413619,42.6,66.50618796
1666884972.0747063,20653.49,20653.49,11.16983594,49.33,66.58716326
1666884982.119024,20653.49,20653.49,11.16983594,49.33,66.58716326
1666884992.105419,20653.49,20653.49,11.16983594,49.33,66.58716326
1666885002.0683515,20653.49,20636.65,9.82647412,32.49,57.99773341
1666885012.1109836,20653.49,20636.65,9.82647412,32.49,57.99773341
1666885022.0711372,20653.49,20636.65,9.82647412,32.49,57.99773341
1666885032.075049,20619.54,20619.54,7.3733247,16.11,51.10961
1666885042.0862484,20619.54,20619.54,7.3733247,16.11,51.10961
1666885052.0707269,20619.54,20619.54,7.3733247,16.11,51.10961
1666885062.0779436,20619.54,20615.0,7.01115945,11.57,49.43200896
1666885072.0846975,20619.54,20615.0,7.01115945,11.57,49.43200896
1666885082.0927124,20619.54,20615.0,7.01115945,11.57,49.43200896
1666885092.0829034,20607.92,20607.92,4.75463138,-6.48,47.06865186
1666885102.0851398,20607.92,20607.92,4.75463138,-6.48,47.06865186
1666885112.3676977,20607.92,20607.92,4.75463138,-6.48,47.06865186
1666885122.852795,20607.92,20585.89,2.99725246,-28.51,40.43990101
1666885132.8615043,20607.92,20585.89,2.99725246,-28.51,40.43990101
1666885143.1314228,20607.92,20585.89,2.99725246,-28.51,40.43990101
1666885152.8744786,20582.0,20582.0,-0.16780785,-35.04,39.43721866
1666885162.8700542,20582.0,20582.0,-0.16780785,-35.04,39.43721866
1666885172.884196,20582.0,20582.0,-0.16780785,-35.04,39.43721866
1666885182.868808,20582.0,20592.99,0.70888731,-24.05,43.47746728
1666885192.8668768,20582.0,20592.99,0.70888731,-24.05,43.47746728
1666885202.887855,20582.0,20592.99,0.70888731,-24.05,43.47746728
1666885212.8856075,20581.22,20581.22,-2.65379355,-36.36,39.39605986
1666885222.884066,20581.22,20581.22,-2.65379355,-36.36,39.39605986
1666885232.973735,20581.22,20581.22,-2.65379355,-36.36,39.39605986
1666885242.894436,20581.22,20591.03,-1.87122945,-26.55,43.32873997
1666885252.8932629,20581.22,20591.03,-1.87122945,-26.55,43.32873997
1666885263.054282,20581.22,20591.03,-1.87122945,-26.55,43.32873997
1666885273.2172313,20590.96,20590.96,-3.15771059,-26.33,43.3359481
1666885282.9023964,20590.96,20590.96,-3.15771059,-26.33,43.3359481
1666885292.924826,20590.96,20590.96,-3.15771059,-26.33,43.3359481
1666885303.4417992,20590.96,20596.74,-2.69662797,-20.55,45.57653713
1666885313.4308648,20590.96,20596.74,-2.69662797,-20.55,45.57653713
1666885323.4213393,20590.96,20596.74,-2.69662797,-20.55,45.57653713
1666885333.4194975,20589.38,20589.38,-4.18559256,-42.3,42.80843579
1666885343.4263875,20589.38,20589.38,-4.18559256,-42.3,42.80843579
1666885353.4432328,20589.38,20589.38,-4.18559256,-42.3,42.80843579
1666885363.6201687,20589.38,20588.51,-4.25499427,-43.17,42.5275759
1666885373.4319074,20589.38,20588.51,-4.25499427,-43.17,42.5275759
1666885383.459642,20589.38,20588.51,-4.25499427,-43.17,42.5275759
1666885393.460388,20587.82,20587.82,-5.15624877,-58.71,42.30718775
1666885403.4547184,20587.82,20587.82,-5.15624877,-58.71,42.30718775
1666885413.4618895,20587.82,20587.82,-5.15624877,-58.71,42.30718775
1666885423.442353,20587.82,20580.12,-5.77049378,-66.41,39.82940156
1666885433.7305992,20587.82,20580.12,-5.77049378,-66.41,39.82940156
1666885443.4607422,20587.82,20580.12,-5.77049378,-66.41,39.82940156
1666885453.4512162,20572.22,20572.22,-7.96635434,-68.22,37.57179636
1666885463.475667,20572.22,20572.22,-7.96635434,-68.22,37.57179636
1666885473.457964,20572.22,20572.22,-7.96635434,-68.22,37.57179636
1666885483.8640866,20572.22,20567.0,-8.3827646,-73.44,36.11512549
1666885493.8828096,20572.22,20567.0,-8.3827646,-73.44,36.11512549
1666885503.886774,20572.22,20567.0,-8.3827646,-73.44,36.11512549
1666885513.8948596,20567.88,20567.88,-9.71574046,-84.68,36.35272669
1666885523.8853629,20567.88,20567.88,-9.71574046,-84.68,36.35272669
1666885533.868467,20567.88,20567.88,-9.71574046,-84.68,36.35272669
1666885543.866495,20567.88,20562.04,-10.18160941,-90.52,34.7202133
1666885553.8645048,20567.88,20562.04,-10.18160941,-90.52,34.7202133
1666885563.8701782,20567.88,20562.04,-10.18160941,-90.52,34.7202133
1666885573.8679955,20569.73,20569.73,-10.39173299,-49.81,37.43335261
1666885583.887531,20569.73,20569.73,-10.39173299,-49.81,37.43335261
1666885593.903429,20569.73,20569.73,-10.39173299,-49.81,37.43335261
1666885603.9612577,20569.73,20578.83,-9.66580707,-40.71,41.78333106
1666885613.971789,20569.73,20578.83,-9.66580707,-40.71,41.78333106
1666885624.0621767,20569.73,20578.83,-9.66580707,-40.71,41.78333106
1666885633.907257,20571.1,20571.1,-10.66590176,-36.18,38.29258642
1666885643.997367,20571.1,20571.1,-10.66590176,-36.18,38.29258642
1666885653.9086154,20571.1,20571.1,-10.66590176,-36.18,38.29258642
1666885664.9628837,20571.1,20584.53,-9.59456272,-22.75,44.67674741
1666885674.972721,20571.1,20584.53,-9.59456272,-22.75,44.67674741
1666885684.9772148,20571.1,20584.53,-9.59456272,-22.75,44.67674741
1666885694.9832077,20593.54,20593.54,-7.78510674,10.22,48.44673368
1666885704.9802506,20593.54,20593.54,-7.78510674,10.22,48.44673368
1666885714.966026,20593.54,20593.54,-7.78510674,10.22,48.44673368
1666885724.9768598,20593.54,20587.69,-8.25177341,4.37,46.24331619
1666885734.968633,20593.54,20587.69,-8.25177341,4.37,46.24331619
1666885745.1418726,20593.54,20587.69,-8.25177341,4.37,46.24331619
1666885755.1327257,20586.14,20586.14,-7.80785795,5.87,45.65761835
1666885765.1276324,20586.14,20586.14,-7.80785795,5.87,45.65761835
1666885775.1453292,20586.14,20586.14,-7.80785795,5.87,45.65761835
1666885785.1450372,20586.14,20580.67,-8.24421123,0.4,43.68238218
1666885795.1414871,20586.14,20580.67,-8.24421123,0.4,43.68238218
1666885805.1430042,20586.14,20580.67,-8.24421123,0.4,43.68238218
1666885815.289452,20580.93,20580.93,-8.0919562,-8.87,43.77239245
1666885825.1547203,20580.93,20580.93,-8.0919562,-8.87,43.77239245
1666885835.1658297,20580.93,20580.93,-8.0919562,-8.87,43.77239245
1666885846.0090034,20580.93,20571.09,-8.87691346,-18.71,40.38106322
1666885856.0067382,20580.93,20571.09,-8.87691346,-18.71,40.38106322
1666885866.0106008,20580.93,20571.09,-8.87691346,-18.71,40.38106322
1666885876.0313776,20570.7,20570.7,-9.34284017,-20.15,40.25744418
1666885886.0294464,20570.7,20570.7,-9.34284017,-20.15,40.25744418
1666885896.039141,20570.7,20570.7,-9.34284017,-20.15,40.25744418
1666885906.0275538,20570.7,20565.46,-9.76084587,-25.39,38.54986123
1666885916.0403883,20570.7,20565.46,-9.76084587,-25.39,38.54986123
1666885926.024021,20570.7,20565.46,-9.76084587,-25.39,38.54986123
1666885936.0196688,20565.19,20565.19,-10.38673907,-22.64,38.57713618
1666885946.0532815,20565.19,20565.19,-10.38673907,-22.64,38.57713618
1666885956.0501733,20565.19,20565.19,-10.38673907,-22.64,38.57713618
1666885966.0585375,20565.19,20574.99,-9.60497269,-12.84,43.36482186
1666885976.1351807,20565.19,20574.99,-9.60497269,-12.84,43.36482186
1666885986.053586,20565.19,20574.99,-9.60497269,-12.84,43.36482186
1666885996.0639825,20561.59,20561.59,-11.21952419,-10.63,37.30907206
1666886006.066084,20561.59,20561.59,-11.21952419,-10.63,37.30907206
1666886016.0548985,20561.59,20561.59,-11.21952419,-10.63,37.30907206
1666886026.8653786,20561.59,20566.29,-10.84459541,-5.93,39.87655197
1666886036.8292222,20561.59,20566.29,-10.84459541,-5.93,39.87655197
1666886046.8388622,20561.59,20566.29,-10.84459541,-5.93,39.87655197
1666886056.8299024,20561.6,20561.6,-11.44935618,-6.28,37.5370121
1666886066.8300617,20561.6,20561.6,-11.44935618,-6.28,37.5370121
1666886076.8313286,20561.6,20561.6,-11.44935618,-6.28,37.5370121
1666886086.8525069,20561.6,20560.1,-11.5690143,-7.78,37.00507416
1666886096.8432517,20561.6,20560.1,-11.5690143,-7.78,37.00507416
1666886106.854665,20561.6,20560.1,-11.5690143,-7.78,37.00507416
1666886116.8755782,20561.0,20561.0,-11.65376392,-9.56,37.32241226
1666886126.877866,20561.0,20561.0,-11.65376392,-9.56,37.32241226
1666886136.874164,20561.0,20561.0,-11.65376392,-9.56,37.32241226
1666886146.8707385,20561.0,20571.4,-10.82413429,0.84,43.36623713
1666886156.8718188,20561.0,20571.4,-10.82413429,0.84,43.36623713
1666886167.0639217,20561.0,20571.4,-10.82413429,0.84,43.36623713
1666886176.8702953,20555.18,20555.18,-12.46633599,-17.72,35.21909727
1666886186.8885722,20555.18,20555.18,-12.46633599,-17.72,35.21909727
1666886196.994639,20555.18,20555.18,-12.46633599,-17.72,35.21909727
1666886208.1535015,20555.18,20547.3,-13.09493998,-25.6,32.54483155
1666886218.1466897,20555.18,20547.3,-13.09493998,-25.6,32.54483155
1666886228.1739953,20555.18,20547.3,-13.09493998,-25.6,32.54483155
1666886238.1473732,20563.68,20563.68,-11.39557182,-29.86,40.49357091
1666886248.150978,20563.68,20563.68,-11.39557182,-29.86,40.49357091
1666886258.170148,20563.68,20563.68,-11.39557182,-29.86,40.49357091
1666886268.1744735,20563.68,20571.38,-10.78132681,-22.16,44.87239725
1666886278.176835,20563.68,20571.38,-10.78132681,-22.16,44.87239725
1666886288.1637075,20563.68,20571.38,-10.78132681,-22.16,44.87239725
1666886298.1808422,20570.06,20570.06,-10.05614297,-17.38,44.16809433
1666886308.173251,20570.06,20570.06,-10.05614297,-17.38,44.16809433
1666886318.1852973,20570.06,20570.06,-10.05614297,-17.38,44.16809433
1666886328.1607246,20570.06,20560.78,-10.79642787,-26.66,40.27263106
1666886338.176271,20570.06,20560.78,-10.79642787,-26.66,40.27263106
1666886348.185845,20570.06,20560.78,-10.79642787,-26.66,40.27263106
1666886358.3008902,20557.31,20557.31,-11.09325147,-23.62,38.98689851
1666886368.204383,20557.31,20557.31,-11.09325147,-23.62,38.98689851
1666886378.1930585,20557.31,20557.31,-11.09325147,-23.62,38.98689851
1666886389.1350918,20557.31,20558.0,-11.03820874,-22.93,39.40119286
1666886398.8654988,20557.31,20558.0,-11.03820874,-22.93,39.40119286
1666886408.8769884,20557.31,20558.0,-11.03820874,-22.93,39.40119286
1666886418.885543,20564.08,20564.08,-10.08646398,-6.62,42.86270574
1666886428.901887,20564.08,20564.08,-10.08646398,-6.62,42.86270574
1666886438.9157462,20564.08,20564.08,-10.08646398,-6.62,42.86270574
1666886448.902786,20564.08,20561.01,-10.33136426,-9.69,41.42227433
1666886458.9067678,20564.08,20561.01,-10.33136426,-9.69,41.42227433
1666886468.8917518,20564.08,20561.01,-10.33136426,-9.69,41.42227433
1666886478.9124906,20579.93,20579.93,-7.30337651,15.24,50.67492022
1666886488.942443,20579.93,20579.93,-7.30337651,15.24,50.67492022
1666886498.9424765,20579.93,20579.93,-7.30337651,15.24,50.67492022
1666886508.9236114,20579.93,20589.16,-6.56708022,24.47,54.57031378
1666886519.0649643,20579.93,20589.16,-6.56708022,24.47,54.57031378
1666886528.9847353,20579.93,20589.16,-6.56708022,24.47,54.57031378
1666886539.0134602,20586.19,20586.19,-5.1453533,24.6,53.38575407
1666886548.9494977,20586.19,20586.19,-5.1453533,24.6,53.38575407
1666886558.9574282,20586.19,20586.19,-5.1453533,24.6,53.38575407
1666886569.959299,20586.19,20581.88,-5.48917096,20.29,51.29548652
1666886579.9549973,20586.19,20581.88,-5.48917096,20.29,51.29548652
1666886589.9773004,20586.19,20581.88,-5.48917096,20.29,51.29548652
1666886599.9725754,20583.9,20583.9,-4.11092479,21.19,52.25438659
1666886611.935017,20583.9,20583.9,-4.11092479,21.19,52.25438659
1666886620.345296,20583.9,20583.9,-4.11092479,21.19,52.25438659
1666886631.5469975,20583.9,20584.43,-4.06864559,21.72,52.50525671
1666886641.2890265,20583.9,20584.43,-4.06864559,21.72,52.50525671
1666886651.488286,20582.76,20582.76,-3.27165635,21.76,51.66737222
1666886661.8071916,20582.76,20582.76,-3.27165635,21.76,51.66737222
1666886674.011106,20582.76,20582.76,-3.27165635,21.76,51.66737222
1666886681.5516386,20582.76,20590.0,-2.6941065,29.0,55.11592339
1666886691.5715842,20582.76,20590.0,-2.6941065,29.0,55.11592339
1666886701.5535886,20582.76,20590.0,-2.6941065,29.0,55.11592339
1666886711.740836,20583.69,20583.69,-2.26263085,28.51,51.98803202
1666886721.5438523,20583.69,20583.69,-2.26263085,28.51,51.98803202
1666886731.560122,20583.69,20583.69,-2.26263085,28.51,51.98803202
1666886741.5920248,20583.69,20574.83,-2.96941148,19.65,47.4145733
1666886751.9187574,20583.69,20574.83,-2.96941148,19.65,47.4145733
1666886761.9846275,20583.69,20574.83,-2.96941148,19.65,47.4145733
1666886771.8879972,20582.07,20582.07,-1.83916383,18.39,51.0819874
1666886781.9262738,20582.07,20582.07,-1.83916383,18.39,51.0819874
1666886791.9220784,20582.07,20582.07,-1.83916383,18.39,51.0819874
1666886801.897298,20582.07,20589.17,-1.27278206,25.49,54.79279074
1666886811.9264724,20582.07,20589.17,-1.27278206,25.49,54.79279074
1666886821.9424193,20582.07,20589.17,-1.27278206,25.49,54.79279074
1666886831.9210534,20582.07,20589.17,-1.27278206,25.49,54.79279074
1666886841.9331825,20586.57,20586.57,-0.7565481,16.51,53.50209788
1666886851.9226096,20586.57,20586.57,-0.7565481,16.51,53.50209788
1666886862.1067958,20586.57,20584.69,-0.90651961,14.63,52.33849281
1666886872.268548,20586.57,20584.69,-0.90651961,14.63,52.33849281
1666886881.9833598,20586.57,20584.69,-0.90651961,14.63,52.33849281
1666886891.9720013,20586.41,20586.41,-0.13276001,29.1,53.26903715
1666886901.9587915,20586.41,20586.41,-0.13276001,29.1,53.26903715
1666886911.9484532,20586.41,20586.41,-0.13276001,29.1,53.26903715
1666886921.9563682,20586.41,20585.23,-0.22689107,27.92,52.50033427
1666886932.4969292,20586.41,20585.23,-0.22689107,27.92,52.50033427
1666886942.5175242,20586.41,20585.23,-0.22689107,27.92,52.50033427
1666886952.5159464,20586.41,20585.23,-0.22689107,27.92,52.50033427
1666886962.4639063,20582.61,20582.61,-0.24157617,19.52,50.87040726
1666886972.4874766,20582.61,20582.61,-0.24157617,19.52,50.87040726
1666886982.4848063,20582.61,20576.82,-0.70345651,13.73,47.37035383
1666886992.5104218,20582.61,20576.82,-0.70345651,13.73,47.37035383
1666887002.5052547,20582.61,20576.82,-0.70345651,13.73,47.37035383
1666887012.514791,20573.47,20573.47,-1.41127598,-6.46,45.63501278
1666887022.5319097,20573.47,20573.47,-1.41127598,-6.46,45.63501278
1666887032.776863,20573.47,20573.47,-1.41127598,-6.46,45.63501278
1666887042.5336182,20573.47,20567.6,-1.87953809,-12.33,42.50582962
1666887052.5466142,20573.47,20567.6,-1.87953809,-12.33,42.50582962
1666887062.557341,20573.47,20567.6,-1.87953809,-12.33,42.50582962
1666887072.5365543,20573.47,20567.6,-1.87953809,-12.33,42.50582962
1666887082.6269927,20565.12,20565.12,-2.79031838,-21.07,41.27286031
1666887092.5150576,20565.12,20565.12,-2.79031838,-21.07,41.27286031
1666887102.5128956,20565.12,20572.06,-2.23670015,-14.13,45.63752471
1666887113.1830096,20565.12,20572.06,-2.23670015,-14.13,45.63752471
1666887123.2038364,20565.12,20572.06,-2.23670015,-14.13,45.63752471
1666887133.1866815,20579.45,20579.45,-1.33530471,-4.45,49.85751536
1666887143.2075772,20579.45,20579.45,-1.33530471,-4.45,49.85751536
1666887153.2203848,20579.45,20579.45,-1.33530471,-4.45,49.85751536
1666887163.210492,20579.45,20579.48,-1.33291155,-4.42,49.8742479
1666887173.2177382,20579.45,20579.48,-1.33291155,-4.42,49.8742479
1666887183.2347105,20579.45,20579.48,-1.33291155,-4.42,49.8742479
1666887193.236129,20581.44,20581.44,-0.78969192,-1.32,50.90535365
1666887203.2236698,20581.44,20581.44,-0.78969192,-1.32,50.90535365
1666887213.2215424,20581.44,20581.44,-0.78969192,-1.32,50.90535365
1666887223.4560814,20581.44,20581.44,-0.78969192,-1.32,50.90535365
1666887233.2233338,20581.44,20574.46,-1.34650103,-8.3,47.04729778
1666887243.2353406,20581.44,20574.46,-1.34650103,-8.3,47.04729778
1666887253.311281,20584.97,20584.97,-0.03983207,-0.53,52.9249933
1666887263.2550752,20584.97,20584.97,-0.03983207,-0.53,52.9249933
1666887273.266698,20584.97,20584.97,-0.03983207,-0.53,52.9249933
1666887283.249478,20584.97,20587.82,0.18751836,2.32,54.53471321
1666887293.7431695,20584.97,20587.82,0.18751836,2.32,54.53471321
1666887303.7376409,20584.97,20587.82,0.18751836,2.32,54.53471321
1666887313.7444997,20586.71,20586.71,0.47492175,4.52,53.98989502
1666887323.754929,20586.71,20586.71,0.47492175,4.52,53.98989502
1666887333.726841,20586.71,20586.71,0.47492175,4.52,53.98989502
1666887343.7241678,20586.71,20592.45,0.93281349,10.26,57.20212847
1666887353.753086,20586.71,20592.45,0.93281349,10.26,57.20212847
1666887363.76736,20586.71,20592.45,0.93281349,10.26,57.20212847
1666887373.7492456,20582.52,20582.52,0.2668207,-4.05,51.23582526
1666887383.9135785,20582.52,20582.52,0.2668207,-4.05,51.23582526
1666887393.7847674,20582.52,20582.52,0.2668207,-4.05,51.23582526
1666887403.7698972,20582.52,20584.66,0.43753295,-1.91,52.64171423
1666887413.748493,20582.52,20584.66,0.43753295,-1.91,52.64171423
1666887423.806888,20582.52,20584.66,0.43753295,-1.91,52.64171423
1666887433.7637556,20591.75,20591.75,1.62619368,4.19,56.80149931
1666887443.7742093,20591.75,20591.75,1.62619368,4.19,56.80149931
1666887453.7797887,20591.75,20591.75,1.62619368,4.19,56.80149931
1666887463.997233,20591.75,20588.17,1.34060963,0.61,54.31385208
1666887474.56858,20591.75,20588.17,1.34060963,0.61,54.31385208
1666887484.6356833,20591.75,20588.17,1.34060963,0.61,54.31385208
1666887494.6237867,20585.55,20585.55,1.26625423,2.94,52.54089068
1666887504.6155643,20585.55,20585.55,1.26625423,2.94,52.54089068
1666887514.6093495,20585.55,20585.55,1.26625423,2.94,52.54089068
1666887524.8246317,20585.55,20595.96,2.09668158,13.35,58.35737893
1666887534.5839283,20585.55,20595.96,2.09668158,13.35,58.35737893
1666887544.6229205,20585.55,20595.96,2.09668158,13.35,58.35737893
1666887554.6103868,20594.54,20594.54,2.73040586,21.6,57.27270714
1666887564.631068,20594.54,20594.54,2.73040586,21.6,57.27270714
1666887574.9999282,20594.54,20594.54,2.73040586,21.6,57.27270714
1666887584.6207657,20594.54,20584.47,1.92710101,11.53,50.92275005
1666887594.6016836,20594.54,20584.47,1.92710101,11.53,50.92275005
1666887604.71214,20594.54,20584.47,1.92710101,11.53,50.92275005
1666887614.603829,20572.64,20572.64,0.15086109,5.94,45.01831023
1666887624.686305,20572.64,20572.64,0.15086109,5.94,45.01831023
1666887634.6018734,20572.64,20572.64,0.15086109,5.94,45.01831023
1666887644.637497,20572.64,20570.0,-0.0597372,3.3,43.80605599
1666887655.17166,20572.64,20570.0,-0.0597372,3.3,43.80605599
1666887665.0328095,20572.64,20570.0,-0.0597372,3.3,43.80605599
1666887675.0050054,20572.34,20572.34,-0.6894013,-8.0,45.0613991
1666887685.0684185,20572.34,20572.34,-0.6894013,-8.0,45.0613991
1666887695.0352817,20572.34,20572.34,-0.6894013,-8.0,45.0613991
1666887705.042603,20572.34,20559.45,-1.71766341,-20.89,39.2266211
1666887715.082574,20572.34,20559.45,-1.71766341,-20.89,39.2266211
1666887725.0399072,20572.34,20559.45,-1.71766341,-20.89,39.2266211
1666887735.163551,20557.9,20557.9,-3.25409094,-24.52,38.62343782
1666887745.0757031,20557.9,20557.9,-3.25409094,-24.52,38.62343782
1666887755.0277295,20557.9,20557.9,-3.25409094,-24.52,38.62343782
1666887765.0730343,20557.9,20561.61,-2.95813652,-20.81,40.81961642
1666887775.0702674,20557.9,20561.61,-2.95813652,-20.81,40.81961642
1666887785.0900073,20557.9,20561.61,-2.95813652,-20.81,40.81961642
1666887795.099673,20558.16,20558.16,-4.31775733,-26.81,38.72846225
1666887805.089219,20558.16,20558.16,-4.31775733,-26.81,38.72846225
1666887815.062956,20558.16,20558.16,-4.31775733,-26.81,38.72846225
1666887825.1013718,20558.16,20559.54,-4.20767186,-25.43,39.66621938
1666887835.7149308,20558.16,20559.54,-4.20767186,-25.43,39.66621938
1666887845.6735668,20558.16,20559.54,-4.20767186,-25.43,39.66621938
1666887855.8532937,20561.84,20561.84,-4.53573858,-23.27,41.32180786
1666887865.8346453,20561.84,20561.84,-4.53573858,-23.27,41.32180786
1666887875.670621,20561.84,20561.84,-4.53573858,-23.27,41.32180786
1666887885.6711557,20561.84,20580.33,-3.06075283,-4.78,51.55799257
1666887895.9333074,20561.84,20580.33,-3.06075283,-4.78,51.55799257
1666887905.675454,20561.84,20580.33,-3.06075283,-4.78,51.55799257
1666887915.6925814,20572.39,20572.39,-3.45658064,-10.05,47.56557664
1666887925.6932006,20572.39,20572.39,-3.45658064,-10.05,47.56557664
1666887935.6848867,20572.39,20572.39,-3.45658064,-10.05,47.56557664
1666887945.707483,20572.39,20566.45,-3.9304268,-15.99,44.60390341
1666887955.691711,20572.39,20566.45,-3.9304268,-15.99,44.60390341
1666887965.7260542,20572.39,20566.45,-3.9304268,-15.99,44.60390341
1666887975.7180002,20559.81,20559.81,-5.00940506,-31.19,41.7013756
1666887985.7217662,20559.81,20559.81,-5.00940506,-31.19,41.7013756
1666887995.7160037,20559.81,20559.81,-5.00940506,-31.19,41.7013756
1666888005.7068644,20559.81,20559.7,-5.01817999,-31.3,41.6530186
1666888016.3632472,20559.81,20559.7,-5.01817999,-31.3,41.6530186
1666888026.5872142,20559.81,20559.7,-5.01817999,-31.3,41.6530186
1666888036.570594,20559.14,20559.14,-5.54082552,-26.41,41.63756102
1666888046.5954947,20559.14,20559.14,-5.54082552,-26.41,41.63756102
1666888056.58822,20559.14,20559.14,-5.54082552,-26.41,41.63756102
1666888066.600401,20559.14,20550.94,-6.19495657,-34.61,37.92980246
1666888076.5852294,20559.14,20550.94,-6.19495657,-34.61,37.92980246
1666888087.0169103,20559.14,20550.94,-6.19495657,-34.61,37.92980246
1666888096.606047,20541.81,20541.81,-8.23636826,-54.39,34.65803177
1666888106.6022334,20541.81,20541.81,-8.23636826,-54.39,34.65803177
1666888116.6057842,20541.81,20541.81,-8.23636826,-54.39,34.65803177
1666888126.6695645,20541.81,20540.96,-8.30417452,-55.24,34.36091534
1666888136.6130607,20541.81,20540.96,-8.30417452,-55.24,34.36091534
1666888146.6202648,20541.81,20540.96,-8.30417452,-55.24,34.36091534
1666888156.5971682,20530.6,20530.6,-10.75720625,-43.11,31.11028502
1666888166.6354604,20530.6,20530.6,-10.75720625,-43.11,31.11028502
1666888176.621717,20530.6,20530.6,-10.75720625,-43.11,31.11028502
1666888186.618333,20530.6,20530.51,-10.76438574,-43.2,31.08277505
1666888196.9861796,20530.6,20530.51,-10.76438574,-43.2,31.08277505
1666888207.0331926,20530.6,20530.51,-10.76438574,-43.2,31.08277505
1666888217.0124176,20503.31,20503.31,-15.76679554,-67.78,24.52779954
1666888227.0952926,20503.31,20503.31,-15.76679554,-67.78,24.52779954
1666888237.0183678,20503.31,20503.31,-15.76679554,-67.78,24.52779954
1666888247.0976112,20503.31,20526.57,-13.91129696,-44.52,36.80168999
1666888257.0053992,20503.31,20526.57,-13.91129696,-44.52,36.80168999
1666888267.0173922,20503.31,20526.57,-13.91129696,-44.52,36.80168999
1666888277.2192547,20528.25,20528.25,-14.31592375,-30.14,37.55432838
1666888286.9967916,20528.25,20528.25,-14.31592375,-30.14,37.55432838
1666888297.0270164,20528.25,20528.25,-14.31592375,-30.14,37.55432838
1666888307.0150464,20528.25,20537.48,-13.57962745,-20.91,41.56694245
1666888317.0137167,20528.25,20537.48,-13.57962745,-20.91,41.56694245
1666888327.0218306,20528.25,20537.48,-13.57962745,-20.91,41.56694245
1666888337.0336633,20532.63,20532.63,-13.85594732,-25.53,39.6571579
1666888347.0229173,20532.63,20532.63,-13.85594732,-25.53,39.6571579
1666888357.06103,20532.63,20532.63,-13.85594732,-25.53,39.6571579
1666888367.0412772,20532.63,20547.0,-12.70962253,-11.16,45.5634134
1666888377.554023,20532.63,20547.0,-12.70962253,-11.16,45.5634134
1666888387.561227,20532.63,20547.0,-12.70962253,-11.16,45.5634134
1666888397.5746117,20544.57,20544.57,-11.92756902,-18.28,44.67428549
1666888407.5519998,20544.57,20544.57,-11.92756902,-18.28,44.67428549
1666888417.561227,20544.57,20544.57,-11.92756902,-18.28,44.67428549
1666888427.5554557,20544.57,20548.89,-11.58295364,-13.96,46.3673657
1666888437.8257616,20544.57,20548.89,-11.58295364,-13.96,46.3673657
1666888447.551076,20544.57,20548.89,-11.58295364,-13.96,46.3673657
1666888457.551194,20538.39,20538.39,-11.96254323,-34.0,42.68488125
1666888467.5811572,20538.39,20538.39,-11.96254323,-34.0,42.68488125
1666888477.6201687,20538.39,20538.39,-11.96254323,-34.0,42.68488125
1666888487.5847273,20538.39,20538.32,-11.96812728,-34.07,42.66170742
1666888497.5878496,20538.39,20538.32,-11.96812728,-34.07,42.66170742
1666888507.600993,20538.39,20538.32,-11.96812728,-34.07,42.66170742
1666888517.6348004,20535.8,20535.8,-11.83350138,-24.01,41.84388626
1666888527.6176927,20535.8,20535.8,-11.83350138,-24.01,41.84388626
1666888537.6682923,20535.8,20535.8,-11.83350138,-24.01,41.84388626
1666888547.6385665,20535.8,20531.53,-12.17412816,-28.28,40.4296181
1666888558.2122867,20535.8,20531.53,-12.17412816,-28.28,40.4296181
1666888568.4788697,20535.8,20531.53,-12.17412816,-28.28,40.4296181
1666888578.2072697,20525.28,20525.28,-12.97823657,-32.83,38.70909136
1666888588.446442,20525.28,20525.28,-12.97823657,-32.83,38.70909136
1666888598.222943,20525.28,20525.28,-12.97823657,-32.83,38.70909136
1666888608.2224998,20525.28,20526.29,-12.89766676,-31.82,39.20093191
1666888618.2366903,20525.28,20526.29,-12.89766676,-31.82,39.20093191
1666888628.5042346,20525.28,20526.29,-12.89766676,-31.82,39.20093191
1666888638.2092006,20540.74,20540.74,-10.76025099,-1.09,45.5053612
1666888648.24909,20540.74,20540.74,-10.76025099,-1.09,45.5053612
1666888658.2202735,20540.74,20540.74,-10.76025099,-1.09,45.5053612
1666888668.277768,20540.74,20537.17,-11.04503732,-4.66,44.3106762
1666888678.225842,20540.74,20537.17,-11.04503732,-4.66,44.3106762
1666888688.2306066,20540.74,20537.17,-11.04503732,-4.66,44.3106762
1666888698.228119,20537.94,20537.94,-10.2801915,7.34,44.54223795
1666888708.246176,20537.94,20537.94,-10.2801915,7.34,44.54223795
1666888718.2486422,20537.94,20537.94,-10.2801915,7.34,44.54223795
1666888728.288896,20537.94,20544.96,-9.7201915,14.36,47.44596125
1666888738.6571453,20537.94,20544.96,-9.7201915,14.36,47.44596125
1666888748.6277075,20537.94,20544.96,-9.7201915,14.36,47.44596125
1666888758.6542287,20545.88,20545.88,-8.63991673,42.57,47.86144375
1666888768.65773,20545.88,20545.88,-8.63991673,42.57,47.86144375
1666888778.672224,20545.88,20545.88,-8.63991673,42.57,47.86144375
1666888788.751393,20545.88,20538.02,-9.26692528,34.71,44.85087629
1666888798.6415992,20545.88,20538.02,-9.26692528,34.71,44.85087629
1666888808.6411996,20545.88,20538.02,-9.26692528,34.71,44.85087629
1666888818.6924813,20542.23,20542.23,-8.16793546,14.55,46.38558993
1666888828.6500244,20542.23,20542.23,-8.16793546,14.55,46.38558993
1666888838.680037,20542.23,20542.23,-8.16793546,14.55,46.38558993
1666888848.6513743,20542.23,20546.48,-7.82890412,18.8,48.30853458
1666888858.6809015,20542.23,20546.48,-7.82890412,18.8,48.30853458
1666888868.65986,20542.23,20546.48,-7.82890412,18.8,48.30853458
1666888878.684249,20537.43,20537.43,-8.15548447,3.76,44.51529746
1666888888.657189,20537.43,20537.43,-8.15548447,3.76,44.51529746
1666888898.6800594,20537.43,20537.43,-8.15548447,3.76,44.51529746
1666888908.664008,20537.43,20552.02,-6.99160983,18.35,50.98460354
1666888919.3263326,20537.43,20552.02,-6.99160983,18.35,50.98460354
1666888929.543902,20537.43,20552.02,-6.99160983,18.35,50.98460354
1666888939.5107822,20555.7,20555.7,-5.12944952,10.14,52.34029423
1666888949.8428936,20555.7,20555.7,-5.12944952,10.14,52.34029423
1666888959.5356877,20555.7,20555.7,-5.12944952,10.14,52.34029423
1666888969.5543065,20555.7,20566.39,-4.27668599,20.83,56.27544281
1666888979.5590322,20555.7,20566.39,-4.27668599,20.83,56.27544281
1666888989.5428903,20555.7,20566.39,-4.27668599,20.83,56.27544281
1666888999.527645,20559.4,20559.4,-3.36024335,21.01,53.79594339
1666889009.554996,20559.4,20559.4,-3.36024335,21.01,53.79594339
1666889019.5779612,20559.4,20559.4,-3.36024335,21.01,53.79594339
1666889029.5869412,20559.4,20551.58,-3.98406101,13.19,50.35560864
1666889039.5890458,20559.4,20551.58,-3.98406101,13.19,50.35560864
1666889049.5663905,20559.4,20551.58,-3.98406101,13.19,50.35560864
1666889059.5650396,20553.87,20553.87,-2.91739136,18.07,51.29986876
1666889069.7272432,20553.87,20553.87,-2.91739136,18.07,51.29986876
1666889079.600259,20553.87,20553.87,-2.91739136,18.07,51.29986876
1666889089.5582922,20553.87,20557.85,-2.59989848,22.05,53.0055114
1666889100.2306097,20553.87,20557.85,-2.59989848,22.05,53.0055114
1666889110.656798,20553.87,20557.85,-2.59989848,22.05,53.0055114
1666889120.1939983,20551.51,20551.51,-2.58846005,27.13,50.25105022
1666889130.2083163,20551.51,20551.51,-2.58846005,27.13,50.25105022
1666889140.2239847,20551.51,20551.51,-2.58846005,27.13,50.25105022
1666889150.2304282,20551.51,20547.12,-2.93865948,22.74,48.24862579
1666889160.262679,20551.51,20547.12,-2.93865948,22.74,48.24862579
1666889170.2554357,20551.51,20547.12,-2.93865948,22.74,48.24862579
1666889180.2332425,20551.04,20551.04,-2.18831904,9.2,50.03087989
1666889190.2444825,20551.04,20551.04,-2.18831904,9.2,50.03087989
1666889200.2519274,20551.04,20551.04,-2.18831904,9.2,50.03087989
1666889210.2421594,20551.04,20541.64,-2.93817659,-0.2,45.67690235
1666889220.2553594,20551.04,20541.64,-2.93817659,-0.2,45.67690235
1666889230.7754614,20551.04,20541.64,-2.93817659,-0.2,45.67690235
1666889240.5902147,20551.82,20551.82,-1.71024264,13.06,50.42301561
1666889250.509654,20551.82,20551.82,-1.71024264,13.06,50.42301561
1666889260.4885128,20551.82,20551.82,-1.71024264,13.06,50.42301561
1666889270.4846308,20551.82,20561.49,-0.93884663,22.73,55.12475038
1666889281.5696084,20551.82,20561.49,-0.93884663,22.73,55.12475038
1666889291.5895271,20555.36,20555.36,-0.86451781,11.09,52.25432643
1666889301.603312,20555.36,20555.36,-0.86451781,11.09,52.25432643
1666889311.7276134,20555.36,20555.36,-0.86451781,11.09,52.25432643
1666889321.5589025,20555.36,20565.07,-0.08993091,20.8,56.95153922
1666889331.5873375,20555.36,20565.07,-0.08993091,20.8,56.95153922
1666889341.621518,20555.36,20565.07,-0.08993091,20.8,56.95153922
1666889351.601607,20581.79,20581.79,3.4048168,39.56,62.83616044
1666889361.5995817,20581.79,20581.79,3.4048168,39.56,62.83616044
1666889371.6182983,20581.79,20581.79,3.4048168,39.56,62.83616044
1666889381.587106,20581.79,20581.79,3.4048168,39.56,62.83616044
1666889391.6000798,20581.79,20572.73,2.68208175,30.5,58.04410345
1666889401.772318,20581.79,20572.73,2.68208175,30.5,58.04410345
1666889411.6171322,20570.19,20570.19,3.33614495,32.76,56.82906955
1666889421.6080585,20570.19,20570.19,3.33614495,32.76,56.82906955
1666889431.6333714,20570.19,20570.19,3.33614495,32.76,56.82906955
1666889441.6018677,20570.19,20575.0,3.71984865,37.57,58.59658218
1666889451.8585813,20570.19,20575.0,3.71984865,37.57,58.59658218
1666889462.0089958,20570.19,20575.0,3.71984865,37.57,58.59658218
1666889472.0438025,20573.05,20573.05,4.37361431,16.69,57.89776135
1666889482.020281,20573.05,20573.05,4.37361431,16.69,57.89776135
1666889491.997142,20573.05,20573.05,4.37361431,16.69,57.89776135
1666889501.9992905,20573.05,20569.97,4.1279163,13.61,56.28191774
1666889512.0711472,20573.05,20569.97,4.1279163,13.61,56.28191774
1666889522.042177,20573.05,20569.97,4.1279163,13.61,56.28191774
1666889532.002644,20573.1,20573.1,4.96492425,13.7,57.91737474
1666889542.0112777,20573.1,20573.1,4.96492425,13.7,57.91737474
1666889552.1336384,20573.1,20573.1,4.96492425,13.7,57.91737474
1666889562.0199049,20573.1,20573.28,4.97928322,13.88,57.99324188
1666889572.0440884,20573.1,20573.28,4.97928322,13.88,57.99324188
1666889582.0339923,20573.1,20573.28,4.97928322,13.88,57.99324188
1666889592.0466063,20573.1,20573.28,4.97928322,13.88,57.99324188
1666889602.0264182,20567.36,20567.36,4.55707527,12.98,54.76335793
1666889612.0668604,20567.36,20567.36,4.55707527,12.98,54.76335793
1666889622.0448534,20567.36,20569.21,4.70465362,14.83,55.602543
1666889632.059699,20567.36,20569.21,4.70465362,14.83,55.602543
1666889642.558503,20567.36,20569.21,4.70465362,14.83,55.602543
1666889652.5744147,20573.78,20573.78,5.45189725,22.78,57.54795024
1666889662.5491853,20573.78,20573.78,5.45189725,22.78,57.54795024
1666889672.5919216,20573.78,20573.78,5.45189725,22.78,57.54795024
1666889682.579172,20573.78,20570.88,5.22055822,19.88,55.87480017
1666889692.603559,20573.78,20570.88,5.22055822,19.88,55.87480017
1666889702.604141,20573.78,20570.88,5.22055822,19.88,55.87480017
1666889712.6215413,20573.78,20570.88,5.22055822,19.88,55.87480017
1666889722.6076798,20573.68,20573.68,5.67607164,22.64,57.4881329
1666889732.6174042,20573.68,20573.68,5.67607164,22.64,57.4881329
1666889742.6040728,20573.68,20566.0,5.06342207,14.96,52.96917428
1666889752.6206205,20573.68,20566.0,5.06342207,14.96,52.96917428
1666889763.6361337,20573.68,20566.0,5.06342207,14.96,52.96917428
1666889772.6293972,20564.75,20564.75,4.46807388,12.93,52.29073944
1666889782.6430671,20564.75,20564.75,4.46807388,12.93,52.29073944
1666889792.6651523,20564.75,20564.75,4.46807388,12.93,52.29073944
1666889802.6591177,20564.75,20559.36,4.03810237,7.54,49.43872378
1666889812.6615822,20564.75,20559.36,4.03810237,7.54,49.43872378
1666889823.3690546,20564.75,20559.36,4.03810237,7.54,49.43872378
1666889833.3707538,20564.75,20559.36,4.03810237,7.54,49.43872378
1666889843.3730135,20561.39,20561.39,3.61698566,6.03,50.49324914
1666889853.3890245,20561.39,20561.39,3.61698566,6.03,50.49324914
1666889863.3632486,20561.39,20563.39,3.77652982,8.03,51.58885358
1666889873.3906748,20561.39,20563.39,3.77652982,8.03,51.58885358
1666889883.3978353,20561.39,20563.39,3.77652982,8.03,51.58885358
1666889893.4360747,20569.29,20569.29,4.2357214,-13.83,54.55567261
1666889903.3911836,20569.29,20569.29,4.2357214,-13.83,54.55567261
1666889913.3749833,20569.29,20569.29,4.2357214,-13.83,54.55567261
1666889923.4003663,20569.29,20568.68,4.18706044,-14.44,54.18593404
1666889933.442073,20569.29,20568.68,4.18706044,-14.44,54.18593404
1666889943.4385154,20569.29,20568.68,4.18706044,-14.44,54.18593404
1666889953.4480052,20568.2,20568.2,3.97942344,-1.99,53.86476937
1666889963.4512858,20568.2,20568.2,3.97942344,-1.99,53.86476937
1666889973.4839642,20568.2,20568.2,3.97942344,-1.99,53.86476937
1666889983.456977,20568.2,20566.27,3.82546333,-3.92,52.72024073
1666889993.4778242,20568.2,20566.27,3.82546333,-3.92,52.72024073
1666890003.8976495,20568.2,20566.27,3.82546333,-3.92,52.72024073
1666890013.8269386,20570.51,20570.51,4.24070061,-2.54,54.90505304
1666890023.8304272,20570.51,20570.51,4.24070061,-2.54,54.90505304
1666890033.8325214,20570.51,20570.51,4.24070061,-2.54,54.90505304
1666890043.8469114,20570.51,20565.92,3.87454676,-7.13,52.0466526
1666890053.8590856,20570.51,20565.92,3.87454676,-7.13,52.0466526
1666890063.8442657,20570.51,20565.92,3.87454676,-7.13,52.0466526
1666890073.8663526,20571.27,20571.27,4.29201509,-1.83,55.40891412
1666890083.8412602,20571.27,20571.27,4.29201509,-1.83,55.40891412
1666890093.847573,20571.27,20571.27,4.29201509,-1.83,55.40891412
1666890103.8428552,20571.27,20578.06,4.83366751,4.96,59.02668046
1666890113.858882,20571.27,20578.06,4.83366751,4.96,59.02668046
1666890123.8518193,20571.27,20578.06,4.83366751,4.96,59.02668046
1666890133.868611,20571.27,20578.06,4.83366751,4.96,59.02668046
1666890143.8915746,20566.47,20566.47,3.55726732,-0.89,52.15358437
1666890153.8924334,20566.47,20566.47,3.55726732,-0.89,52.15358437
1666890163.859708,20566.47,20558.19,2.8967545,-9.17,47.02158712
1666890173.8742845,20566.47,20558.19,2.8967545,-9.17,47.02158712
1666890184.3961377,20566.47,20558.19,2.8967545,-9.17,47.02158712
1666890194.351148,20562.7,20562.7,2.77526611,-11.08,49.63232355
1666890204.4579475,20562.7,20562.7,2.77526611,-11.08,49.63232355
1666890214.3078897,20562.7,20562.7,2.77526611,-11.08,49.63232355
1666890224.3618655,20562.7,20561.32,2.66518064,-12.46,48.72398897
1666890234.3180628,20562.7,20561.32,2.66518064,-12.46,48.72398897
1666890244.4104488,20562.7,20561.32,2.66518064,-12.46,48.72398897
1666890254.3541524,20558.88,20558.88,1.75845407,-14.81,47.19675996
1666890264.3552916,20558.88,20558.88,1.75845407,-14.81,47.19675996
1666890274.3703346,20558.88,20558.88,1.75845407,-14.81,47.19675996
1666890284.3896716,20558.88,20549.23,0.9886535,-24.46,41.63805151
1666890294.3746266,20558.88,20549.23,0.9886535,-24.46,41.63805151
1666890304.367793,20558.88,20549.23,0.9886535,-24.46,41.63805151
1666890314.3642004,20562.55,20562.55,1.77014446,-1.19,49.69935637
1666890324.3749545,20562.55,20562.55,1.77014446,-1.19,49.69935637
1666890334.4266346,20562.55,20562.55,1.77014446,-1.19,49.69935637
1666890344.399131,20562.55,20580.44,3.19726697,16.7,59.87842992
1666890354.4311564,20562.55,20580.44,3.19726697,16.7,59.87842992
1666890365.0712154,20562.55,20580.44,3.19726697,16.7,59.87842992
1666890375.1240594,20579.69,20579.69,3.88083652,18.3,59.53487165
1666890385.2524476,20579.69,20579.69,3.88083652,18.3,59.53487165
1666890395.1168904,20579.69,20579.69,3.88083652,18.3,59.53487165
1666890405.115847,20579.69,20591.86,4.85166273,30.47,64.80179499
1666890415.1338885,20579.69,20591.86,4.85166273,30.47,64.80179499
1666890425.111465,20579.69,20591.86,4.85166273,30.47,64.80179499
1666890435.1149096,20591.02,20591.02,5.97202585,21.73,64.5059892
1666890445.1432116,20591.02,20591.02,5.97202585,21.73,64.5059892
1666890455.1565363,20591.02,20591.02,5.97202585,21.73,64.5059892
1666890465.1438625,20591.02,20587.54,5.69441901,18.25,62.21547826
1666890475.1823883,20591.02,20587.54,5.69441901,18.25,62.21547826
1666890485.1468856,20591.02,20587.54,5.69441901,18.25,62.21547826
1666890495.156211,20589.56,20589.56,6.67723089,22.09,63.67718508
1666890505.156745,20589.56,20589.56,6.67723089,22.09,63.67718508
1666890515.1713667,20589.56,20589.56,6.67723089,22.09,63.67718508
1666890525.1725502,20589.56,20583.08,6.16030781,15.61,58.89681051
1666890535.694754,20589.56,20583.08,6.16030781,15.61,58.89681051
1666890547.6504314,20589.56,20583.08,6.16030781,15.61,58.89681051
1666890558.9255362,20583.59,20583.59,6.29810737,11.99,58.95956233
1666890569.0676126,20583.59,20583.59,6.29810737,11.99,58.95956233
1666890579.1930356,20583.59,20583.59,6.29810737,11.99,58.95956233
1666890589.0534606,20583.59,20590.82,6.87485951,19.22,62.2517677
1666890599.0706227,20583.59,20590.82,6.87485951,19.22,62.2517677
1666890616.712225,20596.55,20596.55,8.16494547,25.28,64.54232938
1666890624.156942,20596.55,20596.55,8.16494547,25.28,64.54232938
1666890634.0633116,20596.55,20596.55,8.16494547,25.28,64.54232938
1666890644.101199,20596.55,20596.55,8.16494547,25.28,64.54232938
1666890654.055997,20596.55,20587.56,7.44779447,16.29,58.84321044
1666890664.0568092,20596.55,20587.56,7.44779447,16.29,58.84321044
1666890674.0896804,20589.53,20589.53,7.80716139,23.06,60.08013238
1666890684.076578,20589.53,20589.53,7.80716139,23.06,60.08013238
1666890694.0933733,20589.53,20589.53,7.80716139,23.06,60.08013238
1666890704.0870438,20589.53,20590.32,7.87018133,23.85,60.4392658
1666890714.1084082,20589.53,20590.32,7.87018133,23.85,60.4392658
1666890724.1039915,20589.53,20590.32,7.87018133,23.85,60.4392658
1666890734.1227727,20591.28,20591.28,8.12400652,27.49,60.86707798
1666890744.0926852,20591.28,20591.28,8.12400652,27.49,60.86707798
1666890754.4088686,20591.28,20591.28,8.12400652,27.49,60.86707798
1666890764.1078978,20591.28,20588.53,7.9046333,24.74,58.90206479
1666890774.1200805,20591.28,20588.53,7.9046333,24.74,58.90206479
1666890784.1214592,20591.28,20588.53,7.9046333,24.74,58.90206479
1666890794.1194885,20598.09,20598.09,9.13297018,39.21,63.85327416
1666890804.1441824,20598.09,20598.09,9.13297018,39.21,63.85327416
1666890814.1378863,20598.09,20598.09,9.13297018,39.21,63.85327416
1666890824.1460657,20598.09,20598.09,9.13297018,39.21,63.85327416
1666890834.1611986,20598.09,20597.54,9.08909553,38.66,63.43226982
1666890844.1301608,20598.09,20597.54,9.08909553,38.66,63.43226982
1666890854.1287634,20604.97,20604.97,10.36634171,41.27,66.62425213
1666890864.141457,20604.97,20604.97,10.36634171,41.27,66.62425213
1666890874.1669755,20604.97,20604.97,10.36634171,41.27,66.62425213
1666890884.1559503,20604.97,20601.59,10.09671208,37.89,64.02742471
1666890894.1529186,20604.97,20601.59,10.09671208,37.89,64.02742471
1666890904.1360223,20604.97,20601.59,10.09671208,37.89,64.02742471
1666890914.1462457,20605.3,20605.3,10.87121037,25.61,66.46041798
1666890924.1584089,20605.3,20605.3,10.87121037,25.61,66.46041798
1666890934.1542115,20605.3,20605.3,10.87121037,25.61,66.46041798
1666890944.190502,20605.3,20614.32,11.59075453,34.63,70.19810664
1666890954.1735542,20605.3,20614.32,11.59075453,34.63,70.19810664
1666890964.170813,20605.3,20614.32,11.59075453,34.63,70.19810664
1666890974.1595602,20614.86,20614.86,12.43305019,24.63,70.38264975
1666890984.1803415,20614.86,20614.86,12.43305019,24.63,70.38264975
1666890994.2003927,20614.86,20614.86,12.43305019,24.63,70.38264975
1666891004.188201,20614.86,20598.0,11.08809293,7.77,58.25363521
1666891014.1828363,20614.86,20598.0,11.08809293,7.77,58.25363521
1666891024.193714,20614.86,20598.0,11.08809293,7.77,58.25363521
1666891034.1864212,20598.37,20598.37,10.59693447,8.81,58.46693345
1666891044.1869535,20598.37,20598.37,10.59693447,8.81,58.46693345
1666891054.1973932,20598.37,20598.37,10.59693447,8.81,58.46693345
1666891064.1722224,20598.37,20616.56,12.0479886,27.0,65.46511309
1666891074.1899512,20598.37,20616.56,12.0479886,27.0,65.46511309
1666891084.185128,20598.37,20616.56,12.0479886,27.0,65.46511309
1666891094.5541725,20609.53,20609.53,11.61612355,27.61,63.07800845
1666891104.5367467,20609.53,20609.53,11.61612355,27.61,63.07800845
1666891114.5320354,20609.53,20609.53,11.61612355,27.61,63.07800845
1666891124.549018,20609.53,20607.98,11.49247682,26.06,62.13468788
1666891134.5577247,20609.53,20607.98,11.49247682,26.06,62.13468788
1666891144.5494635,20609.53,20607.98,11.49247682,26.06,62.13468788
1666891154.5522149,20608.34,20608.34,11.36323849,12.99,62.10553048
1666891164.7375016,20608.34,20608.34,11.36323849,12.99,62.10553048
1666891174.5535932,20608.34,20608.34,11.36323849,12.99,62.10553048
1666891184.5516222,20608.34,20616.5,12.01417866,21.15,65.2492104
1666891194.561947,20608.34,20616.5,12.01417866,21.15,65.2492104
1666891204.5664446,20608.34,20616.5,12.01417866,21.15,65.2492104
1666891214.9170215,20608.34,20616.5,12.01417866,21.15,65.2492104
1666891224.743394,20619.6,20619.6,12.68678881,30.07,66.34770055
1666891234.5863218,20619.6,20619.6,12.68678881,30.07,66.34770055
1666891244.5900447,20619.6,20616.15,12.41157514,26.62,64.43155855
1666891254.5704722,20619.6,20616.15,12.41157514,26.62,64.43155855
1666891264.5840452,20619.6,20616.15,12.41157514,26.62,64.43155855
1666891274.974044,20612.97,20612.97,12.02758542,21.69,62.34004099
1666891284.9702203,20612.97,20612.97,12.02758542,21.69,62.34004099
1666891294.9763808,20612.97,20612.97,12.02758542,21.69,62.34004099
1666891304.9877849,20612.97,20614.3,12.13368229,23.02,62.88204522
1666891314.9790564,20612.97,20614.3,12.13368229,23.02,62.88204522
1666891324.961274,20612.97,20614.3,12.13368229,23.02,62.88204522
1666891334.9665318,20625.31,20625.31,13.61845354,27.22,66.32964247
1666891344.9873471,20625.31,20625.31,13.61845354,27.22,66.32964247
1666891355.0129015,20625.31,20625.31,13.61845354,27.22,66.32964247
1666891365.0291982,20625.31,20634.21,14.32842505,36.12,69.6179713
1666891375.0008056,20625.31,20634.21,14.32842505,36.12,69.6179713
1666891385.019667,20625.31,20634.21,14.32842505,36.12,69.6179713
1666891395.0281246,20622.0,20622.0,13.33930026,17.03,63.99679746
1666891405.0269897,20622.0,20622.0,13.33930026,17.03,63.99679746
1666891414.9894197,20622.0,20622.0,13.33930026,17.03,63.99679746
1666891425.0278149,20622.0,20611.48,12.50009798,6.51,57.79065761
1666891434.9984715,20622.0,20611.48,12.50009798,6.51,57.79065761
1666891445.012145,20622.0,20611.48,12.50009798,6.51,57.79065761
1666891456.0087955,20609.43,20609.43,11.44414707,3.48,56.68590996
1666891466.0361953,20609.43,20609.43,11.44414707,3.48,56.68590996
1666891476.0039651,20609.43,20609.43,11.44414707,3.48,56.68590996
1666891486.0651183,20609.43,20615.06,11.89326388,9.11,59.00377698
1666891496.001222,20609.43,20615.06,11.89326388,9.11,59.00377698
1666891506.067785,20609.43,20615.06,11.89326388,9.11,59.00377698
1666891516.0904193,20610.89,20610.89,10.82093066,-3.97,57.31179848
1666891526.075559,20610.89,20610.89,10.82093066,-3.97,57.31179848
1666891536.082755,20610.89,20610.89,10.82093066,-3.97,57.31179848
1666891546.2896576,20610.89,20604.97,10.34867995,-9.89,53.91013207
1666891556.1024768,20610.89,20604.97,10.34867995,-9.89,53.91013207
1666891566.0862052,20610.89,20604.97,10.34867995,-9.89,53.91013207
1666891576.1457992,20600.47,20600.47,8.64509386,1.93,51.58287665
1666891586.071406,20600.47,20600.47,8.64509386,1.93,51.58287665
1666891596.1138892,20600.47,20600.47,8.64509386,1.93,51.58287665
1666891606.0736585,20600.47,20597.39,8.39939585,-1.15,49.99214007
1666891616.0728154,20600.47,20597.39,8.39939585,-1.15,49.99214007
1666891626.1007872,20600.47,20597.39,8.39939585,-1.15,49.99214007
1666891638.4340534,20607.99,20607.99,8.55984488,-1.23,55.06496316
1666891648.4566567,20607.99,20607.99,8.55984488,-1.23,55.06496316
1666891658.4340298,20607.99,20607.99,8.55984488,-1.23,55.06496316
1666891668.456855,20607.99,20616.0,9.19881924,6.78,58.50291279
1666891678.453305,20607.99,20616.0,9.19881924,6.78,58.50291279
1666891688.486725,20607.99,20616.0,9.19881924,6.78,58.50291279
1666891698.5052388,20610.68,20610.68,8.23489168,3.52,56.3220741
1666891708.4444754,20610.68,20610.68,8.23489168,3.52,56.3220741
1666891718.4611917,20610.68,20610.68,8.23489168,3.52,56.3220741
1666891728.4655693,20610.68,20602.74,7.60150136,-4.42,51.91193828
1666891738.512175,20610.68,20602.74,7.60150136,-4.42,51.91193828
1666891748.5242083,20610.68,20602.74,7.60150136,-4.42,51.91193828
1666891758.5449395,20601.79,20601.79,6.47431071,-16.37,51.42301173
1666891768.5660129,20601.79,20601.79,6.47431071,-16.37,51.42301173
1666891778.5411134,20601.79,20601.79,6.47431071,-16.37,51.42301173
1666891788.5346591,20601.79,20601.28,6.43362695,-16.88,51.15766355
1666891798.6884408,20601.79,20601.28,6.43362695,-16.88,51.15766355
1666891808.5081508,20601.79,20601.28,6.43362695,-16.88,51.15766355
1666891819.2270205,20599.64,20599.64,5.38329708,-13.32,50.24074773
1666891829.1876988,20599.64,20599.64,5.38329708,-13.32,50.24074773
1666891839.1959066,20599.64,20599.64,5.38329708,-13.32,50.24074773
1666891849.2083142,20599.64,20600.99,5.49098938,-11.97,51.01642828
1666891859.1996982,20599.64,20600.99,5.49098938,-11.97,51.01642828
1666891869.2213895,20599.64,20600.99,5.49098938,-11.97,51.01642828
1666891879.204069,20596.18,20596.18,4.1553551,-30.51,48.26600582
1666891889.245386,20596.18,20596.18,4.1553551,-30.51,48.26600582
1666891899.2216022,20596.18,20596.18,4.1553551,-30.51,48.26600582
1666891909.2894504,20596.18,20589.43,3.61689356,-37.26,44.70072011
1666891919.284783,20596.18,20589.43,3.61689356,-37.26,44.70072011
1666891929.3213758,20596.18,20589.43,3.61689356,-37.26,44.70072011
1666891939.5241718,20601.44,20601.44,4.05626679,-19.83,51.27994074
1666891949.549055,20601.44,20601.44,4.05626679,-19.83,51.27994074
1666891959.5342286,20601.44,20601.44,4.05626679,-19.83,51.27994074
1666891969.535352,20601.44,20605.07,4.34583944,-16.2,53.407786
1666891979.6158502,20601.44,20605.07,4.34583944,-16.2,53.407786
1666891989.5397055,20601.44,20605.07,4.34583944,-16.2,53.407786
1666892000.1296947,20608.04,20608.04,4.52914204,-1.39,54.88477961
1666892010.0980766,20608.04,20608.04,4.52914204,-1.39,54.88477961
1666892020.1205163,20608.04,20608.04,4.52914204,-1.39,54.88477961
1666892030.1133015,20608.04,20609.82,4.67113634,0.39,55.94017194
1666892040.132385,20608.04,20609.82,4.67113634,0.39,55.94017194
1666892050.13782,20608.04,20609.82,4.67113634,0.39,55.94017194
1666892060.1318634,20617.82,20617.82,5.71208672,6.93,59.86637877
1666892070.1267655,20617.82,20617.82,5.71208672,6.93,59.86637877
1666892080.1341844,20617.82,20617.82,5.71208672,6.93,59.86637877
1666892090.134174,20617.82,20614.73,5.46559099,3.84,57.93006453
1666892100.1356728,20617.82,20614.73,5.46559099,3.84,57.93006453
1666892110.1288931,20617.82,20614.73,5.46559099,3.84,57.93006453
1666892120.1782682,20611.06,20611.06,5.07006925,10.59,55.53892266
1666892130.1962595,20611.06,20611.06,5.07006925,10.59,55.53892266
1666892140.186863,20611.06,20611.06,5.07006925,10.59,55.53892266
1666892150.1789656,20611.06,20612.54,5.18813192,12.07,56.32189329
1666892160.138402,20611.06,20612.54,5.18813192,12.07,56.32189329
1666892170.2163646,20611.06,20612.54,5.18813192,12.07,56.32189329
1666892181.2642825,20610.54,20610.54,4.85827361,2.49,55.19131127
1666892191.206504,20610.54,20610.54,4.85827361,2.49,55.19131127
1666892201.2175682,20610.54,20610.85,4.88300296,2.8,55.37064426
1666892211.2251756,20610.54,20610.85,4.88300296,2.8,55.37064426
1666892221.2109554,20610.54,20610.85,4.88300296,2.8,55.37064426
1666892231.2503293,20614.38,20614.38,5.21230362,4.79,57.31590174
1666892241.2243888,20614.38,20614.38,5.21230362,4.79,57.31590174
1666892251.2148037,20614.38,20614.38,5.21230362,4.79,57.31590174
1666892261.2334626,20614.38,20632.32,6.64341473,22.73,65.53718545
1666892271.2309124,20614.38,20632.32,6.64341473,22.73,65.53718545
1666892281.219526,20614.38,20632.32,6.64341473,22.73,65.53718545
1666892291.2632658,20635.2,20635.2,8.16670587,34.31,66.35813393
1666892301.251318,20635.2,20635.2,8.16670587,34.31,66.35813393
1666892311.2200136,20635.2,20635.2,8.16670587,34.31,66.35813393
1666892321.3734906,20635.2,20631.43,7.86596513,30.54,63.69605203
1666892331.2692308,20635.2,20631.43,7.86596513,30.54,63.69605203
1666892341.23318,20635.2,20631.43,7.86596513,30.54,63.69605203
1666892351.582099,20622.25,20622.25,7.22270722,21.73,58.02761531
1666892362.0510595,20622.25,20622.25,7.22270722,21.73,58.02761531
1666892372.139461,20622.25,20622.25,7.22270722,21.73,58.02761531
1666892382.105764,20622.25,20617.07,6.80948784,16.55,55.05057699
1666892392.097146,20622.25,20617.07,6.80948784,16.55,55.05057699
1666892402.2725923,20622.25,20617.07,6.80948784,16.55,55.05057699
1666892412.062163,20609.26,20609.26,5.43484129,11.49,51.0622979
1666892422.1541507,20609.26,20609.26,5.43484129,11.49,51.0622979
1666892432.107489,20609.26,20609.26,5.43484129,11.49,51.0622979
1666892442.067654,20609.26,20610.06,5.49865895,12.29,51.46966357
1666892452.1096332,20609.26,20610.06,5.49865895,12.29,51.46966357
1666892462.0932078,20609.26,20610.06,5.49865895,12.29,51.46966357
1666892472.1027837,20619.05,20619.05,6.1676792,16.8,55.34428829
1666892482.070395,20619.05,20619.05,6.1676792,16.8,55.34428829
1666892492.1012547,20619.05,20619.05,6.1676792,16.8,55.34428829
1666892502.0953405,20619.05,20634.18,7.37463077,31.93,61.25231895
1666892512.0765705,20619.05,20634.18,7.37463077,31.93,61.25231895
1666892522.10068,20619.05,20634.18,7.37463077,31.93,61.25231895
1666892532.101329,20626.8,20626.8,7.09274278,18.06,58.62376168
1666892542.688907,20626.8,20626.8,7.09274278,18.06,58.62376168
1666892552.7341273,20626.8,20626.8,7.09274278,18.06,58.62376168
1666892562.74159,20626.8,20632.18,7.52191657,23.44,60.71593996
1666892572.7238083,20626.8,20632.18,7.52191657,23.44,60.71593996
1666892582.7094746,20626.8,20632.18,7.52191657,23.44,60.71593996
1666892592.7890668,20628.61,20628.61,7.50817375,11.8,59.35207294
1666892602.7520823,20628.61,20628.61,7.50817375,11.8,59.35207294
1666892612.7636998,20628.61,20628.61,7.50817375,11.8,59.35207294
1666892622.777559,20628.61,20625.56,7.26486891,8.75,57.51489058
1666892632.761166,20628.61,20625.56,7.26486891,8.75,57.51489058
1666892642.7743022,20628.61,20625.56,7.26486891,8.75,57.51489058
1666892652.741295,20618.31,20618.31,6.1789329,7.25,53.57303428
1666892662.7723598,20618.31,20618.31,6.1789329,7.25,53.57303428
1666892672.7527575,20618.31,20618.31,6.1789329,7.25,53.57303428
1666892682.7717304,20618.31,20618.35,6.18212379,7.29,53.59193249
1666892692.8193583,20618.31,20618.35,6.18212379,7.29,53.59193249
1666892702.811448,20618.31,20618.35,6.18212379,7.29,53.59193249
1666892712.7665715,20618.5,20618.5,5.7900452,7.96,53.56548921
1666892723.635898,20618.5,20618.5,5.7900452,7.96,53.56548921
1666892733.6594243,20618.5,20618.5,5.7900452,7.96,53.56548921
1666892743.6598024,20618.5,20622.46,6.10594263,11.92,55.55885843
1666892753.671199,20618.5,20622.46,6.10594263,11.92,55.55885843
1666892763.7004578,20618.5,20622.46,6.10594263,11.92,55.55885843
1666892773.6852276,20619.49,20619.49,5.49432707,5.11,54.12910748
1666892783.7017536,20619.49,20619.49,5.49432707,5.11,54.12910748
1666892793.6989892,20619.49,20619.49,5.49432707,5.11,54.12910748
1666892803.6969247,20619.49,20606.12,4.42777436,-8.26,46.82579344
1666892813.6668754,20619.49,20606.12,4.42777436,-8.26,46.82579344
1666892823.7042315,20619.49,20606.12,4.42777436,-8.26,46.82579344
1666892833.7117062,20604.61,20604.61,3.03467733,-31.13,46.12296096
1666892843.7080836,20604.61,20604.61,3.03467733,-31.13,46.12296096
1666892853.7228217,20604.61,20604.61,3.03467733,-31.13,46.12296096
1666892863.6797402,20604.61,20603.42,2.93974855,-32.32,45.54280975
1666892873.718175,20604.61,20603.42,2.93974855,-32.32,45.54280975
1666892883.6847613,20604.61,20603.42,2.93974855,-32.32,45.54280975
1666892893.733558,20612.21,20612.21,3.07736547,-10.04,50.17639543
1666892904.5817096,20612.21,20612.21,3.07736547,-10.04,50.17639543
1666892914.5511708,20612.21,20612.21,3.07736547,-10.04,50.17639543
1666892924.584443,20612.21,20605.94,2.57719453,-16.31,47.03258115
1666892934.586461,20612.21,20605.94,2.57719453,-16.31,47.03258115
1666892944.594041,20612.21,20605.94,2.57719453,-16.31,47.03258115
1666892954.5682518,20607.43,20607.43,1.92503206,-2.82,47.74345077
1666892964.5837967,20607.43,20607.43,1.92503206,-2.82,47.74345077
1666892974.5751646,20607.43,20607.43,1.92503206,-2.82,47.74345077
1666892984.6345162,20607.43,20613.0,2.36936254,2.75,50.74076591
1666892994.5845675,20607.43,20613.0,2.36936254,2.75,50.74076591
1666893004.6536202,20607.43,20613.0,2.36936254,2.75,50.74076591
1666893014.5903044,20612.43,20612.43,2.00582907,-7.62,50.44992489
1666893024.6300788,20612.43,20612.43,2.00582907,-7.62,50.44992489
1666893034.5935304,20612.43,20612.43,2.00582907,-7.62,50.44992489
1666893044.6260118,20612.43,20611.1,1.89973221,-8.95,49.71237068
1666893054.6414878,20612.43,20611.1,1.89973221,-8.95,49.71237068
1666893064.6511176,20612.43,20611.1,1.89973221,-8.95,49.71237068
1666893074.5980134,20616.02,20616.02,2.17967659,-10.78,52.39713459
1666893085.5537386,20616.02,20616.02,2.17967659,-10.78,52.39713459
1666893095.8452065,20616.02,20616.02,2.17967659,-10.78,52.39713459
1666893105.5269618,20616.02,20600.75,0.96155693,-26.05,44.43735163
1666893115.5531883,20616.02,20600.75,0.96155693,-26.05,44.43735163
1666893125.523856,20616.02,20600.75,0.96155693,-26.05,44.43735163
1666893135.5446455,20600.32,20600.32,-0.0329434,-28.29,44.21540801
1666893145.540135,20600.32,20600.32,-0.0329434,-28.29,44.21540801
1666893155.5724216,20600.32,20600.32,-0.0329434,-28.29,44.21540801
1666893165.562873,20600.32,20591.92,-0.70302887,-36.69,40.56141794
1666893175.5553715,20600.32,20591.92,-0.70302887,-36.69,40.56141794
1666893185.570516,20600.32,20591.92,-0.70302887,-36.69,40.56141794
1666893195.558892,20591.97,20591.97,-2.08618364,-26.34,40.81159229
1666893205.5860248,20591.97,20591.97,-2.08618364,-26.34,40.81159229
1666893215.603864,20591.97,20591.97,-2.08618364,-26.34,40.81159229
1666893225.5925348,20591.97,20593.17,-1.99045715,-25.14,41.54002572
1666893235.6508198,20591.97,20593.17,-1.99045715,-25.14,41.54002572
1666893245.5846465,20591.97,20593.17,-1.99045715,-25.14,41.54002572
1666893255.6502569,20592.18,20592.18,-3.05576711,-27.17,40.94037571
1666893266.4192388,20592.18,20592.18,-3.05576711,-27.17,40.94037571
1666893276.4421155,20592.18,20592.18,-3.05576711,-27.17,40.94037571
1666893286.46439,20592.18,20597.48,-2.63297509,-21.87,44.23801255
1666893296.436166,20592.18,20597.48,-2.63297509,-21.87,44.23801255
1666893306.445337,20592.18,20597.48,-2.63297509,-21.87,44.23801255
1666893316.429908,20595.02,20595.02,-3.35405809,-24.47,42.82851021
1666893326.4503176,20595.02,20595.02,-3.35405809,-24.47,42.82851021
1666893336.4792852,20595.02,20595.02,-3.35405809,-24.47,42.82851021
1666893346.4609282,20595.02,20599.7,-2.98072476,-19.79,45.68697373
1666893356.4624,20595.02,20599.7,-2.98072476,-19.79,45.68697373
1666893366.454152,20595.02,20599.7,-2.98072476,-19.79,45.68697373
1666893376.491574,20598.65,20598.65,-3.27974116,-5.96,45.07015931
1666893386.4893768,20598.65,20598.65,-3.27974116,-5.96,45.07015931
1666893396.4541795,20598.65,20598.65,-3.27974116,-5.96,45.07015931
1666893406.4602325,20598.65,20594.47,-3.61318845,-10.14,42.83909111
1666893416.4534276,20598.65,20594.47,-3.61318845,-10.14,42.83909111
1666893426.4905272,20598.65,20594.47,-3.61318845,-10.14,42.83909111
1666893436.462314,20591.82,20591.82,-4.36441645,-20.39,41.62369897
1666893447.2924182,20591.82,20591.82,-4.36441645,-20.39,41.62369897
1666893457.319633,20591.82,20591.82,-4.36441645,-20.39,41.62369897
1666893467.318718,20591.82,20588.84,-4.60213725,-23.37,40.12638369
1666893477.3190224,20591.82,20588.84,-4.60213725,-23.37,40.12638369
1666893487.5168576,20591.82,20588.84,-4.60213725,-23.37,40.12638369
1666893497.445657,20589.9,20589.9,-5.0359133,-17.53,40.81626702
1666893507.309437,20589.9,20589.9,-5.0359133,-17.53,40.81626702
1666893517.3340187,20589.9,20589.9,-5.0359133,-17.53,40.81626702
1666893527.3098855,20589.9,20589.76,-5.04708139,-17.67,40.71234115
1666893537.2870686,20589.9,20589.76,-5.04708139,-17.67,40.71234115
1666893547.334235,20589.9,20589.76,-5.04708139,-17.67,40.71234115
1666893557.323567,20589.48,20589.48,-5.45753723,-22.95,40.70824743
1666893567.335991,20589.48,20589.48,-5.45753723,-22.95,40.70824743
1666893577.3339024,20589.48,20589.48,-5.45753723,-22.95,40.70824743
1666893587.3352814,20589.48,20584.49,-5.85559991,-27.94,37.89182484
1666893597.3545651,20589.48,20584.49,-5.85559991,-27.94,37.89182484
1666893607.7949765,20589.48,20584.49,-5.85559991,-27.94,37.89182484
1666893617.3584948,20583.69,20583.69,-6.46041471,-31.33,37.50808727
1666893627.8011355,20583.69,20583.69,-6.46041471,-31.33,37.50808727
1666893638.2215426,20583.69,20583.69,-6.46041471,-31.33,37.50808727
1666893647.845472,20583.69,20594.64,-5.58691043,-20.38,45.62509762
1666893657.822717,20583.69,20594.64,-5.58691043,-20.38,45.62509762
1666893667.8337042,20583.69,20594.64,-5.58691043,-20.38,45.62509762
1666893677.8746436,20598.42,20598.42,-4.72838044,-2.83,47.9585521
1666893687.813432,20598.42,20598.42,-4.72838044,-2.83,47.9585521
1666893697.82198,20598.42,20598.42,-4.72838044,-2.83,47.9585521
1666893707.8104894,20598.42,20589.23,-5.46148585,-12.02,43.11426148
1666893717.8193607,20598.42,20589.23,-5.46148585,-12.02,43.11426148
1666893727.8375728,20598.42,20589.23,-5.46148585,-12.02,43.11426148
1666893737.870227,20589.03,20589.03,-5.56550016,-1.92,43.01969311
1666893747.8685284,20589.03,20589.03,-5.56550016,-1.92,43.01969311
1666893757.8744466,20589.03,20589.03,-5.56550016,-1.92,43.01969311
1666893767.835765,20589.03,20588.43,-5.6133634,-2.52,42.71697985
1666893777.877074,20589.03,20588.43,-5.6133634,-2.52,42.71697985
1666893787.9181564,20589.03,20588.43,-5.6133634,-2.52,42.71697985
1666893797.9024076,20581.45,20581.45,-6.64259611,-10.73,39.48478119
1666893808.533259,20581.45,20581.45,-6.64259611,-10.73,39.48478119
1666893818.5742502,20581.45,20581.45,-6.64259611,-10.73,39.48478119
1666893828.831045,20581.45,20577.77,-6.93615736,-14.41,37.85834794
1666893838.5412517,20581.45,20577.77,-6.93615736,-14.41,37.85834794
1666893848.5717504,20581.45,20577.77,-6.93615736,-14.41,37.85834794
1666893858.5278957,20585.1,20585.1,-6.42105636,-10.54,41.95799704
1666893868.560472,20585.1,20585.1,-6.42105636,-10.54,41.95799704
1666893878.5801702,20585.1,20585.1,-6.42105636,-10.54,41.95799704
1666893888.5559928,20585.1,20590.0,-6.03017317,-5.64,45.19614312
1666893898.5980325,20585.1,20590.0,-6.03017317,-5.64,45.19614312
1666893908.5546353,20585.1,20590.0,-6.03017317,-5.64,45.19614312
1666893918.55626,20591.55,20591.55,-5.53191158,-6.66,46.17757153
1666893928.6078844,20591.55,20591.55,-5.53191158,-6.66,46.17757153
1666893938.578833,20591.55,20591.55,-5.53191158,-6.66,46.17757153
1666893948.6131053,20591.55,20584.8,-6.07037311,-13.41,42.59579154
1666893958.5713956,20591.55,20584.8,-6.07037311,-13.41,42.59579154
1666893968.592627,20591.55,20584.8,-6.07037311,-13.41,42.59579154
1666893978.5875187,20581.39,20581.39,-6.56973639,-10.18,41.01462178
1666893989.6551833,20581.39,20581.39,-6.56973639,-10.18,41.01462178
1666893999.4726138,20581.39,20581.39,-6.56973639,-10.18,41.01462178
1666894009.4798038,20581.39,20584.66,-6.30888169,-6.91,43.19231624
1666894019.4686067,20581.39,20584.66,-6.30888169,-6.91,43.19231624
1666894029.4853053,20581.39,20584.66,-6.30888169,-6.91,43.19231624
1666894039.502548,20584.74,20584.74,-6.14768309,-4.47,43.33823623
1666894049.477508,20584.74,20584.74,-6.14768309,-4.47,43.33823623
1666894059.490248,20584.74,20584.74,-6.14768309,-4.47,43.33823623
1666894069.5008404,20584.74,20587.29,-5.94426429,-1.92,44.90994432
1666894079.5003,20584.74,20587.29,-5.94426429,-1.92,44.90994432
1666894089.4836912,20584.74,20587.29,-5.94426429,-1.92,44.90994432
1666894099.5052357,20575.31,20575.31,-7.30615419,-13.25,38.94261317
1666894109.4916494,20575.31,20575.31,-7.30615419,-13.25,38.94261317
1666894119.5085316,20575.31,20575.31,-7.30615419,-13.25,38.94261317
1666894129.521073,20575.31,20569.77,-7.74809151,-18.79,36.60474785
1666894139.528198,20575.31,20569.77,-7.74809151,-18.79,36.60474785
1666894149.6633158,20575.31,20569.77,-7.74809151,-18.79,36.60474785
1666894159.5288067,20568.09,20568.09,-8.52721491,-15.6,35.91645429
1666894170.051318,20568.09,20568.09,-8.52721491,-15.6,35.91645429
1666894180.2223504,20568.09,20568.09,-8.52721491,-15.6,35.91645429
1666894190.0789173,20568.09,20568.39,-8.50328329,-15.3,36.04025824
1666894200.264486,20568.09,20568.39,-8.50328329,-15.3,36.04025824
1666894210.062394,20568.09,20568.39,-8.50328329,-15.3,36.04025824
1666894220.06255,20564.96,20564.96,-9.50831374,-33.46,35.0404176
1666894230.0712402,20564.96,20564.96,-9.50831374,-33.46,35.0404176
1666894240.102838,20564.96,20564.96,-9.50831374,-33.46,35.0404176
1666894250.0983727,20564.96,20567.77,-9.28415419,-30.65,37.09965332
1666894260.0439255,20564.96,20567.77,-9.28415419,-30.65,37.09965332
1666894270.1177547,20564.96,20567.77,-9.28415419,-30.65,37.09965332
1666894280.0640256,20559.44,20559.44,-10.69394707,-29.59,32.56038004
1666894290.0690508,20559.44,20559.44,-10.69394707,-29.59,32.56038004
1666894300.0875287,20559.44,20559.44,-10.69394707,-29.59,32.56038004
1666894310.3425205,20559.44,20554.41,-11.09520063,-34.62,30.7012298
1666894320.1101213,20559.44,20554.41,-11.09520063,-34.62,30.7012298
1666894330.0938718,20559.44,20554.41,-11.09520063,-34.62,30.7012298
1666894340.1095304,20552.46,20552.46,-12.1427067,-28.99,30.03635649
1666894350.5740857,20552.46,20552.46,-12.1427067,-28.99,30.03635649
1666894360.591385,20552.46,20560.19,-11.52606852,-21.26,35.95719277
1666894370.8809638,20552.46,20560.19,-11.52606852,-21.26,35.95719277
1666894380.545688,20552.46,20560.19,-11.52606852,-21.26,35.95719277
1666894390.573131,20575.52,20575.52,-9.53448471,-9.58,45.21937989
1666894400.5923622,20575.52,20575.52,-9.53448471,-9.58,45.21937989
1666894410.5912707,20575.52,20575.52,-9.53448471,-9.58,45.21937989
1666894420.5924685,20575.52,20575.52,-9.53448471,-9.58,45.21937989
1666894430.6243806,20575.52,20580.24,-9.1579605,-4.86,47.70849809
1666894440.6261015,20575.52,20580.24,-9.1579605,-4.86,47.70849809
1666894450.578585,20576.46,20576.46,-8.52491658,-14.42,45.79199013
1666894460.56962,20576.46,20576.46,-8.52491658,-14.42,45.79199013
1666894470.621277,20576.46,20576.46,-8.52491658,-14.42,45.79199013
1666894480.6109052,20576.46,20576.46,-8.52491658,-14.42,45.79199013
1666894490.6177237,20576.46,20577.47,-8.44434678,-13.41,46.28279332
1666894500.6439843,20576.46,20577.47,-8.44434678,-13.41,46.28279332
1666894510.5960302,20576.0,20576.0,-7.77581822,-5.39,45.53675255
1666894520.602497,20576.0,20576.0,-7.77581822,-5.39,45.53675255
1666894532.419418,20576.0,20576.0,-7.77581822,-5.39,45.53675255
1666894542.4332857,20576.0,20575.18,-7.84123133,-6.21,45.12073307
1666894552.4394746,20576.0,20575.18,-7.84123133,-6.21,45.12073307
1666894562.441577,20576.0,20575.18,-7.84123133,-6.21,45.12073307
1666894572.445156,20576.0,20575.18,-7.84123133,-6.21,45.12073307
1666894582.4313104,20569.24,20569.24,-8.08716465,-16.34,42.32001126
1666894592.76712,20569.24,20569.24,-8.08716465,-16.34,42.32001126
1666894602.4513977,20569.24,20568.16,-8.1733185,-17.42,41.81183422
1666894612.4342933,20569.24,20568.16,-8.1733185,-17.42,41.81183422
1666894622.4366865,20569.24,20568.16,-8.1733185,-17.42,41.81183422
1666894632.462638,20569.24,20568.16,-8.1733185,-17.42,41.81183422
1666894642.4697587,20568.8,20568.8,-7.87740674,-7.09,42.1107669
1666894652.4246905,20568.8,20568.8,-7.87740674,-7.09,42.1107669
1666894662.4655485,20568.8,20569.05,-7.85746372,-6.84,42.28105681
1666894672.4258175,20568.8,20569.05,-7.85746372,-6.84,42.28105681
1666894682.419825,20568.8,20569.05,-7.85746372,-6.84,42.28105681
1666894692.426861,20571.79,20571.79,-7.17437185,2.55,44.1227253
1666894702.4300363,20571.79,20571.79,-7.17437185,2.55,44.1227253
1666894713.253561,20571.79,20571.79,-7.17437185,2.55,44.1227253
1666894723.233983,20571.79,20575.89,-6.84730632,6.65,46.85529391
1666894733.2567356,20571.79,20575.89,-6.84730632,6.65,46.85529391
1666894743.2575445,20571.79,20575.89,-6.84730632,6.65,46.85529391
1666894753.353809,20574.43,20574.43,-6.35547833,10.42,45.91341644
1666894763.2355204,20574.43,20574.43,-6.35547833,10.42,45.91341644
1666894773.30307,20574.43,20574.43,-6.35547833,10.42,45.91341644
1666894783.2886257,20574.43,20575.04,-6.30681736,11.03,46.34131037
1666894793.27362,20574.43,20575.04,-6.30681736,11.03,46.34131037
1666894803.3094544,20574.43,20575.04,-6.30681736,11.03,46.34131037
1666894813.3213437,20572.67,20572.67,-5.99552193,13.23,44.83804639
1666894823.321539,20572.67,20572.67,-5.99552193,13.23,44.83804639
1666894833.3257484,20572.67,20572.67,-5.99552193,13.23,44.83804639
1666894843.3298802,20572.67,20568.27,-6.34651908,8.83,42.28034867
1666894853.3225565,20572.67,20568.27,-6.34651908,8.83,42.28034867
1666894863.3350587,20572.67,20568.27,-6.34651908,8.83,42.28034867
1666894873.3091629,20556.91,20556.91,-7.88957973,4.45,37.22028732
1666894883.307134,20556.91,20556.91,-7.88957973,4.45,37.22028732
1666894893.8896291,20556.91,20556.91,-7.88957973,4.45,37.22028732
1666894903.9025552,20556.91,20561.18,-7.54895295,8.72,40.24907069
1666894913.9040315,20556.91,20561.18,-7.54895295,8.72,40.24907069
1666894923.9063368,20556.91,20561.18,-7.54895295,8.72,40.24907069
1666894933.911786,20556.95,20556.95,-8.22609745,-17.09,37.25008407
1666894944.275934,20556.95,20556.95,-8.22609745,-17.09,37.25008407
1666894953.9300663,20556.95,20556.95,-8.22609745,-17.09,37.25008407
1666894963.876328,20556.95,20564.59,-7.61663876,-9.45,42.83126522
1666894973.9514182,20556.95,20564.59,-7.61663876,-9.45,42.83126522
1666894983.8904312,20556.95,20564.59,-7.61663876,-9.45,42.83126522
1666894993.9031532,20566.66,20566.66,-6.96859736,-10.99,44.26185987
1666895003.8982384,20566.66,20566.66,-6.96859736,-10.99,44.26185987
1666895013.899988,20566.66,20566.66,-6.96859736,-10.99,44.26185987
1666895023.952289,20566.66,20565.28,-7.07868283,-12.37,43.54205012
1666895033.9364612,20566.66,20565.28,-7.07868283,-12.37,43.54205012
1666895043.9315822,20566.66,20565.28,-7.07868283,-12.37,43.54205012
1666895053.9881573,20562.21,20562.21,-7.19801996,-14.75,42.02177648
1666895063.9533458,20562.21,20562.21,-7.19801996,-14.75,42.02177648
1666895074.4966817,20562.21,20562.21,-7.19801996,-14.75,42.02177648
1666895084.4915953,20562.21,20574.3,-6.23357552,-2.66,49.49967659
1666895094.50353,20562.21,20574.3,-6.23357552,-2.66,49.49967659
1666895104.797076,20562.21,20574.3,-6.23357552,-2.66,49.49967659
1666895114.4979503,20576.34,20576.34,-5.02016358,7.1,50.57530587
1666895124.5554972,20576.34,20576.34,-5.02016358,7.1,50.57530587
1666895134.5513215,20576.34,20576.34,-5.02016358,7.1,50.57530587
1666895144.538677,20576.34,20573.39,-5.25549122,4.15,48.95158366
1666895154.517473,20576.34,20573.39,-5.25549122,4.15,48.95158366
1666895164.572059,20576.34,20573.39,-5.25549122,4.15,48.95158366
1666895174.5624113,20581.81,20581.81,-3.36652103,12.99,53.43903705
1666895184.5410137,20581.81,20581.81,-3.36652103,12.99,53.43903705
1666895194.556275,20581.81,20581.81,-3.36652103,12.99,53.43903705
1666895204.5885131,20581.81,20579.54,-3.54760365,10.72,52.09017575
1666895214.5326133,20581.81,20579.54,-3.54760365,10.72,52.09017575
1666895224.5702434,20581.81,20579.54,-3.54760365,10.72,52.09017575
1666895234.5710912,20584.67,20584.67,-1.97014272,12.88,54.9100989
1666895244.5588765,20584.67,20584.67,-1.97014272,12.88,54.9100989
1666895255.3903277,20584.67,20584.67,-1.97014272,12.88,54.9100989
1666895265.379855,20584.67,20585.36,-1.91509999,13.57,55.27721678
1666895275.354843,20584.67,20585.36,-1.91509999,13.57,55.27721678
1666895285.4056118,20584.67,20585.36,-1.91509999,13.57,55.27721678
1666895295.3865457,20588.74,20588.74,-0.50695382,14.31,57.02289431
1666895305.3891685,20588.74,20588.74,-0.50695382,14.31,57.02289431
1666895315.3885145,20588.74,20588.74,-0.50695382,14.31,57.02289431
1666895325.382259,20588.74,20585.74,-0.74627006,11.31,55.10513306
1666895335.4340367,20588.74,20585.74,-0.74627006,11.31,55.10513306
1666895345.401715,20588.74,20585.74,-0.74627006,11.31,55.10513306
1666895355.3924968,20581.84,20581.84,-0.48221707,8.2,52.600724
1666895365.519903,20581.84,20581.84,-0.48221707,8.2,52.600724
1666895375.3861914,20581.84,20581.84,-0.48221707,8.2,52.600724
1666895385.424069,20581.84,20583.15,-0.37771565,9.51,53.42497649
1666895395.4443705,20581.84,20583.15,-0.37771565,9.51,53.42497649
1666895405.4004447,20581.84,20583.15,-0.37771565,9.51,53.42497649
1666895415.4874735,20576.52,20576.52,-0.83064259,20.68,49.35900854
1666895425.412426,20576.52,20576.52,-0.83064259,20.68,49.35900854
1666895436.007439,20576.52,20576.52,-0.83064259,20.68,49.35900854
1666895445.9547648,20576.52,20576.51,-0.83144031,20.67,49.35285155
1666895455.994143,20576.52,20576.51,-0.83144031,20.67,49.35285155
1666895465.9992497,20576.52,20576.51,-0.83144031,20.67,49.35285155
1666895476.03873,20574.19,20574.19,-1.09103684,17.24,47.96477804
1666895486.0206313,20574.19,20574.19,-1.09103684,17.24,47.96477804
1666895496.0542731,20574.19,20574.19,-1.09103684,17.24,47.96477804
1666895506.0579531,20574.19,20574.22,-1.08864368,17.27,47.98515059
1666895516.045515,20574.19,20574.22,-1.08864368,17.27,47.98515059
1666895526.024983,20574.19,20574.22,-1.08864368,17.27,47.98515059
1666895536.023919,20567.69,20567.69,-2.11497511,0.1,44.39181677
1666895546.7921095,20567.69,20567.69,-2.11497511,0.1,44.39181677
1666895556.0525584,20567.69,20567.69,-2.11497511,0.1,44.39181677
1666895566.0413115,20567.69,20574.98,-1.53343664,7.39,49.08911195
1666895576.0119884,20567.69,20574.98,-1.53343664,7.39,49.08911195
1666895586.0022483,20567.69,20574.98,-1.53343664,7.39,49.08911195
1666895596.031889,20575.17,20575.17,-1.36946603,12.96,49.20095031
1666895606.0502205,20575.17,20575.17,-1.36946603,12.96,49.20095031
1666895616.619794,20575.17,20575.17,-1.36946603,12.96,49.20095031
1666895626.864782,20575.17,20588.5,-0.30610421,26.29,56.43210915
1666895636.6653445,20575.17,20588.5,-0.30610421,26.29,56.43210915
1666895646.7481916,20575.17,20588.5,-0.30610421,26.29,56.43210915
1666895656.8678813,20584.91,20584.91,0.18456416,8.57,54.58686456
1666895666.6714172,20584.91,20584.91,0.18456416,8.57,54.58686456
1666895676.6989336,20584.91,20584.91,0.18456416,8.57,54.58686456
1666895686.6888,20584.91,20588.28,0.45339607,11.94,56.42423423
1666895696.6342232,20584.91,20588.28,0.45339607,11.94,56.42423423
1666895706.6979997,20584.91,20588.28,0.45339607,11.94,56.42423423
1666895716.6899807,20588.74,20588.74,1.24147763,6.93,56.68179617
1666895726.6546094,20588.74,20588.74,1.24147763,6.93,56.68179617
1666895736.6767695,20588.74,20588.74,1.24147763,6.93,56.68179617
1666895746.7897942,20588.74,20583.07,0.78916994,1.26,53.03425403
1666895756.689751,20588.74,20583.07,0.78916994,1.26,53.03425403
1666895767.0198534,20588.74,20583.07,0.78916994,1.26,53.03425403
1666895776.9708848,20588.74,20583.07,0.78916994,1.26,53.03425403
1666895786.9848387,20580.54,20580.54,0.7031,-4.13,51.50828935
1666895797.9704103,20580.54,20580.54,0.7031,-4.13,51.50828935
1666895807.949954,20580.54,20583.38,0.92965271,-1.29,53.13829317
1666895817.9336765,20580.54,20583.38,0.92965271,-1.29,53.13829317
1666895827.9516792,20580.54,20583.38,0.92965271,-1.29,53.13829317
1666895837.9575462,20586.82,20586.82,1.72958118,-1.11,54.82806778
1666895847.9740713,20586.82,20586.82,1.72958118,-1.11,54.82806778
1666895857.9359033,20586.82,20586.82,1.72958118,-1.11,54.82806778
1666895867.9578726,20586.82,20580.89,1.25653275,-7.04,51.1885272
1666895877.9718654,20586.82,20580.89,1.25653275,-7.04,51.1885272
1666895887.965903,20586.82,20580.89,1.25653275,-7.04,51.1885272
1666895897.9655757,20580.53,20580.53,1.17555259,-2.15,50.98307186
1666895907.9768114,20580.53,20580.53,1.17555259,-2.15,50.98307186
1666895917.9953754,20580.53,20580.53,1.17555259,-2.15,50.98307186
1666895927.9787786,20580.53,20584.76,1.51298848,2.08,53.35225172
1666895937.990151,20580.53,20584.76,1.51298848,2.08,53.35225172
1666895947.9980595,20580.53,20584.76,1.51298848,2.08,53.35225172
1666895958.011629,20587.62,20587.62,2.2072328,11.1,54.62598495
1666895967.9936736,20587.62,20587.62,2.2072328,11.1,54.62598495
1666895978.855379,20587.62,20587.62,2.2072328,11.1,54.62598495
1666895988.8443,20587.62,20587.38,2.1880875,10.86,54.47491684
1666895998.834527,20587.62,20587.38,2.1880875,10.86,54.47491684
1666896008.856017,20587.62,20587.38,2.1880875,10.86,54.47491684
1666896018.8511226,20587.91,20587.91,2.57038357,13.72,54.75421653
1666896028.853162,20587.91,20587.91,2.57038357,13.72,54.75421653
1666896038.826242,20587.91,20587.91,2.57038357,13.72,54.75421653
1666896048.8646188,20587.91,20583.34,2.20582517,9.15,51.80265079
1666896058.8109622,20587.91,20583.34,2.20582517,9.15,51.80265079
1666896068.8361986,20587.91,20583.34,2.20582517,9.15,51.80265079
1666896078.8515887,20577.79,20577.79,1.3087736,11.06,48.6197411
1666896088.8624773,20577.79,20577.79,1.3087736,11.06,48.6197411
1666896098.8582408,20577.79,20577.79,1.3087736,11.06,48.6197411
1666896108.846445,20577.79,20586.64,2.0147565,19.91,53.52361858
1666896118.88934,20577.79,20586.64,2.0147565,19.91,53.52361858
1666896128.8924923,20577.79,20586.64,2.0147565,19.91,53.52361858
1666896138.87235,20590.55,20590.55,2.69673716,15.38,55.4300103
1666896148.8615146,20590.55,20590.55,2.69673716,15.38,55.4300103
1666896159.565173,20590.55,20590.55,2.69673716,15.38,55.4300103
1666896169.55737,20590.55,20586.66,2.38642377,11.49,53.17772658
1666896179.5808322,20590.55,20586.66,2.38642377,11.49,53.17772658
1666896189.5801122,20590.55,20586.66,2.38642377,11.49,53.17772658
1666896199.566646,20586.45,20586.45,2.42198585,0.81,53.05690114
1666896209.5393994,20586.45,20586.45,2.42198585,0.81,53.05690114
1666896219.5658004,20586.45,20586.45,2.42198585,0.81,53.05690114
1666896229.5546842,20586.45,20586.04,2.3892793,0.4,52.80464024
1666896239.545058,20586.45,20586.04,2.3892793,0.4,52.80464024
1666896249.5593555,20586.45,20586.04,2.3892793,0.4,52.80464024
1666896259.5717845,20582.9,20582.9,1.87379227,-5.1,50.9693233
1666896269.597821,20582.9,20582.9,1.87379227,-5.1,50.9693233
1666896279.6207778,20582.9,20582.9,1.87379227,-5.1,50.9693233
1666896289.5966144,20582.9,20580.1,1.65043044,-7.9,49.32638067
1666896299.5630434,20582.9,20580.1,1.65043044,-7.9,49.32638067
1666896309.5627909,20582.9,20580.1,1.65043044,-7.9,49.32638067
1666896319.623787,20579.7,20579.7,1.25307985,-0.84,49.09727626
1666896329.6050644,20579.7,20579.7,1.25307985,-0.84,49.09727626
1666896340.48641,20579.7,20581.04,1.35997444,0.5,49.93617154
1666896350.4181235,20579.7,20581.04,1.35997444,0.5,49.93617154
1666896360.405044,20579.7,20581.04,1.35997444,0.5,49.93617154
1666896370.6304126,20579.7,20581.04,1.35997444,0.5,49.93617154
1666896380.3714695,20579.84,20579.84,0.96858029,-7.89,49.18916234
1666896390.364715,20579.84,20579.84,0.96858029,-7.89,49.18916234
1666896400.420262,20579.84,20579.84,0.96858029,-7.89,49.18916234
1666896410.3733623,20579.84,20580.31,1.00607317,-7.42,49.50816764
1666896420.3970118,20579.84,20580.31,1.00607317,-7.42,49.50816764
1666896430.3898678,20579.84,20580.31,1.00607317,-7.42,49.50816764
1666896440.3734622,20586.9,20586.9,1.79418068,6.37,53.44739598
1666896450.440581,20586.9,20586.9,1.79418068,6.37,53.44739598
1666896460.4015908,20586.9,20586.42,1.75589008,5.89,53.11931351
1666896470.4106483,20586.9,20586.42,1.75589008,5.89,53.11931351
1666896480.4338727,20586.9,20586.42,1.75589008,5.89,53.11931351
1666896490.4196842,20586.9,20586.42,1.75589008,5.89,53.11931351
1666896500.4029062,20585.4,20585.4,1.69978248,-3.58,52.43533965
1666896510.4336898,20585.4,20585.4,1.69978248,-3.58,52.43533965
1666896523.586575,20585.4,20589.0,1.98696197,0.02,54.65459535
1666896535.017268,20585.4,20589.0,1.98696197,0.02,54.65459535
1666896544.9904668,20585.4,20589.0,1.98696197,0.02,54.65459535
1666896555.1275997,20582.04,20582.04,1.18272694,-6.96,50.17602816
1666896565.1303189,20582.04,20582.04,1.18272694,-6.96,50.17602816
1666896575.1524682,20582.04,20582.04,1.18272694,-6.96,50.17602816
1666896585.1604075,20582.04,20580.9,1.09178676,-8.1,49.39055933
1666896595.4063036,20582.04,20580.9,1.09178676,-8.1,49.39055933
1666896605.1541996,20582.04,20580.9,1.09178676,-8.1,49.39055933
1666896615.1408715,20576.82,20576.82,0.27935882,-0.97,46.7596406
1666896625.1562462,20576.82,20576.82,0.27935882,-0.97,46.7596406
1666896635.162397,20576.82,20576.82,0.27935882,-0.97,46.7596406
1666896645.164811,20576.82,20578.68,0.42773489,0.89,48.1164859
1666896655.1907504,20576.82,20578.68,0.42773489,0.89,48.1164859
1666896665.1353314,20576.82,20578.68,0.42773489,0.89,48.1164859
1666896675.1793609,20583.99,20583.99,0.9082246,-5.83,51.63532348
1666896685.1726766,20583.99,20583.99,0.9082246,-5.83,51.63532348
1666896695.170411,20583.99,20583.99,0.9082246,-5.83,51.63532348
1666896705.892183,20583.99,20581.2,0.68566049,-8.62,49.72698109
1666896715.883712,20583.99,20581.2,0.68566049,-8.62,49.72698109
1666896725.86983,20583.99,20581.2,0.68566049,-8.62,49.72698109
1666896736.00675,20576.37,20576.37,-0.0953101,-10.08,46.70808208
1666896745.9423344,20576.37,20576.37,-0.0953101,-10.08,46.70808208
1666896755.9051812,20576.37,20576.37,-0.0953101,-10.08,46.70808208
1666896765.952531,20576.37,20575.54,-0.16152092,-10.91,46.1943265
1666896775.921662,20576.37,20575.54,-0.16152092,-10.91,46.1943265
1666896785.9428196,20576.37,20575.54,-0.16152092,-10.91,46.1943265
1666896795.8848703,20574.6,20574.6,-0.75540873,-7.33,45.7891301
1666896805.919708,20574.6,20574.6,-0.75540873,-7.33,45.7891301
1666896815.873901,20574.6,20574.6,-0.75540873,-7.33,45.7891301
1666896826.0883613,20574.6,20576.93,-0.56953978,-5.0,47.46921257
1666896836.0201414,20574.6,20576.93,-0.56953978,-5.0,47.46921257
1666896845.965605,20574.6,20576.93,-0.56953978,-5.0,47.46921257
1666896855.9530623,20576.43,20576.43,-0.77365262,-3.27,47.14431464
1666896865.9042375,20576.43,20576.43,-0.77365262,-3.27,47.14431464
1666896875.9078074,20576.43,20576.43,-0.77365262,-3.27,47.14431464
1666896886.7879732,20576.43,20589.18,0.24344139,9.48,55.29301724
1666896896.7337492,20576.43,20589.18,0.24344139,9.48,55.29301724
1666896906.698964,20576.43,20589.18,0.24344139,9.48,55.29301724
1666896916.7006292,20587.88,20587.88,0.666329,8.1,54.56978177
1666896926.739894,20587.88,20587.88,0.666329,8.1,54.56978177
1666896936.719309,20587.88,20587.88,0.666329,8.1,54.56978177
1666896946.721171,20587.88,20584.04,0.36000421,4.26,51.91192284
1666896956.675445,20587.88,20584.04,0.36000421,4.26,51.91192284
1666896966.702214,20587.88,20584.04,0.36000421,4.26,51.91192284
1666896976.6955304,20584.52,20584.52,0.5950791,-3.46,52.22990957
1666896986.6854174,20584.52,20584.52,0.5950791,-3.46,52.22990957
1666896996.7245162,20584.52,20584.52,0.5950791,-3.46,52.22990957
1666897006.8703542,20584.52,20576.87,-0.01517731,-11.11,47.26111826
1666897016.9201815,20584.52,20576.87,-0.01517731,-11.11,47.26111826
1666897027.3195574,20584.52,20576.87,-0.01517731,-11.11,47.26111826
1666897036.896325,20578.79,20578.79,-0.12234924,-6.61,48.49617543
1666897046.8376155,20578.79,20578.79,-0.12234924,-6.61,48.49617543
1666897056.840221,20578.79,20578.79,-0.12234924,-6.61,48.49617543
1666897068.068689,20578.79,20584.5,0.33314934,-0.9,52.15791514
1666897078.1679854,20578.79,20584.5,0.33314934,-0.9,52.15791514
1666897088.069004,20578.79,20584.5,0.33314934,-0.9,52.15791514
1666897098.102953,20584.76,20584.76,0.54630644,3.41,52.33322869
1666897108.053216,20584.76,20584.76,0.54630644,3.41,52.33322869
1666897118.2460392,20584.76,20584.76,0.54630644,3.41,52.33322869
1666897128.0832777,20584.76,20578.0,0.00704718,-3.35,47.97554428
1666897138.2509053,20584.76,20578.0,0.00704718,-3.35,47.97554428
1666897148.1002614,20584.76,20578.0,0.00704718,-3.35,47.97554428
1666897158.074358,20575.61,20575.61,-0.57388272,-1.21,46.59542721
1666897168.146617,20575.61,20575.61,-0.57388272,-1.21,46.59542721
1666897178.1260743,20575.61,20575.61,-0.57388272,-1.21,46.59542721
1666897188.1372068,20575.61,20580.01,-0.22288557,3.19,49.47696868
1666897198.134211,20575.61,20580.01,-0.22288557,3.19,49.47696868
1666897208.144144,20575.61,20580.01,-0.22288557,3.19,49.47696868
1666897218.1428668,20583.6,20583.6,0.25637282,-0.39,51.60739821
1666897228.1461873,20583.6,20583.6,0.25637282,-0.39,51.60739821
1666897238.1384072,20583.6,20583.6,0.25637282,-0.39,51.60739821
1666897248.9215589,20583.6,20587.69,0.58264063,3.7,53.9878732
1666897258.9098103,20583.6,20587.69,0.58264063,3.7,53.9878732
1666897268.9090948,20583.6,20587.69,0.58264063,3.7,53.9878732
1666897278.901785,20596.11,20596.11,2.07384953,19.1,58.27540087
1666897288.921621,20596.11,20596.11,2.07384953,19.1,58.27540087
1666897298.958333,20596.11,20596.11,2.07384953,19.1,58.27540087
1666897309.0550537,20596.11,20599.86,2.37299483,22.85,60.0356336
1666897319.00148,20596.11,20599.86,2.37299483,22.85,60.0356336
1666897329.0862937,20596.11,20599.86,2.37299483,22.85,60.0356336
1666897339.773169,20615.12,20615.12,5.48022136,41.51,65.89118521
1666897349.1858792,20615.12,20615.12,5.48022136,41.51,65.89118521
1666897359.2934227,20615.12,20615.12,5.48022136,41.51,65.89118521
1666897368.9529643,20615.12,20608.71,4.96888232,35.1,61.795382
1666897378.9605193,20615.12,20608.71,4.96888232,35.1,61.795382
1666897388.9617698,20615.12,20608.71,4.96888232,35.1,61.795382
1666897398.9560866,20610.14,20610.14,6.19447797,32.75,62.66436324
1666897408.9656873,20610.14,20610.14,6.19447797,32.75,62.66436324
1666897418.9957902,20610.14,20610.14,6.19447797,32.75,62.66436324
1666897429.4662702,20610.14,20609.68,6.15778282,32.29,62.360575
1666897439.492775,20610.14,20609.68,6.15778282,32.29,62.360575
1666897449.4969013,20610.14,20609.68,6.15778282,32.29,62.360575
1666897459.536917,20613.64,20613.64,7.48950458,25.74,63.99877052
1666897469.5567229,20613.64,20613.64,7.48950458,25.74,63.99877052
1666897479.5425456,20613.64,20613.64,7.48950458,25.74,63.99877052
1666897489.528096,20613.64,20613.54,7.48152737,25.64,63.92846721
1666897499.8194008,20613.64,20613.54,7.48152737,25.64,63.92846721
1666897509.5330112,20613.64,20613.54,7.48152737,25.64,63.92846721
1666897519.5388784,20615.85,20615.85,8.55986357,31.33,64.57099975
1666897529.552724,20615.85,20615.85,8.55986357,31.33,64.57099975
1666897539.6505885,20615.85,20615.85,8.55986357,31.33,64.57099975
1666897549.4995546,20615.85,20626.14,9.38071827,41.62,68.57209947
1666897559.5052743,20615.85,20626.14,9.38071827,41.62,68.57209947
1666897569.507038,20615.85,20626.14,9.38071827,41.62,68.57209947
1666897579.5329275,20636.8,20636.8,12.1242518,58.9,71.34203141
1666897589.5268946,20636.8,20636.8,12.1242518,58.9,71.34203141
1666897599.5165412,20636.8,20636.8,12.1242518,58.9,71.34203141
1666897610.3515077,20636.8,20629.63,11.55228599,51.73,66.62268194
1666897620.274174,20636.8,20629.63,11.55228599,51.73,66.62268194
1666897630.2705207,20636.8,20629.63,11.55228599,51.73,66.62268194
1666897640.2705023,20632.3,20632.3,12.72347586,48.0,67.99138693
1666897650.3126545,20632.3,20632.3,12.72347586,48.0,67.99138693
1666897660.321307,20632.3,20632.3,12.72347586,48.0,67.99138693
1666897670.2733457,20632.3,20632.14,12.71071233,47.84,67.94013025
1666897680.266945,20632.3,20632.14,12.71071233,47.84,67.94013025
1666897690.344421,20632.3,20632.14,12.71071233,47.84,67.94013025
1666897700.2987204,20634.44,20634.44,13.69359447,58.83,68.66151913
1666897710.3196406,20634.44,20634.44,13.69359447,58.83,68.66151913
1666897720.3378048,20634.44,20634.44,13.69359447,58.83,68.66151913
1666897730.3283577,20634.44,20626.78,13.08254034,51.17,63.53408505
1666897740.3367376,20634.44,20626.78,13.08254034,51.17,63.53408505
1666897750.3083732,20634.44,20626.78,13.08254034,51.17,63.53408505
1666897760.344712,20624.42,20624.42,12.78867107,40.82,62.07471038
1666897770.3579886,20624.42,20624.42,12.78867107,40.82,62.07471038
1666897780.33821,20624.42,20624.42,12.78867107,40.82,62.07471038
1666897791.1532795,20624.42,20612.2,11.81385625,28.6,55.1603964
1666897801.121029,20624.42,20612.2,11.81385625,28.6,55.1603964
1666897811.135219,20604.41,20604.41,9.61204859,9.91,51.51089928
1666897821.142208,20604.41,20604.41,9.61204859,9.91,51.51089928
1666897831.1753995,20604.41,20604.41,9.61204859,9.91,51.51089928
1666897841.1501262,20604.41,20604.41,9.61204859,9.91,51.51089928
1666897851.157581,20604.41,20614.58,10.42333064,20.08,55.5627822
1666897861.5889173,20604.41,20614.58,10.42333064,20.08,55.5627822
1666897871.157482,20615.37,20615.37,9.89239988,0.25,55.84936875
1666897881.1421633,20615.37,20615.37,9.89239988,0.25,55.84936875
1666897891.161028,20615.37,20615.37,9.89239988,0.25,55.84936875
1666897901.422129,20615.37,20611.38,9.57410929,-3.74,53.95665701
1666897911.1882465,20615.37,20611.38,9.57410929,-3.74,53.95665701
1666897921.19548,20615.37,20611.38,9.57410929,-3.74,53.95665701
1666897931.2082517,20624.2,20624.2,10.51081482,14.06,59.05144931
1666897941.1503756,20624.2,20624.2,10.51081482,14.06,59.05144931
1666897951.1833756,20624.2,20624.2,10.51081482,14.06,59.05144931
1666897961.3599577,20624.2,20624.2,10.51081482,14.06,59.05144931
1666897971.6370668,20624.2,20630.18,10.98785186,20.04,61.09443693
1666897981.6175635,20624.2,20630.18,10.98785186,20.04,61.09443693
1666897991.6102724,20624.2,20630.18,10.98785186,20.04,61.09443693
1666898001.645915,20635.1,20635.1,11.88623156,21.46,62.63997643
1666898011.640159,20635.1,20635.1,11.88623156,21.46,62.63997643
1666898021.6778548,20635.1,20648.3,12.93922302,34.66,66.45981904
1666898031.6442494,20635.1,20648.3,12.93922302,34.66,66.45981904
1666898041.6674898,20635.1,20648.3,12.93922302,34.66,66.45981904
1666898051.6888278,20648.35,20648.35,14.1124144,31.73,66.18564104
1666898061.6527245,20648.35,20648.35,14.1124144,31.73,66.18564104
1666898071.7077224,20648.35,20648.35,14.1124144,31.73,66.18564104
1666898081.7070742,20648.35,20638.21,13.30352551,21.59,61.10048937
1666898091.7096636,20648.35,20638.21,13.30352551,21.59,61.10048937
1666898101.6806204,20648.35,20638.21,13.30352551,21.59,61.10048937
1666898111.7012675,20648.35,20638.21,13.30352551,21.59,61.10048937
1666898121.712762,20644.72,20644.72,14.37637386,7.14,64.21721713
1666898131.690314,20644.72,20644.72,14.37637386,7.14,64.21721713
1666898141.660561,20644.72,20663.55,15.87848212,25.97,69.58568518
1666898152.9205897,20644.72,20663.55,15.87848212,25.97,69.58568518
1666898162.9048092,20644.72,20663.55,15.87848212,25.97,69.58568518
1666898172.9325995,20644.72,20663.55,15.87848212,25.97,69.58568518
1666898183.125753,20670.41,20670.41,18.20390884,39.1,71.01929489
1666898192.922865,20670.41,20670.41,18.20390884,39.1,71.01929489
1666898202.9540577,20670.41,20665.7,17.82818234,34.39,68.53525083
1666898212.9591763,20670.41,20665.7,17.82818234,34.39,68.53525083
1666898222.9603815,20670.41,20665.7,17.82818234,34.39,68.53525083
1666898232.9696054,20655.05,20655.05,17.25693638,20.61,63.48496504
1666898242.9363685,20655.05,20655.05,17.25693638,20.61,63.48496504
1666898252.9308398,20655.05,20655.05,17.25693638,20.61,63.48496504
1666898262.9853852,20655.05,20654.04,17.17636658,19.6,63.01349022
1666898272.929597,20655.05,20654.04,17.17636658,19.6,63.01349022
1666898282.9333074,20655.05,20654.04,17.17636658,19.6,63.01349022
1666898292.9889991,20655.05,20654.04,17.17636658,19.6,63.01349022
1666898302.9244764,20646.98,20646.98,16.13803852,21.89,59.87702148
1666898312.9408002,20646.98,20646.98,16.13803852,21.89,59.87702148
1666898322.9370158,20646.98,20655.74,16.83684194,30.65,62.50470153
1666898333.402702,20646.98,20655.74,16.83684194,30.65,62.50470153
1666898343.3887155,20646.98,20655.74,16.83684194,30.65,62.50470153
1666898353.4181085,20649.61,20649.61,15.82232792,46.46,60.8168004
1666898363.4434376,20649.61,20649.61,15.82232792,46.46,60.8168004
1666898373.494675,20649.61,20649.61,15.82232792,46.46,60.8168004
1666898383.4443402,20649.61,20651.53,15.97549031,48.38,61.41236862
1666898393.4590716,20649.61,20651.53,15.97549031,48.38,61.41236862
1666898403.4279454,20649.61,20651.53,15.97549031,48.38,61.41236862
1666898413.4668653,20649.12,20649.12,15.16650764,33.75,60.61968351
1666898423.4597988,20649.12,20649.12,15.16650764,33.75,60.61968351
1666898433.4626012,20649.12,20649.12,15.16650764,33.75,60.61968351
1666898443.456994,20649.12,20645.42,14.87135094,30.05,58.92680877
1666898453.4557102,20649.12,20645.42,14.87135094,30.05,58.92680877
1666898463.4527123,20649.12,20645.42,14.87135094,30.05,58.92680877
1666898473.4318354,20649.12,20645.42,14.87135094,30.05,58.92680877
1666898483.4405053,20648.51,20648.51,14.50049365,25.15,60.41136858
1666898493.4533243,20648.51,20648.51,14.50049365,25.15,60.41136858
1666898503.4293294,20648.51,20650.87,14.68875576,27.51,61.26507927
1666898514.2319624,20648.51,20650.87,14.68875576,27.51,61.26507927
1666898524.2201302,20648.51,20650.87,14.68875576,27.51,61.26507927
1666898534.2598343,20648.72,20648.72,13.82397176,14.12,60.3760135
1666898544.2770813,20648.72,20648.72,13.82397176,14.12,60.3760135
1666898554.263132,20648.72,20648.72,13.82397176,14.12,60.3760135
1666898564.2412305,20648.72,20646.76,13.66761849,12.16,59.39669392
1666898574.301402,20648.72,20646.76,13.66761849,12.16,59.39669392
1666898584.2571511,20648.72,20646.76,13.66761849,12.16,59.39669392
1666898594.26849,20651.99,20651.99,13.64365008,2.65,61.61831158
1666898604.225262,20651.99,20651.99,13.64365008,2.65,61.61831158
1666898614.266609,20651.99,20651.99,13.64365008,2.65,61.61831158
1666898624.254003,20651.99,20647.83,13.31179823,-1.51,59.08059696
1666898634.2594168,20651.99,20647.83,13.31179823,-1.51,59.08059696
1666898644.4485965,20651.99,20647.83,13.31179823,-1.51,59.08059696
1666898654.2454398,20641.6,20641.6,11.67375961,-4.48,55.64833908
1666898664.2885785,20641.6,20641.6,11.67375961,-4.48,55.64833908
1666898674.2702584,20641.6,20641.6,11.67375961,-4.48,55.64833908
1666898684.2878222,20641.6,20647.12,12.11410149,1.04,57.97777005
1666898694.8217547,20641.6,20647.12,12.11410149,1.04,57.97777005
1666898704.8582163,20641.6,20647.12,12.11410149,1.04,57.97777005
1666898735.9324064,20642.99,20642.99,10.84322743,-27.6,56.25890994
1666898745.908797,20642.99,20638.33,10.47148954,-32.26,53.59507758
1666898755.9102817,20642.99,20638.33,10.47148954,-32.26,53.59507758
1666898765.941141,20642.99,20638.33,10.47148954,-32.26,53.59507758
1666898775.902043,20641.88,20641.88,9.77096981,-13.98,55.52978925
1666898785.9032469,20641.88,20641.88,9.77096981,-13.98,55.52978925
1666898795.9650662,20641.88,20641.88,9.77096981,-13.98,55.52978925
1666898805.9645271,20641.88,20641.27,9.72230885,-14.59,55.22560171
1666898815.958259,20641.88,20641.27,9.72230885,-14.59,55.22560171
1666898825.9768884,20641.88,20641.27,9.72230885,-14.59,55.22560171
1666898835.9809828,20640.66,20640.66,8.77144361,-7.15,54.87975866
1666898845.9761343,20640.66,20640.66,8.77144361,-7.15,54.87975866
1666898855.9754276,20640.66,20640.66,8.77144361,-7.15,54.87975866
1666898865.9769995,20640.66,20646.19,9.21258321,-1.62,57.70222621
1666898875.96495,20640.66,20646.19,9.21258321,-1.62,57.70222621
1666898886.9281929,20640.66,20646.19,9.21258321,-1.62,57.70222621
1666898896.919618,20642.89,20642.89,8.33837818,-5.43,55.88274405
1666898906.9316733,20642.89,20642.89,8.33837818,-5.43,55.88274405
1666898916.9015574,20642.89,20642.89,8.33837818,-5.43,55.88274405
1666898926.9324353,20642.89,20646.73,8.64470297,-1.59,58.06384528
1666898936.9484532,20642.89,20646.73,8.64470297,-1.59,58.06384528
1666898946.9400322,20642.89,20646.73,8.64470297,-1.59,58.06384528
1666898956.917179,20651.27,20651.27,8.88992693,3.37,60.24380684
1666898966.9232388,20651.27,20651.27,8.88992693,3.37,60.24380684
1666898976.9407065,20651.27,20651.27,8.88992693,3.37,60.24380684
1666898986.9286764,20651.27,20650.29,8.81175029,2.39,59.5245054
1666898996.9185958,20651.27,20650.29,8.81175029,2.39,59.5245054
1666899006.9455898,20651.27,20650.29,8.81175029,2.39,59.5245054
1666899016.9222288,20650.78,20650.78,8.54088646,2.27,59.60375534
1666899026.9673676,20650.78,20650.78,8.54088646,2.27,59.60375534
1666899036.948716,20650.78,20650.78,8.54088646,2.27,59.60375534
1666899046.958364,20650.78,20642.47,7.87798047,-6.04,54.02764199
1666899056.9363177,20650.78,20642.47,7.87798047,-6.04,54.02764199
1666899067.813573,20650.78,20642.47,7.87798047,-6.04,54.02764199
1666899077.822547,20657.12,20657.12,9.11732743,9.33,62.66049404
1666899087.8148415,20657.12,20657.12,9.11732743,9.33,62.66049404
1666899097.8377538,20657.12,20657.12,9.11732743,9.33,62.66049404
1666899108.027701,20657.12,20664.56,9.7108317,16.77,65.88032243
1666899117.8562584,20657.12,20664.56,9.7108317,16.77,65.88032243
1666899127.848844,20657.12,20664.56,9.7108317,16.77,65.88032243
1666899137.8699422,20658.77,20658.77,9.37080457,6.78,63.4259356
1666899147.851196,20658.77,20658.77,9.37080457,6.78,63.4259356
1666899157.847062,20658.77,20658.77,9.37080457,6.78,63.4259356
1666899167.996963,20658.77,20672.05,10.43017778,20.06,68.94401123
1666899178.0041122,20658.77,20672.05,10.43017778,20.06,68.94401123
1666899188.0205145,20658.77,20672.05,10.43017778,20.06,68.94401123
1666899197.9912312,20667.51,20667.51,10.59499196,25.91,67.25506291
1666899207.9873242,20667.51,20667.51,10.59499196,25.91,67.25506291
1666899217.977707,20667.51,20667.51,10.59499196,25.91,67.25506291
1666899228.0504425,20667.51,20660.06,10.00068997,18.46,61.35810483
1666899238.018463,20667.51,20660.06,10.00068997,18.46,61.35810483
1666899249.419588,20667.51,20660.06,10.00068997,18.46,61.35810483
1666899259.3988633,20667.96,20667.96,10.95074004,24.97,67.44405458
1666899269.3876796,20667.96,20667.96,10.95074004,24.97,67.44405458
1666899279.4073472,20667.96,20667.96,10.95074004,24.97,67.44405458
1666899289.4360664,20667.96,20675.33,11.53866027,32.34,70.45197669
1666899299.7016764,20667.96,20675.33,11.53866027,32.34,70.45197669
1666899309.4408958,20667.96,20675.33,11.53866027,32.34,70.45197669
1666899319.4634984,20668.45,20668.45,11.07621098,27.45,67.39629893
1666899329.4812574,20668.45,20668.45,11.07621098,27.45,67.39629893
1666899339.4865525,20668.45,20668.45,11.07621098,27.45,67.39629893
1666899349.4423823,20668.45,20661.79,10.54492893,20.79,61.81298957
1666899359.4311607,20668.45,20661.79,10.54492893,20.79,61.81298957
1666899369.4881437,20668.45,20661.79,10.54492893,20.79,61.81298957
1666899379.467422,20662.49,20662.49,10.18910586,21.83,62.13802904
1666899389.4697056,20662.49,20662.49,10.18910586,21.83,62.13802904
1666899399.4977582,20662.49,20662.49,10.18910586,21.83,62.13802904
1666899409.4498937,20662.49,20651.0,9.27252466,10.34,53.37057827
1666899419.4412136,20662.49,20651.0,9.27252466,10.34,53.37057827
1666899430.3660414,20655.0,20655.0,8.74915678,11.16,56.22132986
1666899440.379671,20655.0,20655.0,8.74915678,11.16,56.22132986
1666899450.3310878,20655.0,20655.0,8.74915678,11.16,56.22132986
1666899460.743143,20655.0,20658.98,9.06664965,15.14,58.59137202
1666899470.4200952,20655.0,20658.98,9.06664965,15.14,58.59137202
1666899480.356299,20655.0,20658.98,9.06664965,15.14,58.59137202
1666899490.3617473,20655.0,20658.98,9.06664965,15.14,58.59137202
1666899500.3698575,20654.0,20654.0,7.84804476,2.73,55.42428592
1666899510.6163788,20654.0,20654.0,7.84804476,2.73,55.42428592
1666899520.3953187,20654.0,20654.36,7.87676271,3.09,55.667947
1666899530.4216714,20654.0,20654.36,7.87676271,3.09,55.667947
1666899540.4065113,20654.0,20654.36,7.87676271,3.09,55.667947
1666899550.422165,20654.0,20654.36,7.87676271,3.09,55.667947
1666899560.4166312,20655.65,20655.65,7.31263408,6.28,56.54848166
1666899570.4839015,20655.65,20655.65,7.31263408,6.28,56.54848166
1666899580.4759269,20655.65,20650.99,6.94089619,1.62,52.66467308
1666899590.5098028,20655.65,20650.99,6.94089619,1.62,52.66467308
1666899600.443405,20655.65,20650.99,6.94089619,1.62,52.66467308
1666899611.2783473,20647.78,20647.78,5.69693831,-8.24,50.15800818
1666899621.2249131,20647.78,20647.78,5.69693831,-8.24,50.15800818
1666899631.2471623,20647.78,20647.78,5.69693831,-8.24,50.15800818
1666899641.3035824,20647.78,20644.12,5.4049725,-11.9,47.45455598
1666899651.5513644,20647.78,20644.12,5.4049725,-11.9,47.45455598
1666899661.2712295,20647.78,20644.12,5.4049725,-11.9,47.45455598
1666899671.2649257,20647.78,20644.12,5.4049725,-11.9,47.45455598
1666899681.2461956,20648.51,20648.51,4.8937236,-10.26,50.73449032
1666899691.260374,20648.51,20648.51,4.8937236,-10.26,50.73449032
1666899701.2561395,20648.51,20644.53,4.57623072,-14.24,47.52723856
1666899711.2604542,20648.51,20644.53,4.57623072,-14.24,47.52723856
1666899721.2780342,20648.51,20644.53,4.57623072,-14.24,47.52723856
1666899731.3024704,20642.46,20642.46,3.3071718,-25.05,46.01620244
1666899741.260566,20642.46,20642.46,3.3071718,-25.05,46.01620244
1666899751.287259,20642.46,20642.46,3.3071718,-25.05,46.01620244
1666899761.272179,20642.46,20642.46,3.3071718,-25.05,46.01620244
1666899771.2761967,20642.46,20631.5,2.4328698,-36.01,38.945866
1666899781.3246112,20642.46,20631.5,2.4328698,-36.01,38.945866
1666899791.9259238,20642.46,20631.5,2.4328698,-36.01,38.945866
1666899801.9294016,20637.16,20637.16,1.59624136,-30.8,42.58609916
1666899812.2345233,20637.16,20637.16,1.59624136,-30.8,42.58609916
1666899821.997153,20637.16,20647.75,2.44102768,-20.21,50.86381154
1666899831.9575813,20637.16,20647.75,2.44102768,-20.21,50.86381154
1666899842.342679,20637.16,20647.75,2.44102768,-20.21,50.86381154
1666899852.0280502,20643.69,20643.69,1.55254688,-23.63,47.98893571
1666899862.008917,20643.69,20643.69,1.55254688,-23.63,47.98893571
1666899871.9963107,20643.69,20643.69,1.55254688,-23.63,47.98893571
1666899882.0033374,20643.69,20639.63,1.22867223,-27.69,45.14443201
1666899892.0296755,20643.69,20639.63,1.22867223,-27.69,45.14443201
1666899902.0403314,20643.69,20639.63,1.22867223,-27.69,45.14443201
1666899912.014365,20642.5,20642.5,0.92674103,-19.07,47.11653094
1666899922.0173538,20642.5,20642.5,0.92674103,-19.07,47.11653094
1666899932.023708,20642.5,20642.5,0.92674103,-19.07,47.11653094
1666899942.03255,20642.5,20643.1,0.97460428,-18.47,47.62904457
1666899952.2165806,20642.5,20643.1,0.97460428,-18.47,47.62904457
1666899962.0251844,20642.5,20643.1,0.97460428,-18.47,47.62904457
1666899973.0926845,20641.9,20641.9,0.46528493,-13.1,46.63061283
1666899983.0638912,20641.9,20641.9,0.46528493,-13.1,46.63061283
1666899993.0679946,20641.9,20641.9,0.46528493,-13.1,46.63061283
1666900003.259436,20641.9,20639.85,0.30175217,-15.15,45.02793303
1666900013.1234462,20641.9,20639.85,0.30175217,-15.15,45.02793303
1666900023.1301491,20641.9,20639.85,0.30175217,-15.15,45.02793303
1666900033.1387086,20634.92,20634.92,-0.88726278,-19.08,41.57691868
1666900043.1370237,20634.92,20634.92,-0.88726278,-19.08,41.57691868
1666900053.120631,20634.92,20634.92,-0.88726278,-19.08,41.57691868
1666900063.1456103,20634.92,20636.38,-0.77079554,-17.62,42.90279982
1666900073.1256263,20634.92,20636.38,-0.77079554,-17.62,42.90279982
1666900083.1358972,20634.92,20636.38,-0.77079554,-17.62,42.90279982
1666900093.1357293,20633.77,20633.77,-1.68003517,-21.3,40.79478809
1666900103.1486626,20633.77,20633.77,-1.68003517,-21.3,40.79478809
1666900113.1384664,20633.77,20633.77,-1.68003517,-21.3,40.79478809
1666900123.1446233,20633.77,20633.77,-1.68003517,-21.3,40.79478809
1666900133.1140587,20633.77,20639.46,-1.22613203,-15.61,46.18865167
1666900143.195088,20633.77,20639.46,-1.22613203,-15.61,46.18865167
1666900153.8633652,20638.09,20638.09,-1.54339979,-10.77,45.07682485
1666900163.9068613,20638.09,20638.09,-1.54339979,-10.77,45.07682485
1666900174.018831,20638.09,20638.09,-1.54339979,-10.77,45.07682485
1666900183.8980029,20638.09,20640.02,-1.38943968,-8.84,46.73317849
1666900194.090729,20638.09,20640.02,-1.38943968,-8.84,46.73317849
1666900203.9227624,20638.09,20640.02,-1.38943968,-8.84,46.73317849
1666900213.9043195,20641.63,20641.63,-1.2427462,-6.88,48.1578031
1666900223.891421,20641.63,20641.63,-1.2427462,-6.88,48.1578031
1666900233.8973775,20641.63,20641.63,-1.2427462,-6.88,48.1578031
1666900243.9122255,20641.63,20635.99,-1.69266073,-12.52,43.74960756
1666900253.879012,20641.63,20635.99,-1.69266073,-12.52,43.74960756
1666900263.913231,20641.63,20635.99,-1.69266073,-12.52,43.74960756
1666900273.9122653,20638.8,20638.8,-1.61683307,-3.65,45.84019258
1666900284.101289,20638.8,20638.8,-1.61683307,-3.65,45.84019258
1666900293.9383786,20638.8,20638.8,-1.61683307,-3.65,45.84019258
1666900303.9110768,20638.8,20630.33,-2.29250259,-12.12,39.68450693
1666900313.944068,20638.8,20630.33,-2.29250259,-12.12,39.68450693
1666900323.9427054,20638.8,20630.33,-2.29250259,-12.12,39.68450693
1666900334.3882468,20626.47,20626.47,-3.51674835,-9.72,37.81412267
1666900344.4104218,20626.47,20626.47,-3.51674835,-9.72,37.81412267
1666900354.4488423,20626.47,20626.47,-3.51674835,-9.72,37.81412267
1666900364.4067187,20626.47,20630.81,-3.17053752,-5.38,41.76301941
1666900374.370495,20626.47,20630.81,-3.17053752,-5.38,41.76301941
1666900384.3991058,20626.47,20630.81,-3.17053752,-5.38,41.76301941
1666900394.4481878,20626.47,20630.81,-3.17053752,-5.38,41.76301941
1666900404.4350302,20633.76,20633.76,-3.10405825,-9.93,44.17271831
1666900414.4413073,20633.76,20633.76,-3.10405825,-9.93,44.17271831
1666900424.4418724,20633.76,20631.34,-3.29710668,-12.35,42.61494626
1666900434.4459777,20633.76,20631.34,-3.29710668,-12.35,42.61494626
1666900444.4432938,20633.76,20631.34,-3.29710668,-12.35,42.61494626
1666900454.3928895,20627.38,20627.38,-4.10286565,-15.16,40.28992939
1666900464.389963,20627.38,20627.38,-4.10286565,-15.16,40.28992939
1666900474.4139612,20627.38,20627.38,-4.10286565,-15.16,40.28992939
1666900484.4223692,20627.38,20630.49,-3.85477448,-12.05,42.92365313
1666900494.460235,20627.38,20630.49,-3.85477448,-12.05,42.92365313
1666900504.46755,20627.38,20630.49,-3.85477448,-12.05,42.92365313
1666900515.3133743,20624.45,20624.45,-4.85409608,-18.3,38.61137081
1666900525.295491,20624.45,20624.45,-4.85409608,-18.3,38.61137081
1666900535.3135965,20624.45,20624.45,-4.85409608,-18.3,38.61137081
1666900545.4149635,20624.45,20626.33,-4.70412457,-16.42,40.32918766
1666900555.3047905,20624.45,20626.33,-4.70412457,-16.42,40.32918766
1666900565.343675,20624.45,20626.33,-4.70412457,-16.42,40.32918766
1666900575.3569312,20620.12,20620.12,-5.81632567,-15.07,36.2104446
1666900585.3350985,20620.12,20620.12,-5.81632567,-15.07,36.2104446
1666900595.333998,20620.12,20620.12,-5.81632567,-15.07,36.2104446
1666900605.3720562,20620.12,20614.25,-6.28458777,-20.94,33.19678303
1666900615.3274446,20620.12,20614.25,-6.28458777,-20.94,33.19678303
1666900625.3471692,20620.12,20614.25,-6.28458777,-20.94,33.19678303
1666900635.3881657,20617.72,20617.72,-6.64155476,-16.05,35.4823408
1666900645.3541594,20617.72,20617.72,-6.64155476,-16.05,35.4823408
1666900655.3523865,20617.72,20617.72,-6.64155476,-16.05,35.4823408
1666900665.3834348,20617.72,20623.71,-6.16372,-10.06,40.97023918
1666900675.3762195,20617.72,20623.71,-6.16372,-10.06,40.97023918
1666900685.35685,20617.72,20623.71,-6.16372,-10.06,40.97023918
1666900696.3230393,20627.69,20627.69,-5.49803754,-11.31,44.27711591
1666900706.5305028,20627.69,20627.69,-5.49803754,-11.31,44.27711591
1666900716.3443174,20627.69,20627.69,-5.49803754,-11.31,44.27711591
1666900726.3610914,20627.69,20616.32,-6.40504609,-22.68,38.22026962
1666900736.3309538,20627.69,20616.32,-6.40504609,-22.68,38.22026962
1666900746.3636825,20627.69,20616.32,-6.40504609,-22.68,38.22026962
1666900756.5519311,20621.94,20621.94,-6.08630351,-19.73,41.10712253
1666900766.6100347,20621.94,20621.94,-6.08630351,-19.73,41.10712253
1666900776.6641853,20621.94,20621.94,-6.08630351,-19.73,41.10712253
1666900786.596351,20621.94,20631.01,-5.36277075,-10.66,47.63689462
1666900796.59171,20621.94,20631.01,-5.36277075,-10.66,47.63689462
1666900806.6219034,20621.94,20631.01,-5.36277075,-10.66,47.63689462
1666900816.8300874,20629.59,20629.59,-5.01204115,-9.21,46.7118841
1666900826.8368037,20629.59,20629.59,-5.01204115,-9.21,46.7118841
1666900836.8519902,20629.59,20629.59,-5.01204115,-9.21,46.7118841
1666900846.8727937,20629.59,20633.43,-4.70571636,-5.37,49.31919229
1666900856.8680906,20629.59,20633.43,-4.70571636,-5.37,49.31919229
1666900867.0305457,20629.59,20633.43,-4.70571636,-5.37,49.31919229
1666900877.5828624,20631.94,20631.94,-4.25918459,6.43,48.33838191
1666900887.5976875,20631.94,20631.94,-4.25918459,6.43,48.33838191
1666900897.5440288,20631.94,20631.94,-4.25918459,6.43,48.33838191
1666900907.5860157,20631.94,20549.73,-10.81724727,-75.78,22.48388912
1666900917.586995,20631.94,20549.73,-10.81724727,-75.78,22.48388912
1666900927.5682626,20631.94,20549.73,-10.81724727,-75.78,22.48388912
1666900937.552364,20544.52,20544.52,-16.2931105,-89.24,22.78022386
1666900947.5560925,20544.52,20544.52,-16.2931105,-89.24,22.78022386
1666900957.5989044,20544.52,20544.52,-16.2931105,-89.24,22.78022386
1666900967.5863862,20544.52,20516.37,-18.53869455,-117.39,18.28300861
1666900977.5899234,20544.52,20516.37,-18.53869455,-117.39,18.28300861
1666900987.5994756,20544.52,20516.37,-18.53869455,-117.39,18.28300861
1666900997.5867984,20542.72,20542.72,-20.08071556,-84.66,22.29709412
1666901007.582936,20542.72,20542.72,-20.08071556,-84.66,22.29709412
1666901017.5830164,20542.72,20542.72,-20.08071556,-84.66,22.29709412
1666901027.7991283,20542.72,20551.92,-19.34681243,-75.46,26.62779706
1666901037.5908992,20542.72,20551.92,-19.34681243,-75.46,26.62779706
1666901047.6216128,20542.72,20551.92,-19.34681243,-75.46,26.62779706
1666901058.2517197,20565.98,20565.98,-19.58434633,-58.47,32.98691342
1666901068.2440226,20565.98,20565.98,-19.58434633,-58.47,32.98691342
1666901078.260216,20565.98,20565.98,-19.58434633,-58.47,32.98691342
1666901088.2441952,20565.98,20536.11,-21.96713835,-88.34,27.20263185
1666901098.2816622,20565.98,20536.11,-21.96713835,-88.34,27.20263185
1666901108.267304,20565.98,20536.11,-21.96713835,-88.34,27.20263185
1666901118.3094354,20571.19,20571.19,-19.75040649,-48.93,35.28788921
1666901128.322246,20571.19,20571.19,-19.75040649,-48.93,35.28788921
1666901138.3094318,20571.19,20571.19,-19.75040649,-48.93,35.28788921
1666901148.297483,20571.19,20570.63,-19.79507885,-49.49,35.03871117
1666901158.3061862,20571.19,20570.63,-19.79507885,-49.49,35.03871117
1666901168.3273134,20571.19,20570.63,-19.79507885,-49.49,35.03871117
1666901178.3004568,20539.3,20539.3,-24.43883909,-77.3,28.82737725
1666901188.4447224,20539.3,20539.3,-24.43883909,-77.3,28.82737725
1666901198.3371646,20539.3,20539.3,-24.43883909,-77.3,28.82737725
1666901208.2997773,20539.3,20549.37,-23.63553425,-67.23,32.94833125
1666901218.3390665,20539.3,20549.37,-23.63553425,-67.23,32.94833125
1666901228.336339,20539.3,20549.37,-23.63553425,-67.23,32.94833125
1666901239.248312,20526.98,20526.98,-27.47771011,-102.09,26.36325276
1666901249.2430718,20526.98,20526.98,-27.47771011,-102.09,26.36325276
1666901259.2509224,20526.98,20526.98,-27.47771011,-102.09,26.36325276
1666901269.254561,20526.98,20511.8,-28.68865028,-117.27,24.08506253
1666901279.2543695,20526.98,20511.8,-28.68865028,-117.27,24.08506253
1666901289.2646365,20526.98,20511.8,-28.68865028,-117.27,24.08506253
1666901299.3282945,20504.0,20504.0,-32.0239719,-117.54,23.06107792
1666901309.2741015,20504.0,20504.0,-32.0239719,-117.54,23.06107792
1666901319.2459,20504.0,20504.0,-32.0239719,-117.54,23.06107792
1666901329.2821078,20504.0,20532.69,-29.73531093,-88.85,34.15071517
1666901339.2527027,20504.0,20532.69,-29.73531093,-88.85,34.15071517
1666901349.4599843,20504.0,20532.69,-29.73531093,-88.85,34.15071517
1666901359.3160844,20502.07,20502.07,-34.05750364,-127.52,22.80274476
1666901369.2929397,20502.07,20502.07,-34.05750364,-127.52,22.80274476
1666901379.3165977,20502.07,20502.07,-34.05750364,-127.52,22.80274476
1666901389.3205364,20502.07,20509.33,-33.47835834,-120.26,26.15388209
1666901399.3094337,20502.07,20509.33,-33.47835834,-120.26,26.15388209
1666901409.2942667,20502.07,20509.33,-33.47835834,-120.26,26.15388209
1666901420.0166,20508.26,20508.26,-34.32915529,-123.68,25.71311184
1666901430.009705,20508.26,20508.26,-34.32915529,-123.68,25.71311184
1666901440.022478,20508.26,20508.26,-34.32915529,-123.68,25.71311184
1666901450.0441349,20508.26,20493.97,-35.46909831,-137.97,23.21378819
1666901460.0430677,20508.26,20493.97,-35.46909831,-137.97,23.21378819
1666901470.0338974,20508.26,20493.97,-35.46909831,-137.97,23.21378819
1666901480.0703611,20506.8,20506.8,-34.71047234,-35.0,25.32204164
1666901490.0366187,20506.8,20506.8,-34.71047234,-35.0,25.32204164
1666901500.059509,20506.8,20506.8,-34.71047234,-35.0,25.32204164
1666901510.0632613,20506.8,20487.2,-36.27400511,-54.6,22.11993457
1666901520.0659206,20506.8,20487.2,-36.27400511,-54.6,22.11993457
1666901530.0634472,20506.8,20487.2,-36.27400511,-54.6,22.11993457
1666901540.2860885,20496.94,20496.94,-35.88624921,-47.01,23.53128452
1666901550.0753942,20496.94,20496.94,-35.88624921,-47.01,23.53128452
1666901560.0757046,20496.94,20496.94,-35.88624921,-47.01,23.53128452
1666901570.08841,20496.94,20471.95,-37.87975348,-72.0,20.00455777
1666901580.0961545,20496.94,20471.95,-37.87975348,-72.0,20.00455777
1666901590.0972464,20496.94,20471.95,-37.87975348,-72.0,20.00455777
1666901601.0019336,20484.75,20484.75,-37.42907343,-79.79,21.65450356
1666901610.9628682,20484.75,20484.75,-37.42907343,-79.79,21.65450356
1666901620.9700508,20484.75,20484.75,-37.42907343,-79.79,21.65450356
1666901630.983183,20484.75,20460.92,-39.33004209,-103.62,18.56198484
1666901640.979014,20484.75,20460.92,-39.33004209,-103.62,18.56198484
1666901650.9799998,20484.75,20460.92,-39.33004209,-103.62,18.56198484
1666901661.0148027,20474.67,20474.67,-38.95186115,-94.07,20.22890641
1666901671.0519347,20474.67,20474.67,-38.95186115,-94.07,20.22890641
1666901681.0158503,20474.67,20474.67,-38.95186115,-94.07,20.22890641
1666901691.0309827,20474.67,20483.23,-38.26901215,-85.51,24.75893985
1666901701.0430744,20474.67,20483.23,-38.26901215,-85.51,24.75893985
1666901711.0612023,20474.67,20483.23,-38.26901215,-85.51,24.75893985
1666901721.055339,20497.7,20497.7,-35.85302974,-39.93,31.36860558
1666901731.309758,20497.7,20497.7,-35.85302974,-39.93,31.36860558
1666901741.2648263,20497.7,20502.0,-35.5100098,-35.63,33.23938877
1666901751.3122008,20497.7,20502.0,-35.5100098,-35.63,33.23938877
1666901761.1874125,20497.7,20502.0,-35.5100098,-35.63,33.23938877
1666901771.2310529,20491.63,20491.63,-35.27589777,-35.35,30.02218427
1666901782.6283958,20491.63,20491.63,-35.27589777,-35.35,30.02218427
1666901792.4347453,20491.63,20491.63,-35.27589777,-35.35,30.02218427
1666901802.4197586,20491.63,20485.32,-35.77925959,-41.66,28.7864563
1666901812.4323466,20491.63,20485.32,-35.77925959,-41.66,28.7864563
1666901822.4631493,20491.63,20485.32,-35.77925959,-41.66,28.7864563
1666901832.434342,20473.02,20473.02,-36.67310831,-30.98,26.64836198
1666901842.465309,20473.02,20473.02,-36.67310831,-30.98,26.64836198
1666901852.4545355,20473.02,20473.02,-36.67310831,-30.98,26.64836198
1666901862.4561758,20473.02,20468.1,-37.06558695,-35.9,25.82217905
1666901872.4539433,20473.02,20468.1,-37.06558695,-35.9,25.82217905
1666901882.4553173,20473.02,20468.1,-37.06558695,-35.9,25.82217905
1666901892.4517343,20414.66,20414.66,-44.43666108,-87.41,19.3171404
1666901902.4540906,20414.66,20414.66,-44.43666108,-87.41,19.3171404
1666901912.4561672,20414.66,20414.66,-44.43666108,-87.41,19.3171404
1666901922.7772377,20414.66,20438.47,-42.53728786,-63.6,28.01793514
1666901932.5357735,20414.66,20438.47,-42.53728786,-63.6,28.01793514
1666901942.497853,20414.66,20438.47,-42.53728786,-63.6,28.01793514
1666901952.4969018,20381.03,20381.03,-51.11998197,-126.22,16.50330795
1666901963.1329882,20381.03,20381.03,-51.11998197,-126.22,16.50330795
1666901973.1627474,20381.03,20381.03,-51.11998197,-126.22,16.50330795
1666901983.1764002,20381.03,20393.74,-50.10607884,-113.51,21.18110193
1666901993.2078393,20381.03,20393.74,-50.10607884,-113.51,21.18110193
1666902003.1995847,20381.03,20393.74,-50.10607884,-113.51,21.18110193
1666902013.1984782,20405.43,20405.43,-50.22191049,-100.89,25.04344122
1666902023.211022,20405.43,20405.43,-50.22191049,-100.89,25.04344122
1666902033.2422984,20405.43,20405.43,-50.22191049,-100.89,25.04344122
1666902043.232103,20405.43,20381.64,-52.11968827,-124.68,22.61472896
1666902053.2339842,20405.43,20381.64,-52.11968827,-124.68,22.61472896
1666902063.226296,20405.43,20381.64,-52.11968827,-124.68,22.61472896
1666902073.1938038,20360.03,20360.03,-56.88880839,-136.91,20.7838161
1666902083.426942,20360.03,20360.03,-56.88880839,-136.91,20.7838161
1666902093.241812,20360.03,20360.03,-56.88880839,-136.91,20.7838161
1666902103.2403927,20360.03,20389.66,-54.52516166,-107.28,29.24263118
1666902113.1996684,20360.03,20389.66,-54.52516166,-107.28,29.24263118
1666902123.2069392,20360.03,20389.66,-54.52516166,-107.28,29.24263118
1666902133.2203484,20360.03,20389.66,-54.52516166,-107.28,29.24263118
1666902143.8235328,20381.76,20381.76,-55.55457208,-104.23,27.16911887
1666902154.1151338,20381.76,20381.76,-55.55457208,-104.23,27.16911887
1666902163.8279734,20381.76,20364.03,-56.96893105,-121.96,25.3720805
1666902173.8263228,20381.76,20364.03,-56.96893105,-121.96,25.3720805
1666902183.9081943,20381.76,20364.03,-56.96893105,-121.96,25.3720805
1666902193.8605523,20352.99,20352.99,-59.30124249,-121.68,24.36845846
1666902203.831316,20352.99,20352.99,-59.30124249,-121.68,24.36845846
1666902213.867701,20352.99,20352.99,-59.30124249,-121.68,24.36845846
1666902223.8764503,20352.99,20307.64,-62.9189063,-167.03,20.73933431
1666902233.89682,20352.99,20307.64,-62.9189063,-167.03,20.73933431
1666902243.8468652,20352.99,20307.64,-62.9189063,-167.03,20.73933431
1666902253.8803232,20316.8,20316.8,-64.9753654,-180.29,21.71525926
1666902263.9056983,20316.8,20316.8,-64.9753654,-180.29,21.71525926
1666902274.1267755,20316.8,20316.8,-64.9753654,-180.29,21.71525926
1666902283.8601954,20316.8,20325.28,-64.29889816,-171.81,24.03835665
1666902293.9076653,20316.8,20325.28,-64.29889816,-171.81,24.03835665
1666902303.8705404,20316.8,20325.28,-64.29889816,-171.81,24.03835665
1666902313.8487425,20307.97,20307.97,-67.56807731,-183.66,20.72372983
1666902324.4813929,20307.97,20307.97,-67.56807731,-183.66,20.72372983
1666902334.5248811,20307.97,20307.97,-67.56807731,-183.66,20.72372983
1666902344.523427,20307.97,20337.94,-65.17730808,-153.69,28.83864043
1666902354.541883,20307.97,20337.94,-65.17730808,-153.69,28.83864043
1666902364.5307136,20307.97,20337.94,-65.17730808,-153.69,28.83864043
1666902374.5470395,20319.56,20319.56,-66.74076923,-153.46,24.10577745
1666902384.5666482,20319.56,20319.56,-66.74076923,-153.46,24.10577745
1666902394.8561132,20319.56,20319.56,-66.74076923,-153.46,24.10577745
1666902404.560978,20319.56,20326.68,-66.17279203,-146.34,26.16845777
1666902414.5733511,20319.56,20326.68,-66.17279203,-146.34,26.16845777
1666902424.5630002,20319.56,20326.68,-66.17279203,-146.34,26.16845777
1666902434.810778,20293.84,20293.84,-69.58972799,-120.82,21.56358106
1666902444.5620065,20293.84,20293.84,-69.58972799,-120.82,21.56358106
1666902454.5915186,20293.84,20293.84,-69.58972799,-120.82,21.56358106
1666902464.5955992,20293.84,20270.99,-71.41252001,-143.67,19.8059511
1666902474.5899096,20293.84,20270.99,-71.41252001,-143.67,19.8059511
1666902484.5804205,20293.84,20270.99,-71.41252001,-143.67,19.8059511
1666902494.584016,20266.57,20266.57,-73.27624097,-114.45,19.49852245
1666902505.3586998,20266.57,20266.57,-73.27624097,-114.45,19.49852245
1666902515.369864,20266.57,20266.57,-73.27624097,-114.45,19.49852245
1666902525.3671346,20266.57,20289.26,-71.46621248,-91.76,25.86054126
1666902535.396145,20266.57,20289.26,-71.46621248,-91.76,25.86054126
1666902545.3878765,20266.57,20289.26,-71.46621248,-91.76,25.86054126
1666902555.4232762,20312.05,20312.05,-67.19595058,-93.38,31.31280327
1666902565.4125566,20312.05,20312.05,-67.19595058,-93.38,31.31280327
1666902575.4188864,20312.05,20312.05,-67.19595058,-93.38,31.31280327
1666902585.6236427,20312.05,20309.89,-67.36825827,-95.54,31.07951354
1666902595.5811737,20312.05,20309.89,-67.36825827,-95.54,31.07951354
1666902605.389131,20312.05,20309.89,-67.36825827,-95.54,31.07951354
1666902615.430485,20302.51,20302.51,-65.77804792,-57.52,30.29790471
1666902625.4176016,20302.51,20302.51,-65.77804792,-57.52,30.29790471
1666902635.4192803,20302.51,20302.51,-65.77804792,-57.52,30.29790471
1666902645.4163573,20302.51,20301.08,-65.892122,-58.95,30.14182424
1666902655.420599,20302.51,20301.08,-65.892122,-58.95,30.14182424
1666902665.391769,20302.51,20301.08,-65.892122,-58.95,30.14182424
1666902675.4415607,20295.25,20295.25,-64.428219,-86.51,29.52179629
1666902686.0066917,20295.25,20295.25,-64.428219,-86.51,29.52179629
1666902696.0352435,20295.25,20295.25,-64.428219,-86.51,29.52179629
1666902706.0494697,20295.25,20339.45,-60.90229307,-42.31,39.65649142
1666902716.1763918,20295.25,20339.45,-60.90229307,-42.31,39.65649142
1666902726.044161,20295.25,20339.45,-60.90229307,-42.31,39.65649142
1666902736.051103,20354.63,20354.63,-53.7879692,1.64,42.49673922
1666902746.0767665,20354.63,20354.63,-53.7879692,1.64,42.49673922
1666902756.0428972,20354.63,20354.63,-53.7879692,1.64,42.49673922
1666902766.0353067,20354.63,20390.0,-50.96643073,37.01,48.56972236
1666902776.0548954,20354.63,20390.0,-50.96643073,37.01,48.56972236
1666902786.224503,20354.63,20390.0,-50.96643073,37.01,48.56972236
1666902796.028149,20382.55,20382.55,-44.60362701,67.32,47.39954315
1666902806.0808954,20382.55,20382.55,-44.60362701,67.32,47.39954315
1666902816.1203134,20382.55,20382.55,-44.60362701,67.32,47.39954315
1666902826.1149116,20382.55,20397.37,-43.42140479,82.14,49.8442718
1666902836.114841,20382.55,20397.37,-43.42140479,82.14,49.8442718
1666902846.1085403,20382.55,20397.37,-43.42140479,82.14,49.8442718
1666902856.056711,20424.46,20424.46,-32.81556295,116.48,53.7876402
1666902866.627128,20424.46,20424.46,-32.81556295,116.48,53.7876402
1666902876.6285112,20424.46,20424.46,-32.81556295,116.48,53.7876402
1666902886.6241288,20424.46,20444.39,-31.2257054,136.41,56.48630236
1666902896.612413,20424.46,20444.39,-31.2257054,136.41,56.48630236
1666902906.6075122,20424.46,20444.39,-31.2257054,136.41,56.48630236
1666902916.7461104,20466.97,20466.97,-19.7190938,149.05,59.18658922
1666902926.6336498,20466.97,20466.97,-19.7190938,149.05,59.18658922
1666902936.665867,20466.97,20466.97,-19.7190938,149.05,59.18658922
1666902946.6427236,20466.97,20403.79,-24.7590938,85.87,49.86264634
1666902956.663973,20466.97,20403.79,-24.7590938,85.87,49.86264634
1666902966.6517866,20466.97,20403.79,-24.7590938,85.87,49.86264634
1666902976.6482153,20385.27,20385.27,-23.50259936,91.43,47.68276105
1666902986.6454475,20385.27,20385.27,-23.50259936,91.43,47.68276105
1666902996.6556814,20385.27,20385.27,-23.50259936,91.43,47.68276105
1666903006.676291,20385.27,20412.56,-21.32561931,118.72,51.0913718
1666903016.6236515,20385.27,20412.56,-21.32561931,118.72,51.0913718
1666903026.6507492,20385.27,20412.56,-21.32561931,118.72,51.0913718
1666903036.6574583,20401.75,20401.75,-18.6994366,135.18,49.79569797
1666903048.2561748,20401.75,20401.75,-18.6994366,135.18,49.79569797
1666903058.1006663,20401.75,20401.75,-18.6994366,135.18,49.79569797
1666903068.048388,20401.75,20406.07,-18.35482122,139.5,50.36163796
1666903078.0799146,20401.75,20406.07,-18.35482122,139.5,50.36163796
1666903088.0427618,20401.75,20406.07,-18.35482122,139.5,50.36163796
1666903098.031506,20402.54,20402.54,-15.64087527,90.49,49.90005797
1666903108.1978402,20402.54,20402.54,-15.64087527,90.49,49.90005797
1666903118.0667174,20402.54,20402.54,-15.64087527,90.49,49.90005797
1666903128.0903063,20402.54,20417.81,-14.42275561,105.76,51.97981177
1666903138.094674,20402.54,20417.81,-14.42275561,105.76,51.97981177
1666903148.065456,20402.54,20417.81,-14.42275561,105.76,51.97981177
1666903158.1142614,20414.79,20414.79,-11.28793511,110.99,51.5518796
1666903168.1363745,20414.79,20414.79,-11.28793511,110.99,51.5518796
1666903178.11835,20414.79,20414.79,-11.28793511,110.99,51.5518796
1666903188.0788066,20414.79,20393.44,-12.99106901,89.64,48.52102464
1666903198.110074,20414.79,20393.44,-12.99106901,89.64,48.52102464
1666903208.1165102,20414.79,20393.44,-12.99106901,89.64,48.52102464
1666903218.099408,20402.04,20402.04,-10.41498919,106.79,49.69797991
1666903229.2077966,20402.04,20402.04,-10.41498919,106.79,49.69797991
1666903239.1762185,20402.04,20402.04,-10.41498919,106.79,49.69797991
1666903249.2285914,20402.04,20416.0,-9.30137095,120.75,51.74419467
1666903259.201432,20402.04,20416.0,-9.30137095,120.75,51.74419467
1666903269.4734552,20402.04,20416.0,-9.30137095,120.75,51.74419467
1666903279.2420545,20397.69,20397.69,-9.43042616,43.05,49.04987783
1666903289.2239878,20397.69,20397.69,-9.43042616,43.05,49.04987783
1666903299.2306528,20397.69,20397.69,-9.43042616,43.05,49.04987783
1666903309.2004552,20397.69,20402.21,-9.06985635,47.57,49.78268885
1666903319.224888,20397.69,20402.21,-9.06985635,47.57,49.78268885
1666903329.2267325,20397.69,20402.21,-9.06985635,47.57,49.78268885
1666903339.2963507,20388.51,20388.51,-9.57741048,5.96,47.63800257
1666903349.2944703,20388.51,20388.51,-9.57741048,5.96,47.63800257
1666903360.8189442,20388.51,20367.59,-11.24624238,-14.96,44.49480696
1666903376.8341458,20388.51,20367.59,-11.24624238,-14.96,44.49480696
1666903383.515079,20388.51,20367.59,-11.24624238,-14.96,44.49480696
1666903393.4738455,20367.35,20367.35,-11.94917383,-55.56,44.45209984
1666903404.0379932,20367.35,20367.35,-11.94917383,-55.56,44.45209984
1666903418.3129747,20367.35,20367.35,-11.94917383,-55.56,44.45209984
1666903427.8656714,20367.35,20391.2,-10.04660973,-31.71,48.60367019
1666903437.9327269,20367.35,20391.2,-10.04660973,-31.71,48.60367019
1666903452.0787392,20385.03,20385.03,-9.82864898,-81.94,47.58747336
1666903462.2019334,20385.03,20385.03,-9.82864898,-81.94,47.58747336
1666903472.521239,20385.03,20385.03,-9.82864898,-81.94,47.58747336
1666903482.4021952,20385.03,20386.16,-9.73850653,-80.81,47.77311188
1666903492.4522562,20385.03,20386.16,-9.73850653,-80.81,47.77311188
1666903502.4224095,20385.03,20386.16,-9.73850653,-80.81,47.77311188
1666903512.459083,20393.53,20393.53,-8.03304599,9.28,49.06856316
1666903522.5927086,20393.53,20393.53,-8.03304599,9.28,49.06856316
1666903532.4596992,20393.53,20393.53,-8.03304599,9.28,49.06856316
1666903542.6553595,20393.53,20409.23,-6.78062434,24.98,51.81253397
1666903552.4628303,20393.53,20409.23,-6.78062434,24.98,51.81253397
1666903562.4671333,20393.53,20409.23,-6.78062434,24.98,51.81253397
1666903572.4963331,20393.53,20409.23,-6.78062434,24.98,51.81253397
1666903582.4188025,20414.07,20414.07,-4.11307768,12.32,52.57496828
1666903592.4921353,20414.07,20414.07,-4.11307768,12.32,52.57496828
1666903603.2417333,20414.07,20414.07,-4.11307768,12.32,52.57496828
1666903613.2538023,20414.07,20423.15,-3.3887472,21.4,54.10513051
1666903623.4085271,20414.07,20423.15,-3.3887472,21.4,54.10513051
1666903633.278762,20431.84,20431.84,0.13153155,29.29,55.47705311
1666903643.2734413,20431.84,20431.84,0.13153155,29.29,55.47705311
1666903653.2667727,20431.84,20431.84,0.13153155,29.29,55.47705311
1666903663.2632854,20431.84,20427.06,-0.24977899,24.51,54.54638554
1666903673.259201,20431.84,20427.06,-0.24977899,24.51,54.54638554
1666903683.25486,20431.84,20427.06,-0.24977899,24.51,54.54638554
1666903693.2781246,20412.02,20412.02,-0.40433978,-4.34,51.71836167
1666903703.3169994,20412.02,20412.02,-0.40433978,-4.34,51.71836167
1666903713.2452564,20412.02,20412.02,-0.40433978,-4.34,51.71836167
1666903723.276342,20412.02,20409.81,-0.58063608,-6.55,51.29749708
1666903733.3242338,20412.02,20409.81,-0.58063608,-6.55,51.29749708
1666903743.289181,20412.02,20409.81,-0.58063608,-6.55,51.29749708
1666903753.304953,20412.02,20409.81,-0.58063608,-6.55,51.29749708
1666903763.2948194,20420.99,20420.99,1.68718734,18.95,53.27433405
1666903773.317552,20420.99,20420.99,1.68718734,18.95,53.27433405
1666903783.715727,20420.99,20422.17,1.78131839,20.13,53.48669338
1666903793.7158372,20420.99,20422.17,1.78131839,20.13,53.48669338
1666903803.7460845,20420.99,20422.17,1.78131839,20.13,53.48669338
1666903814.1403112,20422.5,20422.5,2.90895375,24.81,53.55700573
1666903823.890641,20422.5,20422.5,2.90895375,24.81,53.55700573
1666903833.931492,20422.5,20422.5,2.90895375,24.81,53.55700573
1666903844.1251988,20422.5,20403.3,1.37732982,5.61,49.60952769
1666903853.8963015,20422.5,20403.3,1.37732982,5.61,49.60952769
1666903863.8667746,20422.5,20403.3,1.37732982,5.61,49.60952769
1666903873.9578266,20401.3,20401.3,0.79301827,12.79,49.22940175
1666903883.9154782,20401.3,20401.3,0.79301827,12.79,49.22940175
1666903893.9049582,20401.3,20401.3,0.79301827,12.79,49.22940175
1666903903.9287634,20401.3,20401.3,0.79301827,12.79,49.22940175
1666903913.9140432,20401.3,20403.45,0.96452824,14.94,49.67581015
1666903923.977958,20401.3,20403.45,0.96452824,14.94,49.67581015
1666903933.8883278,20413.79,20413.79,2.24205561,45.6,51.70562352
1666903944.151245,20413.79,20413.79,2.24205561,45.6,51.70562352
1666903953.912179,20413.79,20413.79,2.24205561,45.6,51.70562352
1666903964.9784093,20413.79,20430.78,3.59738324,62.59,54.94639664
1666903975.1132662,20413.79,20430.78,3.59738324,62.59,54.94639664
1666903984.9982252,20413.79,20430.78,3.59738324,62.59,54.94639664
1666903994.944241,20429.56,20429.56,4.7181706,43.34,54.74131432
1666904004.961813,20429.56,20429.56,4.7181706,43.34,54.74131432
1666904015.006947,20429.56,20429.56,4.7181706,43.34,54.74131432
1666904025.00201,20429.56,20435.84,5.21913926,49.62,55.92206186
1666904035.0381014,20429.56,20435.84,5.21913926,49.62,55.92206186
1666904045.024122,20429.56,20435.84,5.21913926,49.62,55.92206186
1666904055.2745855,20429.6,20429.6,5.68129954,36.07,54.7491836
1666904065.0339978,20429.6,20429.6,5.68129954,36.07,54.7491836
1666904075.0253055,20429.6,20429.6,5.68129954,36.07,54.7491836
1666904085.024616,20429.6,20420.52,4.95696906,26.99,52.55758994
1666904095.0410795,20429.6,20420.52,4.95696906,26.99,52.55758994
1666904105.0152612,20429.6,20420.52,4.95696906,26.99,52.55758994
1666904115.0509963,20422.62,20422.62,5.27908654,7.75,53.03050459
1666904125.0414166,20422.62,20422.62,5.27908654,7.75,53.03050459
1666904135.141234,20422.62,20422.62,5.27908654,7.75,53.03050459
1666904146.1395285,20422.62,20420.97,5.14746261,6.1,52.66186064
1666904156.1350365,20422.62,20420.97,5.14746261,6.1,52.66186064
1666904166.1790144,20422.62,20420.97,5.14746261,6.1,52.66186064
1666904176.1319034,20415.52,20415.52,4.4413738,-15.48,51.33151703
1666904186.142766,20415.52,20415.52,4.4413738,-15.48,51.33151703
1666904196.1365604,20415.52,20415.52,4.4413738,-15.48,51.33151703
1666904206.1747863,20415.52,20408.47,3.87898064,-22.53,49.58552761
1666904216.1547906,20415.52,20408.47,3.87898064,-22.53,49.58552761
1666904226.1893322,20415.52,20408.47,3.87898064,-22.53,49.58552761
1666904236.1735022,20402.81,20402.81,2.38146137,-9.21,48.26745533
1666904246.1742797,20402.81,20402.81,2.38146137,-9.21,48.26745533
1666904256.1892328,20402.81,20402.81,2.38146137,-9.21,48.26745533
1666904266.197549,20402.81,20408.79,2.85849841,-3.23,49.786173
1666904276.1631455,20402.81,20408.79,2.85849841,-3.23,49.786173
1666904286.1228378,20402.81,20408.79,2.85849841,-3.23,49.786173
1666904296.1727006,20410.97,20410.97,2.75976204,-10.02,50.29277858
1666904306.1965327,20410.97,20410.97,2.75976204,-10.02,50.29277858
1666904316.2026942,20410.97,20410.97,2.75976204,-10.02,50.29277858
1666904326.7003293,20410.97,20411.99,2.84112956,-9.0,50.55941722
1666904336.6608016,20410.97,20411.99,2.84112956,-9.0,50.55941722
1666904346.6594715,20410.97,20411.99,2.84112956,-9.0,50.55941722
1666904356.7893443,20407.94,20407.94,2.07731569,-13.74,49.49707135
1666904366.7642558,20407.94,20407.94,2.07731569,-13.74,49.49707135
1666904376.69808,20407.94,20407.94,2.07731569,-13.74,49.49707135
1666904386.69256,20407.94,20398.26,1.30512195,-23.42,47.00370085
1666904396.7468944,20407.94,20398.26,1.30512195,-23.42,47.00370085
1666904406.6904366,20407.94,20398.26,1.30512195,-23.42,47.00370085
1666904416.7256255,20395.8,20395.8,-0.07217925,-5.5,46.40958013
1666904426.7538846,20395.8,20395.8,-0.07217925,-5.5,46.40958013
1666904436.7663443,20395.8,20395.8,-0.07217925,-5.5,46.40958013
1666904446.857119,20395.8,20391.14,-0.44391714,-10.16,45.24296082
1666904456.7793536,20395.8,20391.14,-0.44391714,-10.16,45.24296082
1666904466.788622,20395.8,20391.14,-0.44391714,-10.16,45.24296082
1666904476.7465987,20395.93,20395.93,-0.97831296,-18.27,46.44810227
1666904486.7814126,20395.93,20395.93,-0.97831296,-18.27,46.44810227
1666904496.779045,20395.93,20395.93,-0.97831296,-18.27,46.44810227
1666904507.3052168,20395.93,20395.65,-1.00064914,-18.55,46.37078667
1666904517.4662178,20395.93,20395.65,-1.00064914,-18.55,46.37078667
1666904527.3126595,20395.93,20395.65,-1.00064914,-18.55,46.37078667
1666904537.333608,20383.85,20383.85,-3.39288171,-44.79,43.33113921
1666904547.348437,20383.85,20383.85,-3.39288171,-44.79,43.33113921
1666904557.289888,20383.85,20383.85,-3.39288171,-44.79,43.33113921
1666904567.3471932,20383.85,20369.93,-4.50330906,-58.71,40.00008586
1666904577.3719368,20383.85,20369.93,-4.50330906,-58.71,40.00008586
1666904587.3007114,20383.85,20369.93,-4.50330906,-58.71,40.00008586
1666904597.5805254,20374.31,20374.31,-5.77490688,-55.28,40.97289962
1666904607.3647792,20374.31,20374.31,-5.77490688,-55.28,40.97289962
1666904617.3570788,20374.31,20374.31,-5.77490688,-55.28,40.97289962
1666904627.373859,20374.31,20372.66,-5.90653082,-56.93,40.56514426
1666904637.384065,20374.31,20372.66,-5.90653082,-56.93,40.56514426
1666904647.356845,20374.31,20372.66,-5.90653082,-56.93,40.56514426
1666904657.4077728,20366.58,20366.58,-8.08203499,-54.36,39.11444627
1666904667.3824005,20366.58,20366.58,-8.08203499,-54.36,39.11444627
1666904677.5030446,20366.58,20366.58,-8.08203499,-54.36,39.11444627
1666904687.9439971,20366.58,20378.77,-7.10961334,-42.17,43.36364304
1666904697.942824,20366.58,20378.77,-7.10961334,-42.17,43.36364304
1666904708.173686,20366.58,20378.77,-7.10961334,-42.17,43.36364304
1666904718.0026543,20384.99,20384.99,-6.78540139,-30.53,45.36876597
1666904728.0808704,20384.99,20384.99,-6.78540139,-30.53,45.36876597
1666904738.0087838,20384.99,20384.99,-6.78540139,-30.53,45.36876597
1666904748.009001,20384.99,20376.77,-7.44112789,-38.75,43.17738908
1666904757.986069,20384.99,20376.77,-7.44112789,-38.75,43.17738908
1666904768.0381775,20384.99,20376.77,-7.44112789,-38.75,43.17738908
1666904778.031965,20386.58,20386.58,-6.52293938,-16.23,45.92940056
1666904788.0217807,20386.58,20386.58,-6.52293938,-16.23,45.92940056
1666904798.0525286,20386.58,20386.58,-6.52293938,-16.23,45.92940056
1666904808.0228922,20386.58,20390.5,-6.21023283,-12.31,47.21150982
1666904818.0278106,20386.58,20390.5,-6.21023283,-12.31,47.21150982
1666904828.0308557,20386.58,20390.5,-6.21023283,-12.31,47.21150982
1666904838.0378258,20396.34,20396.34,-5.0377015,-15.79,49.10026901
1666904848.0564942,20396.34,20396.34,-5.0377015,-15.79,49.10026901
1666904858.0302768,20396.34,20396.34,-5.0377015,-15.79,49.10026901
1666904869.0682707,20396.34,20393.49,-5.26505193,-18.64,48.19435737
1666904878.749938,20396.34,20393.49,-5.26505193,-18.64,48.19435737
1666904888.7411914,20396.34,20393.49,-5.26505193,-18.64,48.19435737
1666904898.770048,20391.41,20391.41,-5.12730597,-17.56,47.55402169
1666904908.770708,20391.41,20391.41,-5.12730597,-17.56,47.55402169
1666904918.7786486,20391.41,20391.41,-5.12730597,-17.56,47.55402169
1666904928.8123076,20391.41,20378.9,-6.12525469,-30.07,43.78590381
1666904938.774074,20391.41,20378.9,-6.12525469,-30.07,43.78590381
1666904948.7973282,20391.41,20378.9,-6.12525469,-30.07,43.78590381
1666904958.7587118,20381.09,20381.09,-6.31814804,-14.71,44.44726325
1666904968.799729,20381.09,20381.09,-6.31814804,-14.71,44.44726325
1666904978.7836063,20381.09,20381.09,-6.31814804,-14.71,44.44726325
1666904988.8181765,20381.09,20368.0,-7.36236457,-27.8,40.72369961
1666904998.815956,20381.09,20368.0,-7.36236457,-27.8,40.72369961
1666905008.8318057,20381.09,20368.0,-7.36236457,-27.8,40.72369961
1666905018.7918882,20357.92,20357.92,-9.78076662,-38.01,38.27596573
1666905029.111052,20357.92,20357.92,-9.78076662,-38.01,38.27596573
1666905038.794239,20357.92,20357.92,-9.78076662,-38.01,38.27596573
1666905049.4170814,20357.92,20351.93,-10.25860138,-44.0,36.85820756
1666905059.4743998,20357.92,20351.93,-10.25860138,-44.0,36.85820756
1666905069.501343,20357.92,20351.93,-10.25860138,-44.0,36.85820756
1666905079.4369483,20349.37,20349.37,-12.21169999,-34.48,36.50119071
1666905089.4299085,20349.37,20349.37,-12.21169999,-34.48,36.50119071
1666905099.4334843,20349.37,20349.37,-12.21169999,-34.48,36.50119071
1666905109.4096754,20349.37,20357.11,-11.59426409,-26.74,39.52678171
1666905119.4208484,20349.37,20357.11,-11.59426409,-26.74,39.52678171
1666905129.420307,20349.37,20357.11,-11.59426409,-26.74,39.52678171
1666905139.4446602,20363.08,20363.08,-11.47592849,-12.28,41.68833806
1666905149.4778042,20363.08,20363.08,-11.47592849,-12.28,41.68833806
1666905159.4609437,20363.08,20363.08,-11.47592849,-12.28,41.68833806
1666905169.4646757,20363.08,20365.35,-11.29484587,-10.01,42.52241302
1666905179.4794972,20363.08,20365.35,-11.29484587,-10.01,42.52241302
1666905189.474352,20363.08,20365.35,-11.29484587,-10.01,42.52241302
1666905199.4909475,20357.91,20357.91,-12.31514289,-9.57,40.27546972
1666905209.468694,20357.91,20357.91,-12.31514289,-9.57,40.27546972
1666905219.4737597,20357.91,20357.91,-12.31514289,-9.57,40.27546972
1666905230.374777,20357.91,20365.62,-11.70010016,-1.86,43.21702176
1666905240.6092284,20357.91,20365.62,-11.70010016,-1.86,43.21702176
1666905250.344162,20365.0,20365.0,-11.45209656,-19.71,43.05098098
1666905260.3765404,20365.0,20365.0,-11.45209656,-19.71,43.05098098
1666905270.405757,20365.0,20365.0,-11.45209656,-19.71,43.05098098
1666905280.39739,20365.0,20353.72,-12.35192562,-30.99,39.97282649
1666905290.4066503,20365.0,20353.72,-12.35192562,-30.99,39.97282649
1666905300.3966074,20365.0,20353.72,-12.35192562,-30.99,39.97282649
1666905310.394257,20353.75,20353.75,-12.80838579,-34.09,40.16660553
1666905320.4243152,20353.75,20353.75,-12.80838579,-34.09,40.16660553
1666905330.4505963,20353.75,20353.75,-12.80838579,-34.09,40.16660553
1666905340.4048204,20353.75,20353.75,-12.80838579,-34.09,40.16660553
1666905350.4217637,20353.75,20355.56,-12.66399833,-32.28,40.8856768
1666905360.3913622,20353.75,20355.56,-12.66399833,-32.28,40.8856768
1666905370.374545,20353.75,20355.56,-12.66399833,-32.28,40.8856768
1666905380.4275756,20356.96,20356.96,-12.45680135,-39.44,41.4829388
1666905390.3551507,20356.96,20356.96,-12.45680135,-39.44,41.4829388
1666905400.3794174,20356.96,20356.96,-12.45680135,-39.44,41.4829388
1666905411.2858813,20356.96,20358.09,-12.3666589,-38.31,41.87835961
1666905421.296997,20356.96,20358.09,-12.3666589,-38.31,41.87835961
1666905431.2982714,20361.76,20361.76,-11.60387777,-29.65,43.34325482
1666905441.3417346,20361.76,20361.76,-11.60387777,-29.65,43.34325482
1666905451.354958,20361.76,20361.76,-11.60387777,-29.65,43.34325482
1666905461.339502,20361.76,20367.41,-11.15316551,-24.0,45.61121684
1666905471.2805955,20361.76,20367.41,-11.15316551,-24.0,45.61121684
1666905481.324119,20361.76,20367.41,-11.15316551,-24.0,45.61121684
1666905491.323073,20347.64,20347.64,-13.09318083,-32.99,39.2383141
1666905501.3126616,20347.64,20347.64,-13.09318083,-32.99,39.2383141
1666905511.285974,20347.64,20347.64,-13.09318083,-32.99,39.2383141
1666905521.3404047,20347.64,20334.91,-14.10867941,-45.72,35.94065321
1666905531.289019,20347.64,20334.91,-14.10867941,-45.72,35.94065321
1666905541.35055,20347.64,20334.91,-14.10867941,-45.72,35.94065321
1666905551.3618774,20340.42,20340.42,-14.24894801,-17.5,37.29739548
1666905561.3574195,20340.42,20340.42,-14.24894801,-17.5,37.29739548
1666905571.336914,20340.42,20340.42,-14.24894801,-17.5,37.29739548
1666905581.3837605,20340.42,20334.35,-14.73316454,-23.57,35.69863017
1666905592.0142508,20340.42,20334.35,-14.73316454,-23.57,35.69863017
1666905601.9864888,20340.42,20334.35,-14.73316454,-23.57,35.69863017
1666905612.0197144,20336.01,20336.01,-15.16424468,-12.24,36.12207644
1666905622.0131166,20336.01,20336.01,-15.16424468,-12.24,36.12207644
1666905632.0406194,20336.01,20336.01,-15.16424468,-12.24,36.12207644
1666905642.0650065,20336.01,20335.17,-15.23125322,-13.08,35.89008226
1666905652.01936,20336.01,20335.17,-15.23125322,-13.08,35.89008226
1666905662.0557966,20336.01,20335.17,-15.23125322,-13.08,35.89008226
1666905672.035972,20335.53,20335.53,-15.47860423,-26.88,35.98150301
1666905682.0626676,20335.53,20335.53,-15.47860423,-26.88,35.98150301
1666905692.1915095,20335.53,20335.53,-15.47860423,-26.88,35.98150301
1666905702.0682204,20335.53,20330.71,-15.86310565,-31.7,34.60462391
1666905712.0339894,20335.53,20330.71,-15.86310565,-31.7,34.60462391
1666905722.0787213,20335.53,20330.71,-15.86310565,-31.7,34.60462391
1666905732.044246,20335.53,20330.71,-15.86310565,-31.7,34.60462391
1666905742.091823,20325.97,20325.97,-16.94724389,-31.93,33.60766256
1666905752.0853243,20325.97,20325.97,-16.94724389,-31.93,33.60766256
1666905762.1051726,20325.97,20335.86,-16.15829802,-22.04,38.54576522
1666905772.5803738,20325.97,20335.86,-16.15829802,-22.04,38.54576522
1666905782.549024,20325.97,20335.86,-16.15829802,-22.04,38.54576522
1666905792.5926986,20332.43,20332.43,-16.26267894,-33.45,37.13573478
1666905802.6514926,20332.43,20332.43,-16.26267894,-33.45,37.13573478
1666905812.5548673,20332.43,20332.43,-16.26267894,-33.45,37.13573478
1666905822.5663586,20332.43,20335.81,-15.99304931,-30.07,38.59904579
1666905832.5549464,20332.43,20335.81,-15.99304931,-30.07,38.59904579
1666905842.5609748,20332.43,20335.81,-15.99304931,-30.07,38.59904579
1666905852.5889432,20350.49,20350.49,-13.42304684,-2.05,45.15173688
1666905862.5507956,20350.49,20350.49,-13.42304684,-2.05,45.15173688
1666905872.5804474,20350.49,20350.49,-13.42304684,-2.05,45.15173688
1666905882.6101632,20350.49,20357.04,-12.90053972,4.5,47.76204511
1666905892.594794,20350.49,20357.04,-12.90053972,4.5,47.76204511
1666905902.577644,20350.49,20357.04,-12.90053972,4.5,47.76204511
1666905912.6216853,20353.36,20353.36,-11.75113667,-4.18,46.32654535
1666905922.612392,20353.36,20353.36,-11.75113667,-4.18,46.32654535
1666905932.6120286,20353.36,20353.36,-11.75113667,-4.18,46.32654535
1666905942.6283894,20353.36,20357.03,-11.45837314,-0.51,47.8367149
1666905953.9980884,20353.36,20357.03,-11.45837314,-0.51,47.8367149
1666905964.0415382,20353.36,20357.03,-11.45837314,-0.51,47.8367149
1666905974.0107682,20369.4,20369.4,-8.28484495,7.74,52.51996913
1666905984.0476775,20369.4,20369.4,-8.28484495,7.74,52.51996913
1666905994.0096333,20369.4,20369.4,-8.28484495,7.74,52.51996913
1666906004.0526292,20369.4,20365.05,-8.6318535,3.39,50.79342323
1666906014.02652,20369.4,20365.05,-8.6318535,3.39,50.79342323
1666906024.0582612,20369.4,20365.05,-8.6318535,3.39,50.79342323
1666906034.041971,20377.05,20377.05,-5.39449398,29.41,55.19850645
1666906044.043918,20377.05,20377.05,-5.39449398,29.41,55.19850645
1666906054.046587,20377.05,20377.05,-5.39449398,29.41,55.19850645
1666906064.0326362,20377.05,20370.03,-5.95449398,22.39,52.28367673
1666906074.0644662,20377.05,20370.03,-5.95449398,22.39,52.28367673
1666906084.0697317,20377.05,20370.03,-5.95449398,22.39,52.28367673
1666906094.0444794,20372.31,20372.31,-4.21667759,31.89,53.19602954
1666906104.021693,20372.31,20372.31,-4.21667759,31.89,53.19602954
1666906114.247774,20372.31,20372.31,-4.21667759,31.89,53.19602954
1666906124.0624764,20372.31,20368.99,-4.4815209,28.57,51.77912903
1666906134.636756,20372.31,20368.99,-4.4815209,28.57,51.77912903
1666906144.6557212,20372.31,20368.99,-4.4815209,28.57,51.77912903
1666906154.658443,20363.04,20363.04,-4.26001634,27.03,49.4200515
1666906164.636329,20363.04,20363.04,-4.26001634,27.03,49.4200515
1666906174.9725912,20363.04,20363.04,-4.26001634,27.03,49.4200515
1666906184.693876,20363.04,20360.57,-4.45705338,24.56,48.43354845
1666906194.672393,20363.04,20360.57,-4.45705338,24.56,48.43354845
1666906204.7221515,20363.04,20360.57,-4.45705338,24.56,48.43354845
1666906214.6438918,20349.21,20349.21,-5.62048103,13.32,44.36064705
1666906224.6423695,20349.21,20349.21,-5.62048103,13.32,44.36064705
1666906234.673074,20349.21,20349.21,-5.62048103,13.32,44.36064705
1666906244.6559846,20349.21,20354.02,-5.23677733,18.13,46.4146673
1666906254.6934865,20349.21,20354.02,-5.23677733,18.13,46.4146673
1666906264.6576564,20349.21,20354.02,-5.23677733,18.13,46.4146673
1666906274.7184305,20350.04,20350.04,-5.64124725,24.96,44.72551657
1666906284.6802983,20350.04,20350.04,-5.64124725,24.96,44.72551657
1666906294.7368157,20350.04,20350.04,-5.64124725,24.96,44.72551657
1666906304.9234526,20350.04,20348.83,-5.73777147,23.75,44.26863298
1666906315.857553,20350.04,20348.83,-5.73777147,23.75,44.26863298
1666906325.8496363,20350.04,20348.83,-5.73777147,23.75,44.26863298
1666906335.850039,20350.2,20350.2,-5.55165697,16.54,44.86758983
1666906345.9049551,20350.2,20350.2,-5.55165697,16.54,44.86758983
1666906355.878413,20350.2,20350.2,-5.55165697,16.54,44.86758983
1666906365.8811903,20350.2,20346.37,-5.85718404,12.71,43.3741114
1666906375.9209774,20350.2,20346.37,-5.85718404,12.71,43.3741114
1666906385.913401,20350.2,20346.37,-5.85718404,12.71,43.3741114
1666906395.8509169,20365.95,20365.95,-3.27361354,14.72,51.7373044
1666906405.925863,20365.95,20365.95,-3.27361354,14.72,51.7373044
1666906415.9183908,20365.95,20365.95,-3.27361354,14.72,51.7373044
1666906425.8608773,20365.95,20361.02,-3.6668899,9.79,49.62420086
1666906435.892455,20365.95,20361.02,-3.6668899,9.79,49.62420086
1666906445.8784893,20365.95,20361.02,-3.6668899,9.79,49.62420086
1666906455.9323125,20364.54,20364.54,-2.58962677,10.15,51.0899779
1666906465.9470253,20364.54,20364.54,-2.58962677,10.15,51.0899779
1666906476.034196,20364.54,20364.54,-2.58962677,10.15,51.0899779
1666906485.9280844,20364.54,20364.0,-2.63270369,9.61,50.83781709
1666906496.3424091,20364.54,20364.0,-2.63270369,9.61,50.83781709
1666906506.3534915,20364.54,20364.0,-2.63270369,9.61,50.83781709
1666906516.3810534,20379.48,20379.48,0.18380153,10.1,56.94511012
1666906526.3565583,20379.48,20379.48,0.18380153,10.1,56.94511012
1666906536.3851926,20379.48,20379.48,0.18380153,10.1,56.94511012
1666906546.398671,20379.48,20377.99,0.06494113,8.61,56.21853361
1666906556.3980873,20379.48,20377.99,0.06494113,8.61,56.21853361
1666906566.3974705,20379.48,20377.99,0.06494113,8.61,56.21853361
1666906576.3900144,20374.46,20374.46,0.65562326,-2.59,54.56853772
1666906586.475598,20374.46,20374.46,0.65562326,-2.59,54.56853772
1666906596.4679098,20374.46,20374.46,0.65562326,-2.59,54.56853772
1666906606.437441,20374.46,20375.15,0.710666,-1.9,54.84737255
1666906616.528555,20374.46,20375.15,0.710666,-1.9,54.84737255
1666906626.5135,20374.46,20375.15,0.710666,-1.9,54.84737255
1666906636.492802,20379.15,20379.15,2.05738151,6.84,56.2526654
1666906646.5438018,20379.15,20379.15,2.05738151,6.84,56.2526654
1666906656.4674883,20379.15,20379.15,2.05738151,6.84,56.2526654
1666906666.458267,20379.15,20382.98,2.36290858,10.67,57.86336928
1666906677.000745,20379.15,20382.98,2.36290858,10.67,57.86336928
1666906687.0777414,20379.15,20382.98,2.36290858,10.67,57.86336928
1666906697.4964883,20378.99,20378.99,2.7533141,15.95,56.17100355
1666906707.566128,20378.99,20378.99,2.7533141,15.95,56.17100355
1666906717.5807085,20378.99,20378.99,2.7533141,15.95,56.17100355
1666906727.5486846,20378.99,20381.73,2.9718896,18.69,57.31382565
1666906737.5097322,20378.99,20381.73,2.9718896,18.69,57.31382565
1666906747.5672684,20378.99,20381.73,2.9718896,18.69,57.31382565
1666906757.4834075,20388.1,20388.1,4.56499582,38.88,59.75351181
1666906767.47585,20388.1,20388.1,4.56499582,38.88,59.75351181
1666906777.470685,20388.1,20388.1,4.56499582,38.88,59.75351181
1666906787.4556303,20388.1,20381.85,4.06642033,32.63,56.35045333
1666906797.4433846,20388.1,20381.85,4.06642033,32.63,56.35045333
1666906807.4609177,20388.1,20381.85,4.06642033,32.63,56.35045333
1666906817.473517,20376.59,20376.59,3.81969217,26.55,53.72421216
1666906827.484974,20376.59,20376.59,3.81969217,26.55,53.72421216
1666906837.4755034,20376.59,20376.59,3.81969217,26.55,53.72421216
1666906847.5646708,20376.59,20362.67,2.70926482,12.63,47.53373077
1666906857.8788202,20376.59,20362.67,2.70926482,12.63,47.53373077
1666906867.8726523,20376.59,20362.67,2.70926482,12.63,47.53373077
1666906877.8992684,20367.78,20367.78,2.58120187,16.43,49.63319391
1666906887.8832211,20367.78,20367.78,2.58120187,16.43,49.63319391
1666906897.9101665,20367.78,20367.78,2.58120187,16.43,49.63319391
1666906907.8795116,20367.78,20368.5,2.63863777,17.15,49.96850362
1666906918.0091488,20367.78,20368.5,2.63863777,17.15,49.96850362
1666906927.9310143,20367.78,20368.5,2.63863777,17.15,49.96850362
1666906937.9242797,20366.16,20366.16,1.977597,0.21,48.85417379
1666906947.921698,20366.16,20366.16,1.977597,0.21,48.85417379
1666906957.9471288,20366.16,20366.16,1.977597,0.21,48.85417379
1666906967.9630084,20366.16,20352.0,0.84802435,-13.95,42.86520044
1666906977.892032,20366.16,20352.0,0.84802435,-13.95,42.86520044
1666906987.91656,20366.16,20352.0,0.84802435,-13.95,42.86520044
1666906997.8840358,20357.02,20357.02,0.21572213,-8.26,44.81276992
1666907007.945976,20357.02,20357.02,0.21572213,-8.26,44.81276992
1666907017.9994822,20357.02,20357.02,0.21572213,-8.26,44.81276992
1666907028.1795118,20357.02,20359.16,0.38643438,-6.12,45.94037207
1666907038.6153436,20357.02,20359.16,0.38643438,-6.12,45.94037207
1666907048.659485,20357.02,20359.16,0.38643438,-6.12,45.94037207
1666907058.5983677,20353.68,20353.68,-1.06864379,-26.68,43.40155015
1666907068.691325,20353.68,20353.68,-1.06864379,-26.68,43.40155015
1666907078.6059415,20353.68,20353.68,-1.06864379,-26.68,43.40155015
1666907088.7074196,20353.68,20358.5,-0.68414236,-21.86,46.04478618
1666907098.6577942,20353.68,20358.5,-0.68414236,-21.86,46.04478618
1666907108.6989996,20353.68,20358.5,-0.68414236,-21.86,46.04478618
1666907118.6631825,20353.91,20353.91,-1.80298722,-20.54,43.56156245
1666907128.944593,20353.91,20353.91,-1.80298722,-20.54,43.56156245
1666907138.6847513,20353.91,20353.91,-1.80298722,-20.54,43.56156245
1666907148.7209442,20353.91,20355.56,-1.67136329,-18.89,44.52063578
1666907158.6925876,20353.91,20355.56,-1.67136329,-18.89,44.52063578
1666907168.682812,20353.91,20355.56,-1.67136329,-18.89,44.52063578
1666907178.7015948,20353.49,20353.49,-2.44965263,-26.67,43.36388405
1666907188.7164054,20353.49,20353.49,-2.44965263,-26.67,43.36388405
1666907198.697649,20353.49,20353.49,-2.44965263,-26.67,43.36388405
1666907208.684282,20353.49,20353.88,-2.41854152,-26.28,43.61973256
1666907219.4735217,20353.49,20353.88,-2.41854152,-26.28,43.61973256
1666907229.45393,20353.49,20353.88,-2.41854152,-26.28,43.61973256
1666907239.4698446,20354.04,20354.04,-2.76217758,-24.95,43.82878539
1666907249.4608636,20354.04,20354.04,-2.76217758,-24.95,43.82878539
1666907259.6143808,20354.04,20354.04,-2.76217758,-24.95,43.82878539
1666907269.485662,20354.04,20354.41,-2.73266191,-24.58,44.02680908
1666907279.788648,20354.04,20354.41,-2.73266191,-24.58,44.02680908
1666907289.4645832,20354.04,20354.41,-2.73266191,-24.58,44.02680908
1666907299.6978076,20356.35,20356.35,-2.71448035,-31.75,45.28700553
1666907309.7173142,20356.35,20356.35,-2.71448035,-31.75,45.28700553
1666907319.705245,20356.35,20356.35,-2.71448035,-31.75,45.28700553
1666907329.7609916,20356.35,20355.6,-2.77430941,-32.5,44.85382348
1666907340.0047114,20356.35,20355.6,-2.77430941,-32.5,44.85382348
1666907349.6985035,20356.35,20355.6,-2.77430941,-32.5,44.85382348
1666907359.691061,20360.95,20360.95,-2.17278259,-17.0,48.32544582
1666907369.7586355,20360.95,20360.95,-2.17278259,-17.0,48.32544582
1666907379.683092,20360.95,20360.95,-2.17278259,-17.0,48.32544582
1666907389.7471695,20360.95,20359.52,-2.28685667,-18.43,47.426191
1666907400.2294765,20360.95,20359.52,-2.28685667,-18.43,47.426191
1666907410.270378,20360.95,20359.52,-2.28685667,-18.43,47.426191
1666907420.2573256,20361.42,20361.42,-1.90771751,-6.36,48.63745145
1666907430.2285273,20361.42,20361.42,-1.90771751,-6.36,48.63745145
1666907440.463461,20361.42,20360.8,-1.9571762,-6.98,48.22004353
1666907450.2480526,20361.42,20360.8,-1.9571762,-6.98,48.22004353
1666907460.2754214,20361.42,20360.8,-1.9571762,-6.98,48.22004353
1666907470.281747,20361.42,20360.8,-1.9571762,-6.98,48.22004353
1666907480.271152,20360.82,20360.82,-1.83861968,-6.55,48.2479057
1666907490.2581906,20360.82,20360.82,-1.83861968,-6.55,48.2479057
1666907500.2796433,20360.82,20360.82,-1.83861968,-6.55,48.2479057
1666907510.2773323,20360.82,20367.39,-1.31451712,0.02,52.84854942
1666907520.269698,20360.82,20367.39,-1.31451712,0.02,52.84854942
1666907530.29807,20360.82,20367.39,-1.31451712,0.02,52.84854942
1666907540.31759,20368.02,20368.02,-0.63972803,11.0,53.11289919
1666907550.3083923,20368.02,20368.02,-0.63972803,11.0,53.11289919
1666907560.3380735,20368.02,20368.02,-0.63972803,11.0,53.11289919
1666907570.5176084,20368.02,20370.22,-0.46422945,13.2,54.64342486
1666907580.842089,20368.02,20370.22,-0.46422945,13.2,54.64342486
1666907590.8024716,20374.8,20374.8,0.72019109,21.13,57.40373465
1666907600.8953238,20374.8,20374.8,0.72019109,21.13,57.40373465
1666907610.8217,20374.8,20374.8,0.72019109,21.13,57.40373465
1666907620.7855475,20374.8,20379.51,1.09591758,25.84,60.06993085
1666907630.8252237,20374.8,20379.51,1.09591758,25.84,60.06993085
1666907640.844692,20374.8,20379.51,1.09591758,25.84,60.06993085
1666907650.8406646,20374.8,20379.51,1.09591758,25.84,60.06993085
1666907660.7944052,20382.35,20382.35,2.43627849,28.15,61.53426447
1666907670.8640652,20382.35,20382.35,2.43627849,28.15,61.53426447
1666907680.8544269,20382.35,20394.66,3.41827279,40.46,67.11525041
1666907690.8604946,20382.35,20394.66,3.41827279,40.46,67.11525041
1666907700.847496,20382.35,20394.66,3.41827279,40.46,67.11525041
1666907710.8898988,20405.96,20405.96,6.66520846,52.47,70.77012727
1666907720.8619275,20405.96,20405.96,6.66520846,52.47,70.77012727
1666907730.879208,20405.96,20405.96,6.66520846,52.47,70.77012727
1666907740.8412628,20405.96,20386.56,5.11763012,33.07,58.23252942
1666907750.8621068,20405.96,20386.56,5.11763012,33.07,58.23252942
1666907761.634477,20405.96,20386.56,5.11763012,33.07,58.23252942
1666907771.6221232,20384.34,20384.34,5.34377108,29.29,57.07544536
1666907781.6326542,20384.34,20384.34,5.34377108,29.29,57.07544536
1666907791.6970212,20384.34,20384.34,5.34377108,29.29,57.07544536
1666907801.6688712,20384.34,20384.34,5.34377108,29.29,57.07544536
1666907811.6235676,20384.34,20395.39,6.22525256,40.34,61.20728467
1666907821.609621,20384.34,20395.39,6.22525256,40.34,61.20728467
1666907831.694482,20396.58,20396.58,7.32907511,39.71,61.60529437
1666907841.6571832,20396.58,20396.58,7.32907511,39.71,61.60529437
1666907851.650163,20396.58,20396.58,7.32907511,39.71,61.60529437
1666907861.6120484,20396.58,20394.55,7.16713779,37.68,60.46560722
1666907871.6509893,20396.58,20394.55,7.16713779,37.68,60.46560722
1666907881.6518178,20396.58,20394.55,7.16713779,37.68,60.46560722
1666907891.6565216,20396.52,20396.52,8.07986683,35.57,61.36709277
1666907901.6704457,20396.52,20396.52,8.07986683,35.57,61.36709277
1666907911.6773114,20396.52,20396.52,8.07986683,35.57,61.36709277
1666907921.9660003,20396.52,20411.27,9.25650501,50.32,66.50624225
1666907931.685234,20396.52,20411.27,9.25650501,50.32,66.50624225
1666907942.536105,20396.52,20411.27,9.25650501,50.32,66.50624225
1666907952.559394,20401.66,20401.66,9.2532443,39.64,63.44168323
1666907962.725388,20401.66,20401.66,9.2532443,39.64,63.44168323
1666907972.566677,20401.66,20401.66,9.2532443,39.64,63.44168323
1666907982.6874151,20401.66,20410.0,9.91854344,47.98,66.32161818
1666907992.5813117,20401.66,20410.0,9.91854344,47.98,66.32161818
1666908002.56273,20401.66,20410.0,9.91854344,47.98,66.32161818
1666908012.58307,20408.33,20408.33,10.6345479,47.65,65.80407001
1666908022.593476,20408.33,20408.33,10.6345479,47.65,65.80407001
1666908032.593142,20408.33,20408.33,10.6345479,47.65,65.80407001
1666908042.602369,20408.33,20404.3,10.31306642,43.62,63.40849978
1666908052.5862486,20408.33,20404.3,10.31306642,43.62,63.40849978
1666908062.5620682,20408.33,20404.3,10.31306642,43.62,63.40849978
1666908072.5673687,20404.75,20404.75,10.67096144,35.76,63.47266424
1666908082.548939,20404.75,20404.75,10.67096144,35.76,63.47266424
1666908092.5699155,20404.75,20404.75,10.67096144,35.76,63.47266424
1666908102.543506,20404.75,20411.63,11.21979335,42.64,65.97953123
1666908112.5712526,20404.75,20411.63,11.21979335,42.64,65.97953123
1666908123.0463946,20404.75,20411.63,11.21979335,42.64,65.97953123
1666908133.076049,20402.52,20402.52,10.54389354,28.28,62.22738913
1666908143.048057,20402.52,20402.52,10.54389354,28.28,62.22738913
1666908153.1086624,20402.52,20402.52,10.54389354,28.28,62.22738913
1666908163.0628357,20402.52,20399.37,10.29261149,25.13,60.05452171
1666908173.0758407,20402.52,20399.37,10.29261149,25.13,60.05452171
1666908183.1254413,20402.52,20399.37,10.29261149,25.13,60.05452171
1666908193.1217434,20410.78,20410.78,11.67616961,28.75,65.22888006
1666908203.0862586,20410.78,20410.78,11.67616961,28.75,65.22888006
1666908213.1233823,20410.78,20410.78,11.67616961,28.75,65.22888006
1666908223.1033416,20410.78,20411.53,11.73599867,29.5,65.77043875
1666908233.110635,20410.78,20411.53,11.73599867,29.5,65.77043875
1666908243.1177034,20410.78,20411.53,11.73599867,29.5,65.77043875
1666908253.123804,20420.25,20420.25,13.29820487,13.86,68.18929042
1666908263.099228,20420.25,20420.25,13.29820487,13.86,68.18929042
1666908273.0774047,20420.25,20420.25,13.29820487,13.86,68.18929042
1666908283.1260502,20420.25,20403.61,11.97079746,-2.78,57.91421865
1666908293.0998125,20420.25,20403.61,11.97079746,-2.78,57.91421865
1666908303.71088,20420.25,20403.61,11.97079746,-2.78,57.91421865
1666908313.7795477,20420.25,20403.61,11.97079746,-2.78,57.91421865
1666908323.7147176,20403.85,20403.85,11.41292174,19.51,58.0368624
1666908333.7570002,20403.85,20403.85,11.41292174,19.51,58.0368624
1666908343.7322843,20403.85,20403.85,11.41292174,19.51,58.0368624
1666908353.8454354,20403.85,20392.6,10.51548584,8.26,52.29192783
1666908363.7669816,20403.85,20392.6,10.51548584,8.26,52.29192783
1666908373.7581515,20391.23,20391.23,9.04865833,-5.35,51.66862801
1666908383.7938645,20391.23,20391.23,9.04865833,-5.35,51.66862801
1666908393.7382507,20391.23,20391.23,9.04865833,-5.35,51.66862801
1666908403.773996,20391.23,20388.89,8.86199167,-7.69,50.56009107
1666908413.7915428,20391.23,20388.89,8.86199167,-7.69,50.56009107
1666908423.8038943,20391.23,20388.89,8.86199167,-7.69,50.56009107
1666908433.786651,20402.0,20402.0,9.4050301,4.63,56.09737609
1666908443.784908,20402.0,20402.0,9.4050301,4.63,56.09737609
1666908453.7982986,20402.0,20402.0,9.4050301,4.63,56.09737609
1666908463.7790322,20402.0,20402.0,9.4050301,4.63,56.09737609
1666908473.783299,20402.0,20402.3,9.42896173,4.93,56.21887804
1666908485.362604,20402.0,20402.3,9.42896173,4.93,56.21887804
1666908495.2720835,20407.23,20407.23,9.57304305,5.57,58.13852295
1666908505.2560005,20407.23,20407.23,9.57304305,5.57,58.13852295
1666908515.3098483,20407.23,20407.23,9.57304305,5.57,58.13852295
1666908525.4026203,20407.23,20407.76,9.61532225,6.1,58.34630626
1666908535.2893126,20407.23,20407.76,9.61532225,6.1,58.34630626
1666908545.3313904,20407.23,20407.76,9.61532225,6.1,58.34630626
1666908555.628147,20415.44,20415.44,10.48760265,7.99,61.14645565
1666908565.330793,20415.44,20415.44,10.48760265,7.99,61.14645565
1666908575.3121142,20415.44,20415.44,10.48760265,7.99,61.14645565
1666908585.636087,20415.44,20417.27,10.63358555,9.82,61.80403864
1666908595.2919428,20415.44,20417.27,10.63358555,9.82,61.80403864
1666908605.2683756,20415.44,20417.27,10.63358555,9.82,61.80403864
1666908615.2829125,20418.66,20418.66,11.03918738,14.83,62.28882865
1666908625.3118515,20418.66,20418.66,11.03918738,14.83,62.28882865
1666908635.3293524,20418.66,20418.66,11.03918738,14.83,62.28882865
1666908645.2935357,20418.66,20419.07,11.07189394,15.24,62.44025886
1666908655.2753787,20418.66,20419.07,11.07189394,15.24,62.44025886
1666908665.6276631,20418.66,20419.07,11.07189394,15.24,62.44025886
1666908675.6686213,20420.58,20420.58,11.41570557,18.06,62.98763076
1666908685.6337132,20420.58,20420.58,11.41570557,18.06,62.98763076
1666908695.6947896,20420.58,20420.58,11.41570557,18.06,62.98763076
1666908705.6526203,20420.58,20416.99,11.12932381,14.47,60.7219043
1666908715.6576223,20420.58,20416.99,11.12932381,14.47,60.7219043
1666908725.6619985,20420.58,20416.99,11.12932381,14.47,60.7219043
1666908735.664903,20415.52,20415.52,10.80936575,4.01,59.79327624
1666908745.646041,20415.52,20415.52,10.80936575,4.01,59.79327624
1666908755.655727,20415.52,20415.52,10.80936575,4.01,59.79327624
1666908765.709319,20415.52,20401.27,9.67261362,-10.24,51.93032927
1666908775.7291093,20415.52,20401.27,9.67261362,-10.24,51.93032927
1666908785.7120185,20415.52,20401.27,9.67261362,-10.24,51.93032927
1666908795.717533,20392.31,20392.31,7.10498202,-29.42,48.04789967
1666908805.7287793,20392.31,20392.31,7.10498202,-29.42,48.04789967
1666908815.697695,20392.31,20392.31,7.10498202,-29.42,48.04789967
1666908825.697169,20392.31,20400.49,7.75751763,-21.24,51.60368995
1666908835.7134178,20392.31,20400.49,7.75751763,-21.24,51.60368995
1666908846.5419188,20392.31,20400.49,7.75751763,-21.24,51.60368995
1666908856.539096,20393.24,20393.24,5.72278743,-10.58,48.51178714
1666908866.525588,20393.24,20393.24,5.72278743,-10.58,48.51178714
1666908876.5416265,20393.24,20393.24,5.72278743,-10.58,48.51178714
1666908886.578967,20393.24,20391.36,5.57281592,-12.46,47.61019815
1666908896.5486553,20393.24,20391.36,5.57281592,-12.46,47.61019815
1666908906.6019218,20393.24,20391.36,5.57281592,-12.46,47.61019815
1666908916.5793374,20387.8,20387.8,3.80689255,-3.43,46.03869151
1666908926.5749326,20387.8,20387.8,3.80689255,-3.43,46.03869151
1666908936.5464473,20387.8,20387.8,3.80689255,-3.43,46.03869151
1666908946.5496683,20387.8,20384.21,3.52051078,-7.02,44.44548165
1666908956.575977,20387.8,20384.21,3.52051078,-7.02,44.44548165
1666908966.5758314,20387.8,20384.21,3.52051078,-7.02,44.44548165
1666908976.6038914,20378.93,20378.93,1.2925166,-23.08,42.45580568
1666908986.5607502,20378.93,20378.93,1.2925166,-23.08,42.45580568
1666908996.5726902,20378.93,20378.93,1.2925166,-23.08,42.45580568
1666909006.6101878,20378.93,20384.91,1.76955364,-17.1,45.6137603
1666909016.570637,20378.93,20384.91,1.76955364,-17.1,45.6137603
1666909027.232005,20378.93,20384.91,1.76955364,-17.1,45.6137603
1666909037.2773826,20384.14,20384.14,0.6999231,-21.96,45.26654056
1666909047.259373,20384.14,20384.14,0.6999231,-21.96,45.26654056
1666909057.2883172,20384.14,20384.14,0.6999231,-21.96,45.26654056
1666909067.2485504,20384.14,20380.12,0.37923934,-25.98,43.54784437
1666909077.2499993,20384.14,20380.12,0.37923934,-25.98,43.54784437
1666909087.2779124,20384.14,20380.12,0.37923934,-25.98,43.54784437
1666909097.2676904,20392.85,20392.85,1.00577825,-22.39,49.62020616
1666909107.2872093,20392.85,20392.85,1.00577825,-22.39,49.62020616
1666909117.304648,20392.85,20392.85,1.00577825,-22.39,49.62020616
1666909127.3068209,20392.85,20394.24,1.11666145,-21.0,50.30128883
1666909137.3254387,20392.85,20394.24,1.11666145,-21.0,50.30128883
1666909147.3207386,20392.85,20394.24,1.11666145,-21.0,50.30128883
1666909157.358044,20397.12,20397.12,1.31165723,-21.54,51.69271029
1666909167.328471,20397.12,20397.12,1.31165723,-21.54,51.69271029
1666909177.3378367,20397.12,20397.12,1.31165723,-21.54,51.69271029
1666909187.329715,20397.12,20388.43,0.61843786,-30.23,47.44037088
1666909197.3307252,20397.12,20388.43,0.61843786,-30.23,47.44037088
1666909207.6754344,20397.12,20388.43,0.61843786,-30.23,47.44037088
1666909217.7342622,20373.98,20373.98,-1.99020849,-46.6,41.84665356
1666909227.745604,20373.98,20373.98,-1.99020849,-46.6,41.84665356
1666909237.6971157,20373.98,20373.98,-1.99020849,-46.6,41.84665356
1666909247.7298975,20373.98,20368.48,-2.42895493,-52.1,39.7403987
1666909257.7680647,20373.98,20368.48,-2.42895493,-52.1,39.7403987
1666909267.763456,20373.98,20368.48,-2.42895493,-52.1,39.7403987
1666909277.7562764,20371.46,20371.46,-3.40883054,-45.1,40.78672241
1666909287.7782838,20371.46,20371.46,-3.40883054,-45.1,40.78672241
1666909297.773015,20371.46,20371.46,-3.40883054,-45.1,40.78672241
1666909307.7556944,20371.46,20369.09,-3.59789037,-47.47,39.88725636
1666909317.790396,20371.46,20369.09,-3.59789037,-47.47,39.88725636
1666909327.7692924,20371.46,20369.09,-3.59789037,-47.47,39.88725636
1666909337.78172,20350.27,20350.27,-7.38962498,-40.8,34.27269541
1666909347.8084457,20350.27,20350.27,-7.38962498,-40.8,34.27269541
1666909357.7914672,20350.27,20350.27,-7.38962498,-40.8,34.27269541
1666909367.8137946,20350.27,20361.91,-6.46107797,-29.16,40.1081379
1666909377.7798986,20350.27,20361.91,-6.46107797,-29.16,40.1081379
1666909388.195008,20350.27,20361.91,-6.46107797,-29.16,40.1081379
1666909398.141207,20367.82,20367.82,-6.54712752,-24.47,42.69230553
1666909408.2565382,20367.82,20367.82,-6.54712752,-24.47,42.69230553
1666909418.6194162,20367.82,20367.82,-6.54712752,-24.47,42.69230553
1666909428.1927483,20367.82,20372.43,-6.17937823,-19.86,44.69506717
1666909438.2439935,20367.82,20372.43,-6.17937823,-19.86,44.69506717
1666909448.2110023,20367.82,20372.43,-6.17937823,-19.86,44.69506717
1666909458.175571,20373.17,20373.17,-6.15364179,-14.63,45.00375569
1666909468.165067,20373.17,20373.17,-6.15364179,-14.63,45.00375569
1666909478.2332928,20373.17,20373.17,-6.15364179,-14.63,45.00375569
1666909488.2292116,20373.17,20373.77,-6.10577854,-14.03,45.27049214
1666909498.2480705,20373.17,20373.77,-6.10577854,-14.03,45.27049214
1666909508.2199795,20373.17,20373.77,-6.10577854,-14.03,45.27049214
1666909518.2596698,20374.07,20374.07,-6.05628282,-3.95,45.46542576
1666909528.296477,20374.07,20374.07,-6.05628282,-3.95,45.46542576
1666909538.598936,20374.07,20374.07,-6.05628282,-3.95,45.46542576
1666909548.262133,20374.07,20375.78,-5.91987256,-2.24,46.25904925
1666909558.2776785,20374.07,20375.78,-5.91987256,-2.24,46.25904925
1666909568.8741276,20374.07,20375.78,-5.91987256,-2.24,46.25904925
1666909578.902565,20367.91,20367.91,-6.67865118,-16.95,42.99390397
1666909588.9149034,20367.91,20367.91,-6.67865118,-16.95,42.99390397
1666909598.9134097,20367.91,20367.91,-6.67865118,-16.95,42.99390397
1666909608.9300797,20367.91,20370.53,-6.46964833,-14.33,44.16658919
1666909618.940429,20367.91,20370.53,-6.46964833,-14.33,44.16658919
1666909628.943007,20367.91,20370.53,-6.46964833,-14.33,44.16658919
1666909638.9411502,20370.53,20370.53,-6.36620988,-20.98,44.23109062
1666909648.8869023,20370.53,20370.53,-6.36620988,-20.98,44.23109062
1666909658.9216456,20370.53,20370.53,-6.36620988,-20.98,44.23109062
1666909668.9642794,20370.53,20368.47,-6.53054037,-23.04,43.37811672
1666909678.8899171,20370.53,20368.47,-6.53054037,-23.04,43.37811672
1666909688.9257576,20370.53,20368.47,-6.53054037,-23.04,43.37811672
1666909698.9406214,20371.14,20371.14,-6.09023359,-24.92,44.56765183
1666909708.8868785,20371.14,20371.14,-6.09023359,-24.92,44.56765183
1666909718.945428,20371.14,20371.14,-6.09023359,-24.92,44.56765183
1666909728.941447,20371.14,20365.48,-6.54174356,-30.58,42.15893618
1666909738.9170086,20371.14,20365.48,-6.54174356,-30.58,42.15893618
1666909749.5575716,20371.14,20365.48,-6.54174356,-30.58,42.15893618
1666909759.6043549,20369.51,20369.51,-6.22046874,-3.58,43.99052415
1666909769.59066,20369.51,20369.51,-6.22046874,-3.58,43.99052415
1666909779.628862,20369.51,20369.51,-6.22046874,-3.58,43.99052415
1666909789.6107364,20369.51,20366.28,-6.47813256,-6.81,42.41001464
1666909799.6127164,20369.51,20366.28,-6.47813256,-6.81,42.41001464
1666909810.0513744,20369.51,20366.28,-6.47813256,-6.81,42.41001464
1666909819.603025,20365.48,20365.48,-6.61638378,-5.98,42.03637931
1666909829.600586,20365.48,20365.48,-6.61638378,-5.98,42.03637931
1666909839.64361,20365.48,20365.48,-6.61638378,-5.98,42.03637931
1666909849.6187253,20365.48,20361.26,-6.95302196,-10.2,40.1647827
1666909859.6207635,20365.48,20361.26,-6.95302196,-10.2,40.1647827
1666909869.6122606,20365.48,20361.26,-6.95302196,-10.2,40.1647827
1666909879.6115458,20367.42,20367.42,-6.37318168,18.29,43.13777919
1666909889.6448803,20367.42,20367.42,-6.37318168,18.29,43.13777919
1666909899.6083908,20367.42,20367.42,-6.37318168,18.29,43.13777919
1666909909.6403868,20367.42,20362.0,-6.80554635,12.87,40.53659213
1666909919.603056,20367.42,20362.0,-6.80554635,12.87,40.53659213
1666909930.176214,20367.42,20362.0,-6.80554635,12.87,40.53659213
1666909940.1541448,20365.02,20365.02,-6.5773038,-2.81,41.97190225
1666909950.1850953,20365.02,20365.02,-6.5773038,-2.81,41.97190225
1666909960.1544216,20365.02,20365.02,-6.5773038,-2.81,41.97190225
1666909970.2192092,20365.02,20363.7,-6.68260294,-4.13,41.27448146
1666909980.2211144,20365.02,20363.7,-6.68260294,-4.13,41.27448146
1666909990.3277464,20368.75,20368.75,-5.9485543,-4.42,44.57242112
1666910000.1982267,20368.75,20368.75,-5.9485543,-4.42,44.57242112
1666910010.180698,20368.75,20368.75,-5.9485543,-4.42,44.57242112
1666910020.2527258,20368.75,20364.11,-6.31869675,-9.06,42.11398002
1666910030.2032778,20368.75,20364.11,-6.31869675,-9.06,42.11398002
1666910040.201569,20368.75,20364.11,-6.31869675,-9.06,42.11398002
1666910050.228541,20368.75,20364.11,-6.31869675,-9.06,42.11398002
1666910060.22227,20357.25,20357.25,-7.27694599,-15.62,38.93870585
1666910070.2387445,20357.25,20357.25,-7.27694599,-15.62,38.93870585
1666910080.2321885,20357.25,20353.96,-7.53939613,-18.91,37.47921332
1666910090.2283146,20357.25,20353.96,-7.53939613,-18.91,37.47921332
1666910100.2246685,20357.25,20353.96,-7.53939613,-18.91,37.47921332
1666910110.5999286,20357.09,20357.09,-7.58115176,-12.19,39.0813113
1666910120.6462266,20357.09,20357.09,-7.58115176,-12.19,39.0813113
1666910130.581472,20357.09,20357.09,-7.58115176,-12.19,39.0813113
1666910140.8217566,20357.09,20353.49,-7.86833125,-15.79,37.18527336
1666910150.6548636,20357.09,20353.49,-7.86833125,-15.79,37.18527336
1666910160.6354933,20357.09,20353.49,-7.86833125,-15.79,37.18527336
1666910170.62946,20338.23,20338.23,-10.28016496,-33.18,31.33348002
1666910180.6408486,20338.23,20338.23,-10.28016496,-33.18,31.33348002
1666910190.6569638,20338.23,20338.23,-10.28016496,-33.18,31.33348002
1666910200.6274023,20338.23,20335.25,-10.51788576,-36.16,30.33492681
1666910210.6800697,20338.23,20335.25,-10.51788576,-36.16,30.33492681
1666910220.6379175,20338.23,20335.25,-10.51788576,-36.16,30.33492681
1666910230.6580591,20338.23,20335.25,-10.51788576,-36.16,30.33492681
1666910240.6734352,20347.46,20347.46,-9.86098182,-25.16,37.41677602
1666910250.7415245,20347.46,20347.46,-9.86098182,-25.16,37.41677602
1666910260.670282,20347.46,20352.18,-9.4844576,-20.44,40.51423198
1666910270.651807,20347.46,20352.18,-9.4844576,-20.44,40.51423198
1666910280.6551166,20347.46,20352.18,-9.4844576,-20.44,40.51423198
1666910291.5062196,20352.86,20352.86,-9.17518811,-15.76,41.08057555
1666910301.556954,20352.86,20352.86,-9.17518811,-15.76,41.08057555
1666910311.4995248,20352.86,20352.86,-9.17518811,-15.76,41.08057555
1666910321.568177,20352.86,20344.89,-9.81097158,-23.73,37.7729796
1666910331.5614307,20352.86,20344.89,-9.81097158,-23.73,37.7729796
1666910341.513238,20352.86,20344.89,-9.81097158,-23.73,37.7729796
1666910351.5440145,20344.52,20344.52,-10.10977563,-21.73,37.63528822
1666910361.5654888,20344.52,20344.52,-10.10977563,-21.73,37.63528822
1666910371.5568335,20344.52,20344.52,-10.10977563,-21.73,37.63528822
1666910381.512947,20344.52,20339.82,-10.48470441,-26.43,35.80842468
1666910391.559491,20344.52,20339.82,-10.48470441,-26.43,35.80842468
1666910405.2178607,20344.52,20339.82,-10.48470441,-26.43,35.80842468
1666910411.562811,20339.35,20339.35,-10.93514861,-28.07,35.63540479
1666910421.53509,20339.35,20339.35,-10.93514861,-28.07,35.63540479
1666910431.5921922,20339.35,20339.35,-10.93514861,-28.07,35.63540479
1666910441.5791664,20339.35,20334.96,-11.28534804,-32.46,33.98627254
1666910451.576759,20339.35,20334.96,-11.28534804,-32.46,33.98627254
1666910461.6067855,20339.35,20334.96,-11.28534804,-32.46,33.98627254
1666910472.1176853,20293.74,20293.74,-17.582237,-71.17,23.6916147
1666910482.138749,20293.74,20293.74,-17.582237,-71.17,23.6916147
1666910492.141075,20293.74,20293.74,-17.582237,-71.17,23.6916147
1666910502.1658566,20293.74,20211.7,-24.12673843,-153.21,14.36509996
1666910512.087746,20293.74,20211.7,-24.12673843,-153.21,14.36509996
1666910522.1029456,20293.74,20211.7,-24.12673843,-153.21,14.36509996
1666910532.0875208,20242.35,20242.35,-27.00310296,-126.88,16.84202561
1666910542.1440673,20242.35,20242.35,-27.00310296,-126.88,16.84202561
1666910552.1117496,20242.35,20242.35,-27.00310296,-126.88,16.84202561
1666910562.1521142,20242.35,20249.94,-26.39763288,-119.29,20.49447015
1666910572.13554,20242.35,20249.94,-26.39763288,-119.29,20.49447015
1666910582.1183877,20242.35,20249.94,-26.39763288,-119.29,20.49447015
1666910592.126246,20246.52,20246.52,-30.27569012,-110.73,18.8874978
1666910602.0855289,20246.52,20246.52,-30.27569012,-110.73,18.8874978
1666910612.1309333,20246.52,20246.52,-30.27569012,-110.73,18.8874978
1666910622.1432288,20246.52,20275.53,-27.96150208,-81.72,31.52962315
1666910632.1411607,20246.52,20275.53,-27.96150208,-81.72,31.52962315
1666910642.1129477,20246.52,20275.53,-27.96150208,-81.72,31.52962315
1666910653.076611,20273.68,20273.68,-28.96761442,-82.72,30.86648349
1666910663.1420186,20273.68,20273.68,-28.96761442,-82.72,30.86648349
1666910673.1306176,20273.68,20273.68,-28.96761442,-82.72,30.86648349
1666910683.1082687,20273.68,20291.63,-27.53570559,-64.77,37.42793767
1666910693.163484,20273.68,20291.63,-27.53570559,-64.77,37.42793767
1666910703.1252153,20273.68,20291.63,-27.53570559,-64.77,37.42793767
1666910713.1461003,20285.43,20285.43,-27.59663093,-53.87,35.30716119
1666910723.1773129,20285.43,20285.43,-27.59663093,-53.87,35.30716119
1666910733.1330938,20285.43,20285.43,-27.59663093,-53.87,35.30716119
1666910743.1472564,20285.43,20305.51,-25.99480757,-33.79,42.14631199
1666910753.3566096,20285.43,20305.51,-25.99480757,-33.79,42.14631199
1666910763.130491,20285.43,20305.51,-25.99480757,-33.79,42.14631199
1666910773.1159956,20301.82,20301.82,-24.62606079,-45.64,41.00035725
1666910783.1848495,20301.82,20301.82,-24.62606079,-45.64,41.00035725
1666910793.1515892,20301.82,20301.82,-24.62606079,-45.64,41.00035725
1666910803.124236,20301.82,20277.02,-26.60440837,-70.44,35.85697575
1666910813.3597844,20301.82,20277.02,-26.60440837,-70.44,35.85697575
1666910823.198849,20301.82,20277.02,-26.60440837,-70.44,35.85697575
1666910833.9148872,20279.29,20279.29,-26.13430511,-74.52,36.25200967
1666910843.9284651,20279.29,20279.29,-26.13430511,-74.52,36.25200967
1666910853.9317937,20279.29,20279.29,-26.13430511,-74.52,36.25200967
1666910863.99512,20279.29,20293.58,-24.99436209,-60.23,40.76079079
1666910873.899829,20279.29,20293.58,-24.99436209,-60.23,40.76079079
1666910883.965053,20279.29,20293.58,-24.99436209,-60.23,40.76079079
1666910893.9591265,20305.79,20305.79,-21.95768088,-38.72,44.28735449
1666910903.957126,20305.79,20305.79,-21.95768088,-38.72,44.28735449
1666910913.9452972,20305.79,20305.79,-21.95768088,-38.72,44.28735449
1666910923.902835,20305.79,20307.45,-21.82525923,-37.06,44.76875266
1666910934.0324578,20305.79,20307.45,-21.82525923,-37.06,44.76875266
1666910943.9354577,20305.79,20307.45,-21.82525923,-37.06,44.76875266
1666910953.9742944,20305.79,20307.45,-21.82525923,-37.06,44.76875266
1666910963.9291534,20297.49,20297.49,-21.23330107,-41.87,42.42952578
1666910973.936239,20297.49,20297.49,-21.23330107,-41.87,42.42952578
1666910983.9456794,20297.49,20289.43,-21.87626403,-49.93,40.65440749
1666910993.9578123,20297.49,20289.43,-21.87626403,-49.93,40.65440749
1666911003.9504228,20297.49,20289.43,-21.87626403,-49.93,40.65440749
1666911014.4833086,20297.49,20289.43,-21.87626403,-49.93,40.65440749
1666911024.4710517,20288.53,20288.53,-21.273742,-5.21,40.60297412
1666911034.474306,20288.53,20288.53,-21.273742,-5.21,40.60297412
1666911044.513097,20288.53,20283.84,-21.64787305,-9.9,39.45369948
1666911054.4822595,20288.53,20283.84,-21.64787305,-9.9,39.45369948
1666911064.499939,20288.53,20283.84,-21.64787305,-9.9,39.45369948
1666911074.520945,20277.51,20277.51,-21.98956044,35.15,38.14386253
1666911084.4874806,20277.51,20277.51,-21.98956044,35.15,38.14386253
1666911094.541344,20277.51,20277.51,-21.98956044,35.15,38.14386253
1666911104.4890575,20277.51,20280.29,-21.76779406,37.93,39.10011322
1666911114.4928396,20277.51,20280.29,-21.76779406,37.93,39.10011322
1666911124.5018678,20277.51,20280.29,-21.76779406,37.93,39.10011322
1666911134.477202,20287.97,20287.97,-20.19090842,41.45,41.61722773
1666911144.4849432,20287.97,20287.97,-20.19090842,41.45,41.61722773
1666911154.518453,20287.97,20287.97,-20.19090842,41.45,41.61722773
1666911164.5367062,20287.97,20287.45,-20.2323899,40.93,41.44241075
1666911174.5835805,20287.97,20287.45,-20.2323899,40.93,41.44241075
1666911184.5001166,20287.97,20287.45,-20.2323899,40.93,41.44241075
1666911195.4968607,20308.98,20308.98,-16.24863325,36.14,47.92563016
1666911205.2652354,20308.98,20308.98,-16.24863325,36.14,47.92563016
1666911215.188452,20308.98,20308.98,-16.24863325,36.14,47.92563016
1666911225.251846,20308.98,20300.21,-16.94823439,27.37,45.66082497
1666911235.3766026,20308.98,20300.21,-16.94823439,27.37,45.66082497
1666911245.2942877,20308.98,20300.21,-16.94823439,27.37,45.66082497
1666911255.2127593,20303.63,20303.63,-14.97044078,18.2,46.50802952
1666911265.2396524,20303.63,20303.63,-14.97044078,18.2,46.50802952
1666911275.2414944,20303.63,20303.63,-14.97044078,18.2,46.50802952
1666911285.2598631,20303.63,20303.5,-14.98081115,18.07,46.47273196
1666911295.2257743,20303.63,20303.5,-14.98081115,18.07,46.47273196
1666911305.2575114,20303.63,20303.5,-14.98081115,18.07,46.47273196
1666911315.2468843,20305.91,20305.91,-13.14172586,4.1,47.21123054
1666911325.2348971,20305.91,20305.91,-13.14172586,4.1,47.21123054
1666911335.277012,20305.91,20305.91,-13.14172586,4.1,47.21123054
1666911345.298652,20305.91,20296.03,-13.929874,-5.78,44.48234482
1666911355.2917595,20305.91,20296.03,-13.929874,-5.78,44.48234482
1666911365.250728,20305.91,20296.03,-13.929874,-5.78,44.48234482
1666911376.1699507,20293.9,20293.9,-13.39947108,13.11,43.93486019
1666911386.1479375,20293.9,20293.9,-13.39947108,13.11,43.93486019
1666911396.1612897,20293.9,20293.9,-13.39947108,13.11,43.93486019
1666911406.1780732,20293.9,20285.8,-14.04562492,5.01,41.82658744
1666911416.162113,20293.9,20285.8,-14.04562492,5.01,41.82658744
1666911426.1780176,20293.9,20285.8,-14.04562492,5.01,41.82658744
1666911436.1664124,20283.31,20283.31,-14.25486024,-22.48,41.34216822
1666911446.176157,20283.31,20283.31,-14.25486024,-22.48,41.34216822
1666911456.1858895,20283.31,20283.31,-14.25486024,-22.48,41.34216822
1666911466.18883,20283.31,20282.38,-14.32904827,-23.41,41.00120662
1666911476.1574051,20283.31,20282.38,-14.32904827,-23.41,41.00120662
1666911486.1728177,20283.31,20282.38,-14.32904827,-23.41,41.00120662
1666911496.181704,20291.83,20291.83,-12.83568584,-6.17,44.29160851
1666911506.1782844,20291.83,20291.83,-12.83568584,-6.17,44.29160851
1666911516.18794,20291.83,20291.83,-12.83568584,-6.17,44.29160851
1666911526.2664623,20291.83,20287.39,-13.18987387,-10.61,43.07604547
1666911536.2054138,20291.83,20287.39,-13.18987387,-10.61,43.07604547
1666911546.2344377,20291.83,20287.39,-13.18987387,-10.61,43.07604547
1666911556.5797043,20279.34,20279.34,-13.87563461,-8.05,41.03423562
1666911566.608783,20279.34,20279.34,-13.87563461,-8.05,41.03423562
1666911576.6055832,20279.34,20279.34,-13.87563461,-8.05,41.03423562
1666911586.6422324,20279.34,20264.34,-15.0722158,-23.05,37.47017374
1666911596.8918307,20279.34,20264.34,-15.0722158,-23.05,37.47017374
1666911606.6261368,20279.34,20264.34,-15.0722158,-23.05,37.47017374
1666911616.5986035,20270.89,20270.89,-15.0274761,-6.62,39.15680376
1666911626.6173627,20270.89,20270.89,-15.0274761,-6.62,39.15680376
1666911636.5601666,20270.89,20270.89,-15.0274761,-6.62,39.15680376
1666911646.65542,20270.89,20270.16,-15.08570972,-7.35,38.87226731
1666911656.6173935,20270.89,20270.16,-15.08570972,-7.35,38.87226731
1666911666.653968,20270.89,20270.16,-15.08570972,-7.35,38.87226731
1666911676.670525,20281.06,20281.06,-13.71038617,-5.96,42.86209238
1666911686.6611123,20281.06,20281.06,-13.71038617,-5.96,42.86209238
1666911696.6678448,20281.06,20281.06,-13.71038617,-5.96,42.86209238
1666911706.6612134,20281.06,20279.63,-13.82446025,-7.39,42.47044377
1666911716.6174738,20281.06,20279.63,-13.82446025,-7.39,42.47044377
1666911726.659521,20281.06,20279.63,-13.82446025,-7.39,42.47044377
1666911737.1972332,20280.09,20280.09,-13.36087759,-27.71,42.72562089
1666911747.153217,20280.09,20280.09,-13.36087759,-27.71,42.72562089
1666911757.1872358,20280.09,20280.09,-13.36087759,-27.71,42.72562089
1666911767.212049,20280.09,20271.36,-14.05728784,-36.44,40.19505394
1666911777.1865857,20280.09,20271.36,-14.05728784,-36.44,40.19505394
1666911787.1917686,20280.09,20271.36,-14.05728784,-36.44,40.19505394
1666911797.1424034,20260.45,20260.45,-15.58364568,-43.18,37.52853859
1666911807.413243,20260.45,20260.45,-15.58364568,-43.18,37.52853859
1666911817.204726,20260.45,20260.45,-15.58364568,-43.18,37.52853859
1666911827.144668,20260.45,20257.29,-15.83572545,-46.34,36.76771302
1666911837.195362,20260.45,20257.29,-15.83572545,-46.34,36.76771302
1666911847.143284,20260.45,20257.29,-15.83572545,-46.34,36.76771302
1666911857.1434524,20256.36,20256.36,-16.5912233,-49.55,36.84969682
1666911867.1579115,20256.36,20256.36,-16.5912233,-49.55,36.84969682
1666911877.150745,20256.36,20256.36,-16.5912233,-49.55,36.84969682
1666911887.179037,20256.36,20266.99,-15.7432461,-38.92,41.06785155
1666911897.2068474,20256.36,20266.99,-15.7432461,-38.92,41.06785155
1666911907.216279,20256.36,20266.99,-15.7432461,-38.92,41.06785155
1666911917.5769825,20270.91,20270.91,-14.78474083,-22.99,42.4845722
1666911927.5957608,20270.91,20270.91,-14.78474083,-22.99,42.4845722
1666911937.56828,20270.91,20270.91,-14.78474083,-22.99,42.4845722
1666911947.593704,20270.91,20270.02,-14.85573798,-23.88,42.2363123
1666911957.5729513,20270.91,20270.02,-14.85573798,-23.88,42.2363123
1666911967.6173854,20270.91,20270.02,-14.85573798,-23.88,42.2363123
1666911977.6244905,20278.71,20278.71,-13.00765869,-3.63,45.30227036
1666911987.9345443,20278.71,20278.71,-13.00765869,-3.63,45.30227036
1666911997.5765834,20278.71,20278.71,-13.00765869,-3.63,45.30227036
1666912007.5910892,20278.71,20258.86,-14.59113448,-23.48,39.93978163
1666912017.6124084,20278.71,20258.86,-14.59113448,-23.48,39.93978163
1666912027.6365392,20278.71,20258.86,-14.59113448,-23.48,39.93978163
1666912037.6110044,20235.73,20235.73,-18.09258458,-56.1,35.28076448
1666912047.636628,20235.73,20235.73,-18.09258458,-56.1,35.28076448
1666912057.6187632,20235.73,20235.73,-18.09258458,-56.1,35.28076448
1666912067.6323354,20235.73,20257.22,-16.37828258,-34.61,42.21299805
1666912077.6189537,20235.73,20257.22,-16.37828258,-34.61,42.21299805
1666912087.639025,20235.73,20257.22,-16.37828258,-34.61,42.21299805
1666912098.248824,20251.73,20251.73,-16.85916506,-27.61,40.58724172
1666912108.266433,20251.73,20251.73,-16.85916506,-27.61,40.58724172
1666912118.2426496,20251.73,20251.73,-16.85916506,-27.61,40.58724172
1666912128.2879405,20251.73,20275.69,-14.94782603,-3.65,47.5258145
1666912138.2579055,20251.73,20275.69,-14.94782603,-3.65,47.5258145
1666912148.2925415,20251.73,20275.69,-14.94782603,-3.65,47.5258145
1666912158.2867703,20287.2,20287.2,-11.78139713,17.63,50.34048986
1666912168.2941616,20287.2,20287.2,-11.78139713,17.63,50.34048986
1666912178.2776177,20287.2,20287.2,-11.78139713,17.63,50.34048986
1666912188.306969,20287.2,20293.98,-11.24054243,24.41,51.95853619
1666912198.3047893,20287.2,20293.98,-11.24054243,24.41,51.95853619
1666912208.3193817,20287.2,20293.98,-11.24054243,24.41,51.95853619
1666912218.2922766,20276.55,20276.55,-11.40457721,-4.51,47.84961695
1666912228.3031435,20276.55,20276.55,-11.40457721,-4.51,47.84961695
1666912238.3267725,20276.55,20276.55,-11.40457721,-4.51,47.84961695
1666912248.2899888,20276.55,20279.52,-11.16765413,-1.54,48.62266487
1666912258.387946,20276.55,20279.52,-11.16765413,-1.54,48.62266487
1666912268.3069243,20276.55,20279.52,-11.16765413,-1.54,48.62266487
1666912278.8366592,20272.2,20272.2,-10.75892848,-6.82,46.74345666
1666912288.88241,20272.2,20272.2,-10.75892848,-6.82,46.74345666
1666912298.8881755,20272.2,20272.2,-10.75892848,-6.82,46.74345666
1666912308.892708,20272.2,20263.81,-11.42821623,-15.21,44.7059656
1666912318.8755312,20272.2,20263.81,-11.42821623,-15.21,44.7059656
1666912328.8918684,20272.2,20263.81,-11.42821623,-15.21,44.7059656
1666912338.8514848,20268.67,20268.67,-10.41698077,8.22,45.86399908
1666912348.887999,20268.67,20268.67,-10.41698077,8.22,45.86399908
1666912358.899494,20268.67,20268.67,-10.41698077,8.22,45.86399908
1666912368.9002235,20268.67,20261.79,-10.96581268,1.34,44.12161502
1666912378.884616,20268.67,20261.79,-10.96581268,1.34,44.12161502
1666912388.875597,20268.67,20261.79,-10.96581268,1.34,44.12161502
1666912398.8929143,20251.95,20251.95,-12.1733186,-2.9,41.84781922
1666912408.9027798,20251.95,20251.95,-12.1733186,-2.9,41.84781922
1666912418.8628132,20251.95,20251.95,-12.1733186,-2.9,41.84781922
1666912428.870254,20251.95,20256.33,-11.82391689,1.48,43.24976563
1666912438.8590813,20251.95,20256.33,-11.82391689,1.48,43.24976563
1666912448.88546,20251.95,20256.33,-11.82391689,1.48,43.24976563
1666912459.6297328,20248.52,20248.52,-12.92073437,-22.39,41.19324453
1666912469.6339324,20248.52,20248.52,-12.92073437,-22.39,41.19324453
1666912479.6285653,20248.52,20248.52,-12.92073437,-22.39,41.19324453
1666912489.6911974,20248.52,20245.04,-13.1983412,-25.87,40.23872993
1666912499.6793582,20248.52,20245.04,-13.1983412,-25.87,40.23872993
1666912509.6841931,20248.52,20245.04,-13.1983412,-25.87,40.23872993
1666912519.6273422,20243.28,20243.28,-13.68854401,-35.43,39.79321783
1666912529.8944771,20243.28,20243.28,-13.68854401,-35.43,39.79321783
1666912539.6781735,20243.28,20243.28,-13.68854401,-35.43,39.79321783
1666912549.6896982,20243.28,20241.41,-13.8377178,-37.3,39.33568364
1666912559.6884322,20243.28,20241.41,-13.8377178,-37.3,39.33568364
1666912569.678567,20243.28,20241.41,-13.8377178,-37.3,39.33568364
1666912579.6883166,20239.57,20239.57,-14.45856592,4.85,38.89564413
1666912589.6862843,20239.57,20239.57,-14.45856592,4.85,38.89564413
1666912599.662881,20239.57,20239.57,-14.45856592,4.85,38.89564413
1666912609.668804,20239.57,20243.93,-14.11075965,9.21,40.59156822
1666912619.6543276,20239.57,20243.93,-14.11075965,9.21,40.59156822
1666912629.680397,20239.57,20243.93,-14.11075965,9.21,40.59156822
1666912640.56063,20250.79,20250.79,-13.07912922,-0.94,43.07731696
1666912650.503564,20250.79,20250.79,-13.07912922,-0.94,43.07731696
1666912660.511177,20250.79,20250.79,-13.07912922,-0.94,43.07731696
1666912670.5395238,20250.79,20267.21,-11.76927167,15.48,48.61904296
1666912680.5166535,20250.79,20267.21,-11.76927167,15.48,48.61904296
1666912690.5920718,20250.79,20267.21,-11.76927167,15.48,48.61904296
1666912700.8673568,20274.63,20274.63,-9.18048663,-11.03,50.78422668
1666912710.5430849,20274.63,20274.63,-9.18048663,-11.03,50.78422668
1666912720.519808,20274.63,20265.65,-9.89683991,-20.01,48.14024769
1666912730.5139456,20274.63,20265.65,-9.89683991,-20.01,48.14024769
1666912740.5720108,20274.63,20265.65,-9.89683991,-20.01,48.14024769
1666912750.5244656,20278.06,20278.06,-7.02648822,3.29,51.79546919
1666912760.5757418,20278.06,20278.06,-7.02648822,3.29,51.79546919
1666912770.6410606,20278.06,20278.06,-7.02648822,3.29,51.79546919
1666912780.620488,20278.06,20278.06,-7.02648822,3.29,51.79546919
1666912790.5488992,20278.06,20275.27,-7.24905232,0.5,50.87969112
1666912800.5784328,20278.06,20275.27,-7.24905232,0.5,50.87969112
1666912810.5267622,20278.06,20275.27,-7.24905232,0.5,50.87969112
1666912820.8800144,20282.94,20282.94,-4.85785739,9.79,53.29391224
1666912830.8820913,20282.94,20282.94,-4.85785739,9.79,53.29391224
1666912840.895334,20282.94,20284.37,-4.74378331,11.22,53.73922062
1666912850.8878071,20282.94,20284.37,-4.74378331,11.22,53.73922062
1666912861.005799,20282.94,20284.37,-4.74378331,11.22,53.73922062
1666912870.9366748,20285.07,20285.07,-3.02677126,16.4,53.94772752
1666912880.903177,20285.07,20285.07,-3.02677126,16.4,53.94772752
1666912890.9228072,20285.07,20285.07,-3.02677126,16.4,53.94772752
1666912900.934927,20285.07,20285.07,-3.02677126,16.4,53.94772752
1666912910.8995423,20285.07,20267.25,-4.44830972,-1.42,47.85924875
1666912920.921934,20285.07,20267.25,-4.44830972,-1.42,47.85924875
1666912930.9438586,20274.48,20274.48,-3.19281913,22.53,50.1558624
1666912940.9503822,20274.48,20274.48,-3.19281913,22.53,50.1558624
1666912950.9613783,20274.48,20274.48,-3.19281913,22.53,50.1558624
1666912960.950447,20274.48,20284.91,-2.36079634,32.96,53.61398082
1666912970.9562545,20274.48,20284.91,-2.36079634,32.96,53.61398082
1666912980.9675753,20274.48,20284.91,-2.36079634,32.96,53.61398082
1666912990.9913716,20283.79,20283.79,-1.30857382,36.41,53.26580851
1666913001.5794086,20283.79,20283.79,-1.30857382,36.41,53.26580851
1666913011.608712,20283.79,20283.79,-1.30857382,36.41,53.26580851
1666913021.5949814,20283.79,20283.37,-1.34207809,35.99,53.10483399
1666913031.6006026,20283.79,20283.37,-1.34207809,35.99,53.10483399
1666913041.5914226,20283.79,20283.37,-1.34207809,35.99,53.10483399
1666913051.5487971,20276.32,20276.32,-1.5316209,31.0,50.56370508
1666913061.9273553,20276.32,20276.32,-1.5316209,31.0,50.56370508
1666913071.5442495,20276.32,20276.32,-1.5316209,31.0,50.56370508
1666913081.5589175,20276.32,20275.7,-1.58107959,30.38,50.34057693
1666913091.558082,20276.32,20275.7,-1.58107959,30.38,50.34057693
1666913101.6106768,20276.32,20275.7,-1.58107959,30.38,50.34057693
1666913111.5639858,20276.32,20275.7,-1.58107959,30.38,50.34057693
1666913121.5776007,20278.68,20278.68,-0.89962265,39.11,51.43332909
1666913131.6217964,20278.68,20278.68,-0.89962265,39.11,51.43332909
1666913141.595207,20278.68,20285.75,-0.33563405,46.18,53.93062411
1666913151.5951076,20278.68,20285.75,-0.33563405,46.18,53.93062411
1666913161.5974655,20278.68,20285.75,-0.33563405,46.18,53.93062411
1666913171.5990305,20285.7,20285.7,0.52525232,34.91,53.92031222
1666913182.3516364,20285.7,20285.7,0.52525232,34.91,53.92031222
1666913192.6650827,20285.7,20285.7,0.52525232,34.91,53.92031222
1666913202.3477492,20285.7,20281.15,0.16228935,30.36,52.07228409
1666913212.348114,20285.7,20281.15,0.16228935,30.36,52.07228409
1666913222.3652346,20285.7,20281.15,0.16228935,30.36,52.07228409
1666913232.3574934,20285.7,20281.15,0.16228935,30.36,52.07228409
1666913242.3586955,20281.53,20281.53,0.62301842,6.9,52.22297038
1666913252.3342233,20281.53,20281.53,0.62301842,6.9,52.22297038
1666913262.357015,20281.53,20286.51,1.02028338,11.88,54.09767241
1666913272.3671489,20281.53,20286.51,1.02028338,11.88,54.09767241
1666913282.3310256,20281.53,20286.51,1.02028338,11.88,54.09767241
1666913292.3897524,20287.78,20287.78,1.7288711,9.72,54.60012586
1666913302.3281755,20287.78,20287.78,1.7288711,9.72,54.60012586
1666913312.322468,20287.78,20287.78,1.7288711,9.72,54.60012586
1666913322.3824456,20287.78,20287.95,1.74243235,9.89,54.66480627
1666913332.3712745,20287.78,20287.95,1.74243235,9.89,54.66480627
1666913342.337565,20287.78,20287.95,1.74243235,9.89,54.66480627
1666913352.3382795,20279.03,20279.03,1.12146219,-2.7,50.85654755
1666913363.2110355,20279.03,20279.03,1.12146219,-2.7,50.85654755
1666913373.3886,20279.03,20279.03,1.12146219,-2.7,50.85654755
1666913383.2126324,20279.03,20284.28,1.54026561,2.55,53.04396823
1666913393.3922162,20279.03,20284.28,1.54026561,2.55,53.04396823
1666913403.2147307,20279.03,20284.28,1.54026561,2.55,53.04396823
1666913413.2458737,20284.31,20284.31,1.89000434,-0.84,53.0158275
1666913423.1963413,20284.31,20284.31,1.89000434,-0.84,53.0158275
1666913433.2188823,20284.31,20284.31,1.89000434,-0.84,53.0158275
1666913443.216456,20284.31,20286.28,2.04715534,1.13,53.86570347
1666913453.225719,20284.31,20286.28,2.04715534,1.13,53.86570347
1666913463.2274656,20284.31,20286.28,2.04715534,1.13,53.86570347
1666913473.241499,20284.31,20286.28,2.04715534,1.13,53.86570347
1666913483.2457442,20290.04,20290.04,2.92061907,15.56,55.36133213
1666913493.2489643,20290.04,20290.04,2.92061907,15.56,55.36133213
1666913503.2416816,20290.04,20272.79,1.54455069,-1.69,47.71920529
1666913513.2697933,20290.04,20272.79,1.54455069,-1.69,47.71920529
1666913523.2088623,20290.04,20272.79,1.54455069,-1.69,47.71920529
1666913533.216539,20267.62,20267.62,0.25048439,-16.17,45.78691289
1666913543.6953597,20267.62,20267.62,0.25048439,-16.17,45.78691289
1666913553.7079797,20267.62,20267.62,0.25048439,-16.17,45.78691289
1666913563.7158518,20267.62,20266.81,0.18586901,-16.98,45.48224469
1666913573.7324064,20267.62,20266.81,0.18586901,-16.98,45.48224469
1666913583.7138703,20267.62,20266.81,0.18586901,-16.98,45.48224469
1666913593.7241883,20274.59,20274.59,0.45842986,-0.49,48.71457686
1666913603.7159307,20274.59,20274.59,0.45842986,-0.49,48.71457686
1666913613.718812,20274.59,20274.59,0.45842986,-0.49,48.71457686
1666913623.7203054,20274.59,20279.92,0.88361505,4.84,50.96258985
1666913633.741867,20274.59,20279.92,0.88361505,4.84,50.96258985
1666913643.7202425,20274.59,20279.92,0.88361505,4.84,50.96258985
1666913653.7320812,20284.78,20284.78,1.62098813,7.54,52.84719956
1666913663.745496,20284.78,20284.78,1.62098813,7.54,52.84719956
1666913673.7401607,20284.78,20284.78,1.62098813,7.54,52.84719956
1666913683.7598214,20284.78,20285.16,1.65130152,7.92,52.99929992
1666913693.707793,20284.78,20285.16,1.65130152,7.92,52.99929992
1666913703.7191925,20284.78,20285.16,1.65130152,7.92,52.99929992
1666913713.70841,20285.02,20285.02,1.91040875,-0.43,52.94337725
1666913724.3356287,20285.02,20285.02,1.91040875,-0.43,52.94337725
1666913734.373118,20285.02,20285.02,1.91040875,-0.43,52.94337725
1666913744.3368962,20285.02,20284.29,1.85217513,-1.16,52.59199263
1666913754.3927183,20285.02,20284.29,1.85217513,-1.16,52.59199263
1666913764.352196,20285.02,20284.29,1.85217513,-1.16,52.59199263
1666913774.3842435,20286.03,20286.03,2.24316799,4.5,53.37438611
1666913784.3880663,20286.03,20286.03,2.24316799,4.5,53.37438611
1666913794.394118,20286.03,20286.03,2.24316799,4.5,53.37438611
1666913804.375774,20286.03,20278.19,1.61775489,-3.34,49.57829682
1666913814.3973837,20286.03,20278.19,1.61775489,-3.34,49.57829682
1666913824.3819883,20286.03,20278.19,1.61775489,-3.34,49.57829682
1666913834.4002898,20281.25,20281.25,1.79367601,-4.78,50.96166349
1666913844.3793633,20281.25,20281.25,1.79367601,-4.78,50.96166349
1666913854.4460273,20281.25,20281.25,1.79367601,-4.78,50.96166349
1666913864.3975112,20281.25,20266.84,0.64416034,-19.19,44.51941375
1666913874.407416,20281.25,20266.84,0.64416034,-19.19,44.51941375
1666913884.3936193,20281.25,20266.84,0.64416034,-19.19,44.51941375
1666913894.3811944,20258.0,20258.0,-1.69453736,-22.07,41.52151603
1666913905.5989993,20258.0,20258.0,-1.69453736,-22.07,41.52151603
1666913915.8149853,20258.0,20258.0,-1.69453736,-22.07,41.52151603
1666913925.586633,20258.0,20252.2,-2.15721542,-27.87,39.34377857
1666913935.5848222,20258.0,20252.2,-2.15721542,-27.87,39.34377857
1666913945.602599,20258.0,20252.2,-2.15721542,-27.87,39.34377857
1666913955.7429292,20253.28,20253.28,-3.63906334,-31.5,40.00646466
1666913965.840359,20253.28,20253.28,-3.63906334,-31.5,40.00646466
1666913975.6085937,20253.28,20253.28,-3.63906334,-31.5,40.00646466
1666913985.6092012,20253.28,20257.0,-3.3423112,-27.78,41.91771067
1666913995.617733,20253.28,20257.0,-3.3423112,-27.78,41.91771067
1666914005.70087,20253.28,20257.0,-3.3423112,-27.78,41.91771067
1666914015.6164784,20257.54,20257.54,-4.13200548,-32.49,42.18507466
1666914025.605106,20257.54,20257.54,-4.13200548,-32.49,42.18507466
1666914035.630456,20257.54,20257.54,-4.13200548,-32.49,42.18507466
1666914045.7531943,20257.54,20262.85,-3.70841574,-27.18,44.87236155
1666914055.6352637,20257.54,20262.85,-3.70841574,-27.18,44.87236155
1666914065.5849726,20257.54,20262.85,-3.70841574,-27.18,44.87236155
1666914075.5843325,20257.84,20257.84,-4.59765158,-11.12,42.51315068
1666914086.1121204,20257.84,20257.84,-4.59765158,-11.12,42.51315068
1666914096.0556214,20257.84,20257.84,-4.59765158,-11.12,42.51315068
1666914106.1596992,20257.84,20252.72,-5.00608463,-16.24,40.52705429
1666914116.1106374,20257.84,20252.72,-5.00608463,-16.24,40.52705429
1666914126.0986474,20257.84,20252.72,-5.00608463,-16.24,40.52705429
1666914136.0783632,20258.82,20258.82,-4.88904293,-15.77,42.91570795
1666914146.1136177,20258.82,20258.82,-4.88904293,-15.77,42.91570795
1666914156.120443,20258.82,20258.82,-4.88904293,-15.77,42.91570795
1666914166.118581,20258.82,20268.81,-4.09211986,-5.78,48.29091655
1666914176.123072,20258.82,20268.81,-4.09211986,-5.78,48.29091655
1666914187.242128,20258.82,20268.81,-4.09211986,-5.78,48.29091655
1666914196.0874882,20264.73,20264.73,-4.28187947,-20.05,46.22633848
1666914206.083922,20264.73,20264.73,-4.28187947,-20.05,46.22633848
1666914216.1565547,20264.73,20264.73,-4.28187947,-20.05,46.22633848
1666914226.1222572,20264.73,20271.21,-3.7649564,-13.57,49.66284313
1666914236.0903196,20264.73,20271.21,-3.7649564,-13.57,49.66284313
1666914246.1209514,20264.73,20271.21,-3.7649564,-13.57,49.66284313
1666914256.1297176,20275.48,20275.48,-2.61211955,-9.54,51.70006708
1666914266.6272302,20275.48,20275.48,-2.61211955,-9.54,51.70006708
1666914276.8544252,20275.48,20275.48,-2.61211955,-9.54,51.70006708
1666914286.62981,20275.48,20283.29,-1.98909961,-1.73,55.26765065
1666914296.627253,20275.48,20283.29,-1.98909961,-1.73,55.26765065
1666914306.66172,20275.48,20283.29,-1.98909961,-1.73,55.26765065
1666914316.607335,20294.69,20294.69,0.76894352,8.66,59.62076783
1666914326.718331,20294.69,20294.69,0.76894352,8.66,59.62076783
1666914336.6493297,20294.69,20294.69,0.76894352,8.66,59.62076783
1666914346.630303,20294.69,20291.88,0.54478398,5.85,58.11940398
1666914356.6760774,20294.69,20291.88,0.54478398,5.85,58.11940398
1666914366.631427,20294.69,20291.88,0.54478398,5.85,58.11940398
1666914376.625556,20283.57,20283.57,0.63659554,1.44,54.09121507
1666914386.6289392,20283.57,20283.57,0.63659554,1.44,54.09121507
1666914396.6423862,20283.57,20283.57,0.63659554,1.44,54.09121507
1666914406.628111,20283.57,20277.33,0.13881777,-4.8,51.22043332
1666914416.6765976,20283.57,20277.33,0.13881777,-4.8,51.22043332
1666914426.6966624,20283.57,20277.33,0.13881777,-4.8,51.22043332
1666914436.66846,20277.25,20277.25,0.32723289,20.43,51.18560547
1666914447.4100802,20277.25,20277.25,0.32723289,20.43,51.18560547
1666914457.4150248,20277.25,20277.25,0.32723289,20.43,51.18560547
1666914467.4242237,20277.25,20287.46,1.14170582,30.64,55.35766743
1666914477.8609776,20277.25,20287.46,1.14170582,30.64,55.35766743
1666914487.3811843,20277.25,20287.46,1.14170582,30.64,55.35766743
1666914497.4311516,20289.02,20289.02,2.24158305,37.21,55.71874934
1666914507.439444,20289.02,20289.02,2.24158305,37.21,55.71874934
1666914517.4299943,20289.02,20289.02,2.24158305,37.21,55.71874934
1666914527.463827,20289.02,20285.0,1.92089929,33.19,53.84558325
1666914537.395166,20289.02,20285.0,1.92089929,33.19,53.84558325
1666914547.4333727,20289.02,20285.0,1.92089929,33.19,53.84558325
1666914557.4371743,20293.59,20293.59,3.53240688,36.05,57.58727929
1666914567.754531,20293.59,20293.59,3.53240688,36.05,57.58727929
1666914577.4266253,20293.59,20293.59,3.53240688,36.05,57.58727929
1666914587.437634,20293.59,20292.72,3.46300517,35.18,57.13033071
1666914597.4703698,20293.59,20292.72,3.46300517,35.18,57.13033071
1666914607.443514,20293.59,20292.72,3.46300517,35.18,57.13033071
1666914617.4584005,20289.96,20289.96,3.62204472,30.54,55.64413031
1666914627.9424248,20289.96,20289.96,3.62204472,30.54,55.64413031
1666914637.9532845,20289.96,20289.96,3.62204472,30.54,55.64413031
1666914647.9489172,20289.96,20282.66,3.03970854,23.24,52.12433565
1666914657.9632578,20289.96,20282.66,3.03970854,23.24,52.12433565
1666914667.923623,20289.96,20282.66,3.03970854,23.24,52.12433565
1666914677.9570825,20278.79,20278.79,2.46006796,19.97,50.32992659
1666914687.9533906,20278.79,20278.79,2.46006796,19.97,50.32992659
1666914697.951991,20278.79,20278.79,2.46006796,19.97,50.32992659
1666914707.971232,20278.79,20278.48,2.43533862,19.66,50.18495408
1666914717.9701595,20278.79,20278.48,2.43533862,19.66,50.18495408
1666914727.983825,20278.79,20278.48,2.43533862,19.66,50.18495408
1666914737.9827957,20277.22,20277.22,1.90970829,12.4,49.60420741
1666914747.976679,20277.22,20277.22,1.90970829,12.4,49.60420741
1666914757.9766777,20277.22,20277.22,1.90970829,12.4,49.60420741
1666914767.9677916,20277.22,20284.96,2.52714419,20.14,53.18786685
1666914777.9529066,20277.22,20284.96,2.52714419,20.14,53.18786685
1666914787.987115,20277.22,20284.96,2.52714419,20.14,53.18786685
1666914798.3142662,20283.68,20283.68,2.54198613,8.19,52.52930035
1666914808.806831,20283.68,20283.68,2.54198613,8.19,52.52930035
1666914818.8727803,20283.68,20283.68,2.54198613,8.19,52.52930035
1666914828.873573,20283.68,20290.2,3.06210009,14.71,55.4976123
1666914843.3439977,20283.68,20290.2,3.06210009,14.71,55.4976123
1666914852.470775,20290.19,20290.19,3.44991569,-4.5,55.49342605
1666914874.7951589,20290.19,20290.19,3.44991569,-4.5,55.49342605
1666914912.223642,20282.06,20282.06,2.56579251,-1.51,51.27075861
1666914925.496384,20282.06,20282.06,2.56579251,-1.51,51.27075861
1666914935.448489,20282.06,20282.06,2.56579251,-1.51,51.27075861
1666914945.4971964,20282.06,20288.2,3.05559308,4.63,54.110761
1666914955.5067778,20282.06,20288.2,3.05559308,4.63,54.110761
1666914965.4997773,20282.06,20288.2,3.05559308,4.63,54.110761
1666914975.5156488,20276.62,20276.62,1.58174073,-0.63,48.60687853
1666914985.6301906,20276.62,20276.62,1.58174073,-0.63,48.60687853
1666914995.507525,20276.62,20276.62,1.58174073,-0.63,48.60687853
1666915005.530264,20276.62,20282.49,2.05000284,5.24,51.53338245
1666915024.1253676,20276.62,20282.49,2.05000284,5.24,51.53338245
1666915026.452479,20276.62,20282.49,2.05000284,5.24,51.53338245
1666915035.8732426,20286.6,20286.6,2.46286408,-4.07,53.43610472
1666915045.8693128,20286.6,20286.6,2.46286408,-4.07,53.43610472
1666915055.877972,20286.6,20286.6,2.46286408,-4.07,53.43610472
1666915065.8268723,20286.6,20278.78,1.83904642,-11.89,49.53574169
1666915075.8746858,20286.6,20278.78,1.83904642,-11.89,49.53574169
1666915085.838801,20286.6,20278.78,1.83904642,-11.89,49.53574169
1666915095.845974,20282.35,20282.35,2.05578565,-11.39,51.23724668
1666915105.852079,20282.35,20282.35,2.05578565,-11.39,51.23724668
1666915116.0193214,20282.35,20282.35,2.05578565,-11.39,51.23724668
1666915125.911237,20282.35,20291.81,2.81042952,-1.93,55.82428222
1666915135.873678,20282.35,20291.81,2.81042952,-1.93,55.82428222
1666915145.9230294,20282.35,20291.81,2.81042952,-1.93,55.82428222
1666915155.916085,20290.94,20290.94,3.11468088,2.17,55.44427787
1666915165.8869295,20290.94,20290.94,3.11468088,2.17,55.44427787
1666915177.0154655,20290.94,20290.94,3.11468088,2.17,55.44427787
1666915187.009277,20290.94,20292.79,3.26225923,4.02,56.31179108
1666915197.0234756,20290.94,20292.79,3.26225923,4.02,56.31179108
1666915207.0525622,20290.94,20292.79,3.26225923,4.02,56.31179108
1666915217.045364,20295.11,20295.11,3.96704061,14.91,57.35309238
1666915227.3953085,20295.11,20295.11,3.96704061,14.91,57.35309238
1666915237.4673398,20295.11,20295.11,3.96704061,14.91,57.35309238
1666915247.3909807,20295.11,20294.0,3.8784936,13.8,56.65728725
1666915257.38055,20295.11,20294.0,3.8784936,13.8,56.65728725
1666915267.4222958,20295.11,20294.0,3.8784936,13.8,56.65728725
1666915277.4930007,20282.6,20282.6,2.61969454,5.38,50.34388376
1666915287.4148667,20282.6,20282.6,2.61969454,5.38,50.34388376
1666915297.5446937,20282.6,20282.6,2.61969454,5.38,50.34388376
1666915307.3698084,20282.6,20277.7,2.22881135,0.48,47.8896218
1666915317.468758,20282.6,20277.7,2.22881135,0.48,47.8896218
1666915327.4221768,20282.6,20277.7,2.22881135,0.48,47.8896218
1666915337.4261534,20277.65,20277.65,1.55635228,-7.23,47.86581102
1666915347.3819506,20277.65,20277.65,1.55635228,-7.23,47.86581102
1666915357.817126,20277.65,20277.65,1.55635228,-7.23,47.86581102
1666915367.864318,20277.65,20283.12,1.99270555,-1.76,50.75073202
1666915377.7957702,20277.65,20283.12,1.99270555,-1.76,50.75073202
1666915387.7914865,20277.65,20283.12,1.99270555,-1.76,50.75073202
1666915397.8379543,20297.28,20297.28,3.83602411,7.09,56.80232032
1666915407.823439,20297.28,20297.28,3.83602411,7.09,56.80232032
1666915417.8180995,20297.28,20297.28,3.83602411,7.09,56.80232032
1666915427.81374,20297.28,20300.48,4.09129476,10.29,58.17565821
1666915437.7859595,20297.28,20300.48,4.09129476,10.29,58.17565821
1666915447.8242283,20297.28,20300.48,4.09129476,10.29,58.17565821
1666915457.8080597,20299.63,20299.63,4.59064579,17.57,57.86680203
1666915467.854259,20299.63,20299.63,4.59064579,17.57,57.86680203
1666915477.8484836,20299.63,20299.63,4.59064579,17.57,57.86680203
1666915487.8312333,20299.63,20303.41,4.89218425,21.35,59.40694667
1666915497.8772037,20299.63,20303.41,4.89218425,21.35,59.40694667
1666915507.8412654,20299.63,20303.41,4.89218425,21.35,59.40694667
1666915517.8465345,20312.54,20312.54,6.76154758,35.94,62.73864057
1666915527.869766,20312.54,20312.54,6.76154758,35.94,62.73864057
1666915538.4581149,20312.54,20312.54,6.76154758,35.94,62.73864057
1666915548.442076,20312.54,20297.36,5.55060741,20.76,54.91196424
1666915558.454011,20312.54,20297.36,5.55060741,20.76,54.91196424
1666915568.442086,20312.54,20297.36,5.55060741,20.76,54.91196424
1666915578.3982062,20305.29,20305.29,6.64796962,20.02,58.91289821
1666915588.5068398,20305.29,20305.29,6.64796962,20.02,58.91289821
1666915598.598593,20305.29,20305.29,6.64796962,20.02,58.91289821
1666915608.4163003,20305.29,20305.44,6.65993543,20.17,58.97378998
1666915618.4946358,20305.29,20305.44,6.65993543,20.17,58.97378998
1666915628.493001,20305.29,20305.44,6.65993543,20.17,58.97378998
1666915638.54328,20300.78,20300.78,6.40042438,17.26,56.32847413
1666915648.4821153,20300.78,20300.78,6.40042438,17.26,56.32847413
1666915658.4838712,20300.78,20300.78,6.40042438,17.26,56.32847413
1666915668.488487,20300.78,20303.89,6.64851555,20.37,57.92812565
1666915678.4808896,20300.78,20303.89,6.64851555,20.37,57.92812565
1666915688.4866831,20300.78,20303.89,6.64851555,20.37,57.92812565
1666915698.474191,20308.56,20308.56,7.42871749,17.71,59.77897637
1666915708.467222,20308.56,20308.56,7.42871749,17.71,59.77897637
1666915719.1235435,20308.56,20308.56,7.42871749,17.71,59.77897637
1666915729.1065724,20308.56,20308.64,7.43509926,17.79,59.82892731
1666915739.3456676,20308.56,20308.64,7.43509926,17.79,59.82892731
1666915749.1502764,20308.56,20308.64,7.43509926,17.79,59.82892731
1666915759.1674645,20301.06,20301.06,6.68305985,5.95,55.3749064
1666915769.2579284,20301.06,20301.06,6.68305985,5.95,55.3749064
1666915779.1918116,20301.06,20301.06,6.68305985,5.95,55.3749064
1666915789.1568544,20301.06,20300.87,6.66790316,5.76,55.26558631
1666915799.178245,20301.06,20300.87,6.66790316,5.76,55.26558631
1666915809.203085,20301.06,20300.87,6.66790316,5.76,55.26558631
1666915819.2201834,20306.99,20306.99,7.15891979,23.43,58.26124362
1666915829.202305,20306.99,20306.99,7.15891979,23.43,58.26124362
1666915839.2505755,20306.99,20306.99,7.15891979,23.43,58.26124362
1666915849.1817644,20306.99,20293.33,6.06923318,9.77,50.73601321
1666915860.222079,20306.99,20293.33,6.06923318,9.77,50.73601321
1666915869.2161374,20306.99,20293.33,6.06923318,9.77,50.73601321
1666915879.152215,20275.01,20275.01,2.69225911,-2.64,43.05864806
1666915889.265996,20275.01,20275.01,2.69225911,-2.64,43.05864806
1666915899.8057642,20275.01,20275.01,2.69225911,-2.64,43.05864806
1666915909.8185873,20275.01,20269.22,2.23037876,-8.43,40.95775228
1666915919.8062449,20275.01,20269.22,2.23037876,-8.43,40.95775228
1666915929.821079,20275.01,20269.22,2.23037876,-8.43,40.95775228
1666915939.8491414,20271.57,20271.57,0.61387992,-26.46,41.78522982
1666915949.8284,20271.57,20271.57,0.61387992,-26.46,41.78522982
1666915959.892182,20271.57,20271.57,0.61387992,-26.46,41.78522982
1666915969.8611162,20271.57,20266.56,0.2142218,-31.47,39.93295226
1666915979.8745666,20271.57,20266.56,0.2142218,-31.47,39.93295226
1666915989.894137,20271.57,20266.56,0.2142218,-31.47,39.93295226
1666915999.8545227,20258.68,20258.68,-2.5602745,-40.2,37.30385864
1666916009.876772,20258.68,20258.68,-2.5602745,-40.2,37.30385864
1666916019.8808384,20258.68,20258.68,-2.5602745,-40.2,37.30385864
1666916029.8503692,20258.68,20256.99,-2.69508931,-41.89,36.75100711
1666916039.8451831,20258.68,20256.99,-2.69508931,-41.89,36.75100711
1666916049.9006102,20258.68,20256.99,-2.69508931,-41.89,36.75100711
1666916059.8366597,20252.57,20252.57,-5.10110639,-58.46,35.36313584
1666916070.030538,20252.57,20252.57,-5.10110639,-58.46,35.36313584
1666916080.5935478,20252.57,20252.57,-5.10110639,-58.46,35.36313584
1666916090.626722,20252.57,20252.42,-5.1130722,-58.61,35.31499821
1666916100.5630498,20252.57,20252.42,-5.1130722,-58.61,35.31499821
1666916110.5572708,20249.31,20249.31,-7.15762383,-55.98,34.34566086
1666916120.6251297,20249.31,20249.31,-7.15762383,-55.98,34.34566086
1666916130.7771995,20249.31,20249.31,-7.15762383,-55.98,34.34566086
1666916140.658293,20249.31,20259.89,-6.31363522,-45.4,40.34461287
1666916150.6320293,20249.31,20259.89,-6.31363522,-45.4,40.34461287
1666916160.6170185,20249.31,20259.89,-6.31363522,-45.4,40.34461287
1666916170.7307312,20249.31,20259.89,-6.31363522,-45.4,40.34461287
1666916180.6516285,20261.75,20261.75,-6.72498937,-40.68,41.28773528
1666916190.776791,20261.75,20261.75,-6.72498937,-40.68,41.28773528
1666916200.6660714,20261.75,20262.62,-6.65558766,-39.81,41.75160217
1666916210.6091366,20261.75,20262.62,-6.65558766,-39.81,41.75160217
1666916220.678558,20261.75,20262.62,-6.65558766,-39.81,41.75160217
1666916230.612334,20261.89,20261.89,-7.06709563,-46.94,41.36287868
1666916240.6424809,20261.89,20261.89,-7.06709563,-46.94,41.36287868
1666916250.699153,20261.89,20261.89,-7.06709563,-46.94,41.36287868
1666916261.4439363,20261.89,20245.37,-8.38493039,-63.46,35.57667147
1666916271.4567704,20261.89,20245.37,-8.38493039,-63.46,35.57667147
1666916281.423387,20261.89,20245.37,-8.38493039,-63.46,35.57667147
1666916291.424173,20238.04,20238.04,-10.63483619,-64.59,33.49750339
1666916301.4152703,20238.04,20238.04,-10.63483619,-64.59,33.49750339
1666916311.4563837,20238.04,20238.04,-10.63483619,-64.59,33.49750339
1666916321.4780717,20238.04,20239.75,-10.49842593,-62.88,34.45979981
1666916331.5385242,20238.04,20239.75,-10.49842593,-62.88,34.45979981
1666916341.475662,20238.04,20239.75,-10.49842593,-62.88,34.45979981
1666916356.655013,20261.69,20261.69,-8.33831333,-44.12,44.83160156
1666916366.4538789,20261.69,20261.69,-8.33831333,-44.12,44.83160156
1666916376.6716475,20261.69,20261.69,-8.33831333,-44.12,44.83160156
1666916386.4928205,20261.69,20249.31,-9.32589168,-56.5,41.05002236
1666916396.703555,20261.69,20249.31,-9.32589168,-56.5,41.05002236
1666916406.6856978,20261.69,20249.31,-9.32589168,-56.5,41.05002236
1666916416.5253954,20239.9,20239.9,-11.08881844,-36.08,38.56054429
1666916426.5504014,20239.9,20239.9,-11.08881844,-36.08,38.56054429
1666916436.5192327,20239.9,20239.9,-11.08881844,-36.08,38.56054429
1666916446.512972,20239.9,20222.15,-12.50477285,-53.83,34.35716637
1666916456.51812,20239.9,20222.15,-12.50477285,-53.83,34.35716637
1666916466.495316,20239.9,20222.15,-12.50477285,-53.83,34.35716637
1666916476.4951308,20228.78,20228.78,-13.31163452,-42.79,35.79570292
1666916486.5125182,20228.78,20228.78,-13.31163452,-42.79,35.79570292
1666916496.5703511,20228.78,20228.78,-13.31163452,-42.79,35.79570292
1666916506.4859462,20228.78,20213.78,-14.50821572,-57.79,32.44249368
1666916516.543771,20228.78,20213.78,-14.50821572,-57.79,32.44249368
1666916526.5009077,20228.78,20213.78,-14.50821572,-57.79,32.44249368
1666916536.5159955,20190.3,20190.3,-19.7160912,-69.49,28.29366252
1666916546.5859325,20190.3,20190.3,-19.7160912,-69.49,28.29366252
1666916556.5300193,20190.3,20190.3,-19.7160912,-69.49,28.29366252
1666916566.683412,20190.3,20223.0,-17.10754419,-36.79,39.83352078
1666916576.5602396,20190.3,20223.0,-17.10754419,-36.79,39.83352078
1666916586.58221,20190.3,20223.0,-17.10754419,-36.79,39.83352078
1666916596.5642192,20239.11,20239.11,-15.20425955,-14.18,44.25338779
1666916606.5605266,20239.11,20239.11,-15.20425955,-14.18,44.25338779
1666916616.561519,20239.11,20239.11,-15.20425955,-14.18,44.25338779
1666916626.7743037,20239.11,20241.96,-14.97690912,-11.33,45.02282122
1666916636.5771055,20239.11,20241.96,-14.97690912,-11.33,45.02282122
1666916646.6666925,20239.11,20241.96,-14.97690912,-11.33,45.02282122
1666916656.585771,20248.2,20248.2,-13.32821365,-1.11,46.65632124
1666916666.7440667,20248.2,20248.2,-13.32821365,-1.11,46.65632124
1666916676.618702,20248.2,20248.2,-13.32821365,-1.11,46.65632124
1666916686.594204,20248.2,20272.54,-11.38656123,23.23,52.50624245
1666916696.6229458,20248.2,20272.54,-11.38656123,23.23,52.50624245
1666916706.5711713,20248.2,20272.54,-11.38656123,23.23,52.50624245
1666916716.9082184,20276.92,20276.92,-8.14717891,15.17,53.42535801
1666916726.5945957,20276.92,20276.92,-8.14717891,15.17,53.42535801
1666916736.5537229,20276.92,20276.92,-8.14717891,15.17,53.42535801
1666916746.614101,20276.92,20273.56,-8.41521309,11.81,52.58465526
1666916756.612217,20276.92,20273.56,-8.41521309,11.81,52.58465526
1666916766.581562,20276.92,20273.56,-8.41521309,11.81,52.58465526
1666916776.631091,20293.3,20293.3,-3.44871819,31.41,56.75974199
1666916786.595805,20293.3,20293.3,-3.44871819,31.41,56.75974199
1666916796.6439562,20293.3,20293.3,-3.44871819,31.41,56.75974199
1666916806.6361542,20293.3,20281.93,-4.35572674,20.04,53.85979198
1666916816.6267965,20293.3,20281.93,-4.35572674,20.04,53.85979198
1666916826.5905795,20293.3,20281.93,-4.35572674,20.04,53.85979198
1666916836.611796,20284.87,20284.87,-1.96996363,46.83,54.58086186
1666916846.6437418,20284.87,20284.87,-1.96996363,46.83,54.58086186
1666916856.6833382,20284.87,20284.87,-1.96996363,46.83,54.58086186
1666916866.6571665,20284.87,20282.68,-2.14466449,44.64,54.00090566
1666916876.6434877,20284.87,20282.68,-2.14466449,44.64,54.00090566
1666916886.6048372,20284.87,20282.68,-2.14466449,44.64,54.00090566
1666916896.6369555,20278.43,20278.43,-1.11085881,14.52,52.89053539
1666916906.6538026,20278.43,20278.43,-1.11085881,14.52,52.89053539
1666916916.676003,20278.43,20278.43,-1.11085881,14.52,52.89053539
1666916926.6425402,20278.43,20269.25,-1.84316651,5.34,50.51722542
1666916936.6645956,20278.43,20269.25,-1.84316651,5.34,50.51722542
1666916946.664143,20278.43,20269.25,-1.84316651,5.34,50.51722542
1666916956.68193,20269.77,20269.77,-1.30931355,29.02,50.64595606
1666916966.6538565,20269.77,20269.77,-1.30931355,29.02,50.64595606
1666916976.6761248,20269.77,20269.77,-1.30931355,29.02,50.64595606
1666916986.66126,20269.77,20268.87,-1.38110842,28.12,50.40654006
1666916996.7406905,20269.77,20268.87,-1.38110842,28.12,50.40654006
1666917006.6695538,20269.77,20268.87,-1.38110842,28.12,50.40654006
1666917016.6994414,20274.38,20274.38,-0.25756629,44.48,51.81836391
1666917026.7348762,20274.38,20274.38,-0.25756629,44.48,51.81836391
1666917036.7674055,20274.38,20274.38,-0.25756629,44.48,51.81836391
1666917046.735402,20274.38,20280.6,0.23861604,50.7,53.42569032
1666917056.7395785,20274.38,20280.6,0.23861604,50.7,53.42569032
1666917066.682469,20274.38,20280.6,0.23861604,50.7,53.42569032
1666917076.704669,20286.92,20286.92,2.02254837,96.62,54.96196441
1666917086.68333,20286.92,20286.92,2.02254837,96.62,54.96196441
1666917096.7106943,20286.92,20286.92,2.02254837,96.62,54.96196441
1666917106.713511,20286.92,20299.35,3.01411532,109.05,57.8857785
1666917116.7088766,20286.92,20299.35,3.01411532,109.05,57.8857785
1666917127.6763885,20286.92,20299.35,3.01411532,109.05,57.8857785
1666917136.7468417,20299.43,20299.43,4.80311484,60.32,57.90336732
1666917146.7474258,20299.43,20299.43,4.80311484,60.32,57.90336732
1666917156.7882612,20299.43,20299.43,4.80311484,60.32,57.90336732
1666917166.7222135,20299.43,20308.52,5.52824305,69.41,59.95012979
1666917176.7087336,20299.43,20308.52,5.52824305,69.41,59.95012979
1666917186.7095628,20299.43,20308.52,5.52824305,69.41,59.95012979
1666917196.72113,20309.37,20309.37,7.55015947,62.25,60.13139156
1666917206.7165265,20309.37,20309.37,7.55015947,62.25,60.13139156
1666917216.7425568,20309.37,20309.37,7.55015947,62.25,60.13139156
1666917226.8184476,20309.37,20316.75,8.13887742,69.63,61.75006027
1666917236.742334,20309.37,20316.75,8.13887742,69.63,61.75006027
1666917246.758296,20309.37,20316.75,8.13887742,69.63,61.75006027
1666917256.731228,20318.44,20318.44,10.27912124,41.52,62.09766835
1666917266.765667,20318.44,20318.44,10.27912124,41.52,62.09766835
1666917276.791751,20318.44,20318.44,10.27912124,41.52,62.09766835
1666917286.6959343,20318.44,20308.86,9.51490472,31.94,58.79262623
1666917296.7785394,20318.44,20308.86,9.51490472,31.94,58.79262623
1666917306.7659993,20318.44,20308.86,9.51490472,31.94,58.79262623
1666917316.8916547,20309.3,20309.3,10.43987309,15.58,58.93644411
1666917326.7310882,20309.3,20309.3,10.43987309,15.58,58.93644411
1666917336.8525803,20309.3,20309.3,10.43987309,15.58,58.93644411
1666917346.76322,20309.3,20311.56,10.62015799,17.84,59.48672793
1666917356.765024,20309.3,20311.56,10.62015799,17.84,59.48672793
1666917366.8216057,20309.3,20311.56,10.62015799,17.84,59.48672793
1666917376.7787056,20322.82,20322.82,13.02599942,37.95,61.76978703
1666917387.070012,20322.82,20322.82,13.02599942,37.95,61.76978703
1666917396.819135,20322.82,20322.82,13.02599942,37.95,61.76978703
1666917406.774642,20322.82,20305.69,11.6595037,20.82,56.12755565
1666917416.7413204,20322.82,20305.69,11.6595037,20.82,56.12755565
1666917426.7437534,20322.82,20305.69,11.6595037,20.82,56.12755565
1666917436.758559,20315.78,20315.78,12.90504538,36.35,59.23529001
1666917446.8014,20315.78,20315.78,12.90504538,36.35,59.23529001
1666917456.7909236,20315.78,20315.78,12.90504538,36.35,59.23529001
1666917466.7608943,20315.78,20321.79,13.38447558,42.36,60.65431259
1666917476.7886355,20315.78,20321.79,13.38447558,42.36,60.65431259
1666917486.848708,20315.78,20321.79,13.38447558,42.36,60.65431259
1666917496.786851,20315.46,20315.46,13.11859972,45.69,59.15685918
1666917506.7859626,20315.46,20315.46,13.11859972,45.69,59.15685918
1666917516.8081036,20315.46,20315.46,13.11859972,45.69,59.15685918
1666917526.7836423,20315.46,20318.51,13.36190456,48.74,59.94783461
1666917536.80134,20315.46,20318.51,13.36190456,48.74,59.94783461
1666917546.7670226,20315.46,20318.51,13.36190456,48.74,59.94783461
1666917556.7989347,20321.16,20321.16,13.96218068,46.79,60.61061418
1666917566.8134415,20321.16,20321.16,13.96218068,46.79,60.61061418
1666917576.7927363,20321.16,20321.16,13.96218068,46.79,60.61061418
1666917586.9607875,20321.16,20324.56,14.23340575,50.19,61.49109916
1666917596.8612435,20321.16,20324.56,14.23340575,50.19,61.49109916
1666917606.82349,20321.16,20324.56,14.23340575,50.19,61.49109916
1666917616.866899,20317.31,20317.31,13.62139506,30.91,59.05298026
1666917626.7839234,20317.31,20317.31,13.62139506,30.91,59.05298026
1666917636.8614092,20317.31,20317.31,13.62139506,30.91,59.05298026
1666917646.8362613,20317.31,20310.32,13.06378822,23.92,56.27729557
1666917656.8717997,20317.31,20310.32,13.06378822,23.92,56.27729557
1666917666.7964845,20317.31,20310.32,13.06378822,23.92,56.27729557
1666917676.8025782,20315.21,20315.21,13.0841805,15.78,58.19073097
1666917686.86186,20315.21,20315.21,13.0841805,15.78,58.19073097
1666917696.8794663,20315.21,20315.21,13.0841805,15.78,58.19073097
1666917706.85725,20315.21,20320.54,13.50936568,21.11,59.79530725
1666917716.930066,20315.21,20320.54,13.50936568,21.11,59.79530725
1666917726.905234,20315.21,20320.54,13.50936568,21.11,59.79530725
1666917736.8194897,20313.12,20313.12,12.34997976,3.75,57.29410231
1666917746.8235724,20313.12,20313.12,12.34997976,3.75,57.29410231
1666917756.85596,20313.12,20313.12,12.34997976,3.75,57.29410231
1666917766.832548,20313.12,20317.08,12.6658772,7.71,58.59587745
1666917776.914374,20313.12,20317.08,12.6658772,7.71,58.59587745
1666917786.8933902,20313.12,20317.08,12.6658772,7.71,58.59587745
1666917796.9021215,20317.63,20317.63,12.45206776,-0.84,58.63519808
1666917806.8943667,20317.63,20317.63,12.45206776,-0.84,58.63519808
1666917817.0369277,20317.63,20317.63,12.45206776,-0.84,58.63519808
1666917826.8538969,20317.63,20312.73,12.06118456,-5.74,56.38361796
1666917836.9320087,20317.63,20312.73,12.06118456,-5.74,56.38361796
1666917846.930978,20317.63,20312.73,12.06118456,-5.74,56.38361796
1666917856.9185305,20310.91,20310.91,11.10769409,1.6,55.59073923
1666917866.9150174,20310.91,20310.91,11.10769409,1.6,55.59073923
1666917876.9136071,20310.91,20310.91,11.10769409,1.6,55.59073923
1666917886.9299536,20310.91,20313.01,11.27521546,3.7,56.35340937
1666917897.1951203,20310.91,20313.01,11.27521546,3.7,56.35340937
1666917907.107427,20310.91,20313.01,11.27521546,3.7,56.35340937
1666917916.980476,20317.48,20317.48,11.27657462,-6.92,57.89265964
1666917926.966786,20317.48,20317.48,11.27657462,-6.92,57.89265964
1666917937.0981913,20317.48,20317.48,11.27657462,-6.92,57.89265964
1666917947.018374,20317.48,20316.97,11.23589086,-7.43,57.64288293
1666917956.9124415,20317.48,20316.97,11.23589086,-7.43,57.64288293
1666917966.9759212,20317.48,20316.97,11.23589086,-7.43,57.64288293
1666917977.027062,20312.7,20312.7,10.19404608,-2.11,55.63323288
1666917986.995977,20312.7,20312.7,10.19404608,-2.11,55.63323288
1666917996.934806,20312.7,20312.7,10.19404608,-2.11,55.63323288
1666918006.948649,20312.7,20321.14,10.86732243,6.33,58.69831273
1666918016.9622357,20312.7,20321.14,10.86732243,6.33,58.69831273
1666918026.9767811,20312.7,20321.14,10.86732243,6.33,58.69831273
1666918037.0285697,20316.38,20316.38,10.04623764,0.92,57.0249741
1666918047.024293,20316.38,20316.38,10.04623764,0.92,57.0249741
1666918057.0097957,20316.38,20316.38,10.04623764,0.92,57.0249741
1666918067.6046772,20316.38,20324.7,10.70994134,9.24,60.07199566
1666918077.6173725,20316.38,20324.7,10.70994134,9.24,60.07199566
1666918087.5870996,20316.38,20324.7,10.70994134,9.24,60.07199566
1666918097.644579,20328.79,20328.79,11.26946402,7.63,61.44585793
1666918107.635752,20328.79,20328.79,11.26946402,7.63,61.44585793
1666918117.597372,20328.79,20328.79,11.26946402,7.63,61.44585793
1666918127.630484,20328.79,20316.26,10.26991986,-4.9,55.40764528
1666918137.660294,20328.79,20316.26,10.26991986,-4.9,55.40764528
1666918147.6374648,20328.79,20316.26,10.26991986,-4.9,55.40764528
1666918157.649712,20319.83,20319.83,10.13155311,1.58,57.06394661
1666918167.6280725,20319.83,20319.83,10.13155311,1.58,57.06394661
1666918177.6314154,20319.83,20319.83,10.13155311,1.58,57.06394661
1666918187.6370702,20319.83,20324.13,10.47457305,5.88,58.66665722
1666918197.6959312,20319.83,20324.13,10.47457305,5.88,58.66665722
1666918207.6932175,20319.83,20324.13,10.47457305,5.88,58.66665722
1666918217.7023437,20321.81,20321.81,10.03652214,6.6,57.61333933
1666918227.6433516,20321.81,20321.81,10.03652214,6.6,57.61333933
1666918237.6798508,20321.81,20321.81,10.03652214,6.6,57.61333933
1666918248.1985314,20321.81,20297.59,8.10444237,-17.62,46.98494682
1666918258.3897283,20321.81,20297.59,8.10444237,-17.62,46.98494682
1666918268.2757957,20321.81,20297.59,8.10444237,-17.62,46.98494682
1666918278.3177044,20300.78,20300.78,6.67796481,-12.34,48.15499135
1666918288.3023963,20300.78,20300.78,6.67796481,-12.34,48.15499135
1666918298.243384,20300.78,20300.78,6.67796481,-12.34,48.15499135
1666918308.277268,20300.78,20294.53,6.17938931,-18.59,45.751077
1666918318.2932062,20300.78,20294.53,6.17938931,-18.59,45.751077
1666918328.2475145,20300.78,20294.53,6.17938931,-18.59,45.751077
1666918338.2324772,20301.8,20301.8,5.36809387,-16.64,48.62839575
1666918348.301788,20301.8,20301.8,5.36809387,-16.64,48.62839575
1666918358.3117492,20301.8,20301.8,5.36809387,-16.64,48.62839575
1666918368.5083342,20301.8,20308.86,5.93128476,-9.58,51.68821847
1666918378.3177712,20301.8,20308.86,5.93128476,-9.58,51.68821847
1666918388.3429058,20301.8,20308.86,5.93128476,-9.58,51.68821847
1666918398.4917693,20302.61,20302.61,4.32800966,-8.3,49.03600316
1666918408.3079796,20302.61,20302.61,4.32800966,-8.3,49.03600316
1666918418.5682309,20302.61,20302.61,4.32800966,-8.3,49.03600316
1666918428.9958534,20302.61,20293.89,3.63239712,-17.02,45.16318002
1666918439.010044,20302.61,20293.89,3.63239712,-17.02,45.16318002
1666918449.2291956,20302.61,20293.89,3.63239712,-17.02,45.16318002
1666918459.033646,20295.94,20295.94,2.68004954,-21.54,45.93784913
1666918469.0666833,20295.94,20295.94,2.68004954,-21.54,45.93784913
1666918479.0302098,20295.94,20295.94,2.68004954,-21.54,45.93784913
1666918489.0972989,20295.94,20291.99,2.36494982,-25.49,44.21341219
1666918499.2247818,20295.94,20291.99,2.36494982,-25.49,44.21341219
1666918509.0615098,20295.94,20291.99,2.36494982,-25.49,44.21341219
1666918519.0255,20299.82,20299.82,2.14915758,-12.88,47.85551716
1666918529.0439994,20299.82,20299.82,2.14915758,-12.88,47.85551716
1666918539.066471,20299.82,20299.82,2.14915758,-12.88,47.85551716
1666918549.0478916,20299.82,20278.57,0.45400088,-34.13,38.89071578
1666918559.066564,20299.82,20278.57,0.45400088,-34.13,38.89071578
1666918569.0499585,20299.82,20278.57,0.45400088,-34.13,38.89071578
1666918579.0636551,20279.03,20279.03,-1.44332465,-37.31,39.04875129
1666918589.079245,20279.03,20279.03,-1.44332465,-37.31,39.04875129
1666918599.0771658,20279.03,20279.03,-1.44332465,-37.31,39.04875129
1666918609.9599636,20279.03,20290.01,-0.56742722,-26.33,44.81338464
1666918619.9052804,20279.03,20290.01,-0.56742722,-26.33,44.81338464
1666918629.938557,20279.03,20290.01,-0.56742722,-26.33,44.81338464
1666918639.8364706,20279.53,20279.53,-2.87145364,-48.07,39.33730542
1666918649.9475148,20279.53,20279.53,-2.87145364,-48.07,39.33730542
1666918660.1913476,20279.53,20279.53,-2.87145364,-48.07,39.33730542
1666918674.626323,20279.53,20281.0,-2.75418868,-46.6,40.23315893
1666918679.9090967,20279.53,20281.0,-2.75418868,-46.6,40.23315893
1666918689.9312313,20279.53,20281.0,-2.75418868,-46.6,40.23315893
1666918699.9245074,20283.72,20283.72,-3.39657592,-36.11,41.82287345
1666918709.9512126,20283.72,20283.72,-3.39657592,-36.11,41.82287345
1666918719.9463172,20283.72,20283.72,-3.39657592,-36.11,41.82287345
1666918729.963179,20283.72,20287.78,-3.07270128,-32.05,44.2083221
1666918739.9186497,20283.72,20287.78,-3.07270128,-32.05,44.2083221
1666918749.9284582,20283.72,20287.78,-3.07270128,-32.05,44.2083221
1666918759.9382317,20284.2,20284.2,-3.98548052,-38.78,42.13226729
1666918769.9398563,20284.2,20284.2,-3.98548052,-38.78,42.13226729
1666918780.1303678,20284.2,20284.2,-3.98548052,-38.78,42.13226729
1666918790.7522795,20284.2,20284.31,-3.97670559,-38.67,42.20398627
1666918800.533004,20284.2,20284.31,-3.97670559,-38.67,42.20398627
1666918810.533702,20284.2,20284.31,-3.97670559,-38.67,42.20398627
1666918820.5667858,20283.34,20283.34,-4.4399882,-17.44,41.78660669
1666918830.5248337,20283.34,20283.34,-4.4399882,-17.44,41.78660669
1666918840.5788486,20283.34,20289.04,-3.98528735,-11.74,45.31856304
1666918850.559005,20283.34,20289.04,-3.98528735,-11.74,45.31856304
1666918860.629786,20283.34,20289.04,-3.98528735,-11.74,45.31856304
1666918870.5531971,20283.34,20289.04,-3.98528735,-11.74,45.31856304
1666918880.5711083,20267.71,20267.71,-6.93705894,-33.1,35.22939266
1666918890.7002172,20267.71,20267.71,-6.93705894,-33.1,35.22939266
1666918900.593151,20267.71,20267.71,-6.93705894,-33.1,35.22939266
1666918910.5974915,20267.71,20264.91,-7.16042076,-35.9,34.1986868
1666918920.601085,20267.71,20264.91,-7.16042076,-35.9,34.1986868
1666918930.6352654,20267.71,20264.91,-7.16042076,-35.9,34.1986868
1666918940.5919423,20245.15,20245.15,-11.0835438,-56.4,28.34605588
1666918950.5873034,20245.15,20245.15,-11.0835438,-56.4,28.34605588
1666918960.6472757,20245.15,20245.3,-11.07157799,-56.25,28.44616269
1666918971.2630832,20245.15,20245.3,-11.07157799,-56.25,28.44616269
1666918981.3035736,20245.15,20245.3,-11.07157799,-56.25,28.44616269
1666918991.4462638,20245.15,20245.15,-12.72570446,-53.12,28.77390386
1666919001.2332752,20245.15,20245.15,-12.72570446,-53.12,28.77390386
1666919011.2871742,20245.15,20245.15,-12.72570446,-53.12,28.77390386
1666919021.783106,20245.15,20245.53,-12.69539107,-52.74,28.88176005
1666919031.29959,20245.15,20245.53,-12.69539107,-52.74,28.88176005
1666919041.304468,20245.15,20245.53,-12.69539107,-52.74,28.88176005
1666919051.2618492,20245.96,20245.96,-13.86405487,-53.39,29.30629832
1666919061.2671237,20245.96,20245.96,-13.86405487,-53.39,29.30629832
1666919071.3060129,20245.96,20245.96,-13.86405487,-53.39,29.30629832
1666919081.2957664,20245.96,20243.0,-14.10018023,-56.35,28.13041716
1666919091.295232,20245.96,20243.0,-14.10018023,-56.35,28.13041716
1666919101.3350034,20245.96,20243.0,-14.10018023,-56.35,28.13041716
1666919111.321984,20245.96,20243.0,-14.10018023,-56.35,28.13041716
1666919121.5138912,20247.14,20247.14,-14.44112211,-31.89,30.17370922
1666919131.2900045,20247.14,20247.14,-14.44112211,-31.89,30.17370922
1666919141.286957,20247.14,20258.31,-13.55006797,-20.72,37.93679207
1666919152.0394993,20247.14,20258.31,-13.55006797,-20.72,37.93679207
1666919162.0790613,20247.14,20258.31,-13.55006797,-20.72,37.93679207
1666919172.0919108,20260.88,20260.88,-12.86009792,-18.65,39.48475305
1666919182.4512403,20260.88,20260.88,-12.86009792,-18.65,39.48475305
1666919192.0470035,20260.88,20260.88,-12.86009792,-18.65,39.48475305
1666919202.1024034,20260.88,20261.6,-12.80266202,-17.93,39.93673261
1666919212.124919,20260.88,20261.6,-12.80266202,-17.93,39.93673261
1666919222.0773304,20260.88,20261.6,-12.80266202,-17.93,39.93673261
1666919232.1174576,20260.88,20261.6,-12.80266202,-17.93,39.93673261
1666919242.101894,20254.28,20254.28,-13.19883594,-29.44,36.90632745
1666919252.2087207,20254.28,20254.28,-13.19883594,-29.44,36.90632745
1666919262.139323,20254.28,20257.86,-12.9132519,-25.86,38.94991149
1666919272.1573546,20254.28,20257.86,-12.9132519,-25.86,38.94991149
1666919282.1294136,20254.28,20257.86,-12.9132519,-25.86,38.94991149
1666919292.1006536,20254.28,20257.86,-12.9132519,-25.86,38.94991149
1666919302.156414,20247.95,20247.95,-13.8433356,-35.89,34.59284268
1666919312.1560335,20247.95,20247.95,-13.8433356,-35.89,34.59284268
1666919322.1241825,20247.95,20237.44,-14.68174016,-46.4,31.11956306
1666919332.712607,20247.95,20237.44,-14.68174016,-46.4,31.11956306
1666919343.003561,20247.95,20237.44,-14.68174016,-46.4,31.11956306
1666919352.7553616,20240.79,20240.79,-14.89853228,-44.02,32.59446
1666919362.674456,20240.79,20240.79,-14.89853228,-44.02,32.59446
1666919372.7236965,20240.79,20240.79,-14.89853228,-44.02,32.59446
1666919382.7285273,20240.79,20248.31,-14.29864624,-36.5,37.47834599
1666919392.7109091,20240.79,20248.31,-14.29864624,-36.5,37.47834599
1666919402.854571,20240.79,20248.31,-14.29864624,-36.5,37.47834599
1666919412.724481,20251.62,20251.62,-13.46820687,-17.0,39.51446087
1666919422.7665284,20251.62,20251.62,-13.46820687,-17.0,39.51446087
1666919432.7501657,20251.62,20251.62,-13.46820687,-17.0,39.51446087
1666919442.6902232,20251.62,20262.94,-12.56518693,-5.68,45.5808427
1666919452.6984766,20251.62,20262.94,-12.56518693,-5.68,45.5808427
1666919462.7473354,20251.62,20262.94,-12.56518693,-5.68,45.5808427
1666919472.7932093,20269.82,20269.82,-10.37510566,24.67,48.78520872
1666919482.7806537,20269.82,20269.82,-10.37510566,24.67,48.78520872
1666919492.7198362,20269.82,20269.82,-10.37510566,24.67,48.78520872
1666919502.9476242,20269.82,20265.88,-10.68940766,20.73,47.05476229
1666919513.658691,20269.82,20265.88,-10.68940766,20.73,47.05476229
1666919523.6597333,20269.82,20265.88,-10.68940766,20.73,47.05476229
1666919533.7068746,20269.82,20265.88,-10.68940766,20.73,47.05476229
1666919543.644854,20271.64,20271.64,-8.6749623,25.35,49.62443242
1666919553.6461358,20271.64,20271.64,-8.6749623,25.35,49.62443242
1666919563.7281327,20271.64,20267.37,-9.01558908,21.08,47.65155292
1666919573.7213054,20271.64,20267.37,-9.01558908,21.08,47.65155292
1666919583.6631334,20271.64,20267.37,-9.01558908,21.08,47.65155292
1666919593.7005904,20272.28,20272.28,-7.23779487,26.97,49.91810595
1666919603.760273,20272.28,20272.28,-7.23779487,26.97,49.91810595
1666919613.723205,20272.28,20272.28,-7.23779487,26.97,49.91810595
1666919623.7064605,20272.28,20272.28,-7.23779487,26.97,49.91810595
1666919633.754907,20272.28,20281.72,-6.48474643,36.41,54.38727602
1666919643.7865674,20272.28,20281.72,-6.48474643,36.41,54.38727602
1666919653.7091434,20284.93,20284.93,-4.24703691,37.79,55.58345123
1666919663.8280013,20284.93,20284.93,-4.24703691,37.79,55.58345123
1666919673.731334,20284.93,20284.93,-4.24703691,37.79,55.58345123
1666919683.8550618,20284.93,20278.99,-4.72088307,31.85,52.55827761
1666919694.3614492,20284.93,20278.99,-4.72088307,31.85,52.55827761
1666919704.355935,20284.93,20278.99,-4.72088307,31.85,52.55827761
1666919714.414569,20277.74,20277.74,-3.6449344,16.86,51.91465571
1666919724.405015,20277.74,20277.74,-3.6449344,16.86,51.91465571
1666919734.4348626,20277.74,20277.74,-3.6449344,16.86,51.91465571
1666919744.3749702,20277.74,20266.81,-4.51684323,5.93,46.91662612
1666919754.3831427,20277.74,20266.81,-4.51684323,5.93,46.91662612
1666919764.6178722,20277.74,20266.81,-4.51684323,5.93,46.91662612
1666919774.3842158,20272.12,20272.12,-3.49398147,16.74,49.18091261
1666919784.4765365,20272.12,20272.12,-3.49398147,16.74,49.18091261
1666919794.4303985,20272.12,20272.12,-3.49398147,16.74,49.18091261
1666919804.421913,20272.12,20274.3,-3.32007833,18.92,50.26471119
1666919814.4549882,20272.12,20274.3,-3.32007833,18.92,50.26471119
1666919824.418054,20272.12,20274.3,-3.32007833,18.92,50.26471119
1666919834.526177,20277.73,20277.73,-2.19443485,29.43,51.82760489
1666919844.484644,20277.73,20277.73,-2.19443485,29.43,51.82760489
1666919854.4862163,20277.73,20277.73,-2.19443485,29.43,51.82760489
1666919864.5114603,20277.73,20276.65,-2.2805887,28.35,51.26614025
1666919875.303491,20277.73,20276.65,-2.2805887,28.35,51.26614025
1666919885.3038986,20277.73,20276.65,-2.2805887,28.35,51.26614025
1666919895.2478237,20277.96,20277.96,-1.534997,38.3,51.94876819
1666919905.276997,20277.96,20277.96,-1.534997,38.3,51.94876819
1666919915.2914631,20277.96,20277.96,-1.534997,38.3,51.94876819
1666919925.2529533,20277.96,20274.76,-1.79026765,35.1,50.19068302
1666919935.2918344,20277.96,20274.76,-1.79026765,35.1,50.19068302
1666919945.52804,20277.96,20274.76,-1.79026765,35.1,50.19068302
1666919955.3421574,20266.84,20266.84,-2.52558592,14.6,46.27685751
1666919965.262726,20266.84,20266.84,-2.52558592,14.6,46.27685751
1666919975.2944748,20266.84,20266.84,-2.52558592,14.6,46.27685751
1666919985.327098,20266.84,20261.82,-2.92604176,9.58,43.95948206
1666919995.6424465,20266.84,20261.82,-2.92604176,9.58,43.95948206
1666920005.3357086,20266.84,20261.82,-2.92604176,9.58,43.95948206
1666920015.3506677,20267.37,20267.37,-2.56548975,-1.83,46.53585988
1666920025.243382,20267.37,20267.37,-2.56548975,-1.83,46.53585988
1666920035.337098,20267.37,20267.37,-2.56548975,-1.83,46.53585988
1666920045.4820426,20267.37,20261.34,-3.04651539,-7.86,43.54945478
1666920057.5682142,20267.37,20261.34,-3.04651539,-7.86,43.54945478
1666920066.0838308,20267.37,20261.34,-3.04651539,-7.86,43.54945478
1666920076.424894,20265.88,20265.88,-2.81127193,-5.76,45.76046069
1666920086.390029,20265.88,20265.88,-2.81127193,-5.76,45.76046069
1666920096.120844,20265.88,20265.88,-2.81127193,-5.76,45.76046069
1666920106.060854,20265.88,20263.5,-3.00112948,-8.14,44.48540111
1666920116.063843,20265.88,20263.5,-3.00112948,-8.14,44.48540111
1666920126.021268,20265.88,20263.5,-3.00112948,-8.14,44.48540111
1666920136.115162,20254.0,20254.0,-4.55806115,-18.76,40.03290225
1666920146.0322044,20254.0,20254.0,-4.55806115,-18.76,40.03290225
1666920156.4533684,20254.0,20254.0,-4.55806115,-18.76,40.03290225
1666920166.0688798,20254.0,20258.01,-4.23817512,-14.75,42.64254828
1666920176.0477035,20254.0,20258.01,-4.23817512,-14.75,42.64254828
1666920186.0995994,20254.0,20258.01,-4.23817512,-14.75,42.64254828
1666920196.2087867,20259.41,20259.41,-4.31691532,-26.56,43.58404854
1666920206.118737,20259.41,20259.41,-4.31691532,-26.56,43.58404854
1666920216.1978264,20259.41,20259.41,-4.31691532,-26.56,43.58404854
1666920226.079832,20259.41,20238.81,-5.96022016,-47.16,35.3504953
1666920236.90711,20259.41,20238.81,-5.96022016,-47.16,35.3504953
1666920246.8620749,20259.41,20238.81,-5.96022016,-47.16,35.3504953
1666920256.8645885,20242.66,20242.66,-6.83598131,-36.42,36.64427203
1666920266.844741,20242.66,20242.66,-6.83598131,-36.42,36.64427203
1666920277.0941188,20242.66,20242.66,-6.83598131,-36.42,36.64427203
1666920287.5680056,20242.66,20250.95,-6.17467077,-28.13,41.60050181
1666920296.8638692,20242.66,20250.95,-6.17467077,-28.13,41.60050181
1666920307.7566955,20242.66,20250.95,-6.17467077,-28.13,41.60050181
1666920316.8464272,20249.38,20249.38,-6.73488316,-23.82,40.72228422
1666920326.8518243,20249.38,20249.38,-6.73488316,-23.82,40.72228422
1666920336.8913152,20249.38,20249.38,-6.73488316,-23.82,40.72228422
1666920346.9943483,20249.38,20255.36,-6.25784612,-17.84,44.16637847
1666920356.8410585,20249.38,20255.36,-6.25784612,-17.84,44.16637847
1666920367.5070918,20249.38,20255.36,-6.25784612,-17.84,44.16637847
1666920377.242021,20249.07,20249.07,-7.09879064,-29.71,40.80711997
1666920386.886138,20249.07,20249.07,-7.09879064,-29.71,40.80711997
1666920396.9281352,20249.07,20249.07,-7.09879064,-29.71,40.80711997
1666920407.014459,20249.07,20250.74,-6.96557127,-28.04,41.86173937
1666920418.1157742,20249.07,20250.74,-6.96557127,-28.04,41.86173937
1666920428.0193307,20249.07,20250.74,-6.96557127,-28.04,41.86173937
1666920438.0681343,20233.6,20233.6,-9.33664575,-44.36,34.64561103
1666920448.8882148,20233.6,20233.6,-9.33664575,-44.36,34.64561103
1666920458.0421402,20233.6,20233.6,-9.33664575,-44.36,34.64561103
1666920468.1454923,20233.6,20242.56,-8.62188791,-35.4,39.87132682
1666920478.3098943,20233.6,20242.56,-8.62188791,-35.4,39.87132682
1666920488.0231946,20233.6,20242.56,-8.62188791,-35.4,39.87132682
1666920498.036486,20246.19,20246.19,-8.2867224,-21.65,41.94069865
1666920508.0824487,20246.19,20246.19,-8.2867224,-21.65,41.94069865
1666920518.034443,20246.19,20246.19,-8.2867224,-21.65,41.94069865
1666920528.0569334,20246.19,20246.22,-8.28432924,-21.62,41.95309987
1666920538.792691,20246.19,20246.22,-8.28432924,-21.62,41.95309987
1666920548.056477,20246.19,20246.22,-8.28432924,-21.62,41.95309987
1666920558.1097753,20258.31,20258.31,-6.41533914,-9.06,48.11979241
1666920568.0514576,20258.31,20258.31,-6.41533914,-9.06,48.11979241
1666920578.1171856,20258.31,20258.31,-6.41533914,-9.06,48.11979241
1666920588.0459273,20258.31,20258.3,-6.41613686,-9.07,48.11527091
1666920598.5412698,20258.31,20258.3,-6.41613686,-9.07,48.11527091
1666920608.615234,20258.31,20258.3,-6.41613686,-9.07,48.11527091
1666920618.679993,20257.79,20257.79,-5.76454827,-8.09,47.88579584
1666920628.5734744,20257.79,20257.79,-5.76454827,-8.09,47.88579584
1666920638.7473085,20257.79,20257.79,-5.76454827,-8.09,47.88579584
1666920648.5774057,20257.79,20259.0,-5.66802406,-6.88,48.51320137
1666920658.6393764,20257.79,20259.0,-5.66802406,-6.88,48.51320137
1666920668.545105,20257.79,20259.0,-5.66802406,-6.88,48.51320137
1666920678.6027026,20252.64,20252.64,-5.85677793,-1.36,45.50957706
1666920688.940658,20252.64,20252.64,-5.85677793,-1.36,45.50957706
1666920698.5971265,20252.64,20252.64,-5.85677793,-1.36,45.50957706
1666920708.5631268,20252.64,20245.66,-6.41358705,-8.34,42.45512444
1666920718.5683696,20252.64,20245.66,-6.41358705,-8.34,42.45512444
1666920728.6123118,20252.64,20245.66,-6.41358705,-8.34,42.45512444
1666920738.6468952,20248.64,20248.64,-6.13399606,-11.59,43.70753805
1666920748.6545792,20248.64,20248.64,-6.13399606,-11.59,43.70753805
1666920758.6213603,20248.64,20248.64,-6.13399606,-11.59,43.70753805
1666920768.7108085,20248.64,20246.0,-6.34459435,-14.23,42.51109428
1666920779.1654303,20248.64,20246.0,-6.34459435,-14.23,42.51109428
1666920789.0974293,20248.64,20246.0,-6.34459435,-14.23,42.51109428
1666920799.096682,20245.4,20245.4,-6.48930316,2.74,42.24825393
1666920809.1659803,20245.4,20245.4,-6.48930316,2.74,42.24825393
1666920819.1501114,20245.4,20245.4,-6.48930316,2.74,42.24825393
1666920829.1629796,20245.4,20248.23,-6.26354818,5.57,44.00676529
1666920839.1174698,20245.4,20248.23,-6.26354818,5.57,44.00676529
1666920849.109882,20245.4,20248.23,-6.26354818,5.57,44.00676529
1666920859.184761,20247.25,20247.25,-6.22970654,-2.13,43.41006133
1666920869.1488798,20247.25,20247.25,-6.22970654,-2.13,43.41006133
1666920879.1423495,20247.25,20247.25,-6.22970654,-2.13,43.41006133
1666920889.1675136,20247.25,20246.31,-6.30469229,-3.07,42.93740485
1666920899.2083728,20247.25,20246.31,-6.30469229,-3.07,42.93740485
1666920909.15552,20247.25,20246.31,-6.30469229,-3.07,42.93740485
1666920919.129942,20250.23,20250.23,-5.63860263,2.07,45.33025278
1666920929.2135968,20250.23,20250.23,-5.63860263,2.07,45.33025278
1666920939.2105188,20250.23,20250.23,-5.63860263,2.07,45.33025278
1666920949.2047212,20250.23,20259.79,-4.87598155,11.63,51.01717204
1666920959.9354205,20250.23,20259.79,-4.87598155,11.63,51.01717204
1666920969.925277,20250.23,20259.79,-4.87598155,11.63,51.01717204
1666920979.9413126,20261.38,20261.38,-3.7325361,26.53,51.85285009
1666920989.9918876,20261.38,20261.38,-3.7325361,26.53,51.85285009
1666921000.173745,20261.38,20261.38,-3.7325361,26.53,51.85285009
1666921009.975879,20261.38,20264.71,-3.46689507,29.86,53.63686994
1666921019.979663,20261.38,20264.71,-3.46689507,29.86,53.63686994
1666921030.0175705,20261.38,20264.71,-3.46689507,29.86,53.63686994
1666921039.9630132,20268.52,20268.52,-1.88418428,21.87,55.52247382
1666921050.0177743,20268.52,20268.52,-1.88418428,21.87,55.52247382
1666921060.0043025,20268.52,20268.52,-1.88418428,21.87,55.52247382
1666921070.0108078,20268.52,20271.52,-1.64486804,24.87,57.00524507
1666921080.0331137,20268.52,20271.52,-1.64486804,24.87,57.00524507
1666921089.9736726,20268.52,20271.52,-1.64486804,24.87,57.00524507
1666921099.978448,20271.15,20271.15,-0.49088395,11.92,56.82884837
1666921110.012635,20271.15,20271.15,-0.49088395,11.92,56.82884837
1666921119.9965775,20271.15,20271.15,-0.49088395,11.92,56.82884837
1666921130.2651134,20271.15,20262.28,-1.1984623,3.05,51.35601212
1666921140.533757,20271.15,20262.28,-1.1984623,3.05,51.35601212
1666921150.4939034,20271.15,20262.28,-1.1984623,3.05,51.35601212
1666921160.553519,20265.75,20265.75,-0.2622498,7.96,53.32520392
1666921170.5516338,20265.75,20265.75,-0.2622498,7.96,53.32520392
1666921180.5203009,20265.75,20267.96,-0.08595351,10.17,54.64808232
1666921190.583728,20265.75,20267.96,-0.08595351,10.17,54.64808232
1666921200.5689087,20265.75,20267.96,-0.08595351,10.17,54.64808232
1666921210.601538,20265.75,20267.96,-0.08595351,10.17,54.64808232
1666921220.5854506,20264.67,20264.67,0.04841707,11.58,52.63304111
1666921231.066547,20264.67,20264.67,0.04841707,11.58,52.63304111
1666921240.5350938,20264.67,20270.91,0.54619485,17.82,56.17017477
1666921250.5529563,20264.67,20270.91,0.54619485,17.82,56.17017477
1666921260.565387,20264.67,20270.91,0.54619485,17.82,56.17017477
1666921270.5777695,20264.67,20270.91,0.54619485,17.82,56.17017477
1666921280.5835876,20271.88,20271.88,1.3761133,23.24,56.67285421
1666921290.8001215,20271.88,20271.88,1.3761133,23.24,56.67285421
1666921300.585844,20271.88,20271.88,1.3761133,23.24,56.67285421
1666921310.644483,20271.88,20287.6,2.63013039,38.96,63.89899154
1666921321.0265856,20271.88,20287.6,2.63013039,38.96,63.89899154
1666921331.0892522,20293.03,20293.03,4.88010154,47.63,65.89099296
1666921341.0016215,20293.03,20293.03,4.88010154,47.63,65.89099296
1666921350.9801116,20293.03,20293.03,4.88010154,47.63,65.89099296
1666921361.050877,20293.03,20293.7,4.93354883,48.3,66.13592301
1666921371.0538225,20293.03,20293.7,4.93354883,48.3,66.13592301
1666921381.0172713,20293.03,20293.7,4.93354883,48.3,66.13592301
1666921391.245377,20293.03,20293.7,4.93354883,48.3,66.13592301
1666921401.048212,20286.61,20286.61,5.46750848,39.36,61.79967341
1666921411.015442,20286.61,20286.61,5.46750848,39.36,61.79967341
1666921421.1018443,20286.61,20281.59,5.06705264,34.34,58.54346549
1666921431.0488389,20286.61,20281.59,5.06705264,34.34,58.54346549
1666921441.0870533,20286.61,20281.59,5.06705264,34.34,58.54346549
1666921451.11394,20285.98,20285.98,6.11072463,35.57,61.37076749
1666921461.0860293,20285.98,20285.98,6.11072463,35.57,61.37076749
1666921471.0527651,20285.98,20285.98,6.11072463,35.57,61.37076749
1666921481.0148792,20285.98,20284.05,5.95676451,33.64,59.99865763
1666921491.152164,20285.98,20284.05,5.95676451,33.64,59.99865763
1666921501.512798,20285.98,20284.05,5.95676451,33.64,59.99865763
1666921511.7243786,20285.98,20284.05,5.95676451,33.64,59.99865763
1666921521.8832505,20284.39,20284.39,6.35901434,23.01,60.23590663
1666921531.625502,20284.39,20284.39,6.35901434,23.01,60.23590663
1666921541.589622,20284.39,20290.8,6.87035337,29.42,63.19105961
1666921551.5789378,20284.39,20290.8,6.87035337,29.42,63.19105961
1666921561.590572,20284.39,20290.8,6.87035337,29.42,63.19105961
1666921571.5593617,20293.82,20293.82,7.87962366,25.3,64.45312289
1666921581.5963423,20293.82,20293.82,7.87962366,25.3,64.45312289
1666921591.5635362,20293.82,20293.82,7.87962366,25.3,64.45312289
1666921601.5531762,20293.82,20295.65,8.02560657,27.13,65.22055059
1666921611.6178317,20293.82,20295.65,8.02560657,27.13,65.22055059
1666921621.7605631,20293.82,20295.65,8.02560657,27.13,65.22055059
1666921631.6092567,20293.82,20295.65,8.02560657,27.13,65.22055059
1666921641.6165166,20294.93,20294.93,8.58310483,23.81,64.9225996
1666921651.6173255,20294.93,20294.93,8.58310483,23.81,64.9225996
1666921661.7397196,20294.93,20294.93,8.58310483,23.81,64.9225996
1666921671.6148071,20294.93,20299.42,8.94128147,28.3,66.83093155
1666921682.288055,20294.93,20299.42,8.94128147,28.3,66.83093155
1666921692.2301402,20300.68,20300.68,9.73741462,34.0,67.35038709
1666921702.2681563,20300.68,20300.68,9.73741462,34.0,67.35038709
1666921712.2577744,20300.68,20300.68,9.73741462,34.0,67.35038709
1666921722.449237,20300.68,20299.48,9.64168812,32.8,66.6181512
1666921732.3130996,20300.68,20299.48,9.64168812,32.8,66.6181512
1666921742.2408717,20300.68,20299.48,9.64168812,32.8,66.6181512
1666921752.3213017,20293.13,20293.13,9.14728647,28.43,61.58367609
1666921762.2494447,20293.13,20293.13,9.14728647,28.43,61.58367609
1666921772.2891672,20293.13,20293.13,9.14728647,28.43,61.58367609
1666921782.588783,20293.13,20283.5,8.37908134,18.8,54.81784952
1666921792.3017397,20293.13,20283.5,8.37908134,18.8,54.81784952
1666921802.3103807,20293.13,20283.5,8.37908134,18.8,54.81784952
1666921812.343465,20285.86,20285.86,8.0618129,13.98,56.30414027
1666921822.3099148,20285.86,20285.86,8.0618129,13.98,56.30414027
1666921832.4550354,20285.86,20285.86,8.0618129,13.98,56.30414027
1666921842.325636,20285.86,20281.11,7.68289552,9.23,53.12005901
1666921852.3239968,20285.86,20281.11,7.68289552,9.23,53.12005901
1666921862.7733958,20285.86,20281.11,7.68289552,9.23,53.12005901
1666921872.7761552,20287.67,20287.67,7.79161995,-4.39,57.38970806
1666921882.8094976,20287.67,20287.67,7.79161995,-4.39,57.38970806
1666921892.786543,20287.67,20287.67,7.79161995,-4.39,57.38970806
1666921902.758515,20287.67,20290.51,8.01817265,-1.55,58.96148944
1666921912.7656157,20287.67,20290.51,8.01817265,-1.55,58.96148944
1666921922.7916152,20287.67,20290.51,8.01817265,-1.55,58.96148944
1666921932.8006208,20289.14,20289.14,7.6480311,1.45,57.94883556
1666921942.7814991,20289.14,20289.14,7.6480311,1.45,57.94883556
1666921952.8137124,20289.14,20289.14,7.6480311,1.45,57.94883556
1666921962.8145454,20289.14,20289.76,7.69748979,2.07,58.45113089
1666921972.870303,20289.14,20289.76,7.69748979,2.07,58.45113089
1666921982.795762,20289.14,20289.76,7.69748979,2.07,58.45113089
1666921992.833166,20290.97,20290.97,7.55269528,4.98,59.23882766
1666922002.7880695,20290.97,20290.97,7.55269528,4.98,59.23882766
1666922012.794371,20290.97,20290.97,7.55269528,4.98,59.23882766
1666922022.8745368,20290.97,20292.83,7.70107135,6.84,60.34245513
1666922032.841472,20290.97,20292.83,7.70107135,6.84,60.34245513
1666922043.314978,20290.97,20292.83,7.70107135,6.84,60.34245513
1666922053.3567803,20290.97,20292.83,7.70107135,6.84,60.34245513
1666922063.3169558,20292.38,20292.38,7.47687841,7.99,60.08096492
1666922073.3632245,20292.38,20292.38,7.47687841,7.99,60.08096492
1666922083.343666,20292.38,20296.18,7.78001231,11.79,62.33922833
1666922093.3587744,20292.38,20296.18,7.78001231,11.79,62.33922833
1666922103.49106,20292.38,20296.18,7.78001231,11.79,62.33922833
1666922113.3081665,20296.22,20296.22,7.7869788,2.95,62.36164141
1666922123.2823431,20296.22,20296.22,7.7869788,2.95,62.36164141
1666922133.4495473,20296.22,20296.22,7.7869788,2.95,62.36164141
1666922143.2871006,20296.22,20298.06,7.93375943,4.79,63.43951272
1666922153.2868242,20296.22,20298.06,7.93375943,4.79,63.43951272
1666922163.4817536,20296.22,20298.06,7.93375943,4.79,63.43951272
1666922173.301674,20296.22,20298.06,7.93375943,4.79,63.43951272
1666922183.4576163,20299.88,20299.88,8.21858311,4.95,64.44660863
1666922193.3589132,20299.88,20299.88,8.21858311,4.95,64.44660863
1666922203.3016863,20299.88,20298.88,8.13881103,3.95,63.41301328
1666922213.3169186,20299.88,20298.88,8.13881103,3.95,63.41301328
1666922224.2327907,20299.88,20298.88,8.13881103,3.95,63.41301328
1666922234.2185318,20312.29,20312.29,9.98863592,12.3,70.42825674
1666922244.2643478,20312.29,20312.29,9.98863592,12.3,70.42825674
1666922254.2551277,20312.29,20312.29,9.98863592,12.3,70.42825674
1666922264.2788515,20312.29,20312.03,9.96789518,12.04,70.16192216
1666922274.214012,20312.29,20312.03,9.96789518,12.04,70.16192216
1666922284.2443132,20312.29,20312.03,9.96789518,12.04,70.16192216
1666922294.2503738,20318.43,20318.43,11.35394579,25.3,72.86109594
1666922304.288341,20318.43,20318.43,11.35394579,25.3,72.86109594
1666922314.2604918,20318.43,20318.43,11.35394579,25.3,72.86109594
1666922324.4168286,20318.43,20309.04,10.60488596,15.91,64.16689968
1666922334.2782445,20318.43,20309.04,10.60488596,15.91,64.16689968
1666922344.2918167,20318.43,20309.04,10.60488596,15.91,64.16689968
1666922354.3215122,20316.75,20316.75,11.67300746,30.29,71.13662714
1666922364.442767,20316.75,20316.75,11.67300746,30.29,71.13662714
1666922374.274872,20316.75,20316.75,11.67300746,30.29,71.13662714
1666922384.3233192,20316.75,20317.94,11.76793623,31.48,71.6484953
1666922394.3025131,20316.75,20317.94,11.76793623,31.48,71.6484953
1666922404.6588151,20316.75,20317.94,11.76793623,31.48,71.6484953
1666922414.7339318,20322.92,20322.92,12.70742182,35.26,73.63453374
1666922424.6906695,20322.92,20322.92,12.70742182,35.26,73.63453374
1666922434.7142034,20322.92,20322.92,12.70742182,35.26,73.63453374
1666922444.708842,20322.92,20320.38,12.50480074,32.72,71.54614301
1666922454.6667335,20322.92,20320.38,12.50480074,32.72,71.54614301
1666922464.6733215,20322.92,20320.38,12.50480074,32.72,71.54614301
1666922474.6852577,20319.64,20319.64,12.54496232,29.5,70.41049951
1666922484.7144809,20319.64,20319.64,12.54496232,29.5,70.41049951
1666922494.7531018,20319.64,20319.64,12.54496232,29.5,70.41049951
1666922504.6969397,20319.64,20314.7,12.15088824,24.56,65.70417241
1666922514.7096322,20319.64,20314.7,12.15088824,24.56,65.70417241
1666922524.7247877,20319.64,20314.7,12.15088824,24.56,65.70417241
1666922534.6897447,20316.19,20316.19,12.01969604,25.22,67.07373588
1666922544.7707286,20316.19,20316.19,12.01969604,25.22,67.07373588
1666922554.7153833,20316.19,20316.19,12.01969604,25.22,67.07373588
1666922564.826254,20316.19,20316.19,12.01969604,25.22,67.07373588
1666922574.7760246,20316.19,20315.19,11.93992396,24.22,66.11861402
1666922585.552137,20316.19,20315.19,11.93992396,24.22,66.11861402
1666922595.493742,20312.24,20312.24,11.09165503,19.86,62.88673178
1666922605.5096755,20312.24,20312.24,11.09165503,19.86,62.88673178
1666922615.5565128,20312.24,20312.24,11.09165503,19.86,62.88673178
1666922625.558143,20312.24,20314.77,11.29347839,22.39,64.32286059
1666922635.5465784,20312.24,20314.77,11.29347839,22.39,64.32286059
1666922645.5771604,20312.24,20314.77,11.29347839,22.39,64.32286059
1666922655.5480232,20311.41,20311.41,10.41708256,15.19,62.37457189
1666922665.5821795,20311.41,20311.41,10.41708256,15.19,62.37457189
1666922675.554036,20311.41,20311.41,10.41708256,15.19,62.37457189
1666922685.549516,20311.41,20311.46,10.42107116,15.24,62.40716688
1666922695.507669,20311.41,20311.46,10.42107116,15.24,62.40716688
1666922705.6336415,20311.41,20311.46,10.42107116,15.24,62.40716688
1666922715.7077174,20311.06,20311.06,9.83015996,11.18,61.68851173
1666922725.5472035,20311.06,20311.06,9.83015996,11.18,61.68851173
1666922735.569656,20311.06,20311.06,9.83015996,11.18,61.68851173
1666922745.5792112,20311.06,20315.0,10.14446196,15.12,64.71302344
1666922755.5565112,20311.06,20315.0,10.14446196,15.12,64.71302344
1666922766.4311855,20311.06,20315.0,10.14446196,15.12,64.71302344
1666922776.3906589,20310.99,20310.99,9.21215062,-1.3,61.61012182
1666922786.3785546,20310.99,20310.99,9.21215062,-1.3,61.61012182
1666922796.4399736,20310.99,20310.99,9.21215062,-1.3,61.61012182
1666922806.4409578,20310.99,20308.28,8.99596829,-4.01,58.51025016
1666922816.4711342,20310.99,20308.28,8.99596829,-4.01,58.51025016
1666922826.477748,20310.99,20308.28,8.99596829,-4.01,58.51025016
1666922836.4200902,20307.63,20307.63,8.1523705,-10.8,57.81256744
1666922846.571518,20307.63,20307.63,8.1523705,-10.8,57.81256744
1666922856.396854,20307.63,20307.63,8.1523705,-10.8,57.81256744
1666922866.5276108,20307.63,20310.8,8.40524799,-7.63,60.2988996
1666922876.515333,20307.63,20310.8,8.40524799,-7.63,60.2988996
1666922886.4446938,20307.63,20310.8,8.40524799,-7.63,60.2988996
1666922896.593642,20299.59,20299.59,6.30259782,-17.16,49.88841069
1666922906.4507103,20299.59,20299.59,6.30259782,-17.16,49.88841069
1666922916.4959383,20299.59,20299.59,6.30259782,-17.16,49.88841069
1666922926.4546642,20299.59,20304.05,6.65838129,-12.7,53.68114249
1666922936.518895,20299.59,20304.05,6.65838129,-12.7,53.68114249
1666922947.0751128,20299.59,20304.05,6.65838129,-12.7,53.68114249
1666922956.988094,20306.24,20306.24,6.27889317,-15.71,55.12970615
1666922966.9653428,20306.24,20306.24,6.27889317,-15.71,55.12970615
1666922977.104298,20306.24,20306.24,6.27889317,-15.71,55.12970615
1666922987.0086503,20306.24,20305.77,6.2414003,-16.18,54.69008096
1666922997.0157225,20306.24,20305.77,6.2414003,-16.18,54.69008096
1666923007.1682737,20306.24,20305.77,6.2414003,-16.18,54.69008096
1666923016.9538612,20306.65,20306.65,5.77547927,-12.35,55.51902174
1666923027.026682,20306.65,20306.65,5.77547927,-12.35,55.51902174
1666923037.0024607,20306.65,20306.65,5.77547927,-12.35,55.51902174
1666923047.010654,20306.65,20303.79,5.54733112,-15.21,52.7221283
1666923057.0453272,20306.65,20303.79,5.54733112,-15.21,52.7221283
1666923067.019881,20306.65,20303.79,5.54733112,-15.21,52.7221283
1666923077.0310843,20299.48,20299.48,4.31793687,-16.51,48.96006287
1666923087.008594,20299.48,20299.48,4.31793687,-16.51,48.96006287
1666923097.0233786,20299.48,20299.48,4.31793687,-16.51,48.96006287
1666923107.0547156,20299.48,20286.98,3.32078588,-29.01,40.12471301
1666923117.0093632,20299.48,20286.98,3.32078588,-29.01,40.12471301
1666923127.5659697,20299.48,20286.98,3.32078588,-29.01,40.12471301
1666923137.580118,20281.36,20281.36,0.93026419,-30.08,37.37843709
1666923147.5822456,20281.36,20281.36,0.93026419,-30.08,37.37843709
1666923157.610896,20281.36,20281.36,0.93026419,-30.08,37.37843709
1666923167.591461,20281.36,20247.79,-1.74768453,-63.65,25.04153119
1666923177.586483,20281.36,20247.79,-1.74768453,-63.65,25.04153119
1666923187.5842624,20281.36,20247.79,-1.74768453,-63.65,25.04153119
1666923197.5714843,20243.54,20243.54,-6.02349136,-67.86,25.03087203
1666923207.6492236,20243.54,20243.54,-6.02349136,-67.86,25.03087203
1666923217.6318154,20243.54,20243.54,-6.02349136,-67.86,25.03087203
1666923227.634992,20243.54,20220.97,-7.8239472,-90.43,19.63011211
1666923237.5702746,20243.54,20220.97,-7.8239472,-90.43,19.63011211
1666923247.6309175,20243.54,20220.97,-7.8239472,-90.43,19.63011211
1666923257.619946,20227.54,20227.54,-11.17057354,-84.45,20.74386506
1666923267.63001,20227.54,20227.54,-11.17057354,-84.45,20.74386506
1666923277.617973,20227.54,20227.54,-11.17057354,-84.45,20.74386506
1666923287.6271229,20227.54,20232.87,-10.74538836,-79.12,24.40443839
1666923297.618873,20227.54,20232.87,-10.74538836,-79.12,24.40443839
1666923308.5063274,20227.54,20232.87,-10.74538836,-79.12,24.40443839
1666923318.4192734,20251.63,20251.63,-10.68297346,-59.36,35.23312018
1666923328.4809735,20251.63,20251.63,-10.68297346,-59.36,35.23312018
1666923338.525419,20251.63,20251.63,-10.68297346,-59.36,35.23312018
1666923348.4824188,20251.63,20254.49,-10.45482532,-56.5,36.7212977
1666923358.4828324,20251.63,20254.49,-10.45482532,-56.5,36.7212977
1666923368.4647424,20251.63,20254.49,-10.45482532,-56.5,36.7212977
1666923378.4655209,20251.65,20251.65,-11.68199285,-55.98,35.24377001
1666923388.4468577,20251.65,20251.65,-11.68199285,-55.98,35.24377001
1666923398.4785142,20251.65,20251.65,-11.68199285,-55.98,35.24377001
1666923408.5506668,20251.65,20263.6,-10.7287165,-44.03,41.43981747
1666923418.4521546,20251.65,20263.6,-10.7287165,-44.03,41.43981747
1666923428.5076454,20251.65,20263.6,-10.7287165,-44.03,41.43981747
1666923438.5735946,20255.48,20255.48,-11.86716009,-44.11,37.41841355
1666923448.454067,20255.48,20255.48,-11.86716009,-44.11,37.41841355
1666923458.5641675,20255.48,20255.48,-11.86716009,-44.11,37.41841355
1666923468.4651935,20255.48,20253.67,-12.01154755,-45.92,36.5036187
1666923478.4875927,20255.48,20253.67,-12.01154755,-45.92,36.5036187
1666923489.5338132,20255.48,20253.67,-12.01154755,-45.92,36.5036187
1666923499.4236646,20263.21,20263.21,-10.94676248,-43.92,41.57978737
1666923509.396584,20263.21,20263.21,-10.94676248,-43.92,41.57978737
1666923519.3970969,20263.21,20263.21,-10.94676248,-43.92,41.57978737
1666923529.3951385,20263.21,20260.24,-11.18368556,-46.89,40.4663998
1666923539.4863746,20263.21,20260.24,-11.18368556,-46.89,40.4663998
1666923549.391374,20263.21,20260.24,-11.18368556,-46.89,40.4663998
1666923559.4147425,20264.63,20264.63,-10.38329016,-42.02,42.33831434
1666923569.4987686,20264.63,20264.63,-10.38329016,-42.02,42.33831434
1666923579.5316846,20264.63,20264.63,-10.38329016,-42.02,42.33831434
1666923589.6019597,20264.63,20269.09,-10.02750668,-37.56,44.76414337
1666923599.4589534,20264.63,20269.09,-10.02750668,-37.56,44.76414337
1666923609.4661844,20264.63,20269.09,-10.02750668,-37.56,44.76414337
1666923619.4649851,20263.38,20263.38,-10.07601355,-36.78,41.81694793
1666923629.5034254,20263.38,20263.38,-10.07601355,-36.78,41.81694793
1666923639.4617925,20263.38,20263.38,-10.07601355,-36.78,41.81694793
1666923649.4488597,20263.38,20272.55,-9.34450358,-27.61,46.9030477
1666923659.5222068,20263.38,20272.55,-9.34450358,-27.61,46.9030477
1666923670.00216,20263.38,20272.55,-9.34450358,-27.61,46.9030477
1666923680.0163734,20267.7,20267.7,-9.04475798,-13.0,44.31166444
1666923689.997731,20267.7,20267.7,-9.04475798,-13.0,44.31166444
1666923700.0090632,20267.7,20267.7,-9.04475798,-13.0,44.31166444
1666923710.0149395,20267.7,20264.66,-9.2872651,-16.04,42.89841182
1666923720.0457366,20267.7,20264.66,-9.2872651,-16.04,42.89841182
1666923730.0315948,20267.7,20264.66,-9.2872651,-16.04,42.89841182
1666923740.062474,20257.81,20257.81,-9.80179288,16.16,40.02220733
1666923750.0219927,20257.81,20257.81,-9.80179288,16.16,40.02220733
1666923760.0920873,20257.81,20257.81,-9.80179288,16.16,40.02220733
1666923770.0263126,20257.81,20245.07,-10.81808917,3.42,35.28394383
1666923780.051628,20257.81,20245.07,-10.81808917,3.42,35.28394383
1666923789.9812202,20257.81,20245.07,-10.81808917,3.42,35.28394383
1666923800.1644042,20250.07,20250.07,-10.78510369,22.33,37.12843943
1666923810.03244,20250.07,20250.07,-10.78510369,22.33,37.12843943
1666923819.981367,20250.07,20250.07,-10.78510369,22.33,37.12843943
1666923829.9855297,20250.07,20243.48,-11.3108017,15.74,34.6197245
1666923840.0125923,20250.07,20243.48,-11.3108017,15.74,34.6197245
1666923850.529218,20253.67,20253.67,-10.41369592,2.04,39.39884483
1666923860.491316,20253.67,20253.67,-10.41369592,2.04,39.39884483
1666923870.4807618,20253.67,20253.67,-10.41369592,2.04,39.39884483
1666923880.4982328,20253.67,20258.1,-10.06030561,6.47,42.16651566
1666923890.49724,20253.67,20258.1,-10.06030561,6.47,42.16651566
1666923900.5880697,20253.67,20258.1,-10.06030561,6.47,42.16651566
1666923910.543681,20253.67,20258.1,-10.06030561,6.47,42.16651566
1666923920.5108037,20263.64,20263.64,-8.87446195,11.99,45.32763861
1666923930.522432,20263.64,20263.64,-8.87446195,11.99,45.32763861
1666923940.5708396,20263.64,20274.8,-7.98420554,23.15,51.05997121
1666923950.5242827,20263.64,20274.8,-7.98420554,23.15,51.05997121
1666923960.575349,20263.64,20274.8,-7.98420554,23.15,51.05997121
1666923970.5998456,20263.64,20274.8,-7.98420554,23.15,51.05997121
1666923980.5650551,20273.66,20273.66,-6.75414163,19.41,50.55108254
1666923990.5959773,20273.66,20273.66,-6.75414163,19.41,50.55108254
1666924000.6077127,20273.66,20279.67,-6.27471143,25.42,53.41336457
1666924010.8371484,20273.66,20279.67,-6.27471143,25.42,53.41336457
1666924020.5881443,20273.66,20279.67,-6.27471143,25.42,53.41336457
1666924031.3198757,20277.63,20277.63,-5.04473786,14.42,52.47970082
1666924041.2838223,20277.63,20277.63,-5.04473786,14.42,52.47970082
1666924051.2955077,20277.63,20277.63,-5.04473786,14.42,52.47970082
1666924061.2722113,20277.63,20273.4,-5.38217376,10.19,50.23167302
1666924071.2868595,20277.63,20273.4,-5.38217376,10.19,50.23167302
1666924081.2899027,20277.63,20273.4,-5.38217376,10.19,50.23167302
1666924091.2939138,20272.72,20272.72,-4.57293901,8.09,49.87732939
1666924101.3558345,20272.72,20272.72,-4.57293901,8.09,49.87732939
1666924111.3515992,20272.72,20272.72,-4.57293901,8.09,49.87732939
1666924121.3269114,20272.72,20272.99,-4.55140055,8.36,50.0235871
1666924131.5216825,20272.72,20272.99,-4.55140055,8.36,50.0235871
1666924141.3724158,20272.72,20272.99,-4.55140055,8.36,50.0235871
1666924151.3786516,20277.63,20277.63,-3.1677203,14.04,52.42172302
1666924161.329569,20277.63,20277.63,-3.1677203,14.04,52.42172302
1666924171.3823757,20277.63,20277.63,-3.1677203,14.04,52.42172302
1666924181.353156,20277.63,20278.67,-3.08475733,15.08,52.96649556
1666924191.3921835,20277.63,20278.67,-3.08475733,15.08,52.96649556
1666924201.3363388,20277.63,20278.67,-3.08475733,15.08,52.96649556
1666924211.8788276,20277.63,20278.67,-3.08475733,15.08,52.96649556
1666924221.853879,20281.35,20281.35,-1.87079693,13.65,54.35053519
1666924231.8510509,20281.35,20281.35,-1.87079693,13.65,54.35053519
1666924241.896517,20281.35,20276.63,-2.24732115,8.93,51.58370348
1666924251.8878665,20281.35,20276.63,-2.24732115,8.93,51.58370348
1666924261.86203,20281.35,20276.63,-2.24732115,8.93,51.58370348
1666924271.8825452,20278.98,20278.98,-1.39078519,21.17,52.95033596
1666924281.8613253,20278.98,20278.98,-1.39078519,21.17,52.95033596
1666924291.926673,20278.98,20278.98,-1.39078519,21.17,52.95033596
1666924301.862521,20278.98,20270.52,-2.06565698,12.71,47.99925066
1666924311.849365,20278.98,20270.52,-2.06565698,12.71,47.99925066
1666924322.4738345,20278.98,20270.52,-2.06565698,12.71,47.99925066
1666924331.9648542,20269.55,20269.55,-2.06232912,19.9,47.43830064
1666924341.8692932,20269.55,20269.55,-2.06232912,19.9,47.43830064
1666924351.890184,20269.55,20269.55,-2.06232912,19.9,47.43830064
1666924361.9429274,20269.55,20266.76,-2.28489322,17.11,45.91509343
1666924371.8940072,20269.55,20266.76,-2.28489322,17.11,45.91509343
1666924381.90723,20269.55,20266.76,-2.28489322,17.11,45.91509343
1666924392.3632038,20265.79,20265.79,-2.57899236,12.12,45.40818266
1666924402.365806,20265.79,20265.79,-2.57899236,12.12,45.40818266
1666924412.4005184,20265.79,20265.79,-2.57899236,12.12,45.40818266
1666924422.343841,20265.79,20278.01,-1.60417754,24.34,52.51986208
1666924432.3619668,20265.79,20278.01,-1.60417754,24.34,52.51986208
1666924442.5347073,20265.79,20278.01,-1.60417754,24.34,52.51986208
1666924452.4137633,20266.61,20266.61,-2.55112809,3.86,45.99749097
1666924462.40272,20266.61,20266.61,-2.55112809,3.86,45.99749097
1666924472.4189756,20266.61,20266.61,-2.55112809,3.86,45.99749097
1666924482.391735,20266.61,20267.88,-2.44981755,5.13,46.79229664
1666924492.3871355,20266.61,20267.88,-2.44981755,5.13,46.79229664
1666924502.5646305,20266.61,20267.88,-2.44981755,5.13,46.79229664
1666924512.371261,20262.48,20262.48,-3.18842566,-10.6,43.68890569
1666924522.3833308,20262.48,20262.48,-3.18842566,-10.6,43.68890569
1666924542.3785093,20262.48,20262.33,-3.20039147,-10.75,43.60330897
1666924552.493117,20262.48,20262.33,-3.20039147,-10.75,43.60330897
1666924562.4434118,20262.48,20262.33,-3.20039147,-10.75,43.60330897
1666924573.1626668,20258.66,20258.66,-3.98624709,-18.97,41.83182964
1666924583.1120777,20258.66,20258.66,-3.98624709,-18.97,41.83182964
1666924593.2616336,20258.66,20258.66,-3.98624709,-18.97,41.83182964
1666924603.335729,20258.66,20253.91,-4.36516447,-23.72,39.14519353
1666924613.136363,20258.66,20253.91,-4.36516447,-23.72,39.14519353
1666924623.139285,20258.66,20253.91,-4.36516447,-23.72,39.14519353
1666924633.1927097,20251.53,20251.53,-5.35152353,-21.47,38.39366825
1666924643.1770964,20251.53,20251.53,-5.35152353,-21.47,38.39366825
1666924653.172299,20251.53,20251.53,-5.35152353,-21.47,38.39366825
1666924663.1751993,20251.53,20244.82,-5.88679418,-28.18,34.94481977
1666924673.1900437,20251.53,20244.82,-5.88679418,-28.18,34.94481977
1666924683.1896486,20251.53,20244.82,-5.88679418,-28.18,34.94481977
1666924693.3667643,20246.89,20246.89,-6.55899237,-30.74,36.23737372
1666924703.1344092,20246.89,20246.89,-6.55899237,-30.74,36.23737372
1666924713.162928,20246.89,20246.89,-6.55899237,-30.74,36.23737372
1666924723.2119894,20246.89,20247.66,-6.49756787,-29.97,36.87330181
1666924733.180574,20246.89,20247.66,-6.49756787,-29.97,36.87330181
1666924743.5190165,20246.89,20247.66,-6.49756787,-29.97,36.87330181
1666924753.8923364,20246.95,20246.95,-7.15739129,-33.44,36.5072981
1666924763.8173676,20246.95,20246.95,-7.15739129,-33.44,36.5072981
1666924773.884201,20246.95,20246.95,-7.15739129,-33.44,36.5072981
1666924783.857443,20246.95,20255.06,-6.51043972,-25.33,42.94960525
1666924793.8549364,20246.95,20255.06,-6.51043972,-25.33,42.94960525
1666924803.84556,20246.95,20255.06,-6.51043972,-25.33,42.94960525
1666924813.8767664,20252.95,20252.95,-6.61211648,-25.22,41.40452502
1666924823.9003105,20252.95,20252.95,-6.61211648,-25.22,41.40452502
1666924833.863206,20252.95,20252.95,-6.61211648,-25.22,41.40452502
1666924843.844324,20252.95,20252.12,-6.67832731,-26.05,40.93446691
1666924853.8720727,20252.95,20252.12,-6.67832731,-26.05,40.93446691
1666924863.8681736,20252.95,20252.12,-6.67832731,-26.05,40.93446691
1666924873.933639,20262.35,20262.35,-5.08738841,-8.35,48.14748201
1666924883.9616425,20262.35,20262.35,-5.08738841,-8.35,48.14748201
1666924893.9519525,20262.35,20262.35,-5.08738841,-8.35,48.14748201
1666924903.9580784,20262.35,20259.18,-5.34026591,-11.52,46.26683136
1666924913.920318,20262.35,20259.18,-5.34026591,-11.52,46.26683136
1666924923.8944554,20262.35,20259.18,-5.34026591,-11.52,46.26683136
1666924934.4677756,20266.71,20266.71,-3.87597917,0.92,50.91787656
1666924944.3562398,20266.71,20266.71,-3.87597917,0.92,50.91787656
1666924954.326758,20266.71,20266.71,-3.87597917,0.92,50.91787656
1666924964.3967268,20266.71,20261.55,-4.2876031,-4.24,47.61488158
1666924974.326865,20266.71,20261.55,-4.2876031,-4.24,47.61488158
1666924984.3545437,20266.71,20261.55,-4.2876031,-4.24,47.61488158
1666924994.4253466,20273.05,20273.05,-2.30022385,5.59,54.80156439
1666925004.319037,20273.05,20273.05,-2.30022385,5.59,54.80156439
1666925014.322132,20273.05,20273.05,-2.30022385,5.59,54.80156439
1666925024.301114,20273.05,20262.84,-3.11469678,-4.62,48.20747778
1666925034.3447213,20273.05,20262.84,-3.11469678,-4.62,48.20747778
1666925044.3293614,20273.05,20262.84,-3.11469678,-4.62,48.20747778
1666925054.3655317,20261.28,20261.28,-3.05765295,-1.2,47.32725052
1666925064.350922,20261.28,20261.28,-3.05765295,-1.2,47.32725052
1666925074.3967395,20261.28,20261.28,-3.05765295,-1.2,47.32725052
1666925084.4123917,20261.28,20264.27,-2.81913443,1.79,49.24031918
1666925094.3985434,20261.28,20264.27,-2.81913443,1.79,49.24031918
1666925104.4243722,20261.28,20264.27,-2.81913443,1.79,49.24031918
1666925114.95864,20261.28,20264.27,-2.81913443,1.79,49.24031918
1666925125.0525486,20258.71,20258.71,-3.24391783,0.91,45.84220718
1666925134.9593494,20258.71,20258.71,-3.24391783,0.91,45.84220718
1666925145.4604142,20258.71,20262.56,-2.93679532,4.76,48.45169077
1666925154.946803,20258.71,20262.56,-2.93679532,4.76,48.45169077
1666925164.9465797,20258.71,20262.56,-2.93679532,4.76,48.45169077
1666925175.0258718,20263.15,20263.15,-2.58431991,12.76,48.84517102
1666925185.055281,20263.15,20263.15,-2.58431991,12.76,48.84517102
1666925195.0688884,20263.15,20263.15,-2.58431991,12.76,48.84517102
1666925205.0850108,20263.15,20270.32,-2.0123541,19.93,53.32153602
1666925215.0225644,20263.15,20270.32,-2.0123541,19.93,53.32153602
1666925225.0523353,20263.15,20270.32,-2.0123541,19.93,53.32153602
1666925235.0869665,20269.4,20269.4,-1.41207233,23.48,52.79147242
1666925245.061078,20269.4,20269.4,-1.41207233,23.48,52.79147242
1666925255.0965378,20269.4,20269.4,-1.41207233,23.48,52.79147242
1666925265.024578,20269.4,20257.02,-2.39965068,11.1,45.33162105
1666925275.0288804,20269.4,20257.02,-2.39965068,11.1,45.33162105
1666925285.0594068,20269.4,20257.02,-2.39965068,11.1,45.33162105
1666925295.9422271,20246.82,20246.82,-4.06013958,1.27,40.60427216
1666925305.867122,20246.82,20246.82,-4.06013958,1.27,40.60427216
1666925315.8959632,20246.82,20246.82,-4.06013958,1.27,40.60427216
1666925325.9120686,20246.82,20252.29,-3.6237863,6.74,43.97826971
1666925335.8544722,20246.82,20252.29,-3.6237863,6.74,43.97826971
1666925345.8736897,20246.82,20252.29,-3.6237863,6.74,43.97826971
1666925355.930668,20242.4,20242.4,-5.3021504,-10.56,38.71993833
1666925365.8508651,20242.4,20242.4,-5.3021504,-10.56,38.71993833
1666925375.915072,20242.4,20242.4,-5.3021504,-10.56,38.71993833
1666925385.917319,20242.4,20239.79,-5.51035552,-13.17,37.61001609
1666925395.8643374,20242.4,20239.79,-5.51035552,-13.17,37.61001609
1666925405.914484,20242.4,20239.79,-5.51035552,-13.17,37.61001609
1666925415.8707175,20225.1,20225.1,-8.38413573,-38.37,32.38504707
1666925425.8641455,20225.1,20225.1,-8.38413573,-38.37,32.38504707
1666925435.9021654,20225.1,20225.1,-8.38413573,-38.37,32.38504707
1666925445.8654485,20225.1,20216.9,-9.03826678,-46.57,29.8889175
1666925456.163192,20225.1,20216.9,-9.03826678,-46.57,29.8889175
1666925465.9191482,20225.1,20216.9,-9.03826678,-46.57,29.8889175
1666925476.5465686,20216.45,20216.45,-10.8447952,-50.26,29.76302544
1666925486.5824523,20216.45,20216.45,-10.8447952,-50.26,29.76302544
1666925496.5683804,20216.45,20216.45,-10.8447952,-50.26,29.76302544
1666925506.6203048,20216.45,20216.03,-10.87829948,-50.68,29.63755196
1666925516.6344366,20216.45,20216.03,-10.87829948,-50.68,29.63755196
1666925526.590908,20216.45,20216.03,-10.87829948,-50.68,29.63755196
1666925536.6259282,20211.13,20211.13,-12.8247803,-61.25,28.23614741
1666925546.5644107,20211.13,20211.13,-12.8247803,-61.25,28.23614741
1666925556.58402,20211.13,20211.13,-12.8247803,-61.25,28.23614741
1666925566.6480248,20211.13,20220.5,-12.07731591,-51.88,34.3815377
1666925576.5771947,20211.13,20220.5,-12.07731591,-51.88,34.3815377
1666925586.6200912,20211.13,20220.5,-12.07731591,-51.88,34.3815377
1666925596.6227236,20221.29,20221.29,-12.49740884,-39.99,34.8701124
1666925606.5823605,20221.29,20221.29,-12.49740884,-39.99,34.8701124
1666925616.9676735,20221.29,20221.29,-12.49740884,-39.99,34.8701124
1666925626.6424844,20221.29,20229.34,-11.8552436,-31.94,39.78970517
1666925636.6329756,20221.29,20229.34,-11.8552436,-31.94,39.78970517
1666925646.6626334,20221.29,20229.34,-11.8552436,-31.94,39.78970517
1666925657.2953713,20234.87,20234.87,-10.87476737,-23.84,42.79871589
1666925667.3052197,20234.87,20234.87,-10.87476737,-23.84,42.79871589
1666925677.2648735,20234.87,20234.87,-10.87476737,-23.84,42.79871589
1666925687.2844546,20234.87,20206.83,-13.11157649,-51.88,33.47391519
1666925697.3154526,20234.87,20206.83,-13.11157649,-51.88,33.47391519
1666925707.2851005,20234.87,20206.83,-13.11157649,-51.88,33.47391519
1666925717.4822123,20208.4,20208.4,-14.0082718,-54.43,33.88239916
1666925727.271405,20208.4,20208.4,-14.0082718,-54.43,33.88239916
1666925737.39676,20208.4,20208.4,-14.0082718,-54.43,33.88239916
1666925747.366281,20208.4,20205.82,-14.21408376,-57.01,33.16614326
1666925757.3722925,20208.4,20205.82,-14.21408376,-57.01,33.16614326
1666925767.3426244,20208.4,20205.82,-14.21408376,-57.01,33.16614326
1666925777.6354668,20208.99,20208.99,-14.56527686,-60.41,34.20973542
1666925787.3638372,20208.99,20208.99,-14.56527686,-60.41,34.20973542
1666925797.381099,20208.99,20208.99,-14.56527686,-60.41,34.20973542
1666925807.3794837,20208.99,20220.49,-13.64789794,-48.91,40.35926994
1666925817.3714297,20208.99,20220.49,-13.64789794,-48.91,40.35926994
1666925827.4122665,20208.99,20220.49,-13.64789794,-48.91,40.35926994
1666925838.258741,20228.57,20228.57,-12.11085608,-18.25,44.0391344
1666925848.3349962,20228.57,20228.57,-12.11085608,-18.25,44.0391344
1666925858.182532,20228.57,20228.57,-12.11085608,-18.25,44.0391344
1666925868.243729,20228.57,20236.32,-11.49262246,-10.5,47.38929818
1666925878.2171514,20228.57,20236.32,-11.49262246,-10.5,47.38929818
1666925888.24316,20228.57,20236.32,-11.49262246,-10.5,47.38929818
1666925898.2413852,20240.0,20240.0,-9.65220325,-2.4,48.84351261
1666925908.2447157,20240.0,20240.0,-9.65220325,-2.4,48.84351261
1666925918.2207472,20240.0,20240.0,-9.65220325,-2.4,48.84351261
1666925928.3207006,20240.0,20227.6,-10.64137703,-14.8,44.39097508
1666925938.2895305,20240.0,20227.6,-10.64137703,-14.8,44.39097508
1666925948.2866397,20240.0,20227.6,-10.64137703,-14.8,44.39097508
1666925958.274962,20223.13,20223.13,-10.67749591,-1.97,42.9642861
1666925968.281232,20223.13,20223.13,-10.67749591,-1.97,42.9642861
1666925978.309558,20223.13,20223.13,-10.67749591,-1.97,42.9642861
1666925988.3456647,20223.13,20222.75,-10.7078093,-2.35,42.83954629
1666925998.241765,20223.13,20222.75,-10.7078093,-2.35,42.83954629
1666926008.5098534,20223.13,20222.75,-10.7078093,-2.35,42.83954629
1666926018.8120675,20223.47,20223.47,-10.29480202,7.02,43.07651277
1666926028.7864456,20223.47,20223.47,-10.29480202,7.02,43.07651277
1666926038.8775396,20223.47,20223.47,-10.29480202,7.02,43.07651277
1666926048.86615,20223.47,20216.22,-10.8731496,-0.23,40.63884986
1666926058.8742092,20223.47,20216.22,-10.8731496,-0.23,40.63884986
1666926068.8860328,20223.47,20216.22,-10.8731496,-0.23,40.63884986
1666926078.833389,20222.49,20222.49,-10.07685388,10.78,42.82848871
1666926088.8153503,20222.49,20222.49,-10.07685388,10.78,42.82848871
1666926098.842132,20222.49,20222.49,-10.07685388,10.78,42.82848871
1666926108.9700613,20222.49,20220.41,-10.2427798,8.7,41.97534586
1666926118.822553,20222.49,20220.41,-10.2427798,8.7,41.97534586
1666926128.8618286,20222.49,20220.41,-10.2427798,8.7,41.97534586
1666926138.8627622,20233.17,20233.17,-8.2276849,11.88,47.73573375
1666926148.8364184,20233.17,20233.17,-8.2276849,11.88,47.73573375
1666926158.8445098,20233.17,20233.17,-8.2276849,11.88,47.73573375
1666926168.8608575,20233.17,20234.25,-8.14153105,12.96,48.21710447
1666926178.862749,20233.17,20234.25,-8.14153105,12.96,48.21710447
1666926188.8530035,20233.17,20234.25,-8.14153105,12.96,48.21710447
1666926199.3500755,20239.3,20239.3,-6.4379609,5.42,50.35514852
1666926209.3329575,20239.3,20239.3,-6.4379609,5.42,50.35514852
1666926219.3236682,20239.3,20239.3,-6.4379609,5.42,50.35514852
1666926229.357207,20239.3,20242.0,-6.22257629,8.12,51.50795883
1666926239.4997544,20239.3,20242.0,-6.22257629,8.12,51.50795883
1666926249.4147694,20239.3,20242.0,-6.22257629,8.12,51.50795883
1666926259.5011551,20232.95,20232.95,-6.15508783,24.55,47.64511584
1666926269.494789,20232.95,20232.95,-6.15508783,24.55,47.64511584
1666926279.3839588,20232.95,20232.95,-6.15508783,24.55,47.64511584
1666926289.3947632,20232.95,20230.89,-6.31941832,22.49,46.78051622
1666926299.383587,20232.95,20230.89,-6.31941832,22.49,46.78051622
1666926309.3930922,20232.95,20230.89,-6.31941832,22.49,46.78051622
1666926319.410323,20229.23,20229.23,-6.08169113,20.23,46.10630214
1666926329.428137,20229.23,20229.23,-6.08169113,20.23,46.10630214
1666926339.3829896,20229.23,20229.23,-6.08169113,20.23,46.10630214
1666926349.3988848,20229.23,20219.78,-6.83553729,10.78,42.36321356
1666926359.432002,20229.23,20219.78,-6.83553729,10.78,42.36321356
1666926369.570938,20229.23,20219.78,-6.83553729,10.78,42.36321356
1666926380.1890893,20218.79,20218.79,-7.19820585,-9.69,42.00595384
1666926390.2730014,20218.79,20218.79,-7.19820585,-9.69,42.00595384
1666926400.3396945,20218.79,20222.19,-6.92698078,-6.29,43.76010909
1666926410.1917603,20218.79,20222.19,-6.92698078,-6.29,43.76010909
1666926420.1559186,20218.79,20222.19,-6.92698078,-6.29,43.76010909
1666926430.1908488,20218.79,20222.19,-6.92698078,-6.29,43.76010909
1666926440.5775342,20223.36,20223.36,-6.63020966,-16.64,44.40852465
1666926450.236281,20223.36,20223.36,-6.63020966,-16.64,44.40852465
1666926460.212748,20223.36,20223.36,-6.63020966,-16.64,44.40852465
1666926470.2062857,20223.36,20231.46,-5.98405582,-8.54,48.27658995
1666926480.1928673,20223.36,20231.46,-5.98405582,-8.54,48.27658995
1666926490.2454507,20223.36,20231.46,-5.98405582,-8.54,48.27658995
1666926500.3375394,20237.73,20237.73,-4.42700866,13.99,50.98449887
1666926510.258628,20237.73,20237.73,-4.42700866,13.99,50.98449887
1666926520.2292604,20237.73,20237.73,-4.42700866,13.99,50.98449887
1666926530.209163,20237.73,20236.84,-4.49800581,13.1,50.57970831
1666926540.2064316,20237.73,20236.84,-4.49800581,13.1,50.57970831
1666926550.229985,20237.73,20236.84,-4.49800581,13.1,50.57970831
1666926560.841689,20240.3,20240.3,-3.21909463,16.83,52.1094615
1666926571.054618,20240.3,20240.3,-3.21909463,16.83,52.1094615
1666926580.8471472,20240.3,20241.65,-3.11140232,18.18,52.71346062
1666926590.901934,20240.3,20241.65,-3.11140232,18.18,52.71346062
1666926600.9320078,20240.3,20241.65,-3.11140232,18.18,52.71346062
1666926610.8652875,20239.84,20239.84,-2.42731412,17.99,51.90011444
1666926620.850437,20239.84,20239.84,-2.42731412,17.99,51.90011444
1666926630.8986125,20239.84,20239.84,-2.42731412,17.99,51.90011444
1666926640.87543,20239.84,20239.84,-2.42731412,17.99,51.90011444
1666926650.90442,20239.84,20243.51,-2.13455059,21.66,53.64128556
1666926661.0168834,20239.84,20243.51,-2.13455059,21.66,53.64128556
1666926670.9414904,20239.84,20243.51,-2.13455059,21.66,53.64128556
1666926680.8931289,20248.52,20248.52,-0.57835086,16.12,55.852688
1666926690.8990915,20248.52,20248.52,-0.57835086,16.12,55.852688
1666926700.8524525,20248.52,20254.17,-0.12763861,21.77,58.23942119
1666926710.8564785,20248.52,20254.17,-0.12763861,21.77,58.23942119
1666926720.88852,20248.52,20254.17,-0.12763861,21.77,58.23942119
1666926730.8793347,20254.13,20254.13,1.24030957,14.83,58.04052805
1666926741.4308712,20254.13,20254.13,1.24030957,14.83,58.04052805
1666926751.398776,20254.13,20254.13,1.24030957,14.83,58.04052805
1666926761.5557215,20254.13,20254.13,1.24030957,14.83,58.04052805
1666926771.4222748,20254.13,20250.05,0.91483949,10.75,55.73875221
1666926781.4493208,20254.13,20250.05,0.91483949,10.75,55.73875221
1666926791.4935322,20256.59,20256.59,2.6146926,22.21,59.13757679
1666926801.495255,20256.59,20256.59,2.6146926,22.21,59.13757679
1666926811.4323397,20256.59,20256.59,2.6146926,22.21,59.13757679
1666926821.4314325,20256.59,20254.12,2.41765556,19.74,57.60870449
1666926831.5529146,20256.59,20254.12,2.41765556,19.74,57.60870449
1666926841.5316234,20256.59,20254.12,2.41765556,19.74,57.60870449
1666926851.4850032,20256.59,20254.12,2.41765556,19.74,57.60870449
1666926861.5260892,20253.59,20253.59,2.99172179,24.36,57.16567443
1666926871.48521,20253.59,20253.59,2.99172179,24.36,57.16567443
1666926881.5018857,20253.59,20254.44,3.05952806,25.21,57.56073575
1666926891.5070045,20253.59,20254.44,3.05952806,25.21,57.56073575
1666926901.5463517,20253.59,20254.44,3.05952806,25.21,57.56073575
1666926911.574864,20254.23,20254.23,3.59911625,35.44,57.46381171
1666926922.4584882,20254.23,20254.23,3.59911625,35.44,57.46381171
1666926932.4206667,20254.23,20254.23,3.59911625,35.44,57.46381171
1666926942.431792,20254.23,20245.72,2.92025585,26.93,52.25556912
1666926952.3643491,20254.23,20245.72,2.92025585,26.93,52.25556912
1666926962.411628,20254.23,20245.72,2.92025585,26.93,52.25556912
1666926972.4127655,20245.1,20245.1,2.70395624,20.73,51.91235266
1666926982.5575316,20245.1,20245.1,2.70395624,20.73,51.91235266
1666926992.374725,20245.1,20245.1,2.70395624,20.73,51.91235266
1666927002.4044442,20245.1,20247.14,2.86669128,22.77,53.00540342
1666927012.4327283,20245.1,20247.14,2.86669128,22.77,53.00540342
1666927022.415105,20245.1,20247.14,2.86669128,22.77,53.00540342
1666927032.4082022,20241.57,20241.57,2.04279152,3.84,49.90506614
1666927042.3954475,20241.57,20241.57,2.04279152,3.84,49.90506614
1666927052.5298765,20241.57,20241.57,2.04279152,3.84,49.90506614
1666927062.431856,20241.57,20237.23,1.69658069,-0.5,47.47454621
1666927072.6102514,20241.57,20237.23,1.69658069,-0.5,47.47454621
1666927082.4497018,20241.57,20237.23,1.69658069,-0.5,47.47454621
1666927092.4593542,20232.59,20232.59,0.4003415,-7.16,45.24924734
1666927103.3094842,20232.59,20232.59,0.4003415,-7.16,45.24924734
1666927113.3789346,20232.59,20232.59,0.4003415,-7.16,45.24924734
1666927123.388826,20232.59,20237.9,0.82393125,-1.85,48.34193365
1666927133.3917496,20232.59,20237.9,0.82393125,-1.85,48.34193365
1666927143.3933325,20232.59,20237.9,0.82393125,-1.85,48.34193365
1666927153.4332552,20241.05,20241.05,0.91925607,1.21,50.01682131
1666927163.414331,20241.05,20241.05,0.91925607,1.21,50.01682131
1666927173.374802,20241.05,20241.05,0.91925607,1.21,50.01682131
1666927183.3961215,20241.05,20245.89,1.30535293,6.05,52.56186162
1666927193.3801513,20241.05,20245.89,1.30535293,6.05,52.56186162
1666927203.5096276,20241.05,20245.89,1.30535293,6.05,52.56186162
1666927213.356841,20245.53,20245.53,1.41989545,-2.1,52.38151688
1666927223.3625417,20245.53,20245.53,1.41989545,-2.1,52.38151688
1666927233.49718,20245.53,20245.53,1.41989545,-2.1,52.38151688
1666927243.5876074,20245.53,20254.7,2.15140542,7.07,56.87849974
1666927253.3294952,20245.53,20254.7,2.15140542,7.07,56.87849974
1666927263.3774188,20245.53,20254.7,2.15140542,7.07,56.87849974
1666927273.4087944,20256.48,20256.48,2.98996617,1.42,57.69424215
1666927283.9310713,20256.48,20256.48,2.98996617,1.42,57.69424215
1666927293.8934095,20256.48,20256.48,2.98996617,1.42,57.69424215
1666927303.8780808,20256.48,20259.02,3.19258726,3.96,58.83202622
1666927313.8700037,20256.48,20259.02,3.19258726,3.96,58.83202622
1666927324.0883942,20256.48,20259.02,3.19258726,3.96,58.83202622
1666927333.8886747,20265.05,20265.05,4.74438216,8.06,61.32377289
1666927344.0113952,20265.05,20265.05,4.74438216,8.06,61.32377289
1666927353.9192646,20265.05,20265.05,4.74438216,8.06,61.32377289
1666927363.9877796,20265.05,20267.9,4.97173259,10.91,62.46961256
1666927374.1128707,20265.05,20267.9,4.97173259,10.91,62.46961256
1666927384.2863293,20265.05,20267.9,4.97173259,10.91,62.46961256
1666927393.9286225,20270.6,20270.6,6.44747946,18.1,63.04073205
1666927403.939617,20270.6,20270.6,6.44747946,18.1,63.04073205
1666927413.9361534,20270.6,20270.6,6.44747946,18.1,63.04073205
1666927424.000343,20270.6,20269.18,6.33420311,16.68,62.10874087
1666927433.9381654,20270.6,20269.18,6.33420311,16.68,62.10874087
1666927443.979009,20270.6,20269.18,6.33420311,16.68,62.10874087
1666927454.0143285,20270.6,20269.18,6.33420311,16.68,62.10874087
1666927464.5745823,20271.26,20271.26,7.3641422,17.03,63.48349934
1666927474.5353851,20271.26,20271.26,7.3641422,17.03,63.48349934
1666927484.5967288,20271.26,20264.82,6.85041001,10.59,59.12018335
1666927494.5858238,20271.26,20264.82,6.85041001,10.59,59.12018335
1666927504.5777376,20271.26,20264.82,6.85041001,10.59,59.12018335
1666927514.8847606,20267.77,20267.77,7.46379866,22.66,61.04204002
1666927524.603026,20267.77,20267.77,7.46379866,22.66,61.04204002
1666927534.606449,20267.77,20267.77,7.46379866,22.66,61.04204002
1666927544.5971203,20267.77,20269.66,7.61456789,24.55,61.89665942
1666927554.624897,20267.77,20269.66,7.61456789,24.55,61.89665942
1666927564.6453187,20267.77,20269.66,7.61456789,24.55,61.89665942
1666927574.5868192,20269.74,20269.74,7.88259791,28.17,61.97101785
1666927584.6142015,20269.74,20269.74,7.88259791,28.17,61.97101785
1666927594.6483424,20269.74,20269.74,7.88259791,28.17,61.97101785
1666927604.6386929,20269.74,20256.9,6.8583244,15.33,53.50146715
1666927614.6829016,20269.74,20256.9,6.8583244,15.33,53.50146715
1666927624.6225991,20269.74,20256.9,6.8583244,15.33,53.50146715
1666927634.624786,20255.94,20255.94,6.11883487,24.2,52.94111023
1666927645.3932755,20255.94,20255.94,6.11883487,24.2,52.94111023
1666927655.364185,20255.94,20255.94,6.11883487,24.2,52.94111023
1666927665.383344,20255.94,20253.16,5.89706849,21.42,51.26658501
1666927675.7333024,20255.94,20253.16,5.89706849,21.42,51.26658501
1666927685.4181862,20255.94,20253.16,5.89706849,21.42,51.26658501
1666927695.3821557,20257.73,20257.73,5.84066577,16.68,53.78382256
1666927705.4515903,20257.73,20257.73,5.84066577,16.68,53.78382256
1666927715.4292247,20257.73,20257.73,5.84066577,16.68,53.78382256
1666927725.374426,20257.73,20259.53,5.98425551,18.48,54.8793706
1666927735.425211,20257.73,20259.53,5.98425551,18.48,54.8793706
1666927745.4182286,20257.73,20259.53,5.98425551,18.48,54.8793706
1666927755.4088953,20255.77,20255.77,5.10847262,10.24,52.53580465
1666927765.432638,20255.77,20255.77,5.10847262,10.24,52.53580465
1666927775.4077303,20255.77,20255.77,5.10847262,10.24,52.53580465
1666927785.378465,20255.77,20270.14,6.25479741,24.61,59.88530804
1666927795.4255023,20255.77,20270.14,6.25479741,24.61,59.88530804
1666927805.45198,20255.77,20270.14,6.25479741,24.61,59.88530804
1666927815.3916242,20266.84,20266.84,6.16398258,11.56,58.40627859
1666927825.8732817,20266.84,20266.84,6.16398258,11.56,58.40627859
1666927836.283033,20266.84,20266.84,6.16398258,11.56,58.40627859
1666927845.9000013,20266.84,20266.84,6.16398258,11.56,58.40627859
1666927855.9654543,20266.84,20262.7,5.83372617,7.42,55.63492492
1666927865.9678066,20266.84,20262.7,5.83372617,7.42,55.63492492
1666927876.1652863,20263.6,20263.6,5.82994719,-0.74,56.16675431
1666927885.9408998,20263.6,20263.6,5.82994719,-0.74,56.16675431
1666927895.9305675,20263.6,20263.6,5.82994719,-0.74,56.16675431
1666927905.9365516,20263.6,20262.67,5.75575916,-1.67,55.52331599
1666927915.9849854,20263.6,20262.67,5.75575916,-1.67,55.52331599
1666927925.9684925,20263.6,20262.67,5.75575916,-1.67,55.52331599
1666927935.913534,20265.67,20265.67,5.93691961,-6.38,57.4425439
1666927945.9220915,20265.67,20265.67,5.93691961,-6.38,57.4425439
1666927955.9947045,20265.67,20265.67,5.93691961,-6.38,57.4425439
1666927966.1278322,20265.67,20267.49,6.08210479,-4.56,58.45531005
1666927975.9651575,20265.67,20267.49,6.08210479,-4.56,58.45531005
1666927985.953522,20265.67,20267.49,6.08210479,-4.56,58.45531005
1666927996.133996,20262.95,20262.95,5.51186946,-8.31,55.3583848
1666928006.5441515,20262.95,20262.95,5.51186946,-8.31,55.3583848
1666928016.5581176,20262.95,20262.95,5.51186946,-8.31,55.3583848
1666928026.5335555,20262.95,20266.9,5.82696918,-4.36,57.92865162
1666928036.5116374,20262.95,20266.9,5.82696918,-4.36,57.92865162
1666928046.5302906,20262.95,20266.9,5.82696918,-4.36,57.92865162
1666928056.570124,20270.57,20270.57,6.3307366,2.8,59.72019248
1666928066.5855432,20270.57,20270.57,6.3307366,2.8,59.72019248
1666928076.5659032,20270.57,20270.57,6.3307366,2.8,59.72019248
1666928086.552694,20270.57,20271.86,6.43364258,4.09,60.61134342
1666928096.548561,20270.57,20271.86,6.43364258,4.09,60.61134342
1666928106.5875795,20270.57,20271.86,6.43364258,4.09,60.61134342
1666928116.5929017,20268.56,20268.56,6.09789463,-0.03,58.11934307
1666928126.5306149,20268.56,20268.56,6.09789463,-0.03,58.11934307
1666928136.6029944,20268.56,20268.56,6.09789463,-0.03,58.11934307
1666928146.561236,20268.56,20263.36,5.68307981,-5.23,54.08045698
1666928156.5877852,20268.56,20263.36,5.68307981,-5.23,54.08045698
1666928166.7108169,20268.56,20263.36,5.68307981,-5.23,54.08045698
1666928176.5649817,20266.44,20266.44,5.64481263,10.5,56.34480723
1666928187.2937474,20266.44,20266.44,5.64481263,10.5,56.34480723
1666928197.3216472,20266.44,20266.44,5.64481263,10.5,56.34480723
1666928207.3492484,20266.44,20263.24,5.38954197,7.3,53.8413491
1666928217.4133563,20266.44,20263.24,5.38954197,7.3,53.8413491
1666928227.346685,20266.44,20263.24,5.38954197,7.3,53.8413491
1666928237.297055,20257.71,20257.71,4.17050271,-0.96,49.87259967
1666928247.310465,20257.71,20257.71,4.17050271,-0.96,49.87259967
1666928257.2939937,20257.71,20257.71,4.17050271,-0.96,49.87259967
1666928267.3280416,20257.71,20264.88,4.74246852,6.21,54.56895465
1666928277.3255408,20257.71,20264.88,4.74246852,6.21,54.56895465
1666928287.298538,20257.71,20264.88,4.74246852,6.21,54.56895465
1666928297.3649273,20270.85,20270.85,5.35040651,15.08,57.85795469
1666928307.361232,20270.85,20270.85,5.35040651,15.08,57.85795469
1666928317.293736,20270.85,20270.85,5.35040651,15.08,57.85795469
1666928327.6320057,20270.85,20269.83,5.26903899,14.06,57.10124012
1666928337.399226,20270.85,20269.83,5.26903899,14.06,57.10124012
1666928347.4112766,20270.85,20269.83,5.26903899,14.06,57.10124012
1666928357.3206315,20267.47,20267.47,5.00598272,0.63,55.33759615
1666928367.822763,20267.47,20267.47,5.00598272,0.63,55.33759615
1666928377.8006735,20267.47,20267.47,5.00598272,0.63,55.33759615
1666928387.8430278,20267.47,20273.12,5.45669497,6.28,58.81456616
1666928397.8160613,20267.47,20273.12,5.45669497,6.28,58.81456616
1666928407.8629148,20267.47,20273.12,5.45669497,6.28,58.81456616
1666928417.8325434,20273.15,20273.15,5.60079293,8.59,58.83141572
1666928427.8213038,20273.15,20273.15,5.60079293,8.59,58.83141572
1666928437.843685,20273.15,20273.15,5.60079293,8.59,58.83141572
1666928447.876011,20273.15,20273.83,5.65503795,9.27,59.21881427
1666928457.858997,20273.15,20273.83,5.65503795,9.27,59.21881427
1666928467.9251122,20273.15,20273.83,5.65503795,9.27,59.21881427
1666928478.013518,20265.43,20265.43,4.55792009,-0.24,53.10586354
1666928487.9553502,20265.43,20265.43,4.55792009,-0.24,53.10586354
1666928497.8893564,20265.43,20265.43,4.55792009,-0.24,53.10586354
1666928507.8883238,20265.43,20273.88,5.23199417,8.21,57.93521453
1666928517.859427,20265.43,20273.88,5.23199417,8.21,57.93521453
1666928527.8936412,20265.43,20273.88,5.23199417,8.21,57.93521453
1666928537.9030852,20274.01,20274.01,5.3842986,9.88,58.00175533
1666928548.4523597,20274.01,20274.01,5.3842986,9.88,58.00175533
1666928558.440245,20274.01,20274.01,5.3842986,9.88,58.00175533
1666928568.4884524,20274.01,20273.58,5.34999661,9.45,57.67675788
1666928578.4374988,20274.01,20273.58,5.34999661,9.45,57.67675788
1666928588.5484736,20274.01,20273.58,5.34999661,9.45,57.67675788
1666928598.454203,20277.45,20277.45,5.85021488,6.21,59.85744917
1666928608.428839,20277.45,20277.45,5.85021488,6.21,59.85744917
1666928618.4364698,20277.45,20277.45,5.85021488,6.21,59.85744917
1666928628.4967954,20277.45,20272.58,5.46172485,1.34,56.35107859
1666928638.4760194,20277.45,20272.58,5.46172485,1.34,56.35107859
1666928648.5120022,20277.45,20272.58,5.46172485,1.34,56.35107859
1666928658.5902205,20269.95,20269.95,4.94338057,1.39,54.48213283
1666928668.455218,20269.95,20269.95,4.94338057,1.39,54.48213283
1666928678.4476466,20269.95,20269.95,4.94338057,1.39,54.48213283
1666928688.5441947,20269.95,20264.31,4.49346604,-4.25,50.61079419
1666928698.4767222,20269.95,20264.31,4.49346604,-4.25,50.61079419
1666928708.509363,20269.95,20264.31,4.49346604,-4.25,50.61079419
1666928718.5220766,20267.55,20267.55,4.2266058,1.55,52.73439899
1666928729.316728,20267.55,20267.55,4.2266058,1.55,52.73439899
1666928739.2899747,20267.55,20267.55,4.2266058,1.55,52.73439899
1666928749.5199957,20267.55,20267.33,4.20905595,1.33,52.59187316
1666928759.427692,20267.55,20267.33,4.20905595,1.33,52.59187316
1666928769.352656,20267.55,20267.33,4.20905595,1.33,52.59187316
1666928779.350136,20267.04,20267.04,3.77664193,9.02,52.40267965
1666928789.3361945,20267.04,20267.04,3.77664193,9.02,52.40267965
1666928799.392384,20267.04,20267.04,3.77664193,9.02,52.40267965
1666928809.3617232,20267.04,20261.57,3.34028866,3.55,48.47324941
1666928819.439799,20267.04,20261.57,3.34028866,3.55,48.47324941
1666928829.3615596,20267.04,20261.57,3.34028866,3.55,48.47324941
1666928839.423133,20265.07,20265.07,3.19543263,-5.76,50.86041706
1666928849.547689,20265.07,20265.07,3.19543263,-5.76,50.86041706
1666928859.394467,20265.07,20265.07,3.19543263,-5.76,50.86041706
1666928869.3255014,20265.07,20259.88,2.78141553,-10.95,47.07584555
1666928879.4151816,20265.07,20259.88,2.78141553,-10.95,47.07584555
1666928889.4752333,20265.07,20259.88,2.78141553,-10.95,47.07584555
1666928899.4098818,20258.89,20258.89,1.83831559,-10.04,46.55085486
1666928910.0127788,20258.89,20258.89,1.83831559,-10.04,46.55085486
1666928919.9928718,20258.89,20258.89,1.83831559,-10.04,46.55085486
1666928929.957766,20258.89,20261.0,2.00663468,-7.93,48.17463777
1666928939.98097,20258.89,20261.0,2.00663468,-7.93,48.17463777
1666928950.017907,20258.89,20261.0,2.00663468,-7.93,48.17463777
1666928960.1748176,20260.46,20260.46,1.48316688,-12.67,47.78061361
1666928970.1454234,20260.46,20260.46,1.48316688,-12.67,47.78061361
1666928979.981372,20260.46,20260.46,1.48316688,-12.67,47.78061361
1666928990.0801108,20260.46,20261.68,1.58048881,-11.45,48.68444137
1666928999.9861798,20260.46,20261.68,1.58048881,-11.45,48.68444137
1666929010.013281,20260.46,20261.68,1.58048881,-11.45,48.68444137
1666929020.053109,20260.38,20260.38,1.01045662,-5.05,47.7228495
1666929029.9740467,20260.38,20260.38,1.01045662,-5.05,47.7228495
1666929040.045242,20260.38,20260.38,1.01045662,-5.05,47.7228495
1666929049.9806335,20260.38,20260.2,0.99609765,-5.23,47.58346012
1666929060.0060678,20260.38,20260.2,0.99609765,-5.23,47.58346012
1666929070.0096295,20260.38,20260.2,0.99609765,-5.23,47.58346012
1666929080.054878,20258.02,20258.02,0.2999689,-15.99,45.95773942
1666929090.6033254,20258.02,20258.02,0.2999689,-15.99,45.95773942
1666929100.560049,20258.02,20262.03,0.61985494,-11.98,49.38348214
1666929110.619553,20258.02,20262.03,0.61985494,-11.98,49.38348214
1666929120.5604105,20258.02,20262.03,0.61985494,-11.98,49.38348214
1666929130.6161318,20281.97,20281.97,3.27303093,5.66,61.51454054
1666929140.6268375,20281.97,20281.97,3.27303093,5.66,61.51454054
1666929150.5605383,20281.97,20281.97,3.27303093,5.66,61.51454054
1666929160.571767,20281.97,20278.11,2.9651107,1.8,58.58731069
1666929170.5472271,20281.97,20278.11,2.9651107,1.8,58.58731069
1666929180.6128292,20281.97,20278.11,2.9651107,1.8,58.58731069
1666929190.560622,20285.45,20285.45,4.56813891,15.52,63.12330966
1666929200.5921447,20285.45,20285.45,4.56813891,15.52,63.12330966
1666929210.564928,20285.45,20285.45,4.56813891,15.52,63.12330966
1666929220.6146967,20285.45,20285.45,4.56813891,15.52,63.12330966
1666929230.6280584,20285.45,20286.5,4.65189959,16.57,63.67761169
1666929240.6351483,20285.45,20286.5,4.65189959,16.57,63.67761169
1666929250.659147,20285.0,20285.0,5.24152979,18.76,62.74792404
1666929260.620695,20285.0,20285.0,5.24152979,18.76,62.74792404
1666929271.2586806,20285.0,20285.0,5.24152979,18.76,62.74792404
1666929281.1113129,20285.0,20285.0,5.24152979,18.76,62.74792404
1666929291.1206565,20285.0,20285.6,5.28939304,19.36,63.06332938
1666929301.084798,20285.0,20285.6,5.28939304,19.36,63.06332938
1666929311.143099,20286.85,20286.85,5.99902808,19.81,63.70356711
1666929321.071319,20286.85,20286.85,5.99902808,19.81,63.70356711
1666929331.127216,20286.85,20286.85,5.99902808,19.81,63.70356711
1666929341.101126,20286.85,20287.68,6.06523891,20.64,64.14794287
1666929351.1756072,20286.85,20287.68,6.06523891,20.64,64.14794287
1666929361.1275663,20286.85,20287.68,6.06523891,20.64,64.14794287
1666929371.143577,20284.02,20284.02,6.02571007,17.96,61.10166779
1666929381.168249,20284.02,20284.02,6.02571007,17.96,61.10166779
1666929391.2032104,20284.02,20284.02,6.02571007,17.96,61.10166779
1666929401.127942,20284.02,20289.0,6.42297503,22.94,63.98880375
1666929411.1865456,20284.02,20289.0,6.42297503,22.94,63.98880375
1666929421.1795828,20284.02,20289.0,6.42297503,22.94,63.98880375
1666929431.1883378,20286.77,20286.77,6.52606625,28.74,62.79055792
1666929441.2451563,20286.77,20286.77,6.52606625,28.74,62.79055792
1666929451.8619227,20286.77,20286.77,6.52606625,28.74,62.79055792
1666929462.0123632,20286.77,20288.03,6.62657907,30.0,63.5289833
1666929471.9561908,20286.77,20288.03,6.62657907,30.0,63.5289833
1666929481.824911,20286.77,20288.03,6.62657907,30.0,63.5289833
1666929492.0823877,20293.36,20293.36,7.61819897,31.81,66.22262549
1666929501.868401,20293.36,20293.36,7.61819897,31.81,66.22262549
1666929511.876156,20293.36,20293.36,7.61819897,31.81,66.22262549
1666929521.809347,20293.36,20295.06,7.7538115,33.51,67.21682659
1666929531.8785462,20293.36,20295.06,7.7538115,33.51,67.21682659
1666929541.8603475,20293.36,20295.06,7.7538115,33.51,67.21682659
1666929551.8409293,20295.37,20295.37,8.30097167,34.99,66.82937267
1666929561.8865204,20295.37,20295.37,8.30097167,34.99,66.82937267
1666929571.9370036,20295.37,20295.37,8.30097167,34.99,66.82937267
1666929581.85557,20295.37,20295.57,8.31692608,35.19,67.04232045
1666929591.897622,20295.37,20295.57,8.31692608,35.19,67.04232045
1666929602.0734074,20295.37,20295.57,8.31692608,35.19,67.04232045
1666929611.877708,20292.77,20292.77,8.19310721,34.75,64.17626118
1666929621.8937595,20292.77,20292.77,8.19310721,34.75,64.17626118
1666929632.4670722,20292.77,20292.77,8.19310721,34.75,64.17626118
1666929642.362584,20292.77,20285.87,7.64267986,27.85,57.64365608
1666929652.3772774,20292.77,20285.87,7.64267986,27.85,57.64365608
1666929662.379811,20292.77,20285.87,7.64267986,27.85,57.64365608
1666929672.4094768,20292.77,20285.87,7.64267986,27.85,57.64365608
1666929682.5801246,20286.13,20286.13,7.26491264,4.16,57.83530015
1666929692.367182,20286.13,20286.13,7.26491264,4.16,57.83530015
1666929702.4397137,20286.13,20288.81,7.47870181,6.84,59.69915926
1666929712.381822,20286.13,20288.81,7.47870181,6.84,59.69915926
1666929722.6150606,20286.13,20288.81,7.47870181,6.84,59.69915926
1666929732.395275,20286.89,20286.89,6.948586,1.31,58.46260425
1666929742.4125524,20286.89,20286.89,6.948586,1.31,58.46260425
1666929752.342609,20286.89,20286.89,6.948586,1.31,58.46260425
1666929762.474759,20286.89,20286.89,6.948586,1.31,58.46260425
1666929772.3659875,20286.89,20292.91,7.42881392,7.33,62.36206917
1666929782.4465756,20286.89,20292.91,7.42881392,7.33,62.36206917
1666929792.465619,20293.0,20293.0,7.40083652,8.0,62.44181423
1666929802.4314814,20293.0,20293.0,7.40083652,8.0,62.44181423
1666929812.9250002,20293.0,20293.0,7.40083652,8.0,62.44181423
1666929822.9241214,20293.0,20293.08,7.40721828,8.08,62.49210005
1666929832.9391186,20293.0,20293.08,7.40721828,8.08,62.49210005
1666929843.502638,20293.0,20293.08,7.40721828,8.08,62.49210005
1666929852.9912536,20292.29,20292.29,7.23409101,5.44,61.92645357
1666929862.980279,20292.29,20292.29,7.23409101,5.44,61.92645357
1666929872.954612,20292.29,20292.29,7.23409101,5.44,61.92645357
1666929882.9662747,20292.29,20296.55,7.57392007,9.7,64.7280163
1666929892.9586754,20292.29,20296.55,7.57392007,9.7,64.7280163
1666929903.0242865,20292.29,20296.55,7.57392007,9.7,64.7280163
1666929912.9666536,20291.18,20291.18,6.8997316,6.88,60.69813021
1666929922.997951,20291.18,20291.18,6.8997316,6.88,60.69813021
1666929932.941336,20291.18,20291.18,6.8997316,6.88,60.69813021
1666929942.9480042,20291.18,20290.88,6.87579998,6.58,60.35471876
1666929952.998805,20291.18,20290.88,6.87579998,6.58,60.35471876
1666929962.990177,20291.18,20290.88,6.87579998,6.58,60.35471876
1666929972.960187,20290.05,20290.05,6.4693995,3.28,59.41366196
1666929983.0114722,20290.05,20290.05,6.4693995,3.28,59.41366196
1666929993.9642568,20290.05,20290.05,6.4693995,3.28,59.41366196
1666930003.8151896,20290.05,20289.52,6.4271203,2.75,58.78337032
1666930013.8471537,20290.05,20289.52,6.4271203,2.75,58.78337032
1666930023.8434572,20290.05,20289.52,6.4271203,2.75,58.78337032
1666930033.7969022,20288.21,20288.21,5.86903681,-5.39,57.28139014
1666930043.8260589,20288.21,20288.21,5.86903681,-5.39,57.28139014
1666930053.8074553,20288.21,20288.21,5.86903681,-5.39,57.28139014
1666930063.7847528,20288.21,20283.17,5.46698553,-10.43,51.79780033
1666930073.829816,20288.21,20283.17,5.46698553,-10.43,51.79780033
1666930083.927497,20288.21,20283.17,5.46698553,-10.43,51.79780033
1666930093.998519,20288.39,20288.39,5.47222789,-7.9,57.44229672
1666930103.87867,20288.39,20288.39,5.47222789,-7.9,57.44229672
1666930113.864644,20288.39,20288.39,5.47222789,-7.9,57.44229672
1666930123.8679338,20288.39,20288.59,5.48818231,-7.7,57.63324863
1666930133.9453132,20288.39,20288.59,5.48818231,-7.7,57.63324863
1666930143.8492527,20288.39,20288.59,5.48818231,-7.7,57.63324863
1666930153.8815565,20291.33,20291.33,5.50333195,-1.48,60.08673506
1666930164.1349316,20291.33,20291.33,5.50333195,-1.48,60.08673506
1666930174.6209507,20291.33,20291.33,5.50333195,-1.48,60.08673506
1666930184.730697,20291.33,20292.4,5.58868808,-0.41,61.0356853
1666930194.6104913,20291.33,20292.4,5.58868808,-0.41,61.0356853
1666930204.5681148,20291.33,20292.4,5.58868808,-0.41,61.0356853
1666930214.6192143,20292.64,20292.64,5.46642155,6.05,61.2423712
1666930224.5603287,20292.64,20292.64,5.46642155,6.05,61.2423712
1666930234.5755434,20292.64,20292.64,5.46642155,6.05,61.2423712
1666930244.5884583,20292.64,20293.37,5.52465517,6.78,61.90430717
1666930254.6442869,20292.64,20293.37,5.52465517,6.78,61.90430717
1666930264.6088576,20292.64,20293.37,5.52465517,6.78,61.90430717
1666930274.585858,20295.27,20295.27,5.66511675,8.38,63.52565796
1666930284.7354355,20295.27,20295.27,5.66511675,8.38,63.52565796
1666930294.6194615,20295.27,20295.27,5.66511675,8.38,63.52565796
1666930304.666663,20295.27,20287.68,5.05964666,0.79,53.69451723
1666930314.6423607,20295.27,20287.68,5.05964666,0.79,53.69451723
1666930324.6275249,20295.27,20287.68,5.05964666,0.79,53.69451723
1666930334.6747365,20295.88,20295.88,5.68917361,3.48,63.91447306
1666930344.6441212,20295.88,20295.88,5.68917361,3.48,63.91447306
1666930355.151364,20295.88,20295.88,5.68917361,3.48,63.91447306
1666930365.1938794,20295.88,20298.6,5.90615367,6.2,66.3844279
1666930375.2045145,20295.88,20298.6,5.90615367,6.2,66.3844279
1666930385.1331675,20295.88,20298.6,5.90615367,6.2,66.3844279
1666930395.1542003,20301.02,20301.02,6.36168187,8.6,67.61249664
1666930405.1858673,20301.02,20301.02,6.36168187,8.6,67.61249664
1666930415.2028542,20301.02,20301.02,6.36168187,8.6,67.61249664
1666930425.2173789,20301.02,20295.07,5.88703799,2.65,59.27870067
1666930435.1437087,20301.02,20295.07,5.88703799,2.65,59.27870067
1666930445.2557404,20301.02,20295.07,5.88703799,2.65,59.27870067
1666930455.1961377,20298.31,20298.31,6.009505,7.14,63.03807845
1666930465.1779256,20298.31,20298.31,6.009505,7.14,63.03807845
1666930475.2008128,20298.31,20298.31,6.009505,7.14,63.03807845
1666930485.193508,20298.31,20298.89,6.05577281,7.72,63.52215699
1666930495.2035549,20298.31,20298.89,6.05577281,7.72,63.52215699
1666930505.2168555,20298.31,20298.89,6.05577281,7.72,63.52215699
1666930515.2526538,20299.45,20299.45,6.05625903,9.4,63.97827994
1666930525.247437,20299.45,20299.45,6.05625903,9.4,63.97827994
1666930536.007652,20299.45,20299.45,6.05625903,9.4,63.97827994
1666930545.9432716,20299.45,20298.67,5.99403681,8.62,62.80800982
1666930556.0726638,20299.45,20298.67,5.99403681,8.62,62.80800982
1666930565.9520612,20299.45,20298.67,5.99403681,8.62,62.80800982
1666930576.0067096,20301.59,20301.59,6.25576378,13.38,65.73891043
1666930586.025113,20301.59,20301.59,6.25576378,13.38,65.73891043
1666930595.9948127,20301.59,20301.59,6.25576378,13.38,65.73891043
1666930605.9852002,20301.59,20301.54,6.25177518,13.33,65.65816213
1666930616.0146084,20301.59,20301.54,6.25177518,13.33,65.65816213
1666930625.975717,20301.59,20301.54,6.25177518,13.33,65.65816213
1666930636.0494614,20300.03,20300.03,6.03393039,11.64,63.22097483
1666930645.98655,20300.03,20300.03,6.03393039,11.64,63.22097483
1666930656.0442188,20300.03,20300.03,6.03393039,11.64,63.22097483
1666930666.079191,20300.03,20293.0,5.47313266,4.61,53.61878389
1666930676.010121,20300.03,20293.0,5.47313266,4.61,53.61878389
1666930686.0316594,20300.03,20293.0,5.47313266,4.61,53.61878389
1666930696.0451512,20299.13,20299.13,5.71474672,7.8,61.80164814
1666930705.984253,20299.13,20299.13,5.71474672,7.8,61.80164814
1666930716.4828506,20299.13,20299.13,5.71474672,7.8,61.80164814
1666930726.5012531,20299.13,20300.98,5.86232507,9.65,63.62111623
1666930736.5244322,20299.13,20300.98,5.86232507,9.65,63.62111623
1666930746.5609045,20299.13,20300.98,5.86232507,9.65,63.62111623
1666930756.5433629,20304.72,20304.72,6.24476459,12.08,66.79713957
1666930766.5034468,20304.72,20304.72,6.24476459,12.08,66.79713957
1666930776.4994318,20304.72,20304.72,6.24476459,12.08,66.79713957
1666930786.4999535,20304.72,20304.45,6.22322613,11.81,66.34680923
1666930796.532797,20304.72,20304.45,6.22322613,11.81,66.34680923
1666930806.5469604,20304.72,20304.45,6.22322613,11.81,66.34680923
1666930816.5665777,20304.02,20304.02,6.14052945,8.75,65.64201887
1666930826.5609982,20304.02,20304.02,6.14052945,8.75,65.64201887
1666930836.5585182,20304.02,20304.02,6.14052945,8.75,65.64201887
1666930846.5703225,20304.02,20304.98,6.21711065,9.71,66.49768087
1666930856.752741,20304.02,20304.98,6.21711065,9.71,66.49768087
1666930866.6274884,20304.02,20304.98,6.21711065,9.71,66.49768087
1666930876.6019628,20300.64,20300.64,5.61642104,4.58,60.11339415
1666930886.6324522,20300.64,20300.64,5.61642104,4.58,60.11339415
1666930897.398671,20300.64,20300.64,5.61642104,4.58,60.11339415
1666930907.224073,20300.64,20290.26,4.78838685,-5.8,47.24595474
1666930917.2020752,20300.64,20290.26,4.78838685,-5.8,47.24595474
1666930927.2890103,20300.64,20290.26,4.78838685,-5.8,47.24595474
1666930937.2105913,20288.11,20288.11,3.45767638,-13.58,45.50063331
1666930947.1834989,20288.11,20288.11,3.45767638,-13.58,45.50063331
1666930957.4037535,20288.11,20288.11,3.45767638,-13.58,45.50063331
1666930967.2459185,20288.11,20288.8,3.51271912,-12.89,46.25811867
1666930977.3604982,20288.11,20288.8,3.51271912,-12.89,46.25811867
1666930987.2858486,20288.11,20288.8,3.51271912,-12.89,46.25811867
1666930997.23949,20292.76,20292.76,3.31243337,-4.57,50.12563878
1666931007.3867605,20292.76,20292.76,3.31243337,-4.57,50.12563878
1666931017.218326,20292.76,20292.76,3.31243337,-4.57,50.12563878
1666931027.2546177,20292.76,20290.75,3.15209149,-6.58,48.27252705
1666931037.308072,20292.76,20290.75,3.15209149,-6.58,48.27252705
1666931047.3137696,20292.76,20290.75,3.15209149,-6.58,48.27252705
1666931057.2967649,20284.87,20284.87,1.67116845,-14.57,43.56140034
1666931067.2575662,20284.87,20284.87,1.67116845,-14.57,43.56140034
1666931077.8223355,20284.87,20284.87,1.67116845,-14.57,43.56140034
1666931087.918339,20284.87,20286.34,1.78843341,-13.1,45.00638005
1666931097.8477972,20284.87,20286.34,1.78843341,-13.1,45.00638005
1666931107.940969,20284.87,20286.34,1.78843341,-13.1,45.00638005
1666931117.9294944,20282.18,20282.18,0.52220167,-19.41,41.5248286
1666931127.854941,20282.18,20282.18,0.52220167,-19.41,41.5248286
1666931137.8733706,20282.18,20282.18,0.52220167,-19.41,41.5248286
1666931147.924881,20282.18,20287.16,0.91946663,-14.43,46.33462144
1666931157.878769,20282.18,20287.16,0.91946663,-14.43,46.33462144
1666931167.8987036,20282.18,20287.16,0.91946663,-14.43,46.33462144
1666931177.9029996,20284.08,20284.08,0.0656889,-16.72,43.49102914
1666931187.9108078,20284.08,20284.08,0.0656889,-16.72,43.49102914
1666931197.90078,20284.08,20284.08,0.0656889,-16.72,43.49102914
1666931207.9222438,20284.08,20288.19,0.39355215,-12.61,47.48779049
1666931217.874419,20284.08,20288.19,0.39355215,-12.61,47.48779049
1666931227.9671202,20284.08,20288.19,0.39355215,-12.61,47.48779049
1666931237.9246411,20287.71,20287.71,0.02630966,-11.44,47.04804857
1666931247.957916,20287.71,20287.71,0.02630966,-11.44,47.04804857
1666931258.4985518,20287.71,20287.71,0.02630966,-11.44,47.04804857
1666931268.4685647,20287.71,20292.06,0.3733182,-7.09,51.22833012
1666931278.4989462,20287.71,20292.06,0.3733182,-7.09,51.22833012
1666931288.5092552,20287.71,20292.06,0.3733182,-7.09,51.22833012
1666931298.5957434,20291.03,20291.03,0.21569854,-13.69,50.34520637
1666931308.486821,20291.03,20291.03,0.21569854,-13.69,50.34520637
1666931318.5029054,20291.03,20291.03,0.21569854,-13.69,50.34520637
1666931328.4898117,20291.03,20290.41,0.16623985,-14.31,49.72497095
1666931338.4895709,20291.03,20290.41,0.16623985,-14.31,49.72497095
1666931348.5374382,20291.03,20290.41,0.16623985,-14.31,49.72497095
1666931358.5031638,20290.67,20290.67,0.1438579,-13.35,49.98694629
1666931368.582476,20290.67,20290.67,0.1438579,-13.35,49.98694629
1666931378.5804362,20290.67,20290.67,0.1438579,-13.35,49.98694629
1666931388.525502,20290.67,20289.44,0.04573824,-14.58,48.69423344
1666931398.5674858,20290.67,20289.44,0.04573824,-14.58,48.69423344
1666931408.5597098,20290.67,20289.44,0.04573824,-14.58,48.69423344
1666931418.4971836,20286.13,20286.13,-0.55367763,-15.51,45.61002184
1666931428.4983585,20286.13,20286.13,-0.55367763,-15.51,45.61002184
1666931438.9441378,20286.13,20286.13,-0.55367763,-15.51,45.61002184
1666931448.9644656,20286.13,20278.53,-1.15994544,-23.11,39.23337915
1666931458.9395635,20286.13,20278.53,-1.15994544,-23.11,39.23337915
1666931469.018709,20286.13,20278.53,-1.15994544,-23.11,39.23337915
1666931478.935578,20281.15,20281.15,-1.45344901,-5.96,41.16333274
1666931488.9230118,20281.15,20281.15,-1.45344901,-5.96,41.16333274
1666931498.9865904,20281.15,20281.15,-1.45344901,-5.96,41.16333274
1666931508.91666,20281.15,20282.91,-1.31305015,-4.2,43.04324705
1666931519.0106292,20281.15,20282.91,-1.31305015,-4.2,43.04324705
1666931529.012498,20281.15,20282.91,-1.31305015,-4.2,43.04324705
1666931538.9738524,20280.83,20280.83,-1.91644776,-13.27,40.89359113
1666931548.9971943,20280.83,20280.83,-1.91644776,-13.27,40.89359113
1666931558.9928668,20280.83,20280.83,-1.91644776,-13.27,40.89359113
1666931568.946149,20280.83,20283.49,-1.70425403,-10.61,44.16874096
1666931579.1287534,20280.83,20283.49,-1.70425403,-10.61,44.16874096
1666931589.0079658,20280.83,20283.49,-1.70425403,-10.61,44.16874096
1666931599.0205238,20287.13,20287.13,-1.3467727,2.26,48.1038055
1666931608.9899666,20287.13,20287.13,-1.3467727,2.26,48.1038055
1666931619.7143877,20287.13,20287.13,-1.3467727,2.26,48.1038055
1666931629.7088685,20287.13,20288.49,-1.23828267,3.62,49.53496239
1666931639.7586448,20287.13,20288.49,-1.23828267,3.62,49.53496239
1666931649.7171514,20287.13,20288.49,-1.23828267,3.62,49.53496239
1666931659.7519283,20290.06,20290.06,-0.9163889,7.18,51.15400172
1666931669.7676828,20290.06,20290.06,-0.9163889,7.18,51.15400172
1666931679.8427649,20290.06,20290.06,-0.9163889,7.18,51.15400172
1666931689.7904634,20290.06,20293.4,-0.64995015,10.52,54.37496362
1666931699.7922304,20290.06,20293.4,-0.64995015,10.52,54.37496362
1666931709.7766654,20290.06,20293.4,-0.64995015,10.52,54.37496362
1666931719.8056917,20292.25,20292.25,-0.31588203,7.25,53.06734051
1666931729.8035822,20292.25,20292.25,-0.31588203,7.25,53.06734051
1666931739.794528,20292.25,20292.25,-0.31588203,7.25,53.06734051
1666931749.767824,20292.25,20290.94,-0.42038346,5.94,51.66547245
1666931759.7805202,20292.25,20290.94,-0.42038346,5.94,51.66547245
1666931769.797642,20292.25,20290.94,-0.42038346,5.94,51.66547245
1666931779.828765,20289.05,20289.05,-0.51465555,1.63,49.78035239
1666931789.7814915,20289.05,20289.05,-0.51465555,1.63,49.78035239
1666931800.4020066,20289.05,20289.05,-0.51465555,1.63,49.78035239
1666931810.4345107,20289.05,20285.51,-0.79704871,-1.91,46.34619899
1666931820.4299772,20289.05,20285.51,-0.79704871,-1.91,46.34619899
1666931830.4479244,20280.08,20280.08,-1.68745965,-10.3,41.87916212
1666931840.683341,20280.08,20280.08,-1.68745965,-10.3,41.87916212
1666931850.3913803,20280.08,20280.08,-1.68745965,-10.3,41.87916212
1666931860.511962,20280.08,20280.08,-1.68745965,-10.3,41.87916212
1666931870.429992,20280.08,20279.61,-1.72495253,-10.77,41.50931782
1666931880.4697993,20280.08,20279.61,-1.72495253,-10.77,41.50931782
1666931890.5062702,20282.05,20282.05,-1.7848631,-8.62,43.83872449
1666931900.4689827,20282.05,20282.05,-1.7848631,-8.62,43.83872449
1666931910.517364,20282.05,20282.05,-1.7848631,-8.62,43.83872449
1666931920.467974,20282.05,20282.59,-1.74178617,-8.08,44.44217722
1666931930.5197248,20282.05,20282.59,-1.74178617,-8.08,44.44217722
1666931940.6206615,20282.05,20282.59,-1.74178617,-8.08,44.44217722
1666931950.5390615,20282.05,20282.59,-1.74178617,-8.08,44.44217722
1666931960.526121,20283.95,20283.95,-1.69475539,-1.85,45.90694132
1666931970.758796,20283.95,20283.95,-1.69475539,-1.85,45.90694132
1666931980.87416,20283.95,20287.26,-1.4307098,1.46,49.39975595
1666931990.8963802,20283.95,20287.26,-1.4307098,1.46,49.39975595
1666932000.8925648,20283.95,20287.26,-1.4307098,1.46,49.39975595
1666932010.922511,20283.95,20287.26,-1.4307098,1.46,49.39975595
1666932020.9670284,20287.0,20287.0,-1.29306317,5.2,49.14168452
1666932030.9211094,20287.0,20287.0,-1.29306317,5.2,49.14168452
1666932040.9604156,20287.0,20287.0,-1.29306317,5.2,49.14168452
1666932050.9382124,20287.0,20287.0,-1.29306317,5.2,49.14168452
1666932060.9354985,20287.0,20287.0,-1.29306317,5.2,49.14168452
1666932071.2276838,20285.66,20285.66,-1.34366046,4.83,47.78889436
1666932080.906747,20285.66,20285.66,-1.34366046,4.83,47.78889436
1666932090.8982754,20285.66,20285.66,-1.34366046,4.83,47.78889436
1666932100.9454398,20285.66,20285.66,-1.34366046,4.83,47.78889436
1666932110.9481587,20285.66,20284.87,-1.40668041,4.04,46.96799598
1666932120.9334338,20285.66,20284.87,-1.40668041,4.04,46.96799598
1666932130.939772,20283.38,20283.38,-1.56836095,-3.75,45.44841614
1666932140.9464896,20283.38,20283.38,-1.56836095,-3.75,45.44841614
1666932151.0676577,20283.38,20283.38,-1.56836095,-3.75,45.44841614
1666932161.3094983,20283.38,20282.97,-1.6010675,-4.16,45.03008198
1666932171.3229206,20283.38,20282.97,-1.6010675,-4.16,45.03008198
1666932181.3766556,20283.38,20282.97,-1.6010675,-4.16,45.03008198
1666932191.351508,20283.38,20282.97,-1.6010675,-4.16,45.03008198
1666932201.3596509,20286.23,20286.23,-1.21990303,-2.99,48.72384869
1666932211.372094,20286.23,20286.23,-1.21990303,-2.99,48.72384869
1666932221.3804522,20286.23,20289.51,-0.95825061,0.29,52.39958855
1666932231.5618176,20286.23,20289.51,-0.95825061,0.29,52.39958855
1666932241.374913,20286.23,20289.51,-0.95825061,0.29,52.39958855
1666932251.3839653,20288.65,20288.65,-0.78010527,-4.8,51.50273383
1666932261.350872,20288.65,20288.65,-0.78010527,-4.8,51.50273383
1666932271.3997457,20288.65,20288.65,-0.78010527,-4.8,51.50273383
1666932281.3714707,20288.65,20284.36,-1.12232749,-9.09,46.67262725
1666932291.3643022,20288.65,20284.36,-1.12232749,-9.09,46.67262725
1666932301.4068394,20288.65,20284.36,-1.12232749,-9.09,46.67262725
1666932311.4337406,20281.32,20281.32,-1.60283019,-7.59,43.75748506
1666932321.4218738,20281.32,20281.32,-1.60283019,-7.59,43.75748506
1666932331.4246736,20281.32,20281.32,-1.60283019,-7.59,43.75748506
1666932342.194466,20281.32,20282.93,-1.47439714,-5.98,45.69211266
1666932352.2023275,20281.32,20282.93,-1.47439714,-5.98,45.69211266
1666932362.2060523,20281.32,20282.93,-1.47439714,-5.98,45.69211266
1666932372.1589558,20281.32,20282.93,-1.47439714,-5.98,45.69211266
1666932382.1800823,20283.0,20283.0,-1.58897047,2.33,45.85318276
1666932392.266545,20283.0,20283.0,-1.58897047,2.33,45.85318276
1666932402.226786,20283.0,20288.8,-1.12629241,8.13,52.21163798
1666932412.211624,20283.0,20288.8,-1.12629241,8.13,52.21163798
1666932422.2183015,20283.0,20288.8,-1.12629241,8.13,52.21163798
1666932432.2201974,20274.35,20274.35,-2.79150516,-7.7,37.80450881
1666932442.212756,20274.35,20274.35,-2.79150516,-7.7,37.80450881
1666932452.2387152,20274.35,20274.35,-2.79150516,-7.7,37.80450881
1666932462.2218418,20274.35,20274.35,-2.79150516,-7.7,37.80450881
1666932472.282483,20274.35,20262.26,-3.75594961,-19.79,30.05445936
1666932482.2331228,20274.35,20262.26,-3.75594961,-19.79,30.05445936
1666932492.2017164,20274.35,20262.26,-3.75594961,-19.79,30.05445936
1666932502.2804818,20260.78,20260.78,-5.12014298,-23.18,29.3186914
1666932512.2223828,20260.78,20260.78,-5.12014298,-23.18,29.3186914
1666932522.874059,20260.78,20261.64,-5.05153899,-22.32,30.38517724
1666932532.8915682,20260.78,20261.64,-5.05153899,-22.32,30.38517724
1666932543.0349689,20260.78,20261.64,-5.05153899,-22.32,30.38517724
1666932552.8299673,20268.19,20268.19,-5.03187653,-18.81,37.61126746
1666932562.8806765,20268.19,20268.19,-5.03187653,-18.81,37.61126746
1666932572.8734772,20268.19,20268.19,-5.03187653,-18.81,37.61126746
1666932583.184927,20268.19,20272.43,-4.69364291,-14.57,41.79053926
1666932592.896671,20268.19,20272.43,-4.69364291,-14.57,41.79053926
1666932602.8755572,20268.19,20272.43,-4.69364291,-14.57,41.79053926
1666932612.8746417,20275.37,20275.37,-4.28084728,-10.29,44.43254954
1666932622.8670988,20275.37,20275.37,-4.28084728,-10.29,44.43254954
1666932632.9259424,20275.37,20275.37,-4.28084728,-10.29,44.43254954
1666932642.9234731,20275.37,20275.71,-4.25372478,-9.95,44.675708
1666932652.8916438,20275.37,20275.71,-4.25372478,-9.95,44.675708
1666932662.911276,20275.37,20275.71,-4.25372478,-9.95,44.675708
1666932672.914013,20274.88,20274.88,-4.1929132,-9.12,44.08673516
1666932682.939854,20274.88,20274.88,-4.1929132,-9.12,44.08673516
1666932693.1424675,20274.88,20274.88,-4.1929132,-9.12,44.08673516
1666932703.5589192,20274.88,20274.33,-4.23678784,-9.67,43.67583686
1666932713.64189,20274.88,20274.33,-4.23678784,-9.67,43.67583686
1666932723.6134226,20274.88,20274.33,-4.23678784,-9.67,43.67583686
1666932733.6119735,20278.06,20278.06,-3.59607902,-8.17,46.97122573
1666932743.6007829,20278.06,20278.06,-3.59607902,-8.17,46.97122573
1666932753.6124153,20278.06,20278.06,-3.59607902,-8.17,46.97122573
1666932763.6452498,20278.06,20277.99,-3.60166306,-8.24,46.91385228
1666932773.947172,20278.06,20277.99,-3.60166306,-8.24,46.91385228
1666932783.623336,20278.06,20277.99,-3.60166306,-8.24,46.91385228
1666932793.7899344,20274.89,20274.89,-3.70171749,-13.58,44.47634375
1666932803.5860777,20274.89,20274.89,-3.70171749,-13.58,44.47634375
1666932813.645401,20274.89,20274.89,-3.70171749,-13.58,44.47634375
1666932823.6411755,20274.89,20274.18,-3.75835567,-14.29,43.92079491
1666932833.604255,20274.89,20274.18,-3.75835567,-14.29,43.92079491
1666932843.5983455,20274.89,20274.18,-3.75835567,-14.29,43.92079491
1666932853.6090252,20275.2,20275.2,-3.58459687,-6.12,44.93688367
1666932863.6713078,20275.2,20275.2,-3.58459687,-6.12,44.93688367
1666932873.612642,20275.2,20275.2,-3.58459687,-6.12,44.93688367
1666932884.783538,20275.2,20273.63,-3.70983904,-7.69,43.45678627
1666932894.8852055,20275.2,20273.63,-3.70983904,-7.69,43.45678627
1666932904.7334378,20275.2,20273.63,-3.70983904,-7.69,43.45678627
1666932914.793687,20275.2,20273.63,-3.70983904,-7.69,43.45678627
1666932924.8091402,20266.08,20266.08,-4.74073877,-16.02,38.30902561
1666932934.7743905,20266.08,20266.08,-4.74073877,-16.02,38.30902561
1666932944.8129587,20266.08,20266.08,-4.74073877,-16.02,38.30902561
1666932954.8120422,20266.08,20267.2,-4.65139404,-14.9,39.48673278
1666932965.0162663,20266.08,20267.2,-4.65139404,-14.9,39.48673278
1666932974.7679873,20266.08,20267.2,-4.65139404,-14.9,39.48673278
1666932984.7606514,20267.65,20267.65,-4.81489693,-7.35,40.0066793
1666932994.7674026,20267.65,20267.65,-4.81489693,-7.35,40.0066793
1666933004.777917,20267.65,20265.44,-4.99119323,-9.56,38.14461673
1666933014.782235,20267.65,20265.44,-4.99119323,-9.56,38.14461673
1666933024.8574266,20267.65,20265.44,-4.99119323,-9.56,38.14461673
1666933034.8275807,20262.58,20262.58,-5.54296246,1.8,36.24687246
1666933044.8130765,20262.58,20262.58,-5.54296246,1.8,36.24687246
1666933054.86579,20262.58,20262.58,-5.54296246,1.8,36.24687246
1666933065.5736642,20262.58,20260.47,-5.71128155,-0.31,34.89275938
1666933075.627874,20262.58,20260.47,-5.71128155,-0.31,34.89275938
1666933085.6437273,20262.58,20260.47,-5.71128155,-0.31,34.89275938
1666933095.664296,20258.99,20258.99,-6.28396006,-8.53,34.00178469
1666933105.8957458,20258.99,20258.99,-6.28396006,-8.53,34.00178469
1666933115.6204126,20258.99,20258.99,-6.28396006,-8.53,34.00178469
1666933125.8269591,20258.99,20256.78,-6.46025636,-10.74,32.66065676
1666933135.664335,20258.99,20256.78,-6.46025636,-10.74,32.66065676
1666933145.6993392,20258.99,20256.78,-6.46025636,-10.74,32.66065676
1666933155.6209807,20251.38,20251.38,-7.64429702,-24.49,29.78964297
1666933165.6617763,20251.38,20251.38,-7.64429702,-24.49,29.78964297
1666933175.6519198,20251.38,20251.38,-7.64429702,-24.49,29.78964297
1666933185.7406192,20251.38,20247.49,-7.95461041,-28.38,27.88783899
1666933195.7756262,20251.38,20247.49,-7.95461041,-28.38,27.88783899
1666933205.8104455,20251.38,20247.49,-7.95461041,-28.38,27.88783899
1666933215.7724462,20251.95,20251.95,-8.06677583,-22.93,30.48428196
1666933225.8269904,20251.95,20251.95,-8.06677583,-22.93,30.48428196
1666933235.824763,20251.95,20251.95,-8.06677583,-22.93,30.48428196
1666933246.4440098,20251.95,20249.15,-8.29013766,-25.73,28.96811818
1666933256.4603126,20251.95,20249.15,-8.29013766,-25.73,28.96811818
1666933266.4845755,20251.95,20249.15,-8.29013766,-25.73,28.96811818
1666933276.5112624,20247.34,20247.34,-8.94265033,-30.72,28.03535002
1666933286.6486645,20247.34,20247.34,-8.94265033,-30.72,28.03535002
1666933296.4377124,20247.34,20247.34,-8.94265033,-30.72,28.03535002
1666933306.4147742,20247.34,20249.66,-8.75757911,-28.4,30.42926232
1666933316.4415314,20247.34,20249.66,-8.75757911,-28.4,30.42926232
1666933326.441076,20247.34,20249.66,-8.75757911,-28.4,30.42926232
1666933336.4442012,20251.01,20251.01,-8.7361863,-24.41,32.43692382
1666933346.4895146,20251.01,20251.01,-8.7361863,-24.41,32.43692382
1666933356.5122392,20251.01,20251.01,-8.7361863,-24.41,32.43692382
1666933366.5013757,20251.01,20255.64,-8.36684157,-19.78,37.60711159
1666933376.482855,20251.01,20255.64,-8.36684157,-19.78,37.60711159
1666933386.5115,20251.01,20255.64,-8.36684157,-19.78,37.60711159
1666933396.5139008,20252.39,20252.39,-8.6100725,-21.98,34.05851109
1666933406.600453,20252.39,20252.39,-8.6100725,-21.98,34.05851109
1666933416.4939983,20252.39,20252.39,-8.6100725,-21.98,34.05851109
1666933427.163329,20252.39,20252.03,-8.63879045,-22.34,33.5813319
1666933437.2118385,20252.39,20252.03,-8.63879045,-22.34,33.5813319
1666933447.4555497,20252.39,20252.03,-8.63879045,-22.34,33.5813319
1666933457.1977274,20248.41,20248.41,-8.98652889,-17.15,30.79299016
1666933467.2001696,20248.41,20248.41,-8.98652889,-17.15,30.79299016
1666933477.227635,20248.41,20248.41,-8.98652889,-17.15,30.79299016
1666933487.2012093,20248.41,20253.88,-8.55017561,-11.68,37.76941425
1666933497.1939297,20248.41,20253.88,-8.55017561,-11.68,37.76941425
1666933507.192446,20248.41,20253.88,-8.55017561,-11.68,37.76941425
1666933517.2887287,20255.22,20255.22,-7.97701116,-11.67,39.29174574
1666933527.2510445,20255.22,20255.22,-7.97701116,-11.67,39.29174574
1666933537.287496,20255.22,20255.22,-7.97701116,-11.67,39.29174574
1666933547.2555654,20255.22,20261.65,-7.46407669,-5.24,46.10486184
1666933557.3949573,20255.22,20261.65,-7.46407669,-5.24,46.10486184
1666933567.24225,20255.22,20261.65,-7.46407669,-5.24,46.10486184
1666933577.2738965,20257.71,20257.71,-7.20883508,-5.56,42.17912355
1666933587.2504742,20257.71,20257.71,-7.20883508,-5.56,42.17912355
1666933597.2197292,20257.71,20257.71,-7.20883508,-5.56,42.17912355
1666933607.975056,20257.71,20256.78,-7.28302311,-6.49,41.1755918
1666933617.8492095,20257.71,20256.78,-7.28302311,-6.49,41.1755918
1666933628.1222024,20257.71,20256.78,-7.28302311,-6.49,41.1755918
1666933637.8574023,20257.42,20257.42,-6.6759027,-1.57,41.8601921
1666933647.8631473,20257.42,20257.42,-6.6759027,-1.57,41.8601921
1666933657.8554058,20257.42,20257.42,-6.6759027,-1.57,41.8601921
1666933667.8847525,20257.42,20249.67,-7.29413632,-9.32,35.81697623
1666933677.8809412,20257.42,20249.67,-7.29413632,-9.32,35.81697623
1666933687.826349,20257.42,20249.67,-7.29413632,-9.32,35.81697623
1666933698.1636243,20242.51,20242.51,-8.27687425,-8.87,31.60202012
1666933707.8718257,20242.51,20242.51,-8.27687425,-8.87,31.60202012
1666933717.8471744,20242.51,20242.51,-8.27687425,-8.87,31.60202012
1666933727.873996,20242.51,20240.07,-8.47151812,-11.31,30.29368867
1666933737.856057,20242.51,20240.07,-8.47151812,-11.31,30.29368867
1666933747.8766303,20242.51,20240.07,-8.47151812,-11.31,30.29368867
1666933757.900638,20238.73,20238.73,-9.0990988,-13.22,30.33924651
1666933768.1753857,20238.73,20238.73,-9.0990988,-13.22,30.33924651
1666933777.873007,20238.73,20238.73,-9.0990988,-13.22,30.33924651
1666933788.2635963,20238.73,20228.68,-9.9008082,-23.27,25.13772237
1666933798.4422946,20238.73,20228.68,-9.9008082,-23.27,25.13772237
1666933808.3027294,20238.73,20228.68,-9.9008082,-23.27,25.13772237
1666933818.2589808,20237.98,20237.98,-9.44813176,-10.18,29.43094484
1666933828.244373,20237.98,20237.98,-9.44813176,-10.18,29.43094484
1666933838.275577,20237.98,20237.98,-9.44813176,-10.18,29.43094484
1666933848.2834609,20237.98,20237.78,-9.46408617,-10.38,29.32037151
1666933858.32926,20237.98,20237.78,-9.46408617,-10.38,29.32037151
1666933868.3085954,20237.98,20237.78,-9.46408617,-10.38,29.32037151
1666933878.319796,20234.09,20234.09,-10.11757007,-17.49,27.41970741
1666933888.3088796,20234.09,20234.09,-10.11757007,-17.49,27.41970741
1666933898.2950373,20234.09,20234.09,-10.11757007,-17.49,27.41970741
1666933908.2771187,20234.09,20241.77,-9.5049205,-9.81,36.62751392
1666933918.3029895,20234.09,20241.77,-9.5049205,-9.81,36.62751392
1666933928.2868488,20234.09,20241.77,-9.5049205,-9.81,36.62751392
1666933938.3334527,20244.16,20244.16,-8.90384474,-7.17,39.08728531
1666933948.2989256,20244.16,20244.16,-8.90384474,-7.17,39.08728531
1666933958.5728066,20244.16,20244.16,-8.90384474,-7.17,39.08728531
1666933968.6897922,20244.16,20237.11,-9.4662379,-14.22,34.54748741
1666933978.6841347,20244.16,20237.11,-9.4662379,-14.22,34.54748741
1666933988.7512302,20244.16,20237.11,-9.4662379,-14.22,34.54748741
1666933998.7102952,20234.78,20234.78,-9.70884375,-13.78,33.30245065
1666934008.6572998,20234.78,20234.78,-9.70884375,-13.78,33.30245065
1666934018.669842,20234.78,20234.78,-9.70884375,-13.78,33.30245065
1666934028.7192192,20234.78,20223.46,-10.6118637,-25.1,28.14390705
1666934038.7316308,20234.78,20223.46,-10.6118637,-25.1,28.14390705
1666934048.7069807,20234.78,20223.46,-10.6118637,-25.1,28.14390705
1666934058.7353244,20231.18,20231.18,-10.08767959,-24.04,31.39720406
1666934068.6946273,20231.18,20231.18,-10.08767959,-24.04,31.39720406
1666934078.7322109,20231.18,20231.18,-10.08767959,-24.04,31.39720406
1666934088.7231724,20231.18,20233.71,-9.88585623,-21.51,33.11315835
1666934098.7251625,20231.18,20233.71,-9.88585623,-21.51,33.11315835
1666934108.7297263,20231.18,20233.71,-9.88585623,-21.51,33.11315835
1666934118.715572,20233.71,20233.71,-9.74960365,-23.35,33.58575123
1666934128.7833867,20233.71,20233.71,-9.74960365,-23.35,33.58575123
1666934138.765515,20233.71,20233.71,-9.74960365,-23.35,33.58575123
1666934149.4404302,20233.71,20223.33,-10.57763784,-33.73,28.41644301
1666934159.390968,20233.71,20223.33,-10.57763784,-33.73,28.41644301
1666934169.340673,20233.71,20223.33,-10.57763784,-33.73,28.41644301
1666934179.365693,20228.27,20228.27,-10.35826703,-29.23,30.66208773
1666934189.413848,20228.27,20228.27,-10.35826703,-29.23,30.66208773
1666934199.374357,20228.27,20228.27,-10.35826703,-29.23,30.66208773
1666934209.400751,20228.27,20234.69,-9.84613028,-22.81,37.56439794
1666934219.3914878,20228.27,20234.69,-9.84613028,-22.81,37.56439794
1666934229.4038234,20228.27,20234.69,-9.84613028,-22.81,37.56439794
1666934239.4092407,20243.24,20243.24,-8.26152841,0.73,44.87838554
1666934249.398033,20243.24,20243.24,-8.26152841,0.73,44.87838554
1666934259.384086,20243.24,20243.24,-8.26152841,0.73,44.87838554
1666934269.4073937,20243.24,20246.24,-8.02221217,3.73,47.21492377
1666934279.416366,20243.24,20246.24,-8.02221217,3.73,47.21492377
1666934289.4401145,20243.24,20246.24,-8.02221217,3.73,47.21492377
1666934299.4216464,20244.02,20244.02,-7.34999067,6.26,45.50555845
1666934309.6122868,20244.02,20244.02,-7.34999067,6.26,45.50555845
1666934319.409527,20244.02,20244.02,-7.34999067,6.26,45.50555845
1666934329.8983722,20244.02,20245.0,-7.27181404,7.24,46.33178411
1666934339.8928916,20244.02,20245.0,-7.27181404,7.24,46.33178411
1666934349.8941216,20244.02,20245.0,-7.27181404,7.24,46.33178411
1666934359.86465,20248.37,20248.37,-5.98526923,10.38,48.99099582
1666934369.9685714,20248.37,20248.37,-5.98526923,10.38,48.99099582
1666934379.9074976,20248.37,20248.37,-5.98526923,10.38,48.99099582
1666934390.0363712,20248.37,20247.45,-6.05865954,9.46,48.28772191
1666934400.067915,20248.37,20247.45,-6.05865954,9.46,48.28772191
1666934410.0558217,20248.37,20247.45,-6.05865954,9.46,48.28772191
1666934420.0785613,20250.49,20250.49,-4.85390296,16.4,50.67891205
1666934430.0851943,20250.49,20250.49,-4.85390296,16.4,50.67891205
1666934440.0861988,20250.49,20250.49,-4.85390296,16.4,50.67891205
1666934450.0913396,20250.49,20253.63,-4.60341863,19.54,53.10688574
1666934460.0540566,20250.49,20253.63,-4.60341863,19.54,53.10688574
1666934470.1054423,20250.49,20253.63,-4.60341863,19.54,53.10688574
1666934480.0773222,20253.59,20253.59,-3.57271523,10.14,53.07746029
1666934490.102174,20253.59,20253.59,-3.57271523,10.14,53.07746029
1666934500.3695831,20253.59,20251.62,-3.72986623,8.17,51.3678527
1666934510.7270963,20253.59,20251.62,-3.72986623,8.17,51.3678527
1666934520.7500827,20253.59,20251.62,-3.72986623,8.17,51.3678527
1666934530.7328866,20253.59,20251.62,-3.72986623,8.17,51.3678527
1666934540.745468,20252.02,20252.02,-2.94390851,16.37,51.70601182
1666934550.793397,20252.02,20252.02,-2.94390851,16.37,51.70601182
1666934560.7354617,20252.02,20256.39,-2.59530452,20.74,55.17762028
1666934570.7481675,20252.02,20256.39,-2.59530452,20.74,55.17762028
1666934580.7334251,20252.02,20256.39,-2.59530452,20.74,55.17762028
1666934590.7578251,20252.02,20256.39,-2.59530452,20.74,55.17762028
1666934600.768088,20255.79,20255.79,-1.78664406,22.69,54.73082345
1666934610.7144585,20255.79,20255.79,-1.78664406,22.69,54.73082345
1666934620.7827432,20255.79,20255.79,-1.78664406,22.69,54.73082345
1666934630.7835138,20255.79,20258.5,-1.57046173,25.4,56.82425023
1666934640.783512,20255.79,20258.5,-1.57046173,25.4,56.82425023
1666934650.767822,20255.79,20258.5,-1.57046173,25.4,56.82425023
1666934660.8873465,20266.33,20266.33,0.33684778,31.69,61.95454801
1666934670.744656,20266.33,20266.33,0.33684778,31.69,61.95454801
1666934680.7611098,20266.33,20265.4,0.26265975,30.76,61.3728344
1666934691.4541063,20266.33,20265.4,0.26265975,30.76,61.3728344
1666934701.1779363,20266.33,20265.4,0.26265975,30.76,61.3728344
1666934711.1958475,20264.29,20264.29,1.10833889,36.01,60.27621393
1666934721.1560898,20264.29,20264.29,1.10833889,36.01,60.27621393
1666934731.1588178,20264.29,20264.29,1.10833889,36.01,60.27621393
1666934741.1950023,20264.29,20266.18,1.25910812,37.9,61.54054069
1666934751.1985664,20264.29,20266.18,1.25910812,37.9,61.54054069
1666934761.2053585,20264.29,20266.18,1.25910812,37.9,61.54054069
1666934771.1589592,20263.57,20263.57,1.70123465,20.33,59.42263313
1666934781.222105,20263.57,20263.57,1.70123465,20.33,59.42263313
1666934791.2144394,20263.57,20263.57,1.70123465,20.33,59.42263313
1666934801.206686,20263.57,20259.27,1.35821471,16.03,55.17096887
1666934811.186408,20263.57,20259.27,1.35821471,16.03,55.17096887
1666934821.2337904,20263.57,20259.27,1.35821471,16.03,55.17096887
1666934831.2374184,20264.18,20264.18,2.30259739,20.16,59.86913984
1666934841.2464614,20264.18,20264.18,2.30259739,20.16,59.86913984
1666934851.4976194,20264.18,20264.18,2.30259739,20.16,59.86913984
1666934861.222924,20264.18,20264.42,2.32174269,20.4,60.05537794
1666934871.85842,20264.18,20264.42,2.32174269,20.4,60.05537794
1666934881.8826883,20264.18,20264.42,2.32174269,20.4,60.05537794
1666934891.8746324,20254.45,20254.45,1.3339284,6.07,50.35159283
1666934901.8904114,20254.45,20254.45,1.3339284,6.07,50.35159283
1666934911.8814862,20254.45,20254.45,1.3339284,6.07,50.35159283
1666934921.8555927,20254.45,20254.44,1.33313068,6.06,50.34273494
1666934931.9313598,20254.45,20254.44,1.33313068,6.06,50.34273494
1666934942.073953,20254.45,20254.44,1.33313068,6.06,50.34273494
1666934951.86631,20258.69,20258.69,1.71063208,8.74,53.85187226
1666934961.8715556,20258.69,20258.69,1.71063208,8.74,53.85187226
1666934971.8675675,20258.69,20258.69,1.71063208,8.74,53.85187226
1666934981.9094057,20258.69,20253.6,1.30459219,3.65,49.40356671
1666934991.901224,20258.69,20253.6,1.30459219,3.65,49.40356671
1666935001.9383097,20258.69,20253.6,1.30459219,3.65,49.40356671
1666935012.1774473,20256.23,20256.23,1.38483306,2.64,51.6721729
1666935021.9076843,20256.23,20256.23,1.38483306,2.64,51.6721729
1666935031.903134,20256.23,20256.23,1.38483306,2.64,51.6721729
1666935041.933161,20256.23,20248.61,0.77696981,-4.98,45.24413999
1666935052.3551626,20256.23,20248.61,0.77696981,-4.98,45.24413999
1666935062.344715,20256.23,20248.61,0.77696981,-4.98,45.24413999
1666935072.3727708,20264.1,20264.1,2.426942,12.08,57.74656491
1666935082.3525496,20264.1,20264.1,2.426942,12.08,57.74656491
1666935092.545522,20264.1,20264.1,2.426942,12.08,57.74656491
1666935102.3486257,20264.1,20267.03,2.6606742,15.01,59.77374673
1666935112.7253516,20264.1,20267.03,2.6606742,15.01,59.77374673
1666935122.3920927,20264.1,20267.03,2.6606742,15.01,59.77374673
1666935132.393554,20269.86,20269.86,3.5381286,14.07,61.55524966
1666935142.427745,20269.86,20269.86,3.5381286,14.07,61.55524966
1666935152.422341,20269.86,20269.86,3.5381286,14.07,61.55524966
1666935162.3914163,20269.86,20270.19,3.56445338,14.4,61.76787624
1666935172.447328,20269.86,20270.19,3.56445338,14.4,61.76787624
1666935182.4193554,20269.86,20270.19,3.56445338,14.4,61.76787624
1666935192.4205344,20272.49,20272.49,4.3801821,7.1,63.18692247
1666935202.64769,20272.49,20272.49,4.3801821,7.1,63.18692247
1666935212.4281433,20272.49,20272.49,4.3801821,7.1,63.18692247
1666935222.386071,20272.49,20272.49,4.3801821,7.1,63.18692247
1666935232.7308352,20272.49,20271.15,4.27328751,5.76,61.74892162
1666935242.8081782,20272.49,20271.15,4.27328751,5.76,61.74892162
1666935252.7983634,20272.49,20271.15,4.27328751,5.76,61.74892162
1666935262.790028,20265.66,20265.66,3.86011455,1.37,56.4825247
1666935272.7904923,20265.66,20265.66,3.86011455,1.37,56.4825247
1666935282.7889175,20265.66,20262.82,3.63356184,-1.47,53.92058173
1666935292.7967474,20265.66,20262.82,3.63356184,-1.47,53.92058173
1666935302.7533803,20265.66,20262.82,3.63356184,-1.47,53.92058173
1666935312.7655776,20257.54,20257.54,2.68767244,-5.63,49.72719513
1666935322.762472,20257.54,20257.54,2.68767244,-5.63,49.72719513
1666935332.8028724,20257.54,20257.54,2.68767244,-5.63,49.72719513
1666935342.7839634,20257.54,20260.34,2.91103426,-2.83,51.86505675
1666935352.7565172,20257.54,20260.34,2.91103426,-2.83,51.86505675
1666935362.8596375,20257.54,20260.34,2.91103426,-2.83,51.86505675
1666935372.807363,20255.15,20255.15,1.91857359,-9.03,47.90129904
1666935382.8182266,20255.15,20255.15,1.91857359,-9.03,47.90129904
1666935392.9839902,20255.15,20255.15,1.91857359,-9.03,47.90129904
1666935402.8022113,20255.15,20244.77,1.09053941,-19.41,40.91318822
1666935413.5658288,20255.15,20244.77,1.09053941,-19.41,40.91318822
1666935423.507715,20255.15,20244.77,1.09053941,-19.41,40.91318822
1666935433.53081,20241.35,20241.35,-0.5653389,-13.1,39.30588521
1666935443.5278544,20241.35,20241.35,-0.5653389,-13.1,39.30588521
1666935453.4808602,20241.35,20241.35,-0.5653389,-13.1,39.30588521
1666935463.644739,20241.35,20241.33,-0.56693434,-13.12,39.28871818
1666935473.5170903,20241.35,20241.33,-0.56693434,-13.12,39.28871818
1666935483.5038154,20241.35,20241.33,-0.56693434,-13.12,39.28871818
1666935493.5293686,20238.74,20238.74,-1.96332007,-19.03,37.64770757
1666935503.5127535,20238.74,20238.74,-1.96332007,-19.03,37.64770757
1666935513.5489175,20238.74,20238.74,-1.96332007,-19.03,37.64770757
1666935523.8183284,20238.74,20245.17,-1.4503856,-12.6,43.1322078
1666935533.5453403,20238.74,20245.17,-1.4503856,-12.6,43.1322078
1666935543.5510328,20238.74,20245.17,-1.4503856,-12.6,43.1322078
1666935553.5258367,20242.24,20242.24,-2.340152,-13.24,40.8908779
1666935563.5601788,20242.24,20242.24,-2.340152,-13.24,40.8908779
1666935573.517524,20242.24,20242.24,-2.340152,-13.24,40.8908779
1666935583.5365994,20242.24,20241.12,-2.42949673,-14.36,40.21214056
1666935593.929884,20242.24,20241.12,-2.42949673,-14.36,40.21214056
1666935603.9819555,20242.24,20241.12,-2.42949673,-14.36,40.21214056
1666935613.978238,20240.35,20240.35,-3.13339531,-23.75,39.7584317
1666935623.9391496,20240.35,20240.35,-3.13339531,-23.75,39.7584317
1666935634.0104022,20240.35,20240.35,-3.13339531,-23.75,39.7584317
1666935643.9819653,20240.35,20239.55,-3.19721297,-24.55,39.26277047
1666935654.1355057,20240.35,20239.55,-3.19721297,-24.55,39.26277047
1666935663.9980628,20240.35,20239.55,-3.19721297,-24.55,39.26277047
1666935673.9985602,20243.22,20243.22,-3.19533964,-26.64,42.36852283
1666935684.211346,20243.22,20243.22,-3.19533964,-26.64,42.36852283
1666935693.974759,20243.22,20243.22,-3.19533964,-26.64,42.36852283
1666935703.987667,20243.22,20240.23,-3.43385816,-29.63,40.40442849
1666935714.0155764,20243.22,20240.23,-3.43385816,-29.63,40.40442849
1666935723.990204,20243.22,20240.23,-3.43385816,-29.63,40.40442849
1666935734.0380225,20237.93,20237.93,-4.1346385,-34.56,39.01323471
1666935743.9941068,20237.93,20237.93,-4.1346385,-34.56,39.01323471
1666935754.015,20237.93,20237.93,-4.1346385,-34.56,39.01323471
1666935764.006377,20237.93,20238.43,-4.09475246,-34.06,39.50091401
1666935774.70816,20237.93,20238.43,-4.09475246,-34.06,39.50091401
1666935784.712857,20237.93,20238.43,-4.09475246,-34.06,39.50091401
1666935794.7177918,20241.23,20241.23,-4.0263195,-24.43,42.09396229
1666935804.7083817,20241.23,20241.23,-4.0263195,-24.43,42.09396229
1666935814.7258034,20241.23,20241.23,-4.0263195,-24.43,42.09396229
1666935824.7367835,20241.23,20244.91,-3.73275825,-20.75,45.40589864
1666935834.745606,20241.23,20244.91,-3.73275825,-20.75,45.40589864
1666935844.9113238,20241.23,20244.91,-3.73275825,-20.75,45.40589864
1666935854.7987075,20237.0,20237.0,-4.69978186,-20.54,39.35002713
1666935864.762856,20237.0,20237.0,-4.69978186,-20.54,39.35002713
1666935874.7524865,20237.0,20237.0,-4.69978186,-20.54,39.35002713
1666935884.7691257,20237.0,20234.92,-4.86570778,-22.62,38.03701682
1666935894.7681427,20237.0,20234.92,-4.86570778,-22.62,38.03701682
1666935904.7897315,20237.0,20234.92,-4.86570778,-22.62,38.03701682
1666935914.8035405,20239.48,20239.48,-4.55891271,-15.84,41.7475578
1666935924.7794278,20239.48,20239.48,-4.55891271,-15.84,41.7475578
1666935934.8129103,20239.48,20239.48,-4.55891271,-15.84,41.7475578
1666935944.7831311,20239.48,20239.48,-4.55891271,-15.84,41.7475578
1666935955.3774617,20239.48,20238.08,-4.67059362,-17.24,40.7678151
1666935965.3823931,20239.48,20238.08,-4.67059362,-17.24,40.7678151
1666935975.394276,20242.97,20242.97,-4.03421512,2.39,45.08039128
1666935985.378954,20242.97,20242.97,-4.03421512,2.39,45.08039128
1666935995.3500364,20242.97,20242.97,-4.03421512,2.39,45.08039128
1666936005.4058976,20242.97,20241.3,-4.16743449,0.72,43.82054746
1666936015.3723142,20242.97,20241.3,-4.16743449,0.72,43.82054746
1666936025.413994,20242.97,20241.3,-4.16743449,0.72,43.82054746
1666936035.5277474,20241.61,20241.61,-4.03038144,2.87,44.12999517
1666936045.4114368,20241.61,20241.61,-4.03038144,2.87,44.12999517
1666936055.4028869,20241.61,20241.61,-4.03038144,2.87,44.12999517
1666936065.410369,20241.61,20249.26,-3.42012503,10.52,50.86830559
1666936075.4141762,20241.61,20249.26,-3.42012503,10.52,50.86830559
1666936085.513564,20241.61,20249.26,-3.42012503,10.52,50.86830559
1666936095.4236016,20249.72,20249.72,-2.77867325,6.86,51.26723162
1666936105.4041584,20249.72,20249.72,-2.77867325,6.86,51.26723162
1666936115.4287145,20249.72,20249.72,-2.77867325,6.86,51.26723162
1666936125.4435947,20249.72,20253.79,-2.45400088,10.93,54.39316176
1666936135.7859118,20249.72,20253.79,-2.45400088,10.93,54.39316176
1666936145.8095672,20249.72,20253.79,-2.45400088,10.93,54.39316176
1666936155.8480012,20249.72,20253.79,-2.45400088,10.93,54.39316176
1666936165.876953,20250.09,20250.09,-2.17276655,9.74,51.56900436
1666936175.8624263,20250.09,20250.09,-2.17276655,9.74,51.56900436
1666936185.7925527,20250.09,20252.67,-1.96695458,12.32,53.72101978
1666936195.8456776,20250.09,20252.67,-1.96695458,12.32,53.72101978
1666936205.826657,20250.09,20252.67,-1.96695458,12.32,53.72101978
1666936215.9836094,20255.02,20255.02,-0.9995002,11.8,55.52122874
1666936226.3405087,20255.02,20255.02,-0.9995002,11.8,55.52122874
1666936235.826918,20255.02,20255.02,-0.9995002,11.8,55.52122874
1666936245.886035,20255.02,20253.34,-1.13351729,10.12,53.90683641
1666936255.869058,20255.02,20253.34,-1.13351729,10.12,53.90683641
1666936265.884331,20255.02,20253.34,-1.13351729,10.12,53.90683641
1666936275.863036,20268.6,20268.6,1.542696,30.67,64.19004029
1666936285.8782957,20268.6,20268.6,1.542696,30.67,64.19004029
1666936295.8554387,20268.6,20268.6,1.542696,30.67,64.19004029
1666936305.8868773,20268.6,20263.76,1.15659913,25.83,59.72243724
1666936316.426636,20268.6,20263.76,1.15659913,25.83,59.72243724
1666936326.394906,20268.6,20263.76,1.15659913,25.83,59.72243724
1666936336.4516354,20269.47,20269.47,2.79110682,28.24,64.6651719
1666936346.435006,20269.47,20269.47,2.79110682,28.24,64.6651719
1666936356.4605212,20269.47,20269.47,2.79110682,28.24,64.6651719
1666936366.4228194,20269.47,20274.45,3.18837178,33.22,67.33672948
1666936376.428011,20269.47,20274.45,3.18837178,33.22,67.33672948
1666936386.7227674,20269.47,20274.45,3.18837178,33.22,67.33672948
1666936396.4606512,20280.24,20280.24,5.20549843,43.24,69.97597442
1666936406.4659731,20280.24,20280.24,5.20549843,43.24,69.97597442
1666936416.447986,20280.24,20280.24,5.20549843,43.24,69.97597442
1666936426.4731476,20280.24,20280.92,5.25974345,43.92,70.27970477
1666936436.4550753,20280.24,20280.92,5.25974345,43.92,70.27970477
1666936446.4624586,20280.24,20280.92,5.25974345,43.92,70.27970477
1666936456.435748,20284.32,20284.32,6.94143329,44.84,71.71061619
1666936466.486617,20284.32,20284.32,6.94143329,44.84,71.71061619
1666936476.4500816,20284.32,20284.32,6.94143329,44.84,71.71061619
1666936486.4771197,20284.32,20285.76,7.05630509,46.28,72.31849581
1666936496.9182563,20284.32,20285.76,7.05630509,46.28,72.31849581
1666936506.9391086,20284.32,20285.76,7.05630509,46.28,72.31849581
1666936517.0556238,20286.9,20286.9,8.33210886,43.54,72.78151647
1666936526.991938,20286.9,20286.9,8.33210886,43.54,72.78151647
1666936536.977023,20286.9,20286.9,8.33210886,43.54,72.78151647
1666936546.9565656,20286.9,20290.41,8.61210886,47.05,74.21178917
1666936556.9409184,20286.9,20290.41,8.61210886,47.05,74.21178917
1666936566.975139,20286.9,20290.41,8.61210886,47.05,74.21178917
1666936577.1738665,20283.22,20283.22,8.64525402,41.91,68.78195084
1666936586.9553688,20283.22,20283.22,8.64525402,41.91,68.78195084
1666936596.986035,20283.22,20283.22,8.64525402,41.91,68.78195084
1666936607.1814418,20283.22,20285.11,8.79602325,43.8,69.70280904
1666936616.9858975,20283.22,20285.11,8.79602325,43.8,69.70280904
1666936626.974726,20283.22,20285.11,8.79602325,43.8,69.70280904
1666936636.9798071,20285.02,20285.02,9.27652488,36.07,69.66019227
1666936646.9671566,20285.02,20285.02,9.27652488,36.07,69.66019227
1666936657.0612638,20285.02,20285.02,9.27652488,36.07,69.66019227
1666936666.99255,20285.02,20290.52,9.71527132,41.57,72.23085736
1666936677.6107392,20285.02,20290.52,9.71527132,41.57,72.23085736
1666936687.5745966,20285.02,20290.52,9.71527132,41.57,72.23085736
1666936697.5496187,20291.04,20291.04,10.40389802,40.95,72.45154126
1666936707.5761664,20291.04,20291.04,10.40389802,40.95,72.45154126
1666936717.6045368,20291.04,20291.04,10.40389802,40.95,72.45154126
1666936727.5892737,20291.04,20284.38,9.87261597,34.29,65.29439879
1666936737.855162,20291.04,20284.38,9.87261597,34.29,65.29439879
1666936747.603758,20291.04,20284.38,9.87261597,34.29,65.29439879
1666936757.6024358,20289.89,20289.89,10.62979083,34.87,71.10570631
1666936767.6108418,20289.89,20289.89,10.62979083,34.87,71.10570631
1666936777.624032,20289.89,20289.89,10.62979083,34.87,71.10570631
1666936787.6248727,20289.89,20287.66,10.45189909,32.64,68.45041624
1666936797.851316,20289.89,20287.66,10.45189909,32.64,68.45041624
1666936807.648009,20289.89,20287.66,10.45189909,32.64,68.45041624
1666936817.6986575,20287.01,20287.01,10.3503856,18.41,67.71337722
1666936827.678584,20287.01,20287.01,10.3503856,18.41,67.71337722
1666936837.634642,20287.01,20287.01,10.3503856,18.41,67.71337722
1666936847.6808548,20287.01,20295.74,11.04679586,27.14,72.06411055
1666936858.04133,20287.01,20295.74,11.04679586,27.14,72.06411055
1666936868.035893,20287.01,20295.74,11.04679586,27.14,72.06411055
1666936878.0262926,20298.39,20298.39,11.80222892,28.92,73.16191018
1666936887.999007,20298.39,20298.39,11.80222892,28.92,73.16191018
1666936898.0023673,20298.39,20298.39,11.80222892,28.92,73.16191018
1666936908.2295785,20298.39,20302.91,12.16279873,33.44,74.96875273
1666936918.060383,20298.39,20302.91,12.16279873,33.44,74.96875273
1666936928.3081903,20298.39,20302.91,12.16279873,33.44,74.96875273
1666936938.089139,20303.08,20303.08,12.81485551,22.84,74.27417571
1666936948.071694,20303.08,20303.08,12.81485551,22.84,74.27417571
1666936958.052746,20303.08,20303.08,12.81485551,22.84,74.27417571
1666936968.090382,20303.08,20304.08,12.89462758,23.84,75.39915639
1666936978.0197988,20303.08,20304.08,12.89462758,23.84,75.39915639
1666936988.3111129,20303.08,20304.08,12.89462758,23.84,75.39915639
1666936998.064673,20301.0,20301.0,12.76084818,16.68,71.39700891
1666937008.0721335,20301.0,20301.0,12.76084818,16.68,71.39700891
1666937018.077449,20301.0,20301.0,12.76084818,16.68,71.39700891
1666937028.0612376,20301.0,20293.3,12.14660317,8.98,64.01835475
1666937038.579811,20301.0,20293.3,12.14660317,8.98,64.01835475
1666937048.5716393,20301.0,20293.3,12.14660317,8.98,64.01835475
1666937058.5825646,20295.3,20295.3,11.95359428,8.4,65.92120884
1666937068.5680118,20295.3,20295.3,11.95359428,8.4,65.92120884
1666937078.605838,20295.3,20295.3,11.95359428,8.4,65.92120884
1666937088.7856414,20295.3,20294.92,11.92328089,8.02,65.5227063
1666937098.6039298,20295.3,20294.92,11.92328089,8.02,65.5227063
1666937108.600956,20295.3,20294.92,11.92328089,8.02,65.5227063
1666937118.5495694,20291.98,20291.98,11.07183074,8.76,62.59511721
1666937128.562322,20291.98,20291.98,11.07183074,8.76,62.59511721
1666937138.5781498,20291.98,20291.98,11.07183074,8.76,62.59511721
1666937148.5972488,20291.98,20286.22,10.61234357,3.0,57.20257324
1666937158.5935109,20291.98,20286.22,10.61234357,3.0,57.20257324
1666937168.6099176,20291.98,20286.22,10.61234357,3.0,57.20257324
1666937178.5613155,20285.15,20285.15,9.49680818,0.13,56.30155226
1666937188.6463478,20285.15,20285.15,9.49680818,0.13,56.30155226
1666937198.743265,20285.15,20285.15,9.49680818,0.13,56.30155226
1666937208.885393,20285.15,20287.94,9.71937228,2.92,58.15249921
1666937219.4384212,20285.15,20287.94,9.71937228,2.92,58.15249921
1666937229.4789035,20285.15,20287.94,9.71937228,2.92,58.15249921
1666937239.5226395,20284.64,20284.64,8.50936707,-6.4,55.84999425
1666937249.6425664,20284.64,20284.64,8.50936707,-6.4,55.84999425
1666937259.483488,20284.64,20284.64,8.50936707,-6.4,55.84999425
1666937269.4477384,20284.64,20282.23,8.31711635,-8.81,53.6598429
1666937279.7671428,20284.64,20282.23,8.31711635,-8.81,53.6598429
1666937289.5175722,20284.64,20282.23,8.31711635,-8.81,53.6598429
1666937299.485916,20275.63,20275.63,6.44314955,-14.26,48.41494416
1666937309.48893,20275.63,20275.63,6.44314955,-14.26,48.41494416
1666937319.4921348,20275.63,20275.63,6.44314955,-14.26,48.41494416
1666937329.4995804,20275.63,20278.34,6.65933188,-11.55,50.54682091
1666937339.5000055,20275.63,20278.34,6.65933188,-11.55,50.54682091
1666937349.4807906,20275.63,20278.34,6.65933188,-11.55,50.54682091
1666937359.494,20276.2,20276.2,5.395139,-10.81,48.83109103
1666937369.4954736,20276.2,20276.2,5.395139,-10.81,48.83109103
1666937379.5430846,20276.2,20276.2,5.395139,-10.81,48.83109103
1666937389.527634,20276.2,20272.74,5.1191276,-14.27,46.14124361
1666937400.267576,20276.2,20272.74,5.1191276,-14.27,46.14124361
1666937410.4109807,20275.33,20275.33,4.33785737,-23.06,48.09371006
1666937420.280176,20275.33,20275.33,4.33785737,-23.06,48.09371006
1666937430.2539914,20275.33,20275.33,4.33785737,-23.06,48.09371006
1666937440.453813,20275.33,20271.29,4.01557817,-27.1,44.85528554
1666937450.2459614,20275.33,20271.29,4.01557817,-27.1,44.85528554
1666937460.255043,20275.33,20271.29,4.01557817,-27.1,44.85528554
1666937470.3126042,20275.33,20271.29,4.01557817,-27.1,44.85528554
1666937480.2317564,20273.34,20273.34,3.25667929,-30.68,46.38608042
1666937490.257416,20273.34,20273.34,3.25667929,-30.68,46.38608042
1666937500.2462468,20273.34,20273.34,3.25667929,-30.68,46.38608042
1666937510.2651474,20273.34,20270.57,3.03571063,-33.45,44.11770194
1666937520.27218,20273.34,20270.57,3.03571063,-33.45,44.11770194
1666937530.2909534,20273.34,20270.57,3.03571063,-33.45,44.11770194
1666937540.295314,20280.21,20280.21,3.45672595,-19.89,52.41410645
1666937550.2469094,20280.21,20280.21,3.45672595,-19.89,52.41410645
1666937560.2595758,20280.21,20280.21,3.45672595,-19.89,52.41410645
1666937570.323236,20280.21,20271.74,2.78105643,-28.36,45.54313555
1666937580.6364098,20280.21,20271.74,2.78105643,-28.36,45.54313555
1666937590.6528213,20280.21,20271.74,2.78105643,-28.36,45.54313555
1666937600.8174937,20269.12,20269.12,1.53073363,-26.18,43.76834178
1666937610.5962424,20269.12,20269.12,1.53073363,-26.18,43.76834178
1666937620.6574802,20269.12,20269.12,1.53073363,-26.18,43.76834178
1666937630.608344,20269.12,20263.56,1.08720086,-31.74,40.18909699
1666937640.628864,20269.12,20263.56,1.08720086,-31.74,40.18909699
1666937650.6173954,20269.12,20263.56,1.08720086,-31.74,40.18909699
1666937660.6404777,20261.6,20261.6,-0.32126042,-30.38,39.03208928
1666937670.660474,20261.6,20261.6,-0.32126042,-30.38,39.03208928
1666937680.6109333,20261.6,20261.6,-0.32126042,-30.38,39.03208928
1666937690.6834133,20261.6,20271.65,0.48044898,-20.33,47.14097398
1666937700.623204,20261.6,20271.65,0.48044898,-20.33,47.14097398
1666937710.6147428,20266.53,20266.53,-0.6466782,-18.62,43.18974969
1666937720.6761043,20266.53,20266.53,-0.6466782,-18.62,43.18974969
1666937730.6453063,20266.53,20266.53,-0.6466782,-18.62,43.18974969
1666937740.635034,20266.53,20261.8,-1.02400014,-23.35,40.20013063
1666937750.659882,20266.53,20261.8,-1.02400014,-23.35,40.20013063
1666937761.7881117,20266.53,20261.8,-1.02400014,-23.35,40.20013063
1666937771.5103996,20261.54,20261.54,-1.90778692,-23.1,40.04775149
1666937781.5129316,20261.54,20261.54,-1.90778692,-23.1,40.04775149
1666937791.502124,20261.54,20261.54,-1.90778692,-23.1,40.04775149
1666937801.5169106,20261.54,20276.61,-0.70562167,-8.03,51.51864791
1666937811.522243,20261.54,20276.61,-0.70562167,-8.03,51.51864791
1666937821.5221877,20261.54,20276.61,-0.70562167,-8.03,51.51864791
1666937831.4801106,20276.62,20276.62,-0.37319601,0.24,51.44398732
1666937841.5068672,20276.62,20276.62,-0.37319601,0.24,51.44398732
1666937851.5467184,20276.62,20276.62,-0.37319601,0.24,51.44398732
1666937861.512236,20276.62,20276.62,-0.37319601,0.24,51.44398732
1666937871.54154,20276.62,20276.55,-0.37878006,0.17,51.3959792
1666937881.5349834,20276.62,20276.55,-0.37878006,0.17,51.3959792
1666937891.5188372,20263.35,20263.35,-2.04312536,-13.62,43.7049168
1666937901.5343792,20263.35,20263.35,-2.04312536,-13.62,43.7049168
1666937911.519513,20263.35,20263.35,-2.04312536,-13.62,43.7049168
1666937921.8302104,20263.35,20270.04,-1.50945015,-6.93,47.9556844
1666937931.53602,20263.35,20270.04,-1.50945015,-6.93,47.9556844
1666937941.911521,20263.35,20270.04,-1.50945015,-6.93,47.9556844
1666937951.915322,20263.35,20270.04,-1.50945015,-6.93,47.9556844
1666937961.997568,20270.82,20270.82,-1.44407683,-5.03,48.41075659
1666937971.969105,20270.82,20270.82,-1.44407683,-5.03,48.41075659
1666937981.9607866,20270.82,20271.44,-1.39461815,-4.41,48.7932817
1666937991.9480927,20270.82,20271.44,-1.39461815,-4.41,48.7932817
1666938001.9369266,20270.82,20271.44,-1.39461815,-4.41,48.7932817
1666938011.9300957,20270.82,20271.44,-1.39461815,-4.41,48.7932817
1666938022.1768773,20275.3,20275.3,-0.7499477,1.05,51.00802695
1666938032.110696,20275.3,20275.3,-0.7499477,1.05,51.00802695
1666938041.9761512,20275.3,20275.54,-0.73080241,1.29,51.15684535
1666938052.012599,20275.3,20275.54,-0.73080241,1.29,51.15684535
1666938061.9852967,20275.3,20275.54,-0.73080241,1.29,51.15684535
1666938072.000697,20276.84,20276.84,-0.34607809,-4.11,51.96879295
1666938082.2112072,20276.84,20276.84,-0.34607809,-4.11,51.96879295
1666938091.997973,20276.84,20276.84,-0.34607809,-4.11,51.96879295
1666938102.011346,20276.84,20279.48,-0.1354798,-1.47,53.56370421
1666938111.9849606,20276.84,20279.48,-0.1354798,-1.47,53.56370421
1666938122.764744,20276.84,20279.48,-0.1354798,-1.47,53.56370421
1666938132.7841282,20276.84,20279.48,-0.1354798,-1.47,53.56370421
1666938142.744602,20281.61,20281.61,0.59796237,12.49,54.77531803
1666938152.758067,20281.61,20281.61,0.59796237,12.49,54.77531803
1666938162.7291446,20281.61,20274.29,0.01403075,5.17,49.95169822
1666938172.7604938,20281.61,20274.29,0.01403075,5.17,49.95169822
1666938182.779348,20281.61,20274.29,0.01403075,5.17,49.95169822
1666938192.738953,20273.62,20273.62,-0.03523763,11.3,49.50684351
1666938202.7498796,20273.62,20273.62,-0.03523763,11.3,49.50684351
1666938212.802905,20273.62,20273.62,-0.03523763,11.3,49.50684351
1666938222.8210888,20273.62,20273.62,-0.03523763,11.3,49.50684351
1666938232.7967372,20273.62,20272.58,-0.1182006,10.26,48.85444321
1666938243.0218155,20273.62,20272.58,-0.1182006,10.26,48.85444321
1666938252.802606,20271.15,20271.15,-0.44322683,4.62,47.98496875
1666938262.804424,20271.15,20271.15,-0.44322683,4.62,47.98496875
1666938272.753204,20271.15,20271.15,-0.44322683,4.62,47.98496875
1666938282.792705,20271.15,20271.46,-0.41849748,4.93,48.20019302
1666938292.7627175,20271.15,20271.46,-0.41849748,4.93,48.20019302
1666938303.1414075,20271.15,20271.46,-0.41849748,4.93,48.20019302
1666938313.1795442,20271.16,20271.16,-0.60203809,9.62,47.99193938
1666938323.1738722,20271.16,20271.16,-0.60203809,9.62,47.99193938
1666938333.488737,20271.16,20271.16,-0.60203809,9.62,47.99193938
1666938343.186275,20271.16,20269.64,-0.72329166,8.1,46.96175307
1666938353.1400387,20271.16,20269.64,-0.72329166,8.1,46.96175307
1666938363.15646,20271.16,20269.64,-0.72329166,8.1,46.96175307
1666938373.2067213,20269.97,20269.97,-0.94387977,-7.58,47.30229597
1666938383.1875489,20269.97,20269.97,-0.94387977,-7.58,47.30229597
1666938393.173377,20269.97,20269.97,-0.94387977,-7.58,47.30229597
1666938403.2133713,20269.97,20275.56,-0.49795384,-1.99,51.35030273
1666938413.458323,20269.97,20275.56,-0.49795384,-1.99,51.35030273
1666938423.196178,20269.97,20275.56,-0.49795384,-1.99,51.35030273
1666938433.5153506,20270.8,20270.8,-0.95299317,7.45,47.94540769
1666938443.571189,20270.8,20270.8,-0.95299317,7.45,47.94540769
1666938453.223774,20270.8,20270.8,-0.95299317,7.45,47.94540769
1666938463.1795788,20270.8,20272.3,-0.83333505,8.95,49.15310205
1666938473.369741,20270.8,20272.3,-0.83333505,8.95,49.15310205
1666938483.9724834,20270.8,20272.3,-0.83333505,8.95,49.15310205
1666938494.010981,20270.8,20272.3,-0.83333505,8.95,49.15310205
1666938504.0859957,20272.0,20272.0,-0.87031453,1.2,48.95450695
1666938513.9676435,20272.0,20272.0,-0.87031453,1.2,48.95450695
1666938523.9785085,20272.0,20271.45,-0.91418917,0.65,48.48068285
1666938534.0184295,20272.0,20271.45,-0.91418917,0.65,48.48068285
1666938544.016013,20272.0,20271.45,-0.91418917,0.65,48.48068285
1666938554.005957,20276.47,20276.47,-0.14700224,0.51,52.3881658
1666938563.961742,20276.47,20276.47,-0.14700224,0.51,52.3881658
1666938574.0278563,20276.47,20276.47,-0.14700224,0.51,52.3881658
1666938584.0183694,20276.47,20276.47,-0.14700224,0.51,52.3881658
1666938594.0443356,20276.47,20282.9,0.36593224,6.94,57.08463818
1666938604.0065715,20276.47,20282.9,0.36593224,6.94,57.08463818
1666938614.0229776,20276.47,20282.9,0.36593224,6.94,57.08463818
1666938624.2293766,20282.75,20282.75,0.97662979,6.64,56.98695588
1666938634.057148,20282.75,20282.75,0.97662979,6.64,56.98695588
1666938644.0078828,20282.75,20277.12,0.52751299,1.01,52.18568428
1666938654.033862,20282.75,20277.12,0.52751299,1.01,52.18568428
1666938664.54936,20282.75,20277.12,0.52751299,1.01,52.18568428
1666938674.5146697,20282.28,20282.28,1.38690141,0.67,56.55259879
1666938684.6332462,20282.28,20282.28,1.38690141,0.67,56.55259879
1666938694.5863948,20282.28,20282.28,1.38690141,0.67,56.55259879
1666938704.567066,20282.28,20280.52,1.24650255,-1.09,54.86614139
1666938714.5745916,20282.28,20280.52,1.24650255,-1.09,54.86614139
1666938724.585178,20282.28,20280.52,1.24650255,-1.09,54.86614139
1666938734.52633,20279.37,20279.37,1.25757631,4.75,53.76082017
1666938744.5540657,20279.37,20279.37,1.25757631,4.75,53.76082017
1666938754.560153,20279.37,20279.37,1.25757631,4.75,53.76082017
1666938764.5661504,20279.37,20279.37,1.25757631,4.75,53.76082017
1666938774.5537665,20279.37,20272.36,0.69837403,-2.26,47.86464888
1666938784.5563445,20279.37,20272.36,0.69837403,-2.26,47.86464888
1666938794.5501888,20283.16,20283.16,1.9133088,12.01,56.61874288
1666938804.5753062,20283.16,20283.16,1.9133088,12.01,56.61874288
1666938814.8176527,20283.16,20283.16,1.9133088,12.01,56.61874288
1666938824.594056,20283.16,20284.86,2.04892133,13.71,57.87639432
1666938834.5642729,20283.16,20284.86,2.04892133,13.71,57.87639432
1666938844.9323456,20283.16,20284.86,2.04892133,13.71,57.87639432
1666938854.926308,20282.71,20282.71,2.10476903,11.55,56.17478704
1666938865.0006735,20282.71,20282.71,2.10476903,11.55,56.17478704
1666938874.9694304,20282.71,20282.71,2.10476903,11.55,56.17478704
1666938884.9790604,20282.71,20282.11,2.05690578,10.95,55.54935233
1666938894.9454403,20282.71,20282.11,2.05690578,10.95,55.54935233
1666938904.9589162,20282.71,20282.11,2.05690578,10.95,55.54935233
1666938915.0014648,20282.43,20282.43,2.24335105,13.36,55.82598496
1666938924.9530432,20282.43,20282.43,2.24335105,13.36,55.82598496
1666938934.9665053,20282.43,20282.43,2.24335105,13.36,55.82598496
1666938944.9622197,20282.43,20284.93,2.44278125,15.86,58.05012791
1666938954.9414957,20282.43,20284.93,2.44278125,15.86,58.05012791
1666938964.9610937,20282.43,20284.93,2.44278125,15.86,58.05012791
1666938975.075425,20287.64,20287.64,2.98330839,16.84,60.20607039
1666938985.149878,20287.64,20287.64,2.98330839,16.84,60.20607039
1666938995.019841,20287.64,20287.64,2.98330839,16.84,60.20607039
1666939005.1833022,20287.64,20281.23,2.47196936,10.43,53.58562894
1666939015.0268962,20287.64,20281.23,2.47196936,10.43,53.58562894
1666939025.6568944,20287.64,20281.23,2.47196936,10.43,53.58562894
1666939035.672373,20283.56,20283.56,2.74414651,12.19,55.91344099
1666939045.6967514,20283.56,20283.56,2.74414651,12.19,55.91344099
1666939055.6332395,20283.56,20283.56,2.74414651,12.19,55.91344099
1666939065.666155,20283.56,20283.69,2.75451688,12.32,56.06328913
1666939075.6238146,20283.56,20283.69,2.75451688,12.32,56.06328913
1666939085.6785867,20283.56,20283.69,2.75451688,12.32,56.06328913
1666939095.9403934,20283.53,20283.53,2.73187907,6.21,55.87897433
1666939105.6738613,20283.53,20283.53,2.73187907,6.21,55.87897433
1666939115.7112975,20283.53,20283.53,2.73187907,6.21,55.87897433
1666939125.700615,20283.53,20281.44,2.56515542,4.12,53.40892049
1666939135.850991,20283.53,20281.44,2.56515542,4.12,53.40892049
1666939145.7120607,20283.53,20281.44,2.56515542,4.12,53.40892049
1666939155.6997757,20280.43,20280.43,2.20305062,-2.32,52.27654122
1666939165.8408368,20280.43,20280.43,2.20305062,-2.32,52.27654122
1666939175.71172,20280.43,20280.43,2.20305062,-2.32,52.27654122
1666939185.8498015,20280.43,20273.12,1.61991671,-9.63,45.014038
1666939195.882379,20280.43,20273.12,1.61991671,-9.63,45.014038
1666939206.1105163,20280.43,20273.12,1.61991671,-9.63,45.014038
1666939216.136366,20276.67,20276.67,1.4204504,-5.61,48.44313755
1666939226.1164446,20276.67,20276.67,1.4204504,-5.61,48.44313755
1666939236.1285548,20276.67,20276.67,1.4204504,-5.61,48.44313755
1666939246.155749,20276.67,20275.74,1.34626237,-6.54,47.39982595
1666939256.1441436,20276.67,20275.74,1.34626237,-6.54,47.39982595
1666939266.116542,20276.67,20275.74,1.34626237,-6.54,47.39982595
1666939276.1449518,20278.45,20278.45,1.33771927,-0.06,50.32695963
1666939286.1508603,20278.45,20278.45,1.33771927,-0.06,50.32695963
1666939296.152033,20278.45,20278.45,1.33771927,-0.06,50.32695963
1666939306.1348195,20278.45,20280.77,1.5227905,2.26,52.75287428
1666939316.1743352,20278.45,20280.77,1.5227905,2.26,52.75287428
1666939326.187559,20278.45,20280.77,1.5227905,2.26,52.75287428
1666939336.1847377,20277.3,20277.3,0.98259082,-5.86,49.07908663
1666939346.1689074,20277.3,20277.3,0.98259082,-5.86,49.07908663
1666939356.4628346,20277.3,20277.3,0.98259082,-5.86,49.07908663
1666939366.1521828,20277.3,20278.4,1.07034011,-4.76,50.34729933
1666939376.1513202,20277.3,20278.4,1.07034011,-4.76,50.34729933
1666939386.5629013,20277.3,20278.4,1.07034011,-4.76,50.34729933
1666939396.5259123,20280.29,20280.29,1.18770692,-2.42,52.38485796
1666939406.5435398,20280.29,20280.29,1.18770692,-2.42,52.38485796
1666939416.568202,20280.29,20280.29,1.18770692,-2.42,52.38485796
1666939426.6455822,20280.29,20282.08,1.33049894,-0.63,54.29770888
1666939436.5474594,20280.29,20282.08,1.33049894,-0.63,54.29770888
1666939446.5493135,20280.29,20282.08,1.33049894,-0.63,54.29770888
1666939456.5716293,20288.9,20288.9,2.31832413,6.08,60.40946103
1666939466.6219234,20288.9,20288.9,2.31832413,6.08,60.40946103
1666939476.5655122,20288.9,20288.9,2.31832413,6.08,60.40946103
1666939486.5787678,20288.9,20286.44,2.12208482,3.62,57.68296143
1666939496.5549457,20288.9,20286.44,2.12208482,3.62,57.68296143
1666939506.6856737,20288.9,20286.44,2.12208482,3.62,57.68296143
1666939516.980059,20283.62,20283.62,1.94070073,-2.84,54.52572347
1666939526.6678536,20283.62,20283.62,1.94070073,-2.84,54.52572347
1666939536.6608694,20283.62,20283.62,1.94070073,-2.84,54.52572347
1666939546.6154852,20283.62,20280.07,1.65750985,-6.39,50.75921789
1666939556.6693306,20283.62,20280.07,1.65750985,-6.39,50.75921789
1666939567.365161,20283.62,20280.07,1.65750985,-6.39,50.75921789
1666939577.3935847,20291.18,20291.18,2.9567535,6.91,60.78823845
1666939587.3650515,20291.18,20291.18,2.9567535,6.91,60.78823845
1666939597.4144669,20291.18,20291.18,2.9567535,6.91,60.78823845
1666939607.321624,20291.18,20288.78,2.76530051,4.51,58.41003917
1666939617.3861177,20291.18,20288.78,2.76530051,4.51,58.41003917
1666939627.424196,20291.18,20288.78,2.76530051,4.51,58.41003917
1666939637.3642535,20289.96,20289.96,3.09851154,6.43,59.55931815
1666939647.3793662,20289.96,20289.96,3.09851154,6.43,59.55931815
1666939657.335627,20289.96,20289.96,3.09851154,6.43,59.55931815
1666939667.3744335,20289.96,20295.17,3.51412407,11.64,63.49577293
1666939677.6420088,20289.96,20295.17,3.51412407,11.64,63.49577293
1666939687.3793736,20289.96,20295.17,3.51412407,11.64,63.49577293
1666939697.355366,20294.09,20294.09,3.8207846,14.5,62.79314725
1666939707.3462942,20294.09,20294.09,3.8207846,14.5,62.79314725
1666939717.3980682,20294.09,20294.09,3.8207846,14.5,62.79314725
1666939727.41221,20294.09,20286.9,3.24722335,7.31,54.88114653
1666939737.403168,20294.09,20286.9,3.24722335,7.31,54.88114653
1666939748.1760092,20294.09,20286.9,3.24722335,7.31,54.88114653
1666939758.2687,20284.54,20284.54,2.82388414,8.81,52.55136368
1666939768.123188,20284.54,20284.54,2.82388414,8.81,52.55136368
1666939778.204104,20284.54,20284.54,2.82388414,8.81,52.55136368
1666939788.2146218,20284.54,20284.0,2.78080722,8.27,52.01647767
1666939798.1728468,20284.54,20284.0,2.78080722,8.27,52.01647767
1666939808.1607194,20284.54,20284.0,2.78080722,8.27,52.01647767
1666939818.1975296,20280.74,20280.74,2.03722372,2.27,49.00524933
1666939828.3095086,20280.74,20280.74,2.03722372,2.27,49.00524933
1666939838.474733,20280.74,20280.74,2.03722372,2.27,49.00524933
1666939848.168116,20280.74,20280.88,2.04839181,2.41,49.14141328
1666939858.1951454,20280.74,20280.88,2.04839181,2.41,49.14141328
1666939868.1949327,20280.74,20280.88,2.04839181,2.41,49.14141328
1666939878.2529497,20276.47,20276.47,1.03155835,-0.83,45.30568638
1666939888.2344954,20276.47,20276.47,1.03155835,-0.83,45.30568638
1666939898.361588,20276.47,20276.47,1.03155835,-0.83,45.30568638
1666939908.263248,20276.47,20277.57,1.11930764,0.27,46.42769867
1666939918.2353132,20276.47,20277.57,1.11930764,0.27,46.42769867
1666939928.5731142,20276.47,20277.57,1.11930764,0.27,46.42769867
1666939938.6180477,20275.61,20275.61,0.37103029,-4.68,44.60398798
1666939948.573102,20275.61,20275.61,0.37103029,-4.68,44.60398798
1666939958.6899655,20275.61,20275.61,0.37103029,-4.68,44.60398798
1666939968.627834,20275.61,20258.65,-0.98190418,-21.64,33.21569556
1666939978.5967312,20275.61,20258.65,-0.98190418,-21.64,33.21569556
1666939988.580248,20275.61,20258.65,-0.98190418,-21.64,33.21569556
1666939998.833103,20266.0,20266.0,-1.44919972,-22.14,37.34161115
1666940008.6560884,20266.0,20266.0,-1.44919972,-22.14,37.34161115
1666940018.647527,20266.0,20266.0,-1.44919972,-22.14,37.34161115
1666940028.6476166,20266.0,20261.12,-1.83848747,-27.02,34.29559311
1666940038.63019,20266.0,20261.12,-1.83848747,-27.02,34.29559311
1666940048.5835328,20266.0,20261.12,-1.83848747,-27.02,34.29559311
1666940058.645836,20267.07,20267.07,-2.1420193,-16.55,38.58659219
1666940068.6144996,20267.07,20267.07,-2.1420193,-16.55,38.58659219
1666940078.662882,20267.07,20267.07,-2.1420193,-16.55,38.58659219
1666940088.6008985,20267.07,20271.44,-1.79341531,-12.18,43.34298906
1666940098.6502595,20267.07,20271.44,-1.79341531,-12.18,43.34298906
1666940109.1067572,20267.07,20271.44,-1.79341531,-12.18,43.34298906
1666940119.054641,20271.72,20271.72,-2.03433036,-18.41,43.62275531
1666940129.0484514,20271.72,20271.72,-2.03433036,-18.41,43.62275531
1666940139.1166642,20271.72,20271.72,-2.03433036,-18.41,43.62275531
1666940149.080758,20271.72,20275.9,-1.70088307,-14.23,47.76915935
1666940159.3429768,20271.72,20275.9,-1.70088307,-14.23,47.76915935
1666940169.3078566,20271.72,20275.9,-1.70088307,-14.23,47.76915935
1666940179.0817466,20276.06,20276.06,-1.60388488,-13.23,47.91578758
1666940189.0911305,20276.06,20276.06,-1.60388488,-13.23,47.91578758
1666940199.1266837,20276.06,20276.06,-1.60388488,-13.23,47.91578758
1666940209.0579398,20276.06,20270.86,-2.01869969,-18.43,43.62898293
1666940219.04516,20276.06,20270.86,-2.01869969,-18.43,43.62898293
1666940229.0639677,20276.06,20270.86,-2.01869969,-18.43,43.62898293
1666940239.0524347,20267.18,20267.18,-2.77491007,-26.01,41.03113871
1666940249.0832012,20267.18,20267.18,-2.77491007,-26.01,41.03113871
1666940259.1131103,20267.18,20267.18,-2.77491007,-26.01,41.03113871
1666940269.123678,20267.18,20260.3,-3.32374198,-32.89,36.63872108
1666940279.094195,20267.18,20260.3,-3.32374198,-32.89,36.63872108
1666940289.8333125,20267.18,20260.3,-3.32374198,-32.89,36.63872108
1666940299.6699877,20259.11,20259.11,-4.24655683,-25.96,35.97264935
1666940309.6854856,20259.11,20259.11,-4.24655683,-25.96,35.97264935
1666940319.706104,20259.11,20259.11,-4.24655683,-25.96,35.97264935
1666940329.7121515,20259.11,20263.57,-3.89077336,-21.5,40.34955295
1666940339.6899674,20259.11,20263.57,-3.89077336,-21.5,40.34955295
1666940350.0799713,20259.11,20263.57,-3.89077336,-21.5,40.34955295
1666940359.881423,20261.71,20261.71,-4.42566559,-19.03,38.86376373
1666940369.716768,20261.71,20261.71,-4.42566559,-19.03,38.86376373
1666940379.719329,20261.71,20261.71,-4.42566559,-19.03,38.86376373
1666940389.7071486,20261.71,20260.98,-4.48389921,-19.76,38.40067265
1666940399.673831,20261.71,20260.98,-4.48389921,-19.76,38.40067265
1666940409.731555,20261.71,20260.98,-4.48389921,-19.76,38.40067265
1666940419.7169218,20260.02,20260.02,-4.98857919,-16.45,37.93825273
1666940429.9209635,20260.02,20260.02,-4.98857919,-16.45,37.93825273
1666940439.7240446,20260.02,20260.02,-4.98857919,-16.45,37.93825273
1666940449.742205,20260.02,20259.88,-4.99974728,-16.59,37.78890915
1666940459.731696,20260.02,20259.88,-4.99974728,-16.59,37.78890915
1666940470.4173374,20260.02,20259.88,-4.99974728,-16.59,37.78890915
1666940480.4267185,20251.84,20251.84,-6.35917091,-23.67,33.10006803
1666940490.3962457,20251.84,20251.84,-6.35917091,-23.67,33.10006803
1666940500.4279382,20251.84,20251.84,-6.35917091,-23.67,33.10006803
1666940510.4515898,20251.84,20251.2,-6.41022504,-24.31,32.75796648
1666940520.4123638,20251.84,20251.2,-6.41022504,-24.31,32.75796648
1666940530.3963678,20251.84,20251.2,-6.41022504,-24.31,32.75796648
1666940540.7232504,20248.07,20248.07,-7.42971749,-17.93,31.18183592
1666940550.4698954,20248.07,20248.07,-7.42971749,-17.93,31.18183592
1666940560.4078548,20248.07,20244.63,-7.70413345,-21.37,29.50178538
1666940570.446422,20248.07,20244.63,-7.70413345,-21.37,29.50178538
1666940580.400537,20248.07,20244.63,-7.70413345,-21.37,29.50178538
1666940590.4186375,20248.07,20244.63,-7.70413345,-21.37,29.50178538
1666940600.728532,20242.57,20242.57,-8.68316889,-23.93,28.55666945
1666940610.442106,20242.57,20242.57,-8.68316889,-23.93,28.55666945
1666940620.4564457,20242.57,20254.8,-7.70755635,-11.7,40.26513503
1666940630.4751327,20242.57,20254.8,-7.70755635,-11.7,40.26513503
1666940640.464617,20242.57,20254.8,-7.70755635,-11.7,40.26513503
1666940651.1116238,20251.75,20251.75,-7.90326407,-19.97,37.94865986
1666940661.1010196,20251.75,20251.75,-7.90326407,-19.97,37.94865986
1666940671.2883203,20251.75,20251.75,-7.90326407,-19.97,37.94865986
1666940681.1102583,20251.75,20256.78,-7.50201051,-14.94,42.10104476
1666940691.2676532,20251.75,20256.78,-7.50201051,-14.94,42.10104476
1666940701.2835312,20251.75,20256.78,-7.50201051,-14.94,42.10104476
1666940711.0969758,20254.44,20254.44,-7.46126657,-21.62,40.07075835
1666940721.0911107,20254.44,20254.44,-7.46126657,-21.62,40.07075835
1666940731.289193,20254.44,20254.44,-7.46126657,-21.62,40.07075835
1666940741.0558236,20254.44,20254.64,-7.44531215,-21.42,40.2635662
1666940751.109233,20254.44,20254.64,-7.44531215,-21.42,40.2635662
1666940761.1150656,20254.44,20254.64,-7.44531215,-21.42,40.2635662
1666940771.0904984,20254.44,20254.64,-7.44531215,-21.42,40.2635662
1666940781.0834565,20257.67,20257.67,-6.74146634,-9.51,43.03988541
1666940791.0909092,20257.67,20257.67,-6.74146634,-9.51,43.03988541
1666940801.122931,20257.67,20252.46,-7.15707887,-14.72,39.62931912
1666940811.1418028,20257.67,20252.46,-7.15707887,-14.72,39.62931912
1666940821.0961745,20257.67,20252.46,-7.15707887,-14.72,39.62931912
1666940832.145658,20251.83,20251.83,-7.12812476,-7.28,39.25319325
1666940841.9293015,20251.83,20251.83,-7.12812476,-7.28,39.25319325
1666940851.9471374,20251.83,20251.83,-7.12812476,-7.28,39.25319325
1666940861.945705,20251.83,20249.78,-7.29165753,-9.33,37.98967879
1666940871.9469905,20251.83,20249.78,-7.29165753,-9.33,37.98967879
1666940881.939601,20251.83,20249.78,-7.29165753,-9.33,37.98967879
1666940892.1662436,20252.2,20252.2,-6.95223785,-10.38,39.63963726
1666940901.940335,20252.2,20252.2,-6.95223785,-10.38,39.63963726
1666940911.9787514,20252.2,20252.2,-6.95223785,-10.38,39.63963726
1666940921.9827323,20252.2,20255.28,-6.70653985,-7.3,42.70338821
1666940931.9726708,20252.2,20255.28,-6.70653985,-7.3,42.70338821
1666940941.9754107,20252.2,20255.28,-6.70653985,-7.3,42.70338821
1666940951.9156682,20255.15,20255.15,-6.26341759,-4.59,42.75428653
1666940962.0830996,20255.15,20255.15,-6.26341759,-4.59,42.75428653
1666940971.9897857,20255.15,20255.15,-6.26341759,-4.59,42.75428653
1666940981.985426,20255.15,20253.71,-6.37828938,-6.03,41.71918368
1666940991.9488213,20255.15,20253.71,-6.37828938,-6.03,41.71918368
1666941001.9772403,20255.15,20253.71,-6.37828938,-6.03,41.71918368
1666941012.3883517,20261.03,20261.03,-5.1246358,8.43,48.02362814
1666941022.3427608,20261.03,20261.03,-5.1246358,8.43,48.02362814
1666941032.3829432,20261.03,20261.03,-5.1246358,8.43,48.02362814
1666941042.408211,20261.03,20260.09,-5.19962156,7.49,47.16250076
1666941052.3615117,20261.03,20260.09,-5.19962156,7.49,47.16250076
1666941062.37068,20261.03,20260.09,-5.19962156,7.49,47.16250076
1666941072.3742316,20259.43,20259.43,-4.70645494,11.36,46.61546852
1666941082.6063905,20259.43,20259.43,-4.70645494,11.36,46.61546852
1666941092.3875084,20259.43,20259.43,-4.70645494,11.36,46.61546852
1666941102.410914,20259.43,20258.21,-4.80377688,10.14,45.57087252
1666941112.417338,20259.43,20258.21,-4.80377688,10.14,45.57087252
1666941122.4419277,20259.43,20258.21,-4.80377688,10.14,45.57087252
1666941132.4039576,20253.61,20253.61,-5.09102933,10.35,42.25673855
1666941142.4557536,20253.61,20253.61,-5.09102933,10.35,42.25673855
1666941152.4455118,20253.61,20253.61,-5.09102933,10.35,42.25673855
1666941162.512706,20253.61,20253.12,-5.13011765,9.86,41.7486322
1666941172.433127,20253.61,20253.12,-5.13011765,9.86,41.7486322
1666941182.4254866,20253.61,20253.12,-5.13011765,9.86,41.7486322
1666941192.9750378,20254.19,20254.19,-4.84482969,1.39,42.8468319
1666941202.9670732,20254.19,20254.19,-4.84482969,1.39,42.8468319
1666941212.9749217,20254.19,20254.19,-4.84482969,1.39,42.8468319
1666941222.9235556,20254.19,20250.77,-5.1176502,-2.03,40.23578493
1666941232.9988008,20254.19,20250.77,-5.1176502,-2.03,40.23578493
1666941243.243797,20254.19,20250.77,-5.1176502,-2.03,40.23578493
1666941252.931739,20247.34,20247.34,-5.60130926,-7.1,37.9183205
1666941262.9589102,20247.34,20247.34,-5.60130926,-7.1,37.9183205
1666941272.980114,20247.34,20247.34,-5.60130926,-7.1,37.9183205
1666941282.9522665,20247.34,20245.06,-5.7831896,-9.38,36.41681154
1666941293.0145829,20247.34,20245.06,-5.7831896,-9.38,36.41681154
1666941303.0201776,20247.34,20245.06,-5.7831896,-9.38,36.41681154
1666941312.9500473,20244.94,20244.94,-5.98834079,-12.73,36.29945263
1666941323.039276,20244.94,20244.94,-5.98834079,-12.73,36.29945263
1666941332.9772656,20244.94,20244.94,-5.98834079,-12.73,36.29945263
1666941342.9872875,20244.94,20243.48,-6.10480802,-14.19,35.33758232
1666941352.9809115,20244.94,20243.48,-6.10480802,-14.19,35.33758232
1666941363.0211563,20244.94,20243.48,-6.10480802,-14.19,35.33758232
1666941373.974301,20246.23,20246.23,-6.01678137,-5.6,37.84420619
1666941383.9645858,20246.23,20246.23,-6.01678137,-5.6,37.84420619
1666941393.935152,20246.23,20246.23,-6.01678137,-5.6,37.84420619
1666941403.9215505,20246.23,20250.16,-5.70327709,-1.67,42.3021073
1666941413.978017,20246.23,20250.16,-5.70327709,-1.67,42.3021073
1666941423.9917474,20246.23,20250.16,-5.70327709,-1.67,42.3021073
1666941434.0470877,20255.79,20255.79,-4.62657111,3.91,47.67798207
1666941443.9784036,20255.79,20255.79,-4.62657111,3.91,47.67798207
1666941453.9379025,20255.79,20255.79,-4.62657111,3.91,47.67798207
1666941463.992912,20255.79,20249.36,-5.13950558,-2.52,42.77595032
1666941473.9685209,20255.79,20249.36,-5.13950558,-2.52,42.77595032
1666941483.9488106,20255.79,20249.36,-5.13950558,-2.52,42.77595032
1666941493.9717798,20250.19,20250.19,-4.87377567,-5.9,43.35129412
1666941503.9633236,20250.19,20250.19,-4.87377567,-5.9,43.35129412
1666941514.0127883,20250.19,20250.19,-4.87377567,-5.9,43.35129412
1666941523.9817646,20250.19,20254.94,-4.49485829,-1.15,47.68771719
1666941534.0188017,20250.19,20254.94,-4.49485829,-1.15,47.68771719
1666941543.9886992,20250.19,20254.94,-4.49485829,-1.15,47.68771719
1666941555.164571,20231.51,20231.51,-7.23666525,-28.54,32.6580243
1666941564.909403,20231.51,20231.51,-7.23666525,-28.54,32.6580243
1666941574.9214015,20231.51,20231.51,-7.23666525,-28.54,32.6580243
1666941584.8990686,20231.51,20231.63,-7.2270926,-28.42,32.71360404
1666941595.1714609,20231.51,20231.63,-7.2270926,-28.42,32.71360404
1666941605.138934,20231.51,20231.63,-7.2270926,-28.42,32.71360404
1666941614.8903933,20221.78,20221.78,-9.30801953,-37.65,28.96994008
1666941624.914956,20221.78,20221.78,-9.30801953,-37.65,28.96994008
1666941634.9265442,20221.78,20221.78,-9.30801953,-37.65,28.96994008
1666941644.9254503,20221.78,20203.6,-10.75827594,-55.83,23.08862394
1666941654.9110315,20221.78,20203.6,-10.75827594,-55.83,23.08862394
1666941664.9099014,20221.78,20203.6,-10.75827594,-55.83,23.08862394
1666941674.9421475,20203.55,20203.55,-12.76559449,-49.36,23.07618642
1666941684.9401815,20203.55,20203.55,-12.76559449,-49.36,23.07618642
1666941694.9216473,20203.55,20203.55,-12.76559449,-49.36,23.07618642
1666941704.9330783,20203.55,20204.04,-12.72650617,-48.87,23.51104216
1666941714.9282808,20203.55,20204.04,-12.72650617,-48.87,23.51104216
1666941725.152002,20203.55,20204.04,-12.72650617,-48.87,23.51104216
1666941735.6781704,20207.51,20207.51,-13.62988267,-46.68,26.45525658
1666941745.720529,20207.51,20207.51,-13.62988267,-46.68,26.45525658
1666941755.9946065,20207.51,20207.51,-13.62988267,-46.68,26.45525658
1666941766.0090802,20207.51,20196.67,-14.49461202,-57.52,23.42218544
1666941775.7218585,20207.51,20196.67,-14.49461202,-57.52,23.42218544
1666941785.6953335,20207.51,20196.67,-14.49461202,-57.52,23.42218544
1666941795.706118,20204.99,20204.99,-14.7554367,-42.35,25.68211812
1666941805.716957,20204.99,20204.99,-14.7554367,-42.35,25.68211812
1666941815.7143626,20204.99,20204.99,-14.7554367,-42.35,25.68211812
1666941825.9120803,20204.99,20216.69,-13.82210336,-30.65,35.15708758
1666941835.741699,20204.99,20216.69,-13.82210336,-30.65,35.15708758
1666941845.7687972,20204.99,20216.69,-13.82210336,-30.65,35.15708758
1666941855.7641013,20208.28,20208.28,-14.84654658,-37.52,28.61524477
1666941865.710382,20208.28,20208.28,-14.84654658,-37.52,28.61524477
1666941875.7101436,20208.28,20208.28,-14.84654658,-37.52,28.61524477
1666941885.7261713,20208.28,20214.31,-14.36552094,-31.49,33.77429969
1666941895.7486143,20208.28,20214.31,-14.36552094,-31.49,33.77429969
1666941905.7496102,20208.28,20214.31,-14.36552094,-31.49,33.77429969
1666941916.4972274,20217.04,20217.04,-13.75174792,-28.02,35.90572155
1666941926.1176646,20217.04,20217.04,-13.75174792,-28.02,35.90572155
1666941936.142987,20217.04,20217.04,-13.75174792,-28.02,35.90572155
1666941946.1941378,20217.04,20202.82,-14.8861069,-42.24,30.24667086
1666941956.1705568,20217.04,20202.82,-14.8861069,-42.24,30.24667086
1666941966.1627324,20217.04,20202.82,-14.8861069,-42.24,30.24667086
1666941976.197875,20206.54,20206.54,-14.7328366,-49.25,31.50536185
1666941986.145667,20206.54,20206.54,-14.7328366,-49.25,31.50536185
1666941996.1301143,20206.54,20206.54,-14.7328366,-49.25,31.50536185
1666942006.1606135,20206.54,20210.35,-14.42890497,-45.44,34.5112642
1666942016.1590269,20206.54,20210.35,-14.42890497,-45.44,34.5112642
1666942026.179974,20206.54,20210.35,-14.42890497,-45.44,34.5112642
1666942036.230961,20210.56,20210.56,-14.1460326,-39.63,34.70391966
1666942046.193109,20210.56,20210.56,-14.1460326,-39.63,34.70391966
1666942056.2200518,20210.56,20210.56,-14.1460326,-39.63,34.70391966
1666942066.15584,20210.56,20212.36,-14.00244286,-37.83,36.12590709
1666942076.4120104,20210.56,20212.36,-14.00244286,-37.83,36.12590709
1666942086.2273438,20210.56,20212.36,-14.00244286,-37.83,36.12590709
1666942096.982217,20204.47,20204.47,-14.64714798,-28.11,32.3880141
1666942107.0179806,20204.47,20204.47,-14.64714798,-28.11,32.3880141
1666942117.0431535,20204.47,20204.47,-14.64714798,-28.11,32.3880141
1666942127.01677,20204.47,20198.28,-15.14093715,-34.3,29.73387394
1666942137.060954,20204.47,20198.28,-15.14093715,-34.3,29.73387394
1666942147.0080166,20204.47,20198.28,-15.14093715,-34.3,29.73387394
1666942157.0454955,20197.59,20197.59,-15.48503343,-23.74,30.07724451
1666942167.0283475,20197.59,20197.59,-15.48503343,-23.74,30.07724451
1666942177.0471869,20197.59,20197.59,-15.48503343,-23.74,30.07724451
1666942187.0686493,20197.59,20190.78,-16.02828129,-30.55,27.21456622
1666942197.0723228,20197.59,20190.78,-16.02828129,-30.55,27.21456622
1666942207.0910451,20197.59,20190.78,-16.02828129,-30.55,27.21456622
1666942217.180509,20197.8,20197.8,-15.4359717,-5.75,30.25497004
1666942227.3226902,20197.8,20197.8,-15.4359717,-5.75,30.25497004
1666942237.379453,20197.8,20197.8,-15.4359717,-5.75,30.25497004
1666942247.0986698,20197.8,20200.51,-15.21978936,-3.04,32.63456517
1666942257.1043742,20197.8,20200.51,-15.21978936,-3.04,32.63456517
1666942267.089448,20197.8,20200.51,-15.21978936,-3.04,32.63456517
1666942277.6051369,20182.39,20182.39,-17.41314536,-25.12,25.19436232
1666942287.454605,20182.39,20182.39,-17.41314536,-25.12,25.19436232
1666942297.4595606,20182.39,20182.39,-17.41314536,-25.12,25.19436232
1666942307.474681,20182.39,20173.86,-18.0936012,-33.65,22.91001377
1666942317.4789755,20182.39,20173.86,-18.0936012,-33.65,22.91001377
1666942327.477834,20182.39,20173.86,-18.0936012,-33.65,22.91001377
1666942337.48974,20173.71,20173.71,-18.99319124,-31.28,22.8630919
1666942347.5256758,20173.71,20173.71,-18.99319124,-31.28,22.8630919
1666942357.460016,20173.71,20173.71,-18.99319124,-31.28,22.8630919
1666942367.525447,20173.71,20135.21,-22.06441631,-69.78,15.8792435
1666942377.4979167,20173.71,20135.21,-22.06441631,-69.78,15.8792435
1666942387.501793,20173.71,20135.21,-22.06441631,-69.78,15.8792435
1666942397.7161005,20135.9,20135.9,-24.85209212,-72.38,15.9666537
1666942407.4830787,20135.9,20135.9,-24.85209212,-72.38,15.9666537
1666942417.522715,20135.9,20135.9,-24.85209212,-72.38,15.9666537
1666942427.6739256,20135.9,20153.0,-23.48798956,-55.28,26.73092666
1666942437.5241475,20135.9,20153.0,-23.48798956,-55.28,26.73092666
1666942447.537664,20135.9,20153.0,-23.48798956,-55.28,26.73092666
1666942457.916239,20171.74,20171.74,-21.72964693,-44.72,35.75032295
1666942467.952586,20171.74,20171.74,-21.72964693,-44.72,35.75032295
1666942477.9599774,20171.74,20171.74,-21.72964693,-44.72,35.75032295
1666942487.96188,20171.74,20187.53,-20.47004579,-28.93,42.20593253
1666942497.9681618,20171.74,20187.53,-20.47004579,-28.93,42.20593253
1666942507.9650173,20171.74,20187.53,-20.47004579,-28.93,42.20593253
1666942517.926534,20185.35,20185.35,-19.35169378,-21.19,41.39293231
1666942528.0724034,20185.35,20185.35,-19.35169378,-21.19,41.39293231
1666942538.108816,20185.35,20185.35,-19.35169378,-21.19,41.39293231
1666942548.140855,20185.35,20196.94,-18.42713538,-9.6,45.76138485
1666942557.9746044,20185.35,20196.94,-18.42713538,-9.6,45.76138485
1666942567.967615,20185.35,20196.94,-18.42713538,-9.6,45.76138485
1666942577.9339044,20204.01,20204.01,-15.44270095,-5.95,48.12051239
1666942588.2916696,20204.01,20204.01,-15.44270095,-5.95,48.12051239
1666942597.9197197,20204.01,20204.01,-15.44270095,-5.95,48.12051239
1666942607.992204,20204.01,20185.58,-16.91290038,-24.38,42.9212805
1666942618.0809524,20204.01,20185.58,-16.91290038,-24.38,42.9212805
1666942627.9846838,20204.01,20185.58,-16.91290038,-24.38,42.9212805
1666942638.8187687,20192.08,20192.08,-15.09555924,-11.62,44.62164709
1666942648.7346146,20192.08,20192.08,-15.09555924,-11.62,44.62164709
1666942658.7474751,20192.08,20192.08,-15.09555924,-11.62,44.62164709
1666942668.718578,20192.08,20189.8,-15.27743959,-13.9,43.96373085
1666942678.7798052,20192.08,20189.8,-15.27743959,-13.9,43.96373085
1666942688.7781713,20192.08,20189.8,-15.27743959,-13.9,43.96373085
1666942698.7951372,20178.68,20178.68,-15.80019136,-17.8,41.01435046
1666942708.78617,20178.68,20178.68,-15.80019136,-17.8,41.01435046
1666942718.7638507,20178.68,20178.68,-15.80019136,-17.8,41.01435046
1666942728.773151,20178.68,20163.0,-17.05101757,-33.48,37.22236894
1666942738.7853785,20178.68,20163.0,-17.05101757,-33.48,37.22236894
1666942748.7941363,20178.68,20163.0,-17.05101757,-33.48,37.22236894
1666942758.7695131,20161.03,20161.03,-17.85007397,-36.77,36.85487563
1666942768.8053515,20161.03,20161.03,-17.85007397,-36.77,36.85487563
1666942778.9678936,20161.03,20161.03,-17.85007397,-36.77,36.85487563
1666942788.8061876,20161.03,20167.56,-17.32916229,-30.24,39.33170919
1666942798.8273735,20161.03,20167.56,-17.32916229,-30.24,39.33170919
1666942808.7907104,20161.03,20167.56,-17.32916229,-30.24,39.33170919
1666942819.413302,20158.04,20158.04,-18.55162066,-24.35,36.12235459
1666942829.224208,20158.04,20158.04,-18.55162066,-24.35,36.12235459
1666942839.2036047,20158.04,20158.04,-18.55162066,-24.35,36.12235459
1666942849.23804,20158.04,20165.39,-17.96529588,-17.0,39.09319212
1666942859.2238574,20158.04,20165.39,-17.96529588,-17.0,39.09319212
1666942869.2319624,20158.04,20165.39,-17.96529588,-17.0,39.09319212
1666942879.245436,20155.52,20155.52,-19.05921102,-18.75,35.52819998
1666942889.2474766,20155.52,20155.52,-19.05921102,-18.75,35.52819998
1666942899.2399824,20155.52,20155.52,-19.05921102,-18.75,35.52819998
1666942909.2235446,20155.52,20162.6,-18.49442469,-11.67,38.58465303
1666942919.1975071,20155.52,20162.6,-18.49442469,-11.67,38.58465303
1666942929.2074878,20155.52,20162.6,-18.49442469,-11.67,38.58465303
1666942939.526647,20160.99,20160.99,-18.25289797,25.09,38.04460492
1666942949.2597182,20160.99,20160.99,-18.25289797,25.09,38.04460492
1666942959.221472,20160.99,20160.99,-18.25289797,25.09,38.04460492
1666942969.2815056,20160.99,20155.9,-18.65893786,20.0,36.70007459
1666942979.2655742,20160.99,20155.9,-18.65893786,20.0,36.70007459
1666942989.2526977,20160.99,20155.9,-18.65893786,20.0,36.70007459
1666942999.7924776,20159.42,20159.42,-18.03384687,-12.32,37.61949766
1666943009.7858782,20159.42,20159.42,-18.03384687,-12.32,37.61949766
1666943019.811746,20159.42,20159.42,-18.03384687,-12.32,37.61949766
1666943029.78406,20159.42,20142.59,-19.37641097,-29.15,33.32121113
1666943039.814652,20159.42,20142.59,-19.37641097,-29.15,33.32121113
1666943049.791248,20159.42,20142.59,-19.37641097,-29.15,33.32121113
1666943059.8261166,20140.8,20140.8,-20.13717339,-44.55,32.90637911
1666943069.8429122,20140.8,20140.8,-20.13717339,-44.55,32.90637911
1666943079.823842,20140.8,20140.8,-20.13717339,-44.55,32.90637911
1666943089.8336132,20140.8,20151.36,-19.29478023,-33.99,37.51372385
1666943099.799057,20140.8,20151.36,-19.29478023,-33.99,37.51372385
1666943109.8183837,20140.8,20151.36,-19.29478023,-33.99,37.51372385
1666943120.0277507,20153.29,20153.29,-18.74774539,-51.34,38.3563701
1666943129.806898,20153.29,20153.29,-18.74774539,-51.34,38.3563701
1666943139.8086112,20153.29,20153.29,-18.74774539,-51.34,38.3563701
1666943149.7969282,20153.29,20138.99,-19.88848614,-65.64,34.55054015
1666943159.817946,20153.29,20138.99,-19.88848614,-65.64,34.55054015
1666943169.8446617,20153.29,20138.99,-19.88848614,-65.64,34.55054015
1666943180.5996828,20123.41,20123.41,-22.30369825,-68.67,31.29660933
1666943190.624838,20123.41,20123.41,-22.30369825,-68.67,31.29660933
1666943200.596784,20123.41,20123.41,-22.30369825,-68.67,31.29660933
1666943210.617052,20123.41,20133.0,-21.53868401,-59.08,35.07914634
1666943220.6416478,20123.41,20133.0,-21.53868401,-59.08,35.07914634
1666943230.5865052,20129.07,20129.07,-22.24853764,-49.61,33.461886
1666943240.6229172,20129.07,20129.07,-22.24853764,-49.61,33.461886
1666943250.6213615,20129.07,20129.07,-22.24853764,-49.61,33.461886
1666943260.738949,20129.07,20129.07,-22.24853764,-49.61,33.461886
1666943270.616505,20129.07,20124.33,-22.6266573,-54.35,32.40804769
1666943280.6071894,20129.07,20124.33,-22.6266573,-54.35,32.40804769
1666943290.6303475,20123.97,20123.97,-23.02522188,-36.73,32.33103544
1666943300.877617,20123.97,20123.97,-23.02522188,-36.73,32.33103544
1666943310.6441586,20123.97,20123.97,-23.02522188,-36.73,32.33103544
1666943320.6569948,20123.97,20123.17,-23.08903954,-37.53,32.14821033
1666943330.6664648,20123.97,20123.17,-23.08903954,-37.53,32.14821033
1666943340.6901886,20123.97,20123.17,-23.08903954,-37.53,32.14821033
1666943350.6230783,20115.03,20115.03,-24.26771629,-43.01,30.38677975
1666943361.062902,20115.03,20115.03,-24.26771629,-43.01,30.38677975
1666943371.0471258,20115.03,20115.03,-24.26771629,-43.01,30.38677975
1666943381.041688,20115.03,20127.04,-23.30965362,-31.0,35.77497728
1666943391.044882,20115.03,20127.04,-23.30965362,-31.0,35.77497728
1666943401.0519562,20115.03,20127.04,-23.30965362,-31.0,35.77497728
1666943411.2777896,20115.03,20127.04,-23.30965362,-31.0,35.77497728
1666943421.0516388,20100.71,20100.71,-26.71976798,-54.81,28.76802506
1666943431.0938053,20100.71,20100.71,-26.71976798,-54.81,28.76802506
1666943441.2760804,20100.71,20100.71,-26.71976798,-54.81,28.76802506
1666943451.083752,20100.71,20097.33,-26.98939761,-58.19,27.12451768
1666943461.154116,20100.71,20097.33,-26.98939761,-58.19,27.12451768
1666943471.1262014,20100.71,20097.33,-26.98939761,-58.19,27.12451768
1666943481.0774894,20096.98,20096.98,-27.68674759,-64.92,27.13513648
1666943491.0865805,20096.98,20096.98,-27.68674759,-64.92,27.13513648
1666943501.120783,20096.98,20099.29,-27.50247409,-62.61,28.14959233
1666943511.0868878,20096.98,20099.29,-27.50247409,-62.61,28.14959233
1666943521.3573909,20096.98,20099.29,-27.50247409,-62.61,28.14959233
1666943531.1271384,20104.81,20104.81,-26.8282084,-54.61,30.91400002
1666943541.5390074,20104.81,20104.81,-26.8282084,-54.61,30.91400002
1666943551.4957132,20104.81,20104.81,-26.8282084,-54.61,30.91400002
1666943561.5311675,20104.81,20122.27,-25.43538789,-37.15,38.91813612
1666943571.5724552,20104.81,20122.27,-25.43538789,-37.15,38.91813612
1666943581.5409966,20104.81,20122.27,-25.43538789,-37.15,38.91813612
1666943591.5680728,20124.91,20124.91,-23.49718917,-16.76,39.96974512
1666943601.5458138,20124.91,20124.91,-23.49718917,-16.76,39.96974512
1666943611.5599265,20124.91,20124.91,-23.49718917,-16.76,39.96974512
1666943621.5462508,20124.91,20112.29,-24.50391282,-29.38,36.71562866
1666943631.542673,20124.91,20112.29,-24.50391282,-29.38,36.71562866
1666943641.5305142,20124.91,20112.29,-24.50391282,-29.38,36.71562866
1666943651.5468948,20078.77,20078.77,-28.39834708,-73.43,30.18768773
1666943661.5332997,20078.77,20078.77,-28.39834708,-73.43,30.18768773
1666943671.5646195,20078.77,20078.77,-28.39834708,-73.43,30.18768773
1666943681.5662715,20078.77,20074.86,-28.71025591,-77.34,29.52818079
1666943691.5467508,20078.77,20074.86,-28.71025591,-77.34,29.52818079
1666943701.530882,20078.77,20074.86,-28.71025591,-77.34,29.52818079
1666943711.544233,20078.77,20074.86,-28.71025591,-77.34,29.52818079
1666943722.013918,20073.58,20073.58,-29.71533012,-51.1,29.30849126
1666943731.959338,20073.58,20073.58,-29.71533012,-51.1,29.30849126
1666943742.007702,20073.58,20070.7,-29.94507371,-53.98,28.81288874
1666943752.0115612,20073.58,20070.7,-29.94507371,-53.98,28.81288874
1666943762.041823,20073.58,20070.7,-29.94507371,-53.98,28.81288874
1666943772.0418682,20073.61,20073.61,-30.12990455,-55.44,29.31374353
1666943782.0263894,20073.61,20073.61,-30.12990455,-55.44,29.31374353
1666943792.018044,20073.61,20073.61,-30.12990455,-55.44,29.31374353
1666943802.1743462,20073.61,20076.86,-29.87064529,-52.19,30.76134399
1666943812.0179572,20073.61,20076.86,-29.87064529,-52.19,30.76134399
1666943822.0390403,20073.61,20076.86,-29.87064529,-52.19,30.76134399
1666943832.0355964,20080.77,20080.77,-29.10107241,-43.2,32.42623289
1666943842.2959406,20080.77,20080.77,-29.10107241,-43.2,32.42623289
1666943852.0469675,20080.77,20080.77,-29.10107241,-43.2,32.42623289
1666943862.0764916,20080.77,20080.77,-29.10107241,-43.2,32.42623289
1666943872.0668404,20080.77,20070.77,-29.89879321,-53.2,30.41208763
1666943882.0187995,20080.77,20070.77,-29.89879321,-53.2,30.41208763
1666943892.0831056,20065.38,20065.38,-30.58643626,-50.44,29.42688109
1666943902.6803546,20065.38,20065.38,-30.58643626,-50.44,29.42688109
1666943912.7538226,20065.38,20065.38,-30.58643626,-50.44,29.42688109
1666943922.728429,20065.38,20073.78,-29.91635079,-42.04,33.06605398
1666943932.6975708,20065.38,20073.78,-29.91635079,-42.04,33.06605398
1666943942.795596,20065.38,20073.78,-29.91635079,-42.04,33.06605398
1666943952.788065,20083.7,20083.7,-27.8499915,-13.11,36.90815678
1666943962.7575834,20083.7,20083.7,-27.8499915,-13.11,36.90815678
1666943972.7425785,20083.7,20083.7,-27.8499915,-13.11,36.90815678
1666943982.7441027,20083.7,20082.99,-27.90662968,-13.82,36.74557981
1666943992.760054,20083.7,20082.99,-27.90662968,-13.82,36.74557981
1666944002.7199352,20083.7,20082.99,-27.90662968,-13.82,36.74557981
1666944012.75449,20080.01,20080.01,-27.05529277,-17.59,36.07855241
1666944022.769353,20080.01,20080.01,-27.05529277,-17.59,36.07855241
1666944032.767178,20080.01,20080.01,-27.05529277,-17.59,36.07855241
1666944042.9792387,20080.01,20080.01,-27.05529277,-17.59,36.07855241
1666944052.7424428,20080.01,20077.09,-27.28822724,-20.51,35.40044488
1666944063.0751295,20080.01,20077.09,-27.28822724,-20.51,35.40044488
1666944072.8145385,20096.33,20096.33,-23.58668418,-8.47,42.26017659
1666944083.658809,20096.33,20096.33,-23.58668418,-8.47,42.26017659
1666944093.4626625,20096.33,20096.33,-23.58668418,-8.47,42.26017659
1666944103.4962957,20096.33,20116.4,-21.98565854,11.6,48.81566379
1666944113.455794,20096.33,20116.4,-21.98565854,11.6,48.81566379
1666944123.4892926,20096.33,20116.4,-21.98565854,11.6,48.81566379
1666944133.431705,20103.92,20103.92,-20.54736966,-20.99,44.92762546
1666944143.491395,20103.92,20103.92,-20.54736966,-20.99,44.92762546
1666944153.5039456,20103.92,20103.92,-20.54736966,-20.99,44.92762546
1666944163.4780006,20103.92,20109.93,-20.06793946,-14.98,47.01495648
1666944173.5117097,20103.92,20109.93,-20.06793946,-14.98,47.01495648
1666944183.4896407,20103.92,20109.93,-20.06793946,-14.98,47.01495648
1666944193.461552,20103.92,20109.93,-20.06793946,-14.98,47.01495648
1666944203.5232227,20100.06,20100.06,-18.90027669,21.29,43.80083528
1666944213.5222285,20100.06,20100.06,-18.90027669,21.29,43.80083528
1666944223.5082338,20100.06,20091.8,-19.55919407,13.03,41.44487455
1666944233.5172749,20100.06,20091.8,-19.55919407,13.03,41.44487455
1666944243.513653,20100.06,20091.8,-19.55919407,13.03,41.44487455
1666944253.5213213,20094.78,20094.78,-18.0216741,20.4,42.41216355
1666944264.3438237,20094.78,20094.78,-18.0216741,20.4,42.41216355
1666944274.3630323,20094.78,20094.78,-18.0216741,20.4,42.41216355
1666944284.3863766,20094.78,20088.76,-18.50190202,14.38,40.54297404
1666944294.3581977,20094.78,20088.76,-18.50190202,14.38,40.54297404
1666944304.3974707,20094.78,20088.76,-18.50190202,14.38,40.54297404
1666944314.3324838,20092.62,20092.62,-17.0813127,19.01,41.76242035
1666944324.3284209,20092.62,20092.62,-17.0813127,19.01,41.76242035
1666944334.3797605,20092.62,20092.62,-17.0813127,19.01,41.76242035
1666944344.3355188,20092.62,20066.1,-19.19686826,-7.51,34.68088535
1666944354.3739667,20092.62,20066.1,-19.19686826,-7.51,34.68088535
1666944364.3985856,20092.62,20066.1,-19.19686826,-7.51,34.68088535
1666944374.3422797,20079.44,20079.44,-17.82868758,-1.33,37.87381382
1666944384.3575454,20079.44,20079.44,-17.82868758,-1.33,37.87381382
1666944394.4734995,20079.44,20079.44,-17.82868758,-1.33,37.87381382
1666944404.3789606,20079.44,20092.31,-16.80202091,11.54,43.29766036
1666944414.3907733,20079.44,20092.31,-16.80202091,11.54,43.29766036
1666944424.3986878,20079.44,20092.31,-16.80202091,11.54,43.29766036
1666944434.42404,20101.45,20101.45,-14.27593008,36.07,46.60802859
1666944445.0184865,20101.45,20101.45,-14.27593008,36.07,46.60802859
1666944455.0097744,20101.45,20101.45,-14.27593008,36.07,46.60802859
1666944465.0453854,20101.45,20120.71,-12.73951982,55.33,52.85418995
1666944475.0485775,20101.45,20120.71,-12.73951982,55.33,52.85418995
1666944485.022092,20101.45,20120.71,-12.73951982,55.33,52.85418995
1666944495.0629354,20101.45,20120.71,-12.73951982,55.33,52.85418995
1666944505.0594058,20113.01,20113.01,-11.01146271,29.31,50.51063989
1666944515.0125475,20113.01,20113.01,-11.01146271,29.31,50.51063989
1666944525.0020683,20113.01,20111.02,-11.17020915,27.32,49.83867283
1666944535.0162067,20113.01,20111.02,-11.17020915,27.32,49.83867283
1666944545.0303652,20113.01,20111.02,-11.17020915,27.32,49.83867283
1666944555.0125804,20120.9,20120.9,-7.99611344,40.89,53.06013201
1666944565.0311835,20120.9,20120.9,-7.99611344,40.89,53.06013201
1666944575.065405,20120.9,20120.9,-7.99611344,40.89,53.06013201
1666944585.0191174,20120.9,20113.8,-8.5624952,33.79,50.54320725
1666944595.060523,20120.9,20113.8,-8.5624952,33.79,50.54320725
1666944605.0876431,20120.9,20113.8,-8.5624952,33.79,50.54320725
1666944615.0674615,20121.8,20121.8,-5.90473583,25.47,53.35005657
1666944625.3910215,20121.8,20121.8,-5.90473583,25.47,53.35005657
1666944635.4128113,20121.8,20121.8,-5.90473583,25.47,53.35005657
1666944645.4394324,20121.8,20120.46,-6.01163042,24.13,52.81926856
1666944655.4161046,20121.8,20120.46,-6.01163042,24.13,52.81926856
1666944665.4464638,20121.8,20120.46,-6.01163042,24.13,52.81926856
1666944675.42075,20131.14,20131.14,-2.98415246,27.22,56.42650201
1666944685.4215446,20131.14,20131.14,-2.98415246,27.22,56.42650201
1666944695.72729,20131.14,20131.14,-2.98415246,27.22,56.42650201
1666944705.6596885,20131.14,20118.89,-3.96136044,14.97,51.66608144
1666944715.4583783,20131.14,20118.89,-3.96136044,14.97,51.66608144
1666944725.474895,20131.14,20118.89,-3.96136044,14.97,51.66608144
1666944735.4855375,20124.88,20124.88,-2.08189988,23.98,53.92031859
1666944745.4771342,20124.88,20124.88,-2.08189988,23.98,53.92031859
1666944755.449234,20124.88,20124.88,-2.08189988,23.98,53.92031859
1666944765.4522843,20124.88,20125.74,-2.01329589,24.84,54.23188888
1666944775.4583774,20124.88,20125.74,-2.01329589,24.84,54.23188888
1666944785.4786294,20124.88,20125.74,-2.01329589,24.84,54.23188888
1666944795.4846635,20137.52,20137.52,0.7750149,43.87,58.10202097
1666944806.275071,20137.52,20137.52,0.7750149,43.87,58.10202097
1666944816.3395958,20137.52,20137.52,0.7750149,43.87,58.10202097
1666944826.2875829,20137.52,20124.0,-0.30350362,30.35,52.659624
1666944836.3511703,20137.52,20124.0,-0.30350362,30.35,52.659624
1666944846.3452165,20137.52,20124.0,-0.30350362,30.35,52.659624
1666944856.326604,20127.62,20127.62,0.9198392,35.79,54.01090902
1666944866.3249335,20127.62,20127.62,0.9198392,35.79,54.01090902
1666944876.3170226,20127.62,20127.62,0.9198392,35.79,54.01090902
1666944886.3409455,20127.62,20124.48,0.66935487,32.65,52.72276276
1666944896.5341172,20127.62,20124.48,0.66935487,32.65,52.72276276
1666944906.3322814,20127.62,20124.48,0.66935487,32.65,52.72276276
1666944916.3505127,20131.42,20131.42,2.12312092,51.98,55.40436159
1666944926.3128755,20131.42,20131.42,2.12312092,51.98,55.40436159
1666944936.3245535,20131.42,20131.42,2.12312092,51.98,55.40436159
1666944946.3140612,20131.42,20128.17,1.86386166,48.73,53.95763876
1666944956.338118,20131.42,20128.17,1.86386166,48.73,53.95763876
1666944966.31976,20131.42,20128.17,1.86386166,48.73,53.95763876
1666944976.3196294,20121.57,20121.57,1.4856578,20.12,51.2044161
1666944987.0993185,20121.57,20121.57,1.4856578,20.12,51.2044161
1666944997.13095,20121.57,20121.57,1.4856578,20.12,51.2044161
1666945007.1345778,20121.57,20121.0,1.44018771,19.55,50.9658814
1666945017.1565433,20121.57,20121.0,1.44018771,19.55,50.9658814
1666945027.1408129,20121.57,20121.0,1.44018771,19.55,50.9658814
1666945037.3319592,20125.45,20125.45,1.92782571,11.47,52.82617674
1666945047.1706126,20125.45,20125.45,1.92782571,11.47,52.82617674
1666945057.1530454,20125.45,20125.45,1.92782571,11.47,52.82617674
1666945067.1807256,20125.45,20120.03,1.49546103,6.05,50.45701624
1666945077.1744564,20125.45,20120.03,1.49546103,6.05,50.45701624
1666945087.142764,20125.45,20120.03,1.49546103,6.05,50.45701624
1666945097.182552,20118.96,20118.96,1.22484237,-1.94,49.99503525
1666945107.121842,20118.96,20118.96,1.22484237,-1.94,49.99503525
1666945117.1457458,20118.96,20118.96,1.22484237,-1.94,49.99503525
1666945127.1441684,20118.96,20108.18,0.36489935,-12.72,45.47733695
1666945137.129163,20118.96,20108.18,0.36489935,-12.72,45.47733695
1666945147.4100318,20118.96,20108.18,0.36489935,-12.72,45.47733695
1666945157.165176,20116.63,20116.63,0.73636075,-5.23,48.9441385
1666945167.6611848,20116.63,20116.63,0.73636075,-5.23,48.9441385
1666945177.6865983,20116.63,20116.63,0.73636075,-5.23,48.9441385
1666945187.7275617,20116.63,20109.09,0.13487926,-12.77,45.60348587
1666945197.683015,20116.63,20109.09,0.13487926,-12.77,45.60348587
1666945207.703149,20116.63,20109.09,0.13487926,-12.77,45.60348587
1666945217.8604004,20109.73,20109.73,-0.5424167,-20.67,45.97371715
1666945227.7112389,20109.73,20109.73,-0.5424167,-20.67,45.97371715
1666945237.679719,20109.73,20109.73,-0.5424167,-20.67,45.97371715
1666945247.6992152,20109.73,20110.65,-0.46902638,-19.75,46.44836961
1666945257.6931918,20109.73,20110.65,-0.46902638,-19.75,46.44836961
1666945267.723789,20109.73,20110.65,-0.46902638,-19.75,46.44836961
1666945277.6858263,20093.73,20093.73,-3.30993027,-31.19,39.67141214
1666945287.7267642,20093.73,20093.73,-3.30993027,-31.19,39.67141214
1666945297.7163286,20093.73,20093.73,-3.30993027,-31.19,39.67141214
1666945307.7895107,20093.73,20083.16,-4.15312115,-41.76,36.17889493
1666945317.9066277,20093.73,20083.16,-4.15312115,-41.76,36.17889493
1666945327.6761396,20093.73,20083.16,-4.15312115,-41.76,36.17889493
1666945337.6928997,20091.58,20091.58,-4.7444276,-45.14,38.90743678
1666945348.5161643,20091.58,20091.58,-4.7444276,-45.14,38.90743678
1666945358.5030222,20091.58,20091.58,-4.7444276,-45.14,38.90743678
1666945368.4743123,20091.58,20078.09,-5.82055295,-58.63,34.42755965
1666945378.7348697,20091.58,20078.09,-5.82055295,-58.63,34.42755965
1666945388.5340014,20091.58,20078.09,-5.82055295,-58.63,34.42755965
1666945398.577416,20085.37,20085.37,-6.62117923,-43.14,36.99772403
1666945408.5639143,20085.37,20085.37,-6.62117923,-43.14,36.99772403
1666945418.555591,20085.37,20085.37,-6.62117923,-43.14,36.99772403
1666945428.5479803,20085.37,20061.56,-8.52055245,-66.95,29.78044183
1666945438.6243105,20085.37,20061.56,-8.52055245,-66.95,29.78044183
1666945448.5562148,20085.37,20061.56,-8.52055245,-66.95,29.78044183
1666945458.5060332,20059.06,20059.06,-11.38202497,-72.36,29.77552049
1666945468.584385,20059.06,20059.06,-11.38202497,-72.36,29.77552049
1666945478.5636375,20059.06,20059.06,-11.38202497,-72.36,29.77552049
1666945488.710993,20059.06,20078.88,-9.80094235,-52.54,39.57515948
1666945498.580804,20059.06,20078.88,-9.80094235,-52.54,39.57515948
1666945508.5498867,20059.06,20078.88,-9.80094235,-52.54,39.57515948
1666945518.5878403,20089.05,20089.05,-8.99787575,-33.72,43.61272826
1666945529.1988337,20089.05,20089.05,-8.99787575,-33.72,43.61272826
1666945539.2895856,20089.05,20089.05,-8.99787575,-33.72,43.61272826
1666945549.233054,20089.05,20103.08,-7.87867347,-19.69,48.70488571
1666945559.2094636,20089.05,20103.08,-7.87867347,-19.69,48.70488571
1666945569.1819017,20089.05,20103.08,-7.87867347,-19.69,48.70488571
1666945579.2185564,20096.61,20096.61,-7.86017183,-26.72,46.48801402
1666945589.2506618,20096.61,20096.61,-7.86017183,-26.72,46.48801402
1666945599.2472866,20096.61,20096.61,-7.86017183,-26.72,46.48801402
1666945609.1816616,20096.61,20097.37,-7.79954505,-25.96,46.78050144
1666945619.3592336,20096.61,20097.37,-7.79954505,-25.96,46.78050144
1666945629.3077197,20096.61,20097.37,-7.79954505,-25.96,46.78050144
1666945639.2277586,20095.71,20095.71,-7.45145638,-23.25,46.16315561
1666945649.2580674,20095.71,20095.71,-7.45145638,-23.25,46.16315561
1666945659.1938074,20095.71,20095.71,-7.45145638,-23.25,46.16315561
1666945669.238639,20095.71,20085.93,-8.23162732,-33.03,42.8964856
1666945679.3808627,20095.71,20085.93,-8.23162732,-33.03,42.8964856
1666945689.223128,20095.71,20085.93,-8.23162732,-33.03,42.8964856
1666945699.2288828,20093.56,20093.56,-7.25088736,-23.07,45.38434468
1666945709.9181466,20093.56,20093.56,-7.25088736,-23.07,45.38434468
1666945719.9765763,20093.56,20093.56,-7.25088736,-23.07,45.38434468
1666945729.9130132,20093.56,20099.17,-6.80336599,-17.46,47.774054
1666945739.9438822,20093.56,20099.17,-6.80336599,-17.46,47.774054
1666945749.984866,20093.56,20099.17,-6.80336599,-17.46,47.774054
1666945759.93571,20104.91,20104.91,-5.33327199,-3.88,50.06626668
1666945769.9560664,20104.91,20104.91,-5.33327199,-3.88,50.06626668
1666945779.9362514,20104.91,20104.91,-5.33327199,-3.88,50.06626668
1666945789.9546137,20104.91,20098.39,-5.85338595,-10.4,47.51341029
1666945799.9429815,20104.91,20098.39,-5.85338595,-10.4,47.51341029
1666945810.2534225,20104.91,20098.39,-5.85338595,-10.4,47.51341029
1666945819.9589467,20107.46,20107.46,-4.1014838,13.73,51.08945943
1666945829.9708884,20107.46,20107.46,-4.1014838,13.73,51.08945943
1666945840.2560496,20107.46,20107.46,-4.1014838,13.73,51.08945943
1666945849.9846983,20107.46,20095.83,-5.02923309,2.1,46.41779009
1666945859.948131,20107.46,20095.83,-5.02923309,2.1,46.41779009
1666945869.9768794,20107.46,20095.83,-5.02923309,2.1,46.41779009
1666945880.0073988,20108.68,20108.68,-3.0765785,17.1,51.60044557
1666945890.533056,20108.68,20108.68,-3.0765785,17.1,51.60044557
1666945900.4003303,20108.68,20118.62,-2.28364403,27.04,55.66458559
1666945910.374505,20108.68,20118.62,-2.28364403,27.04,55.66458559
1666945920.4135938,20108.68,20118.62,-2.28364403,27.04,55.66458559
1666945930.3763213,20108.68,20118.62,-2.28364403,27.04,55.66458559
1666945940.3947496,20124.7,20124.7,-0.0501516,40.36,57.83050785
1666945950.4419386,20124.7,20124.7,-0.0501516,40.36,57.83050785
1666945960.3618877,20124.7,20128.78,0.27531849,44.44,59.26852318
1666945970.3880968,20124.7,20128.78,0.27531849,44.44,59.26852318
1666945980.382735,20124.7,20128.78,0.27531849,44.44,59.26852318
1666945990.4006922,20124.7,20128.78,0.27531849,44.44,59.26852318
1666946000.4370103,20133.62,20133.62,2.54184578,76.17,60.86764484
1666946010.3748102,20133.62,20133.62,2.54184578,76.17,60.86764484
1666946020.431074,20133.62,20135.68,2.70617627,78.23,61.55254971
1666946030.521632,20133.62,20135.68,2.70617627,78.23,61.55254971
1666946040.3927715,20133.62,20135.68,2.70617627,78.23,61.55254971
1666946050.4439929,20123.83,20123.83,2.64221149,34.78,56.17986293
1666946060.4428897,20123.83,20123.83,2.64221149,34.78,56.17986293
1666946071.0692234,20123.83,20123.83,2.64221149,34.78,56.17986293
1666946081.214536,20123.83,20134.29,3.47662745,45.24,59.82511541
1666946090.9061377,20123.83,20134.29,3.47662745,45.24,59.82511541
1666946100.897106,20123.83,20134.29,3.47662745,45.24,59.82511541
1666946110.9115534,20134.13,20134.13,4.7450887,37.96,59.77934963
1666946120.90865,20134.13,20134.13,4.7450887,37.96,59.77934963
1666946130.8631415,20134.13,20134.13,4.7450887,37.96,59.77934963
1666946140.9021533,20134.13,20127.67,4.22976107,31.5,56.66576307
1666946150.9241292,20134.13,20127.67,4.22976107,31.5,56.66576307
1666946160.9159095,20134.13,20127.67,4.22976107,31.5,56.66576307
1666946170.9459238,20131.0,20131.0,5.26610751,35.29,58.24724079
1666946180.9306052,20131.0,20131.0,5.26610751,35.29,58.24724079
1666946190.9686923,20131.0,20131.0,5.26610751,35.29,58.24724079
1666946200.9420357,20131.0,20131.0,5.26610751,35.29,58.24724079
1666946211.1583683,20131.0,20130.47,5.22382831,34.76,57.96993339
1666946220.9540217,20131.0,20130.47,5.22382831,34.76,57.96993339
1666946231.1219904,20131.0,20130.47,5.22382831,34.76,57.96993339
1666946240.9287474,20129.87,20129.87,5.7240928,35.61,57.60215443
1666946251.6904356,20129.87,20129.87,5.7240928,35.61,57.60215443
1666946261.7535503,20129.87,20129.87,5.7240928,35.61,57.60215443
1666946271.6852338,20129.87,20128.91,5.64751161,34.65,57.07603415
1666946281.7538948,20129.87,20128.91,5.64751161,34.65,57.07603415
1666946291.7455246,20127.38,20127.38,5.70812251,22.75,56.22628416
1666946301.6906912,20127.38,20127.38,5.70812251,22.75,56.22628416
1666946311.7443132,20127.38,20127.38,5.70812251,22.75,56.22628416
1666946321.7391331,20127.38,20127.38,5.70812251,22.75,56.22628416
1666946331.7243545,20127.38,20133.25,6.17638461,28.62,58.8022688
1666946341.7683878,20127.38,20133.25,6.17638461,28.62,58.8022688
1666946351.7751555,20127.38,20133.25,6.17638461,28.62,58.8022688
1666946361.7763362,20148.47,20148.47,8.72001935,41.01,64.08728587
1666946371.7319822,20148.47,20148.47,8.72001935,41.01,64.08728587
1666946381.8491857,20148.47,20160.37,9.6693071,52.91,67.58828569
1666946391.7688663,20148.47,20160.37,9.6693071,52.91,67.58828569
1666946401.7466383,20148.47,20160.37,9.6693071,52.91,67.58828569
1666946411.7843485,20161.37,20161.37,11.52773744,52.69,67.62810118
1666946421.7680285,20161.37,20161.37,11.52773744,52.69,67.62810118
1666946432.1939087,20161.37,20161.37,11.52773744,52.69,67.62810118
1666946442.38228,20161.37,20180.55,13.05776593,71.87,72.46185545
1666946452.2121184,20161.37,20180.55,13.05776593,71.87,72.46185545
1666946462.1946862,20161.37,20180.55,13.05776593,71.87,72.46185545
1666946472.213164,20184.44,20184.44,16.01048356,59.74,73.23069135
1666946482.1992548,20184.44,20184.44,16.01048356,59.74,73.23069135
1666946492.2111552,20184.44,20184.44,16.01048356,59.74,73.23069135
1666946502.1820133,20184.44,20176.32,15.36273427,51.62,68.84775199
1666946512.1913576,20184.44,20176.32,15.36273427,51.62,68.84775199
1666946522.2104564,20184.44,20176.32,15.36273427,51.62,68.84775199
1666946532.206936,20177.63,20177.63,16.84997115,44.65,69.15524774
1666946542.241484,20177.63,20177.63,16.84997115,44.65,69.15524774
1666946552.3236058,20177.63,20177.63,16.84997115,44.65,69.15524774
1666946562.2054722,20177.63,20186.0,17.51766345,53.02,71.05697723
1666946572.2575848,20177.63,20186.0,17.51766345,53.02,71.05697723
1666946582.269617,20177.63,20186.0,17.51766345,53.02,71.05697723
1666946592.2420304,20188.86,20188.86,19.45690177,65.03,71.41016706
1666946602.2414546,20188.86,20188.86,19.45690177,65.03,71.41016706
1666946612.7288585,20188.86,20188.86,19.45690177,65.03,71.41016706
1666946622.7254486,20188.86,20188.86,19.45690177,65.03,71.41016706
1666946632.708093,20188.86,20184.91,19.14180206,61.08,69.30539454
1666946642.736706,20188.86,20184.91,19.14180206,61.08,69.30539454
1666946652.7140012,20186.56,20186.56,20.24445519,52.65,70.14445983
1666946662.7316377,20186.56,20186.56,20.24445519,52.65,70.14445983
1666946672.7786565,20186.56,20186.56,20.24445519,52.65,70.14445983
1666946682.7331078,20186.56,20185.57,20.16548083,51.66,69.58418031
1666946692.7446706,20186.56,20185.57,20.16548083,51.66,69.58418031
1666946702.7482765,20186.56,20185.57,20.16548083,51.66,69.58418031
1666946712.7081516,20186.91,20186.91,20.78587919,55.91,70.34470336
1666946722.96181,20186.91,20186.91,20.78587919,55.91,70.34470336
1666946732.7183905,20186.91,20186.91,20.78587919,55.91,70.34470336
1666946742.714033,20186.91,20179.59,20.20194757,48.59,66.09497407
1666946752.7702892,20186.91,20179.59,20.20194757,48.59,66.09497407
1666946762.7429123,20186.91,20179.59,20.20194757,48.59,66.09497407
1666946772.7241511,20192.33,20192.33,21.71750554,61.26,71.69237613
1666946782.764959,20192.33,20192.33,21.71750554,61.26,71.69237613
1666946793.450095,20192.33,20192.33,21.71750554,61.26,71.69237613
1666946803.5023828,20192.33,20193.42,21.8044571,62.35,71.96827121
1666946813.507221,20192.33,20193.42,21.8044571,62.35,71.96827121
1666946823.4779413,20192.33,20193.42,21.8044571,62.35,71.96827121
1666946833.4641373,20200.71,20200.71,23.02792847,72.57,73.68860372
1666946843.4368129,20200.71,20200.71,23.02792847,72.57,73.68860372
1666946853.4755747,20200.71,20200.71,23.02792847,72.57,73.68860372
1666946863.4574058,20200.71,20195.78,22.63465211,67.64,70.6487809
1666946873.4827924,20200.71,20195.78,22.63465211,67.64,70.6487809
1666946883.517275,20200.71,20195.78,22.63465211,67.64,70.6487809
1666946893.5320446,20192.24,20192.24,22.12371601,43.77,68.51387227
1666946903.509828,20192.24,20192.24,22.12371601,43.77,68.51387227
1666946913.4534438,20192.24,20192.24,22.12371601,43.77,68.51387227
1666946923.5150387,20192.24,20187.87,21.77511203,39.4,65.89834579
1666946933.4978886,20192.24,20187.87,21.77511203,39.4,65.89834579
1666946943.472353,20192.24,20187.87,21.77511203,39.4,65.89834579
1666946953.5455408,20192.24,20187.87,21.77511203,39.4,65.89834579
1666946963.4764464,20202.88,20202.88,23.1616332,40.83,71.48779608
1666946973.9496927,20202.88,20202.88,23.1616332,40.83,71.48779608
1666946983.8962038,20202.88,20203.12,23.1807785,41.07,71.54926801
1666946993.9528985,20202.88,20203.12,23.1807785,41.07,71.54926801
1666947003.893574,20202.88,20203.12,23.1807785,41.07,71.54926801
1666947013.9071293,20204.46,20204.46,23.26922408,19.99,71.88767271
1666947023.975092,20204.46,20204.46,23.26922408,19.99,71.88767271
1666947033.8960583,20204.46,20204.46,23.26922408,19.99,71.88767271
1666947043.9997647,20204.46,20192.92,22.34865428,8.45,64.74538332
1666947053.9234142,20204.46,20192.92,22.34865428,8.45,64.74538332
1666947063.923158,20204.46,20192.92,22.34865428,8.45,64.74538332
1666947073.948532,20192.29,20192.29,21.2692119,16.02,64.39610041
1666947084.119239,20192.29,20192.29,21.2692119,16.02,64.39610041
1666947093.9440627,20192.29,20192.29,21.2692119,16.02,64.39610041
1666947103.9249113,20192.29,20192.29,21.2692119,16.02,64.39610041
1666947113.975234,20192.29,20184.35,20.63582158,8.08,60.00267017
1666947123.9671006,20192.29,20184.35,20.63582158,8.08,60.00267017
1666947133.9686384,20187.09,20187.09,19.46014842,-2.47,61.37803228
1666947143.9890685,20187.09,20187.09,19.46014842,-2.47,61.37803228
1666947154.5616393,20187.09,20187.09,19.46014842,-2.47,61.37803228
1666947164.435577,20187.09,20187.09,19.46014842,-2.47,61.37803228
1666947174.433566,20187.09,20182.46,19.09080369,-7.1,58.88218555
1666947184.428284,20187.09,20182.46,19.09080369,-7.1,58.88218555
1666947194.4212742,20188.29,20188.29,18.25382168,1.12,61.84787049
1666947204.3863373,20188.29,20188.29,18.25382168,1.12,61.84787049
1666947214.448219,20188.29,20188.29,18.25382168,1.12,61.84787049
1666947224.459943,20188.29,20186.91,18.14373621,-0.26,61.3136516
1666947234.4307585,20188.29,20186.91,18.14373621,-0.26,61.3136516
1666947244.432436,20188.29,20186.91,18.14373621,-0.26,61.3136516
1666947254.4212654,20194.44,20194.44,17.98441823,7.53,64.05652588
1666947264.447431,20194.44,20194.44,17.98441823,7.53,64.05652588
1666947274.4094498,20194.44,20194.44,17.98441823,7.53,64.05652588
1666947284.4474297,20194.44,20193.43,17.90384843,6.52,63.40654412
1666947294.4920833,20194.44,20193.43,17.90384843,6.52,63.40654412
1666947304.5415168,20194.44,20193.43,17.90384843,6.52,63.40654412
1666947314.4320974,20202.91,20202.91,18.31976542,10.58,66.92855919
1666947324.4592068,20202.91,20202.91,18.31976542,10.58,66.92855919
1666947335.0226245,20202.91,20202.91,18.31976542,10.58,66.92855919
1666947345.0838647,20202.91,20200.08,18.09401044,7.75,65.37365159
1666947355.3014205,20202.91,20200.08,18.09401044,7.75,65.37365159
1666947365.0560784,20202.91,20200.08,18.09401044,7.75,65.37365159
1666947375.08487,20199.02,20199.02,17.30151782,-1.4,64.45967088
1666947385.049863,20199.02,20199.02,17.30151782,-1.4,64.45967088
1666947395.1032407,20199.02,20199.02,17.30151782,-1.4,64.45967088
1666947405.10588,20199.02,20195.03,16.98322722,-5.39,62.09801712
1666947415.0801113,20199.02,20195.03,16.98322722,-5.39,62.09801712
1666947425.073212,20199.02,20195.03,16.98322722,-5.39,62.09801712
1666947435.0663276,20199.57,20199.57,16.68307413,6.77,64.66255644
1666947445.0896502,20199.57,20199.57,16.68307413,6.77,64.66255644
1666947455.1860592,20199.57,20199.57,16.68307413,6.77,64.66255644
1666947465.100532,20199.57,20199.0,16.63760404,6.2,64.25318157
1666947475.061964,20199.57,20199.0,16.63760404,6.2,64.25318157
1666947485.1286125,20199.57,20199.0,16.63760404,6.2,64.25318157
1666947495.0775683,20198.44,20198.44,15.75209732,-4.44,63.58434108
1666947505.07628,20198.44,20198.44,15.75209732,-4.44,63.58434108
1666947515.8089175,20198.44,20198.44,15.75209732,-4.44,63.58434108
1666947525.6814823,20198.44,20190.55,15.12269561,-12.33,58.42624162
1666947535.6931348,20198.44,20190.55,15.12269561,-12.33,58.42624162
1666947545.7261298,20198.44,20190.55,15.12269561,-12.33,58.42624162
1666947555.6955109,20184.15,20184.15,12.95686741,-20.31,54.62387545
1666947565.6872158,20184.15,20184.15,12.95686741,-20.31,54.62387545
1666947575.7084043,20184.15,20184.15,12.95686741,-20.31,54.62387545
1666947585.7122853,20184.15,20181.24,12.72473065,-23.22,52.93692474
1666947595.7062984,20184.15,20181.24,12.72473065,-23.22,52.93692474
1666947605.7152858,20184.15,20181.24,12.72473065,-23.22,52.93692474
1666947615.7113557,20183.15,20183.15,11.35249399,-9.14,54.01755621
1666947625.72619,20183.15,20183.15,11.35249399,-9.14,54.01755621
1666947635.744486,20183.15,20183.15,11.35249399,-9.14,54.01755621
1666947645.7286627,20183.15,20187.21,11.67636863,-5.08,56.08358724
1666947655.6980565,20183.15,20187.21,11.67636863,-5.08,56.08358724
1666947665.7351055,20183.15,20187.21,11.67636863,-5.08,56.08358724
1666947675.847437,20181.51,20181.51,9.85619765,-5.17,53.00006173
1666947685.7534676,20181.51,20181.51,9.85619765,-5.17,53.00006173
1666947696.1099782,20181.51,20181.51,9.85619765,-5.17,53.00006173
1666947706.2420764,20181.51,20186.81,10.27898967,0.13,55.97270495
1666947716.0558922,20181.51,20186.81,10.27898967,0.13,55.97270495
1666947726.0793333,20181.51,20186.81,10.27898967,0.13,55.97270495
1666947736.1074908,20188.5,20188.5,9.67452131,1.63,56.65272482
1666947746.0766923,20188.5,20188.5,9.67452131,1.63,56.65272482
1666947756.059215,20188.5,20188.5,9.67452131,1.63,56.65272482
1666947766.1012666,20188.5,20192.44,9.98882331,5.57,58.81098082
1666947776.0568037,20188.5,20192.44,9.98882331,5.57,58.81098082
1666947786.0486438,20188.5,20192.44,9.98882331,5.57,58.81098082
1666947796.3265483,20186.94,20186.94,8.71015986,-7.51,55.59879608
1666947806.1159203,20186.94,20186.94,8.71015986,-7.51,55.59879608
1666947816.164168,20186.94,20186.94,8.71015986,-7.51,55.59879608
1666947826.1382213,20186.94,20187.27,8.73648464,-7.18,55.78617579
1666947836.1336913,20186.94,20187.27,8.73648464,-7.18,55.78617579
1666947846.2986088,20186.94,20187.27,8.73648464,-7.18,55.78617579
1666947856.1492276,20181.13,20181.13,7.12536903,-20.79,51.73861665
1666947866.1686947,20181.13,20181.13,7.12536903,-20.79,51.73861665
1666947876.5224118,20181.13,20181.13,7.12536903,-20.79,51.73861665
1666947886.5161972,20181.13,20183.0,7.27454282,-18.92,52.87008883
1666947896.6754956,20181.13,20183.0,7.27454282,-18.92,52.87008883
1666947906.536211,20181.13,20183.0,7.27454282,-18.92,52.87008883
1666947916.706485,20180.46,20180.46,6.1147523,-17.67,51.2686924
1666947926.553248,20180.46,20180.46,6.1147523,-17.67,51.2686924
1666947936.5221255,20180.46,20180.46,6.1147523,-17.67,51.2686924
1666947946.590977,20180.46,20180.92,6.15144746,-17.21,51.59433007
1666947956.5576217,20180.46,20180.92,6.15144746,-17.21,51.59433007
1666947966.5503469,20180.46,20180.92,6.15144746,-17.21,51.59433007
1666947976.7545369,20178.79,20178.79,5.02094939,-20.78,50.12026211
1666947986.521505,20178.79,20178.79,5.02094939,-20.78,50.12026211
1666947996.5577056,20178.79,20178.79,5.02094939,-20.78,50.12026211
1666948006.554756,20178.79,20178.87,5.02733115,-20.7,50.17783701
1666948016.5347068,20178.79,20178.87,5.02733115,-20.7,50.17783701
1666948026.8506043,20178.79,20178.87,5.02733115,-20.7,50.17783701
1666948036.5674467,20177.67,20177.67,4.05281066,-19.76,49.32230058
1666948046.608288,20177.67,20177.67,4.05281066,-19.76,49.32230058
1666948057.3751943,20177.67,20177.67,4.05281066,-19.76,49.32230058
1666948067.1649897,20177.67,20176.18,3.93395026,-21.25,48.22235805
1666948077.1441865,20177.67,20176.18,3.93395026,-21.25,48.22235805
1666948087.1638904,20177.67,20176.18,3.93395026,-21.25,48.22235805
1666948097.1609793,20175.07,20175.07,3.02139747,-9.08,47.37260685
1666948107.155112,20175.07,20175.07,3.02139747,-9.08,47.37260685
1666948117.1202729,20175.07,20175.07,3.02139747,-9.08,47.37260685
1666948127.1506107,20175.07,20174.6,2.98390459,-9.55,47.02265449
1666948137.174824,20175.07,20174.6,2.98390459,-9.55,47.02265449
1666948147.153442,20175.07,20174.6,2.98390459,-9.55,47.02265449
1666948157.1763225,20175.95,20175.95,2.44255801,-6.9,48.02810497
1666948167.14457,20175.95,20175.95,2.44255801,-6.9,48.02810497
1666948177.1597598,20175.95,20175.95,2.44255801,-6.9,48.02810497
1666948187.1869917,20175.95,20181.74,2.90443835,-1.11,52.75081631
1666948197.2087643,20175.95,20181.74,2.90443835,-1.11,52.75081631
1666948207.1428566,20175.95,20181.74,2.90443835,-1.11,52.75081631
1666948217.297511,20173.9,20173.9,1.56704864,-8.27,46.41132511
1666948227.1977255,20173.9,20173.9,1.56704864,-8.27,46.41132511
1666948237.7691205,20173.9,20173.9,1.56704864,-8.27,46.41132511
1666948247.598833,20173.9,20156.43,0.1734304,-25.74,35.45708613
1666948257.5794315,20173.9,20156.43,0.1734304,-25.74,35.45708613
1666948267.6639028,20173.9,20156.43,0.1734304,-25.74,35.45708613
1666948277.620374,20157.1,20157.1,-1.38351571,-32.27,35.7809722
1666948287.5882933,20157.1,20157.1,-1.38351571,-32.27,35.7809722
1666948297.6061077,20157.1,20157.1,-1.38351571,-32.27,35.7809722
1666948307.6044106,20157.1,20165.31,-0.72858694,-24.06,42.68937168
1666948317.7237692,20157.1,20165.31,-0.72858694,-24.06,42.68937168
1666948327.6216788,20157.1,20165.31,-0.72858694,-24.06,42.68937168
1666948337.8173082,20165.61,20165.61,-1.4997512,-21.33,42.98189317
1666948347.6287708,20165.61,20165.61,-1.4997512,-21.33,42.98189317
1666948357.6127214,20165.61,20165.61,-1.4997512,-21.33,42.98189317
1666948367.6128886,20165.61,20164.17,-1.61462299,-22.77,41.863722
1666948377.8503697,20165.61,20164.17,-1.61462299,-22.77,41.863722
1666948387.6267896,20165.61,20164.17,-1.61462299,-22.77,41.863722
1666948397.632856,20161.67,20161.67,-2.63007367,-19.36,40.64338052
1666948407.6524692,20161.67,20161.67,-2.63007367,-19.36,40.64338052
1666948418.0446837,20161.67,20161.67,-2.63007367,-19.36,40.64338052
1666948427.985995,20161.67,20159.88,-2.7728657,-21.15,39.41053435
1666948438.0175276,20161.67,20159.88,-2.7728657,-21.15,39.41053435
1666948447.978297,20161.67,20159.88,-2.7728657,-21.15,39.41053435
1666948458.0053124,20162.66,20162.66,-3.05698509,-18.41,41.4841405
1666948468.0721977,20162.66,20162.66,-3.05698509,-18.41,41.4841405
1666948477.9924982,20162.66,20162.66,-3.05698509,-18.41,41.4841405
1666948488.012281,20162.66,20161.37,-3.15989107,-19.7,40.67564698
1666948497.984725,20162.66,20161.37,-3.15989107,-19.7,40.67564698
1666948508.007819,20162.66,20161.37,-3.15989107,-19.7,40.67564698
1666948518.0049112,20161.48,20161.48,-3.58530465,-17.31,40.7433572
1666948527.9917946,20161.48,20161.48,-3.58530465,-17.31,40.7433572
1666948538.4823065,20161.48,20161.48,-3.58530465,-17.31,40.7433572
1666948548.0312068,20161.48,20165.99,-3.22553257,-12.8,44.80052744
1666948558.0292268,20161.48,20165.99,-3.22553257,-12.8,44.80052744
1666948568.0526946,20161.48,20165.99,-3.22553257,-12.8,44.80052744
1666948578.0650125,20163.96,20163.96,-3.60856807,-13.71,43.12820921
1666948588.195697,20163.96,20163.96,-3.60856807,-13.71,43.12820921
1666948598.6661298,20163.96,20163.96,-3.60856807,-13.71,43.12820921
1666948608.7001772,20163.96,20160.5,-3.88457947,-17.17,40.38260248
1666948618.697345,20163.96,20160.5,-3.88457947,-17.17,40.38260248
1666948628.702243,20163.96,20160.5,-3.88457947,-17.17,40.38260248
1666948638.728227,20160.42,20160.42,-4.16300507,-15.8,40.32714093
1666948648.7322235,20160.42,20160.42,-4.16300507,-15.8,40.32714093
1666948658.6917028,20160.42,20160.42,-4.16300507,-15.8,40.32714093
1666948668.684169,20160.42,20166.09,-3.71069738,-10.13,45.7930699
1666948678.722812,20160.42,20166.09,-3.71069738,-10.13,45.7930699
1666948688.7486074,20160.42,20166.09,-3.71069738,-10.13,45.7930699
1666948699.0088818,20168.8,20168.8,-3.1465855,-7.94,48.07169023
1666948708.745819,20168.8,20168.8,-3.1465855,-7.94,48.07169023
1666948718.6754944,20168.8,20168.8,-3.1465855,-7.94,48.07169023
1666948728.6995592,20168.8,20174.59,-2.68470516,-2.15,52.65121056
1666948738.7213554,20168.8,20174.59,-2.68470516,-2.15,52.65121056
1666948748.6825557,20168.8,20174.59,-2.68470516,-2.15,52.65121056
1666948758.7694254,20181.65,20181.65,-1.02162462,7.75,57.2484183
1666948768.7189248,20181.65,20181.65,-1.02162462,7.75,57.2484183
1666948779.1642416,20181.65,20181.65,-1.02162462,7.75,57.2484183
1666948789.1086984,20181.65,20187.88,-0.52464456,13.98,60.85982228
1666948799.1747177,20181.65,20187.88,-0.52464456,13.98,60.85982228
1666948809.1818123,20181.65,20187.88,-0.52464456,13.98,60.85982228
1666948819.1562376,20189.42,20189.42,0.91441884,32.32,61.68310688
1666948829.171322,20189.42,20189.42,0.91441884,32.32,61.68310688
1666948839.2743142,20189.42,20189.42,0.91441884,32.32,61.68310688
1666948849.1677625,20189.42,20191.43,1.07476072,34.33,62.75332328
1666948859.510357,20189.42,20191.43,1.07476072,34.33,62.75332328
1666948869.1651468,20189.42,20191.43,1.07476072,34.33,62.75332328
1666948879.1589026,20200.45,20200.45,3.46171692,36.03,66.93703745
1666948889.169912,20200.45,20200.45,3.46171692,36.03,66.93703745
1666948899.1764643,20200.45,20200.45,3.46171692,36.03,66.93703745
1666948909.1936593,20200.45,20193.59,2.91448045,29.17,61.66478997
1666948919.175653,20200.45,20193.59,2.91448045,29.17,61.66478997
1666948929.1771402,20200.45,20193.59,2.91448045,29.17,61.66478997
1666948939.1573808,20196.63,20196.63,4.31714972,35.64,64.04291206
1666948949.1338706,20196.63,20196.63,4.31714972,35.64,64.04291206
1666948959.641337,20196.63,20196.63,4.31714972,35.64,64.04291206
1666948969.651099,20196.63,20202.86,4.81412977,41.87,67.35165295
1666948979.679444,20196.63,20202.86,4.81412977,41.87,67.35165295
1666948989.612102,20196.63,20202.86,4.81412977,41.87,67.35165295
1666948999.6558306,20204.53,20204.53,6.23429952,41.87,68.05574228
1666949009.6195364,20204.53,20204.53,6.23429952,41.87,68.05574228
1666949019.8753695,20204.53,20204.53,6.23429952,41.87,68.05574228
1666949029.6394978,20204.53,20209.06,6.59566704,46.4,69.94892687
1666949039.6231833,20204.53,20209.06,6.59566704,46.4,69.94892687
1666949049.655928,20204.53,20209.06,6.59566704,46.4,69.94892687
1666949059.8647895,20220.16,20220.16,9.38104353,58.68,73.75955167
1666949069.6382003,20220.16,20220.16,9.38104353,58.68,73.75955167
1666949079.698636,20220.16,20220.16,9.38104353,58.68,73.75955167
1666949089.6392217,20220.16,20214.09,8.896827,52.61,68.6341615
1666949099.6664488,20220.16,20214.09,8.896827,52.61,68.6341615
1666949109.6723776,20220.16,20214.09,8.896827,52.61,68.6341615
1666949119.6885488,20216.85,20216.85,10.26211495,54.1,70.62912511
1666949129.6337256,20216.85,20216.85,10.26211495,54.1,70.62912511
1666949140.183835,20216.85,20216.85,10.26211495,54.1,70.62912511
1666949150.49915,20216.85,20229.96,11.30792691,67.21,74.78362325
1666949160.2726605,20216.85,20229.96,11.30792691,67.21,74.78362325
1666949170.2658,20216.85,20229.96,11.30792691,67.21,74.78362325
1666949180.5858867,20228.31,20228.31,12.69547806,67.85,74.32656997
1666949190.2613354,20228.31,20228.31,12.69547806,67.85,74.32656997
1666949200.2578082,20228.31,20228.31,12.69547806,67.85,74.32656997
1666949210.2726672,20228.31,20227.21,12.60772878,66.75,73.37178264
1666949220.2550354,20228.31,20227.21,12.60772878,66.75,73.37178264
1666949230.2932138,20228.31,20227.21,12.60772878,66.75,73.37178264
1666949240.2586458,20226.66,20226.66,13.49423914,57.86,72.79250359
1666949250.275492,20226.66,20226.66,13.49423914,57.86,72.79250359
1666949260.2391498,20226.66,20226.66,13.49423914,57.86,72.79250359
1666949270.409461,20226.66,20214.41,12.51703117,45.61,63.23596999
1666949280.2506883,20226.66,20214.41,12.51703117,45.61,63.23596999
1666949290.357085,20226.66,20214.41,12.51703117,45.61,63.23596999
1666949300.2657478,20218.87,20218.87,12.98192886,37.22,66.44820861
1666949310.2378745,20218.87,20218.87,12.98192886,37.22,66.44820861
1666949320.6026585,20218.87,20218.87,12.98192886,37.22,66.44820861
1666949330.5986953,20218.87,20217.46,12.86945023,35.81,65.31854522
1666949340.947734,20218.87,20217.46,12.86945023,35.81,65.31854522
1666949350.6288311,20219.15,20219.15,13.01017654,30.31,66.18301636
1666949360.6203654,20219.15,20219.15,13.01017654,30.31,66.18301636
1666949370.6883504,20219.15,20219.15,13.01017654,30.31,66.18301636
1666949380.6244764,20219.15,20219.16,13.01097426,30.32,66.19155002
1666949390.6959116,20219.15,20219.16,13.01097426,30.32,66.19155002
1666949400.6644175,20219.15,20219.16,13.01097426,30.32,66.19155002
1666949410.6898556,20216.36,20216.36,12.48001071,17.03,63.82582111
1666949420.6516566,20216.36,20216.36,12.48001071,17.03,63.82582111
1666949430.6740851,20216.36,20216.36,12.48001071,17.03,63.82582111
1666949440.678648,20216.36,20222.12,12.93949789,22.79,66.8216271
1666949450.648225,20216.36,20222.12,12.93949789,22.79,66.8216271
1666949460.6529603,20216.36,20222.12,12.93949789,22.79,66.8216271
1666949470.6561358,20225.78,20225.78,13.3678,28.2,68.29954392
1666949480.6986165,20225.78,20225.78,13.3678,28.2,68.29954392
1666949490.7010124,20225.78,20225.78,13.3678,28.2,68.29954392
1666949501.1858623,20225.78,20227.53,13.50740114,29.95,69.01035334
1666949511.1899529,20225.78,20227.53,13.50740114,29.95,69.01035334
1666949521.2007515,20225.78,20227.53,13.50740114,29.95,69.01035334
1666949531.409336,20223.57,20223.57,13.00986548,19.04,66.37686177
1666949541.296058,20223.57,20223.57,13.00986548,19.04,66.37686177
1666949551.2149255,20223.57,20223.57,13.00986548,19.04,66.37686177
1666949561.4613397,20223.57,20218.25,12.58547802,13.72,61.86225935
1666949571.2681904,20223.57,20218.25,12.58547802,13.72,61.86225935
1666949581.2279618,20223.57,20218.25,12.58547802,13.72,61.86225935
1666949591.2603223,20214.16,20214.16,11.38907474,-6.0,58.78825122
1666949601.3989637,20214.16,20214.16,11.38907474,-6.0,58.78825122
1666949611.278629,20214.16,20214.16,11.38907474,-6.0,58.78825122
1666949621.2199163,20214.16,20218.0,11.69539953,-2.16,60.75978063
1666949631.2201183,20214.16,20218.0,11.69539953,-2.16,60.75978063
1666949641.2073324,20214.16,20218.0,11.69539953,-2.16,60.75978063
1666949651.2251863,20213.53,20213.53,10.59073636,-2.79,57.99771937
1666949661.3566136,20213.53,20213.53,10.59073636,-2.79,57.99771937
1666949671.4412508,20213.53,20213.53,10.59073636,-2.79,57.99771937
1666949681.6345232,20213.53,20213.21,10.56520929,-3.11,57.74660083
1666949691.9113865,20213.53,20213.21,10.56520929,-3.11,57.74660083
1666949701.6084125,20213.53,20213.21,10.56520929,-3.11,57.74660083
1666949711.5854836,20209.52,20209.52,9.26136787,-18.79,54.95803842
1666949721.7259693,20209.52,20209.52,9.26136787,-18.79,54.95803842
1666949731.6304402,20209.52,20209.52,9.26136787,-18.79,54.95803842
1666949741.7966366,20209.52,20206.58,9.02683796,-21.73,52.805105
1666949751.6079996,20209.52,20206.58,9.02683796,-21.73,52.805105
1666949761.640207,20209.52,20206.58,9.02683796,-21.73,52.805105
1666949771.6454067,20209.52,20206.58,9.02683796,-21.73,52.805105
1666949781.5971544,20206.04,20206.04,7.87534915,-20.4,52.38362795
1666949791.6270733,20206.04,20206.04,7.87534915,-20.4,52.38362795
1666949801.6082,20206.04,20204.11,7.72138903,-22.33,50.98294884
1666949811.6329372,20206.04,20204.11,7.72138903,-22.33,50.98294884
1666949821.711915,20206.04,20204.11,7.72138903,-22.33,50.98294884
1666949831.662943,20200.47,20200.47,6.07792406,-18.4,48.53532273
1666949841.8429608,20200.47,20200.47,6.07792406,-18.4,48.53532273
1666949851.8593657,20200.47,20200.47,6.07792406,-18.4,48.53532273
1666949862.4147742,20200.47,20189.64,5.21399244,-29.23,42.06465354
1666949872.4279733,20200.47,20189.64,5.21399244,-29.23,42.06465354
1666949882.8490522,20200.47,20189.64,5.21399244,-29.23,42.06465354
1666949892.410359,20193.32,20193.32,3.87990634,-26.66,44.25197454
1666949902.4229512,20193.32,20193.32,3.87990634,-26.66,44.25197454
1666949912.3924365,20193.32,20193.32,3.87990634,-26.66,44.25197454
1666949922.400791,20193.32,20197.49,4.21255591,-22.49,47.23245783
1666949932.387685,20193.32,20197.49,4.21255591,-22.49,47.23245783
1666949942.4269197,20193.32,20197.49,4.21255591,-22.49,47.23245783
1666949952.444463,20193.32,20197.49,4.21255591,-22.49,47.23245783
1666949962.4118977,20192.99,20192.99,2.57195259,-24.34,44.00225373
1666949972.5270824,20192.99,20192.99,2.57195259,-24.34,44.00225373
1666949982.4169211,20192.99,20191.91,2.48579875,-25.42,43.3148536
1666949992.470649,20192.99,20191.91,2.48579875,-25.42,43.3148536
1666950002.4439795,20192.99,20191.91,2.48579875,-25.42,43.3148536
1666950012.472422,20192.04,20192.04,1.44057041,-33.74,43.36828147
1666950022.4137654,20192.04,20192.04,1.44057041,-33.74,43.36828147
1666950032.4433515,20192.04,20192.04,1.44057041,-33.74,43.36828147
1666950042.9479496,20192.04,20199.3,2.0197157,-26.48,49.10092799
1666950052.855152,20192.04,20199.3,2.0197157,-26.48,49.10092799
1666950062.8408444,20192.04,20199.3,2.0197157,-26.48,49.10092799
1666950072.8343024,20199.84,20199.84,1.66349533,-23.73,49.48849408
1666950082.8028278,20199.84,20199.84,1.66349533,-23.73,49.48849408
1666950092.821453,20199.84,20199.84,1.66349533,-23.73,49.48849408
1666950102.9629111,20199.84,20199.56,1.64115915,-24.01,49.27896398
1666950112.851288,20199.84,20199.56,1.64115915,-24.01,49.27896398
1666950122.8300946,20199.84,20199.56,1.64115915,-24.01,49.27896398
1666950132.86896,20189.64,20189.64,-0.11019903,-24.52,42.85121417
1666950142.857993,20189.64,20189.64,-0.11019903,-24.52,42.85121417
1666950152.846998,20189.64,20189.64,-0.11019903,-24.52,42.85121417
1666950162.955169,20189.64,20188.38,-0.21071185,-25.78,42.1000692
1666950172.8540473,20189.64,20188.38,-0.21071185,-25.78,42.1000692
1666950182.9002855,20189.64,20188.38,-0.21071185,-25.78,42.1000692
1666950192.851473,20187.54,20187.54,-1.20784442,-27.65,41.84525881
1666950203.133577,20187.54,20187.54,-1.20784442,-27.65,41.84525881
1666950212.8917098,20187.54,20187.54,-1.20784442,-27.65,41.84525881
1666950223.6400642,20187.54,20194.97,-0.61513786,-20.22,47.49215144
1666950233.861796,20187.54,20194.97,-0.61513786,-20.22,47.49215144
1666950243.64156,20187.54,20194.97,-0.61513786,-20.22,47.49215144
1666950253.611248,20195.85,20195.85,-0.69746258,-14.45,48.08915424
1666950263.7482102,20195.85,20195.85,-0.69746258,-14.45,48.08915424
1666950273.6194074,20195.85,20195.85,-0.69746258,-14.45,48.08915424
1666950283.5782368,20195.85,20195.22,-0.74771899,-15.08,47.67127436
1666950293.6494248,20195.85,20195.22,-0.74771899,-15.08,47.67127436
1666950303.6282408,20195.85,20195.22,-0.74771899,-15.08,47.67127436
1666950313.6397402,20193.01,20193.01,-1.21048273,-13.86,46.26110255
1666950323.644565,20193.01,20193.01,-1.21048273,-13.86,46.26110255
1666950333.6362417,20193.01,20193.01,-1.21048273,-13.86,46.26110255
1666950343.6936698,20193.01,20191.76,-1.31019783,-15.11,45.4423022
1666950353.631431,20193.01,20191.76,-1.31019783,-15.11,45.4423022
1666950363.899652,20193.01,20191.76,-1.31019783,-15.11,45.4423022
1666950373.6373625,20185.96,20185.96,-2.4177339,-14.51,41.99354548
1666950383.6737175,20185.96,20185.96,-2.4177339,-14.51,41.99354548
1666950393.9316854,20185.96,20185.96,-2.4177339,-14.51,41.99354548
1666950404.2683847,20185.96,20188.53,-2.21271966,-11.94,44.02084711
1666950414.2890253,20185.96,20188.53,-2.21271966,-11.94,44.02084711
1666950424.508016,20185.96,20188.53,-2.21271966,-11.94,44.02084711
1666950434.294958,20186.12,20186.12,-2.87279402,-6.26,42.12403545
1666950444.3141973,20186.12,20186.12,-2.87279402,-6.26,42.12403545
1666950454.3072386,20186.12,20186.12,-2.87279402,-6.26,42.12403545
1666950464.2602053,20186.12,20185.86,-2.89353476,-6.52,41.95885354
1666950474.260517,20186.12,20185.86,-2.89353476,-6.52,41.95885354
1666950484.2626777,20186.12,20185.86,-2.89353476,-6.52,41.95885354
1666950494.2849958,20186.29,20186.29,-3.24475882,-6.69,42.5296011
1666950504.2604492,20186.29,20186.29,-3.24475882,-6.69,42.5296011
1666950514.2594633,20186.29,20186.29,-3.24475882,-6.69,42.5296011
1666950524.3035023,20186.29,20187.69,-3.13307791,-5.29,43.7766972
1666950534.5013337,20186.29,20187.69,-3.13307791,-5.29,43.7766972
1666950544.3244529,20186.29,20187.69,-3.13307791,-5.29,43.7766972
1666950554.3013067,20193.42,20193.42,-2.4387928,0.8,48.36281157
1666950564.5123315,20193.42,20193.42,-2.4387928,0.8,48.36281157
1666950574.2783513,20193.42,20193.42,-2.4387928,0.8,48.36281157
1666950585.0082304,20193.42,20192.57,-2.50659907,-0.05,47.74070281
1666950594.8828652,20193.42,20192.57,-2.50659907,-0.05,47.74070281
1666950604.7381024,20193.42,20192.57,-2.50659907,-0.05,47.74070281
1666950614.8259478,20187.38,20187.38,-3.12518906,-12.46,44.42639605
1666950624.721716,20187.38,20187.38,-3.12518906,-12.46,44.42639605
1666950634.8585896,20187.38,20187.38,-3.12518906,-12.46,44.42639605
1666950644.665551,20187.38,20185.89,-3.24404945,-13.95,43.32374329
1666950654.7098498,20187.38,20185.89,-3.24404945,-13.95,43.32374329
1666950664.8619375,20187.38,20185.89,-3.24404945,-13.95,43.32374329
1666950674.7261171,20181.54,20181.54,-4.02853459,-8.1,40.70498984
1666950684.6969757,20181.54,20181.54,-4.02853459,-8.1,40.70498984
1666950694.6800077,20181.54,20181.54,-4.02853459,-8.1,40.70498984
1666950704.7214026,20181.54,20186.7,-3.61691066,-2.94,44.95537861
1666950714.7314625,20181.54,20186.7,-3.61691066,-2.94,44.95537861
1666950724.6878934,20181.54,20186.7,-3.61691066,-2.94,44.95537861
1666950734.7426653,20185.5,20185.5,-3.78713886,-1.23,44.04349827
1666950745.0624485,20185.5,20185.5,-3.78713886,-1.23,44.04349827
1666950754.7230003,20185.5,20185.5,-3.78713886,-1.23,44.04349827
1666950765.2525938,20185.5,20185.5,-3.78713886,-1.23,44.04349827
1666950775.2317295,20185.5,20185.5,-3.78713886,-1.23,44.04349827
1666950785.2481008,20185.5,20185.5,-3.78713886,-1.23,44.04349827
1666950795.2659476,20181.35,20181.35,-4.41024366,-14.5,41.55829404
1666950805.28569,20181.35,20181.35,-4.41024366,-14.5,41.55829404
1666950815.492955,20181.35,20181.35,-4.41024366,-14.5,41.55829404
1666950825.2915156,20181.35,20177.06,-4.75246589,-18.79,38.78307664
1666950835.3089564,20181.35,20177.06,-4.75246589,-18.79,38.78307664
1666950845.293777,20181.35,20177.06,-4.75246589,-18.79,38.78307664
1666950855.3118954,20187.65,20187.65,-3.65446578,-5.36,46.67831571
1666950865.465,20187.65,20187.65,-3.65446578,-5.36,46.67831571
1666950875.3251972,20187.65,20187.65,-3.65446578,-5.36,46.67831571
1666950885.3236313,20187.65,20190.01,-3.46620367,-3.0,48.49853873
1666950895.318493,20187.65,20190.01,-3.46620367,-3.0,48.49853873
1666950905.43152,20187.65,20190.01,-3.46620367,-3.0,48.49853873
1666950915.3184144,20192.63,20192.63,-2.74863344,6.67,50.41200592
1666950925.320469,20192.63,20192.63,-2.74863344,6.67,50.41200592
1666950935.3471596,20192.63,20192.63,-2.74863344,6.67,50.41200592
1666950945.952844,20192.63,20191.51,-2.83797817,5.55,49.57131335
1666950955.9289384,20192.63,20191.51,-2.83797817,5.55,49.57131335
1666950965.9028351,20192.63,20191.51,-2.83797817,5.55,49.57131335
1666950975.9330726,20190.06,20190.06,-2.57566221,3.94,48.45403277
1666950985.952943,20190.06,20190.06,-2.57566221,3.94,48.45403277
1666950995.977452,20190.06,20190.06,-2.57566221,3.94,48.45403277
1666951006.1667254,20190.06,20192.56,-2.37623201,6.44,50.42908917
1666951015.9716997,20190.06,20192.56,-2.37623201,6.44,50.42908917
1666951025.951352,20190.06,20192.56,-2.37623201,6.44,50.42908917
1666951035.9648523,20194.55,20194.55,-1.68419934,9.27,51.93481127
1666951045.9632623,20194.55,20194.55,-1.68419934,9.27,51.93481127
1666951055.9142396,20194.55,20194.55,-1.68419934,9.27,51.93481127
1666951065.9258797,20194.55,20193.35,-1.77992583,8.07,50.93018159
1666951076.0977054,20194.55,20193.35,-1.77992583,8.07,50.93018159
1666951085.9714048,20194.55,20193.35,-1.77992583,8.07,50.93018159
1666951096.2095149,20192.68,20192.68,-1.54725962,-0.74,50.41362107
1666951105.9573507,20192.68,20192.68,-1.54725962,-0.74,50.41362107
1666951115.969317,20192.68,20192.68,-1.54725962,-0.74,50.41362107
1666951126.5919158,20192.68,20189.23,-1.8224733,-4.19,47.59948442
1666951136.630758,20192.68,20189.23,-1.8224733,-4.19,47.59948442
1666951146.6104648,20192.68,20189.23,-1.8224733,-4.19,47.59948442
1666951156.603706,20191.1,20191.1,-1.49256706,4.47,49.08885375
1666951166.8240256,20191.1,20191.1,-1.49256706,4.47,49.08885375
1666951176.6242402,20191.1,20191.1,-1.49256706,4.47,49.08885375
1666951186.6002493,20191.1,20201.76,-0.64219669,15.13,57.29246299
1666951196.7276075,20191.1,20201.76,-0.64219669,15.13,57.29246299
1666951206.617722,20191.1,20201.76,-0.64219669,15.13,57.29246299
1666951216.660995,20203.48,20203.48,0.41610936,21.94,58.37469593
1666951226.8300402,20203.48,20203.48,0.41610936,21.94,58.37469593
1666951236.9736235,20203.48,20203.48,0.41610936,21.94,58.37469593
1666951246.629092,20203.48,20199.73,0.11696406,18.19,55.09655106
1666951256.861555,20203.48,20199.73,0.11696406,18.19,55.09655106
1666951266.6499689,20203.48,20199.73,0.11696406,18.19,55.09655106
1666951276.60647,20197.28,20197.28,0.25657798,12.13,53.14664286
1666951286.6789331,20197.28,20197.28,0.25657798,12.13,53.14664286
1666951296.634896,20197.28,20197.28,0.25657798,12.13,53.14664286
1666951307.6299753,20197.28,20196.67,0.20791701,11.52,52.64705455
1666951317.9684355,20197.28,20196.67,0.20791701,11.52,52.64705455
1666951327.6320317,20197.28,20196.67,0.20791701,11.52,52.64705455
1666951337.6599276,20198.88,20198.88,0.79962095,18.23,54.10972877
1666951347.658616,20198.88,20198.88,0.79962095,18.23,54.10972877
1666951357.6507564,20198.88,20198.88,0.79962095,18.23,54.10972877
1666951367.8353264,20198.88,20197.65,0.7015013,17.0,53.07304747
1666951377.6654377,20198.88,20197.65,0.7015013,17.0,53.07304747
1666951387.670565,20198.88,20197.65,0.7015013,17.0,53.07304747
1666951397.6871345,20196.47,20196.47,0.76766631,8.82,52.06493695
1666951407.674718,20196.47,20196.47,0.76766631,8.82,52.06493695
1666951417.9964795,20196.47,20196.47,0.76766631,8.82,52.06493695
1666951427.639072,20196.47,20196.49,0.76926175,8.84,52.08207807
1666951437.7127774,20196.47,20196.49,0.76926175,8.84,52.08207807
1666951447.6757944,20196.47,20196.49,0.76926175,8.84,52.08207807
1666951457.6920204,20196.0,20196.0,0.7668161,3.99,51.66534385
1666951467.831525,20196.0,20196.0,0.7668161,3.99,51.66534385
1666951477.7155068,20196.0,20196.0,0.7668161,3.99,51.66534385
1666951488.34177,20196.0,20195.91,0.75963662,3.9,51.58370169
1666951498.3593762,20196.0,20195.91,0.75963662,3.9,51.58370169
1666951508.3548384,20196.0,20195.91,0.75963662,3.9,51.58370169
1666951518.355394,20197.04,20197.04,0.93811442,5.88,52.52248204
1666951528.5001435,20197.04,20197.04,0.93811442,5.88,52.52248204
1666951538.356089,20197.04,20197.04,0.93811442,5.88,52.52248204
1666951548.3117957,20197.04,20189.88,0.36694633,-1.28,46.36394701
1666951558.3514223,20197.04,20189.88,0.36694633,-1.28,46.36394701
1666951568.3474357,20197.04,20189.88,0.36694633,-1.28,46.36394701
1666951578.4227722,20189.22,20189.22,-0.11319735,-5.33,45.86818342
1666951588.6100872,20189.22,20189.22,-0.11319735,-5.33,45.86818342
1666951598.352937,20189.22,20189.22,-0.11319735,-5.33,45.86818342
1666951608.4417636,20189.22,20184.4,-0.49769878,-10.15,42.31002488
1666951618.3726344,20189.22,20184.4,-0.49769878,-10.15,42.31002488
1666951628.3878174,20189.22,20184.4,-0.49769878,-10.15,42.31002488
1666951638.4042945,20177.33,20177.33,-2.09499572,-14.77,37.96522948
1666951648.5190976,20177.33,20177.33,-2.09499572,-14.77,37.96522948
1666951658.649231,20177.33,20177.33,-2.09499572,-14.77,37.96522948
1666951669.1759255,20177.33,20165.13,-3.06821509,-26.97,31.91058385
1666951679.164809,20177.33,20165.13,-3.06821509,-26.97,31.91058385
1666951689.1477563,20177.33,20165.13,-3.06821509,-26.97,31.91058385
1666951699.1404853,20164.08,20164.08,-4.82690466,-27.02,31.82711789
1666951709.3420143,20164.08,20164.08,-4.82690466,-27.02,31.82711789
1666951719.1652956,20164.08,20164.08,-4.82690466,-27.02,31.82711789
1666951729.3092847,20164.08,20169.66,-4.38177645,-21.44,36.65192004
1666951739.1237094,20164.08,20169.66,-4.38177645,-21.44,36.65192004
1666951749.1606965,20164.08,20169.66,-4.38177645,-21.44,36.65192004
1666951759.1878889,20170.88,20170.88,-5.0650285,-32.6,37.69315051
1666951769.3115704,20170.88,20170.88,-5.0650285,-32.6,37.69315051
1666951779.1413393,20170.88,20170.88,-5.0650285,-32.6,37.69315051
1666951789.415447,20170.88,20176.28,-4.63425927,-27.2,41.82693748
1666951799.1344757,20170.88,20176.28,-4.63425927,-27.2,41.82693748
1666951809.175016,20170.88,20176.28,-4.63425927,-27.2,41.82693748
1666951819.144881,20178.66,20178.66,-4.59507878,-18.62,43.563452
1666951829.1859057,20178.66,20178.66,-4.59507878,-18.62,43.563452
1666951839.1955962,20178.66,20178.66,-4.59507878,-18.62,43.563452
1666951849.574102,20178.66,20180.74,-4.42915286,-16.54,45.06097765
1666951859.6123302,20178.66,20180.74,-4.42915286,-16.54,45.06097765
1666951869.5808263,20178.66,20180.74,-4.42915286,-16.54,45.06097765
1666951879.608377,20171.78,20171.78,-5.52284441,-28.03,39.69473337
1666951889.612517,20171.78,20171.78,-5.52284441,-28.03,39.69473337
1666951899.592245,20171.78,20171.78,-5.52284441,-28.03,39.69473337
1666951909.6038234,20171.78,20171.33,-5.55874184,-28.48,39.45967089
1666951919.5853918,20171.78,20171.33,-5.55874184,-28.48,39.45967089
1666951929.619064,20171.78,20171.33,-5.55874184,-28.48,39.45967089
1666951939.5660582,20170.4,20170.4,-6.05671396,-26.89,39.27464127
1666951949.575348,20170.4,20170.4,-6.05671396,-26.89,39.27464127
1666951959.727311,20170.4,20170.4,-6.05671396,-26.89,39.27464127
1666951969.6016164,20170.4,20180.4,-5.25899316,-16.89,46.5834468
1666951979.6031766,20170.4,20180.4,-5.25899316,-16.89,46.5834468
1666951989.6191168,20170.4,20180.4,-5.25899316,-16.89,46.5834468
1666951999.611003,20183.99,20183.99,-4.38242051,-12.01,48.82361209
1666952009.608121,20183.99,20183.99,-4.38242051,-12.01,48.82361209
1666952019.645219,20183.99,20183.99,-4.38242051,-12.01,48.82361209
1666952030.088677,20183.99,20190.09,-3.89581082,-5.91,52.42726323
1666952040.298962,20183.99,20190.09,-3.89581082,-5.91,52.42726323
1666952050.1341083,20183.99,20190.09,-3.89581082,-5.91,52.42726323
1666952060.1762075,20186.02,20186.02,-3.54498759,-11.09,50.08198148
1666952070.1051247,20186.02,20186.02,-3.54498759,-11.09,50.08198148
1666952080.0746937,20186.02,20186.02,-3.54498759,-11.09,50.08198148
1666952090.1300228,20186.02,20184.51,-3.66544343,-12.6,49.11456297
1666952100.0930986,20186.02,20184.51,-3.66544343,-12.6,49.11456297
1666952110.0949893,20186.02,20184.51,-3.66544343,-12.6,49.11456297
1666952120.3770032,20184.42,20184.42,-3.14302351,-4.8,49.01231524
1666952130.1451669,20184.42,20184.42,-3.14302351,-4.8,49.01231524
1666952140.342501,20184.42,20184.42,-3.14302351,-4.8,49.01231524
1666952150.3432565,20184.42,20181.09,-3.40866454,-8.13,46.86673627
1666952160.1097476,20184.42,20181.09,-3.40866454,-8.13,46.86673627
1666952170.1172516,20184.42,20181.09,-3.40866454,-8.13,46.86673627
1666952180.1097825,20182.78,20182.78,-2.97979085,4.92,47.9286501
1666952190.1262045,20182.78,20182.78,-2.97979085,4.92,47.9286501
1666952200.3476157,20182.78,20182.78,-2.97979085,4.92,47.9286501
1666952210.9144874,20182.78,20182.02,-3.04041763,4.16,47.40701545
1666952220.9641893,20182.78,20182.02,-3.04041763,4.16,47.40701545
1666952230.937861,20182.78,20182.02,-3.04041763,4.16,47.40701545
1666952240.93163,20174.02,20174.02,-3.91195359,10.59,42.50305454
1666952250.999834,20174.02,20174.02,-3.91195359,10.59,42.50305454
1666952261.021177,20174.02,20174.02,-3.91195359,10.59,42.50305454
1666952271.2136362,20174.02,20171.72,-4.09542937,8.29,41.19305341
1666952280.9392178,20174.02,20171.72,-4.09542937,8.29,41.19305341
1666952290.941155,20167.02,20167.02,-5.08599134,-4.14,38.75232575
1666952300.9752886,20167.02,20167.02,-5.08599134,-4.14,38.75232575
1666952311.0514808,20167.02,20167.02,-5.08599134,-4.14,38.75232575
1666952320.9405313,20167.02,20168.94,-4.93282895,-2.22,40.30828231
1666952331.0092216,20167.02,20168.94,-4.93282895,-2.22,40.30828231
1666952341.002074,20167.02,20168.94,-4.93282895,-2.22,40.30828231
1666952351.0228455,20171.05,20171.05,-4.89386548,-6.66,42.05334656
1666952361.0251265,20171.05,20171.05,-4.89386548,-6.66,42.05334656
1666952370.9883788,20171.05,20171.05,-4.89386548,-6.66,42.05334656
1666952381.0929668,20171.05,20174.01,-4.65774013,-3.7,44.1780023
1666952391.9418,20171.05,20174.01,-4.65774013,-3.7,44.1780023
1666952401.7456129,20171.05,20174.01,-4.65774013,-3.7,44.1780023
1666952411.7533686,20181.62,20181.62,-3.49274004,9.01,49.31754974
1666952421.841464,20181.62,20181.62,-3.49274004,9.01,49.31754974
1666952431.8496528,20181.62,20181.62,-3.49274004,9.01,49.31754974
1666952441.749215,20181.62,20184.65,-3.25103064,12.04,51.24243211
1666952451.7801414,20181.62,20184.65,-3.25103064,12.04,51.24243211
1666952461.753301,20181.62,20184.65,-3.25103064,12.04,51.24243211
1666952471.7791069,20185.49,20185.49,-2.46873569,15.95,51.75044711
1666952481.7894554,20185.49,20185.49,-2.46873569,15.95,51.75044711
1666952491.9899435,20185.49,20185.49,-2.46873569,15.95,51.75044711
1666952502.2589035,20185.49,20184.28,-2.5652599,14.74,50.92730286
1666952511.7904973,20185.49,20184.28,-2.5652599,14.74,50.92730286
1666952521.7933636,20185.49,20184.28,-2.5652599,14.74,50.92730286
1666952531.7813294,20201.47,20201.47,0.3787802,18.09,60.23803878
1666952542.064822,20201.47,20201.47,0.3787802,18.09,60.23803878
1666952551.7800877,20201.47,20201.47,0.3787802,18.09,60.23803878
1666952561.925918,20201.47,20207.61,0.86858077,24.23,62.93590762
1666952572.1766806,20201.47,20207.61,0.86858077,24.23,62.93590762
1666952582.142346,20201.47,20207.61,0.86858077,24.23,62.93590762
1666952592.1575706,20217.76,20217.76,3.9679873,31.74,66.31766724
1666952602.1609254,20217.76,20217.76,3.9679873,31.74,66.31766724
1666952612.1551652,20217.76,20217.76,3.9679873,31.74,66.31766724
1666952622.1861272,20217.76,20211.54,3.47180497,25.52,62.25392554
1666952632.253076,20217.76,20211.54,3.47180497,25.52,62.25392554
1666952642.2078817,20217.76,20211.54,3.47180497,25.52,62.25392554
1666952652.191936,20234.43,20234.43,8.01323045,49.06,71.7013586
1666952662.2832778,20234.43,20234.43,8.01323045,49.06,71.7013586
1666952672.3442328,20234.43,20234.43,8.01323045,49.06,71.7013586
1666952682.1665292,20234.43,20242.09,8.62428458,56.72,73.67455679
1666952692.4068458,20234.43,20242.09,8.62428458,56.72,73.67455679
1666952702.357145,20234.43,20242.09,8.62428458,56.72,73.67455679
1666952712.1924086,20234.43,20242.09,8.62428458,56.72,73.67455679
1666952722.4968705,20235.51,20235.51,10.26920921,52.67,71.49031489
1666952732.1633863,20235.51,20235.51,10.26920921,52.67,71.49031489
1666952742.237931,20235.51,20236.35,10.33621776,53.51,72.10850151
1666952752.826492,20235.51,20236.35,10.33621776,53.51,72.10850151
1666952762.8433485,20235.51,20236.35,10.33621776,53.51,72.10850151
1666952772.824089,20239.49,20239.49,12.41013193,64.73,72.57388709
1666952783.017839,20239.49,20239.49,12.41013193,64.73,72.57388709
1666952792.8304667,20239.49,20239.49,12.41013193,64.73,72.57388709
1666952802.876133,20239.49,20234.45,12.00808065,59.69,68.90443558
1666952812.8316636,20239.49,20234.45,12.00808065,59.69,68.90443558
1666952822.8458014,20239.49,20234.45,12.00808065,59.69,68.90443558
1666952832.8284142,20239.94,20239.94,13.70210992,72.92,72.91584908
1666952842.8871458,20239.94,20239.94,13.70210992,72.92,72.91584908
1666952853.2224865,20239.94,20239.94,13.70210992,72.92,72.91584908
1666952863.0080605,20239.94,20238.47,13.58484496,71.45,71.71067218
1666952873.0223408,20239.94,20238.47,13.58484496,71.45,71.71067218
1666952882.896058,20239.94,20238.47,13.58484496,71.45,71.71067218
1666952892.906049,20234.95,20234.95,13.75192099,63.14,68.56751832
1666952902.846335,20234.95,20234.95,13.75192099,63.14,68.56751832
1666952912.9260633,20234.95,20234.95,13.75192099,63.14,68.56751832
1666952922.8548942,20234.95,20232.32,13.54212042,60.51,66.98974276
1666952933.2523,20234.95,20232.32,13.54212042,60.51,66.98974276
1666952943.273951,20234.95,20232.32,13.54212042,60.51,66.98974276
1666952953.275241,20232.51,20232.51,13.67547028,50.89,67.12875817
1666952963.2581365,20232.51,20232.51,13.67547028,50.89,67.12875817
1666952973.2991958,20232.51,20232.51,13.67547028,50.89,67.12875817
1666952983.2747335,20232.51,20232.51,13.67547028,50.89,67.12875817
1666952993.2754042,20232.51,20231.71,13.61165262,50.09,66.4795503
1666953003.2811809,20232.51,20231.71,13.61165262,50.09,66.4795503
1666953013.585687,20218.34,20218.34,11.60349452,32.85,57.22963862
1666953023.3188243,20218.34,20218.34,11.60349452,32.85,57.22963862
1666953033.2747405,20218.34,20218.34,11.60349452,32.85,57.22963862
1666953043.2997105,20218.34,20214.49,11.29637202,29.0,54.86241942
1666953053.4516313,20218.34,20214.49,11.29637202,29.0,54.86241942
1666953063.2903228,20218.34,20214.49,11.29637202,29.0,54.86241942
1666953073.3007178,20215.07,20215.07,10.22878323,13.6,55.15525185
1666953083.2932966,20215.07,20215.07,10.22878323,13.6,55.15525185
1666953093.330754,20215.07,20215.07,10.22878323,13.6,55.15525185
1666953103.3097906,20215.07,20214.0,10.1434271,12.53,54.55806743
1666953113.8551977,20215.07,20214.0,10.1434271,12.53,54.55806743
1666953124.1077263,20215.07,20214.0,10.1434271,12.53,54.55806743
1666953133.839172,20215.75,20215.75,9.31288564,-2.96,55.54379727
1666953143.8669057,20215.75,20215.75,9.31288564,-2.96,55.54379727
1666953153.9123504,20215.75,20215.75,9.31288564,-2.96,55.54379727
1666953163.900992,20215.75,20212.84,9.08074889,-5.87,53.72773089
1666953174.096974,20215.75,20212.84,9.08074889,-5.87,53.72773089
1666953183.8814218,20215.75,20212.84,9.08074889,-5.87,53.72773089
1666953193.877323,20219.06,20219.06,8.98145694,-15.36,57.27479593
1666953203.8765724,20219.06,20219.06,8.98145694,-15.36,57.27479593
1666953213.8866868,20219.06,20219.06,8.98145694,-15.36,57.27479593
1666953223.857065,20219.06,20228.2,9.71057375,-6.22,61.70852679
1666953233.910778,20219.06,20228.2,9.71057375,-6.22,61.70852679
1666953243.9238884,20219.06,20228.2,9.71057375,-6.22,61.70852679
1666953253.8874884,20229.15,20229.15,9.838912,-7.44,62.11713343
1666953263.8831508,20229.15,20229.15,9.838912,-7.44,62.11713343
1666953273.855437,20229.15,20229.15,9.838912,-7.44,62.11713343
1666953283.9124498,20229.15,20238.61,10.59355587,2.02,66.00708321
1666953294.2903495,20229.15,20238.61,10.59355587,2.02,66.00708321
1666953304.3133967,20229.15,20238.61,10.59355587,2.02,66.00708321
1666953314.460123,20237.16,20237.16,10.90089247,-3.35,65.45954723
1666953324.2949169,20237.16,20237.16,10.90089247,-3.35,65.45954723
1666953334.599389,20237.16,20237.16,10.90089247,-3.35,65.45954723
1666953344.3505824,20237.16,20237.47,10.92562181,-3.04,65.58990739
1666953354.4631765,20237.16,20237.47,10.92562181,-3.04,65.58990739
1666953364.3082688,20237.16,20237.47,10.92562181,-3.04,65.58990739
1666953374.3421955,20228.27,20228.27,9.8507433,-11.75,59.20956719
1666953384.2811673,20228.27,20228.27,9.8507433,-11.75,59.20956719
1666953394.5446763,20228.27,20228.27,9.8507433,-11.75,59.20956719
1666953404.276605,20228.27,20226.87,9.73906239,-13.15,58.26608773
1666953414.3418694,20228.27,20226.87,9.73906239,-13.15,58.26608773
1666953424.305279,20228.27,20226.87,9.73906239,-13.15,58.26608773
1666953434.3502638,20223.67,20223.67,8.82107072,-10.18,56.21850345
1666953444.3501134,20223.67,20223.67,8.82107072,-10.18,56.21850345
1666953454.3448007,20223.67,20223.67,8.82107072,-10.18,56.21850345
1666953464.3467686,20223.67,20213.03,7.97229579,-20.82,49.93492987
1666953475.3269117,20223.67,20213.03,7.97229579,-20.82,49.93492987
1666953485.1359808,20223.67,20213.03,7.97229579,-20.82,49.93492987
1666953495.1570654,20207.71,20207.71,5.90206121,-24.89,47.35701621
1666953505.148162,20207.71,20207.71,5.90206121,-24.89,47.35701621
1666953515.265273,20207.71,20207.71,5.90206121,-24.89,47.35701621
1666953525.3312397,20207.71,20209.87,6.07436891,-22.73,48.53114405
1666953535.1031158,20207.71,20209.87,6.07436891,-22.73,48.53114405
1666953545.145332,20207.71,20209.87,6.07436891,-22.73,48.53114405
1666953555.1675265,20209.94,20209.94,4.92586454,-8.4,48.56519089
1666953565.1401775,20209.94,20209.94,4.92586454,-8.4,48.56519089
1666953575.1230936,20209.94,20209.94,4.92586454,-8.4,48.56519089
1666953585.1072865,20209.94,20197.83,3.95982466,-20.51,42.84290251
1666953595.3433084,20209.94,20197.83,3.95982466,-20.51,42.84290251
1666953605.1377225,20209.94,20197.83,3.95982466,-20.51,42.84290251
1666953615.1632223,20191.81,20191.81,1.38075227,-22.57,40.47231993
1666953625.1231332,20191.81,20191.81,1.38075227,-22.57,40.47231993
1666953635.376601,20191.81,20191.81,1.38075227,-22.57,40.47231993
1666953645.1758134,20191.81,20191.77,1.37756138,-22.61,40.45630185
1666953655.4959705,20191.81,20191.77,1.37756138,-22.61,40.45630185
1666953665.5124998,20191.81,20191.77,1.37756138,-22.61,40.45630185
1666953675.481458,20189.41,20189.41,-0.57430149,-25.27,39.51200649
1666953685.858391,20189.41,20189.41,-0.57430149,-25.27,39.51200649
1666953695.5194376,20189.41,20189.41,-0.57430149,-25.27,39.51200649
1666953705.5507064,20189.41,20190.9,-0.4554411,-23.78,40.29236948
1666953715.51347,20189.41,20190.9,-0.4554411,-23.78,40.29236948
1666953725.5791864,20189.41,20190.9,-0.4554411,-23.78,40.29236948
1666953735.7283168,20193.47,20193.47,-1.51849192,-25.59,41.91886885
1666953745.557887,20193.47,20193.47,-1.51849192,-25.59,41.91886885
1666953755.557665,20193.47,20193.47,-1.51849192,-25.59,41.91886885
1666953765.5354185,20193.47,20187.37,-2.00510161,-31.69,38.94713433
1666953775.556379,20193.47,20187.37,-2.00510161,-31.69,38.94713433
1666953785.8013487,20193.47,20187.37,-2.00510161,-31.69,38.94713433
1666953795.5746405,20185.56,20185.56,-3.43465282,-43.59,38.17769522
1666953805.5677638,20185.56,20185.56,-3.43465282,-43.59,38.17769522
1666953815.5913904,20185.56,20185.56,-3.43465282,-43.59,38.17769522
1666953825.5670502,20185.56,20183.91,-3.56627675,-45.24,37.48812627
1666953836.079728,20185.56,20183.91,-3.56627675,-45.24,37.48812627
1666953846.101607,20185.56,20183.91,-3.56627675,-45.24,37.48812627
1666953856.035813,20182.32,20182.32,-4.94041996,-54.85,36.84679722
1666953866.262496,20182.32,20182.32,-4.94041996,-54.85,36.84679722
1666953876.0682511,20182.32,20182.32,-4.94041996,-54.85,36.84679722
1666953886.0619054,20182.32,20184.31,-4.78167353,-52.86,38.27018358
1666953896.1187246,20182.32,20184.31,-4.78167353,-52.86,38.27018358
1666953906.0765865,20182.32,20184.31,-4.78167353,-52.86,38.27018358
1666953916.1071055,20183.29,20183.29,-5.74270813,-44.98,37.56522674
1666953926.110092,20183.29,20183.29,-5.74270813,-44.98,37.56522674
1666953936.0750792,20183.29,20183.29,-5.74270813,-44.98,37.56522674
1666953946.0990703,20183.29,20182.8,-5.78179645,-45.47,37.2456757
1666953956.2762375,20183.29,20182.8,-5.78179645,-45.47,37.2456757
1666953966.12005,20183.29,20182.8,-5.78179645,-45.47,37.2456757
1666953976.1143975,20184.13,20184.13,-6.17045679,-39.54,38.43947233
1666953986.0992937,20184.13,20184.13,-6.17045679,-39.54,38.43947233
1666953996.0905433,20184.13,20184.13,-6.17045679,-39.54,38.43947233
1666954006.1406,20184.13,20176.18,-6.80464482,-47.49,34.87912704
1666954016.9066448,20184.13,20176.18,-6.80464482,-47.49,34.87912704
1666954026.9551978,20184.13,20176.18,-6.80464482,-47.49,34.87912704
1666954036.9620488,20171.48,20171.48,-8.27194036,-35.53,33.03946287
1666954047.0322125,20171.48,20171.48,-8.27194036,-35.53,33.03946287
1666954056.9766593,20171.48,20171.48,-8.27194036,-35.53,33.03946287
1666954066.9892092,20171.48,20167.75,-8.56949022,-39.26,31.63696171
1666954077.0938442,20171.48,20167.75,-8.56949022,-39.26,31.63696171
1666954086.933885,20171.48,20167.75,-8.56949022,-39.26,31.63696171
1666954096.9725254,20168.84,20168.84,-9.52651896,-41.45,32.45220759
1666954107.01538,20168.84,20168.84,-9.52651896,-41.45,32.45220759
1666954116.9674366,20168.84,20168.84,-9.52651896,-41.45,32.45220759
1666954126.9743192,20168.84,20163.49,-9.95329959,-46.8,30.06239645
1666954136.948069,20168.84,20163.49,-9.95329959,-46.8,30.06239645
1666954146.992448,20168.84,20163.49,-9.95329959,-46.8,30.06239645
1666954157.1853473,20158.95,20158.95,-11.56785894,-32.86,28.54885197
1666954166.9806943,20158.95,20158.95,-11.56785894,-32.86,28.54885197
1666954177.0241835,20158.95,20158.95,-11.56785894,-32.86,28.54885197
1666954186.9490757,20158.95,20164.04,-11.16181906,-27.77,32.57026206
1666954197.5589013,20158.95,20164.04,-11.16181906,-27.77,32.57026206
1666954207.5692918,20158.95,20164.04,-11.16181906,-27.77,32.57026206
1666954217.5412776,20152.53,20152.53,-13.33479904,-37.6,26.52094214
1666954227.5433807,20152.53,20152.53,-13.33479904,-37.6,26.52094214
1666954237.5379975,20152.53,20152.53,-13.33479904,-37.6,26.52094214
1666954247.562578,20152.53,20146.85,-13.78790446,-43.28,24.83979405
1666954257.7077904,20152.53,20146.85,-13.78790446,-43.28,24.83979405
1666954267.8740635,20152.53,20146.85,-13.78790446,-43.28,24.83979405
1666954277.5563214,20142.79,20142.79,-15.5421983,-49.09,23.76289178
1666954287.6105275,20142.79,20142.79,-15.5421983,-49.09,23.76289178
1666954297.641468,20142.79,20142.79,-15.5421983,-49.09,23.76289178
1666954307.5574708,20142.79,20138.85,-15.85650029,-53.03,22.73307701
1666954317.5863955,20142.79,20138.85,-15.85650029,-53.03,22.73307701
1666954327.6034982,20142.79,20138.85,-15.85650029,-53.03,22.73307701
1666954337.6041336,20155.78,20155.78,-14.68274721,-31.06,33.69332148
1666954347.5746903,20155.78,20155.78,-14.68274721,-31.06,33.69332148
1666954357.566549,20155.78,20155.78,-14.68274721,-31.06,33.69332148
1666954367.6054783,20155.78,20164.0,-14.02702071,-22.84,39.08634362
1666954378.3057618,20155.78,20164.0,-14.02702071,-22.84,39.08634362
1666954388.3097384,20155.78,20164.0,-14.02702071,-22.84,39.08634362
1666954398.2765515,20166.11,20166.11,-13.16053251,-16.21,40.33208089
1666954408.2900882,20166.11,20166.11,-13.16053251,-16.21,40.33208089
1666954418.5097308,20166.11,20166.11,-13.16053251,-16.21,40.33208089
1666954428.3227386,20166.11,20167.34,-13.06241285,-14.98,41.08842558
1666954438.2838595,20166.11,20167.34,-13.06241285,-14.98,41.08842558
1666954448.296236,20166.11,20167.34,-13.06241285,-14.98,41.08842558
1666954458.36863,20170.74,20170.74,-11.80904801,-12.25,43.08275344
1666954468.3230824,20170.74,20170.74,-11.80904801,-12.25,43.08275344
1666954478.6196315,20170.74,20170.74,-11.80904801,-12.25,43.08275344
1666954488.4014564,20170.74,20171.33,-11.76198248,-11.66,43.4405686
1666954498.3605945,20170.74,20171.33,-11.76198248,-11.66,43.4405686
1666954508.3178103,20170.74,20171.33,-11.76198248,-11.66,43.4405686
1666954518.5544057,20170.51,20170.51,-10.91286645,-14.57,42.98811609
1666954528.340528,20170.51,20170.51,-10.91286645,-14.57,42.98811609
1666954538.6241512,20170.51,20170.51,-10.91286645,-14.57,42.98811609
1666954548.3524036,20170.51,20171.99,-10.79480377,-13.09,43.88486889
1666954559.173893,20170.51,20171.99,-10.79480377,-13.09,43.88486889
1666954569.1556616,20170.51,20171.99,-10.79480377,-13.09,43.88486889
1666954579.1109955,20178.75,20178.75,-8.93216475,6.24,47.89491426
1666954589.1249144,20178.75,20178.75,-8.93216475,6.24,47.89491426
1666954599.3443873,20178.75,20178.75,-8.93216475,6.24,47.89491426
1666954609.2821205,20178.75,20182.98,-8.59472885,10.47,50.28879205
1666954619.136227,20178.75,20182.98,-8.59472885,10.47,50.28879205
1666954629.143068,20178.75,20182.98,-8.59472885,10.47,50.28879205
1666954639.1260192,20187.85,20187.85,-6.53300703,19.91,52.8018749
1666954649.132347,20187.85,20187.85,-6.53300703,19.91,52.8018749
1666954659.1364152,20187.85,20187.85,-6.53300703,19.91,52.8018749
1666954669.1532197,20187.85,20184.26,-6.8193888,16.32,50.78448635
1666954679.1099114,20187.85,20184.26,-6.8193888,16.32,50.78448635
1666954689.222962,20187.85,20184.26,-6.8193888,16.32,50.78448635
1666954699.394336,20184.96,20184.96,-5.48864245,25.85,51.14186825
1666954709.3510926,20184.96,20184.96,-5.48864245,25.85,51.14186825
1666954719.2945538,20184.96,20184.96,-5.48864245,25.85,51.14186825
1666954729.1696596,20184.96,20178.42,-6.01035185,19.31,47.51050768
1666954739.889896,20184.96,20178.42,-6.01035185,19.31,47.51050768
1666954749.891967,20184.96,20178.42,-6.01035185,19.31,47.51050768
1666954759.9100485,20173.75,20173.75,-6.05378408,21.22,45.21783688
1666954770.047474,20173.75,20173.75,-6.05378408,21.22,45.21783688
1666954780.1262186,20173.75,20173.75,-6.05378408,21.22,45.21783688
1666954790.091057,20173.75,20176.85,-5.80649063,24.32,47.04463881
1666954800.0808,20173.75,20176.85,-5.80649063,24.32,47.04463881
1666954809.9881053,20173.75,20176.85,-5.80649063,24.32,47.04463881
1666954819.974903,20177.01,20177.01,-5.26610885,34.21,47.13562462
1666954830.038667,20177.01,20177.01,-5.26610885,34.21,47.13562462
1666954840.058699,20177.01,20177.01,-5.26610885,34.21,47.13562462
1666954849.8862195,20177.01,20180.9,-4.95579546,38.1,49.41140657
1666954859.86753,20177.01,20180.9,-4.95579546,38.1,49.41140657
1666954869.9172473,20177.01,20180.9,-4.95579546,38.1,49.41140657
1666954880.0716667,20182.22,20182.22,-4.00571738,26.97,50.10344499
1666954889.9194248,20182.22,20182.22,-4.00571738,26.97,50.10344499
1666954900.0955243,20182.22,20182.22,-4.00571738,26.97,50.10344499
1666954910.0564923,20182.22,20179.51,-4.22189972,24.26,48.58505664
1666954920.501628,20182.22,20179.51,-4.22189972,24.26,48.58505664
1666954930.3150449,20182.22,20179.51,-4.22189972,24.26,48.58505664
1666954940.2918067,20170.27,20170.27,-5.03873568,4.16,44.03500806
1666954950.3222375,20170.27,20170.27,-5.03873568,4.16,44.03500806
1666954960.3266895,20170.27,20171.19,-4.96534536,5.08,44.59141294
1666954970.3020687,20170.27,20171.19,-4.96534536,5.08,44.59141294
1666954980.2905958,20170.27,20171.19,-4.96534536,5.08,44.59141294
1666954990.3376665,20170.27,20171.19,-4.96534536,5.08,44.59141294
1666955000.2915137,20165.08,20165.08,-5.75159341,-5.66,41.6602966
1666955010.3067749,20165.08,20165.08,-5.75159341,-5.66,41.6602966
1666955020.3524215,20165.08,20165.08,-5.75159341,-5.66,41.6602966
1666955030.3543816,20165.08,20158.16,-6.3036162,-12.58,38.68338742
1666955040.3158467,20165.08,20158.16,-6.3036162,-12.58,38.68338742
1666955050.3528688,20150.92,20150.92,-7.94812522,-19.99,35.99254506
1666955060.335774,20150.92,20150.92,-7.94812522,-19.99,35.99254506
1666955070.652187,20150.92,20150.92,-7.94812522,-19.99,35.99254506
1666955080.3583007,20150.92,20150.92,-7.94812522,-19.99,35.99254506
1666955090.3299186,20150.92,20148.27,-8.15952123,-22.64,35.03199367
1666955101.0852003,20150.92,20148.27,-8.15952123,-22.64,35.03199367
1666955111.062359,20150.92,20148.27,-8.15952123,-22.64,35.03199367
1666955121.079626,20150.6,20150.6,-8.80708631,-28.15,36.24482156
1666955131.115419,20150.6,20150.6,-8.80708631,-28.15,36.24482156
1666955141.060785,20150.6,20150.6,-8.80708631,-28.15,36.24482156
1666955151.0566363,20150.6,20154.62,-8.48640255,-24.13,38.90896771
1666955161.130931,20150.6,20154.62,-8.48640255,-24.13,38.90896771
1666955171.1030471,20150.6,20154.62,-8.48640255,-24.13,38.90896771
1666955181.231747,20148.06,20148.06,-9.64999822,-39.37,34.92326166
1666955191.1088796,20148.06,20148.06,-9.64999822,-39.37,34.92326166
1666955201.0830736,20148.06,20140.65,-10.24110933,-46.78,32.14649687
1666955211.152388,20148.06,20140.65,-10.24110933,-46.78,32.14649687
1666955221.0794806,20148.06,20140.65,-10.24110933,-46.78,32.14649687
1666955231.1026075,20148.06,20140.65,-10.24110933,-46.78,32.14649687
1666955241.090769,20139.0,20139.0,-11.32179824,-46.63,31.58789173
1666955251.12004,20139.0,20139.0,-11.32179824,-46.63,31.58789173
1666955261.4507792,20139.0,20133.99,-11.72145636,-51.64,29.88953508
1666955271.1396968,20139.0,20133.99,-11.72145636,-51.64,29.88953508
1666955282.0003023,20139.0,20133.99,-11.72145636,-51.64,29.88953508
1666955291.9985948,20128.03,20128.03,-13.48709083,-45.72,28.09269202
1666955302.0867467,20128.03,20128.03,-13.48709083,-45.72,28.09269202
1666955312.0178018,20128.03,20128.03,-13.48709083,-45.72,28.09269202
1666955322.221521,20128.03,20128.03,-13.48709083,-45.72,28.09269202
1666955332.0180771,20128.03,20135.24,-12.91193414,-38.51,33.31533847
1666955342.0033767,20128.03,20135.24,-12.91193414,-38.51,33.31533847
1666955351.9557648,20136.4,20136.4,-13.16102263,-40.61,34.08556917
1666955362.0042863,20136.4,20136.4,-13.16102263,-40.61,34.08556917
1666955371.9756098,20136.4,20136.4,-13.16102263,-40.61,34.08556917
1666955382.1583946,20136.4,20141.02,-12.79247563,-35.99,37.19688932
1666955392.0411716,20136.4,20141.02,-12.79247563,-35.99,37.19688932
1666955402.039458,20136.4,20141.02,-12.79247563,-35.99,37.19688932
1666955412.0407538,20143.56,20143.56,-12.26653827,-39.48,38.7854742
1666955422.3239925,20143.56,20143.56,-12.26653827,-39.48,38.7854742
1666955432.1356485,20143.56,20143.56,-12.26653827,-39.48,38.7854742
1666955442.0415692,20143.56,20146.14,-12.0607263,-36.9,40.43364039
1666955452.0307868,20143.56,20146.14,-12.0607263,-36.9,40.43364039
1666955462.4947808,20143.56,20146.14,-12.0607263,-36.9,40.43364039
1666955472.4472227,20146.12,20146.12,-11.51216611,-24.15,40.42168368
1666955482.441265,20146.12,20146.12,-11.51216611,-24.15,40.42168368
1666955492.545254,20146.12,20146.12,-11.51216611,-24.15,40.42168368
1666955502.5629213,20146.12,20151.11,-11.11410344,-19.16,43.58604282
1666955512.490159,20146.12,20151.11,-11.11410344,-19.16,43.58604282
1666955522.4836466,20146.12,20151.11,-11.11410344,-19.16,43.58604282
1666955532.4973855,20133.04,20133.04,-12.79833609,-32.46,35.237404
1666955542.516768,20133.04,20133.04,-12.79833609,-32.46,35.237404
1666955552.5350337,20133.04,20133.04,-12.79833609,-32.46,35.237404
1666955562.587219,20133.04,20135.96,-12.56540161,-29.54,37.17389994
1666955572.4902472,20133.04,20135.96,-12.56540161,-29.54,37.17389994
1666955582.6753027,20133.04,20135.96,-12.56540161,-29.54,37.17389994
1666955592.536691,20132.16,20132.16,-12.96953837,-18.76,34.92779575
1666955602.532683,20132.16,20132.16,-12.96953837,-18.76,34.92779575
1666955612.5156646,20132.16,20132.16,-12.96953837,-18.76,34.92779575
1666955622.711781,20132.16,20139.0,-12.42389735,-11.92,39.57864327
1666955632.5120468,20132.16,20139.0,-12.42389735,-11.92,39.57864327
1666955643.1663432,20132.16,20139.0,-12.42389735,-11.92,39.57864327
1666955653.1684082,20138.45,20138.45,-11.96731914,-11.04,39.3598353
1666955663.1659377,20138.45,20138.45,-11.96731914,-11.04,39.3598353
1666955673.181985,20138.45,20138.45,-11.96731914,-11.04,39.3598353
1666955683.1959803,20138.45,20142.65,-11.63227641,-6.84,41.95660347
1666955693.224003,20138.45,20142.65,-11.63227641,-6.84,41.95660347
1666955703.1926105,20138.45,20142.65,-11.63227641,-6.84,41.95660347
1666955713.1720543,20142.22,20142.22,-10.94840982,-5.83,41.68553923
1666955723.149671,20142.22,20142.22,-10.94840982,-5.83,41.68553923
1666955733.1985693,20142.22,20142.22,-10.94840982,-5.83,41.68553923
1666955743.384951,20142.22,20149.14,-10.39638703,1.09,46.05188392
1666955753.163404,20142.22,20149.14,-10.39638703,1.09,46.05188392
1666955763.4208124,20142.22,20149.14,-10.39638703,1.09,46.05188392
1666955773.2006602,20147.49,20147.49,-9.57265679,8.49,45.11401374
1666955783.2085557,20147.49,20147.49,-9.57265679,8.49,45.11401374
1666955793.1968927,20147.49,20147.49,-9.57265679,8.49,45.11401374
1666955803.216689,20147.49,20145.13,-9.7609189,6.13,43.75361774
1666955813.2048235,20147.49,20145.13,-9.7609189,6.13,43.75361774
1666955823.8362002,20147.49,20145.13,-9.7609189,6.13,43.75361774
1666955833.790224,20153.52,20153.52,-7.80515448,25.49,48.77583964
1666955843.836747,20153.52,20153.52,-7.80515448,25.49,48.77583964
1666955853.836336,20153.52,20153.52,-7.80515448,25.49,48.77583964
1666955863.828125,20153.52,20156.97,-7.52994081,28.94,50.79840188
1666955873.8319008,20153.52,20156.97,-7.52994081,28.94,50.79840188
1666955883.8223662,20153.52,20156.97,-7.52994081,28.94,50.79840188
1666955893.831353,20152.27,20152.27,-6.91147052,15.87,48.09937486
1666955904.048851,20152.27,20152.27,-6.91147052,15.87,48.09937486
1666955913.8296824,20152.27,20152.27,-6.91147052,15.87,48.09937486
1666955923.8498003,20152.27,20152.91,-6.86041639,16.51,48.51168715
1666955934.02965,20152.27,20152.91,-6.86041639,16.51,48.51168715
1666955944.0636866,20152.27,20152.91,-6.86041639,16.51,48.51168715
1666955953.8160589,20152.27,20152.91,-6.86041639,16.51,48.51168715
1666955964.0291636,20164.31,20164.31,-4.32552408,20.75,54.89444805
1666955973.8762474,20164.31,20164.31,-4.32552408,20.75,54.89444805
1666955983.8487186,20164.31,20161.36,-4.56085171,17.8,53.061373
1666955993.8320742,20164.31,20161.36,-4.56085171,17.8,53.061373
1666956004.6137326,20164.31,20161.36,-4.56085171,17.8,53.061373
1666956014.6058853,20164.29,20164.29,-3.00552508,18.18,54.88159411
1666956024.5873806,20164.29,20164.29,-3.00552508,18.18,54.88159411
1666956034.7933192,20164.29,20164.29,-3.00552508,18.18,54.88159411
1666956044.5984406,20164.29,20160.61,-3.29908633,14.5,52.44804643
1666956054.572859,20164.29,20160.61,-3.29908633,14.5,52.44804643
1666956064.8602118,20164.29,20160.61,-3.29908633,14.5,52.44804643
1666956074.5866213,20154.95,20154.95,-3.1828699,21.91,49.04883595
1666956084.6057124,20154.95,20154.95,-3.1828699,21.91,49.04883595
1666956094.5959427,20154.95,20154.95,-3.1828699,21.91,49.04883595
1666956104.5742843,20154.95,20146.66,-3.84418044,13.62,44.56548662
1666956114.5808887,20154.95,20146.66,-3.84418044,13.62,44.56548662
1666956124.615754,20154.95,20146.66,-3.84418044,13.62,44.56548662
1666956134.6598585,20145.86,20145.86,-4.06115741,13.74,44.17581934
1666956144.6226473,20145.86,20145.86,-4.06115741,13.74,44.17581934
1666956154.6396294,20145.86,20145.86,-4.06115741,13.74,44.17581934
1666956164.6191444,20145.86,20138.36,-4.65944801,6.24,40.59241253
1666956174.6489818,20145.86,20138.36,-4.65944801,6.24,40.59241253
1666956185.2663398,20145.86,20138.36,-4.65944801,6.24,40.59241253
1666956195.2200258,20143.26,20143.26,-4.50303139,4.13,42.86618417
1666956205.2729318,20143.26,20143.26,-4.50303139,4.13,42.86618417
1666956215.263518,20143.26,20143.26,-4.50303139,4.13,42.86618417
1666956225.534956,20143.26,20149.77,-3.98371515,10.64,47.10076714
1666956235.2115366,20143.26,20149.77,-3.98371515,10.64,47.10076714
1666956245.2229433,20143.26,20149.77,-3.98371515,10.64,47.10076714
1666956255.206517,20151.42,20151.42,-3.48127078,9.2,48.07617676
1666956265.218962,20151.42,20151.42,-3.48127078,9.2,48.07617676
1666956275.2523148,20151.42,20151.42,-3.48127078,9.2,48.07617676
1666956285.2461116,20151.42,20162.46,-2.60058702,20.24,54.16588299
1666956295.240862,20151.42,20162.46,-2.60058702,20.24,54.16588299
1666956305.4452603,20151.42,20162.46,-2.60058702,20.24,54.16588299
1666956315.2489471,20168.26,20168.26,-0.77052502,21.69,56.82605855
1666956325.2941835,20168.26,20168.26,-0.77052502,21.69,56.82605855
1666956335.5533435,20168.26,20168.26,-0.77052502,21.69,56.82605855
1666956345.2673554,20168.26,20174.4,-0.28072445,27.83,59.50548993
1666956355.2600985,20168.26,20174.4,-0.28072445,27.83,59.50548993
1666956365.9702716,20168.26,20174.4,-0.28072445,27.83,59.50548993
1666956375.9830248,20176.7,20176.7,1.50266749,23.18,60.42550675
1666956386.2391984,20176.7,20176.7,1.50266749,23.18,60.42550675
1666956395.9806008,20176.7,20176.7,1.50266749,23.18,60.42550675
1666956405.9594767,20176.7,20181.71,1.90232561,28.19,62.42794504
1666956416.0020068,20176.7,20181.71,1.90232561,28.19,62.42794504
1666956425.9034166,20176.7,20181.71,1.90232561,28.19,62.42794504
1666956435.9343565,20187.36,20187.36,4.28661245,35.52,64.24535745
1666956445.959194,20187.36,20187.36,4.28661245,35.52,64.24535745
1666956455.9337986,20187.36,20187.36,4.28661245,35.52,64.24535745
1666956465.918349,20187.36,20179.83,3.68592869,27.99,59.6810948
1666956475.9536052,20187.36,20179.83,3.68592869,27.99,59.6810948
1666956485.948531,20187.36,20179.83,3.68592869,27.99,59.6810948
1666956495.9662623,20188.81,20188.81,5.96936472,24.5,64.66274631
1666956505.94513,20188.81,20188.81,5.96936472,24.5,64.66274631
1666956516.0105977,20188.81,20188.81,5.96936472,24.5,64.66274631
1666956525.966601,20188.81,20193.73,6.36184335,29.42,66.72773981
1666956536.1604407,20188.81,20193.73,6.36184335,29.42,66.72773981
1666956546.44077,20188.81,20193.73,6.36184335,29.42,66.72773981
1666956556.418963,20196.17,20196.17,8.11578752,31.88,67.54905517
1666956566.4261026,20196.17,20196.17,8.11578752,31.88,67.54905517
1666956576.501984,20196.17,20196.17,8.11578752,31.88,67.54905517
1666956586.399474,20196.17,20199.55,8.38541715,35.26,68.70160898
1666956596.4170525,20196.17,20199.55,8.38541715,35.26,68.70160898
1666956606.408691,20196.17,20199.55,8.38541715,35.26,68.70160898
1666956616.4583964,20197.26,20197.26,9.39905904,41.12,67.92990108
1666956626.6856525,20197.26,20197.26,9.39905904,41.12,67.92990108
1666956636.6179285,20197.26,20197.26,9.39905904,41.12,67.92990108
1666956646.4735503,20197.26,20191.47,8.9371787,35.33,63.65624364
1666956656.4546204,20197.26,20191.47,8.9371787,35.33,63.65624364
1666956666.4569511,20197.26,20191.47,8.9371787,35.33,63.65624364
1666956676.5088823,20188.41,20188.41,8.97817694,42.55,61.60783072
1666956686.4595497,20188.41,20188.41,8.97817694,42.55,61.60783072
1666956696.460771,20188.41,20188.41,8.97817694,42.55,61.60783072
1666956706.4679115,20188.41,20191.42,9.2182909,45.56,62.87341552
1666956716.467846,20188.41,20191.42,9.2182909,45.56,62.87341552
1666956726.9714663,20188.41,20191.42,9.2182909,45.56,62.87341552
1666956736.9904382,20195.17,20195.17,10.05484154,51.92,64.33801502
1666956746.9872024,20195.17,20195.17,10.05484154,51.92,64.33801502
1666956756.989586,20195.17,20195.17,10.05484154,51.92,64.33801502
1666956767.1376152,20195.17,20196.54,10.16412929,53.29,64.88305034
1666956777.007831,20195.17,20196.54,10.16412929,53.29,64.88305034
1666956786.9929688,20195.17,20196.54,10.16412929,53.29,64.88305034
1666956797.0286407,20188.84,20188.84,9.46647597,37.42,60.03294093
1666956806.9919488,20188.84,20188.84,9.46647597,37.42,60.03294093
1666956817.0052824,20188.84,20188.84,9.46647597,37.42,60.03294093
1666956827.0164373,20188.84,20200.18,10.37109135,48.76,64.60254934
1666956837.011768,20188.84,20200.18,10.37109135,48.76,64.60254934
1666956846.9913473,20188.84,20200.18,10.37109135,48.76,64.60254934
1666956857.193688,20201.65,20201.65,11.15398922,33.39,64.84052136
1666956867.1230147,20201.65,20201.65,11.15398922,33.39,64.84052136
1666956877.0107272,20201.65,20201.65,11.15398922,33.39,64.84052136
1666956887.034274,20201.65,20201.95,11.17792085,33.69,65.0458744
1666956897.233446,20201.65,20201.95,11.17792085,33.69,65.0458744
1666956907.41619,20201.65,20201.95,11.17792085,33.69,65.0458744
1666956917.4887578,20202.52,20202.52,11.68172079,25.82,65.05133802
1666956927.6062243,20202.52,20202.52,11.68172079,25.82,65.05133802
1666956937.4095902,20202.52,20202.52,11.68172079,25.82,65.05133802
1666956947.425105,20202.52,20197.31,11.26610825,20.61,61.47100055
1666956957.6502626,20202.52,20197.31,11.26610825,20.61,61.47100055
1666956967.4316006,20202.52,20197.31,11.26610825,20.61,61.47100055
1666956977.4631422,20198.46,20198.46,11.2718799,10.44,62.22697397
1666956987.4359586,20198.46,20198.46,11.2718799,10.44,62.22697397
1666956997.3894904,20198.46,20198.46,11.2718799,10.44,62.22697397
1666957007.419609,20198.46,20205.76,11.85421608,17.74,65.15631559
1666957017.450643,20198.46,20205.76,11.85421608,17.74,65.15631559
1666957027.4138613,20198.46,20205.76,11.85421608,17.74,65.15631559
1666957037.4686215,20209.17,20209.17,12.64919201,19.5,66.00933278
1666957047.5031228,20209.17,20209.17,12.64919201,19.5,66.00933278
1666957057.4526715,20209.17,20209.17,12.64919201,19.5,66.00933278
1666957067.418586,20209.17,20200.81,11.98229742,11.14,60.53396734
1666957077.4429162,20209.17,20200.81,11.98229742,11.14,60.53396734
1666957088.3302786,20209.17,20200.81,11.98229742,11.14,60.53396734
1666957098.3021424,20202.25,20202.25,11.91225729,6.08,61.3838313
1666957108.3120656,20202.25,20202.25,11.91225729,6.08,61.3838313
1666957118.425798,20202.25,20202.25,11.91225729,6.08,61.3838313
1666957128.327526,20202.25,20197.09,11.50063336,0.92,58.13357393
1666957138.491323,20202.25,20197.09,11.50063336,0.92,58.13357393
1666957148.294915,20202.25,20197.09,11.50063336,0.92,58.13357393
1666957158.2793243,20197.17,20197.17,10.81505359,-0.09,58.04785408
1666957168.5925446,20197.17,20197.17,10.81505359,-0.09,58.04785408
1666957178.301117,20197.17,20197.17,10.81505359,-0.09,58.04785408
1666957188.3030193,20197.17,20200.02,11.04240402,2.76,59.30359356
1666957198.5989149,20197.17,20200.02,11.04240402,2.76,59.30359356
1666957208.3422496,20197.17,20200.02,11.04240402,2.76,59.30359356
1666957218.3595784,20187.65,20187.65,8.86702361,-0.76,52.67694506
1666957228.355672,20187.65,20187.65,8.86702361,-0.76,52.67694506
1666957238.330763,20187.65,20187.65,8.86702361,-0.76,52.67694506
1666957248.359688,20187.65,20183.0,8.49608343,-5.41,50.16157934
1666957258.5029824,20187.65,20183.0,8.49608343,-5.41,50.16157934
1666957268.8061817,20187.65,20183.0,8.49608343,-5.41,50.16157934
1666957278.9161105,20176.71,20176.71,6.29315736,-18.46,47.11533182
1666957288.7632687,20176.71,20176.71,6.29315736,-18.46,47.11533182
1666957298.8099809,20176.71,20176.71,6.29315736,-18.46,47.11533182
1666957308.9839544,20176.71,20188.73,7.25201776,-6.44,52.98978624
1666957318.8423104,20176.71,20188.73,7.25201776,-6.44,52.98978624
1666957328.7593868,20176.71,20188.73,7.25201776,-6.44,52.98978624
1666957338.9891317,20188.55,20188.55,6.59307739,-0.29,52.85883452
1666957348.782559,20188.55,20188.55,6.59307739,-0.29,52.85883452
1666957358.8025675,20188.55,20188.55,6.59307739,-0.29,52.85883452
1666957368.7894518,20188.55,20189.58,6.67524263,0.74,53.37125323
1666957379.027871,20188.55,20189.58,6.67524263,0.74,53.37125323
1666957389.0588214,20188.55,20189.58,6.67524263,0.74,53.37125323
1666957398.8108263,20187.14,20187.14,5.7206947,-15.32,52.12846371
1666957408.8562737,20187.14,20187.14,5.7206947,-15.32,52.12846371
1666957418.8424284,20187.14,20187.14,5.7206947,-15.32,52.12846371
1666957428.778373,20187.14,20179.8,5.13516763,-22.66,48.44105661
1666957438.991525,20187.14,20179.8,5.13516763,-22.66,48.44105661
1666957449.3595195,20187.14,20179.8,5.13516763,-22.66,48.44105661
1666957459.314146,20180.59,20180.59,4.15598796,-22.92,48.85201712
1666957469.6565704,20180.59,20180.59,4.15598796,-22.92,48.85201712
1666957479.38041,20180.59,20180.59,4.15598796,-22.92,48.85201712
1666957489.5177128,20180.59,20179.03,4.03154352,-24.48,48.04557526
1666957499.338465,20180.59,20179.03,4.03154352,-24.48,48.04557526
1666957509.3988314,20180.59,20179.03,4.03154352,-24.48,48.04557526
1666957519.3565552,20179.75,20179.75,3.20959333,-18.71,48.40806268
1666957529.3034637,20179.75,20179.75,3.20959333,-18.71,48.40806268
1666957539.349705,20179.75,20179.75,3.20959333,-18.71,48.40806268
1666957549.306624,20179.75,20183.77,3.53027709,-14.69,50.64694776
1666957559.3325076,20179.75,20183.77,3.53027709,-14.69,50.64694776
1666957569.4035697,20179.75,20183.77,3.53027709,-14.69,50.64694776
1666957579.361888,20186.93,20186.93,3.49902174,-23.2,52.27495866
1666957589.3680255,20186.93,20186.93,3.49902174,-23.2,52.27495866
1666957599.3464398,20186.93,20186.93,3.49902174,-23.2,52.27495866
1666957609.3335185,20186.93,20187.99,3.58358015,-22.14,52.83697432
1666957619.3615897,20186.93,20187.99,3.58358015,-22.14,52.83697432
1666957630.1172826,20186.93,20187.99,3.58358015,-22.14,52.83697432
1666957640.3512511,20193.88,20193.88,4.17898027,-8.95,55.75697993
1666957650.132617,20193.88,20193.88,4.17898027,-8.95,55.75697993
1666957660.4634516,20193.88,20193.88,4.17898027,-8.95,55.75697993
1666957670.1762228,20193.88,20187.0,3.63014836,-15.83,51.78476126
1666957680.1268914,20193.88,20187.0,3.63014836,-15.83,51.78476126
1666957690.107622,20193.88,20187.0,3.63014836,-15.83,51.78476126
1666957700.1256115,20189.02,20189.02,3.5839441,-7.14,52.91392381
1666957710.1362536,20189.02,20189.02,3.5839441,-7.14,52.91392381
1666957720.1533244,20189.02,20189.02,3.5839441,-7.14,52.91392381
1666957730.1645012,20189.02,20194.2,3.99716347,-1.96,55.58825622
1666957740.3987696,20189.02,20194.2,3.99716347,-1.96,55.58825622
1666957750.1702492,20189.02,20194.2,3.99716347,-1.96,55.58825622
1666957760.114466,20193.53,20193.53,4.00772699,5.88,55.2660418
1666957770.3996348,20193.53,20193.53,4.00772699,5.88,55.2660418
1666957780.1556518,20193.53,20193.53,4.00772699,5.88,55.2660418
1666957790.1833096,20193.53,20188.21,3.58333952,0.56,51.98475671
1666957800.1809766,20193.53,20188.21,3.58333952,0.56,51.98475671
1666957810.7554984,20192.0,20192.0,3.80654611,15.21,54.29537836
1666957821.0231912,20192.0,20192.0,3.80654611,15.21,54.29537836
1666957830.7871566,20192.0,20192.0,3.80654611,15.21,54.29537836
1666957840.76993,20192.0,20186.69,3.38295637,9.9,50.88293854
1666957850.9920118,20192.0,20186.69,3.38295637,9.9,50.88293854
1666957860.7613783,20192.0,20186.69,3.38295637,9.9,50.88293854
1666957870.7839751,20192.0,20186.69,3.38295637,9.9,50.88293854
1666957880.7792716,20182.28,20182.28,2.32712716,-6.85,48.35875286
1666957890.786589,20182.28,20182.28,2.32712716,-6.85,48.35875286
1666957900.7557533,20182.28,20173.68,1.64108727,-15.45,43.79598897
1666957910.7259452,20182.28,20173.68,1.64108727,-15.45,43.79598897
1666957920.7686932,20182.28,20173.68,1.64108727,-15.45,43.79598897
1666957930.7336469,20170.47,20170.47,0.06535654,-15.75,42.35415435
1666957940.9332745,20170.47,20170.47,0.06535654,-15.75,42.35415435
1666957950.8095174,20170.47,20170.47,0.06535654,-15.75,42.35415435
1666957960.7709572,20170.47,20170.47,0.06535654,-15.75,42.35415435
1666957970.773924,20170.47,20172.71,0.244046,-13.51,43.7841066
1666957981.0667524,20170.47,20172.71,0.244046,-13.51,43.7841066
1666957991.7934415,20176.52,20176.52,-0.10770057,-3.49,46.06567812
1666958001.486059,20176.52,20176.52,-0.10770057,-3.49,46.06567812
1666958011.4859278,20176.52,20176.52,-0.10770057,-3.49,46.06567812
1666958021.5154057,20176.52,20176.07,-0.143598,-3.94,45.81732939
1666958031.4844098,20176.52,20176.07,-0.143598,-3.94,45.81732939
1666958041.5030982,20176.52,20176.07,-0.143598,-3.94,45.81732939
1666958051.5271764,20176.6,20176.6,-0.61552896,-3.15,46.12902567
1666958061.47851,20176.6,20176.6,-0.61552896,-3.15,46.12902567
1666958071.6674984,20176.6,20176.6,-0.61552896,-3.15,46.12902567
1666958081.6977956,20176.6,20175.66,-0.69051471,-4.09,45.57597063
1666958091.5242848,20176.6,20175.66,-0.69051471,-4.09,45.57597063
1666958101.5277815,20176.6,20175.66,-0.69051471,-4.09,45.57597063
1666958111.5089552,20180.02,20180.02,-0.41438135,-6.91,48.29776254
1666958121.4859164,20180.02,20180.02,-0.41438135,-6.91,48.29776254
1666958131.5019116,20180.02,20180.02,-0.41438135,-6.91,48.29776254
1666958141.7344882,20180.02,20179.43,-0.46144687,-7.5,47.95171829
1666958151.4918466,20180.02,20179.43,-0.46144687,-7.5,47.95171829
1666958161.5360477,20180.02,20179.43,-0.46144687,-7.5,47.95171829
1666958172.162515,20172.4,20172.4,-1.65654428,-20.82,44.21906601
1666958182.1796918,20172.4,20172.4,-1.65654428,-20.82,44.21906601
1666958192.1606398,20172.4,20172.4,-1.65654428,-20.82,44.21906601
1666958202.297894,20172.4,20177.06,-1.28480639,-16.16,47.1703328
1666958212.1956372,20172.4,20177.06,-1.28480639,-16.16,47.1703328
1666958222.1760151,20172.4,20177.06,-1.28480639,-16.16,47.1703328
1666958232.1809328,20178.54,20178.54,-1.25290915,-10.48,48.04338327
1666958242.2142918,20178.54,20178.54,-1.25290915,-10.48,48.04338327
1666958252.179952,20178.54,20178.54,-1.25290915,-10.48,48.04338327
1666958262.1822658,20178.54,20180.84,-1.06943337,-8.18,49.44169746
1666958272.1930237,20178.54,20180.84,-1.06943337,-8.18,49.44169746
1666958282.211065,20178.54,20180.84,-1.06943337,-8.18,49.44169746
1666958292.2266262,20178.54,20180.84,-1.06943337,-8.18,49.44169746
1666958302.399088,20174.71,20174.71,-1.84755786,-18.65,45.92813183
1666958312.2553442,20174.71,20174.71,-1.84755786,-18.65,45.92813183
1666958322.2526815,20174.71,20175.96,-1.74784276,-17.4,46.75213062
1666958332.2196336,20174.71,20175.96,-1.74784276,-17.4,46.75213062
1666958342.2475884,20174.71,20175.96,-1.74784276,-17.4,46.75213062
1666958352.7604768,20177.23,20177.23,-1.6967894,-14.77,47.56398582
1666958362.7682526,20177.23,20177.23,-1.6967894,-14.77,47.56398582
1666958372.7499158,20177.23,20177.23,-1.6967894,-14.77,47.56398582
1666958382.8124645,20177.23,20175.27,-1.85314267,-16.73,46.38848334
1666958392.79258,20177.23,20175.27,-1.85314267,-16.73,46.38848334
1666958402.8500614,20177.23,20175.27,-1.85314267,-16.73,46.38848334
1666958412.8132987,20174.0,20174.0,-2.18944239,-8.28,45.69857555
1666958422.7847197,20174.0,20174.0,-2.18944239,-8.28,45.69857555
1666958432.809023,20174.0,20174.0,-2.18944239,-8.28,45.69857555
1666958442.9121,20174.0,20169.25,-2.56835977,-13.03,42.94185328
1666958452.8623114,20174.0,20169.25,-2.56835977,-13.03,42.94185328
1666958463.2001069,20174.0,20169.25,-2.56835977,-13.03,42.94185328
1666958472.809675,20168.68,20168.68,-3.03574197,-1.56,42.60404841
1666958482.8968658,20168.68,20168.68,-3.03574197,-1.56,42.60404841
1666958492.827358,20168.68,20168.68,-3.03574197,-1.56,42.60404841
1666958502.8333795,20168.68,20167.53,-3.12747986,-2.71,41.95602385
1666958512.894819,20168.68,20167.53,-3.12747986,-2.71,41.95602385
1666958522.9021108,20168.68,20167.53,-3.12747986,-2.71,41.95602385
1666958538.119013,20170.57,20170.57,-3.11390403,-5.82,43.89865456
1666958548.1343577,20170.57,20170.57,-3.11390403,-5.82,43.89865456
1666958558.1304138,20170.57,20170.57,-3.11390403,-5.82,43.89865456
1666958568.1214738,20170.57,20168.73,-3.26068466,-7.66,42.76524129
1666958578.1659644,20170.57,20168.73,-3.26068466,-7.66,42.76524129
1666958588.512777,20170.57,20168.73,-3.26068466,-7.66,42.76524129
1666958598.3195858,20169.81,20169.81,-3.30362515,-6.55,43.4207088
1666958608.151662,20169.81,20169.81,-3.30362515,-6.55,43.4207088
1666958618.1840186,20169.81,20169.81,-3.30362515,-6.55,43.4207088
1666958628.1824915,20169.81,20173.68,-2.9949072,-2.68,46.46695617
1666958638.3568454,20169.81,20173.68,-2.9949072,-2.68,46.46695617
1666958648.1659744,20169.81,20173.68,-2.9949072,-2.68,46.46695617
1666958658.1448047,20178.22,20178.22,-2.24076025,-3.4,49.83784861
1666958668.180122,20178.22,20178.22,-2.24076025,-3.4,49.83784861
1666958678.208938,20178.22,20178.22,-2.24076025,-3.4,49.83784861
1666958688.213194,20178.22,20182.15,-1.92725598,0.53,52.61914475
1666958698.200512,20178.22,20182.15,-1.92725598,0.53,52.61914475
1666958708.180765,20178.22,20182.15,-1.92725598,0.53,52.61914475
1666958718.602502,20180.86,20180.86,-1.58480761,8.68,51.78400492
1666958728.5877855,20180.86,20180.86,-1.58480761,8.68,51.78400492
1666958738.6988895,20180.86,20180.86,-1.58480761,8.68,51.78400492
1666958748.764885,20180.86,20178.29,-1.78982185,6.11,49.80013861
1666958758.5905457,20180.86,20178.29,-1.78982185,6.11,49.80013861
1666958768.6187704,20180.86,20178.29,-1.78982185,6.11,49.80013861
1666958778.8514752,20156.38,20156.38,-4.62775191,-22.16,37.33542675
1666958788.8874629,20156.38,20156.38,-4.62775191,-22.16,37.33542675
1666958798.5834832,20156.38,20156.38,-4.62775191,-22.16,37.33542675
1666958808.60622,20156.38,20152.67,-4.92370633,-25.87,35.7057335
1666958818.6263618,20156.38,20152.67,-4.92370633,-25.87,35.7057335
1666958828.6168993,20156.38,20152.67,-4.92370633,-25.87,35.7057335
1666958838.5792756,20145.82,20145.82,-6.92188747,-28.89,33.04269826
1666958848.6060455,20145.82,20145.82,-6.92188747,-28.89,33.04269826
1666958858.6066954,20145.82,20145.82,-6.92188747,-28.89,33.04269826
1666958868.5763264,20145.82,20146.18,-6.89316952,-28.53,33.32415012
1666958878.623521,20145.82,20146.18,-6.89316952,-28.53,33.32415012
1666958888.5938933,20145.82,20146.18,-6.89316952,-28.53,33.32415012
1666958899.6827292,20153.61,20153.61,-6.82376542,-23.62,38.8338817
1666958909.8262143,20153.61,20153.61,-6.82376542,-23.62,38.8338817
1666958919.5356417,20153.61,20153.61,-6.82376542,-23.62,38.8338817
1666958929.5296702,20153.61,20162.13,-6.1441073,-15.1,44.11453749
1666958939.733143,20153.61,20162.13,-6.1441073,-15.1,44.11453749
1666958949.568516,20153.61,20162.13,-6.1441073,-15.1,44.11453749
1666958959.5635188,20155.15,20155.15,-6.95697767,-18.59,39.79719704
1666958969.581004,20155.15,20155.15,-6.95697767,-18.59,39.79719704
1666958979.5824058,20155.15,20155.15,-6.95697767,-18.59,39.79719704
1666958989.576262,20155.15,20158.72,-6.67219134,-15.02,42.17510033
1666958999.5723066,20155.15,20158.72,-6.67219134,-15.02,42.17510033
1666959009.5707152,20155.15,20158.72,-6.67219134,-15.02,42.17510033
1666959019.8033092,20155.98,20155.98,-6.99910749,-13.49,40.25249696
1666959029.5476253,20155.98,20155.98,-6.99910749,-13.49,40.25249696
1666959039.5483918,20155.98,20155.98,-6.99910749,-13.49,40.25249696
1666959049.5600235,20155.98,20161.61,-6.54999068,-7.86,44.34704136
1666959059.5729773,20155.98,20161.61,-6.54999068,-7.86,44.34704136
1666959069.613951,20155.98,20161.61,-6.54999068,-7.86,44.34704136
1666959080.0208552,20151.66,20151.66,-7.55763472,-18.91,38.06783712
1666959090.0164886,20151.66,20151.66,-7.55763472,-18.91,38.06783712
1666959100.192189,20151.66,20151.66,-7.55763472,-18.91,38.06783712
1666959109.9848142,20151.66,20146.86,-7.9405407,-23.71,35.78190323
1666959120.0114698,20151.66,20146.86,-7.9405407,-23.71,35.78190323
1666959129.9924593,20151.66,20146.86,-7.9405407,-23.71,35.78190323
1666959140.0352602,20144.36,20144.36,-8.73102099,-26.45,34.709702
1666959150.022483,20144.36,20144.36,-8.73102099,-26.45,34.709702
1666959160.0481012,20144.36,20144.36,-8.73102099,-26.45,34.709702
1666959170.0429163,20144.36,20142.34,-8.89216059,-28.47,33.80559044
1666959180.0398307,20144.36,20142.34,-8.89216059,-28.47,33.80559044
1666959190.0384586,20144.36,20142.34,-8.89216059,-28.47,33.80559044
1666959199.998294,20142.94,20142.94,-9.26697148,-35.28,34.05130557
1666959210.0011232,20142.94,20142.94,-9.26697148,-35.28,34.05130557
1666959220.0161235,20142.94,20142.94,-9.26697148,-35.28,34.05130557
1666959230.0124683,20142.94,20153.79,-8.40144442,-24.43,42.56694841
1666959240.0727124,20142.94,20153.79,-8.40144442,-24.43,42.56694841
1666959250.075845,20142.94,20153.79,-8.40144442,-24.43,42.56694841
1666959261.182232,20165.16,20165.16,-6.41281083,-14.89,49.55290651
1666959270.8623035,20165.16,20165.16,-6.41281083,-14.89,49.55290651
1666959280.898111,20165.16,20165.59,-6.37850883,-14.46,49.80065586
1666959290.8917844,20165.16,20165.59,-6.37850883,-14.46,49.80065586
1666959300.8404708,20165.16,20165.59,-6.37850883,-14.46,49.80065586
1666959310.8867495,20165.16,20165.59,-6.37850883,-14.46,49.80065586
1666959320.8841722,20153.87,20153.87,-6.99231161,-2.51,43.76357682
1666959330.9083984,20153.87,20153.87,-6.99231161,-2.51,43.76357682
1666959340.9402792,20153.87,20155.81,-6.83755378,-0.57,44.83408487
1666959350.893361,20153.87,20155.81,-6.83755378,-0.57,44.83408487
1666959360.9201784,20153.87,20155.81,-6.83755378,-0.57,44.83408487
1666959370.903802,20153.87,20155.81,-6.83755378,-0.57,44.83408487
1666959380.8923635,20155.53,20155.53,-6.48886138,9.71,44.663117
1666959390.9053564,20155.53,20155.53,-6.48886138,9.71,44.663117
1666959401.2280629,20155.53,20151.73,-6.79199528,5.91,42.72098298
1666959411.0623977,20155.53,20151.73,-6.79199528,5.91,42.72098298
1666959421.220716,20155.53,20151.73,-6.79199528,5.91,42.72098298
1666959430.9523523,20146.0,20146.0,-7.47139776,-8.51,40.096335
1666959441.675598,20146.0,20146.0,-7.47139776,-8.51,40.096335
1666959451.53659,20146.0,20146.0,-7.47139776,-8.51,40.096335
1666959461.5300276,20146.0,20146.0,-7.47139776,-8.51,40.096335
1666959471.552004,20146.0,20151.45,-7.03663993,-3.06,43.6454645
1666959481.52645,20146.0,20151.45,-7.03663993,-3.06,43.6454645
1666959491.5533893,20155.46,20155.46,-6.22251279,-0.3,45.99950569
1666959501.544683,20155.46,20155.46,-6.22251279,-0.3,45.99950569
1666959511.5795622,20155.46,20155.46,-6.22251279,-0.3,45.99950569
1666959521.5547905,20155.46,20165.32,-5.43596008,9.56,51.37771582
1666959531.8909569,20155.46,20165.32,-5.43596008,9.56,51.37771582
1666959541.5801044,20155.46,20165.32,-5.43596008,9.56,51.37771582
1666959551.7182455,20155.46,20165.32,-5.43596008,9.56,51.37771582
1666959561.786792,20165.61,20165.61,-4.27842572,9.63,51.46219089
1666959571.8321598,20165.61,20165.61,-4.27842572,9.63,51.46219089
1666959581.7422943,20165.61,20171.43,-3.81415222,15.45,54.37072908
1666959591.7000515,20165.61,20171.43,-3.81415222,15.45,54.37072908
1666959601.6775708,20165.61,20171.43,-3.81415222,15.45,54.37072908
1666959611.769323,20165.61,20171.43,-3.81415222,15.45,54.37072908
1666959622.574527,20166.38,20166.38,-3.28330301,13.79,51.88771415
1666959632.1297069,20166.38,20166.38,-3.28330301,13.79,51.88771415
1666959641.9584394,20166.38,20173.79,-2.6921919,21.2,55.68990939
1666959652.019829,20166.38,20173.79,-2.6921919,21.2,55.68990939
1666959661.9459624,20166.38,20173.79,-2.6921919,21.2,55.68990939
1666959671.9913352,20166.38,20173.79,-2.6921919,21.2,55.68990939
1666959681.9826128,20180.74,20180.74,-0.48501616,36.41,58.74730314
1666959692.023286,20180.74,20180.74,-0.48501616,36.41,58.74730314
1666959701.9877636,20180.74,20180.01,-0.54324978,35.68,58.29233299
1666959712.0532684,20180.74,20180.01,-0.54324978,35.68,58.29233299
1666959722.0062406,20180.74,20180.01,-0.54324978,35.68,58.29233299
1666959732.0241468,20174.01,20174.01,-0.1359612,30.64,54.8038664
1666959742.0467763,20174.01,20174.01,-0.1359612,30.64,54.8038664
1666959752.043651,20174.01,20174.01,-0.1359612,30.64,54.8038664
1666959762.0098116,20174.01,20181.8,0.4854633,38.43,58.293633
1666959772.3072298,20174.01,20181.8,0.4854633,38.43,58.293633
1666959782.064726,20174.01,20181.8,0.4854633,38.43,58.293633
1666959792.0089765,20181.0,20181.0,1.55088923,16.4,57.95010768
1666959803.3963976,20181.0,20181.0,1.55088923,16.4,57.95010768
1666959812.758635,20181.0,20181.0,1.55088923,16.4,57.95010768
1666959822.7611065,20181.0,20174.84,1.05949322,10.24,54.35144419
1666959832.7779036,20181.0,20174.84,1.05949322,10.24,54.35144419
1666959842.6970034,20181.0,20174.84,1.05949322,10.24,54.35144419
1666959852.756765,20164.04,20164.04,0.07521248,9.18,48.98272204
1666959862.725148,20164.04,20164.04,0.07521248,9.18,48.98272204
1666959872.7437158,20164.04,20164.04,0.07521248,9.18,48.98272204
1666959882.7319207,20164.04,20158.51,-0.36592712,3.65,46.46848382
1666959892.7542098,20164.04,20158.51,-0.36592712,3.65,46.46848382
1666959902.73261,20164.04,20158.51,-0.36592712,3.65,46.46848382
1666959913.0017498,20145.0,20145.0,-2.77210155,-10.52,41.29067822
1666959922.934695,20145.0,20145.0,-2.77210155,-10.52,41.29067822
1666959932.7829509,20145.0,20145.0,-2.77210155,-10.52,41.29067822
1666959942.7887588,20145.0,20145.52,-2.73062007,-10.0,41.56059241
1666959952.7736137,20145.0,20145.52,-2.73062007,-10.0,41.56059241
1666959962.8173573,20145.0,20145.52,-2.73062007,-10.0,41.56059241
1666959973.111926,20143.73,20143.73,-3.95962046,-2.26,40.82955108
1666959983.357996,20143.73,20143.73,-3.95962046,-2.26,40.82955108
1666959993.4331112,20143.73,20143.73,-3.95962046,-2.26,40.82955108
1666960003.625936,20143.73,20132.16,-4.88258342,-13.83,36.80210392
1666960013.4019306,20143.73,20132.16,-4.88258342,-13.83,36.80210392
1666960023.3723185,20143.73,20132.16,-4.88258342,-13.83,36.80210392
1666960033.6292486,20139.48,20139.48,-5.36755509,-15.98,39.25168172
1666960043.3639696,20139.48,20139.48,-5.36755509,-15.98,39.25168172
1666960053.4356914,20139.48,20139.48,-5.36755509,-15.98,39.25168172
1666960063.4211197,20139.48,20137.0,-5.56538985,-18.46,38.32104284
1666960073.430262,20139.48,20137.0,-5.56538985,-18.46,38.32104284
1666960083.4285693,20138.22,20138.22,-6.34228779,-28.22,38.85941456
1666960093.433425,20138.22,20138.22,-6.34228779,-28.22,38.85941456
1666960103.391147,20138.22,20138.22,-6.34228779,-28.22,38.85941456
1666960113.6024024,20138.22,20138.22,-6.34228779,-28.22,38.85941456
1666960123.4003491,20138.22,20133.53,-6.71641885,-32.91,36.97583978
1666960133.441607,20138.22,20133.53,-6.71641885,-32.91,36.97583978
1666960143.398584,20138.22,20133.53,-6.71641885,-32.91,36.97583978
1666960153.4761992,20134.93,20134.93,-7.39939887,-31.46,37.49735298
1666960164.1181371,20134.93,20134.93,-7.39939887,-31.46,37.49735298
1666960174.0857472,20134.93,20134.93,-7.39939887,-31.46,37.49735298
1666960184.1396692,20134.93,20131.48,-7.67461255,-34.91,36.14445611
1666960194.1398058,20134.93,20131.48,-7.67461255,-34.91,36.14445611
1666960204.1045787,20134.93,20131.48,-7.67461255,-34.91,36.14445611
1666960214.1433113,20127.93,20127.93,-8.92659435,-52.81,34.85033653
1666960224.1219783,20127.93,20127.93,-8.92659435,-52.81,34.85033653
1666960234.1202826,20127.93,20127.93,-8.92659435,-52.81,34.85033653
1666960244.2663922,20127.93,20153.65,-6.87485646,-27.09,49.07368943
1666960254.152815,20127.93,20153.65,-6.87485646,-27.09,49.07368943
1666960264.1440458,20127.93,20153.65,-6.87485646,-27.09,49.07368943
1666960274.1753829,20213.95,20213.95,2.57548529,39.94,66.31712627
1666960284.1349154,20213.95,20213.95,2.57548529,39.94,66.31712627
1666960294.1644697,20213.95,20213.95,2.57548529,39.94,66.31712627
1666960304.1435635,20213.95,20241.14,4.74448814,67.13,71.07329414
1666960314.1783173,20213.95,20241.14,4.74448814,67.13,71.07329414
1666960324.1502378,20213.95,20241.14,4.74448814,67.13,71.07329414
1666960334.187294,20253.44,20253.44,11.91051939,72.39,72.22904571
1666960344.5619917,20253.44,20253.44,11.91051939,72.39,72.22904571
1666960354.7603135,20253.44,20253.44,11.91051939,72.39,72.22904571
1666960364.558776,20253.44,20260.9,12.50561911,79.85,73.81364123
1666960374.5606246,20253.44,20260.9,12.50561911,79.85,73.81364123
1666960384.5294347,20253.44,20260.9,12.50561911,79.85,73.81364123
1666960394.5813987,20239.8,20239.8,14.46961354,74.82,67.31791492
1666960404.528971,20239.8,20239.8,14.46961354,74.82,67.31791492
1666960414.5842435,20239.8,20239.8,14.46961354,74.82,67.31791492
1666960424.54958,20239.8,20245.84,14.9514369,80.86,68.29552997
1666960434.6179783,20239.8,20245.84,14.9514369,80.86,68.29552997
1666960444.553132,20239.8,20245.84,14.9514369,80.86,68.29552997
1666960454.5854945,20255.71,20255.71,19.48504381,110.71,69.77326727
1666960464.5561323,20255.71,20255.71,19.48504381,110.71,69.77326727
1666960474.587333,20255.71,20255.71,19.48504381,110.71,69.77326727
1666960484.613099,20255.71,20255.08,19.4347874,110.08,69.55443079
1666960494.5907128,20255.71,20255.08,19.4347874,110.08,69.55443079
1666960504.6242373,20255.71,20255.08,19.4347874,110.08,69.55443079
1666960514.6423752,20235.97,20235.97,19.40884772,92.22,63.41112971
1666960525.8662174,20235.97,20235.97,19.40884772,92.22,63.41112971
1666960535.692156,20235.97,20235.97,19.40884772,92.22,63.41112971
1666960545.5672245,20235.97,20243.0,19.96964544,99.25,64.64812701
1666960555.5578008,20235.97,20243.0,19.96964544,99.25,64.64812701
1666960565.5553484,20235.97,20243.0,19.96964544,99.25,64.64812701
1666960575.5771718,20235.97,20243.0,19.96964544,99.25,64.64812701
1666960585.6007109,20207.18,20207.18,16.35593443,67.7,55.44399284
1666960595.5842192,20207.18,20207.18,16.35593443,67.7,55.44399284
1666960605.6198654,20207.18,20171.35,13.49770081,31.87,47.47212378
1666960615.5536528,20207.18,20171.35,13.49770081,31.87,47.47212378
1666960625.5869613,20207.18,20171.35,13.49770081,31.87,47.47212378
1666960635.626774,20171.08,20171.08,10.38050187,33.19,47.4376493
1666960645.5821714,20171.08,20171.08,10.38050187,33.19,47.4376493
1666960655.59734,20171.08,20171.08,10.38050187,33.19,47.4376493
1666960665.6039677,20171.08,20202.32,12.87258164,64.43,53.6628522
1666960675.5869014,20171.08,20202.32,12.87258164,64.43,53.6628522
1666960685.6010578,20171.08,20202.32,12.87258164,64.43,53.6628522
1666960695.607818,20195.17,20195.17,11.27100265,60.24,52.37181799
1666960706.3817008,20195.17,20195.17,11.27100265,60.24,52.37181799
1666960716.3906977,20195.17,20195.17,11.27100265,60.24,52.37181799
1666960726.5259097,20195.17,20211.36,12.56251263,76.43,55.40187334
1666960736.419471,20195.17,20211.36,12.56251263,76.43,55.40187334
1666960746.4084983,20195.17,20211.36,12.56251263,76.43,55.40187334
1666960756.4338207,20208.03,20208.03,12.05955129,80.09,54.83144514
1666960766.4428802,20208.03,20208.03,12.05955129,80.09,54.83144514
1666960776.428376,20208.03,20208.03,12.05955129,80.09,54.83144514
1666960786.4537027,20208.03,20211.0,12.29647437,83.06,55.39917703
1666960796.4435914,20208.03,20211.0,12.29647437,83.06,55.39917703
1666960806.488943,20208.03,20211.0,12.29647437,83.06,55.39917703
1666960816.4421513,20194.01,20194.01,9.84865793,-19.94,51.74475898
1666960826.4645915,20194.01,20194.01,9.84865793,-19.94,51.74475898
1666960836.4478872,20194.01,20194.01,9.84865793,-19.94,51.74475898
1666960846.4307249,20194.01,20182.95,8.96637873,-31.0,49.33944819
1666960856.4638014,20194.01,20182.95,8.96637873,-31.0,49.33944819
1666960866.4393125,20194.01,20182.95,8.96637873,-31.0,49.33944819
1666960876.4340432,20184.93,20184.93,7.45833417,-70.89,49.7942362
1666960887.011802,20184.93,20184.93,7.45833417,-70.89,49.7942362
1666960896.9063752,20184.93,20184.93,7.45833417,-70.89,49.7942362
1666960906.8844602,20184.93,20207.91,9.29149657,-47.91,54.47626656
1666960916.9124193,20184.93,20207.91,9.29149657,-47.91,54.47626656
1666960926.9282937,20184.93,20207.91,9.29149657,-47.91,54.47626656
1666960937.0574973,20213.86,20213.86,10.36667955,-24.74,55.48257198
1666960947.0343273,20213.86,20213.86,10.36667955,-24.74,55.48257198
1666960956.8874202,20213.86,20213.86,10.36667955,-24.74,55.48257198
1666960966.8827417,20213.86,20215.5,10.49750576,-23.1,55.84365547
1666960976.9157434,20213.86,20215.5,10.49750576,-23.1,55.84365547
1666960986.9072316,20213.86,20215.5,10.49750576,-23.1,55.84365547
1666960996.8833249,20211.99,20211.99,10.3853263,-43.7,55.04727913
1666961006.8963976,20211.99,20211.99,10.3853263,-43.7,55.04727913
1666961016.9255056,20211.99,20211.99,10.3853263,-43.7,55.04727913
1666961026.9179776,20211.99,20215.14,10.63660835,-40.55,55.67808697
1666961036.933791,20211.99,20215.14,10.63660835,-40.55,55.67808697
1666961046.9880946,20211.99,20215.14,10.63660835,-40.55,55.67808697
1666961056.9542725,20201.37,20201.37,9.0320717,-34.6,52.48873083
1666961067.6051817,20201.37,20201.37,9.0320717,-34.6,52.48873083
1666961077.6205332,20201.37,20201.37,9.0320717,-34.6,52.48873083
1666961087.6398027,20201.37,20196.66,8.6563452,-39.31,51.36624301
1666961097.6148908,20201.37,20196.66,8.6563452,-39.31,51.36624301
1666961107.5872366,20201.37,20196.66,8.6563452,-39.31,51.36624301
1666961117.6022058,20210.69,20210.69,9.71450083,2.47,54.54538435
1666961127.6169865,20210.69,20210.69,9.71450083,2.47,54.54538435
1666961137.6130855,20210.69,20210.69,9.71450083,2.47,54.54538435
1666961147.6140175,20210.69,20206.47,9.37786265,-1.75,53.44395841
1666961157.5807078,20210.69,20206.47,9.37786265,-1.75,53.44395841
1666961167.6266336,20210.69,20206.47,9.37786265,-1.75,53.44395841
1666961177.584577,20207.23,20207.23,9.04897208,36.61,53.63422329
1666961187.6405976,20207.23,20207.23,9.04897208,36.61,53.63422329
1666961197.6318262,20207.23,20207.23,9.04897208,36.61,53.63422329
1666961207.6207778,20207.23,20177.24,6.65660741,6.62,46.44046654
1666961217.731992,20207.23,20177.24,6.65660741,6.62,46.44046654
1666961227.6316848,20207.23,20177.24,6.65660741,6.62,46.44046654
1666961237.632748,20195.37,20195.37,6.91631829,0.2,50.55751869
1666961248.5695868,20195.37,20195.37,6.91631829,0.2,50.55751869
1666961258.550933,20195.37,20195.37,6.91631829,0.2,50.55751869
1666961268.7062397,20195.37,20177.11,5.45968011,-18.06,46.14009112
1666961278.5752883,20195.37,20177.11,5.45968011,-18.06,46.14009112
1666961288.5893056,20195.37,20177.11,5.45968011,-18.06,46.14009112
1666961298.5598023,20174.57,20174.57,3.03314593,-31.95,45.5853466
1666961308.5633664,20174.57,20174.57,3.03314593,-31.95,45.5853466
1666961318.5639477,20174.57,20174.57,3.03314593,-31.95,45.5853466
1666961328.5679815,20174.57,20185.19,3.88032542,-21.33,48.37987853
1666961338.5909286,20174.57,20185.19,3.88032542,-21.33,48.37987853
1666961348.581279,20174.57,20185.19,3.88032542,-21.33,48.37987853
1666961358.5825312,20171.98,20171.98,0.89006926,-22.03,44.99133601
1666961368.5441515,20171.98,20171.98,0.89006926,-22.03,44.99133601
1666961378.5870657,20171.98,20171.98,0.89006926,-22.03,44.99133601
1666961388.5573535,20171.98,20179.7,1.50590972,-14.31,47.19988002
1666961398.5736167,20171.98,20179.7,1.50590972,-14.31,47.19988002
1666961408.5687144,20171.98,20179.7,1.50590972,-14.31,47.19988002
1666961418.5560594,20176.36,20176.36,0.02872745,-6.32,46.28210937
1666961429.5502317,20176.36,20176.36,0.02872745,-6.32,46.28210937
1666961439.3456786,20176.36,20176.36,0.02872745,-6.32,46.28210937
1666961449.3577027,20176.36,20183.9,0.63020893,1.22,48.4653178
1666961459.3612752,20176.36,20183.9,0.63020893,1.22,48.4653178
1666961469.3827567,20176.36,20183.9,0.63020893,1.22,48.4653178
1666961479.3594592,20190.19,20190.19,0.98735544,-24.78,50.17838914
1666961489.3904138,20190.19,20190.19,0.98735544,-24.78,50.17838914
1666961499.4337068,20190.19,20190.19,0.98735544,-24.78,50.17838914
1666961509.355895,20190.19,20187.04,0.73607339,-27.93,49.29465772
1666961519.3997087,20190.19,20187.04,0.73607339,-27.93,49.29465772
1666961529.4093256,20190.19,20187.04,0.73607339,-27.93,49.29465772
1666961539.399084,20185.56,20185.56,0.15162587,-26.43,48.92115671
1666961549.4035995,20185.56,20185.56,0.15162587,-26.43,48.92115671
1666961559.3846183,20185.56,20185.56,0.15162587,-26.43,48.92115671
1666961569.4155705,20185.56,20183.16,-0.03982712,-28.83,48.21796147
1666961579.3679948,20185.56,20183.16,-0.03982712,-28.83,48.21796147
1666961589.389289,20185.56,20183.16,-0.03982712,-28.83,48.21796147
1666961599.3710096,20187.25,20187.25,0.08089884,-16.31,49.42620591
1666961609.907955,20187.25,20187.25,0.08089884,-16.31,49.42620591
1666961619.9168284,20187.25,20187.25,0.08089884,-16.31,49.42620591
1666961629.8549511,20187.25,20185.5,-0.0587023,-18.06,48.8871628
1666961639.910108,20187.25,20185.5,-0.0587023,-18.06,48.8871628
1666961649.885188,20187.25,20185.5,-0.0587023,-18.06,48.8871628
1666961660.14708,20178.26,20178.26,-1.26876186,-32.45,46.74766584
1666961669.8754573,20178.26,20178.26,-1.26876186,-32.45,46.74766584
1666961679.928365,20178.26,20178.26,-1.26876186,-32.45,46.74766584
1666961689.8904846,20178.26,20195.79,0.1296427,-14.92,52.16656041
1666961699.8837,20178.26,20195.79,0.1296427,-14.92,52.16656041
1666961709.9670656,20178.26,20195.79,0.1296427,-14.92,52.16656041
1666961719.9313211,20194.53,20194.53,0.46573431,-12.43,51.81075263
1666961729.9886692,20194.53,20194.53,0.46573431,-12.43,51.81075263
1666961739.9386108,20194.53,20194.53,0.46573431,-12.43,51.81075263
1666961749.968417,20194.53,20192.8,0.32772862,-14.16,51.24709764
1666961759.8928432,20194.53,20192.8,0.32772862,-14.16,51.24709764
1666961769.9212725,20194.53,20192.8,0.32772862,-14.16,51.24709764
1666961779.9396122,20190.81,20190.81,0.1947121,-3.51,50.63459479
1666961790.5356982,20190.81,20190.81,0.1947121,-3.51,50.63459479
1666961800.564758,20190.81,20202.63,1.13761808,8.31,54.19480432
1666961810.5593443,20190.81,20202.63,1.13761808,8.31,54.19480432
1666961820.5528069,20190.81,20202.63,1.13761808,8.31,54.19480432
1666961830.5593903,20193.75,20193.75,0.71138197,19.18,51.57085691
1666961840.6118183,20193.75,20193.75,0.71138197,19.18,51.57085691
1666961850.575653,20193.75,20193.75,0.71138197,19.18,51.57085691
1666961860.5756874,20193.75,20181.3,-0.28178043,6.73,47.46542524
1666961870.5557938,20193.75,20181.3,-0.28178043,6.73,47.46542524
1666961880.5683537,20193.75,20181.3,-0.28178043,6.73,47.46542524
1666961890.573511,20188.83,20188.83,0.22882143,16.85,49.86640306
1666961900.5340393,20188.83,20188.83,0.22882143,16.85,49.86640306
1666961910.571086,20188.83,20188.83,0.22882143,16.85,49.86640306
1666961920.5502045,20188.83,20197.24,0.89970462,25.26,52.74164925
1666961930.5296164,20188.83,20197.24,0.89970462,25.26,52.74164925
1666961940.5434744,20188.83,20197.24,0.89970462,25.26,52.74164925
1666961950.638852,20188.83,20197.24,0.89970462,25.26,52.74164925
1666961960.5867455,20206.65,20206.65,2.68272309,29.53,55.57854378
1666961971.0560756,20206.65,20206.65,2.68272309,29.53,55.57854378
1666961981.09711,20206.65,20205.52,2.59258064,28.4,55.14921463
1666961991.0426798,20206.65,20205.52,2.59258064,28.4,55.14921463
1666962001.0855415,20206.65,20205.52,2.59258064,28.4,55.14921463
1666962011.089946,20209.96,20209.96,3.90968094,19.77,56.5845026
1666962021.112457,20209.96,20209.96,3.90968094,19.77,56.5845026
1666962031.0699368,20209.96,20209.96,3.90968094,19.77,56.5845026
1666962041.1100326,20209.96,20209.96,3.90968094,19.77,56.5845026
1666962051.3347902,20209.96,20209.4,3.86500858,19.21,56.37179982
1666962061.144115,20209.96,20209.4,3.86500858,19.21,56.37179982
1666962071.119131,20199.56,20199.56,3.23453313,14.92,52.58260137
1666962081.338413,20199.56,20199.56,3.23453313,14.92,52.58260137
1666962091.060802,20199.56,20199.56,3.23453313,14.92,52.58260137
1666962101.107498,20199.56,20199.56,3.23453313,14.92,52.58260137
1666962111.064196,20199.56,20196.62,3.00000322,11.98,51.47953433
1666962121.115889,20199.56,20196.62,3.00000322,11.98,51.47953433
1666962131.0872047,20192.45,20192.45,2.23861844,5.2,49.99205961
1666962141.1474743,20192.45,20192.45,2.23861844,5.2,49.99205961
1666962152.019231,20192.45,20192.45,2.23861844,5.2,49.99205961
1666962162.022536,20192.45,20196.6,2.56967257,9.35,51.49418274
1666962172.001083,20192.45,20196.6,2.56967257,9.35,51.49418274
1666962182.0151036,20192.45,20196.6,2.56967257,9.35,51.49418274
1666962192.0213432,20192.45,20196.6,2.56967257,9.35,51.49418274
1666962201.9998302,20212.0,20212.0,4.62482661,32.39,56.36435422
1666962211.9812326,20212.0,20212.0,4.62482661,32.39,56.36435422
1666962222.0188968,20212.0,20216.87,5.01331664,37.26,57.80526779
1666962232.0169158,20212.0,20216.87,5.01331664,37.26,57.80526779
1666962242.043646,20212.0,20216.87,5.01331664,37.26,57.80526779
1666962252.0396764,20223.23,20223.23,6.87959116,28.7,59.41129693
1666962262.0303278,20223.23,20223.23,6.87959116,28.7,59.41129693
1666962272.024438,20223.23,20223.23,6.87959116,28.7,59.41129693
1666962282.0299845,20223.23,20223.23,6.87959116,28.7,59.41129693
1666962292.0036783,20223.23,20221.45,6.73759686,26.92,58.68887842
1666962302.0055573,20223.23,20221.45,6.73759686,26.92,58.68887842
1666962312.0258317,20228.1,20228.1,8.55225163,38.62,60.70875503
1666962322.0000134,20228.1,20228.1,8.55225163,38.62,60.70875503
1666962333.2007148,20228.1,20228.1,8.55225163,38.62,60.70875503
1666962343.3126135,20228.1,20224.54,8.26826303,35.06,59.19088444
1666962353.1910636,20228.1,20224.54,8.26826303,35.06,59.19088444
1666962363.2107425,20228.1,20224.54,8.26826303,35.06,59.19088444
1666962373.2255538,20236.13,20236.13,10.48375958,42.38,63.03296408
1666962383.1911876,20236.13,20236.13,10.48375958,42.38,63.03296408
1666962393.2498758,20236.13,20236.13,10.48375958,42.38,63.03296408
1666962403.208705,20236.13,20247.36,11.37960004,53.61,65.87621362
1666962413.295602,20236.13,20247.36,11.37960004,53.61,65.87621362
1666962423.279309,20236.13,20247.36,11.37960004,53.61,65.87621362
1666962433.2892995,20267.9,20267.9,15.92429112,79.07,70.08460204
1666962443.2836576,20267.9,20267.9,15.92429112,79.07,70.08460204
1666962453.2983525,20267.9,20267.9,15.92429112,79.07,70.08460204
1666962463.3017414,20267.9,20267.9,15.92429112,79.07,70.08460204
1666962473.2709963,20267.9,20278.79,16.79300907,89.96,72.05254706
1666962483.2898,20267.9,20278.79,16.79300907,89.96,72.05254706
1666962493.3203,20270.96,20270.96,18.45230276,64.18,70.66503209
1666962503.2797327,20270.96,20270.96,18.45230276,64.18,70.66503209
1666962513.854262,20270.96,20270.96,18.45230276,64.18,70.66503209
1666962523.9258118,20270.96,20264.94,17.97207484,58.16,67.87490437
1666962533.8544974,20270.96,20264.94,17.97207484,58.16,67.87490437
1666962543.9258928,20270.96,20264.94,17.97207484,58.16,67.87490437
1666962553.9008515,20274.15,20274.15,20.4823539,64.37,71.29040084
1666962563.8633702,20274.15,20274.15,20.4823539,64.37,71.29040084
1666962573.8862357,20274.15,20274.15,20.4823539,64.37,71.29040084
1666962583.878595,20274.15,20279.0,20.86924848,69.22,72.25870765
1666962593.8685808,20274.15,20279.0,20.86924848,69.22,72.25870765
1666962603.906432,20274.15,20279.0,20.86924848,69.22,72.25870765
1666962613.8972487,20274.15,20279.0,20.86924848,69.22,72.25870765
1666962623.875837,20277.17,20277.17,22.066974,76.41,71.90111858
1666962633.8919148,20277.17,20277.17,22.066974,76.41,71.90111858
1666962644.1332574,20277.17,20261.26,20.79780021,60.5,64.15805997
1666962653.920295,20277.17,20261.26,20.79780021,60.5,64.15805997
1666962663.9354243,20277.17,20261.26,20.79780021,60.5,64.15805997
1666962673.939293,20272.44,20272.44,22.24888928,79.99,69.37939976
1666962683.93583,20272.44,20272.44,22.24888928,79.99,69.37939976
1666962694.2888818,20272.44,20272.44,22.24888928,79.99,69.37939976
1666962704.2562995,20272.44,20269.03,21.97686649,76.58,67.56331527
1666962714.2451797,20272.44,20269.03,21.97686649,76.58,67.56331527
1666962724.2521265,20272.44,20269.03,21.97686649,76.58,67.56331527
1666962734.2950115,20278.71,20278.71,23.33881397,66.97,70.67638392
1666962744.2530377,20278.71,20278.71,23.33881397,66.97,70.67638392
1666962754.2915912,20278.71,20278.71,23.33881397,66.97,70.67638392
1666962764.2629128,20278.71,20279.54,23.40502479,67.8,71.15150488
1666962774.2835958,20278.71,20279.54,23.40502479,67.8,71.15150488
1666962784.279315,20278.71,20279.54,23.40502479,67.8,71.15150488
1666962794.3085165,20281.6,20281.6,23.87344052,57.46,71.72531785
1666962804.3000145,20281.6,20281.6,23.87344052,57.46,71.72531785
1666962814.2834165,20281.6,20281.6,23.87344052,57.46,71.72531785
1666962824.460456,20281.6,20282.0,23.90534935,57.86,71.82246375
1666962834.311972,20281.6,20282.0,23.90534935,57.86,71.82246375
1666962844.306159,20281.6,20282.0,23.90534935,57.86,71.82246375
1666962854.2785864,20283.7,20283.7,24.13648317,54.71,72.22799372
1666962864.302203,20283.7,20283.7,24.13648317,54.71,72.22799372
1666962875.2798264,20283.7,20283.7,24.13648317,54.71,72.22799372
1666962885.2487073,20283.7,20273.87,23.35232362,44.88,66.28727011
1666962895.2721193,20283.7,20273.87,23.35232362,44.88,66.28727011
1666962905.4830515,20283.7,20273.87,23.35232362,44.88,66.28727011
1666962915.242825,20271.71,20271.71,22.17542416,36.5,64.87269947
1666962925.2251177,20271.71,20271.71,22.17542416,36.5,64.87269947
1666962935.254142,20271.71,20271.71,22.17542416,36.5,64.87269947
1666962945.5423784,20271.71,20271.29,22.14191989,36.08,64.74399079
1666962972.051316,20270.44,20270.44,20.97494303,2.54,64.25390416
1666962992.8767688,20270.44,20270.44,20.97494303,2.54,64.25390416
1666963002.227946,20270.44,20270.44,20.97494303,2.54,64.25390416
1666963019.222866,20270.44,20285.78,22.19864673,17.88,68.7168707
1666963025.232746,20270.44,20285.78,22.19864673,17.88,68.7168707
1666963035.2458887,20285.28,20285.28,21.85439773,14.32,68.64246479
1666963045.2545214,20285.28,20285.28,21.85439773,14.32,68.64246479
1666963055.2453628,20285.28,20285.28,21.85439773,14.32,68.64246479
1666963065.264404,20285.28,20291.21,22.32744616,20.25,70.1953005
1666963075.2621477,20285.28,20291.21,22.32744616,20.25,70.1953005
1666963085.215436,20285.28,20291.21,22.32744616,20.25,70.1953005
1666963095.228383,20302.64,20302.64,23.99031018,28.49,72.7922732
1666963105.2600229,20302.64,20302.64,23.99031018,28.49,72.7922732
1666963115.2593122,20302.64,20302.64,23.99031018,28.49,72.7922732
1666963125.2659712,20302.64,20329.32,26.11862927,55.17,77.68086962
1666963135.2508123,20302.64,20329.32,26.11862927,55.17,77.68086962
1666963145.2356546,20302.64,20329.32,26.11862927,55.17,77.68086962
1666963155.2767005,20359.75,20359.75,32.27571659,82.58,81.49013216
1666963165.2719,20359.75,20359.75,32.27571659,82.58,81.49013216
1666963175.300146,20359.75,20359.75,32.27571659,82.58,81.49013216
1666963185.2704203,20359.75,20353.25,31.75719807,76.08,78.98444665
1666963195.281834,20359.75,20353.25,31.75719807,76.08,78.98444665
1666963205.2936137,20359.75,20353.25,31.75719807,76.08,78.98444665
1666963215.268292,20363.68,20363.68,35.45356179,90.44,81.92238429
1666963225.2737508,20363.68,20363.68,35.45356179,90.44,81.92238429
1666963235.2443728,20363.68,20363.68,35.45356179,90.44,81.92238429
1666963246.055271,20363.68,20375.3,36.38051336,102.06,83.16027014
1666963256.116128,20363.68,20375.3,36.38051336,102.06,83.16027014
1666963266.0852757,20363.68,20375.3,36.38051336,102.06,83.16027014
1666963276.0936503,20363.0,20363.0,37.30401972,83.17,81.34921701
1666963286.0943413,20363.0,20363.0,37.30401972,83.17,81.34921701
1666963296.0649984,20363.0,20363.0,37.30401972,83.17,81.34921701
1666963306.0684917,20363.0,20346.03,35.95028753,66.2,72.99780461
1666963316.112317,20363.0,20346.03,35.95028753,66.2,72.99780461
1666963326.127495,20363.0,20346.03,35.95028753,66.2,72.99780461
1666963336.0819786,20336.3,20336.3,34.55759955,54.7,68.92439537
1666963346.081408,20336.3,20336.3,34.55759955,54.7,68.92439537
1666963356.1093662,20336.3,20336.3,34.55759955,54.7,68.92439537
1666963366.12684,20336.3,20336.8,34.59748559,55.2,69.13703948
1666963376.0833294,20336.3,20336.8,34.59748559,55.2,69.13703948
1666963386.106841,20336.3,20336.8,34.59748559,55.2,69.13703948
1666963396.087969,20341.01,20341.01,34.31409019,57.31,69.92100884
1666963406.1636877,20341.01,20341.01,34.31409019,57.31,69.92100884
1666963416.1225014,20341.01,20341.01,34.31409019,57.31,69.92100884
1666963426.640742,20341.01,20329.75,33.41585657,46.05,65.16971193
1666963436.6479127,20341.01,20329.75,33.41585657,46.05,65.16971193
1666963446.648184,20341.01,20329.75,33.41585657,46.05,65.16971193
1666963456.6519024,20326.96,20326.96,31.45237215,56.32,64.09006723
1666963466.6579509,20326.96,20326.96,31.45237215,56.32,64.09006723
1666963476.648943,20326.96,20326.96,31.45237215,56.32,64.09006723
1666963486.65668,20326.96,20335.83,32.1599505,65.19,66.01756401
1666963496.6743028,20326.96,20335.83,32.1599505,65.19,66.01756401
1666963506.6415453,20326.96,20335.83,32.1599505,65.19,66.01756401
1666963516.879151,20333.06,20333.06,30.59228283,63.4,65.43822706
1666963526.6500185,20333.06,20333.06,30.59228283,63.4,65.43822706
1666963536.6845222,20333.06,20333.06,30.59228283,63.4,65.43822706
1666963546.880949,20333.06,20358.05,32.5857871,88.39,70.34936269
1666963556.6696515,20333.06,20358.05,32.5857871,88.39,70.34936269
1666963566.6666837,20333.06,20358.05,32.5857871,88.39,70.34936269
1666963576.6957817,20338.49,20338.49,29.95614508,55.92,66.63889228
1666963586.6580813,20338.49,20338.49,29.95614508,55.92,66.63889228
1666963596.67402,20338.49,20338.49,29.95614508,55.92,66.63889228
1666963607.4055707,20338.49,20343.22,30.33346702,60.65,67.69178677
1666963617.4234047,20338.49,20343.22,30.33346702,60.65,67.69178677
1666963627.4394524,20338.49,20343.22,30.33346702,60.65,67.69178677
1666963637.4154906,20356.35,20356.35,31.2265875,53.71,70.31136443
1666963647.4009557,20356.35,20356.35,31.2265875,53.71,70.31136443
1666963657.412155,20356.35,20356.35,31.2265875,53.71,70.31136443
1666963667.4815233,20356.35,20371.43,32.42955046,68.79,72.99987838
1666963677.4534476,20356.35,20371.43,32.42955046,68.79,72.99987838
1666963687.4603105,20356.35,20371.43,32.42955046,68.79,72.99987838
1666963697.458841,20371.92,20371.92,33.02711222,13.84,73.07909321
1666963707.4618895,20371.92,20371.92,33.02711222,13.84,73.07909321
1666963717.4645214,20371.92,20371.92,33.02711222,13.84,73.07909321
1666963727.4835234,20371.92,20357.35,31.86483302,-0.73,66.80305952
1666963737.4739296,20371.92,20357.35,31.86483302,-0.73,66.80305952
1666963747.4493313,20371.92,20357.35,31.86483302,-0.73,66.80305952
1666963757.4845257,20348.19,20348.19,29.73375342,-14.9,63.38100324
1666963767.4826417,20348.19,20348.19,29.73375342,-14.9,63.38100324
1666963777.475097,20348.19,20348.19,29.73375342,-14.9,63.38100324
1666963787.9842262,20348.19,20341.0,29.16019217,-22.09,60.75038441
1666963797.999925,20348.19,20341.0,29.16019217,-22.09,60.75038441
1666963808.0300572,20348.19,20341.0,29.16019217,-22.09,60.75038441
1666963817.9865732,20346.93,20346.93,28.20093593,-17.2,62.85629498
1666963828.0048368,20346.93,20346.93,28.20093593,-17.2,62.85629498
1666963837.9833543,20346.93,20346.93,28.20093593,-17.2,62.85629498
1666963847.995661,20346.93,20353.7,28.74099291,-10.43,64.6435487
1666963858.0023098,20346.93,20353.7,28.74099291,-10.43,64.6435487
1666963867.9821594,20346.93,20353.7,28.74099291,-10.43,64.6435487
1666963877.9907548,20363.09,20363.09,28.83611939,26.28,66.63747567
1666963887.9929304,20363.09,20363.09,28.83611939,26.28,66.63747567
1666963898.5147786,20363.09,20363.09,28.83611939,26.28,66.63747567
1666963907.980282,20363.09,20385.26,30.6046664,48.45,70.7623439
1666963917.981263,20363.09,20385.26,30.6046664,48.45,70.7623439
1666963927.9799032,20363.09,20385.26,30.6046664,48.45,70.7623439
1666963938.0024896,20407.56,20407.56,34.40655057,66.56,73.99624286
1666963948.0213428,20407.56,20407.56,34.40655057,66.56,73.99624286
1666963958.0212402,20407.56,20407.56,34.40655057,66.56,73.99624286
1666963968.5567164,20407.56,20442.7,37.20974145,101.7,78.10579624
1666963978.5208468,20407.56,20442.7,37.20974145,101.7,78.10579624
1666963988.5568829,20407.56,20442.7,37.20974145,101.7,78.10579624
1666963998.587957,20435.19,20435.19,39.41532219,108.23,77.3523071
1666964008.5346766,20435.19,20435.19,39.41532219,108.23,77.3523071
1666964018.5460646,20435.19,20435.19,39.41532219,108.23,77.3523071
1666964028.5440912,20435.19,20455.01,40.99640481,128.05,79.39803795
1666964038.543275,20435.19,20455.01,40.99640481,128.05,79.39803795
1666964048.5643165,20435.19,20455.01,40.99640481,128.05,79.39803795
1666964058.562169,20471.95,20471.95,46.50546893,138.89,80.62345917
1666964068.588253,20471.95,20471.95,46.50546893,138.89,80.62345917
1666964078.5743265,20471.95,20471.95,46.50546893,138.89,80.62345917
1666964088.5725403,20471.95,20466.0,46.03082506,132.94,78.51137021
1666964098.5616114,20471.95,20466.0,46.03082506,132.94,78.51137021
1666964108.575472,20471.95,20466.0,46.03082506,132.94,78.51137021
1666964118.5816493,20498.56,20498.56,53.01969281,160.07,82.56062849
1666964128.564522,20498.56,20498.56,53.01969281,160.07,82.56062849
1666964138.5724342,20498.56,20498.56,53.01969281,160.07,82.56062849
1666964149.5437765,20498.56,20478.31,51.40430819,139.82,75.90541639
1666964159.555051,20498.56,20478.31,51.40430819,139.82,75.90541639
1666964169.5284593,20498.56,20478.31,51.40430819,139.82,75.90541639
1666964179.548758,20468.49,20468.49,51.58875549,113.36,73.02723807
1666964189.5418684,20468.49,20468.49,51.58875549,113.36,73.02723807
1666964199.5438492,20468.49,20468.49,51.58875549,113.36,73.02723807
1666964209.5462198,20468.49,20500.13,54.11274409,145.0,76.34259404
1666964219.5149877,20468.49,20500.13,54.11274409,145.0,76.34259404
1666964229.5300848,20468.49,20500.13,54.11274409,145.0,76.34259404
1666964239.5126808,20497.49,20497.49,55.79299216,125.57,76.1107272
1666964249.5533776,20497.49,20497.49,55.79299216,125.57,76.1107272
1666964259.7768862,20497.49,20482.56,54.60199501,110.64,71.82347996
1666964269.517952,20497.49,20482.56,54.60199501,110.64,71.82347996
1666964279.547407,20497.49,20482.56,54.60199501,110.64,71.82347996
1666964289.551548,20497.49,20482.56,54.60199501,110.64,71.82347996
1666964299.5261395,20467.32,20467.32,52.45746358,119.13,67.89292924
1666964309.5308776,20467.32,20467.32,52.45746358,119.13,67.89292924
1666964319.7283854,20467.32,20467.32,52.45746358,119.13,67.89292924
1666964329.9983523,20467.32,20462.43,52.06737811,114.24,66.6413219
1666964339.9959106,20467.32,20462.43,52.06737811,114.24,66.6413219
1666964350.0087807,20467.32,20462.43,52.06737811,114.24,66.6413219
1666964359.9753337,20486.44,20486.44,53.74981304,138.19,70.28684984
1666964370.007471,20486.44,20486.44,53.74981304,138.19,70.28684984
1666964380.027783,20486.44,20486.44,53.74981304,138.19,70.28684984
1666964390.006426,20486.44,20486.49,53.75380164,138.24,70.29262955
1666964400.0183222,20486.44,20486.49,53.75380164,138.24,70.29262955
1666964410.016809,20486.44,20486.49,53.75380164,138.24,70.29262955
1666964420.007413,20505.07,20505.07,55.57546294,143.98,72.2968249
1666964430.0099618,20505.07,20505.07,55.57546294,143.98,72.2968249
1666964440.0456276,20505.07,20505.07,55.57546294,143.98,72.2968249
1666964449.9772496,20505.07,20517.64,56.57819798,156.55,73.59364897
1666964459.9758902,20505.07,20517.64,56.57819798,156.55,73.59364897
1666964470.0302846,20505.07,20517.64,56.57819798,156.55,73.59364897
1666964479.975958,20519.08,20519.08,57.13582289,111.52,73.74250689
1666964490.1749003,20519.08,20519.08,57.13582289,111.52,73.74250689
1666964500.024626,20519.08,20519.08,57.13582289,111.52,73.74250689
1666964510.5522845,20519.08,20533.51,58.28693401,125.95,75.1712899
1666964520.5923402,20519.08,20533.51,58.28693401,125.95,75.1712899
1666964530.5911708,20519.08,20533.51,58.28693401,125.95,75.1712899
1666964540.6194782,20542.53,20542.53,60.27007675,108.8,75.79536986
1666964550.6312122,20542.53,20542.53,60.27007675,108.8,75.79536986
1666964560.6286645,20542.53,20573.75,62.76056108,140.02,78.60572803
1666964570.7102933,20542.53,20573.75,62.76056108,140.02,78.60572803
1666964580.6285586,20542.53,20573.75,62.76056108,140.02,78.60572803
1666964590.6508343,20542.53,20573.75,62.76056108,140.02,78.60572803
1666964600.598537,20551.61,20551.61,61.79930903,78.78,76.8090472
1666964610.6347396,20551.61,20551.61,61.79930903,78.78,76.8090472
1666964620.6213808,20551.61,20551.61,61.79930903,78.78,76.8090472
1666964630.5934155,20551.61,20574.67,63.63885319,101.84,78.80551647
1666964640.613242,20551.61,20574.67,63.63885319,101.84,78.80551647
1666964650.5998166,20567.61,20567.61,63.98623248,67.75,78.23190855
1666964660.62824,20567.61,20567.61,63.98623248,67.75,78.23190855
1666964670.603956,20567.61,20567.61,63.98623248,67.75,78.23190855
1666964680.6060126,20567.61,20554.76,62.96116125,54.9,74.2938632
1666964691.1402988,20567.61,20554.76,62.96116125,54.9,74.2938632
1666964701.1456702,20567.61,20554.76,62.96116125,54.9,74.2938632
1666964711.1594932,20567.61,20554.76,62.96116125,54.9,74.2938632
1666964721.1702757,20548.92,20548.92,61.21816075,79.38,72.33517974
1666964731.1805482,20548.92,20548.92,61.21816075,79.38,72.33517974
1666964741.2032886,20548.92,20540.34,60.53371631,70.8,70.18162579
1666964751.181523,20548.92,20540.34,60.53371631,70.8,70.18162579
1666964761.1694896,20548.92,20540.34,60.53371631,70.8,70.18162579
1666964771.180225,20548.92,20540.34,60.53371631,70.8,70.18162579
1666964781.1645026,20513.24,20513.24,54.43648251,15.75,63.1248987
1666964791.1642234,20513.24,20513.24,54.43648251,15.75,63.1248987
1666964801.15866,20513.24,20513.24,54.43648251,15.75,63.1248987
1666964811.1820652,20513.24,20503.46,53.65631157,5.97,61.06045323
1666964821.1724102,20513.24,20503.46,53.65631157,5.97,61.06045323
1666964831.1790917,20513.24,20503.46,53.65631157,5.97,61.06045323
1666964841.191157,20503.29,20503.29,49.48126694,34.61,61.02167471
1666964851.184307,20503.29,20503.29,49.48126694,34.61,61.02167471
1666964861.1921282,20503.29,20503.29,49.48126694,34.61,61.02167471
1666964872.1312058,20503.29,20528.16,51.46519856,59.48,64.56696028
1666964882.0961325,20503.29,20528.16,51.46519856,59.48,64.56696028
1666964892.068076,20518.66,20518.66,47.82969786,32.22,63.29157434
1666964902.1287112,20518.66,20518.66,47.82969786,32.22,63.29157434
1666964912.108902,20518.66,20518.66,47.82969786,32.22,63.29157434
1666964922.1442466,20518.66,20520.73,47.99482607,34.29,63.59902656
1666964932.0933502,20518.66,20520.73,47.99482607,34.29,63.59902656
1666964942.0872254,20518.66,20520.73,47.99482607,34.29,63.59902656
1666964952.0805795,20503.55,20503.55,42.89406129,-1.31,59.61602885
1666964962.0964346,20503.55,20503.55,42.89406129,-1.31,59.61602885
1666964972.1118414,20503.55,20503.55,42.89406129,-1.31,59.61602885
1666964982.1054082,20503.55,20514.62,43.77713821,9.76,61.38530784
1666964992.128581,20503.55,20514.62,43.77713821,9.76,61.38530784
1666965002.11796,20503.55,20514.62,43.77713821,9.76,61.38530784
1666965012.1478205,20503.55,20514.62,43.77713821,9.76,61.38530784
1666965022.090718,20516.64,20516.64,41.40638325,-1.37,61.56140279
1666965032.1368802,20516.64,20516.64,41.40638325,-1.37,61.56140279
1666965042.1365745,20516.64,20516.64,41.40638325,-1.37,61.56140279
1666965052.52609,20516.64,20505.67,40.53128354,-12.34,58.85756246
1666965062.5354466,20516.64,20505.67,40.53128354,-12.34,58.85756246
1666965072.5396245,20516.64,20505.67,40.53128354,-12.34,58.85756246
1666965082.5326235,20499.6,20499.6,36.52738905,-43.85,57.44434851
1666965092.5390618,20499.6,20499.6,36.52738905,-43.85,57.44434851
1666965102.5331242,20499.6,20512.63,37.56681925,-30.82,59.73181347
1666965112.582476,20499.6,20512.63,37.56681925,-30.82,59.73181347
1666965122.558615,20499.6,20512.63,37.56681925,-30.82,59.73181347
1666965132.551136,20513.21,20513.21,35.18175249,-38.4,59.83256183
1666965142.5754778,20513.21,20513.21,35.18175249,-38.4,59.83256183
1666965152.5215304,20513.21,20513.21,35.18175249,-38.4,59.83256183
1666965162.525479,20513.21,20487.8,33.15474395,-63.81,53.93300791
1666965172.5730934,20513.21,20487.8,33.15474395,-63.81,53.93300791
1666965182.5421443,20513.21,20487.8,33.15474395,-63.81,53.93300791
1666965192.5671809,20513.21,20487.8,33.15474395,-63.81,53.93300791
1666965202.5477333,20482.41,20482.41,28.44919002,-85.18,52.80668834
1666965212.5816362,20482.41,20482.41,28.44919002,-85.18,52.80668834
1666965222.5842495,20482.41,20501.59,29.97921851,-66.0,56.22096433
1666965233.1586845,20482.41,20501.59,29.97921851,-66.0,56.22096433
1666965243.1441555,20482.41,20501.59,29.97921851,-66.0,56.22096433
1666965253.146676,20497.05,20497.05,27.02369465,-50.06,55.39351498
1666965263.1390707,20497.05,20497.05,27.02369465,-50.06,55.39351498
1666965273.1491387,20497.05,20497.05,27.02369465,-50.06,55.39351498
1666965283.1292331,20497.05,20497.53,27.06198525,-49.58,55.50264671
1666965293.1398337,20497.05,20497.53,27.06198525,-49.58,55.50264671
1666965303.107114,20497.05,20497.53,27.06198525,-49.58,55.50264671
1666965313.1541092,20500.05,20500.05,24.94929648,-10.71,56.00921885
1666965323.1104512,20500.05,20500.05,24.94929648,-10.71,56.00921885
1666965333.1271684,20500.05,20500.05,24.94929648,-10.71,56.00921885
1666965343.1251123,20500.05,20496.96,24.70280076,-13.8,55.32515753
1666965353.1331751,20500.05,20496.96,24.70280076,-13.8,55.32515753
1666965363.154366,20500.05,20496.96,24.70280076,-13.8,55.32515753
1666965373.1733782,20508.45,20508.45,24.12967899,5.16,57.57571118
1666965383.155255,20508.45,20508.45,24.12967899,5.16,57.57571118
1666965393.181708,20508.45,20508.45,24.12967899,5.16,57.57571118
1666965403.1622477,20508.45,20494.1,22.98494964,-9.19,54.03569965
1666965413.8743885,20508.45,20494.1,22.98494964,-9.19,54.03569965
1666965423.924017,20508.45,20494.1,22.98494964,-9.19,54.03569965
1666965433.9243302,20487.19,20487.19,19.68156827,-31.47,52.48182456
1666965443.899461,20487.19,20487.19,19.68156827,-31.47,52.48182456
1666965453.920747,20487.19,20487.19,19.68156827,-31.47,52.48182456
1666965463.900844,20487.19,20485.02,19.50846286,-33.64,51.97657683
1666965473.9299178,20487.19,20485.02,19.50846286,-33.64,51.97657683
1666965483.886187,20487.19,20485.02,19.50846286,-33.64,51.97657683
1666965494.2060947,20487.19,20485.02,19.50846286,-33.64,51.97657683
1666965503.9076624,20476.76,20476.76,15.82724332,-26.79,50.13844788
1666965513.886035,20476.76,20476.76,15.82724332,-26.79,50.13844788
1666965523.8957767,20476.76,20491.0,16.96319774,-12.55,53.21051826
1666965533.9087093,20476.76,20491.0,16.96319774,-12.55,53.21051826
1666965543.9488988,20476.76,20491.0,16.96319774,-12.55,53.21051826
1666965553.93246,20484.16,20484.16,14.32505774,-33.67,51.78357574
1666965563.9423766,20484.16,20484.16,14.32505774,-33.67,51.78357574
1666965573.9083114,20484.16,20484.16,14.32505774,-33.67,51.78357574
1666965583.9304087,20484.16,20471.46,13.31195233,-46.37,48.807286
1666965594.845228,20484.16,20471.46,13.31195233,-46.37,48.807286
1666965604.7857344,20484.16,20471.46,13.31195233,-46.37,48.807286
1666965614.6502552,20471.97,20471.97,10.71479935,-28.6,48.95755399
1666965624.6526942,20471.97,20471.97,10.71479935,-28.6,48.95755399
1666965634.6261685,20471.97,20471.97,10.71479935,-28.6,48.95755399
1666965644.6788428,20471.97,20500.02,12.95240619,-0.55,55.03974126
1666965654.6885426,20471.97,20500.02,12.95240619,-0.55,55.03974126
1666965664.6680515,20471.97,20500.02,12.95240619,-0.55,55.03974126
1666965674.8419178,20471.97,20500.02,12.95240619,-0.55,55.03974126
1666965684.6831968,20518.56,20518.56,15.19771483,5.92,58.32227486
1666965694.6954107,20518.56,20518.56,15.19771483,5.92,58.32227486
1666965704.6725268,20518.56,20529.05,16.03452395,16.41,60.0974119
1666965714.6901658,20518.56,20529.05,16.03452395,16.41,60.0974119
1666965724.6843495,20518.56,20529.05,16.03452395,16.41,60.0974119
1666965734.7081902,20513.16,20513.16,14.86156842,32.51,57.01655484
1666965744.7121212,20513.16,20513.16,14.86156842,32.51,57.01655484
1666965754.6941962,20513.16,20513.16,14.86156842,32.51,57.01655484
1666965764.692163,20513.16,20497.5,13.61233765,16.85,53.29050928
1666965775.2326574,20513.16,20497.5,13.61233765,16.85,53.29050928
1666965785.2013278,20513.16,20497.5,13.61233765,16.85,53.29050928
1666965795.2383192,20478.89,20478.89,10.02901531,-19.28,49.42455339
1666965805.4398491,20478.89,20478.89,10.02901531,-19.28,49.42455339
1666965815.2576542,20478.89,20478.89,10.02901531,-19.28,49.42455339
1666965825.2500918,20478.89,20462.03,8.68405805,-36.14,46.1793747
1666965835.2093928,20478.89,20462.03,8.68405805,-36.14,46.1793747
1666965845.2210028,20478.89,20462.03,8.68405805,-36.14,46.1793747
1666965855.2112508,20434.41,20434.41,1.8738412,-64.2,41.69458931
1666965865.242299,20434.41,20434.41,1.8738412,-64.2,41.69458931
1666965875.2484803,20434.41,20434.41,1.8738412,-64.2,41.69458931
1666965885.2493627,20434.41,20453.0,3.35680416,-45.61,45.52900609
1666965895.2713604,20434.41,20452.49,3.3161204,-46.12,45.43055267
1666965905.2507317,20434.41,20452.49,3.3161204,-46.12,45.43055267
1666965915.2639055,20448.89,20448.89,0.29001173,-59.56,44.72533375
1666965925.2758057,20448.89,20448.89,0.29001173,-59.56,44.72533375
1666965935.2521486,20448.89,20448.89,0.29001173,-59.56,44.72533375
1666965945.274706,20448.89,20448.89,0.29001173,-59.56,44.72533375
1666965955.7433617,20448.89,20468.44,1.84955589,-40.01,48.60940334
1666965965.7449117,20448.89,20468.44,1.84955589,-40.01,48.60940334
1666965975.7271812,20459.66,20459.66,-0.41492375,-27.52,46.95400748
1666965985.776188,20459.66,20459.66,-0.41492375,-27.52,46.95400748
1666965995.7162664,20459.66,20459.66,-0.41492375,-27.52,46.95400748
1666966005.7172768,20459.66,20441.78,-1.84124853,-45.4,43.76425073
1666966015.769942,20459.66,20441.78,-1.84124853,-45.4,43.76425073
1666966025.7398312,20459.66,20441.78,-1.84124853,-45.4,43.76425073
1666966035.7740674,20431.95,20431.95,-5.4733949,-44.81,42.20245345
1666966045.9392197,20431.95,20431.95,-5.4733949,-44.81,42.20245345
1666966055.7787435,20431.95,20431.95,-5.4733949,-44.81,42.20245345
1666966065.7646067,20431.95,20425.98,-5.94963421,-50.78,41.23989262
1666966075.7976649,20431.95,20425.98,-5.94963421,-50.78,41.23989262
1666966085.7842357,20431.95,20425.98,-5.94963421,-50.78,41.23989262
1666966095.7850704,20437.38,20437.38,-6.87536632,-46.78,43.404116
1666966105.800238,20437.38,20437.38,-6.87536632,-46.78,43.404116
1666966115.7835343,20437.38,20437.38,-6.87536632,-46.78,43.404116
1666966125.799269,20437.38,20417.04,-8.49793042,-67.12,40.04516523
1666966136.2356522,20437.38,20417.04,-8.49793042,-67.12,40.04516523
1666966146.2459726,20437.38,20417.04,-8.49793042,-67.12,40.04516523
1666966156.2150946,20397.42,20397.42,-13.88301753,-73.18,37.26388935
1666966166.2579737,20397.42,20397.42,-13.88301753,-73.18,37.26388935
1666966176.206836,20397.42,20397.42,-13.88301753,-73.18,37.26388935
1666966186.212708,20397.42,20412.61,-12.67127964,-57.99,40.69794386
1666966196.2207997,20397.42,20412.61,-12.67127964,-57.99,40.69794386
1666966206.2625072,20397.42,20412.61,-12.67127964,-57.99,40.69794386
1666966216.249579,20394.18,20394.18,-17.17628217,-124.38,36.81041129
1666966226.2605796,20394.18,20394.18,-17.17628217,-124.38,36.81041129
1666966236.2581725,20394.18,20394.18,-17.17628217,-124.38,36.81041129
1666966246.314561,20394.18,20391.68,-17.37571237,-126.88,36.43989519
1666966256.2251554,20394.18,20391.68,-17.37571237,-126.88,36.43989519
1666966266.2564611,20394.18,20391.68,-17.37571237,-126.88,36.43989519
1666966276.2807674,20383.06,20383.06,-20.92894578,-130.1,35.22090608
1666966286.3529017,20383.06,20383.06,-20.92894578,-130.1,35.22090608
1666966296.2732615,20383.06,20383.06,-20.92894578,-130.1,35.22090608
1666966306.3095207,20383.06,20375.14,-21.56074065,-138.02,34.09255034
1666966316.8493466,20383.06,20375.14,-21.56074065,-138.02,34.09255034
1666966326.847026,20383.06,20375.14,-21.56074065,-138.02,34.09255034
1666966336.8473449,20373.98,20373.98,-24.32261836,-106.65,34.18010415
1666966346.896779,20373.98,20373.98,-24.32261836,-106.65,34.18010415
1666966356.800319,20373.98,20373.98,-24.32261836,-106.65,34.18010415
1666966366.8175747,20373.98,20352.11,-26.06723374,-128.52,31.00895555
1666966376.8448808,20373.98,20352.11,-26.06723374,-128.52,31.00895555
1666966386.885177,20373.98,20352.11,-26.06723374,-128.52,31.00895555
1666966396.8756993,20346.92,20346.92,-29.90573772,-87.49,30.51832145
1666966406.873943,20346.92,20346.92,-29.90573772,-87.49,30.51832145
1666966416.8898742,20346.92,20346.92,-29.90573772,-87.49,30.51832145
1666966426.844782,20346.92,20346.56,-29.93445567,-87.85,30.41423906
1666966436.8678167,20346.92,20346.56,-29.93445567,-87.85,30.41423906
1666966446.877815,20346.92,20346.56,-29.93445567,-87.85,30.41423906
1666966456.8902662,20367.16,20367.16,-29.39836636,-81.73,35.92657862
1666966466.8946218,20367.16,20367.16,-29.39836636,-81.73,35.92657862
1666966476.9796546,20367.16,20367.16,-29.39836636,-81.73,35.92657862
1666966486.859825,20367.16,20382.9,-28.14275383,-65.99,39.8341038
1666966497.464672,20367.16,20382.9,-28.14275383,-65.99,39.8341038
1666966507.4795544,20367.16,20382.9,-28.14275383,-65.99,39.8341038
1666966517.477913,20394.35,20394.35,-26.08812954,-64.04,42.40648373
1666966527.5142431,20394.35,20394.35,-26.08812954,-64.04,42.40648373
1666966537.5391707,20394.35,20394.35,-26.08812954,-64.04,42.40648373
1666966547.4769447,20394.35,20401.27,-25.53610675,-57.12,43.95553521
1666966557.5149455,20394.35,20401.27,-25.53610675,-57.12,43.95553521
1666966567.5403662,20394.35,20401.27,-25.53610675,-57.12,43.95553521
1666966577.5133195,20409.51,20409.51,-22.69051992,-22.44,45.69475765
1666966587.4910958,20409.51,20409.51,-22.69051992,-22.44,45.69475765
1666966597.5121503,20409.51,20409.51,-22.69051992,-22.44,45.69475765
1666966607.5668762,20409.51,20409.69,-22.67616094,-22.26,45.73437425
1666966617.547675,20409.51,20409.69,-22.67616094,-22.26,45.73437425
1666966627.521048,20409.51,20409.69,-22.67616094,-22.26,45.73437425
1666966637.519938,20415.59,20415.59,-19.78655713,-21.78,47.01249746
1666966647.571827,20415.59,20415.59,-19.78655713,-21.78,47.01249746
1666966657.5870512,20415.59,20415.59,-19.78655713,-21.78,47.01249746
1666966667.5406065,20415.59,20442.48,-17.64148591,5.11,52.43676038
1666966678.4393206,20415.59,20442.48,-17.64148591,5.11,52.43676038
1666966688.4122074,20415.59,20442.48,-17.64148591,5.11,52.43676038
1666966698.434101,20429.37,20429.37,-15.79040601,31.95,49.9253673
1666966708.482827,20429.37,20429.37,-15.79040601,31.95,49.9253673
1666966718.461854,20429.37,20429.37,-15.79040601,31.95,49.9253673
1666966728.4646316,20429.37,20415.71,-16.88009262,18.29,47.13282701
1666966738.4549274,20429.37,20415.71,-16.88009262,18.29,47.13282701
1666966748.5052629,20429.37,20415.71,-16.88009262,18.29,47.13282701
1666966758.453383,20392.76,20392.76,-18.51609447,-1.41,43.08402587
1666966768.4663565,20392.76,20392.76,-18.51609447,-1.41,43.08402587
1666966778.496428,20392.76,20392.76,-18.51609447,-1.41,43.08402587
1666966788.4781053,20392.76,20404.53,-17.57717709,10.36,45.66203688
1666966798.5183022,20392.76,20404.53,-17.57717709,10.36,45.66203688
1666966808.448158,20392.76,20404.53,-17.57717709,10.36,45.66203688
1666966818.4815552,20405.5,20405.5,-16.35214711,22.43,45.86428014
1666966828.443808,20405.5,20405.5,-16.35214711,22.43,45.86428014
1666966838.5085893,20405.5,20405.5,-16.35214711,22.43,45.86428014
1666966848.449516,20405.5,20414.67,-15.62063714,31.6,47.83921525
1666966858.9574962,20405.5,20414.67,-15.62063714,31.6,47.83921525
1666966868.9736338,20405.5,20414.67,-15.62063714,31.6,47.83921525
1666966878.95206,20424.62,20424.62,-12.56316526,52.31,49.82534252
1666966889.0083947,20424.62,20424.62,-12.56316526,52.31,49.82534252
1666966898.9699285,20424.62,20424.62,-12.56316526,52.31,49.82534252
1666966908.9447212,20424.62,20413.57,-13.44464674,41.26,47.65515756
1666966918.975742,20424.62,20413.57,-13.44464674,41.26,47.65515756
1666966928.9771514,20424.62,20413.57,-13.44464674,41.26,47.65515756
1666966939.0038438,20399.22,20399.22,-14.20868569,53.08,45.09796963
1666966949.0086825,20399.22,20399.22,-14.20868569,53.08,45.09796963
1666966959.0155792,20399.22,20399.22,-14.20868569,53.08,45.09796963
1666966968.999241,20399.22,20395.97,-14.46794495,49.83,44.51677315
1666966978.9694388,20399.22,20395.97,-14.46794495,49.83,44.51677315
1666966989.342035,20399.22,20395.97,-14.46794495,49.83,44.51677315
1666966998.974086,20400.27,20400.27,-13.62943669,34.09,45.31148645
1666967009.0412817,20400.27,20400.27,-13.62943669,34.09,45.31148645
1666967018.9853635,20400.27,20400.27,-13.62943669,34.09,45.31148645
1666967029.0293736,20400.27,20408.86,-12.94419453,42.68,47.2699865
1666967039.5684824,20400.27,20408.86,-12.94419453,42.68,47.2699865
1666967049.6223176,20400.27,20408.86,-12.94419453,42.68,47.2699865
1666967059.5689454,20412.92,20412.92,-11.29766781,19.58,48.147815
1666967069.588396,20412.92,20412.92,-11.29766781,19.58,48.147815
1666967079.5716994,20412.92,20412.92,-11.29766781,19.58,48.147815
1666967089.6700869,20412.92,20411.74,-11.39179887,18.4,47.89809615
1666967099.6089623,20412.92,20411.74,-11.39179887,18.4,47.89809615
1666967109.614033,20412.92,20411.74,-11.39179887,18.4,47.89809615
1666967119.5991964,20422.5,20422.5,-8.77777595,12.99,50.25193206
1666967129.6279724,20422.5,20422.5,-8.77777595,12.99,50.25193206
1666967139.6213834,20422.5,20422.5,-8.77777595,12.99,50.25193206
1666967149.6107583,20422.5,20445.0,-6.98290416,35.49,54.88264788
1666967159.658205,20422.5,20445.0,-6.98290416,35.49,54.88264788
1666967169.6083543,20422.5,20445.0,-6.98290416,35.49,54.88264788
1666967179.611523,20465.4,20465.4,-1.23776443,48.65,58.39400852
1666967189.6499896,20465.4,20465.4,-1.23776443,48.65,58.39400852
1666967199.9999106,20465.4,20465.4,-1.23776443,48.65,58.39400852
1666967209.6300273,20465.4,20476.76,-0.33155361,60.01,60.24928902
1666967220.355115,20465.4,20476.76,-0.33155361,60.01,60.24928902
1666967230.3874383,20465.4,20476.76,-0.33155361,60.01,60.24928902
1666967240.339344,20483.0,20483.0,4.49050915,53.63,61.19966498
1666967250.4370997,20483.0,20483.0,4.49050915,53.63,61.19966498
1666967260.3868127,20483.0,20511.84,6.79113593,82.47,65.32587558
1666967270.773824,20483.0,20511.84,6.79113593,82.47,65.32587558
1666967280.4026425,20483.0,20511.84,6.79113593,82.47,65.32587558
1666967290.442871,20483.0,20511.84,6.79113593,82.47,65.32587558
1666967300.429607,20491.07,20491.07,8.9681031,98.31,62.45002149
1666967310.4086294,20491.07,20491.07,8.9681031,98.31,62.45002149
1666967320.449504,20491.07,20499.54,9.64377261,106.78,63.7696904
1666967330.4086971,20491.07,20499.54,9.64377261,106.78,63.7696904
1666967340.4500704,20491.07,20499.54,9.64377261,106.78,63.7696904
1666967350.414883,20491.07,20499.54,9.64377261,106.78,63.7696904
1666967360.4262218,20515.3,20515.3,15.28682437,109.81,65.994788
1666967370.4747562,20515.3,20515.3,15.28682437,109.81,65.994788
1666967380.4236577,20515.3,20515.3,15.28682437,109.81,65.994788
1666967390.4425025,20515.3,20505.95,14.54095542,100.46,63.51870419
1666967400.9739575,20515.3,20505.95,14.54095542,100.46,63.51870419
1666967411.058987,20515.3,20505.95,14.54095542,100.46,63.51870419
1666967420.9720483,20490.9,20490.9,15.02147157,66.28,59.79009899
1666967431.0495532,20490.9,20490.9,15.02147157,66.28,59.79009899
1666967440.971533,20490.9,20513.78,16.84665675,89.16,63.20510932
1666967451.017931,20490.9,20513.78,16.84665675,89.16,63.20510932
1666967461.3195524,20490.9,20513.78,16.84665675,89.16,63.20510932
1666967470.9520435,20490.9,20513.78,16.84665675,89.16,63.20510932
1666967481.0185938,20526.43,20526.43,21.39265942,126.75,64.62843493
1666967490.9937537,20526.43,20526.43,21.39265942,126.75,64.62843493
1666967500.985134,20526.43,20526.34,21.38547993,126.66,64.60653521
1666967510.9654543,20526.43,20526.34,21.38547993,126.66,64.60653521
1666967521.0253952,20526.43,20526.34,21.38547993,126.66,64.60653521
1666967530.9989731,20526.43,20526.34,21.38547993,126.66,64.60653521
1666967541.0251212,20548.1,20548.1,26.86638393,147.84,67.52574351
1666967551.0077152,20548.1,20548.1,26.86638393,147.84,67.52574351
1666967561.0257058,20548.1,20539.84,26.20746655,139.58,65.47102079
1666967570.994177,20548.1,20539.84,26.20746655,139.58,65.47102079
1666967581.6673274,20548.1,20539.84,26.20746655,139.58,65.47102079
1666967591.6873653,20517.19,20517.19,25.12486637,104.28,60.42886302
1666967601.6875372,20517.19,20517.19,25.12486637,104.28,60.42886302
1666967611.671417,20517.19,20517.19,25.12486637,104.28,60.42886302
1666967621.6640728,20517.19,20503.22,24.01045042,90.31,57.48811206
1666967631.6962166,20517.19,20503.22,24.01045042,90.31,57.48811206
1666967641.6413836,20517.19,20503.22,24.01045042,90.31,57.48811206
1666967651.6795838,20501.29,20501.29,23.15830202,78.79,57.10419032
1666967661.6462207,20501.29,20501.29,23.15830202,78.79,57.10419032
1666967671.6899157,20501.29,20501.29,23.15830202,78.79,57.10419032
1666967681.6773925,20501.29,20493.89,22.56798863,71.39,55.57176972
1666967691.6872892,20501.29,20493.89,22.56798863,71.39,55.57176972
1666967701.7455597,20501.29,20493.89,22.56798863,71.39,55.57176972
1666967711.7301874,20501.29,20493.89,22.56798863,71.39,55.57176972
1666967721.7097251,20486.21,20486.21,20.29877686,20.81,54.04618077
1666967731.7423282,20486.21,20486.21,20.29877686,20.81,54.04618077
1666967741.7456143,20486.21,20484.86,20.19108455,19.46,53.7704715
1666967751.726086,20486.21,20484.86,20.19108455,19.46,53.7704715
1666967762.4259205,20486.21,20484.86,20.19108455,19.46,53.7704715
1666967772.4364948,20475.45,20475.45,17.1345773,-7.55,51.92387046
1666967782.449002,20475.45,20475.45,17.1345773,-7.55,51.92387046
1666967792.4404583,20475.45,20475.45,17.1345773,-7.55,51.92387046
1666967802.4184473,20475.45,20486.45,18.01207018,3.45,53.90902464
1666967812.4454992,20475.45,20486.45,18.01207018,3.45,53.90902464
1666967822.405841,20475.45,20486.45,18.01207018,3.45,53.90902464
1666967832.4403105,20488.97,20488.97,17.07395289,-2.1,54.3409409
1666967842.4397871,20488.97,20488.97,17.07395289,-2.1,54.3409409
1666967852.4745257,20488.97,20488.97,17.07395289,-2.1,54.3409409
1666967862.4562976,20488.97,20488.97,17.07395289,-2.1,54.3409409
1666967872.4864142,20488.97,20506.6,18.48033465,15.53,57.3519968
1666967882.4850807,20488.97,20506.6,18.48033465,15.53,57.3519968
1666967892.506585,20501.55,20501.55,17.76522713,-13.62,56.53086682
1666967902.5153708,20501.55,20501.55,17.76522713,-13.62,56.53086682
1666967912.467935,20501.55,20501.55,17.76522713,-13.62,56.53086682
1666967922.5120616,20501.55,20506.25,18.14015591,-8.92,57.35383743
1666967932.513379,20501.55,20506.25,18.14015591,-8.92,57.35383743
1666967943.1001406,20501.55,20506.25,18.14015591,-8.92,57.35383743
1666967953.107401,20506.94,20506.94,18.1810795,17.44,57.34618873
1666967963.1258993,20506.94,20506.94,18.1810795,17.44,57.34618873
1666967973.1100523,20506.94,20506.94,18.1810795,17.44,57.34618873
1666967983.076806,20506.94,20508.97,18.34301683,19.47,57.82107067
1666967993.0780206,20506.94,20508.97,18.34301683,19.47,57.82107067
1666968003.0788922,20506.94,20508.97,18.34301683,19.47,57.82107067
1666968013.0792782,20511.99,20511.99,18.57420711,-16.31,58.36060259
1666968023.1137147,20511.99,20511.99,18.57420711,-16.31,58.36060259
1666968033.1490092,20511.99,20511.99,18.57420711,-16.31,58.36060259
1666968043.1052823,20511.99,20511.99,18.57420711,-16.31,58.36060259
1666968053.1489396,20511.99,20516.57,18.93956324,-11.73,59.212701
1666968063.148824,20511.99,20516.57,18.93956324,-11.73,59.212701
1666968073.144224,20511.52,20511.52,18.28847839,-36.58,58.23575307
1666968083.1553943,20511.52,20511.52,18.28847839,-36.58,58.23575307
1666968093.1148074,20511.52,20511.52,18.28847839,-36.58,58.23575307
1666968103.1660128,20511.52,20493.18,16.82545844,-54.92,53.43226355
1666968113.1122198,20511.52,20493.18,16.82545844,-54.92,53.43226355
1666968123.79421,20511.52,20493.18,16.82545844,-54.92,53.43226355
1666968133.7839708,20498.28,20498.28,15.95296205,-18.91,54.66003616
1666968143.841947,20498.28,20498.28,15.95296205,-18.91,54.66003616
1666968153.807133,20498.28,20498.28,15.95296205,-18.91,54.66003616
1666968163.8654735,20498.28,20503.9,16.40128114,-13.29,55.8777162
1666968173.788469,20498.28,20503.9,16.40128114,-13.29,55.8777162
1666968184.1853805,20498.28,20503.9,16.40128114,-13.29,55.8777162
1666968194.166977,20498.28,20503.9,16.40128114,-13.29,55.8777162
1666968204.133853,20500.98,20500.98,15.21238792,-0.31,55.25332128
1666968214.124354,20500.98,20500.98,15.21238792,-0.31,55.25332128
1666968224.1222286,20500.98,20498.98,15.05284376,-2.31,54.68252418
1666968234.138647,20500.98,20498.98,15.05284376,-2.31,54.68252418
1666968244.107157,20500.98,20498.98,15.05284376,-2.31,54.68252418
1666968254.167681,20520.7,20520.7,17.07772512,33.14,59.42898914
1666968264.1688318,20520.7,20520.7,17.07772512,33.14,59.42898914
1666968274.149007,20520.7,20520.7,17.07772512,33.14,59.42898914
1666968284.1410944,20520.7,20529.1,17.74781059,41.54,61.09444752
1666968294.1344411,20520.7,20529.1,17.74781059,41.54,61.09444752
1666968304.7780366,20520.7,20529.1,17.74781059,41.54,61.09444752
1666968314.7356455,20527.75,20527.75,18.10866926,52.78,60.83606762
1666968324.7486572,20527.75,20527.75,18.10866926,52.78,60.83606762
1666968334.7706044,20527.75,20527.75,18.10866926,52.78,60.83606762
1666968344.7805817,20527.75,20523.95,17.80553535,48.98,59.63550028
1666968354.742944,20527.75,20523.95,17.80553535,48.98,59.63550028
1666968364.7884386,20527.75,20523.95,17.80553535,48.98,59.63550028
1666968374.787891,20515.9,20515.9,16.5942555,26.93,57.24242851
1666968384.7753472,20515.9,20515.9,16.5942555,26.93,57.24242851
1666968395.1173775,20515.9,20515.9,16.5942555,26.93,57.24242851
1666968404.7973862,20515.9,20520.07,16.92690507,31.1,58.17863979
1666968414.7776568,20515.9,20520.07,16.92690507,31.1,58.17863979
1666968424.7928972,20515.9,20520.07,16.92690507,31.1,58.17863979
1666968434.7973852,20532.82,20532.82,18.41208747,31.27,60.67602858
1666968444.7557995,20532.82,20532.82,18.41208747,31.27,60.67602858
1666968454.7881484,20532.82,20532.82,18.41208747,31.27,60.67602858
1666968464.8005233,20532.82,20549.36,19.73151767,47.81,63.94947891
1666968474.7980368,20532.82,20549.36,19.73151767,47.81,63.94947891
1666968485.6229515,20532.82,20549.36,19.73151767,47.81,63.94947891
1666968495.6264524,20553.03,20553.03,21.31109268,44.45,64.59427311
1666968505.676115,20553.03,20553.03,21.31109268,44.45,64.59427311
1666968515.5838163,20553.03,20553.03,21.31109268,44.45,64.59427311
1666968525.6219852,20553.03,20541.4,20.38334339,32.82,61.03268918
1666968535.6464934,20553.03,20541.4,20.38334339,32.82,61.03268918
1666968545.679881,20553.03,20541.4,20.38334339,32.82,61.03268918
1666968555.62146,20529.47,20529.47,18.87172696,17.48,57.63473128
1666968565.6784525,20529.47,20529.47,18.87172696,17.48,57.63473128
1666968575.632229,20529.47,20529.47,18.87172696,17.48,57.63473128
1666968585.7219384,20529.47,20519.09,18.04369277,7.1,54.79750581
1666968595.7059822,20529.47,20519.09,18.04369277,7.1,54.79750581
1666968605.732051,20529.47,20519.09,18.04369277,7.1,54.79750581
1666968615.732093,20529.55,20529.55,18.06992664,18.03,57.57470284
1666968625.7231543,20529.55,20529.55,18.06992664,18.03,57.57470284
1666968635.7553303,20529.55,20529.55,18.06992664,18.03,57.57470284
1666968645.7419443,20529.55,20526.43,17.82103775,14.91,56.73693687
1666968655.731732,20529.55,20526.43,17.82103775,14.91,56.73693687
1666968666.1430948,20529.55,20526.43,17.82103775,14.91,56.73693687
1666968676.1151018,20524.97,20524.97,16.67025365,27.68,56.30176096
1666968686.1206052,20524.97,20524.97,16.67025365,27.68,56.30176096
1666968696.1223483,20524.97,20524.97,16.67025365,27.68,56.30176096
1666968706.1479406,20524.97,20526.31,16.77714823,29.02,56.63015244
1666968716.136269,20524.97,20526.31,16.77714823,29.02,56.63015244
1666968726.1594925,20524.97,20526.31,16.77714823,29.02,56.63015244
1666968736.1426325,20510.8,20510.8,13.7204033,9.82,52.11007398
1666968746.1627898,20510.8,20510.8,13.7204033,9.82,52.11007398
1666968756.1676946,20510.8,20510.8,13.7204033,9.82,52.11007398
1666968766.1402752,20510.8,20502.28,13.04074518,1.3,49.72374353
1666968776.1807723,20510.8,20502.28,13.04074518,1.3,49.72374353
1666968786.1193123,20510.8,20502.28,13.04074518,1.3,49.72374353
1666968796.1785638,20504.53,20504.53,11.10851257,-16.17,50.35709878
1666968806.150318,20504.53,20504.53,11.10851257,-16.17,50.35709878
1666968816.1326988,20504.53,20504.53,11.10851257,-16.17,50.35709878
1666968826.1242278,20504.53,20501.36,10.85563508,-19.34,49.44428936
1666968836.144385,20504.53,20501.36,10.85563508,-19.34,49.44428936
1666968846.64697,20504.53,20501.36,10.85563508,-19.34,49.44428936
1666968856.6265333,20499.71,20499.71,8.6652598,-28.04,49.0183882
1666968866.657174,20499.71,20499.71,8.6652598,-28.04,49.0183882
1666968876.68919,20499.71,20499.71,8.6652598,-28.04,49.0183882
1666968886.6698008,20499.71,20509.18,9.42070139,-18.57,51.78375908
1666968896.6406991,20499.71,20509.18,9.42070139,-18.57,51.78375908
1666968906.6728842,20499.71,20509.18,9.42070139,-18.57,51.78375908
1666968916.6897533,20514.83,20514.83,9.16405381,-1.07,53.29522911
1666968926.7458682,20514.83,20514.83,9.16405381,-1.07,53.29522911
1666968936.62666,20514.83,20514.83,9.16405381,-1.07,53.29522911
1666968946.6258416,20514.83,20530.7,10.43003672,14.8,57.34039369
1666968956.687475,20514.83,20530.7,10.43003672,14.8,57.34039369
1666968966.6936405,20514.83,20530.7,10.43003672,14.8,57.34039369
1666968976.6429834,20535.0,20535.0,11.35300683,1.19,58.31957808
1666968986.6827643,20535.0,20535.0,11.35300683,1.19,58.31957808
1666968996.652734,20535.0,20535.0,11.35300683,1.19,58.31957808
1666969006.632077,20535.0,20513.98,9.67619771,-19.83,52.03947967
1666969016.6645474,20535.0,20513.98,9.67619771,-19.83,52.03947967
1666969027.3869352,20535.0,20513.98,9.67619771,-19.83,52.03947967
1666969037.4152577,20507.72,20507.72,7.82538601,-44.45,50.42117427
1666969047.3503575,20507.72,20507.72,7.82538601,-44.45,50.42117427
1666969057.3607523,20507.72,20507.72,7.82538601,-44.45,50.42117427
1666969067.3726766,20507.72,20509.8,7.99131194,-42.37,50.9667958
1666969077.3922665,20507.72,20509.8,7.99131194,-42.37,50.9667958
1666969087.4088178,20507.72,20509.8,7.99131194,-42.37,50.9667958
1666969097.793698,20506.92,20506.92,6.56429852,-23.72,50.20629917
1666969107.3590171,20506.92,20506.92,6.56429852,-23.72,50.20629917
1666969117.3936298,20506.92,20506.92,6.56429852,-23.72,50.20629917
1666969127.3483243,20506.92,20493.25,5.47381419,-37.39,46.55534883
1666969137.383948,20506.92,20493.25,5.47381419,-37.39,46.55534883
1666969147.4041874,20506.92,20493.25,5.47381419,-37.39,46.55534883
1666969157.386942,20503.0,20503.0,4.9197149,-25.15,49.14187304
1666969167.4373395,20503.0,20503.0,4.9197149,-25.15,49.14187304
1666969177.445701,20503.0,20503.0,4.9197149,-25.15,49.14187304
1666969187.4193375,20503.0,20500.36,4.70911661,-27.79,48.35701914
1666969197.4016457,20503.0,20500.36,4.70911661,-27.79,48.35701914
1666969207.7683282,20503.0,20500.36,4.70911661,-27.79,48.35701914
1666969218.117569,20498.94,20498.94,3.24613828,-26.02,48.01207289
1666969227.792568,20498.94,20498.94,3.24613828,-26.02,48.01207289
1666969238.0853643,20498.94,20498.94,3.24613828,-26.02,48.01207289
1666969247.8349006,20498.94,20505.44,3.7646568,-19.52,50.04362871
1666969257.775604,20498.94,20505.44,3.7646568,-19.52,50.04362871
1666969267.85555,20498.94,20505.44,3.7646568,-19.52,50.04362871
1666969277.8111722,20506.43,20506.43,3.39396272,-5.23,50.29444333
1666969287.831593,20506.43,20506.43,3.39396272,-5.23,50.29444333
1666969297.8223042,20506.43,20506.43,3.39396272,-5.23,50.29444333
1666969307.8277693,20506.43,20514.0,3.99783737,2.34,52.61141973
1666969317.8274355,20506.43,20514.0,3.99783737,2.34,52.61141973
1666969328.100186,20506.43,20514.0,3.99783737,2.34,52.61141973
1666969337.7878056,20494.9,20494.9,1.19909085,-8.17,46.95316564
1666969347.7888064,20494.9,20494.9,1.19909085,-8.17,46.95316564
1666969357.82996,20494.9,20494.9,1.19909085,-8.17,46.95316564
1666969367.8344302,20494.9,20489.79,0.79145552,-13.28,45.4395252
1666969377.8251553,20494.9,20489.79,0.79145552,-13.28,45.4395252
1666969388.2929497,20494.9,20489.79,0.79145552,-13.28,45.4395252
1666969398.316331,20458.58,20458.58,-4.9862691,-39.96,38.39140935
1666969408.3211682,20458.58,20458.58,-4.9862691,-39.96,38.39140935
1666969418.273641,20458.58,20458.58,-4.9862691,-39.96,38.39140935
1666969428.3158357,20458.58,20473.08,-3.82957394,-25.46,42.8974171
1666969438.27404,20458.58,20473.08,-3.82957394,-25.46,42.8974171
1666969448.346722,20458.58,20473.08,-3.82957394,-25.46,42.8974171
1666969458.325528,20467.93,20467.93,-6.0738053,-46.9,41.37449934
1666969468.2934313,20467.93,20467.93,-6.0738053,-46.9,41.37449934
1666969478.336869,20467.93,20467.93,-6.0738053,-46.9,41.37449934
1666969488.326948,20467.93,20457.84,-6.87870559,-56.99,39.17032235
1666969498.36332,20467.93,20457.84,-6.87870559,-56.99,39.17032235
1666969508.3743684,20467.93,20457.84,-6.87870559,-56.99,39.17032235
1666969518.3526478,20463.47,20463.47,-8.1343156,-71.47,40.5012049
1666969528.2956717,20463.47,20463.47,-8.1343156,-71.47,40.5012049
1666969538.3381765,20463.47,20463.47,-8.1343156,-71.47,40.5012049
1666969548.3270254,20463.47,20468.93,-7.69876004,-66.01,42.325566
1666969558.3188636,20463.47,20468.93,-7.69876004,-66.01,42.325566
1666969569.1501243,20463.47,20468.93,-7.69876004,-66.01,42.325566
1666969579.1756744,20463.93,20463.93,-9.17023298,-43.79,40.77176683
1666969589.188925,20463.93,20463.93,-9.17023298,-43.79,40.77176683
1666969599.210353,20463.93,20463.93,-9.17023298,-43.79,40.77176683
1666969609.206191,20463.93,20449.42,-10.32772586,-58.3,37.44194864
1666969619.175328,20463.93,20449.42,-10.32772586,-58.3,37.44194864
1666969629.1932604,20463.93,20449.42,-10.32772586,-58.3,37.44194864
1666969639.1892624,20461.93,20461.93,-10.26819418,-44.99,40.27803297
1666969649.2460165,20461.93,20461.93,-10.26819418,-44.99,40.27803297
1666969659.2375107,20461.93,20461.93,-10.26819418,-44.99,40.27803297
1666969669.1900606,20461.93,20478.33,-8.95993207,-28.59,46.04759357
1666969679.7541816,20461.93,20478.33,-8.95993207,-28.59,46.04759357
1666969689.195338,20461.93,20478.33,-8.95993207,-28.59,46.04759357
1666969699.2457538,20476.22,20476.22,-8.78010821,-25.52,45.41594894
1666969709.5565355,20476.22,20476.22,-8.78010821,-25.52,45.41594894
1666969719.249925,20476.22,20476.22,-8.78010821,-25.52,45.41594894
1666969729.2571807,20476.22,20486.75,-7.94010821,-14.99,48.79895911
1666969739.2540765,20476.22,20486.75,-7.94010821,-14.99,48.79895911
1666969749.9606612,20476.22,20486.75,-7.94010821,-14.99,48.79895911
1666969759.9689665,20482.68,20482.68,-7.58158604,-14.98,47.51288938
1666969769.9585814,20482.68,20482.68,-7.58158604,-14.98,47.51288938
1666969779.993748,20482.68,20482.68,-7.58158604,-14.98,47.51288938
1666969790.045635,20482.68,20494.3,-6.65463447,-3.36,51.27582367
1666969800.6939433,20482.68,20494.3,-6.65463447,-3.36,51.27582367
1666969809.9977107,20482.68,20494.3,-6.65463447,-3.36,51.27582367
1666969819.994626,20487.09,20487.09,-6.33651125,-21.02,49.00747603
1666969830.0222363,20487.09,20487.09,-6.33651125,-21.02,49.00747603
1666969840.0353577,20487.09,20487.09,-6.33651125,-21.02,49.00747603
1666969850.0408795,20487.09,20499.85,-5.31861951,-8.26,53.1632503
1666969860.0187998,20487.09,20499.85,-5.31861951,-8.26,53.1632503
1666969870.021156,20487.09,20499.85,-5.31861951,-8.26,53.1632503
1666969880.0735767,20514.99,20514.99,-1.62042366,21.21,57.29296511
1666969890.0725422,20514.99,20514.99,-1.62042366,21.21,57.29296511
1666969900.2320557,20514.99,20514.99,-1.62042366,21.21,57.29296511
1666969910.0914524,20514.99,20526.89,-0.67113592,33.11,60.25901029
1666969920.4065511,20514.99,20526.89,-0.67113592,33.11,60.25901029
1666969930.568108,20534.99,20534.99,3.17711295,78.17,62.05128786
1666969940.5247452,20534.99,20534.99,3.17711295,78.17,62.05128786
1666969950.551278,20534.99,20534.99,3.17711295,78.17,62.05128786
1666969960.5790324,20534.99,20537.35,3.36537506,80.53,62.58269352
1666969970.994197,20534.99,20537.35,3.36537506,80.53,62.58269352
1666969980.5651827,20534.99,20537.35,3.36537506,80.53,62.58269352
1666969990.5902345,20534.99,20537.35,3.36537506,80.53,62.58269352
1666970000.6230438,20521.36,20521.36,3.72227472,53.43,57.35981364
1666970010.6341453,20521.36,20521.36,3.72227472,53.43,57.35981364
1666970020.600269,20521.36,20506.05,2.50096418,38.12,52.55337741
1666970030.536202,20521.36,20506.05,2.50096418,38.12,52.55337741
1666970040.5643818,20521.36,20506.05,2.50096418,38.12,52.55337741
1666970050.5682683,20498.9,20498.9,1.78445917,36.45,50.57403632
1666970060.5974903,20498.9,20498.9,1.78445917,36.45,50.57403632
1666970070.5722225,20498.9,20498.9,1.78445917,36.45,50.57403632
1666970080.556218,20498.9,20485.9,0.74742213,23.45,47.1008802
1666970090.631276,20498.9,20485.9,0.74742213,23.45,47.1008802
1666970100.944618,20498.9,20485.9,0.74742213,23.45,47.1008802
1666970111.155103,20492.08,20492.08,0.68491333,26.88,48.69047269
1666970121.1896966,20492.08,20492.08,0.68491333,26.88,48.69047269
1666970131.1568496,20492.08,20492.08,0.68491333,26.88,48.69047269
1666970141.1849024,20492.08,20487.25,0.29961419,22.05,47.34560431
1666970151.1576998,20492.08,20487.25,0.29961419,22.05,47.34560431
1666970161.136743,20492.08,20487.25,0.29961419,22.05,47.34560431
1666970171.2116718,20492.08,20487.25,0.29961419,22.05,47.34560431
1666970181.162082,20474.49,20474.49,-2.24467913,12.56,44.12578307
1666970191.1583016,20474.49,20474.49,-2.24467913,12.56,44.12578307
1666970201.1897235,20474.49,20480.0,-1.80513497,18.07,45.83866362
1666970211.2400932,20474.49,20480.0,-1.80513497,18.07,45.83866362
1666970221.2088268,20474.49,20480.0,-1.80513497,18.07,45.83866362
1666970231.2411487,20467.35,20467.35,-4.3528807,-10.27,42.36780226
1666970241.2349286,20467.35,20467.35,-4.3528807,-10.27,42.36780226
1666970251.2516863,20467.35,20467.35,-4.3528807,-10.27,42.36780226
1666970261.2686906,20467.35,20472.16,-3.969177,-5.46,43.88550819
1666970271.2193315,20467.35,20472.16,-3.969177,-5.46,43.88550819
1666970281.185458,20467.35,20472.16,-3.969177,-5.46,43.88550819
1666970291.9918275,20467.35,20472.16,-3.969177,-5.46,43.88550819
1666970302.0215204,20477.86,20477.86,-4.09553338,-4.82,45.695812
1666970312.032012,20477.86,20477.86,-4.09553338,-4.82,45.695812
1666970321.9749408,20477.86,20490.07,-3.12151629,7.39,49.45730549
1666970332.043204,20477.86,20490.07,-3.12151629,7.39,49.45730549
1666970341.9793756,20477.86,20490.07,-3.12151629,7.39,49.45730549
1666970352.0398915,20477.86,20490.07,-3.12151629,7.39,49.45730549
1666970362.0116315,20491.19,20491.19,-2.61727932,4.1,49.77565085
1666970372.025217,20491.19,20491.19,-2.61727932,4.1,49.77565085
1666970382.020499,20491.19,20490.76,-2.65158131,3.67,49.64611329
1666970392.0477574,20491.19,20490.76,-2.65158131,3.67,49.64611329
1666970402.0390875,20491.19,20490.76,-2.65158131,3.67,49.64611329
1666970411.9982338,20491.19,20490.76,-2.65158131,3.67,49.64611329
1666970422.0359073,20486.95,20486.95,-2.93140523,-28.04,48.57107661
1666970432.0365033,20486.95,20486.95,-2.93140523,-28.04,48.57107661
1666970442.097146,20486.95,20491.25,-2.58838528,-23.74,49.92473332
1666970452.0211225,20486.95,20491.25,-2.58838528,-23.74,49.92473332
1666970462.076256,20486.95,20491.25,-2.58838528,-23.74,49.92473332
1666970472.6167526,20497.4,20497.4,-1.28386041,-37.6,51.70611964
1666970482.8990028,20497.4,20497.4,-1.28386041,-37.6,51.70611964
1666970492.552682,20497.4,20497.4,-1.28386041,-37.6,51.70611964
1666970502.584984,20497.4,20497.4,-1.28386041,-37.6,51.70611964
1666970512.597497,20497.4,20487.63,-2.06323363,-47.37,48.71238204
1666970522.5884602,20497.4,20487.63,-2.06323363,-47.37,48.71238204
1666970532.5852382,20478.93,20478.93,-3.37073142,-42.43,46.40434678
1666970542.5842264,20478.93,20478.93,-3.37073142,-42.43,46.40434678
1666970552.6006086,20478.93,20478.93,-3.37073142,-42.43,46.40434678
1666970562.58699,20478.93,20481.86,-3.13699923,-39.5,47.32739177
1666970572.6913977,20478.93,20481.86,-3.13699923,-39.5,47.32739177
1666970582.6649165,20478.93,20481.86,-3.13699923,-39.5,47.32739177
1666970592.6538348,20470.63,20470.63,-4.83423252,-28.28,44.10199918
1666970602.7265942,20470.63,20470.63,-4.83423252,-28.28,44.10199918
1666970612.676437,20470.63,20470.63,-4.83423252,-28.28,44.10199918
1666970622.6992817,20470.63,20478.1,-4.23833508,-20.81,46.5358254
1666970632.6551168,20470.63,20478.1,-4.23833508,-20.81,46.5358254
1666970642.726144,20470.63,20478.1,-4.23833508,-20.81,46.5358254
1666970653.2808127,20470.63,20478.1,-4.23833508,-20.81,46.5358254
1666970663.3356297,20470.99,20470.99,-5.43049732,-21.09,44.201014
1666970673.275932,20470.99,20470.99,-5.43049732,-21.09,44.201014
1666970683.290998,20470.99,20476.14,-5.01967111,-15.94,46.0664916
1666970693.7228746,20470.99,20476.14,-5.01967111,-15.94,46.0664916
1666970703.7627225,20470.99,20476.14,-5.01967111,-15.94,46.0664916
1666970713.3168328,20470.99,20476.14,-5.01967111,-15.94,46.0664916
1666970723.3121226,20466.36,20466.36,-6.51277849,-8.13,42.86798917
1666970733.374444,20466.36,20466.36,-6.51277849,-8.13,42.86798917
1666970743.3136425,20466.36,20460.47,-6.98263604,-14.02,41.16710281
1666970753.3768044,20466.36,20460.47,-6.98263604,-14.02,41.16710281
1666970763.3775856,20466.36,20460.47,-6.98263604,-14.02,41.16710281
1666970773.357877,20460.84,20460.84,-7.77744817,-7.67,41.26996665
1666970783.3967962,20460.84,20460.84,-7.77744817,-7.67,41.26996665
1666970793.4132612,20460.84,20460.84,-7.77744817,-7.67,41.26996665
1666970803.3975573,20460.84,20457.29,-8.06063905,-11.22,40.23127291
1666970813.423771,20460.84,20457.29,-8.06063905,-11.22,40.23127291
1666970823.3987274,20460.84,20457.29,-8.06063905,-11.22,40.23127291
1666970834.1304204,20465.95,20465.95,-7.53099548,-11.91,43.46441154
1666970844.143572,20465.95,20465.95,-7.53099548,-11.91,43.46441154
1666970854.1807797,20465.95,20465.95,-7.53099548,-11.91,43.46441154
1666970864.146511,20465.95,20458.23,-8.14683594,-19.63,41.1128409
1666970874.182835,20465.95,20458.23,-8.14683594,-19.63,41.1128409
1666970884.1318254,20465.95,20458.23,-8.14683594,-19.63,41.1128409
1666970894.171453,20454.14,20454.14,-9.28033191,-37.09,39.95258072
1666970904.180344,20454.14,20454.14,-9.28033191,-37.09,39.95258072
1666970914.156966,20454.14,20454.14,-9.28033191,-37.09,39.95258072
1666970924.204592,20454.14,20453.74,-9.31224075,-37.49,39.83571382
1666970934.1172273,20454.14,20453.74,-9.31224075,-37.49,39.83571382
1666970944.1976357,20454.14,20453.74,-9.31224075,-37.49,39.83571382
1666970954.232306,20452.64,20452.64,-10.06281024,-33.22,39.51782704
1666970964.191291,20452.64,20452.64,-10.06281024,-33.22,39.51782704
1666970974.165637,20452.64,20452.64,-10.06281024,-33.22,39.51782704
1666970984.2151744,20452.64,20452.94,-10.03887862,-32.92,39.65925126
1666970994.1983528,20452.64,20452.94,-10.03887862,-32.92,39.65925126
1666971004.2183304,20452.64,20452.94,-10.03887862,-32.92,39.65925126
1666971014.673537,20446.49,20446.49,-11.24381572,-51.72,37.67353664
1666971024.685357,20446.49,20446.49,-11.24381572,-51.72,37.67353664
1666971034.688287,20446.49,20446.49,-11.24381572,-51.72,37.67353664
1666971044.6960738,20446.49,20458.85,-10.25783281,-39.36,43.14402874
1666971054.7185528,20446.49,20458.85,-10.25783281,-39.36,43.14402874
1666971064.6982417,20446.49,20458.85,-10.25783281,-39.36,43.14402874
1666971074.7013578,20458.21,20458.21,-10.02214346,-19.46,42.96562756
1666971084.6935956,20458.21,20458.21,-10.02214346,-19.46,42.96562756
1666971094.6824794,20458.21,20458.21,-10.02214346,-19.46,42.96562756
1666971104.715734,20458.21,20450.0,-10.67707223,-27.67,40.33935187
1666971114.6745572,20458.21,20450.0,-10.67707223,-27.67,40.33935187
1666971124.7048495,20458.21,20450.0,-10.67707223,-27.67,40.33935187
1666971134.7163684,20446.99,20446.99,-11.40407636,-24.83,39.63985661
1666971144.699393,20446.99,20446.99,-11.40407636,-24.83,39.63985661
1666971154.7635071,20446.99,20446.99,-11.40407636,-24.83,39.63985661
1666971165.0515883,20446.99,20445.29,-11.5396889,-26.53,38.95761272
1666971174.7440343,20446.99,20445.29,-11.5396889,-26.53,38.95761272
1666971184.6908565,20446.99,20445.29,-11.5396889,-26.53,38.95761272
1666971195.2277818,20449.3,20449.3,-11.33058922,-21.69,40.73411303
1666971205.3012066,20449.3,20449.3,-11.33058922,-21.69,40.73411303
1666971215.2419374,20449.3,20449.3,-11.33058922,-21.69,40.73411303
1666971225.2453268,20449.3,20447.05,-11.5100764,-23.94,39.82925261
1666971235.3440475,20449.3,20447.05,-11.5100764,-23.94,39.82925261
1666971245.5400558,20449.3,20447.05,-11.5100764,-23.94,39.82925261
1666971255.263719,20439.43,20439.43,-12.6166647,-26.93,37.49770593
1666971265.297833,20439.43,20439.43,-12.6166647,-26.93,37.49770593
1666971275.3025112,20439.43,20439.43,-12.6166647,-26.93,37.49770593
1666971285.3045812,20439.43,20445.24,-12.15318892,-21.12,40.35883093
1666971295.2925923,20439.43,20445.24,-12.15318892,-21.12,40.35883093
1666971305.2923594,20439.43,20445.24,-12.15318892,-21.12,40.35883093
1666971315.680042,20429.65,20429.65,-14.24802418,-31.19,34.69160424
1666971325.2913363,20429.65,20429.65,-14.24802418,-31.19,34.69160424
1666971335.2498796,20429.65,20429.65,-14.24802418,-31.19,34.69160424
1666971345.3221118,20429.65,20428.52,-14.33816663,-32.32,34.37155109
1666971355.284634,20429.65,20428.52,-14.33816663,-32.32,34.37155109
1666971365.2852151,20429.65,20428.52,-14.33816663,-32.32,34.37155109
1666971376.074248,20434.78,20434.78,-13.96267965,-32.49,37.52358851
1666971386.087803,20434.78,20434.78,-13.96267965,-32.49,37.52358851
1666971396.0417304,20434.78,20434.78,-13.96267965,-32.49,37.52358851
1666971406.086373,20434.78,20434.74,-13.96587053,-32.53,37.51102987
1666971416.1652677,20434.78,20434.74,-13.96587053,-32.53,37.51102987
1666971426.0923393,20434.78,20434.74,-13.96587053,-32.53,37.51102987
1666971436.0187993,20438.34,20438.34,-13.53074611,-16.5,39.18862757
1666971446.072612,20438.34,20438.34,-13.53074611,-16.5,39.18862757
1666971456.0502732,20438.34,20438.34,-13.53074611,-16.5,39.18862757
1666971466.1075437,20438.34,20444.9,-13.00744127,-9.94,42.54274602
1666971476.106783,20438.34,20444.9,-13.00744127,-9.94,42.54274602
1666971486.086002,20438.34,20444.9,-13.00744127,-9.94,42.54274602
1666971496.1128008,20458.8,20458.8,-10.27128075,6.16,48.55222276
1666971506.0568988,20458.8,20458.8,-10.27128075,6.16,48.55222276
1666971516.11607,20458.8,20458.8,-10.27128075,6.16,48.55222276
1666971526.0894718,20458.8,20450.0,-10.97327505,-2.64,45.34056767
1666971536.084122,20458.8,20450.0,-10.97327505,-2.64,45.34056767
1666971546.166906,20458.8,20450.0,-10.97327505,-2.64,45.34056767
1666971556.7731478,20467.03,20467.03,-7.80926297,19.03,51.79050695
1666971566.8071103,20467.03,20467.03,-7.80926297,19.03,51.79050695
1666971576.817938,20467.03,20467.03,-7.80926297,19.03,51.79050695
1666971586.798737,20467.03,20476.19,-7.07855072,28.19,55.1516627
1666971596.7271187,20467.03,20476.19,-7.07855072,28.19,55.1516627
1666971606.786008,20467.03,20476.19,-7.07855072,28.19,55.1516627
1666971616.7449057,20472.42,20472.42,-5.47813976,13.04,53.82673388
1666971626.774429,20472.42,20472.42,-5.47813976,13.04,53.82673388
1666971636.796302,20472.42,20472.42,-5.47813976,13.04,53.82673388
1666971646.7635047,20472.42,20472.95,-5.43586055,13.57,54.03233141
1666971656.7940643,20472.42,20472.95,-5.43586055,13.57,54.03233141
1666971666.7990718,20472.42,20472.95,-5.43586055,13.57,54.03233141
1666971676.7571187,20475.72,20475.72,-3.45970828,29.73,55.07775579
1666971686.9740195,20475.72,20475.72,-3.45970828,29.73,55.07775579
1666971696.758034,20475.72,20475.72,-3.45970828,29.73,55.07775579
1666971706.8155837,20475.72,20490.91,-2.24797039,44.92,60.39679477
1666971716.8416812,20475.72,20490.91,-2.24797039,44.92,60.39679477
1666971726.830407,20475.72,20490.91,-2.24797039,44.92,60.39679477
1666971737.402958,20493.66,20493.66,0.56235038,45.4,60.99177899
1666971747.378544,20493.66,20493.66,0.56235038,45.4,60.99177899
1666971757.4442906,20493.66,20493.66,0.56235038,45.4,60.99177899
1666971767.3868215,20493.66,20480.38,-0.49702284,32.12,55.08799882
1666971777.4735732,20493.66,20480.38,-0.49702284,32.12,55.08799882
1666971787.4455175,20493.66,20480.38,-0.49702284,32.12,55.08799882
1666971797.4026227,20486.53,20486.53,1.50547253,47.07,57.67329735
1666971807.4192295,20486.53,20486.53,1.50547253,47.07,57.67329735
1666971817.4291854,20486.53,20486.53,1.50547253,47.07,57.67329735
1666971827.409407,20486.53,20479.0,0.90478877,39.54,54.31238547
1666971837.4262362,20486.53,20479.0,0.90478877,39.54,54.31238547
1666971847.409267,20486.53,20479.0,0.90478877,39.54,54.31238547
1666971857.3672647,20477.44,20477.44,1.38786588,47.79,53.6644988
1666971867.4534853,20477.44,20477.44,1.38786588,47.79,53.6644988
1666971877.4401312,20477.44,20477.44,1.38786588,47.79,53.6644988
1666971887.423421,20477.44,20487.25,2.17042998,57.6,57.12790895
1666971897.487634,20477.44,20487.25,2.17042998,57.6,57.12790895
1666971907.3947873,20477.44,20487.25,2.17042998,57.6,57.12790895
1666971917.8694656,20495.8,20495.8,4.51119291,59.97,59.5634722
1666971927.868885,20495.8,20495.8,4.51119291,59.97,59.5634722
1666971937.8454323,20495.8,20495.8,4.51119291,59.97,59.5634722
1666971947.8403306,20495.8,20487.89,3.88019576,52.06,56.19428551
1666971957.8452506,20495.8,20487.89,3.88019576,52.06,56.19428551
1666971967.904939,20495.8,20487.89,3.88019576,52.06,56.19428551
1666971977.8852055,20489.64,20489.64,4.81980134,52.4,56.90642976
1666971988.1457498,20489.64,20489.64,4.81980134,52.4,56.90642976
1666971997.8989933,20489.64,20489.64,4.81980134,52.4,56.90642976
1666972007.8623626,20489.64,20494.99,5.24658196,57.75,58.63241244
1666972017.883753,20489.64,20494.99,5.24658196,57.75,58.63241244
1666972027.90474,20489.64,20494.99,5.24658196,57.75,58.63241244
1666972037.8731394,20488.4,20488.4,5.13999734,29.14,56.27343743
1666972047.8986986,20488.4,20488.4,5.13999734,29.14,56.27343743
1666972057.8597312,20488.4,20488.4,5.13999734,29.14,56.27343743
1666972067.922973,20488.4,20480.87,4.53931358,21.61,53.07603774
1666972077.8769925,20488.4,20480.87,4.53931358,21.61,53.07603774
1666972088.1889737,20488.4,20480.87,4.53931358,21.61,53.07603774
1666972098.6735091,20479.92,20479.92,4.21893535,13.94,52.66907031
1666972108.633684,20479.92,20479.92,4.21893535,13.94,52.66907031
1666972118.7205243,20479.92,20479.92,4.21893535,13.94,52.66907031
1666972128.672454,20479.92,20478.84,4.13278151,12.86,52.24494078
1666972138.6772237,20479.92,20478.84,4.13278151,12.86,52.24494078
1666972148.696725,20479.92,20478.84,4.13278151,12.86,52.24494078
1666972158.7120297,20479.81,20479.81,4.03368091,7.39,52.62651677
1666972168.6910338,20479.81,20479.81,4.03368091,7.39,52.62651677
1666972178.6801493,20479.81,20479.81,4.03368091,7.39,52.62651677
1666972188.6954508,20479.81,20481.77,4.19003418,9.35,53.43550337
1666972198.689128,20479.81,20481.77,4.19003418,9.35,53.43550337
1666972208.7165303,20479.81,20481.77,4.19003418,9.35,53.43550337
1666972218.7333615,20477.87,20477.87,3.4902167,2.15,51.73995872
1666972228.7208126,20477.87,20477.87,3.4902167,2.15,51.73995872
1666972238.773184,20477.87,20477.87,3.4902167,2.15,51.73995872
1666972248.8522842,20477.87,20466.92,2.61671243,-8.8,46.95496417
1666972258.7282133,20477.87,20466.92,2.61671243,-8.8,46.95496417
1666972268.726759,20477.87,20466.92,2.61671243,-8.8,46.95496417
1666972279.2945662,20467.98,20467.98,1.75586368,-26.84,47.48266158
1666972289.2984147,20467.98,20467.98,1.75586368,-26.84,47.48266158
1666972299.2707102,20467.98,20467.98,1.75586368,-26.84,47.48266158
1666972309.2765658,20467.98,20469.11,1.84600613,-25.71,48.01432671
1666972319.2948356,20467.98,20469.11,1.84600613,-25.71,48.01432671
1666972329.2767773,20467.98,20469.11,1.84600613,-25.71,48.01432671
1666972339.2625177,20469.03,20469.03,1.22358019,-17.5,47.97704103
1666972349.617392,20469.03,20469.03,1.22358019,-17.5,47.97704103
1666972359.3109474,20469.03,20469.03,1.22358019,-17.5,47.97704103
1666972369.312956,20469.03,20478.91,2.01172834,-7.62,52.50743197
1666972379.3315718,20469.03,20478.91,2.01172834,-7.62,52.50743197
1666972389.3165026,20469.03,20478.91,2.01172834,-7.62,52.50743197
1666972399.311262,20476.91,20476.91,1.84091698,-0.53,51.65518876
1666972409.3468635,20476.91,20476.91,1.84091698,-0.53,51.65518876
1666972419.323663,20476.91,20476.91,1.84091698,-0.53,51.65518876
1666972429.321599,20476.91,20469.63,1.26017624,-7.81,48.26038448
1666972439.3534749,20476.91,20469.63,1.26017624,-7.81,48.26038448
1666972449.3404453,20476.91,20469.63,1.26017624,-7.81,48.26038448
1666972459.9932525,20463.97,20463.97,-0.08032663,-32.93,46.01943002
1666972470.0078168,20463.97,20463.97,-0.08032663,-32.93,46.01943002
1666972479.9600816,20463.97,20463.97,-0.08032663,-32.93,46.01943002
1666972489.9941554,20463.97,20475.0,0.79955941,-21.9,50.93634173
1666972499.9584794,20463.97,20475.0,0.79955941,-21.9,50.93634173
1666972510.0083618,20463.97,20475.0,0.79955941,-21.9,50.93634173
1666972520.0333118,20466.26,20466.26,-0.38907104,-23.38,47.11966798
1666972530.01749,20466.26,20466.26,-0.38907104,-23.38,47.11966798
1666972539.981809,20466.26,20466.26,-0.38907104,-23.38,47.11966798
1666972550.0219238,20466.26,20473.55,0.19246742,-16.09,50.57338506
1666972560.032889,20466.26,20473.55,0.19246742,-16.09,50.57338506
1666972570.0113823,20466.26,20473.55,0.19246742,-16.09,50.57338506
1666972580.0277245,20474.9,20474.9,0.45294892,-12.26,51.1629378
1666972590.0241463,20474.9,20474.9,0.45294892,-12.26,51.1629378
1666972600.0371485,20474.9,20474.9,0.45294892,-12.26,51.1629378
1666972610.0242462,20474.9,20483.23,1.11745034,-3.93,54.75622473
1666972620.0321746,20474.9,20483.23,1.11745034,-3.93,54.75622473
1666972630.0409992,20474.9,20483.23,1.11745034,-3.93,54.75622473
1666972640.8193865,20486.74,20486.74,2.23997561,7.95,56.11658896
1666972650.8629797,20486.74,20486.74,2.23997561,7.95,56.11658896
1666972660.8775485,20486.74,20475.88,1.37365083,-2.91,51.00649121
1666972670.8762224,20486.74,20475.88,1.37365083,-2.91,51.00649121
1666972680.8335493,20486.74,20475.88,1.37365083,-2.91,51.00649121
1666972690.815274,20464.02,20464.02,-0.27561836,-15.78,46.36564848
1666972700.870187,20464.02,20464.02,-0.27561836,-15.78,46.36564848
1666972710.8165123,20464.02,20464.02,-0.27561836,-15.78,46.36564848
1666972720.831066,20464.02,20464.02,-0.27561836,-15.78,46.36564848
1666972730.8464696,20464.02,20470.08,0.20780044,-9.72,48.8898217
1666972740.8781655,20464.02,20470.08,0.20780044,-9.72,48.8898217
1666972750.8348892,20467.2,20467.2,-0.35752696,-9.28,47.70276972
1666972760.8255355,20467.2,20467.2,-0.35752696,-9.28,47.70276972
1666972770.8469143,20467.2,20467.2,-0.35752696,-9.28,47.70276972
1666972780.8754065,20467.2,20479.43,0.61808558,2.95,52.718019
1666972790.8875723,20467.2,20479.43,0.61808558,2.95,52.718019
1666972800.8581896,20467.2,20479.43,0.61808558,2.95,52.718019
1666972810.8763518,20483.96,20483.96,1.71166356,17.26,54.29301355
1666972821.421922,20483.96,20483.96,1.71166356,17.26,54.29301355
1666972831.4296627,20483.96,20483.96,1.71166356,17.26,54.29301355
1666972841.3942385,20483.96,20483.01,1.63588008,16.31,53.87606157
1666972851.4604578,20483.96,20483.01,1.63588008,16.31,53.87606157
1666972861.4648068,20483.96,20483.01,1.63588008,16.31,53.87606157
1666972871.4453628,20483.96,20483.01,1.63588008,16.31,53.87606157
1666972881.510249,20484.11,20484.11,2.24765628,15.08,54.35943874
1666972891.4512863,20484.11,20484.11,2.24765628,15.08,54.35943874
1666972901.4915233,20484.11,20488.15,2.56993548,19.12,55.92355911
1666972911.463626,20484.11,20488.15,2.56993548,19.12,55.92355911
1666972921.452584,20484.11,20488.15,2.56993548,19.12,55.92355911
1666972931.4811316,20502.64,20502.64,5.34320508,25.73,60.46226703
1666972941.522405,20502.64,20502.64,5.34320508,25.73,60.46226703
1666972951.492752,20502.64,20502.64,5.34320508,25.73,60.46226703
1666972961.8266916,20502.64,20510.79,5.99334753,33.88,63.15918042
1666972971.5077035,20502.64,20510.79,5.99334753,33.88,63.15918042
1666972981.507506,20502.64,20510.79,5.99334753,33.88,63.15918042
1666972991.4985487,20519.97,20519.97,8.99179323,57.01,65.22318113
1666973002.075945,20519.97,20519.97,8.99179323,57.01,65.22318113
1666973012.163246,20519.97,20519.97,8.99179323,57.01,65.22318113
1666973022.1031685,20519.97,20516.98,8.75327471,54.02,63.78696959
1666973032.1445477,20519.97,20516.98,8.75327471,54.02,63.78696959
1666973042.128604,20519.97,20516.98,8.75327471,54.02,63.78696959
1666973052.0639818,20524.83,20524.83,11.26555929,58.57,66.78758214
1666973062.1589575,20524.83,20524.83,11.26555929,58.57,66.78758214
1666973072.1092477,20524.83,20524.83,11.26555929,58.57,66.78758214
1666973082.1399348,20524.83,20532.82,11.90293821,66.56,68.77907348
1666973092.140216,20524.83,20532.82,11.90293821,66.56,68.77907348
1666973103.135354,20524.83,20532.82,11.90293821,66.56,68.77907348
1666973112.0909684,20525.69,20525.69,12.79680031,50.77,66.71442329
1666973122.1689646,20525.69,20525.69,12.79680031,50.77,66.71442329
1666973132.1424153,20525.69,20525.69,12.79680031,50.77,66.71442329
1666973142.1327243,20525.69,20512.71,11.76135871,37.79,60.15327168
1666973152.1261976,20525.69,20512.71,11.76135871,37.79,60.15327168
1666973162.159207,20525.69,20512.71,11.76135871,37.79,60.15327168
1666973172.1586866,20499.52,20499.52,10.1458336,12.78,54.63634543
1666973182.9567106,20499.52,20499.52,10.1458336,12.78,54.63634543
1666973193.0421374,20499.52,20499.52,10.1458336,12.78,54.63634543
1666973203.3814793,20499.52,20491.93,9.54036352,5.19,51.72664167
1666973213.017552,20499.52,20491.93,9.54036352,5.19,51.72664167
1666973222.9846983,20499.52,20491.93,9.54036352,5.19,51.72664167
1666973232.9510512,20471.46,20471.46,5.57872399,6.44,45.20678124
1666973242.997157,20471.46,20471.46,5.57872399,6.44,45.20678124
1666973252.9960625,20471.46,20471.46,5.57872399,6.44,45.20678124
1666973263.0224545,20471.46,20471.46,5.57872399,6.44,45.20678124
1666973272.9944105,20471.46,20461.78,4.80653026,-3.24,42.49054815
1666973282.9969494,20471.46,20461.78,4.80653026,-3.24,42.49054815
1666973293.0090177,20463.4,20463.4,2.48253367,-5.08,42.92215129
1666973302.96489,20463.4,20463.4,2.48253367,-5.08,42.92215129
1666973312.96362,20463.4,20463.4,2.48253367,-5.08,42.92215129
1666973323.0122955,20463.4,20485.1,4.2135878,16.62,50.21680122
1666973332.980049,20463.4,20485.1,4.2135878,16.62,50.21680122
1666973342.970723,20463.4,20485.1,4.2135878,16.62,50.21680122
1666973353.0425706,20473.74,20473.74,1.9938866,-10.85,46.64726191
1666973363.7452748,20473.74,20473.74,1.9938866,-10.85,46.64726191
1666973373.7820396,20473.74,20473.74,1.9938866,-10.85,46.64726191
1666973383.8146255,20473.74,20473.45,1.97075269,-11.14,46.55549108
1666973393.7966971,20473.74,20473.45,1.97075269,-11.14,46.55549108
1666973403.7883086,20473.74,20473.45,1.97075269,-11.14,46.55549108
1666973413.7675693,20464.21,20464.21,-0.40572408,-19.9,43.81043752
1666973423.7698164,20464.21,20464.21,-0.40572408,-19.9,43.81043752
1666973433.811181,20464.21,20464.21,-0.40572408,-19.9,43.81043752
1666973443.8195305,20464.21,20466.61,-0.21427109,-17.5,44.72237344
1666973453.8192515,20464.21,20466.61,-0.21427109,-17.5,44.72237344
1666973463.7813773,20464.21,20466.61,-0.21427109,-17.5,44.72237344
1666973473.799854,20463.22,20463.22,-1.82484101,-40.9,43.51342953
1666973483.9019172,20463.22,20463.22,-1.82484101,-40.9,43.51342953
1666973493.810043,20463.22,20463.22,-1.82484101,-40.9,43.51342953
1666973503.7819693,20463.22,20473.92,-0.97127976,-30.2,47.6338072
1666973513.7964284,20463.22,20473.92,-0.97127976,-30.2,47.6338072
1666973523.831447,20463.22,20473.92,-0.97127976,-30.2,47.6338072
1666973533.844673,20484.79,20484.79,0.19517454,-36.56,51.24659564
1666973544.444373,20484.79,20484.79,0.19517454,-36.56,51.24659564
1666973554.4526658,20484.79,20484.79,0.19517454,-36.56,51.24659564
1666973564.4322014,20484.79,20487.23,0.38981841,-34.12,52.0463528
1666973574.4548025,20484.79,20487.23,0.38981841,-34.12,52.0463528
1666973584.4335902,20484.79,20487.23,0.38981841,-34.12,52.0463528
1666973594.4373915,20484.87,20484.87,0.43877853,-39.96,51.27323993
1666973604.4331572,20484.87,20484.87,0.43877853,-39.96,51.27323993
1666973614.3993535,20484.87,20484.87,0.43877853,-39.96,51.27323993
1666973624.4609408,20484.87,20495.28,1.26920588,-29.55,54.7395213
1666973634.420937,20484.87,20495.28,1.26920588,-29.55,54.7395213
1666973644.4097877,20484.87,20495.28,1.26920588,-29.55,54.7395213
1666973654.4885564,20506.51,20506.51,3.61466631,-20.16,57.98662198
1666973664.4563055,20506.51,20506.51,3.61466631,-20.16,57.98662198
1666973674.4476278,20506.51,20506.51,3.61466631,-20.16,57.98662198
1666973684.4684052,20506.51,20504.24,3.43358369,-22.43,57.20193014
1666973695.4816055,20506.51,20504.24,3.43358369,-22.43,57.20193014
1666973704.4510305,20506.51,20504.24,3.43358369,-22.43,57.20193014
1666973714.5213704,20509.74,20509.74,5.2314319,8.44,58.89213695
1666973724.9056523,20509.74,20509.74,5.2314319,8.44,58.89213695
1666973734.9116104,20509.74,20509.74,5.2314319,8.44,58.89213695
1666973744.8642156,20509.74,20509.74,5.2314319,8.44,58.89213695
1666973754.9325366,20509.74,20505.24,4.87245754,3.94,57.04468837
1666973764.830299,20509.74,20505.24,4.87245754,3.94,57.04468837
1666973774.91022,20521.9,20521.9,7.92541723,49.34,62.21100732
1666973784.8552208,20521.9,20521.9,7.92541723,49.34,62.21100732
1666973794.888032,20521.9,20521.9,7.92541723,49.34,62.21100732
1666973804.8706665,20521.9,20526.1,8.26045997,53.54,63.30913543
1666973814.850567,20521.9,20526.1,8.26045997,53.54,63.30913543
1666973824.8863325,20521.9,20526.1,8.26045997,53.54,63.30913543
1666973834.8729067,20526.65,20526.65,9.89032863,63.25,63.43728613
1666973844.9458685,20526.65,20526.65,9.89032863,63.25,63.43728613
1666973854.9085178,20526.65,20526.65,9.89032863,63.25,63.43728613
1666973864.8827462,20526.65,20538.03,10.7981349,74.63,66.29452504
1666973874.9218144,20526.65,20538.03,10.7981349,74.63,66.29452504
1666973884.8554478,20526.65,20538.03,10.7981349,74.63,66.29452504
1666973894.9055583,20545.89,20545.89,13.6851596,72.15,68.0287423
1666973905.6262927,20545.89,20545.89,13.6851596,72.15,68.0287423
1666973915.6261,20545.89,20545.89,13.6851596,72.15,68.0287423
1666973925.5651326,20545.89,20544.39,13.56550148,70.65,67.52639092
1666973935.6325858,20545.89,20544.39,13.56550148,70.65,67.52639092
1666973945.593357,20545.89,20544.39,13.56550148,70.65,67.52639092
1666973955.669517,20544.45,20544.45,15.19623351,80.25,67.48513413
1666973965.6203418,20544.45,20544.45,15.19623351,80.25,67.48513413
1666973975.598498,20544.45,20544.45,15.19623351,80.25,67.48513413
1666973985.6258469,20544.45,20539.42,14.79497995,75.22,65.02499712
1666973995.626125,20544.45,20539.42,14.79497995,75.22,65.02499712
1666974005.643153,20544.45,20539.42,14.79497995,75.22,65.02499712
1666974015.623873,20547.44,20547.44,16.75956965,84.22,67.9707977
1666974025.639022,20547.44,20547.44,16.75956965,84.22,67.9707977
1666974035.6461763,20547.44,20547.44,16.75956965,84.22,67.9707977
1666974045.6554718,20547.44,20558.22,17.61951267,95.0,70.89873527
1666974055.7007215,20547.44,20558.22,17.61951267,95.0,70.89873527
1666974065.649832,20547.44,20558.22,17.61951267,95.0,70.89873527
1666974075.6350904,20569.99,20569.99,20.70488979,85.2,73.22489089
1666974086.267055,20569.99,20569.99,20.70488979,85.2,73.22489089
1666974096.2771506,20569.99,20569.99,20.70488979,85.2,73.22489089
1666974106.300087,20569.99,20555.35,19.53702654,70.56,66.14284009
1666974116.3233726,20569.99,20555.35,19.53702654,70.56,66.14284009
1666974126.7096417,20569.99,20555.35,19.53702654,70.56,66.14284009
1666974136.2908115,20558.43,20558.43,20.51648548,73.56,67.51663122
1666974146.2783413,20558.43,20558.43,20.51648548,73.56,67.51663122
1666974156.3489115,20558.43,20558.43,20.51648548,73.56,67.51663122
1666974166.2947028,20558.43,20551.75,19.98360798,66.88,64.39281339
1666974176.2829442,20558.43,20551.75,19.98360798,66.88,64.39281339
1666974186.383257,20558.43,20551.75,19.98360798,66.88,64.39281339
1666974196.341443,20548.61,20548.61,19.46938365,43.14,63.02217928
1666974206.360052,20548.61,20548.61,19.46938365,43.14,63.02217928
1666974216.344529,20548.61,20548.61,19.46938365,43.14,63.02217928
1666974226.353517,20548.61,20547.65,19.39280246,42.18,62.5835771
1666974236.3688092,20548.61,20547.65,19.39280246,42.18,62.5835771
1666974246.343498,20548.61,20547.65,19.39280246,42.18,62.5835771
1666974256.366784,20549.41,20549.41,19.08498517,39.66,63.19858761
1666974266.9967666,20549.41,20549.41,19.08498517,39.66,63.19858761
1666974277.0115514,20549.41,20549.41,19.08498517,39.66,63.19858761
1666974287.2733674,20549.41,20581.05,21.60897377,71.3,70.46453536
1666974297.008974,20549.41,20581.05,21.60897377,71.3,70.46453536
1666974307.0325296,20549.41,20581.05,21.60897377,71.3,70.46453536
1666974317.0097787,20637.86,20637.86,31.15204385,116.44,77.90697354
1666974327.0265915,20637.86,20637.86,31.15204385,116.44,77.90697354
1666974337.0279665,20637.86,20637.86,31.15204385,116.44,77.90697354
1666974347.0515692,20637.86,20654.96,32.51614641,133.54,79.89319596
1666974357.041235,20637.86,20654.96,32.51614641,133.54,79.89319596
1666974367.0623183,20637.86,20654.96,32.51614641,133.54,79.89319596
1666974377.0584764,20672.93,20672.93,39.61766093,146.23,81.42060343
1666974387.0115025,20672.93,20672.93,39.61766093,146.23,81.42060343
1666974397.014827,20672.93,20672.93,39.61766093,146.23,81.42060343
1666974407.0526035,20672.93,20673.46,39.65994013,146.76,81.46532421
1666974417.044416,20672.93,20673.46,39.65994013,146.76,81.46532421
1666974427.0629392,20672.93,20673.46,39.65994013,146.76,81.46532421
1666974437.0436645,20669.69,20669.69,43.1618459,124.64,80.23128773
1666974447.8039358,20669.69,20669.69,43.1618459,124.64,80.23128773
1666974457.776168,20669.69,20669.69,43.1618459,124.64,80.23128773
1666974467.8167937,20669.69,20682.39,44.17495131,137.34,81.43416629
1666974477.7968268,20669.69,20682.39,44.17495131,137.34,81.43416629
1666974487.7607684,20669.69,20682.39,44.17495131,137.34,81.43416629
1666974497.7775657,20666.09,20666.09,45.19805358,120.87,78.8266608
1666974507.8090975,20666.09,20666.09,45.19805358,120.87,78.8266608
1666974517.8151076,20666.09,20666.09,45.19805358,120.87,78.8266608
1666974527.8337464,20666.09,20640.99,43.19577438,95.77,69.86314285
1666974537.8045473,20666.09,20640.99,43.19577438,95.77,69.86314285
1666974547.8467422,20666.09,20640.99,43.19577438,95.77,69.86314285
1666974557.814911,20630.83,20630.83,41.51226369,81.96,66.76538
1666974567.8472724,20630.83,20630.83,41.51226369,81.96,66.76538
1666974577.8194015,20630.83,20630.83,41.51226369,81.96,66.76538
1666974587.8378282,20630.83,20643.55,42.52696455,94.68,68.80151532
1666974597.8651557,20630.83,20643.55,42.52696455,94.68,68.80151532
1666974607.8614235,20630.83,20643.55,42.52696455,94.68,68.80151532
1666974617.8346095,20642.03,20642.03,41.87220486,72.04,68.58939169
1666974628.6404145,20642.03,20642.03,41.87220486,72.04,68.58939169
1666974638.644954,20642.03,20642.03,41.87220486,72.04,68.58939169
1666974648.6093862,20642.03,20656.13,42.99699119,86.14,70.58719278
1666974658.6157851,20642.03,20656.13,42.99699119,86.14,70.58719278
1666974668.6808753,20642.03,20656.13,42.99699119,86.14,70.58719278
1666974678.7576723,20663.88,20663.88,44.10276424,105.45,71.45411969
1666974688.621778,20663.88,20663.88,44.10276424,105.45,71.45411969
1666974698.6002114,20663.88,20663.88,44.10276424,105.45,71.45411969
1666974708.671913,20663.88,20674.36,44.93877564,115.93,72.90792002
1666974718.6689448,20663.88,20674.36,44.93877564,115.93,72.90792002
1666974728.9743822,20663.88,20674.36,44.93877564,115.93,72.90792002
1666974738.6085038,20658.09,20658.09,43.12615547,109.48,69.57355325
1666974748.646123,20658.09,20658.09,43.12615547,109.48,69.57355325
1666974758.6363745,20658.09,20658.09,43.12615547,109.48,69.57355325
1666974768.647899,20658.09,20658.42,43.15248026,109.81,69.62262502
1666974778.6547143,20658.09,20658.42,43.15248026,109.81,69.62262502
1666974788.6846595,20658.09,20658.42,43.15248026,109.81,69.62262502
1666974798.6901088,20692.95,20692.95,47.2319851,144.66,73.74649501
1666974809.0896556,20692.95,20692.95,47.2319851,144.66,73.74649501
1666974819.116464,20692.95,20692.95,47.2319851,144.66,73.74649501
1666974829.1185305,20692.95,20716.65,49.12258339,168.36,76.50723086
1666974839.1264951,20692.95,20716.65,49.12258339,168.36,76.50723086
1666974849.1401722,20692.95,20716.65,49.12258339,168.36,76.50723086
1666974859.1471286,20706.51,20706.51,49.46715736,67.64,75.50985147
1666974869.0951788,20706.51,20706.51,49.46715736,67.64,75.50985147
1666974879.24081,20706.51,20706.51,49.46715736,67.64,75.50985147
1666974889.1528778,20706.51,20702.95,49.18316876,64.08,74.68969544
1666974899.1012833,20706.51,20702.95,49.18316876,64.08,74.68969544
1666974909.1214528,20706.51,20702.95,49.18316876,64.08,74.68969544
1666974919.1553578,20702.55,20702.55,49.38320183,29.62,74.54221808
1666974929.1578927,20702.55,20702.55,49.38320183,29.62,74.54221808
1666974939.1447532,20702.55,20702.55,49.38320183,29.62,74.54221808
1666974949.1106398,20702.55,20687.91,48.21533858,14.98,69.54324977
1666974959.158296,20702.55,20687.91,48.21533858,14.98,69.54324977
1666974969.0958822,20702.55,20687.91,48.21533858,14.98,69.54324977
1666974979.1244392,20692.28,20692.28,47.58384221,22.38,70.93879881
1666974989.7930236,20692.28,20692.28,47.58384221,22.38,70.93879881
1666974999.7507863,20692.28,20692.28,47.58384221,22.38,70.93879881
1666975009.7485397,20692.28,20684.45,46.95922683,14.55,68.24966261
1666975019.7236617,20692.28,20684.45,46.95922683,14.55,68.24966261
1666975029.7389889,20692.28,20684.45,46.95922683,14.55,68.24966261
1666975039.8018198,20682.41,20682.41,44.67676791,15.17,67.23302045
1666975049.766531,20682.41,20682.41,44.67676791,15.17,67.23302045
1666975059.7982025,20682.41,20682.41,44.67676791,15.17,67.23302045
1666975069.914407,20682.41,20670.5,43.72668244,3.26,63.71784112
1666975079.7585015,20682.41,20670.5,43.72668244,3.26,63.71784112
1666975089.7629173,20682.41,20670.5,43.72668244,3.26,63.71784112
1666975099.7952962,20680.07,20680.07,42.31858925,48.18,66.83100785
1666975109.775617,20680.07,20680.07,42.31858925,48.18,66.83100785
1666975119.8244104,20680.07,20680.07,42.31858925,48.18,66.83100785
1666975129.7788315,20680.07,20677.61,42.12234993,45.72,65.93915631
1666975139.818458,20680.07,20677.61,42.12234993,45.72,65.93915631
1666975149.7853632,20680.07,20677.61,42.12234993,45.72,65.93915631
1666975159.8162594,20689.4,20689.4,41.42003636,47.37,68.45644881
1666975170.5809674,20689.4,20689.4,41.42003636,47.37,68.45644881
1666975180.6198382,20689.4,20681.24,40.76909619,39.21,65.54121863
1666975190.5919714,20689.4,20681.24,40.76909619,39.21,65.54121863
1666975200.6177845,20689.4,20681.24,40.76909619,39.21,65.54121863
1666975210.9241524,20660.0,20660.0,35.64576741,-4.48,58.74195505
1666975220.582522,20660.0,20660.0,35.64576741,-4.48,58.74195505
1666975230.6061769,20660.0,20660.0,35.64576741,-4.48,58.74195505
1666975240.5900085,20660.0,20660.0,35.64576741,-4.48,58.74195505
1666975250.584653,20660.0,20661.9,35.79733436,-2.58,59.31448798
1666975260.617959,20660.0,20661.9,35.79733436,-2.58,59.31448798
1666975270.6351588,20663.99,20663.99,33.09578772,5.9,59.58318056
1666975280.6021905,20663.99,20663.99,33.09578772,5.9,59.58318056
1666975291.0093029,20663.99,20663.99,33.09578772,5.9,59.58318056
1666975300.6454484,20663.99,20672.43,33.76906408,14.34,61.5573962
1666975310.668496,20663.99,20672.43,33.76906408,14.34,61.5573962
1666975320.644098,20663.99,20672.43,33.76906408,14.34,61.5573962
1666975330.940828,20668.31,20668.31,30.99396911,-25.82,60.68885278
1666975340.6791172,20668.31,20668.31,30.99396911,-25.82,60.68885278
1666975351.2185416,20668.31,20668.31,30.99396911,-25.82,60.68885278
1666975361.2218995,20668.31,20674.43,31.48217423,-19.7,62.06009406
1666975371.1975908,20668.31,20674.43,31.48217423,-19.7,62.06009406
1666975381.224989,20668.31,20674.43,31.48217423,-19.7,62.06009406
1666975391.2680898,20668.31,20674.43,31.48217423,-19.7,62.06009406
1666975401.226462,20680.78,20680.78,30.40553058,-23.98,63.40571667
1666975411.214388,20680.78,20680.78,30.40553058,-23.98,63.40571667
1666975421.173124,20680.78,20684.36,30.69111463,-20.4,64.16523114
1666975431.2184763,20680.78,20684.36,30.69111463,-20.4,64.16523114
1666975441.244532,20680.78,20684.36,30.69111463,-20.4,64.16523114
1666975451.1796608,20700.52,20700.52,31.69162766,-2.46,67.23490715
1666975461.234543,20700.52,20700.52,31.69162766,-2.46,67.23490715
1666975471.22585,20700.52,20700.52,31.69162766,-2.46,67.23490715
1666975481.22915,20700.52,20695.4,31.28319461,-7.58,65.32556229
1666975491.203374,20700.52,20695.4,31.28319461,-7.58,65.32556229
1666975501.6553738,20700.52,20695.4,31.28319461,-7.58,65.32556229
1666975511.2200449,20694.49,20694.49,30.25193964,1.23,64.99749899
1666975521.1971424,20694.49,20694.49,30.25193964,1.23,64.99749899
1666975531.939626,20694.49,20694.49,30.25193964,1.23,64.99749899
1666975541.984975,20694.49,20694.49,30.25193964,1.23,64.99749899
1666975552.008297,20694.49,20684.22,29.43268038,-9.04,61.25850623
1666975561.967096,20694.49,20684.22,29.43268038,-9.04,61.25850623
1666975571.9414542,20694.49,20684.22,29.43268038,-9.04,61.25850623
1666975581.9699814,20665.93,20665.93,25.20131789,-14.2,55.53683321
1666975591.9688282,20665.93,20665.93,25.20131789,-14.2,55.53683321
1666975601.9807458,20665.93,20661.41,24.84074809,-18.72,54.19715091
1666975611.9783378,20665.93,20661.41,24.84074809,-18.72,54.19715091
1666975621.993188,20665.93,20661.41,24.84074809,-18.72,54.19715091
1666975631.9810224,20667.53,20667.53,22.90605637,-12.54,55.97851412
1666975641.953689,20667.53,20667.53,22.90605637,-12.54,55.97851412
1666975651.996971,20667.53,20667.53,22.90605637,-12.54,55.97851412
1666975661.9928818,20667.53,20665.78,22.76645523,-14.29,55.4063657
1666975672.019884,20667.53,20665.78,22.76645523,-14.29,55.4063657
1666975681.9913208,20667.53,20665.78,22.76645523,-14.29,55.4063657
1666975691.961326,20667.08,20667.08,20.57132774,-21.77,55.76051202
1666975702.06122,20667.08,20667.08,20.57132774,-21.77,55.76051202
1666975712.5452163,20667.08,20667.08,20.57132774,-21.77,55.76051202
1666975722.544845,20667.08,20673.11,21.05235338,-15.74,57.36147594
1666975732.610552,20667.08,20673.11,21.05235338,-15.74,57.36147594
1666975742.564231,20667.08,20673.11,21.05235338,-15.74,57.36147594
1666975752.5189962,20676.48,20676.48,19.95587475,14.75,58.20673597
1666975762.5784004,20676.48,20676.48,19.95587475,14.75,58.20673597
1666975772.526191,20676.48,20676.48,19.95587475,14.75,58.20673597
1666975782.567993,20676.48,20664.24,18.97946449,2.51,54.01818006
1666975792.579441,20676.48,20664.24,18.97946449,2.51,54.01818006
1666975802.5742106,20676.48,20664.24,18.97946449,2.51,54.01818006
1666975812.5978117,20677.64,20677.64,18.72420545,12.24,58.49671684
1666975822.5804253,20677.64,20677.64,18.72420545,12.24,58.49671684
1666975832.5563183,20677.64,20677.64,18.72420545,12.24,58.49671684
1666975842.6162436,20677.64,20678.94,18.82790916,13.54,58.85668127
1666975852.5657504,20677.64,20678.94,18.82790916,13.54,58.85668127
1666975862.5456724,20677.64,20678.94,18.82790916,13.54,58.85668127
1666975872.5558815,20690.99,20690.99,19.46053013,22.68,61.91820897
1666975882.7256415,20690.99,20690.99,19.46053013,22.68,61.91820897
1666975893.714277,20690.99,20690.99,19.46053013,22.68,61.91820897
1666975903.3276594,20690.99,20696.47,19.89768113,28.16,63.25723465
1666975913.1875887,20690.99,20696.47,19.89768113,28.16,63.25723465
1666975923.4346137,20690.99,20696.47,19.89768113,28.16,63.25723465
1666975933.3865974,20696.52,20696.52,19.702658,17.06,63.28677107
1666975943.2606158,20696.52,20696.52,19.702658,17.06,63.28677107
1666975953.272085,20696.52,20696.52,19.702658,17.06,63.28677107
1666975963.1670723,20696.52,20689.0,19.10277196,9.54,60.29548558
1666975973.139855,20696.52,20689.0,19.10277196,9.54,60.29548558
1666975983.19666,20696.52,20689.0,19.10277196,9.54,60.29548558
1666975993.1752656,20696.52,20689.0,19.10277196,9.54,60.29548558
1666976003.1533914,20687.46,20687.46,18.16553298,-13.06,59.65352987
1666976013.2062318,20687.46,20687.46,18.16553298,-13.06,59.65352987
1666976023.1670215,20687.46,20687.46,18.16553298,-13.06,59.65352987
1666976033.179255,20687.46,20709.31,19.90855293,8.79,65.25264432
1666976043.1820056,20687.46,20709.31,19.90855293,8.79,65.25264432
1666976053.1834197,20728.24,20728.24,22.92416351,33.75,68.93002418
1666976063.2082727,20728.24,20728.24,22.92416351,33.75,68.93002418
1666976073.6990733,20728.24,20728.24,22.92416351,33.75,68.93002418
1666976083.7436056,20728.24,20728.45,22.94091564,33.96,68.96900817
1666976093.6695917,20728.24,20728.45,22.94091564,33.96,68.96900817
1666976103.7415075,20728.24,20728.45,22.94091564,33.96,68.96900817
1666976113.6969848,20709.27,20709.27,21.1493179,42.0,61.90607347
1666976123.714948,20709.27,20709.27,21.1493179,42.0,61.90607347
1666976133.711807,20709.27,20709.27,21.1493179,42.0,61.90607347
1666976143.7069771,20709.27,20705.78,20.87091334,38.51,60.90511002
1666976153.7015617,20709.27,20705.78,20.87091334,38.51,60.90511002
1666976164.0084722,20709.27,20705.78,20.87091334,38.51,60.90511002
1666976173.7787857,20729.94,20729.94,23.73720359,62.06,65.9643936
1666976183.7319207,20729.94,20729.94,23.73720359,62.06,65.9643936
1666976193.7522418,20729.94,20729.94,23.73720359,62.06,65.9643936
1666976203.7669458,20729.94,20733.86,24.04991014,65.98,66.68917367
1666976213.723077,20729.94,20733.86,24.04991014,65.98,66.68917367
1666976223.7365074,20729.94,20733.86,24.04991014,65.98,66.68917367
1666976233.7257946,20743.02,20743.02,26.14131875,77.4,67.95731726
1666976243.757302,20743.02,20743.02,26.14131875,77.4,67.95731726
1666976254.4901657,20743.02,20743.02,26.14131875,77.4,67.95731726
1666976264.518221,20743.02,20726.47,24.82109083,60.85,62.30006125
1666976274.5183504,20743.02,20726.47,24.82109083,60.85,62.30006125
1666976284.5098572,20743.02,20726.47,24.82109083,60.85,62.30006125
1666976294.5162296,20721.15,20721.15,23.7500421,44.67,60.66768464
1666976304.5199802,20721.15,20721.15,23.7500421,44.67,60.66768464
1666976314.528036,20721.15,20721.15,23.7500421,44.67,60.66768464
1666976324.5608034,20721.15,20708.5,22.74092529,32.02,56.87262146
1666976334.5560598,20721.15,20708.5,22.74092529,32.02,56.87262146
1666976344.5366638,20721.15,20708.5,22.74092529,32.02,56.87262146
1666976354.5630069,20721.15,20708.5,22.74092529,32.02,56.87262146
1666976364.5383954,20700.4,20700.4,20.01572145,24.36,54.68232425
1666976374.5582943,20700.4,20700.4,20.01572145,24.36,54.68232425
1666976384.584399,20700.4,20707.6,20.59008042,31.56,56.29362551
1666976394.567161,20700.4,20707.6,20.59008042,31.56,56.29362551
1666976404.5793884,20700.4,20707.6,20.59008042,31.56,56.29362551
1666976414.5670557,20703.85,20703.85,18.57745607,12.86,55.48826869
1666976424.607672,20703.85,20703.85,18.57745607,12.86,55.48826869
1666976435.107413,20703.85,20703.85,18.57745607,12.86,55.48826869
1666976445.077879,20703.85,20705.78,18.73141618,14.79,55.94874428
1666976455.1201315,20703.85,20705.78,18.73141618,14.79,55.94874428
1666976465.1644704,20703.85,20705.78,18.73141618,14.79,55.94874428
1666976475.1018322,20699.31,20699.31,16.45149155,3.77,54.20640192
1666976485.1241615,20699.31,20699.31,16.45149155,3.77,54.20640192
1666976495.1123154,20699.31,20699.31,16.45149155,3.77,54.20640192
1666976505.0948036,20699.31,20712.22,17.4813491,16.68,57.37651149
1666976515.107069,20699.31,20712.22,17.4813491,16.68,57.37651149
1666976525.1142707,20699.31,20712.22,17.4813491,16.68,57.37651149
1666976535.1228375,20709.01,20709.01,16.25333229,20.53,56.62999787
1666976545.1207345,20709.01,20709.01,16.25333229,20.53,56.62999787
1666976555.1226735,20709.01,20709.01,16.25333229,20.53,56.62999787
1666976565.133453,20709.01,20719.0,17.05025536,30.52,59.0346411
1666976575.1342444,20709.01,20719.0,17.05025536,30.52,59.0346411
1666976585.1480494,20709.01,20719.0,17.05025536,30.52,59.0346411
1666976595.152096,20720.09,20720.09,16.87290744,-6.57,59.28097241
1666976605.0998156,20720.09,20720.09,16.87290744,-6.57,59.28097241
1666976615.8763175,20720.09,20720.09,16.87290744,-6.57,59.28097241
1666976625.8957558,20720.09,20720.84,16.9327365,-5.82,59.46160199
1666976635.8765118,20720.09,20720.84,16.9327365,-5.82,59.46160199
1666976645.897939,20720.09,20720.84,16.9327365,-5.82,59.46160199
1666976655.9186966,20734.49,20734.49,18.50917119,27.01,62.48998054
1666976665.88843,20734.49,20734.49,18.50917119,27.01,62.48998054
1666976675.8911624,20734.49,20734.49,18.50917119,27.01,62.48998054
1666976685.8937583,20734.49,20717.46,17.15065267,9.98,56.78989558
1666976695.9358196,20734.49,20717.46,17.15065267,9.98,56.78989558
1666976705.9362168,20734.49,20717.46,17.15065267,9.98,56.78989558
1666976715.9087155,20705.9,20705.9,14.5893949,-24.04,53.46510717
1666976725.9483166,20705.9,20705.9,14.5893949,-24.04,53.46510717
1666976735.9163928,20705.9,20705.9,14.5893949,-24.04,53.46510717
1666976745.9517028,20705.9,20697.1,13.8874006,-32.84,51.05406219
1666976755.960408,20705.9,20697.1,13.8874006,-32.84,51.05406219
1666976765.9723098,20705.9,20697.1,13.8874006,-32.84,51.05406219
1666976775.9637427,20680.08,20680.08,9.40408183,-64.4,47.01827632
1666976785.9509778,20680.08,20680.08,9.40408183,-64.4,47.01827632
1666976796.8898823,20680.08,20680.08,9.40408183,-64.4,47.01827632
1666976806.909934,20680.08,20695.37,10.62379693,-49.11,50.79695391
1666976816.873795,20680.08,20695.37,10.62379693,-49.11,50.79695391
1666976826.9789758,20680.08,20695.37,10.62379693,-49.11,50.79695391
1666976836.9137163,20692.82,20692.82,8.78591448,-28.71,50.20466292
1666976846.942465,20692.82,20692.82,8.78591448,-28.71,50.20466292
1666976856.93266,20692.82,20692.82,8.78591448,-28.71,50.20466292
1666976866.9151423,20692.82,20702.98,9.59639881,-18.55,52.65033517
1666976876.8784986,20692.82,20702.98,9.59639881,-18.55,52.65033517
1666976886.9111147,20692.82,20702.98,9.59639881,-18.55,52.65033517
1666976896.8771508,20706.61,20706.61,9.41743835,6.21,53.41389276
1666976906.9464436,20706.61,20706.61,9.41743835,6.21,53.41389276
1666976916.942257,20706.61,20706.61,9.41743835,6.21,53.41389276
1666976926.902473,20706.61,20708.67,9.58176883,8.27,53.93520988
1666976936.9225914,20706.61,20708.67,9.58176883,8.27,53.93520988
1666976946.8736458,20706.61,20708.67,9.58176883,8.27,53.93520988
1666976956.944039,20707.18,20707.18,8.95985991,4.45,53.56855401
1666976966.907134,20707.18,20707.18,8.95985991,4.45,53.56855401
1666976977.3295803,20707.18,20707.18,8.95985991,4.45,53.56855401
1666976987.3501413,20707.18,20715.31,9.60840692,12.58,55.54571175
1666976997.3400962,20707.18,20715.31,9.60840692,12.58,55.54571175
1666977007.3439474,20707.18,20715.31,9.60840692,12.58,55.54571175
1666977017.3643072,20711.52,20711.52,9.0771401,12.21,54.6453869
1666977027.3180454,20711.52,20711.52,9.0771401,12.21,54.6453869
1666977037.3515337,20711.52,20711.52,9.0771401,12.21,54.6453869
1666977047.357955,20711.52,20714.5,9.3148609,15.19,55.41007452
1666977057.334526,20711.52,20714.5,9.3148609,15.19,55.41007452
1666977067.344561,20711.52,20714.5,9.3148609,15.19,55.41007452
1666977077.3284414,20711.13,20711.13,8.81557605,2.12,54.44975977
1666977087.3342564,20711.13,20711.13,8.81557605,2.12,54.44975977
1666977097.3412957,20711.13,20711.13,8.81557605,2.12,54.44975977
1666977107.729817,20711.13,20712.01,8.88577548,3.0,54.74461715
1666977117.364053,20711.13,20712.01,8.88577548,3.0,54.74461715
1666977127.3720417,20711.13,20712.01,8.88577548,3.0,54.74461715
1666977137.435791,20703.75,20703.75,7.3232669,-16.34,52.09228969
1666977147.3922665,20703.75,20703.75,7.3232669,-16.34,52.09228969
1666977158.0361924,20703.75,20703.75,7.3232669,-16.34,52.09228969
1666977168.0748029,20703.75,20714.14,8.1520988,-5.95,54.98974561
1666977178.0394807,20703.75,20714.14,8.1520988,-5.95,54.98974561
1666977188.0881703,20703.75,20714.14,8.1520988,-5.95,54.98974561
1666977198.0248382,20710.84,20710.84,7.58720138,-23.65,54.12139529
1666977208.074752,20710.84,20710.84,7.58720138,-23.65,54.12139529
1666977218.0389223,20710.84,20710.84,7.58720138,-23.65,54.12139529
1666977228.049446,20710.84,20701.98,6.88042075,-32.51,51.23098715
1666977238.0726898,20710.84,20701.98,6.88042075,-32.51,51.23098715
1666977248.0408733,20710.84,20701.98,6.88042075,-32.51,51.23098715
1666977258.0839207,20702.18,20702.18,6.07773024,-2.92,51.29371338
1666977268.051132,20702.18,20702.18,6.07773024,-2.92,51.29371338
1666977278.027643,20702.18,20702.18,6.07773024,-2.92,51.29371338
1666977288.0586271,20702.18,20711.17,6.79488123,6.07,54.00930377
1666977298.089796,20702.18,20711.17,6.79488123,6.07,54.00930377
1666977308.0726416,20702.18,20711.17,6.79488123,6.07,54.00930377
1666977318.148204,20712.36,20712.36,6.76491171,34.47,54.36136553
1666977328.1318338,20712.36,20712.36,6.76491171,34.47,54.36136553
1666977338.661429,20712.36,20712.36,6.76491171,34.47,54.36136553
1666977348.6441145,20712.36,20711.0,6.65642168,33.11,53.91171477
1666977358.645509,20712.36,20711.0,6.65642168,33.11,53.91171477
1666977368.6417022,20712.36,20711.0,6.65642168,33.11,53.91171477
1666977378.7006073,20699.79,20699.79,4.76132193,6.97,50.21483996
1666977388.6894548,20699.79,20699.79,4.76132193,6.97,50.21483996
1666977398.7099974,20699.79,20699.79,4.76132193,6.97,50.21483996
1666977408.6343548,20699.79,20707.87,5.40588033,15.05,52.70494934
1666977418.7313242,20699.79,20707.87,5.40588033,15.05,52.70494934
1666977428.6965115,20699.79,20707.87,5.40588033,15.05,52.70494934
1666977438.6777987,20709.69,20709.69,5.46793568,2.06,53.18129907
1666977448.708264,20709.69,20709.69,5.46793568,2.06,53.18129907
1666977458.6902735,20709.69,20709.69,5.46793568,2.06,53.18129907
1666977468.7142892,20709.69,20719.06,6.21540006,11.43,55.93714845
1666977478.727018,20709.69,20719.06,6.21540006,11.43,55.93714845
1666977488.7059395,20709.69,20719.06,6.21540006,11.43,55.93714845
1666977498.7476633,20722.01,20722.01,7.03270407,14.83,56.72993865
1666977508.756322,20722.01,20722.01,7.03270407,14.83,56.72993865
1666977519.0874398,20722.01,20722.01,7.03270407,14.83,56.72993865
1666977529.118332,20722.01,20719.75,6.85241917,12.57,55.90014574
1666977539.1183393,20722.01,20719.75,6.85241917,12.57,55.90014574
1666977549.082764,20722.01,20719.75,6.85241917,12.57,55.90014574
1666977559.1280203,20721.52,20721.52,7.33925606,10.0,56.5479429
1666977569.057844,20721.52,20721.52,7.33925606,10.0,56.5479429
1666977579.490796,20721.52,20721.52,7.33925606,10.0,56.5479429
1666977589.1185794,20721.52,20702.7,5.83794552,-8.82,49.9233276
1666977599.083789,20721.52,20702.7,5.83794552,-8.82,49.9233276
1666977609.0871496,20721.52,20702.7,5.83794552,-8.82,49.9233276
1666977619.1254866,20690.47,20690.47,3.04103231,-21.9,46.49202974
1666977629.0973997,20690.47,20690.47,3.04103231,-21.9,46.49202974
1666977639.110989,20690.47,20690.47,3.04103231,-21.9,46.49202974
1666977649.1018038,20690.47,20701.09,3.8882118,-11.28,49.75489267
1666977659.188042,20690.47,20701.09,3.8882118,-11.28,49.75489267
1666977669.146065,20690.47,20701.09,3.8882118,-11.28,49.75489267
1666977679.2056592,20707.82,20707.82,4.12957009,5.54,51.62427605
1666977689.140484,20707.82,20707.82,4.12957009,5.54,51.62427605
1666977699.589069,20707.82,20707.82,4.12957009,5.54,51.62427605
1666977709.851506,20707.82,20691.54,2.83088064,-10.74,47.0627906
1666977719.587463,20707.82,20691.54,2.83088064,-10.74,47.0627906
1666977729.5980432,20707.82,20691.54,2.83088064,-10.74,47.0627906
1666977739.66708,20678.77,20678.77,-0.31780036,-31.44,44.0949344
1666977749.6225731,20678.77,20678.77,-0.31780036,-31.44,44.0949344
1666977759.5912402,20678.77,20678.77,-0.31780036,-31.44,44.0949344
1666977769.6147296,20678.77,20689.9,0.57006289,-20.31,47.26917315
1666977779.5631711,20678.77,20689.9,0.57006289,-20.31,47.26917315
1666977789.609527,20678.77,20689.9,0.57006289,-20.31,47.26917315
1666977799.6307635,20689.0,20689.0,-0.47371274,-13.15,47.02595336
1666977809.5992613,20689.0,20689.0,-0.47371274,-13.15,47.02595336
1666977819.62743,20689.0,20689.0,-0.47371274,-13.15,47.02595336
1666977829.627613,20689.0,20685.95,-0.71701758,-16.2,46.24744355
1666977839.6434402,20689.0,20685.95,-0.71701758,-16.2,46.24744355
1666977849.6702073,20689.0,20685.95,-0.71701758,-16.2,46.24744355
1666977859.6427956,20687.19,20687.19,-1.48570379,-24.47,46.56082188
1666977869.7098646,20687.19,20687.19,-1.48570379,-24.47,46.56082188
1666977880.2006817,20687.19,20687.19,-1.48570379,-24.47,46.56082188
1666977890.1938937,20687.19,20691.11,-1.17299724,-20.55,47.7658165
1666977900.1698616,20687.19,20691.11,-1.17299724,-20.55,47.7658165
1666977910.1651435,20687.19,20691.11,-1.17299724,-20.55,47.7658165
1666977920.1798089,20685.95,20685.95,-2.32380858,-12.29,46.22351216
1666977930.2207372,20685.95,20685.95,-2.32380858,-12.29,46.22351216
1666977940.226718,20685.95,20685.95,-2.32380858,-12.29,46.22351216
1666977950.211768,20685.95,20702.97,-0.96608779,4.73,51.42517302
1666977960.2173629,20685.95,20702.97,-0.96608779,4.73,51.42517302
1666977970.2390623,20685.95,20702.97,-0.96608779,4.73,51.42517302
1666977980.2240546,20709.21,20709.21,0.30138279,-1.27,53.12420763
1666977990.301793,20709.21,20709.21,0.30138279,-1.27,53.12420763
1666978000.2121534,20709.21,20709.21,0.30138279,-1.27,53.12420763
1666978010.2132475,20709.21,20696.94,-0.67742063,-13.54,49.52509572
1666978020.2457662,20709.21,20696.94,-0.67742063,-13.54,49.52509572
1666978030.26023,20709.21,20696.94,-0.67742063,-13.54,49.52509572
1666978040.2067225,20696.99,20696.99,-0.73430056,-25.02,49.54761687
1666978050.21276,20696.99,20696.99,-0.73430056,-25.02,49.54761687
1666978060.9922345,20696.99,20696.99,-0.73430056,-25.02,49.54761687
1666978070.9916904,20696.99,20707.42,0.09772223,-14.59,52.53260344
1666978080.973575,20696.99,20707.42,0.09772223,-14.59,52.53260344
1666978090.995484,20704.73,20704.73,0.43968458,-16.79,51.72811337
1666978101.0068552,20704.73,20704.73,0.43968458,-16.79,51.72811337
1666978111.008666,20704.73,20704.73,0.43968458,-16.79,51.72811337
1666978121.0454557,20704.73,20704.78,0.44367318,-16.74,51.74385979
1666978131.024288,20704.73,20704.78,0.44367318,-16.74,51.74385979
1666978141.3663568,20704.73,20704.78,0.44367318,-16.74,51.74385979
1666978151.0444677,20704.73,20704.78,0.44367318,-16.74,51.74385979
1666978161.057712,20691.86,20691.86,-1.04924264,2.95,47.97054836
1666978171.0117989,20691.86,20691.86,-1.04924264,2.95,47.97054836
1666978181.0186963,20691.86,20696.0,-0.71898623,7.09,49.24769887
1666978191.0662773,20691.86,20696.0,-0.71898623,7.09,49.24769887
1666978201.066293,20691.86,20696.0,-0.71898623,7.09,49.24769887
1666978211.0253172,20686.04,20686.04,-2.22218509,-21.78,46.33152341
1666978221.0141523,20686.04,20686.04,-2.22218509,-21.78,46.33152341
1666978231.0556505,20686.04,20686.04,-2.22218509,-21.78,46.33152341
1666978241.612061,20686.04,20693.66,-1.61432184,-14.16,48.79820308
1666978251.6378586,20686.04,20693.66,-1.61432184,-14.16,48.79820308
1666978261.675671,20686.04,20693.66,-1.61432184,-14.16,48.79820308
1666978271.6687746,20685.66,20685.66,-2.70294776,7.9,46.24412941
1666978281.6551416,20685.66,20685.66,-2.70294776,7.9,46.24412941
1666978291.6524737,20685.66,20685.66,-2.70294776,7.9,46.24412941
1666978301.6710448,20685.66,20685.66,-2.70294776,7.9,46.24412941
1666978311.6207952,20685.66,20692.88,-2.12699335,15.12,48.68892856
1666978321.6754615,20685.66,20692.88,-2.12699335,15.12,48.68892856
1666978331.6707976,20693.98,20693.98,-1.95329929,4.98,49.05372801
1666978341.6729982,20693.98,20693.98,-1.95329929,4.98,49.05372801
1666978351.71023,20693.98,20693.98,-1.95329929,4.98,49.05372801
1666978361.6618202,20693.98,20701.41,-1.36059274,12.41,51.55890193
1666978371.704203,20693.98,20701.41,-1.36059274,12.41,51.55890193
1666978381.7042956,20693.98,20701.41,-1.36059274,12.41,51.55890193
1666978391.724065,20698.1,20698.1,-1.33241041,10.91,50.49536739
1666978401.7265038,20698.1,20698.1,-1.33241041,10.91,50.49536739
1666978411.6971676,20698.1,20698.1,-1.33241041,10.91,50.49536739
1666978422.1530764,20698.1,20686.21,-2.28090043,-0.98,46.43112206
1666978432.1267931,20698.1,20686.21,-2.28090043,-0.98,46.43112206
1666978442.1007462,20698.1,20686.21,-2.28090043,-0.98,46.43112206
1666978452.1022809,20693.46,20693.46,-1.69232012,7.51,48.83091994
1666978462.1040258,20693.46,20693.46,-1.69232012,7.51,48.83091994
1666978472.169573,20693.46,20693.46,-1.69232012,7.51,48.83091994
1666978482.1143496,20693.46,20689.88,-1.97790416,3.93,47.52470508
1666978492.166954,20693.46,20689.88,-1.97790416,3.93,47.52470508
1666978502.1755033,20693.46,20689.88,-1.97790416,3.93,47.52470508
1666978512.1512773,20680.3,20680.3,-3.52534767,-27.12,44.35005161
1666978522.1775775,20680.3,20680.3,-3.52534767,-27.12,44.35005161
1666978532.2288888,20680.3,20680.3,-3.52534767,-27.12,44.35005161
1666978542.1114464,20680.3,20681.9,-3.39771234,-25.52,45.01073587
1666978552.176416,20680.3,20681.9,-3.39771234,-25.52,45.01073587
1666978562.1465385,20680.3,20681.9,-3.39771234,-25.52,45.01073587
1666978572.177534,20675.94,20675.94,-4.7151526,-20.73,42.94405081
1666978582.1651022,20675.94,20675.94,-4.7151526,-20.73,42.94405081
1666978592.2287543,20675.94,20675.94,-4.7151526,-20.73,42.94405081
1666978603.1740685,20675.94,20669.26,-5.24803009,-27.41,40.80940252
1666978613.1951485,20675.94,20669.26,-5.24803009,-27.41,40.80940252
1666978623.1764982,20675.94,20669.26,-5.24803009,-27.41,40.80940252
1666978633.209713,20669.58,20669.58,-6.29654176,-36.76,41.11310001
1666978643.2140343,20669.58,20669.58,-6.29654176,-36.76,41.11310001
1666978653.2216585,20669.58,20669.58,-6.29654176,-36.76,41.11310001
1666978663.2277822,20669.58,20658.38,-7.18998905,-47.96,37.55482151
1666978673.189613,20669.58,20658.38,-7.18998905,-47.96,37.55482151
1666978683.1890604,20669.58,20658.38,-7.18998905,-47.96,37.55482151
1666978693.220658,20669.33,20669.33,-7.02411088,-22.53,40.99684316
1666978703.1966166,20669.33,20669.33,-7.02411088,-22.53,40.99684316
1666978713.1725123,20669.33,20669.33,-7.02411088,-22.53,40.99684316
1666978723.2322433,20669.33,20664.31,-7.42456672,-27.55,39.31826116
1666978733.2449522,20669.33,20664.31,-7.42456672,-27.55,39.31826116
1666978743.2315116,20669.33,20664.31,-7.42456672,-27.55,39.31826116
1666978753.1837542,20665.86,20665.86,-7.89291875,-20.18,39.78225678
1666978763.2837963,20665.86,20665.86,-7.89291875,-20.18,39.78225678
1666978773.2329068,20665.86,20665.86,-7.89291875,-20.18,39.78225678
1666978783.595816,20665.86,20667.6,-7.75411534,-18.44,40.43817873
1666978793.6086504,20665.86,20667.6,-7.75411534,-18.44,40.43817873
1666978803.5761046,20665.86,20667.6,-7.75411534,-18.44,40.43817873
1666978813.5670314,20664.47,20664.47,-8.50596525,-22.86,39.27320779
1666978823.594165,20664.47,20664.47,-8.50596525,-22.86,39.27320779
1666978833.6136153,20664.47,20664.47,-8.50596525,-22.86,39.27320779
1666978843.595214,20664.47,20676.51,-7.54550941,-10.82,45.40646692
1666978853.619167,20664.47,20676.51,-7.54550941,-10.82,45.40646692
1666978863.6262832,20664.47,20676.51,-7.54550941,-10.82,45.40646692
1666978873.6342468,20674.79,20674.79,-7.48114287,-19.19,44.63501704
1666978883.572622,20674.79,20674.79,-7.48114287,-19.19,44.63501704
1666978893.6564243,20674.79,20674.79,-7.48114287,-19.19,44.63501704
1666978903.6433575,20674.79,20685.45,-6.6307725,-8.53,49.68098629
1666978913.5727067,20674.79,20685.45,-6.6307725,-8.53,49.68098629
1666978923.650816,20674.79,20685.45,-6.6307725,-8.53,49.68098629
1666978933.6229467,20674.79,20685.45,-6.6307725,-8.53,49.68098629
1666978943.6395807,20691.71,20691.71,-4.7629813,-5.56,52.23730714
1666978953.6132495,20691.71,20691.71,-4.7629813,-5.56,52.23730714
1666978964.2682602,20691.71,20681.58,-5.57107246,-15.69,47.98874091
1666978974.2979918,20691.71,20681.58,-5.57107246,-15.69,47.98874091
1666978984.276862,20691.71,20681.58,-5.57107246,-15.69,47.98874091
1666978994.3218057,20674.5,20674.5,-6.12855518,-18.96,45.50374348
1666979004.593256,20674.5,20674.5,-6.12855518,-18.96,45.50374348
1666979014.3438966,20674.5,20674.5,-6.12855518,-18.96,45.50374348
1666979024.3242514,20674.5,20672.79,-6.26496543,-20.67,44.80588323
1666979034.598846,20674.5,20672.79,-6.26496543,-20.67,44.80588323
1666979044.3304925,20674.5,20672.79,-6.26496543,-20.67,44.80588323
1666979054.3228693,20667.12,20667.12,-7.03624755,-13.18,42.84472361
1666979064.263168,20667.12,20667.12,-7.03624755,-13.18,42.84472361
1666979074.28485,20667.12,20667.12,-7.03624755,-13.18,42.84472361
1666979084.2998817,20667.12,20668.73,-6.9078145,-11.57,43.59962014
1666979094.3257935,20667.12,20668.73,-6.9078145,-11.57,43.59962014
1666979104.3281813,20667.12,20668.73,-6.9078145,-11.57,43.59962014
1666979114.294924,20680.61,20680.61,-5.2324735,4.67,48.60062261
1666979124.322191,20680.61,20680.61,-5.2324735,4.67,48.60062261
1666979134.363747,20680.61,20680.61,-5.2324735,4.67,48.60062261
1666979145.448916,20680.61,20684.03,-4.95965299,8.09,49.95493975
1666979155.4211714,20680.61,20684.03,-4.95965299,8.09,49.95493975
1666979165.4271443,20680.61,20684.03,-4.95965299,8.09,49.95493975
1666979175.3882434,20684.26,20684.26,-4.15427542,15.92,50.04500885
1666979185.4306738,20684.26,20684.26,-4.15427542,15.92,50.04500885
1666979195.4281707,20684.26,20684.26,-4.15427542,15.92,50.04500885
1666979205.4235003,20684.26,20685.96,-4.01866288,17.62,50.75054904
1666979215.4334333,20684.26,20685.96,-4.01866288,17.62,50.75054904
1666979225.449256,20684.26,20685.96,-4.01866288,17.62,50.75054904
1666979235.4202015,20684.11,20684.11,-3.56941367,14.78,50.01205966
1666979245.7634916,20684.11,20684.11,-3.56941367,14.78,50.01205966
1666979256.079142,20684.11,20684.11,-3.56941367,14.78,50.01205966
1666979265.7843795,20684.11,20697.37,-2.51163589,28.04,55.29775744
1666979275.7433813,20684.11,20697.37,-2.51163589,28.04,55.29775744
1666979285.7688756,20684.11,20697.37,-2.51163589,28.04,55.29775744
1666979295.749214,20693.92,20693.92,-1.56819649,26.5,53.95697074
1666979305.7780185,20693.92,20693.92,-1.56819649,26.5,53.95697074
1666979316.087172,20693.92,20693.92,-1.56819649,26.5,53.95697074
1666979326.5496397,20693.92,20685.16,-2.26699991,17.74,50.1293264
1666979336.5351386,20693.92,20685.16,-2.26699991,17.74,50.1293264
1666979346.5398238,20693.92,20685.16,-2.26699991,17.74,50.1293264
1666979356.5374243,20681.72,20681.72,-2.47114309,16.36,48.8526655
1666979366.5435193,20681.72,20681.72,-2.47114309,16.36,48.8526655
1666979376.5990715,20681.72,20681.72,-2.47114309,16.36,48.8526655
1666979386.6016586,20681.72,20680.0,-2.60835107,14.64,48.11720759
1666979396.5346694,20681.72,20680.0,-2.60835107,14.64,48.11720759
1666979406.540284,20681.72,20680.0,-2.60835107,14.64,48.11720759
1666979416.600781,20667.39,20667.39,-4.30927521,-6.07,43.5230341
1666979426.5760248,20667.39,20667.39,-4.30927521,-6.07,43.5230341
1666979436.5753646,20667.39,20667.39,-4.30927521,-6.07,43.5230341
1666979446.5702388,20667.39,20668.34,-4.23349174,-5.12,43.95716458
1666979456.6177316,20667.39,20668.34,-4.23349174,-5.12,43.95716458
1666979466.5802257,20667.39,20668.34,-4.23349174,-5.12,43.95716458
1666979476.5913107,20673.98,20673.98,-3.80350498,-17.73,46.43422207
1666979486.6178317,20673.98,20673.98,-3.80350498,-17.73,46.43422207
1666979496.553234,20673.98,20673.98,-3.80350498,-17.73,46.43422207
1666979507.2532542,20673.98,20689.08,-2.59894657,-2.63,52.36524424
1666979517.254696,20673.98,20689.08,-2.59894657,-2.63,52.36524424
1666979527.283396,20673.98,20689.08,-2.59894657,-2.63,52.36524424
1666979537.2617705,20679.01,20679.01,-3.06205163,5.47,48.5188067
1666979547.2969673,20679.01,20679.01,-3.06205163,5.47,48.5188067
1666979557.2696302,20679.01,20679.01,-3.06205163,5.47,48.5188067
1666979567.2333472,20679.01,20676.13,-3.29179522,2.59,47.36585176
1666979577.2306557,20679.01,20676.13,-3.29179522,2.59,47.36585176
1666979587.3109248,20679.01,20676.13,-3.29179522,2.59,47.36585176
1666979597.2911649,20677.66,20677.66,-3.02583192,10.54,47.97144916
1666979607.2893844,20677.66,20677.66,-3.02583192,10.54,47.97144916
1666979617.2766962,20677.66,20677.66,-3.02583192,10.54,47.97144916
1666979627.2515063,20677.66,20679.44,-2.88383762,12.32,48.79174756
1666979637.2688177,20677.66,20679.44,-2.88383762,12.32,48.79174756
1666979647.2768588,20677.66,20679.44,-2.88383762,12.32,48.79174756
1666979657.3113265,20681.0,20681.0,-2.40644721,-0.69,49.48968232
1666979667.2843542,20681.0,20681.0,-2.40644721,-0.69,49.48968232
1666979677.3181796,20681.0,20681.0,-2.40644721,-0.69,49.48968232
1666979687.9533749,20681.0,20658.85,-4.17339878,-22.84,40.95454039
1666979697.95918,20681.0,20658.85,-4.17339878,-22.84,40.95454039
1666979707.9733398,20681.0,20658.85,-4.17339878,-22.84,40.95454039
1666979717.9895244,20659.07,20659.07,-5.14653081,-25.19,41.00242801
1666979728.0065117,20659.07,20659.07,-5.14653081,-25.19,41.00242801
1666979738.0052893,20659.07,20659.07,-5.14653081,-25.19,41.00242801
1666979747.9939835,20659.07,20662.7,-4.85695816,-21.56,42.63796313
1666979757.989853,20659.07,20662.7,-4.85695816,-21.56,42.63796313
1666979768.0296352,20659.07,20662.7,-4.85695816,-21.56,42.63796313
1666979778.0397704,20657.3,20657.3,-6.11571093,-25.87,40.37897169
1666979788.0264487,20657.3,20657.3,-6.11571093,-25.87,40.37897169
1666979798.0374255,20657.3,20657.3,-6.11571093,-25.87,40.37897169
1666979808.0075407,20657.3,20655.47,-6.26169384,-27.7,39.73163174
1666979818.0240571,20657.3,20655.47,-6.26169384,-27.7,39.73163174
1666979828.2938066,20657.3,20655.47,-6.26169384,-27.7,39.73163174
1666979838.026517,20654.41,20654.41,-7.1133156,-40.28,39.34637254
1666979848.012537,20654.41,20654.41,-7.1133156,-40.28,39.34637254
1666979858.0279715,20654.41,20654.41,-7.1133156,-40.28,39.34637254
1666979868.888004,20654.41,20652.28,-7.28323013,-42.41,38.5786476
1666979878.8845856,20654.41,20652.28,-7.28323013,-42.41,38.5786476
1666979888.9448383,20654.41,20652.28,-7.28323013,-42.41,38.5786476
1666979898.922423,20645.85,20645.85,-8.89016526,-34.2,36.43267872
1666979908.9431665,20645.85,20645.85,-8.89016526,-34.2,36.43267872
1666979918.886436,20645.85,20645.85,-8.89016526,-34.2,36.43267872
1666979928.9461775,20645.85,20638.47,-9.47888321,-41.58,34.08888548
1666979938.9118354,20645.85,20638.47,-9.47888321,-41.58,34.08888548
1666979948.889274,20645.85,20638.47,-9.47888321,-41.58,34.08888548
1666979958.9262223,20630.91,20630.91,-11.75793145,-36.48,31.98127933
1666979968.9363592,20630.91,20630.91,-11.75793145,-36.48,31.98127933
1666979978.9198654,20630.91,20630.91,-11.75793145,-36.48,31.98127933
1666979988.9767523,20630.91,20636.92,-11.27850125,-30.47,35.40061995
1666979998.9433455,20630.91,20636.92,-11.27850125,-30.47,35.40061995
1666980008.9785986,20630.91,20636.92,-11.27850125,-30.47,35.40061995
1666980018.9874637,20629.63,20629.63,-13.11796485,-45.48,31.62476514
1666980028.930735,20629.63,20629.63,-13.11796485,-45.48,31.62476514
1666980038.946284,20629.63,20629.63,-13.11796485,-45.48,31.62476514
1666980049.5757396,20629.63,20647.91,-11.65973124,-27.2,41.63185473
1666980059.581468,20629.63,20647.91,-11.65973124,-27.2,41.63185473
1666980069.540733,20629.63,20647.91,-11.65973124,-27.2,41.63185473
1666980079.586844,20649.7,20649.7,-11.05221118,-30.5,42.55284125
1666980089.5891156,20649.7,20649.7,-11.05221118,-30.5,42.55284125
1666980099.5752602,20649.7,20649.7,-11.05221118,-30.5,42.55284125
1666980109.6421895,20649.7,20650.5,-10.98839352,-29.7,42.83923087
1666980119.6059756,20649.7,20650.5,-10.98839352,-29.7,42.83923087
1666980129.5780966,20649.7,20650.5,-10.98839352,-29.7,42.83923087
1666980139.620509,20644.68,20644.68,-11.38792519,-32.98,40.98801635
1666980149.6319256,20644.68,20644.68,-11.38792519,-32.98,40.98801635
1666980159.5956552,20644.68,20644.68,-11.38792519,-32.98,40.98801635
1666980169.610482,20644.68,20619.79,-13.37345226,-57.87,33.62755041
1666980179.643667,20644.68,20619.79,-13.37345226,-57.87,33.62755041
1666980189.60747,20644.68,20619.79,-13.37345226,-57.87,33.62755041
1666980199.6464734,20621.2,20621.2,-14.47536627,-59.8,33.9681689
1666980209.665321,20621.2,20621.2,-14.47536627,-59.8,33.9681689
1666980219.6186638,20621.2,20621.2,-14.47536627,-59.8,33.9681689
1666980230.0453973,20621.2,20605.41,-15.73496741,-75.59,30.27040699
1666980240.0059743,20621.2,20605.41,-15.73496741,-75.59,30.27040699
1666980250.004633,20621.2,20605.41,-15.73496741,-75.59,30.27040699
1666980260.058457,20606.01,20606.01,-17.40914827,-53.97,30.39614147
1666980270.0560715,20606.01,20606.01,-17.40914827,-53.97,30.39614147
1666980280.058787,20606.01,20606.01,-17.40914827,-53.97,30.39614147
1666980289.9747791,20606.01,20604.79,-17.5064702,-55.19,30.12216356
1666980300.0419145,20606.01,20604.79,-17.5064702,-55.19,30.12216356
1666980310.0539167,20606.01,20604.79,-17.5064702,-55.19,30.12216356
1666980320.010047,20610.49,20610.49,-17.98883563,-47.71,32.6835094
1666980330.0273144,20610.49,20610.49,-17.98883563,-47.71,32.6835094
1666980340.082145,20610.49,20610.49,-17.98883563,-47.71,32.6835094
1666980350.1158056,20610.49,20621.59,-17.10336555,-36.61,38.02522011
1666980360.0501742,20610.49,20621.59,-17.10336555,-36.61,38.02522011
1666980370.0752666,20610.49,20621.59,-17.10336555,-36.61,38.02522011
1666980380.0457864,20625.55,20625.55,-16.24281277,-29.61,39.89231636
1666980390.06964,20625.55,20625.55,-16.24281277,-29.61,39.89231636
1666980400.069271,20625.55,20625.55,-16.24281277,-29.61,39.89231636
1666980411.057285,20625.55,20618.68,-16.79084696,-36.48,37.97637162
1666980420.685602,20625.55,20618.68,-16.79084696,-36.48,37.97637162
1666980430.6863873,20625.55,20618.68,-16.79084696,-36.48,37.97637162
1666980440.683264,20613.11,20613.11,-17.40923897,-32.74,36.53315431
1666980450.6918008,20613.11,20613.11,-17.40923897,-32.74,36.53315431
1666980461.026693,20613.11,20623.71,-16.56365493,-22.14,40.93010305
1666980470.7545986,20613.11,20623.71,-16.56365493,-22.14,40.93010305
1666980480.709113,20613.11,20623.71,-16.56365493,-22.14,40.93010305
1666980490.6425972,20623.45,20623.45,-15.88278706,-7.46,40.93873057
1666980500.742267,20623.45,20623.45,-15.88278706,-7.46,40.93873057
1666980510.6907196,20623.45,20623.45,-15.88278706,-7.46,40.93873057
1666980520.7303224,20623.45,20623.45,-15.88278706,-7.46,40.93873057
1666980530.7246828,20623.45,20607.36,-17.16631982,-23.55,36.66397241
1666980540.892952,20623.45,20607.36,-17.16631982,-23.55,36.66397241
1666980550.76536,20610.42,20610.42,-17.12562726,-19.21,37.60468914
1666980560.720743,20610.42,20610.42,-17.12562726,-19.21,37.60468914
1666980570.713968,20610.42,20610.42,-17.12562726,-19.21,37.60468914
1666980580.738869,20610.42,20609.35,-17.21098338,-20.28,37.14253342
1666980591.259236,20610.42,20609.35,-17.21098338,-20.28,37.14253342
1666980601.2800858,20610.42,20609.35,-17.21098338,-20.28,37.14253342
1666980611.2771585,20607.93,20607.93,-17.37869834,-42.82,36.77283021
1666980621.29767,20607.93,20607.93,-17.37869834,-42.82,36.77283021
1666980631.29069,20607.93,20607.93,-17.37869834,-42.82,36.77283021
1666980641.2912395,20607.93,20609.5,-17.25345617,-41.25,37.51339763
1666980651.2812314,20607.93,20609.5,-17.25345617,-41.25,37.51339763
1666980661.3063264,20607.93,20609.5,-17.25345617,-41.25,37.51339763
1666980671.4443643,20611.49,20611.49,-16.72005136,-32.37,38.42751294
1666980681.267834,20611.49,20611.49,-16.72005136,-32.37,38.42751294
1666980691.3464675,20611.49,20611.49,-16.72005136,-32.37,38.42751294
1666980701.345123,20611.49,20613.12,-16.59002287,-30.74,39.21193821
1666980711.3053534,20611.49,20613.12,-16.59002287,-30.74,39.21193821
1666980721.3144464,20611.49,20613.12,-16.59002287,-30.74,39.21193821
1666980731.3087883,20615.04,20615.04,-15.79695908,-6.16,40.14682763
1666980741.3157816,20615.04,20615.04,-15.79695908,-6.16,40.14682763
1666980751.3106682,20615.04,20615.04,-15.79695908,-6.16,40.14682763
1666980761.2849946,20615.04,20620.22,-15.3837397,-0.98,42.61055486
1666980771.9391265,20615.04,20620.22,-15.3837397,-0.98,42.61055486
1666980782.0002997,20615.04,20620.22,-15.3837397,-0.98,42.61055486
1666980791.9501913,20624.28,20624.28,-13.74565062,18.27,44.40422874
1666980801.929306,20624.28,20624.28,-13.74565062,18.27,44.40422874
1666980812.0071754,20624.28,20624.28,-13.74565062,18.27,44.40422874
1666980821.938907,20624.28,20620.48,-14.04878453,14.47,43.0480795
1666980831.9611394,20624.28,20620.48,-14.04878453,14.47,43.0480795
1666980842.0375211,20624.28,20620.48,-14.04878453,14.47,43.0480795
1666980851.9998274,20627.72,20627.72,-12.08168554,18.24,45.95047238
1666980862.0021236,20627.72,20627.72,-12.08168554,18.24,45.95047238
1666980871.9686403,20627.72,20627.72,-12.08168554,18.24,45.95047238
1666980881.9708357,20627.72,20627.72,-12.08168554,18.24,45.95047238
1666980892.059392,20627.72,20627.75,-12.07929238,18.27,45.96454273
1666980902.0320177,20627.72,20627.75,-12.07929238,18.27,45.96454273
1666980912.028551,20634.81,20634.81,-9.84431445,7.91,49.08380914
1666980922.0062208,20634.81,20634.81,-9.84431445,7.91,49.08380914
1666980932.0315175,20634.81,20634.81,-9.84431445,7.91,49.08380914
1666980942.0115297,20634.81,20632.18,-10.05411502,5.28,47.97283299
1666980952.8332946,20634.81,20632.18,-10.05411502,5.28,47.97283299
1666980962.8141055,20634.81,20632.18,-10.05411502,5.28,47.97283299
1666980972.8071637,20649.47,20649.47,-6.444799,35.31,54.94667184
1666980982.840196,20649.47,20649.47,-6.444799,35.31,54.94667184
1666980992.8059766,20649.47,20649.47,-6.444799,35.31,54.94667184
1666981002.7977092,20649.47,20649.47,-6.444799,35.31,54.94667184
1666981012.8423142,20649.47,20643.51,-6.9202406,29.35,52.38846031
1666981022.7897902,20649.47,20643.51,-6.9202406,29.35,52.38846031
1666981032.781628,20645.64,20645.64,-5.00650544,21.08,53.28406425
1666981042.7865686,20645.64,20645.64,-5.00650544,21.08,53.28406425
1666981052.8400877,20645.64,20645.64,-5.00650544,21.08,53.28406425
1666981062.810562,20645.64,20657.96,-4.02371341,33.4,58.06776728
1666981072.8061345,20645.64,20657.96,-4.02371341,33.4,58.06776728
1666981082.820113,20645.64,20657.96,-4.02371341,33.4,58.06776728
1666981092.812704,20666.36,20666.36,-0.71792872,56.95,60.77487729
1666981102.850704,20666.36,20666.36,-0.71792872,56.95,60.77487729
1666981112.8079658,20666.36,20666.36,-0.71792872,56.95,60.77487729
1666981122.7912383,20666.36,20666.36,-0.71792872,56.95,60.77487729
1666981133.358113,20666.36,20657.98,-1.38641874,48.57,56.83295914
1666981143.3757842,20666.36,20657.98,-1.38641874,48.57,56.83295914
1666981153.4103322,20646.3,20646.3,-1.44598158,38.37,52.10513182
1666981163.4172733,20646.3,20646.3,-1.44598158,38.37,52.10513182
1666981173.4103918,20646.3,20646.3,-1.44598158,38.37,52.10513182
1666981183.423322,20646.3,20645.38,-1.51937189,37.45,51.74135915
1666981193.4199314,20646.3,20645.38,-1.51937189,37.45,51.74135915
1666981203.3900087,20646.3,20645.38,-1.51937189,37.45,51.74135915
1666981213.4369097,20645.88,20645.88,-0.84054707,34.39,51.93842917
1666981223.3908942,20645.88,20645.88,-0.84054707,34.39,51.93842917
1666981233.3846183,20645.88,20645.88,-0.84054707,34.39,51.93842917
1666981243.4310308,20645.88,20646.25,-0.8110314,34.76,52.08386817
1666981253.6043355,20645.88,20646.25,-0.8110314,34.76,52.08386817
1666981263.4223275,20645.88,20646.25,-0.8110314,34.76,52.08386817
1666981273.4228525,20647.52,20647.52,-0.03325482,33.5,52.49891778
1666981283.4502606,20647.52,20647.52,-0.03325482,33.5,52.49891778
1666981293.4545183,20647.52,20647.52,-0.03325482,33.5,52.49891778
1666981303.4132984,20647.52,20647.52,-0.03325482,33.5,52.49891778
1666981313.9618297,20647.52,20650.19,0.17973664,36.17,53.62521494
1666981323.975636,20647.52,20650.19,0.17973664,36.17,53.62521494
1666981333.9671907,20647.11,20647.11,0.37291084,22.83,52.31521368
1666981343.9844463,20647.11,20647.11,0.37291084,22.83,52.31521368
1666981353.9874444,20647.11,20647.11,0.37291084,22.83,52.31521368
1666981364.003455,20647.11,20644.33,0.15114445,20.05,51.01179271
1666981374.0004482,20647.11,20644.33,0.15114445,20.05,51.01179271
1666981383.9896965,20647.11,20644.33,0.15114445,20.05,51.01179271
1666981393.9819896,20640.39,20640.39,-0.31628476,12.81,49.32999347
1666981403.993643,20640.39,20640.39,-0.31628476,12.81,49.32999347
1666981413.976207,20640.39,20640.39,-0.31628476,12.81,49.32999347
1666981423.983077,20640.39,20644.42,0.00519672,16.84,51.12488237
1666981434.0168774,20640.39,20644.42,0.00519672,16.84,51.12488237
1666981443.9828186,20640.39,20644.42,0.00519672,16.84,51.12488237
1666981454.022246,20648.55,20648.55,0.80086541,13.74,52.83699787
1666981464.04398,20648.55,20648.55,0.80086541,13.74,52.83699787
1666981473.993915,20648.55,20648.55,0.80086541,13.74,52.83699787
1666981484.009077,20648.55,20652.0,1.07607909,17.19,54.27786995
1666981494.4874876,20648.55,20652.0,1.07607909,17.19,54.27786995
1666981504.5680482,20648.55,20652.0,1.07607909,17.19,54.27786995
1666981514.5274563,20648.58,20648.58,1.11874648,0.65,52.83856101
1666981524.8652463,20648.58,20648.58,1.11874648,0.65,52.83856101
1666981534.5433533,20648.58,20648.58,1.11874648,0.65,52.83856101
1666981544.5346217,20648.58,20650.92,1.30541315,2.99,53.88659871
1666981554.527948,20648.58,20650.92,1.30541315,2.99,53.88659871
1666981564.5093834,20648.58,20650.92,1.30541315,2.99,53.88659871
1666981574.4878156,20641.14,20641.14,0.39137081,-5.52,49.24213356
1666981584.553403,20641.14,20641.14,0.39137081,-5.52,49.24213356
1666981594.5144064,20641.14,20641.14,0.39137081,-5.52,49.24213356
1666981604.50309,20641.14,20636.79,0.04436226,-9.87,47.21439636
1666981614.8734262,20641.14,20636.79,0.04436226,-9.87,47.21439636
1666981624.579006,20641.14,20636.79,0.04436226,-9.87,47.21439636
1666981634.5401175,20635.64,20635.64,-0.62241918,-30.72,46.83188669
1666981644.507202,20635.64,20635.64,-0.62241918,-30.72,46.83188669
1666981654.542544,20635.64,20635.64,-0.62241918,-30.72,46.83188669
1666981664.556977,20635.64,20638.4,-0.40224824,-27.96,48.23738826
1666981675.7003517,20635.64,20638.4,-0.40224824,-27.96,48.23738826
1666981685.3541143,20635.64,20638.4,-0.40224824,-27.96,48.23738826
1666981695.3813465,20638.3,20638.3,-0.60921022,-8.56,48.18776294
1666981705.6016612,20638.3,20638.3,-0.60921022,-8.56,48.18776294
1666981715.388229,20638.3,20638.3,-0.60921022,-8.56,48.18776294
1666981725.340346,20638.3,20631.37,-1.16203074,-15.49,44.97018027
1666981735.356214,20638.3,20631.37,-1.16203074,-15.49,44.97018027
1666981745.410438,20638.3,20631.37,-1.16203074,-15.49,44.97018027
1666981755.4778988,20641.9,20641.9,-0.18951975,-3.98,50.00724637
1666981765.3859842,20641.9,20641.9,-0.18951975,-3.98,50.00724637
1666981775.4455955,20641.9,20641.9,-0.18951975,-3.98,50.00724637
1666981785.4302611,20641.9,20648.06,0.30187626,2.18,53.10641509
1666981795.4179676,20641.9,20648.06,0.30187626,2.18,53.10641509
1666981805.747912,20641.9,20648.06,0.30187626,2.18,53.10641509
1666981815.4440534,20649.98,20649.98,0.92475099,1.4,54.03682848
1666981825.440769,20649.98,20649.98,0.92475099,1.4,54.03682848
1666981835.4658935,20649.98,20649.98,0.92475099,1.4,54.03682848
1666981845.3774693,20649.98,20652.45,1.12178802,3.87,55.21193732
1666981855.7566087,20649.98,20652.45,1.12178802,3.87,55.21193732
1666981865.7581596,20649.98,20652.45,1.12178802,3.87,55.21193732
1666981875.7759624,20635.79,20635.79,-0.64933857,-11.32,46.89039917
1666981885.7283216,20635.79,20635.79,-0.64933857,-11.32,46.89039917
1666981895.7605193,20635.79,20635.79,-0.64933857,-11.32,46.89039917
1666981905.7923715,20635.79,20637.52,-0.51133287,-9.59,47.80815324
1666981915.7952664,20635.79,20637.52,-0.51133287,-9.59,47.80815324
1666981925.7503667,20635.79,20637.52,-0.51133287,-9.59,47.80815324
1666981935.800002,20644.93,20644.93,0.24767393,5.82,51.4365775
1666981946.16363,20644.93,20644.93,0.24767393,5.82,51.4365775
1666981955.785745,20644.93,20644.93,0.24767393,5.82,51.4365775
1666981965.8024251,20644.93,20644.7,0.22932635,5.59,51.32452113
1666981975.772858,20644.93,20644.7,0.22932635,5.59,51.32452113
1666981985.7819505,20644.93,20644.7,0.22932635,5.59,51.32452113
1666981996.033627,20649.14,20649.14,1.03086787,0.59,53.39604143
1666982005.8144093,20649.14,20649.14,1.03086787,0.59,53.39604143
1666982015.8019094,20649.14,20649.14,1.03086787,0.59,53.39604143
1666982025.8118896,20649.14,20649.0,1.01969978,0.45,53.31889418
1666982036.6254368,20649.14,20649.0,1.01969978,0.45,53.31889418
1666982046.6620665,20649.14,20649.0,1.01969978,0.45,53.31889418
1666982056.699604,20634.81,20634.81,-0.65922964,-13.08,46.5091456
1666982066.7090774,20634.81,20634.81,-0.65922964,-13.08,46.5091456
1666982076.6530514,20634.81,20634.81,-0.65922964,-13.08,46.5091456
1666982086.6929996,20634.81,20646.46,0.27011509,-1.43,51.9363639
1666982096.7133968,20634.81,20646.46,0.27011509,-1.43,51.9363639
1666982106.649192,20634.81,20646.46,0.27011509,-1.43,51.9363639
1666982116.7300382,20638.59,20638.59,-0.54527458,-3.31,48.39965629
1666982126.6857817,20638.59,20638.59,-0.54527458,-3.31,48.39965629
1666982136.733757,20638.59,20638.59,-0.54527458,-3.31,48.39965629
1666982146.714431,20638.59,20646.04,0.04902741,4.14,52.00035501
1666982156.6948848,20638.59,20646.04,0.04902741,4.14,52.00035501
1666982166.6812518,20638.59,20646.04,0.04902741,4.14,52.00035501
1666982176.70233,20641.72,20641.72,-0.15856833,7.37,49.92647248
1666982186.741773,20641.72,20641.72,-0.15856833,7.37,49.92647248
1666982196.73533,20641.72,20641.72,-0.15856833,7.37,49.92647248
1666982206.698372,20641.72,20635.81,-0.63002132,1.46,47.08102473
1666982217.3898785,20641.72,20635.81,-0.63002132,1.46,47.08102473
1666982227.4005554,20641.72,20635.81,-0.63002132,1.46,47.08102473
1666982237.409637,20641.93,20641.93,-0.09057529,3.63,50.0240623
1666982247.4180422,20641.93,20641.93,-0.09057529,3.63,50.0240623
1666982257.4074192,20641.93,20641.93,-0.09057529,3.63,50.0240623
1666982267.4608543,20641.93,20653.94,0.86748739,15.64,55.90079991
1666982277.4526691,20641.93,20653.94,0.86748739,15.64,55.90079991
1666982287.3983915,20641.93,20653.94,0.86748739,15.64,55.90079991
1666982297.4443722,20655.21,20655.21,1.70079326,12.34,56.50098497
1666982307.4050102,20655.21,20655.21,1.70079326,12.34,56.50098497
1666982317.4747045,20655.21,20655.21,1.70079326,12.34,56.50098497
1666982327.4518738,20655.21,20652.86,1.51332887,9.99,55.3495794
1666982337.4615085,20655.21,20652.86,1.51332887,9.99,55.3495794
1666982347.856418,20655.21,20652.86,1.51332887,9.99,55.3495794
1666982357.4573967,20640.24,20640.24,0.25183923,-8.55,48.85171165
1666982367.5111237,20640.24,20640.24,0.25183923,-8.55,48.85171165
1666982377.4818964,20640.24,20640.24,0.25183923,-8.55,48.85171165
1666982387.4540267,20640.24,20636.85,-0.01858812,-11.94,47.24714722
1666982398.00593,20640.24,20636.85,-0.01858812,-11.94,47.24714722
1666982407.98208,20640.24,20636.85,-0.01858812,-11.94,47.24714722
1666982418.0060296,20635.54,20635.54,-0.61442151,-0.25,46.65463311
1666982428.0347729,20635.54,20635.54,-0.61442151,-0.25,46.65463311
1666982438.00177,20635.54,20635.54,-0.61442151,-0.25,46.65463311
1666982447.9624712,20635.54,20631.0,-0.97658675,-4.79,44.56976886
1666982458.0251894,20635.54,20631.0,-0.97658675,-4.79,44.56976886
1666982468.0061798,20635.54,20631.0,-0.97658675,-4.79,44.56976886
1666982478.0116673,20632.4,20632.4,-1.43686946,-11.62,45.19253049
1666982488.0083694,20632.4,20632.4,-1.43686946,-11.62,45.19253049
1666982498.0068183,20632.4,20632.4,-1.43686946,-11.62,45.19253049
1666982508.0482593,20632.4,20631.02,-1.54695493,-13.0,44.5320052
1666982517.9819198,20632.4,20631.02,-1.54695493,-13.0,44.5320052
1666982528.029713,20632.4,20631.02,-1.54695493,-13.0,44.5320052
1666982538.0244205,20633.1,20633.1,-1.73640196,-16.08,45.63191619
1666982548.040666,20633.1,20633.1,-1.73640196,-16.08,45.63191619
1666982558.0252864,20633.1,20633.1,-1.73640196,-16.08,45.63191619
1666982568.097592,20633.1,20631.27,-1.88238487,-17.91,44.70318142
1666982578.7148285,20633.1,20631.27,-1.88238487,-17.91,44.70318142
1666982588.7236352,20633.1,20631.27,-1.88238487,-17.91,44.70318142
1666982598.6897528,20638.07,20638.07,-1.32621817,3.27,48.51850789
1666982608.7294436,20638.07,20638.07,-1.32621817,3.27,48.51850789
1666982618.727848,20638.07,20638.07,-1.32621817,3.27,48.51850789
1666982628.6830902,20638.07,20635.93,-1.49693042,1.13,47.33248803
1666982638.7137716,20638.07,20635.93,-1.49693042,1.13,47.33248803
1666982648.7320733,20638.07,20635.93,-1.49693042,1.13,47.33248803
1666982658.956513,20635.57,20635.57,-1.65930734,-3.02,47.14864597
1666982668.9884028,20635.57,20635.57,-1.65930734,-3.02,47.14864597
1666982678.7125015,20635.57,20635.57,-1.65930734,-3.02,47.14864597
1666982688.7454746,20635.57,20635.12,-1.69520478,-3.47,46.88386794
1666982698.7186315,20635.57,20635.12,-1.69520478,-3.47,46.88386794
1666982708.7543275,20635.57,20635.12,-1.69520478,-3.47,46.88386794
1666982718.7787626,20632.95,20632.95,-2.08953636,-10.15,45.66238134
1666982728.7329493,20632.95,20632.95,-2.08953636,-10.15,45.66238134
1666982738.7670538,20632.95,20632.95,-2.08953636,-10.15,45.66238134
1666982748.710736,20632.95,20637.66,-1.71380986,-5.44,48.7374783
1666982759.6782448,20632.95,20637.66,-1.71380986,-5.44,48.7374783
1666982769.6492002,20632.95,20637.66,-1.71380986,-5.44,48.7374783
1666982779.6617415,20636.7,20636.7,-1.67228574,-5.48,48.13279492
1666982789.6965768,20636.7,20636.7,-1.67228574,-5.48,48.13279492
1666982799.7343864,20636.7,20636.7,-1.67228574,-5.48,48.13279492
1666982809.666392,20636.7,20647.4,-0.81872448,5.22,54.53377681
1666982819.7078636,20636.7,20647.4,-0.81872448,5.22,54.53377681
1666982829.7193408,20636.7,20647.4,-0.81872448,5.22,54.53377681
1666982839.71584,20646.47,20646.47,-0.2377087,-6.93,54.03766297
1666982849.6701863,20646.47,20646.47,-0.2377087,-6.93,54.03766297
1666982859.7347853,20646.47,20646.47,-0.2377087,-6.93,54.03766297
1666982869.703647,20646.47,20642.84,-0.52728135,-10.56,51.66781279
1666982879.7250729,20646.47,20642.84,-0.52728135,-10.56,51.66781279
1666982889.7294052,20646.47,20642.84,-0.52728135,-10.56,51.66781279
1666982899.721228,20645.07,20645.07,0.14078766,4.83,53.04871307
1666982909.699726,20645.07,20645.07,0.14078766,4.83,53.04871307
1666982919.7117162,20645.07,20645.07,0.14078766,4.83,53.04871307
1666982929.6676178,20645.07,20642.92,-0.03072231,2.68,51.56765194
1666982940.330828,20645.07,20642.92,-0.03072231,2.68,51.56765194
1666982950.3835037,20643.01,20643.01,0.23051174,7.46,51.57795604
1666982960.5058866,20643.01,20643.01,0.23051174,7.46,51.57795604
1666982970.3889658,20643.01,20643.01,0.23051174,7.46,51.57795604
1666982980.3826077,20643.01,20637.44,-0.21381874,1.89,47.85002006
1666982990.4248574,20643.01,20637.44,-0.21381874,1.89,47.85002006
1666983000.4082725,20643.01,20637.44,-0.21381874,1.89,47.85002006
1666983010.3819888,20634.5,20634.5,-0.83668886,2.1,46.09161713
1666983020.4353795,20634.5,20634.5,-0.83668886,2.1,46.09161713
1666983030.369191,20634.5,20634.5,-0.83668886,2.1,46.09161713
1666983040.3730896,20634.5,20637.74,-0.57822732,5.34,48.34448307
1666983050.3532743,20634.5,20637.74,-0.57822732,5.34,48.34448307
1666983060.4179735,20634.5,20637.74,-0.57822732,5.34,48.34448307
1666983070.3990495,20638.83,20638.83,-0.51930952,5.19,49.06064947
1666983080.4272933,20638.83,20638.83,-0.51930952,5.19,49.06064947
1666983090.4062235,20638.83,20638.83,-0.51930952,5.19,49.06064947
1666983100.4078274,20638.83,20637.36,-0.63657448,3.72,48.09226465
1666983110.39105,20638.83,20637.36,-0.63657448,3.72,48.09226465
1666983121.1165938,20638.83,20637.36,-0.63657448,3.72,48.09226465
1666983131.0780468,20638.83,20637.36,-0.63657448,3.72,48.09226465
1666983141.7422066,20632.93,20632.93,-1.36939392,-5.14,45.39215222
1666983151.0970724,20632.93,20632.93,-1.36939392,-5.14,45.39215222
1666983161.1034536,20632.93,20616.26,-2.69919449,-21.81,36.97869082
1666983171.083518,20632.93,20616.26,-2.69919449,-21.81,36.97869082
1666983181.4677303,20632.93,20616.26,-2.69919449,-21.81,36.97869082
1666983191.0961514,20618.43,20618.43,-3.73284493,-17.05,38.06264457
1666983201.1451428,20618.43,20618.43,-3.73284493,-17.05,38.06264457
1666983211.1061888,20618.43,20618.43,-3.73284493,-17.05,38.06264457
1666983221.1777673,20618.43,20608.84,-4.49785917,-26.64,33.91734257
1666983231.1448283,20618.43,20608.84,-4.49785917,-26.64,33.91734257
1666983241.13714,20618.43,20608.84,-4.49785917,-26.64,33.91734257
1666983251.164877,20596.4,20596.4,-7.65219943,-36.88,29.81687718
1666983261.0946152,20596.4,20596.4,-7.65219943,-36.88,29.81687718
1666983271.1518185,20596.4,20596.4,-7.65219943,-36.88,29.81687718
1666983281.1487474,20596.4,20590.0,-8.16274074,-43.28,27.95649963
1666983291.089116,20596.4,20590.0,-8.16274074,-43.28,27.95649963
1666983301.7007208,20596.4,20590.0,-8.16274074,-43.28,27.95649963
1666983311.7110577,20593.99,20593.99,-9.66639936,-43.64,29.09277038
1666983321.7072213,20593.99,20593.99,-9.66639936,-43.64,29.09277038
1666983331.747822,20593.99,20593.99,-9.66639936,-43.64,29.09277038
1666983341.729791,20593.99,20604.12,-8.85830819,-33.51,36.15613287
1666983351.7130058,20593.99,20604.12,-8.85830819,-33.51,36.15613287
1666983361.766232,20593.99,20604.12,-8.85830819,-33.51,36.15613287
1666983371.7356367,20610.17,20610.17,-8.69459218,-36.3,39.74436277
1666983381.7541378,20610.17,20610.17,-8.69459218,-36.3,39.74436277
1666983391.7201035,20610.17,20610.17,-8.69459218,-36.3,39.74436277
1666983401.7450075,20610.17,20610.17,-8.69459218,-36.3,39.74436277
1666983411.706498,20610.17,20621.46,-7.7939654,-25.01,45.85093692
1666983421.7838056,20610.17,20621.46,-7.7939654,-25.01,45.85093692
1666983431.7655702,20629.3,20629.3,-6.14173258,-16.75,49.41294324
1666983441.7589896,20629.3,20629.3,-6.14173258,-16.75,49.41294324
1666983451.7855744,20629.3,20629.3,-6.14173258,-16.75,49.41294324
1666983461.745727,20629.3,20624.99,-6.48555024,-21.06,47.56090096
1666983471.74786,20629.3,20624.99,-6.48555024,-21.06,47.56090096
1666983482.6728804,20629.3,20624.99,-6.48555024,-21.06,47.56090096
1666983492.6767826,20629.3,20624.99,-6.48555024,-21.06,47.56090096
1666983502.641333,20618.74,20618.74,-6.76066582,-25.24,45.10914352
1666983512.7063296,20618.74,20618.74,-6.76066582,-25.24,45.10914352
1666983523.0665169,20618.74,20621.07,-6.57479688,-22.91,46.22213433
1666983532.7016666,20618.74,20621.07,-6.57479688,-22.91,46.22213433
1666983542.707706,20618.74,20621.07,-6.57479688,-22.91,46.22213433
1666983552.7007003,20624.46,20624.46,-5.69995233,-10.04,47.76316817
1666983562.7167847,20624.46,20624.46,-5.69995233,-10.04,47.76316817
1666983572.6732807,20624.46,20624.46,-5.69995233,-10.04,47.76316817
1666983582.7013724,20624.46,20628.7,-5.36171871,-5.8,49.70445185
1666983592.7000003,20624.46,20628.7,-5.36171871,-5.8,49.70445185
1666983602.6693792,20624.46,20628.7,-5.36171871,-5.8,49.70445185
1666983613.073353,20624.46,20628.7,-5.36171871,-5.8,49.70445185
1666983622.9057815,20629.97,20629.97,-4.45275512,-8.86,50.29593124
1666983632.7232313,20629.97,20629.97,-4.45275512,-8.86,50.29593124
1666983642.752196,20629.97,20631.09,-4.36341039,-7.74,50.80984425
1666983652.693442,20629.97,20631.09,-4.36341039,-7.74,50.80984425
1666983663.3437304,20629.97,20631.09,-4.36341039,-7.74,50.80984425
1666983673.3903606,20629.97,20631.09,-4.36341039,-7.74,50.80984425
1666983683.377812,20616.57,20616.57,-5.6532173,-16.36,44.72941925
1666983693.409253,20616.57,20616.57,-5.6532173,-16.36,44.72941925
1666983703.4504197,20616.57,20613.12,-5.92843098,-19.81,43.27466055
1666983713.3751893,20616.57,20613.12,-5.92843098,-19.81,43.27466055
1666983723.445417,20616.57,20613.12,-5.92843098,-19.81,43.27466055
1666983733.4150014,20624.02,20624.02,-4.54601277,6.11,48.18264451
1666983743.3720088,20624.02,20624.02,-4.54601277,6.11,48.18264451
1666983753.400473,20624.02,20624.02,-4.54601277,6.11,48.18264451
1666983763.3518505,20624.02,20630.11,-4.06020081,12.2,50.86959052
1666983773.450885,20624.02,20630.11,-4.06020081,12.2,50.86959052
1666983783.3973105,20624.02,20630.11,-4.06020081,12.2,50.86959052
1666983793.4162874,20630.01,20630.01,-3.27684808,32.55,50.82747935
1666983803.4451969,20630.01,20630.01,-3.27684808,32.55,50.82747935
1666983813.386963,20630.01,20630.01,-3.27684808,32.55,50.82747935
1666983823.426363,20630.01,20616.32,-4.36892785,18.86,45.12513468
1666983833.419216,20630.01,20616.32,-4.36892785,18.86,45.12513468
1666983844.2440388,20630.01,20616.32,-4.36892785,18.86,45.12513468
1666983854.5296338,20602.23,20602.23,-6.53979224,8.25,40.45147071
1666983864.2505543,20602.23,20602.23,-6.53979224,8.25,40.45147071
1666983874.2340608,20602.23,20602.23,-6.53979224,8.25,40.45147071
1666983884.2460334,20602.23,20591.35,-7.40771247,-2.63,37.2455334
1666983894.2402158,20602.23,20591.35,-7.40771247,-2.63,37.2455334
1666983904.2922988,20602.23,20591.35,-7.40771247,-2.63,37.2455334
1666983914.2554948,20586.75,20586.75,-9.54653453,-23.44,36.28184696
1666983924.278284,20586.75,20586.75,-9.54653453,-23.44,36.28184696
1666983934.285776,20586.75,20586.75,-9.54653453,-23.44,36.28184696
1666983944.3149457,20586.75,20589.47,-9.32955448,-20.72,37.55126717
1666983954.2880142,20586.75,20589.47,-9.32955448,-20.72,37.55126717
1666983964.2652078,20586.75,20589.47,-9.32955448,-20.72,37.55126717
1666983974.282641,20574.31,20574.31,-12.43140807,-55.0,32.92156717
1666983984.2749815,20574.31,20574.31,-12.43140807,-55.0,32.92156717
1666983994.2705717,20574.31,20574.31,-12.43140807,-55.0,32.92156717
1666984004.281783,20574.31,20566.55,-13.05043941,-62.76,31.1183589
1666984014.2544568,20574.31,20566.55,-13.05043941,-62.76,31.1183589
1666984025.2562056,20574.31,20566.55,-13.05043941,-62.76,31.1183589
1666984035.2147708,20565.73,20565.73,-15.07286392,-53.01,30.93928684
1666984045.1746645,20565.73,20565.73,-15.07286392,-53.01,30.93928684
1666984055.2628052,20565.73,20565.73,-15.07286392,-53.01,30.93928684
1666984065.2915473,20565.73,20572.18,-14.558334,-46.56,34.14926661
1666984075.186999,20565.73,20572.18,-14.558334,-46.56,34.14926661
1666984085.2412062,20565.73,20572.18,-14.558334,-46.56,34.14926661
1666984095.2568543,20565.98,20565.98,-16.4581506,-58.48,31.3080074
1666984105.2574215,20565.98,20565.98,-16.4581506,-58.48,31.3080074
1666984115.2668982,20565.98,20565.98,-16.4581506,-58.48,31.3080074
1666984125.2816956,20565.98,20574.07,-15.81279448,-50.39,35.49971087
1666984135.278896,20565.98,20574.07,-15.81279448,-50.39,35.49971087
1666984145.2573552,20565.98,20574.07,-15.81279448,-50.39,35.49971087
1666984155.2955952,20582.28,20582.28,-15.05600511,-46.55,39.28728773
1666984165.2671442,20582.28,20582.28,-15.05600511,-46.55,39.28728773
1666984175.284264,20582.28,20582.28,-15.05600511,-46.55,39.28728773
1666984185.2510753,20582.28,20582.28,-15.05600511,-46.55,39.28728773
1666984195.2962484,20582.28,20586.35,-14.73133275,-42.48,41.11961736
1666984206.1646478,20582.28,20586.35,-14.73133275,-42.48,41.11961736
1666984216.1617217,20588.1,20588.1,-13.93251712,-27.48,41.87390803
1666984226.1685498,20588.1,20588.1,-13.93251712,-27.48,41.87390803
1666984236.2212095,20588.1,20588.1,-13.93251712,-27.48,41.87390803
1666984247.5600462,20588.1,20584.56,-14.21491028,-31.02,40.73704656
1666984256.1825323,20588.1,20584.56,-14.21491028,-31.02,40.73704656
1666984266.1960952,20588.1,20584.56,-14.21491028,-31.02,40.73704656
1666984276.1790078,20589.72,20589.72,-13.09169429,-34.8,42.64225813
1666984286.190413,20589.72,20589.72,-13.09169429,-34.8,42.64225813
1666984296.168961,20589.72,20589.72,-13.09169429,-34.8,42.64225813
1666984306.1824331,20589.72,20585.02,-13.46662307,-39.5,40.87532829
1666984316.2123768,20589.72,20585.02,-13.46662307,-39.5,40.87532829
1666984326.1386375,20589.72,20585.02,-13.46662307,-39.5,40.87532829
1666984336.215077,20593.65,20593.65,-11.83711777,-36.36,44.51101659
1666984346.6743014,20593.65,20593.65,-11.83711777,-36.36,44.51101659
1666984356.18334,20593.65,20593.65,-11.83711777,-36.36,44.51101659
1666984366.2034104,20593.65,20584.17,-12.59335709,-45.84,40.93859144
1666984376.2133627,20593.65,20584.17,-12.59335709,-45.84,40.93859144
1666984386.9074378,20593.65,20584.17,-12.59335709,-45.84,40.93859144
1666984396.982376,20592.15,20592.15,-11.04840248,-10.19,43.84602867
1666984406.9285474,20592.15,20592.15,-11.04840248,-10.19,43.84602867
1666984416.9516768,20592.15,20592.15,-11.04840248,-10.19,43.84602867
1666984426.9875195,20592.15,20593.57,-10.93512613,-8.77,44.49163729
1666984436.9722998,20592.15,20593.57,-10.93512613,-8.77,44.49163729
1666984446.9707124,20592.15,20593.57,-10.93512613,-8.77,44.49163729
1666984456.985143,20588.4,20588.4,-10.79716507,2.72,42.35779307
1666984467.1813192,20588.4,20588.4,-10.79716507,2.72,42.35779307
1666984476.9895282,20588.4,20588.4,-10.79716507,2.72,42.35779307
1666984486.978609,20588.4,20577.98,-11.62839014,-7.7,38.45222645
1666984497.0345356,20588.4,20577.98,-11.62839014,-7.7,38.45222645
1666984507.0576286,20588.4,20577.98,-11.62839014,-7.7,38.45222645
1666984517.030221,20576.21,20576.21,-12.02216495,0.5,38.08593573
1666984527.0018263,20576.21,20576.21,-12.02216495,0.5,38.08593573
1666984537.0265093,20576.21,20576.21,-12.02216495,0.5,38.08593573
1666984547.041986,20576.21,20580.4,-11.68791993,4.69,40.39134849
1666984557.0527737,20576.21,20580.4,-11.68791993,4.69,40.39134849
1666984568.248622,20576.21,20580.4,-11.68791993,4.69,40.39134849
1666984577.862257,20575.24,20575.24,-12.16329621,9.51,37.5405
1666984588.784274,20575.24,20575.24,-12.16329621,9.51,37.5405
1666984597.911779,20575.24,20575.24,-12.16329621,9.51,37.5405
1666984607.8846114,20575.24,20571.95,-12.42574635,6.22,36.34254055
1666984617.9439,20575.24,20571.95,-12.42574635,6.22,36.34254055
1666984627.939904,20575.24,20571.95,-12.42574635,6.22,36.34254055
1666984637.8859217,20575.0,20575.0,-12.08207469,9.98,37.48558532
1666984648.527686,20575.0,20575.0,-12.08207469,9.98,37.48558532
1666984657.8592796,20575.0,20575.0,-12.08207469,9.98,37.48558532
1666984667.9021196,20575.0,20575.22,-12.06452483,10.2,37.57419794
1666984677.9602358,20575.0,20575.22,-12.06452483,10.2,37.57419794
1666984687.928033,20575.0,20575.22,-12.06452483,10.2,37.57419794
1666984697.906305,20580.24,20580.24,-11.11739697,-1.25,40.81673308
1666984707.9612706,20580.24,20580.24,-11.11739697,-1.25,40.81673308
1666984717.922199,20580.24,20580.24,-11.11739697,-1.25,40.81673308
1666984727.9318562,20580.24,20580.18,-11.12218329,-1.31,40.79006418
1666984737.9104888,20580.24,20580.18,-11.12218329,-1.31,40.79006418
1666984748.65983,20580.24,20580.18,-11.12218329,-1.31,40.79006418
1666984758.676491,20579.7,20579.7,-10.76057663,-8.4,40.92461904
1666984768.5958433,20579.7,20579.7,-10.76057663,-8.4,40.92461904
1666984778.999007,20579.7,20579.7,-10.76057663,-8.4,40.92461904
1666984788.6455069,20579.7,20565.8,-11.86940854,-22.3,34.9512391
1666984798.641014,20579.7,20565.8,-11.86940854,-22.3,34.9512391
1666984808.6066308,20579.7,20565.8,-11.86940854,-22.3,34.9512391
1666984818.6303804,20570.52,20570.52,-11.53422252,-18.17,36.69150726
1666984828.648996,20570.52,20570.52,-11.53422252,-18.17,36.69150726
1666984838.6592588,20570.52,20570.52,-11.53422252,-18.17,36.69150726
1666984848.6313546,20570.52,20574.21,-11.23986355,-14.48,39.23863186
1666984858.6660323,20570.52,20574.21,-11.23986355,-14.48,39.23863186
1666984868.623659,20570.52,20574.21,-11.23986355,-14.48,39.23863186
1666984878.6200614,20568.95,20568.95,-11.65710497,-23.53,36.04854763
1666984888.6580863,20568.95,20568.95,-11.65710497,-23.53,36.04854763
1666984898.6284945,20568.95,20568.95,-11.65710497,-23.53,36.04854763
1666984908.700941,20568.95,20573.67,-11.28058076,-18.81,39.48199044
1666984918.8232553,20568.95,20573.67,-11.28058076,-18.81,39.48199044
1666984929.0602047,20568.95,20573.67,-11.28058076,-18.81,39.48199044
1666984939.0901637,20558.2,20558.2,-13.04144255,-34.85,31.92329597
1666984949.1135485,20558.2,20558.2,-13.04144255,-34.85,31.92329597
1666984959.126912,20558.2,20558.2,-13.04144255,-34.85,31.92329597
1666984969.136675,20558.2,20561.01,-12.817283,-32.04,34.04418907
1666984979.1116722,20558.2,20561.01,-12.817283,-32.04,34.04418907
1666984989.1774466,20558.2,20561.01,-12.817283,-32.04,34.04418907
1666984999.105312,20563.9,20563.9,-12.54044011,-24.5,36.13002235
1666985009.1497924,20563.9,20563.9,-12.54044011,-24.5,36.13002235
1666985019.150436,20563.9,20563.9,-12.54044011,-24.5,36.13002235
1666985029.1245816,20563.9,20562.0,-12.69200706,-26.4,35.13286266
1666985039.163738,20563.9,20562.0,-12.69200706,-26.4,35.13286266
1666985049.1384964,20563.9,20562.0,-12.69200706,-26.4,35.13286266
1666985059.1302538,20565.03,20565.03,-12.16088866,-10.27,36.95528279
1666985069.147827,20565.03,20565.03,-12.16088866,-10.27,36.95528279
1666985079.1434493,20565.03,20565.03,-12.16088866,-10.27,36.95528279
1666985089.1237087,20565.03,20553.36,-13.09182883,-21.94,32.31190592
1666985099.1688228,20565.03,20553.36,-13.09182883,-21.94,32.31190592
1666985109.564067,20565.03,20553.36,-13.09182883,-21.94,32.31190592
1666985119.5128212,20559.76,20559.76,-12.58611532,-15.48,35.00266835
1666985129.5239496,20559.76,20559.76,-12.58611532,-15.48,35.00266835
1666985139.5676465,20559.76,20559.76,-12.58611532,-15.48,35.00266835
1666985149.5186636,20559.76,20564.64,-12.19682757,-10.6,38.66498616
1666985159.5909507,20559.76,20564.64,-12.19682757,-10.6,38.66498616
1666985169.499355,20559.76,20564.64,-12.19682757,-10.6,38.66498616
1666985179.547171,20565.09,20565.09,-11.72559029,-10.34,39.05095634
1666985189.5008564,20565.09,20565.09,-11.72559029,-10.34,39.05095634
1666985199.5486946,20565.09,20565.09,-11.72559029,-10.34,39.05095634
1666985209.5755138,20565.09,20574.41,-10.98211451,-1.02,45.34499805
1666985219.5052962,20565.09,20574.41,-10.98211451,-1.02,45.34499805
1666985229.5411758,20565.09,20574.41,-10.98211451,-1.02,45.34499805
1666985239.521379,20577.32,20577.32,-9.38474544,-3.48,47.07447158
1666985249.5626557,20577.32,20577.32,-9.38474544,-3.48,47.07447158
1666985259.5739968,20577.32,20577.32,-9.38474544,-3.48,47.07447158
1666985269.5602176,20577.32,20570.2,-9.95272265,-10.6,43.5619093
1666985279.5506685,20577.32,20570.2,-9.95272265,-10.6,43.5619093
1666985290.4490104,20576.01,20576.01,-8.39851195,-2.28,46.35207889
1666985300.4385114,20576.01,20576.01,-8.39851195,-2.28,46.35207889
1666985310.5333586,20576.01,20576.01,-8.39851195,-2.28,46.35207889
1666985320.4092224,20576.01,20576.01,-8.39851195,-2.28,46.35207889
1666985330.47015,20576.01,20571.78,-8.73594785,-6.51,44.11131571
1666985340.4464164,20576.01,20571.78,-8.73594785,-6.51,44.11131571
1666985350.433103,20577.53,20577.53,-7.3468593,7.01,47.32544926
1666985360.4793708,20577.53,20577.53,-7.3468593,7.01,47.32544926
1666985370.4695852,20577.53,20577.53,-7.3468593,7.01,47.32544926
1666985380.4752517,20577.53,20574.42,-7.59495047,3.9,45.39554417
1666985390.4397435,20577.53,20574.42,-7.59495047,3.9,45.39554417
1666985400.4802153,20577.53,20574.42,-7.59495047,3.9,45.39554417
1666985410.4630291,20577.53,20574.42,-7.59495047,3.9,45.39554417
1666985420.5201824,20570.04,20570.04,-7.53236979,1.09,43.00952968
1666985430.519158,20570.04,20570.04,-7.53236979,1.09,43.00952968
1666985440.4815996,20570.04,20567.79,-7.71185697,-1.16,41.79426838
1666985450.4912913,20570.04,20567.79,-7.71185697,-1.16,41.79426838
1666985460.5379312,20570.04,20567.79,-7.71185697,-1.16,41.79426838
1666985471.0403097,20570.04,20567.79,-7.71185697,-1.16,41.79426838
1666985481.1169417,20568.42,20568.42,-7.43467507,10.21,42.45609447
1666985491.035135,20568.42,20568.42,-7.43467507,10.21,42.45609447
1666985501.096002,20568.42,20567.46,-7.51125626,9.25,41.71916189
1666985511.0479295,20568.42,20567.46,-7.51125626,9.25,41.71916189
1666985521.0631316,20568.42,20567.46,-7.51125626,9.25,41.71916189
1666985531.0824976,20568.42,20567.46,-7.51125626,9.25,41.71916189
1666985541.046072,20588.64,20588.64,-4.23068495,25.39,54.55834257
1666985551.1267154,20588.64,20588.64,-4.23068495,25.39,54.55834257
1666985561.0847557,20588.64,20579.81,-4.93507241,16.56,49.64778476
1666985571.1132488,20588.64,20579.81,-4.93507241,16.56,49.64778476
1666985581.082211,20588.64,20579.81,-4.93507241,16.56,49.64778476
1666985591.1098115,20581.84,20581.84,-3.89722801,16.81,50.69680923
1666985601.1112823,20581.84,20581.84,-3.89722801,16.81,50.69680923
1666985611.0987687,20581.84,20581.84,-3.89722801,16.81,50.69680923
1666985621.125556,20581.84,20585.74,-3.5861169,20.71,52.7618648
1666985631.0785017,20581.84,20585.74,-3.5861169,20.71,52.7618648
1666985641.1442614,20581.84,20585.74,-3.5861169,20.71,52.7618648
1666985651.8103063,20584.57,20584.57,-2.69749652,25.55,52.04199762
1666985661.8821626,20584.57,20584.57,-2.69749652,25.55,52.04199762
1666985671.8062804,20584.57,20584.57,-2.69749652,25.55,52.04199762
1666985681.8466375,20584.57,20584.95,-2.66718313,25.93,52.26775385
1666985691.827931,20584.57,20584.95,-2.66718313,25.93,52.26775385
1666985701.78906,20584.57,20584.95,-2.66718313,25.93,52.26775385
1666985711.8498569,20578.95,20578.95,-2.77625037,15.14,48.91721138
1666985721.842403,20578.95,20578.95,-2.77625037,15.14,48.91721138
1666985732.151235,20578.95,20578.95,-2.77625037,15.14,48.91721138
1666985741.8543174,20578.95,20576.34,-2.9844555,12.53,47.49105532
1666985751.8906317,20578.95,20576.34,-2.9844555,12.53,47.49105532
1666985761.8982022,20578.95,20576.34,-2.9844555,12.53,47.49105532
1666985771.932595,20578.95,20576.34,-2.9844555,12.53,47.49105532
1666985781.9187794,20573.48,20573.48,-3.29360543,-4.77,46.15654742
1666985791.8363209,20573.48,20573.48,-3.29360543,-4.77,46.15654742
1666985801.9112368,20573.48,20573.64,-3.28084189,-4.61,46.25445729
1666985811.880769,20573.48,20573.64,-3.28084189,-4.61,46.25445729
1666985821.8458428,20573.48,20573.64,-3.28084189,-4.61,46.25445729
1666985832.7204478,20573.48,20573.64,-3.28084189,-4.61,46.25445729
1666985842.7925544,20568.2,20568.2,-3.99967887,-8.67,43.38856669
1666985852.70971,20568.2,20568.2,-3.99967887,-8.67,43.38856669
1666985862.776188,20568.2,20568.01,-4.01483557,-8.86,43.2912133
1666985872.7872272,20568.2,20568.01,-4.01483557,-8.86,43.2912133
1666985882.7770808,20568.2,20568.01,-4.01483557,-8.86,43.2912133
1666985892.7666564,20569.68,20569.68,-3.96746022,-6.88,44.36407077
1666985902.7937706,20569.68,20569.68,-3.96746022,-6.88,44.36407077
1666985912.7927177,20569.68,20569.68,-3.96746022,-6.88,44.36407077
1666985922.7246726,20569.68,20569.68,-3.96746022,-6.88,44.36407077
1666985932.7492373,20569.68,20577.22,-3.36597874,0.66,49.16424998
1666985942.8204887,20569.68,20577.22,-3.36597874,0.66,49.16424998
1666985952.7995453,20582.04,20582.04,-2.20347049,12.0,51.76994744
1666985962.7718468,20582.04,20582.04,-2.20347049,12.0,51.76994744
1666985972.7999833,20582.04,20582.04,-2.20347049,12.0,51.76994744
1666985982.829508,20582.04,20574.04,-2.84164712,4.0,47.40290084
1666985992.788906,20582.04,20574.04,-2.84164712,4.0,47.40290084
1666986002.8188334,20582.04,20574.04,-2.84164712,4.0,47.40290084
1666986013.6655247,20575.89,20575.89,-2.47634147,8.8,48.34478922
1666986023.6893198,20575.89,20575.89,-2.47634147,8.8,48.34478922
1666986033.6670291,20575.89,20575.89,-2.47634147,8.8,48.34478922
1666986043.6916752,20575.89,20581.44,-2.03360643,14.35,51.46537377
1666986053.716256,20575.89,20581.44,-2.03360643,14.35,51.46537377
1666986063.6735525,20575.89,20581.44,-2.03360643,14.35,51.46537377
1666986073.9767952,20575.89,20581.44,-2.03360643,14.35,51.46537377
1666986083.700067,20580.83,20580.83,-1.62357866,-7.81,51.16925368
1666986093.7419903,20580.83,20580.83,-1.62357866,-7.81,51.16925368
1666986103.7121024,20580.83,20585.28,-1.2685929,-3.36,53.60502556
1666986113.7174735,20580.83,20585.28,-1.2685929,-3.36,53.60502556
1666986123.701572,20580.83,20585.28,-1.2685929,-3.36,53.60502556
1666986133.6676366,20592.38,20592.38,0.43015658,10.54,57.02525249
1666986143.691934,20592.38,20592.38,0.43015658,10.54,57.02525249
1666986153.736642,20592.38,20592.38,0.43015658,10.54,57.02525249
1666986163.727019,20592.38,20593.41,0.51232182,11.57,57.51456644
1666986173.7457216,20592.38,20593.41,0.51232182,11.57,57.51456644
1666986183.7087448,20592.38,20593.41,0.51232182,11.57,57.51456644
1666986194.464176,20597.29,20597.29,2.00652702,11.37,59.26187575
1666986204.4998035,20597.29,20597.29,2.00652702,11.37,59.26187575
1666986214.5474112,20597.29,20597.29,2.00652702,11.37,59.26187575
1666986224.477066,20597.29,20587.44,1.22077203,1.52,53.27199859
1666986234.476161,20597.29,20587.44,1.22077203,1.52,53.27199859
1666986244.4955788,20597.29,20587.44,1.22077203,1.52,53.27199859
1666986254.498689,20587.27,20587.27,1.49538403,8.32,53.17923079
1666986264.439617,20587.27,20587.27,1.49538403,8.32,53.17923079
1666986274.5400176,20587.27,20587.27,1.49538403,8.32,53.17923079
1666986284.5254898,20587.27,20584.24,1.25367463,5.29,51.45918669
1666986294.465428,20587.27,20584.24,1.25367463,5.29,51.45918669
1666986304.4910967,20587.27,20584.24,1.25367463,5.29,51.45918669
1666986314.5163186,20587.42,20587.42,1.80231176,15.0,53.11457744
1666986324.5268984,20587.42,20587.42,1.80231176,15.0,53.11457744
1666986334.5432556,20587.42,20587.42,1.80231176,15.0,53.11457744
1666986344.5062397,20587.42,20584.46,1.5661864,12.04,51.36155547
1666986354.5380273,20587.42,20584.46,1.5661864,12.04,51.36155547
1666986364.5782745,20587.42,20584.46,1.5661864,12.04,51.36155547
1666986375.289743,20589.25,20589.25,2.14601249,21.05,54.21500552
1666986385.319741,20589.25,20589.25,2.14601249,21.05,54.21500552
1666986395.316321,20589.25,20589.25,2.14601249,21.05,54.21500552
1666986405.3377948,20589.25,20592.59,2.41245124,24.39,56.04299584
1666986415.2622724,20589.25,20592.59,2.41245124,24.39,56.04299584
1666986425.2878876,20589.25,20592.59,2.41245124,24.39,56.04299584
1666986435.3294723,20593.21,20593.21,2.8843837,23.52,56.36637885
1666986445.364651,20593.21,20593.21,2.8843837,23.52,56.36637885
1666986455.3327122,20593.21,20593.21,2.8843837,23.52,56.36637885
1666986465.31943,20593.21,20587.8,2.45281675,18.11,52.72162531
1666986475.3386068,20593.21,20587.8,2.45281675,18.11,52.72162531
1666986485.3673673,20593.21,20587.8,2.45281675,18.11,52.72162531
1666986495.3447638,20590.35,20590.35,2.73879662,7.67,54.3382615
1666986505.3436775,20590.35,20590.35,2.73879662,7.67,54.3382615
1666986515.3205714,20590.35,20590.35,2.73879662,7.67,54.3382615
1666986525.340341,20590.35,20581.77,2.05435218,-0.91,48.84470689
1666986535.346804,20590.35,20581.77,2.05435218,-0.91,48.84470689
1666986545.3078146,20590.35,20581.77,2.05435218,-0.91,48.84470689
1666986556.0718534,20581.75,20581.75,1.59655214,5.83,48.83306005
1666986566.091418,20581.75,20581.75,1.59655214,5.83,48.83306005
1666986576.0495076,20581.75,20581.75,1.59655214,5.83,48.83306005
1666986586.0949304,20581.75,20585.55,1.89968604,9.63,51.21335007
1666986596.13262,20581.75,20585.55,1.89968604,9.63,51.21335007
1666986606.0923808,20581.75,20585.55,1.89968604,9.63,51.21335007
1666986616.1136603,20582.49,20582.49,1.32554079,2.35,49.31463027
1666986626.08775,20582.49,20582.49,1.32554079,2.35,49.31463027
1666986636.122123,20582.49,20582.49,1.32554079,2.35,49.31463027
1666986646.1060116,20582.49,20581.55,1.25055504,1.41,48.68776981
1666986656.0889184,20582.49,20581.55,1.25055504,1.41,48.68776981
1666986666.100145,20582.49,20581.55,1.25055504,1.41,48.68776981
1666986676.1408622,20582.41,20582.41,1.04054547,-9.97,49.2606527
1666986686.0966218,20582.41,20582.41,1.04054547,-9.97,49.2606527
1666986696.1507208,20582.41,20582.41,1.04054547,-9.97,49.2606527
1666986706.1560404,20582.41,20580.4,0.88020359,-11.98,47.84370739
1666986716.1469316,20582.41,20580.4,0.88020359,-11.98,47.84370739
1666986726.1555088,20582.41,20580.4,0.88020359,-11.98,47.84370739
1666986736.7485783,20593.61,20593.61,2.36163329,-3.68,56.46987517
1666986746.735752,20593.61,20593.61,2.36163329,-3.68,56.46987517
1666986756.6983883,20593.61,20593.61,2.36163329,-3.68,56.46987517
1666986766.6879425,20593.61,20592.45,2.26909767,-4.84,55.67104232
1666986776.7420874,20593.61,20592.45,2.26909767,-4.84,55.67104232
1666986786.713171,20593.61,20592.45,2.26909767,-4.84,55.67104232
1666986796.7107894,20585.55,20585.55,1.63309722,-1.72,50.84252364
1666986806.6870785,20585.55,20585.55,1.63309722,-1.72,50.84252364
1666986816.719704,20585.55,20585.55,1.63309722,-1.72,50.84252364
1666986826.7333467,20585.55,20593.06,2.23218554,5.79,55.47882687
1666986836.692797,20585.55,20593.06,2.23218554,5.79,55.47882687
1666986846.729321,20585.55,20593.06,2.23218554,5.79,55.47882687
1666986856.7029834,20597.82,20597.82,3.12325191,9.15,58.03192647
1666986866.7319195,20597.82,20597.82,3.12325191,9.15,58.03192647
1666986876.8023884,20597.82,20597.82,3.12325191,9.15,58.03192647
1666986886.713119,20597.82,20609.04,4.01829465,20.37,63.26016658
1666986896.7306497,20597.82,20609.04,4.01829465,20.37,63.26016658
1666986906.751125,20597.82,20609.04,4.01829465,20.37,63.26016658
1666986917.268253,20600.48,20600.48,4.00664779,12.0,59.15752497
1666986927.254748,20600.48,20600.48,4.00664779,12.0,59.15752497
1666986937.293215,20600.48,20600.48,4.00664779,12.0,59.15752497
1666986947.361947,20600.48,20603.55,4.25154808,15.07,60.95341338
1666986957.348667,20600.48,20603.55,4.25154808,15.07,60.95341338
1666986967.274403,20600.48,20603.55,4.25154808,15.07,60.95341338
1666986977.2928057,20603.32,20603.32,4.76312456,10.11,60.88305536
1666986987.333284,20603.32,20603.32,4.76312456,10.11,60.88305536
1666986997.339605,20603.32,20603.32,4.76312456,10.11,60.88305536
1666987007.2954268,20603.32,20604.76,4.87799635,11.55,61.64037221
1666987017.329497,20603.32,20604.76,4.87799635,11.55,61.64037221
1666987027.3432624,20603.32,20604.76,4.87799635,11.55,61.64037221
1666987037.3142872,20600.85,20600.85,4.79438382,11.14,58.99597687
1666987047.372121,20600.85,20600.85,4.79438382,11.14,58.99597687
1666987057.2987533,20600.85,20600.85,4.79438382,11.14,58.99597687
1666987067.3154535,20600.85,20594.29,4.27107898,4.58,53.99880263
1666987077.2886329,20600.85,20594.29,4.27107898,4.58,53.99880263
1666987087.3603537,20600.85,20594.29,4.27107898,4.58,53.99880263
1666987098.0875354,20596.38,20596.38,4.41868156,14.63,55.4842823
1666987108.1454425,20596.38,20596.38,4.41868156,14.63,55.4842823
1666987118.128715,20596.38,20596.38,4.41868156,14.63,55.4842823
1666987128.1388202,20596.38,20601.74,4.84625991,19.99,59.09226869
1666987138.1592746,20596.38,20601.74,4.84625991,19.99,59.09226869
1666987148.1198308,20596.38,20601.74,4.84625991,19.99,59.09226869
1666987158.1165588,20606.61,20606.61,5.71948424,24.12,61.75231961
1666987169.424908,20606.61,20606.61,5.71948424,24.12,61.75231961
1666987179.4950106,20606.61,20606.61,5.71948424,24.12,61.75231961
1666987189.4561667,20606.61,20609.17,5.92370076,26.68,63.11027547
1666987199.4905608,20606.61,20609.17,5.92370076,26.68,63.11027547
1666987209.4787078,20606.61,20609.17,5.92370076,26.68,63.11027547
1666987219.4670317,20609.21,20609.21,6.40162499,26.8,63.13072885
1666987229.4728491,20609.21,20609.21,6.40162499,26.8,63.13072885
1666987239.4911234,20609.21,20609.21,6.40162499,26.8,63.13072885
1666987249.5008545,20609.21,20619.61,7.23125462,37.2,68.08532416
1666987259.497109,20609.21,20619.61,7.23125462,37.2,68.08532416
1666987269.4499185,20609.21,20619.61,7.23125462,37.2,68.08532416
1666987279.468463,20618.96,20618.96,8.07889834,25.87,67.81500483
1666987289.4820874,20618.96,20618.96,8.07889834,25.87,67.81500483
1666987299.4840786,20618.96,20618.96,8.07889834,25.87,67.81500483
1666987309.572369,20618.96,20634.02,9.28026586,40.93,73.43026821
1666987319.500671,20618.96,20634.02,9.28026586,40.93,73.43026821
1666987329.482898,20618.96,20634.02,9.28026586,40.93,73.43026821
1666987339.5201583,20634.85,20634.85,10.93781407,48.16,73.68331509
1666987349.497718,20634.85,20634.85,10.93781407,48.16,73.68331509
1666987359.5404198,20634.85,20634.85,10.93781407,48.16,73.68331509
1666987369.5456908,20634.85,20621.28,9.85530695,34.59,63.10192217
1666987379.488099,20634.85,20621.28,9.85530695,34.59,63.10192217
1666987389.5188763,20634.85,20621.28,9.85530695,34.59,63.10192217
1666987399.7678528,20622.7,20622.7,10.26724638,26.3,63.74097551
1666987409.546262,20622.7,20622.7,10.26724638,26.3,63.74097551
1666987419.5310335,20622.7,20622.7,10.26724638,26.3,63.74097551
1666987429.8254428,20622.7,20630.75,10.90941162,34.35,66.75541161
1666987439.759864,20622.7,20630.75,10.90941162,34.35,66.75541161
1666987449.5236242,20622.7,20630.75,10.90941162,34.35,66.75541161
1666987459.625003,20633.36,20633.36,12.03762259,32.01,67.17495238
1666987469.630129,20633.36,20633.36,12.03762259,32.01,67.17495238
1666987479.6015823,20633.36,20633.36,12.03762259,32.01,67.17495238
1666987489.6218972,20633.36,20629.13,11.7001867,27.78,64.29791712
1666987499.692161,20633.36,20629.13,11.7001867,27.78,64.29791712
1666987509.617133,20633.36,20629.13,11.7001867,27.78,64.29791712
1666987519.653983,20639.73,20639.73,13.38334009,37.56,69.71785514
1666987529.680942,20639.73,20639.73,13.38334009,37.56,69.71785514
1666987539.6780407,20639.73,20639.73,13.38334009,37.56,69.71785514
1666987549.6868892,20639.73,20637.12,13.17513497,34.95,68.20866264
1666987559.678099,20639.73,20637.12,13.17513497,34.95,68.20866264
1666987569.6539965,20639.73,20637.12,13.17513497,34.95,68.20866264
1666987579.6204045,20634.8,20634.8,13.34632036,34.8,66.45506157
1666987589.6872942,20634.8,20634.8,13.34632036,34.8,66.45506157
1666987599.6966033,20634.8,20634.8,13.34632036,34.8,66.45506157
1666987610.0580044,20634.8,20642.57,13.96614942,42.57,69.77526261
1666987619.6803343,20634.8,20642.57,13.96614942,42.57,69.77526261
1666987629.665872,20634.8,20642.57,13.96614942,42.57,69.77526261
1666987640.797716,20638.63,20638.63,13.99375339,40.97,67.91959251
1666987650.848122,20638.63,20638.63,13.99375339,40.97,67.91959251
1666987660.7883646,20638.63,20638.63,13.99375339,40.97,67.91959251
1666987670.8457284,20638.63,20637.28,13.88606109,39.62,66.85203723
1666987681.4333832,20638.63,20637.28,13.88606109,39.62,66.85203723
1666987690.8598492,20637.94,20637.94,13.93524091,31.33,67.36972781
1666987700.9099174,20637.94,20637.94,13.93524091,31.33,67.36972781
1666987710.8777735,20637.94,20637.94,13.93524091,31.33,67.36972781
1666987720.893953,20637.94,20635.79,13.76373094,29.18,65.58792871
1666987730.8670557,20637.94,20635.79,13.76373094,29.18,65.58792871
1666987740.8767169,20637.94,20635.79,13.76373094,29.18,65.58792871
1666987750.9174552,20632.94,20632.94,12.98745221,23.73,63.01103245
1666987760.8586066,20632.94,20632.94,12.98745221,23.73,63.01103245
1666987770.9221451,20632.94,20632.94,12.98745221,23.73,63.01103245
1666987780.8430269,20632.94,20650.52,14.38984537,41.31,69.63294417
1666987790.8812218,20632.94,20650.52,14.38984537,41.31,69.63294417
1666987800.8937426,20632.94,20650.52,14.38984537,41.31,69.63294417
1666987810.8587236,20652.31,20652.31,15.22819078,33.35,70.17657349
1666987821.4732113,20652.31,20652.31,15.22819078,33.35,70.17657349
1666987831.485344,20652.31,20652.31,15.22819078,33.35,70.17657349
1666987841.443524,20652.31,20646.37,14.75434463,27.41,65.95690298
1666987851.4669664,20652.31,20646.37,14.75434463,27.41,65.95690298
1666987861.495942,20652.31,20646.37,14.75434463,27.41,65.95690298
1666987871.4345226,20645.41,20645.41,14.62419821,10.56,65.32211107
1666987881.474656,20645.41,20645.41,14.62419821,10.56,65.32211107
1666987891.5132012,20645.41,20645.41,14.62419821,10.56,65.32211107
1666987901.478645,20645.41,20642.91,14.42476801,8.06,63.60531776
1666987911.5435634,20645.41,20642.91,14.42476801,8.06,63.60531776
1666987921.497574,20645.41,20642.91,14.42476801,8.06,63.60531776
1666987931.479669,20642.49,20642.49,14.0994921,21.01,63.24576616
1666987941.601178,20642.49,20642.49,14.0994921,21.01,63.24576616
1666987951.4797318,20642.49,20642.49,14.0994921,21.01,63.24576616
1666987961.5032177,20642.49,20650.35,14.72650064,28.87,66.77842363
1666987971.5234718,20642.49,20650.35,14.72650064,28.87,66.77842363
1666987981.5151527,20642.49,20650.35,14.72650064,28.87,66.77842363
1666987991.506014,20641.94,20641.94,13.53434454,7.44,62.85658307
1666988002.2003665,20641.94,20641.94,13.53434454,7.44,62.85658307
1666988012.2333636,20641.94,20641.94,13.53434454,7.44,62.85658307
1666988022.2224722,20641.94,20635.93,13.05491434,1.43,58.61226905
1666988032.2027092,20641.94,20635.93,13.05491434,1.43,58.61226905
1666988042.219208,20641.94,20635.93,13.05491434,1.43,58.61226905
1666988052.2125945,20621.09,20621.09,10.02429439,-17.55,50.23632068
1666988062.4766057,20621.09,20621.09,10.02429439,-17.55,50.23632068
1666988072.2814217,20621.09,20621.09,10.02429439,-17.55,50.23632068
1666988082.3125937,20621.09,20640.66,11.585434,2.02,58.63193167
1666988092.2689774,20621.09,20640.66,11.585434,2.02,58.63193167
1666988102.2845051,20621.09,20640.66,11.585434,2.02,58.63193167
1666988112.3352456,20635.05,20635.05,10.38358515,-1.18,56.55561384
1666988122.2504358,20635.05,20635.05,10.38358515,-1.18,56.55561384
1666988132.361546,20635.05,20635.05,10.38358515,-1.18,56.55561384
1666988142.2740068,20635.05,20638.01,10.61971051,1.78,57.77424216
1666988152.2703257,20635.05,20638.01,10.61971051,1.78,57.77424216
1666988162.300118,20635.05,20638.01,10.61971051,1.78,57.77424216
1666988172.310206,20647.82,20647.82,11.59233173,8.08,61.14121263
1666988183.1780112,20647.82,20647.82,11.59233173,8.08,61.14121263
1666988193.1675675,20647.82,20647.82,11.59233173,8.08,61.14121263
1666988203.181015,20647.82,20648.46,11.64338586,8.72,61.50250082
1666988213.2004683,20647.82,20648.46,11.64338586,8.72,61.50250082
1666988223.2177048,20647.82,20648.46,11.64338586,8.72,61.50250082
1666988233.167324,20645.88,20645.88,11.27488779,7.94,60.07153849
1666988243.2243838,20645.88,20645.88,11.27488779,7.94,60.07153849
1666988253.1331923,20645.88,20645.88,11.27488779,7.94,60.07153849
1666988263.1993291,20645.88,20647.26,11.38497326,9.32,60.59959473
1666988273.186895,20645.88,20647.26,11.38497326,9.32,60.59959473
1666988283.1918027,20645.88,20647.26,11.38497326,9.32,60.59959473
1666988293.7269914,20652.31,20652.31,11.92789922,20.66,62.41839582
1666988303.2357728,20652.31,20652.31,11.92789922,20.66,62.41839582
1666988313.1843464,20652.31,20652.31,11.92789922,20.66,62.41839582
1666988323.210149,20652.31,20660.72,12.59878241,29.07,65.29185616
1666988333.223214,20652.31,20660.72,12.59878241,29.07,65.29185616
1666988343.2194648,20652.31,20660.72,12.59878241,29.07,65.29185616
1666988353.248384,20660.33,20660.33,13.03482691,8.02,65.16859904
1666988363.8019638,20660.33,20660.33,13.03482691,8.02,65.16859904
1666988373.8205996,20660.33,20660.33,13.03482691,8.02,65.16859904
1666988383.7538424,20660.33,20660.9,13.08029699,8.59,65.36258863
1666988393.81207,20660.33,20660.9,13.08029699,8.59,65.36258863
1666988403.7891178,20660.33,20660.9,13.08029699,8.59,65.36258863
1666988413.7959578,20652.19,20652.19,12.10222131,6.78,60.34428337
1666988423.8157425,20652.19,20652.19,12.10222131,6.78,60.34428337
1666988433.806502,20652.19,20652.19,12.10222131,6.78,60.34428337
1666988443.8373327,20652.19,20651.81,12.07190792,6.4,60.1204053
1666988453.7840278,20652.19,20651.81,12.07190792,6.4,60.1204053
1666988463.8041234,20652.19,20651.81,12.07190792,6.4,60.1204053
1666988473.7963276,20656.07,20656.07,12.27854461,12.01,61.80240067
1666988483.8035357,20656.07,20656.07,12.27854461,12.01,61.80240067
1666988493.7990534,20656.07,20656.07,12.27854461,12.01,61.80240067
1666988503.7892282,20656.07,20657.22,12.3702825,13.16,62.24377534
1666988513.852737,20656.07,20657.22,12.3702825,13.16,62.24377534
1666988523.8465507,20656.07,20657.22,12.3702825,13.16,62.24377534
1666988533.8324254,20654.01,20654.01,11.81160561,12.07,60.5345339
1666988544.3463223,20654.01,20654.01,11.81160561,12.07,60.5345339
1666988554.3646743,20654.01,20654.01,11.81160561,12.07,60.5345339
1666988564.4110353,20654.01,20659.43,12.24397029,17.49,62.94848924
1666988574.409485,20654.01,20659.43,12.24397029,17.49,62.94848924
1666988584.3643095,20654.01,20659.43,12.24397029,17.49,62.94848924
1666988594.354073,20654.01,20659.43,12.24397029,17.49,62.94848924
1666988604.7092054,20659.92,20659.92,12.27638674,38.83,62.84000397
1666988614.362194,20659.92,20659.92,12.27638674,38.83,62.84000397
1666988624.3823657,20659.92,20655.4,11.91581694,34.31,59.89492704
1666988634.3776574,20659.92,20655.4,11.91581694,34.31,59.89492704
1666988644.3870363,20659.92,20655.4,11.91581694,34.31,59.89492704
1666988654.4174757,20654.3,20654.3,11.27681913,20.11,59.21636238
1666988664.6154215,20654.3,20654.3,11.27681913,20.11,59.21636238
1666988674.352972,20654.3,20654.3,11.27681913,20.11,59.21636238
1666988684.784557,20654.3,20646.7,10.67055133,12.51,54.63604744
1666988694.3761406,20654.3,20646.7,10.67055133,12.51,54.63604744
1666988704.4169712,20654.3,20646.7,10.67055133,12.51,54.63604744
1666988714.4541054,20664.06,20664.06,12.19529514,15.28,62.70309602
1666988724.8176117,20664.06,20664.06,12.19529514,15.28,62.70309602
1666988734.8536773,20664.06,20664.06,12.19529514,15.28,62.70309602
1666988744.8502882,20664.06,20667.03,12.43221822,18.25,64.27673535
1666988754.850762,20664.06,20667.03,12.43221822,18.25,64.27673535
1666988764.839835,20664.06,20667.03,12.43221822,18.25,64.27673535
1666988774.8656657,20665.29,20665.29,12.27738199,19.41,63.41602192
1666988784.8257456,20665.29,20665.29,12.27738199,19.41,63.41602192
1666988794.8500128,20665.29,20665.29,12.27738199,19.41,63.41602192
1666988804.879679,20665.29,20671.56,12.77755293,25.68,66.03274523
1666988814.9487054,20665.29,20671.56,12.77755293,25.68,66.03274523
1666988824.881008,20665.29,20671.56,12.77755293,25.68,66.03274523
1666988834.8415074,20673.6,20673.6,13.26213008,21.29,66.75566181
1666988844.8763494,20673.6,20673.6,13.26213008,21.29,66.75566181
1666988854.8903513,20673.6,20673.6,13.26213008,21.29,66.75566181
1666988864.8793232,20673.6,20669.61,12.94383948,17.3,63.89149568
1666988874.9085264,20673.6,20669.61,12.94383948,17.3,63.89149568
1666988884.874968,20673.6,20669.61,12.94383948,17.3,63.89149568
1666988894.835193,20679.52,20679.52,14.20001613,19.2,68.82893084
1666988905.489175,20679.52,20679.52,14.20001613,19.2,68.82893084
1666988915.5336173,20679.52,20679.52,14.20001613,19.2,68.82893084
1666988925.4891856,20679.52,20677.0,13.99899049,16.68,66.91586215
1666988935.5534365,20679.52,20677.0,13.99899049,16.68,66.91586215
1666988945.531329,20679.52,20677.0,13.99899049,16.68,66.91586215
1666988955.5640357,20679.52,20677.0,13.99899049,16.68,66.91586215
1666988965.552308,20674.39,20674.39,13.62361746,22.2,64.78992672
1666988975.5642595,20674.39,20674.39,13.62361746,22.2,64.78992672
1666988985.5534935,20674.39,20678.48,13.94988526,26.29,66.3484695
1666988995.540311,20674.39,20678.48,13.94988526,26.29,66.3484695
1666989005.5572922,20674.39,20678.48,13.94988526,26.29,66.3484695
1666989015.5473697,20679.2,20679.2,14.12100011,23.33,66.28902052
1666989025.5299137,20679.2,20679.2,14.12100011,23.33,66.28902052
1666989035.5706244,20679.2,20679.2,14.12100011,23.33,66.28902052
1666989045.5689027,20679.2,20678.67,14.0787209,22.8,65.89213432
1666989055.5565636,20679.2,20678.67,14.0787209,22.8,65.89213432
1666989065.4919012,20679.2,20678.67,14.0787209,22.8,65.89213432
1666989075.543697,20675.69,20675.69,13.56024797,20.77,63.69692296
1666989086.248084,20675.69,20675.69,13.56024797,20.77,63.69692296
1666989096.243399,20675.69,20675.69,13.56024797,20.77,63.69692296
1666989106.252177,20675.69,20683.55,14.18725652,28.63,67.10755478
1666989116.277481,20675.69,20683.55,14.18725652,28.63,67.10755478
1666989126.2817557,20675.69,20683.55,14.18725652,28.63,67.10755478
1666989136.2835934,20683.93,20683.93,14.29308011,23.07,67.24425902
1666989146.3827524,20683.93,20683.93,14.29308011,23.07,67.24425902
1666989156.3090742,20683.93,20683.93,14.29308011,23.07,67.24425902
1666989166.331082,20683.93,20680.83,14.04578666,19.97,64.87545555
1666989176.355478,20683.93,20680.83,14.04578666,19.97,64.87545555
1666989186.3487852,20683.93,20680.83,14.04578666,19.97,64.87545555
1666989196.3247087,20674.55,20674.55,12.93605295,20.27,60.49590094
1666989206.3477015,20674.55,20674.55,12.93605295,20.27,60.49590094
1666989216.340302,20674.55,20674.55,12.93605295,20.27,60.49590094
1666989226.2655067,20674.55,20666.52,12.29548315,12.24,55.41773753
1666989236.3396366,20674.55,20666.52,12.29548315,12.24,55.41773753
1666989246.7234366,20674.55,20666.52,12.29548315,12.24,55.41773753
1666989256.2718945,20658.68,20658.68,10.04070158,-6.97,51.19141603
1666989267.0587876,20658.68,20658.68,10.04070158,-6.97,51.19141603
1666989277.094604,20658.68,20658.68,10.04070158,-6.97,51.19141603
1666989287.051152,20658.68,20658.43,10.02075856,-7.22,51.05867422
1666989297.0691988,20658.68,20658.43,10.02075856,-7.22,51.05867422
1666989307.130905,20658.68,20658.43,10.02075856,-7.22,51.05867422
1666989317.0875602,20662.67,20662.67,9.1668686,-3.22,53.18361208
1666989327.0726843,20662.67,20662.67,9.1668686,-3.22,53.18361208
1666989337.1055477,20662.67,20662.67,9.1668686,-3.22,53.18361208
1666989347.1159916,20662.67,20657.38,8.7448743,-8.51,50.28004555
1666989357.0962005,20662.67,20657.38,8.7448743,-8.51,50.28004555
1666989367.140933,20662.67,20657.38,8.7448743,-8.51,50.28004555
1666989377.0973852,20661.09,20661.09,7.99250856,-12.51,52.22064452
1666989387.1107533,20661.09,20661.09,7.99250856,-12.51,52.22064452
1666989397.1061842,20661.09,20661.09,7.99250856,-12.51,52.22064452
1666989407.1087945,20661.09,20662.92,8.13849147,-10.68,53.31550996
1666989417.140807,20661.09,20662.92,8.13849147,-10.68,53.31550996
1666989427.086618,20661.09,20662.92,8.13849147,-10.68,53.31550996
1666989437.3891904,20654.25,20654.25,6.08478228,-25.27,48.36022766
1666989447.8773272,20654.25,20654.25,6.08478228,-25.27,48.36022766
1666989457.895197,20654.25,20654.25,6.08478228,-25.27,48.36022766
1666989467.869902,20654.25,20658.45,6.41982502,-21.07,50.75824749
1666989477.9132717,20654.25,20658.45,6.41982502,-21.07,50.75824749
1666989487.8903224,20654.25,20658.45,6.41982502,-21.07,50.75824749
1666989497.820244,20662.04,20662.04,5.98824351,-11.47,52.66536064
1666989508.547013,20662.04,20662.04,5.98824351,-11.47,52.66536064
1666989517.876299,20662.04,20662.04,5.98824351,-11.47,52.66536064
1666989527.8394651,20662.04,20667.44,6.41901274,-6.07,55.45970572
1666989547.9216282,20662.04,20667.44,6.41901274,-6.07,55.45970572
1666989557.8485866,20673.69,20673.69,7.06534208,-6.3,58.09896665
1666989567.9176955,20673.69,20673.69,7.06534208,-6.3,58.09896665
1666989577.909544,20673.69,20673.69,7.06534208,-6.3,58.09896665
1666989587.8913305,20673.69,20666.05,6.4558834,-13.94,53.6731311
1666989597.944275,20673.69,20666.05,6.4558834,-13.94,53.6731311
1666989607.9429505,20673.69,20666.05,6.4558834,-13.94,53.6731311
1666989617.88499,20670.78,20670.78,6.62734758,-5.83,56.32977063
1666989628.3137212,20670.78,20670.78,6.62734758,-5.83,56.32977063
1666989638.31046,20670.78,20670.78,6.62734758,-5.83,56.32977063
1666989648.33928,20670.78,20677.29,7.14666382,0.68,59.31459558
1666989658.3596692,20670.78,20677.29,7.14666382,0.68,59.31459558
1666989668.4521382,20670.78,20677.29,7.14666382,0.68,59.31459558
1666989678.325866,20679.43,20679.43,7.61332322,-4.5,60.20863168
1666989688.3581345,20679.43,20679.43,7.61332322,-4.5,60.20863168
1666989698.7165875,20679.43,20679.43,7.61332322,-4.5,60.20863168
1666989708.3715518,20679.43,20694.81,8.84021781,10.88,65.99249966
1666989718.330752,20679.43,20694.81,8.84021781,10.88,65.99249966
1666989728.3079195,20679.43,20694.81,8.84021781,10.88,65.99249966
1666989738.3813694,20696.85,20696.85,10.30349483,21.12,66.1706841
1666989748.374873,20696.85,20696.85,10.30349483,21.12,66.1706841
1666989758.364236,20696.85,20696.85,10.30349483,21.12,66.1706841
1666989768.3918946,20696.85,20705.02,10.95523273,29.29,69.12504329
1666989778.518678,20696.85,20705.02,10.95523273,29.29,69.12504329
1666989788.4076831,20696.85,20705.02,10.95523273,29.29,69.12504329
1666989798.3927004,20706.99,20706.99,12.55468556,47.56,69.67702854
1666989808.73371,20706.99,20706.99,12.55468556,47.56,69.67702854
1666989818.7930143,20706.99,20706.99,12.55468556,47.56,69.67702854
1666989829.0008411,20706.99,20715.77,13.25508442,56.34,72.07338993
1666989838.7754498,20706.99,20715.77,13.25508442,56.34,72.07338993
1666989848.746599,20706.99,20715.77,13.25508442,56.34,72.07338993
1666989858.8671143,20716.64,20716.64,14.90576879,53.97,72.29037802
1666989868.7840283,20716.64,20716.64,14.90576879,53.97,72.29037802
1666989878.774195,20716.64,20716.64,14.90576879,53.97,72.29037802
1666989888.8695772,20716.64,20721.26,15.2743158,58.59,73.46927068
1666989898.7896693,20716.64,20721.26,15.2743158,58.59,73.46927068
1666989908.7347596,20716.64,20721.26,15.2743158,58.59,73.46927068
1666989918.8067849,20720.34,20720.34,16.4417931,57.83,73.25996424
1666989928.7785628,20720.34,20720.34,16.4417931,57.83,73.25996424
1666989938.958412,20720.34,20720.34,16.4417931,57.83,73.25996424
1666989948.8319218,20720.34,20710.06,15.62173612,47.55,66.70938054
1666989958.78721,20720.34,20710.06,15.62173612,47.55,66.70938054
1666989968.8184545,20720.34,20710.06,15.62173612,47.55,66.70938054
1666989978.7983267,20708.44,20708.44,15.60127287,53.21,65.72805962
1666989989.6593227,20708.44,20708.44,15.60127287,53.21,65.72805962
1666989999.675537,20708.44,20708.44,15.60127287,53.21,65.72805962
1666990009.68827,20708.44,20720.3,16.54736974,65.07,69.28979185
1666990019.7238848,20708.44,20720.3,16.54736974,65.07,69.28979185
1666990029.7402978,20708.44,20720.3,16.54736974,65.07,69.28979185
1666990039.746958,20712.78,20712.78,16.12221052,50.74,67.12337005
1666990049.8729568,20712.78,20712.78,16.12221052,50.74,67.12337005
1666990059.6770802,20712.78,20712.78,16.12221052,50.74,67.12337005
1666990069.715093,20712.78,20706.32,15.60688288,44.28,63.01114397
1666990079.7201,20712.78,20706.32,15.60688288,44.28,63.01114397
1666990089.716171,20712.78,20706.32,15.60688288,44.28,63.01114397
1666990099.7449448,20694.95,20694.95,13.49760359,20.27,56.79634105
1666990109.682165,20694.95,20694.95,13.49760359,20.27,56.79634105
1666990119.7357469,20694.95,20694.95,13.49760359,20.27,56.79634105
1666990129.7178123,20694.95,20681.28,12.40711926,6.6,50.53983995
1666990139.7538075,20694.95,20681.28,12.40711926,6.6,50.53983995
1666990149.7539763,20694.95,20681.28,12.40711926,6.6,50.53983995
1666990160.0577357,20674.1,20674.1,9.33825051,3.32,47.91158303
1666990170.275564,20674.1,20674.1,9.33825051,3.32,47.91158303
1666990180.3248284,20674.1,20674.1,9.33825051,3.32,47.91158303
1666990190.2891483,20674.1,20659.36,8.16241006,-11.42,42.57542552
1666990200.296992,20674.1,20659.36,8.16241006,-11.42,42.57542552
1666990210.3136823,20674.1,20659.36,8.16241006,-11.42,42.57542552
1666990220.310062,20662.48,20662.48,5.81043516,-16.95,43.58603572
1666990230.3372538,20662.48,20662.48,5.81043516,-16.95,43.58603572
1666990240.4601512,20662.48,20669.29,6.35368302,-10.14,46.56735542
1666990250.3293009,20662.48,20669.29,6.35368302,-10.14,46.56735542
1666990260.2903457,20662.48,20669.29,6.35368302,-10.14,46.56735542
1666990270.2855718,20662.48,20669.29,6.35368302,-10.14,46.56735542
1666990280.3573244,20660.03,20660.03,3.36016748,-38.16,42.72833297
1666990290.3246217,20660.03,20660.03,3.36016748,-38.16,42.72833297
1666990300.3839304,20660.03,20665.29,3.77976862,-32.9,45.22069042
1666990310.3457656,20660.03,20665.29,3.77976862,-32.9,45.22069042
1666990320.6220002,20660.03,20665.29,3.77976862,-32.9,45.22069042
1666990330.3634973,20664.0,20664.0,2.08691903,-42.99,44.64683171
1666990340.3280118,20664.0,20664.0,2.08691903,-42.99,44.64683171
1666990350.7645648,20664.0,20664.0,2.08691903,-42.99,44.64683171
1666990360.7521324,20664.0,20661.53,1.88988199,-45.46,43.62165267
1666990370.722608,20664.0,20661.53,1.88988199,-45.46,43.62165267
1666990380.771428,20664.0,20661.53,1.88988199,-45.46,43.62165267
1666990390.7338374,20648.89,20648.89,-1.35381913,-67.75,39.43672296
1666990400.8747382,20648.89,20648.89,-1.35381913,-67.75,39.43672296
1666990410.7185383,20648.89,20648.89,-1.35381913,-67.75,39.43672296
1666990420.7404108,20648.89,20648.89,-1.35381913,-67.75,39.43672296
1666990430.757542,20648.89,20637.52,-2.26082767,-79.12,35.74633491
1666990440.7399526,20648.89,20637.52,-2.26082767,-79.12,35.74633491
1666990450.8024888,20640.52,20640.52,-4.20671325,-78.91,36.60719546
1666990460.7347922,20640.52,20640.52,-4.20671325,-78.91,36.60719546
1666990470.7815175,20640.52,20640.52,-4.20671325,-78.91,36.60719546
1666990480.7904916,20640.52,20640.52,-4.20671325,-78.91,36.60719546
1666990490.7791965,20640.52,20640.82,-4.18278162,-78.61,36.7711793
1666990500.7960553,20640.52,20640.82,-4.18278162,-78.61,36.7711793
1666990510.7206998,20648.68,20648.68,-4.71730828,-59.76,40.78444732
1666990520.7793016,20648.68,20648.68,-4.71730828,-59.76,40.78444732
1666990531.533739,20648.68,20648.68,-4.71730828,-59.76,40.78444732
1666990541.566278,20648.68,20649.83,-4.62557039,-58.61,41.37079748
1666990551.508323,20648.68,20649.83,-4.62557039,-58.61,41.37079748
1666990561.56978,20648.68,20649.83,-4.62557039,-58.61,41.37079748
1666990571.5635033,20648.33,20648.33,-5.58918664,-64.45,40.67809273
1666990581.5742064,20648.33,20648.33,-5.58918664,-64.45,40.67809273
1666990591.7079265,20648.33,20648.33,-5.58918664,-64.45,40.67809273
1666990601.559423,20648.33,20638.97,-6.33585331,-73.81,37.42024891
1666990611.5910494,20648.33,20638.97,-6.33585331,-73.81,37.42024891
1666990621.5696857,20648.33,20638.97,-6.33585331,-73.81,37.42024891
1666990631.5895028,20648.15,20648.15,-6.24653293,-45.87,40.61010128
1666990641.6060586,20648.15,20648.15,-6.24653293,-45.87,40.61010128
1666990651.5654695,20648.15,20648.15,-6.24653293,-45.87,40.61010128
1666990661.597734,20648.15,20645.65,-6.44596313,-48.37,39.61959784
1666990671.563715,20648.15,20645.65,-6.44596313,-48.37,39.61959784
1666990681.559286,20648.15,20645.65,-6.44596313,-48.37,39.61959784
1666990691.5639958,20641.93,20641.93,-7.55838704,-29.34,38.23203624
1666990701.6125517,20641.93,20641.93,-7.55838704,-29.34,38.23203624
1666990712.1118386,20641.93,20641.93,-7.55838704,-29.34,38.23203624
1666990722.029076,20641.93,20641.7,-7.57673462,-29.57,38.14308998
1666990732.0522716,20641.93,20641.7,-7.57673462,-29.57,38.14308998
1666990742.0306714,20641.93,20641.7,-7.57673462,-29.57,38.14308998
1666990752.2218142,20640.22,20640.22,-8.35304052,-22.26,37.58049404
1666990762.065622,20640.22,20640.22,-8.35304052,-22.26,37.58049404
1666990772.0889647,20640.22,20640.22,-8.35304052,-22.26,37.58049404
1666990782.018328,20640.22,20631.39,-9.05742798,-31.09,34.32734054
1666990792.0338168,20640.22,20631.39,-9.05742798,-31.09,34.32734054
1666990802.0553722,20640.22,20631.39,-9.05742798,-31.09,34.32734054
1666990812.0443902,20630.7,20630.7,-10.16491459,-29.33,34.35850165
1666990822.015205,20630.7,20630.7,-10.16491459,-29.33,34.35850165
1666990832.059427,20630.7,20630.7,-10.16491459,-29.33,34.35850165
1666990842.0308828,20630.7,20627.21,-10.44331915,-32.82,32.91046384
1666990852.090887,20630.7,20627.21,-10.44331915,-32.82,32.91046384
1666990862.0445192,20630.7,20627.21,-10.44331915,-32.82,32.91046384
1666990872.3532047,20628.42,20628.42,-11.14969625,-35.1,33.31853049
1666990882.288961,20628.42,20628.42,-11.14969625,-35.1,33.31853049
1666990892.6812634,20628.42,20628.42,-11.14969625,-35.1,33.31853049
1666990902.6991603,20628.42,20637.37,-10.43573613,-26.15,39.31255234
1666990912.6048934,20628.42,20637.37,-10.43573613,-26.15,39.31255234
1666990922.6907885,20628.42,20637.37,-10.43573613,-26.15,39.31255234
1666990932.667348,20642.23,20642.23,-9.69947194,-5.6,42.13696161
1666990942.9239976,20642.23,20642.23,-9.69947194,-5.6,42.13696161
1666990952.6526475,20642.23,20642.23,-9.69947194,-5.6,42.13696161
1666990962.6350858,20642.23,20654.52,-8.71907308,6.69,48.64582037
1666990972.6562183,20642.23,20654.52,-8.71907308,6.69,48.64582037
1666990982.711287,20642.23,20654.52,-8.71907308,6.69,48.64582037
1666990992.691027,20642.72,20642.72,-9.24657141,2.2,42.42788952
1666991002.7058842,20642.72,20642.72,-9.24657141,2.2,42.42788952
1666991012.6928954,20642.72,20642.72,-9.24657141,2.2,42.42788952
1666991022.6834826,20642.72,20649.67,-8.69215545,9.15,46.53404071
1666991032.6685505,20642.72,20649.67,-8.69215545,9.15,46.53404071
1666991042.6948552,20642.72,20649.67,-8.69215545,9.15,46.53404071
1666991052.701716,20655.6,20655.6,-6.99623666,6.92,49.60104382
1666991062.7344804,20655.6,20655.6,-6.99623666,6.92,49.60104382
1666991073.2192996,20655.6,20655.6,-6.99623666,6.92,49.60104382
1666991083.2615075,20655.6,20655.6,-6.99623666,6.92,49.60104382
1666991093.273242,20655.6,20657.23,-6.86620817,8.55,50.44256161
1666991103.4516003,20655.6,20657.23,-6.86620817,8.55,50.44256161
1666991113.3154128,20655.35,20655.35,-5.99375878,6.47,49.47219868
1666991123.2727563,20655.35,20655.35,-5.99375878,6.47,49.47219868
1666991133.29423,20655.35,20655.35,-5.99375878,6.47,49.47219868
1666991143.2926283,20655.35,20652.7,-6.20515479,3.82,48.04745039
1666991153.275433,20655.35,20652.7,-6.20515479,3.82,48.04745039
1666991163.2790864,20655.35,20652.7,-6.20515479,3.82,48.04745039
1666991173.3427322,20653.32,20653.32,-5.36888029,5.17,48.34530857
1666991183.3125262,20653.32,20653.32,-5.36888029,5.17,48.34530857
1666991193.3140702,20653.32,20653.32,-5.36888029,5.17,48.34530857
1666991203.3277075,20653.32,20658.23,-4.97719938,10.08,51.18698702
1666991213.2874186,20653.32,20658.23,-4.97719938,10.08,51.18698702
1666991223.2660892,20653.32,20658.23,-4.97719938,10.08,51.18698702
1666991233.2978144,20653.32,20658.23,-4.97719938,10.08,51.18698702
1666991243.266293,20657.49,20657.49,-4.14488841,15.56,50.77514787
1666991254.040566,20657.49,20657.49,-4.14488841,15.56,50.77514787
1666991264.06337,20657.49,20659.81,-3.95981718,17.88,52.13853428
1666991274.125233,20657.49,20659.81,-3.95981718,17.88,52.13853428
1666991284.0979793,20657.49,20659.81,-3.95981718,17.88,52.13853428
1666991294.206943,20657.43,20657.43,-3.3708356,17.21,50.69978562
1666991304.128897,20657.43,20657.43,-3.3708356,17.21,50.69978562
1666991314.127263,20657.43,20657.43,-3.3708356,17.21,50.69978562
1666991324.0819054,20657.43,20655.0,-3.56468175,14.78,49.14338471
1666991334.1294165,20657.43,20655.0,-3.56468175,14.78,49.14338471
1666991344.0741327,20657.43,20655.0,-3.56468175,14.78,49.14338471
1666991354.0968063,20655.98,20655.98,-3.01458346,26.02,49.80350564
1666991364.135104,20655.98,20655.98,-3.01458346,26.02,49.80350564
1666991374.107909,20655.98,20655.98,-3.01458346,26.02,49.80350564
1666991384.1532128,20655.98,20653.88,-3.18210482,23.92,48.39792912
1666991394.1028194,20655.98,20653.88,-3.18210482,23.92,48.39792912
1666991404.135791,20655.98,20653.88,-3.18210482,23.92,48.39792912
1666991414.1262045,20653.67,20653.67,-2.827286,25.25,48.214564
1666991424.1507342,20653.67,20653.67,-2.827286,25.25,48.214564
1666991434.7587075,20653.67,20653.67,-2.827286,25.25,48.214564
1666991444.7284117,20653.67,20646.64,-3.38808372,18.22,43.78952424
1666991455.010636,20653.67,20646.64,-3.38808372,18.22,43.78952424
1666991464.7658334,20653.67,20646.64,-3.38808372,18.22,43.78952424
1666991474.778174,20654.65,20654.65,-2.42541365,12.42,48.90410495
1666991484.6946466,20654.65,20654.65,-2.42541365,12.42,48.90410495
1666991494.7876928,20654.65,20654.65,-2.42541365,12.42,48.90410495
1666991504.768545,20654.65,20655.92,-2.32410311,13.69,49.90250419
1666991514.7507515,20654.65,20655.92,-2.32410311,13.69,49.90250419
1666991524.7741904,20654.65,20655.92,-2.32410311,13.69,49.90250419
1666991534.7555797,20656.61,20656.61,-1.85970452,13.89,50.4201352
1666991544.9372363,20656.61,20656.61,-1.85970452,13.89,50.4201352
1666991554.837464,20656.61,20656.61,-1.85970452,13.89,50.4201352
1666991564.8258069,20656.61,20656.17,-1.89480424,13.45,50.06037341
1666991574.8305378,20656.61,20656.17,-1.89480424,13.45,50.06037341
1666991584.7890542,20656.61,20656.17,-1.89480424,13.45,50.06037341
1666991594.8234158,20658.0,20658.0,-1.35651268,2.4,51.55349585
1666991604.7914083,20658.0,20658.0,-1.35651268,2.4,51.55349585
1666991615.6969235,20658.0,20658.0,-1.35651268,2.4,51.55349585
1666991625.3862338,20658.0,20660.48,-1.15867792,4.88,53.54163116
1666991635.600727,20658.0,20660.48,-1.15867792,4.88,53.54163116
1666991645.3656604,20658.0,20660.48,-1.15867792,4.88,53.54163116
1666991655.6740746,20662.32,20662.32,-0.39487879,6.97,54.91436956
1666991665.3954706,20662.32,20662.32,-0.39487879,6.97,54.91436956
1666991675.434641,20662.32,20662.32,-0.39487879,6.97,54.91436956
1666991685.3929694,20662.32,20661.45,-0.4642805,6.1,54.10039585
1666991695.4429677,20662.32,20661.45,-0.4642805,6.1,54.10039585
1666991705.4185922,20662.32,20661.45,-0.4642805,6.1,54.10039585
1666991715.4166384,20659.68,20659.68,-0.28077257,5.67,52.51645739
1666991725.4118094,20659.68,20659.68,-0.28077257,5.67,52.51645739
1666991735.4355392,20659.68,20659.68,-0.28077257,5.67,52.51645739
1666991745.4065702,20659.68,20661.31,-0.15074408,7.3,53.85565185
1666991755.3937576,20659.68,20661.31,-0.15074408,7.3,53.85565185
1666991765.6537845,20659.68,20661.31,-0.15074408,7.3,53.85565185
1666991775.6122162,20659.68,20661.31,-0.15074408,7.3,53.85565185
1666991785.4643233,20658.59,20658.59,-0.17663487,1.1,51.51719061
1666991796.018876,20658.59,20658.59,-0.17663487,1.1,51.51719061
1666991806.04293,20658.59,20651.97,-0.70472604,-5.52,45.81090993
1666991816.001068,20658.59,20651.97,-0.70472604,-5.52,45.81090993
1666991825.997336,20658.59,20651.97,-0.70472604,-5.52,45.81090993
1666991835.9809787,20652.46,20652.46,-0.89146019,-5.57,46.18959942
1666991846.0449035,20652.46,20652.46,-0.89146019,-5.57,46.18959942
1666991856.0090914,20652.46,20652.46,-0.89146019,-5.57,46.18959942
1666991866.0276132,20652.46,20648.37,-1.217728,-9.66,42.99480976
1666991876.3479793,20652.46,20648.37,-1.217728,-9.66,42.99480976
1666991886.0477145,20652.46,20648.37,-1.217728,-9.66,42.99480976
1666991896.0598,20647.99,20647.99,-1.69011786,-7.18,42.7202781
1666991906.0647032,20647.99,20647.99,-1.69011786,-7.18,42.7202781
1666991916.0371518,20647.99,20647.99,-1.69011786,-7.18,42.7202781
1666991926.0110357,20647.99,20646.01,-1.84806658,-9.16,41.24257084
1666991936.4232666,20647.99,20646.01,-1.84806658,-9.16,41.24257084
1666991946.0500212,20647.99,20646.01,-1.84806658,-9.16,41.24257084
1666991956.0133567,20641.71,20641.71,-2.9055858,-12.92,38.36543899
1666991966.061437,20641.71,20641.71,-2.9055858,-12.92,38.36543899
1666991976.4789722,20641.71,20641.71,-2.9055858,-12.92,38.36543899
1666991986.4469447,20641.71,20647.11,-2.47481657,-7.52,43.6851372
1666991996.494387,20641.71,20647.11,-2.47481657,-7.52,43.6851372
1666992006.4626143,20641.71,20647.11,-2.47481657,-7.52,43.6851372
1666992016.4501145,20648.0,20648.0,-2.54308745,-6.65,44.47566563
1666992026.4395795,20648.0,20648.0,-2.54308745,-6.65,44.47566563
1666992036.4537349,20648.0,20648.0,-2.54308745,-6.65,44.47566563
1666992046.442065,20648.0,20648.98,-2.46491082,-5.67,45.38402914
1666992056.51814,20648.0,20648.98,-2.46491082,-5.67,45.38402914
1666992066.4921129,20648.0,20648.98,-2.46491082,-5.67,45.38402914
1666992076.651885,20646.3,20646.3,-2.86291077,-10.43,43.22624046
1666992086.4970863,20646.3,20646.3,-2.86291077,-10.43,43.22624046
1666992096.6442957,20646.3,20646.3,-2.86291077,-10.43,43.22624046
1666992106.5260658,20646.3,20644.85,-2.97858028,-11.88,42.14042432
1666992116.4729636,20646.3,20644.85,-2.97858028,-11.88,42.14042432
1666992126.472487,20646.3,20644.85,-2.97858028,-11.88,42.14042432
1666992136.4972787,20645.83,20645.83,-3.09771323,-11.72,43.16086204
1666992146.5115564,20645.83,20645.83,-3.09771323,-11.72,43.16086204
1666992157.2764766,20645.83,20645.83,-3.09771323,-11.72,43.16086204
1666992167.286737,20645.83,20642.68,-3.34899528,-14.87,40.49767168
1666992177.304623,20645.83,20642.68,-3.34899528,-14.87,40.49767168
1666992187.3354704,20645.83,20642.68,-3.34899528,-14.87,40.49767168
1666992197.312105,20630.26,20630.26,-5.32232731,-32.06,33.09894636
1666992207.3291335,20630.26,20630.26,-5.32232731,-32.06,33.09894636
1666992217.267875,20630.26,20630.26,-5.32232731,-32.06,33.09894636
1666992227.3536868,20630.26,20631.0,-5.26329597,-31.32,33.55305929
1666992237.2720733,20630.26,20631.0,-5.26329597,-31.32,33.55305929
1666992247.3212447,20630.26,20631.0,-5.26329597,-31.32,33.55305929
1666992257.7664893,20631.37,20631.37,-5.95089563,-28.3,34.05129207
1666992267.328616,20631.37,20631.37,-5.95089563,-28.3,34.05129207
1666992277.330793,20631.37,20631.37,-5.95089563,-28.3,34.05129207
1666992287.3514204,20631.37,20627.21,-6.28274748,-32.46,31.44971146
1666992297.3393793,20631.37,20627.21,-6.28274748,-32.46,31.44971146
1666992307.3552432,20631.37,20627.21,-6.28274748,-32.46,31.44971146
1666992317.5109923,20627.46,20627.46,-6.95952429,-31.13,31.57718677
1666992327.34076,20627.46,20627.46,-6.95952429,-31.13,31.57718677
1666992338.166027,20627.46,20627.46,-6.95952429,-31.13,31.57718677
1666992348.1918523,20627.46,20626.73,-7.01775791,-31.86,31.17976668
1666992358.1640034,20627.46,20626.73,-7.01775791,-31.86,31.17976668
1666992368.2103837,20627.46,20626.73,-7.01775791,-31.86,31.17976668
1666992378.171996,20625.3,20625.3,-7.70863112,-27.16,30.41498736
1666992388.1593103,20625.3,20625.3,-7.70863112,-27.16,30.41498736
1666992398.202102,20625.3,20625.3,-7.70863112,-27.16,30.41498736
1666992408.1884902,20625.3,20627.31,-7.54828924,-25.15,32.63461741
1666992418.2720735,20625.3,20627.31,-7.54828924,-25.15,32.63461741
1666992428.2078536,20625.3,20627.31,-7.54828924,-25.15,32.63461741
1666992438.1865478,20627.11,20627.11,-7.83317538,-20.88,32.45892377
1666992448.2368336,20627.11,20627.11,-7.83317538,-20.88,32.45892377
1666992458.3069017,20627.11,20627.11,-7.83317538,-20.88,32.45892377
1666992468.2298565,20627.11,20627.32,-7.81642324,-20.67,32.65571156
1666992478.2191403,20627.11,20627.32,-7.81642324,-20.67,32.65571156
1666992488.218793,20627.11,20627.32,-7.81642324,-20.67,32.65571156
1666992498.2300687,20626.27,20626.27,-8.05312958,-15.43,31.9272574
1666992508.202603,20626.27,20626.27,-8.05312958,-15.43,31.9272574
1666992518.864768,20626.27,20626.27,-8.05312958,-15.43,31.9272574
1666992528.9072442,20626.27,20624.7,-8.17837174,-17.0,30.94649042
1666992538.8759866,20626.27,20624.7,-8.17837174,-17.0,30.94649042
1666992548.881395,20626.27,20624.7,-8.17837174,-17.0,30.94649042
1666992558.864588,20623.93,20623.93,-8.48258652,-24.06,31.06957423
1666992568.915881,20623.93,20623.93,-8.48258652,-24.06,31.06957423
1666992578.88012,20623.93,20623.93,-8.48258652,-24.06,31.06957423
1666992588.896246,20623.93,20624.98,-8.39882584,-23.01,32.50070826
1666992598.9232397,20623.93,20624.98,-8.39882584,-23.01,32.50070826
1666992609.008881,20623.93,20624.98,-8.39882584,-23.01,32.50070826
1666992618.9190686,20623.97,20623.97,-8.52735093,-22.33,31.12627356
1666992628.8974953,20623.97,20623.97,-8.52735093,-22.33,31.12627356
1666992638.8850558,20623.97,20623.97,-8.52735093,-22.33,31.12627356
1666992648.948974,20623.97,20619.86,-8.85521418,-26.44,28.56596312
1666992658.9237678,20623.97,20619.86,-8.85521418,-26.44,28.56596312
1666992669.1545856,20623.97,20619.86,-8.85521418,-26.44,28.56596312
1666992678.898292,20618.74,20618.74,-9.20644577,-26.17,27.9414929
1666992688.8667114,20618.74,20618.74,-9.20644577,-26.17,27.9414929
1666992699.5072868,20618.74,20618.74,-9.20644577,-26.17,27.9414929
1666992709.5124907,20618.74,20614.0,-9.58456543,-30.91,25.40981012
1666992719.5194402,20618.74,20614.0,-9.58456543,-30.91,25.40981012
1666992729.5208187,20618.74,20614.0,-9.58456543,-30.91,25.40981012
1666992739.5169868,20611.76,20611.76,-10.34454124,-19.12,25.20838192
1666992749.4880917,20611.76,20611.76,-10.34454124,-19.12,25.20838192
1666992759.5329623,20611.76,20611.76,-10.34454124,-19.12,25.20838192
1666992769.462067,20611.76,20607.57,-10.67878626,-23.31,22.52938312
1666992779.5194235,20611.76,20607.57,-10.67878626,-23.31,22.52938312
1666992789.5067992,20611.76,20607.57,-10.67878626,-23.31,22.52938312
1666992799.7184868,20605.03,20605.03,-11.58157348,-25.73,21.53118762
1666992809.494846,20605.03,20605.03,-11.58157348,-25.73,21.53118762
1666992819.4803495,20605.03,20605.03,-11.58157348,-25.73,21.53118762
1666992829.5665803,20605.03,20600.0,-11.98282705,-30.76,19.67234982
1666992839.5447764,20605.03,20600.0,-11.98282705,-30.76,19.67234982
1666992849.5748615,20605.03,20600.0,-11.98282705,-30.76,19.67234982
1666992859.573628,20595.76,20595.76,-13.30796733,-31.7,18.33762066
1666992869.7655952,20595.76,20595.76,-13.30796733,-31.7,18.33762066
1666992880.07924,20595.76,20595.76,-13.30796733,-31.7,18.33762066
1666992890.130343,20595.76,20603.46,-12.69372232,-24.0,27.89593837
1666992900.2819445,20595.76,20603.46,-12.69372232,-24.0,27.89593837
1666992910.2062666,20595.76,20603.46,-12.69372232,-24.0,27.89593837
1666992920.1187265,20609.14,20609.14,-12.03872195,-16.53,33.63199454
1666992930.1288068,20609.14,20609.14,-12.03872195,-16.53,33.63199454
1666992940.0743234,20609.14,20609.14,-12.03872195,-16.53,33.63199454
1666992950.1376066,20609.14,20618.99,-11.25296696,-6.68,42.21675484
1666992960.2156136,20609.14,20618.99,-11.25296696,-6.68,42.21675484
1666992970.176497,20609.14,20618.99,-11.25296696,-6.68,42.21675484
1666992980.1269689,20621.34,20621.34,-10.01872636,-5.88,43.94658365
1666992990.3283937,20621.34,20621.34,-10.01872636,-5.88,43.94658365
1666993000.1651962,20621.34,20621.34,-10.01872636,-5.88,43.94658365
1666993010.1734507,20621.34,20626.44,-9.61188876,-0.78,47.61197397
1666993020.1853862,20621.34,20626.44,-9.61188876,-0.78,47.61197397
1666993030.1775324,20621.34,20626.44,-9.61188876,-0.78,47.61197397
1666993040.1741517,20625.99,20625.99,-8.46897493,-0.72,47.34347206
1666993050.2383168,20625.99,20625.99,-8.46897493,-0.72,47.34347206
1666993060.8769703,20625.99,20628.19,-8.29347636,1.48,48.90361954
1666993070.9422944,20625.99,20628.19,-8.29347636,1.48,48.90361954
1666993080.9221327,20625.99,20628.19,-8.29347636,1.48,48.90361954
1666993090.9404647,20629.19,20629.19,-6.91399894,5.96,49.557341
1666993100.886107,20629.19,20629.19,-6.91399894,5.96,49.557341
1666993110.970661,20629.19,20629.19,-6.91399894,5.96,49.557341
1666993120.9078596,20629.19,20623.3,-7.38385649,0.07,45.76754021
1666993130.9552104,20629.19,20623.3,-7.38385649,0.07,45.76754021
1666993140.9152043,20629.19,20623.3,-7.38385649,0.07,45.76754021
1666993151.100502,20629.19,20623.3,-7.38385649,0.07,45.76754021
1666993160.9435425,20622.64,20622.64,-6.85491312,-1.32,45.57340738
1666993170.905341,20622.64,20622.64,-6.85491312,-1.32,45.57340738
1666993180.9444413,20622.64,20615.46,-7.42767665,-8.5,41.31377765
1666993190.9326026,20622.64,20615.46,-7.42767665,-8.5,41.31377765
1666993200.9335952,20622.64,20615.46,-7.42767665,-8.5,41.31377765
1666993210.9365427,20617.16,20617.16,-7.07749705,-1.58,42.44151659
1666993220.9208376,20617.16,20617.16,-7.07749705,-1.58,42.44151659
1666993230.9654815,20617.16,20617.16,-7.07749705,-1.58,42.44151659
1666993241.520929,20617.16,20612.08,-7.48273922,-6.66,39.46904083
1666993251.5118494,20617.16,20612.08,-7.48273922,-6.66,39.46904083
1666993261.5930903,20617.16,20612.08,-7.48273922,-6.66,39.46904083
1666993271.6097145,20615.96,20615.96,-6.94336915,5.03,41.56316178
1666993281.6075325,20615.96,20615.96,-6.94336915,5.03,41.56316178
1666993291.5372868,20615.96,20615.96,-6.94336915,5.03,41.56316178
1666993301.54853,20615.96,20615.83,-6.95373952,4.9,41.48374369
1666993311.661413,20615.96,20615.83,-6.95373952,4.9,41.48374369
1666993321.8762498,20615.96,20615.83,-6.95373952,4.9,41.48374369
1666993331.5926645,20612.97,20612.97,-7.10683092,7.94,39.81023383
1666993341.581601,20612.97,20612.97,-7.10683092,7.94,39.81023383
1666993351.60659,20612.97,20612.97,-7.10683092,7.94,39.81023383
1666993361.5786576,20612.97,20612.53,-7.14193064,7.5,39.54591792
1666993371.6256752,20612.97,20612.53,-7.14193064,7.5,39.54591792
1666993381.6320446,20612.97,20612.53,-7.14193064,7.5,39.54591792
1666993391.6160908,20612.97,20612.53,-7.14193064,7.5,39.54591792
1666993401.5754244,20613.28,20613.28,-6.92321388,17.51,40.09234029
1666993411.6018622,20613.28,20613.28,-6.92321388,17.51,40.09234029
1666993422.2833712,20613.28,20606.67,-7.45050733,10.9,36.1966599
1666993432.5784905,20613.28,20606.67,-7.45050733,10.9,36.1966599
1666993442.242082,20613.28,20606.67,-7.45050733,10.9,36.1966599
1666993452.3359823,20608.45,20608.45,-7.40261302,-0.69,37.16923714
1666993462.2974758,20608.45,20608.45,-7.40261302,-0.69,37.16923714
1666993472.2900012,20608.45,20608.45,-7.40261302,-0.69,37.16923714
1666993482.3305278,20608.45,20599.54,-8.11338225,-9.6,32.46666308
1666993492.280521,20608.45,20599.54,-8.11338225,-9.6,32.46666308
1666993502.4369984,20608.45,20599.54,-8.11338225,-9.6,32.46666308
1666993512.2983289,20608.45,20599.54,-8.11338225,-9.6,32.46666308
1666993522.3073664,20590.0,20590.0,-9.94530027,-31.34,28.5688508
1666993532.3491187,20590.0,20590.0,-9.94530027,-31.34,28.5688508
1666993542.3060062,20590.0,20600.67,-9.09413218,-20.67,37.27035771
1666993552.336949,20590.0,20600.67,-9.09413218,-20.67,37.27035771
1666993562.344291,20590.0,20600.67,-9.09413218,-20.67,37.27035771
1666993572.330543,20604.8,20604.8,-8.63444148,-20.51,40.23673589
1666993582.3485038,20604.8,20604.8,-8.63444148,-20.51,40.23673589
1666993592.3282895,20604.8,20604.8,-8.63444148,-20.51,40.23673589
1666993603.285454,20604.8,20601.51,-8.89689162,-23.8,38.6680482
1666993613.1734672,20604.8,20601.51,-8.89689162,-23.8,38.6680482
1666993623.1351347,20604.8,20601.51,-8.89689162,-23.8,38.6680482
1666993633.1697302,20594.72,20594.72,-9.85894355,-35.12,35.78845848
1666993643.1774008,20594.72,20594.72,-9.85894355,-35.12,35.78845848
1666993653.1828752,20594.72,20594.72,-9.85894355,-35.12,35.78845848
1666993663.1439786,20594.72,20593.48,-9.95786093,-36.36,35.27187149
1666993673.1405027,20594.72,20593.48,-9.95786093,-36.36,35.27187149
1666993683.1858027,20594.72,20593.48,-9.95786093,-36.36,35.27187149
1666993693.3269725,20593.15,20593.15,-10.35579784,-28.33,35.50693227
1666993703.1883583,20593.15,20593.15,-10.35579784,-28.33,35.50693227
1666993713.1416192,20593.15,20593.15,-10.35579784,-28.33,35.50693227
1666993723.2213385,20593.15,20594.1,-10.28001436,-27.38,36.24654306
1666993733.1666875,20593.15,20594.1,-10.28001436,-27.38,36.24654306
1666993743.217081,20593.15,20594.1,-10.28001436,-27.38,36.24654306
1666993753.1906192,20590.54,20590.54,-10.83913872,-25.74,34.05544458
1666993763.1587155,20590.54,20590.54,-10.83913872,-25.74,34.05544458
1666993773.244936,20590.54,20590.54,-10.83913872,-25.74,34.05544458
1666993783.8627772,20590.54,20582.9,-11.44859741,-33.38,30.97114328
1666993793.88704,20590.54,20582.9,-11.44859741,-33.38,30.97114328
1666993803.864561,20590.54,20582.9,-11.44859741,-33.38,30.97114328
1666993813.8891802,20583.34,20583.34,-11.9489879,-32.62,31.13353279
1666993823.888841,20583.34,20583.34,-11.9489879,-32.62,31.13353279
1666993833.8449447,20583.34,20583.34,-11.9489879,-32.62,31.13353279
1666993843.9105597,20583.34,20590.25,-11.39776283,-25.71,36.74297341
1666993854.0351467,20583.34,20590.25,-11.39776283,-25.71,36.74297341
1666993863.825592,20583.34,20590.25,-11.39776283,-25.71,36.74297341
1666993874.0405314,20589.35,20589.35,-11.43142856,-23.62,36.1109377
1666993883.8921697,20589.35,20589.35,-11.43142856,-23.62,36.1109377
1666993893.8998165,20589.35,20589.35,-11.43142856,-23.62,36.1109377
1666993903.8580928,20589.35,20589.63,-11.40909238,-23.34,36.33947882
1666993913.8797357,20589.35,20589.63,-11.40909238,-23.34,36.33947882
1666993923.852297,20589.35,20589.63,-11.40909238,-23.34,36.33947882
1666993933.8944094,20589.35,20589.63,-11.40909238,-23.34,36.33947882
1666993943.882672,20581.46,20581.46,-12.30523104,-31.82,32.45563684
1666993953.8908808,20581.46,20581.46,-12.30523104,-31.82,32.45563684
1666993964.6148777,20581.46,20581.46,-12.30523104,-31.82,32.45563684
1666993974.6107943,20581.46,20578.59,-12.53417691,-34.69,31.3083549
1666993984.5830977,20581.46,20578.59,-12.53417691,-34.69,31.3083549
1666993994.6515627,20575.37,20575.37,-13.2548071,-33.08,30.15673402
1666994004.6353388,20575.37,20575.37,-13.2548071,-33.08,30.15673402
1666994014.8697896,20575.37,20575.37,-13.2548071,-33.08,30.15673402
1666994024.685462,20575.37,20572.2,-13.5076846,-36.25,28.94547754
1666994034.6692162,20575.37,20572.2,-13.5076846,-36.25,28.94547754
1666994044.657882,20575.37,20572.2,-13.5076846,-36.25,28.94547754
1666994054.6569915,20575.37,20572.2,-13.5076846,-36.25,28.94547754
1666994064.6564784,20568.94,20568.94,-14.37106395,-21.95,27.83277916
1666994074.672932,20568.94,20568.94,-14.37106395,-21.95,27.83277916
1666994084.697688,20568.94,20571.64,-14.15567934,-19.25,30.22513931
1666994094.7071629,20568.94,20571.64,-14.15567934,-19.25,30.22513931
1666994104.7016242,20568.94,20571.64,-14.15567934,-19.25,30.22513931
1666994114.6760228,20566.4,20566.4,-15.03904034,-38.4,26.96308392
1666994124.6753058,20566.4,20566.4,-15.03904034,-38.4,26.96308392
1666994134.687979,20566.4,20566.4,-15.03904034,-38.4,26.96308392
1666994145.2913525,20566.4,20592.11,-12.98810017,-12.69,45.51983624
1666994155.3001168,20566.4,20592.11,-12.98810017,-12.69,45.51983624
1666994165.2144055,20566.4,20592.11,-12.98810017,-12.69,45.51983624
1666994175.503661,20590.63,20590.63,-11.76084396,-4.09,44.76406044
1666994185.3112056,20590.63,20590.63,-11.76084396,-4.09,44.76406044
1666994195.3007138,20590.63,20590.63,-11.76084396,-4.09,44.76406044
1666994205.4786634,20590.63,20587.6,-12.00255336,-7.12,43.36670187
1666994215.27385,20590.63,20587.6,-12.00255336,-7.12,43.36670187
1666994225.3287716,20590.63,20587.6,-12.00255336,-7.12,43.36670187
1666994235.307727,20584.06,20584.06,-11.51577573,-8.15,41.82380934
1666994245.2794244,20584.06,20584.06,-11.51577573,-8.15,41.82380934
1666994255.3030562,20584.06,20584.06,-11.51577573,-8.15,41.82380934
1666994265.2582247,20584.06,20587.0,-11.28124582,-5.21,43.5269366
1666994275.3107066,20584.06,20587.0,-11.28124582,-5.21,43.5269366
1666994285.2503223,20584.06,20587.0,-11.28124582,-5.21,43.5269366
1666994295.2773578,20586.07,20586.07,-10.53090126,-4.47,42.97062314
1666994305.2738645,20586.07,20586.07,-10.53090126,-4.47,42.97062314
1666994315.3307042,20586.07,20586.07,-10.53090126,-4.47,42.97062314
1666994326.0146773,20586.07,20592.09,-10.05067334,1.55,46.63525924
1666994336.1869605,20586.07,20592.09,-10.05067334,1.55,46.63525924
1666994346.0257485,20586.07,20592.09,-10.05067334,1.55,46.63525924
1666994355.984201,20593.6,20593.6,-8.72075497,10.26,47.49575229
1666994366.112816,20593.6,20593.6,-8.72075497,10.26,47.49575229
1666994376.2245378,20593.6,20593.6,-8.72075497,10.26,47.49575229
1666994385.9906416,20593.6,20595.79,-8.54605411,12.45,48.76478591
1666994396.0186365,20593.6,20595.79,-8.54605411,12.45,48.76478591
1666994405.9959314,20593.6,20595.79,-8.54605411,12.45,48.76478591
1666994416.0068364,20595.67,20595.67,-7.31311874,7.11,48.68731165
1666994425.9884875,20595.67,20595.67,-7.31311874,7.11,48.68731165
1666994436.001437,20595.67,20595.67,-7.31311874,7.11,48.68731165
1666994445.961994,20595.67,20605.42,-6.53534096,16.86,54.00400607
1666994456.0083134,20595.67,20605.42,-6.53534096,16.86,54.00400607
1666994466.0043666,20595.67,20605.42,-6.53534096,16.86,54.00400607
1666994476.0078883,20595.67,20605.42,-6.53534096,16.86,54.00400607
1666994486.0443504,20608.13,20608.13,-4.5430514,26.15,55.29665335
1666994496.0154188,20608.13,20608.13,-4.5430514,26.15,55.29665335
1666994506.3862567,20608.13,20608.19,-4.53826508,26.21,55.32658811
1666994516.433098,20608.13,20608.19,-4.53826508,26.21,55.32658811
1666994526.4229054,20608.13,20608.19,-4.53826508,26.21,55.32658811
1666994536.418841,20596.75,20596.75,-4.70844687,21.46,49.06135521
1666994546.4188614,20596.75,20596.75,-4.70844687,21.46,49.06135521
1666994556.454648,20596.75,20596.75,-4.70844687,21.46,49.06135521
1666994566.4583557,20596.75,20595.9,-4.77625313,20.61,48.62035595
1666994576.4387832,20596.75,20595.9,-4.77625313,20.61,48.62035595
1666994586.4848614,20596.75,20595.9,-4.77625313,20.61,48.62035595
1666994596.4933968,20606.79,20606.79,-2.52574103,37.85,53.75706631
1666994606.4741411,20606.79,20606.79,-2.52574103,37.85,53.75706631
1666994616.446072,20606.79,20606.79,-2.52574103,37.85,53.75706631
1666994626.4812088,20606.79,20602.66,-2.85519971,33.72,51.63216663
1666994636.4922583,20606.79,20602.66,-2.85519971,33.72,51.63216663
1666994646.5089414,20606.79,20602.66,-2.85519971,33.72,51.63216663
1666994656.4452505,20599.45,20599.45,-2.51605326,33.05,50.05491859
1666994666.4876895,20599.45,20599.45,-2.51605326,33.05,50.05491859
1666994676.4740536,20599.45,20599.45,-2.51605326,33.05,50.05491859
1666994687.0955095,20599.45,20612.65,-1.46306181,46.25,55.98804732
1666994697.142714,20599.45,20612.65,-1.46306181,46.25,55.98804732
1666994707.055103,20599.45,20612.65,-1.46306181,46.25,55.98804732
1666994717.124974,20609.68,20609.68,-0.7039864,18.3,54.8120486
1666994727.0934696,20609.68,20609.68,-0.7039864,18.3,54.8120486
1666994737.110096,20609.68,20609.68,-0.7039864,18.3,54.8120486
1666994747.251304,20609.68,20614.37,-0.32985535,22.99,56.82654302
1666994757.2644668,20609.68,20614.37,-0.32985535,22.99,56.82654302
1666994767.1344929,20609.68,20614.37,-0.32985535,22.99,56.82654302
1666994777.0767715,20612.72,20612.72,0.57724339,28.13,56.13862488
1666994787.11117,20612.72,20612.72,0.57724339,28.13,56.13862488
1666994797.1025906,20612.72,20612.72,0.57724339,28.13,56.13862488
1666994807.0989647,20612.72,20617.22,0.93621775,32.63,58.0995106
1666994817.1176376,20612.72,20617.22,0.93621775,32.63,58.0995106
1666994827.0845516,20612.72,20617.22,0.93621775,32.63,58.0995106
1666994837.1312227,20619.39,20619.39,2.30950575,33.32,58.992653
1666994847.128028,20619.39,20619.39,2.30950575,33.32,58.992653
1666994857.1618514,20619.39,20619.39,2.30950575,33.32,58.992653
1666994868.278858,20619.39,20615.77,2.02073082,29.7,56.87846424
1666994878.0076602,20619.39,20615.77,2.02073082,29.7,56.87846424
1666994887.9897733,20619.39,20615.77,2.02073082,29.7,56.87846424
1666994898.0575926,20616.73,20616.73,2.86560123,23.46,57.43802428
1666994908.0086973,20616.73,20616.73,2.86560123,23.46,57.43802428
1666994918.013084,20616.73,20616.73,2.86560123,23.46,57.43802428
1666994928.136483,20616.73,20608.5,2.20907701,15.23,52.65551339
1666994938.1976056,20616.73,20608.5,2.20907701,15.23,52.65551339
1666994948.034062,20616.73,20608.5,2.20907701,15.23,52.65551339
1666994958.019465,20611.22,20611.22,2.58945584,14.78,54.09321593
1666994968.0292828,20611.22,20611.22,2.58945584,14.78,54.09321593
1666994978.0427492,20611.22,20611.22,2.58945584,14.78,54.09321593
1666994988.006265,20611.22,20606.59,2.22011111,10.15,51.51767154
1666994998.0757887,20611.22,20606.59,2.22011111,10.15,51.51767154
1666995008.0644822,20611.22,20606.59,2.22011111,10.15,51.51767154
1666995018.088339,20607.08,20607.08,2.17022409,-1.05,51.78817973
1666995028.0762942,20607.08,20607.08,2.17022409,-1.05,51.78817973
1666995038.2575858,20607.08,20607.08,2.17022409,-1.05,51.78817973
1666995048.6749744,20607.08,20604.97,2.001905,-3.16,50.55712427
1666995058.5379694,20607.08,20604.97,2.001905,-3.16,50.55712427
1666995068.5457857,20607.08,20604.97,2.001905,-3.16,50.55712427
1666995078.5388355,20603.75,20603.75,1.53667973,7.0,49.92113535
1666995088.5146503,20603.75,20603.75,1.53667973,7.0,49.92113535
1666995098.547439,20603.75,20603.75,1.53667973,7.0,49.92113535
1666995108.5197756,20603.75,20611.12,2.12459996,14.37,53.88689271
1666995118.5736508,20603.75,20611.12,2.12459996,14.37,53.88689271
1666995128.7803197,20603.75,20611.12,2.12459996,14.37,53.88689271
1666995138.5052133,20603.31,20603.31,1.15495225,-5.56,49.72825274
1666995148.7469792,20603.31,20603.31,1.15495225,-5.56,49.72825274
1666995158.550593,20603.31,20603.31,1.15495225,-5.56,49.72825274
1666995168.560596,20603.31,20602.07,1.05603487,-6.8,48.94202874
1666995178.607303,20603.31,20602.07,1.05603487,-6.8,48.94202874
1666995188.5159636,20603.31,20602.07,1.05603487,-6.8,48.94202874
1666995198.7191503,20601.03,20601.03,0.67724478,0.51,48.26988617
1666995208.5733442,20601.03,20601.03,0.67724478,0.51,48.26988617
1666995218.5661793,20601.03,20601.03,0.67724478,0.51,48.26988617
1666995229.4312203,20601.03,20608.34,1.26037868,7.82,52.94838009
1666995239.3559935,20601.03,20608.34,1.26037868,7.82,52.94838009
1666995249.3145652,20601.03,20608.34,1.26037868,7.82,52.94838009
1666995259.3344553,20612.2,20612.2,2.01918839,3.53,54.97530587
1666995269.3856535,20612.2,20612.2,2.01918839,3.53,54.97530587
1666995279.3121164,20612.2,20612.2,2.01918839,3.53,54.97530587
1666995289.6118584,20612.2,20620.09,2.6485901,11.42,59.19775437
1666995299.3776977,20612.2,20620.09,2.6485901,11.42,59.19775437
1666995309.3747466,20612.2,20620.09,2.6485901,11.42,59.19775437
1666995319.3599937,20619.1,20619.1,3.27793796,6.38,58.7146722
1666995329.4104545,20619.1,20619.1,3.27793796,6.38,58.7146722
1666995339.32918,20619.1,20619.1,3.27793796,6.38,58.7146722
1666995349.311396,20619.1,20619.69,3.32500349,6.97,59.02764991
1666995359.587731,20619.1,20619.69,3.32500349,6.97,59.02764991
1666995369.3633797,20619.1,20619.69,3.32500349,6.97,59.02764991
1666995379.311589,20614.65,20614.65,3.22926772,-4.45,55.5287403
1666995389.340632,20614.65,20614.65,3.22926772,-4.45,55.5287403
1666995399.4096465,20614.65,20614.65,3.22926772,-4.45,55.5287403
1666995410.240373,20614.65,20609.35,2.8064757,-9.75,51.97586332
1666995420.2606616,20614.65,20609.35,2.8064757,-9.75,51.97586332
1666995430.243106,20614.65,20609.35,2.8064757,-9.75,51.97586332
1666995440.330086,20610.16,20610.16,2.77646079,-6.57,52.45370975
1666995450.5911684,20610.16,20610.16,2.77646079,-6.57,52.45370975
1666995460.2742028,20610.16,20610.16,2.77646079,-6.57,52.45370975
1666995470.3004577,20610.16,20609.77,2.74534968,-6.96,52.18667371
1666995480.3024774,20610.16,20609.77,2.74534968,-6.96,52.18667371
1666995490.2995796,20610.16,20609.77,2.74534968,-6.96,52.18667371
1666995500.7955344,20604.48,20604.48,1.8227411,-5.66,48.81578063
1666995510.7982569,20604.48,20604.48,1.8227411,-5.66,48.81578063
1666995520.7154045,20604.48,20609.35,2.21123113,-0.79,51.89628581
1666995530.7559135,20604.48,20609.35,2.21123113,-0.79,51.89628581
1666995540.9408555,20604.48,20609.35,2.21123113,-0.79,51.89628581
1666995550.7773736,20606.3,20606.3,1.66702968,-0.78,50.01210946
1666995560.831966,20606.3,20606.3,1.66702968,-0.78,50.01210946
1666995570.7882276,20606.3,20606.3,1.66702968,-0.78,50.01210946
1666995580.7766995,20606.3,20602.88,1.39420917,-4.2,47.75341085
1666995591.4605694,20606.3,20602.88,1.39420917,-4.2,47.75341085
1666995601.4668286,20606.3,20602.88,1.39420917,-4.2,47.75341085
1666995611.7272234,20606.3,20602.88,1.39420917,-4.2,47.75341085
1666995621.4859416,20601.64,20601.64,0.7535378,-1.0,46.98405164
1666995631.625715,20601.64,20601.64,0.7535378,-1.0,46.98405164
1666995641.4483674,20601.64,20603.38,0.89234122,0.74,48.24412735
1666995651.4955287,20601.64,20603.38,0.89234122,0.74,48.24412735
1666995661.4561772,20601.64,20603.38,0.89234122,0.74,48.24412735
1666995671.480873,20603.34,20603.34,0.56081557,1.38,48.21583313
1666995681.4941845,20603.34,20603.34,0.56081557,1.38,48.21583313
1666995691.473483,20603.34,20603.34,0.56081557,1.38,48.21583313
1666995701.460012,20603.34,20603.34,0.56081557,1.38,48.21583313
1666995711.4532278,20603.34,20611.95,1.24765318,9.99,54.04014594
1666995721.4853392,20603.34,20611.95,1.24765318,9.99,54.04014594
1666995731.4998198,20606.38,20606.38,0.72630823,4.62,50.4341761
1666995741.481674,20606.38,20606.38,0.72630823,4.62,50.4341761
1666995751.4967716,20606.38,20606.38,0.72630823,4.62,50.4341761
1666995761.456971,20606.38,20607.72,0.83320282,5.96,51.42177224
1666995772.070989,20606.38,20607.72,0.83320282,5.96,51.42177224
1666995782.138118,20606.38,20607.72,0.83320282,5.96,51.42177224
1666995792.0657358,20603.06,20603.06,0.15573496,-9.92,48.07624161
1666995802.2915914,20603.06,20603.06,0.15573496,-9.92,48.07624161
1666995812.114339,20603.06,20603.06,0.15573496,-9.92,48.07624161
1666995822.1144023,20603.06,20601.68,0.04564949,-11.3,47.03337025
1666995832.1262903,20603.06,20601.68,0.04564949,-11.3,47.03337025
1666995842.1338751,20603.06,20601.68,0.04564949,-11.3,47.03337025
1666995852.1075482,20602.62,20602.62,-0.11402159,-16.51,47.72405376
1666995862.3751645,20602.62,20602.62,-0.11402159,-16.51,47.72405376
1666995872.154208,20602.62,20602.62,-0.11402159,-16.51,47.72405376
1666995882.1293273,20602.62,20601.53,-0.20097315,-17.6,46.87581985
1666995892.122079,20602.62,20601.53,-0.20097315,-17.6,46.87581985
1666995902.1650026,20602.62,20601.53,-0.20097315,-17.6,46.87581985
1666995912.163586,20606.89,20606.89,0.30704768,-8.81,51.1844536
1666995922.2035725,20606.89,20606.89,0.30704768,-8.81,51.1844536
1666995932.3166308,20606.89,20606.89,0.30704768,-8.81,51.1844536
1666995942.1904728,20606.89,20613.48,0.83274569,-2.22,56.0227721
1666995953.0407245,20606.89,20613.48,0.83274569,-2.22,56.0227721
1666995962.9901798,20606.89,20613.48,0.83274569,-2.22,56.0227721
1666995973.0315838,20606.89,20613.48,0.83274569,-2.22,56.0227721
1666995983.008386,20614.58,20614.58,1.45118723,3.7,56.74046481
1666995993.2653902,20614.58,20614.58,1.45118723,3.7,56.74046481
1666996002.9806435,20614.58,20615.01,1.48548923,4.13,57.03482199
1666996013.0457046,20614.58,20615.01,1.48548923,4.13,57.03482199
1666996022.991027,20614.58,20615.01,1.48548923,4.13,57.03482199
1666996033.065701,20613.82,20613.82,1.80092987,9.34,55.97428641
1666996043.2193549,20613.82,20613.82,1.80092987,9.34,55.97428641
1666996053.0727274,20613.82,20613.82,1.80092987,9.34,55.97428641
1666996063.062171,20613.82,20611.61,1.62463358,7.13,53.96353384
1666996073.0253663,20613.82,20611.61,1.62463358,7.13,53.96353384
1666996083.0000875,20613.82,20611.61,1.62463358,7.13,53.96353384
1666996093.1907048,20608.32,20608.32,1.26817773,2.02,51.22417657
1666996103.06453,20608.32,20608.32,1.26817773,2.02,51.22417657
1666996113.029194,20608.32,20608.32,1.26817773,2.02,51.22417657
1666996123.0589118,20608.32,20605.9,1.07512929,-0.4,49.24399189
1666996133.916076,20608.32,20605.9,1.07512929,-0.4,49.24399189
1666996143.9621644,20608.32,20605.9,1.07512929,-0.4,49.24399189
1666996153.932064,20610.16,20610.16,1.47344016,8.52,52.59087748
1666996163.9683669,20610.16,20610.16,1.47344016,8.52,52.59087748
1666996173.9051728,20610.16,20610.16,1.47344016,8.52,52.59087748
1666996184.3322687,20610.16,20607.54,1.26443731,5.9,50.34137906
1666996193.9702652,20610.16,20607.54,1.26443731,5.9,50.34137906
1666996203.9724455,20610.16,20607.54,1.26443731,5.9,50.34137906
1666996213.9483206,20608.8,20608.8,1.21795431,5.46,51.41310449
1666996223.9047165,20608.8,20608.8,1.21795431,5.46,51.41310449
1666996233.9453058,20608.8,20608.8,1.21795431,5.46,51.41310449
1666996243.9867744,20608.8,20610.35,1.34160103,7.01,52.68760109
1666996253.9348,20608.8,20610.35,1.34160103,7.01,52.68760109
1666996263.9497666,20608.8,20610.35,1.34160103,7.01,52.68760109
1666996273.9178746,20604.51,20604.51,0.60342666,-1.86,47.71631287
1666996284.000721,20604.51,20604.51,0.60342666,-1.86,47.71631287
1666996293.9578598,20604.51,20604.51,0.60342666,-1.86,47.71631287
1666996303.9400227,20604.51,20603.64,0.53402495,-2.73,46.98274092
1666996314.6199794,20604.51,20603.64,0.53402495,-2.73,46.98274092
1666996324.619408,20604.51,20603.64,0.53402495,-2.73,46.98274092
1666996334.6138265,20602.27,20602.27,-0.0458344,-0.25,46.04088339
1666996344.621145,20602.27,20602.27,-0.0458344,-0.25,46.04088339
1666996354.5962436,20602.27,20602.27,-0.0458344,-0.25,46.04088339
1666996364.593704,20602.27,20595.03,-0.62338426,-7.49,40.47145181
1666996374.9292283,20602.27,20595.03,-0.62338426,-7.49,40.47145181
1666996384.8332498,20602.27,20595.03,-0.62338426,-7.49,40.47145181
1666996394.6987443,20586.9,20586.9,-2.58045548,-15.72,36.05372896
1666996404.682031,20586.9,20586.9,-2.58045548,-15.72,36.05372896
1666996414.6852171,20586.9,20586.9,-2.58045548,-15.72,36.05372896
1666996424.640348,20586.9,20590.85,-2.26535577,-11.77,39.68635418
1666996434.6836078,20586.9,20590.85,-2.26535577,-11.77,39.68635418
1666996444.6776257,20586.9,20590.85,-2.26535577,-11.77,39.68635418
1666996454.6498785,20582.69,20582.69,-4.12638207,-24.2,33.5393035
1666996464.683102,20582.69,20582.69,-4.12638207,-24.2,33.5393035
1666996474.7070954,20582.69,20582.69,-4.12638207,-24.2,33.5393035
1666996484.6854217,20582.69,20583.33,-4.07532794,-23.56,34.20276231
1666996495.4620924,20582.69,20583.33,-4.07532794,-23.56,34.20276231
1666996505.4254737,20582.69,20583.33,-4.07532794,-23.56,34.20276231
1666996515.4519317,20590.73,20590.73,-3.89087653,-23.81,41.01152211
1666996525.4420962,20590.73,20590.73,-3.89087653,-23.81,41.01152211
1666996535.4923594,20590.73,20590.73,-3.89087653,-23.81,41.01152211
1666996545.398621,20590.73,20592.83,-3.72335517,-21.71,42.81985291
1666996555.4622643,20590.73,20592.83,-3.72335517,-21.71,42.81985291
1666996565.430414,20590.73,20592.83,-3.72335517,-21.71,42.81985291
1666996575.4869125,20592.4,20592.4,-3.97956378,-22.32,42.51257748
1666996585.4462843,20592.4,20592.4,-3.97956378,-22.32,42.51257748
1666996595.4632192,20592.4,20592.4,-3.97956378,-22.32,42.51257748
1666996605.488485,20592.4,20588.2,-4.31460652,-26.52,39.61054781
1666996615.4488306,20592.4,20588.2,-4.31460652,-26.52,39.61054781
1666996625.460887,20592.4,20588.2,-4.31460652,-26.52,39.61054781
1666996635.4841895,20587.99,20587.99,-4.67960509,-20.33,39.48455202
1666996645.4580204,20587.99,20587.99,-4.67960509,-20.33,39.48455202
1666996655.474589,20587.99,20587.99,-4.67960509,-20.33,39.48455202
1666996665.4596894,20587.99,20593.8,-4.21612931,-14.52,44.7233145
1666996676.4817395,20587.99,20593.8,-4.21612931,-14.52,44.7233145
1666996686.5155375,20587.99,20593.8,-4.21612931,-14.52,44.7233145
1666996696.479983,20594.51,20594.51,-3.97743548,-16.19,45.30196509
1666996706.4960845,20594.51,20594.51,-3.97743548,-16.19,45.30196509
1666996716.7239552,20594.51,20594.51,-3.97743548,-16.19,45.30196509
1666996726.7265725,20594.51,20596.52,-3.8170936,-14.18,46.9936697
1666996736.4735343,20594.51,20596.52,-3.8170936,-14.18,46.9936697
1666996746.5222738,20594.51,20596.52,-3.8170936,-14.18,46.9936697
1666996756.5332055,20597.7,20597.7,-3.3914938,-10.15,47.99092768
1666996766.512111,20597.7,20597.7,-3.3914938,-10.15,47.99092768
1666996776.5090797,20597.7,20597.7,-3.3914938,-10.15,47.99092768
1666996786.4652996,20597.7,20598.24,-3.34841687,-9.61,48.44358472
1666996796.5399878,20597.7,20598.24,-3.34841687,-9.61,48.44358472
1666996806.5776436,20597.7,20598.24,-3.34841687,-9.61,48.44358472
1666996816.534399,20599.19,20599.19,-2.82876689,-6.32,49.22109007
1666996826.5700006,20599.19,20599.19,-2.82876689,-6.32,49.22109007
1666996836.5121906,20599.19,20599.19,-2.82876689,-6.32,49.22109007
1666996846.5463495,20599.19,20598.7,-2.86785521,-6.81,48.81220033
1666996857.291145,20599.19,20598.7,-2.86785521,-6.81,48.81220033
1666996867.314863,20599.19,20598.7,-2.86785521,-6.81,48.81220033
1666996877.4899194,20604.21,20604.21,-1.69232316,2.75,53.11113964
1666996887.5463874,20604.21,20604.21,-1.69232316,2.75,53.11113964
1666996897.303407,20604.21,20604.21,-1.69232316,2.75,53.11113964
1666996907.3013988,20604.21,20614.25,-0.89141148,12.79,60.00595451
1666996917.3223703,20604.21,20614.25,-0.89141148,12.79,60.00595451
1666996927.2966309,20604.21,20614.25,-0.89141148,12.79,60.00595451
1666996937.2915332,20621.83,20621.83,1.3468987,35.65,63.96649217
1666996947.3089087,20621.83,20621.83,1.3468987,35.65,63.96649217
1666996957.3423183,20621.83,20621.83,1.3468987,35.65,63.96649217
1666996967.355007,20621.83,20629.44,1.95396423,43.26,67.45139973
1666996977.3401742,20621.83,20629.44,1.95396423,43.26,67.45139973
1666996987.3631337,20621.83,20629.44,1.95396423,43.26,67.45139973
1666996997.3037064,20630.63,20630.63,3.855455,47.94,67.93630906
1666997007.2942543,20630.63,20630.63,3.855455,47.94,67.93630906
1666997017.3804398,20630.63,20630.63,3.855455,47.94,67.93630906
1666997027.3654065,20630.63,20628.12,3.65522708,45.43,65.71254874
1666997038.1210718,20630.63,20628.12,3.65522708,45.43,65.71254874
1666997048.3620377,20630.63,20628.12,3.65522708,45.43,65.71254874
1666997058.1480806,20620.45,20620.45,3.78722972,29.72,59.735393
1666997068.1258855,20620.45,20620.45,3.78722972,29.72,59.735393
1666997078.142807,20620.45,20620.45,3.78722972,29.72,59.735393
1666997088.126536,20620.45,20623.83,4.05685935,33.1,61.4006611
1666997098.131494,20620.45,20623.83,4.05685935,33.1,61.4006611
1666997108.1236937,20620.45,20623.83,4.05685935,33.1,61.4006611
1666997118.086333,20624.05,20624.05,4.75694072,32.48,61.55084919
1666997128.1214862,20624.05,20624.05,4.75694072,32.48,61.55084919
1666997138.1786733,20624.05,20624.05,4.75694072,32.48,61.55084919
1666997148.2066228,20624.05,20624.01,4.75374984,32.44,61.53065109
1666997158.264881,20624.05,20624.01,4.75374984,32.44,61.53065109
1666997168.1800954,20624.05,20624.01,4.75374984,32.44,61.53065109
1666997178.1589258,20625.28,20625.28,5.43593042,37.29,62.1959349
1666997188.1871824,20625.28,20625.28,5.43593042,37.29,62.1959349
1666997198.177956,20625.28,20625.28,5.43593042,37.29,62.1959349
1666997208.4087815,20625.28,20627.71,5.62977657,39.72,63.43100415
1666997219.0095932,20625.28,20627.71,5.62977657,39.72,63.43100415
1666997229.036661,20625.28,20627.71,5.62977657,39.72,63.43100415
1666997239.0049946,20632.99,20632.99,6.97585943,38.48,65.85487337
1666997249.2026238,20632.99,20632.99,6.97585943,38.48,65.85487337
1666997259.065351,20632.99,20632.99,6.97585943,38.48,65.85487337
1666997269.0671616,20632.99,20627.84,6.56503322,33.33,61.56829041
1666997279.2055376,20632.99,20627.84,6.56503322,33.33,61.56829041
1666997289.0404482,20632.99,20627.84,6.56503322,33.33,61.56829041
1666997299.169231,20626.35,20626.35,6.68234153,29.51,60.43025242
1666997309.060326,20626.35,20626.35,6.68234153,29.51,60.43025242
1666997319.0789323,20626.35,20626.35,6.68234153,29.51,60.43025242
1666997329.03577,20626.35,20627.79,6.79721332,30.95,61.17712796
1666997339.1023746,20626.35,20627.79,6.79721332,30.95,61.17712796
1666997349.049172,20626.35,20627.79,6.79721332,30.95,61.17712796
1666997359.1083856,20628.3,20628.3,7.0668788,29.11,61.43493024
1666997369.0622106,20628.3,20628.3,7.0668788,29.11,61.43493024
1666997379.2433178,20628.3,20628.3,7.0668788,29.11,61.43493024
1666997389.0634508,20628.3,20631.74,7.34129476,32.55,63.20955716
1666997399.950347,20628.3,20631.74,7.34129476,32.55,63.20955716
1666997409.8554373,20628.3,20631.74,7.34129476,32.55,63.20955716
1666997419.861114,20628.25,20628.25,7.15867808,23.28,61.39188803
1666997429.8691218,20628.25,20628.25,7.15867808,23.28,61.39188803
1666997439.841592,20628.25,20628.25,7.15867808,23.28,61.39188803
1666997449.8267214,20628.25,20634.6,7.66523079,29.63,64.76791552
1666997459.8483348,20628.25,20634.6,7.66523079,29.63,64.76791552
1666997469.8950524,20628.25,20634.6,7.66523079,29.63,64.76791552
1666997479.81982,20624.01,20624.01,6.55276824,2.18,57.70010339
1666997489.8927224,20624.01,20624.01,6.55276824,2.18,57.70010339
1666997499.8812249,20624.01,20624.01,6.55276824,2.18,57.70010339
1666997509.8724697,20624.01,20621.58,6.35892208,-0.25,55.63519823
1666997519.849184,20624.01,20621.58,6.35892208,-0.25,55.63519823
1666997529.880616,20624.01,20621.58,6.35892208,-0.25,55.63519823
1666997539.8648667,20619.49,20619.49,5.62941653,-11.14,53.97390101
1666997549.9182005,20619.49,20619.49,5.62941653,-11.14,53.97390101
1666997559.9385586,20619.49,20619.49,5.62941653,-11.14,53.97390101
1666997569.8557863,20619.49,20619.82,5.65574131,-10.81,54.20641798
1666997580.2544582,20619.49,20619.82,5.65574131,-10.81,54.20641798
1666997590.46142,20619.49,20619.82,5.65574131,-10.81,54.20641798
1666997600.2497392,20621.12,20621.12,5.28947265,0.68,55.15486882
1666997610.270205,20621.12,20621.12,5.28947265,0.68,55.15486882
1666997620.291264,20621.12,20621.12,5.28947265,0.68,55.15486882
1666997630.2554622,20621.12,20619.52,5.16183733,-0.92,53.89599505
1666997640.295093,20621.12,20619.52,5.16183733,-0.92,53.89599505
1666997650.260163,20621.12,20619.52,5.16183733,-0.92,53.89599505
1666997660.3154888,20621.81,20621.81,5.02477138,-0.95,55.64893491
1666997670.377566,20621.81,20621.81,5.02477138,-0.95,55.64893491
1666997680.282575,20621.81,20622.16,5.05269161,-0.6,55.91425588
1666997690.3175025,20621.81,20622.16,5.05269161,-0.6,55.91425588
1666997700.268181,20621.81,20622.16,5.05269161,-0.6,55.91425588
1666997710.3022034,20621.81,20622.16,5.05269161,-0.6,55.91425588
1666997720.334599,20621.82,20621.82,4.71841096,-2.55,55.65655982
1666997730.3279989,20621.82,20621.82,4.71841096,-2.55,55.65655982
1666997740.2990882,20621.82,20622.84,4.79977849,-1.53,56.47846133
1666997750.3091984,20621.82,20622.84,4.79977849,-1.53,56.47846133
1666997760.8602335,20621.82,20622.84,4.79977849,-1.53,56.47846133
1666997770.88813,20620.04,20620.04,4.17236371,-12.95,53.88085869
1666997781.177202,20620.04,20620.04,4.17236371,-12.95,53.88085869
1666997790.9343915,20620.04,20620.04,4.17236371,-12.95,53.88085869
1666997800.8894017,20620.04,20609.84,3.35868849,-23.15,45.01747589
1666997810.932366,20620.04,20609.84,3.35868849,-23.15,45.01747589
1666997820.949423,20620.04,20609.84,3.35868849,-23.15,45.01747589
1666997830.9000256,20614.53,20614.53,3.02934238,-11.82,48.70111039
1666997840.932811,20614.53,20614.53,3.02934238,-11.82,48.70111039
1666997850.9317927,20614.53,20614.53,3.02934238,-11.82,48.70111039
1666997860.9094658,20614.53,20613.08,2.91367287,-13.27,47.40947371
1666997870.893746,20614.53,20613.08,2.91367287,-13.27,47.40947371
1666997880.9121485,20614.53,20613.08,2.91367287,-13.27,47.40947371
1666997890.9170697,20614.53,20613.08,2.91367287,-13.27,47.40947371
1666997900.9578698,20613.22,20613.22,2.25724597,-15.08,47.53447627
1666997911.0277774,20613.22,20613.22,2.25724597,-15.08,47.53447627
1666997920.886326,20613.22,20610.34,2.02750238,-17.96,44.97451446
1666997930.9604375,20613.22,20610.34,2.02750238,-17.96,44.97451446
1666997941.36762,20613.22,20610.34,2.02750238,-17.96,44.97451446
1666997951.2898312,20613.22,20610.34,2.02750238,-17.96,44.97451446
1666997961.4067695,20614.01,20614.01,1.87314016,-14.24,48.33354048
1666997971.7628086,20614.01,20614.01,1.87314016,-14.24,48.33354048
1666997981.3466656,20614.01,20620.52,2.3924564,-7.73,54.48310015
1666997991.3844993,20614.01,20620.52,2.3924564,-7.73,54.48310015
1666998001.392392,20614.01,20620.52,2.3924564,-7.73,54.48310015
1666998011.385878,20614.01,20620.52,2.3924564,-7.73,54.48310015
1666998021.3930922,20630.94,20630.94,3.78620173,6.93,61.85952558
1666998031.3710575,20630.94,20630.94,3.78620173,6.93,61.85952558
1666998041.665019,20630.94,20630.94,3.78620173,6.93,61.85952558
1666998051.411572,20630.94,20634.09,4.03748378,10.08,63.75883275
1666998061.3468668,20630.94,20634.09,4.03748378,10.08,63.75883275
1666998071.373492,20629.65,20629.65,4.05829206,10.16,60.88237887
1666998081.3927095,20629.65,20629.65,4.05829206,10.16,60.88237887
1666998091.378402,20629.65,20629.65,4.05829206,10.16,60.88237887
1666998101.5750625,20629.65,20630.05,4.09020089,10.56,61.16319184
1666998111.4211073,20629.65,20630.05,4.09020089,10.56,61.16319184
1666998121.9872606,20629.65,20630.05,4.09020089,10.56,61.16319184
1666998132.1006594,20624.56,20624.56,3.65159501,4.5,55.67747251
1666998141.9830546,20624.56,20624.56,3.65159501,4.5,55.67747251
1666998151.9637363,20624.56,20624.56,3.65159501,4.5,55.67747251
1666998162.0176992,20624.56,20624.14,3.61809074,4.08,55.26425394
1666998171.9559946,20624.56,20624.14,3.61809074,4.08,55.26425394
1666998181.9726987,20624.56,20624.14,3.61809074,4.08,55.26425394
1666998192.0148351,20620.61,20620.61,3.0550483,-1.2,51.94366407
1666998201.9679754,20620.61,20620.61,3.0550483,-1.2,51.94366407
1666998211.9496086,20620.61,20620.61,3.0550483,-1.2,51.94366407
1666998221.9990618,20620.61,20626.72,3.5424557,4.91,56.93302501
1666998231.993453,20620.61,20626.72,3.5424557,4.91,56.93302501
1666998241.9925764,20620.61,20626.72,3.5424557,4.91,56.93302501
1666998251.977899,20624.11,20624.11,3.29345838,2.29,54.69413861
1666998262.0596273,20624.11,20624.11,3.29345838,2.29,54.69413861
1666998272.005636,20624.11,20624.11,3.29345838,2.29,54.69413861
1666998282.0609007,20624.11,20624.19,3.29984014,2.37,54.77345397
1666998292.054565,20624.11,20624.19,3.29984014,2.37,54.77345397
1666998302.492901,20624.11,20624.19,3.29984014,2.37,54.77345397
1666998312.4942017,20624.11,20624.19,3.29984014,2.37,54.77345397
1666998322.8887012,20622.19,20622.19,2.95212996,2.15,52.77550033
1666998332.5449286,20622.19,20622.19,2.95212996,2.15,52.77550033
1666998342.5521955,20622.19,20622.51,2.97765703,2.47,53.09507896
1666998352.5180802,20622.19,20622.51,2.97765703,2.47,53.09507896
1666998362.5378556,20622.19,20622.51,2.97765703,2.47,53.09507896
1666998372.5640855,20622.19,20622.51,2.97765703,2.47,53.09507896
1666998382.5463526,20623.78,20623.78,2.86544498,9.25,54.30852428
1666998392.5086768,20623.78,20623.78,2.86544498,9.25,54.30852428
1666998402.634354,20623.78,20610.75,1.82601478,-3.78,42.8144238
1666998412.565468,20623.78,20610.75,1.82601478,-3.78,42.8144238
1666998422.5461965,20623.78,20610.75,1.82601478,-3.78,42.8144238
1666998432.56672,20604.87,20604.87,0.05171041,-8.33,39.04196185
1666998442.562729,20604.87,20604.87,0.05171041,-8.33,39.04196185
1666998452.6064985,20604.87,20604.87,0.05171041,-8.33,39.04196185
1666998462.5445817,20604.87,20603.2,-0.08150896,-10.0,38.01739351
1666998472.611904,20604.87,20603.2,-0.08150896,-10.0,38.01739351
1666998483.595967,20604.87,20603.2,-0.08150896,-10.0,38.01739351
1666998493.5706184,20600.77,20600.77,-1.55170847,-14.08,36.62386106
1666998503.474197,20600.77,20600.77,-1.55170847,-14.08,36.62386106
1666998513.4648085,20600.77,20600.77,-1.55170847,-14.08,36.62386106
1666998523.523849,20600.77,20601.0,-1.5333609,-13.85,36.86050477
1666998533.4618225,20600.77,20601.0,-1.5333609,-13.85,36.86050477
1666998543.4758203,20600.77,20601.0,-1.5333609,-13.85,36.86050477
1666998553.49478,20603.55,20603.55,-2.1976835,-26.48,39.43799956
1666998563.4496756,20603.55,20603.55,-2.1976835,-26.48,39.43799956
1666998573.4487448,20603.55,20603.55,-2.1976835,-26.48,39.43799956
1666998583.4764688,20603.55,20611.67,-1.54993421,-18.36,46.69635273
1666998593.4767098,20603.55,20611.67,-1.54993421,-18.36,46.69635273
1666998603.6486154,20603.55,20611.67,-1.54993421,-18.36,46.69635273
1666998613.4777622,20609.42,20609.42,-1.96457072,-20.23,44.86534999
1666998623.5220032,20609.42,20609.42,-1.96457072,-20.23,44.86534999
1666998633.5140717,20609.42,20609.42,-1.96457072,-20.23,44.86534999
1666998643.8228817,20609.42,20610.26,-1.89756217,-19.39,45.61642152
1666998653.5013547,20609.42,20610.26,-1.89756217,-19.39,45.61642152
1666998664.2177782,20609.42,20610.26,-1.89756217,-19.39,45.61642152
1666998674.0856285,20610.67,20610.67,-1.94971314,-14.95,45.9756336
1666998684.055688,20610.67,20610.67,-1.94971314,-14.95,45.9756336
1666998694.0764167,20610.67,20610.67,-1.94971314,-14.95,45.9756336
1666998704.0831542,20610.67,20609.53,-2.04065331,-16.09,45.08394998
1666998714.1012206,20610.67,20609.53,-2.04065331,-16.09,45.08394998
1666998724.0884926,20610.67,20609.53,-2.04065331,-16.09,45.08394998
1666998734.0618172,20609.0,20609.0,-2.23005335,-12.75,44.6810682
1666998744.0694675,20609.0,20609.0,-2.23005335,-12.75,44.6810682
1666998754.117817,20609.0,20609.0,-2.23005335,-12.75,44.6810682
1666998764.0427532,20609.0,20610.58,-2.10401347,-11.17,46.22387338
1666998774.2488997,20609.0,20610.58,-2.10401347,-11.17,46.22387338
1666998784.0734837,20609.0,20610.58,-2.10401347,-11.17,46.22387338
1666998794.0903442,20608.46,20608.46,-2.396241,-16.79,44.24721363
1666998804.3183043,20608.46,20608.46,-2.396241,-16.79,44.24721363
1666998814.0949676,20608.46,20608.46,-2.396241,-16.79,44.24721363
1666998824.0913427,20608.46,20608.18,-2.41857718,-17.07,44.00859351
1666998834.1355054,20608.46,20608.18,-2.41857718,-17.07,44.00859351
1666998844.910148,20608.46,20608.18,-2.41857718,-17.07,44.00859351
1666998854.9099658,20607.83,20607.83,-2.55506196,-15.51,43.71714565
1666998864.9190269,20607.83,20607.83,-2.55506196,-15.51,43.71714565
1666998874.965403,20607.83,20607.83,-2.55506196,-15.51,43.71714565
1666998885.1486766,20607.83,20607.67,-2.56782549,-15.67,43.57092407
1666998894.950336,20607.83,20607.67,-2.56782549,-15.67,43.57092407
1666998904.965267,20607.83,20607.67,-2.56782549,-15.67,43.57092407
1666998914.9550323,20605.43,20605.43,-2.89483165,-17.4,41.5989028
1666998924.978288,20605.43,20605.43,-2.89483165,-17.4,41.5989028
1666998934.9729626,20605.43,20605.43,-2.89483165,-17.4,41.5989028
1666998944.9519362,20605.43,20611.69,-2.39545843,-11.14,48.36256938
1666998954.956197,20605.43,20611.69,-2.39545843,-11.14,48.36256938
1666998965.147269,20605.43,20611.69,-2.39545843,-11.14,48.36256938
1666998975.0083554,20610.33,20610.33,-2.34099301,5.46,46.97142101
1666998984.9559567,20610.33,20610.33,-2.34099301,5.46,46.97142101
1666998994.9825833,20610.33,20610.33,-2.34099301,5.46,46.97142101
1666999005.0402548,20610.33,20604.59,-2.79888474,-0.28,41.84714696
1666999014.9561584,20610.33,20604.59,-2.79888474,-0.28,41.84714696
1666999025.5914156,20610.33,20604.59,-2.79888474,-0.28,41.84714696
1666999035.62848,20605.73,20605.73,-2.83691082,4.97,42.77391404
1666999045.612423,20605.73,20605.73,-2.83691082,4.97,42.77391404
1666999055.5696695,20605.73,20605.73,-2.83691082,4.97,42.77391404
1666999065.784335,20605.73,20605.97,-2.81776552,5.21,43.0598144
1666999075.532647,20605.73,20605.97,-2.81776552,5.21,43.0598144
1666999085.6073313,20605.73,20605.97,-2.81776552,5.21,43.0598144
1666999095.6254258,20606.06,20606.06,-2.85897367,3.44,43.16629192
1666999105.715265,20606.06,20606.06,-2.85897367,3.44,43.16629192
1666999115.5805674,20606.06,20606.06,-2.85897367,3.44,43.16629192
1666999125.9534032,20606.06,20606.19,-2.8486033,3.57,43.33113438
1666999135.6338897,20606.06,20606.19,-2.8486033,3.57,43.33113438
1666999145.6165855,20606.06,20606.19,-2.8486033,3.57,43.33113438
1666999155.6464896,20608.52,20608.52,-2.51655159,-0.9,46.13147428
1666999165.6175036,20608.52,20608.52,-2.51655159,-0.9,46.13147428
1666999175.6086712,20608.52,20608.52,-2.51655159,-0.9,46.13147428
1666999185.6260283,20608.52,20609.37,-2.44874532,-0.05,47.1573587
1666999195.639166,20608.52,20609.37,-2.44874532,-0.05,47.1573587
1666999206.4311104,20608.52,20609.37,-2.44874532,-0.05,47.1573587
1666999216.4508204,20608.43,20608.43,-2.32632221,-2.24,46.11429233
1666999226.4587052,20608.43,20608.43,-2.32632221,-2.24,46.11429233
1666999236.4894395,20608.43,20608.43,-2.32632221,-2.24,46.11429233
1666999246.4835536,20608.43,20609.22,-2.26330226,-1.45,46.98891168
1666999256.484879,20608.43,20609.22,-2.26330226,-1.45,46.98891168
1666999266.4911878,20608.43,20609.22,-2.26330226,-1.45,46.98891168
1666999276.443521,20610.9,20610.9,-1.87015539,1.9,49.05619355
1666999286.5857296,20610.9,20610.9,-1.87015539,1.9,49.05619355
1666999296.4829178,20610.9,20610.9,-1.87015539,1.9,49.05619355
1666999306.4557068,20610.9,20610.0,-1.94195027,1.0,47.95250399
1666999316.4770925,20610.9,20610.0,-1.94195027,1.0,47.95250399
1666999326.4554389,20610.9,20610.0,-1.94195027,1.0,47.95250399
1666999336.5051548,20606.17,20606.17,-2.30071586,-2.29,43.79818677
1666999346.5365906,20606.17,20606.17,-2.30071586,-2.29,43.79818677
1666999356.5084002,20606.17,20606.17,-2.30071586,-2.29,43.79818677
1666999366.50032,20606.17,20609.23,-2.0566133,0.77,47.69691537
1666999376.52052,20606.17,20609.23,-2.0566133,0.77,47.69691537
1666999387.1025913,20606.17,20609.23,-2.0566133,0.77,47.69691537
1666999396.9365044,20608.8,20608.8,-1.94442463,0.98,47.18204094
1666999406.90111,20608.8,20608.8,-1.94442463,0.98,47.18204094
1666999416.945088,20608.8,20608.8,-1.94442463,0.98,47.18204094
1666999426.9395232,20608.8,20607.41,-2.05530783,-0.41,45.61872001
1666999436.9281392,20608.8,20607.41,-2.05530783,-0.41,45.61872001
1666999446.9173608,20608.8,20607.41,-2.05530783,-0.41,45.61872001
1666999456.9459288,20606.88,20606.88,-2.11586429,0.56,45.24342822
1666999466.920009,20606.88,20606.88,-2.11586429,0.56,45.24342822
1666999477.2329695,20606.88,20606.88,-2.11586429,0.56,45.24342822
1666999486.928235,20606.88,20610.32,-1.84144833,4.0,49.52013142
1666999496.9322867,20606.88,20610.32,-1.84144833,4.0,49.52013142
1666999506.9231014,20606.88,20610.32,-1.84144833,4.0,49.52013142
1666999516.9651322,20609.15,20609.15,-1.73597694,-1.18,48.14261991
1666999526.917941,20609.15,20609.15,-1.73597694,-1.18,48.14261991
1666999536.9343524,20609.15,20609.15,-1.73597694,-1.18,48.14261991
1666999546.940507,20609.15,20608.76,-1.76708805,-1.57,47.67980013
1666999556.973651,20609.15,20608.76,-1.76708805,-1.57,47.67980013
1666999567.7897823,20609.15,20608.76,-1.76708805,-1.57,47.67980013
1666999577.7355542,20608.85,20608.85,-1.61471869,3.12,47.78581311
1666999587.8084223,20608.85,20608.85,-1.61471869,3.12,47.78581311
1666999597.7192574,20608.85,20608.85,-1.61471869,3.12,47.78581311
1666999607.7430515,20608.85,20614.16,-1.19112895,8.43,54.24919848
1666999617.7463112,20608.85,20614.16,-1.19112895,8.43,54.24919848
1666999627.7317991,20608.85,20614.16,-1.19112895,8.43,54.24919848
1666999637.8995595,20612.38,20612.38,-0.98355501,6.32,52.26857743
1666999647.779919,20612.38,20612.38,-0.98355501,6.32,52.26857743
1666999657.730665,20612.38,20612.38,-0.98355501,6.32,52.26857743
1666999667.756255,20612.38,20611.29,-1.07050657,5.23,50.81777099
1666999677.75182,20612.38,20611.29,-1.07050657,5.23,50.81777099
1666999687.7604537,20612.38,20611.29,-1.07050657,5.23,50.81777099
1666999697.95286,20611.03,20611.03,-0.88930751,2.51,50.48352568
1666999707.9184923,20611.03,20611.03,-0.88930751,2.51,50.48352568
1666999717.76884,20611.03,20611.03,-0.88930751,2.51,50.48352568
1666999727.7746198,20611.03,20612.22,-0.79437873,3.7,52.03842212
1666999737.77959,20611.03,20612.22,-0.79437873,3.7,52.03842212
1666999748.593451,20611.03,20612.22,-0.79437873,3.7,52.03842212
1666999758.5674536,20612.33,20612.33,-0.60493621,2.93,52.28346992
1666999768.6529946,20612.33,20612.33,-0.60493621,2.93,52.28346992
1666999778.6239364,20612.33,20612.33,-0.60493621,2.93,52.28346992
1666999788.6470058,20612.33,20611.89,-0.64003593,2.49,51.68240294
1666999798.6137488,20612.33,20611.89,-0.64003593,2.49,51.68240294
1666999808.6445043,20612.33,20611.89,-0.64003593,2.49,51.68240294
1666999818.5722785,20615.74,20615.74,0.09430186,5.06,56.47927558
1666999828.9758067,20615.74,20615.74,0.09430186,5.06,56.47927558
1666999838.581165,20615.74,20615.74,0.09430186,5.06,56.47927558
1666999848.6263697,20615.74,20615.1,0.04324773,4.42,55.49300733
1666999858.6674569,20615.74,20615.1,0.04324773,4.42,55.49300733
1666999868.7883596,20615.74,20615.1,0.04324773,4.42,55.49300733
1666999878.6202855,20613.1,20613.1,0.11202213,6.93,52.52422336
1666999888.6104906,20613.1,20613.1,0.11202213,6.93,52.52422336
1666999898.6654472,20613.1,20613.1,0.11202213,6.93,52.52422336
1666999908.6146247,20613.1,20611.98,0.0226774,5.81,50.937548
1666999918.6253796,20613.1,20611.98,0.0226774,5.81,50.937548
1666999929.2689962,20613.1,20611.98,0.0226774,5.81,50.937548
1666999939.4283102,20609.59,20609.59,-0.24004312,0.79,47.8155477
1666999949.2842877,20609.59,20609.59,-0.24004312,0.79,47.8155477
1666999959.296666,20609.59,20609.59,-0.24004312,0.79,47.8155477
1666999969.3450243,20609.59,20608.25,-0.3469377,-0.55,46.13009959
1666999979.2665,20609.59,20608.25,-0.3469377,-0.55,46.13009959
1666999989.4917388,20609.59,20608.25,-0.3469377,-0.55,46.13009959
1666999999.3597822,20606.06,20606.06,-0.77281734,-0.22,43.55653944
1667000009.2951794,20606.06,20606.06,-0.77281734,-0.22,43.55653944
1667000019.3181615,20606.06,20606.06,-0.77281734,-0.22,43.55653944
1667000029.3063793,20606.06,20614.35,-0.1115068,8.07,53.92637184
1667000039.32326,20606.06,20614.35,-0.1115068,8.07,53.92637184
1667000049.3644392,20606.06,20614.35,-0.1115068,8.07,53.92637184
1667000059.3753474,20608.24,20608.24,-0.65021668,-1.1,46.60438664
1667000069.3682673,20608.24,20608.24,-0.65021668,-1.1,46.60438664
1667000079.3102703,20608.24,20608.24,-0.65021668,-1.1,46.60438664
1667000089.3817997,20608.24,20603.64,-1.01716825,-5.7,41.43711745
1667000099.3587625,20608.24,20603.64,-1.01716825,-5.7,41.43711745
1667000110.078731,20608.24,20603.64,-1.01716825,-5.7,41.43711745
1667000120.0903542,20608.97,20608.97,-0.62855604,0.12,47.54528792
1667000130.044761,20608.97,20608.97,-0.62855604,0.12,47.54528792
1667000140.0659988,20608.97,20608.97,-0.62855604,0.12,47.54528792
1667000150.3092198,20608.97,20600.53,-1.30183239,-8.32,37.99444612
1667000160.3218553,20608.97,20600.53,-1.30183239,-8.32,37.99444612
1667000170.14351,20608.97,20600.53,-1.30183239,-8.32,37.99444612
1667000180.111143,20595.0,20595.0,-2.58484725,-17.38,33.54004283
1667000190.1466725,20595.0,20595.0,-2.58484725,-17.38,33.54004283
1667000200.1261716,20595.0,20595.0,-2.58484725,-17.38,33.54004283
1667000210.1409204,20595.0,20588.46,-3.10655665,-23.92,29.21662078
1667000220.1170702,20595.0,20588.46,-3.10655665,-23.92,29.21662078
1667000230.086331,20595.0,20588.46,-3.10655665,-23.92,29.21662078
1667000240.1487234,20586.0,20586.0,-4.52786625,-25.03,27.86551767
1667000250.1439314,20586.0,20586.0,-4.52786625,-25.03,27.86551767
1667000260.107816,20586.0,20586.0,-4.52786625,-25.03,27.86551767
1667000270.397642,20586.0,20585.5,-4.56775229,-25.53,27.58628176
1667000280.3433893,20586.0,20585.5,-4.56775229,-25.53,27.58628176
1667000290.771523,20592.72,20592.72,-4.55572077,-18.51,36.6019626
1667000300.7969944,20592.72,20592.72,-4.55572077,-18.51,36.6019626
1667000311.0892951,20592.72,20592.72,-4.55572077,-18.51,36.6019626
1667000320.7633564,20592.72,20599.59,-4.00768659,-11.64,43.97676795
1667000330.806686,20592.72,20599.59,-4.00768659,-11.64,43.97676795
1667000340.7976584,20592.72,20599.59,-4.00768659,-11.64,43.97676795
1667000350.776579,20599.46,20599.46,-3.97703152,-16.28,43.91833127
1667000360.8209422,20599.46,20599.46,-3.97703152,-16.28,43.91833127
1667000370.7918715,20599.46,20599.46,-3.97703152,-16.28,43.91833127
1667000380.743193,20599.46,20598.06,-4.08871244,-17.68,42.58915369
1667000390.7644153,20599.46,20598.06,-4.08871244,-17.68,42.58915369
1667000400.773775,20599.46,20598.06,-4.08871244,-17.68,42.58915369
1667000410.773015,20600.99,20600.99,-3.62765764,-13.04,45.44205044
1667000420.7348754,20600.99,20600.99,-3.62765764,-13.04,45.44205044
1667000430.7939625,20600.99,20600.99,-3.62765764,-13.04,45.44205044
1667000440.9174976,20600.99,20605.94,-3.23278584,-8.09,50.16007142
1667000450.814819,20600.99,20605.94,-3.23278584,-8.09,50.16007142
1667000460.8187826,20600.99,20605.94,-3.23278584,-8.09,50.16007142
1667000471.4916203,20600.99,20605.94,-3.23278584,-8.09,50.16007142
1667000481.542076,20602.0,20602.0,-3.32271802,-7.99,46.5476205
1667000491.585726,20602.0,20602.0,-3.32271802,-7.99,46.5476205
1667000501.550028,20602.0,20597.97,-3.6441995,-12.02,42.79719916
1667000511.5884423,20602.0,20597.97,-3.6441995,-12.02,42.79719916
1667000521.5328362,20602.0,20597.97,-3.6441995,-12.02,42.79719916
1667000531.5624185,20602.0,20597.97,-3.6441995,-12.02,42.79719916
1667000541.6574745,20599.08,20599.08,-3.46371791,-7.71,43.73566481
1667000551.5644054,20599.08,20599.08,-3.46371791,-7.71,43.73566481
1667000561.5453677,20599.08,20580.25,-4.96582617,-26.54,31.22629326
1667000571.5507617,20599.08,20580.25,-4.96582617,-26.54,31.22629326
1667000581.5823345,20599.08,20580.25,-4.96582617,-26.54,31.22629326
1667000591.5093932,20579.61,20579.61,-6.10454448,-29.41,30.92565221
1667000601.7610564,20579.61,20579.61,-6.10454448,-29.41,30.92565221
1667000611.5172324,20579.61,20579.61,-6.10454448,-29.41,30.92565221
1667000621.5567074,20579.61,20583.82,-5.76870403,-25.2,35.33604164
1667000631.5212698,20579.61,20583.82,-5.76870403,-25.2,35.33604164
1667000641.5678198,20579.61,20583.82,-5.76870403,-25.2,35.33604164
1667000652.3644066,20585.75,20585.75,-5.97112937,-23.22,37.43081264
1667000662.595682,20585.75,20585.75,-5.97112937,-23.22,37.43081264
1667000672.34579,20585.75,20585.75,-5.97112937,-23.22,37.43081264
1667000682.4253902,20585.75,20583.59,-6.14343706,-25.38,36.21834451
1667000692.467268,20585.75,20583.59,-6.14343706,-25.38,36.21834451
1667000702.3716974,20585.75,20583.59,-6.14343706,-25.38,36.21834451
1667000712.3854318,20582.18,20582.18,-6.73571537,-13.47,35.46836803
1667000722.4630742,20582.18,20582.18,-6.73571537,-13.47,35.46836803
1667000732.4843445,20582.18,20582.18,-6.73571537,-13.47,35.46836803
1667000742.4559207,20582.18,20580.24,-6.89047321,-15.41,34.41251667
1667000752.5858428,20582.18,20580.24,-6.89047321,-15.41,34.41251667
1667000762.7033825,20582.18,20580.24,-6.89047321,-15.41,34.41251667
1667000772.4298537,20585.4,20585.4,-6.63572657,-0.6,38.66008021
1667000782.4120665,20585.4,20585.4,-6.63572657,-0.6,38.66008021
1667000792.5577912,20585.4,20585.4,-6.63572657,-0.6,38.66008021
1667000802.5747745,20585.4,20592.27,-6.08769238,6.27,44.79965617
1667000812.475607,20585.4,20592.27,-6.08769238,6.27,44.79965617
1667000822.4523654,20585.4,20592.27,-6.08769238,6.27,44.79965617
1667000833.1422122,20594.27,20594.27,-5.3722555,2.68,46.36257475
1667000843.081298,20594.27,20594.27,-5.3722555,2.68,46.36257475
1667000852.9957666,20594.27,20594.27,-5.3722555,2.68,46.36257475
1667000863.183001,20594.27,20594.11,-5.38501903,2.52,46.24975668
1667000873.0544813,20594.27,20594.11,-5.38501903,2.52,46.24975668
1667000883.0467818,20594.27,20594.11,-5.38501903,2.52,46.24975668
1667000893.1901498,20593.57,20593.57,-4.97445847,-5.0,45.87301625
1667000903.070558,20593.57,20593.57,-4.97445847,-5.0,45.87301625
1667000913.0749311,20593.57,20593.57,-4.97445847,-5.0,45.87301625
1667000923.0584955,20593.57,20598.17,-4.60750691,-0.4,49.63655953
1667000933.057105,20593.57,20598.17,-4.60750691,-0.4,49.63655953
1667000943.059132,20593.57,20598.17,-4.60750691,-0.4,49.63655953
1667000953.01341,20598.77,20598.77,-3.78230956,-2.22,50.04611246
1667000963.0089817,20598.77,20598.77,-3.78230956,-2.22,50.04611246
1667000973.0154693,20598.77,20598.77,-3.78230956,-2.22,50.04611246
1667000983.0153804,20598.77,20600.55,-3.64031526,-0.44,51.4426966
1667000993.053705,20598.77,20600.55,-3.64031526,-0.44,51.4426966
1667001003.1023114,20598.77,20600.55,-3.64031526,-0.44,51.4426966
1667001013.4818077,20599.61,20599.61,-3.10510454,-1.46,50.74674489
1667001023.4514046,20599.61,20599.61,-3.10510454,-1.46,50.74674489
1667001033.452228,20599.61,20599.61,-3.10510454,-1.46,50.74674489
1667001043.6295843,20599.61,20599.11,-3.14499058,-1.96,50.32999656
1667001053.447139,20599.61,20599.11,-3.14499058,-1.96,50.32999656
1667001063.4853606,20599.61,20599.11,-3.14499058,-1.96,50.32999656
1667001073.430329,20599.28,20599.28,-2.58954459,0.2,50.47248002
1667001083.5816474,20599.28,20599.28,-2.58954459,0.2,50.47248002
1667001093.440868,20599.28,20599.28,-2.58954459,0.2,50.47248002
1667001103.4828994,20599.28,20599.61,-2.5632198,0.53,50.76771643
1667001113.5098584,20599.28,20599.61,-2.5632198,0.53,50.76771643
1667001123.4745944,20599.28,20599.61,-2.5632198,0.53,50.76771643
1667001133.4733036,20606.44,20606.44,-1.16890202,26.83,56.21477688
1667001143.473626,20606.44,20606.44,-1.16890202,26.83,56.21477688
1667001153.489164,20606.44,20606.44,-1.16890202,26.83,56.21477688
1667001163.528801,20606.44,20608.99,-0.96548322,29.38,58.0648547
1667001173.685141,20606.44,20608.99,-0.96548322,29.38,58.0648547
1667001183.720163,20606.44,20608.99,-0.96548322,29.38,58.0648547
1667001194.031147,20607.23,20607.23,-0.28838334,20.7,56.59262207
1667001203.8556898,20607.23,20607.23,-0.28838334,20.7,56.59262207
1667001213.8825097,20607.23,20607.23,-0.28838334,20.7,56.59262207
1667001223.8607502,20607.23,20609.48,-0.10889616,22.95,58.4834331
1667001233.877597,20607.23,20609.48,-0.10889616,22.95,58.4834331
1667001243.9544077,20607.23,20609.48,-0.10889616,22.95,58.4834331
1667001253.8819344,20608.32,20608.32,0.42876568,26.14,57.59203111
1667001263.8867204,20608.32,20608.32,0.42876568,26.14,57.59203111
1667001274.1467383,20608.32,20608.32,0.42876568,26.14,57.59203111
1667001283.9566276,20608.32,20601.45,-0.11926851,19.27,50.87923291
1667001293.8788278,20608.32,20601.45,-0.11926851,19.27,50.87923291
1667001303.9120083,20608.32,20601.45,-0.11926851,19.27,50.87923291
1667001313.913425,20605.29,20605.29,0.52617026,20.8,54.51304615
1667001323.9382212,20605.29,20605.29,0.52617026,20.8,54.51304615
1667001333.854009,20605.29,20605.29,0.52617026,20.8,54.51304615
1667001343.8682864,20605.29,20595.35,-0.26676421,10.86,45.46179752
1667001353.8477564,20605.29,20595.35,-0.26676421,10.86,45.46179752
1667001363.9164317,20605.29,20595.35,-0.26676421,10.86,45.46179752
1667001374.5081065,20600.63,20600.63,0.12711242,6.36,49.85925188
1667001384.5181315,20600.63,20600.63,0.12711242,6.36,49.85925188
1667001394.5777898,20600.63,20600.63,0.12711242,6.36,49.85925188
1667001404.635907,20600.63,20595.39,-0.29089328,1.12,45.1877405
1667001414.5762277,20600.63,20595.39,-0.29089328,1.12,45.1877405
1667001424.564006,20600.63,20595.39,-0.29089328,1.12,45.1877405
1667001434.583744,20600.63,20595.39,-0.29089328,1.12,45.1877405
1667001444.5718925,20593.84,20593.84,-0.80385604,0.27,43.91976898
1667001454.5581317,20593.84,20593.84,-0.80385604,0.27,43.91976898
1667001464.5621126,20593.84,20593.08,-0.86448282,-0.49,43.30382066
1667001474.5581295,20593.84,20593.08,-0.86448282,-0.49,43.30382066
1667001484.5457375,20593.84,20593.08,-0.86448282,-0.49,43.30382066
1667001494.731908,20591.29,20591.29,-1.44309173,-8.21,41.85419423
1667001504.559582,20591.29,20591.29,-1.44309173,-8.21,41.85419423
1667001514.581272,20591.29,20591.29,-1.44309173,-8.21,41.85419423
1667001524.5787456,20591.29,20594.7,-1.17106893,-4.8,45.23431892
1667001534.576412,20591.29,20594.7,-1.17106893,-4.8,45.23431892
1667001544.6053238,20591.29,20594.7,-1.17106893,-4.8,45.23431892
1667001555.5106635,20594.99,20594.99,-1.27133634,-3.84,45.6023156
1667001565.5139463,20594.99,20594.99,-1.27133634,-3.84,45.6023156
1667001575.47957,20594.99,20594.99,-1.27133634,-3.84,45.6023156
1667001585.561151,20594.99,20593.87,-1.36068107,-4.96,44.62369197
1667001595.6895158,20594.99,20593.87,-1.36068107,-4.96,44.62369197
1667001605.4942715,20594.99,20593.87,-1.36068107,-4.96,44.62369197
1667001615.4991171,20591.84,20591.84,-1.84382158,-7.44,42.95298544
1667001625.5000138,20591.84,20591.84,-1.84382158,-7.44,42.95298544
1667001635.5207143,20591.84,20591.84,-1.84382158,-7.44,42.95298544
1667001645.487918,20591.84,20592.74,-1.77202671,-6.54,43.95483832
1667001655.5297203,20591.84,20592.74,-1.77202671,-6.54,43.95483832
1667001665.4851718,20591.84,20592.74,-1.77202671,-6.54,43.95483832
1667001675.5647678,20588.02,20588.02,-2.54240822,-17.68,39.85762325
1667001685.5085185,20588.02,20588.02,-2.54240822,-17.68,39.85762325
1667001695.5390768,20588.02,20588.02,-2.54240822,-17.68,39.85762325
1667001705.5075824,20588.02,20581.07,-3.09682418,-24.63,35.02591856
1667001715.5718074,20588.02,20581.07,-3.09682418,-24.63,35.02591856
1667001725.5541396,20588.02,20581.07,-3.09682418,-24.63,35.02591856
1667001735.9489548,20579.77,20579.77,-4.00409842,-28.17,34.20757722
1667001745.9136086,20579.77,20579.77,-4.00409842,-28.17,34.20757722
1667001756.0963094,20579.77,20579.77,-4.00409842,-28.17,34.20757722
1667001765.9802284,20579.77,20577.17,-4.21150583,-30.77,32.65024442
1667001775.938722,20579.77,20577.17,-4.21150583,-30.77,32.65024442
1667001785.9531,20579.77,20577.17,-4.21150583,-30.77,32.65024442
1667001795.9754746,20573.6,20573.6,-5.46109774,-34.13,30.69314851
1667001805.9138494,20573.6,20573.6,-5.46109774,-34.13,30.69314851
1667001815.9563875,20573.6,20573.6,-5.46109774,-34.13,30.69314851
1667001825.9465504,20573.6,20570.62,-5.69881853,-37.11,29.15312675
1667001835.960867,20573.6,20570.62,-5.69881853,-37.11,29.15312675
1667001845.9318955,20573.6,20570.62,-5.69881853,-37.11,29.15312675
1667001855.9557922,20567.36,20567.36,-7.15781349,-37.93,28.42822023
1667001866.1562595,20567.36,20567.36,-7.15781349,-37.93,28.42822023
1667001875.9930198,20567.36,20567.36,-7.15781349,-37.93,28.42822023
1667001886.2228634,20567.36,20558.9,-7.83268528,-46.39,24.15402393
1667001896.0257716,20567.36,20558.9,-7.83268528,-46.39,24.15402393
1667001905.995103,20567.36,20558.9,-7.83268528,-46.39,24.15402393
1667001916.5948513,20558.41,20558.41,-9.1221774,-42.22,23.93523317
1667001926.672811,20558.41,20558.41,-9.1221774,-42.22,23.93523317
1667001936.520052,20558.41,20558.41,-9.1221774,-42.22,23.93523317
1667001946.5927489,20558.41,20568.96,-8.28058196,-31.67,34.2753604
1667001956.533567,20558.41,20568.96,-8.28058196,-31.67,34.2753604
1667001966.5917237,20558.41,20568.96,-8.28058196,-31.67,34.2753604
1667001976.5981808,20570.3,20570.3,-8.38130427,-24.38,35.70141666
1667001986.5365095,20570.3,20570.3,-8.38130427,-24.38,35.70141666
1667001996.5631769,20570.3,20570.3,-8.38130427,-24.38,35.70141666
1667002006.5218208,20570.3,20573.25,-8.14597663,-21.43,38.23442193
1667002016.5677128,20570.3,20573.25,-8.14597663,-21.43,38.23442193
1667002026.5482454,20570.3,20573.25,-8.14597663,-21.43,38.23442193
1667002036.5390244,20576.29,20576.29,-7.69147115,-16.13,40.89906248
1667002046.5752697,20576.29,20576.29,-7.69147115,-16.13,40.89906248
1667002056.932837,20576.29,20576.29,-7.69147115,-16.13,40.89906248
1667002066.5982678,20576.29,20569.49,-8.23392129,-22.93,36.79629601
1667002076.948346,20576.29,20569.49,-8.23392129,-22.93,36.79629601
1667002086.5804744,20576.29,20569.49,-8.23392129,-22.93,36.79629601
1667002097.2986195,20571.42,20571.42,-8.03723906,-24.29,37.79030299
1667002107.3191488,20571.42,20571.42,-8.03723906,-24.29,37.79030299
1667002117.294426,20571.42,20571.42,-8.03723906,-24.29,37.79030299
1667002127.2956903,20571.42,20569.07,-8.22470345,-26.64,36.47209655
1667002137.296072,20571.42,20569.07,-8.22470345,-26.64,36.47209655
1667002147.3184364,20571.42,20569.07,-8.22470345,-26.64,36.47209655
1667002157.3558626,20572.16,20572.16,-7.77229871,-19.68,38.64189301
1667002167.3586214,20572.16,20572.16,-7.77229871,-19.68,38.64189301
1667002177.4624634,20572.16,20572.16,-7.77229871,-19.68,38.64189301
1667002187.390114,20572.16,20578.98,-7.22825313,-12.86,44.53225013
1667002197.3841898,20572.16,20578.98,-7.22825313,-12.86,44.53225013
1667002207.4624512,20572.16,20578.98,-7.22825313,-12.86,44.53225013
1667002217.3605485,20587.14,20587.14,-5.51232392,-2.05,50.5970933
1667002227.3317611,20587.14,20587.14,-5.51232392,-2.05,50.5970933
1667002237.3525493,20587.14,20587.14,-5.51232392,-2.05,50.5970933
1667002247.3538826,20587.14,20587.7,-5.46765155,-1.49,50.99072212
1667002257.3276603,20587.14,20587.7,-5.46765155,-1.49,50.99072212
1667002267.3671706,20587.14,20587.7,-5.46765155,-1.49,50.99072212
1667002277.9117727,20599.12,20599.12,-2.880965,18.42,57.84092633
1667002287.934857,20599.12,20599.12,-2.880965,18.42,57.84092633
1667002297.956386,20599.12,20599.12,-2.880965,18.42,57.84092633
1667002307.9336612,20599.12,20598.1,-2.96233252,17.4,57.07360151
1667002317.944264,20599.12,20598.1,-2.96233252,17.4,57.07360151
1667002327.9407053,20599.12,20598.1,-2.96233252,17.4,57.07360151
1667002337.9438157,20597.07,20597.07,-1.79611704,22.54,56.29302
1667002347.9529212,20597.07,20597.07,-1.79611704,22.54,56.29302
1667002357.928861,20597.07,20597.07,-1.79611704,22.54,56.29302
1667002368.1514888,20597.07,20591.21,-2.26358142,16.68,52.0771015
1667002377.9091318,20597.07,20591.21,-2.26358142,16.68,52.0771015
1667002388.2100654,20597.07,20591.21,-2.26358142,16.68,52.0771015
1667002397.960594,20595.15,20595.15,-1.14455594,28.81,54.77712793
1667002407.998776,20595.15,20595.15,-1.14455594,28.81,54.77712793
1667002417.996976,20595.15,20595.15,-1.14455594,28.81,54.77712793
1667002427.984535,20595.15,20588.26,-1.69418557,21.92,49.89480178
1667002438.026958,20595.15,20588.26,-1.69418557,21.92,49.89480178
1667002447.9501352,20595.15,20588.26,-1.69418557,21.92,49.89480178
1667002458.7685328,20592.74,20592.74,-0.85458288,32.79,52.9951723
1667002468.8246934,20592.74,20592.74,-0.85458288,32.79,52.9951723
1667002478.7952075,20592.74,20592.74,-0.85458288,32.79,52.9951723
1667002488.7846508,20592.74,20598.99,-0.35600738,39.04,56.94497428
1667002498.8025794,20592.74,20598.99,-0.35600738,39.04,56.94497428
1667002508.7799046,20592.74,20598.99,-0.35600738,39.04,56.94497428
1667002518.7675774,20602.19,20602.19,0.92946663,31.37,58.72093232
1667002528.8090148,20602.19,20602.19,0.92946663,31.37,58.72093232
1667002538.799516,20602.19,20602.19,0.92946663,31.37,58.72093232
1667002548.795289,20602.19,20598.44,0.63032133,27.62,55.81537997
1667002559.121489,20602.19,20598.44,0.63032133,27.62,55.81537997
1667002568.8376296,20602.19,20598.44,0.63032133,27.62,55.81537997
1667002578.8528342,20593.64,20593.64,0.51736452,18.28,52.49085658
1667002588.8644636,20593.64,20593.64,0.51736452,18.28,52.49085658
1667002598.816285,20593.64,20593.64,0.51736452,18.28,52.49085658
1667002608.8527975,20593.64,20584.28,-0.22930215,8.92,46.65513873
1667002618.837582,20593.64,20584.28,-0.22930215,8.92,46.65513873
1667002628.8886385,20593.64,20584.28,-0.22930215,8.92,46.65513873
1667002639.7221954,20587.85,20587.85,-0.10907143,15.93,48.73873334
1667002649.798795,20587.85,20587.85,-0.10907143,15.93,48.73873334
1667002659.675997,20587.85,20587.85,-0.10907143,15.93,48.73873334
1667002669.7367487,20587.85,20589.1,-0.00935633,17.18,49.5759356
1667002679.7434042,20587.85,20589.1,-0.00935633,17.18,49.5759356
1667002689.7698488,20587.85,20589.1,-0.00935633,17.18,49.5759356
1667002699.7188058,20587.68,20587.68,-0.24703552,14.44,48.62272144
1667002709.7417026,20587.68,20587.68,-0.24703552,14.44,48.62272144
1667002720.097874,20587.68,20587.68,-0.24703552,14.44,48.62272144
1667002729.7419226,20587.68,20589.51,-0.10105262,16.27,49.93620262
1667002739.779905,20587.68,20589.51,-0.10105262,16.27,49.93620262
1667002749.7443535,20587.68,20589.51,-0.10105262,16.27,49.93620262
1667002759.7688663,20591.3,20591.3,0.15403179,4.81,51.17089567
1667002769.7452755,20591.3,20591.3,0.15403179,4.81,51.17089567
1667002779.9988692,20591.3,20591.3,0.15403179,4.81,51.17089567
1667002789.7819445,20591.3,20590.26,0.07106883,3.77,50.40477175
1667002799.7586489,20591.3,20590.26,0.07106883,3.77,50.40477175
1667002809.8099165,20591.3,20590.26,0.07106883,3.77,50.40477175
1667002820.1622124,20592.19,20592.19,0.34536304,-6.93,51.8325666
1667002830.2097652,20592.19,20592.19,0.34536304,-6.93,51.8325666
1667002840.2247574,20592.19,20592.19,0.34536304,-6.93,51.8325666
1667002850.1945589,20592.19,20591.98,0.3286109,-7.14,51.67436984
1667002860.1662302,20592.19,20591.98,0.3286109,-7.14,51.67436984
1667002870.27886,20592.19,20591.98,0.3286109,-7.14,51.67436984
1667002880.5936952,20589.62,20589.62,0.10990423,-7.92,49.83302672
1667002890.2345045,20589.62,20589.62,0.10990423,-7.92,49.83302672
1667002900.4271083,20589.62,20589.62,0.10990423,-7.92,49.83302672
1667002910.1737306,20589.62,20597.99,0.77759654,0.45,55.9000028
1667002920.2559657,20589.62,20597.99,0.77759654,0.45,55.9000028
1667002930.254012,20589.62,20597.99,0.77759654,0.45,55.9000028
1667002940.372596,20598.48,20598.48,1.33727084,4.08,56.2100299
1667002950.5021982,20598.48,20598.48,1.33727084,4.08,56.2100299
1667002960.217948,20598.48,20598.48,1.33727084,4.08,56.2100299
1667002970.321781,20598.48,20591.12,0.75014833,-3.28,50.47063297
1667002980.2818708,20598.48,20591.12,0.75014833,-3.28,50.47063297
1667002990.2550385,20598.48,20591.12,0.75014833,-3.28,50.47063297
1667003000.88505,20578.25,20578.25,-1.12986536,-13.52,42.82444575
1667003010.5773618,20578.25,20578.25,-1.12986536,-13.52,42.82444575
1667003020.645465,20578.25,20580.43,-0.95596223,-11.34,44.362034
1667003030.6035738,20578.25,20580.43,-0.95596223,-11.34,44.362034
1667003040.9619725,20578.25,20580.43,-0.95596223,-11.34,44.362034
1667003050.6553545,20585.1,20585.1,-0.81723308,-17.09,47.39268674
1667003060.6627517,20585.1,20585.1,-0.81723308,-17.09,47.39268674
1667003070.6186388,20585.1,20585.1,-0.81723308,-17.09,47.39268674
1667003080.691817,20585.1,20580.7,-1.16823023,-21.49,44.91050622
1667003090.6109004,20585.1,20580.7,-1.16823023,-21.49,44.91050622
1667003100.6575472,20585.1,20580.7,-1.16823023,-21.49,44.91050622
1667003110.6715205,20582.74,20582.74,-1.32471706,-10.9,46.0282018
1667003120.6511753,20582.74,20582.74,-1.32471706,-10.9,46.0282018
1667003130.697851,20582.74,20582.74,-1.32471706,-10.9,46.0282018
1667003140.656505,20582.74,20582.74,-1.32471706,-10.9,46.0282018
1667003150.6710484,20582.74,20582.18,-1.36938943,-11.46,45.69203208
1667003160.6603274,20582.74,20582.18,-1.36938943,-11.46,45.69203208
1667003170.8632436,20580.52,20580.52,-1.8735479,-7.11,44.72376971
1667003181.4823442,20580.52,20580.52,-1.8735479,-7.11,44.72376971
1667003191.441651,20580.52,20580.52,-1.8735479,-7.11,44.72376971
1667003201.7953632,20580.52,20576.61,-2.18545674,-11.02,42.44234918
1667003211.508461,20580.52,20576.61,-2.18545674,-11.02,42.44234918
1667003221.4425938,20580.52,20576.61,-2.18545674,-11.02,42.44234918
1667003231.4691856,20583.74,20583.74,-1.75292645,-3.94,47.12320721
1667003241.5196838,20583.74,20583.74,-1.75292645,-3.94,47.12320721
1667003251.5052018,20583.74,20583.74,-1.75292645,-3.94,47.12320721
1667003261.5132494,20583.74,20575.21,-2.43338229,-12.47,41.82715268
1667003271.4269502,20583.74,20575.21,-2.43338229,-12.47,41.82715268
1667003281.4885693,20583.74,20575.21,-2.43338229,-12.47,41.82715268
1667003291.4468846,20579.87,20579.87,-2.32114282,-11.17,44.52012713
1667003301.5027752,20579.87,20579.87,-2.32114282,-11.17,44.52012713
1667003311.5103204,20579.87,20579.87,-2.32114282,-11.17,44.52012713
1667003321.4397807,20579.87,20585.47,-1.87441917,-5.57,48.7872833
1667003331.6344132,20579.87,20585.47,-1.87441917,-5.57,48.7872833
1667003341.500902,20579.87,20585.47,-1.87441917,-5.57,48.7872833
1667003351.5392432,20579.87,20585.47,-1.87441917,-5.57,48.7872833
1667003362.478438,20587.55,20587.55,-1.3581383,-4.04,50.16057421
1667003372.3522508,20587.55,20587.55,-1.3581383,-4.04,50.16057421
1667003382.323249,20587.55,20590.34,-1.1355742,-1.25,52.08862965
1667003392.3176503,20587.55,20590.34,-1.1355742,-1.25,52.08862965
1667003402.3945105,20587.55,20590.34,-1.1355742,-1.25,52.08862965
1667003412.3216846,20590.46,20590.46,-0.75306661,0.84,52.20208656
1667003422.3506365,20590.46,20590.46,-0.75306661,0.84,52.20208656
1667003432.3418152,20590.46,20590.46,-0.75306661,0.84,52.20208656
1667003442.379115,20590.46,20592.05,-0.62622901,2.43,53.30584786
1667003452.3720045,20590.46,20592.05,-0.62622901,2.43,53.30584786
1667003462.353523,20590.46,20592.05,-0.62622901,2.43,53.30584786
1667003472.363081,20594.92,20594.92,0.2200522,-3.56,55.17428389
1667003482.3325093,20594.92,20594.92,0.2200522,-3.56,55.17428389
1667003492.5173376,20594.92,20594.92,0.2200522,-3.56,55.17428389
1667003502.403288,20594.92,20594.92,0.2200522,-3.56,55.17428389
1667003512.4008324,20594.92,20595.14,0.23760205,-3.34,55.32186686
1667003522.399094,20594.92,20595.14,0.23760205,-3.34,55.32186686
1667003532.415599,20595.22,20595.22,0.74362051,16.97,55.37529273
1667003543.0736637,20595.22,20595.22,0.74362051,16.97,55.37529273
1667003553.0870574,20595.22,20595.22,0.74362051,16.97,55.37529273
1667003563.0867412,20595.22,20590.62,0.37666894,12.37,51.55759258
1667003573.0656536,20595.22,20590.62,0.37666894,12.37,51.55759258
1667003583.0510807,20595.22,20590.62,0.37666894,12.37,51.55759258
1667003593.2629237,20587.8,20587.8,0.12757801,2.7,49.42261175
1667003603.0356283,20587.8,20587.8,0.12757801,2.7,49.42261175
1667003613.0896978,20587.8,20587.8,0.12757801,2.7,49.42261175
1667003623.064262,20587.8,20579.49,-0.53532797,-5.61,43.7921618
1667003633.040488,20587.8,20579.49,-0.53532797,-5.61,43.7921618
1667003643.1075344,20587.8,20579.49,-0.53532797,-5.61,43.7921618
1667003653.1787426,20578.04,20578.04,-1.35636532,-4.7,43.07098434
1667003663.0857637,20578.04,20578.04,-1.35636532,-4.7,43.07098434
1667003673.0753298,20578.04,20578.04,-1.35636532,-4.7,43.07098434
1667003683.2033098,20578.04,20576.71,-1.46246218,-6.03,42.15060413
1667003693.043442,20578.04,20576.71,-1.46246218,-6.03,42.15060413
1667003703.0870774,20578.04,20576.71,-1.46246218,-6.03,42.15060413
1667003713.068522,20578.04,20576.71,-1.46246218,-6.03,42.15060413
1667003723.7004793,20574.25,20574.25,-2.39556088,-6.27,40.72688351
1667003733.763832,20574.25,20574.25,-2.39556088,-6.27,40.72688351
1667003743.7243383,20574.25,20570.19,-2.71943552,-10.33,38.42035938
1667003753.7431242,20574.25,20570.19,-2.71943552,-10.33,38.42035938
1667003763.7166286,20574.25,20570.19,-2.71943552,-10.33,38.42035938
1667003773.7511666,20574.25,20570.19,-2.71943552,-10.33,38.42035938
1667003783.744454,20570.94,20570.94,-3.51264292,-11.75,39.41289885
1667003793.685388,20570.94,20570.94,-3.51264292,-11.75,39.41289885
1667003803.7845335,20570.94,20571.56,-3.46318423,-11.13,39.95263929
1667003814.063227,20570.94,20571.56,-3.46318423,-11.13,39.95263929
1667003823.768111,20570.94,20571.56,-3.46318423,-11.13,39.95263929
1667003833.7750735,20563.9,20563.9,-5.03551394,-15.97,35.13305555
1667003843.739053,20563.9,20563.9,-5.03551394,-15.97,35.13305555
1667003853.9736288,20563.9,20563.9,-5.03551394,-15.97,35.13305555
1667003863.7778509,20563.9,20566.48,-4.82970198,-13.39,37.5178467
1667003873.770588,20563.9,20566.48,-4.82970198,-13.39,37.5178467
1667003883.753117,20563.9,20566.48,-4.82970198,-13.39,37.5178467
1667003893.7444515,20562.95,20562.95,-5.86617558,-25.48,34.65135223
1667003904.700643,20562.95,20562.95,-5.86617558,-25.48,34.65135223
1667003914.6975124,20562.95,20562.95,-5.86617558,-25.48,34.65135223
1667003924.717811,20562.95,20560.53,-6.05922401,-27.9,33.37749817
1667003934.7009456,20562.95,20560.53,-6.05922401,-27.9,33.37749817
1667003944.6952507,20562.95,20560.53,-6.05922401,-27.9,33.37749817
1667003954.7378094,20562.06,20562.06,-6.56213376,-27.73,34.585486
1667003964.73634,20562.06,20562.06,-6.56213376,-27.73,34.585486
1667003974.814379,20562.06,20562.06,-6.56213376,-27.73,34.585486
1667003984.7719767,20562.06,20562.06,-6.56213376,-27.73,34.585486
1667003994.7176232,20562.06,20565.39,-6.29649273,-24.4,37.95193741
1667004004.7236292,20562.06,20565.39,-6.29649273,-24.4,37.95193741
1667004014.7501068,20561.06,20561.06,-7.07148131,-33.86,33.63754178
1667004024.741747,20561.06,20561.06,-7.07148131,-33.86,33.63754178
1667004034.7590382,20561.06,20561.06,-7.07148131,-33.86,33.63754178
1667004044.7554305,20561.06,20564.3,-6.81301977,-30.62,37.23502992
1667004054.754495,20561.06,20564.3,-6.81301977,-30.62,37.23502992
1667004064.7368855,20561.06,20564.3,-6.81301977,-30.62,37.23502992
1667004074.760805,20562.76,20562.76,-7.08714038,-32.46,35.57503481
1667004085.353771,20562.76,20562.76,-7.08714038,-32.46,35.57503481
1667004095.3673396,20562.76,20562.76,-7.08714038,-32.46,35.57503481
1667004105.3562102,20562.76,20564.47,-6.95073012,-30.75,37.55009942
1667004115.325811,20562.76,20564.47,-6.95073012,-30.75,37.55009942
1667004125.2942448,20562.76,20564.47,-6.95073012,-30.75,37.55009942
1667004135.4668171,20566.67,20566.67,-6.57216555,-21.94,39.91975581
1667004145.3544753,20566.67,20566.67,-6.57216555,-21.94,39.91975581
1667004155.3117568,20566.67,20566.67,-6.57216555,-21.94,39.91975581
1667004165.360556,20566.67,20565.05,-6.70139632,-23.56,38.7536362
1667004175.3716075,20566.67,20565.05,-6.70139632,-23.56,38.7536362
1667004185.395545,20566.67,20565.05,-6.70139632,-23.56,38.7536362
1667004195.359753,20573.18,20573.18,-5.41790198,-4.32,46.40093233
1667004205.3453252,20573.18,20573.18,-5.41790198,-4.32,46.40093233
1667004215.3846743,20573.18,20573.18,-5.41790198,-4.32,46.40093233
1667004225.3492086,20573.18,20573.62,-5.38280227,-3.88,46.81851169
1667004235.4254758,20573.18,20573.62,-5.38280227,-3.88,46.81851169
1667004245.4164677,20573.18,20573.62,-5.38280227,-3.88,46.81851169
1667004255.4217508,20572.2,20572.2,-4.96581779,-2.05,45.57204238
1667004266.1931076,20572.2,20572.2,-4.96581779,-2.05,45.57204238
1667004276.254919,20572.2,20572.2,-4.96581779,-2.05,45.57204238
1667004286.225122,20572.2,20571.54,-5.01846736,-2.71,45.01131985
1667004296.2514362,20572.2,20571.54,-5.01846736,-2.71,45.01131985
1667004306.2426858,20572.2,20571.54,-5.01846736,-2.71,45.01131985
1667004316.213766,20569.44,20569.44,-4.8468347,0.11,43.24869726
1667004326.4409394,20569.44,20569.44,-4.8468347,0.11,43.24869726
1667004336.2828753,20569.44,20569.44,-4.8468347,0.11,43.24869726
1667004346.2781525,20569.44,20570.39,-4.77105122,1.06,44.05606398
1667004356.236171,20569.44,20570.39,-4.77105122,1.06,44.05606398
1667004366.489391,20569.44,20570.39,-4.77105122,1.06,44.05606398
1667004376.2494926,20568.12,20568.12,-4.78247906,4.22,42.17478607
1667004386.2747183,20568.12,20568.12,-4.78247906,4.22,42.17478607
1667004396.491927,20568.12,20568.12,-4.78247906,4.22,42.17478607
1667004406.2479854,20568.12,20570.03,-4.63011439,6.13,44.32890281
1667004416.290666,20568.12,20570.03,-4.63011439,6.13,44.32890281
1667004426.287489,20568.12,20570.03,-4.63011439,6.13,44.32890281
1667004436.2987125,20577.99,20577.99,-3.1998097,15.05,51.81034769
1667004447.0777092,20577.99,20577.99,-3.1998097,15.05,51.81034769
1667004456.9376328,20577.99,20577.99,-3.1998097,15.05,51.81034769
1667004466.9508178,20577.99,20584.92,-2.64698919,21.98,57.20268525
1667004476.922961,20577.99,20584.92,-2.64698919,21.98,57.20268525
1667004486.976122,20577.99,20584.92,-2.64698919,21.98,57.20268525
1667004496.9404814,20581.49,20581.49,-2.09411922,20.18,54.74044107
1667004506.9658062,20581.49,20581.49,-2.09411922,20.18,54.74044107
1667004516.9294295,20581.49,20581.49,-2.09411922,20.18,54.74044107
1667004526.9128993,20581.49,20581.71,-2.07656936,20.4,54.92280883
1667004536.9299908,20581.49,20581.71,-2.07656936,20.4,54.92280883
1667004546.9748204,20581.49,20581.71,-2.07656936,20.4,54.92280883
1667004556.942114,20579.41,20579.41,-1.6673805,18.35,52.80217402
1667004566.927338,20579.41,20579.41,-1.6673805,18.35,52.80217402
1667004576.9152794,20579.41,20579.41,-1.6673805,18.35,52.80217402
1667004586.9505503,20579.41,20581.94,-1.46555714,20.88,55.03460074
1667004596.936271,20579.41,20581.94,-1.46555714,20.88,55.03460074
1667004607.0097225,20579.41,20581.94,-1.46555714,20.88,55.03460074
1667004616.9409778,20581.08,20581.08,-0.94796526,18.32,54.29983153
1667004627.492845,20581.08,20581.08,-0.94796526,18.32,54.29983153
1667004637.4853854,20581.08,20581.08,-0.94796526,18.32,54.29983153
1667004647.5966177,20581.08,20578.37,-1.16414759,15.61,51.44692565
1667004657.5612278,20581.08,20578.37,-1.16414759,15.61,51.44692565
1667004667.516268,20581.08,20578.37,-1.16414759,15.61,51.44692565
1667004677.5319505,20580.66,20580.66,-0.5649799,13.99,53.80019787
1667004687.4969645,20580.66,20580.66,-0.5649799,13.99,53.80019787
1667004697.4995492,20580.66,20580.66,-0.5649799,13.99,53.80019787
1667004707.5334792,20580.66,20582.82,-0.3926722,16.15,55.84523154
1667004717.5046449,20580.66,20582.82,-0.3926722,16.15,55.84523154
1667004727.5016253,20580.66,20582.82,-0.3926722,16.15,55.84523154
1667004737.5430472,20583.06,20583.06,0.13516291,9.88,56.06133647
1667004747.5416112,20583.06,20583.06,0.13516291,9.88,56.06133647
1667004757.544889,20583.06,20583.06,0.13516291,9.88,56.06133647
1667004767.552542,20583.06,20583.46,0.16707174,10.28,56.44395757
1667004777.5300767,20583.06,20583.46,0.16707174,10.28,56.44395757
1667004787.7697437,20583.06,20583.46,0.16707174,10.28,56.44395757
1667004797.5664008,20580.08,20580.08,0.11090852,7.37,52.61776447
1667004807.9579327,20580.08,20580.08,0.11090852,7.37,52.61776447
1667004817.8879406,20580.08,20580.08,0.11090852,7.37,52.61776447
1667004827.8509252,20580.08,20589.86,0.89107946,17.15,61.06945328
1667004837.8920677,20580.08,20589.86,0.89107946,17.15,61.06945328
1667004847.8966234,20580.08,20589.86,0.89107946,17.15,61.06945328
1667004857.918585,20592.93,20592.93,2.09339836,22.37,63.13367939
1667004867.8624177,20592.93,20592.93,2.09339836,22.37,63.13367939
1667004877.9226837,20592.93,20592.93,2.09339836,22.37,63.13367939
1667004887.932784,20592.93,20597.13,2.42844109,26.57,65.80499404
1667004897.9169748,20592.93,20597.13,2.42844109,26.57,65.80499404
1667004907.91267,20592.93,20597.13,2.42844109,26.57,65.80499404
1667004917.8786504,20603.91,20603.91,4.37181639,35.79,69.38593126
1667004927.9315965,20603.91,20603.91,4.37181639,35.79,69.38593126
1667004937.9011447,20603.91,20603.91,4.37181639,35.79,69.38593126
1667004947.921971,20603.91,20606.2,4.55449445,38.08,70.50926822
1667004957.901431,20603.91,20606.2,4.55449445,38.08,70.50926822
1667004968.0916495,20603.91,20606.2,4.55449445,38.08,70.50926822
1667004977.91566,20617.77,20617.77,7.38012014,39.78,75.12149942
1667004988.9830496,20617.77,20617.77,7.38012014,39.78,75.12149942
1667004999.0492573,20617.77,20617.77,7.38012014,39.78,75.12149942
1667005008.7497504,20617.77,20613.66,7.05225689,35.67,70.88070983
1667005018.8167746,20617.77,20613.66,7.05225689,35.67,70.88070983
1667005028.821858,20617.77,20613.66,7.05225689,35.67,70.88070983
1667005038.9006228,20614.43,20614.43,8.31455566,33.73,71.63837462
1667005048.8114862,20614.43,20614.43,8.31455566,33.73,71.63837462
1667005058.8121183,20614.43,20614.43,8.31455566,33.73,71.63837462
1667005068.8092573,20614.43,20617.16,8.53233344,36.46,72.75052568
1667005078.7979636,20614.43,20617.16,8.53233344,36.46,72.75052568
1667005088.8349028,20614.43,20617.16,8.53233344,36.46,72.75052568
1667005098.817179,20619.57,20619.57,9.88726199,40.16,73.66225445
1667005108.8191924,20619.57,20619.57,9.88726199,40.16,73.66225445
1667005118.848691,20619.57,20619.57,9.88726199,40.16,73.66225445
1667005128.8673,20619.57,20624.39,10.27176341,44.98,75.43268883
1667005138.845777,20619.57,20624.39,10.27176341,44.98,75.43268883
1667005148.811084,20619.57,20624.39,10.27176341,44.98,75.43268883
1667005159.0873244,20623.13,20623.13,11.18876703,42.05,74.99326692
1667005169.5000966,20623.13,20623.13,11.18876703,42.05,74.99326692
1667005179.533625,20623.13,20623.13,11.18876703,42.05,74.99326692
1667005189.7161942,20623.13,20621.47,11.05634538,40.39,73.13723751
1667005199.524867,20623.13,20621.47,11.05634538,40.39,73.13723751
1667005209.4517877,20623.13,20621.47,11.05634538,40.39,73.13723751
1667005219.5634873,20620.73,20620.73,11.56599794,40.52,72.27682335
1667005229.516166,20620.73,20620.73,11.56599794,40.52,72.27682335
1667005239.5346408,20620.73,20620.73,11.56599794,40.52,72.27682335
1667005249.5416062,20620.73,20622.71,11.72394666,42.5,73.67487335
1667005259.5071476,20620.73,20622.71,11.72394666,42.5,73.67487335
1667005269.608194,20620.73,20622.71,11.72394666,42.5,73.67487335
1667054617.4462762,20829.47,20829.47,-0.33153087,36.04,53.31955657
1667054627.3529315,20829.47,20828.76,-0.38816905,35.33,53.02532031
1667054637.3140306,20829.47,20828.76,-0.38816905,35.33,53.02532031
1667054657.439221,20829.4,20829.4,0.31793282,25.74,53.29040234
1667054667.5358186,20829.4,20829.4,0.31793282,25.74,53.29040234
1667054677.441079,20829.4,20829.4,0.31793282,25.74,53.29040234
1667054687.4748695,20829.4,20822.61,-0.2237196,18.95,50.41103494
1667054697.5246215,20829.4,20822.61,-0.2237196,18.95,50.41103494
1667054707.4929247,20829.4,20822.61,-0.2237196,18.95,50.41103494
1667054717.4747698,20823.06,20823.06,0.03660512,24.11,50.53910951
1667054727.4123569,20823.06,20823.06,0.03660512,24.11,50.53910951
1667054737.427824,20823.06,20823.06,0.03660512,24.11,50.53910951
1667054747.428465,20823.06,20821.79,-0.06470542,22.84,49.99362389
1667054757.7318122,20823.06,20821.79,-0.06470542,22.84,49.99362389
1667054767.5861328,20823.06,20821.79,-0.06470542,22.84,49.99362389
1667054777.5051837,20811.28,20811.28,-1.50405567,2.25,45.86923889
1667054787.5127203,20811.28,20811.28,-1.50405567,2.25,45.86923889
1667054797.8126364,20811.28,20811.28,-1.50405567,2.25,45.86923889
1667054807.8933372,20811.28,20797.91,-2.57060838,-11.12,41.23919428
1667054817.4783847,20811.28,20797.91,-2.57060838,-11.12,41.23919428
1667054827.5282035,20811.28,20797.91,-2.57060838,-11.12,41.23919428
1667054838.001333,20800.06,20800.06,-3.53664947,-3.46,41.89391108
1667054848.030316,20800.06,20800.06,-3.53664947,-3.46,41.89391108
1667054858.097771,20800.06,20800.06,-3.53664947,-3.46,41.89391108
1667054868.0729306,20800.06,20795.6,-3.89243295,-7.92,40.40546661
1667054878.072117,20800.06,20795.6,-3.89243295,-7.92,40.40546661
1667054888.0654874,20800.06,20795.6,-3.89243295,-7.92,40.40546661
1667054898.0750458,20790.46,20790.46,-5.80966885,-23.69,38.81610772
1667054908.076739,20790.46,20790.46,-5.80966885,-23.69,38.81610772
1667054918.0390458,20790.46,20790.46,-5.80966885,-23.69,38.81610772
1667054928.084024,20790.46,20788.58,-5.95964036,-25.57,38.22387019
1667054938.151597,20790.46,20788.58,-5.95964036,-25.57,38.22387019
1667054948.0724294,20790.46,20788.58,-5.95964036,-25.57,38.22387019
1667054958.0648873,20781.79,20781.79,-8.14993509,-36.63,36.22752985
1667054968.2686937,20781.79,20781.79,-8.14993509,-36.63,36.22752985
1667054978.122425,20781.79,20781.79,-8.14993509,-36.63,36.22752985
1667054988.0464823,20781.79,20793.63,-7.20543366,-24.79,41.92349126
1667054998.2081854,20781.79,20793.63,-7.20543366,-24.79,41.92349126
1667055008.1263251,20781.79,20793.63,-7.20543366,-24.79,41.92349126
1667055018.716633,20790.4,20790.4,-8.13159863,-32.95,40.47305649
1667055028.733359,20790.4,20790.4,-8.13159863,-32.95,40.47305649
1667055038.6608424,20790.4,20790.4,-8.13159863,-32.95,40.47305649
1667055048.9079418,20790.4,20799.49,-7.40647042,-23.86,44.66166557
1667055058.7217214,20790.4,20799.49,-7.40647042,-23.86,44.66166557
1667055068.7163324,20790.4,20799.49,-7.40647042,-23.86,44.66166557
1667055078.915583,20795.19,20795.19,-7.88555897,-29.23,42.7562537
1667055088.9193976,20795.19,20795.19,-7.88555897,-29.23,42.7562537
1667055098.7502398,20795.19,20795.19,-7.88555897,-29.23,42.7562537
1667055108.7452805,20795.19,20799.02,-7.58003191,-25.4,44.58643403
1667055118.8079166,20795.19,20799.02,-7.58003191,-25.4,44.58643403
1667055128.7040918,20795.19,20799.02,-7.58003191,-25.4,44.58643403
1667055138.7839124,20795.44,20795.44,-7.93655805,-34.03,43.02760421
1667055148.7194777,20795.44,20795.44,-7.93655805,-34.03,43.02760421
1667055158.8586574,20795.44,20795.44,-7.93655805,-34.03,43.02760421
1667055168.7438686,20795.44,20800.74,-7.51376603,-28.73,45.65494594
1667055178.799209,20795.44,20800.74,-7.51376603,-28.73,45.65494594
1667055188.7497773,20795.44,20800.74,-7.51376603,-28.73,45.65494594
1667055199.317353,20802.22,20802.22,-6.87263226,-27.18,46.34588691
1667055209.3090162,20802.22,20802.22,-6.87263226,-27.18,46.34588691
1667055219.2649782,20802.22,20802.22,-6.87263226,-27.18,46.34588691
1667055229.3085809,20802.22,20802.9,-6.81838725,-26.5,46.68130948
1667055239.3341997,20802.22,20802.9,-6.81838725,-26.5,46.68130948
1667055249.352971,20802.22,20802.9,-6.81838725,-26.5,46.68130948
1667055259.656973,20801.84,20801.84,-6.43821588,-22.93,46.18352857
1667055269.3880043,20801.84,20801.84,-6.43821588,-22.93,46.18352857
1667055279.3092844,20801.84,20801.84,-6.43821588,-22.93,46.18352857
1667055289.348605,20801.84,20794.79,-7.00060904,-29.98,43.16246514
1667055299.3486023,20801.84,20794.79,-7.00060904,-29.98,43.16246514
1667055314.3909996,20790.67,20790.67,-7.51816997,-21.52,41.54464701
1667055324.4124851,20790.67,20790.67,-7.51816997,-21.52,41.54464701
1667055329.5234733,20790.67,20790.67,-7.51816997,-21.52,41.54464701
1667055339.356262,20790.67,20790.67,-7.51816997,-21.52,41.54464701
1667055349.3970516,20790.67,20796.24,-7.07383948,-15.95,44.41497827
1667055359.4469306,20790.67,20796.24,-7.07383948,-15.95,44.41497827
1667055369.564184,20790.67,20796.24,-7.07383948,-15.95,44.41497827
1667055380.4633784,20801.65,20801.65,-6.09083072,0.55,47.07726706
1667055390.2701712,20801.65,20801.65,-6.09083072,0.55,47.07726706
1667055400.4776514,20801.65,20801.65,-6.09083072,0.55,47.07726706
1667055410.308122,20801.65,20797.85,-6.39396463,-3.25,45.43129113
1667055420.3626635,20801.65,20797.85,-6.39396463,-3.25,45.43129113
1667055430.4079518,20801.65,20797.85,-6.39396463,-3.25,45.43129113
1667055440.2514791,20802.95,20802.95,-5.48259502,12.49,47.77247942
1667055450.2508924,20802.95,20802.95,-5.48259502,12.49,47.77247942
1667055460.2525177,20802.95,20802.95,-5.48259502,12.49,47.77247942
1667055470.2593596,20802.95,20811.1,-4.83245257,20.64,51.7565125
1667055480.2575445,20802.95,20811.1,-4.83245257,20.64,51.7565125
1667055490.299783,20802.95,20811.1,-4.83245257,20.64,51.7565125
1667055500.3417916,20809.83,20809.83,-4.03448701,28.04,51.21098573
1667055510.302159,20809.83,20809.83,-4.03448701,28.04,51.21098573
1667055520.3135753,20809.83,20809.83,-4.03448701,28.04,51.21098573
1667055530.2709746,20809.83,20814.13,-3.69146707,32.34,53.25975653
1667055540.647587,20809.83,20814.13,-3.69146707,32.34,53.25975653
1667055550.425584,20809.83,20814.13,-3.69146707,32.34,53.25975653
1667055560.8981538,20807.46,20807.46,-3.5577285,17.06,50.00301384
1667055571.114132,20807.46,20807.46,-3.5577285,17.06,50.00301384
1667055580.884781,20807.46,20807.46,-3.5577285,17.06,50.00301384
1667055590.9084036,20807.46,20813.91,-3.04319859,23.51,53.29622097
1667055601.0959036,20807.46,20813.91,-3.04319859,23.51,53.29622097
1667055610.9539394,20807.46,20813.91,-3.04319859,23.51,53.29622097
1667055620.825962,20807.48,20807.48,-3.03581808,12.29,50.04270939
1667055630.8791096,20807.48,20807.48,-3.03581808,12.29,50.04270939
1667055640.9032323,20807.48,20807.48,-3.03581808,12.29,50.04270939
1667055655.9343345,20807.48,20815.0,-2.43593204,19.81,54.04821565
1667055660.8939977,20807.48,20815.0,-2.43593204,19.81,54.04821565
1667055675.988435,20818.52,20818.52,-0.98917615,24.21,55.71042188
1667055680.960765,20818.52,20818.52,-0.98917615,24.21,55.71042188
1667055691.0138123,20818.52,20818.52,-0.98917615,24.21,55.71042188
1667055700.8992198,20818.52,20812.55,-1.46541547,18.24,52.25779269
1667055710.952308,20818.52,20812.55,-1.46541547,18.24,52.25779269
1667141274.1624222,20718.93,20722.44,8.26819048,-5.92,59.05363088
1667141284.171369,20718.93,20722.44,8.26819048,-5.92,59.05363088
1667141294.2010183,20731.9,20731.9,9.24566445,6.84,63.83018302
1667141304.209699,20731.9,20731.9,9.24566445,6.84,63.83018302
1667141314.3690012,20731.9,20731.9,9.24566445,6.84,63.83018302
1667141324.3090866,20731.9,20725.28,8.71757328,0.22,58.67216586
1667141334.22388,20731.9,20725.28,8.71757328,0.22,58.67216586
1667141344.168462,20731.9,20725.28,8.71757328,0.22,58.67216586
1667141354.2926624,20731.9,20725.28,8.71757328,0.22,58.67216586
1667141364.331997,20724.08,20724.08,8.26485944,0.73,57.77701873
1667141374.254023,20724.08,20724.08,8.26485944,0.73,57.77701873
1667141384.2970972,20724.08,20734.42,9.08970275,11.07,63.02924885
1667141394.4451015,20724.08,20734.42,9.08970275,11.07,63.02924885
1667141404.1428907,20724.08,20734.42,9.08970275,11.07,63.02924885
1667141414.1693962,20724.08,20734.42,9.08970275,11.07,63.02924885
1667141424.2318292,20724.9,20724.9,7.95064977,-0.24,58.3969022
1667141434.2111847,20724.9,20724.9,7.95064977,-0.24,58.3969022
1667141444.2022252,20724.9,20733.56,8.64147598,8.42,62.92136841
1667141459.7377446,20724.9,20733.56,8.64147598,8.42,62.92136841
1667141464.6287878,20724.9,20733.56,8.64147598,8.42,62.92136841
1667141474.563402,20733.43,20733.43,8.70623454,7.62,62.89699601
1667141484.5618982,20733.43,20733.43,8.70623454,7.62,62.89699601
1667141494.5451326,20733.43,20733.43,8.70623454,7.62,62.89699601
1667141504.647515,20733.43,20731.7,8.56822884,5.89,61.77259449
1667141514.580346,20733.43,20731.7,8.56822884,5.89,61.77259449
1667141524.5818,20733.43,20731.7,8.56822884,5.89,61.77259449
1667141534.5867662,20732.01,20732.01,8.48823587,15.38,61.84971444
1667141544.588067,20732.01,20732.01,8.48823587,15.38,61.84971444
1667141554.5891132,20732.01,20732.01,8.48823587,15.38,61.84971444
1667141564.7385397,20732.01,20727.16,8.10134129,10.53,57.94415001
1667141574.777691,20732.01,20727.16,8.10134129,10.53,57.94415001
1667141584.7249076,20732.01,20727.16,8.10134129,10.53,57.94415001
1667141594.863539,20726.7,20726.7,7.64625501,12.16,57.53475095
1667141604.7625952,20726.7,20726.7,7.64625501,12.16,57.53475095
1667141614.7728748,20726.7,20726.7,7.64625501,12.16,57.53475095
1667141624.7823665,20726.7,20722.0,7.27132623,7.46,53.8222619
1667141635.4733138,20726.7,20722.0,7.27132623,7.46,53.8222619
1667141645.6055284,20726.7,20722.0,7.27132623,7.46,53.8222619
1667141655.5126865,20717.08,20717.08,5.76478534,-2.13,50.4526665
1667141665.6444883,20717.08,20717.08,5.76478534,-2.13,50.4526665
1667141675.4895358,20717.08,20717.08,5.76478534,-2.13,50.4526665
1667141685.5085187,20717.08,20732.77,7.01640927,13.56,59.11486023
1667141695.5191293,20717.08,20732.77,7.01640927,13.56,59.11486023
1667141705.531242,20717.08,20732.77,7.01640927,13.56,59.11486023
1667141715.683701,20734.87,20734.87,7.35674207,10.25,60.07374845
1667141725.4971578,20734.87,20734.87,7.35674207,10.25,60.07374845
1667141735.7196195,20734.87,20734.87,7.35674207,10.25,60.07374845
1667141745.4812326,20734.87,20730.26,6.98899278,5.64,57.10863102
1667141755.4995494,20734.87,20730.26,6.98899278,5.64,57.10863102
1667141765.4912214,20734.87,20730.26,6.98899278,5.64,57.10863102
1667141775.5271685,20729.55,20729.55,6.70124932,11.43,56.65415365
1667141785.5187442,20729.55,20729.55,6.70124932,11.43,56.65415365
1667141795.525164,20729.55,20729.55,6.70124932,11.43,56.65415365
1667141805.5150173,20729.55,20731.63,6.86717525,13.51,57.71579626
1667141816.323137,20729.55,20731.63,6.86717525,13.51,57.71579626
1667141826.2311234,20729.55,20731.63,6.86717525,13.51,57.71579626
1667141836.329198,20731.14,20731.14,6.6279331,-0.76,57.4959645
1667141846.1355648,20731.14,20731.14,6.6279331,-0.76,57.4959645
1667141856.0575795,20731.14,20731.14,6.6279331,-0.76,57.4959645
1667141866.1065335,20731.14,20731.57,6.6622351,-0.33,57.72766602
1667141876.1149917,20731.14,20731.57,6.6622351,-0.33,57.72766602
1667141886.245529,20731.14,20731.57,6.6622351,-0.33,57.72766602
1667141896.1394918,20732.95,20732.95,6.63788573,7.97,58.48990467
1667141906.1439145,20732.95,20732.95,6.63788573,7.97,58.48990467
1667141916.2889664,20732.95,20732.95,6.63788573,7.97,58.48990467
1667141926.069317,20732.95,20736.82,6.94660368,11.84,60.53733814
1667141936.1193583,20732.95,20736.82,6.94660368,11.84,60.53733814
1667141946.1287892,20732.95,20736.82,6.94660368,11.84,60.53733814
1667141956.0883713,20733.81,20733.81,6.69754828,8.91,58.66486542
1667141966.1806114,20733.81,20733.81,6.69754828,8.91,58.66486542
1667141976.1579237,20733.81,20733.81,6.69754828,8.91,58.66486542
1667141986.104565,20733.81,20738.15,7.04375911,13.25,61.31855509
1667141997.2512188,20733.81,20738.15,7.04375911,13.25,61.31855509
1667142007.2575457,20733.81,20738.15,7.04375911,13.25,61.31855509
1667142017.286241,20738.44,20738.44,7.20435139,6.02,61.46888855
1667142027.453358,20738.44,20738.44,7.20435139,6.02,61.46888855
1667142037.2419448,20738.44,20738.44,7.20435139,6.02,61.46888855
1667142047.2503622,20738.44,20739.8,7.31284142,7.38,62.2106227
1667142057.2195828,20738.44,20739.8,7.31284142,7.38,62.2106227
1667142067.2468789,20738.44,20739.8,7.31284142,7.38,62.2106227
1667142077.3807554,20738.44,20739.8,7.31284142,7.38,62.2106227
1667142087.2674987,20739.62,20739.62,7.39675357,8.26,62.11409588
1667142097.3336637,20739.62,20739.62,7.39675357,8.26,62.11409588
1667142107.2900567,20739.62,20736.52,7.14946012,5.16,59.30452521
1667142117.4149802,20739.62,20736.52,7.14946012,5.16,59.30452521
1667142127.298206,20739.62,20736.52,7.14946012,5.16,59.30452521
1667142137.4539213,20737.11,20737.11,7.00260627,9.65,59.69483038
1667142147.34958,20737.11,20737.11,7.00260627,9.65,59.69483038
1667142157.3776398,20737.11,20737.11,7.00260627,9.65,59.69483038
1667142167.321375,20737.11,20730.08,6.44180855,2.62,53.85086146
1667142177.836172,20737.11,20730.08,6.44180855,2.62,53.85086146
1667142187.8842676,20737.11,20730.08,6.44180855,2.62,53.85086146
1667142197.906817,20729.04,20729.04,5.72047278,12.92,53.00955028
1667142207.8901024,20729.04,20729.04,5.72047278,12.92,53.00955028
1667142217.8887298,20729.04,20729.04,5.72047278,12.92,53.00955028
1667142228.0163836,20729.04,20726.4,5.50987449,10.28,50.97402453
1667142237.8569405,20729.04,20726.4,5.50987449,10.28,50.97402453
1667142247.9696214,20729.04,20726.4,5.50987449,10.28,50.97402453
1667142258.041567,20729.6,20729.6,5.11888287,-4.55,53.41678978
1667142267.8821468,20729.6,20729.6,5.11888287,-4.55,53.41678978
1667142277.927539,20729.6,20729.6,5.11888287,-4.55,53.41678978
1667142287.8917837,20729.6,20728.16,5.00401108,-5.99,52.28199875
1667142297.936607,20729.6,20728.16,5.00401108,-5.99,52.28199875
1667142307.9859903,20729.6,20728.16,5.00401108,-5.99,52.28199875
1667142317.9821692,20730.47,20730.47,4.73408618,0.92,54.05543795
1667142327.9118073,20730.47,20730.47,4.73408618,0.92,54.05543795
1667142337.9752278,20730.47,20730.47,4.73408618,0.92,54.05543795
1667142348.1491036,20730.47,20730.26,4.71733404,0.71,53.86495265
1667142358.463686,20730.47,20730.26,4.71733404,0.71,53.86495265
1667142368.4978092,20730.47,20730.26,4.71733404,0.71,53.86495265
1667142378.5191329,20730.06,20730.06,4.2669494,-0.42,53.68348979
1667142388.4521785,20730.06,20730.06,4.2669494,-0.42,53.68348979
1667142398.5055594,20730.06,20730.06,4.2669494,-0.42,53.68348979
1667142408.5328276,20730.06,20724.13,3.79390097,-6.35,48.469617
1667142418.5577185,20730.06,20724.13,3.79390097,-6.35,48.469617
1667142428.6001682,20730.06,20724.13,3.79390097,-6.35,48.469617
1667142438.4461906,20718.69,20718.69,2.23124828,-13.37,44.64839342
1667142448.4713736,20718.69,20718.69,2.23124828,-13.37,44.64839342
1667142458.4851253,20718.69,20718.69,2.23124828,-13.37,44.64839342
1667142468.4288576,20718.69,20725.87,2.80401181,-6.19,50.31282298
1667142478.466556,20718.69,20725.87,2.80401181,-6.19,50.31282298
1667142488.5344217,20718.69,20725.87,2.80401181,-6.19,50.31282298
1667142498.4380603,20727.33,20727.33,2.6401683,-7.51,51.24225
1667142508.4856198,20727.33,20727.33,2.6401683,-7.51,51.24225
1667142518.4886403,20727.33,20727.33,2.6401683,-7.51,51.24225
1667142528.5293548,20727.33,20727.53,2.65612272,-7.31,51.39274297
1667142539.4020362,20727.33,20727.53,2.65612272,-7.31,51.39274297
1667142549.440235,20727.33,20727.53,2.65612272,-7.31,51.39274297
1667142559.4850228,20727.8,20727.8,2.39878008,-10.64,51.59731625
1667142569.4307902,20727.8,20727.8,2.39878008,-10.64,51.59731625
1667142579.4459107,20727.8,20727.8,2.39878008,-10.64,51.59731625
1667142595.3537936,20727.8,20721.14,1.86749803,-17.3,46.66312402
1667142599.405578,20727.8,20721.14,1.86749803,-17.3,46.66312402
1667142609.7582986,20727.8,20721.14,1.86749803,-17.3,46.66312402
1667142619.4127417,20721.68,20721.68,1.23052945,-17.94,47.15893486
1667142634.426266,20721.68,20721.68,1.23052945,-17.94,47.15893486
1667142639.5805087,20721.68,20721.68,1.23052945,-17.94,47.15893486
1667142655.352586,20721.68,20712.72,0.51577162,-26.9,41.30322905
1667142659.4137468,20721.68,20712.72,0.51577162,-26.9,41.30322905
1667142669.4458642,20721.68,20712.72,0.51577162,-26.9,41.30322905
1667142679.418388,20710.82,20710.82,-0.84140548,-25.77,40.501637
1667142689.5261471,20710.82,20710.82,-0.84140548,-25.77,40.501637
1667142699.4505816,20710.82,20710.82,-0.84140548,-25.77,40.501637
1667142709.4910166,20710.82,20708.47,-1.02886986,-28.12,38.97182158
1667142720.2590566,20710.82,20708.47,-1.02886986,-28.12,38.97182158
1667142730.2088325,20710.82,20708.47,-1.02886986,-28.12,38.97182158
1667142740.2323897,20708.4,20708.4,-2.06973078,-21.58,38.9339174
1667142750.2448974,20708.4,20708.4,-2.06973078,-21.58,38.9339174
1667142760.490136,20708.4,20708.4,-2.06973078,-21.58,38.9339174
1667142770.327702,20708.4,20699.51,-2.77890457,-30.47,34.36288365
1667142780.243791,20708.4,20699.51,-2.77890457,-30.47,34.36288365
1667142790.2876785,20708.4,20699.51,-2.77890457,-30.47,34.36288365
1667142800.2398896,20707.46,20707.46,-2.9901392,-21.22,38.39389339
1667142810.2588546,20707.46,20707.46,-2.9901392,-21.22,38.39389339
1667142820.319622,20707.46,20707.46,-2.9901392,-21.22,38.39389339
1667142830.2336266,20707.46,20704.18,-3.25179162,-24.5,36.49188702
1667142840.279719,20707.46,20704.18,-3.25179162,-24.5,36.49188702
1667142850.292606,20707.46,20704.18,-3.25179162,-24.5,36.49188702
1667142860.3351498,20704.11,20704.11,-4.09199606,-26.35,36.45334705
1667142870.3679297,20704.11,20704.11,-4.09199606,-26.35,36.45334705
1667142880.411687,20704.11,20704.11,-4.09199606,-26.35,36.45334705
1667142890.3314686,20704.11,20699.6,-4.45176814,-30.86,33.96447171
1667142900.9807994,20704.11,20699.6,-4.45176814,-30.86,33.96447171
1667142910.9569275,20704.11,20699.6,-4.45176814,-30.86,33.96447171
1667142921.013326,20698.73,20698.73,-5.45979869,-31.33,33.52295139
1667142930.9735262,20698.73,20698.73,-5.45979869,-31.33,33.52295139
1667142941.02536,20698.73,20698.73,-5.45979869,-31.33,33.52295139
1667142951.046771,20698.73,20683.85,-6.64680724,-46.21,27.04688317
1667142960.9724958,20698.73,20683.85,-6.64680724,-46.21,27.04688317
1667142971.2340982,20698.73,20683.85,-6.64680724,-46.21,27.04688317
1667142981.0502348,20685.96,20685.96,-7.8771962,-32.09,27.78042211
1667142990.987726,20685.96,20685.96,-7.8771962,-32.09,27.78042211
1667143001.1348188,20685.96,20685.96,-7.8771962,-32.09,27.78042211
1667143011.0561607,20685.96,20688.83,-7.64825033,-29.22,30.09556521
1667143021.0940957,20685.96,20688.83,-7.64825033,-29.22,30.09556521
1667143031.0891683,20685.96,20688.83,-7.64825033,-29.22,30.09556521
1667143041.0539398,20688.94,20688.94,-8.42843062,-39.32,30.98657625
1667143050.9967103,20688.94,20688.94,-8.42843062,-39.32,30.98657625
1667143061.162763,20688.94,20688.94,-8.42843062,-39.32,30.98657625
1667143071.1751945,20688.94,20695.01,-7.9442141,-33.25,36.01767821
1667143081.8843317,20688.94,20695.01,-7.9442141,-33.25,36.01767821
1667143091.9981043,20688.94,20695.01,-7.9442141,-33.25,36.01767821
1667143101.7545078,20695.94,20695.94,-8.03751939,-31.86,36.94460023
1667143111.9421031,20695.94,20695.94,-8.03751939,-31.86,36.94460023
1667143121.8276014,20695.94,20693.69,-8.21700657,-34.11,35.76028062
1667143131.7722125,20695.94,20693.69,-8.21700657,-34.11,35.76028062
1667143141.8185894,20695.94,20693.69,-8.21700657,-34.11,35.76028062
1667143151.8529422,20699.15,20699.15,-7.58056382,-21.6,39.94288913
1667143161.8954594,20699.15,20699.15,-7.58056382,-21.6,39.94288913
1667143171.7320805,20699.15,20699.15,-7.58056382,-21.6,39.94288913
1667143181.7910955,20699.15,20699.15,-7.58056382,-21.6,39.94288913
1667143191.823114,20699.15,20702.52,-7.31173191,-18.23,42.58543856
1667143201.818663,20699.15,20702.52,-7.31173191,-18.23,42.58543856
1667143211.7682164,20702.08,20702.08,-7.04239912,-7.96,42.27412171
1667143221.8993404,20702.08,20702.08,-7.04239912,-7.96,42.27412171
1667143231.8175645,20702.08,20702.08,-7.04239912,-7.96,42.27412171
1667143241.8632762,20702.08,20697.16,-7.43487776,-12.88,38.94310323
1667143251.9099808,20702.08,20697.16,-7.43487776,-12.88,38.94310323
1667143262.356286,20702.08,20697.16,-7.43487776,-12.88,38.94310323
1667143272.356336,20695.58,20695.58,-7.58623501,-12.82,38.04083403
1667143282.4386427,20695.58,20695.58,-7.58623501,-12.82,38.04083403
1667143292.3122516,20695.58,20695.58,-7.58623501,-12.82,38.04083403
1667143302.3900273,20695.58,20694.14,-7.7011068,-14.26,37.19500937
1667143312.3429978,20695.58,20694.14,-7.7011068,-14.26,37.19500937
1667143322.359269,20695.58,20694.14,-7.7011068,-14.26,37.19500937
1667143332.518356,20700.0,20700.0,-6.95453822,-7.46,42.14713325
1667143342.422812,20700.0,20700.0,-6.95453822,-7.46,42.14713325
1667143352.3758245,20700.0,20700.0,-6.95453822,-7.46,42.14713325
1667143362.3215792,20700.0,20705.75,-6.49584877,-1.71,46.98755148
1667143372.3803449,20700.0,20705.75,-6.49584877,-1.71,46.98755148
1667143382.380254,20700.0,20705.75,-6.49584877,-1.71,46.98755148
1667143392.371903,20700.0,20705.75,-6.49584877,-1.71,46.98755148
1667143402.4097104,20707.59,20707.59,-5.52304705,3.48,48.36987953
1667143412.7779443,20707.59,20707.59,-5.52304705,3.48,48.36987953
1667143422.4037676,20707.59,20710.63,-5.28053993,6.52,50.65906548
1667143432.5368228,20707.59,20710.63,-5.28053993,6.52,50.65906548
1667143443.1928687,20707.59,20710.63,-5.28053993,6.52,50.65906548
1667143453.1944635,20714.8,20714.8,-3.74444296,16.07,53.36863553
1667143463.1763165,20714.8,20714.8,-3.74444296,16.07,53.36863553
1667143473.2358708,20714.8,20714.8,-3.74444296,16.07,53.36863553
1667143483.2724426,20714.8,20713.64,-3.83697857,14.91,52.48728166
1667143493.1572642,20714.8,20713.64,-3.83697857,14.91,52.48728166
1667143503.1877325,20714.8,20713.64,-3.83697857,14.91,52.48728166
1667143513.2831829,20718.52,20718.52,-2.28303048,31.57,55.88064013
1667143523.2232149,20718.52,20718.52,-2.28303048,31.57,55.88064013
1667143533.2524064,20718.52,20718.52,-2.28303048,31.57,55.88064013
1667143543.308494,20718.52,20716.67,-2.43060883,29.72,54.35959027
1667143553.171941,20718.52,20716.67,-2.43060883,29.72,54.35959027
1667143563.1990871,20718.52,20716.67,-2.43060883,29.72,54.35959027
1667143573.193355,20715.44,20715.44,-1.77992634,24.95,53.39331176
1667143583.1908922,20715.44,20715.44,-1.77992634,24.95,53.39331176
1667143593.2552736,20715.44,20715.44,-1.77992634,24.95,53.39331176
1667143603.2032502,20715.44,20711.88,-2.06391494,21.39,50.59031192
1667143613.2663877,20715.44,20711.88,-2.06391494,21.39,50.59031192
1667143623.8094878,20715.44,20711.88,-2.06391494,21.39,50.59031192
1667143633.8043122,20715.44,20711.88,-2.06391494,21.39,50.59031192
1667143643.815439,20717.0,20717.0,-0.95244844,20.73,54.49805233
1667143653.7689393,20717.0,20717.0,-0.95244844,20.73,54.49805233
1667143663.8296506,20717.0,20711.26,-1.41034018,14.99,49.8187918
1667143673.8477204,20717.0,20711.26,-1.41034018,14.99,49.8187918
1667143683.9333098,20717.0,20711.26,-1.41034018,14.99,49.8187918
1667143693.8021731,20709.43,20709.43,-1.46089868,9.25,48.49139692
1667143703.7794244,20709.43,20709.43,-1.46089868,9.25,48.49139692
1667143713.7994194,20709.43,20709.43,-1.46089868,9.25,48.49139692
1667143723.7764869,20709.43,20707.11,-1.64596991,6.93,46.78933483
1667143733.771782,20709.43,20707.11,-1.64596991,6.93,46.78933483
1667143743.951404,20709.43,20707.11,-1.64596991,6.93,46.78933483
1667143753.7736332,20705.66,20705.66,-1.90242414,4.48,45.78491986
1667143763.826177,20705.66,20705.66,-1.90242414,4.48,45.78491986
1667143773.7967265,20705.66,20705.66,-1.90242414,4.48,45.78491986
1667143783.9120762,20705.66,20704.47,-1.99735292,3.29,44.93242878
1667143793.8508103,20705.66,20704.47,-1.99735292,3.29,44.93242878
1667143805.184294,20705.66,20704.47,-1.99735292,3.29,44.93242878
1667143815.1932237,20700.46,20700.46,-2.68548079,4.88,42.24809879
1667143825.134863,20700.46,20700.46,-2.68548079,4.88,42.24809879
1667143835.2639573,20700.46,20700.46,-2.68548079,4.88,42.24809879
1667143845.2712784,20700.46,20703.37,-2.45334403,7.79,44.68717143
1667143855.15539,20700.46,20703.37,-2.45334403,7.79,44.68717143
1667143865.14318,20700.46,20703.37,-2.45334403,7.79,44.68717143
1667143875.2205117,20707.29,20707.29,-2.0893425,8.26,47.91320934
1667143885.2434196,20707.29,20707.29,-2.0893425,8.26,47.91320934
1667143895.126776,20707.29,20707.29,-2.0893425,8.26,47.91320934
1667143905.1510868,20707.29,20709.83,-1.88672142,10.8,49.9072875
1667143915.1466908,20707.29,20709.83,-1.88672142,10.8,49.9072875
1667143925.2940414,20707.29,20709.83,-1.88672142,10.8,49.9072875
1667143935.4279904,20710.53,20710.53,-1.49608007,2.94,50.43027989
1667143945.2096217,20710.53,20710.53,-1.49608007,2.94,50.43027989
1667143955.2405777,20710.53,20710.53,-1.49608007,2.94,50.43027989
1667143965.2097847,20710.53,20709.5,-1.57824531,1.91,49.60953192
1667143975.2294354,20710.53,20709.5,-1.57824531,1.91,49.60953192
1667143985.7028933,20710.53,20709.5,-1.57824531,1.91,49.60953192
1667143995.7260492,20710.72,20710.72,-1.13012077,-4.88,50.50506211
1667144005.74009,20710.72,20710.72,-1.13012077,-4.88,50.50506211
1667144015.8937385,20710.72,20710.72,-1.13012077,-4.88,50.50506211
1667144025.68225,20710.72,20710.72,-1.13012077,-4.88,50.50506211
1667144035.7200336,20710.72,20710.72,-1.13012077,-4.88,50.50506211
1667144045.6959355,20710.72,20710.72,-1.13012077,-4.88,50.50506211
1667144055.7067184,20708.71,20708.71,-1.1329601,-9.81,48.81081561
1667144065.6976864,20708.71,20708.71,-1.1329601,-9.81,48.81081561
1667144075.7738318,20708.71,20708.71,-1.1329601,-9.81,48.81081561
1667144085.6839678,20708.71,20710.55,-0.98617947,-7.97,50.40992484
1667144095.8095102,20708.71,20710.55,-0.98617947,-7.97,50.40992484
1667144105.997818,20708.71,20710.55,-0.98617947,-7.97,50.40992484
1667144115.6855772,20707.86,20707.86,-1.17180711,-7.58,48.09991583
1667144125.7141612,20707.86,20707.86,-1.17180711,-7.58,48.09991583
1667144135.7048268,20707.86,20707.86,-1.17180711,-7.58,48.09991583
1667144145.7836514,20707.86,20705.34,-1.37283275,-10.1,45.96262587
1667144155.6725914,20707.86,20705.34,-1.37283275,-10.1,45.96262587
1667233241.8812902,20490.93,20494.09,27.83136061,122.35,65.12488678
1667233246.8342955,20490.93,20494.09,27.83136061,122.35,65.12488678
1667233256.8623352,20490.93,20494.09,27.83136061,122.35,65.12488678
1667233266.831983,20490.93,20494.09,27.83136061,122.35,65.12488678
1667233276.8258932,20500.69,20500.69,30.12224224,130.46,65.66776974
1667233286.7895756,20500.69,20500.69,30.12224224,130.46,65.66776974
1667233296.8231156,20500.69,20500.69,30.12224224,130.46,65.66776974
1667233306.9287944,20500.69,20495.49,29.70742742,125.26,64.28823255
1667233316.8522515,20500.69,20495.49,29.70742742,125.26,64.28823255
1667233326.8411136,20500.69,20495.49,29.70742742,125.26,64.28823255
1667233336.9316845,20497.44,20497.44,30.61400189,104.85,64.77598775
1667233346.8518448,20497.44,20497.44,30.61400189,104.85,64.77598775
1667233356.8876452,20497.44,20497.44,30.61400189,104.85,64.77598775
1667233366.8559685,20497.44,20510.06,31.62072554,117.47,66.77864641
1667233376.824971,20497.44,20510.06,31.62072554,117.47,66.77864641
1667233387.9197657,20497.44,20510.06,31.62072554,117.47,66.77864641
1667233397.911144,20510.35,20510.35,32.60851981,119.65,66.81899303
1667233407.8728738,20510.35,20510.35,32.60851981,119.65,66.81899303
1667233417.8672228,20510.35,20510.35,32.60851981,119.65,66.81899303
1667233427.888808,20510.35,20495.23,31.40236596,104.53,62.55340118
1667233437.880945,20510.35,20495.23,31.40236596,104.53,62.55340118
1667233447.9245465,20510.35,20495.23,31.40236596,104.53,62.55340118
1667233457.9967473,20490.16,20490.16,30.19648711,104.2,61.22414596
1667233467.9784672,20490.16,20490.16,30.19648711,104.2,61.22414596
1667233477.9344234,20490.16,20490.16,30.19648711,104.2,61.22414596
1667233487.961974,20490.16,20484.6,29.75295435,98.64,59.74583267
1667233497.9611497,20490.16,20484.6,29.75295435,98.64,59.74583267
1667233507.9479043,20490.16,20484.6,29.75295435,98.64,59.74583267
1667233517.9528778,20480.49,20480.49,27.71559131,61.09,58.61720328
1667233528.0059493,20480.49,20480.49,27.71559131,61.09,58.61720328
1667233537.9571624,20480.49,20480.49,27.71559131,61.09,58.61720328
1667233548.0329895,20480.49,20463.91,26.39297023,44.51,54.56538927
1667233557.967214,20480.49,20463.91,26.39297023,44.51,54.56538927
1667233568.5791547,20480.49,20463.91,26.39297023,44.51,54.56538927
1667233578.4194767,20461.3,20461.3,23.3593439,-25.71,53.94215137
1667233588.4112897,20461.3,20461.3,23.3593439,-25.71,53.94215137
1667233598.3816693,20461.3,20461.3,23.3593439,-25.71,53.94215137
1667233608.4188552,20461.3,20446.28,22.16116726,-40.73,50.53048464
1667233618.3989482,20461.3,20446.28,22.16116726,-40.73,50.53048464
1667233628.6598773,20461.3,20446.28,22.16116726,-40.73,50.53048464
1667233638.4201856,20456.08,20456.08,20.3563707,-52.21,52.69054314
1667233648.3924549,20456.08,20456.08,20.3563707,-52.21,52.69054314
1667233658.4105227,20456.08,20456.08,20.3563707,-52.21,52.69054314
1667233668.4107509,20456.08,20448.06,19.71659862,-60.23,50.74381397
1667233678.3870957,20456.08,20448.06,19.71659862,-60.23,50.74381397
1667233688.4144456,20456.08,20448.06,19.71659862,-60.23,50.74381397
1667233698.4729433,20453.87,20453.87,17.64234491,-74.4,52.13934731
1667233708.4634843,20453.87,20453.87,17.64234491,-74.4,52.13934731
1667233718.4361446,20453.87,20453.87,17.64234491,-74.4,52.13934731
1667233728.40669,20453.87,20437.63,16.34684633,-90.64,48.15300085
1667233738.4577863,20453.87,20437.63,16.34684633,-90.64,48.15300085
1667233748.4023476,20453.87,20437.63,16.34684633,-90.64,48.15300085
1667233758.6178803,20433.75,20433.75,12.60882966,-55.46,47.28919318
1667233768.4406674,20433.75,20433.75,12.60882966,-55.46,47.28919318
1667233778.4293492,20433.75,20433.75,12.60882966,-55.46,47.28919318
1667233788.4160435,20433.75,20441.41,13.21988379,-47.8,49.22570146
1667233798.3776178,20433.75,20441.41,13.21988379,-47.8,49.22570146
1667233808.44635,20433.75,20441.41,13.21988379,-47.8,49.22570146
1667233818.453791,20424.53,20424.53,8.47624554,-78.67,45.21341418
1667233828.462839,20424.53,20424.53,8.47624554,-78.67,45.21341418
1667233838.5007498,20424.53,20424.53,8.47624554,-78.67,45.21341418
1667233848.4501486,20424.53,20425.03,8.51613158,-78.17,45.35301668
1667233858.4510713,20424.53,20425.03,8.51613158,-78.17,45.35301668
1667233868.4732645,20424.53,20425.03,8.51613158,-78.17,45.35301668
1667233878.4772289,20406.75,20406.75,3.20406584,-91.81,41.43638489
1667233888.457368,20406.75,20406.75,3.20406584,-91.81,41.43638489
1667233898.459727,20406.75,20406.75,3.20406584,-91.81,41.43638489
1667233908.5129464,20406.75,20428.78,4.96144476,-69.78,47.30967376
1667233918.475804,20406.75,20428.78,4.96144476,-69.78,47.30967376
1667233929.6722214,20406.75,20428.78,4.96144476,-69.78,47.30967376
1667233939.6522737,20417.12,20417.12,1.66891261,-93.23,44.38944984
1667233949.6543362,20417.12,20417.12,1.66891261,-93.23,44.38944984
1667233959.6345685,20417.12,20417.12,1.66891261,-93.23,44.38944984
1667233969.671659,20417.12,20427.72,2.51449665,-82.63,47.23446986
1667233979.638863,20417.12,20427.72,2.51449665,-82.63,47.23446986
1667233989.6651392,20417.12,20427.72,2.51449665,-82.63,47.23446986
1667233999.6472895,20419.83,20419.83,0.06428002,-71.27,45.12992604
1667234009.6862743,20417.12,20427.72,2.51449665,-82.63,47.23446986
1667234019.6702805,20419.83,20419.83,0.06428002,-71.27,45.12992604
1667234029.7056236,20419.83,20416.27,-0.21970858,-74.83,44.20036933
1667234039.7080967,20419.83,20416.27,-0.21970858,-74.83,44.20036933
1667234049.6623485,20419.83,20416.27,-0.21970858,-74.83,44.20036933
1667234059.7180855,20415.24,20415.24,-1.99863448,-63.9,44.02493454
1667234069.7330956,20415.24,20415.24,-1.99863448,-63.9,44.02493454
1667234079.7095375,20415.24,20415.24,-1.99863448,-63.9,44.02493454
1667234089.937372,20415.24,20403.63,-2.92478833,-75.51,41.17630482
1667234099.686143,20415.24,20403.63,-2.92478833,-75.51,41.17630482
1667234110.085436,20415.24,20403.63,-2.92478833,-75.51,41.17630482
1667234120.1186442,20391.29,20391.29,-6.53799585,-68.83,38.54760544
1667234130.1025708,20391.29,20391.29,-6.53799585,-68.83,38.54760544
1667234140.110452,20391.29,20391.29,-6.53799585,-68.83,38.54760544
1667234150.1582716,20391.29,20394.86,-6.25320952,-65.26,39.54632324
1667234160.160066,20391.29,20394.86,-6.25320952,-65.26,39.54632324
1667234170.1070614,20391.29,20394.86,-6.25320952,-65.26,39.54632324
1667234180.1211834,20395.1,20395.1,-8.17264256,-63.27,39.66108425
1667234190.174938,20395.1,20395.1,-8.17264256,-63.27,39.66108425
1667234200.145179,20395.1,20395.1,-8.17264256,-63.27,39.66108425
1667234210.1972942,20395.1,20408.49,-7.10449441,-49.88,44.09213583
1667234220.1297443,20395.1,20408.49,-7.10449441,-49.88,44.09213583
1667234230.1844025,20395.1,20408.49,-7.10449441,-49.88,44.09213583
1667234240.1851687,20390.04,20390.04,-10.2280061,-63.83,38.32389904
1667234250.2626786,20390.04,20390.04,-10.2280061,-63.83,38.32389904
1667234260.2023933,20390.04,20390.04,-10.2280061,-63.83,38.32389904
1667234270.1654084,20390.04,20386.55,-10.50641066,-67.32,37.50093238
1667234280.1673808,20390.04,20386.55,-10.50641066,-67.32,37.50093238
1667234290.5410838,20389.2,20389.2,-11.52427225,-44.55,38.12253782
1667234300.481469,20389.2,20389.2,-11.52427225,-44.55,38.12253782
1667234310.5309062,20389.2,20389.2,-11.52427225,-44.55,38.12253782
1667234320.5160358,20389.2,20389.2,-11.52427225,-44.55,38.12253782
1667234330.5604882,20389.2,20395.87,-10.99219247,-37.88,40.78315653
1667234340.5871525,20389.2,20395.87,-10.99219247,-37.88,40.78315653
1667234350.552865,20389.2,20395.87,-10.99219247,-37.88,40.78315653
1667234360.575318,20386.13,20386.13,-12.79001791,-38.41,37.35013804
1667234370.5494492,20386.13,20386.13,-12.79001791,-38.41,37.35013804
1667234380.554571,20386.13,20388.75,-12.58101506,-35.79,38.4954277
1667234390.581538,20386.13,20388.75,-12.58101506,-35.79,38.4954277
1667234400.5620966,20386.13,20388.75,-12.58101506,-35.79,38.4954277
1667234410.5668752,20386.13,20388.75,-12.58101506,-35.79,38.4954277
1667234420.5871449,20390.03,20390.03,-12.93463812,-16.72,39.06191123
1667234430.575255,20390.03,20390.03,-12.93463812,-16.72,39.06191123
1667234440.5562391,20390.03,20385.74,-13.27686034,-21.01,37.73257283
1667234450.5925984,20390.03,20385.74,-13.27686034,-21.01,37.73257283
1667234460.6740658,20390.03,20385.74,-13.27686034,-21.01,37.73257283
1667234471.9085488,20387.89,20387.89,-13.40307356,-30.12,38.33261866
1667234481.9278474,20387.89,20387.89,-13.40307356,-30.12,38.33261866
1667234491.898512,20387.89,20387.89,-13.40307356,-30.12,38.33261866
1667234501.9197052,20387.89,20363.47,-15.35110775,-54.54,32.08670609
1667234511.9274993,20387.89,20363.47,-15.35110775,-54.54,32.08670609
1667234521.980042,20387.89,20363.47,-15.35110775,-54.54,32.08670609
1667234531.9142745,20368.14,20368.14,-16.27675003,-50.68,33.11868719
1667234541.9705591,20368.14,20368.14,-16.27675003,-50.68,33.11868719
1667234552.391158,20368.14,20368.14,-16.27675003,-50.68,33.11868719
1667234562.0074933,20368.14,20353.22,-17.46694946,-65.6,29.81897578
1667234571.9419231,20368.14,20353.22,-17.46694946,-65.6,29.81897578
1667234581.986469,20368.14,20353.22,-17.46694946,-65.6,29.81897578
1667234591.9567642,20334.68,20334.68,-21.83833983,-79.75,26.53390372
1667234601.9425294,20334.68,20334.68,-21.83833983,-79.75,26.53390372
1667234611.945315,20334.68,20334.68,-21.83833983,-79.75,26.53390372
1667234621.9618638,20334.68,20335.85,-21.7450065,-78.58,27.07986327
1667234631.9656484,20334.68,20335.85,-21.7450065,-78.58,27.07986327
1667234641.9385374,20334.68,20335.85,-21.7450065,-78.58,27.07986327
1667234652.3867018,20349.22,20349.22,-21.74291809,-43.73,32.95941167
1667234662.365163,20349.22,20349.22,-21.74291809,-43.73,32.95941167
1667234672.643757,20349.22,20349.22,-21.74291809,-43.73,32.95941167
1667234682.4045408,20349.22,20349.22,-21.74291809,-43.73,32.95941167
1667234692.3627467,20349.22,20352.44,-21.48605199,-40.51,34.09796874
1667234702.3866894,20349.22,20352.44,-21.48605199,-40.51,34.09796874
1667234712.3526456,20358.53,20358.53,-21.01572593,-35.2,36.61743285
1667234722.4161685,20358.53,20358.53,-21.01572593,-35.2,36.61743285
1667234732.4280367,20358.53,20358.53,-21.01572593,-35.2,36.61743285
1667234742.42175,20358.53,20358.74,-20.9989738,-34.99,36.66629076
1667234752.432558,20358.53,20358.74,-20.9989738,-34.99,36.66629076
1667234762.3984675,20358.53,20358.74,-20.9989738,-34.99,36.66629076
1667234772.5028543,20366.48,20366.48,-19.82733248,-23.56,39.59664721
1667234782.441313,20366.48,20366.48,-19.82733248,-23.56,39.59664721
1667234792.5397122,20366.48,20366.48,-19.82733248,-23.56,39.59664721
1667234802.4309273,20366.48,20372.79,-19.32397066,-17.25,42.00156853
1667234812.5257826,20366.48,20372.79,-19.32397066,-17.25,42.00156853
1667234822.4215384,20366.48,20372.79,-19.32397066,-17.25,42.00156853
1667234833.2216036,20372.32,20372.32,-18.23349239,-16.88,41.82905847
1667234843.0780466,20372.32,20372.32,-18.23349239,-16.88,41.82905847
1667234853.274626,20372.32,20372.32,-18.23349239,-16.88,41.82905847
1667234863.0656824,20372.32,20375.0,-18.01970322,-14.2,42.87249267
1667234873.089512,20372.32,20375.0,-18.01970322,-14.2,42.87249267
1667234883.0800023,20372.32,20375.0,-18.01970322,-14.2,42.87249267
1667234893.114323,20377.83,20377.83,-16.36305791,-8.3,43.93444911
1667234903.1084497,20377.83,20377.83,-16.36305791,-8.3,43.93444911
1667234913.1336105,20377.83,20377.83,-16.36305791,-8.3,43.93444911
1667234923.1182208,20377.83,20383.91,-15.87804367,-2.22,46.24636024
1667234933.1803834,20377.83,20383.91,-15.87804367,-2.22,46.24636024
1667234943.099772,20377.83,20383.91,-15.87804367,-2.22,46.24636024
1667234953.13947,20386.15,20386.15,-13.94959356,-3.2,47.0817753
1667234963.1275089,20386.15,20386.15,-13.94959356,-3.2,47.0817753
1667234973.1179729,20386.15,20386.15,-13.94959356,-3.2,47.0817753
1667234983.132751,20386.15,20382.6,-14.23278445,-6.75,45.84343487
1667234993.145604,20386.15,20382.6,-14.23278445,-6.75,45.84343487
1667235003.1807852,20386.15,20382.6,-14.23278445,-6.75,45.84343487
1667235014.2865765,20380.03,20380.03,-13.13847746,-7.88,44.9894977
1667235024.2544165,20380.03,20380.03,-13.13847746,-7.88,44.9894977
1667235034.1653695,20380.03,20380.03,-13.13847746,-7.88,44.9894977
1667235044.23973,20380.03,20381.04,-13.05790766,-6.87,45.33430196
1667235054.1694884,20380.03,20381.04,-13.05790766,-6.87,45.33430196
1667235064.1586244,20380.03,20381.04,-13.05790766,-6.87,45.33430196
1667235074.156175,20380.03,20381.04,-13.05790766,-6.87,45.33430196
1667235084.1593258,20389.23,20389.23,-10.74709488,21.09,48.52872683
1667235094.1833448,20389.23,20389.23,-10.74709488,21.09,48.52872683
1667235104.377601,20389.23,20381.05,-11.39963049,12.91,45.64664657
1667235114.2135851,20389.23,20381.05,-11.39963049,12.91,45.64664657
1667235124.2141783,20389.23,20381.05,-11.39963049,12.91,45.64664657
1667235134.217196,20383.75,20383.75,-10.02615882,49.07,46.52746711
1667235144.2091212,20383.75,20383.75,-10.02615882,49.07,46.52746711
1667235154.3163135,20383.75,20383.75,-10.02615882,49.07,46.52746711
1667235164.2214134,20383.75,20383.75,-10.02615882,49.07,46.52746711
1667235174.2065625,20383.75,20379.81,-10.34046081,45.13,45.11106617
1667235184.4193635,20383.75,20379.81,-10.34046081,45.13,45.11106617
1667235195.3986597,20378.06,20378.06,-9.83464705,27.91,44.48837221
1667235205.3293862,20378.06,20378.06,-9.83464705,27.91,44.48837221
1667235215.3456562,20378.06,20378.06,-9.83464705,27.91,44.48837221
1667235225.478733,20378.06,20368.5,-10.59726813,18.35,41.25218573
1667235235.403727,20378.06,20368.5,-10.59726813,18.35,41.25218573
1667235245.362362,20378.06,20368.5,-10.59726813,18.35,41.25218573
1667235255.3852265,20363.25,20363.25,-11.28411031,3.82,39.63990489
1667235265.3659132,20363.25,20363.25,-11.28411031,3.82,39.63990489
1667235275.3881354,20363.25,20363.25,-11.28411031,3.82,39.63990489
1667235285.405844,20363.25,20371.5,-10.62599065,12.07,43.19704168
1667235295.4391177,20363.25,20371.5,-10.62599065,12.07,43.19704168
1667235305.3800802,20363.25,20371.5,-10.62599065,12.07,43.19704168
1667235315.3997223,20374.14,20374.14,-9.9035802,9.39,44.30449931
1667235325.4171696,20374.14,20374.14,-9.9035802,9.39,44.30449931
1667235335.4241648,20374.14,20374.14,-9.9035802,9.39,44.30449931
1667235345.401369,20374.14,20381.04,-9.35315285,16.29,47.20187311
1667235355.475523,20374.14,20381.04,-9.35315285,16.29,47.20187311
1667235365.372851,20374.14,20381.04,-9.35315285,16.29,47.20187311
1667235376.0906508,20382.5,20382.5,-8.20793604,10.18,47.77672019
1667235386.1094675,20382.5,20382.5,-8.20793604,10.18,47.77672019
1667235396.054333,20382.5,20382.5,-8.20793604,10.18,47.77672019
1667235406.072868,20382.5,20384.3,-8.0643463,11.98,48.52088514
1667235416.2777326,20382.5,20384.3,-8.0643463,11.98,48.52088514
1667235426.1001816,20382.5,20384.3,-8.0643463,11.98,48.52088514
1667235436.0821226,20379.96,20379.96,-7.74691029,2.13,46.92550649
1667235446.1238017,20379.96,20379.96,-7.74691029,2.13,46.92550649
1667235456.1273763,20379.96,20379.96,-7.74691029,2.13,46.92550649
1667235466.0742185,20379.96,20370.4,-8.50953137,-7.43,43.34342027
1667235476.0620253,20379.96,20370.4,-8.50953137,-7.43,43.34342027
1667235486.0862756,20379.96,20370.4,-8.50953137,-7.43,43.34342027
1667235496.1631742,20368.15,20368.15,-8.64254707,-16.86,42.55668503
1667235506.0751011,20368.15,20368.15,-8.64254707,-16.86,42.55668503
1667235516.1261213,20368.15,20368.15,-8.64254707,-16.86,42.55668503
1667235526.1694212,20368.15,20368.11,-8.64573795,-16.9,42.54256713
1667235536.1735775,20368.15,20368.11,-8.64573795,-16.9,42.54256713
1667235546.2049885,20368.15,20368.11,-8.64573795,-16.9,42.54256713
1667235556.747994,20375.85,20375.85,-7.5725389,-5.4,45.95418386
1667235566.7823074,20375.85,20375.85,-7.5725389,-5.4,45.95418386
1667235576.7469904,20375.85,20375.85,-7.5725389,-5.4,45.95418386
1667235586.819816,20375.85,20373.07,-7.79430528,-8.18,44.78879445
1667235596.8077152,20375.85,20373.07,-7.79430528,-8.18,44.78879445
1667235606.8217702,20375.85,20373.07,-7.79430528,-8.18,44.78879445
1667235616.7928562,20370.92,20370.92,-7.6994445,-18.3,43.95497825
1667235626.8038638,20370.92,20370.92,-7.6994445,-18.3,43.95497825
1667235636.8136396,20370.92,20370.92,-7.6994445,-18.3,43.95497825
1667235646.7823436,20370.92,20366.47,-8.05443026,-22.75,42.25903716
1667235656.8470426,20370.92,20366.47,-8.05443026,-22.75,42.25903716
1667235666.8106806,20370.92,20366.47,-8.05443026,-22.75,42.25903716
1667235676.8721242,20355.72,20355.72,-9.63449522,-29.23,38.7380916
1667235686.807355,20355.72,20355.72,-9.63449522,-29.23,38.7380916
1667235696.8399768,20355.72,20355.72,-9.63449522,-29.23,38.7380916
1667235706.8228886,20355.72,20367.97,-8.65728724,-16.98,44.5081476
1667235716.81217,20355.72,20367.97,-8.65728724,-16.98,44.5081476
1667235726.8660629,20355.72,20367.97,-8.65728724,-16.98,44.5081476
1667235737.7586954,20384.81,20384.81,-5.95478888,5.95,50.86946413
1667235747.7570004,20384.81,20384.81,-5.95478888,5.95,50.86946413
1667235757.78275,20384.81,20384.81,-5.95478888,5.95,50.86946413
1667235767.7859292,20384.81,20399.82,-4.75740996,20.96,55.73975486
1667235777.8402665,20384.81,20399.82,-4.75740996,20.96,55.73975486
1667235787.8074498,20384.81,20399.82,-4.75740996,20.96,55.73975486
1667413177.1096106,20669.0,20669.0,40.33422401,34.52,58.45629429
1667413182.1180503,20669.0,20669.0,40.33422401,34.52,58.45629429
1667413192.0932877,20669.0,20670.0,40.41399609,35.52,58.56877972
1667413202.0652006,20669.0,20670.0,40.41399609,35.52,58.56877972
1667413212.0823412,20669.0,20670.0,40.41399609,35.52,58.56877972
1667413222.05336,20692.83,20692.83,42.02010187,78.56,60.86225878
1667413232.0720005,20692.83,20692.83,42.02010187,78.56,60.86225878
1667413242.0634646,20692.83,20692.83,42.02010187,78.56,60.86225878
1667413252.0600345,20692.83,20687.8,41.61884831,73.53,60.04056498
1667413262.151013,20692.83,20687.8,41.61884831,73.53,60.04056498
1667413273.56418,20692.83,20687.8,41.61884831,73.53,60.04056498
1667413283.480091,20686.68,20686.68,40.39334346,66.51,59.86061445
1667413293.4630742,20686.68,20686.68,40.39334346,66.51,59.86061445
1667413303.5330825,20686.68,20696.65,41.18867109,76.48,60.98169946
1667413313.5055344,20686.68,20696.65,41.18867109,76.48,60.98169946
1667413323.489095,20686.68,20696.65,41.18867109,76.48,60.98169946
1667413333.4926355,20686.68,20696.65,41.18867109,76.48,60.98169946
1667413343.517371,20682.48,20682.48,38.35183121,40.06,59.07722113
1667413353.5132396,20682.48,20682.48,38.35183121,40.06,59.07722113
1667413363.6280415,20682.48,20684.31,38.49781412,41.89,59.30347908
1667413373.5286045,20682.48,20684.31,38.49781412,41.89,59.30347908
1667413383.550455,20682.48,20684.31,38.49781412,41.89,59.30347908
1667413393.5166955,20699.35,20699.35,38.93753343,53.24,61.08972661
1667413403.5434446,20699.35,20699.35,38.93753343,53.24,61.08972661
1667413413.541034,20699.35,20699.35,38.93753343,53.24,61.08972661
1667413423.6443229,20699.35,20690.99,38.27063885,44.88,59.65898366
1667413433.517517,20699.35,20690.99,38.27063885,44.88,59.65898366
1667413443.492513,20699.35,20690.99,38.27063885,44.88,59.65898366
1667413453.9510772,20676.54,20676.54,34.76189338,29.11,57.1057421
1667413463.9737072,20676.54,20676.54,34.76189338,29.11,57.1057421
1667413473.9871285,20676.54,20676.54,34.76189338,29.11,57.1057421
1667413483.977957,20676.54,20688.11,35.68485635,40.68,58.61564127
1667413493.9931989,20676.54,20688.11,35.68485635,40.68,58.61564127
1667413504.0048215,20676.54,20688.11,35.68485635,40.68,58.61564127
1667413513.9834037,20671.05,20671.05,31.81391866,-8.0,56.1502397
1667413524.2262654,20671.05,20671.05,31.81391866,-8.0,56.1502397
1667413534.0125663,20671.05,20671.05,31.81391866,-8.0,56.1502397
1667413544.0290534,20671.05,20690.38,33.35591296,11.33,58.84633083
1667413554.0300012,20671.05,20690.38,33.35591296,11.33,58.84633083
1667413563.9988716,20671.05,20690.38,33.35591296,11.33,58.84633083
1667413574.0111823,20671.05,20690.38,33.35591296,11.33,58.84633083
1667413583.9974065,20699.32,20699.32,33.3716521,-12.43,59.98775502
1667413593.9966476,20699.32,20699.32,33.3716521,-12.43,59.98775502
1667413604.0776236,20699.32,20716.57,34.74772048,4.82,62.14618672
1667413614.007126,20699.32,20716.57,34.74772048,4.82,62.14618672
1667413624.0535235,20699.32,20716.57,34.74772048,4.82,62.14618672
1667413634.8123553,20699.32,20716.57,34.74772048,4.82,62.14618672
1667413644.769274,20719.35,20719.35,35.27324982,72.79,62.48424719
1667413654.7459054,20719.35,20719.35,35.27324982,72.79,62.48424719
1667413664.883281,20719.35,20710.22,34.54493074,63.66,60.72820553
1667413674.835715,20719.35,20710.22,34.54493074,63.66,60.72820553
1667413685.0395114,20719.35,20710.22,34.54493074,63.66,60.72820553
1667413694.7938838,20744.44,20744.44,38.73855057,77.03,65.38314728
1667413704.7747889,20744.44,20744.44,38.73855057,77.03,65.38314728
1667413714.8286812,20744.44,20744.44,38.73855057,77.03,65.38314728
1667413724.8065546,20744.44,20752.91,39.41422009,85.5,66.32904133
1667413734.8363242,20744.44,20752.91,39.41422009,85.5,66.32904133
1667413744.8479652,20744.44,20752.91,39.41422009,85.5,66.32904133
1667413754.826609,20731.79,20731.79,37.73948002,37.2,62.72950234
1667413764.8771522,20731.79,20731.79,37.73948002,37.2,62.72950234
1667413774.8262093,20731.79,20731.79,37.73948002,37.2,62.72950234
1667413784.8459806,20731.79,20731.79,37.73948002,37.2,62.72950234
1667413794.8328557,20731.79,20734.1,37.92375353,39.51,63.14376987
1667413804.9716654,20731.79,20734.1,37.92375353,39.51,63.14376987
1667413815.8563125,20737.39,20737.39,38.02390211,50.71,63.55523775
1667413825.8824818,20737.39,20737.39,38.02390211,50.71,63.55523775
1667413835.8854065,20737.39,20737.39,38.02390211,50.71,63.55523775
1667413845.888834,20737.39,20777.57,41.22914428,90.89,68.22138758
1667413855.8796246,20737.39,20777.57,41.22914428,90.89,68.22138758
1667413865.9214685,20737.39,20777.57,41.22914428,90.89,68.22138758
1667413876.077103,20786.02,20786.02,44.33787979,105.12,69.05461999
1667413885.89582,20786.02,20786.02,44.33787979,105.12,69.05461999
1667413895.867777,20786.02,20786.02,44.33787979,105.12,69.05461999
1667413905.9064922,20786.02,20737.15,40.43941825,56.25,59.36067849
1667413915.864282,20786.02,20737.15,40.43941825,56.25,59.36067849
1667413925.9213283,20786.02,20737.15,40.43941825,56.25,59.36067849
1667413935.8886926,20713.29,20713.29,35.45880926,15.95,55.55313948
1667413945.8532004,20713.29,20713.29,35.45880926,15.95,55.55313948
1667413955.888639,20713.29,20713.29,35.45880926,15.95,55.55313948
1667413965.8457694,20713.29,20724.76,36.37379501,27.42,56.98162922
1667413975.935061,20713.29,20724.76,36.37379501,27.42,56.98162922
1667413985.914193,20713.29,20724.76,36.37379501,27.42,56.98162922
1667413996.689182,20742.14,20742.14,36.78059032,66.21,58.92250562
1667414006.6956823,20742.14,20742.14,36.78059032,66.21,58.92250562
1667414016.6924524,20742.14,20742.14,36.78059032,66.21,58.92250562
1667414026.662257,20742.14,20732.41,36.00440799,56.48,57.3259398
1667414036.7106855,20742.14,20732.41,36.00440799,56.48,57.3259398
1667414046.6682055,20742.14,20732.41,36.00440799,56.48,57.3259398
1667414056.6582172,20716.58,20716.58,31.92131165,45.01,54.9055253
1667414066.6773024,20716.58,20716.58,31.92131165,45.01,54.9055253
1667414076.617866,20716.58,20716.58,31.92131165,45.01,54.9055253
1667414086.698047,20716.58,20723.54,32.47652533,51.97,55.78937461
1667414096.7425482,20716.58,20723.54,32.47652533,51.97,55.78937461
1667414106.7183435,20716.58,20723.54,32.47652533,51.97,55.78937461
1667414116.730112,20711.58,20711.58,28.64108344,13.51,54.12814156
1667414126.7366028,20711.58,20711.58,28.64108344,13.51,54.12814156
1667414136.7309642,20711.58,20711.58,28.64108344,13.51,54.12814156
1667414146.74108,20711.58,20719.93,29.30718031,21.86,55.26720162
1667414156.662412,20711.58,20719.93,29.30718031,21.86,55.26720162
1667414166.7352133,20711.58,20719.93,29.30718031,21.86,55.26720162
1667414177.1660595,20755.24,20755.24,32.12254229,37.21,59.53251943
1667414187.2879057,20755.24,20755.24,32.12254229,37.21,59.53251943
1667414197.2203789,20755.24,20755.24,32.12254229,37.21,59.53251943
1667414207.1604214,20755.24,20673.45,25.59798389,-44.58,48.11271336
1667414217.1802344,20755.24,20673.45,25.59798389,-44.58,48.11271336
1667414227.2110305,20755.24,20673.45,25.59798389,-44.58,48.11271336
1667414237.2041328,20589.2,20589.2,8.20259818,-155.24,40.27470076
1667414247.1656585,20589.2,20589.2,8.20259818,-155.24,40.27470076
1667414257.184305,20589.2,20589.2,8.20259818,-155.24,40.27470076
1667414267.1565323,20589.2,20595.49,8.70436456,-148.95,41.05138951
1667414277.1716766,20589.2,20595.49,8.70436456,-148.95,41.05138951
1667414287.1420124,20589.2,20595.49,8.70436456,-148.95,41.05138951
1667414297.18472,20525.99,20525.99,-8.97933227,-207.16,35.39823996
1667414307.2623277,20525.99,20525.99,-8.97933227,-207.16,35.39823996
1667414317.1872215,20525.99,20525.99,-8.97933227,-207.16,35.39823996
1667414327.3275242,20525.99,20495.84,-11.38446047,-237.31,33.371006
1667414337.1994052,20525.99,20495.84,-11.38446047,-237.31,33.371006
1667414347.211728,20525.99,20495.84,-11.38446047,-237.31,33.371006
1667414357.6876905,20517.53,20517.53,-19.50108951,-219.86,34.79621181
1667414367.735041,20517.53,20517.53,-19.50108951,-219.86,34.79621181
1667414377.7752328,20517.53,20517.53,-19.50108951,-219.86,34.79621181
1667414387.6454313,20517.53,20487.78,-21.87430888,-249.61,32.71995125
1667517152.0594609,20192.61,20192.61,-2.15858862,-26.3,43.10046357
1667517162.0360897,20192.61,20192.61,-2.15858862,-26.3,43.10046357
1667517172.084024,20192.61,20191.8,-2.22320401,-27.11,42.63934308
1667517182.0575929,20192.61,20191.8,-2.22320401,-27.11,42.63934308
1667517192.2446585,20188.6,20188.6,-3.14639304,-24.98,40.91020724
1667517202.1023664,20188.6,20188.6,-3.14639304,-24.98,40.91020724
1667517212.1375597,20188.6,20188.6,-3.14639304,-24.98,40.91020724
1667517222.124974,20188.6,20191.36,-2.9262221,-22.22,43.05515544
1667517232.0334446,20188.6,20191.36,-2.9262221,-22.22,43.05515544
1667517242.1038735,20188.6,20191.36,-2.9262221,-22.22,43.05515544
1667517252.1222217,20191.36,20191.36,-3.20795168,-24.25,43.13458644
1667517262.043635,20191.36,20191.36,-3.20795168,-24.25,43.13458644
1667517272.0934727,20191.36,20191.36,-3.20795168,-24.25,43.13458644
1667517282.0629635,20191.36,20183.96,-3.79826507,-31.65,39.10031404
1667517292.084726,20191.36,20183.96,-3.79826507,-31.65,39.10031404
1667517302.0604131,20191.36,20183.96,-3.79826507,-31.65,39.10031404
1667517312.0866027,20173.97,20173.97,-5.86202935,-28.01,34.70490065
1667517322.0449886,20173.97,20173.97,-5.86202935,-28.01,34.70490065
1667517332.1505165,20173.97,20173.97,-5.86202935,-28.01,34.70490065
1667517342.1116323,20173.97,20173.97,-5.86202935,-28.01,34.70490065
1667517352.1347709,20173.97,20174.65,-5.80778434,-27.33,35.09404539
1667517362.0818222,20173.97,20174.65,-5.80778434,-27.33,35.09404539
1667517372.1018426,20173.97,20174.65,-5.80778434,-27.33,35.09404539
1667517382.3108437,20168.95,20168.95,-7.52240449,-30.77,32.72051124
1667517392.1057177,20168.95,20168.95,-7.52240449,-30.77,32.72051124
1667517402.0641844,20168.95,20164.15,-7.90531048,-35.57,30.90109459
1667517412.1331067,20168.95,20164.15,-7.90531048,-35.57,30.90109459
1667517422.1149876,20168.95,20164.15,-7.90531048,-35.57,30.90109459
1667517432.113784,20167.47,20167.47,-8.69521815,-32.16,32.6230427
1667517442.1380858,20167.47,20167.47,-8.69521815,-32.16,32.6230427
1667517452.1101112,20167.47,20167.47,-8.69521815,-32.16,32.6230427
1667517462.1451602,20167.47,20166.71,-8.75584493,-32.92,31.96875169
1667517472.1777692,20167.47,20166.71,-8.75584493,-32.92,31.96875169
1667517482.2569735,20167.47,20166.71,-8.75584493,-32.92,31.96875169
1667517492.135058,20169.18,20169.18,-9.11764484,-32.9,34.05015714
1667517502.163663,20169.18,20169.18,-9.11764484,-32.9,34.05015714
1667517512.3553717,20169.18,20169.18,-9.11764484,-32.9,34.05015714
1667517522.123434,20169.18,20168.32,-9.18624883,-33.76,33.66396828
1667517532.1485393,20169.18,20168.32,-9.18624883,-33.76,33.66396828
1667517542.133495,20169.18,20168.32,-9.18624883,-33.76,33.66396828
1667517552.1574175,20172.28,20172.28,-8.96715876,-34.78,36.89359473
1667517562.1684346,20172.28,20172.28,-8.96715876,-34.78,36.89359473
1667517572.1396394,20172.28,20172.28,-8.96715876,-34.78,36.89359473
1667517582.2828078,20172.28,20167.78,-9.32613312,-39.28,34.77695596
1667517592.1777513,20172.28,20167.78,-9.32613312,-39.28,34.77695596
1667517602.212954,20172.28,20167.78,-9.32613312,-39.28,34.77695596
1667517612.1393216,20169.71,20169.71,-9.35099135,-27.63,35.65426386
1667517623.32205,20169.71,20169.71,-9.35099135,-27.63,35.65426386
1667517633.0616658,20169.71,20169.71,-9.35099135,-27.63,35.65426386
1667517643.4023714,20169.71,20172.04,-9.16512241,-25.3,37.69763979
1667517653.0268097,20169.71,20172.04,-9.16512241,-25.3,37.69763979
1667517663.050934,20169.71,20172.04,-9.16512241,-25.3,37.69763979
1667517673.021622,20172.34,20172.34,-8.95608067,-20.27,38.20912504
1667517683.0662763,20172.34,20172.34,-8.95608067,-20.27,38.20912504
1667517693.1288877,20172.34,20172.34,-8.95608067,-20.27,38.20912504
1667517703.0572426,20172.34,20181.0,-8.26525446,-11.61,44.87652981
1667517713.1673243,20172.34,20181.0,-8.26525446,-11.61,44.87652981
1667517723.0587835,20172.34,20181.0,-8.26525446,-11.61,44.87652981
1667517733.0569818,20179.6,20179.6,-7.6878438,-9.0,43.95371494
1667517743.1953206,20179.6,20179.6,-7.6878438,-9.0,43.95371494
1667517753.100585,20179.6,20179.6,-7.6878438,-9.0,43.95371494
1667517763.0432837,20179.6,20181.78,-7.51394067,-6.82,45.50098038
1667517773.0500104,20179.6,20181.78,-7.51394067,-6.82,45.50098038
1667517783.0929654,20179.6,20181.78,-7.51394067,-6.82,45.50098038
1667517793.0487883,20189.36,20189.36,-5.65555335,-2.58,50.59043562
1667517804.008903,20189.36,20189.36,-5.65555335,-2.58,50.59043562
1667517814.008397,20189.36,20189.36,-5.65555335,-2.58,50.59043562
1667517824.0027132,20189.36,20191.02,-5.52313169,-0.92,51.69279291
1667517834.015586,20189.36,20191.02,-5.52313169,-0.92,51.69279291
1667517843.971903,20189.36,20191.02,-5.52313169,-0.92,51.69279291
1667517853.9931152,20185.79,20185.79,-5.19288573,11.42,48.33887532
1667517863.9828827,20185.79,20185.79,-5.19288573,11.42,48.33887532
1667517874.0362186,20185.79,20185.79,-5.19288573,11.42,48.33887532
1667517883.974743,20185.79,20188.75,-4.95676037,14.38,50.31340024
1667517894.0095708,20185.79,20188.75,-4.95676037,14.38,50.31340024
1667517904.013076,20185.79,20188.75,-4.95676037,14.38,50.31340024
1667517914.0030804,20186.84,20186.84,-4.45263262,17.89,49.10158619
1667517924.0161965,20186.84,20186.84,-4.45263262,17.89,49.10158619
1667517934.044741,20186.84,20186.84,-4.45263262,17.89,49.10158619
1667517944.0574682,20186.84,20188.2,-4.34414259,19.25,50.06889861
1667517954.0136688,20186.84,20188.2,-4.34414259,19.25,50.06889861
1667517964.0094244,20186.84,20188.2,-4.34414259,19.25,50.06889861
1667517974.212865,20182.85,20182.85,-4.39783122,16.39,46.3769018
1667517984.6315284,20182.85,20182.85,-4.39783122,16.39,46.3769018
1667517994.9014282,20182.85,20182.85,-4.39783122,16.39,46.3769018
1667518004.6946936,20182.85,20180.5,-4.5852956,14.04,44.81201555
1667518014.6525905,20182.85,20180.5,-4.5852956,14.04,44.81201555
1667518024.682106,20182.85,20180.5,-4.5852956,14.04,44.81201555
1667518034.6664653,20180.83,20180.83,-4.34095716,11.65,45.02536146
1667518044.854169,20180.83,20180.83,-4.34095716,11.65,45.02536146
1667518054.8790636,20180.83,20180.83,-4.34095716,11.65,45.02536146
1667518064.917375,20180.83,20181.58,-4.2811281,12.4,45.65857887
1667518074.8687084,20180.83,20181.58,-4.2811281,12.4,45.65857887
1667518084.9219596,20180.83,20181.58,-4.2811281,12.4,45.65857887
1667518094.9516206,20181.02,20181.02,-4.0531706,7.99,45.24873609
1667518104.8730712,20181.02,20181.02,-4.0531706,7.99,45.24873609
1667518114.951673,20181.02,20181.02,-4.0531706,7.99,45.24873609
1667518124.9342506,20181.02,20177.69,-4.31881163,4.66,42.91428024
1667518135.059189,20181.02,20177.69,-4.31881163,4.66,42.91428024
1667518145.0978076,20181.02,20177.69,-4.31881163,4.66,42.91428024
1667518154.895959,20180.02,20180.02,-3.96121218,10.31,44.50823684
1667518165.5778365,20180.02,20180.02,-3.96121218,10.31,44.50823684
1667518175.616285,20180.02,20180.02,-3.96121218,10.31,44.50823684
1667518185.6313293,20180.02,20182.03,-3.8008703,12.32,46.34412801
1667518195.5758371,20180.02,20182.03,-3.8008703,12.32,46.34412801
1667518205.726271,20180.02,20182.03,-3.8008703,12.32,46.34412801
1667518215.5798934,20182.24,20182.24,-3.48269863,8.98,46.53341086
1667518225.5647686,20182.24,20182.24,-3.48269863,8.98,46.53341086
1667518235.5664735,20182.24,20182.24,-3.48269863,8.98,46.53341086
1667518245.6557257,20182.24,20188.75,-2.96338239,15.49,52.16680079
1667518255.725669,20182.24,20188.75,-2.96338239,15.49,52.16680079
1667518265.543534,20182.24,20188.75,-2.96338239,15.49,52.16680079
1667518275.6025674,20194.28,20194.28,-1.50361867,13.83,56.09136029
1667518285.5697522,20194.28,20194.28,-1.50361867,13.83,56.09136029
1667518295.691572,20194.28,20194.28,-1.50361867,13.83,56.09136029
1667518305.6001036,20194.28,20194.68,-1.47170984,14.23,56.37443179
1667518315.605043,20194.28,20194.68,-1.47170984,14.23,56.37443179
1667518325.6823964,20194.28,20194.68,-1.47170984,14.23,56.37443179
1667518335.58839,20193.28,20193.28,-0.83102857,2.65,55.20868174
1667518346.2601998,20193.28,20193.28,-0.83102857,2.65,55.20868174
1667518356.2007687,20193.28,20193.28,-0.83102857,2.65,55.20868174
1667518366.210631,20193.28,20192.06,-0.9283505,1.43,54.09034935
1667518376.1750014,20193.28,20192.06,-0.9283505,1.43,54.09034935
1667518386.302258,20193.28,20192.06,-0.9283505,1.43,54.09034935
1667518396.1892707,20192.69,20192.69,-0.31550447,6.9,54.66213178
1667518406.1869383,20192.69,20192.69,-0.31550447,6.9,54.66213178
1667518416.1889498,20192.69,20192.69,-0.31550447,6.9,54.66213178
1667518426.2022452,20192.69,20194.46,-0.17430789,8.67,56.06726238
1667518436.2244084,20192.69,20194.46,-0.17430789,8.67,56.06726238
1667518446.257198,20192.69,20194.46,-0.17430789,8.67,56.06726238
1667518456.2458344,20197.13,20197.13,0.75651581,11.15,58.02944014
1667518466.1970484,20197.13,20197.13,0.75651581,11.15,58.02944014
1667518476.1981888,20197.13,20197.13,0.75651581,11.15,58.02944014
1667518486.2320354,20197.13,20182.92,-0.37704544,-3.06,46.20226885
1667518496.218007,20197.13,20182.92,-0.37704544,-3.06,46.20226885
1667518506.1960492,20197.13,20182.92,-0.37704544,-3.06,46.20226885
1667518516.221891,20191.3,20191.3,0.54466632,8.45,52.45166239
1667518526.7411263,20191.3,20191.3,0.54466632,8.45,52.45166239
1667518536.796373,20191.3,20191.3,0.54466632,8.45,52.45166239
1667518546.7955685,20191.3,20198.22,1.09668911,15.37,57.82972042
1667518556.7965906,20191.3,20198.22,1.09668911,15.37,57.82972042
1667518566.8165936,20191.3,20198.22,1.09668911,15.37,57.82972042
1667518576.7934709,20197.94,20197.94,1.61612479,17.11,57.63855575
1667518586.8018522,20197.94,20197.94,1.61612479,17.11,57.63855575
1667518596.7964396,20197.94,20197.94,1.61612479,17.11,57.63855575
1667518606.830387,20197.94,20204.91,2.17213619,24.08,62.22866395
1667518616.784514,20197.94,20204.91,2.17213619,24.08,62.22866395
1667518626.816206,20197.94,20204.91,2.17213619,24.08,62.22866395
1667518636.82136,20207.04,20207.04,3.36153895,25.36,63.0390676
1667518646.8129718,20207.04,20207.04,3.36153895,25.36,63.0390676
1667518656.8281562,20207.04,20207.04,3.36153895,25.36,63.0390676
1667518666.878997,20207.04,20204.53,3.16131103,22.85,60.63719283
1667518676.817776,20207.04,20204.53,3.16131103,22.85,60.63719283
1667518686.7695415,20207.04,20204.53,3.16131103,22.85,60.63719283
1667518696.7910864,20205.77,20205.77,3.8073959,25.51,61.39566648
1667518707.7054937,20205.77,20205.77,3.8073959,25.51,61.39566648
1667518717.791162,20205.77,20205.77,3.8073959,25.51,61.39566648
1667518727.7471306,20205.77,20204.59,3.71326484,24.33,60.65358616
1667518737.778647,20205.77,20204.59,3.71326484,24.33,60.65358616
1667518747.7996347,20205.77,20204.59,3.71326484,24.33,60.65358616
1667518757.7831173,20205.48,20205.48,4.23420345,23.24,61.21589719
1667518767.8227477,20205.48,20205.48,4.23420345,23.24,61.21589719
1667518777.989283,20205.48,20205.48,4.23420345,23.24,61.21589719
1667518787.792088,20205.48,20204.54,4.1592177,22.3,60.2367333
1667518797.7599847,20205.48,20204.54,4.1592177,22.3,60.2367333
1667518807.788015,20205.48,20204.54,4.1592177,22.3,60.2367333
1667518817.7751043,20198.83,20198.83,3.63782597,4.53,54.8603934
1667518827.7601936,20198.83,20198.83,3.63782597,4.53,54.8603934
1667518837.8098142,20198.83,20198.83,3.63782597,4.53,54.8603934
1667518852.7847962,20198.83,20197.25,3.51178608,2.95,53.45091717
1667518857.7799325,20198.83,20197.25,3.51178608,2.95,53.45091717
1667518867.8338327,20198.83,20197.25,3.51178608,2.95,53.45091717
1667518877.738685,20195.0,20195.0,2.9534711,1.72,51.56583449
1667518888.38844,20195.0,20195.0,2.9534711,1.72,51.56583449
1667518898.523281,20195.0,20195.0,2.9534711,1.72,51.56583449
1667518908.4199522,20195.0,20196.11,3.04201811,2.83,52.45280786
1667518918.415769,20195.0,20196.11,3.04201811,2.83,52.45280786
1667518928.4163463,20195.0,20196.11,3.04201811,2.83,52.45280786
1667518938.472103,20202.91,20202.91,3.70622711,10.22,57.28452576
1667518948.4615526,20202.91,20202.91,3.70622711,10.22,57.28452576
1667518958.4523113,20202.91,20202.91,3.70622711,10.22,57.28452576
1667518968.5055137,20202.91,20201.34,3.58098494,8.65,56.0209559
1667518978.456335,20202.91,20201.34,3.58098494,8.65,56.0209559
1667518988.4699142,20202.91,20201.34,3.58098494,8.65,56.0209559
1667518998.4525323,20201.79,20201.79,3.64668466,4.66,56.42553849
1667519008.4984107,20201.79,20201.79,3.64668466,4.66,56.42553849
1667519018.4802632,20201.79,20201.79,3.64668466,4.66,56.42553849
1667519028.4517636,20201.79,20199.03,3.42651372,1.9,53.85646929
1667519038.5241776,20201.79,20199.03,3.42651372,1.9,53.85646929
1667519048.8034651,20201.79,20199.03,3.42651372,1.9,53.85646929
1667519058.5338197,20198.53,20198.53,3.16763465,6.28,53.41588256
1667519069.4318578,20198.53,20198.53,3.16763465,6.28,53.41588256
1667519079.4616466,20198.53,20198.53,3.16763465,6.28,53.41588256
1667519089.7662258,20198.53,20197.72,3.10301926,5.47,52.66424393
1667519099.507841,20198.53,20197.72,3.10301926,5.47,52.66424393
1667519109.6310785,20198.53,20197.72,3.10301926,5.47,52.66424393
1667519119.4693675,20197.73,20197.73,2.8129958,-0.21,52.65740596
1667519129.4230409,20197.73,20197.73,2.8129958,-0.21,52.65740596
1667519139.466506,20197.73,20197.73,2.8129958,-0.21,52.65740596
1667519149.418146,20197.73,20199.34,2.94142885,1.4,54.01576107
1667519159.4347906,20197.73,20199.34,2.94142885,1.4,54.01576107
1667519169.4667096,20197.73,20199.34,2.94142885,1.4,54.01576107
1667519179.4695835,20198.64,20198.64,2.71610209,-9.26,53.4348706
1667519189.4846983,20198.64,20198.64,2.71610209,-9.26,53.4348706
1667519199.4546666,20198.64,20198.64,2.71610209,-9.26,53.4348706
1667519209.785806,20198.64,20197.91,2.65786848,-9.99,52.68738744
1667519219.4419231,20198.64,20197.91,2.65786848,-9.99,52.68738744
1667519229.4740386,20198.64,20197.91,2.65786848,-9.99,52.68738744
1667519239.4129813,20197.17,20197.17,2.29282215,-7.28,51.94755585
1667519249.8141255,20197.17,20197.17,2.29282215,-7.28,51.94755585
1667519259.881909,20197.17,20197.17,2.29282215,-7.28,51.94755585
1667519269.8301032,20197.17,20197.41,2.31196745,-7.04,52.17366416
1667519279.85894,20197.17,20197.41,2.31196745,-7.04,52.17366416
1667519289.840587,20197.17,20197.41,2.31196745,-7.04,52.17366416
1667519299.8917842,20201.98,20201.98,2.73660249,-3.5,56.12897093
1667519310.1432643,20201.98,20201.98,2.73660249,-3.5,56.12897093
1667519319.8661416,20201.98,20201.98,2.73660249,-3.5,56.12897093
1667519329.8571625,20201.98,20203.0,2.81797001,-2.48,56.97886966
1667519339.878871,20201.98,20203.0,2.81797001,-2.48,56.97886966
1667519349.8653483,20201.98,20203.0,2.81797001,-2.48,56.97886966
1667519359.8550754,20201.08,20201.08,2.65084691,1.61,55.23788667
1667519369.8534026,20201.08,20201.08,2.65084691,1.61,55.23788667
1667519379.894204,20201.08,20201.08,2.65084691,1.61,55.23788667
1667519389.8724718,20201.08,20201.61,2.69312611,2.14,55.73521832
1667519399.8672624,20201.08,20201.61,2.69312611,2.14,55.73521832
1667519409.8294582,20201.08,20201.61,2.69312611,2.14,55.73521832
1667519419.930019,20209.37,20209.37,3.77909501,14.53,61.83582888
1667519430.4977665,20209.37,20209.37,3.77909501,14.53,61.83582888
1667519440.5117004,20209.37,20208.92,3.74319757,14.08,61.30815126
1667519450.5475278,20209.37,20208.92,3.74319757,14.08,61.30815126
1667519460.50095,20209.37,20208.92,3.74319757,14.08,61.30815126
1667519470.487627,20198.87,20198.87,2.61755653,-3.31,51.49426735
1667519480.5339026,20198.87,20198.87,2.61755653,-3.31,51.49426735
1667519490.4891737,20198.87,20198.87,2.61755653,-3.31,51.49426735
1667519500.54171,20198.87,20198.58,2.59442263,-3.6,51.23938298
1667519510.4860034,20198.87,20198.58,2.59442263,-3.6,51.23938298
1667519520.4920132,20198.87,20198.58,2.59442263,-3.6,51.23938298
1667519530.529353,20198.87,20198.58,2.59442263,-3.6,51.23938298
1667519540.7535045,20197.92,20197.92,2.19963987,-3.87,50.6686024
1667519550.6529794,20197.92,20197.92,2.19963987,-3.87,50.6686024
1667519560.4979205,20197.92,20201.99,2.52431223,0.2,54.06664355
1667519570.5575068,20197.92,20201.99,2.52431223,0.2,54.06664355
1667519580.5167527,20197.92,20201.99,2.52431223,0.2,54.06664355
1667519590.5715358,20207.82,20207.82,3.30600832,9.29,58.1918035
1667519600.4978611,20207.82,20207.82,3.30600832,9.29,58.1918035
1667519611.4820187,20207.82,20207.82,3.30600832,9.29,58.1918035
1667519621.4311864,20207.82,20207.82,3.30600832,9.29,58.1918035
1667519637.3537018,20207.82,20210.45,3.51580889,11.92,59.93963434
1667519646.4629712,20207.82,20210.45,3.51580889,11.92,59.93963434
1667519651.432435,20209.52,20209.52,3.71360387,12.34,59.3738271
1667519661.7717004,20209.52,20209.52,3.71360387,12.34,59.3738271
1667519671.3893578,20209.52,20209.52,3.71360387,12.34,59.3738271
1667519681.6352077,20209.52,20207.0,3.51257823,9.82,57.04936117
1667519691.4711492,20209.52,20207.0,3.51257823,9.82,57.04936117
1667519701.37517,20209.52,20207.0,3.51257823,9.82,57.04936117
1667519711.3818684,20209.13,20209.13,3.82125803,10.49,58.97690401
1667519721.4324486,20209.13,20209.13,3.82125803,10.49,58.97690401
1667519731.3615265,20209.13,20209.13,3.82125803,10.49,58.97690401
1667519741.3906653,20209.13,20209.1,3.81886487,10.46,58.95417245
1667519751.423996,20209.13,20209.1,3.81886487,10.46,58.95417245
1667519761.3420992,20209.13,20209.1,3.81886487,10.46,58.95417245
1667519771.437845,20206.59,20206.59,3.57986902,10.26,56.52879444
1667519781.495679,20206.59,20206.59,3.57986902,10.26,56.52879444
1667519792.3272834,20206.59,20206.59,3.57986902,10.26,56.52879444
1667519802.0208983,20206.59,20206.59,3.57986902,10.26,56.52879444
1667519812.0564678,20206.59,20205.18,3.46739038,8.85,55.01086833
1667519822.018244,20206.59,20205.18,3.46739038,8.85,55.01086833
1667519832.0856557,20204.96,20204.96,3.27827819,3.35,54.78135009
1667519842.096211,20204.96,20204.96,3.27827819,3.35,54.78135009
1667519852.0360386,20204.96,20204.96,3.27827819,3.35,54.78135009
1667519862.170751,20204.96,20207.38,3.47132663,5.77,56.91101997
1667519872.0382946,20204.96,20207.38,3.47132663,5.77,56.91101997
1667519882.1067886,20204.96,20207.38,3.47132663,5.77,56.91101997
1667519892.456078,20204.96,20207.38,3.47132663,5.77,56.91101997
1667519902.0817342,20208.46,20208.46,3.60127268,7.34,57.79804457
1667519912.082239,20208.46,20208.46,3.60127268,7.34,57.79804457
1667519922.0655406,20208.46,20206.6,3.45289661,5.48,55.67243481
1667519932.0809307,20208.46,20206.6,3.45289661,5.48,55.67243481
1667519942.1011584,20208.46,20206.6,3.45289661,5.48,55.67243481
1667519952.085096,20208.46,20206.6,3.45289661,5.48,55.67243481
1667519962.1420069,20207.02,20207.02,3.35895367,-2.35,56.04826972
1667519978.053662,20207.02,20207.02,3.35895367,-2.35,56.04826972
1667519983.0912766,20207.02,20207.44,3.39245794,-1.93,56.43287878
1667519993.1179564,20207.02,20207.44,3.39245794,-1.93,56.43287878
1667520003.0774846,20207.02,20207.44,3.39245794,-1.93,56.43287878
1667520013.2040784,20207.12,20207.12,3.31057246,8.25,55.90395058
1667520023.12882,20207.12,20207.12,3.31057246,8.25,55.90395058
1667520033.573295,20207.12,20207.12,3.31057246,8.25,55.90395058
1667520043.1258435,20207.12,20207.12,3.31057246,8.25,55.90395058
1667520053.137104,20207.12,20204.19,3.07684026,5.32,52.53018324
1667520063.0845954,20207.12,20204.19,3.07684026,5.32,52.53018324
1667520073.1036415,20206.67,20206.67,3.12132692,8.75,55.35790269
1667520083.07953,20206.67,20206.67,3.12132692,8.75,55.35790269
1667520093.0440094,20206.67,20206.67,3.12132692,8.75,55.35790269
1667520103.2508223,20206.67,20214.19,3.72121296,16.27,62.03204485
1667520113.2873805,20206.67,20214.19,3.72121296,16.27,62.03204485
1667520123.0946448,20206.67,20214.19,3.72121296,16.27,62.03204485
1667520133.06975,20211.3,20211.3,3.67308779,3.48,59.29755293
1667520143.0839095,20211.3,20211.3,3.67308779,3.48,59.29755293
1667520154.1800263,20211.3,20211.3,3.67308779,3.48,59.29755293
1667520164.2132862,20211.3,20210.81,3.63399947,2.99,58.66825857
1667520174.145618,20211.3,20210.81,3.63399947,2.99,58.66825857
1667520184.1788146,20211.3,20210.81,3.63399947,2.99,58.66825857
1667520194.1732974,20211.3,20210.81,3.63399947,2.99,58.66825857
1667520204.155846,20207.3,20207.3,3.22023418,-1.52,54.4340508
1667520214.3611865,20207.3,20207.3,3.22023418,-1.52,54.4340508
1667520224.18022,20207.3,20207.43,3.23060455,-1.39,54.58762231
1667520234.1533442,20207.3,20207.43,3.23060455,-1.39,54.58762231
1667520249.2102025,20207.3,20207.43,3.23060455,-1.39,54.58762231
1667520254.1919558,20197.91,20197.91,1.64259388,-10.38,45.40692141
1667520264.2243629,20197.91,20197.91,1.64259388,-10.38,45.40692141
1667520274.200534,20197.91,20197.91,1.64259388,-10.38,45.40692141
1667520284.2465315,20197.91,20198.25,1.66971638,-10.04,45.75518049
1667520294.2302322,20197.91,20198.25,1.66971638,-10.04,45.75518049
1667520304.2167425,20197.91,20198.25,1.66971638,-10.04,45.75518049
1667520314.351101,20196.1,20196.1,0.76196067,-10.49,43.74878972
1667520324.2475586,20196.1,20196.1,0.76196067,-10.49,43.74878972
1667520334.8140187,20196.1,20196.1,0.76196067,-10.49,43.74878972
1667520344.7355402,20196.1,20202.16,1.24537947,-4.43,49.87591759
1667520354.8663094,20196.1,20202.16,1.24537947,-4.43,49.87591759
1667520364.7724917,20196.1,20202.16,1.24537947,-4.43,49.87591759
1667520374.787134,20193.13,20193.13,-0.24339995,-11.83,41.27597448
1667520384.8726077,20193.13,20193.13,-0.24339995,-11.83,41.27597448
1667520394.7736895,20193.13,20193.13,-0.24339995,-11.83,41.27597448
1667520404.830365,20193.13,20191.68,-0.35906947,-13.28,40.0847302
1667520414.8388824,20193.13,20191.68,-0.35906947,-13.28,40.0847302
1667520424.8512745,20193.13,20191.68,-0.35906947,-13.28,40.0847302
1667520435.107806,20191.55,20191.55,-1.03831542,-16.91,39.95382279
1667520444.9244962,20191.55,20191.55,-1.03831542,-16.91,39.95382279
1667520454.842714,20191.55,20191.55,-1.03831542,-16.91,39.95382279
1667520464.796348,20191.55,20199.36,-0.41529547,-9.1,48.51589139
1667520474.8573058,20191.55,20199.36,-0.41529547,-9.1,48.51589139
1667520484.8462822,20191.55,20199.36,-0.41529547,-9.1,48.51589139
1667520494.8844984,20191.55,20199.36,-0.41529547,-9.1,48.51589139
1667520504.8192573,20194.38,20194.38,-1.17859951,-12.12,43.25506837
1667520515.5114477,20194.38,20194.38,-1.17859951,-12.12,43.25506837
1667520525.475123,20194.38,20190.22,-1.51045136,-16.28,39.61362353
1667520535.513455,20194.38,20190.22,-1.51045136,-16.28,39.61362353
1667520545.8764496,20194.38,20190.22,-1.51045136,-16.28,39.61362353
1667520555.4812677,20190.82,20190.82,-2.00324191,-17.0,40.47798996
1667520565.6284978,20190.82,20190.82,-2.00324191,-17.0,40.47798996
1667520575.6757138,20190.82,20190.82,-2.00324191,-17.0,40.47798996
1667520585.4666202,20190.82,20190.31,-2.04392567,-17.51,39.82266312
1667520595.544406,20190.82,20190.31,-2.04392567,-17.51,39.82266312
1667520605.8804767,20190.82,20190.31,-2.04392567,-17.51,39.82266312
1667520615.5877564,20190.61,20190.61,-2.38493861,-16.06,40.20988583
1667520625.503853,20190.61,20190.61,-2.38493861,-16.06,40.20988583
1667520635.666426,20190.61,20190.61,-2.38493861,-16.06,40.20988583
1667520645.5501256,20190.61,20187.34,-2.64579331,-19.33,37.38599449
1667520655.848873,20190.61,20187.34,-2.64579331,-19.33,37.38599449
1667520665.5766177,20190.61,20187.34,-2.64579331,-19.33,37.38599449
1667520675.5563903,20185.02,20185.02,-3.43390137,-27.14,35.61161291
1667520685.5798037,20185.02,20185.02,-3.43390137,-27.14,35.61161291
1667520696.2200258,20185.02,20185.02,-3.43390137,-27.14,35.61161291
1667520706.4323726,20185.02,20191.91,-2.88427174,-20.25,44.09729615
1667520716.1331477,20185.02,20191.91,-2.88427174,-20.25,44.09729615
1667520726.1794934,20185.02,20191.91,-2.88427174,-20.25,44.09729615
1667520736.4456882,20189.24,20189.24,-3.27068364,-19.12,41.08865605
1667520746.221366,20189.24,20189.24,-3.27068364,-19.12,41.08865605
1667520756.2138343,20189.24,20189.24,-3.27068364,-19.12,41.08865605
1667520766.2162094,20189.24,20190.21,-3.19330473,-18.15,42.30353165
1667520776.237604,20189.24,20190.21,-3.19330473,-18.15,42.30353165
1667520786.2132833,20189.24,20190.21,-3.19330473,-18.15,42.30353165
1667520796.1858027,20200.51,20200.51,-1.82909412,3.29,52.72266871
1667520806.1970546,20200.51,20200.51,-1.82909412,3.29,52.72266871
1667520816.2105708,20200.51,20200.51,-1.82909412,3.29,52.72266871
1667520826.2858503,20200.51,20209.27,-1.1302907,12.05,59.39573334
1667520836.1871288,20200.51,20209.27,-1.1302907,12.05,59.39573334
1667520846.2504244,20200.51,20209.27,-1.1302907,12.05,59.39573334
1667520856.2523644,20209.51,20209.51,-0.05715658,13.41,59.55214711
1667520866.202083,20209.51,20209.51,-0.05715658,13.41,59.55214711
1667520876.848806,20209.51,20209.51,-0.05715658,13.41,59.55214711
1667520886.8570678,20209.51,20206.89,-0.26615943,10.79,56.97202816
1667520896.8048017,20209.51,20206.89,-0.26615943,10.79,56.97202816
1667520906.865203,20209.51,20206.89,-0.26615943,10.79,56.97202816
1667520916.8635707,20203.87,20203.87,-0.02801494,10.74,54.2621786
1667520926.899866,20203.87,20203.87,-0.02801494,10.74,54.2621786
1667520942.1682024,20203.87,20201.41,-0.22425425,8.28,52.08877447
1667520946.8884833,20203.87,20201.41,-0.22425425,8.28,52.08877447
1667520956.9089472,20203.87,20201.41,-0.22425425,8.28,52.08877447
1667520972.1040752,20214.37,20214.37,1.83440298,22.37,61.16087708
1667520976.9125185,20214.37,20214.37,1.83440298,22.37,61.16087708
1667520986.8324869,20214.37,20214.37,1.83440298,22.37,61.16087708
1667520997.064504,20214.37,20214.37,1.83440298,22.37,61.16087708
1667521006.8773658,20214.37,20216.23,1.98277905,24.23,62.26306157
1667521016.9652984,20214.37,20216.23,1.98277905,24.23,62.26306157
1667521026.8644755,20214.37,20216.23,1.98277905,24.23,62.26306157
1667521036.908224,20210.87,20210.87,2.16718459,16.49,57.96519234
1667521046.8650496,20210.87,20210.87,2.16718459,16.49,57.96519234
1667521057.3442175,20210.87,20210.87,2.16718459,16.49,57.96519234
1667521067.3209462,20210.87,20210.18,2.11214186,15.8,57.33983188
1667521077.5560567,20210.87,20210.18,2.11214186,15.8,57.33983188
1667521087.351314,20210.87,20210.18,2.11214186,15.8,57.33983188
1667521097.3088017,20213.46,20213.46,2.97136814,23.42,59.65835621
1667521107.3247328,20213.46,20213.46,2.97136814,23.42,59.65835621
1667521117.328922,20213.46,20213.46,2.97136814,23.42,59.65835621
1667521127.3325143,20213.46,20210.24,2.71450205,20.2,56.653364
1667521137.2900035,20213.46,20210.24,2.71450205,20.2,56.653364
1667521147.3539305,20213.46,20210.24,2.71450205,20.2,56.653364
1667521157.399608,20213.49,20213.49,3.37743219,22.88,59.68785261
1667521167.3194456,20213.49,20213.49,3.37743219,22.88,59.68785261
1667521177.30672,20213.49,20213.49,3.37743219,22.88,59.68785261
1667521187.318382,20213.49,20215.59,3.54495356,24.98,61.13637025
1667521197.3672504,20213.49,20215.59,3.54495356,24.98,61.13637025
1667521207.397027,20213.49,20215.59,3.54495356,24.98,61.13637025
1667521217.328927,20254.93,20254.93,9.51265494,69.91,76.77216883
1667521227.3416803,20254.93,20254.93,9.51265494,69.91,76.77216883
1667521237.923206,20254.93,20254.93,9.51265494,69.91,76.77216883
1667521247.9313233,20254.93,20263.56,10.20108798,78.54,78.78824078
1667521257.9023733,20254.93,20263.56,10.20108798,78.54,78.78824078
1667521267.9720778,20254.93,20263.56,10.20108798,78.54,78.78824078
1667521277.9115422,20258.51,20258.51,12.12777079,69.27,77.65325004
1667521287.8732142,20258.51,20258.51,12.12777079,69.27,77.65325004
1667521297.8736863,20258.51,20258.51,12.12777079,69.27,77.65325004
1667521307.949867,20258.51,20252.52,11.64993603,63.28,72.68524512
1667521317.8568268,20258.51,20252.52,11.64993603,63.28,72.68524512
1667521327.9327474,20258.51,20252.52,11.64993603,63.28,72.68524512
1667521337.9415371,20262.79,20262.79,14.37291707,63.14,78.7073329
1667521347.9291327,20262.79,20262.79,14.37291707,63.14,78.7073329
1667521357.971731,20262.79,20262.79,14.37291707,63.14,78.7073329
1667521368.0840888,20262.79,20271.74,15.08687718,72.09,80.72700791
1667521377.9433134,20262.79,20271.74,15.08687718,72.09,80.72700791
1667521387.9623032,20262.79,20271.74,15.08687718,72.09,80.72700791
1667521397.9621527,20288.09,20288.09,19.36464741,78.58,83.14660939
1667521407.9489093,20288.09,20288.09,19.36464741,78.58,83.14660939
1667521424.508914,20288.09,20295.75,19.97570154,86.24,84.7061039
1667521428.7702994,20288.09,20295.75,19.97570154,86.24,84.7061039
1667521438.6813931,20288.09,20295.75,19.97570154,86.24,84.7061039
1667521454.284654,20295.06,20295.06,22.37950026,91.19,84.61672115
1667521458.7058413,20295.06,20295.06,22.37950026,91.19,84.61672115
1667521468.952405,20295.06,20295.06,22.37950026,91.19,84.61672115
1667521478.669494,20295.06,20295.06,22.37950026,91.19,84.61672115
1667521488.6692133,20295.06,20299.7,22.74964271,95.83,85.28650011
1667521498.747466,20295.06,20299.7,22.74964271,95.83,85.28650011
1667521508.711756,20295.06,20299.7,22.74964271,95.83,85.28650011
1667596413.5493934,21110.57,21110.57,2.94743391,-0.65,54.32217362
1667596423.1763098,21110.57,21107.69,2.71769032,-3.53,53.01440729
1667596433.164641,21110.57,21107.69,2.71769032,-3.53,53.01440729
1667596443.1295912,21110.57,21107.69,2.71769032,-3.53,53.01440729
1667596453.6545446,21104.53,21104.53,2.32956798,13.67,51.5592101
1667596464.0406528,21104.53,21104.53,2.32956798,13.67,51.5592101
1667596473.9163847,21104.53,21104.53,2.32956798,13.67,51.5592101
1667596483.5433104,21104.53,21104.53,2.32956798,13.67,51.5592101
1667596494.9864674,21104.53,21104.53,2.32956798,13.67,51.5592101
1667596505.1968062,21104.53,21104.53,2.32956798,13.67,51.5592101
1667596515.0434916,21105.92,21105.92,2.39292799,19.24,52.18099599
1667596525.06761,21105.92,21105.92,2.39292799,19.24,52.18099599
1667596535.0140617,21105.92,21105.92,2.39292799,19.24,52.18099599
1667596545.0184884,21105.92,21109.79,2.70164594,23.11,53.95318522
1667596555.4005327,21105.92,21109.79,2.70164594,23.11,53.95318522
1667596565.197054,21105.92,21109.79,2.70164594,23.11,53.95318522
1667596575.1778302,21113.29,21113.29,3.43432047,40.75,55.30328717
1667596585.182067,21113.29,21113.29,3.43432047,40.75,55.30328717
1667596595.8159387,21113.29,21113.29,3.43432047,40.75,55.30328717
1667596605.811109,21113.29,21111.66,3.30429198,39.12,54.4352717
1667596615.790522,21113.29,21111.66,3.30429198,39.12,54.4352717
1667596625.8991473,21113.29,21111.66,3.30429198,39.12,54.4352717
1667596635.904439,21106.43,21106.43,2.71572129,27.43,51.8253193
1667596645.9314284,21106.43,21106.43,2.71572129,27.43,51.8253193
1667596656.3859994,21106.43,21106.43,2.71572129,27.43,51.8253193
1667596666.155306,21106.43,21103.73,2.50033668,24.73,50.47971959
1667596676.1585903,21106.43,21103.73,2.50033668,24.73,50.47971959
1667596686.1813962,21106.43,21103.73,2.50033668,24.73,50.47971959
1667596696.1395197,21105.82,21105.82,2.46428325,14.67,51.51507816
1667596706.166079,21105.82,21105.82,2.46428325,14.67,51.51507816
1667596716.1195512,21105.82,21105.82,2.46428325,14.67,51.51507816
1667596726.4776871,21105.82,21098.43,1.87476758,7.28,47.78316446
1667596736.338096,21105.82,21098.43,1.87476758,7.28,47.78316446
1667596746.3227346,21105.82,21098.43,1.87476758,7.28,47.78316446
1667596756.9869246,21091.54,21091.54,0.25867298,-10.37,44.75999793
1667596766.6792228,21091.54,21091.54,0.25867298,-10.37,44.75999793
1667596778.2339072,21091.54,21091.54,0.25867298,-10.37,44.75999793
1667596788.2819972,21091.54,21080.34,-0.63477431,-21.57,40.2968457
1667596798.7202933,21091.54,21080.34,-0.63477431,-21.57,40.2968457
1667596808.5021868,21091.54,21080.34,-0.63477431,-21.57,40.2968457
1667596818.4597063,21092.99,21092.99,-0.37484873,-21.28,45.54089027
1667596828.4597664,21092.99,21092.99,-0.37484873,-21.28,45.54089027
1667596838.559988,21092.99,21092.99,-0.37484873,-21.28,45.54089027
1667596848.4953244,21092.99,21095.11,-0.20573192,-19.16,46.7266589
1667596858.5081882,21092.99,21095.11,-0.20573192,-19.16,46.7266589
1667596868.9905088,21092.99,21095.11,-0.20573192,-19.16,46.7266589
1667596878.8128445,21095.76,21095.76,-0.56597603,-18.45,47.07994552
1667596888.7435927,21095.76,21095.76,-0.56597603,-18.45,47.07994552
1667596898.8322284,21095.76,21095.76,-0.56597603,-18.45,47.07994552
1667596908.8189049,21095.76,21093.63,-0.73589056,-20.58,46.00333769
1667596918.8534334,21095.76,21093.63,-0.73589056,-20.58,46.00333769
1667596928.7831726,21095.76,21093.63,-0.73589056,-20.58,46.00333769
1667596938.8336518,21096.7,21096.7,-0.74951264,-12.71,47.62091696
1667596948.835121,21096.7,21096.7,-0.74951264,-12.71,47.62091696
1667596959.4606032,21096.7,21096.7,-0.74951264,-12.71,47.62091696
1667596969.381514,21096.7,21095.78,-0.82290295,-13.63,47.11329293
1667596979.447433,21096.7,21095.78,-0.82290295,-13.63,47.11329293
1667596989.388715,21096.7,21095.78,-0.82290295,-13.63,47.11329293
1667596999.3817182,21095.42,21095.42,-1.12446117,-9.11,46.91759114
1667597009.443824,21095.42,21095.42,-1.12446117,-9.11,46.91759114
1667597019.4207606,21095.42,21095.42,-1.12446117,-9.11,46.91759114
1667597029.426638,21095.42,21094.52,-1.19625604,-10.01,46.39869341
1667597039.7088857,21095.42,21094.52,-1.19625604,-10.01,46.39869341
1667597049.4322834,21095.42,21094.52,-1.19625604,-10.01,46.39869341
1667597059.4327767,21093.68,21093.68,-1.57138128,-12.24,45.92463856
1667597069.4822545,21093.68,21093.68,-1.57138128,-12.24,45.92463856
1667597079.6431792,21093.68,21093.68,-1.57138128,-12.24,45.92463856
1667597089.4473062,21093.68,21091.9,-1.71337558,-14.02,44.87827078
1667597099.4695983,21093.68,21091.9,-1.71337558,-14.02,44.87827078
1667597109.4623718,21093.68,21091.9,-1.71337558,-14.02,44.87827078
1667597119.443441,21090.46,21090.46,-2.21434054,-23.87,44.04133329
1667597129.44967,21090.46,21090.46,-2.21434054,-23.87,44.04133329
1667597140.0542552,21090.46,21090.46,-2.21434054,-23.87,44.04133329
1667597150.0470903,21090.46,21092.06,-2.08670521,-22.27,45.15241244
1667597160.083792,21090.46,21092.06,-2.08670521,-22.27,45.15241244
1667597170.0662727,21090.46,21092.06,-2.08670521,-22.27,45.15241244
1667597180.06942,21087.03,21087.03,-3.01272358,-19.4,42.08841391
1667597190.044139,21087.03,21087.03,-3.01272358,-19.4,42.08841391
1667597200.0891805,21087.03,21087.03,-3.01272358,-19.4,42.08841391
1667597210.0613832,21087.03,21088.8,-2.871527,-17.63,43.4811881
1667597220.0694387,21087.03,21088.8,-2.871527,-17.63,43.4811881
1667597230.038798,21087.03,21088.8,-2.871527,-17.63,43.4811881
1667597240.028082,21090.3,21090.3,-2.92727572,-15.52,44.61010961
1667597250.098163,21090.3,21090.3,-2.92727572,-15.52,44.61010961
1667597260.0368905,21090.3,21090.3,-2.92727572,-15.52,44.61010961
1667597270.0684605,21090.3,21090.3,-2.92727572,-15.52,44.61010961
1667597280.079151,21090.3,21090.3,-2.92727572,-15.52,44.61010961
1667597290.11711,21090.3,21090.3,-2.92727572,-15.52,44.61010961
1667597300.0512166,21092.35,21092.35,-2.70213251,0.81,46.22752427
1667597310.0371351,21092.35,21092.35,-2.70213251,0.81,46.22752427
1667597320.6356783,21092.35,21092.35,-2.70213251,0.81,46.22752427
1667597330.6219544,21092.35,21100.74,-2.03284476,9.2,52.17852353
1667597340.6475174,21092.35,21100.74,-2.03284476,9.2,52.17852353
1667597350.643621,21099.34,21099.34,-1.72236917,6.35,51.30805625
1667597360.6771257,21099.34,21099.34,-1.72236917,6.35,51.30805625
1667597370.659352,21099.34,21099.34,-1.72236917,6.35,51.30805625
1667597380.6649065,21099.34,21099.29,-1.72635778,6.3,51.27243535
1667597390.7095428,21099.34,21099.29,-1.72635778,6.3,51.27243535
1667597400.6435018,21099.34,21099.29,-1.72635778,6.3,51.27243535
1667597410.6948,21099.05,21099.05,-1.32975562,3.29,51.05028202
1667597420.6316037,21099.05,21099.05,-1.32975562,3.29,51.05028202
1667597430.6581552,21099.05,21099.05,-1.32975562,3.29,51.05028202
1667597440.667284,21099.05,21098.0,-1.4135163,2.24,50.23056604
1667597450.7511375,21099.05,21098.0,-1.4135163,2.24,50.23056604
1667597460.6685896,21099.05,21098.0,-1.4135163,2.24,50.23056604
1667597470.6818397,21097.06,21097.06,-1.24976243,0.36,49.46653879
1667597480.6829298,21097.06,21097.06,-1.24976243,0.36,49.46653879
1667597490.680243,21097.06,21097.06,-1.24976243,0.36,49.46653879
1667597501.4806297,21097.06,21099.48,-1.056714,2.78,51.41517648
1667597511.4701653,21097.06,21099.48,-1.056714,2.78,51.41517648
1667597521.482316,21097.06,21099.48,-1.056714,2.78,51.41517648
1667597531.4717548,21098.62,21098.62,-0.89282922,3.2,50.74268296
1667597541.445456,21098.62,21098.62,-0.89282922,3.2,50.74268296
1667597551.4753454,21098.62,21098.62,-0.89282922,3.2,50.74268296
1667597561.468711,21098.62,21091.53,-1.45841327,-3.89,45.11138987
1667597571.4582238,21098.62,21091.53,-1.45841327,-3.89,45.11138987
1667597581.4871564,21098.62,21091.53,-1.45841327,-3.89,45.11138987
1667597591.4509509,21098.62,21091.53,-1.45841327,-3.89,45.11138987
1667597601.4867651,21090.61,21090.61,-1.82469382,-3.07,44.47064827
1667597611.444044,21090.61,21090.61,-1.82469382,-3.07,44.47064827
1667597621.4781623,21090.61,21091.67,-1.74013541,-2.01,45.43233757
1667597631.5431466,21090.61,21091.67,-1.74013541,-2.01,45.43233757
1667597641.476134,21090.61,21091.67,-1.74013541,-2.01,45.43233757
1667597651.5292363,21090.6,21090.6,-2.04464008,-0.44,44.50384685
1667597661.5233562,21090.6,21090.6,-2.04464008,-0.44,44.50384685
1667597671.5249386,21090.6,21090.6,-2.04464008,-0.44,44.50384685
1667597682.2131505,21090.6,21093.48,-1.81489649,2.44,47.21062447
1667597692.200452,21090.6,21093.48,-1.81489649,2.44,47.21062447
1667597702.1979525,21090.6,21093.48,-1.81489649,2.44,47.21062447
1667597712.194662,21092.6,21092.6,-1.90031202,5.57,46.41199101
1667597722.1833172,21092.6,21092.6,-1.90031202,5.57,46.41199101
1667597732.2320433,21092.6,21092.6,-1.90031202,5.57,46.41199101
1667597742.2269714,21092.6,21099.92,-1.31638039,12.89,52.80765488
1667597752.2633142,21092.6,21099.92,-1.31638039,12.89,52.80765488
1667597762.2273762,21092.6,21099.92,-1.31638039,12.89,52.80765488
1667597772.218778,21096.0,21096.0,-1.38346115,5.7,49.56346797
1667597782.2378848,21096.0,21096.0,-1.38346115,5.7,49.56346797
1667597792.193031,21096.0,21096.0,-1.38346115,5.7,49.56346797
1667597802.2340074,21096.0,21098.43,-1.18961499,8.13,51.7566596
1667597812.2167616,21096.0,21098.43,-1.18961499,8.13,51.7566596
1667597822.2202911,21096.0,21098.43,-1.18961499,8.13,51.7566596
1667597832.2366266,21099.65,21099.65,-0.68677094,6.66,52.79112192
1667597842.2011127,21099.65,21099.65,-0.68677094,6.66,52.79112192
1667597852.2284656,21099.65,21099.65,-0.68677094,6.66,52.79112192
1667597862.9046748,21099.65,21101.22,-0.56152878,8.23,54.15269781
1667597872.896375,21099.65,21101.22,-0.56152878,8.23,54.15269781
1667597882.9147413,21099.65,21101.22,-0.56152878,8.23,54.15269781
1667597892.9069445,21103.59,21103.59,0.15263627,5.02,56.10771064
1667597902.9421542,21103.59,21103.59,0.15263627,5.02,56.10771064
1667597912.8872151,21103.59,21103.59,0.15263627,5.02,56.10771064
1667597922.9155471,21103.59,21103.8,0.16938841,5.23,56.28159529
1667597932.939628,21103.59,21103.8,0.16938841,5.23,56.28159529
1667597942.95236,21103.59,21103.8,0.16938841,5.23,56.28159529
1667597952.9514246,21104.91,21104.91,0.79327718,5.29,57.17828212
1667597962.9296796,21104.91,21104.91,0.79327718,5.29,57.17828212
1667597972.9386704,21104.91,21104.91,0.79327718,5.29,57.17828212
1667597982.96765,21104.91,21109.66,1.17219456,10.04,60.87632109
1667597993.1592584,21104.91,21109.66,1.17219456,10.04,60.87632109
1667598002.9548624,21104.91,21109.66,1.17219456,10.04,60.87632109
1667598012.9794676,21119.67,21119.67,3.255684,21.7,66.92208191
1667598022.988752,21119.67,21119.67,3.255684,21.7,66.92208191
1667598032.959572,21119.67,21119.67,3.255684,21.7,66.92208191
1667598043.3597543,21119.67,21117.8,3.10651021,19.83,65.18576798
1667598053.3250098,21119.67,21117.8,3.10651021,19.83,65.18576798
1667598063.375487,21119.67,21117.8,3.10651021,19.83,65.18576798
1667598073.3889468,21119.93,21119.93,4.34758388,21.44,66.54734496
1667598083.3771968,21119.93,21119.93,4.34758388,21.44,66.54734496
1667598093.3487322,21119.93,21119.93,4.34758388,21.44,66.54734496
1667598103.3287148,21119.93,21120.59,4.40023345,22.1,67.31443307
1667598113.3257282,21119.93,21120.59,4.40023345,22.1,67.31443307
1667598123.3811195,21119.93,21120.59,4.40023345,22.1,67.31443307
1667598133.3486998,21123.62,21123.62,5.60764401,33.01,69.05835381
1667598143.3255403,21123.62,21123.62,5.60764401,33.01,69.05835381
1667598153.3667908,21123.62,21123.62,5.60764401,33.01,69.05835381
1667598163.3413746,21123.62,21127.21,5.89402578,36.6,70.93237933
1667598173.3786647,21123.62,21127.21,5.89402578,36.6,70.93237933
1667598183.3399043,21123.62,21127.21,5.89402578,36.6,70.93237933
1667598193.3840396,21131.58,21131.58,7.42558812,41.14,72.92826288
1667598203.336984,21131.58,21131.58,7.42558812,41.14,72.92826288
1667598213.3807728,21131.58,21131.58,7.42558812,41.14,72.92826288
1667598224.2493324,21131.58,21132.06,7.46387872,41.62,73.14637167
1667598234.1962776,21131.58,21132.06,7.46387872,41.62,73.14637167
1667598244.3116844,21131.58,21132.06,7.46387872,41.62,73.14637167
1667598254.272636,21134.02,21134.02,8.56590102,41.42,74.0263447
1667598264.2447054,21134.02,21134.02,8.56590102,41.42,74.0263447
1667598274.256313,21134.02,21134.02,8.56590102,41.42,74.0263447
1667598284.23735,21134.02,21130.5,8.2851033,37.9,70.24144673
1667598294.2507348,21134.02,21130.5,8.2851033,37.9,70.24144673
1667598304.284299,21134.02,21130.5,8.2851033,37.9,70.24144673
1667598314.2424362,21128.29,21128.29,8.44668525,31.86,67.71347962
1667598324.2420204,21128.29,21128.29,8.44668525,31.86,67.71347962
1667598334.247384,21128.29,21128.29,8.44668525,31.86,67.71347962
1667598344.23808,21128.29,21120.92,7.85876502,24.49,59.96311626
1667598354.2323666,21128.29,21120.92,7.85876502,24.49,59.96311626
1667598364.2217,21128.29,21120.92,7.85876502,24.49,59.96311626
1667598374.3039377,21114.89,21114.89,6.7208888,15.25,54.82855265
1667598384.542483,21114.89,21114.89,6.7208888,15.25,54.82855265
1667598394.2661445,21114.89,21114.89,6.7208888,15.25,54.82855265
1667598404.8120522,21114.89,21113.71,6.62675774,14.07,53.85668233
1667598415.0282493,21114.89,21113.71,6.62675774,14.07,53.85668233
1667598424.8389463,21114.89,21113.71,6.62675774,14.07,53.85668233
1667598434.8204336,21112.59,21112.59,5.80453722,9.71,52.96557252
1667598444.826611,21112.59,21112.59,5.80453722,9.71,52.96557252
1667598454.7904596,21112.59,21112.59,5.80453722,9.71,52.96557252
1667598464.8351133,21112.59,21109.67,5.57160275,6.79,50.61424099
1667598474.8298154,21112.59,21109.67,5.57160275,6.79,50.61424099
1667598484.8238685,21112.59,21109.67,5.57160275,6.79,50.61424099
1667598494.8448002,21105.39,21105.39,4.1463883,0.48,47.52198334
1667598504.8174157,21105.39,21105.39,4.1463883,0.48,47.52198334
1667598514.9732313,21105.39,21105.39,4.1463883,0.48,47.52198334
1667598525.0108612,21105.39,21105.91,4.18786978,1.0,47.93814954
1667598534.8220668,21105.39,21105.91,4.18786978,1.0,47.93814954
1667598544.9004726,21105.39,21105.91,4.18786978,1.0,47.93814954
1667598554.861159,21107.2,21107.2,3.50587893,-11.91,48.94261345
1667598564.8665774,21107.2,21107.2,3.50587893,-11.91,48.94261345
1667598574.9260707,21107.2,21107.2,3.50587893,-11.91,48.94261345
1667598585.5132408,21107.2,21108.12,3.57926924,-10.99,49.68814811
1667598595.5246964,21107.2,21108.12,3.57926924,-10.99,49.68814811
1667598605.5182848,21107.2,21108.12,3.57926924,-10.99,49.68814811
1667598615.5283654,21109.96,21109.96,3.1955618,-10.79,51.15862773
1667598625.540771,21109.96,21109.96,3.1955618,-10.79,51.15862773
1667598635.4943016,21109.96,21109.96,3.1955618,-10.79,51.15862773
1667598645.6513417,21109.96,21113.64,3.48912306,-7.11,53.96935403
1667598655.5079596,21109.96,21113.64,3.48912306,-7.11,53.96935403
1667598665.5314698,21109.96,21113.64,3.48912306,-7.11,53.96935403
1667598675.548935,21119.9,21119.9,4.19491335,-3.72,58.07369819
1667598685.562502,21119.9,21119.9,4.19491335,-3.72,58.07369819
1667598695.5440722,21119.9,21119.9,4.19491335,-3.72,58.07369819
1667598705.7138386,21119.9,21127.19,4.77645181,3.57,62.2905189
1667598715.5665224,21119.9,21127.19,4.77645181,3.57,62.2905189
1667598725.5461638,21119.9,21127.19,4.77645181,3.57,62.2905189
1667598735.6157763,21133.66,21133.66,6.27491944,2.08,65.22799912
1667598745.593659,21133.66,21133.66,6.27491944,2.08,65.22799912
1667598755.544945,21133.66,21133.66,6.27491944,2.08,65.22799912
1667598766.267668,21133.66,21135.72,6.43924992,4.14,66.31608713
1667598776.2529376,21133.66,21135.72,6.43924992,4.14,66.31608713
1667598786.2395456,21133.66,21135.72,6.43924992,4.14,66.31608713
1667598796.251982,21140.22,21140.22,7.90254422,6.96,68.01801496
1667598806.252863,21140.22,21140.22,7.90254422,6.96,68.01801496
1667598816.267853,21140.22,21140.22,7.90254422,6.96,68.01801496
1667598826.2766469,21140.22,21171.92,10.43131915,38.66,77.72834112
1667598836.2867162,21140.22,21171.92,10.43131915,38.66,77.72834112
1667598846.287948,21140.22,21171.92,10.43131915,38.66,77.72834112
1667598856.355386,21176.32,21176.32,13.75713071,48.03,78.61744932
1667598866.2538614,21176.32,21176.32,13.75713071,48.03,78.61744932
1667598876.2685735,21176.32,21176.32,13.75713071,48.03,78.61744932
1667598886.308175,21176.32,21189.44,14.8037404,61.15,81.04709863
1667598896.4673302,21176.32,21189.44,14.8037404,61.15,81.04709863
1667598906.2846377,21176.32,21189.44,14.8037404,61.15,81.04709863
1667598916.2967746,21178.3,21178.3,16.1401181,63.41,79.04104462
1667598926.26273,21178.3,21178.3,16.1401181,63.41,79.04104462
1667598936.341634,21178.3,21178.3,16.1401181,63.41,79.04104462
1667598947.5236712,21178.3,21188.39,16.94501839,73.5,81.01661985
1667598957.4909632,21178.3,21188.39,16.94501839,73.5,81.01661985
1667598967.5059812,21178.3,21188.39,16.94501839,73.5,81.01661985
1667598977.7256873,21187.48,21187.48,19.10105812,74.89,80.52440586
1667598987.524359,21187.48,21187.48,19.10105812,74.89,80.52440586
1667598997.542387,21187.48,21187.48,19.10105812,74.89,80.52440586
1667599007.5601315,21187.48,21193.77,19.60282451,81.18,81.99612914
1667599017.5097792,21187.48,21193.77,19.60282451,81.18,81.99612914
1667599027.5344532,21187.48,21193.77,19.60282451,81.18,81.99612914
1667599037.5320718,21190.13,21190.13,21.01591766,84.74,80.8647521
1667599047.5089338,21190.13,21190.13,21.01591766,84.74,80.8647521
1667599057.6796527,21190.13,21190.13,21.01591766,84.74,80.8647521
1667599067.54862,21190.13,21179.2,20.14400883,73.81,72.54687842
1667599077.5668929,21190.13,21179.2,20.14400883,73.81,72.54687842
1667599087.557557,21190.13,21179.2,20.14400883,73.81,72.54687842
1667599097.5130577,21172.88,21172.88,19.60105601,65.68,68.34340282
1667599107.633222,21172.88,21172.88,19.60105601,65.68,68.34340282
1667599117.5155387,21172.88,21172.88,19.60105601,65.68,68.34340282
1667599128.22828,21172.88,21170.66,19.42396199,63.46,67.0696228
1667599138.2197535,21172.88,21170.66,19.42396199,63.46,67.0696228
1667599148.2516892,21172.88,21170.66,19.42396199,63.46,67.0696228
1667599158.183569,21178.55,21178.55,20.17568864,69.33,69.95991368
1667599168.2243326,21178.55,21178.55,20.17568864,69.33,69.95991368
1667599178.2561762,21178.55,21178.55,20.17568864,69.33,69.95991368
1667599188.2174666,21178.55,21174.72,19.87016158,65.5,67.45424258
1667599198.2377143,21178.55,21174.72,19.87016158,65.5,67.45424258
1667599208.2289703,21178.55,21174.72,19.87016158,65.5,67.45424258
1667599218.2204912,21169.95,21169.95,18.82588749,50.05,64.5738538
1667599228.228126,21169.95,21169.95,18.82588749,50.05,64.5738538
1667599238.245278,21169.95,21169.95,18.82588749,50.05,64.5738538
1667599248.5652554,21169.95,21168.01,18.67112966,48.11,63.38830613
1667599258.2626953,21169.95,21168.01,18.67112966,48.11,63.38830613
1667599268.2665615,21169.95,21168.01,18.67112966,48.11,63.38830613
1667599278.2998612,21178.24,21178.24,19.26320162,44.24,67.19562307
1667599288.2466729,21178.24,21178.24,19.26320162,44.24,67.19562307
1667599298.546363,21178.24,21178.24,19.26320162,44.24,67.19562307
1667599308.6514122,21178.24,21196.51,20.72063752,62.51,72.09673174
1667599318.684684,21178.24,21196.51,20.72063752,62.51,72.09673174
1667599328.642692,21178.24,21196.51,20.72063752,62.51,72.09673174
1667599338.6545467,21198.29,21198.29,21.75423604,57.69,72.15941932
1667599348.6718848,21198.29,21198.29,21.75423604,57.69,72.15941932
1667599358.6807785,21198.29,21198.29,21.75423604,57.69,72.15941932
1667599368.6058185,21198.29,21175.25,19.91628732,34.65,60.2724892
1667599378.6849318,21198.29,21175.25,19.91628732,34.65,60.2724892
1667599388.688687,21198.29,21175.25,19.91628732,34.65,60.2724892
1667599398.715947,21159.82,21159.82,16.71416031,-16.5,54.2838174
1667599408.7444224,21159.82,21159.82,16.71416031,-16.5,54.2838174
1667599418.689805,21159.82,21159.82,16.71416031,-16.5,54.2838174
1667599428.6885204,21159.82,21159.37,16.67826287,-16.95,54.11494454
1667599438.6900952,21159.82,21159.37,16.67826287,-16.95,54.11494454
1667599448.7102845,21159.82,21159.37,16.67826287,-16.95,54.11494454
1667599458.696391,21163.95,21163.95,15.56309083,-13.2,55.55669471
1667599468.72636,21163.95,21163.95,15.56309083,-13.2,55.55669471
1667599478.6826808,21163.95,21163.95,15.56309083,-13.2,55.55669471
1667599489.2959895,21163.95,21159.54,15.21129596,-17.61,53.83308445
1667599499.3174653,21163.95,21159.54,15.21129596,-17.61,53.83308445
1667599509.2561991,21163.95,21159.54,15.21129596,-17.61,53.83308445
1667599519.2407,21152.36,21152.36,12.63542497,-35.64,51.2240686
1667599529.2583127,21152.36,21152.36,12.63542497,-35.64,51.2240686
1667599539.2811997,21152.36,21152.36,12.63542497,-35.64,51.2240686
1667599549.238937,21152.36,21151.5,12.56682098,-36.5,50.9084505
1667599559.3109095,21152.36,21151.5,12.56682098,-36.5,50.9084505
1667599569.308075,21152.36,21151.5,12.56682098,-36.5,50.9084505
1667599579.2810369,21141.76,21141.76,9.37485336,-49.09,47.58765136
1667599589.3008957,21141.76,21141.76,9.37485336,-49.09,47.58765136
1667599599.5073924,21141.76,21141.76,9.37485336,-49.09,47.58765136
1667599609.3197198,21141.76,21144.62,9.60300151,-46.23,48.64693164
1667599619.2627213,21141.76,21144.62,9.60300151,-46.23,48.64693164
1667599629.327513,21141.76,21144.62,9.60300151,-46.23,48.64693164
1667599639.2945187,21137.76,21137.76,6.75382001,-34.69,46.32726771
1667599649.3590589,21137.76,21137.76,6.75382001,-34.69,46.32726771
1667599659.3050246,21137.76,21137.76,6.75382001,-34.69,46.32726771
1667599669.746385,21137.76,21135.86,6.60225306,-36.59,45.62151332
1667599679.751293,21137.76,21135.86,6.60225306,-36.59,45.62151332
1667599689.7736793,21137.76,21135.86,6.60225306,-36.59,45.62151332
1667599699.7503033,21152.03,21152.03,6.99919751,-26.52,51.44643285
1667599709.785451,21152.03,21152.03,6.99919751,-26.52,51.44643285
1667599720.0258255,21152.03,21152.03,6.99919751,-26.52,51.44643285
1667599729.7900634,21152.03,21166.47,8.15110634,-12.08,56.06634822
1667599739.7614074,21152.03,21166.47,8.15110634,-12.08,56.06634822
1667599749.7891178,21152.03,21166.47,8.15110634,-12.08,56.06634822
1667599759.8780353,21178.75,21178.75,9.93405899,8.8,59.34826646
1667599769.81126,21178.75,21178.75,9.93405899,8.8,59.34826646
1667599779.8612242,21178.75,21178.75,9.93405899,8.8,59.34826646
1667599789.7440326,21178.75,21175.98,9.71309033,6.03,58.31088914
1667599799.7922728,21178.75,21175.98,9.71309033,6.03,58.31088914
1667599809.8217344,21178.75,21175.98,9.71309033,6.03,58.31088914
1667599819.7582076,21177.8,21177.8,10.32659644,-0.44,59.00171215
1667599829.7730334,21177.8,21177.8,10.32659644,-0.44,59.00171215
1667599839.829635,21177.8,21177.8,10.32659644,-0.44,59.00171215
1667599850.2365155,21177.8,21177.11,10.2715537,-1.13,58.71855271
1667599860.1912768,21177.8,21177.11,10.2715537,-1.13,58.71855271
1667599870.196223,21177.8,21177.11,10.2715537,-1.13,58.71855271
1667599880.2014558,21176.32,21176.32,10.36724104,-22.81,58.39625721
1667599890.2194967,21176.32,21176.32,10.36724104,-22.81,58.39625721
1667599900.2346463,21176.32,21176.32,10.36724104,-22.81,58.39625721
1667599910.229843,21176.32,21171.46,9.97954873,-27.67,56.34724086
1667599920.2348,21176.32,21171.46,9.97954873,-27.67,56.34724086
1667599930.247158,21176.32,21171.46,9.97954873,-27.67,56.34724086
1667599940.2180145,21172.27,21172.27,9.74241018,12.45,56.61051249
1667599950.4673772,21172.27,21172.27,9.74241018,12.45,56.61051249
1667599960.235489,21172.27,21172.27,9.74241018,12.45,56.61051249
1667599970.26243,21172.27,21173.71,9.85728198,13.89,57.08697511
1667599980.2528183,21172.27,21173.71,9.85728198,13.89,57.08697511
1667599990.2608454,21172.27,21173.71,9.85728198,13.89,57.08697511
1667600000.245942,21172.32,21172.32,9.46141131,8.37,56.62723358
1667600010.2255728,21172.32,21172.32,9.46141131,8.37,56.62723358
1667600020.3845074,21172.32,21169.02,9.19816345,5.07,55.11750801
1667600030.81403,21172.32,21169.02,9.19816345,5.07,55.11750801
1667600040.8620963,21172.32,21169.02,9.19816345,5.07,55.11750801
1667600050.8730235,21168.83,21168.83,8.63633718,15.69,55.03249866
1667600060.839321,21168.83,21168.83,8.63633718,15.69,55.03249866
1667600070.8159509,21168.83,21168.83,8.63633718,15.69,55.03249866
1667600080.8319747,21168.83,21170.55,8.77354516,17.41,55.69439748
1667600090.8358634,21168.83,21170.55,8.77354516,17.41,55.69439748
1667600100.8587706,21168.83,21170.55,8.77354516,17.41,55.69439748
1667600111.0335696,21170.59,21170.59,8.35903799,28.83,55.70955871
1667600120.8932035,21170.59,21170.59,8.35903799,28.83,55.70955871
1667600130.8964105,21170.59,21170.59,8.35903799,28.83,55.70955871
1667600140.9167504,21170.59,21170.59,8.35903799,28.83,55.70955871
1667600150.8419075,21170.59,21178.83,9.01635993,37.07,58.83462837
1667600160.8460093,21170.59,21178.83,9.01635993,37.07,58.83462837
1667600170.9071524,21183.21,21183.21,9.7205166,46.37,60.32274911
1667600180.8998294,21183.21,21183.21,9.7205166,46.37,60.32274911
1667600190.906164,21183.21,21183.21,9.7205166,46.37,60.32274911
1667600200.8899696,21183.21,21199.67,11.03356503,62.83,65.38670053
1667600211.3365738,21183.21,21199.67,11.03356503,62.83,65.38670053
1667600221.313963,21183.21,21199.67,11.03356503,62.83,65.38670053
1667600231.3098571,21196.02,21196.02,11.72748438,43.16,64.25310845
1667600241.291424,21196.02,21196.02,11.72748438,43.16,64.25310845
1667600251.308684,21196.02,21196.02,11.72748438,43.16,64.25310845
1667600261.3149178,21196.02,21184.47,10.80611686,31.61,58.49231476
1667600271.2963374,21196.02,21184.47,10.80611686,31.61,58.49231476
1667600281.3378656,21196.02,21184.47,10.80611686,31.61,58.49231476
1667600291.3434334,21188.52,21188.52,11.27603656,9.95,60.39091183
1667600301.4926262,21188.52,21188.52,11.27603656,9.95,60.39091183
1667600311.3020732,21188.52,21188.52,11.27603656,9.95,60.39091183
1667600321.2697868,21188.52,21181.35,10.70407075,2.78,56.87144348
1667600331.301113,21188.52,21181.35,10.70407075,2.78,56.87144348
1667600341.3497918,21188.52,21181.35,10.70407075,2.78,56.87144348
1667600351.316607,21188.52,21181.35,10.70407075,2.78,56.87144348
1667600361.3648164,21171.82,21171.82,8.96157161,-5.97,52.75317283
1667600371.3584075,21171.82,21171.82,8.96157161,-5.97,52.75317283
1667600381.3156514,21171.82,21173.1,9.06367987,-4.69,53.29044903
1667600391.9874115,21171.82,21173.1,9.06367987,-4.69,53.29044903
1667600402.0073366,21171.82,21173.1,9.06367987,-4.69,53.29044903
1667600412.0052729,21172.46,21172.46,8.11970721,-3.86,53.02873308
1667600421.9824314,21172.46,21172.46,8.11970721,-3.86,53.02873308
1667600431.982363,21172.46,21172.46,8.11970721,-3.86,53.02873308
1667600442.077237,21172.46,21174.6,8.29041946,-1.72,53.89594568
1667600452.016946,21172.46,21174.6,8.29041946,-1.72,53.89594568
1667600462.196174,21172.46,21174.6,8.29041946,-1.72,53.89594568
1667600472.007551,21170.83,21170.83,7.09717403,-0.49,52.27971295
1667600481.993138,21170.83,21170.83,7.09717403,-0.49,52.27971295
1667600492.0479977,21170.83,21170.83,7.09717403,-0.49,52.27971295
1667600502.0291898,21170.83,21176.6,7.55745893,5.28,54.71797814
1667600512.0312426,21170.83,21176.6,7.55745893,5.28,54.71797814
1667600522.046654,21170.83,21176.6,7.55745893,5.28,54.71797814
1667600532.0499947,21174.17,21174.17,6.78918946,1.85,53.72215672
1667600542.0092306,21174.17,21174.17,6.78918946,1.85,53.72215672
1667600552.2164977,21174.17,21174.17,6.78918946,1.85,53.72215672
1667600562.0746658,21174.17,21166.29,6.16058547,-6.03,49.8905693
1667600572.8627362,21174.17,21166.29,6.16058547,-6.03,49.8905693
1667600582.867617,21174.17,21166.29,6.16058547,-6.03,49.8905693
1667600592.8766432,21162.31,21162.31,4.5852139,-6.51,48.15584231
1667600602.8882155,21162.31,21162.31,4.5852139,-6.51,48.15584231
1667600612.876139,21162.31,21162.31,4.5852139,-6.51,48.15584231
1667600623.1648936,21162.31,21159.98,4.39934495,-8.84,47.12283913
1667600632.842826,21162.31,21159.98,4.39934495,-8.84,47.12283913
1667600642.9015872,21162.31,21159.98,4.39934495,-8.84,47.12283913
1667600652.9141483,21156.6,21156.6,2.74026344,-13.99,45.70071835
1667600662.9114788,21156.6,21156.6,2.74026344,-13.99,45.70071835
1667600672.88849,21156.6,21156.6,2.74026344,-13.99,45.70071835
1667600682.9043584,21156.6,21155.67,2.66607541,-14.92,45.29566466
1667600692.876362,21156.6,21155.67,2.66607541,-14.92,45.29566466
1667600702.8865943,21156.6,21155.67,2.66607541,-14.92,45.29566466
1667600712.853261,21166.27,21166.27,2.98740874,-16.94,50.32006455
1667600722.918646,21166.27,21166.27,2.98740874,-16.94,50.32006455
1667600732.952994,21166.27,21166.27,2.98740874,-16.94,50.32006455
1667600742.9377582,21166.27,21173.13,3.5346452,-10.08,53.3518809
1667600754.0340178,21166.27,21173.13,3.5346452,-10.08,53.3518809
1667600764.0333977,21166.27,21173.13,3.5346452,-10.08,53.3518809
1667600774.05513,21174.01,21174.01,3.70021024,-22.48,53.6110747
1667600784.283747,21174.01,21174.01,3.70021024,-22.48,53.6110747
1667600794.036199,21174.01,21174.01,3.70021024,-22.48,53.6110747
1667600804.056478,21174.01,21169.57,3.3460222,-26.92,51.47861263
1667600814.05734,21174.01,21169.57,3.3460222,-26.92,51.47861263
1667600824.25699,21174.01,21169.57,3.3460222,-26.92,51.47861263
1667600834.007964,21168.74,21168.74,2.92340444,-19.78,51.09865828
1667600844.324761,21168.74,21168.74,2.92340444,-19.78,51.09865828
1667600854.0563529,21168.74,21168.74,2.92340444,-19.78,51.09865828
1667600864.0208504,21168.74,21167.19,2.79975772,-21.33,50.35125809
1667600874.0697415,21168.74,21167.19,2.79975772,-21.33,50.35125809
1667600884.086621,21168.74,21167.19,2.79975772,-21.33,50.35125809
1667600894.069029,21162.2,21162.2,1.60011584,-10.59,48.1830677
1667600904.0688906,21162.2,21162.2,1.60011584,-10.59,48.1830677
1667600914.08539,21162.2,21162.2,1.60011584,-10.59,48.1830677
1667600924.1087377,21162.2,21162.13,1.5945318,-10.66,48.14874062
1667600934.642558,21162.2,21162.13,1.5945318,-10.66,48.14874062
1667600944.8119,21162.2,21162.13,1.5945318,-10.66,48.14874062
1667600954.61155,21151.19,21151.19,-0.5150387,-21.27,43.48272143
1667600964.5869844,21151.19,21151.19,-0.5150387,-21.27,43.48272143
1667600974.6159985,21151.19,21151.19,-0.5150387,-21.27,43.48272143
1667600984.6178217,21151.19,21150.89,-0.53897032,-21.57,43.35978061
1667600994.609898,21151.19,21150.89,-0.53897032,-21.57,43.35978061
1667601004.6649897,21151.19,21150.89,-0.53897032,-21.57,43.35978061
1667601014.6530838,21151.84,21151.84,-1.37648218,-18.99,43.84124775
1667601024.6259568,21151.84,21151.84,-1.37648218,-18.99,43.84124775
1667601034.654853,21151.84,21151.84,-1.37648218,-18.99,43.84124775
1667601044.6717637,21151.84,21154.77,-1.14274998,-16.06,45.43870014
1667601054.6106577,21151.84,21154.77,-1.14274998,-16.06,45.43870014
1667601064.619479,21151.84,21154.77,-1.14274998,-16.06,45.43870014
1667601074.6623187,21161.57,21161.57,-0.71088345,-12.6,48.85597367
1667601084.657789,21161.57,21161.57,-0.71088345,-12.6,48.85597367
1667601094.6181383,21161.57,21161.57,-0.71088345,-12.6,48.85597367
1667601104.8657317,21161.57,21163.57,-0.55133929,-10.6,49.85083939
1667601115.215146,21161.57,21163.57,-0.55133929,-10.6,49.85083939
1667601125.198122,21161.57,21163.57,-0.55133929,-10.6,49.85083939
1667601135.415238,21159.93,21159.93,-1.02125627,-2.38,48.07394191
1667601145.227203,21159.93,21159.93,-1.02125627,-2.38,48.07394191
1667601155.324156,21159.93,21159.93,-1.02125627,-2.38,48.07394191
1667601165.2193491,21159.93,21164.54,-0.65350698,2.23,50.47378904
1667601175.2182324,21159.93,21164.54,-0.65350698,2.23,50.47378904
1667601185.217002,21159.93,21164.54,-0.65350698,2.23,50.47378904
1667601195.221361,21165.42,21165.42,-0.37420838,8.82,50.90690124
1667601205.2387223,21165.42,21165.42,-0.37420838,8.82,50.90690124
1667601215.1955724,21165.42,21165.42,-0.37420838,8.82,50.90690124
1667601225.2106552,21165.42,21161.37,-0.6972853,4.77,48.79208926
1667601235.2315936,21165.42,21161.37,-0.6972853,4.77,48.79208926
1667601245.2069385,21165.42,21161.37,-0.6972853,4.77,48.79208926
1667601255.1846738,21164.89,21164.89,-0.28104188,-1.38,50.61978124
1667601265.4549766,21164.89,21164.89,-0.28104188,-1.38,50.61978124
1667601275.2200654,21164.89,21164.89,-0.28104188,-1.38,50.61978124
1667601285.2509203,21164.89,21162.34,-0.48446068,-3.93,49.1824851
1667601296.216725,21164.89,21162.34,-0.48446068,-3.93,49.1824851
1667601306.1024406,21164.89,21162.34,-0.48446068,-3.93,49.1824851
1667601316.0891826,21161.65,21161.65,-0.57122427,-13.39,48.76811339
1667601326.15973,21161.65,21161.65,-0.57122427,-13.39,48.76811339
1667601336.1584592,21161.65,21161.65,-0.57122427,-13.39,48.76811339
1667601346.183637,21161.65,21164.18,-0.36940091,-10.86,50.2702231
1667601356.1620233,21161.65,21164.18,-0.36940091,-10.86,50.2702231
1667601366.1532087,21161.65,21164.18,-0.36940091,-10.86,50.2702231
1667601376.14142,21166.09,21166.09,-0.09828019,-2.65,51.42042163
1667601386.1377563,21166.09,21166.09,-0.09828019,-2.65,51.42042163
1667601396.1805737,21166.09,21166.09,-0.09828019,-2.65,51.42042163
1667601406.1494763,21166.09,21183.17,1.26422694,14.43,59.91991835
1667601416.1931446,21166.09,21183.17,1.26422694,14.43,59.91991835
1667601426.1790774,21166.09,21183.17,1.26422694,14.43,59.91991835
1667601436.1999187,21183.96,21183.96,2.60200206,23.16,60.23400783
1667601446.171121,21183.96,21183.96,2.60200206,23.16,60.23400783
1667601456.429718,21183.96,21183.96,2.60200206,23.16,60.23400783
1667601466.194587,21183.96,21178.33,2.15288525,17.53,56.74049326
1667601476.986653,21183.96,21178.33,2.15288525,17.53,56.74049326
1667601487.010044,21183.96,21178.33,2.15288525,17.53,56.74049326
1667601496.922221,21177.94,21177.94,2.80382292,26.75,56.45150705
1667601506.930896,21177.94,21177.94,2.80382292,26.75,56.45150705
1667601516.961081,21177.94,21177.94,2.80382292,26.75,56.45150705
1667601526.971624,21177.94,21182.17,3.14125882,30.98,58.64758365
1667601536.948715,21177.94,21182.17,3.14125882,30.98,58.64758365
1667601546.9219828,21177.94,21182.17,3.14125882,30.98,58.64758365
1667601556.9210372,21181.76,21181.76,3.82465548,29.76,58.22058629
1667601566.981238,21181.76,21181.76,3.82465548,29.76,58.22058629
1667601576.9755108,21181.76,21181.76,3.82465548,29.76,58.22058629
1667601586.9858532,21181.76,21187.0,4.24266118,35.0,60.83923715
1667601596.9695148,21181.76,21187.0,4.24266118,35.0,60.83923715
1667601606.9763527,21181.76,21187.0,4.24266118,35.0,60.83923715
1667601616.9897516,21186.49,21186.49,5.01657508,24.92,60.28800101
1667601626.9623127,21186.49,21186.49,5.01657508,24.92,60.28800101
1667601637.0113852,21186.49,21186.49,5.01657508,24.92,60.28800101
1667601647.080788,21186.49,21182.36,4.68711639,20.79,57.51291051
1667601657.5019946,21186.49,21182.36,4.68711639,20.79,57.51291051
1667601667.5348349,21186.49,21182.36,4.68711639,20.79,57.51291051
1667601677.544607,21185.51,21185.51,5.38596403,25.58,59.60554527
1667601687.516768,21185.51,21185.51,5.38596403,25.58,59.60554527
1667601697.5157762,21185.51,21185.51,5.38596403,25.58,59.60554527
1667601707.5411236,21185.51,21190.4,5.7760495,30.47,61.92180587
1667601717.5412812,21185.51,21190.4,5.7760495,30.47,61.92180587
1667601727.5304372,21185.51,21190.4,5.7760495,30.47,61.92180587
1667601737.5509107,21189.79,21189.79,6.22545831,24.37,61.67845713
1667601747.5025363,21189.79,21189.79,6.22545831,24.37,61.67845713
1667601757.5306118,21189.79,21189.79,6.22545831,24.37,61.67845713
1667601767.537111,21189.79,21192.91,6.47434719,27.49,63.14002105
1667601777.4868858,21189.79,21192.91,6.47434719,27.49,63.14002105
1667601787.5229857,21189.79,21192.91,6.47434719,27.49,63.14002105
1667601797.5196862,21191.12,21191.12,6.84934968,26.23,61.96049605
1667601807.5362198,21191.12,21191.12,6.84934968,26.23,61.96049605
1667601817.5843034,21191.12,21191.12,6.84934968,26.23,61.96049605
1667601827.5049706,21191.12,21197.62,7.3678682,32.73,65.31664869
1667601838.450492,21191.12,21197.62,7.3678682,32.73,65.31664869
1667601848.4794705,21191.12,21197.62,7.3678682,32.73,65.31664869
1667601858.23993,21190.24,21190.24,6.99070039,27.64,61.25319284
1667601868.2872877,21190.24,21190.24,6.99070039,27.64,61.25319284
1667601878.2394483,21190.24,21190.24,6.99070039,27.64,61.25319284
1667601888.2550297,21190.24,21194.3,7.31457503,31.7,63.33286903
1667601898.2808983,21190.24,21194.3,7.31457503,31.7,63.33286903
1667601908.2520337,21190.24,21194.3,7.31457503,31.7,63.33286903
1667601918.226639,21197.23,21197.23,8.0649025,32.39,64.70019993
1667601928.456974,21197.23,21197.23,8.0649025,32.39,64.70019993
1667601938.2623043,21197.23,21197.23,8.0649025,32.39,64.70019993
1667601948.264917,21197.23,21187.66,7.30148369,22.82,57.19772647
1667601958.307438,21197.23,21187.66,7.30148369,22.82,57.19772647
1667601968.2687092,21197.23,21187.66,7.30148369,22.82,57.19772647
1667601978.2845063,21190.61,21190.61,7.39449037,6.62,59.17093485
1667601988.2626417,21190.61,21190.61,7.39449037,6.62,59.17093485
1667601998.5222952,21190.61,21190.61,7.39449037,6.62,59.17093485
1667602008.2503808,21190.61,21187.81,7.17112854,3.82,57.19346186
1667602018.9231565,21190.61,21187.81,7.17112854,3.82,57.19346186
1667602029.2312007,21190.61,21187.81,7.17112854,3.82,57.19346186
1667602038.93597,21179.29,21179.29,5.64661888,-0.04,51.47149205
1667602048.9478457,21179.29,21179.29,5.64661888,-0.04,51.47149205
1667602058.9185894,21179.29,21179.29,5.64661888,-0.04,51.47149205
1667602068.953575,21179.29,21174.43,5.25892657,-4.9,48.49129929
1667602078.948618,21179.29,21174.43,5.25892657,-4.9,48.49129929
1667602088.981285,21179.29,21174.43,5.25892657,-4.9,48.49129929
1667602098.9838874,21176.06,21176.06,4.4828414,-6.76,49.43728169
1667602109.0090687,21176.06,21176.06,4.4828414,-6.76,49.43728169
1667602118.940069,21176.06,21176.06,4.4828414,-6.76,49.43728169
1667602128.978186,21176.06,21168.89,3.91087559,-13.93,45.19833132
1667602138.9933307,21176.06,21168.89,3.91087559,-13.93,45.19833132
1667602149.1260135,21176.06,21168.89,3.91087559,-13.93,45.19833132
1667602158.9885194,21166.26,21166.26,2.25120781,-21.4,44.02186994
1667602168.9587183,21166.26,21166.26,2.25120781,-21.4,44.02186994
1667602178.9778745,21166.26,21166.26,2.25120781,-21.4,44.02186994
1667602189.194172,21166.26,21173.11,2.79764656,-14.55,48.33011536
1667602199.695067,21166.26,21173.11,2.79764656,-14.55,48.33011536
1667602209.703302,21166.26,21173.11,2.79764656,-14.55,48.33011536
1667602220.016076,21166.82,21166.82,1.31325854,-18.69,44.51578241
1667602229.7002225,21166.82,21166.82,1.31325854,-18.69,44.51578241
1667602239.6892412,21166.82,21166.82,1.31325854,-18.69,44.51578241
1667602249.6897993,21166.82,21174.32,1.91154914,-11.19,49.29293873
1667602259.6551769,21166.82,21174.32,1.91154914,-11.19,49.29293873
1667602269.665018,21166.82,21174.32,1.91154914,-11.19,49.29293873
1667602279.6665206,21171.8,21171.8,1.15366821,-17.1,47.72881911
1667602289.6726754,21171.8,21171.8,1.15366821,-17.1,47.72881911
1667602299.7223911,21171.8,21171.8,1.15366821,-17.1,47.72881911
1667602309.707701,21171.8,21179.34,1.7551497,-9.56,52.45452015
1667602319.7046835,21171.8,21179.34,1.7551497,-9.56,52.45452015
1667602329.727702,21171.8,21179.34,1.7551497,-9.56,52.45452015
1667602339.7978635,21174.43,21174.43,1.07602171,-17.68,49.48028742
1667602349.752259,21174.43,21174.43,1.07602171,-17.68,49.48028742
1667602359.6935055,21174.43,21174.43,1.07602171,-17.68,49.48028742
1667602369.6920245,21174.43,21172.11,0.89095049,-20.0,47.95384534
1667602380.220795,21174.43,21172.11,0.89095049,-20.0,47.95384534
1667602390.099291,21174.43,21172.11,0.89095049,-20.0,47.95384534
1667602400.096664,21185.97,21185.97,2.52838555,-4.27,56.1977637
1667602410.0822854,21185.97,21185.97,2.52838555,-4.27,56.1977637
1667602420.113845,21185.97,21185.97,2.52838555,-4.27,56.1977637
1667602430.1291254,21185.97,21188.93,2.7645109,-1.31,57.93768102
1667602440.1092484,21185.97,21188.93,2.7645109,-1.31,57.93768102
1667602450.1788547,21185.97,21188.93,2.7645109,-1.31,57.93768102
1667602460.2201731,21190.71,21190.71,3.52690346,-6.52,58.83902708
1667602470.13922,21190.71,21190.71,3.52690346,-6.52,58.83902708
1667602480.1443017,21190.71,21190.71,3.52690346,-6.52,58.83902708
1667602490.323415,21190.71,21187.81,3.29556443,-9.42,56.7069764
1667602500.1257265,21190.71,21187.81,3.29556443,-9.42,56.7069764
1667602510.1522555,21190.71,21187.81,3.29556443,-9.42,56.7069764
1667602520.1252792,21185.19,21185.19,3.1924569,-4.65,54.90942135
1667602530.1586926,21185.19,21185.19,3.1924569,-4.65,54.90942135
1667602540.4206247,21185.19,21182.0,2.93798397,-7.84,52.71822855
1667602550.1489396,21185.19,21182.0,2.93798397,-7.84,52.71822855
1667602560.794529,21185.19,21182.0,2.93798397,-7.84,52.71822855
1667602570.8157952,21179.78,21179.78,2.41329648,0.49,51.30736221
1667602580.7898948,21179.78,21179.78,2.41329648,0.49,51.30736221
1667602590.7854807,21179.78,21179.78,2.41329648,0.49,51.30736221
1667602600.8137884,21179.78,21190.0,3.22856713,10.71,56.93551931
1667602610.7756016,21179.78,21190.0,3.22856713,10.71,56.93551931
1667602620.8023348,21179.78,21190.0,3.22856713,10.71,56.93551931
1667602630.7472308,21179.78,21190.0,3.22856713,10.71,56.93551931
1667602640.85763,21189.67,21189.67,3.57341297,13.3,56.77419155
1667602650.8064454,21189.67,21189.67,3.57341297,13.3,56.77419155
1667602660.846474,21189.67,21189.67,3.57341297,13.3,56.77419155
1667602670.8144004,21189.67,21181.17,2.89535029,4.8,51.42984349
1667602680.8098593,21189.67,21181.17,2.89535029,4.8,51.42984349
1667602690.8351016,21189.67,21181.17,2.89535029,4.8,51.42984349
1667602701.0891426,21183.93,21183.93,2.93754842,18.74,53.0179188
1667602710.7961636,21183.93,21183.93,2.93754842,18.74,53.0179188
1667602720.7962146,21183.93,21182.56,2.82826067,17.37,52.22668051
1667602730.7961118,21183.93,21182.56,2.82826067,17.37,52.22668051
1667602741.3769252,21183.93,21182.56,2.82826067,17.37,52.22668051
1667602751.3790858,21175.32,21175.32,1.69703655,7.24,47.96706336
1667602761.355253,21175.32,21175.32,1.69703655,7.24,47.96706336
1667602771.3523965,21175.32,21175.32,1.69703655,7.24,47.96706336
1667602781.3534713,21175.32,21175.32,1.69703655,7.24,47.96706336
1667602791.4101143,21175.32,21174.54,1.63481433,6.46,47.52302466
1667602801.3971283,21175.32,21174.54,1.63481433,6.46,47.52302466
1667602811.3649068,21179.06,21179.06,1.63416492,7.26,50.25034386
1667602821.3849163,21179.06,21179.06,1.63416492,7.26,50.25034386
1667602831.4083505,21179.06,21179.06,1.63416492,7.26,50.25034386
1667602841.3850348,21179.06,21186.1,2.19576036,14.3,54.32884072
1667602851.388056,21179.06,21186.1,2.19576036,14.3,54.32884072
1667602861.5893395,21179.06,21186.1,2.19576036,14.3,54.32884072
1667602871.4154773,21190.01,21190.01,2.94482919,15.58,56.31776828
1667602881.39931,21190.01,21190.01,2.94482919,15.58,56.31776828
1667602891.3538933,21190.01,21190.01,2.94482919,15.58,56.31776828
1667602901.3592904,21190.01,21189.21,2.88101153,14.78,55.7824984
1667602911.3604245,21190.01,21189.21,2.88101153,14.78,55.7824984
1667602922.0674694,21190.01,21189.21,2.88101153,14.78,55.7824984
1667602931.9928813,21188.2,21188.2,3.04718037,1.28,55.08128659
1667602942.0199304,21188.2,21188.2,3.04718037,1.28,55.08128659
1667602952.007144,21188.2,21188.2,3.04718037,1.28,55.08128659
1667602962.0675528,21188.2,21176.61,2.12262197,-10.31,48.04618287
1667602972.0689878,21188.2,21176.61,2.12262197,-10.31,48.04618287
1667602981.9966393,21188.2,21176.61,2.12262197,-10.31,48.04618287
1667602992.0377843,21188.2,21176.61,2.12262197,-10.31,48.04618287
1667603002.0555897,21177.56,21177.56,1.70156018,-13.15,48.5208331
1667603012.103931,21177.56,21177.56,1.70156018,-13.15,48.5208331
1667603022.2555969,21177.56,21175.5,1.5372297,-15.21,47.35176338
1667603032.060917,21177.56,21175.5,1.5372297,-15.21,47.35176338
1667603042.0580113,21177.56,21175.5,1.5372297,-15.21,47.35176338
1667603052.0469763,21177.56,21175.5,1.5372297,-15.21,47.35176338
1667603062.0828605,21183.92,21183.92,2.1419597,-1.27,52.20573897
1667603072.0785096,21183.92,21183.92,2.1419597,-1.27,52.20573897
1667603082.1974344,21183.92,21182.16,2.00156083,-3.03,51.10744186
1667603092.230853,21183.92,21182.16,2.00156083,-3.03,51.10744186
1667603102.926841,21183.92,21182.16,2.00156083,-3.03,51.10744186
1667603112.9934883,21182.59,21182.59,1.81609977,3.8,51.38295485
1667603122.956102,21182.59,21182.59,1.81609977,3.8,51.38295485
1667603133.1919546,21182.59,21182.59,1.81609977,3.8,51.38295485
1667603142.9900692,21182.59,21182.59,1.81609977,3.8,51.38295485
1667603152.9793382,21182.59,21194.97,2.80367812,16.18,57.95700322
1667603162.9720418,21182.59,21194.97,2.80367812,16.18,57.95700322
1667603172.9771352,21197.75,21197.75,3.82752928,8.08,59.1960029
1667603182.9694192,21197.75,21197.75,3.82752928,8.08,59.1960029
1667603192.9464607,21197.75,21197.75,3.82752928,8.08,59.1960029
1667603202.9654171,21197.75,21199.35,3.95516461,9.68,59.92794879
1667603213.1652758,21197.75,21199.35,3.95516461,9.68,59.92794879
1667603222.972849,21197.75,21199.35,3.95516461,9.68,59.92794879
1667603233.0101178,21200.87,21200.87,4.79240117,18.15,60.63243036
1667603242.9614203,21200.87,21200.87,4.79240117,18.15,60.63243036
1667603252.9912307,21200.87,21200.87,4.79240117,18.15,60.63243036
1667603262.939719,21200.87,21193.68,4.21883992,10.96,55.9975964
1667603272.972925,21200.87,21193.68,4.21883992,10.96,55.9975964
1667603283.7834594,21200.87,21193.68,4.21883992,10.96,55.9975964
1667603293.7760322,21184.76,21184.76,3.14177795,8.24,50.88550708
1667603303.8354852,21184.76,21184.76,3.14177795,8.24,50.88550708
1667603313.9452865,21184.76,21184.76,3.14177795,8.24,50.88550708
1667603323.837366,21184.76,21189.95,3.55579505,13.43,53.59316448
1667603333.8257692,21184.76,21189.95,3.55579505,13.43,53.59316448
1667603343.8187325,21184.76,21189.95,3.55579505,13.43,53.59316448
1667603353.8330424,21184.76,21189.95,3.55579505,13.43,53.59316448
1667603363.8250616,21190.16,21190.16,3.46570566,12.13,53.73100357
1667603373.877403,21190.16,21190.16,3.46570566,12.13,53.73100357
1667603383.8654504,21190.16,21185.85,3.12188799,7.82,51.25471557
1667603393.8135395,21190.16,21185.85,3.12188799,7.82,51.25471557
1667603403.9675984,21190.16,21185.85,3.12188799,7.82,51.25471557
1667603413.8321674,21179.55,21179.55,1.9013962,-10.46,47.92534389
1667603423.8087423,21179.55,21179.55,1.9013962,-10.46,47.92534389
1667603433.8509808,21179.55,21179.55,1.9013962,-10.46,47.92534389
1667603443.8640313,21179.55,21185.04,2.33934492,-4.97,50.91741791
1667603453.816342,21179.55,21185.04,2.33934492,-4.97,50.91741791
1667603464.254331,21179.55,21185.04,2.33934492,-4.97,50.91741791
1667603474.2689104,21175.4,21175.4,0.73059458,-13.6,45.81418627
1667603484.2328873,21175.4,21175.4,0.73059458,-13.6,45.81418627
1667603494.26513,21175.4,21175.4,0.73059458,-13.6,45.81418627
1667603504.2867632,21175.4,21175.4,0.73059458,-13.6,45.81418627
1667603514.269088,21175.4,21180.08,1.10392792,-8.92,48.56581433
1667603524.2611277,21175.4,21180.08,1.10392792,-8.92,48.56581433
1667603534.2815316,21174.85,21174.85,-0.06575432,-3.52,45.65227342
1667603544.2578044,21174.85,21174.85,-0.06575432,-3.52,45.65227342
1667603554.2769969,21174.85,21174.85,-0.06575432,-3.52,45.65227342
1667603564.2593555,21174.85,21171.69,-0.31783409,-6.68,43.86479078
1667603574.3355165,21174.85,21171.69,-0.31783409,-6.68,43.86479078
1667603584.3094928,21174.85,21171.69,-0.31783409,-6.68,43.86479078
1667603594.4345882,21171.16,21171.16,-1.12305336,-12.77,43.59247041
1667603604.2926128,21171.16,21171.16,-1.12305336,-12.77,43.59247041
1667603614.3133185,21171.16,21171.16,-1.12305336,-12.77,43.59247041
1667603624.361959,21171.16,21170.03,-1.21319581,-13.9,42.97981556
1667603634.3373013,21171.16,21170.03,-1.21319581,-13.9,42.97981556
1667603644.996913,21171.16,21170.03,-1.21319581,-13.9,42.97981556
1667603654.936254,21156.1,21156.1,-3.7808719,-25.51,36.60591543
1667603665.0198617,21156.1,21156.1,-3.7808719,-25.51,36.60591543
1667603674.984723,21156.1,21156.1,-3.7808719,-25.51,36.60591543
1667603685.000727,21156.1,21151.51,-4.14702575,-30.1,34.78455263
1667603695.0117586,21156.1,21151.51,-4.14702575,-30.1,34.78455263
1667603705.039443,21156.1,21151.51,-4.14702575,-30.1,34.78455263
1667603715.0054476,21142.08,21142.08,-6.91765578,-55.67,31.55857345
1667603725.032646,21142.08,21142.08,-6.91765578,-55.67,31.55857345
1667603735.0004177,21142.08,21142.08,-6.91765578,-55.67,31.55857345
1667603745.0841773,21142.08,21154.9,-5.89497772,-42.85,39.74060121
1667603755.0364645,21142.08,21154.9,-5.89497772,-42.85,39.74060121
1667603765.0282269,21142.08,21154.9,-5.89497772,-42.85,39.74060121
1667603775.0117984,21153.13,21153.13,-6.77435496,-46.75,38.97497618
1667603785.291896,21153.13,21153.13,-6.77435496,-46.75,38.97497618
1667603795.2188208,21153.13,21153.13,-6.77435496,-46.75,38.97497618
1667603805.0367508,21153.13,21156.77,-6.48398459,-43.11,40.86844297
1667603815.0198855,21153.13,21156.77,-6.48398459,-43.11,40.86844297
1667603825.7612112,21153.13,21156.77,-6.48398459,-43.11,40.86844297
1667603835.7443476,21152.88,21152.88,-7.39584094,-32.83,38.87831861
1667603845.7618785,21152.88,21152.88,-7.39584094,-32.83,38.87831861
1667603855.7476325,21152.88,21152.88,-7.39584094,-32.83,38.87831861
1667603865.7751038,21152.88,21145.65,-7.97259308,-40.06,36.09073016
1667603875.791924,21152.88,21145.65,-7.97259308,-40.06,36.09073016
1667603885.7792528,21152.88,21145.65,-7.97259308,-40.06,36.09073016
1667603895.7713947,21145.8,21145.8,-8.78369861,-43.42,36.14449722
1667603905.7627792,21145.8,21145.8,-8.78369861,-43.42,36.14449722
1667603915.7849462,21145.8,21145.8,-8.78369861,-43.42,36.14449722
1667603925.8348663,21145.8,21158.57,-7.76500915,-30.65,43.81813255
1667603935.808669,21145.8,21158.57,-7.76500915,-30.65,43.81813255
1667603945.774891,21145.8,21158.57,-7.76500915,-30.65,43.81813255
1667603955.793989,21149.28,21149.28,-8.83651449,-30.27,38.43599885
1667603965.801448,21149.28,21149.28,-8.83651449,-30.27,38.43599885
1667603975.9989593,21149.28,21149.28,-8.83651449,-30.27,38.43599885
1667603985.79371,21149.28,21144.07,-9.25212703,-35.48,36.33379071
1667603995.8192365,21149.28,21144.07,-9.25212703,-35.48,36.33379071
1667604006.3520565,21149.28,21144.07,-9.25212703,-35.48,36.33379071
1667604016.3677309,21150.42,21150.42,-8.83415433,-24.98,39.20616534
1667604026.3961096,21150.42,21150.42,-8.83415433,-24.98,39.20616534
1667604036.336261,21150.42,21150.42,-8.83415433,-24.98,39.20616534
1667604046.4165356,21150.42,21157.84,-8.2422455,-17.56,44.1042611
1667604056.430839,21150.42,21157.84,-8.2422455,-17.56,44.1042611
1667604066.4019215,21150.42,21157.84,-8.2422455,-17.56,44.1042611
1667604076.4104676,21162.7,21162.7,-7.06570824,-11.3,46.90637559
1667604086.4113157,21162.7,21162.7,-7.06570824,-11.3,46.90637559
1667604096.4264848,21162.7,21162.7,-7.06570824,-11.3,46.90637559
1667604106.420286,21162.7,21166.49,-6.76337206,-7.51,49.05053686
1667604116.4346466,21162.7,21166.49,-6.76337206,-7.51,49.05053686
1667604126.476488,21162.7,21166.49,-6.76337206,-7.51,49.05053686
1667604136.6617963,21161.29,21161.29,-6.49872719,-9.87,46.14015591
1667604146.4423168,21161.29,21161.29,-6.49872719,-9.87,46.14015591
1667604156.4506822,21161.29,21161.29,-6.49872719,-9.87,46.14015591
1667604166.4476695,21161.29,21156.74,-6.86169015,-14.42,43.79593569
1667604176.497361,21161.29,21156.74,-6.86169015,-14.42,43.79593569
1667604187.1009312,21161.29,21156.74,-6.86169015,-14.42,43.79593569
1667604197.069372,21160.11,21160.11,-6.12850958,3.1,45.50843233
1667604207.0681648,21160.11,21160.11,-6.12850958,3.1,45.50843233
1667604217.0942228,21160.11,21160.11,-6.12850958,3.1,45.50843233
1667604227.0794885,21160.11,21159.8,-6.15323892,2.79,45.33283204
1667604237.126086,21160.11,21159.8,-6.15323892,2.79,45.33283204
1667604247.1211548,21160.11,21159.8,-6.15323892,2.79,45.33283204
1667604257.141717,21157.82,21157.82,-6.11281651,15.74,44.525277
1667604267.0875216,21157.82,21157.82,-6.11281651,15.74,44.525277
1667604277.114178,21157.82,21157.82,-6.11281651,15.74,44.525277
1667604287.1388147,21157.82,21164.15,-5.60785924,22.07,48.62180683
1667604297.3400197,21157.82,21164.15,-5.60785924,22.07,48.62180683
1667604307.1441624,21157.82,21164.15,-5.60785924,22.07,48.62180683
1667604317.1666038,21162.76,21162.76,-5.09378088,8.27,47.77494814
1667604327.1559167,21162.76,21162.76,-5.09378088,8.27,47.77494814
1667604337.1253822,21162.76,21162.76,-5.09378088,8.27,47.77494814
1667604347.1303718,21162.76,21154.83,-5.72637347,0.34,43.38173651
1667604357.1529472,21162.76,21154.83,-5.72637347,0.34,43.38173651
1667604367.9586852,21162.76,21154.83,-5.72637347,0.34,43.38173651
1667604377.934784,21155.66,21155.66,-5.4857095,2.78,43.76233801
1667604387.9810865,21155.66,21155.66,-5.4857095,2.78,43.76233801
1667604397.9161117,21155.66,21155.66,-5.4857095,2.78,43.76233801
1667604407.9238746,21155.66,21164.22,-4.8028605,11.34,49.21794166
1667604417.987352,21155.66,21164.22,-4.8028605,11.34,49.21794166
1667604427.9478917,21155.66,21164.22,-4.8028605,11.34,49.21794166
1667604437.9113207,21168.78,21168.78,-3.4968381,22.98,51.77893796
1667604447.9177077,21168.78,21168.78,-3.4968381,22.98,51.77893796
1667604457.9703734,21168.78,21168.78,-3.4968381,22.98,51.77893796
1667604467.9268236,21168.78,21167.6,-3.59096915,21.8,51.06132124
1667604477.9295945,21168.78,21167.6,-3.59096915,21.8,51.06132124
1667604488.1025229,21168.78,21167.6,-3.59096915,21.8,51.06132124
1667604497.9579113,21167.0,21167.0,-3.02149412,17.72,50.72662921
1667604507.9730425,21167.0,21167.0,-3.02149412,17.72,50.72662921
1667604517.975152,21167.0,21167.0,-3.02149412,17.72,50.72662921
1667604528.0160494,21167.0,21170.12,-2.77260523,20.84,52.54944704
1667604537.9424877,21167.0,21170.12,-2.77260523,20.84,52.54944704
1667604548.5718665,21167.0,21170.12,-2.77260523,20.84,52.54944704
1667604558.5799298,21171.34,21171.34,-1.79365867,20.93,53.13883258
1667604568.5677416,21171.34,21171.34,-1.79365867,20.93,53.13883258
1667604578.6064816,21171.34,21171.34,-1.79365867,20.93,53.13883258
1667604588.5877235,21171.34,21173.86,-1.59263303,23.45,54.63562257
1667604598.5993605,21171.34,21173.86,-1.59263303,23.45,54.63562257
1667604608.6322398,21171.34,21173.86,-1.59263303,23.45,54.63562257
1667604618.5948095,21174.64,21174.64,-0.66099,11.93,55.063509
1667604628.594374,21174.64,21174.64,-0.66099,11.93,55.063509
1667604638.6159332,21174.64,21174.64,-0.66099,11.93,55.063509
1667604648.580166,21174.64,21171.78,-0.88913815,9.07,53.08630194
1667604658.6099062,21174.64,21171.78,-0.88913815,9.07,53.08630194
1667604668.6051605,21174.64,21171.78,-0.88913815,9.07,53.08630194
1667604678.8241923,21170.58,21170.58,-0.50187381,8.18,52.26256273
1667604688.6610613,21170.58,21170.58,-0.50187381,8.18,52.26256273
1667604698.6342535,21170.58,21170.58,-0.50187381,8.18,52.26256273
1667604708.6431627,21170.58,21167.2,-0.77150344,4.8,50.01242174
1667604718.5900102,21170.58,21167.2,-0.77150344,4.8,50.01242174
1667604729.4349632,21170.58,21167.2,-0.77150344,4.8,50.01242174
1667604739.3736303,21171.2,21171.2,-0.07509772,11.09,52.69746994
1667604749.378714,21171.2,21171.2,-0.07509772,11.09,52.69746994
1667604759.3793533,21171.2,21171.2,-0.07509772,11.09,52.69746994
1667604769.3483095,21171.2,21165.68,-0.5154396,5.57,48.80353034
1667604779.3594215,21171.2,21165.68,-0.5154396,5.57,48.80353034
1667604789.4254458,21171.2,21165.68,-0.5154396,5.57,48.80353034
1667604799.410754,21163.27,21163.27,-0.96429732,6.98,47.40407057
1667604809.398992,21163.27,21163.27,-0.96429732,6.98,47.40407057
1667604819.409585,21163.27,21163.27,-0.96429732,6.98,47.40407057
1667604829.4384315,21163.27,21158.31,-1.35996684,2.02,44.25888731
1667604839.4073894,21163.27,21158.31,-1.35996684,2.02,44.25888731
1667604849.4274554,21163.27,21158.31,-1.35996684,2.02,44.25888731
1667604859.4244032,21166.54,21166.54,-0.62647375,3.78,49.64058919
1667604869.3673072,21166.54,21166.54,-0.62647375,3.78,49.64058919
1667604879.425365,21166.54,21166.54,-0.62647375,3.78,49.64058919
1667604889.443344,21166.54,21165.93,-0.67513472,3.17,49.22012418
1667604899.6379323,21166.54,21165.93,-0.67513472,3.17,49.22012418
1667604909.9820104,21166.54,21165.93,-0.67513472,3.17,49.22012418
1667604920.0619645,21165.6,21165.6,-0.61615574,8.9,48.94010838
1667604930.029919,21165.6,21165.6,-0.61615574,8.9,48.94010838
1667604940.0138106,21165.6,21165.6,-0.61615574,8.9,48.94010838
1667604950.005986,21165.6,21166.64,-0.53319278,9.94,49.70243733
1667604960.0289311,21165.6,21166.64,-0.53319278,9.94,49.70243733
1667604970.0442324,21165.6,21166.64,-0.53319278,9.94,49.70243733
1667604980.024446,21163.07,21163.07,-1.02609439,-5.71,47.28754666
1667604990.0161996,21163.07,21163.07,-1.02609439,-5.71,47.28754666
1667605000.0364509,21163.07,21163.07,-1.02609439,-5.71,47.28754666
1667605010.0522194,21163.07,21168.66,-0.58016847,-0.12,51.35494827
1667605020.032573,21163.07,21168.66,-0.58016847,-0.12,51.35494827
1667605030.0567665,21163.07,21168.66,-0.58016847,-0.12,51.35494827
1667605040.053336,21165.48,21165.48,-0.74488963,-0.69,49.1021684
1667605050.0766208,21165.48,21165.48,-0.74488963,-0.69,49.1021684
1667605060.0282648,21165.48,21165.48,-0.74488963,-0.69,49.1021684
1667605070.0401702,21165.48,21158.04,-1.3383939,-8.13,44.10249922
1667605080.051486,21165.48,21158.04,-1.3383939,-8.13,44.10249922
1667605090.8698716,21165.48,21158.04,-1.3383939,-8.13,44.10249922
1667605100.6332042,21156.58,21156.58,-2.02399649,-15.48,43.45385107
1667605110.6326058,21156.58,21156.58,-2.02399649,-15.48,43.45385107
1667605120.6371305,21156.58,21152.84,-2.32234407,-19.22,41.05863786
1667605130.575214,21156.58,21152.84,-2.32234407,-19.22,41.05863786
1667605140.640483,21156.58,21152.84,-2.32234407,-19.22,41.05863786
1667605150.6193886,21154.8,21154.8,-2.71055763,-19.84,42.5027584
1667605160.6447856,21154.8,21154.8,-2.71055763,-19.84,42.5027584
1667605170.5657232,21154.8,21154.8,-2.71055763,-19.84,42.5027584
1667605180.5771866,21154.8,21152.5,-2.89403342,-22.14,40.81780718
1667605190.5908132,21154.8,21152.5,-2.89403342,-22.14,40.81780718
1667605200.591678,21154.8,21152.5,-2.89403342,-22.14,40.81780718
1667605210.6304312,21154.8,21152.5,-2.89403342,-22.14,40.81780718
1667605220.6379442,21140.43,21140.43,-5.06707756,-30.87,34.67042838
1667605230.67112,21140.43,21140.43,-5.06707756,-30.87,34.67042838
1667605240.616429,21140.43,21142.33,-4.9155106,-28.97,36.29684667
1667605250.9207952,21140.43,21142.33,-4.9155106,-28.97,36.29684667
1667605260.6011412,21140.43,21142.33,-4.9155106,-28.97,36.29684667
1667605271.6203458,21148.33,21148.33,-4.87645044,-22.87,40.97199722
1667605281.649904,21148.33,21148.33,-4.87645044,-22.87,40.97199722
1667605291.6634371,21148.33,21148.33,-4.87645044,-22.87,40.97199722
1667605301.691415,21148.33,21151.08,-4.65707722,-20.12,43.02079802
1667605311.6290526,21148.33,21151.08,-4.65707722,-20.12,43.02079802
1667605321.649165,21148.33,21151.08,-4.65707722,-20.12,43.02079802
1667605331.676029,21148.33,21151.08,-4.65707722,-20.12,43.02079802
1667605341.657374,21143.95,21143.95,-5.74819062,-18.27,38.58894544
1667605351.6655498,21143.95,21143.95,-5.74819062,-18.27,38.58894544
1667605361.6637945,21143.95,21145.62,-5.61497124,-16.6,39.94412533
1667605371.666716,21143.95,21145.62,-5.61497124,-16.6,39.94412533
1667605381.6745703,21143.95,21145.62,-5.61497124,-16.6,39.94412533
1667605391.6226,21143.95,21145.62,-5.61497124,-16.6,39.94412533
1667605401.6922605,21143.13,21143.13,-6.1554891,-23.41,38.14224549
1667605411.8956146,21143.13,21143.13,-6.1554891,-23.41,38.14224549
1667605421.6398258,21143.13,21142.28,-6.22329537,-24.26,37.68204149
1667605431.6997716,21143.13,21142.28,-6.22329537,-24.26,37.68204149
1667605441.655379,21143.13,21142.28,-6.22329537,-24.26,37.68204149
1667605452.57952,21145.1,21145.1,-6.12784046,-21.73,39.59784958
1667605462.5928588,21145.1,21145.1,-6.12784046,-21.73,39.59784958
1667605472.62102,21145.1,21145.1,-6.12784046,-21.73,39.59784958
1667605482.5931396,21145.1,21145.1,-6.12784046,-21.73,39.59784958
1667605492.6156378,21145.1,21143.6,-6.24749858,-23.23,38.70302811
1667605502.56483,21145.1,21143.6,-6.24749858,-23.23,38.70302811
1667605512.6015072,21136.03,21136.03,-7.44162725,-26.24,34.74104767
1667605522.5814877,21136.03,21136.03,-7.44162725,-26.24,34.74104767
1667605532.591014,21136.03,21136.03,-7.44162725,-26.24,34.74104767
1667605542.5916317,21136.03,21155.1,-5.92037369,-7.17,48.92545986
1667605552.633819,21136.03,21155.1,-5.92037369,-7.17,48.92545986
1667605562.5869553,21136.03,21155.1,-5.92037369,-7.17,48.92545986
1667605572.8722908,21153.63,21153.63,-5.33129232,-12.53,48.0551368
1667605582.6114092,21153.63,21153.63,-5.33129232,-12.53,48.0551368
1667605592.633711,21153.63,21153.63,-5.33129232,-12.53,48.0551368
1667605602.638589,21153.63,21153.85,-5.31374246,-12.31,48.19740818
1667605612.6507535,21153.63,21153.85,-5.31374246,-12.31,48.19740818
1667605622.5812457,21153.63,21153.85,-5.31374246,-12.31,48.19740818
1667605633.4479237,21153.63,21153.85,-5.31374246,-12.31,48.19740818
1667605643.487476,21153.41,21153.41,-4.66200478,-2.25,47.92037253
1667605653.4773552,21153.41,21153.41,-4.66200478,-2.25,47.92037253
1667605663.4800897,21153.41,21151.32,-4.82872843,-4.34,46.65209864
1667605673.5033906,21153.41,21151.32,-4.82872843,-4.34,46.65209864
1667605683.4839177,21153.41,21151.32,-4.82872843,-4.34,46.65209864
1667605693.512678,21148.55,21148.55,-4.77814349,-5.12,45.0249386
1667605703.4959545,21148.55,21148.55,-4.77814349,-5.12,45.0249386
1667605713.5112703,21148.55,21148.55,-4.77814349,-5.12,45.0249386
1667605723.545047,21148.55,21150.11,-4.65369905,-3.56,46.01906859
1667605733.5408745,21148.55,21150.11,-4.65369905,-3.56,46.01906859
1667605743.5005734,21148.55,21150.11,-4.65369905,-3.56,46.01906859
1667605753.5604208,21148.55,21150.11,-4.65369905,-3.56,46.01906859
1667605763.6139448,21151.65,21151.65,-4.14083678,11.22,47.10012188
1667605773.4950936,21151.65,21151.65,-4.14083678,11.22,47.10012188
1667605783.5181558,21151.65,21155.03,-3.87120715,14.6,49.49099331
1667605793.495288,21151.65,21155.03,-3.87120715,14.6,49.49099331
1667605803.471498,21151.65,21155.03,-3.87120715,14.6,49.49099331
1667605814.0274465,21148.43,21148.43,-4.24326903,0.68,45.06779807
1667605824.1418254,21148.43,21148.43,-4.24326903,0.68,45.06779807
1667605834.0246935,21148.43,21148.43,-4.24326903,0.68,45.06779807
1667605844.0239656,21148.43,21156.14,-3.62822629,8.39,50.56781324
1667605854.0299914,21148.43,21156.14,-3.62822629,8.39,50.56781324
1667605863.9744632,21148.43,21156.14,-3.62822629,8.39,50.56781324
1667605874.0220375,21148.43,21156.14,-3.62822629,8.39,50.56781324
1667605884.05622,21152.11,21152.11,-3.60420768,8.16,47.88298952
1667605893.9972682,21152.11,21152.11,-3.60420768,8.16,47.88298952
1667605904.0266447,21152.11,21156.06,-3.28910796,12.11,50.751316
1667605914.058675,21152.11,21156.06,-3.28910796,12.11,50.751316
1667605924.0365665,21152.11,21156.06,-3.28910796,12.11,50.751316
1667605933.9888422,21156.65,21156.65,-2.63697799,12.67,51.18452404
1667605944.044467,21156.65,21156.65,-2.63697799,12.67,51.18452404
1667605954.1060257,21156.65,21156.65,-2.63697799,12.67,51.18452404
1667605964.0231285,21156.65,21154.59,-2.80130847,10.61,49.65688814
1667605974.0619445,21156.65,21154.59,-2.80130847,10.61,49.65688814
1667605984.0412288,21156.65,21154.59,-2.80130847,10.61,49.65688814
1667605994.8748107,21155.22,21155.22,-2.29689729,10.12,50.12072503
1667606004.8849936,21155.22,21155.22,-2.29689729,10.12,50.12072503
1667606014.8763149,21155.22,21155.22,-2.29689729,10.12,50.12072503
1667606024.8806503,21155.22,21156.07,-2.22909102,10.97,50.78862944
1667606034.8785112,21155.22,21156.07,-2.22909102,10.97,50.78862944
1667606044.8893328,21155.22,21156.07,-2.22909102,10.97,50.78862944
1667606054.9000585,21155.41,21155.41,-1.88804368,19.38,50.2715899
1667606064.8404434,21155.41,21155.41,-1.88804368,19.38,50.2715899
1667606074.876623,21155.41,21155.41,-1.88804368,19.38,50.2715899
1667606084.872726,21155.41,21154.68,-1.9462773,18.65,49.65023007
1667606094.9053905,21155.41,21154.68,-1.9462773,18.65,49.65023007
1667606104.8889675,21155.41,21154.68,-1.9462773,18.65,49.65023007
1667606114.9287891,21154.2,21154.2,-1.78948273,0.57,49.33597162
1667606124.902761,21154.2,21154.2,-1.78948273,0.57,49.33597162
1667606134.9102747,21154.2,21154.2,-1.78948273,0.57,49.33597162
1667606145.2681854,21154.2,21156.1,-1.63791578,2.47,50.96536372
1667606154.937252,21154.2,21156.1,-1.63791578,2.47,50.96536372
1667606165.02497,21154.2,21156.1,-1.63791578,2.47,50.96536372
1667606175.469415,21148.86,21148.86,-2.35668016,-5.95,45.13902741
1667606185.4557476,21148.86,21148.86,-2.35668016,-5.95,45.13902741
1667606195.471877,21148.86,21148.86,-2.35668016,-5.95,45.13902741
1667606205.4965923,21148.86,21150.17,-2.25217873,-4.64,46.35695385
1667606215.4835262,21148.86,21150.17,-2.25217873,-4.64,46.35695385
1667606225.4621253,21148.86,21150.17,-2.25217873,-4.64,46.35695385
1667606235.5325108,21152.26,21152.26,-1.91232948,2.62,48.19192811
1667606245.5008414,21152.26,21152.26,-1.91232948,2.62,48.19192811
1667606255.4761496,21152.26,21152.26,-1.91232948,2.62,48.19192811
1667606265.459882,21152.26,21150.95,-2.01683091,1.31,47.10428441
1667606275.4991984,21152.26,21150.95,-2.01683091,1.31,47.10428441
1667606285.4844644,21152.26,21150.95,-2.01683091,1.31,47.10428441
1667606295.4751997,21148.84,21148.84,-2.18292518,-2.81,45.39978041
1667606305.6291664,21148.84,21148.84,-2.18292518,-2.81,45.39978041
1667606315.5408292,21148.84,21148.84,-2.18292518,-2.81,45.39978041
1667606325.481829,21148.84,21148.84,-2.18292518,-2.81,45.39978041
1667606335.5002809,21148.84,21146.93,-2.33528986,-4.72,43.90036966
1667606345.5220342,21148.84,21146.93,-2.33528986,-4.72,43.90036966
1667606355.9023,21144.99,21144.99,-2.81592737,-3.44,42.77818086
1667606365.9162416,21144.99,21144.99,-2.81592737,-3.44,42.77818086
1667606375.8636386,21144.99,21144.99,-2.81592737,-3.44,42.77818086
1667606385.84355,21144.99,21145.86,-2.74652566,-2.57,43.63320909
1667606395.935913,21144.99,21145.86,-2.74652566,-2.57,43.63320909
1667606405.9353764,21144.99,21145.86,-2.74652566,-2.57,43.63320909
1667606415.8880014,21148.52,21148.52,-2.48014677,-2.77,46.09586241
1667606425.8966384,21148.52,21148.52,-2.48014677,-2.77,46.09586241
1667606435.9277954,21148.52,21148.52,-2.48014677,-2.77,46.09586241
1667606445.8513415,21148.52,21154.95,-1.9672123,3.66,51.6005698
1667606455.8689137,21148.52,21154.95,-1.9672123,3.66,51.6005698
1667606466.1046324,21148.52,21154.95,-1.9672123,3.66,51.6005698
1667606475.88925,21154.34,21154.34,-1.58670055,-1.7,51.12709249
1667606485.873181,21154.34,21154.34,-1.58670055,-1.7,51.12709249
1667606495.9123716,21154.34,21154.34,-1.58670055,-1.7,51.12709249
1667606505.9106412,21154.34,21159.46,-1.1782675,3.42,55.09766104
1667606515.9174569,21154.34,21159.46,-1.1782675,3.42,55.09766104
1667606525.955169,21154.34,21159.46,-1.1782675,3.42,55.09766104
1667606536.732422,21167.65,21167.65,0.65593761,12.43,60.2231525
1667606546.5122766,21167.65,21167.65,0.65593761,12.43,60.2231525
1667606556.5201929,21167.65,21167.65,0.65593761,12.43,60.2231525
1667606566.4967823,21167.65,21174.97,1.23986924,19.75,64.21864475
1667606576.5001276,21167.65,21174.97,1.23986924,19.75,64.21864475
1667606586.5446143,21167.65,21174.97,1.23986924,19.75,64.21864475
1667606596.5228963,21193.2,21193.2,5.17858364,37.79,71.33458075
1667606606.479394,21193.2,21193.2,5.17858364,37.79,71.33458075
1667606616.490479,21193.2,21193.2,5.17858364,37.79,71.33458075
1667606626.5129745,21193.2,21181.88,4.27556369,26.47,62.96133875
1667606636.4970477,21193.2,21181.88,4.27556369,26.47,62.96133875
1667606646.4717343,21193.2,21181.88,4.27556369,26.47,62.96133875
1667606656.7269423,21157.02,21157.02,1.95159518,3.8,50.05753647
1667606666.5514884,21157.02,21157.02,1.95159518,3.8,50.05753647
1667606676.504084,21157.02,21157.02,1.95159518,3.8,50.05753647
1667606686.5146956,21157.02,21143.2,0.84914504,-10.02,44.58684648
1667606696.5271938,21157.02,21143.2,0.84914504,-10.02,44.58684648
1667606706.5467887,21157.02,21143.2,0.84914504,-10.02,44.58684648
1667606717.2278738,21136.74,21136.74,-1.20451215,-11.36,42.41981188
1667606727.2001154,21136.74,21136.74,-1.20451215,-11.36,42.41981188
1667606737.2123744,21136.74,21136.74,-1.20451215,-11.36,42.41981188
1667606747.1995907,21136.74,21140.21,-0.92770304,-7.89,43.99441838
1667606757.2236068,21136.74,21140.21,-0.92770304,-7.89,43.99441838
1667606767.2394674,21136.74,21140.21,-0.92770304,-7.89,43.99441838
1667606777.2351987,21132.64,21132.64,-2.92326383,-19.62,41.0349074
1667606787.217722,21132.64,21132.64,-2.92326383,-19.62,41.0349074
1667606797.227661,21132.64,21132.64,-2.92326383,-19.62,41.0349074
1667606807.2726817,21132.64,21120.39,-3.90047181,-31.87,37.18954231
1667606817.1980958,21132.64,21120.39,-3.90047181,-31.87,37.18954231
1667606827.2462962,21132.64,21120.39,-3.90047181,-31.87,37.18954231
1667606837.2216272,21119.32,21119.32,-5.9163756,-30.42,36.88760811
1667606847.492879,21119.32,21119.32,-5.9163756,-30.42,36.88760811
1667606857.2297633,21119.32,21119.32,-5.9163756,-30.42,36.88760811
1667606867.2508583,21119.32,21115.44,-6.22589127,-34.3,35.75403594
1667606877.2219048,21119.32,21115.44,-6.22589127,-34.3,35.75403594
1667606887.2557993,21119.32,21115.44,-6.22589127,-34.3,35.75403594
1667606897.8110862,21114.88,21114.88,-7.98913932,-29.15,35.59615559
1667606907.8610468,21114.88,21114.88,-7.98913932,-29.15,35.59615559
1667606917.8461113,21114.88,21114.88,-7.98913932,-29.15,35.59615559
1667606927.7939448,21114.88,21115.75,-7.91973761,-28.28,36.06847304
1667606937.8416412,21114.88,21115.75,-7.91973761,-28.28,36.06847304
1667606947.884452,21114.88,21115.75,-7.91973761,-28.28,36.06847304
1667606957.820989,21110.13,21110.13,-9.95236759,-38.39,34.39066834
1667606967.773677,21110.13,21110.13,-9.95236759,-38.39,34.39066834
1667606977.8841062,21110.13,21110.13,-9.95236759,-38.39,34.39066834
1667606987.8222454,21110.13,21103.35,-10.49322229,-45.17,32.30276483
1667606997.8108149,21110.13,21103.35,-10.49322229,-45.17,32.30276483
1667607008.1065545,21110.13,21103.35,-10.49322229,-45.17,32.30276483
1667607017.8422143,21098.08,21098.08,-12.7467628,-56.26,30.94919425
1667607027.8232338,21098.08,21098.08,-12.7467628,-56.26,30.94919425
1667607037.8261623,21098.08,21098.08,-12.7467628,-56.26,30.94919425
1667607047.8575704,21098.08,21108.67,-11.90197648,-45.67,36.6901297
1667607057.8886058,21098.08,21108.67,-11.90197648,-45.67,36.6901297
1667607067.8773713,21098.08,21108.67,-11.90197648,-45.67,36.6901297
1667607078.8824134,21124.92,21124.92,-10.21768546,-42.84,43.87908608
1667607089.0762866,21124.92,21124.92,-10.21768546,-42.84,43.87908608
1667607098.8639789,21124.92,21124.92,-10.21768546,-42.84,43.87908608
1667607108.8805506,21124.92,21119.37,-10.66042051,-48.39,42.13617622
1667607118.858954,21124.92,21119.37,-10.66042051,-48.39,42.13617622
1667607128.8671153,21124.92,21119.37,-10.66042051,-48.39,42.13617622
1667607138.8893378,21111.03,21111.03,-11.7870349,-82.17,39.7627959
1667607148.9236455,21111.03,21111.03,-11.7870349,-82.17,39.7627959
1667607158.8612664,21111.03,21111.03,-11.7870349,-82.17,39.7627959
1667607169.0620055,21111.03,21101.51,-12.5464651,-91.69,37.1878458
1667607178.884046,21111.03,21101.51,-12.5464651,-91.69,37.1878458
1667607188.9023771,21111.03,21101.51,-12.5464651,-91.69,37.1878458
1667607198.8541903,21106.02,21106.02,-12.72236511,-51.0,38.36481363
1667607208.852208,21106.02,21106.02,-12.72236511,-51.0,38.36481363
1667607218.8646483,21106.02,21106.02,-12.72236511,-51.0,38.36481363
1667607228.8520997,21106.02,21097.16,-13.42914573,-59.86,35.9571766
1667607238.8550005,21106.02,21097.16,-13.42914573,-59.86,35.9571766
1667607248.8994265,21106.02,21097.16,-13.42914573,-59.86,35.9571766
1667607259.879007,21097.05,21097.05,-14.26508852,-39.69,35.92918264
1667607270.324424,21097.05,21097.05,-14.26508852,-39.69,35.92918264
1667607279.8821356,21097.05,21097.05,-14.26508852,-39.69,35.92918264
1667607289.8693666,21097.05,21088.96,-14.91044465,-47.78,33.84238598
1667607299.94535,21097.05,21088.96,-14.91044465,-47.78,33.84238598
1667607309.9473314,21097.05,21088.96,-14.91044465,-47.78,33.84238598
1667607319.972698,21082.62,21082.62,-16.73193923,-50.87,32.35280977
1667607329.9757967,21082.62,21082.62,-16.73193923,-50.87,32.35280977
1667607339.9272032,21082.62,21082.62,-16.73193923,-50.87,32.35280977
1667607349.9588294,21082.62,21101.7,-15.20988795,-31.79,40.59798559
1667607360.1304476,21082.62,21101.7,-15.20988795,-31.79,40.59798559
1667607369.9468758,21082.62,21101.7,-15.20988795,-31.79,40.59798559
1667607379.9067082,21102.33,21102.33,-14.84523183,-16.99,40.84241524
1667607389.9022002,21102.33,21102.33,-14.84523183,-16.99,40.84241524
1667607399.9376166,21102.33,21102.33,-14.84523183,-16.99,40.84241524
1667607409.914363,21102.33,21110.42,-14.1998757,-8.9,44.02749358
1667607419.96496,21102.33,21110.42,-14.1998757,-8.9,44.02749358
1667607429.9782116,21102.33,21110.42,-14.1998757,-8.9,44.02749358
1667607440.5155964,21107.98,21107.98,-13.66860293,-6.9,43.12162541
1667607450.4977217,21107.98,21107.98,-13.66860293,-6.9,43.12162541
1667607460.4774325,21107.98,21107.98,-13.66860293,-6.9,43.12162541
1667607470.5249045,21107.98,21095.37,-14.67452885,-19.51,39.40824744
1667607480.498633,21107.98,21095.37,-14.67452885,-19.51,39.40824744
1667607490.5387633,21107.98,21095.37,-14.67452885,-19.51,39.40824744
1667607500.509488,21105.53,21105.53,-13.25231066,-4.01,42.29843415
1667607510.5125008,21105.53,21105.53,-13.25231066,-4.01,42.29843415
1667607520.5244222,21105.53,21116.7,-12.36125653,7.16,46.90850775
1667607530.55013,21105.53,21116.7,-12.36125653,7.16,46.90850775
1667607540.4849436,21105.53,21116.7,-12.36125653,7.16,46.90850775
1667607550.621197,21116.55,21116.55,-11.06296208,18.47,46.85187038
1667607560.5142412,21116.55,21116.55,-11.06296208,18.47,46.85187038
1667607570.5691144,21116.55,21116.55,-11.06296208,18.47,46.85187038
1667607580.4975717,21116.55,21119.26,-10.84677974,21.18,47.93884167
1667607590.5109544,21116.55,21119.26,-10.84677974,21.18,47.93884167
1667607600.5812073,21116.55,21119.26,-10.84677974,21.18,47.93884167
1667607610.5397103,21116.55,21119.26,-10.84677974,21.18,47.93884167
1667607620.9060712,21118.04,21118.04,-9.66830821,-7.3,47.46040181
1667607630.9681284,21118.04,21118.04,-9.66830821,-7.3,47.46040181
1667607640.9494598,21118.04,21118.04,-9.66830821,-7.3,47.46040181
1667607650.9715674,21118.04,21119.62,-9.54226833,-5.72,48.11159335
1667607660.9638486,21118.04,21119.62,-9.54226833,-5.72,48.11159335
1667607670.9603674,21118.04,21119.62,-9.54226833,-5.72,48.11159335
1667607680.9867673,21111.7,21111.7,-9.48793769,0.67,45.13081406
1667607690.9762642,21111.7,21111.7,-9.48793769,0.67,45.13081406
1667607700.912309,21111.7,21111.7,-9.48793769,0.67,45.13081406
1667607711.0527546,21111.7,21116.54,-9.10184082,5.51,47.25912831
1667607720.9928825,21111.7,21116.54,-9.10184082,5.51,47.25912831
1667607730.9915924,21111.7,21116.54,-9.10184082,5.51,47.25912831
1667607740.975714,21118.11,21118.11,-7.93611676,12.09,47.91448612
1667607750.9867666,21118.11,21118.11,-7.93611676,12.09,47.91448612
1667607760.986421,21118.11,21109.54,-8.61976349,3.52,44.65277508
1667607770.9837909,21118.11,21109.54,-8.61976349,3.52,44.65277508
1667607780.9747176,21118.11,21109.54,-8.61976349,3.52,44.65277508
1667607790.9748902,21118.11,21109.54,-8.61976349,3.52,44.65277508
1667607801.7707093,21113.42,21113.42,-7.6934744,16.37,46.07272643
1667607811.5407112,21113.42,21113.42,-7.6934744,16.37,46.07272643
1667607821.572115,21113.42,21114.39,-7.61609548,17.34,46.53050534
1667607831.5770764,21113.42,21114.39,-7.61609548,17.34,46.53050534
1667607841.518115,21113.42,21114.39,-7.61609548,17.34,46.53050534
1667607851.5660198,21113.42,21114.39,-7.61609548,17.34,46.53050534
1667607861.5704386,21117.61,21117.61,-6.60170848,34.04,48.0354139
1667607871.56326,21117.61,21117.61,-6.60170848,34.04,48.0354139
1667607881.5536015,21117.61,21113.59,-6.92239224,30.02,46.25274495
1667607891.5779514,21117.61,21113.59,-6.92239224,30.02,46.25274495
1667607901.7534657,21117.61,21113.59,-6.92239224,30.02,46.25274495
1667607911.5775127,21115.82,21115.82,-6.16463553,13.49,47.27469757
1667607921.6108332,21115.82,21115.82,-6.16463553,13.49,47.27469757
1667607931.543359,21115.82,21115.82,-6.16463553,13.49,47.27469757
1667607941.569512,21115.82,21115.82,-6.16463553,13.49,47.27469757
1667607951.5718532,21115.82,21106.6,-6.90013411,4.27,43.27286975
1667607961.5748951,21115.82,21106.6,-6.90013411,4.27,43.27286975
1667607971.6016345,21103.05,21103.05,-7.33981387,-4.32,41.89589776
1667607982.756158,21103.05,21103.05,-7.33981387,-4.32,41.89589776
1667607992.73358,21103.05,21103.05,-7.33981387,-4.32,41.89589776
1667608002.7402437,21103.05,21108.24,-6.92579677,0.87,44.53321446
1667608012.737059,21103.05,21108.24,-6.92579677,0.87,44.53321446
1667608022.776225,21103.05,21108.24,-6.92579677,0.87,44.53321446
1667608032.7325697,21103.05,21108.24,-6.92579677,0.87,44.53321446
1667608042.7371972,21108.98,21108.98,-6.56838563,3.45,44.93341218
1667608052.766199,21108.98,21108.98,-6.56838563,3.45,44.93341218
1667608062.8267016,21108.98,21113.83,-6.18149104,8.3,47.39519235
1667608072.8474336,21108.98,21113.83,-6.18149104,8.3,47.39519235
1667608082.75518,21108.98,21113.83,-6.18149104,8.3,47.39519235
1667608092.9699163,21120.05,21120.05,-4.72175091,3.48,50.29237996
1667608102.7494738,21120.05,21120.05,-4.72175091,3.48,50.29237996
1667608112.7474456,21120.05,21120.05,-4.72175091,3.48,50.29237996
1667608122.769109,21120.05,21125.41,-4.29417257,8.84,52.70942566
1667608132.760759,21120.05,21125.41,-4.29417257,8.84,52.70942566
1667608142.758636,21120.05,21125.41,-4.29417257,8.84,52.70942566
1667608152.7962935,21131.11,21131.11,-2.34954846,12.54,55.03457401
1667608163.6130998,21131.11,21131.11,-2.34954846,12.54,55.03457401
1667608173.6194727,21131.11,21131.11,-2.34954846,12.54,55.03457401
1667608183.7000804,21131.11,21128.79,-2.53461968,10.22,53.87352832
1667608193.6447573,21131.11,21128.79,-2.53461968,10.22,53.87352832
1667608203.6459656,21131.11,21128.79,-2.53461968,10.22,53.87352832
1667608213.643424,21131.11,21128.79,-2.53461968,10.22,53.87352832
1667608223.64318,21125.25,21125.25,-1.98383838,13.55,52.19339207
1667608233.6233156,21125.25,21125.25,-1.98383838,13.55,52.19339207
1667608243.7481024,21125.25,21126.12,-1.91443667,14.42,52.58476221
1667608253.737469,21125.25,21126.12,-1.91443667,14.42,52.58476221
1667608263.7030008,21125.25,21126.12,-1.91443667,14.42,52.58476221
1667608273.691357,21126.95,21126.95,-1.06814228,8.84,52.95221184
1667608283.950889,21126.95,21126.95,-1.06814228,8.84,52.95221184
1667608293.7067056,21126.95,21126.95,-1.06814228,8.84,52.95221184
1667608303.700388,21126.95,21128.25,-0.96443858,10.14,53.55926801
1667608313.6740637,21126.95,21128.25,-0.96443858,10.14,53.55926801
1667608323.6724963,21126.95,21128.25,-0.96443858,10.14,53.55926801
1667608333.6642263,21129.96,21129.96,-0.06610076,16.54,54.36036318
1667608344.3357816,21129.96,21129.96,-0.06610076,16.54,54.36036318
1667608354.330008,21129.96,21129.96,-0.06610076,16.54,54.36036318
1667608364.3298078,21129.96,21126.98,-0.30382156,13.56,52.75297614
1667608374.3110616,21129.96,21126.98,-0.30382156,13.56,52.75297614
1667608384.364967,21129.96,21126.98,-0.30382156,13.56,52.75297614
1667608394.3129487,21123.35,21123.35,-0.28632086,6.9,50.7998936
1667608404.3237662,21123.35,21123.35,-0.28632086,6.9,50.7998936
1667608414.357734,21123.35,21123.35,-0.28632086,6.9,50.7998936
1667608424.3508132,21123.35,21137.77,0.86399253,21.32,57.5490786
1667608434.371836,21123.35,21137.77,0.86399253,21.32,57.5490786
1667608444.6387067,21123.35,21137.77,0.86399253,21.32,57.5490786
1667608454.3642614,21139.25,21139.25,2.11301818,24.26,58.1478419
1667608464.3607452,21139.25,21139.25,2.11301818,24.26,58.1478419
1667608474.3437212,21139.25,21139.25,2.11301818,24.26,58.1478419
1667608484.354085,21139.25,21150.36,2.99928599,35.37,62.36086387
1667608494.424881,21139.25,21150.36,2.99928599,35.37,62.36086387
1667608504.3741944,21139.25,21150.36,2.99928599,35.37,62.36086387
1667608514.3888607,21156.13,21156.13,5.35415554,52.21,64.24225052
1667608525.1397948,21156.13,21156.13,5.35415554,52.21,64.24225052
1667608535.1623368,21156.13,21156.13,5.35415554,52.21,64.24225052
1667608545.155679,21156.13,21158.28,5.52566551,54.36,64.94098976
1667608555.202962,21156.13,21158.28,5.52566551,54.36,64.94098976
1667608565.200776,21156.13,21158.28,5.52566551,54.36,64.94098976
1667608575.3974998,21157.35,21157.35,6.97996271,47.94,64.64212438
1667608585.329656,21157.35,21157.35,6.97996271,47.94,64.64212438
1667608595.1903117,21157.35,21157.35,6.97996271,47.94,64.64212438
1667608605.3825705,21157.35,21165.17,7.60378037,55.76,67.17594939
1667608615.1805065,21157.35,21165.17,7.60378037,55.76,67.17594939
1667608625.1754174,21157.35,21165.17,7.60378037,55.76,67.17594939
1667608635.1903813,21171.53,21171.53,10.10247023,51.48,68.98366967
1667608645.2313738,21171.53,21171.53,10.10247023,51.48,68.98366967
1667608655.199726,21171.53,21171.53,10.10247023,51.48,68.98366967
1667608665.2008915,21171.53,21174.21,10.3162594,54.16,69.73993004
1667608675.2303033,21171.53,21174.21,10.3162594,54.16,69.73993004
1667608685.484862,21171.53,21174.21,10.3162594,54.16,69.73993004
1667608695.2111015,21191.34,21191.34,14.29062041,60.23,73.83477859
1667608705.5593245,21191.34,21191.34,14.29062041,60.23,73.83477859
1667608715.6168811,21191.34,21191.34,14.29062041,60.23,73.83477859
1667608725.6071124,21191.34,21202.48,15.17928138,71.37,76.09123829
1667608735.5972764,21191.34,21202.48,15.17928138,71.37,76.09123829
1667608745.64647,21191.34,21202.48,15.17928138,71.37,76.09123829
1667608755.604574,21246.81,21246.81,23.99717283,121.56,82.20920311
1667608765.6875403,21246.81,21246.81,23.99717283,121.56,82.20920311
1667608775.6645694,21246.81,21246.81,23.99717283,121.56,82.20920311
1667608785.6334422,21246.81,21234.47,23.01278537,109.22,76.73002632
1667608795.6389103,21246.81,21234.47,23.01278537,109.22,76.73002632
1667608805.579028,21246.81,21234.47,23.01278537,109.22,76.73002632
1667608815.6446388,21250.23,21250.23,28.41953679,123.28,82.57881403
1667608825.62927,21250.23,21250.23,28.41953679,123.28,82.57881403
1667608835.6728373,21250.23,21250.23,28.41953679,123.28,82.57881403
1667608845.6807177,21250.23,21280.87,30.86375331,153.92,85.48773509
1667608855.5952432,21250.23,21280.87,30.86375331,153.92,85.48773509
1667608865.6076329,21250.23,21280.87,30.86375331,153.92,85.48773509
1667608875.66018,21351.58,21351.58,45.67382248,222.38,89.5244168
1667608886.7676394,21351.58,21351.58,45.67382248,222.38,89.5244168
1667608896.8044145,21351.58,21351.58,45.67382248,222.38,89.5244168
1667608906.7788618,21351.58,21381.32,48.04624413,252.12,90.69655282
1667608916.8393185,21351.58,21381.32,48.04624413,252.12,90.69655282
1667608926.9820356,21351.58,21381.32,48.04624413,252.12,90.69655282
1667608936.8449895,21355.13,21355.13,52.7443021,230.66,89.68472579
1667608946.846679,21355.13,21355.13,52.7443021,230.66,89.68472579
1667608956.847217,21355.13,21355.13,52.7443021,230.66,89.68472579
1667608966.7718308,21355.13,21372.81,54.15467247,248.34,90.44374116
1667608976.84484,21355.13,21372.81,54.15467247,248.34,90.44374116
1667608986.8529503,21355.13,21372.81,54.15467247,248.34,90.44374116
1667608996.8135552,21341.08,21341.08,55.57101004,202.19,84.8131441
1667609006.8488984,21341.08,21341.08,55.57101004,202.19,84.8131441
1667609016.784148,21341.08,21341.08,55.57101004,202.19,84.8131441
1667609026.787457,21341.08,21363.45,57.35551147,224.56,86.23310063
1667609036.828627,21341.08,21363.45,57.35551147,224.56,86.23310063
1667609046.87708,21341.08,21363.45,57.35551147,224.56,86.23310063
1667609056.8642626,21372.56,21372.56,62.53848341,216.91,86.43709434
1667609067.756318,21372.56,21372.56,62.53848341,216.91,86.43709434
1667609077.7505364,21372.56,21372.56,62.53848341,216.91,86.43709434
1667609088.1108158,21372.56,21379.97,63.12959452,224.32,87.14729078
1667609097.82611,21372.56,21379.97,63.12959452,224.32,87.14729078
1667609107.7759614,21372.56,21379.97,63.12959452,224.32,87.14729078
1667609117.7760253,21368.41,21368.41,64.67175291,211.06,84.92088719
1667609127.817787,21368.41,21368.41,64.67175291,211.06,84.92088719
1667609137.7600644,21368.41,21368.41,64.67175291,211.06,84.92088719
1667609147.7722857,21368.41,21423.18,69.04086972,265.83,87.9300361
1667609157.8432226,21368.41,21423.18,69.04086972,265.83,87.9300361
1667609167.761742,21368.41,21423.18,69.04086972,265.83,87.9300361
1667609177.808865,21408.6,21408.6,71.62999625,237.07,86.83546831
1667609187.794664,21408.6,21408.6,71.62999625,237.07,86.83546831
1667609197.801885,21408.6,21408.6,71.62999625,237.07,86.83546831
1667609207.7780602,21408.6,21393.1,70.39352901,221.57,81.64712946
1667609217.799598,21408.6,21393.1,70.39352901,221.57,81.64712946
1667609227.822322,21408.6,21393.1,70.39352901,221.57,81.64712946
1667609237.8149362,21404.83,21404.83,73.20513089,214.42,85.48403359
1667609248.6380231,21404.83,21404.83,73.20513089,214.42,85.48403359
1667609258.4100916,21404.83,21404.83,73.20513089,214.42,85.48403359
1667609268.371945,21404.83,21410.18,73.63191152,219.77,86.15793555
1667609278.408882,21404.83,21410.18,73.63191152,219.77,86.15793555
1667609288.4203565,21404.83,21410.18,73.63191152,219.77,86.15793555
1667609298.385156,21413.2,21413.2,74.95379192,167.58,86.3349124
1667609308.4124632,21413.2,21413.2,74.95379192,167.58,86.3349124
1667609318.3959973,21413.2,21413.2,74.95379192,167.58,86.3349124
1667609328.4191058,21413.2,21394.5,73.46205403,148.88,79.55243402
1667609338.370886,21413.2,21394.5,73.46205403,148.88,79.55243402
1667609348.432127,21413.2,21394.5,73.46205403,148.88,79.55243402
1667609358.4053557,21380.95,21380.95,70.38759021,130.72,75.26784532
1667609368.4480588,21380.95,21380.95,70.38759021,130.72,75.26784532
1667609378.3928854,21380.95,21380.95,70.38759021,130.72,75.26784532
1667609388.3887873,21380.95,21388.33,70.97630816,138.1,76.02522214
1667609398.4360635,21380.95,21388.33,70.97630816,138.1,76.02522214
1667609408.8446755,21380.95,21388.33,70.97630816,138.1,76.02522214
1667609418.4098325,21375.62,21375.62,67.27070644,24.04,73.5886479
1667609428.846666,21375.62,21375.62,67.27070644,24.04,73.5886479
1667609438.869298,21375.62,21375.62,67.27070644,24.04,73.5886479
1667609448.8610733,21375.62,21400.09,69.22272923,48.51,76.21425006
1667609458.8632476,21375.62,21400.09,69.22272923,48.51,76.21425006
1667609468.8615851,21375.62,21400.09,69.22272923,48.51,76.21425006
1667609478.8950064,21391.06,21391.06,66.52240441,37.47,75.31623979
1667609488.8327022,21391.06,21391.06,66.52240441,37.47,75.31623979
1667609498.8674886,21391.06,21391.06,66.52240441,37.47,75.31623979
1667609508.854492,21391.06,21387.15,66.21049558,33.56,74.19544187
1667609518.9198472,21391.06,21387.15,66.21049558,33.56,74.19544187
1667609528.9058602,21391.06,21387.15,66.21049558,33.56,74.19544187
1667609538.8809674,21386.02,21386.02,63.55620326,44.94,73.82060196
1667609548.8945928,21386.02,21386.02,63.55620326,44.94,73.82060196
1667609558.8884969,21386.02,21386.02,63.55620326,44.94,73.82060196
1667609569.210474,21386.02,21380.11,63.08475026,39.03,71.77813755
1667609578.844345,21386.02,21380.11,63.08475026,39.03,71.77813755
1667609588.8902135,21386.02,21380.11,63.08475026,39.03,71.77813755
1667609598.9150803,21377.61,21377.61,59.63410818,4.11,70.94777411
1667609609.304769,21377.61,21377.61,59.63410818,4.11,70.94777411
1667609619.2409418,21377.61,21377.61,59.63410818,4.11,70.94777411
1667609629.2455957,21377.61,21371.18,59.1211737,-2.32,68.74498607
1667609639.2466714,21377.61,21371.18,59.1211737,-2.32,68.74498607
1667609649.271521,21377.61,21371.18,59.1211737,-2.32,68.74498607
1667609659.2692182,21373.81,21373.81,55.87009396,5.4,69.62922632
1667609669.2786784,21373.81,21373.81,55.87009396,5.4,69.62922632
1667609679.5356312,21373.81,21373.81,55.87009396,5.4,69.62922632
1667609689.2831905,21373.81,21370.66,55.61881191,2.25,68.4928711
1667609699.31925,21373.81,21370.66,55.61881191,2.25,68.4928711
1667609709.3222568,21373.81,21370.66,55.61881191,2.25,68.4928711
1667609719.3398657,21379.97,21379.97,53.39329065,-29.98,70.58124437
1667609729.5633347,21379.97,21379.97,53.39329065,-29.98,70.58124437
1667609739.7340636,21379.97,21379.97,53.39329065,-29.98,70.58124437
1667609749.7046874,21379.97,21391.39,54.3042878,-18.56,72.32013837
1667609759.7919805,21379.97,21391.39,54.3042878,-18.56,72.32013837
1667609769.7456176,21379.97,21391.39,54.3042878,-18.56,72.32013837
1667609779.7614098,21403.6,21403.6,53.90562984,-2.35,73.52026314
1667609790.3681674,21403.6,21403.6,53.90562984,-2.35,73.52026314
1667609800.4079032,21403.6,21403.6,53.90562984,-2.35,73.52026314
1667609810.3355713,21403.6,21410.0,54.41617115,4.05,74.79207715
1667609820.4191654,21403.6,21410.0,54.41617115,4.05,74.79207715
1667609830.3539622,21403.6,21410.0,54.41617115,4.05,74.79207715
1667609840.4029264,21398.69,21398.69,51.41364907,-14.51,71.70816746
1667609850.3737965,21398.69,21398.69,51.41364907,-14.51,71.70816746
1667609860.39068,21398.69,21398.69,51.41364907,-14.51,71.70816746
1667609870.3533945,21398.69,21401.0,51.59792257,-12.2,72.05711528
1667609880.3693416,21398.69,21401.0,51.59792257,-12.2,72.05711528
1667609890.5531263,21398.69,21401.0,51.59792257,-12.2,72.05711528
1667609900.529387,21403.32,21403.32,49.79113587,22.37,72.40729964
1667609910.3560195,21403.32,21403.32,49.79113587,22.37,72.40729964
1667609920.350689,21403.32,21403.32,49.79113587,22.37,72.40729964
1667609930.3951626,21403.32,21427.52,51.7216202,46.57,75.74070828
1667609940.354918,21403.32,21427.52,51.7216202,46.57,75.74070828
1667609950.344206,21403.32,21427.52,51.7216202,46.57,75.74070828
1667609960.3903692,21423.18,21423.18,50.59076022,47.55,74.86373047
1667609970.8130302,21423.18,21423.18,50.59076022,47.55,74.86373047
1667609980.7272067,21423.18,21423.18,50.59076022,47.55,74.86373047
1667609990.7713096,21423.18,21417.68,50.15201378,42.05,72.69427379
1667610000.7276974,21423.18,21417.68,50.15201378,42.05,72.69427379
1667610010.720395,21423.18,21417.68,50.15201378,42.05,72.69427379
1667610020.7542255,21434.33,21434.33,50.90066609,44.16,76.62468562
1667610030.753639,21434.33,21434.33,50.90066609,44.16,76.62468562
1667610040.7392533,21434.33,21417.07,49.52379999,26.9,69.89471985
1667610050.961246,21434.33,21417.07,49.52379999,26.9,69.89471985
1667610060.7807918,21434.33,21417.07,49.52379999,26.9,69.89471985
1667610070.7206178,21434.33,21417.07,49.52379999,26.9,69.89471985
1667610080.7603507,21413.21,21413.21,46.8427741,27.19,68.44166643
1667610090.7420976,21413.21,21413.21,46.8427741,27.19,68.44166643
1667610100.73743,21413.21,21410.24,46.60585102,24.22,67.48708993
1667610110.7714095,21413.21,21410.24,46.60585102,24.22,67.48708993
1667610120.803709,21413.21,21410.24,46.60585102,24.22,67.48708993
1667610130.7652144,21413.21,21410.24,46.60585102,24.22,67.48708993
1667610140.7897506,21411.11,21411.11,44.19157095,33.5,67.7992003
1667610151.247445,21411.11,21411.11,44.19157095,33.5,67.7992003
1667610161.3149447,21411.11,21405.86,43.77276753,28.25,65.82097151
1667610171.2442207,21411.11,21405.86,43.77276753,28.25,65.82097151
1667610181.231617,21411.11,21405.86,43.77276753,28.25,65.82097151
1667610191.2434416,21407.01,21407.01,41.08425274,33.2,66.03510466
1667610201.2967367,21407.01,21407.01,41.08425274,33.2,66.03510466
1667610211.2747917,21407.01,21407.01,41.08425274,33.2,66.03510466
1667610221.4289987,21407.01,21400.13,40.53542084,26.32,63.64164061
1667610231.3042483,21407.01,21400.13,40.53542084,26.32,63.64164061
1667610241.6397312,21407.01,21400.13,40.53542084,26.32,63.64164061
1667610251.268616,21402.45,21402.45,37.8725569,22.47,64.50771269
1667610261.280369,21402.45,21402.45,37.8725569,22.47,64.50771269
1667610271.3195534,21402.45,21402.45,37.8725569,22.47,64.50771269
1667610281.3204956,21402.45,21391.48,36.99745718,11.5,60.32720345
1667610291.3289237,21402.45,21391.48,36.99745718,11.5,60.32720345
1667610301.307373,21402.45,21391.48,36.99745718,11.5,60.32720345
1667610311.5019414,21402.45,21391.48,36.99745718,11.5,60.32720345
1667610321.5083632,21388.13,21388.13,33.18536173,-17.2,59.15647014
1667610332.0784194,21388.13,21388.13,33.18536173,-17.2,59.15647014
1667610342.138439,21388.13,21366.0,31.4200056,-39.33,51.98012392
1667610352.1302805,21388.13,21366.0,31.4200056,-39.33,51.98012392
1667610362.1407692,21388.13,21366.0,31.4200056,-39.33,51.98012392
1667610372.099233,21340.1,21340.1,23.24022946,-58.59,45.51764336
1667610382.119061,21340.1,21340.1,23.24022946,-58.59,45.51764336
1667610392.1148164,21340.1,21340.1,23.24022946,-58.59,45.51764336
1667610402.2730093,21340.1,21337.33,23.01926079,-61.36,44.8750568
1667610412.129347,21340.1,21337.33,23.01926079,-61.36,44.8750568
1667610422.0941937,21340.1,21337.33,23.01926079,-61.36,44.8750568
1667610432.1172662,21339.46,21339.46,18.08944874,-63.12,45.3737854
1667610442.073007,21339.46,21339.46,18.08944874,-63.12,45.3737854
1667610452.1220129,21339.46,21339.46,18.08944874,-63.12,45.3737854
1667610462.1400852,21339.46,21341.98,18.29047438,-60.6,46.12637077
1667610472.1448443,21339.46,21341.98,18.29047438,-60.6,46.12637077
1667610482.130636,21339.46,21341.98,18.29047438,-60.6,46.12637077
1667610492.1135836,21331.62,21331.62,12.78513194,-92.76,43.47771274
1667610502.121269,21331.62,21331.62,12.78513194,-92.76,43.47771274
1667610512.837728,21331.62,21331.62,12.78513194,-92.76,43.47771274
1667610522.8242686,21331.62,21333.29,12.91835131,-91.09,44.01314641
1667610532.8301756,21331.62,21333.29,12.91835131,-91.09,44.01314641
1667610542.8672569,21331.62,21333.29,12.91835131,-91.09,44.01314641
1667610552.8198855,21331.62,21333.29,12.91835131,-91.09,44.01314641
1667610562.8641338,21342.12,21342.12,10.50535544,-92.21,46.69617826
1667610572.8657548,21342.12,21342.12,10.50535544,-92.21,46.69617826
1667610582.842339,21342.12,21341.8,10.47982837,-92.53,46.6101535
1667610593.0061088,21342.12,21341.8,10.47982837,-92.53,46.6101535
1667610602.901301,21342.12,21341.8,10.47982837,-92.53,46.6101535
1667610612.8781476,21342.12,21341.8,10.47982837,-92.53,46.6101535
1667610622.8993552,21348.15,21348.15,8.67239283,-64.44,48.50177373
1667610632.8596234,21348.15,21348.15,8.67239283,-64.44,48.50177373
1667610642.885274,21348.15,21341.8,8.16584012,-70.79,46.65953863
1667610652.855992,21348.15,21341.8,8.16584012,-70.79,46.65953863
1667610662.9593692,21348.15,21341.8,8.16584012,-70.79,46.65953863
1667610672.8964422,21359.5,21359.5,8.49736929,-51.61,51.77265581
1667610682.862469,21359.5,21359.5,8.49736929,-51.61,51.77265581
1667610693.2732203,21359.5,21359.5,8.49736929,-51.61,51.77265581
1667610703.253176,21359.5,21372.19,9.50967699,-38.92,55.2561061
1667610713.2893825,21359.5,21372.19,9.50967699,-38.92,55.2561061
1667610723.55091,21359.5,21372.19,9.50967699,-38.92,55.2561061
1667610733.2315905,21361.17,21361.17,7.6962838,-44.57,52.29179931
1667610743.2797627,21361.17,21361.17,7.6962838,-44.57,52.29179931
1667610753.3965151,21361.17,21361.17,7.6962838,-44.57,52.29179931
1667610763.2659702,21361.17,21347.68,6.62015845,-58.06,48.0614209
1667610773.2628255,21361.17,21347.68,6.62015845,-58.06,48.0614209
1667610783.232365,21361.17,21347.68,6.62015845,-58.06,48.0614209
1667610793.3283863,21361.17,21347.68,6.62015845,-58.06,48.0614209
1667610803.3091297,21346.07,21346.07,4.77949774,-56.38,47.60003607
1667610813.2505915,21346.07,21346.07,4.77949774,-56.38,47.60003607
1667610823.2837417,21346.07,21357.5,5.69129261,-44.95,51.18300297
1667610833.2839124,21346.07,21357.5,5.69129261,-44.95,51.18300297
1667610843.2743697,21346.07,21357.5,5.69129261,-44.95,51.18300297
1667610853.308372,21350.92,21350.92,4.0691497,-37.21,49.18266511
1667610863.2663293,21350.92,21350.92,4.0691497,-37.21,49.18266511
1667610873.8538978,21350.92,21350.92,4.0691497,-37.21,49.18266511
1667610883.85808,21350.92,21356.69,4.5294346,-31.44,51.07583807
1667610893.8548117,21350.92,21356.69,4.5294346,-31.44,51.07583807
1667610903.8594189,21350.92,21356.69,4.5294346,-31.44,51.07583807
1667610914.037254,21351.09,21351.09,3.18714622,10.99,49.24053558
1667610923.91862,21351.09,21351.09,3.18714622,10.99,49.24053558
1667610933.8797376,21351.09,21351.09,3.18714622,10.99,49.24053558
1667610943.895584,21351.09,21344.77,2.68298667,4.67,47.09340676
1667610953.832937,21351.09,21344.77,2.68298667,4.67,47.09340676
1667610963.8375995,21351.09,21344.77,2.68298667,4.67,47.09340676
1667610973.8988,21342.82,21342.82,1.3410789,3.45,46.44414231
1667610983.915877,21342.82,21342.82,1.3410789,3.45,46.44414231
1667610993.894395,21342.82,21342.82,1.3410789,3.45,46.44414231
1667611003.914143,21342.82,21341.55,1.23976836,2.18,46.01590406
1667611013.9066608,21342.82,21341.55,1.23976836,2.18,46.01590406
1667611023.915171,21342.82,21341.55,1.23976836,2.18,46.01590406
1667611033.943219,21347.57,21347.57,0.90737039,15.95,48.26634302
1667611043.9040077,21347.57,21347.57,0.90737039,15.95,48.26634302
1667611054.468364,21347.57,21347.57,0.90737039,15.95,48.26634302
1667611064.4709349,21347.57,21344.99,0.70155842,13.37,47.25633026
1667611074.5866804,21347.57,21344.99,0.70155842,13.37,47.25633026
1667611084.4639144,21347.57,21344.99,0.70155842,13.37,47.25633026
1667611094.486287,21345.22,21345.22,-0.03035627,2.33,47.40906534
1667611104.4404757,21345.22,21345.22,-0.03035627,2.33,47.40906534
1667611114.4407527,21345.22,21345.22,-0.03035627,2.33,47.40906534
1667611124.482513,21345.22,21334.04,-0.92220813,-8.85,43.30931305
1667611134.4645135,21345.22,21334.04,-0.92220813,-8.85,43.30931305
1667611144.4242923,21345.22,21334.04,-0.92220813,-8.85,43.30931305
1667611154.4669435,21321.08,21321.08,-3.93583209,-25.85,39.38435505
1667611164.4632206,21321.08,21321.08,-3.93583209,-25.85,39.38435505
1667611174.4833565,21321.08,21321.08,-3.93583209,-25.85,39.38435505
1667611184.451379,21321.08,21322.71,-3.8058036,-24.22,40.03269054
1667611194.4971166,21321.08,21322.71,-3.8058036,-24.22,40.03269054
1667611204.5213504,21321.08,21322.71,-3.8058036,-24.22,40.03269054
1667611214.7073498,21329.24,21329.24,-4.28108078,-31.17,42.87917463
1667611224.488432,21329.24,21329.24,-4.28108078,-31.17,42.87917463
1667611234.8689182,21329.24,21329.24,-4.28108078,-31.17,42.87917463
1667611244.859238,21329.24,21327.56,-4.41509788,-32.85,42.33864468
1667611254.8908591,21329.24,21327.56,-4.41509788,-32.85,42.33864468
1667611265.0957274,21329.24,21327.56,-4.41509788,-32.85,42.33864468
1667611274.8741443,21337.89,21337.89,-3.83374751,-22.68,46.36608184
1667611284.897791,21337.89,21337.89,-3.83374751,-22.68,46.36608184
1667611294.9423766,21337.89,21337.89,-3.83374751,-22.68,46.36608184
1667611304.9104028,21337.89,21337.89,-3.83374751,-22.68,46.36608184
1667611314.90105,21337.89,21334.67,-4.0906136,-25.9,45.23626183
1667611324.8859315,21337.89,21334.67,-4.0906136,-25.9,45.23626183
1667611334.8894324,21338.53,21338.53,-3.93161338,-7.54,46.65461686
1667611344.8823452,21338.53,21338.53,-3.93161338,-7.54,46.65461686
1667611354.9044566,21338.53,21338.53,-3.93161338,-7.54,46.65461686
1667611364.9450588,21338.53,21332.78,-4.39030284,-13.29,44.4689972
1667611374.8958938,21338.53,21332.78,-4.39030284,-13.29,44.4689972
1667611384.9210122,21338.53,21332.78,-4.39030284,-13.29,44.4689972
1667611394.9617558,21334.3,21334.3,-4.55894757,-16.62,45.0171861
1667611404.9360926,21334.3,21334.3,-4.55894757,-16.62,45.0171861
1667611415.6163502,21334.3,21334.3,-4.55894757,-16.62,45.0171861
1667611425.779839,21334.3,21335.89,-4.43210996,-15.03,45.77027889
1667611435.6085467,21334.3,21335.89,-4.43210996,-15.03,45.77027889
1667611445.6711104,21334.3,21335.89,-4.43210996,-15.03,45.77027889
1667611455.6054196,21335.53,21335.53,-4.56024617,-15.56,45.60157963
1667611465.601425,21335.53,21335.53,-4.56024617,-15.56,45.60157963
1667611475.6340094,21335.53,21335.53,-4.56024617,-15.56,45.60157963
1667611485.5974045,21335.53,21338.49,-4.32412082,-12.6,47.05983965
1667611495.6609426,21335.53,21338.49,-4.32412082,-12.6,47.05983965
1667611505.6536596,21335.53,21338.49,-4.32412082,-12.6,47.05983965
1667611515.6209135,21333.03,21333.03,-4.98700019,-10.78,44.66925482
1667611525.6434107,21333.03,21333.03,-4.98700019,-10.78,44.66925482
1667611535.6033409,21333.03,21333.03,-4.98700019,-10.78,44.66925482
1667611545.8928306,21333.03,21333.03,-4.98700019,-10.78,44.66925482
1667611555.8764606,21333.03,21334.27,-4.88808282,-9.54,45.32374671
1667611565.8455846,21333.03,21334.27,-4.88808282,-9.54,45.32374671
1667611575.8652782,21332.94,21332.94,-5.07286901,-13.03,44.62114094
1667611586.055493,21332.94,21332.94,-5.07286901,-13.03,44.62114094
1667611596.450944,21332.94,21332.94,-5.07286901,-13.03,44.62114094
1667611606.463321,21332.94,21341.53,-4.38762684,-4.44,49.1647805
1667611616.7697587,21332.94,21341.53,-4.38762684,-4.44,49.1647805
1667611626.4677763,21332.94,21341.53,-4.38762684,-4.44,49.1647805
1667611636.44968,21353.77,21353.77,-2.13212907,9.5,54.48580202
1667611646.4654863,21353.77,21353.77,-2.13212907,9.5,54.48580202
1667611656.4853654,21353.77,21353.77,-2.13212907,9.5,54.48580202
1667611666.462941,21353.77,21353.92,-2.12016326,9.65,54.54858938
1667611676.445392,21353.77,21353.92,-2.12016326,9.65,54.54858938
1667611686.4453502,21353.77,21353.92,-2.12016326,9.65,54.54858938
1667611696.4746287,21345.92,21345.92,-2.21662456,24.27,50.81273535
1667611706.5006366,21345.92,21345.92,-2.21662456,24.27,50.81273535
1667611716.4585578,21345.92,21345.92,-2.21662456,24.27,50.81273535
1667611726.4872775,21345.92,21354.99,-1.4930918,33.34,54.61844839
1667611736.45881,21345.92,21354.99,-1.4930918,33.34,54.61844839
1667611746.4716148,21345.92,21354.99,-1.4930918,33.34,54.61844839
1667611756.4892576,21352.02,21352.02,-0.86765942,22.08,53.3835906
1667611766.503171,21352.02,21352.02,-0.86765942,22.08,53.3835906
1667611777.4231703,21352.02,21352.02,-0.86765942,22.08,53.3835906
1667611787.330521,21352.02,21353.17,-0.77592153,23.23,53.9202697
1667611797.3767726,21352.02,21353.17,-0.77592153,23.23,53.9202697
1667611807.3930302,21352.02,21353.17,-0.77592153,23.23,53.9202697
1667611817.349349,21369.7,21369.7,2.27535901,31.81,60.07846292
1667611827.370257,21369.7,21369.7,2.27535901,31.81,60.07846292
1667611837.3943691,21369.7,21369.7,2.27535901,31.81,60.07846292
1667611847.379306,21369.7,21380.02,3.09860687,42.13,63.36854843
1667611857.3779747,21369.7,21380.02,3.09860687,42.13,63.36854843
1667611867.4031742,21369.7,21380.02,3.09860687,42.13,63.36854843
1667611877.4028225,21373.74,21373.74,4.17810306,35.89,61.43669069
1667611887.423061,21373.74,21373.74,4.17810306,35.89,61.43669069
1667611897.3536952,21373.74,21373.74,4.17810306,35.89,61.43669069
1667611907.3648958,21373.74,21367.95,3.71622272,30.1,58.38953655
1667611917.425156,21373.74,21367.95,3.71622272,30.1,58.38953655
1667611927.3571806,21373.74,21367.95,3.71622272,30.1,58.38953655
1667611937.4551692,21358.68,21358.68,3.24545116,24.38,54.07085065
1667611947.3668993,21358.68,21358.68,3.24545116,24.38,54.07085065
1667611957.9429376,21358.68,21358.68,3.24545116,24.38,54.07085065
1667611968.1639955,21358.68,21350.49,2.59211783,16.19,50.5159003
1667611977.9875095,21358.68,21350.49,2.59211783,16.19,50.5159003
1667611987.972542,21358.68,21350.49,2.59211783,16.19,50.5159003
1667611997.9936852,21348.13,21348.13,1.88327879,12.6,49.60315445
1667612007.9862514,21348.13,21348.13,1.88327879,12.6,49.60315445
1667612017.9407098,21348.13,21348.13,1.88327879,12.6,49.60315445
1667612028.00569,21348.13,21353.2,2.28772323,17.67,51.65839534
1667612037.9976635,21348.13,21353.2,2.28772323,17.67,51.65839534
1667612047.9842122,21348.13,21353.2,2.28772323,17.67,51.65839534
1667612057.984523,21352.98,21352.98,2.2128968,20.72,51.54653653
1667612068.035183,21352.98,21352.98,2.2128968,20.72,51.54653653
1667612077.971228,21352.98,21352.98,2.2128968,20.72,51.54653653
1667612088.0148911,21352.98,21358.69,2.66839538,26.43,53.84643634
1667612098.1194422,21352.98,21358.69,2.66839538,26.43,53.84643634
1667612107.9932194,21352.98,21358.69,2.66839538,26.43,53.84643634
1667612118.0463305,21363.1,21363.1,3.51076769,30.16,55.48554051
1667612128.0303917,21363.1,21363.1,3.51076769,30.16,55.48554051
1667612138.873747,21363.1,21363.1,3.51076769,30.16,55.48554051
1667612148.9020572,21363.1,21369.14,3.99259105,36.2,57.68122943
1667612158.8939342,21363.1,21369.14,3.99259105,36.2,57.68122943
1667612168.913349,21363.1,21369.14,3.99259105,36.2,57.68122943
1667612178.9091773,21370.08,21370.08,4.87496757,16.31,58.00413634
1667612188.8955402,21370.08,21370.08,4.87496757,16.31,58.00413634
1667612198.90778,21370.08,21370.08,4.87496757,16.31,58.00413634
1667612208.9227226,21370.08,21362.83,4.29661999,9.06,54.55385645
1667612218.9139028,21370.08,21362.83,4.29661999,9.06,54.55385645
1667612228.9222047,21370.08,21362.83,4.29661999,9.06,54.55385645
1667612238.8871715,21361.7,21361.7,4.26861583,15.8,54.0523447
1667612248.9202223,21361.7,21361.7,4.26861583,15.8,54.0523447
1667612259.1080067,21361.7,21361.7,4.26861583,15.8,54.0523447
1667612268.9565592,21361.7,21355.86,3.80274688,9.96,51.42136014
1667612278.9417892,21361.7,21355.86,3.80274688,9.96,51.42136014
1667612289.076908,21361.7,21355.86,3.80274688,9.96,51.42136014
1667612298.9442382,21360.27,21360.27,4.13363966,7.67,53.34482919
1667612308.9137132,21360.27,21360.27,4.13363966,7.67,53.34482919
1667612319.6332176,21360.27,21360.27,4.13363966,7.67,53.34482919
1667612329.614774,21360.27,21358.39,3.98366815,5.79,52.42705119
1667612339.6216104,21360.27,21358.39,3.98366815,5.79,52.42705119
1667612349.617442,21360.27,21358.39,3.98366815,5.79,52.42705119
1667612359.6344512,21353.78,21353.78,3.08458938,-15.83,50.30479514
1667612369.6040866,21353.78,21353.78,3.08458938,-15.83,50.30479514
1667612379.6413963,21353.78,21353.78,3.08458938,-15.83,50.30479514
1667612389.703338,21353.78,21350.69,2.83809365,-18.92,48.87660632
1667612399.6485672,21353.78,21350.69,2.83809365,-18.92,48.87660632
1667612409.6797776,21353.78,21350.69,2.83809365,-18.92,48.87660632
1667612419.7261488,21354.69,21354.69,2.76179344,-18.96,50.72879013
1667612429.6655624,21354.69,21354.69,2.76179344,-18.96,50.72879013
1667612439.6897464,21354.69,21354.69,2.76179344,-18.96,50.72879013
1667612449.9329996,21354.69,21350.32,2.41318945,-23.33,48.58504299
1667612459.7018898,21354.69,21350.32,2.41318945,-23.33,48.58504299
1667612469.6787417,21354.69,21350.32,2.41318945,-23.33,48.58504299
1667612479.6919613,21345.74,21345.74,1.1553484,-12.94,46.52448578
1667612489.7282248,21345.74,21345.74,1.1553484,-12.94,46.52448578
1667612500.03124,21345.74,21345.74,1.1553484,-12.94,46.52448578
1667612510.0902076,21345.74,21341.56,0.8219011,-17.12,44.66272947
1667612520.0585604,21345.74,21341.56,0.8219011,-17.12,44.66272947
1667612530.0891654,21345.74,21341.56,0.8219011,-17.12,44.66272947
1667612540.0686166,21341.44,21341.44,-0.164917,-5.97,44.6114796
1667612550.1386344,21341.44,21341.44,-0.164917,-5.97,44.6114796
1667612560.0278225,21341.44,21341.44,-0.164917,-5.97,44.6114796
1667612570.0273638,21341.44,21338.59,-0.39226743,-8.82,43.33950105
1667612580.0346005,21341.44,21338.59,-0.39226743,-8.82,43.33950105
1667612590.0969715,21341.44,21338.59,-0.39226743,-8.82,43.33950105
1667612600.148468,21342.3,21342.3,-0.80711401,-11.14,45.09770758
1667612610.439915,21342.3,21342.3,-0.80711401,-11.14,45.09770758
1667612620.057296,21342.3,21342.3,-0.80711401,-11.14,45.09770758
1667612630.0800302,21342.3,21337.01,-1.22910831,-16.43,42.61932333
1667612640.0867236,21342.3,21337.01,-1.22910831,-16.43,42.61932333
1667612650.0840414,21342.3,21337.01,-1.22910831,-16.43,42.61932333
1667612660.077665,21341.15,21341.15,-1.56665069,-21.4,44.66435457
1667612670.0945897,21341.15,21341.15,-1.56665069,-21.4,44.66435457
1667612680.878104,21341.15,21339.48,-1.69987006,-23.07,43.71054349
1667612690.8729346,21341.15,21339.48,-1.69987006,-23.07,43.71054349
1667612700.8608189,21341.15,21339.48,-1.69987006,-23.07,43.71054349
1667612710.82014,21338.49,21338.49,-2.39802593,-31.57,43.21959187
1667612720.8761425,21338.49,21338.49,-2.39802593,-31.57,43.21959187
1667612730.8576558,21338.49,21338.49,-2.39802593,-31.57,43.21959187
1667612740.8970566,21338.49,21338.49,-2.39802593,-31.57,43.21959187
1667612750.866036,21338.49,21339.05,-2.35335356,-31.01,43.60544955
1667612760.9046905,21338.49,21339.05,-2.35335356,-31.01,43.60544955
1667612770.9673338,21338.49,21339.05,-2.35335356,-31.01,43.60544955
1667612780.8804464,21339.28,21339.28,-2.77123512,-22.42,43.78543617
1667612790.840569,21339.28,21339.28,-2.77123512,-22.42,43.78543617
1667612800.8736804,21339.28,21339.28,-2.77123512,-22.42,43.78543617
1667612810.849344,21339.28,21347.7,-2.09955421,-14.0,49.34189418
1667612820.8649514,21339.28,21347.7,-2.09955421,-14.0,49.34189418
1667612830.8436072,21357.88,21357.88,-0.42458699,-3.48,54.74953597
1667612840.8706448,21357.88,21357.88,-0.42458699,-3.48,54.74953597
1667612850.8490243,21357.88,21357.88,-0.42458699,-3.48,54.74953597
1667612861.6155567,21357.88,21358.57,-0.36954426,-2.79,55.09939826
1667612871.6790102,21357.88,21358.57,-0.36954426,-2.79,55.09939826
1667612881.693583,21357.88,21358.57,-0.36954426,-2.79,55.09939826
1667612891.67072,21357.88,21358.57,-0.36954426,-2.79,55.09939826
1667612901.6955683,21350.57,21350.57,-0.8423426,-3.21,50.60330981
1667612911.747328,21350.57,21350.57,-0.8423426,-3.21,50.60330981
1667612921.672114,21350.57,21354.06,-0.56393804,0.28,52.42662326
1667612931.9384794,21350.57,21354.06,-0.56393804,0.28,52.42662326
1667612941.6908016,21350.57,21354.06,-0.56393804,0.28,52.42662326
1667612951.6762574,21353.8,21353.8,-0.14398472,-0.89,52.2422358
1667612961.7094014,21353.8,21353.8,-0.14398472,-0.89,52.2422358
1667612971.6892347,21353.8,21353.8,-0.14398472,-0.89,52.2422358
1667612981.715282,21353.8,21355.64,0.0027959,0.95,53.25529843
1667612991.6815689,21353.8,21355.64,0.0027959,0.95,53.25529843
1667613001.6541295,21353.8,21355.64,0.0027959,0.95,53.25529843
1667613011.71859,21359.36,21359.36,0.95202999,13.62,55.12362117
1667613021.715832,21359.36,21359.36,0.95202999,13.62,55.12362117
1667613031.6651194,21359.36,21359.36,0.95202999,13.62,55.12362117
1667613042.5498228,21359.36,21362.59,1.20969381,16.85,56.74038443
1667613052.5123696,21359.36,21362.59,1.20969381,16.85,56.74038443
1667613062.5468428,21359.36,21362.59,1.20969381,16.85,56.74038443
1667613072.507961,21357.23,21357.23,1.11802353,15.79,53.77340291
1667613082.513317,21357.23,21357.23,1.11802353,15.79,53.77340291
1667613092.8493955,21357.23,21357.23,1.11802353,15.79,53.77340291
1667613102.5132768,21357.23,21361.35,1.4466845,19.91,55.95273124
1667613112.520969,21357.23,21361.35,1.4466845,19.91,55.95273124
1667613122.5592985,21357.23,21361.35,1.4466845,19.91,55.95273124
1667613132.517182,21357.23,21361.35,1.4466845,19.91,55.95273124
1667613142.4884756,21363.36,21363.36,2.2779987,21.06,56.91250374
1667613152.499103,21363.36,21363.36,2.2779987,21.06,56.91250374
1667613162.557122,21363.36,21373.86,3.11560554,31.56,61.77315401
1667613172.5604842,21363.36,21373.86,3.11560554,31.56,61.77315401
1667613182.5950704,21363.36,21373.86,3.11560554,31.56,61.77315401
1667613192.5013573,21373.19,21373.19,4.15794751,32.84,61.49726521
1667613202.5732868,21373.19,21373.19,4.15794751,32.84,61.49726521
1667613212.579882,21373.19,21373.19,4.15794751,32.84,61.49726521
1667613223.7352197,21373.19,21369.78,3.88592472,29.43,59.15715069
1667613233.7421942,21373.19,21369.78,3.88592472,29.43,59.15715069
1667613243.7757795,21373.19,21369.78,3.88592472,29.43,59.15715069
1667613253.7945411,21369.98,21369.98,4.52516872,31.49,59.28131341
1667613263.758055,21369.98,21369.98,4.52516872,31.49,59.28131341
1667613273.80409,21369.98,21369.98,4.52516872,31.49,59.28131341
1667613283.988273,21369.98,21369.01,4.44778981,30.52,58.59682204
1667613293.7814603,21369.98,21369.01,4.44778981,30.52,58.59682204
1667613303.7861576,21369.98,21369.01,4.44778981,30.52,58.59682204
1667613313.7897282,21363.39,21363.39,3.95999483,24.55,54.85441084
1667613323.8294322,21363.39,21363.39,3.95999483,24.55,54.85441084
1667613333.792094,21363.39,21363.39,3.95999483,24.55,54.85441084
1667613343.7949688,21363.39,21364.44,4.04375551,25.6,55.40454403
1667613353.8105066,21363.39,21364.44,4.04375551,25.6,55.40454403
1667613363.796994,21363.39,21364.44,4.04375551,25.6,55.40454403
1667613373.840207,21362.2,21362.2,3.77635051,4.32,54.19272431
1667613383.775902,21362.2,21362.2,3.77635051,4.32,54.19272431
1667613393.800096,21362.2,21362.2,3.77635051,4.32,54.19272431
1667613405.027527,21362.2,21366.72,4.13692031,8.84,56.69148212
1667613415.0437946,21362.2,21366.72,4.13692031,8.84,56.69148212
1667613425.0427945,21362.2,21366.72,4.13692031,8.84,56.69148212
1667613435.0317786,21372.31,21372.31,5.13302632,22.8,59.26152738
1667613445.030172,21372.31,21372.31,5.13302632,22.8,59.26152738
1667613455.045867,21372.31,21372.31,5.13302632,22.8,59.26152738
1667613465.1034005,21372.31,21376.89,5.49838245,27.38,61.55117309
1667613475.267918,21372.31,21376.89,5.49838245,27.38,61.55117309
1667613485.0292647,21372.31,21376.89,5.49838245,27.38,61.55117309
1667613495.0342178,21372.31,21376.89,5.49838245,27.38,61.55117309
1667613505.0331416,21367.37,21367.37,4.76663679,12.98,55.9454072
1667613515.0914843,21367.37,21367.37,4.76663679,12.98,55.9454072
1667613525.0993211,21367.37,21361.04,4.26167953,6.65,51.93747585
1667613535.1429236,21367.37,21361.04,4.26167953,6.65,51.93747585
1667613545.0239544,21367.37,21361.04,4.26167953,6.65,51.93747585
1667613555.071612,21367.37,21361.04,4.26167953,6.65,51.93747585
1667613565.0570242,21362.46,21362.46,3.99434868,3.1,52.7696315
1667613575.0850675,21362.46,21362.46,3.99434868,3.1,52.7696315
1667613585.5125868,21362.46,21361.4,3.90979028,2.04,52.1358901
1667613595.537484,21362.46,21361.4,3.90979028,2.04,52.1358901
1667613605.5046823,21362.46,21361.4,3.90979028,2.04,52.1358901
1667613615.4743009,21365.92,21365.92,4.11825599,9.23,54.72370293
1667613625.524059,21365.92,21365.92,4.11825599,9.23,54.72370293
1667613635.5600264,21365.92,21365.92,4.11825599,9.23,54.72370293
1667613645.473318,21365.92,21372.01,4.60406796,15.32,57.94255217
1667613655.5090156,21365.92,21372.01,4.60406796,15.32,57.94255217
1667613665.8084583,21365.92,21372.01,4.60406796,15.32,57.94255217
1667613675.505646,21367.9,21367.9,4.35008302,4.39,55.67160048
1667613685.5423348,21367.9,21367.9,4.35008302,4.39,55.67160048
1667613695.4996967,21367.9,21367.9,4.35008302,4.39,55.67160048
1667613705.5264947,21367.9,21368.92,4.43145054,5.41,56.37802737
1667613715.5361145,21367.9,21368.92,4.43145054,5.41,56.37802737
1667613725.540913,21367.9,21368.92,4.43145054,5.41,56.37802737
1667613735.548957,21365.96,21365.96,4.03477347,-7.23,54.30776056
1667613745.5471473,21365.96,21365.96,4.03477347,-7.23,54.30776056
1667613755.530247,21365.96,21365.96,4.03477347,-7.23,54.30776056
1667613766.0799918,21365.96,21367.96,4.19431763,-5.23,55.51760844
1667613776.120465,21365.96,21367.96,4.19431763,-5.23,55.51760844
1667613786.1046004,21365.96,21367.96,4.19431763,-5.23,55.51760844
1667613796.1935258,21366.01,21366.01,3.87007288,-4.13,54.33880829
1667613806.2904997,21366.01,21366.01,3.87007288,-4.13,54.33880829
1667613816.1337795,21366.01,21366.01,3.87007288,-4.13,54.33880829
1667613826.1582618,21366.01,21372.19,4.36306433,2.05,58.12614204
1667613836.099305,21366.01,21372.19,4.36306433,2.05,58.12614204
1667613846.1273012,21366.01,21372.19,4.36306433,2.05,58.12614204
1667613856.1274471,21371.01,21371.01,4.36243198,8.6,57.47995834
1667613866.0951462,21371.01,21371.01,4.36243198,8.6,57.47995834
1667613876.1160717,21371.01,21371.01,4.36243198,8.6,57.47995834
1667613886.1118712,21371.01,21369.24,4.2212354,6.83,56.13334624
1667613896.1092095,21371.01,21369.24,4.2212354,6.83,56.13334624
1667613906.138419,21371.01,21369.24,4.2212354,6.83,56.13334624
1667613916.0897963,21379.18,21379.18,5.56795067,16.99,62.03989612
1667613926.1332114,21379.18,21379.18,5.56795067,16.99,62.03989612
1667613936.148177,21379.18,21379.18,5.56795067,16.99,62.03989612
1667613946.8346727,21379.18,21377.49,5.43313586,15.3,60.65065457
1667613956.873922,21379.18,21377.49,5.43313586,15.3,60.65065457
1667613966.8967516,21379.18,21377.49,5.43313586,15.3,60.65065457
1667613976.8878517,21375.04,21375.04,5.32805204,2.09,58.5477067
1667613986.9281943,21375.04,21375.04,5.32805204,2.09,58.5477067
1667613996.8859005,21375.04,21375.04,5.32805204,2.09,58.5477067
1667614006.898478,21375.04,21376.07,5.41021728,3.12,59.14498282
1667614017.260424,21375.04,21376.07,5.41021728,3.12,59.14498282
1667614026.8931005,21375.04,21376.07,5.41021728,3.12,59.14498282
1667614036.888521,21374.61,21374.61,5.31484045,7.25,58.29315954
1667614046.9193633,21374.61,21374.61,5.31484045,7.25,58.29315954
1667614056.870692,21374.61,21374.61,5.31484045,7.25,58.29315954
1667614066.9340498,21374.61,21373.44,5.22150712,6.08,57.26278699
1667614076.917827,21374.61,21373.44,5.22150712,6.08,57.26278699
1667614086.8690076,21374.61,21373.44,5.22150712,6.08,57.26278699
1667614096.915409,21372.34,21372.34,4.94990344,10.63,56.326739
1667614106.9231062,21372.34,21372.34,4.94990344,10.63,56.326739
1667614116.920854,21372.34,21372.34,4.94990344,10.63,56.326739
1667614127.6892314,21372.34,21380.29,5.58409148,18.58,61.25607453
1667614137.637635,21372.34,21380.29,5.58409148,18.58,61.25607453
1667614147.6578283,21372.34,21380.29,5.58409148,18.58,61.25607453
1667614157.751003,21386.7,21386.7,6.77941417,21.89,64.48784623
1667614167.646615,21386.7,21386.7,6.77941417,21.89,64.48784623
1667614177.791562,21386.7,21386.7,6.77941417,21.89,64.48784623
1667614187.6488068,21386.7,21398.0,7.68083867,33.19,69.34269904
1667614197.686092,21386.7,21398.0,7.68083867,33.19,69.34269904
1667614207.6690032,21386.7,21398.0,7.68083867,33.19,69.34269904
1667614217.6616304,21401.31,21401.31,9.31135324,32.62,70.45304831
1667614227.6842294,21401.31,21401.31,9.31135324,32.62,70.45304831
1667614237.6223638,21401.31,21401.31,9.31135324,32.62,70.45304831
1667614247.662446,21401.31,21403.86,9.51477204,35.17,71.43235256
1667614257.7055285,21401.31,21403.86,9.51477204,35.17,71.43235256
1667614267.7058032,21401.31,21403.86,9.51477204,35.17,71.43235256
1667614277.6762598,21412.53,21412.53,11.81191702,46.57,74.16785854
1667614287.7251885,21412.53,21412.53,11.81191702,46.57,74.16785854
1667614297.658456,21412.53,21412.53,11.81191702,46.57,74.16785854
1667614308.806284,21412.53,21409.03,11.53271474,43.07,71.55356947
1667614318.9001892,21412.53,21409.03,11.53271474,43.07,71.55356947
1667614328.8656957,21412.53,21409.03,11.53271474,43.07,71.55356947
1667614338.820253,21403.85,21403.85,11.75066839,37.84,67.52054398
1667614348.8859882,21403.85,21403.85,11.75066839,37.84,67.52054398
1667614358.850165,21403.85,21403.85,11.75066839,37.84,67.52054398
1667614369.1490788,21403.85,21401.71,11.57995614,35.7,65.86878005
1667614378.8264797,21403.85,21401.71,11.57995614,35.7,65.86878005
1667614388.8365295,21403.85,21401.71,11.57995614,35.7,65.86878005
1667614398.860814,21394.3,21394.3,10.76125465,23.91,60.72498236
1667614408.821773,21394.3,21394.3,10.76125465,23.91,60.72498236
1667614418.8919494,21394.3,21394.3,10.76125465,23.91,60.72498236
1667614428.8312078,21394.3,21392.87,10.64718058,22.48,59.75518199
1667614438.8976672,21394.3,21392.87,10.64718058,22.48,59.75518199
1667614448.8729105,21394.3,21392.87,10.64718058,22.48,59.75518199
1667614458.8667996,21390.29,21390.29,9.89344414,11.3,58.08163673
1667614468.859521,21390.29,21390.29,9.89344414,11.3,58.08163673
1667614478.849965,21390.29,21390.29,9.89344414,11.3,58.08163673
1667614489.9892192,21390.29,21382.41,9.26484015,3.42,53.18247653
1667614500.0074272,21390.29,21382.41,9.26484015,3.42,53.18247653
1667614509.9720275,21390.29,21382.41,9.26484015,3.42,53.18247653
1667614519.963007,21381.76,21381.76,8.15606112,7.32,52.80766113
1667614530.273896,21381.76,21381.76,8.15606112,7.32,52.80766113
1667614540.0459983,21381.76,21381.76,8.15606112,7.32,52.80766113
1667614550.02947,21381.76,21380.0,8.01566226,5.56,51.76482268
1667614560.052652,21381.76,21380.0,8.01566226,5.56,51.76482268
1667614570.033286,21381.76,21380.0,8.01566226,5.56,51.76482268
1667614580.038808,21379.39,21379.39,6.84750222,4.78,51.41973159
1667614590.0268126,21379.39,21379.39,6.84750222,4.78,51.41973159
1667614600.0583403,21379.39,21379.39,6.84750222,4.78,51.41973159
1667614610.0486698,21379.39,21378.75,6.79644809,4.14,51.04957619
1667614620.075131,21379.39,21378.75,6.79644809,4.14,51.04957619
1667614630.1040952,21379.39,21378.75,6.79644809,4.14,51.04957619
1667614640.0642822,21378.05,21378.05,5.74544151,5.71,50.62824965
1667614650.0837123,21378.05,21378.05,5.74544151,5.71,50.62824965
1667614660.068174,21378.05,21378.05,5.74544151,5.71,50.62824965
1667614670.8974726,21378.05,21374.63,5.472621,2.29,48.51646215
1667614680.894462,21378.05,21374.63,5.472621,2.29,48.51646215
1667614691.0719397,21377.58,21377.58,4.83383746,-9.12,50.32720173
1667614700.8731463,21377.58,21377.58,4.83383746,-9.12,50.32720173
1667614710.8954673,21377.58,21377.58,4.83383746,-9.12,50.32720173
1667614720.9221084,21377.58,21377.64,4.83862379,-9.06,50.36777542
1667614730.9175084,21377.58,21377.64,4.83862379,-9.06,50.36777542
1667614740.8875403,21377.58,21377.64,4.83862379,-9.06,50.36777542
1667614750.9182563,21377.58,21377.64,4.83862379,-9.06,50.36777542
1667614760.9223025,21376.74,21376.74,3.92958467,-24.7,49.80020937
1667614770.9169087,21376.74,21376.74,3.92958467,-24.7,49.80020937
1667614780.9366307,21376.74,21374.09,3.71818866,-27.35,47.95111461
1667614790.8815088,21376.74,21374.09,3.71818866,-27.35,47.95111461
1667614800.9034865,21376.74,21374.09,3.71818866,-27.35,47.95111461
1667614810.886561,21376.74,21374.09,3.71818866,-27.35,47.95111461
1667614820.9178925,21370.99,21370.99,2.43331031,-40.86,46.03539461
1667614830.9574573,21370.99,21370.99,2.43331031,-40.86,46.03539461
1667614840.9309576,21370.99,21364.13,1.88607384,-47.72,41.83801542
1667614851.9125218,21370.99,21364.13,1.88607384,-47.72,41.83801542
1667614861.61859,21370.99,21364.13,1.88607384,-47.72,41.83801542
1667614871.6554916,21365.86,21365.86,0.89684283,-37.99,42.81091453
1667614881.659213,21365.86,21365.86,0.89684283,-37.99,42.81091453
1667614891.651472,21365.86,21365.86,0.89684283,-37.99,42.81091453
1667614901.669155,21365.86,21378.75,1.92510494,-25.1,51.80383424
1667614911.632398,21365.86,21378.75,1.92510494,-25.1,51.80383424
1667614921.6100862,21365.86,21378.75,1.92510494,-25.1,51.80383424
1667614931.659327,21365.86,21378.75,1.92510494,-25.1,51.80383424
1667614941.665944,21379.81,21379.81,1.97546645,-14.49,52.41911457
1667614951.6465776,21379.81,21379.81,1.97546645,-14.49,52.41911457
1667614961.6480043,21379.81,21368.55,1.07723283,-25.75,45.73926164
1667614971.6676664,21379.81,21368.55,1.07723283,-25.75,45.73926164
1667614981.6389484,21379.81,21368.55,1.07723283,-25.75,45.73926164
1667614991.6664977,21379.81,21368.55,1.07723283,-25.75,45.73926164
1667615001.7062638,21368.28,21368.28,0.29625208,-22.01,45.59992456
1667615011.8869374,21368.28,21368.28,0.29625208,-22.01,45.59992456
1667615021.6546614,21368.28,21370.85,0.50126632,-19.44,47.2472401
1667615032.243853,21368.28,21370.85,0.50126632,-19.44,47.2472401
1667615042.4818122,21368.28,21370.85,0.50126632,-19.44,47.2472401
1667615052.2610507,21363.59,21363.59,-0.9158464,-18.34,43.11095069
1667615062.2915466,21363.59,21363.59,-0.9158464,-18.34,43.11095069
1667615072.2997854,21363.59,21363.59,-0.9158464,-18.34,43.11095069
1667615082.2768426,21363.59,21365.87,-0.73396606,-16.06,44.56695516
1667615092.3037694,21363.59,21365.87,-0.73396606,-16.06,44.56695516
1667615102.2765718,21363.59,21365.87,-0.73396606,-16.06,44.56695516
1667615112.2968478,21369.54,21369.54,-0.77082938,-9.17,46.9551923
1667615122.3127224,21369.54,21369.54,-0.77082938,-9.17,46.9551923
1667615132.3540971,21369.54,21369.54,-0.77082938,-9.17,46.9551923
1667615142.3006644,21369.54,21372.88,-0.50439063,-5.83,49.10428439
1667615152.345066,21369.54,21372.88,-0.50439063,-5.83,49.10428439
1667615162.317992,21369.54,21372.88,-0.50439063,-5.83,49.10428439
1667615172.2880428,21373.08,21373.08,-0.51987644,-4.97,49.22745996
1667615182.3067627,21373.08,21373.08,-0.51987644,-4.97,49.22745996
1667615192.3495076,21373.08,21373.08,-0.51987644,-4.97,49.22745996
1667615202.570558,21373.08,21376.63,-0.23668556,-1.42,51.47245162
1667615212.688168,21373.08,21376.63,-0.23668556,-1.42,51.47245162
1667615222.699807,21373.08,21376.63,-0.23668556,-1.42,51.47245162
1667615232.9294465,21383.63,21383.63,0.93739207,6.05,55.37398327
1667615242.6599722,21383.63,21383.63,0.93739207,6.05,55.37398327
1667615252.6572626,21383.63,21383.63,0.93739207,6.05,55.37398327
1667615262.7187848,21383.63,21383.63,0.93739207,6.05,55.37398327
1667615272.7126672,21383.63,21388.37,1.31551173,10.79,57.8390607
1667615282.7420206,21383.63,21388.37,1.31551173,10.79,57.8390607
1667615292.673145,21383.63,21388.37,1.31551173,10.79,57.8390607
1667615302.70531,21387.91,21387.91,2.02973082,11.91,57.61183021
1667615312.6834624,21387.91,21387.91,2.02973082,11.91,57.61183021
1667615322.736841,21387.91,21385.79,1.86061401,9.79,56.11088059
1667615332.7216723,21387.91,21385.79,1.86061401,9.79,56.11088059
1667615342.7420895,21387.91,21385.79,1.86061401,9.79,56.11088059
1667615352.7658892,21383.25,21383.25,1.9361739,12.73,54.41243947
1667615362.9961264,21383.25,21383.25,1.9361739,12.73,54.41243947
1667615372.7752545,21383.25,21383.25,1.9361739,12.73,54.41243947
1667615382.7588186,21383.25,21385.65,2.1276269,15.13,55.77462768
1667615393.6502526,21383.25,21385.65,2.1276269,15.13,55.77462768
1667615403.6947987,21383.25,21385.65,2.1276269,15.13,55.77462768
1667615413.6374483,21377.3,21377.3,1.2909505,11.44,50.55222347
1667615423.631121,21377.3,21377.3,1.2909505,11.44,50.55222347
1667615433.6253424,21377.3,21377.3,1.2909505,11.44,50.55222347
1667615443.6437633,21377.3,21377.97,1.34439779,12.11,50.97399998
1667615453.684893,21377.3,21377.97,1.34439779,12.11,50.97399998
1667615463.6404622,21377.3,21377.97,1.34439779,12.11,50.97399998
1667615473.6917036,21377.01,21377.01,1.10159875,-2.8,50.3646786
1667615483.665881,21377.01,21377.01,1.10159875,-2.8,50.3646786
1667615493.6945112,21377.01,21377.01,1.10159875,-2.8,50.3646786
1667615503.661872,21377.01,21377.41,1.13350759,-2.4,50.63670793
1667615513.6660502,21377.01,21377.41,1.13350759,-2.4,50.63670793
1667615523.893595,21377.01,21377.41,1.13350759,-2.4,50.63670793
1667615533.7344031,21378.19,21378.19,1.15580431,9.91,51.11771038
1667615544.0808434,21378.19,21378.19,1.15580431,9.91,51.11771038
1667615553.6862526,21378.19,21378.19,1.15580431,9.91,51.11771038
1667615563.7052643,21378.19,21375.18,0.91569035,6.9,48.99401767
1667615574.2896802,21378.19,21375.18,0.91569035,6.9,48.99401767
1667615584.273556,21378.19,21375.18,0.91569035,6.9,48.99401767
1667615594.28476,21375.28,21375.28,0.70385312,10.89,49.03254124
1667615604.2342973,21375.28,21375.28,0.70385312,10.89,49.03254124
1667615614.3989103,21375.28,21375.28,0.70385312,10.89,49.03254124
1667615624.2666483,21375.28,21374.2,0.61769928,9.81,48.25724777
1667615634.364066,21375.28,21374.2,0.61769928,9.81,48.25724777
1667615644.276414,21375.28,21374.2,0.61769928,9.81,48.25724777
1667615654.2730498,21368.02,21368.02,-0.53767867,-1.52,44.25326872
1667615664.266176,21368.02,21368.02,-0.53767867,-1.52,44.25326872
1667615674.3187468,21368.02,21368.02,-0.53767867,-1.52,44.25326872
1667615684.452664,21368.02,21362.75,-0.95807753,-6.79,41.12005675
1667615694.2940278,21368.02,21362.75,-0.95807753,-6.79,41.12005675
1667615704.319904,21368.02,21362.75,-0.95807753,-6.79,41.12005675
1667615714.459967,21357.19,21357.19,-2.58147081,-15.89,38.26196683
1667615724.3289545,21357.19,21357.19,-2.58147081,-15.89,38.26196683
1667615734.3461676,21357.19,21357.19,-2.58147081,-15.89,38.26196683
1667615744.2919583,21357.19,21355.24,-2.73702636,-17.84,37.28319863
1667615754.95743,21357.19,21355.24,-2.73702636,-17.84,37.28319863
1667615764.912469,21357.19,21355.24,-2.73702636,-17.84,37.28319863
1667615774.9500556,21352.92,21352.92,-4.0800623,-30.46,36.18201762
1667615784.933998,21352.92,21352.92,-4.0800623,-30.46,36.18201762
1667615794.935642,21352.92,21352.92,-4.0800623,-30.46,36.18201762
1667615804.9690588,21352.92,21356.25,-3.81442128,-27.13,38.9684032
1667615814.988623,21352.92,21356.25,-3.81442128,-27.13,38.9684032
1667615824.9490092,21352.92,21356.25,-3.81442128,-27.13,38.9684032
1667615834.994383,21355.89,21355.89,-4.52095659,-32.02,38.67895828
1667615844.9951334,21355.89,21355.89,-4.52095659,-32.02,38.67895828
1667615854.9377785,21355.89,21355.89,-4.52095659,-32.02,38.67895828
1667615864.967769,21355.89,21364.17,-3.86044377,-23.74,45.12506832
1667615875.276305,21355.89,21364.17,-3.86044377,-23.74,45.12506832
1667615885.006592,21355.89,21364.17,-3.86044377,-23.74,45.12506832
1667615895.0005872,21359.52,21359.52,-4.54031112,-23.73,41.7342773
1667615904.956576,21359.52,21359.52,-4.54031112,-23.73,41.7342773
1667615914.968475,21359.52,21359.52,-4.54031112,-23.73,41.7342773
1667615924.9643855,21359.52,21362.15,-4.33051055,-21.1,43.87705864
1667615935.3238218,21359.52,21362.15,-4.33051055,-21.1,43.87705864
1667615945.3924255,21359.52,21362.15,-4.33051055,-21.1,43.87705864
1667615955.3926857,21366.2,21366.2,-3.74918507,-11.1,46.89967238
1667615965.3517406,21366.2,21366.2,-3.74918507,-11.1,46.89967238
1667615975.3749783,21366.2,21366.2,-3.74918507,-11.1,46.89967238
1667615985.3723545,21366.2,21366.93,-3.69095145,-10.37,47.44628134
1667615995.4067814,21366.2,21366.93,-3.69095145,-10.37,47.44628134
1667616005.3832786,21366.2,21366.93,-3.69095145,-10.37,47.44628134
1667616015.3977249,21361.47,21361.47,-4.15589754,-15.54,43.89453531
1667616025.355718,21361.47,21361.47,-4.15589754,-15.54,43.89453531
1667616035.6558452,21361.47,21361.47,-4.15589754,-15.54,43.89453531
1667616045.4363663,21361.47,21359.04,-4.34974369,-17.97,42.40259501
1667616055.3871386,21361.47,21359.04,-4.34974369,-17.97,42.40259501
1667616065.3906188,21361.47,21359.04,-4.34974369,-17.97,42.40259501
1667616075.413246,21356.09,21356.09,-4.89209384,-22.59,40.72228703
1667616085.4379025,21356.09,21356.09,-4.89209384,-22.59,40.72228703
1667616095.4249766,21356.09,21356.09,-4.89209384,-22.59,40.72228703
1667616105.420065,21356.09,21356.42,-4.86576905,-22.26,41.00392821
1667616116.2048385,21356.09,21356.42,-4.86576905,-22.26,41.00392821
1667616126.0545452,21356.09,21356.42,-4.86576905,-22.26,41.00392821
1667616136.165799,21352.7,21352.7,-5.55610702,-23.14,38.81858688
1667616146.0571446,21352.7,21352.7,-5.55610702,-23.14,38.81858688
1667616156.073911,21352.7,21352.7,-5.55610702,-23.14,38.81858688
1667616166.1138875,21352.7,21364.89,-4.58368537,-10.95,48.19664574
1667616176.0540144,21352.7,21364.89,-4.58368537,-10.95,48.19664574
1667616186.0357957,21352.7,21364.89,-4.58368537,-10.95,48.19664574
1667616196.068324,21359.71,21359.71,-4.86625075,-8.31,44.63942131
1667616206.1416287,21359.71,21359.71,-4.86625075,-8.31,44.63942131
1667616216.5766895,21359.71,21359.71,-4.86625075,-8.31,44.63942131
1667616226.3649883,21359.71,21363.44,-4.56870089,-4.58,47.4746925
1667616236.07705,21359.71,21363.44,-4.56870089,-4.58,47.4746925
1667616246.0843298,21359.71,21363.44,-4.56870089,-4.58,47.4746925
1667616256.1031702,21362.52,21362.52,-4.25432754,5.33,46.80270291
1667616266.0688202,21362.52,21362.52,-4.25432754,5.33,46.80270291
1667616276.0733798,21362.52,21362.52,-4.25432754,5.33,46.80270291
1667616286.0610304,21362.52,21362.89,-4.22481187,5.7,47.09584777
1667616297.0908108,21362.52,21362.89,-4.22481187,5.7,47.09584777
1667616307.1129465,21362.52,21362.89,-4.22481187,5.7,47.09584777
1667616317.15289,21359.41,21359.41,-4.34845401,6.49,44.74312187
1667616327.1071951,21359.41,21359.41,-4.34845401,6.49,44.74312187
1667616337.1087804,21359.41,21359.41,-4.34845401,6.49,44.74312187
1667616347.0879514,21359.41,21359.12,-4.37158791,6.2,44.52628893
1667616357.098533,21359.41,21359.12,-4.37158791,6.2,44.52628893
1667616367.1012208,21359.41,21359.12,-4.37158791,6.2,44.52628893
1667616377.118131,21361.62,21361.62,-3.85898533,5.73,46.55725346
1667616387.145259,21361.62,21361.62,-3.85898533,5.73,46.55725346
1667616397.065816,21361.62,21361.62,-3.85898533,5.73,46.55725346
1667616407.083241,21361.62,21357.34,-4.20040983,1.45,43.57364061
1667616417.3267007,21361.62,21357.34,-4.20040983,1.45,43.57364061
1667616427.1398232,21361.62,21357.34,-4.20040983,1.45,43.57364061
1667616437.114178,21357.06,21357.06,-4.21425825,-1.6,43.39172236
1667616447.83042,21357.06,21357.06,-4.21425825,-1.6,43.39172236
1667616457.1048934,21357.06,21357.06,-4.21425825,-1.6,43.39172236
1667616467.1393552,21357.06,21355.09,-4.37140925,-3.57,42.06118581
1667616478.0476186,21357.06,21355.09,-4.37140925,-3.57,42.06118581
1667616488.0544002,21357.06,21355.09,-4.37140925,-3.57,42.06118581
1667616498.076733,21357.42,21357.42,-4.06311516,-8.51,43.82320072
1667616508.033342,21357.42,21357.42,-4.06311516,-8.51,43.82320072
1667616518.0855465,21357.42,21357.42,-4.06311516,-8.51,43.82320072
1667616528.052467,21357.42,21354.82,-4.27052257,-11.11,41.99104379
1667616538.0619571,21357.42,21354.82,-4.27052257,-11.11,41.99104379
1667616548.2644827,21357.42,21354.82,-4.27052257,-11.11,41.99104379
1667616558.073069,21351.95,21351.95,-4.79213311,-9.52,40.44455993
1667616568.0726695,21351.95,21351.95,-4.79213311,-9.52,40.44455993
1667616578.271049,21351.95,21351.95,-4.79213311,-9.52,40.44455993
1667616588.0788164,21351.95,21351.0,-4.86791659,-10.47,39.5559202
1667616598.0958836,21351.95,21351.0,-4.86791659,-10.47,39.5559202
1667616608.1421654,21351.95,21351.0,-4.86791659,-10.47,39.5559202
1667616618.311191,21350.25,21350.25,-5.1028983,-5.84,39.03717308
1667616628.0984285,21350.25,21350.25,-5.1028983,-5.84,39.03717308
1667616638.1277835,21350.25,21350.25,-5.1028983,-5.84,39.03717308
1667616648.10768,21350.25,21350.45,-5.08694388,-5.64,39.17300228
1667616659.2698126,21350.25,21350.45,-5.08694388,-5.64,39.17300228
1667616669.118045,21350.25,21350.45,-5.08694388,-5.64,39.17300228
1667616679.2515254,21352.91,21352.91,-4.81903097,0.21,41.63521754
1667616689.0958855,21352.91,21352.91,-4.81903097,0.21,41.63521754
1667616699.1109366,21352.91,21352.91,-4.81903097,0.21,41.63521754
1667616709.113288,21352.91,21360.96,-4.17686573,8.26,48.98433668
1667616719.1737304,21352.91,21360.96,-4.17686573,8.26,48.98433668
1667616729.0731158,21352.91,21360.96,-4.17686573,8.26,48.98433668
1667616739.160862,21355.46,21355.46,-4.38748404,-3.34,44.0595346
1667616749.1202796,21355.46,21355.46,-4.38748404,-3.34,44.0595346
1667616759.10494,21355.46,21355.46,-4.38748404,-3.34,44.0595346
1667616769.338195,21355.46,21353.57,-4.53825327,-5.23,42.53981103
1667616779.139442,21355.46,21353.57,-4.53825327,-5.23,42.53981103
1667616789.1268852,21355.46,21353.57,-4.53825327,-5.23,42.53981103
1667616799.1074038,21353.3,21353.3,-4.43145141,-9.22,42.29990548
1667616809.1423078,21353.3,21353.3,-4.43145141,-9.22,42.29990548
1667616819.0900042,21353.3,21353.3,-4.43145141,-9.22,42.29990548
1667616829.1421983,21353.3,21360.89,-3.82598133,-1.63,49.74856425
1667616839.9450412,21353.3,21360.89,-3.82598133,-1.63,49.74856425
1667616849.8974516,21353.3,21360.89,-3.82598133,-1.63,49.74856425
1667616859.9507246,21366.7,21366.7,-2.40078927,7.4,54.28549471
1667616869.9448688,21366.7,21366.7,-2.40078927,7.4,54.28549471
1667616879.943388,21366.7,21366.7,-2.40078927,7.4,54.28549471
1667616889.9379036,21366.7,21365.63,-2.48614539,6.33,53.32732674
1667616899.958066,21366.7,21365.63,-2.48614539,6.33,53.32732674
1667616909.927071,21366.7,21365.63,-2.48614539,6.33,53.32732674
1667616919.9889991,21366.95,21366.95,-1.60335766,5.33,54.51434891
1667616930.2524064,21366.95,21366.95,-1.60335766,5.33,54.51434891
1667616939.9958577,21366.95,21366.95,-1.60335766,5.33,54.51434891
1667616949.955438,21366.95,21367.25,-1.57942604,5.63,54.76081422
1667616959.9842124,21366.95,21367.25,-1.57942604,5.63,54.76081422
1667616969.9429145,21366.95,21367.25,-1.57942604,5.63,54.76081422
1667616979.9710665,21362.49,21362.49,-1.65753904,5.43,50.46984205
1667616989.976984,21362.49,21362.49,-1.65753904,5.43,50.46984205
1667616999.9813645,21362.49,21362.49,-1.65753904,5.43,50.46984205
1667617009.977357,21362.49,21366.67,-1.32409174,9.61,53.86084789
1667617020.5417864,21362.49,21366.67,-1.32409174,9.61,53.86084789
1667617030.5362315,21362.49,21366.67,-1.32409174,9.61,53.86084789
1667617040.5699406,21382.44,21382.44,1.46970447,24.28,63.33197657
1667617050.4962215,21382.44,21382.44,1.46970447,24.28,63.33197657
1667617060.5567956,21382.44,21382.44,1.46970447,24.28,63.33197657
1667617070.508731,21382.44,21378.16,1.12827997,20.0,59.74732185
1667617080.565538,21382.44,21378.16,1.12827997,20.0,59.74732185
1667617090.7609107,21382.44,21378.16,1.12827997,20.0,59.74732185
1667617100.537053,21374.73,21374.73,1.56630559,23.62,57.15477189
1667617110.5730717,21374.73,21374.73,1.56630559,23.62,57.15477189
1667617120.556136,21374.73,21372.25,1.36847083,21.14,55.28679146
1667617130.5508528,21374.73,21372.25,1.36847083,21.14,55.28679146
1667617140.637495,21374.73,21372.25,1.36847083,21.14,55.28679146
1667617150.5728374,21374.73,21372.25,1.36847083,21.14,55.28679146
1667617160.5794373,21377.82,21377.82,2.54282177,26.73,58.8855914
1667617170.5940108,21377.82,21377.82,2.54282177,26.73,58.8855914
1667617180.575671,21377.82,21381.4,2.82840582,30.31,60.85845265
1667617190.5887308,21377.82,21381.4,2.82840582,30.31,60.85845265
1667617201.0285304,21377.82,21381.4,2.82840582,30.31,60.85845265
1667617211.0014038,21377.82,21381.4,2.82840582,30.31,60.85845265
1667617221.0065064,21386.94,21386.94,4.41136133,33.39,63.33188091
1667617231.0269344,21386.94,21386.94,4.41136133,33.39,63.33188091
1667617241.0178742,21386.94,21390.15,4.66742971,36.6,65.05163728
1667617251.286591,21386.94,21390.15,4.66742971,36.6,65.05163728
1667617261.0141766,21386.94,21390.15,4.66742971,36.6,65.05163728
1667617270.9689422,21384.44,21384.44,4.86476861,28.98,61.30357898
1667617281.0383308,21384.44,21384.44,4.86476861,28.98,61.30357898
1667617290.9790614,21384.44,21384.44,4.86476861,28.98,61.30357898
1667617301.0004814,21384.44,21380.94,4.58556633,25.48,58.47981169
1667617311.0932095,21384.44,21380.94,4.58556633,25.48,58.47981169
1667617321.20024,21384.44,21380.94,4.58556633,25.48,58.47981169
1667617331.0617905,21382.9,21382.9,5.05692096,29.07,59.85971501
1667617341.0929265,21382.9,21382.9,5.05692096,29.07,59.85971501
1667617351.089914,21382.9,21382.9,5.05692096,29.07,59.85971501
1667617361.1038694,21382.9,21381.35,4.93327424,27.52,58.74923309
1667617371.2711415,21382.9,21381.35,4.93327424,27.52,58.74923309
1667617381.715523,21382.9,21381.35,4.93327424,27.52,58.74923309
1667617391.6565568,21382.9,21381.35,4.93327424,27.52,58.74923309
1667617401.650494,21387.77,21387.77,5.98201402,20.77,62.46034048
1667617411.947736,21387.77,21387.77,5.98201402,20.77,62.46034048
1667617421.6107297,21387.77,21387.77,5.98201402,20.77,62.46034048
1667617431.5905,21387.77,21390.04,6.16309664,23.04,63.64797412
1667617441.6392698,21387.77,21390.04,6.16309664,23.04,63.64797412
1667617451.6533458,21390.14,21390.14,6.69145095,23.19,63.53434252
1667617461.7026758,21390.14,21390.14,6.69145095,23.19,63.53434252
1667617471.652562,21390.14,21390.14,6.69145095,23.19,63.53434252
1667617481.617734,21390.14,21398.67,7.37190679,31.72,67.79151077
1667617491.6585772,21390.14,21398.67,7.37190679,31.72,67.79151077
1667617501.6872315,21390.14,21398.67,7.37190679,31.72,67.79151077
1667617511.6486187,21400.02,21400.02,8.39643453,38.36,68.357911
1667617521.6331985,21400.02,21400.02,8.39643453,38.36,68.357911
1667617531.6736736,21400.02,21400.02,8.39643453,38.36,68.357911
1667617541.6297164,21400.02,21400.62,8.44429778,38.96,68.6220182
1667617551.6627293,21400.02,21400.62,8.44429778,38.96,68.6220182
1667617562.5640066,21400.02,21400.62,8.44429778,38.96,68.6220182
1667617572.6119592,21400.02,21400.62,8.44429778,38.96,68.6220182
1667617582.5467408,21401.32,21401.32,9.24903107,18.88,68.48812167
1667617592.5563505,21401.32,21401.32,9.24903107,18.88,68.48812167
1667617602.5640934,21401.32,21402.12,9.31284873,19.68,69.26500259
1667617612.5728903,21401.32,21402.12,9.31284873,19.68,69.26500259
1667617622.5796895,21401.32,21402.12,9.31284873,19.68,69.26500259
1667617632.5425465,21404.86,21404.86,10.183917,30.13,70.45301358
1667617642.615592,21404.86,21404.86,10.183917,30.13,70.45301358
1667617652.5470004,21404.86,21404.86,10.183917,30.13,70.45301358
1667617662.556601,21404.86,21413.41,10.86596828,38.68,73.84976043
1667617672.5780694,21404.86,21413.41,10.86596828,38.68,73.84976043
1667617682.5231326,21404.86,21413.41,10.86596828,38.68,73.84976043
1667617692.5827105,21411.05,21411.05,11.45410705,33.23,72.9927701
1667617702.7353628,21411.05,21411.05,11.45410705,33.23,72.9927701
1667617712.5433211,21411.05,21411.05,11.45410705,33.23,72.9927701
1667617722.6042836,21411.05,21411.05,11.45410705,33.23,72.9927701
1667617732.5987017,21411.05,21410.2,11.38630078,32.38,72.07657911
1667617743.352066,21411.05,21410.2,11.38630078,32.38,72.07657911
1667617753.345446,21411.05,21410.2,11.38630078,32.38,72.07657911
1667617763.5292616,21412.82,21412.82,12.18207881,25.29,73.68920444
1667617773.3601644,21412.82,21412.82,12.18207881,25.29,73.68920444
1667617783.37196,21412.82,21415.82,12.42139505,28.29,74.87195069
1667617793.328398,21412.82,21415.82,12.42139505,28.29,74.87195069
1667617803.379716,21412.82,21415.82,12.42139505,28.29,74.87195069
1667617813.379748,21417.0,21417.0,13.09387105,32.56,75.30853212
1667617823.347999,21417.0,21417.0,13.09387105,32.56,75.30853212
1667617833.6039732,21417.0,21417.0,13.09387105,32.56,75.30853212
1667617843.4000988,21417.0,21413.99,12.85375709,29.55,71.87792346
1667617853.33174,21417.0,21413.99,12.85375709,29.55,71.87792346
1667617863.3337598,21417.0,21413.99,12.85375709,29.55,71.87792346
1667617873.3483973,21417.0,21413.99,12.85375709,29.55,71.87792346
1667617883.39198,21413.49,21413.49,12.90159007,31.34,71.33809965
1667617893.368106,21413.49,21413.49,12.90159007,31.34,71.33809965
1667617903.3847668,21413.49,21398.26,11.68666129,16.11,57.23713071
1667617913.3745835,21413.49,21398.26,11.68666129,16.11,57.23713071
1667617923.7758512,21413.49,21398.26,11.68666129,16.11,57.23713071
1667617933.796239,21413.49,21398.26,11.68666129,16.11,57.23713071
1667617943.794483,21395.65,21395.65,10.30138232,7.87,55.36179849
1667617954.146165,21395.65,21395.65,10.30138232,7.87,55.36179849
1667617963.7489326,21395.65,21394.14,10.18092648,6.36,54.25426875
1667617973.7735465,21395.65,21394.14,10.18092648,6.36,54.25426875
1667617983.8119986,21395.65,21394.14,10.18092648,6.36,54.25426875
1667617993.7945998,21394.23,21394.23,9.06104407,3.72,54.3190371
1667618003.775421,21394.23,21394.23,9.06104407,3.72,54.3190371
1667618013.8173246,21394.23,21394.23,9.06104407,3.72,54.3190371
1667618023.8388264,21394.23,21394.23,9.06104407,3.72,54.3190371
1667618033.8255694,21394.23,21394.09,9.04987598,3.58,54.21062356
1667618043.831317,21394.23,21394.09,9.04987598,3.58,54.21062356
1667618053.8482275,21394.23,21394.09,9.04987598,3.58,54.21062356
1667618063.823417,21389.69,21389.69,7.45391364,-10.33,50.9929633
1667618073.84552,21389.69,21389.69,7.45391364,-10.33,50.9929633
1667618083.8514683,21389.69,21393.25,7.73790224,-6.77,53.421264
1667618093.8127344,21389.69,21393.25,7.73790224,-6.77,53.421264
1667618104.485981,21389.69,21393.25,7.73790224,-6.77,53.421264
1667618114.5489087,21395.5,21395.5,7.19671443,-6.57,54.82105871
1667618124.4562194,21395.5,21395.5,7.19671443,-6.57,54.82105871
1667618134.52227,21395.5,21395.5,7.19671443,-6.57,54.82105871
1667618144.4942756,21395.5,21393.29,7.02041814,-8.78,53.12346928
1667618154.4610448,21395.5,21393.29,7.02041814,-8.78,53.12346928
1667618164.4974444,21395.5,21393.29,7.02041814,-8.78,53.12346928
1667618174.4636016,21390.8,21390.8,5.88254052,-14.06,51.33251357
1667618184.4853885,21390.8,21390.8,5.88254052,-14.06,51.33251357
1667618194.4942863,21390.8,21390.8,5.88254052,-14.06,51.33251357
1667618204.4994714,21390.8,21404.79,6.99855192,-0.07,59.57804707
1667618214.497099,21390.8,21404.79,6.99855192,-0.07,59.57804707
1667618224.5410688,21390.8,21404.79,6.99855192,-0.07,59.57804707
1667618234.4876904,21407.03,21407.03,7.40165608,-4.02,60.50941582
1667618244.5233653,21407.03,21407.03,7.40165608,-4.02,60.50941582
1667618254.50219,21407.03,21407.03,7.40165608,-4.02,60.50941582
1667618264.5199552,21407.03,21409.92,7.63219739,-1.13,62.02371671
1667618274.552835,21407.03,21409.92,7.63219739,-1.13,62.02371671
1667618284.9678683,21407.03,21409.92,7.63219739,-1.13,62.02371671
1667618294.9347925,21411.65,21411.65,8.11440471,-1.17,62.81407455
1667618305.0820346,21411.65,21411.65,8.11440471,-1.17,62.81407455
1667618314.9581285,21411.65,21411.65,8.11440471,-1.17,62.81407455
1667618324.9136095,21411.65,21413.18,8.23645599,0.36,63.53495131
1667618334.945832,21411.65,21413.18,8.23645599,0.36,63.53495131
1667618344.977445,21411.65,21413.18,8.23645599,0.36,63.53495131
1667618354.9720533,21415.26,21415.26,8.80567506,-1.74,64.4712917
1667618364.9689865,21415.26,21415.26,8.80567506,-1.74,64.4712917
1667618374.9377902,21415.26,21415.26,8.80567506,-1.74,64.4712917
1667618384.9429264,21415.26,21415.26,8.80567506,-1.74,64.4712917
1667618395.0103846,21415.26,21422.12,9.35291152,5.12,67.44074739
1667618405.0069368,21415.26,21422.12,9.35291152,5.12,67.44074739
1667618414.95592,21431.0,21431.0,11.24634146,17.51,70.61942558
1667618424.9564564,21431.0,21431.0,11.24634146,17.51,70.61942558
1667618434.9599133,21431.0,21431.0,11.24634146,17.51,70.61942558
1667618444.9653563,21431.0,21424.13,10.69830728,10.64,65.30736803
1667618454.969007,21431.0,21424.13,10.69830728,10.64,65.30736803
1667618465.5951738,21431.0,21424.13,10.69830728,10.64,65.30736803
1667618475.6168098,21424.27,21424.27,11.13160783,28.62,65.37509411
1667618485.5956304,21424.27,21424.27,11.13160783,28.62,65.37509411
1667618495.858217,21424.27,21424.27,11.13160783,28.62,65.37509411
1667618505.6081078,21424.27,21433.4,11.85992692,37.75,68.98219298
1667618515.6500387,21424.27,21433.4,11.85992692,37.75,68.98219298
1667618525.932469,21424.27,21433.4,11.85992692,37.75,68.98219298
1667618535.649083,21435.23,21435.23,12.78019119,41.0,69.61006985
1667618545.63342,21435.23,21435.23,12.78019119,41.0,69.61006985
1667618555.6430907,21435.23,21435.23,12.78019119,41.0,69.61006985
1667618565.581643,21435.23,21444.04,13.48298321,49.81,72.38056408
1667618575.6790004,21435.23,21444.04,13.48298321,49.81,72.38056408
1667618585.664629,21435.23,21444.04,13.48298321,49.81,72.38056408
1667618595.645318,21462.97,21462.97,17.24918479,72.94,76.75552138
1667618605.658669,21462.97,21462.97,17.24918479,72.94,76.75552138
1667618615.671697,21462.97,21462.97,17.24918479,72.94,76.75552138
1667618625.640986,21462.97,21451.74,16.35334433,61.71,69.5183569
1667618635.667152,21462.97,21451.74,16.35334433,61.71,69.5183569
1667618646.4236228,21462.97,21451.74,16.35334433,61.71,69.5183569
1667618656.539099,21463.24,21463.24,18.85997717,67.69,76.78122022
1667618666.43438,21463.24,21463.24,18.85997717,67.69,76.78122022
1667618676.4567654,21463.24,21463.24,18.85997717,67.69,76.78122022
1667618686.5102825,21463.24,21450.42,17.8372991,54.87,68.09462844
1667618696.5079772,21463.24,21450.42,17.8372991,54.87,68.09462844
1667618706.4505925,21463.24,21450.42,17.8372991,54.87,68.09462844
1667618716.4855368,21448.36,21448.36,17.80059166,57.56,66.85431318
1667618726.432109,21448.36,21448.36,17.80059166,57.56,66.85431318
1667618736.5104177,21448.36,21448.36,17.80059166,57.56,66.85431318
1667618746.495361,21448.36,21449.53,17.89392499,58.73,67.38879355
1667618756.4917393,21448.36,21449.53,17.89392499,58.73,67.38879355
1667618766.4966192,21448.36,21449.53,17.89392499,58.73,67.38879355
1667618776.4645824,21444.0,21444.0,17.04701031,36.52,64.24091349
1667618786.477586,21444.0,21444.0,17.04701031,36.52,64.24091349
1667618796.5029564,21444.0,21444.0,17.04701031,36.52,64.24091349
1667618806.622223,21444.0,21443.58,17.01350603,36.1,63.98144898
1667618816.481809,21444.0,21443.58,17.01350603,36.1,63.98144898
1667618827.265097,21444.0,21443.58,17.01350603,36.1,63.98144898
1667618837.2181418,21435.04,21435.04,15.20847683,23.45,58.99781675
1667618847.5406475,21435.04,21435.04,15.20847683,23.45,58.99781675
1667618857.2202957,21435.04,21435.04,15.20847683,23.45,58.99781675
1667618867.197905,21435.04,21434.01,15.12631159,22.42,58.58708566
1667618877.2265627,21435.04,21434.01,15.12631159,22.42,58.58708566
1667618887.255452,21435.04,21434.01,15.12631159,22.42,58.58708566
1667618897.2239993,21421.8,21421.8,12.33692006,6.54,52.50607299
1667618907.2083163,21421.8,21421.8,12.33692006,6.54,52.50607299
1667618917.5088089,21421.8,21421.8,12.33692006,6.54,52.50607299
1667618927.2472708,21421.8,21429.02,12.91287448,13.76,55.44471241
1667618937.2589977,21421.8,21429.02,12.91287448,13.76,55.44471241
1667618947.2424362,21421.8,21429.02,12.91287448,13.76,55.44471241
1667618957.279556,21430.61,21430.61,12.02568904,-0.39,56.04394703
1667618967.2982297,21430.61,21430.61,12.02568904,-0.39,56.04394703
1667618977.2885768,21430.61,21430.61,12.02568904,-0.39,56.04394703
1667618987.2991316,21430.61,21419.24,11.1186805,-11.76,50.78653121
1667618997.3029938,21430.61,21419.24,11.1186805,-11.76,50.78653121
1667619008.163553,21430.61,21419.24,11.1186805,-11.76,50.78653121
1667619017.8762324,21404.28,21404.28,7.32592361,-20.58,45.28197112
1667619027.8687289,21404.28,21404.28,7.32592361,-20.58,45.28197112
1667619037.876715,21404.28,21404.28,7.32592361,-20.58,45.28197112
1667619048.3276258,21404.28,21404.84,7.37059597,-20.02,45.52053806
1667619057.9300692,21404.28,21404.84,7.37059597,-20.02,45.52053806
1667619067.9146192,21404.28,21404.84,7.37059597,-20.02,45.52053806
1667619077.939427,21418.23,21418.23,7.34735188,-15.9,50.59291007
1667619087.8847437,21418.23,21418.23,7.34735188,-15.9,50.59291007
1667619097.894389,21418.23,21418.23,7.34735188,-15.9,50.59291007
1667619107.8900728,21418.23,21433.33,8.55191028,-0.8,55.6958341
1667619117.8609517,21418.23,21433.33,8.55191028,-0.8,55.6958341
1667619127.895867,21418.23,21433.33,8.55191028,-0.8,55.6958341
1667619137.9346302,21426.46,21426.46,7.44820627,-36.8,53.51849982
1667619148.1231582,21426.46,21426.46,7.44820627,-36.8,53.51849982
1667619157.9445467,21426.46,21426.46,7.44820627,-36.8,53.51849982
1667619168.369193,21426.46,21428.25,7.59099829,-35.01,54.15075689
1667619177.8982265,21426.46,21428.25,7.59099829,-35.01,54.15075689
1667619188.4207983,21426.46,21428.25,7.59099829,-35.01,54.15075689
1667619198.3480463,21436.23,21436.23,8.26781852,-27.33,56.78807709
1667619208.3636196,21436.23,21436.23,8.26781852,-27.33,56.78807709
1667619218.3387747,21436.23,21436.23,8.26781852,-27.33,56.78807709
1667619228.3452132,21436.23,21435.66,8.22234843,-27.9,56.59726381
1667619238.391984,21436.23,21435.66,8.22234843,-27.9,56.59726381
1667619248.4573798,21436.23,21435.66,8.22234843,-27.9,56.59726381
1667619258.401565,21430.96,21430.96,7.47923056,-17.95,54.60001068
1667619268.377427,21430.96,21430.96,7.47923056,-17.95,54.60001068
1667619278.3873842,21430.96,21430.96,7.47923056,-17.95,54.60001068
1667619288.450731,21430.96,21428.21,7.25985734,-20.7,53.44238951
1667619298.3679817,21430.96,21428.21,7.25985734,-20.7,53.44238951
1667619308.395971,21430.96,21428.21,7.25985734,-20.7,53.44238951
1667619318.3876193,21428.0,21428.0,6.69544007,-16.0,53.34812903
1667619328.7504172,21428.0,21428.0,6.69544007,-16.0,53.34812903
1667619338.428837,21428.0,21428.0,6.69544007,-16.0,53.34812903
1667619348.4539666,21428.0,21420.91,6.12985602,-23.09,50.33455811
1667619358.439102,21428.0,21420.91,6.12985602,-23.09,50.33455811
1667619369.060819,21428.0,21420.91,6.12985602,-23.09,50.33455811
1667619379.0503783,21417.94,21417.94,4.74353177,-16.13,49.19378181
1667619388.9913893,21417.94,21417.94,4.74353177,-16.13,49.19378181
1667619399.1308503,21417.94,21417.94,4.74353177,-16.13,49.19378181
1667619409.0610318,21417.94,21415.99,4.58797621,-18.08,48.39055883
1667619419.0585165,21417.94,21415.99,4.58797621,-18.08,48.39055883
1667619428.9964044,21417.94,21415.99,4.58797621,-18.08,48.39055883
1667619439.0373423,21412.38,21412.38,3.04297067,-9.31,46.98543464
1667619449.0080254,21412.38,21412.38,3.04297067,-9.31,46.98543464
1667619459.0852332,21412.38,21412.38,3.04297067,-9.31,46.98543464
1667619469.233296,21412.38,21415.66,3.30462309,-6.03,48.450083
1667619479.0028012,21412.38,21415.66,3.30462309,-6.03,48.450083
1667619489.2216246,21412.38,21415.66,3.30462309,-6.03,48.450083
1667619499.0594485,21411.08,21411.08,1.8470613,-19.52,46.45855255
1667619509.0753984,21411.08,21411.08,1.8470613,-19.52,46.45855255
1667619519.0597196,21411.08,21411.08,1.8470613,-19.52,46.45855255
1667619529.0446424,21411.08,21414.9,2.15179064,-15.7,48.27722331
1667619539.0556052,21411.08,21414.9,2.15179064,-15.7,48.27722331
1667619549.5055645,21411.08,21414.9,2.15179064,-15.7,48.27722331
1667619559.4787114,21409.06,21409.06,0.63597773,5.54,45.6864385
1667619569.470524,21409.06,21409.06,0.63597773,5.54,45.6864385
1667619579.518083,21409.06,21409.06,0.63597773,5.54,45.6864385
1667619589.4995306,21409.06,21411.59,0.83780109,8.07,46.97831687
1667619599.5000834,21409.06,21411.59,0.83780109,8.07,46.97831687
1667619609.483142,21409.06,21411.59,0.83780109,8.07,46.97831687
1667619619.4976096,21411.39,21411.39,0.17798961,-8.82,46.87868172
1667619629.5215237,21411.39,21411.39,0.17798961,-8.82,46.87868172
1667619639.5278466,21411.39,21411.39,0.17798961,-8.82,46.87868172
1667619649.7189577,21411.39,21411.75,0.20670756,-8.46,47.07133052
1667619659.5461178,21411.39,21411.75,0.20670756,-8.46,47.07133052
1667619669.543404,21411.39,21411.75,0.20670756,-8.46,47.07133052
1667619679.5423243,21415.5,21415.5,0.25188966,-10.96,49.00410619
1667619689.513801,21415.5,21415.5,0.25188966,-10.96,49.00410619
1667619699.5327084,21415.5,21415.5,0.25188966,-10.96,49.00410619
1667619709.527903,21415.5,21411.22,-0.08953484,-15.24,46.89910562
1667619719.4972448,21415.5,21411.22,-0.08953484,-15.24,46.89910562
1667619730.169788,21415.5,21411.22,-0.08953484,-15.24,46.89910562
1667619740.233453,21409.9,21409.9,-0.77853908,-25.66,46.35377497
1667619750.1791968,21409.9,21409.9,-0.77853908,-25.66,46.35377497
1667619760.166923,21409.9,21409.9,-0.77853908,-25.66,46.35377497
1667619770.1955435,21409.9,21405.3,-1.14549064,-30.26,44.14019655
1667619780.2282343,21409.9,21405.3,-1.14549064,-30.26,44.14019655
1667619790.206202,21409.9,21405.3,-1.14549064,-30.26,44.14019655
1667619800.1672554,21411.31,21411.31,-0.99016484,-19.28,47.13913798
1667619810.238466,21411.31,21411.31,-0.99016484,-19.28,47.13913798
1667619820.1623063,21411.31,21411.31,-0.99016484,-19.28,47.13913798
1667619830.1763446,21411.31,21410.56,-1.0499939,-20.03,46.74711375
1667619840.1909957,21411.31,21410.56,-1.0499939,-20.03,46.74711375
1667619850.4333968,21411.31,21410.56,-1.0499939,-20.03,46.74711375
1667619860.325204,21409.46,21409.46,-1.49432945,-18.3,46.18379742
1667619870.189468,21409.46,21409.46,-1.49432945,-18.3,46.18379742
1667619880.2070684,21409.46,21409.46,-1.49432945,-18.3,46.18379742
1667619890.3669598,21409.46,21401.7,-2.11336079,-26.06,42.3103483
1667619900.307541,21409.46,21401.7,-2.11336079,-26.06,42.3103483
1667619911.126347,21399.0,21399.0,-3.2353284,-18.3,41.11066997
1667619921.1355522,21399.0,21399.0,-3.2353284,-18.3,41.11066997
1667619931.0421274,21399.0,21399.0,-3.2353284,-18.3,41.11066997
1667619940.9908528,21399.0,21398.34,-3.28797797,-18.96,40.80608533
1667619951.0354276,21399.0,21398.34,-3.28797797,-18.96,40.80608533
1667619961.0323126,21399.0,21398.34,-3.28797797,-18.96,40.80608533
1667619971.0006807,21408.37,21408.37,-2.58417786,-4.01,46.7531807
1667619981.02706,21408.37,21408.37,-2.58417786,-4.01,46.7531807
1667619991.011965,21408.37,21408.37,-2.58417786,-4.01,46.7531807
1667620001.0319154,21408.37,21407.81,-2.62885022,-4.57,46.46662436
1667620011.0262313,21408.37,21407.81,-2.62885022,-4.57,46.46662436
1667620021.039188,21408.37,21407.81,-2.62885022,-4.57,46.46662436
1667620031.2634687,21408.37,21407.81,-2.62885022,-4.57,46.46662436
1667620041.083346,21410.2,21410.2,-2.3345405,-1.0,47.80960098
1667620051.0749638,21410.2,21410.2,-2.3345405,-1.0,47.80960098
1667620061.0664427,21410.2,21405.0,-2.74935532,-6.2,45.11835258
1667620071.0528486,21410.2,21405.0,-2.74935532,-6.2,45.11835258
1667620081.1205215,21410.2,21405.0,-2.74935532,-6.2,45.11835258
1667620091.8461688,21410.2,21405.0,-2.74935532,-6.2,45.11835258
1667620101.8582127,21414.81,21414.81,-1.5632716,6.42,50.39534728
1667620111.8758795,21414.81,21414.81,-1.5632716,6.42,50.39534728
1667620121.8477583,21414.81,21414.81,-1.5632716,6.42,50.39534728
1667620131.8544495,21414.81,21417.25,-1.36862772,8.86,51.8019205
1667620142.0051618,21414.81,21417.25,-1.36862772,8.86,51.8019205
1667620151.8723333,21414.81,21417.25,-1.36862772,8.86,51.8019205
1667620161.9130218,21411.69,21411.69,-1.72035925,0.29,48.62429148
1667620171.8468022,21411.69,21411.69,-1.72035925,0.29,48.62429148
1667620181.9428124,21411.69,21414.01,-1.53528802,2.61,50.03054773
1667620191.8798132,21411.69,21414.01,-1.53528802,2.61,50.03054773
1667620201.9187226,21411.69,21414.01,-1.53528802,2.61,50.03054773
1667620211.9090428,21412.86,21412.86,-1.4856084,-2.64,49.36000845
1667620221.9377332,21412.86,21412.86,-1.4856084,-2.64,49.36000845
1667620231.8982868,21412.86,21412.86,-1.4856084,-2.64,49.36000845
1667620241.9039702,21412.86,21412.86,-1.4856084,-2.64,49.36000845
1667620252.035175,21412.86,21422.55,-0.71261695,7.05,54.9775383
1667620261.9325752,21412.86,21422.55,-0.71261695,7.05,54.9775383
1667620272.52632,21424.41,21424.41,0.31090526,15.11,55.87663938
1667620282.5330367,21424.41,21424.41,0.31090526,15.11,55.87663938
1667620292.5232322,21424.41,21424.41,0.31090526,15.11,55.87663938
1667620302.5109527,21424.41,21436.44,1.27056338,27.14,61.4999197
1667620312.4901197,21424.41,21436.44,1.27056338,27.14,61.4999197
1667620322.4942095,21424.41,21436.44,1.27056338,27.14,61.4999197
1667620332.489898,21435.13,21435.13,2.49467398,23.82,60.96075963
1667620342.4771028,21435.13,21435.13,2.49467398,23.82,60.96075963
1667620352.514119,21435.13,21435.13,2.49467398,23.82,60.96075963
1667620362.533139,21435.13,21435.13,2.49467398,23.82,60.96075963
1667620372.526475,21435.13,21433.63,2.37501586,22.32,59.9259144
1667620382.5159378,21435.13,21433.63,2.37501586,22.32,59.9259144
1667620392.517629,21432.26,21432.26,3.03679972,22.8,58.84112478
1667620402.7535284,21432.26,21432.26,3.03679972,22.8,58.84112478
1667620412.5361254,21432.26,21432.26,3.03679972,22.8,58.84112478
1667620422.7347014,21432.26,21424.58,2.42415015,15.12,54.07543215
1667620432.770047,21432.26,21424.58,2.42415015,15.12,54.07543215
1667620442.5686538,21432.26,21424.58,2.42415015,15.12,54.07543215
1667620453.1755235,21432.26,21424.58,2.42415015,15.12,54.07543215
1667620463.1936994,21430.21,21430.21,3.38213962,31.21,57.64463364
1667620473.149238,21430.21,21430.21,3.38213962,31.21,57.64463364
1667620483.1751378,21430.21,21429.59,3.33268093,30.59,57.19690838
1667620493.131389,21430.21,21429.59,3.33268093,30.59,57.19690838
1667620503.162,21430.21,21429.59,3.33268093,30.59,57.19690838
1667620513.1744406,21432.06,21432.06,4.00380673,23.69,58.61135278
1667620523.1809518,21432.06,21432.06,4.00380673,23.69,58.61135278
1667620533.325832,21432.06,21432.06,4.00380673,23.69,58.61135278
1667620543.1608543,21432.06,21428.09,3.68711157,19.72,55.67469601
1667620553.2200496,21432.06,21428.09,3.68711157,19.72,55.67469601
1667620563.2504482,21432.06,21428.09,3.68711157,19.72,55.67469601
1667620573.1704533,21430.9,21430.9,4.20135831,20.1,57.68806056
1667620583.1961324,21430.9,21430.9,4.20135831,20.1,57.68806056
1667620593.2098224,21430.9,21430.9,4.20135831,20.1,57.68806056
1667620603.2164383,21430.9,21435.77,4.58984834,24.97,60.56524891
1667620613.2081923,21430.9,21435.77,4.58984834,24.97,60.56524891
1667620623.3126223,21430.9,21435.77,4.58984834,24.97,60.56524891
1667620633.7368865,21430.9,21435.77,4.58984834,24.97,60.56524891
1667620643.6379344,21445.24,21445.24,6.37164427,29.63,65.00112822
1667620653.6560605,21445.24,21445.24,6.37164427,29.63,65.00112822
1667620663.5744028,21445.24,21446.34,6.45939356,30.73,65.48676732
1667620673.6571324,21445.24,21446.34,6.45939356,30.73,65.48676732
1667620683.674199,21445.24,21446.34,6.45939356,30.73,65.48676732
1667620693.6217952,21442.42,21442.42,6.66078529,30.73,62.54331722
1667620703.6527228,21442.42,21442.42,6.66078529,30.73,62.54331722
1667620713.853336,21442.42,21442.42,6.66078529,30.73,62.54331722
1667620723.6308465,21442.42,21447.06,7.03092774,35.37,64.68321441
1667620733.6596456,21442.42,21447.06,7.03092774,35.37,64.68321441
1667620743.6455626,21442.42,21447.06,7.03092774,35.37,64.68321441
1667620753.6928318,21451.95,21451.95,8.37860572,39.45,66.68911304
1667620763.6162825,21451.95,21451.95,8.37860572,39.45,66.68911304
1667620773.6179874,21451.95,21451.95,8.37860572,39.45,66.68911304
1667620783.6879122,21451.95,21444.94,7.81940344,32.44,61.31631346
1667620793.6604054,21451.95,21444.94,7.81940344,32.44,61.31631346
1667620803.6497662,21451.95,21444.94,7.81940344,32.44,61.31631346
1667620814.0585034,21445.19,21445.19,8.04266571,20.56,61.3609995
1667620824.0453317,21445.19,21445.19,8.04266571,20.56,61.3609995
1667620834.0598722,21445.19,21445.19,8.04266571,20.56,61.3609995
1667620844.0651886,21445.19,21448.25,8.28676827,23.62,62.75718867
1667620854.1672993,21445.19,21448.25,8.28676827,23.62,62.75718867
1667620864.0774412,21445.19,21448.25,8.28676827,23.62,62.75718867
1667620874.0878608,21452.81,21452.81,9.22373897,17.68,64.66013561
1667620884.1312802,21452.81,21452.81,9.22373897,17.68,64.66013561
1667620894.0854478,21452.81,21452.81,9.22373897,17.68,64.66013561
1667620904.1070125,21452.81,21451.55,9.12322615,16.42,63.69172922
1667620914.133846,21452.81,21451.55,9.12322615,16.42,63.69172922
1667620924.07874,21452.81,21451.55,9.12322615,16.42,63.69172922
1667620934.149467,21456.04,21456.04,10.05265373,24.83,65.79013768
1667620944.1117575,21456.04,21456.04,10.05265373,24.83,65.79013768
1667620954.1220453,21456.04,21456.04,10.05265373,24.83,65.79013768
1667620964.082672,21456.04,21456.39,10.08057396,25.18,66.07622834
1667620974.1130693,21456.04,21456.39,10.08057396,25.18,66.07622834
1667620984.1214352,21456.04,21456.39,10.08057396,25.18,66.07622834
1667620994.5574565,21456.1,21456.1,10.36538684,25.89,65.83900572
1667621004.523497,21456.1,21456.1,10.36538684,25.89,65.83900572
1667621014.5370412,21456.1,21456.1,10.36538684,25.89,65.83900572
1667621024.533502,21456.1,21440.95,9.15683983,10.74,54.77542055
1667621034.5923638,21456.1,21440.95,9.15683983,10.74,54.77542055
1667621044.4904883,21456.1,21440.95,9.15683983,10.74,54.77542055
1667621054.511711,21440.31,21440.31,8.25641792,8.25,54.38932603
1667621064.5288186,21440.31,21440.31,8.25641792,8.25,54.38932603
1667621074.5740092,21440.31,21440.31,8.25641792,8.25,54.38932603
1667621084.51942,21440.31,21439.63,8.20217291,7.57,53.95416846
1667621094.5320644,21440.31,21439.63,8.20217291,7.57,53.95416846
1667621104.548763,21440.31,21439.63,8.20217291,7.57,53.95416846
1667621114.5555663,21438.76,21438.76,7.27775674,7.28,53.40747329
1667621124.510763,21438.76,21438.76,7.27775674,7.28,53.40747329
1667621134.5892458,21438.76,21438.76,7.27775674,7.28,53.40747329
1667621144.576256,21438.76,21439.33,7.32322683,7.85,53.73821042
1667621154.585504,21438.76,21439.33,7.32322683,7.85,53.73821042
1667621164.578675,21438.76,21439.33,7.32322683,7.85,53.73821042
1667621175.892176,21435.45,21435.45,6.03546974,-9.79,51.28357469
1667621185.9080367,21435.45,21435.45,6.03546974,-9.79,51.28357469
1667621195.8460402,21435.45,21435.45,6.03546974,-9.79,51.28357469
1667621205.9204285,21435.45,21435.45,6.03546974,-9.79,51.28357469
1667621216.035092,21435.45,21429.77,5.58236433,-15.47,47.77482512
1667621225.8741844,21435.45,21429.77,5.58236433,-15.47,47.77482512
1667621235.920194,21428.71,21428.71,4.29522062,-13.0,47.15250028
1667621245.929512,21428.71,21428.71,4.29522062,-13.0,47.15250028
1667621255.8660517,21428.71,21428.71,4.29522062,-13.0,47.15250028
1667621265.9489253,21428.71,21427.06,4.16359669,-14.65,46.17404806
1667621275.9437635,21428.71,21427.06,4.16359669,-14.65,46.17404806
1667621285.9130428,21428.71,21427.06,4.16359669,-14.65,46.17404806
1667621296.1614487,21427.21,21427.21,3.11320687,-24.73,46.22681764
1667621305.9631844,21427.21,21427.21,3.11320687,-24.73,46.22681764
1667621315.9019618,21427.21,21427.21,3.11320687,-24.73,46.22681764
1667621325.9237046,21427.21,21427.21,3.11320687,-24.73,46.22681764
1667621335.9481838,21427.21,21424.81,2.92175388,-27.13,44.76991935
1667621346.016652,21427.21,21424.81,2.92175388,-27.13,44.76991935
1667621356.3602438,21433.79,21433.79,3.12743938,-10.82,50.64377559
1667621366.3147607,21433.79,21433.79,3.12743938,-10.82,50.64377559
1667621376.317448,21433.79,21433.79,3.12743938,-10.82,50.64377559
1667621386.3545802,21433.79,21431.56,2.94954765,-13.05,49.14581933
1667621396.3012576,21433.79,21431.56,2.94954765,-13.05,49.14581933
1667621406.397196,21433.79,21431.56,2.94954765,-13.05,49.14581933
1667621416.3317573,21431.42,21431.42,2.35667412,-21.39,49.05472798
1667621426.3402405,21431.42,21431.42,2.35667412,-21.39,49.05472798
1667621436.3001175,21431.42,21431.42,2.35667412,-21.39,49.05472798
1667621446.3752892,21431.42,21433.43,2.517016,-19.38,50.47403444
1667621456.3191512,21431.42,21433.43,2.517016,-19.38,50.47403444
1667621466.2931125,21431.42,21433.43,2.517016,-19.38,50.47403444
1667621476.390714,21440.0,21440.0,3.05677617,-16.5,54.62932404
1667621486.3877325,21440.0,21440.0,3.05677617,-16.5,54.62932404
1667621496.3459208,21440.0,21440.0,3.05677617,-16.5,54.62932404
1667621506.3604355,21440.0,21456.83,4.39934027,0.33,63.11739371
1667621516.3637629,21440.0,21456.83,4.39934027,0.33,63.11739371
1667621526.3875248,21440.0,21456.83,4.39934027,0.33,63.11739371
1667621536.7636118,21458.0,21458.0,5.60935802,1.9,63.59092112
1667621546.7923076,21458.0,21458.0,5.60935802,1.9,63.59092112
1667621556.7760878,21458.0,21458.0,5.60935802,1.9,63.59092112
1667621566.7809668,21458.0,21460.31,5.79363152,4.21,64.55841334
1667621576.7942145,21458.0,21460.31,5.79363152,4.21,64.55841334
1667621586.9439545,21458.0,21460.31,5.79363152,4.21,64.55841334
1667621596.828102,21467.33,21467.33,7.75648624,27.02,67.08936179
1667621606.820055,21467.33,21467.33,7.75648624,27.02,67.08936179
1667621616.828771,21467.33,21467.33,7.75648624,27.02,67.08936179
1667621626.8586318,21467.33,21458.75,7.0720418,18.44,61.11565922
1667621636.85343,21467.33,21458.75,7.0720418,18.44,61.11565922
1667621646.8438137,21467.33,21458.75,7.0720418,18.44,61.11565922
1667621656.8281136,21457.83,21457.83,7.40675243,19.07,60.5376747
1667621666.8378007,21457.83,21457.83,7.40675243,19.07,60.5376747
1667621676.8132827,21457.83,21457.83,7.40675243,19.07,60.5376747
1667621686.8631177,21457.83,21464.1,7.90692337,25.34,63.09900828
1667621696.866539,21457.83,21464.1,7.90692337,25.34,63.09900828
1667621707.0437758,21457.83,21464.1,7.90692337,25.34,63.09900828
1667621717.4457965,21461.8,21461.8,8.1595621,26.7,62.22087887
1667621727.463594,21461.8,21461.8,8.1595621,26.7,62.22087887
1667621737.41032,21461.8,21461.8,8.1595621,26.7,62.22087887
1667621747.449587,21461.8,21461.26,8.11648518,26.16,61.9865936
1667621757.4614973,21461.8,21461.26,8.11648518,26.16,61.9865936
1667621767.460737,21461.8,21461.26,8.11648518,26.16,61.9865936
1667621777.4630284,21458.73,21458.73,7.99648005,29.6,60.20544752
1667621787.6623316,21458.73,21458.73,7.99648005,29.6,60.20544752
1667621797.449649,21458.73,21458.73,7.99648005,29.6,60.20544752
1667621807.495393,21458.73,21459.9,8.08981338,30.77,60.75479418
1667621817.4999058,21458.73,21459.9,8.08981338,30.77,60.75479418
1667621827.4859269,21458.73,21459.9,8.08981338,30.77,60.75479418
1667621837.4948826,21460.01,21460.01,8.17289847,32.03,60.80566315
1667621847.486203,21460.01,21460.01,8.17289847,32.03,60.80566315
1667621857.52382,21460.01,21460.01,8.17289847,32.03,60.80566315
1667621867.52688,21460.01,21454.01,7.694266,26.03,56.50351734
1667621877.5115242,21460.01,21454.01,7.694266,26.03,56.50351734
1667621887.533462,21460.01,21454.01,7.694266,26.03,56.50351734
1667621897.924261,21455.32,21455.32,7.47499017,21.53,57.39005623
1667621907.8982902,21455.32,21455.32,7.47499017,21.53,57.39005623
1667621917.9449568,21455.32,21455.32,7.47499017,21.53,57.39005623
1667621927.9004402,21455.32,21457.32,7.63453433,23.53,58.46161333
1667621937.9170544,21455.32,21457.32,7.63453433,23.53,58.46161333
1667621947.922071,21455.32,21457.32,7.63453433,23.53,58.46161333
1667621958.090283,21454.0,21454.0,6.94953498,22.58,56.42929765
1667621967.9129372,21454.0,21454.0,6.94953498,22.58,56.42929765
1667621977.9057446,21454.0,21454.0,6.94953498,22.58,56.42929765
1667621987.886239,21454.0,21456.94,7.1840649,25.52,58.1113223
1667621997.9457574,21454.0,21456.94,7.1840649,25.52,58.1113223
1667622007.896465,21454.0,21456.94,7.1840649,25.52,58.1113223
1667622017.9598758,21453.06,21453.06,6.44461352,13.55,55.67993359
1667622027.9788716,21453.06,21453.06,6.44461352,13.55,55.67993359
1667622037.9705796,21453.06,21453.06,6.44461352,13.55,55.67993359
1667622047.961166,21453.06,21455.46,6.63606651,15.95,57.29241202
1667622057.9515505,21453.06,21455.46,6.63606651,15.95,57.29241202
1667622067.9739237,21453.06,21455.46,6.63606651,15.95,57.29241202
1667622078.3283408,21462.0,21462.0,7.27231863,4.0,60.87371208
1667622088.3282328,21462.0,21462.0,7.27231863,4.0,60.87371208
1667622098.3167644,21462.0,21462.0,7.27231863,4.0,60.87371208
1667622108.361435,21462.0,21452.95,6.55038131,-5.05,54.03723189
1667622118.4223058,21462.0,21452.95,6.55038131,-5.05,54.03723189
1667622128.4898782,21462.0,21452.95,6.55038131,-5.05,54.03723189
1667622138.330726,21441.07,21441.07,4.30921786,-26.54,47.09435466
1667622148.3068657,21441.07,21441.07,4.30921786,-26.54,47.09435466
1667622158.3667672,21441.07,21441.07,4.30921786,-26.54,47.09435466
1667622168.622482,21441.07,21431.22,3.52346287,-36.39,42.24758127
1667622178.364135,21441.07,21431.22,3.52346287,-36.39,42.24758127
1667622188.3788755,21441.07,21431.22,3.52346287,-36.39,42.24758127
1667622198.3719115,21428.64,21428.64,1.4895709,-29.19,41.13861831
1667622208.3320918,21428.64,21428.64,1.4895709,-29.19,41.13861831
1667622218.333123,21428.64,21428.64,1.4895709,-29.19,41.13861831
1667622228.4787676,21428.64,21442.19,2.57048258,-15.64,48.7477088
1667622238.3816907,21428.64,21442.19,2.57048258,-15.64,48.7477088
1667622248.4837704,21428.64,21442.19,2.57048258,-15.64,48.7477088
1667622259.262175,21439.83,21439.83,1.62218557,-21.26,47.56717546
1667622269.2123194,21439.83,21439.83,1.62218557,-21.26,47.56717546
1667622279.24522,21439.83,21439.83,1.62218557,-21.26,47.56717546
1667622289.1973186,21439.83,21436.24,1.33580381,-24.85,45.83754451
1667622299.2408097,21439.83,21436.24,1.33580381,-24.85,45.83754451
1667622309.4359329,21439.83,21436.24,1.33580381,-24.85,45.83754451
1667622319.2671993,21436.55,21436.55,0.54456123,-21.82,45.98192232
1667622329.2005234,21436.55,21436.55,0.54456123,-21.82,45.98192232
1667622339.2436135,21436.55,21436.55,0.54456123,-21.82,45.98192232
1667622349.2677402,21436.55,21434.77,0.40256692,-23.6,45.1034425
1667622359.2791476,21436.55,21434.77,0.40256692,-23.6,45.1034425
1667622369.2916317,21436.55,21434.77,0.40256692,-23.6,45.1034425
1667622379.2513664,21425.41,21425.41,-1.67571697,-34.6,40.98592673
1667622389.3052282,21425.41,21425.41,-1.67571697,-34.6,40.98592673
1667622399.2446291,21425.41,21425.41,-1.67571697,-34.6,40.98592673
1667622409.2521856,21425.41,21436.38,-0.80061726,-23.63,47.08318687
1667622419.2279198,21425.41,21436.38,-0.80061726,-23.63,47.08318687
1667622429.2428782,21425.41,21436.38,-0.80061726,-23.63,47.08318687
1667622439.888028,21436.12,21436.12,-1.18591808,-19.2,46.95328831
1667622449.8628976,21436.12,21436.12,-1.18591808,-19.2,46.95328831
1667622459.9345891,21436.12,21436.12,-1.18591808,-19.2,46.95328831
1667622469.902121,21436.12,21437.68,-1.06147363,-17.64,47.78155559
1667622479.9605482,21436.12,21437.68,-1.06147363,-17.64,47.78155559
1667622489.905621,21436.12,21437.68,-1.06147363,-17.64,47.78155559
1667622499.913343,21435.22,21435.22,-1.62097601,-18.78,46.59136592
1667622509.922366,21435.22,21435.22,-1.62097601,-18.78,46.59136592
1667622519.9047308,21435.22,21435.22,-1.62097601,-18.78,46.59136592
1667622529.9709156,21435.22,21435.36,-1.60980792,-18.64,46.67140451
1667622539.9871416,21435.22,21435.36,-1.60980792,-18.64,46.67140451
1667622549.902754,21435.22,21435.36,-1.60980792,-18.64,46.67140451
1667622559.8986056,21434.0,21434.0,-2.08306639,-19.65,46.06493523
1667622569.907744,21434.0,21434.0,-2.08306639,-19.65,46.06493523
1667622580.268928,21434.0,21434.0,-2.08306639,-19.65,46.06493523
1667622589.900025,21434.0,21430.02,-2.40055927,-23.63,43.95669025
1667622599.9591506,21434.0,21430.02,-2.40055927,-23.63,43.95669025
1667622609.9104197,21434.0,21430.02,-2.40055927,-23.63,43.95669025
1667622620.6574738,21435.03,21435.03,-2.14997339,-27.15,46.69337032
1667622630.6708302,21435.03,21435.03,-2.14997339,-27.15,46.69337032
1667622640.653831,21435.03,21441.33,-1.64740928,-20.85,50.44616847
1667622650.7161214,21435.03,21441.33,-1.64740928,-20.85,50.44616847
1667622660.662784,21435.03,21441.33,-1.64740928,-20.85,50.44616847
1667622670.6652076,21443.58,21443.58,-0.98171789,2.51,51.60981441
1667622680.828676,21443.58,21443.58,-0.98171789,2.51,51.60981441
1667622690.713123,21443.58,21443.58,-0.98171789,2.51,51.60981441
1667622700.697028,21443.58,21442.76,-1.047131,1.69,51.12492917
1667622710.6578262,21443.58,21442.76,-1.047131,1.69,51.12492917
1667622720.681649,21443.58,21442.76,-1.047131,1.69,51.12492917
1667622730.6614723,21441.71,21441.71,-0.89458262,13.07,50.51674442
1667622740.6609762,21441.71,21441.71,-0.89458262,13.07,50.51674442
1667622750.6354854,21441.71,21441.71,-0.89458262,13.07,50.51674442
1667622760.669137,21441.71,21440.54,-0.98791595,11.9,49.80626746
1667622770.6452525,21441.71,21440.54,-0.98791595,11.9,49.80626746
1667622780.6818838,21441.71,21440.54,-0.98791595,11.9,49.80626746
1667622790.6599264,21440.8,21440.8,-0.83528532,0.97,49.9676096
1667622801.3422532,21440.8,21440.8,-0.83528532,0.97,49.9676096
1667622811.5883455,21440.8,21440.8,-0.83528532,0.97,49.9676096
1667622821.3759265,21440.8,21439.95,-0.90309159,0.12,49.42194018
1667622831.326328,21440.8,21439.95,-0.90309159,0.12,49.42194018
1667622841.312624,21440.8,21439.95,-0.90309159,0.12,49.42194018
1667622851.3783872,21433.79,21433.79,-1.71698033,-2.76,45.82337198
1667622861.351936,21433.79,21433.79,-1.71698033,-2.76,45.82337198
1667622871.3533363,21433.79,21433.79,-1.71698033,-2.76,45.82337198
1667622881.3411405,21433.79,21426.47,-2.30091196,-10.08,41.87513483
1667622891.3412695,21433.79,21426.47,-2.30091196,-10.08,41.87513483
1667622901.3495977,21433.79,21426.47,-2.30091196,-10.08,41.87513483
1667622911.376999,21425.54,21425.54,-3.10569447,0.13,41.42358982
1667622921.794828,21425.54,21425.54,-3.10569447,0.13,41.42358982
1667622931.312217,21425.54,21425.54,-3.10569447,0.13,41.42358982
1667622941.3660958,21425.54,21426.12,-3.05942667,0.71,41.84476558
1667622951.4076557,21425.54,21426.12,-3.05942667,0.71,41.84476558
1667622961.4689183,21425.54,21426.12,-3.05942667,0.71,41.84476558
1667622971.3666785,21422.15,21422.15,-4.07819468,-13.97,39.71536185
1667622982.2681518,21422.15,21422.15,-4.07819468,-13.97,39.71536185
1667622992.2685337,21422.15,21422.15,-4.07819468,-13.97,39.71536185
1667623002.2330306,21422.15,21432.42,-3.25893542,-3.7,46.71100892
1667623012.206684,21422.15,21432.42,-3.25893542,-3.7,46.71100892
1667623022.1954362,21422.15,21432.42,-3.25893542,-3.7,46.71100892
1667623032.2448902,21430.78,21430.78,-3.40619296,-3.86,45.680099
1667623042.21941,21430.78,21430.78,-3.40619296,-3.86,45.680099
1667623052.2018452,21430.78,21430.78,-3.40619296,-3.86,45.680099
1667623062.2223077,21430.78,21425.92,-3.79388527,-8.72,43.02384531
1667623072.2773252,21430.78,21425.92,-3.79388527,-8.72,43.02384531
1667623082.26026,21430.78,21425.92,-3.79388527,-8.72,43.02384531
1667623092.1837528,21424.83,21424.83,-4.24907199,-8.2,42.57239829
1667623102.252421,21424.83,21424.83,-4.24907199,-8.2,42.57239829
1667623112.2164242,21424.83,21424.83,-4.24907199,-8.2,42.57239829
1667623122.204886,21424.83,21415.48,-4.99494094,-17.55,37.96989831
1667623132.4205396,21424.83,21415.48,-4.99494094,-17.55,37.96989831
1667623142.2584882,21424.83,21415.48,-4.99494094,-17.55,37.96989831
1667623152.2689624,21414.01,21414.01,-5.99057021,-20.84,37.34562014
1667623162.8235614,21414.01,21414.01,-5.99057021,-20.84,37.34562014
1667623172.8620234,21414.01,21414.01,-5.99057021,-20.84,37.34562014
1667623182.8973577,21414.01,21405.89,-6.63831949,-28.96,34.01843881
1667623193.802766,21414.01,21405.89,-6.63831949,-28.96,34.01843881
1667623202.8094273,21414.01,21405.89,-6.63831949,-28.96,34.01843881
1667623212.7980058,21407.67,21407.67,-7.52765769,-36.57,34.83055536
1667623222.809519,21407.67,21407.67,-7.52765769,-36.57,34.83055536
1667623232.819682,21407.67,21407.67,-7.52765769,-36.57,34.83055536
1667623242.8584225,21407.67,21407.67,-7.52765769,-36.57,34.83055536
1667623252.8008542,21407.67,21413.53,-7.0601933,-30.71,39.09776135
1667623262.848862,21407.67,21413.53,-7.0601933,-30.71,39.09776135
1667623272.802097,21407.67,21413.53,-7.0601933,-30.71,39.09776135
1667623282.8511293,21414.43,21414.43,-7.27303619,-27.29,39.70412351
1667623292.9231503,21414.43,21414.43,-7.27303619,-27.29,39.70412351
1667623303.359296,21414.43,21423.82,-6.52397636,-17.9,45.77066136
1667623312.8456192,21414.43,21423.82,-6.52397636,-17.9,45.77066136
1667623323.1862028,21414.43,21423.82,-6.52397636,-17.9,45.77066136
1667623332.8638575,21414.43,21423.82,-6.52397636,-17.9,45.77066136
1667623343.633175,21421.93,21421.93,-6.39728581,-18.76,44.68326142
1667623353.6388702,21421.93,21421.93,-6.39728581,-18.76,44.68326142
1667623363.6289685,21421.93,21414.56,-6.98520604,-26.13,40.97572068
1667623373.593507,21421.93,21414.56,-6.98520604,-26.13,40.97572068
1667623383.6411183,21421.93,21414.56,-6.98520604,-26.13,40.97572068
1667623393.6064987,21415.76,21415.76,-6.93420618,-17.86,41.52396292
1667623403.6192627,21415.76,21415.76,-6.93420618,-17.86,41.52396292
1667623413.6262095,21415.76,21415.76,-6.93420618,-17.86,41.52396292
1667623423.6366217,21415.76,21413.32,-7.12885005,-20.3,40.34201922
1667623433.605611,21415.76,21413.32,-7.12885005,-20.3,40.34201922
1667623443.7286065,21415.76,21413.32,-7.12885005,-20.3,40.34201922
1667623453.6112835,21413.65,21413.65,-7.21375303,-11.89,40.6100272
1667623463.693741,21413.65,21413.65,-7.21375303,-11.89,40.6100272
1667623473.6585214,21413.65,21413.65,-7.21375303,-11.89,40.6100272
1667623483.6842966,21413.65,21414.79,-7.12281286,-10.75,41.44358914
1667623493.7748995,21413.65,21414.79,-7.12281286,-10.75,41.44358914
1667623503.6493552,21413.65,21414.79,-7.12281286,-10.75,41.44358914
1667623513.8713248,21415.61,21415.61,-6.90613955,-7.25,42.05353054
1667623524.3497438,21415.61,21415.61,-6.90613955,-7.25,42.05353054
1667623534.3648908,21415.61,21415.61,-6.90613955,-7.25,42.05353054
1667623544.4412796,21415.61,21415.54,-6.9117236,-7.32,42.01508112
1667623554.397734,21415.61,21415.54,-6.9117236,-7.32,42.01508112
1667623564.4322276,21415.61,21415.54,-6.9117236,-7.32,42.01508112
1667623574.535638,21412.55,21412.55,-7.15149753,-18.23,40.43591513
1667623584.4094958,21412.55,21412.55,-7.15149753,-18.23,40.43591513
1667623594.4217775,21412.55,21412.55,-7.15149753,-18.23,40.43591513
1667623604.4153228,21412.55,21413.26,-7.09485935,-17.52,41.00296933
1667623614.4204926,21412.55,21413.26,-7.09485935,-17.52,41.00296933
1667623624.3973188,21412.55,21413.26,-7.09485935,-17.52,41.00296933
1667623634.3724704,21412.33,21412.33,-7.129798,-12.05,40.45955571
1667623644.4482734,21412.33,21412.33,-7.129798,-12.05,40.45955571
1667623654.438599,21412.33,21412.33,-7.129798,-12.05,40.45955571
1667623664.3994117,21412.33,21409.6,-7.34757578,-14.78,38.79453166
1667623674.432153,21412.33,21409.6,-7.34757578,-14.78,38.79453166
1667623684.407973,21412.33,21409.6,-7.34757578,-14.78,38.79453166
1667623694.446718,21409.86,21409.86,-7.28894815,-4.15,38.90210058
1667623704.950581,21409.86,21409.86,-7.28894815,-4.15,38.90210058
1667623714.9742236,21409.86,21409.86,-7.28894815,-4.15,38.90210058
1667623724.9752696,21409.86,21410.17,-7.2642188,-3.84,39.08511458
1667623734.9574687,21409.86,21410.17,-7.2642188,-3.84,39.08511458
1667623744.99486,21409.86,21410.17,-7.2642188,-3.84,39.08511458
1667623755.0068293,21408.45,21408.45,-7.46063607,1.12,38.32356476
1667623765.0320823,21408.45,21408.45,-7.46063607,1.12,38.32356476
1667623774.9527197,21408.45,21408.45,-7.46063607,1.12,38.32356476
1667623785.0387602,21408.45,21408.77,-7.43510901,1.44,38.63105773
1667623795.0502138,21408.45,21408.77,-7.43510901,1.44,38.63105773
1667623805.0275846,21408.45,21408.77,-7.43510901,1.44,38.63105773
1667623815.0202491,21412.14,21412.14,-6.91156913,-2.29,41.74221357
1667623825.04711,21412.14,21412.14,-6.91156913,-2.29,41.74221357
1667623835.0088117,21412.14,21412.14,-6.91156913,-2.29,41.74221357
1667623845.0294478,21412.14,21419.74,-6.30530133,5.31,48.03290023
1667623855.0403745,21412.14,21419.74,-6.30530133,5.31,48.03290023
1667623865.0547209,21412.14,21419.74,-6.30530133,5.31,48.03290023
1667623875.244481,21417.35,21417.35,-5.89298739,-3.86,46.24879645
1667623885.5777967,21417.35,21417.35,-5.89298739,-3.86,46.24879645
1667623895.553785,21417.35,21417.35,-5.89298739,-3.86,46.24879645
1667623905.5815983,21417.35,21417.39,-5.88979651,-3.82,46.28280187
1667623915.5556085,21417.35,21417.39,-5.88979651,-3.82,46.28280187
1667623925.632993,21417.35,21417.39,-5.88979651,-3.82,46.28280187
1667623935.547179,21412.65,21412.65,-5.92911212,-3.11,42.86423544
1667623945.702042,21412.65,21412.65,-5.92911212,-3.11,42.86423544
1667623955.5720592,21412.65,21412.65,-5.92911212,-3.11,42.86423544
1667623965.6333022,21412.65,21417.68,-5.52785856,1.92,47.10193241
1667623975.5666912,21412.65,21417.68,-5.52785856,1.92,47.10193241
1667623985.5898302,21412.65,21417.68,-5.52785856,1.92,47.10193241
1667623995.5814996,21404.66,21404.66,-6.82233009,-8.58,38.2911491
1667624005.6034806,21404.66,21404.66,-6.82233009,-8.58,38.2911491
1667624015.5623014,21404.66,21404.66,-6.82233009,-8.58,38.2911491
1667624025.569294,21404.66,21400.84,-7.12705943,-12.4,35.87402326
1667624035.5880978,21404.66,21400.84,-7.12705943,-12.4,35.87402326
1667624045.5678434,21404.66,21400.84,-7.12705943,-12.4,35.87402326
1667624055.60332,21402.61,21402.61,-7.12012274,-13.16,36.78156274
1667624066.4712098,21402.61,21402.61,-7.12012274,-13.16,36.78156274
1667624076.4946277,21402.61,21402.61,-7.12012274,-13.16,36.78156274
1667624086.538456,21402.61,21402.53,-7.1265045,-13.24,36.73423136
1667624096.477109,21402.61,21402.53,-7.1265045,-13.24,36.73423136
1667624106.4883437,21402.61,21402.53,-7.1265045,-13.24,36.73423136
1667624116.5618882,21400.6,21400.6,-7.43539602,-11.95,35.58887588
1667624126.4992514,21400.6,21400.6,-7.43539602,-11.95,35.58887588
1667624136.540409,21400.6,21400.6,-7.43539602,-11.95,35.58887588
1667624146.5168138,21400.6,21399.55,-7.5191567,-13.0,34.97260129
1667624156.4775422,21400.6,21399.55,-7.5191567,-13.0,34.97260129
1667624166.6830957,21400.6,21399.55,-7.5191567,-13.0,34.97260129
1667624176.8387504,21403.92,21403.92,-6.99432149,-7.96,38.98981399
1667624186.6755655,21403.92,21403.92,-6.99432149,-7.96,38.98981399
1667624196.527239,21403.92,21403.92,-6.99432149,-7.96,38.98981399
1667624206.5512698,21403.92,21401.58,-7.18098816,-10.3,37.49677167
1667624216.6859198,21403.92,21401.58,-7.18098816,-10.3,37.49677167
1667624226.5606277,21403.92,21401.58,-7.18098816,-10.3,37.49677167
1667624236.5245273,21393.08,21393.08,-8.31912189,-17.59,32.88448823
1667624247.6831868,21393.08,21393.08,-8.31912189,-17.59,32.88448823
1667624257.6548548,21393.08,21393.08,-8.31912189,-17.59,32.88448823
1667624267.6137226,21393.08,21394.33,-8.21940679,-16.34,33.70184567
1667624277.5862615,21393.08,21394.33,-8.21940679,-16.34,33.70184567
1667624287.830691,21393.08,21394.33,-8.21940679,-16.34,33.70184567
1667624297.6085453,21390.46,21390.46,-9.05144282,-17.43,31.99071719
1667624307.649901,21390.46,21390.46,-9.05144282,-17.43,31.99071719
1667624317.631961,21390.46,21390.46,-9.05144282,-17.43,31.99071719
1667624327.6342642,21390.46,21391.96,-8.9317847,-15.93,33.55468502
1667624337.6769917,21390.46,21391.96,-8.9317847,-15.93,33.55468502
1667624347.6374643,21390.46,21391.96,-8.9317847,-15.93,33.55468502
1667624357.6777904,21389.27,21389.27,-9.43479436,-22.12,31.17571712
1667624367.9087732,21389.27,21389.27,-9.43479436,-22.12,31.17571712
1667624377.6361525,21389.27,21389.27,-9.43479436,-22.12,31.17571712
1667624387.6672978,21389.27,21387.25,-9.59593396,-24.14,30.15554861
1667624397.6442635,21389.27,21387.25,-9.59593396,-24.14,30.15554861
1667624407.6358762,21389.27,21387.25,-9.59593396,-24.14,30.15554861
1667624417.6928675,21367.24,21367.24,-12.72058778,-49.41,22.77344788
1667624428.3414505,21367.24,21367.24,-12.72058778,-49.41,22.77344788
1667624438.385736,21367.24,21367.24,-12.72058778,-49.41,22.77344788
1667624448.3664312,21367.24,21382.33,-11.5168271,-34.32,35.58069041
1667624458.3841136,21367.24,21382.33,-11.5168271,-34.32,35.58069041
1667624468.4324083,21367.24,21382.33,-11.5168271,-34.32,35.58069041
1667624478.4083354,21389.65,21389.65,-10.58237774,-23.73,40.43744983
1667624488.4376078,21389.65,21389.65,-10.58237774,-23.73,40.43744983
1667624498.5271916,21389.65,21389.65,-10.58237774,-23.73,40.43744983
1667624508.4115813,21389.65,21396.55,-10.03195039,-16.83,44.552101
1667624518.4573655,21389.65,21396.55,-10.03195039,-16.83,44.552101
1667624528.6907878,21389.65,21396.55,-10.03195039,-16.83,44.552101
1667624538.357257,21402.51,21402.51,-8.3923619,-1.32,47.7259473
1667624548.431747,21402.51,21402.51,-8.3923619,-1.32,47.7259473
1667624558.3687286,21402.51,21402.51,-8.3923619,-1.32,47.7259473
1667624568.5114114,21402.51,21397.88,-8.76170663,-5.95,45.54492453
1667624578.370436,21402.51,21397.88,-8.76170663,-5.95,45.54492453
1667624588.4104197,21402.51,21397.88,-8.76170663,-5.95,45.54492453
1667624598.3801637,21401.15,21401.15,-7.57689452,-2.48,47.06393454
1667624609.24273,21401.15,21401.15,-7.57689452,-2.48,47.06393454
1667624619.2345755,21401.15,21401.15,-7.57689452,-2.48,47.06393454
1667624629.239662,21401.15,21397.34,-7.88082615,-6.29,45.17348057
1667624639.221917,21401.15,21397.34,-7.88082615,-6.29,45.17348057
1667624649.2686348,21401.15,21397.34,-7.88082615,-6.29,45.17348057
1667624659.2615807,21399.78,21399.78,-7.00712522,-1.74,46.45834153
1667624669.330376,21399.78,21399.78,-7.00712522,-1.74,46.45834153
1667624679.30802,21399.78,21399.78,-7.00712522,-1.74,46.45834153
1667624689.300291,21399.78,21401.53,-6.86752408,0.01,47.51080789
1667624699.323741,21399.78,21401.53,-6.86752408,0.01,47.51080789
1667624709.515435,21399.78,21401.53,-6.86752408,0.01,47.51080789
1667624719.6795068,21402.94,21402.94,-5.90104211,-2.05,48.32916517
1667624729.2983043,21402.94,21402.94,-5.90104211,-2.05,48.32916517
1667624739.325908,21402.94,21402.94,-5.90104211,-2.05,48.32916517
1667624749.3500524,21402.94,21404.45,-5.78058627,-0.54,49.24185109
1667624759.29317,21402.94,21404.45,-5.78058627,-0.54,49.24185109
1667624769.3165596,21402.94,21404.45,-5.78058627,-0.54,49.24185109
1667624779.3098657,21404.92,21404.92,-4.92052753,10.92,49.54557638
1667624790.0226042,21404.92,21404.92,-4.92052753,10.92,49.54557638
1667624799.9486763,21404.92,21404.92,-4.92052753,10.92,49.54557638
1667624809.9834566,21404.92,21400.32,-5.2874791,6.32,46.80319936
1667624819.9955614,21404.92,21400.32,-5.2874791,6.32,46.80319936
1667624829.9836018,21404.92,21400.32,-5.2874791,6.32,46.80319936
1667624839.9855258,21403.13,21403.13,-4.42939102,13.3,48.4316233
1667624850.189895,21403.13,21403.13,-4.42939102,13.3,48.4316233
1667624859.9989052,21403.13,21403.13,-4.42939102,13.3,48.4316233
1667624869.9803443,21403.13,21401.61,-4.55064458,11.78,47.46639699
1667624880.345934,21403.13,21401.61,-4.55064458,11.78,47.46639699
1667624890.019462,21403.13,21401.61,-4.55064458,11.78,47.46639699
1667624899.998376,21401.53,21401.53,-4.11592589,11.41,47.41666023
1667624910.0684063,21401.53,21401.53,-4.11592589,11.41,47.41666023
1667624920.0782342,21401.53,21401.53,-4.11592589,11.41,47.41666023
1667624930.0872946,21401.53,21402.59,-4.03136749,12.47,48.19129066
1667624940.0597107,21401.53,21402.59,-4.03136749,12.47,48.19129066
1667624950.0651813,21401.53,21402.59,-4.03136749,12.47,48.19129066
1667624960.0364077,21402.91,21402.91,-3.55360106,35.67,48.44317405
1667624970.4097898,21402.91,21402.91,-3.55360106,35.67,48.44317405
1667624980.4674313,21402.91,21406.21,-3.2903532,38.97,50.85847458
1667624990.3998022,21402.91,21406.21,-3.2903532,38.97,50.85847458
1667625000.4274516,21402.91,21406.21,-3.2903532,38.97,50.85847458
1667625010.4779844,21403.06,21403.06,-3.14090393,13.04,48.58572311
1667625020.4005675,21403.06,21403.06,-3.14090393,13.04,48.58572311
1667625030.4453511,21403.06,21403.06,-3.14090393,13.04,48.58572311
1667625040.706341,21403.06,21403.06,-3.14090393,13.04,48.58572311
1667625050.4994678,21403.06,21404.61,-3.0172572,14.59,49.82957962
1667625060.4279902,21403.06,21404.61,-3.0172572,14.59,49.82957962
1667625070.4626782,21403.06,21404.61,-3.0172572,14.59,49.82957962
1667625080.4623487,21408.86,21408.86,-1.86611346,6.35,52.77750448
1667625090.4716086,21408.86,21408.86,-1.86611346,6.35,52.77750448
1667625100.5754402,21408.86,21408.86,-1.86611346,6.35,52.77750448
1667625110.5194309,21408.86,21404.64,-2.20275164,2.13,49.59717568
1667625120.4751122,21408.86,21404.64,-2.20275164,2.13,49.59717568
1667625130.7266974,21408.86,21404.64,-2.20275164,2.13,49.59717568
1667625140.5483837,21402.34,21402.34,-2.2052869,1.19,48.01853605
1667625151.0819995,21402.34,21402.34,-2.2052869,1.19,48.01853605
1667625161.0198238,21402.34,21399.62,-2.42226695,-1.53,46.14964228
1667625171.0089395,21402.34,21399.62,-2.42226695,-1.53,46.14964228
1667625181.0568628,21402.34,21399.62,-2.42226695,-1.53,46.14964228
1667625191.0561285,21405.64,21405.64,-1.53435382,6.62,50.41054153
1667625201.3748033,21405.64,21405.64,-1.53435382,6.62,50.41054153
1667625211.0321066,21405.64,21405.64,-1.53435382,6.62,50.41054153
1667625221.0562787,21405.64,21405.12,-1.5758353,6.1,50.02006331
1667625231.042568,21405.64,21405.12,-1.5758353,6.1,50.02006331
1667625241.0947323,21405.64,21405.12,-1.5758353,6.1,50.02006331
1667625251.072081,21403.81,21403.81,-1.49614984,0.87,49.06266091
1667625261.053788,21403.81,21403.81,-1.49614984,0.87,49.06266091
1667625271.0497675,21403.81,21403.81,-1.49614984,0.87,49.06266091
1667625281.0504131,21403.81,21402.18,-1.62617833,-0.76,47.83577527
1667625291.088935,21403.81,21402.18,-1.62617833,-0.76,47.83577527
1667625301.0403388,21403.81,21402.18,-1.62617833,-0.76,47.83577527
1667625311.033157,21400.23,21400.23,-1.84087144,-4.11,46.44629909
1667625321.058058,21400.23,21400.23,-1.84087144,-4.11,46.44629909
1667625331.7164214,21400.23,21400.23,-1.84087144,-4.11,46.44629909
1667625341.727769,21400.23,21393.97,-2.34024466,-10.37,42.2077706
1667625351.676658,21400.23,21393.97,-2.34024466,-10.37,42.2077706
1667625361.7327194,21400.23,21393.97,-2.34024466,-10.37,42.2077706
1667625371.7392824,21390.2,21390.2,-3.28409146,-13.05,40.00895784
1667625381.657415,21390.2,21390.2,-3.28409146,-13.05,40.00895784
1667625391.7428522,21390.2,21390.2,-3.28409146,-13.05,40.00895784
1667625401.7466965,21390.2,21390.2,-3.28409146,-13.05,40.00895784
1667625411.6853485,21390.2,21390.58,-3.25377807,-12.67,40.34629191
1667625421.710929,21390.2,21390.58,-3.25377807,-12.67,40.34629191
1667625431.7006376,21390.2,21390.58,-3.25377807,-12.67,40.34629191
1667625441.7044232,21399.92,21399.92,-2.37648055,-1.61,47.58985789
1667625451.7525284,21399.92,21399.92,-2.37648055,-1.61,47.58985789
1667625461.6916535,21399.92,21402.41,-2.17784807,0.88,49.35542826
1667625471.718468,21399.92,21402.41,-2.17784807,0.88,49.35542826
1667625481.707189,21399.92,21402.41,-2.17784807,0.88,49.35542826
1667625491.729138,21399.36,21399.36,-2.28616308,-3.14,47.19332188
1667625501.690953,21399.36,21399.36,-2.28616308,-3.14,47.19332188
1667625512.266582,21399.36,21399.36,-2.28616308,-3.14,47.19332188
1667625522.332415,21399.36,21399.52,-2.27339955,-2.98,47.30626214
1667625532.3332713,21399.36,21399.52,-2.27339955,-2.98,47.30626214
1667625542.5489097,21399.36,21399.52,-2.27339955,-2.98,47.30626214
1667625552.480297,21396.86,21396.86,-2.54712958,-5.73,45.49615386
1667625562.3731806,21396.86,21396.86,-2.54712958,-5.73,45.49615386
1667625572.3234117,21396.86,21396.86,-2.54712958,-5.73,45.49615386
1667625582.3308902,21396.86,21396.86,-2.54712958,-5.73,45.49615386
1667625592.3224216,21396.86,21393.11,-2.84627488,-9.48,42.99827557
1667625602.3595138,21396.86,21393.11,-2.84627488,-9.48,42.99827557
1667625612.3195405,21396.86,21393.11,-2.84627488,-9.48,42.99827557
1667625622.3324318,21392.82,21392.82,-3.09923306,-17.27,42.78673404
1667625632.3464758,21392.82,21392.82,-3.09923306,-17.27,42.78673404
1667625642.3411434,21392.82,21392.57,-3.11917608,-17.52,42.61956451
1667625652.3700027,21392.82,21392.57,-3.11917608,-17.52,42.61956451
1667625662.3554783,21392.82,21392.57,-3.11917608,-17.52,42.61956451
1667625672.3774185,21392.82,21392.57,-3.11917608,-17.52,42.61956451
1667625682.380484,21396.34,21396.34,-2.78512965,-6.03,45.7018336
1667625692.712447,21396.34,21396.34,-2.78512965,-6.03,45.7018336
1667625702.7457523,21396.34,21396.71,-2.75561398,-5.66,46.02759687
1667625712.913459,21396.34,21396.71,-2.75561398,-5.66,46.02759687
1667625722.726663,21396.34,21396.71,-2.75561398,-5.66,46.02759687
1667625732.7198832,21399.31,21399.31,-2.30744949,-6.97,48.21096221
1667625742.7531888,21399.31,21399.31,-2.30744949,-6.97,48.21096221
1667625752.7927494,21399.31,21399.31,-2.30744949,-6.97,48.21096221
1667625762.7726786,21399.31,21399.31,-2.30744949,-6.97,48.21096221
1667625772.7694044,21399.31,21396.95,-2.4957116,-9.33,46.37703955
1667625782.8457808,21399.31,21396.95,-2.4957116,-9.33,46.37703955
1667625792.919597,21397.8,21397.8,-2.28504304,-6.01,47.00117383
1667625802.7772632,21397.8,21397.8,-2.28504304,-6.01,47.00117383
1667625812.7718325,21397.8,21397.8,-2.28504304,-6.01,47.00117383
1667625822.787307,21397.8,21393.82,-2.60253592,-9.99,43.92567811
1667625832.7610002,21397.8,21393.82,-2.60253592,-9.99,43.92567811
1667625842.7870083,21397.8,21393.82,-2.60253592,-9.99,43.92567811
1667625852.777063,21397.3,21397.3,-2.23900459,-2.93,46.59135779
1667625862.7758384,21397.3,21397.3,-2.23900459,-2.93,46.59135779
1667625873.7396233,21397.3,21397.3,-2.23900459,-2.93,46.59135779
1667625883.7666094,21397.3,21396.02,-2.34111286,-4.21,45.49766831
1667625893.7975347,21397.3,21396.02,-2.34111286,-4.21,45.49766831
1667625903.947169,21397.3,21396.02,-2.34111286,-4.21,45.49766831
1667625913.7477736,21395.62,21395.62,-2.41075788,5.42,45.27575099
1667625923.7344048,21395.62,21395.62,-2.41075788,5.42,45.27575099
1667625933.7696006,21395.62,21395.62,-2.41075788,5.42,45.27575099
1667625943.7259195,21395.62,21390.99,-2.78010261,0.79,41.43094512
1667625953.7615645,21395.62,21390.99,-2.78010261,0.79,41.43094512
1667625963.7499344,21395.62,21390.99,-2.78010261,0.79,41.43094512
1667625973.7675807,21389.48,21389.48,-3.25331615,-10.44,40.33556666
1667625983.7674608,21389.48,21389.48,-3.25331615,-10.44,40.33556666
1667625993.7486763,21389.48,21389.48,-3.25331615,-10.44,40.33556666
1667626003.7625594,21389.48,21391.96,-3.05548139,-7.96,43.00098934
1667626013.7999024,21389.48,21391.96,-3.05548139,-7.96,43.00098934
1667626023.7639863,21389.48,21391.96,-3.05548139,-7.96,43.00098934
1667626033.7701786,21392.56,21392.56,-3.05722197,-7.43,43.61045428
1667626043.7522707,21392.56,21392.56,-3.05722197,-7.43,43.61045428
1667626054.9624507,21392.56,21392.56,-3.05722197,-7.43,43.61045428
1667626065.0246224,21392.56,21393.1,-3.01414505,-6.89,44.18885595
1667626075.027088,21392.56,21393.1,-3.01414505,-6.89,44.18885595
1667626084.9798453,21392.56,21393.1,-3.01414505,-6.89,44.18885595
1667626095.1911888,21390.47,21390.47,-3.35669284,-6.39,41.92866281
1667626105.0670884,21390.47,21390.47,-3.35669284,-6.39,41.92866281
1667626115.0165637,21390.47,21390.47,-3.35669284,-6.39,41.92866281
1667626125.104237,21390.47,21394.08,-3.06871563,-2.78,45.8155489
1667626134.991093,21390.47,21394.08,-3.06871563,-2.78,45.8155489
1667626144.9914806,21390.47,21394.08,-3.06871563,-2.78,45.8155489
1667626155.068068,21397.26,21397.26,-2.46259286,3.82,48.83240705
1667626165.007954,21397.26,21397.26,-2.46259286,3.82,48.83240705
1667626175.0086548,21397.26,21397.26,-2.46259286,3.82,48.83240705
1667626185.047119,21397.26,21397.68,-2.42908858,4.24,49.23443504
1667626195.0321329,21397.26,21397.68,-2.42908858,4.24,49.23443504
1667626205.030605,21397.26,21397.68,-2.42908858,4.24,49.23443504
1667626215.0692594,21395.15,21395.15,-2.45666985,-1.19,46.96394285
1667626225.0267043,21395.15,21395.15,-2.45666985,-1.19,46.96394285
1667626235.6054945,21395.15,21395.15,-2.45666985,-1.19,46.96394285
1667626245.5687203,21395.15,21394.75,-2.48857868,-1.59,46.59992383
1667626255.5446992,21395.15,21394.75,-2.48857868,-1.59,46.59992383
1667626265.5725985,21395.15,21394.75,-2.48857868,-1.59,46.59992383
1667626275.6241388,21398.54,21398.54,-1.81294031,-0.77,50.25708024
1667626285.9303226,21398.54,21398.54,-1.81294031,-0.77,50.25708024
1667626295.6267807,21398.54,21398.54,-1.81294031,-0.77,50.25708024
1667626305.8446412,21398.54,21400.39,-1.66536196,1.08,52.008381
1667626315.6417403,21398.54,21400.39,-1.66536196,1.08,52.008381
1667626325.634365,21398.54,21400.39,-1.66536196,1.08,52.008381
1667626335.850752,21403.87,21403.87,-0.78884211,5.73,55.03191736
1667626345.600131,21403.87,21403.87,-0.78884211,5.73,55.03191736
1667626355.6161568,21403.87,21403.87,-0.78884211,5.73,55.03191736
1667626365.6591492,21403.87,21404.61,-0.72981077,6.47,55.66198812
1667626375.599217,21403.87,21404.61,-0.72981077,6.47,55.66198812
1667626385.6134586,21403.87,21404.61,-0.72981077,6.47,55.66198812
1667626395.599521,21400.47,21400.47,-0.70562904,3.17,51.65063899
1667626405.657679,21400.47,21400.47,-0.70562904,3.17,51.65063899
1667626416.6258843,21400.47,21400.47,-0.70562904,3.17,51.65063899
1667626426.6235774,21400.47,21398.7,-0.84682562,1.4,49.89419155
1667626436.6453605,21400.47,21398.7,-0.84682562,1.4,49.89419155
1667626446.6484516,21400.47,21398.7,-0.84682562,1.4,49.89419155
1667626456.7856486,21403.91,21403.91,0.02326832,8.73,54.87192974
1667626466.6145115,21403.91,21403.91,0.02326832,8.73,54.87192974
1667626476.8588436,21403.91,21403.91,0.02326832,8.73,54.87192974
1667626486.6637895,21403.91,21405.23,0.12856747,10.05,56.06520434
1667626496.6403456,21403.91,21405.23,0.12856747,10.05,56.06520434
1667626506.6022053,21403.91,21405.23,0.12856747,10.05,56.06520434
1667626516.6602747,21406.86,21406.86,0.79609768,17.38,57.45439549
1667626526.6367905,21406.86,21406.86,0.79609768,17.38,57.45439549
1667626536.624988,21406.86,21406.86,0.79609768,17.38,57.45439549
1667626546.6273394,21406.86,21407.84,0.87427432,18.36,58.30794718
1667626556.669271,21406.86,21407.84,0.87427432,18.36,58.30794718
1667626566.7025566,21406.86,21407.84,0.87427432,18.36,58.30794718
1667626576.6964643,21407.51,21407.51,1.30003054,14.95,58.02437727
1667626586.6665418,21407.51,21407.51,1.30003054,14.95,58.02437727
1667626597.1628246,21407.51,21407.51,1.30003054,14.95,58.02437727
1667626607.123466,21407.51,21416.64,2.02834963,24.08,65.09741503
1667626617.1514509,21407.51,21416.64,2.02834963,24.08,65.09741503
1667626627.1275134,21407.51,21416.64,2.02834963,24.08,65.09741503
1667626637.0998766,21418.58,21418.58,3.20429265,28.11,66.3038933
1667626647.103736,21418.58,21418.58,3.20429265,28.11,66.3038933
1667626657.0975394,21418.58,21418.58,3.20429265,28.11,66.3038933
1667626667.093292,21418.58,21419.72,3.29523282,29.25,67.02521938
1667626677.1471355,21418.58,21419.72,3.29523282,29.25,67.02521938
1667626687.2898731,21418.58,21419.72,3.29523282,29.25,67.02521938
1667626697.3257089,21420.66,21420.66,4.21938696,23.4,67.62887294
1667626707.1606402,21420.66,21420.66,4.21938696,23.4,67.62887294
1667626717.1181414,21420.66,21420.66,4.21938696,23.4,67.62887294
1667626727.165236,21420.66,21423.28,4.42838981,26.02,69.22933653
1667626737.2613163,21420.66,21423.28,4.42838981,26.02,69.22933653
1667626747.1657958,21420.66,21423.28,4.42838981,26.02,69.22933653
1667626757.176476,21425.55,21425.55,5.57099286,30.4,70.49329626
1667626767.194683,21425.55,21425.55,5.57099286,30.4,70.49329626
1667626777.7562256,21425.55,21425.55,5.57099286,30.4,70.49329626
1667626787.7309384,21425.55,21423.79,5.430594,28.64,68.15569713
1667626797.7654994,21425.55,21423.79,5.430594,28.64,68.15569713
1667626807.7848322,21425.55,21423.79,5.430594,28.64,68.15569713
1667626817.8053277,21424.1,21424.1,6.0225993,25.56,68.20845379
1667626827.7458005,21424.1,21424.1,6.0225993,25.56,68.20845379
1667626837.7893336,21424.1,21424.1,6.0225993,25.56,68.20845379
1667626847.8555036,21424.1,21424.17,6.02818335,25.63,68.25286642
1667626857.7642355,21424.1,21424.17,6.02818335,25.63,68.25286642
1667626867.747558,21424.1,21424.17,6.02818335,25.63,68.25286642
1667626877.7595766,21424.37,21424.37,6.47033027,21.19,68.37907862
1667626887.7908075,21424.37,21424.37,6.47033027,21.19,68.37907862
1667626898.0284326,21424.37,21424.37,6.47033027,21.19,68.37907862
1667626907.7885048,21424.37,21422.89,6.35226759,19.71,66.27921739
1667626917.7949526,21424.37,21422.89,6.35226759,19.71,66.27921739
1667626927.795289,21424.37,21422.89,6.35226759,19.71,66.27921739
1667626937.7840135,21423.4,21423.4,6.55766177,22.24,66.61514268
1667626947.7879877,21423.4,21423.4,6.55766177,22.24,66.61514268
1667626958.5765848,21423.4,21423.4,6.55766177,22.24,66.61514268
1667626968.264423,21423.4,21424.3,6.62945664,23.14,67.26413844
1667626978.299297,21423.4,21424.3,6.62945664,23.14,67.26413844
1667626988.2651565,21423.4,21424.3,6.62945664,23.14,67.26413844
1667626998.3122933,21424.05,21424.05,6.74011252,20.14,67.08640665
1667627008.3409762,21424.05,21424.05,6.74011252,20.14,67.08640665
1667627018.3345926,21424.05,21424.05,6.74011252,20.14,67.08640665
1667627028.3287983,21424.05,21424.81,6.8007393,20.9,67.66121533
1667627038.336171,21424.05,21424.81,6.8007393,20.9,67.66121533
1667627048.3156333,21424.05,21424.81,6.8007393,20.9,67.66121533
1667627058.4954796,21422.8,21422.8,6.55935669,15.94,64.88561569
1667627068.342389,21422.8,21422.8,6.55935669,15.94,64.88561569
1667627078.336571,21422.8,21422.8,6.55935669,15.94,64.88561569
1667627088.36277,21422.8,21417.55,6.14055327,10.69,57.80316169
1667627098.341123,21422.8,21417.55,6.14055327,10.69,57.80316169
1667627108.370282,21422.8,21417.55,6.14055327,10.69,57.80316169
1667627118.6316738,21409.16,21409.16,4.56234601,1.65,48.85559489
1667627128.3623254,21409.16,21409.16,4.56234601,1.65,48.85559489
1667627139.1528409,21409.16,21409.16,4.56234601,1.65,48.85559489
1667627149.1348507,21409.16,21409.3,4.5735141,1.79,48.99107645
1667627159.130396,21409.16,21409.3,4.5735141,1.79,48.99107645
1667627169.1088157,21409.16,21409.3,4.5735141,1.79,48.99107645
1667627179.1361444,21412.45,21412.45,4.17404762,-6.13,52.08062043
1667627189.171764,21412.45,21412.45,4.17404762,-6.13,52.08062043
1667627199.1542275,21412.45,21412.45,4.17404762,-6.13,52.08062043
1667627209.1217933,21412.45,21414.22,4.3152442,-4.36,53.75346378
1667627219.1475897,21412.45,21414.22,4.3152442,-4.36,53.75346378
1667627229.1409056,21412.45,21414.22,4.3152442,-4.36,53.75346378
1667627239.1696503,21412.24,21412.24,3.66774309,-7.73,51.79632533
1667627249.1363866,21412.24,21412.24,3.66774309,-7.73,51.79632533
1667627259.1622796,21412.24,21412.24,3.66774309,-7.73,51.79632533
1667627269.1789618,21412.24,21411.93,3.64301374,-8.04,51.45113961
1667627279.4519174,21412.24,21411.93,3.64301374,-8.04,51.45113961
1667627289.4067504,21412.24,21411.93,3.64301374,-8.04,51.45113961
1667627299.2028587,21407.58,21407.58,2.55239405,-17.97,47.05114984
1667627309.1855528,21407.58,21407.58,2.55239405,-17.97,47.05114984
1667627319.9819093,21407.58,21407.58,2.55239405,-17.97,47.05114984
1667627329.9837196,21407.58,21408.22,2.60344818,-17.33,47.75900356
1667627339.987121,21407.58,21408.22,2.60344818,-17.33,47.75900356
1667627349.9971747,21407.58,21408.22,2.60344818,-17.33,47.75900356
1667627360.024907,21408.03,21408.03,2.03511394,-15.53,47.56357373
1667627370.0105915,21408.03,21408.03,2.03511394,-15.53,47.56357373
1667627380.0276964,21408.03,21408.03,2.03511394,-15.53,47.56357373
1667627390.0177145,21408.03,21405.82,1.85881765,-17.74,45.34835855
1667627400.204397,21408.03,21405.82,1.85881765,-17.74,45.34835855
1667627410.0341325,21408.03,21405.82,1.85881765,-17.74,45.34835855
1667627420.0565815,21407.24,21407.24,1.38201078,-17.13,46.940088
1667627430.0365837,21407.24,21407.24,1.38201078,-17.13,46.940088
1667627439.99255,21407.24,21407.24,1.38201078,-17.13,46.940088
1667627449.9970386,21407.24,21405.8,1.26713899,-18.57,45.28742429
1667627460.032296,21407.24,21405.8,1.26713899,-18.57,45.28742429
1667627470.2077994,21407.24,21405.8,1.26713899,-18.57,45.28742429
1667627480.0445707,21399.5,21399.5,-0.13582565,-23.32,39.62890818
1667627490.0709658,21399.5,21399.5,-0.13582565,-23.32,39.62890818
1667627500.4101186,21399.5,21400.09,-0.08876012,-22.73,40.38020502
1667627510.7002687,21399.5,21400.09,-0.08876012,-22.73,40.38020502
1667627520.4470026,21399.5,21400.09,-0.08876012,-22.73,40.38020502
1667627530.5629628,21394.37,21394.37,-1.52918692,-29.68,35.68495052
1667627540.4673958,21394.37,21394.37,-1.52918692,-29.68,35.68495052
1667627550.449008,21394.37,21394.37,-1.52918692,-29.68,35.68495052
1667627560.4300628,21394.37,21397.93,-1.24519832,-26.12,39.87503195
1667627570.43929,21394.37,21397.93,-1.24519832,-26.12,39.87503195
1667627580.4322617,21394.37,21397.93,-1.24519832,-26.12,39.87503195
1667627590.5295818,21394.37,21397.93,-1.24519832,-26.12,39.87503195
1667627600.4344144,21396.9,21396.9,-1.99158461,-25.42,38.67429862
1667627610.4666786,21396.9,21396.9,-1.99158461,-25.42,38.67429862
1667627620.451256,21396.9,21398.01,-1.90303761,-24.31,40.11499058
1667627630.6420567,21396.9,21398.01,-1.90303761,-24.31,40.11499058
1667627640.4677565,21396.9,21398.01,-1.90303761,-24.31,40.11499058
1667627650.4655392,21396.8,21396.8,-2.4728011,-13.0,38.54109536
1667627660.476063,21396.8,21396.8,-2.4728011,-13.0,38.54109536
1667627670.4994476,21396.8,21396.8,-2.4728011,-13.0,38.54109536
1667627681.1514432,21396.8,21391.38,-2.90516578,-18.42,34.20458295
1667627691.0771222,21396.8,21391.38,-2.90516578,-18.42,34.20458295
1667627701.0961854,21396.8,21391.38,-2.90516578,-18.42,34.20458295
1667627711.0813982,21393.64,21393.64,-3.30213178,-18.01,36.34433587
1667627721.0618849,21393.64,21393.64,-3.30213178,-18.01,36.34433587
1667627731.1067314,21393.64,21393.64,-3.30213178,-18.01,36.34433587
1667627741.1515536,21393.64,21393.64,-3.30213178,-18.01,36.34433587
1667627751.0923543,21393.64,21390.79,-3.52948221,-20.86,33.67384065
1667627761.1210077,21393.64,21390.79,-3.52948221,-20.86,33.67384065
1667627771.155496,21393.64,21390.79,-3.52948221,-20.86,33.67384065
1667627781.1423204,21389.09,21389.09,-4.30578752,-23.65,32.44768706
1667627791.0820415,21389.09,21389.09,-4.30578752,-23.65,32.44768706
1667627801.0933156,21389.09,21401.81,-3.29108666,-10.93,47.63648381
1667627811.126364,21389.09,21401.81,-3.29108666,-10.93,47.63648381
1667627821.4939446,21389.09,21401.81,-3.29108666,-10.93,47.63648381
1667627831.1621408,21403.7,21403.7,-2.70712991,-3.88,49.34417101
1667627841.1626189,21403.7,21403.7,-2.70712991,-3.88,49.34417101
1667627851.2948673,21403.7,21403.7,-2.70712991,-3.88,49.34417101
1667627861.4889696,21403.7,21402.5,-2.80285641,-5.08,48.26785053
1667627871.5626338,21403.7,21402.5,-2.80285641,-5.08,48.26785053
1667627881.486161,21403.7,21402.5,-2.80285641,-5.08,48.26785053
1667627891.5653672,21403.7,21402.5,-2.80285641,-5.08,48.26785053
1667627901.4842424,21401.95,21401.95,-2.54115857,-6.58,47.74380641
1667627911.542338,21401.95,21401.95,-2.54115857,-6.58,47.74380641
1667627921.5508173,21401.95,21401.95,-2.54115857,-6.58,47.74380641
1667627931.5346467,21401.95,21393.83,-3.18890786,-14.7,41.2571161
1667627941.5344386,21401.95,21393.83,-3.18890786,-14.7,41.2571161
1667627951.5787306,21391.1,21391.1,-3.8189124,-15.27,39.43012113
1667627961.5414283,21391.1,21391.1,-3.8189124,-15.27,39.43012113
1667627971.5653508,21391.1,21391.1,-3.8189124,-15.27,39.43012113
1667627981.671785,21391.1,21391.1,-3.8189124,-15.27,39.43012113
1667627991.5503595,21391.1,21388.99,-3.98723149,-17.38,38.04759396
1667628001.5242505,21391.1,21388.99,-3.98723149,-17.38,38.04759396
1667628011.5258715,21389.9,21389.9,-4.29987144,-9.6,38.63177733
1667628021.8007348,21389.9,21389.9,-4.29987144,-9.6,38.63177733
1667628031.571373,21389.9,21389.9,-4.29987144,-9.6,38.63177733
1667628042.2830803,21389.9,21388.7,-4.39559794,-10.8,37.80740501
1667628051.9892857,21389.9,21388.7,-4.39559794,-10.8,37.80740501
1667628061.990715,21389.9,21388.7,-4.39559794,-10.8,37.80740501
1667628072.0081131,21384.55,21384.55,-5.36441111,-10.4,35.70875969
1667628081.9767578,21384.55,21384.55,-5.36441111,-10.4,35.70875969
1667628092.0088415,21384.55,21384.55,-5.36441111,-10.4,35.70875969
1667628102.2482889,21384.55,21384.55,-5.36441111,-10.4,35.70875969
1667628112.2767231,21384.55,21377.4,-5.93478148,-17.55,31.2588671
1667628122.2988834,21384.55,21377.4,-5.93478148,-17.55,31.2588671
1667628132.3425777,21381.45,21381.45,-6.18492116,-14.96,33.40071853
1667628142.278698,21381.45,21381.45,-6.18492116,-14.96,33.40071853
1667628152.2905524,21381.45,21381.45,-6.18492116,-14.96,33.40071853
1667628162.2604988,21381.45,21387.29,-5.71905222,-9.12,39.80564813
1667628172.4656458,21381.45,21387.29,-5.71905222,-9.12,39.80564813
1667628182.278552,21381.45,21387.29,-5.71905222,-9.12,39.80564813
1667628192.3059978,21391.58,21391.58,-5.13153705,-5.22,43.77755442
1667628202.3077557,21391.58,21391.58,-5.13153705,-5.22,43.77755442
1667628212.3009822,21391.58,21391.58,-5.13153705,-5.22,43.77755442
1667628223.1812427,21391.58,21391.58,-5.13153705,-5.22,43.77755442
1667628233.1873498,21391.58,21405.36,-4.03227779,8.56,54.22574616
1667628243.4001868,21391.58,21405.36,-4.03227779,8.56,54.22574616
1667628253.1701398,21406.84,21406.84,-2.75817595,13.85,55.14703368
1667628263.171955,21406.84,21406.84,-2.75817595,13.85,55.14703368
1667628273.1756265,21406.84,21406.84,-2.75817595,13.85,55.14703368
1667628283.192062,21406.84,21407.47,-2.70791954,14.48,55.54559224
1667628293.1699798,21406.84,21407.47,-2.70791954,14.48,55.54559224
1667628303.1930983,21406.84,21407.47,-2.70791954,14.48,55.54559224
1667628313.148079,21406.84,21407.47,-2.70791954,14.48,55.54559224
1667628323.188828,21406.88,21406.88,-1.78036085,17.57,55.17255134
1667628333.1741517,21406.88,21406.88,-1.78036085,17.57,55.17255134
1667628343.1757784,21406.88,21414.4,-1.18047481,25.09,59.80264347
1667628353.2094574,21406.88,21414.4,-1.18047481,25.09,59.80264347
1667628363.5488076,21406.88,21414.4,-1.18047481,25.09,59.80264347
1667628373.1988535,21412.95,21412.95,-0.18459986,9.25,59.01895028
1667628383.1770566,21412.95,21412.95,-0.18459986,9.25,59.01895028
1667628393.2222767,21412.95,21412.95,-0.18459986,9.25,59.01895028
1667628404.092265,21412.95,21408.03,-0.5770785,4.33,55.04891001
1667628414.081308,21412.95,21408.03,-0.5770785,4.33,55.04891001
1667628424.088644,21412.95,21408.03,-0.5770785,4.33,55.04891001
1667628434.1294124,21409.12,21409.12,0.21908036,6.47,55.89735734
1667628444.049034,21409.12,21409.12,0.21908036,6.47,55.89735734
1667628454.1192126,21409.12,21409.12,0.21908036,6.47,55.89735734
1667628464.1262028,21409.12,21407.64,0.10101769,4.99,54.62948769
1667628474.0819316,21409.12,21407.64,0.10101769,4.99,54.62948769
1667628484.1013205,21409.12,21407.64,0.10101769,4.99,54.62948769
1667628494.097107,21408.73,21408.73,0.6914743,17.12,55.55758056
1667628504.1517725,21408.73,21408.73,0.6914743,17.12,55.55758056
1667628514.068769,21408.73,21408.73,0.6914743,17.12,55.55758056
1667628524.250631,21408.73,21408.73,0.6914743,17.12,55.55758056
1667628534.0750976,21408.73,21407.91,0.62606119,16.3,54.80328262
1667628544.1087866,21408.73,21407.91,0.62606119,16.3,54.80328262
1667628554.069331,21409.43,21409.43,1.21829757,19.53,55.89485522
1667628564.1331618,21409.43,21409.43,1.21829757,19.53,55.89485522
1667628574.127348,21409.43,21409.43,1.21829757,19.53,55.89485522
1667628584.6768134,21409.43,21413.49,1.54217222,23.59,59.01181229
1667628594.6923494,21409.43,21413.49,1.54217222,23.59,59.01181229
1667628604.6494637,21409.43,21413.49,1.54217222,23.59,59.01181229
1667628614.643011,21414.13,21414.13,2.14174695,30.48,59.48975686
1667628624.851841,21414.13,21414.13,2.14174695,30.48,59.48975686
1667628634.6429048,21414.13,21414.13,2.14174695,30.48,59.48975686
1667628644.623393,21414.13,21411.11,1.90083527,27.46,56.66143154
1667628654.6747804,21414.13,21411.11,1.90083527,27.46,56.66143154
1667628664.6377351,21414.13,21411.11,1.90083527,27.46,56.66143154
1667628674.6655686,21411.56,21411.56,2.23879015,30.11,57.10745884
1667628684.6804028,21411.56,21411.56,2.23879015,30.11,57.10745884
1667628694.6567378,21411.56,21411.56,2.23879015,30.11,57.10745884
1667628704.7203062,21411.56,21410.93,2.18853374,29.48,56.43764289
1667628714.960735,21411.56,21410.93,2.18853374,29.48,56.43764289
1667628724.7546394,21411.56,21410.93,2.18853374,29.48,56.43764289
1667628734.7142224,21409.54,21409.54,2.0997094,17.96,54.8935901
1667628744.9647503,21409.54,21409.54,2.0997094,17.96,54.8935901
1667628754.7323933,21409.54,21409.54,2.0997094,17.96,54.8935901
1667628765.306264,21409.54,21408.81,2.04147578,17.23,54.2659407
1667628775.5866854,21409.54,21408.81,2.04147578,17.23,54.2659407
1667628785.3391564,21409.54,21408.81,2.04147578,17.23,54.2659407
1667628795.26222,21408.75,21408.75,2.07226384,2.47,54.11658735
1667628805.380874,21408.75,21408.75,2.07226384,2.47,54.11658735
1667628815.309596,21408.75,21408.75,2.07226384,2.47,54.11658735
1667628825.3978975,21408.75,21410.8,2.2357966,4.52,56.03918657
1667628835.283218,21408.75,21410.8,2.2357966,4.52,56.03918657
1667628845.340545,21408.75,21410.8,2.2357966,4.52,56.03918657
1667628855.3919473,21405.86,21405.86,1.59308525,-1.02,51.15072722
1667628865.33646,21405.86,21405.86,1.59308525,-1.02,51.15072722
1667628875.5663302,21405.86,21405.86,1.59308525,-1.02,51.15072722
1667628885.3253157,21405.86,21405.83,1.59069208,-1.05,51.12148429
1667628895.3621593,21405.86,21405.83,1.59069208,-1.05,51.12148429
1667628905.3763056,21405.86,21405.83,1.59069208,-1.05,51.12148429
1667628915.374247,21409.92,21409.92,1.96402667,-2.28,54.85129787
1667628925.3613677,21409.92,21409.92,1.96402667,-2.28,54.85129787
1667628935.3927002,21409.92,21409.92,1.96402667,-2.28,54.85129787
1667628945.9474072,21409.92,21409.22,1.90818622,-2.98,54.20665965
1667628955.9655206,21409.92,21409.22,1.90818622,-2.98,54.20665965
1667628965.9526858,21409.92,21409.22,1.90818622,-2.98,54.20665965
1667628975.9436877,21407.42,21407.42,1.63432763,-2.11,52.30562816
1667628985.959946,21407.42,21407.42,1.63432763,-2.11,52.30562816
1667628995.961773,21407.42,21407.42,1.63432763,-2.11,52.30562816
1667629005.9452877,21407.42,21408.84,1.74760398,-0.69,53.65212231
1667629016.0112407,21407.42,21408.84,1.74760398,-0.69,53.65212231
1667629026.0099983,21407.42,21408.84,1.74760398,-0.69,53.65212231
1667629036.2256725,21406.74,21406.74,1.48449511,-1.99,51.54919707
1667629045.9939969,21406.74,21406.74,1.48449511,-1.99,51.54919707
1667629056.007121,21406.74,21406.74,1.48449511,-1.99,51.54919707
1667629066.026669,21406.74,21410.34,1.77167459,1.61,55.19589941
1667629076.0122898,21406.74,21410.34,1.77167459,1.61,55.19589941
1667629086.019381,21406.74,21410.34,1.77167459,1.61,55.19589941
1667629096.0104766,21408.84,21408.84,1.6539238,-1.26,53.76031848
1667629106.0068188,21408.84,21408.84,1.6539238,-1.26,53.76031848
1667629116.0237317,21408.84,21408.84,1.6539238,-1.26,53.76031848
1667629126.6086829,21408.84,21405.63,1.39785543,-4.47,50.06348847
1667629136.656851,21408.84,21405.63,1.39785543,-4.47,50.06348847
1667629146.5986643,21408.84,21405.63,1.39785543,-4.47,50.06348847
1667629156.5921628,21407.73,21407.73,1.47965765,-5.52,52.4217583
1667629166.6217442,21407.73,21407.73,1.47965765,-5.52,52.4217583
1667629176.5673783,21407.73,21407.73,1.47965765,-5.52,52.4217583
1667629186.598946,21407.73,21408.19,1.51635281,-5.06,52.9446415
1667629196.8942304,21407.73,21408.19,1.51635281,-5.06,52.9446415
1667629206.5970857,21407.73,21408.19,1.51635281,-5.06,52.9446415
1667629216.634595,21407.01,21407.01,1.3098691,-4.55,51.50112598
1667629226.5975475,21407.01,21407.01,1.3098691,-4.55,51.50112598
1667629236.6236982,21407.01,21407.01,1.3098691,-4.55,51.50112598
1667629246.644292,21407.01,21407.01,1.3098691,-4.55,51.50112598
1667629256.6762457,21407.01,21411.0,1.6281597,-0.56,56.06231098
1667629266.6303756,21407.01,21411.0,1.6281597,-0.56,56.06231098
1667629276.5754294,21411.45,21411.45,1.81831581,2.96,56.52162596
1667629286.6439424,21411.45,21411.45,1.81831581,2.96,56.52162596
1667629296.813428,21411.45,21411.45,1.81831581,2.96,56.52162596
1667629307.0551414,21411.45,21421.5,2.62002521,13.01,65.25695879
1667629317.0451343,21411.45,21421.5,2.62002521,13.01,65.25695879
1667629327.094552,21411.45,21421.5,2.62002521,13.01,65.25695879
1667629337.0851638,21416.74,21416.74,2.62129877,7.58,61.65075717
1667629347.0703125,21416.74,21416.74,2.62129877,7.58,61.65075717
1667629357.3977995,21416.74,21416.74,2.62129877,7.58,61.65075717
1667629367.1130147,21416.74,21418.93,2.79599963,9.77,63.54781856
1667629377.064808,21416.74,21418.93,2.79599963,9.77,63.54781856
1667629387.10235,21416.74,21418.93,2.79599963,9.77,63.54781856
1667629397.094849,21414.36,21414.36,2.59910372,9.3,58.63411483
1667629407.3659816,21414.36,21414.36,2.59910372,9.3,58.63411483
1667629417.1204257,21414.36,21414.36,2.59910372,9.3,58.63411483
1667629427.1410382,21414.36,21414.8,2.63420343,9.74,59.08497454
1667629437.1678872,21414.36,21414.8,2.63420343,9.74,59.08497454
1667629447.1275446,21414.36,21414.8,2.63420343,9.74,59.08497454
1667629457.381204,21414.93,21414.93,2.79189079,5.66,59.12064944
1667629467.2316723,21414.93,21414.93,2.79189079,5.66,59.12064944
1667629477.1232505,21414.93,21414.93,2.79189079,5.66,59.12064944
1667629488.0213745,21414.93,21426.61,3.72362868,17.34,68.87359108
1667629498.035763,21414.93,21426.61,3.72362868,17.34,68.87359108
1667629508.010856,21414.93,21426.61,3.72362868,17.34,68.87359108
1667629518.062508,21418.82,21418.82,3.41476883,11.91,63.02865096
1667629528.0555987,21418.82,21418.82,3.41476883,11.91,63.02865096
1667629538.0286078,21418.82,21418.82,3.41476883,11.91,63.02865096
1667629548.1726503,21418.82,21419.77,3.49055231,12.86,63.91848026
1667629558.0441709,21418.82,21419.77,3.49055231,12.86,63.91848026
1667629568.0789993,21418.82,21419.77,3.49055231,12.86,63.91848026
1667629578.1548245,21419.02,21419.02,3.64901342,11.71,63.21961192
1667629588.107345,21419.02,21419.02,3.64901342,11.71,63.21961192
1667629598.078131,21419.02,21419.02,3.64901342,11.71,63.21961192
1667629608.0850544,21419.02,21410.46,2.96616442,3.15,51.06296599
1667629618.071782,21419.02,21410.46,2.96616442,3.15,51.06296599
1667629628.055911,21419.02,21410.46,2.96616442,3.15,51.06296599
1667629638.0400848,21409.5,21409.5,2.42714026,0.66,49.99265651
1667629648.0456233,21409.5,21409.5,2.42714026,0.66,49.99265651
1667629658.098397,21409.5,21409.5,2.42714026,0.66,49.99265651
1667629668.478533,21409.5,21404.0,1.98839382,-4.84,44.23079799
1667629678.5003064,21409.5,21404.0,1.98839382,-4.84,44.23079799
1667629688.4799128,21409.5,21404.0,1.98839382,-4.84,44.23079799
1667629698.478529,21405.92,21405.92,1.53609902,-1.81,46.08759331
1667629708.5019534,21405.92,21405.92,1.53609902,-1.81,46.08759331
1667629718.5045178,21405.92,21405.92,1.53609902,-1.81,46.08759331
1667629728.5286405,21405.92,21404.52,1.4244181,-3.21,44.6170075
1667629738.771906,21405.92,21404.52,1.4244181,-3.21,44.6170075
1667629748.46649,21405.92,21404.52,1.4244181,-3.21,44.6170075
1667629758.4552157,21404.52,21404.52,0.82477752,-2.75,44.73808803
1667629768.4541402,21404.52,21404.52,0.82477752,-2.75,44.73808803
1667629778.4953494,21404.52,21404.52,0.82477752,-2.75,44.73808803
1667629788.4812806,21404.52,21403.18,0.71788294,-4.09,43.22431718
1667629798.507305,21404.52,21403.18,0.71788294,-4.09,43.22431718
1667629808.5313656,21404.52,21403.18,0.71788294,-4.09,43.22431718
1667629818.5050185,21403.46,21403.46,0.18250762,-7.99,43.74710987
1667629828.512582,21403.46,21403.46,0.18250762,-7.99,43.74710987
1667629838.5065858,21403.46,21403.46,0.18250762,-7.99,43.74710987
1667629849.318957,21403.46,21403.23,0.16416004,-8.22,43.42142687
1667629859.334685,21403.46,21403.23,0.16416004,-8.22,43.42142687
1667629869.3614793,21403.46,21403.23,0.16416004,-8.22,43.42142687
1667629879.348375,21409.84,21409.84,0.69147116,-6.17,51.46870974
1667629889.3974185,21409.84,21409.84,0.69147116,-6.17,51.46870974
1667629899.365446,21409.84,21409.84,0.69147116,-6.17,51.46870974
1667629909.3833022,21409.84,21420.89,1.57295264,4.88,61.39638656
1667629919.357603,21409.84,21420.89,1.57295264,4.88,61.39638656
1667629929.564866,21409.84,21420.89,1.57295264,4.88,61.39638656
1667629939.3961973,21410.6,21410.6,0.86110809,-3.76,52.07953699
1667629949.3746183,21410.6,21410.6,0.86110809,-3.76,52.07953699
1667629959.4394326,21410.6,21410.6,0.86110809,-3.76,52.07953699
1667629969.3899164,21410.6,21417.0,1.3716494,2.64,58.72621632
1667629979.3777173,21410.6,21417.0,1.3716494,2.64,58.72621632
1667629989.408238,21410.6,21417.0,1.3716494,2.64,58.72621632
1667629999.4149318,21413.95,21413.95,1.32901671,-1.15,55.8590309
1667630009.433251,21413.95,21413.95,1.32901671,-1.15,55.8590309
1667630019.441018,21413.95,21413.95,1.32901671,-1.15,55.8590309
1667630030.4370906,21413.95,21415.96,1.48935859,0.86,57.93300754
1667630040.4427805,21413.95,21415.96,1.48935859,0.86,57.93300754
1667630050.4303255,21413.95,21415.96,1.48935859,0.86,57.93300754
1667630060.4297092,21411.7,21411.7,1.15302738,-7.12,52.93748852
1667630070.4667666,21411.7,21411.7,1.15302738,-7.12,52.93748852
1667630080.7125332,21411.7,21405.57,0.66402454,-13.25,45.89470954
1667630090.541929,21411.7,21405.57,0.66402454,-13.25,45.89470954
1667630100.3960278,21411.7,21405.57,0.66402454,-13.25,45.89470954
1667630110.441849,21405.08,21405.08,0.20680828,-13.94,45.41177881
1667630120.5186706,21405.08,21405.08,0.20680828,-13.94,45.41177881
1667630130.4399822,21405.08,21405.08,0.20680828,-13.94,45.41177881
1667630140.4419403,21405.08,21405.08,0.20680828,-13.94,45.41177881
1667630150.4437916,21405.08,21403.12,0.05045501,-15.9,43.44261062
1667630160.4129755,21405.08,21403.12,0.05045501,-15.9,43.44261062
1667630170.4761372,21404.36,21404.36,-0.24832697,-5.05,44.79470535
1667630180.4613082,21404.36,21404.36,-0.24832697,-5.05,44.79470535
1667630190.461893,21404.36,21404.36,-0.24832697,-5.05,44.79470535
1667630200.5403717,21404.36,21398.16,-0.74291386,-11.25,38.80057605
1667630210.7873726,21404.36,21398.16,-0.74291386,-11.25,38.80057605
1667630220.796322,21404.36,21398.16,-0.74291386,-11.25,38.80057605
1667630230.7980082,21398.19,21398.19,-1.40554159,-7.72,38.82536179
1667630240.821072,21398.19,21398.19,-1.40554159,-7.72,38.82536179
1667630250.8067334,21398.19,21398.19,-1.40554159,-7.72,38.82536179
1667630260.843053,21398.19,21392.75,-1.8395017,-13.16,34.51923116
1667630270.8729515,21398.19,21392.75,-1.8395017,-13.16,34.51923116
1667630280.983598,21398.19,21392.75,-1.8395017,-13.16,34.51923116
1667630290.815716,21387.64,21387.64,-3.40192604,-16.52,31.26225899
1667630300.8734431,21387.64,21387.64,-3.40192604,-16.52,31.26225899
1667630310.8171573,21387.64,21387.64,-3.40192604,-16.52,31.26225899
1667630320.823435,21387.64,21387.64,-3.40192604,-16.52,31.26225899
1667630330.856743,21387.64,21388.63,-3.32295168,-15.53,32.58928922
1667630340.8566208,21387.64,21388.63,-3.32295168,-15.53,32.58928922
1667630350.8949769,21387.64,21388.63,-3.32295168,-15.53,32.58928922
1667630360.8679287,21386.99,21386.99,-4.3597925,-15.89,30.86335063
1667630370.9323406,21386.99,21386.99,-4.3597925,-15.89,30.86335063
1667630380.912765,21386.99,21386.99,-4.3597925,-15.89,30.86335063
1667630391.6634336,21386.99,21384.93,-4.52412298,-17.95,29.57533535
1667630401.646067,21386.99,21384.93,-4.52412298,-17.95,29.57533535
1667630411.6392293,21382.44,21382.44,-5.63666421,-27.56,28.13712966
1667630421.6350331,21382.44,21382.44,-5.63666421,-27.56,28.13712966
1667630431.6302276,21382.44,21382.44,-5.63666421,-27.56,28.13712966
1667630441.6801977,21382.44,21391.12,-4.94424255,-18.88,38.94038686
1667630451.651943,21382.44,21391.12,-4.94424255,-18.88,38.94038686
1667630461.9567783,21382.44,21391.12,-4.94424255,-18.88,38.94038686
1667630471.804578,21382.44,21391.12,-4.94424255,-18.88,38.94038686
1667630481.6717854,21393.46,21393.46,-4.75751424,-18.44,41.38952708
1667630491.6433578,21393.46,21393.46,-4.75751424,-18.44,41.38952708
1667630501.6657245,21393.46,21393.46,-4.75751424,-18.44,41.38952708
1667630511.6663382,21393.46,21393.58,-4.74794159,-18.32,41.51907306
1667630521.6771617,21393.46,21393.58,-4.74794159,-18.32,41.51907306
1667630531.643162,21393.46,21393.58,-4.74794159,-18.32,41.51907306
1667630541.6683786,21389.0,21389.0,-5.30293075,-24.95,38.21603064
1667630551.6636915,21389.0,21389.0,-5.30293075,-24.95,38.21603064
1667630561.683216,21389.0,21388.84,-5.31569428,-25.11,38.10412289
1667630572.5553496,21389.0,21388.84,-5.31569428,-25.11,38.10412289
1667630582.5561,21389.0,21388.84,-5.31569428,-25.11,38.10412289
1667630592.568979,21395.69,21395.69,-4.44519496,-16.01,44.94607899
1667630602.5504618,21395.69,21395.69,-4.44519496,-16.01,44.94607899
1667630612.559171,21395.69,21395.69,-4.44519496,-16.01,44.94607899
1667630622.561216,21395.69,21388.94,-4.9836565,-22.76,40.1762404
1667630632.7850652,21395.69,21388.94,-4.9836565,-22.76,40.1762404
1667630642.5641646,21395.69,21388.94,-4.9836565,-22.76,40.1762404
1667630652.5450451,21395.69,21388.94,-4.9836565,-22.76,40.1762404
1667630662.568674,21391.98,21391.98,-4.69697344,-13.1,42.19284373
1667630672.5762558,21391.98,21391.98,-4.69697344,-13.1,42.19284373
1667630682.692773,21391.98,21389.6,-4.88683099,-15.48,40.47976537
1667630692.5460887,21391.98,21389.6,-4.88683099,-15.48,40.47976537
1667630702.5654063,21391.98,21389.6,-4.88683099,-15.48,40.47976537
1667630712.5761182,21388.46,21388.46,-5.10643186,-15.52,39.7075483
1667630722.5810533,21388.46,21388.46,-5.10643186,-15.52,39.7075483
1667630732.5905566,21388.46,21388.46,-5.10643186,-15.52,39.7075483
1667630742.561455,21388.46,21389.24,-5.04420963,-14.74,40.54329882
1667630753.1672869,21388.46,21389.24,-5.04420963,-14.74,40.54329882
1667630763.193081,21388.46,21389.24,-5.04420963,-14.74,40.54329882
1667630773.194644,21390.15,21390.15,-4.91013884,-8.04,41.48952321
1667630783.184332,21390.15,21390.15,-4.91013884,-8.04,41.48952321
1667630793.4586828,21390.15,21390.15,-4.91013884,-8.04,41.48952321
1667630803.229775,21390.15,21394.1,-4.59503912,-4.09,45.54091338
1667630813.1575918,21390.15,21394.1,-4.59503912,-4.09,45.54091338
1667630823.208055,21390.15,21394.1,-4.59503912,-4.09,45.54091338
1667630833.2162428,21398.46,21398.46,-3.60049866,10.82,49.38670505
1667630843.1702695,21398.46,21398.46,-3.60049866,10.82,49.38670505
1667630853.2078216,21398.46,21398.46,-3.60049866,10.82,49.38670505
1667630863.218155,21398.46,21394.98,-3.8781055,7.34,46.59051811
1667630873.1692882,21398.46,21394.98,-3.8781055,7.34,46.59051811
1667630883.2206511,21398.46,21394.98,-3.8781055,7.34,46.59051811
1667630893.1966271,21390.43,21390.43,-4.17173268,3.44,43.34040605
1667630903.2244592,21390.43,21390.43,-4.17173268,3.44,43.34040605
1667630913.2556963,21390.43,21390.43,-4.17173268,3.44,43.34040605
1667630923.2672946,21390.43,21392.95,-3.97070704,5.96,45.46647488
1667630933.6461976,21390.43,21392.95,-3.97070704,5.96,45.46647488
1667630943.6312532,21390.43,21392.95,-3.97070704,5.96,45.46647488
1667630953.821035,21394.34,21394.34,-3.56526594,11.47,46.65600448
1667630963.6396947,21394.34,21394.34,-3.56526594,11.47,46.65600448
1667630973.579224,21394.34,21394.34,-3.56526594,11.47,46.65600448
1667630983.6574576,21394.34,21395.03,-3.5102232,12.16,47.27087158
1667630993.6441138,21394.34,21395.03,-3.5102232,12.16,47.27087158
1667631003.6355364,21394.34,21395.03,-3.5102232,12.16,47.27087158
1667631013.6226711,21396.72,21396.72,-2.91553294,3.26,48.70582397
1667631023.6433856,21396.72,21396.72,-2.91553294,3.26,48.70582397
1667631033.6327002,21396.72,21396.72,-2.91553294,3.26,48.70582397
1667631043.6577268,21396.72,21401.41,-2.54140188,7.95,52.57023632
1667631053.6454372,21396.72,21401.41,-2.54140188,7.95,52.57023632
1667631063.636112,21396.72,21401.41,-2.54140188,7.95,52.57023632
1667631073.68655,21402.42,21402.42,-1.75873968,12.92,53.33295321
1667631083.6057343,21402.42,21402.42,-1.75873968,12.92,53.33295321
1667631093.6723776,21402.42,21402.42,-1.75873968,12.92,53.33295321
1667631103.660307,21402.42,21405.08,-1.54654595,15.58,55.36857952
1667631114.326404,21402.42,21405.08,-1.54654595,15.58,55.36857952
1667631124.006427,21402.42,21405.08,-1.54654595,15.58,55.36857952
1667631134.0024576,21407.9,21407.9,-0.39794472,11.7,57.26413203
1667631144.033836,21407.9,21407.9,-0.39794472,11.7,57.26413203
1667631154.0534768,21407.9,21407.9,-0.39794472,11.7,57.26413203
1667631164.0679097,21407.9,21407.06,-0.46495326,10.86,56.47017697
1667631174.0077577,21407.9,21407.06,-0.46495326,10.86,56.47017697
1667631184.022538,21407.9,21407.06,-0.46495326,10.86,56.47017697
1667631193.989154,21407.9,21407.06,-0.46495326,10.86,56.47017697
1667631204.038073,21407.29,21407.29,0.22776196,15.31,56.68537227
1667631214.0026548,21407.29,21407.29,0.22776196,15.31,56.68537227
1667631224.0263407,21407.29,21405.12,0.05465654,13.14,54.5723556
1667631234.0366292,21407.29,21405.12,0.05465654,13.14,54.5723556
1667631244.0121083,21407.29,21405.12,0.05465654,13.14,54.5723556
1667631254.0206883,21402.97,21402.97,0.14344705,14.51,52.62796903
1667631264.0497203,21402.97,21402.97,0.14344705,14.51,52.62796903
1667631274.383148,21402.97,21402.97,0.14344705,14.51,52.62796903
1667631284.1164584,21402.97,21402.97,0.14344705,14.51,52.62796903
1667631294.8484845,21402.97,21405.1,0.31336158,16.64,54.36369286
1667631305.2359183,21402.97,21405.1,0.31336158,16.64,54.36369286
1667631315.0681088,21402.32,21402.32,0.22306153,12.17,52.02163534
1667631324.8734932,21402.32,21402.32,0.22306153,12.17,52.02163534
1667631334.8776808,21402.32,21402.32,0.22306153,12.17,52.02163534
1667631344.9053454,21402.32,21403.17,0.2908678,13.02,52.77063876
1667631354.8761475,21402.32,21403.17,0.2908678,13.02,52.77063876
1667631364.8408396,21402.32,21403.17,0.2908678,13.02,52.77063876
1667631374.8801334,21402.78,21402.78,0.45797366,3.82,52.32871278
1667631384.8701055,21402.78,21402.78,0.45797366,3.82,52.32871278
1667631394.919443,21402.78,21402.78,0.45797366,3.82,52.32871278
1667631404.8877144,21402.78,21401.66,0.36862893,2.7,51.21303748
1667631414.908393,21402.78,21401.66,0.36862893,2.7,51.21303748
1667631424.9555938,21402.78,21401.66,0.36862893,2.7,51.21303748
1667631434.8688345,21403.03,21403.03,0.60401873,11.83,52.58441607
1667631444.9461555,21403.03,21403.03,0.60401873,11.83,52.58441607
1667631454.8760417,21403.03,21403.03,0.60401873,11.83,52.58441607
1667631465.2796483,21403.03,21400.37,0.39182499,9.17,49.79624645
1667631475.5640385,21403.03,21400.37,0.39182499,9.17,49.79624645
1667631485.572654,21403.03,21400.37,0.39182499,9.17,49.79624645
1667631495.5827012,21399.35,21399.35,0.20035543,5.01,48.77464394
1667631505.665964,21399.35,21399.35,0.20035543,5.01,48.77464394
1667631515.5889616,21399.35,21399.35,0.20035543,5.01,48.77464394
1667631525.5867498,21399.35,21399.5,0.21232124,5.16,48.92896314
1667631535.5916016,21399.35,21399.5,0.21232124,5.16,48.92896314
1667631545.5939753,21399.35,21399.5,0.21232124,5.16,48.92896314
1667631555.5892262,21399.91,21399.91,0.16597309,2.51,49.36015123
1667631565.5992985,21399.91,21399.91,0.16597309,2.51,49.36015123
1667631575.6303637,21399.91,21399.91,0.16597309,2.51,49.36015123
1667631585.5996895,21399.91,21400.62,0.22261126,3.22,50.16540685
1667631595.611733,21399.91,21400.62,0.22261126,3.22,50.16540685
1667631605.6331556,21399.91,21400.62,0.22261126,3.22,50.16540685
1667631615.5885515,21401.93,21401.93,0.35505352,-0.49,51.62876735
1667631625.6027424,21401.93,21401.93,0.35505352,-0.49,51.62876735
1667631635.6505234,21401.93,21401.93,0.35505352,-0.49,51.62876735
1667631645.5961037,21401.93,21401.81,0.34548087,-0.61,51.49249299
1667631656.7045774,21401.93,21401.81,0.34548087,-0.61,51.49249299
1667631666.4347243,21401.93,21401.81,0.34548087,-0.61,51.49249299
1667631676.4093876,21402.21,21402.21,0.44560451,-5.95,51.94378258
1667631686.3542025,21402.21,21402.21,0.44560451,-5.95,51.94378258
1667631696.38817,21402.21,21402.21,0.44560451,-5.95,51.94378258
1667631706.3733115,21402.21,21402.71,0.48549055,-5.45,52.53819152
1667631716.3647227,21402.21,21402.71,0.48549055,-5.45,52.53819152
1667631726.3989086,21402.21,21402.71,0.48549055,-5.45,52.53819152
1667631736.3906882,21402.96,21402.96,0.59999292,-4.33,52.82991569
1667631746.4420693,21402.96,21402.96,0.59999292,-4.33,52.82991569
1667631756.3681858,21402.96,21402.96,0.59999292,-4.33,52.82991569
1667631766.4357352,21402.96,21404.09,0.69013537,-3.2,54.20021269
1667631776.4305785,21402.96,21404.09,0.69013537,-3.2,54.20021269
1667631786.3760073,21402.96,21404.09,0.69013537,-3.2,54.20021269
1667631796.3880548,21398.41,21398.41,0.02404103,-4.57,47.1497198
1667631806.4718258,21398.41,21398.41,0.02404103,-4.57,47.1497198
1667631816.521301,21398.41,21398.41,0.02404103,-4.57,47.1497198
1667631826.4469442,21398.41,21395.81,-0.18336638,-7.17,44.22365042
1667631837.2357924,21398.41,21395.81,-0.18336638,-7.17,44.22365042
1667631847.4571562,21398.41,21395.81,-0.18336638,-7.17,44.22365042
1667631857.2178147,21398.98,21398.98,-0.03296459,-2.85,47.91129925
1667631867.2702744,21398.98,21398.98,-0.03296459,-2.85,47.91129925
1667631877.2518077,21398.98,21398.98,-0.03296459,-2.85,47.91129925
1667631887.270037,21398.98,21398.0,-0.11114123,-3.83,46.70501494
1667631897.2646427,21398.98,21398.0,-0.11114123,-3.83,46.70501494
1667631907.2800455,21398.98,21398.0,-0.11114123,-3.83,46.70501494
1667631917.2429116,21396.28,21396.28,-0.50977294,-7.13,44.70819951
1667631927.2814193,21396.28,21396.28,-0.50977294,-7.13,44.70819951
1667631937.3164506,21396.28,21396.28,-0.50977294,-7.13,44.70819951
1667631947.2408075,21396.28,21399.05,-0.28880428,-4.36,48.46916634
1667631957.27063,21396.28,21399.05,-0.28880428,-4.36,48.46916634
1667631967.5498905,21396.28,21399.05,-0.28880428,-4.36,48.46916634
1667631977.3071363,21397.2,21397.2,-0.59372912,-5.83,45.97341551
1667631987.2563288,21397.2,21397.2,-0.59372912,-5.83,45.97341551
1667631997.3032875,21397.2,21397.2,-0.59372912,-5.83,45.97341551
1667632007.510008,21397.2,21398.39,-0.49880034,-4.64,47.72717465
1667632017.652521,21397.2,21398.39,-0.49880034,-4.64,47.72717465
1667632027.731219,21397.2,21398.39,-0.49880034,-4.64,47.72717465
1667632038.037156,21398.12,21398.12,-0.58018665,-1.63,47.33932297
1667632047.6779876,21398.12,21398.12,-0.58018665,-1.63,47.33932297
1667632057.6966946,21398.12,21398.12,-0.58018665,-1.63,47.33932297
1667632067.6940284,21398.12,21394.27,-0.88730916,-5.48,42.49724152
1667632077.9345117,21398.12,21394.27,-0.88730916,-5.48,42.49724152
1667632087.8684833,21398.12,21394.27,-0.88730916,-5.48,42.49724152
1667632097.7960737,21392.58,21392.58,-1.40361236,-7.33,40.67115026
1667632107.7261918,21392.58,21392.58,-1.40361236,-7.33,40.67115026
1667632117.6932907,21392.58,21392.58,-1.40361236,-7.33,40.67115026
1667632127.707545,21392.58,21391.32,-1.50412518,-8.59,39.3147563
1667632137.938099,21392.58,21391.32,-1.50412518,-8.59,39.3147563
1667632147.696843,21392.58,21391.32,-1.50412518,-8.59,39.3147563
1667632157.731796,21389.78,21389.78,-2.08231866,-11.62,37.77499301
1667632167.674294,21389.78,21389.78,-2.08231866,-11.62,37.77499301
1667632177.7064323,21389.78,21389.78,-2.08231866,-11.62,37.77499301
1667632187.737827,21389.78,21392.11,-1.89644972,-9.29,41.5076439
1667632198.2709858,21389.78,21392.11,-1.89644972,-9.29,41.5076439
1667632208.1092126,21389.78,21392.11,-1.89644972,-9.29,41.5076439
1667632218.1235127,21385.67,21385.67,-2.94829922,-16.54,33.90298435
1667632228.1597655,21385.67,21385.67,-2.94829922,-16.54,33.90298435
1667632238.1628828,21385.67,21385.67,-2.94829922,-16.54,33.90298435
1667632248.1314962,21385.67,21385.81,-2.93713112,-16.4,34.0290971
1667632258.207432,21385.67,21385.81,-2.93713112,-16.4,34.0290971
1667632268.1494546,21385.67,21385.81,-2.93713112,-16.4,34.0290971
1667632278.1904178,21385.8,21385.8,-3.36667472,-17.16,34.02005794
1667632288.2035463,21385.8,21385.8,-3.36667472,-17.16,34.02005794
1667632298.296131,21385.8,21385.8,-3.36667472,-17.16,34.02005794
1667632308.1803615,21385.8,21391.13,-2.94148954,-11.83,42.74919244
1667632318.15052,21385.8,21391.13,-2.94148954,-11.83,42.74919244
1667632328.2659566,21385.8,21391.13,-2.94148954,-11.83,42.74919244
1667632338.1840785,21394.06,21394.06,-2.48547964,-4.35,46.64363743
1667632348.1658175,21394.06,21394.06,-2.48547964,-4.35,46.64363743
1667632358.3246517,21394.06,21394.06,-2.48547964,-4.35,46.64363743
1667632368.147257,21394.06,21387.47,-3.01117765,-10.94,40.11297965
1667632379.0626647,21394.06,21387.47,-3.01117765,-10.94,40.11297965
1667632389.2177114,21394.06,21387.47,-3.01117765,-10.94,40.11297965
1667632399.0665452,21387.32,21387.32,-3.24703897,-12.14,39.98554914
1667632409.048607,21387.32,21387.32,-3.24703897,-12.14,39.98554914
1667632419.0809698,21387.32,21387.32,-3.24703897,-12.14,39.98554914
1667632429.1152298,21387.32,21389.95,-3.0372384,-9.51,43.38175552
1667632439.0621386,21387.32,21389.95,-3.0372384,-9.51,43.38175552
1667632449.065637,21387.32,21389.95,-3.0372384,-9.51,43.38175552
1667632459.1041138,21388.93,21388.93,-3.13322262,-7.59,42.21960412
1667632469.0435464,21388.93,21388.93,-3.13322262,-7.59,42.21960412
1667632479.066169,21388.93,21388.93,-3.13322262,-7.59,42.21960412
1667632489.2705443,21388.93,21387.86,-3.21857875,-8.66,41.19405281
1667632499.122307,21388.93,21387.86,-3.21857875,-8.66,41.19405281
1667632509.238917,21388.93,21387.86,-3.21857875,-8.66,41.19405281
1667632519.0932386,21390.49,21390.49,-2.91344252,-6.71,44.13808024
1667632529.1528246,21390.49,21390.49,-2.91344252,-6.71,44.13808024
1667632539.0937188,21390.49,21390.49,-2.91344252,-6.71,44.13808024
1667632549.221595,21390.49,21394.89,-2.56244537,-2.31,49.59828925
1667632559.8003488,21390.49,21394.89,-2.56244537,-2.31,49.59828925
1667632569.8096364,21390.49,21394.89,-2.56244537,-2.31,49.59828925
1667632579.8014388,21398.12,21398.12,-1.72633603,0.0,52.97059029
1667632589.9109206,21398.12,21398.12,-1.72633603,0.0,52.97059029
1667632599.8269048,21398.12,21398.12,-1.72633603,0.0,52.97059029
1667632609.903474,21398.12,21402.42,-1.38331609,4.3,57.09059911
1667632619.8734505,21398.12,21402.42,-1.38331609,4.3,57.09059911
1667632629.843261,21398.12,21402.42,-1.38331609,4.3,57.09059911
1667632639.872789,21401.3,21401.3,-0.85937237,8.72,56.15149765
1667632649.8629918,21401.3,21401.3,-0.85937237,8.72,56.15149765
1667632659.843365,21401.3,21401.3,-0.85937237,8.72,56.15149765
1667632669.845943,21401.3,21401.91,-0.8107114,9.33,56.74293194
1667632679.892813,21401.3,21401.91,-0.8107114,9.33,56.74293194
1667632689.873606,21401.3,21401.91,-0.8107114,9.33,56.74293194
1667632699.8247964,21400.91,21400.91,-0.36858912,11.13,55.76481737
1667632710.0713706,21400.91,21400.91,-0.36858912,11.13,55.76481737
1667632719.8596454,21400.91,21400.91,-0.36858912,11.13,55.76481737
1667632729.8285563,21400.91,21405.49,-0.003233,15.71,60.2032572
1667632740.267677,21400.91,21405.49,-0.003233,15.71,60.2032572
1667632750.299094,21400.91,21405.49,-0.003233,15.71,60.2032572
1667632760.2951071,21406.96,21406.96,0.89974597,20.51,61.4448987
1667632770.3167694,21406.96,21406.96,0.89974597,20.51,61.4448987
1667632780.3017683,21406.96,21405.46,0.78008785,19.01,59.408078
1667632790.3161037,21406.96,21405.46,0.78008785,19.01,59.408078
1667632800.342045,21406.96,21405.46,0.78008785,19.01,59.408078
1667632810.5003047,21406.96,21405.46,0.78008785,19.01,59.408078
1667632820.2890885,21400.9,21400.9,0.64842367,15.1,53.96945924
1667632830.3081064,21400.9,21400.9,0.64842367,15.1,53.96945924
1667632840.3222284,21400.9,21400.9,0.64842367,15.1,53.96945924
1667632850.3195803,21400.9,21405.99,1.05446355,20.19,58.53282412
1667632860.46761,21400.9,21405.99,1.05446355,20.19,58.53282412
1667632870.7373295,21407.52,21407.52,1.7593118,13.28,59.72822885
1667632880.333833,21407.52,21407.52,1.7593118,13.28,59.72822885
1667632890.33604,21407.52,21407.52,1.7593118,13.28,59.72822885
1667632900.2746668,21407.52,21407.52,1.7593118,13.28,59.72822885
1667632910.341023,21407.52,21405.52,1.59976764,11.28,57.39123155
1667632920.8880856,21407.52,21405.52,1.59976764,11.28,57.39123155
1667632930.6602578,21405.95,21405.95,1.97330586,18.63,57.87812224
1667632940.7002008,21405.95,21405.95,1.97330586,18.63,57.87812224
1667632950.7168524,21405.95,21405.95,1.97330586,18.63,57.87812224
1667632960.708874,21405.95,21410.65,2.34823464,23.33,61.70257725
1667632970.8597653,21405.95,21410.65,2.34823464,23.33,61.70257725
1667632980.7482266,21405.95,21410.65,2.34823464,23.33,61.70257725
1667632990.730495,21411.87,21411.87,3.030063,22.54,62.60502059
1667633000.6873229,21411.87,21411.87,3.030063,22.54,62.60502059
1667633010.7142403,21411.87,21411.87,3.030063,22.54,62.60502059
1667633020.7116573,21411.87,21411.87,3.030063,22.54,62.60502059
1667633030.9323142,21411.87,21409.06,2.80590345,19.73,59.36109564
1667633040.7292538,21411.87,21409.06,2.80590345,19.73,59.36109564
1667633050.695732,21404.72,21404.72,2.466487,14.23,54.72896989
1667633060.6912622,21404.72,21404.72,2.466487,14.23,54.72896989
1667633070.7587376,21404.72,21404.72,2.466487,14.23,54.72896989
1667633080.735067,21404.72,21404.72,2.466487,14.23,54.72896989
1667633090.7465453,21404.72,21406.56,2.61326763,16.07,56.28639729
1667633101.606346,21404.72,21406.56,2.61326763,16.07,56.28639729
1667633111.6117356,21407.64,21407.64,2.85648058,9.51,57.15161973
1667633121.69567,21407.64,21407.64,2.85648058,9.51,57.15161973
1667633131.598791,21407.64,21407.64,2.85648058,9.51,57.15161973
1667633141.6971087,21407.64,21409.74,3.02400195,11.61,58.85687226
1667633151.621181,21407.64,21409.74,3.02400195,11.61,58.85687226
1667633161.6017888,21407.64,21409.74,3.02400195,11.61,58.85687226
1667633171.7285252,21409.66,21409.66,3.23253234,9.25,58.79440086
1667633181.6338575,21409.66,21409.66,3.23253234,9.25,58.79440086
1667633191.9071624,21409.66,21409.66,3.23253234,9.25,58.79440086
1667633201.757025,21409.66,21407.94,3.09532436,7.53,56.79758984
1667633211.6116085,21409.66,21407.94,3.09532436,7.53,56.79758984
1667633221.5766163,21409.66,21407.94,3.09532436,7.53,56.79758984
1667633231.6007628,21409.04,21409.04,3.30599148,8.13,58.01540269
1667633241.617782,21409.04,21409.04,3.30599148,8.13,58.01540269
1667633251.6557755,21409.04,21409.04,3.30599148,8.13,58.01540269
1667633261.6239078,21409.04,21409.04,3.30599148,8.13,58.01540269
1667633271.639537,21409.04,21405.21,3.00046441,4.3,53.55978202
1667633282.0514188,21409.04,21405.21,3.00046441,4.3,53.55978202
1667633292.0699234,21404.78,21404.78,2.73241555,-2.18,53.10190935
1667633302.0235288,21404.78,21404.78,2.73241555,-2.18,53.10190935
1667633312.0502417,21404.78,21404.78,2.73241555,-2.18,53.10190935
1667633322.0478635,21404.78,21394.4,1.90438136,-12.56,43.44643446
1667633332.0523305,21404.78,21394.4,1.90438136,-12.56,43.44643446
1667633342.0682838,21404.78,21394.4,1.90438136,-12.56,43.44643446
1667633352.1781354,21386.34,21386.34,-0.05655539,-14.56,38.04783489
1667633362.2364547,21386.34,21386.34,-0.05655539,-14.56,38.04783489
1667633372.0861125,21386.34,21386.34,-0.05655539,-14.56,38.04783489
1667633382.3640254,21386.34,21389.76,0.21626513,-11.14,41.21815703
1667633392.06061,21386.34,21389.76,0.21626513,-11.14,41.21815703
1667633402.086467,21386.34,21389.76,0.21626513,-11.14,41.21815703
1667633412.0971043,21386.34,21389.76,0.21626513,-11.14,41.21815703
1667633422.102834,21387.31,21387.31,-0.95186253,-20.22,38.99959521
1667633432.050775,21387.31,21387.31,-0.95186253,-20.22,38.99959521
1667633442.05153,21387.31,21395.66,-0.28576567,-11.87,46.72460942
1667633452.1085756,21387.31,21395.66,-0.28576567,-11.87,46.72460942
1667633462.5028996,21387.31,21395.66,-0.28576567,-11.87,46.72460942
1667633472.5259123,21392.3,21392.3,-1.03019199,-13.65,43.79464156
1667633482.6596727,21392.3,21392.3,-1.03019199,-13.65,43.79464156
1667633492.5107155,21392.3,21392.3,-1.03019199,-13.65,43.79464156
1667633502.5087657,21392.3,21393.14,-0.96318344,-12.81,44.61471975
1667633512.4766266,21392.3,21393.14,-0.96318344,-12.81,44.61471975
1667633522.4654446,21392.3,21393.14,-0.96318344,-12.81,44.61471975
1667633532.479252,21390.05,21390.05,-1.74240213,-21.44,42.30218858
1667633542.6863437,21390.05,21390.05,-1.74240213,-21.44,42.30218858
1667633552.4723978,21390.05,21390.05,-1.74240213,-21.44,42.30218858
1667633562.513591,21390.05,21390.05,-1.74240213,-21.44,42.30218858
1667633572.5052836,21390.05,21389.45,-1.79026537,-22.04,41.69598914
1667633582.560712,21390.05,21389.45,-1.79026537,-22.04,41.69598914
1667633592.5288558,21390.29,21390.29,-2.09504205,-14.43,42.57771312
1667633602.5349617,21390.29,21390.29,-2.09504205,-14.43,42.57771312
1667633612.488257,21390.29,21390.29,-2.09504205,-14.43,42.57771312
1667633622.4861271,21390.29,21395.04,-1.71612467,-9.68,47.37945382
1667633632.494076,21390.29,21395.04,-1.71612467,-9.68,47.37945382
1667633643.263384,21390.29,21395.04,-1.71612467,-9.68,47.37945382
1667633653.3017108,21389.11,21389.11,-2.50675956,-18.53,41.51920993
1667633663.3067963,21389.11,21389.11,-2.50675956,-18.53,41.51920993
1667633673.3159487,21389.11,21389.11,-2.50675956,-18.53,41.51920993
1667633683.3021915,21389.11,21383.92,-2.92077666,-23.72,37.52524461
1667633693.3105652,21389.11,21383.92,-2.92077666,-23.72,37.52524461
1667633703.3642411,21389.11,21383.92,-2.92077666,-23.72,37.52524461
1667633713.2993388,21388.26,21388.26,-2.85579457,-21.4,40.8722209
1667633723.5066388,21388.26,21388.26,-2.85579457,-21.4,40.8722209
1667633733.4908898,21388.26,21388.26,-2.85579457,-21.4,40.8722209
1667633743.5792787,21388.26,21387.57,-2.91083731,-22.09,40.21428744
1667633753.337516,21388.26,21387.57,-2.91083731,-22.09,40.21428744
1667633763.338328,21388.26,21387.57,-2.91083731,-22.09,40.21428744
1667633773.380167,21388.26,21387.57,-2.91083731,-22.09,40.21428744
1667633783.3352203,21383.61,21383.61,-3.69217146,-25.91,37.07383594
1667633793.3609073,21383.61,21383.61,-3.69217146,-25.91,37.07383594
1667633803.392084,21383.61,21383.61,-3.69217146,-25.91,37.07383594
1667633813.3797426,21383.61,21383.95,-3.66504895,-25.57,37.52495039
1667633823.7092705,21383.61,21383.95,-3.66504895,-25.57,37.52495039
1667633833.682453,21383.73,21383.73,-3.99779033,-21.05,37.23379481
1667633843.7042997,21383.73,21383.73,-3.99779033,-21.05,37.23379481
1667633853.717014,21383.73,21383.73,-3.99779033,-21.05,37.23379481
1667633863.7252245,21383.73,21383.89,-3.9850268,-20.89,37.46206229
1667633873.7054086,21383.73,21383.89,-3.9850268,-20.89,37.46206229
1667633883.7202344,21383.73,21383.89,-3.9850268,-20.89,37.46206229
1667633893.8505952,21388.27,21388.27,-3.60296759,1.41,43.19127722
1667633903.6960351,21388.27,21388.27,-3.60296759,1.41,43.19127722
1667633913.6967452,21388.27,21388.27,-3.60296759,1.41,43.19127722
1667633923.7386315,21388.27,21385.73,-3.80558868,-1.13,40.58913473
1667633933.7313726,21388.27,21385.73,-3.80558868,-1.13,40.58913473
1667633943.8447597,21388.27,21385.73,-3.80558868,-1.13,40.58913473
1667633953.7134602,21395.14,21395.14,-2.51891185,7.31,50.71940563
1667633963.7731924,21395.14,21395.14,-2.51891185,7.31,50.71940563
1667633973.7306635,21395.14,21395.14,-2.51891185,7.31,50.71940563
1667633983.7768295,21395.14,21395.14,-2.51891185,7.31,50.71940563
1667633993.734142,21395.14,21394.32,-2.58432496,6.49,49.86992687
1667634004.1561716,21395.14,21394.32,-2.58432496,6.49,49.86992687
1667634014.216991,21393.48,21393.48,-2.30490813,1.18,49.0287361
1667634024.1678116,21393.48,21393.48,-2.30490813,1.18,49.0287361
1667634034.171313,21393.48,21393.48,-2.30490813,1.18,49.0287361
1667634044.182953,21393.48,21391.84,-2.43573434,-0.46,47.3494677
1667634054.1666777,21393.48,21391.84,-2.43573434,-0.46,47.3494677
1667634064.1400084,21393.48,21391.84,-2.43573434,-0.46,47.3494677
1667634074.1887913,21390.93,21390.93,-2.32520244,1.41,46.41588419
1667634084.5014908,21390.93,21390.93,-2.32520244,1.41,46.41588419
1667634094.2058887,21390.93,21390.93,-2.32520244,1.41,46.41588419
1667634104.188655,21390.93,21392.99,-2.16087196,3.47,48.70618673
1667634114.1589708,21390.93,21392.99,-2.16087196,3.47,48.70618673
1667634124.2062182,21390.93,21392.99,-2.16087196,3.47,48.70618673
1667634134.201078,21391.79,21391.79,-2.09341313,1.86,47.36947315
1667634144.1586328,21391.79,21391.79,-2.09341313,1.86,47.36947315
1667634154.1582837,21391.79,21391.79,-2.09341313,1.86,47.36947315
1667634164.1798165,21391.79,21392.52,-2.03517951,2.59,48.27201952
1667634174.165492,21391.79,21392.52,-2.03517951,2.59,48.27201952
1667634184.5676944,21391.79,21392.52,-2.03517951,2.59,48.27201952
1667634194.5464797,21391.11,21391.11,-2.05236755,2.0,46.69834868
1667634204.7037904,21391.11,21391.11,-2.05236755,2.0,46.69834868
1667634214.6014006,21391.11,21391.11,-2.05236755,2.0,46.69834868
1667634224.5821111,21391.11,21398.72,-1.44530202,9.61,55.22457757
1667634234.5862987,21391.11,21398.72,-1.44530202,9.61,55.22457757
1667634244.6952791,21391.11,21398.72,-1.44530202,9.61,55.22457757
1667634254.5775418,21396.01,21396.01,-1.19527931,7.89,52.40944685
1667634264.5820425,21396.01,21396.01,-1.19527931,7.89,52.40944685
1667634274.6707928,21396.01,21396.01,-1.19527931,7.89,52.40944685
1667634284.5536408,21396.01,21398.68,-0.98228786,10.56,55.33939559
1667634294.550321,21396.01,21398.68,-0.98228786,10.56,55.33939559
1667634304.5905316,21396.01,21398.68,-0.98228786,10.56,55.33939559
1667634314.5707226,21401.62,21401.62,-0.05835368,18.01,58.11949602
1667634324.6471555,21401.62,21401.62,-0.05835368,18.01,58.11949602
1667634334.6265037,21401.62,21401.62,-0.05835368,18.01,58.11949602
1667634344.6161122,21401.62,21402.07,-0.02245625,18.46,58.54486332
1667634354.6199872,21401.62,21402.07,-0.02245625,18.46,58.54486332
1667634365.3971682,21401.62,21402.07,-0.02245625,18.46,58.54486332
1667634375.466642,21403.47,21403.47,0.78153362,19.74,59.50000019
1667634385.4259632,21403.47,21403.47,0.78153362,19.74,59.50000019
1667634395.4248774,21403.47,21403.47,0.78153362,19.74,59.50000019
1667634405.467953,21403.47,21401.6,0.63235983,17.87,57.05394371
1667634415.4548137,21403.47,21401.6,0.63235983,17.87,57.05394371
1667634425.4215536,21403.47,21401.6,0.63235983,17.87,57.05394371
1667634435.5177674,21396.52,21396.52,0.32646757,8.99,51.28175228
1667634445.484982,21396.52,21396.52,0.32646757,8.99,51.28175228
1667634455.4565618,21396.52,21396.52,0.32646757,8.99,51.28175228
1667634465.4897225,21396.52,21398.92,0.51792056,11.39,53.72746604
1667634475.4640512,21396.52,21398.92,0.51792056,11.39,53.72746604
1667634485.4935043,21396.52,21398.92,0.51792056,11.39,53.72746604
1667634495.4736328,21398.78,21398.78,0.68756488,3.64,53.59309984
1667634505.4497805,21398.78,21398.78,0.68756488,3.64,53.59309984
1667634515.443351,21398.78,21398.78,0.68756488,3.64,53.59309984
1667634525.4587934,21398.78,21401.95,0.94044237,6.81,56.66179392
1667634535.561908,21398.78,21401.95,0.94044237,6.81,56.66179392
1667634546.1725647,21398.78,21401.95,0.94044237,6.81,56.66179392
1667634556.1643918,21398.13,21398.13,0.72950591,4.65,52.82611735
1667634566.1641526,21398.13,21398.13,0.72950591,4.65,52.82611735
1667634576.1674883,21398.13,21398.13,0.72950591,4.65,52.82611735
1667634586.1723242,21398.13,21399.61,0.84756859,6.13,54.42542581
1667634596.2232907,21398.13,21399.61,0.84756859,6.13,54.42542581
1667634606.2287843,21398.13,21399.61,0.84756859,6.13,54.42542581
1667634616.2077546,21401.15,21401.15,1.19941907,9.53,56.00532662
1667634626.2646718,21401.15,21401.15,1.19941907,9.53,56.00532662
1667634636.1961608,21401.15,21401.15,1.19941907,9.53,56.00532662
1667634646.451732,21401.15,21402.03,1.2696185,10.41,56.90836601
1667634656.2327936,21401.15,21402.03,1.2696185,10.41,56.90836601
1667634666.1946518,21401.15,21402.03,1.2696185,10.41,56.90836601
1667634676.241253,21400.26,21400.26,1.22674826,8.74,54.84171541
1667634686.2084236,21400.26,21400.26,1.22674826,8.74,54.84171541
1667634696.254648,21400.26,21400.26,1.22674826,8.74,54.84171541
1667634706.2339568,21400.26,21395.21,0.82389926,3.69,48.69516764
1667634716.2503104,21400.26,21395.21,0.82389926,3.69,48.69516764
1667634726.6463,21400.26,21395.21,0.82389926,3.69,48.69516764
1667634736.656811,21396.46,21396.46,0.78825178,5.86,50.11369623
1667634746.6483357,21396.46,21396.46,0.78825178,5.86,50.11369623
1667634756.656626,21396.46,21396.46,0.78825178,5.86,50.11369623
1667634766.6453414,21396.46,21400.53,1.11292415,9.93,54.73711795
1667634776.7993126,21396.46,21400.53,1.11292415,9.93,54.73711795
1667634786.9375172,21396.46,21400.53,1.11292415,9.93,54.73711795
1667634796.6041195,21395.75,21395.75,0.57284819,-0.82,49.23634984
1667634806.6640131,21395.75,21395.75,0.57284819,-0.82,49.23634984
1667634816.613363,21395.75,21395.75,0.57284819,-0.82,49.23634984
1667634826.6160247,21395.75,21392.36,0.30242084,-4.21,45.17011989
1667634836.627406,21395.75,21392.36,0.30242084,-4.21,45.17011989
1667634846.6648903,21395.75,21392.36,0.30242084,-4.21,45.17011989
1667634856.6278987,21391.12,21391.12,-0.26431312,-10.5,44.16282694
1667634866.64013,21391.12,21391.12,-0.26431312,-10.5,44.16282694
1667634876.6596897,21391.12,21391.12,-0.26431312,-10.5,44.16282694
1667634886.679167,21391.12,21392.32,-0.16858662,-9.3,45.75485537
1667634896.7051387,21391.12,21392.32,-0.16858662,-9.3,45.75485537
1667634907.6180573,21391.12,21392.32,-0.16858662,-9.3,45.75485537
1667634917.5809922,21393.73,21393.73,-0.20575239,-10.35,47.5135475
1667634927.590781,21393.73,21393.73,-0.20575239,-10.35,47.5135475
1667634937.574436,21393.73,21393.73,-0.20575239,-10.35,47.5135475
1667634947.7612574,21393.73,21395.5,-0.06455581,-8.58,49.71590856
1667634957.6126475,21393.73,21395.5,-0.06455581,-8.58,49.71590856
1667634967.6299098,21393.73,21395.5,-0.06455581,-8.58,49.71590856
1667634977.5803044,21389.6,21389.6,-0.93220225,-7.44,43.28361087
1667634987.5948412,21389.6,21389.6,-0.93220225,-7.44,43.28361087
1667634997.5632234,21389.6,21389.6,-0.93220225,-7.44,43.28361087
1667635007.6168718,21389.6,21390.59,-0.8532279,-6.45,44.58345059
1667635017.5610883,21389.6,21390.59,-0.8532279,-6.45,44.58345059
1667635027.5760543,21389.6,21390.59,-0.8532279,-6.45,44.58345059
1667635037.6347902,21393.89,21393.89,-0.59866698,-4.89,48.51648856
1667635047.6090136,21393.89,21393.89,-0.59866698,-4.89,48.51648856
1667635057.6173728,21393.89,21393.89,-0.59866698,-4.89,48.51648856
1667635067.6010642,21393.89,21390.8,-0.84516271,-7.98,45.27617101
1667635077.6234322,21393.89,21390.8,-0.84516271,-7.98,45.27617101
1667635088.0258532,21393.89,21390.8,-0.84516271,-7.98,45.27617101
1667635098.1378572,21389.08,21389.08,-1.27860415,-9.05,43.65329547
1667635108.264949,21389.08,21389.08,-1.27860415,-9.05,43.65329547
1667635118.076944,21389.08,21389.08,-1.27860415,-9.05,43.65329547
1667635128.0433505,21389.08,21389.63,-1.23472951,-8.5,44.34032455
1667635138.099452,21389.08,21389.63,-1.23472951,-8.5,44.34032455
1667635148.2359667,21389.08,21389.63,-1.23472951,-8.5,44.34032455
1667635158.080407,21389.04,21389.04,-1.4845341,-11.75,43.66127913
1667635168.057187,21389.04,21389.04,-1.4845341,-11.75,43.66127913
1667635178.0739267,21389.04,21389.04,-1.4845341,-11.75,43.66127913
1667635188.0519946,21389.04,21386.31,-1.70231188,-14.48,40.98924137
1667635198.032939,21389.04,21386.31,-1.70231188,-14.48,40.98924137
1667635208.0773704,21389.04,21386.31,-1.70231188,-14.48,40.98924137
1667635218.0604253,21384.92,21384.92,-2.25716599,-14.77,40.01777655
1667635228.104322,21384.92,21384.92,-2.25716599,-14.77,40.01777655
1667635238.1177175,21384.92,21384.92,-2.25716599,-14.77,40.01777655
1667635248.084978,21384.92,21384.05,-2.3265677,-15.64,38.98905783
1667635258.0646229,21384.92,21384.05,-2.3265677,-15.64,38.98905783
1667635269.0793288,21384.92,21384.05,-2.3265677,-15.64,38.98905783
1667635278.7227635,21383.27,21383.27,-2.74309608,-13.19,38.26182145
1667635288.742403,21383.27,21383.27,-2.74309608,-13.19,38.26182145
1667635298.729396,21383.27,21383.27,-2.74309608,-13.19,38.26182145
1667635308.811771,21383.27,21384.26,-2.66412172,-12.2,39.39880833
1667635318.810283,21383.27,21384.26,-2.66412172,-12.2,39.39880833
1667635328.8125048,21383.27,21384.26,-2.66412172,-12.2,39.39880833
1667635338.7909954,21382.44,21382.44,-3.18430853,-13.31,37.93939139
1667635348.781613,21382.44,21382.44,-3.18430853,-13.31,37.93939139
1667635358.816192,21382.44,21382.44,-3.18430853,-13.31,37.93939139
1667635368.8841343,21382.44,21387.71,-2.76390967,-8.04,45.12472627
1667635378.8048773,21382.44,21387.71,-2.76390967,-8.04,45.12472627
1667635388.8489404,21382.44,21387.71,-2.76390967,-8.04,45.12472627
1667635398.8069978,21385.3,21385.3,-2.9981534,-4.98,42.05683753
1667635408.786908,21385.3,21385.3,-2.9981534,-4.98,42.05683753
1667635418.8529682,21385.3,21385.3,-2.9981534,-4.98,42.05683753
1667635429.1528394,21385.3,21388.79,-2.71974884,-1.49,46.70363322
1667635438.8250418,21385.3,21388.79,-2.71974884,-1.49,46.70363322
1667635449.6168127,21385.3,21388.79,-2.71974884,-1.49,46.70363322
1667635459.8451197,21385.3,21385.3,-2.99688693,-8.44,42.05683753
1667635469.651602,21385.3,21385.3,-2.99688693,-8.44,42.05683753
1667635479.6243043,21385.3,21385.3,-2.99688693,-8.44,42.05683753
1667635489.662595,21385.3,21379.53,-3.45717183,-14.21,36.40542344
1667635499.7821703,21385.3,21379.53,-3.45717183,-14.21,36.40542344
1667635509.6361544,21385.3,21379.53,-3.45717183,-14.21,36.40542344
1667635519.6235652,21371.93,21371.93,-4.8517586,-17.23,30.93085144
1667635529.6416886,21371.93,21371.93,-4.8517586,-17.23,30.93085144
1667635539.619498,21371.93,21371.93,-4.8517586,-17.23,30.93085144
1667635549.7540262,21371.93,21380.45,-4.17210048,-8.71,41.54357853
1667635559.6409082,21371.93,21380.45,-4.17210048,-8.71,41.54357853
1667635569.6468253,21371.93,21380.45,-4.17210048,-8.71,41.54357853
1667635579.671811,21376.89,21376.89,-4.71293877,-17.0,37.53303038
1667635589.661091,21376.89,21376.89,-4.71293877,-17.0,37.53303038
1667635599.6519716,21376.89,21376.89,-4.71293877,-17.0,37.53303038
1667635609.6866453,21376.89,21370.52,-5.22108692,-23.37,33.15040396
1667635619.8682756,21376.89,21370.52,-5.22108692,-23.37,33.15040396
1667635630.0065906,21376.89,21370.52,-5.22108692,-23.37,33.15040396
1667635639.985325,21369.75,21369.75,-5.83530312,-19.33,32.66357463
1667635650.010733,21369.75,21369.75,-5.83530312,-19.33,32.66357463
1667635660.0113354,21369.75,21369.75,-5.83530312,-19.33,32.66357463
1667635669.988727,21369.75,21356.6,-6.88430597,-32.48,26.01058517
1667635680.03709,21369.75,21356.6,-6.88430597,-32.48,26.01058517
1667635690.036698,21369.75,21356.6,-6.88430597,-32.48,26.01058517
1667635699.9943695,21358.83,21358.83,-7.78058094,-30.49,26.94115384
1667635710.055874,21358.83,21358.83,-7.78058094,-30.49,26.94115384
1667635720.0462675,21358.83,21358.83,-7.78058094,-30.49,26.94115384
1667635730.0583825,21358.83,21346.35,-8.7761365,-42.97,22.16244673
1667635739.9899657,21358.83,21346.35,-8.7761365,-42.97,22.16244673
1667635750.0577724,21358.83,21346.35,-8.7761365,-42.97,22.16244673
1667635760.0133345,21341.05,21341.05,-11.04692202,-43.37,20.60994418
1667635770.027742,21341.05,21341.05,-11.04692202,-43.37,20.60994418
1667635780.1181266,21341.05,21341.05,-11.04692202,-43.37,20.60994418
1667635790.0227702,21341.05,21351.17,-10.23962857,-33.25,30.60594351
1667635800.1398757,21341.05,21351.17,-10.23962857,-33.25,30.60594351
1667635810.7895076,21340.34,21340.34,-12.44338871,-43.55,20.39445793
1667635820.4121542,21340.34,21340.34,-12.44338871,-43.55,20.39445793
1667635830.45867,21340.34,21340.34,-12.44338871,-43.55,20.39445793
1667635840.4220831,21340.34,21324.68,-13.69261948,-59.21,16.47984851
1667635850.4244535,21340.34,21324.68,-13.69261948,-59.21,16.47984851
1667635860.4623306,21340.34,21324.68,-13.69261948,-59.21,16.47984851
1667635870.4961329,21340.34,21324.68,-13.69261948,-59.21,16.47984851
1667635880.4937408,21331.43,21331.43,-14.63709648,-50.38,17.96628579
1667635890.4873512,21331.43,21331.43,-14.63709648,-50.38,17.96628579
1667635900.4491289,21331.43,21331.43,-14.63709648,-50.38,17.96628579
1667635910.4968326,21331.43,21328.9,-14.83891984,-52.91,17.33515056
1667635920.4825833,21331.43,21328.9,-14.83891984,-52.91,17.33515056
1667635930.5049891,21328.96,21328.96,-15.98130373,-56.34,17.34960444
1667635940.625171,21328.96,21328.96,-15.98130373,-56.34,17.34960444
1667635950.4912703,21328.96,21328.96,-15.98130373,-56.34,17.34960444
1667635960.4955275,21328.96,21328.96,-15.98130373,-56.34,17.34960444
1667635970.675217,21328.96,21337.88,-15.26973678,-47.42,27.08338589
1667635980.538719,21328.96,21337.88,-15.26973678,-47.42,27.08338589
1667635990.8784351,21336.81,21336.81,-15.55623815,-48.49,26.35374278
1667636000.860297,21336.81,21336.81,-15.55623815,-48.49,26.35374278
1667636010.8751078,21336.81,21336.81,-15.55623815,-48.49,26.35374278
1667636020.8615773,21336.81,21336.81,-15.55623815,-48.49,26.35374278
1667636030.870752,21336.81,21338.29,-15.43817547,-47.01,27.54623565
1667636041.0898826,21336.81,21338.29,-15.43817547,-47.01,27.54623565
1667636050.8370042,21333.34,21333.34,-16.01092266,-38.59,25.09412016
1667636060.9163218,21333.34,21333.34,-16.01092266,-38.59,25.09412016
1667636070.9156227,21333.34,21333.34,-16.01092266,-38.59,25.09412016
1667636081.0268,21333.34,21333.34,-16.01092266,-38.59,25.09412016
1667636090.8825269,21333.34,21327.44,-16.48157793,-44.49,23.10664207
1667636100.9117165,21333.34,21327.44,-16.48157793,-44.49,23.10664207
1667636110.8999834,21333.34,21327.44,-16.48157793,-44.49,23.10664207
1667636120.915787,21325.49,21325.49,-17.10656837,-51.4,22.50974344
1667636130.9323063,21325.49,21325.49,-17.10656837,-51.4,22.50974344
1667636140.8887596,21325.49,21325.49,-17.10656837,-51.4,22.50974344
1667636150.881719,21325.49,21295.48,-19.50052848,-81.41,15.82260041
1667636161.2138245,21325.49,21295.48,-19.50052848,-81.41,15.82260041
1667636171.5148306,21325.49,21295.48,-19.50052848,-81.41,15.82260041
1667636181.6153193,21302.58,21302.58,-20.5485065,-67.73,17.14157893
1667636191.5036974,21302.58,21302.58,-20.5485065,-67.73,17.14157893
1667636201.5075672,21302.58,21298.8,-20.85004496,-71.51,16.31379362
1667636211.4988594,21302.58,21298.8,-20.85004496,-71.51,16.31379362
1667636221.4791174,21302.58,21298.8,-20.85004496,-71.51,16.31379362
1667636231.6037729,21283.18,21283.18,-24.31096375,-75.65,13.92319257
1667636241.4745028,21283.18,21283.18,-24.31096375,-75.65,13.92319257
1667636251.5260537,21283.18,21283.18,-24.31096375,-75.65,13.92319257
1667636261.5137522,21283.18,21278.5,-24.68429708,-80.33,13.29461895
1667636271.5216775,21283.18,21278.5,-24.68429708,-80.33,13.29461895
1667636281.5091712,21283.18,21278.5,-24.68429708,-80.33,13.29461895
1667636291.538522,21283.18,21278.5,-24.68429708,-80.33,13.29461895
1667636301.511577,21258.92,21258.92,-29.19929868,-82.13,11.1824808
1667636311.5512753,21258.92,21258.92,-29.19929868,-82.13,11.1824808
1667636321.5917652,21258.92,21287.87,-26.88989698,-53.18,29.1143419
1667636331.5143237,21258.92,21287.87,-26.88989698,-53.18,29.1143419
1667636341.7470622,21258.92,21287.87,-26.88989698,-53.18,29.1143419
1667636352.0264194,21275.17,21275.17,-28.84240738,-65.59,22.49503774
1667636361.9038546,21275.17,21275.17,-28.84240738,-65.59,22.49503774
1667636371.9571996,21275.17,21275.17,-28.84240738,-65.59,22.49503774
1667636381.9322505,21275.17,21275.17,-28.84240738,-65.59,22.49503774
1667636391.9413822,21275.17,21288.29,-27.79579769,-52.47,29.78929893
1667636401.9618008,21275.17,21288.29,-27.79579769,-52.47,29.78929893
1667636411.9745307,21297.77,21297.77,-26.09617745,-33.66,34.41443365
1667636421.9838152,21297.77,21297.77,-26.09617745,-33.66,34.41443365
1667636431.987963,21297.77,21297.77,-26.09617745,-33.66,34.41443365
1667636441.9780416,21297.77,21297.77,-26.09617745,-33.66,34.41443365
1667636452.0023608,21297.77,21322.0,-24.16329996,-9.43,44.48121805
1667636461.980859,21297.77,21322.0,-24.16329996,-9.43,44.48121805
1667636471.9630036,21297.77,21322.0,-24.16329996,-9.43,44.48121805
1667636482.0313427,21343.07,21343.07,-18.65594826,14.11,51.01887823
1667636491.9680831,21343.07,21343.07,-18.65594826,14.11,51.01887823
1667636501.9466677,21343.07,21348.13,-18.25230154,19.17,52.46649277
1667636512.2191954,21343.07,21348.13,-18.25230154,19.17,52.46649277
1667636522.0622,21343.07,21348.13,-18.25230154,19.17,52.46649277
1667636532.8411756,21343.07,21348.13,-18.25230154,19.17,52.46649277
1667636542.8340926,21346.62,21346.62,-14.93980023,9.29,52.04067581
1667636553.0044074,21346.62,21346.62,-14.93980023,9.29,52.04067581
1667636563.0400076,21346.62,21346.62,-14.93980023,9.29,52.04067581
1667636572.81838,21346.62,21330.03,-16.26321903,-7.3,47.08693071
1667636582.8613863,21346.62,21330.03,-16.26321903,-7.3,47.08693071
1667636592.8595393,21339.69,21339.69,-13.06329932,5.56,49.84996535
1667636602.823177,21339.69,21339.69,-13.06329932,5.56,49.84996535
1667636612.8193965,21339.69,21339.69,-13.06329932,5.56,49.84996535
1667636622.8101363,21339.69,21347.67,-12.42671812,13.54,52.3380666
1667636632.875176,21339.69,21347.67,-12.42671812,13.54,52.3380666
1667636642.8783011,21339.69,21347.67,-12.42671812,13.54,52.3380666
1667636652.8744905,21348.81,21348.81,-9.74529376,22.99,52.68203632
1667636662.8831515,21348.81,21348.81,-9.74529376,22.99,52.68203632
1667636672.851725,21348.81,21348.81,-9.74529376,22.99,52.68203632
1667636682.8481266,21348.81,21348.81,-9.74529376,22.99,52.68203632
1667636692.8547788,21348.81,21334.57,-10.88124818,8.75,48.11793167
1667636703.1318443,21348.81,21334.57,-10.88124818,8.75,48.11793167
1667636713.523456,21327.91,21327.91,-10.53538086,25.49,46.23926459
1667636723.498453,21327.91,21327.91,-10.53538086,25.49,46.23926459
1667636733.4703443,21327.91,21327.91,-10.53538086,25.49,46.23926459
1667636743.4742925,21327.91,21333.28,-10.10700479,30.86,48.00210649
1667636753.489586,21327.91,21333.28,-10.10700479,30.86,48.00210649
1667636763.4948668,21327.91,21333.28,-10.10700479,30.86,48.00210649
1667636773.6837234,21336.22,21336.22,-8.51949725,53.03,48.91388103
1667636783.516472,21336.22,21336.22,-8.51949725,53.03,48.91388103
1667636793.4884,21336.22,21336.22,-8.51949725,53.03,48.91388103
1667636803.508823,21336.22,21326.68,-9.28052289,43.49,46.09260841
1667636813.5097902,21336.22,21326.68,-9.28052289,43.49,46.09260841
1667636823.5494652,21336.22,21326.68,-9.28052289,43.49,46.09260841
1667636833.7459986,21319.49,21319.49,-9.76175291,60.57,44.17241662
1667636843.7559917,21319.49,21319.49,-9.76175291,60.57,44.17241662
1667636853.724355,21319.49,21319.49,-9.76175291,60.57,44.17241662
1667636863.8241684,21319.49,21309.76,-10.53793525,50.84,41.64407818
1667636873.7452445,21319.49,21309.76,-10.53793525,50.84,41.64407818
1667636883.7620585,21319.49,21309.76,-10.53793525,50.84,41.64407818
1667636894.3866498,21308.99,21308.99,-11.09326992,33.16,41.51913355
1667636904.4211252,21308.99,21308.99,-11.09326992,33.16,41.51913355
1667636914.41858,21308.99,21308.99,-11.09326992,33.16,41.51913355
1667636924.3798256,21308.99,21292.88,-12.37839812,17.05,37.64054016
1667636934.490924,21308.99,21292.88,-12.37839812,17.05,37.64054016
1667636944.3747528,21308.99,21292.88,-12.37839812,17.05,37.64054016
1667636954.3835847,21295.57,21295.57,-13.17838683,-2.2,38.21793982
1667636964.563171,21295.57,21295.57,-13.17838683,-2.2,38.21793982
1667636974.3898056,21295.57,21295.57,-13.17838683,-2.2,38.21793982
1667636984.396621,21295.57,21302.3,-12.64152073,4.53,40.64067426
1667636994.37855,21295.57,21302.3,-12.64152073,4.53,40.64067426
1667637004.364376,21295.57,21302.3,-12.64152073,4.53,40.64067426
1667637014.352117,21301.5,21301.5,-13.02669629,-41.57,40.35165389
1667637024.492555,21301.5,21301.5,-13.02669629,-41.57,40.35165389
1667637034.4299102,21301.5,21301.5,-13.02669629,-41.57,40.35165389
1667637044.3773186,21301.5,21290.97,-13.86669629,-52.1,37.74646706
1667637054.3973954,21301.5,21290.97,-13.86669629,-52.1,37.74646706
1667637064.354669,21301.5,21290.97,-13.86669629,-52.1,37.74646706
1667637075.117598,21301.16,21301.16,-13.17808329,-45.52,40.26193008
1667637085.096412,21301.16,21301.16,-13.17808329,-45.52,40.26193008
1667637095.1961677,21301.16,21301.16,-13.17808329,-45.52,40.26193008
1667637105.1767397,21301.16,21320.65,-11.62332546,-26.03,47.47222418
1667637115.1561246,21301.16,21320.65,-11.62332546,-26.03,47.47222418
1667637125.1674428,21301.16,21320.65,-11.62332546,-26.03,47.47222418
1667637135.1635132,21317.79,21317.79,-10.77440573,-21.9,46.52510213
1667637145.153627,21317.79,21317.79,-10.77440573,-21.9,46.52510213
1667637155.1377203,21317.79,21317.79,-10.77440573,-21.9,46.52510213
1667637165.1723058,21317.79,21312.21,-11.21953394,-27.48,44.82682799
1667637175.161142,21317.79,21312.21,-11.21953394,-27.48,44.82682799
1667637185.4689128,21317.79,21312.21,-11.21953394,-27.48,44.82682799
1667637195.1678395,21317.89,21317.89,-9.79362764,-30.54,46.56138409
1667637205.1550603,21317.89,21317.89,-9.79362764,-30.54,46.56138409
1667637215.204785,21317.89,21317.89,-9.79362764,-30.54,46.56138409
1667637225.2237072,21317.89,21322.01,-9.46496667,-26.42,48.12308152
1667637235.1581185,21317.89,21322.01,-9.46496667,-26.42,48.12308152
1667637245.2175057,21317.89,21322.01,-9.46496667,-26.42,48.12308152
1667637256.0977616,21319.12,21319.12,-8.70471197,-8.79,47.04845826
1667637266.1151874,21319.12,21319.12,-8.70471197,-8.79,47.04845826
1667637276.1636553,21319.12,21319.12,-8.70471197,-8.79,47.04845826
1667637286.0934029,21319.12,21312.34,-9.24556667,-15.57,44.70808195
1667637296.0925252,21319.12,21312.34,-9.24556667,-15.57,44.70808195
1667637306.101418,21319.12,21312.34,-9.24556667,-15.57,44.70808195
1667637316.1066675,21314.94,21314.94,-8.50451555,-21.83,45.64405177
1667637326.1300807,21314.94,21314.94,-8.50451555,-21.83,45.64405177
1667637336.094257,21314.94,21314.94,-8.50451555,-21.83,45.64405177
1667637346.4651513,21314.94,21318.62,-8.21095429,-18.15,47.19276421
1667637356.1899948,21314.94,21318.62,-8.21095429,-18.15,47.19276421
1667637366.1791897,21314.94,21318.62,-8.21095429,-18.15,47.19276421
1667637376.1466627,21325.15,21325.15,-6.50244949,5.66,49.73385997
1667637386.1526632,21325.15,21325.15,-6.50244949,5.66,49.73385997
1667637396.1726894,21325.15,21325.15,-6.50244949,5.66,49.73385997
1667637406.1580565,21325.15,21324.97,-6.51680846,5.48,49.66292198
1667637416.1923654,21325.15,21324.97,-6.51680846,5.48,49.66292198
1667637426.1690948,21325.15,21324.97,-6.51680846,5.48,49.66292198
1667637436.6126735,21322.54,21322.54,-5.82744438,14.05,48.70575832
1667637446.560533,21322.54,21322.54,-5.82744438,14.05,48.70575832
1667637456.6126688,21322.54,21322.54,-5.82744438,14.05,48.70575832
1667637466.7436416,21322.54,21311.99,-6.66903982,3.5,44.7541599
1667637476.5697577,21322.54,21311.99,-6.66903982,3.5,44.7541599
1667637486.554081,21322.54,21311.99,-6.66903982,3.5,44.7541599
1667637496.6121635,21311.75,21311.75,-6.63498684,15.51,44.67171119
1667637506.952654,21311.75,21311.75,-6.63498684,15.51,44.67171119
1667637516.7126296,21311.75,21311.75,-6.63498684,15.51,44.67171119
1667637526.5978563,21311.75,21300.69,-7.51726605,4.45,40.92960129
1667637536.6197717,21311.75,21300.69,-7.51726605,4.45,40.92960129
1667637546.5670958,21311.75,21300.69,-7.51726605,4.45,40.92960129
1667637556.5991335,21299.34,21299.34,-8.34344826,-2.16,40.71647074
1667637566.6248903,21299.34,21299.34,-8.34344826,-2.16,40.71647074
1667637576.596274,21299.34,21299.34,-8.34344826,-2.16,40.71647074
1667637586.6014624,21299.34,21291.56,-8.96407504,-9.94,38.14472631
1667637596.5762198,21299.34,21291.56,-8.96407504,-9.94,38.14472631
1667637606.567284,21299.34,21291.56,-8.96407504,-9.94,38.14472631
1667637617.1706336,21285.14,21285.14,-10.70794755,-16.02,36.3572085
1667637627.1539996,21285.14,21285.14,-10.70794755,-16.02,36.3572085
1667637637.1487474,21285.14,21285.14,-10.70794755,-16.02,36.3572085
1667637647.1877563,21285.14,21301.81,-9.37814698,0.65,43.62802278
1667637657.176964,21285.14,21301.81,-9.37814698,0.65,43.62802278
1667637667.1789412,21285.14,21301.81,-9.37814698,0.65,43.62802278
1667637677.2178762,21300.58,21300.58,-9.40706765,-17.21,43.14096135
1667637687.2289915,21300.58,21300.58,-9.40706765,-17.21,43.14096135
1667637697.4894729,21300.58,21300.58,-9.40706765,-17.21,43.14096135
1667637707.2748785,21300.58,21291.43,-10.13698218,-26.36,40.348131
1667637717.2555473,21300.58,21291.43,-10.13698218,-26.36,40.348131
1667637727.2715385,21300.58,21291.43,-10.13698218,-26.36,40.348131
1667637737.1990433,21283.06,21283.06,-11.63978853,-34.83,38.06614146
1667637747.2082503,21283.06,21283.06,-11.63978853,-34.83,38.06614146
1667637757.2679355,21283.06,21283.06,-11.63978853,-34.83,38.06614146
1667637767.4937673,21283.06,21289.72,-11.10850648,-28.17,40.7252374
1667637777.250271,21283.06,21289.72,-11.10850648,-28.17,40.7252374
1667637787.2841055,21283.06,21289.72,-11.10850648,-28.17,40.7252374
1667637797.9466977,21278.21,21278.21,-12.90677012,-41.58,36.77605527
1667637807.9629736,21278.21,21278.21,-12.90677012,-41.58,36.77605527
1667637818.0291717,21278.21,21278.21,-12.90677012,-41.58,36.77605527
1667637827.963093,21278.21,21279.5,-12.80386414,-40.29,37.30686752
1667637837.9667945,21278.21,21279.5,-12.80386414,-40.29,37.30686752
1667637848.0017626,21278.21,21279.5,-12.80386414,-40.29,37.30686752
1667637858.0344915,21270.16,21270.16,-14.61155412,-44.09,34.68764679
1667637868.0135078,21270.16,21270.16,-14.61155412,-44.09,34.68764679
1667637878.019536,21270.16,21270.16,-14.61155412,-44.09,34.68764679
1667637888.1766188,21270.16,21266.34,-14.91628347,-47.91,33.70938891
1667637897.99959,21270.16,21266.34,-14.91628347,-47.91,33.70938891
1667637908.0672028,21270.16,21266.34,-14.91628347,-47.91,33.70938891
1667637918.0100586,21269.77,21269.77,-15.33270812,-55.39,34.5851775
1667637928.0246313,21269.77,21269.77,-15.33270812,-55.39,34.5851775
1667637938.0549538,21269.77,21269.77,-15.33270812,-55.39,34.5851775
1667637948.0347257,21269.77,21288.11,-13.86968817,-37.05,43.09786781
1667637958.0423172,21269.77,21288.11,-13.86968817,-37.05,43.09786781
1667637968.037567,21269.77,21288.11,-13.86968817,-37.05,43.09786781
1667637978.873728,21277.54,21277.54,-14.62855334,-45.65,38.50081629
1667637989.0924714,21277.54,21277.54,-14.62855334,-45.65,38.50081629
1667637999.126358,21277.54,21277.54,-14.62855334,-45.65,38.50081629
1667638009.1533213,21277.54,21259.04,-16.10433681,-64.15,33.28785858
1667638018.9184823,21277.54,21259.04,-16.10433681,-64.15,33.28785858
1667638028.9291065,21277.54,21259.04,-16.10433681,-64.15,33.28785858
1667638038.9197917,21253.45,21253.45,-17.77245161,-58.3,31.99790877
1667638048.9085977,21253.45,21253.45,-17.77245161,-58.3,31.99790877
1667638058.8658855,21253.45,21253.45,-17.77245161,-58.3,31.99790877
1667638068.915264,21253.45,21263.61,-16.96196728,-48.14,36.79219797
1667638079.0964048,21253.45,21263.61,-16.96196728,-48.14,36.79219797
1667638088.9292943,21253.45,21263.61,-16.96196728,-48.14,36.79219797
1667638098.9265766,21265.86,21265.86,-16.77316345,-32.32,37.76390007
1667638108.951901,21265.86,21265.86,-16.77316345,-32.32,37.76390007
1667638118.9272833,21265.86,21265.86,-16.77316345,-32.32,37.76390007
1667638128.9055424,21265.86,21273.61,-16.15492983,-24.57,41.12145691
1667638139.100921,21265.86,21273.61,-16.15492983,-24.57,41.12145691
1667638148.922749,21265.86,21273.61,-16.15492983,-24.57,41.12145691
1667638159.658996,21281.42,21281.42,-14.40098455,-4.34,44.16932428
1667638169.6601298,21281.42,21281.42,-14.40098455,-4.34,44.16932428
1667638179.6841748,21281.42,21281.42,-14.40098455,-4.34,44.16932428
1667638189.6291974,21281.42,21283.9,-14.2031498,-1.86,45.13652105
1667638199.8251667,21281.42,21283.9,-14.2031498,-1.86,45.13652105
1667638209.6240752,21281.42,21283.9,-14.2031498,-1.86,45.13652105
1667638219.7126205,21280.75,21280.75,-13.41928124,-19.83,43.92384579
1667638229.6479144,21280.75,21280.75,-13.41928124,-19.83,43.92384579
1667638239.831916,21280.75,21280.75,-13.41928124,-19.83,43.92384579
1667638249.6306405,21280.75,21273.25,-14.01757184,-27.33,41.53615963
1667638259.6651242,21280.75,21273.25,-14.01757184,-27.33,41.53615963
1667638269.6308787,21280.75,21273.25,-14.01757184,-27.33,41.53615963
1667638279.635036,21277.16,21277.16,-12.96283086,-7.24,42.74760595
1667638289.6865458,21277.16,21277.16,-12.96283086,-7.24,42.74760595
1667638299.6810286,21277.16,21277.16,-12.96283086,-7.24,42.74760595
1667638309.658491,21277.16,21283.06,-12.49217559,-1.34,45.33832722
1667638319.7469516,21277.16,21283.06,-12.49217559,-1.34,45.33832722
1667638329.739372,21277.16,21283.06,-12.49217559,-1.34,45.33832722
1667638339.9998028,21288.45,21288.45,-10.6371328,9.85,47.50830069
1667638350.0334697,21288.45,21288.45,-10.6371328,9.85,47.50830069
1667638360.0452824,21288.45,21288.45,-10.6371328,9.85,47.50830069
1667638370.052069,21288.45,21294.82,-10.12898465,16.22,50.03289194
1667638380.094259,21288.45,21294.82,-10.12898465,16.22,50.03289194
1667638390.0857036,21288.45,21294.82,-10.12898465,16.22,50.03289194
1667638400.0661,21290.81,21290.81,-8.960468,20.65,48.46409403
1667638410.0961423,21290.81,21290.81,-8.960468,20.65,48.46409403
1667638420.098766,21290.81,21290.81,-8.960468,20.65,48.46409403
1667638430.2430644,21290.81,21292.0,-8.86553922,21.84,48.93927176
1667638440.0448418,21290.81,21292.0,-8.86553922,21.84,48.93927176
1667638450.0543678,21290.81,21292.0,-8.86553922,21.84,48.93927176
1667638460.0577936,21294.02,21294.02,-7.28743249,24.25,49.74774491
1667638470.055986,21294.02,21294.02,-7.28743249,24.25,49.74774491
1667638480.0801182,21294.02,21294.02,-7.28743249,24.25,49.74774491
1667638490.1102755,21294.02,21294.66,-7.23637836,24.89,50.02512418
1667638500.0932617,21294.02,21294.66,-7.23637836,24.89,50.02512418
1667638510.052966,21294.02,21294.66,-7.23637836,24.89,50.02512418
1667638521.229875,21298.35,21298.35,-5.54087535,21.27,51.58970317
1667638531.180437,21298.35,21298.35,-5.54087535,21.27,51.58970317
1667638541.1946435,21298.35,21301.99,-5.25050498,24.91,53.14781916
1667638551.213665,21298.35,21301.99,-5.25050498,24.91,53.14781916
1667638561.2252383,21298.35,21301.99,-5.25050498,24.91,53.14781916
1667638571.2426991,21300.01,21300.01,-4.15577768,46.56,52.31854617
1667638581.1995473,21300.01,21300.01,-4.15577768,46.56,52.31854617
1667638591.177035,21300.01,21300.01,-4.15577768,46.56,52.31854617
1667638601.201171,21300.01,21299.05,-4.23235887,45.6,51.84231271
1667638611.229154,21300.01,21299.05,-4.23235887,45.6,51.84231271
1667638621.4062767,21300.01,21299.05,-4.23235887,45.6,51.84231271
1667638631.2034538,21291.89,21291.89,-4.22849313,26.03,48.47783657
1667638641.2410696,21291.89,21291.89,-4.22849313,26.03,48.47783657
1667638651.2143152,21291.89,21291.89,-4.22849313,26.03,48.47783657
1667638661.2300854,21291.89,21295.92,-3.90701164,30.06,50.42082874
1667638671.2040827,21291.89,21295.92,-3.90701164,30.06,50.42082874
1667638681.2144876,21291.89,21295.92,-3.90701164,30.06,50.42082874
1667638691.4491768,21291.89,21295.92,-3.90701164,30.06,50.42082874
1667638701.7983434,21296.54,21296.54,-3.10869421,15.54,50.70925711
1667638711.839165,21296.54,21296.54,-3.10869421,15.54,50.70925711
1667638721.8551688,21296.54,21295.88,-3.16134379,14.88,50.37330599
1667638731.790016,21296.54,21295.88,-3.16134379,14.88,50.37330599
1667638741.8371325,21296.54,21295.88,-3.16134379,14.88,50.37330599
1667638751.7867038,21296.54,21295.88,-3.16134379,14.88,50.37330599
1667638761.8438263,21294.76,21294.76,-2.73818004,14.01,49.81328014
1667638771.7922258,21294.76,21294.76,-2.73818004,14.01,49.81328014
1667638782.0053625,21294.76,21292.43,-2.92404899,11.68,48.60270802
1667638791.8293202,21294.76,21292.43,-2.92404899,11.68,48.60270802
1667638801.8276389,21294.76,21292.43,-2.92404899,11.68,48.60270802
1667638811.8649082,21291.0,21291.0,-2.83696069,13.84,47.88844789
1667638821.8526757,21291.0,21291.0,-2.83696069,13.84,47.88844789
1667638831.840398,21291.0,21291.0,-2.83696069,13.84,47.88844789
1667638841.8446083,21291.0,21297.3,-2.33439659,20.14,51.28506989
1667638852.010601,21291.0,21297.3,-2.33439659,20.14,51.28506989
1667638861.8824944,21291.0,21297.3,-2.33439659,20.14,51.28506989
1667638871.8631966,21298.18,21298.18,-1.59570379,9.73,51.68021757
1667638882.593454,21298.18,21298.18,-1.59570379,9.73,51.68021757
1667638892.5642054,21298.18,21298.18,-1.59570379,9.73,51.68021757
1667638902.571243,21298.18,21298.18,-1.59570379,9.73,51.68021757
1667638912.546991,21298.18,21303.09,-1.20402288,14.64,54.18693461
1667638922.5900185,21298.18,21303.09,-1.20402288,14.64,54.18693461
1667638932.587227,21306.33,21306.33,0.0294318,13.81,55.70913767
1667638942.6628656,21306.33,21306.33,0.0294318,13.81,55.70913767
1667638952.6121264,21306.33,21306.33,0.0294318,13.81,55.70913767
1667638962.6240015,21306.33,21309.88,0.31262268,17.36,57.36047131
1667638972.6102085,21306.33,21309.88,0.31262268,17.36,57.36047131
1667638982.6104183,21306.33,21309.88,0.31262268,17.36,57.36047131
1667638992.6246655,21306.5,21306.5,0.84951127,11.54,55.79112608
1667639002.7458622,21306.5,21306.5,0.84951127,11.54,55.79112608
1667639012.5843863,21306.5,21306.5,0.84951127,11.54,55.79112608
1667639022.5742722,21306.5,21304.58,0.69634887,9.62,54.56263878
1667639032.5825114,21306.5,21304.58,0.69634887,9.62,54.56263878
1667639042.5833354,21306.5,21304.58,0.69634887,9.62,54.56263878
1667639052.6519516,21297.17,21297.17,0.1078447,-1.18,50.31367163
1667639063.585034,21297.17,21297.17,0.1078447,-1.18,50.31367163
1667639073.5679383,21297.17,21297.17,0.1078447,-1.18,50.31367163
1667639083.593508,21297.17,21291.67,-0.33090174,-6.68,47.35248494
1667639093.589599,21297.17,21291.67,-0.33090174,-6.68,47.35248494
1667639103.6377957,21297.17,21291.67,-0.33090174,-6.68,47.35248494
1667639113.5986516,21291.33,21291.33,-0.67127414,-8.51,47.18054441
1667639123.5984545,21291.33,21291.33,-0.67127414,-8.51,47.18054441
1667639133.6275394,21291.33,21291.33,-0.67127414,-8.51,47.18054441
1667639143.5969217,21291.33,21298.66,-0.08654479,-1.18,51.28720045
1667639153.5967157,21291.33,21298.66,-0.08654479,-1.18,51.28720045
1667639163.5968025,21291.33,21298.66,-0.08654479,-1.18,51.28720045
1667639173.649763,21290.6,21290.6,-0.97036113,-1.87,46.75982577
1667639183.5768976,21290.6,21290.6,-0.97036113,-1.87,46.75982577
1667639193.628162,21290.6,21290.6,-0.97036113,-1.87,46.75982577
1667639203.7630446,21290.6,21298.96,-0.30346654,6.49,51.74131802
1667639213.6325705,21290.6,21298.96,-0.30346654,6.49,51.74131802
1667639223.632013,21290.6,21298.96,-0.30346654,6.49,51.74131802
1667639233.70929,21301.54,21301.54,0.3560003,5.0,53.10887452
1667639243.906537,21301.54,21301.54,0.3560003,5.0,53.10887452
1667639254.0044088,21301.54,21301.54,0.3560003,5.0,53.10887452
1667639264.1446662,21301.54,21300.92,0.30654161,4.38,52.72222257
1667639273.960734,21301.54,21300.92,0.30654161,4.38,52.72222257
1667639283.962886,21301.54,21300.92,0.30654161,4.38,52.72222257
1667639294.002753,21298.78,21298.78,0.31721046,4.02,51.42984213
1667639303.9398034,21298.78,21298.78,0.31721046,4.02,51.42984213
1667639313.966674,21298.78,21298.78,0.31721046,4.02,51.42984213
1667639324.004981,21298.78,21294.82,0.00131303,0.06,49.03451599
1667639333.9844842,21298.78,21294.82,0.00131303,0.06,49.03451599
1667639343.951512,21298.78,21294.82,0.00131303,0.06,49.03451599
1667639354.0086243,21293.98,21293.98,-0.22283672,2.98,48.55482019
1667639364.0071297,21293.98,21293.98,-0.22283672,2.98,48.55482019
1667639374.0209274,21293.98,21293.98,-0.22283672,2.98,48.55482019
1667639384.0084963,21293.98,21295.28,-0.11913301,4.28,49.38016139
1667639394.026009,21293.98,21295.28,-0.11913301,4.28,49.38016139
1667639404.0074573,21293.98,21295.28,-0.11913301,4.28,49.38016139
1667639414.0001104,21293.83,21293.83,-0.36461797,-4.94,48.46364498
1667639424.4205194,21293.83,21293.83,-0.36461797,-4.94,48.46364498
1667639434.380616,21293.83,21293.83,-0.36461797,-4.94,48.46364498
1667639444.4008117,21293.83,21295.13,-0.26091426,-3.64,49.35131059
1667639454.604429,21293.83,21295.13,-0.26091426,-3.64,49.35131059
1667639464.4015658,21293.83,21295.13,-0.26091426,-3.64,49.35131059
1667639474.437949,21300.01,21300.01,0.41145016,-5.8,52.42720105
1667639484.4249735,21300.01,21300.01,0.41145016,-5.8,52.42720105
1667639494.386903,21300.01,21300.01,0.41145016,-5.8,52.42720105
1667639504.466658,21300.01,21303.22,0.66751853,-2.59,54.38937961
1667639514.410509,21300.01,21303.22,0.66751853,-2.59,54.38937961
1667639524.455795,21300.01,21303.22,0.66751853,-2.59,54.38937961
1667639534.465449,21306.6,21306.6,1.56012378,0.1,56.28780739
1667639544.403232,21306.6,21306.6,1.56012378,0.1,56.28780739
1667639554.4437902,21306.6,21306.6,1.56012378,0.1,56.28780739
1667639564.451306,21306.6,21306.6,1.56012378,0.1,56.28780739
1667639574.4187026,21306.6,21315.57,2.27567934,9.07,60.9348631
1667639584.4236825,21306.6,21315.57,2.27567934,9.07,60.9348631
1667639594.439347,21321.19,21321.19,4.06273032,24.75,63.38971491
1667639605.2145278,21321.19,21321.19,4.06273032,24.75,63.38971491
1667639615.280341,21321.19,21321.19,4.06273032,24.75,63.38971491
1667639625.2434163,21321.19,21317.22,3.74603516,20.78,60.63502437
1667639635.2340822,21321.19,21317.22,3.74603516,20.78,60.63502437
1667639645.5262077,21321.19,21317.22,3.74603516,20.78,60.63502437
1667639655.2672162,21317.75,21317.75,4.65705782,26.42,60.96647543
1667639665.2499228,21317.75,21317.75,4.65705782,26.42,60.96647543
1667639675.248611,21317.75,21317.75,4.65705782,26.42,60.96647543
1667639685.2682638,21317.75,21321.33,4.94264187,30.0,62.87634298
1667639695.2495294,21317.75,21321.33,4.94264187,30.0,62.87634298
1667639705.2052464,21317.75,21321.33,4.94264187,30.0,62.87634298
1667639715.2382855,21322.47,21322.47,5.8526117,31.19,63.41340659
1667639725.2790103,21322.47,21322.47,5.8526117,31.19,63.41340659
1667639735.433745,21322.47,21322.47,5.8526117,31.19,63.41340659
1667639745.2614768,21322.47,21321.25,5.75528976,29.97,62.69626423
1667639755.240837,21322.47,21321.25,5.75528976,29.97,62.69626423
1667639765.278074,21322.47,21321.25,5.75528976,29.97,62.69626423
1667639775.2482443,21315.85,21315.85,5.54366008,14.31,58.57903789
1667639786.177428,21315.85,21315.85,5.54366008,14.31,58.57903789
1667639796.1919131,21315.85,21315.85,5.54366008,14.31,58.57903789
1667639806.503722,21315.85,21316.58,5.60189369,15.04,58.97128949
1667639816.2496755,21315.85,21316.58,5.60189369,15.04,58.97128949
1667639826.16247,21315.85,21316.58,5.60189369,15.04,58.97128949
1667639836.165636,21307.42,21307.42,4.46110511,8.64,52.75426761
1667639846.209673,21307.42,21307.42,4.46110511,8.64,52.75426761
1667639856.1977825,21307.42,21307.42,4.46110511,8.64,52.75426761
1667639866.187377,21307.42,21304.37,4.21780027,5.59,50.78681245
1667639876.1948762,21307.42,21304.37,4.21780027,5.59,50.78681245
1667639886.2300718,21307.42,21304.37,4.21780027,5.59,50.78681245
1667639896.2008965,21303.57,21303.57,3.57059473,9.59,50.27468055
1667639906.160678,21303.57,21303.57,3.57059473,9.59,50.27468055
1667639916.18306,21303.57,21303.57,3.57059473,9.59,50.27468055
1667639926.2153409,21303.57,21311.56,4.20797365,17.58,55.01617408
1667639936.195655,21303.57,21311.56,4.20797365,17.58,55.01617408
1667639946.1723866,21303.57,21311.56,4.20797365,17.58,55.01617408
1667639956.1814454,21307.21,21307.21,3.5605186,13.38,52.55458135
1667639966.852589,21307.21,21307.21,3.5605186,13.38,52.55458135
1667639976.8869052,21307.21,21307.21,3.5605186,13.38,52.55458135
1667639986.867684,21307.21,21310.76,3.84370948,16.93,54.73167933
1667639997.165899,21307.21,21310.76,3.84370948,16.93,54.73167933
1667640006.9190896,21307.21,21310.76,3.84370948,16.93,54.73167933
1667640017.0224504,21308.27,21308.27,3.44548084,8.26,53.2010338
1667640026.9254732,21308.27,21308.27,3.44548084,8.26,53.2010338
1667640036.8581176,21308.27,21308.27,3.44548084,8.26,53.2010338
1667640047.150443,21308.27,21303.89,3.09607913,3.88,50.06287715
1667640056.9066737,21308.27,21303.89,3.09607913,3.88,50.06287715
1667640067.1171036,21308.27,21303.89,3.09607913,3.88,50.06287715
1667640076.924622,21297.09,21297.09,1.61319381,-9.51,45.97283504
1667640086.930537,21297.09,21297.09,1.61319381,-9.51,45.97283504
1667640096.9031236,21297.09,21297.09,1.61319381,-9.51,45.97283504
1667640107.007342,21297.09,21299.13,1.77592885,-7.47,47.37306729
1667640117.0110004,21297.09,21299.13,1.77592885,-7.47,47.37306729
1667640126.878282,21297.09,21299.13,1.77592885,-7.47,47.37306729
1667640136.932837,21295.19,21295.19,0.63503754,-25.51,44.76384348
1667640147.3860652,21295.19,21295.19,0.63503754,-25.51,44.76384348
1667640157.3323612,21295.19,21295.19,0.63503754,-25.51,44.76384348
1667640167.3553398,21295.19,21291.65,0.35264438,-29.05,42.65504522
1667640177.323481,21295.19,21291.65,0.35264438,-29.05,42.65504522
1667640187.5750618,21295.19,21291.65,0.35264438,-29.05,42.65504522
1667640197.3888474,21288.0,21288.0,-1.03620836,-30.52,40.67912731
1667640207.357516,21288.0,21288.0,-1.03620836,-30.52,40.67912731
1667640217.3599372,21288.0,21288.0,-1.03620836,-30.52,40.67912731
1667640227.3761342,21288.0,21287.15,-1.10401463,-31.37,40.21196848
1667640237.390387,21288.0,21287.15,-1.10401463,-31.37,40.21196848
1667640247.36244,21288.0,21287.15,-1.10401463,-31.37,40.21196848
1667640257.3761177,21278.88,21278.88,-3.1508465,-42.76,36.15803666
1667640267.4042528,21278.88,21278.88,-3.1508465,-42.76,36.15803666
1667640277.3712258,21278.88,21278.88,-3.1508465,-42.76,36.15803666
1667640287.395178,21278.88,21282.27,-2.88041915,-39.37,38.76512296
1667640297.464796,21278.88,21282.27,-2.88041915,-39.37,38.76512296
1667640307.5614748,21278.88,21282.27,-2.88041915,-39.37,38.76512296
1667640317.375823,21284.2,21284.2,-3.47771543,-31.65,40.22844778
1667640328.656232,21284.2,21284.2,-3.47771543,-31.65,40.22844778
1667640338.4525623,21284.2,21284.2,-3.47771543,-31.65,40.22844778
1667640348.6290486,21284.2,21288.59,-3.127516,-27.26,43.5239065
1667640358.4320374,21284.2,21288.59,-3.127516,-27.26,43.5239065
1667640368.3975372,21284.2,21288.59,-3.127516,-27.26,43.5239065
1667640378.6545668,21285.75,21285.75,-3.7859333,-21.68,41.48370031
1667640388.4020836,21285.75,21285.75,-3.7859333,-21.68,41.48370031
1667640398.4337628,21285.75,21285.75,-3.7859333,-21.68,41.48370031
1667640408.366775,21285.75,21286.93,-3.69180225,-20.5,42.37316247
1667640418.3783743,21285.75,21286.93,-3.69180225,-20.5,42.37316247
1667640428.409033,21285.75,21286.93,-3.69180225,-20.5,42.37316247
1667640438.5351822,21280.96,21280.96,-4.82934496,-23.04,39.19198165
1667640448.4342222,21280.96,21280.96,-4.82934496,-23.04,39.19198165
1667640458.4314735,21280.96,21280.96,-4.82934496,-23.04,39.19198165
1667640468.427923,21280.96,21277.72,-5.0878065,-26.28,37.22731604
1667640478.5738685,21280.96,21277.72,-5.0878065,-26.28,37.22731604
1667640488.4562647,21280.96,21277.72,-5.0878065,-26.28,37.22731604
1667640498.434028,21275.27,21275.27,-6.0417779,-31.94,36.03918448
1667640509.4004002,21275.27,21275.27,-6.0417779,-31.94,36.03918448
1667640519.3697429,21275.27,21275.27,-6.0417779,-31.94,36.03918448
1667640529.4228656,21275.27,21275.16,-6.05055283,-32.05,35.98365554
1667640539.8357835,21275.27,21275.16,-6.05055283,-32.05,35.98365554
1667640549.4410913,21275.27,21275.16,-6.05055283,-32.05,35.98365554
1667640559.5121138,21269.47,21269.47,-7.35077956,-38.98,33.3078139
1667640569.3913014,21269.47,21269.47,-7.35077956,-38.98,33.3078139
1667640579.4636486,21269.47,21269.47,-7.35077956,-38.98,33.3078139
1667640589.436746,21269.47,21271.78,-7.16650605,-36.67,35.15476506
1667640599.6141553,21269.47,21271.78,-7.16650605,-36.67,35.15476506
1667640609.4001484,21269.47,21271.78,-7.16650605,-36.67,35.15476506
1667640619.4307034,21264.68,21264.68,-8.59481272,-31.68,31.19463324
1667640629.4467962,21264.68,21264.68,-8.59481272,-31.68,31.19463324
1667640639.4398274,21264.68,21264.68,-8.59481272,-31.68,31.19463324
1667640649.4188838,21264.68,21277.09,-7.60484121,-19.27,41.26321135
1667640659.4632173,21264.68,21277.09,-7.60484121,-19.27,41.26321135
1667640669.472562,21264.68,21277.09,-7.60484121,-19.27,41.26321135
1667640679.4378698,21277.93,21277.93,-7.37805754,-17.26,41.88553789
1667640690.219903,21277.93,21277.93,-7.37805754,-17.26,41.88553789
1667640700.5060437,21277.93,21277.93,-7.37805754,-17.26,41.88553789
1667640710.229884,21277.93,21278.3,-7.34854187,-16.89,42.16422107
1667640720.2162542,21277.93,21278.3,-7.34854187,-16.89,42.16422107
1667640730.20723,21277.93,21278.3,-7.34854187,-16.89,42.16422107
1667640740.2195563,21277.44,21277.44,-7.20869003,-10.56,41.51675844
1667640750.1981435,21277.44,21277.44,-7.20869003,-10.56,41.51675844
1667640760.2121737,21277.44,21277.44,-7.20869003,-10.56,41.51675844
1667640770.203091,21277.44,21275.58,-7.35706609,-12.42,40.45521638
1667640780.213884,21277.44,21275.58,-7.35706609,-12.42,40.45521638
1667640790.231983,21277.44,21275.58,-7.35706609,-12.42,40.45521638
1667640800.2429998,21276.73,21276.73,-7.04818938,-2.52,41.09399919
1667640810.2546887,21276.73,21276.73,-7.04818938,-2.52,41.09399919
1667640820.2781951,21276.73,21282.3,-6.6038589,3.05,45.61629992
1667640830.225977,21276.73,21282.3,-6.6038589,3.05,45.61629992
1667640840.226822,21276.73,21282.3,-6.6038589,3.05,45.61629992
1667640850.301844,21276.73,21282.3,-6.6038589,3.05,45.61629992
1667640860.5615275,21273.57,21273.57,-7.26007546,-10.55,39.22979898
1667640871.0255651,21273.57,21273.57,-7.26007546,-10.55,39.22979898
1667640881.3218403,21273.57,21273.57,-7.26007546,-10.55,39.22979898
1667640891.078557,21273.57,21271.49,-7.42600139,-12.63,38.00759016
1667640901.0901604,21273.57,21271.49,-7.42600139,-12.63,38.00759016
1667640911.0808868,21273.57,21271.49,-7.42600139,-12.63,38.00759016
1667640921.257234,21266.13,21266.13,-8.1975857,-19.89,35.18295055
1667640931.0594718,21266.13,21266.13,-8.1975857,-19.89,35.18295055
1667640941.074228,21266.13,21276.31,-7.38550593,-9.71,43.7354872
1667640951.0253203,21266.13,21276.31,-7.38550593,-9.71,43.7354872
1667640961.033249,21266.13,21276.31,-7.38550593,-9.71,43.7354872
1667640971.021291,21271.94,21271.94,-7.57885407,-8.14,40.38428703
1667640981.093336,21271.94,21271.94,-7.57885407,-8.14,40.38428703
1667640991.0278833,21271.94,21271.94,-7.57885407,-8.14,40.38428703
1667641001.0897465,21271.94,21272.3,-7.55013612,-7.78,40.70002425
1667641011.031806,21271.94,21272.3,-7.55013612,-7.78,40.70002425
1667641021.3706837,21271.94,21272.3,-7.55013612,-7.78,40.70002425
1667641031.0558152,21269.15,21269.15,-7.75438624,-6.12,38.74695803
1667641041.1111972,21269.15,21269.15,-7.75438624,-6.12,38.74695803
1667641051.7231305,21269.15,21269.15,-7.75438624,-6.12,38.74695803
1667641061.495438,21269.15,21269.55,-7.72247741,-5.72,39.12115255
1667641071.4867449,21269.15,21269.55,-7.72247741,-5.72,39.12115255
1667641081.5071654,21269.15,21269.55,-7.72247741,-5.72,39.12115255
1667641091.5416422,21269.15,21269.55,-7.72247741,-5.72,39.12115255
1667641101.5047746,21271.61,21271.61,-7.26516719,1.55,40.97806089
1667641111.527322,21271.61,21271.61,-7.26516719,1.55,40.97806089
1667641121.4975986,21271.61,21260.81,-8.12670565,-9.25,34.95787042
1667641131.6922233,21271.61,21260.81,-8.12670565,-9.25,34.95787042
1667641141.4822855,21271.61,21260.81,-8.12670565,-9.25,34.95787042
1667641151.5679464,21262.71,21262.71,-8.25283837,-2.77,36.19414444
1667641161.5321698,21262.71,21262.71,-8.25283837,-2.77,36.19414444
1667641171.5106587,21262.71,21262.71,-8.25283837,-2.77,36.19414444
1667641181.5151951,21262.71,21255.81,-8.80326572,-9.67,32.53336751
1667641191.529847,21262.71,21255.81,-8.80326572,-9.67,32.53336751
1667641201.5395803,21262.71,21255.81,-8.80326572,-9.67,32.53336751
1667641211.9979024,21253.72,21253.72,-9.66014039,-23.74,32.12094191
1667641221.5298145,21253.72,21253.72,-9.66014039,-23.74,32.12094191
1667641232.36001,21253.72,21253.72,-9.66014039,-23.74,32.12094191
1667641242.1742256,21253.72,21258.78,-9.25649366,-18.68,36.59047419
1667641252.164853,21253.72,21258.78,-9.25649366,-18.68,36.59047419
1667641262.200883,21253.72,21258.78,-9.25649366,-18.68,36.59047419
1667641272.104723,21253.39,21253.39,-10.08117,-24.05,31.80746335
1667641282.202716,21253.39,21253.39,-10.08117,-24.05,31.80746335
1667641292.171002,21253.39,21253.39,-10.08117,-24.05,31.80746335
1667641302.134323,21253.39,21253.39,-10.08117,-24.05,31.80746335
1667641312.159474,21253.39,21261.9,-9.4023096,-15.54,39.55925588
1667641322.1837213,21253.39,21261.9,-9.4023096,-15.54,39.55925588
1667641332.1852689,21253.39,21261.9,-9.4023096,-15.54,39.55925588
1667641342.172993,21263.11,21263.11,-8.90086725,-13.87,40.52270108
1667641352.2024102,21263.11,21263.11,-8.90086725,-13.87,40.52270108
1667641362.1701334,21263.11,21253.36,-9.67864503,-23.62,35.60905806
1667641372.3679202,21263.11,21253.36,-9.67864503,-23.62,35.60905806
1667641382.3749225,21263.11,21253.36,-9.67864503,-23.62,35.60905806
1667641392.166958,21251.52,21251.52,-10.12120556,-22.05,34.81243509
1667641402.2299194,21251.52,21251.52,-10.12120556,-22.05,34.81243509
1667641412.6194837,21251.52,21251.52,-10.12120556,-22.05,34.81243509
1667641422.614113,21251.52,21251.52,-10.12120556,-22.05,34.81243509
1667641432.5505118,21251.52,21246.61,-10.51288647,-26.96,32.70955128
1667641442.5536494,21251.52,21246.61,-10.51288647,-26.96,32.70955128
1667641452.5587702,21242.99,21242.99,-11.42494548,-23.14,31.30641126
1667641462.5730782,21242.99,21242.99,-11.42494548,-23.14,31.30641126
1667641472.756201,21242.99,21242.99,-11.42494548,-23.14,31.30641126
1667641482.5785034,21242.99,21254.96,-10.47007369,-11.17,40.2950553
1667641492.632894,21242.99,21254.96,-10.47007369,-11.17,40.2950553
1667641502.572008,21242.99,21254.96,-10.47007369,-11.17,40.2950553
1667641512.6128132,21271.7,21271.7,-7.80243424,0.19,49.67316536
1667641522.6234736,21271.7,21271.7,-7.80243424,0.19,49.67316536
1667641532.6041234,21271.7,21271.7,-7.80243424,0.19,49.67316536
1667641542.6049871,21271.7,21278.73,-7.24163652,7.22,52.99745844
1667641552.657173,21271.7,21278.73,-7.24163652,7.22,52.99745844
1667641563.0511749,21271.7,21278.73,-7.24163652,7.22,52.99745844
1667641572.6066446,21282.08,21282.08,-5.14238607,13.19,54.43179508
1667641582.6343808,21282.08,21282.08,-5.14238607,13.19,54.43179508
1667641593.6183813,21282.08,21282.08,-5.14238607,13.19,54.43179508
1667641603.4688456,21282.08,21284.42,-4.9557194,15.53,55.45435954
1667641613.704568,21282.08,21284.42,-4.9557194,15.53,55.45435954
1667641623.499941,21282.08,21284.42,-4.9557194,15.53,55.45435954
1667641633.6699097,21282.08,21284.42,-4.9557194,15.53,55.45435954
1667641643.4934723,21278.01,21278.01,-4.2071607,6.4,52.33169771
1667641653.498889,21278.01,21278.01,-4.2071607,6.4,52.33169771
1667641663.8812654,21278.01,21278.01,-4.2071607,6.4,52.33169771
1667641673.470848,21278.01,21273.5,-4.56693278,1.89,50.03948028
1667641683.5100858,21278.01,21273.5,-4.56693278,1.89,50.03948028
1667641693.520306,21270.0,21270.0,-4.35825914,7.97,48.43443541
1667641703.5364275,21270.0,21270.0,-4.35825914,7.97,48.43443541
1667641713.5121198,21270.0,21270.0,-4.35825914,7.97,48.43443541
1667641723.5685112,21270.0,21262.04,-4.99324489,0.01,44.80614263
1667641733.5177696,21270.0,21262.04,-4.99324489,0.01,44.80614263
1667641743.5690603,21270.0,21262.04,-4.99324489,0.01,44.80614263
1667641753.7179196,21259.26,21259.26,-5.35411908,6.44,43.64283332
1667641763.5509489,21259.26,21259.26,-5.35411908,6.44,43.64283332
1667641774.5491822,21259.26,21259.26,-5.35411908,6.44,43.64283332
1667641784.641827,21259.26,21268.89,-4.58591395,16.07,48.49035176
1667641794.5748436,21259.26,21268.89,-4.58591395,16.07,48.49035176
1667641804.553983,21259.26,21268.89,-4.58591395,16.07,48.49035176
1667641814.565448,21259.26,21268.89,-4.58591395,16.07,48.49035176
1667641824.532267,21273.31,21273.31,-3.47955213,19.92,50.49067481
1667641834.553982,21273.31,21273.31,-3.47955213,19.92,50.49067481
1667641844.6186252,21273.31,21272.62,-3.53459486,19.23,50.16457445
1667641854.5800052,21273.31,21272.62,-3.53459486,19.23,50.16457445
1667641864.5695918,21273.31,21272.62,-3.53459486,19.23,50.16457445
1667641874.6539984,21275.23,21275.23,-2.56792328,12.11,51.3716369
1667641884.5739243,21275.23,21275.23,-2.56792328,12.11,51.3716369
1667641894.5655808,21275.23,21275.23,-2.56792328,12.11,51.3716369
1667641904.5830977,21275.23,21271.01,-2.90456146,7.89,49.29542016
1667641914.5652945,21275.23,21271.01,-2.90456146,7.89,49.29542016
1667641924.6965833,21275.23,21271.01,-2.90456146,7.89,49.29542016
1667641934.583925,21269.91,21269.91,-2.69646754,18.39,48.78151286
1667641944.8596787,21269.91,21269.91,-2.69646754,18.39,48.78151286
1667641954.9775114,21269.91,21269.91,-2.69646754,18.39,48.78151286
1667641964.9779673,21269.91,21276.57,-2.16518549,25.05,52.04145884
1667641975.023358,21269.91,21276.57,-2.16518549,25.05,52.04145884
1667641984.9860802,21269.91,21276.57,-2.16518549,25.05,52.04145884
1667641994.9796667,21283.25,21283.25,-0.61161509,39.96,54.95142387
1667642005.0379932,21283.25,21283.25,-0.61161509,39.96,54.95142387
1667642015.0715315,21283.25,21283.25,-0.61161509,39.96,54.95142387
1667642024.9859693,21283.25,21285.29,-0.44888005,42.0,55.82266603
1667642035.061742,21283.25,21285.29,-0.44888005,42.0,55.82266603
1667642045.0337987,21283.25,21285.29,-0.44888005,42.0,55.82266603
1667642055.0044289,21285.87,21285.87,0.59468071,15.13,56.08240892
1667642065.0868816,21285.87,21285.87,0.59468071,15.13,56.08240892
1667642075.0735028,21285.87,21285.87,0.59468071,15.13,56.08240892
1667642085.2580235,21285.87,21288.89,0.83559239,18.15,57.38853397
1667642095.0551307,21285.87,21288.89,0.83559239,18.15,57.38853397
1667642105.1357727,21285.87,21288.89,0.83559239,18.15,57.38853397
1667642115.016423,21289.04,21289.04,1.85053879,6.96,57.45267284
1667642125.058094,21289.04,21289.04,1.85053879,6.96,57.45267284
1667642135.840612,21289.04,21289.04,1.85053879,6.96,57.45267284
1667642145.7422285,21289.04,21286.57,1.65350175,4.49,55.9932071
1667642155.7266371,21289.04,21286.57,1.65350175,4.49,55.9932071
1667642165.752287,21289.04,21286.57,1.65350175,4.49,55.9932071
1667642175.7363436,21281.1,21281.1,1.49534285,2.82,52.99907588
1667642185.7139487,21281.1,21281.1,1.49534285,2.82,52.99907588
1667642195.7338462,21281.1,21281.1,1.49534285,2.82,52.99907588
1667642205.732577,21281.1,21282.01,1.56793544,3.73,53.44508097
1667642215.7441683,21281.1,21282.01,1.56793544,3.73,53.44508097
1667642225.7412946,21281.1,21282.01,1.56793544,3.73,53.44508097
1667642235.7123775,21284.1,21284.1,2.12096383,14.7,54.43672807
1667642245.7065814,21284.1,21284.1,2.12096383,14.7,54.43672807
1667642255.708133,21284.1,21284.1,2.12096383,14.7,54.43672807
1667642265.7518044,21284.1,21276.77,1.53623448,7.37,50.37907034
1667642275.7659066,21284.1,21276.77,1.53623448,7.37,50.37907034
1667642285.9554422,21284.1,21276.77,1.53623448,7.37,50.37907034
1667642295.7969997,21274.22,21274.22,0.95535861,14.1,49.14801269
1667642305.7308798,21274.22,21274.22,0.95535861,14.1,49.14801269
1667642316.78642,21274.22,21274.22,0.95535861,14.1,49.14801269
1667642326.4206684,21274.22,21275.44,1.05268055,15.32,49.79179382
1667642336.423735,21274.22,21275.44,1.05268055,15.32,49.79179382
1667642346.3766613,21274.22,21275.44,1.05268055,15.32,49.79179382
1667642356.3492055,21283.79,21283.79,2.04908149,10.64,53.79532212
1667642366.425989,21283.79,21283.79,2.04908149,10.64,53.79532212
1667642376.394688,21283.79,21283.79,2.04908149,10.64,53.79532212
1667642386.3846602,21283.79,21288.93,2.45910998,15.78,56.11509105
1667642396.4073749,21283.79,21288.93,2.45910998,15.78,56.11509105
1667642406.386021,21283.79,21288.93,2.45910998,15.78,56.11509105
1667642416.3930063,21289.82,21289.82,3.18805123,14.59,56.35628993
1667642426.391832,21289.82,21289.82,3.18805123,14.59,56.35628993
1667642436.4242437,21289.82,21289.82,3.18805123,14.59,56.35628993
1667642446.4284756,21289.82,21288.74,3.10189739,13.51,55.73882412
1667642456.6392574,21289.82,21288.74,3.10189739,13.51,55.73882412
1667642466.4341562,21289.82,21288.74,3.10189739,13.51,55.73882412
1667642476.454814,21288.27,21288.27,3.396217,18.36,55.47431748
1667642486.4116805,21288.27,21288.27,3.396217,18.36,55.47431748
1667642497.0478766,21288.27,21288.27,3.396217,18.36,55.47431748
1667642507.0885775,21288.27,21284.54,3.09866714,14.63,53.31209588
1667642517.054462,21288.27,21284.54,3.09866714,14.63,53.31209588
1667642527.030484,21288.27,21284.54,3.09866714,14.63,53.31209588
1667642537.0397203,21287.85,21287.85,3.55810847,5.63,55.22212737
1667642547.0389302,21287.85,21287.85,3.55810847,5.63,55.22212737
1667642557.0674005,21287.85,21287.85,3.55810847,5.63,55.22212737
1667642567.028012,21287.85,21286.68,3.46477514,4.46,54.47912965
1667642577.0734208,21287.85,21286.68,3.46477514,4.46,54.47912965
1667642587.1069856,21287.85,21286.68,3.46477514,4.46,54.47912965
1667642597.0234067,21286.4,21286.4,3.46567246,1.1,54.30427365
1667642607.105933,21286.4,21286.4,3.46567246,1.1,54.30427365
1667642617.1522665,21286.4,21286.4,3.46567246,1.1,54.30427365
1667642627.039749,21286.4,21290.64,3.80390607,5.34,56.57707735
1667642637.1976075,21286.4,21290.64,3.80390607,5.34,56.57707735
1667642647.0342517,21286.4,21290.64,3.80390607,5.34,56.57707735
1667642657.0658283,21293.82,21293.82,4.49329017,4.82,58.1386453
1667642667.0473363,21293.82,21293.82,4.49329017,4.82,58.1386453
1667642678.2575266,21293.82,21293.82,4.49329017,4.82,58.1386453
1667642688.1860323,21293.82,21293.59,4.47494259,4.59,57.97624854
1667642698.1268566,21293.82,21293.59,4.47494259,4.59,57.97624854
1667642708.1369088,21293.82,21293.59,4.47494259,4.59,57.97624854
1667642718.1014466,21294.58,21294.58,4.89088742,13.48,58.52255141
1667642728.132665,21294.58,21294.58,4.89088742,13.48,58.52255141
1667642738.267725,21294.58,21294.58,4.89088742,13.48,58.52255141
1667642748.1235332,21294.58,21292.33,4.71140025,11.23,56.86001069
1667642758.1518111,21294.58,21292.33,4.71140025,11.23,56.86001069
1667642768.1903405,21294.58,21292.33,4.71140025,11.23,56.86001069
1667642778.4364977,21297.92,21297.92,5.57130974,13.81,60.24794769
1667642788.1143422,21297.92,21297.92,5.57130974,13.81,60.24794769
1667642798.1283643,21297.92,21297.92,5.57130974,13.81,60.24794769
1667642808.1543672,21297.92,21302.54,5.93985675,18.43,62.56750844
1667642818.1521437,21297.92,21302.54,5.93985675,18.43,62.56750844
1667642828.1035285,21297.92,21302.54,5.93985675,18.43,62.56750844
1667642838.1122282,21305.2,21305.2,6.86128405,31.74,63.78420933
1667642848.3486557,21305.2,21305.2,6.86128405,31.74,63.78420933
1667642858.530748,21305.2,21305.2,6.86128405,31.74,63.78420933
1667642868.6293333,21305.2,21304.31,6.7902869,30.85,63.04582163
1667642878.4826908,21305.2,21304.31,6.7902869,30.85,63.04582163
1667642888.531147,21305.2,21304.31,6.7902869,30.85,63.04582163
1667642898.52712,21303.8,21303.8,7.18150229,20.01,62.58929564
1667642908.548898,21303.8,21303.8,7.18150229,20.01,62.58929564
1667642918.5585544,21303.8,21303.8,7.18150229,20.01,62.58929564
1667642928.7349987,21303.8,21306.77,7.41842537,22.98,64.3256656
1667642938.7953174,21303.8,21306.77,7.41842537,22.98,64.3256656
1667642948.547614,21303.8,21306.77,7.41842537,22.98,64.3256656
1667642958.5051827,21311.56,21311.56,8.4956153,20.91,66.49205662
1667642968.5591283,21311.56,21311.56,8.4956153,20.91,66.49205662
1667642978.534901,21311.56,21311.56,8.4956153,20.91,66.49205662
1667642988.7428305,21311.56,21310.33,8.39749564,19.68,65.38747151
1667642998.5472312,21311.56,21310.33,8.39749564,19.68,65.38747151
1667643008.5513833,21311.56,21310.33,8.39749564,19.68,65.38747151
1667643018.5874434,21306.14,21306.14,8.17531915,17.87,61.88538837
1667643028.5809946,21306.14,21306.14,8.17531915,17.87,61.88538837
1667643038.9824507,21306.14,21306.14,8.17531915,17.87,61.88538837
1667643048.9810498,21306.14,21303.58,7.97110262,15.31,59.77875293
1667643059.013626,21306.14,21303.58,7.97110262,15.31,59.77875293
1667643068.9947855,21306.14,21303.58,7.97110262,15.31,59.77875293
1667643078.980063,21304.15,21304.15,7.88864474,16.3,60.23530177
1667643088.9917982,21304.15,21304.15,7.88864474,16.3,60.23530177
1667643098.9766688,21304.15,21304.15,7.88864474,16.3,60.23530177
1667643108.9528694,21304.15,21308.46,8.2324624,20.61,62.56351402
1667643118.9818408,21304.15,21308.46,8.2324624,20.61,62.56351402
1667643129.3427176,21304.15,21308.46,8.2324624,20.61,62.56351402
1667643138.9856553,21310.65,21310.65,8.61737336,24.25,63.64508458
1667643149.099934,21310.65,21310.65,8.61737336,24.25,63.64508458
1667643159.0054429,21310.65,21310.65,8.61737336,24.25,63.64508458
1667643168.9929044,21310.65,21309.26,8.50649017,22.86,62.41258349
1667643178.9947417,21310.65,21309.26,8.50649017,22.86,62.41258349
1667643189.0323372,21310.65,21309.26,8.50649017,22.86,62.41258349
1667643199.037627,21309.45,21309.45,8.51422922,15.63,62.57823085
1667643209.0152006,21309.45,21309.45,8.51422922,15.63,62.57823085
1667643219.8856502,21309.45,21309.45,8.51422922,15.63,62.57823085
1667643229.9326367,21309.45,21312.4,8.74955686,18.58,64.16835913
1667643239.918558,21309.45,21312.4,8.74955686,18.58,64.16835913
1667643249.9376793,21309.45,21312.4,8.74955686,18.58,64.16835913
1667643259.8801572,21309.29,21309.29,8.38938733,14.71,62.42725045
1667643269.9340484,21309.29,21309.29,8.38938733,14.71,62.42725045
1667643279.8953562,21309.29,21309.29,8.38938733,14.71,62.42725045
1667643289.9145277,21309.29,21308.49,8.32556966,13.91,61.63042317
1667643299.9287896,21309.29,21308.49,8.32556966,13.91,61.63042317
1667643309.989876,21309.29,21308.49,8.32556966,13.91,61.63042317
1667643320.0348997,21309.0,21309.0,8.16435097,11.08,62.13603087
1667643330.148516,21309.0,21309.0,8.16435097,11.08,62.13603087
1667643339.948139,21309.0,21309.0,8.16435097,11.08,62.13603087
1667643349.9356651,21309.0,21314.55,8.60708602,16.63,65.45714818
1667643359.9696712,21309.0,21314.55,8.60708602,16.63,65.45714818
1667643369.9695885,21309.0,21314.55,8.60708602,16.63,65.45714818
1667643379.950625,21312.53,21312.53,8.43245868,7.33,64.13911705
1667643390.1558452,21312.53,21312.53,8.43245868,7.33,64.13911705
1667643400.3247771,21312.53,21313.7,8.52579201,8.5,65.02300804
1667643410.3378236,21312.53,21313.7,8.52579201,8.5,65.02300804
1667643420.3369231,21312.53,21313.7,8.52579201,8.5,65.02300804
1667643430.368437,21312.53,21313.7,8.52579201,8.5,65.02300804
1667643440.38849,21313.26,21313.26,8.40836475,8.8,64.75575978
1667643450.3752007,21313.26,21313.26,8.40836475,8.8,64.75575978
1667643460.5015914,21313.26,21313.87,8.45702572,9.41,65.15327723
1667643470.3932462,21313.26,21313.87,8.45702572,9.41,65.15327723
1667643480.6140893,21313.26,21313.87,8.45702572,9.41,65.15327723
1667643490.505925,21310.94,21310.94,7.8720398,-0.65,61.77494852
1667643500.36585,21310.94,21310.94,7.8720398,-0.65,61.77494852
1667643510.3842642,21310.94,21310.94,7.8720398,-0.65,61.77494852
1667643520.4119742,21310.94,21310.94,7.8720398,-0.65,61.77494852
1667643530.3771014,21310.94,21310.73,7.85528766,-0.86,61.62378223
1667643540.3973768,21310.94,21310.73,7.85528766,-0.86,61.62378223
1667643550.3802392,21311.13,21311.13,7.58273963,4.99,61.91069548
1667643560.4015486,21311.13,21311.13,7.58273963,4.99,61.91069548
1667643570.5895872,21311.13,21311.13,7.58273963,4.99,61.91069548
1667643581.2187552,21311.13,21313.81,7.79652881,7.67,63.86024016
1667643591.1806142,21311.13,21313.81,7.79652881,7.67,63.86024016
1667643601.2211812,21311.13,21313.81,7.79652881,7.67,63.86024016
1667643611.2008476,21311.13,21313.81,7.79652881,7.67,63.86024016
1667643621.2144644,21313.09,21313.09,7.53486255,8.94,63.35636094
1667643631.2235389,21313.09,21313.09,7.53486255,8.94,63.35636094
1667643641.1860032,21313.09,21313.13,7.53805343,8.98,63.3869024
1667643651.1842256,21313.09,21313.13,7.53805343,8.98,63.3869024
1667643661.1836984,21313.09,21313.13,7.53805343,8.98,63.3869024
1667643671.4546995,21304.2,21304.2,5.97376221,-6.45,53.39399298
1667643681.172931,21304.2,21304.2,5.97376221,-6.45,53.39399298
1667643691.4211535,21304.2,21304.2,5.97376221,-6.45,53.39399298
1667643701.1876872,21304.2,21304.14,5.96897588,-6.51,53.34273439
1667643711.2322,21304.2,21304.14,5.96897588,-6.51,53.34273439
1667643721.208945,21304.2,21304.14,5.96897588,-6.51,53.34273439
1667643731.242696,21309.99,21309.99,6.11608465,0.54,57.86139291
1667643741.4972954,21309.99,21309.99,6.11608465,0.54,57.86139291
1667643751.2096555,21309.99,21309.99,6.11608465,0.54,57.86139291
1667643761.853911,21309.99,21309.99,6.11608465,0.54,57.86139291
1667643771.6525505,21309.99,21310.86,6.18548636,1.41,58.50501935
1667643781.6736104,21309.99,21310.86,6.18548636,1.41,58.50501935
1667643791.6080265,21314.57,21314.57,6.48410968,5.27,60.75758339
1667643801.908564,21314.57,21314.57,6.48410968,5.27,60.75758339
1667643811.6549776,21314.57,21314.57,6.48410968,5.27,60.75758339
1667643821.684379,21314.57,21320.29,6.94040597,10.99,64.60650224
1667643831.8385365,21314.57,21320.29,6.94040597,10.99,64.60650224
1667643841.6871278,21314.57,21320.29,6.94040597,10.99,64.60650224
1667643851.66628,21318.9,21318.9,6.98315762,9.9,63.79492225
1667643861.6988752,21318.9,21318.9,6.98315762,9.9,63.79492225
1667643871.7124836,21318.9,21318.9,6.98315762,9.9,63.79492225
1667643881.6943786,21318.9,21312.29,6.45586417,3.29,57.09075309
1667643891.6531477,21318.9,21312.29,6.45586417,3.29,57.09075309
1667643901.679418,21318.9,21312.29,6.45586417,3.29,57.09075309
1667643911.792548,21318.9,21312.29,6.45586417,3.29,57.09075309
1667643921.768085,21309.87,21309.87,5.74744338,-2.99,54.97559565
1667643931.6874406,21309.87,21309.87,5.74744338,-2.99,54.97559565
1667643942.4559724,21309.87,21313.0,5.99712999,0.14,57.1850548
1667643952.4846494,21309.87,21313.0,5.99712999,0.14,57.1850548
1667643962.463753,21309.87,21313.0,5.99712999,0.14,57.1850548
1667643972.423911,21309.87,21313.0,5.99712999,0.14,57.1850548
1667643982.4841833,21308.08,21308.08,5.02574073,-5.18,53.39900468
1667643992.5040154,21308.08,21308.08,5.02574073,-5.18,53.39900468
1667644002.5065308,21308.08,21299.45,4.33730768,-13.81,46.48100616
1667644012.660015,21308.08,21299.45,4.33730768,-13.81,46.48100616
1667644022.606747,21308.08,21299.45,4.33730768,-13.81,46.48100616
1667644032.4651468,21301.67,21301.67,3.60814633,-8.49,48.08345872
1667644042.468269,21301.67,21301.67,3.60814633,-8.49,48.08345872
1667644052.6983144,21301.67,21301.67,3.60814633,-8.49,48.08345872
1667644062.5155065,21301.67,21301.67,3.60814633,-8.49,48.08345872
1667644072.4507284,21301.67,21300.49,3.51401527,-9.67,47.15292521
1667644082.5258062,21301.67,21300.49,3.51401527,-9.67,47.15292521
1667644092.454011,21289.18,21289.18,1.17945551,-21.95,39.71466572
1667644102.512925,21289.18,21289.18,1.17945551,-21.95,39.71466572
1667644112.5183623,21289.18,21289.18,1.17945551,-21.95,39.71466572
1667644123.1402285,21289.18,21287.56,1.05022474,-23.57,38.78010976
1667644133.1290135,21289.18,21287.56,1.05022474,-23.57,38.78010976
1667644143.1502666,21289.18,21287.56,1.05022474,-23.57,38.78010976
1667644153.1187208,21290.8,21290.8,0.12801424,-22.29,41.0044525
1667644163.0988057,21290.8,21290.8,0.12801424,-22.29,41.0044525
1667644173.143685,21290.8,21290.8,0.12801424,-22.29,41.0044525
1667644183.1850076,21290.8,21291.66,0.19661822,-21.43,41.80328495
1667644193.0944023,21290.8,21291.66,0.19661822,-21.43,41.80328495
1667644203.3312674,21290.8,21291.66,0.19661822,-21.43,41.80328495
1667644213.3745368,21291.64,21291.64,-0.62347854,-11.61,41.78495322
1667644223.164989,21291.64,21291.64,-0.62347854,-11.61,41.78495322
1667644233.1409855,21291.64,21291.64,-0.62347854,-11.61,41.78495322
1667644243.1682246,21291.64,21291.64,-0.62347854,-11.61,41.78495322
1667644253.3080528,21291.64,21300.62,0.09287474,-2.63,49.47981371
1667644263.135354,21291.64,21300.62,0.09287474,-2.63,49.47981371
1667644273.1586118,21305.09,21305.09,0.64367615,-4.9,52.59861508
1667644283.3135145,21305.09,21305.09,0.64367615,-4.9,52.59861508
1667644293.1588123,21305.09,21305.09,0.64367615,-4.9,52.59861508
1667644303.7296083,21305.09,21305.09,0.64367615,-4.9,52.59861508
1667644313.7367935,21305.09,21300.7,0.29347671,-9.29,49.37480223
1667644323.7660706,21305.09,21300.7,0.29347671,-9.29,49.37480223
1667644333.810694,21305.09,21300.7,0.29347671,-9.29,49.37480223
1667644343.781483,21295.13,21295.13,-0.61946275,-20.1,45.81219999
1667644353.759065,21295.13,21295.13,-0.61946275,-20.1,45.81219999
1667644363.8563812,21295.13,21293.01,-0.78857956,-22.22,44.49621662
1667644374.0764906,21295.13,21293.01,-0.78857956,-22.22,44.49621662
1667644383.7824228,21295.13,21293.01,-0.78857956,-22.22,44.49621662
1667644393.793331,21300.58,21300.58,-0.20912158,-18.32,49.64101944
1667644403.76886,21300.58,21300.58,-0.20912158,-18.32,49.64101944
1667644413.7790947,21300.58,21300.58,-0.20912158,-18.32,49.64101944
1667644423.7494571,21300.58,21299.88,-0.26496203,-19.02,49.1605494
1667644433.7773538,21300.58,21299.88,-0.26496203,-19.02,49.1605494
1667644443.8384006,21300.58,21299.88,-0.26496203,-19.02,49.1605494
1667644453.7733412,21300.35,21300.35,-0.25838166,-9.52,49.48211806
1667644463.8053684,21300.35,21300.35,-0.25838166,-9.52,49.48211806
1667644473.7723892,21300.35,21300.35,-0.25838166,-9.52,49.48211806
1667644484.8983974,21300.35,21296.41,-0.57268365,-13.46,46.72299712
1667644494.885708,21300.35,21296.41,-0.57268365,-13.46,46.72299712
1667644504.904293,21300.35,21296.41,-0.57268365,-13.46,46.72299712
1667644514.9025524,21303.68,21303.68,0.19108075,-4.41,51.88360979
1667644524.8653092,21303.68,21303.68,0.19108075,-4.41,51.88360979
1667644535.18811,21303.68,21303.68,0.19108075,-4.41,51.88360979
1667644544.8398693,21303.68,21301.39,0.00840269,-6.7,50.11913499
1667644554.896163,21303.68,21301.39,0.00840269,-6.7,50.11913499
1667644564.8843875,21303.68,21301.39,0.00840269,-6.7,50.11913499
1667644574.8878255,21304.85,21304.85,0.45766724,3.18,52.77000597
1667644584.904477,21304.85,21304.85,0.45766724,3.18,52.77000597
1667644594.924928,21304.85,21304.85,0.45766724,3.18,52.77000597
1667644604.8558166,21304.85,21305.13,0.48000342,3.46,52.98394506
1667644614.891142,21304.85,21305.13,0.48000342,3.46,52.98394506
1667644624.896659,21304.85,21305.13,0.48000342,3.46,52.98394506
1667644634.9066083,21305.77,21305.77,0.75949447,15.16,53.46574527
1667644644.8937309,21305.77,21305.77,0.75949447,15.16,53.46574527
1667644654.932194,21305.77,21305.77,0.75949447,15.16,53.46574527
1667644665.461923,21305.77,21306.95,0.85362552,16.34,54.39371164
1667644675.490042,21305.77,21306.95,0.85362552,16.34,54.39371164
1667644685.4513876,21305.77,21306.95,0.85362552,16.34,54.39371164
1667644695.8572946,21307.79,21307.79,1.25355233,17.89,54.88745792
1667644705.435747,21307.79,21307.79,1.25355233,17.89,54.88745792
1667644715.438751,21307.79,21307.79,1.25355233,17.89,54.88745792
1667644725.4118433,21307.79,21310.92,1.50323894,21.02,57.39141732
1667644735.398255,21307.79,21310.92,1.50323894,21.02,57.39141732
1667644745.465732,21307.79,21310.92,1.50323894,21.02,57.39141732
1667644755.406153,21311.63,21311.63,2.02820276,19.99,57.76874725
1667644765.4109988,21311.63,21311.63,2.02820276,19.99,57.76874725
1667644775.437588,21311.63,21311.63,2.02820276,19.99,57.76874725
1667644785.4289937,21311.63,21313.7,2.19333096,22.06,59.39977527
1667644795.486879,21311.63,21313.7,2.19333096,22.06,59.39977527
1667644805.458909,21311.63,21313.7,2.19333096,22.06,59.39977527
1667644815.4200785,21310.26,21310.26,2.11578367,5.17,56.29018522
1667644825.467126,21310.26,21310.26,2.11578367,5.17,56.29018522
1667644835.4484007,21310.26,21310.26,2.11578367,5.17,56.29018522
1667644846.731433,21310.26,21313.87,2.40376088,8.78,59.00611967
1667644856.763779,21310.26,21313.87,2.40376088,8.78,59.00611967
1667644866.508679,21310.26,21313.87,2.40376088,8.78,59.00611967
1667644876.483086,21310.11,21310.11,2.31581117,14.98,55.91712369
1667644886.5125115,21310.11,21310.11,2.31581117,14.98,55.91712369
1667644896.5197413,21310.11,21310.11,2.31581117,14.98,55.91712369
1667644906.53678,21310.11,21309.89,2.29826131,14.76,55.68198337
1667644916.515105,21310.11,21309.89,2.29826131,14.76,55.68198337
1667644926.5421424,21310.11,21309.89,2.29826131,14.76,55.68198337
1667644936.5333483,21307.27,21307.27,2.00091774,6.69,53.02644028
1667644946.505593,21307.27,21307.27,2.00091774,6.69,53.02644028
1667644956.485349,21307.27,21307.27,2.00091774,6.69,53.02644028
1667644966.5115454,21307.27,21312.05,2.38222828,11.47,57.05086974
1667644976.555318,21307.27,21312.05,2.38222828,11.47,57.05086974
1667644986.5322697,21307.27,21312.05,2.38222828,11.47,57.05086974
1667644996.526269,21309.64,21309.64,2.24393155,9.29,55.11189914
1667645006.538483,21309.64,21309.64,2.24393155,9.29,55.11189914
1667645016.520114,21309.64,21309.64,2.24393155,9.29,55.11189914
1667645027.1641953,21309.64,21306.02,1.95515662,5.67,51.36107126
1667645037.1779065,21309.64,21306.02,1.95515662,5.67,51.36107126
1667645047.2598395,21309.64,21306.02,1.95515662,5.67,51.36107126
1667645057.1381185,21305.01,21305.01,1.64061361,1.33,50.36393853
1667645067.1749823,21305.01,21305.01,1.64061361,1.33,50.36393853
1667645077.1506536,21305.01,21305.01,1.64061361,1.33,50.36393853
1667645087.196947,21305.01,21307.1,1.80733726,3.42,52.39258308
1667645097.170997,21305.01,21307.1,1.80733726,3.42,52.39258308
1667645107.1407702,21305.01,21307.1,1.80733726,3.42,52.39258308
1667645117.2221942,21302.85,21302.85,1.06438741,-1.34,48.36868197
1667645127.203709,21302.85,21302.85,1.06438741,-1.34,48.36868197
1667645137.141775,21302.85,21302.85,1.06438741,-1.34,48.36868197
1667645147.1417427,21302.85,21310.16,1.64752131,5.97,54.97315
1667645157.2103906,21302.85,21310.16,1.64752131,5.97,54.97315
1667645167.1892316,21302.85,21310.16,1.64752131,5.97,54.97315
1667645177.1877842,21315.29,21315.29,2.52872134,9.52,58.6821931
1667645187.218705,21315.29,21315.29,2.52872134,9.52,58.6821931
1667645197.182546,21315.29,21315.29,2.52872134,9.52,58.6821931
1667645207.5761275,21315.29,21310.93,2.18091508,5.16,54.56802214
1667645217.6378522,21315.29,21310.93,2.18091508,5.16,54.56802214
1667645227.6227963,21315.29,21310.93,2.18091508,5.16,54.56802214
1667645238.0166595,21310.95,21310.95,2.2561673,2.54,54.585577
1667645247.9451797,21310.95,21310.95,2.2561673,2.54,54.585577
1667645257.6384976,21310.95,21310.95,2.2561673,2.54,54.585577
1667645267.810501,21310.95,21306.1,1.86927271,-2.31,50.3550124
1667645277.634379,21310.95,21306.1,1.86927271,-2.31,50.3550124
1667645287.7752595,21310.95,21306.1,1.86927271,-2.31,50.3550124
1667645297.6790018,21301.22,21301.22,0.91270727,-10.8,46.71226205
1667645307.6439185,21301.22,21301.22,0.91270727,-10.8,46.71226205
1667645317.633059,21301.22,21301.22,0.91270727,-10.8,46.71226205
1667645327.6070597,21301.22,21300.79,0.87840528,-11.23,46.39378378
1667645337.6096385,21301.22,21300.79,0.87840528,-11.23,46.39378378
1667645347.7850013,21301.22,21300.79,0.87840528,-11.23,46.39378378
1667645357.644031,21296.48,21296.48,-0.25716148,-13.16,43.61157817
1667645367.6506884,21296.48,21296.48,-0.25716148,-13.16,43.61157817
1667645377.6634188,21296.48,21296.48,-0.25716148,-13.16,43.61157817
1667645388.32242,21296.48,21293.78,-0.47254609,-15.86,41.66295866
1667645398.5646026,21296.48,21293.78,-0.47254609,-15.86,41.66295866
1667645408.6139972,21296.48,21293.78,-0.47254609,-15.86,41.66295866
1667645418.357623,21290.28,21290.28,-1.70536991,-20.68,39.54084127
1667645428.3140433,21290.28,21290.28,-1.70536991,-20.68,39.54084127
1667645438.326788,21290.28,21290.28,-1.70536991,-20.68,39.54084127
1667645448.3363235,21290.28,21288.64,-1.83619612,-22.32,38.54999983
1667645458.3039918,21290.28,21288.64,-1.83619612,-22.32,38.54999983
1667645468.3181615,21290.28,21288.64,-1.83619612,-22.32,38.54999983
1667645478.3555098,21294.55,21294.55,-1.82945704,-12.72,43.33306158
1667645488.3182795,21294.55,21294.55,-1.82945704,-12.72,43.33306158
1667645498.3171074,21294.55,21294.55,-1.82945704,-12.72,43.33306158
1667645508.2861643,21294.55,21296.48,-1.67549693,-10.79,45.01192022
1667645518.3171916,21294.55,21296.48,-1.67549693,-10.79,45.01192022
1667645528.3263066,21294.55,21296.48,-1.67549693,-10.79,45.01192022
1667645538.5604727,21294.4,21294.4,-2.193905,-15.24,43.23047995
1667645548.3557768,21294.4,21294.4,-2.193905,-15.24,43.23047995
1667645558.627321,21294.4,21294.4,-2.193905,-15.24,43.23047995
1667645568.759421,21294.4,21294.02,-2.22421839,-15.62,42.95307038
1667645578.7725244,21294.4,21294.02,-2.22421839,-15.62,42.95307038
1667645589.063238,21294.4,21294.02,-2.22421839,-15.62,42.95307038
1667645598.7881732,21293.18,21293.18,-2.57810883,-12.39,42.31761731
1667645608.7612393,21293.18,21293.18,-2.57810883,-12.39,42.31761731
1667645618.750329,21293.18,21293.18,-2.57810883,-12.39,42.31761731
1667645628.981591,21293.18,21292.15,-2.66027408,-13.42,41.55082744
1667645638.9153314,21293.18,21292.15,-2.66027408,-13.42,41.55082744
1667645648.7929068,21293.18,21292.15,-2.66027408,-13.42,41.55082744
1667645658.8060322,21297.62,21297.62,-2.18584392,-4.68,46.49365647
1667645668.798659,21297.62,21297.62,-2.18584392,-4.68,46.49365647
1667645678.9126894,21297.62,21297.62,-2.18584392,-4.68,46.49365647
1667645688.9901698,21297.62,21300.91,-1.92339378,-1.39,49.52607768
1667645698.7811675,21297.62,21300.91,-1.92339378,-1.39,49.52607768
1667645708.7926955,21297.62,21300.91,-1.92339378,-1.39,49.52607768
1667645718.9936173,21299.67,21299.67,-1.8413086,-15.62,48.42440058
1667645728.746689,21299.67,21299.67,-1.8413086,-15.62,48.42440058
1667645738.8053167,21299.67,21299.67,-1.8413086,-15.62,48.42440058
1667645749.8865778,21299.67,21301.17,-1.72165048,-14.12,49.85036696
1667645759.8608778,21299.67,21301.17,-1.72165048,-14.12,49.85036696
1667645769.896826,21299.67,21301.17,-1.72165048,-14.12,49.85036696
1667645780.2592883,21300.98,21300.98,-1.49332905,-9.97,49.67412118
1667645790.0578804,21300.98,21300.98,-1.49332905,-9.97,49.67412118
1667645799.8999438,21300.98,21300.98,-1.49332905,-9.97,49.67412118
1667645809.9141085,21300.98,21301.81,-1.42711822,-9.14,50.49264228
1667645820.061187,21300.98,21301.81,-1.42711822,-9.14,50.49264228
1667645829.9966743,21300.98,21301.81,-1.42711822,-9.14,50.49264228
1667645840.0596046,21307.12,21307.12,-0.41758616,5.9,55.1585348
1667645849.902569,21307.12,21307.12,-0.41758616,5.9,55.1585348
1667645859.9036322,21307.12,21307.12,-0.41758616,5.9,55.1585348
1667645869.9003282,21307.12,21306.82,-0.44151778,5.6,54.84404549
1667645879.899382,21307.12,21306.82,-0.44151778,5.6,54.84404549
1667645890.1065917,21307.12,21306.82,-0.44151778,5.6,54.84404549
1667645899.8961408,21307.98,21307.98,0.16843193,12.23,55.88070575
1667645909.9872692,21307.98,21307.98,0.16843193,12.23,55.88070575
1667645919.9073403,21307.98,21307.98,0.16843193,12.23,55.88070575
1667645930.3028307,21307.98,21307.91,0.16284788,12.16,55.80163166
1667645940.503985,21307.98,21307.91,0.16284788,12.16,55.80163166
1667645950.3698366,21307.98,21307.91,0.16284788,12.16,55.80163166
1667645960.3014722,21309.88,21309.88,0.83985762,19.6,57.51774346
1667645970.3849804,21309.88,21309.88,0.83985762,19.6,57.51774346
1667645980.379077,21309.88,21317.07,1.41341888,26.79,63.09104938
1667645990.5611827,21309.88,21317.07,1.41341888,26.79,63.09104938
1667646000.365227,21309.88,21317.07,1.41341888,26.79,63.09104938
1667646010.3363578,21309.88,21317.07,1.41341888,26.79,63.09104938
1667646020.3475835,21317.47,21317.47,2.3517902,22.92,62.98450584
1667646030.345072,21317.47,21317.47,2.3517902,22.92,62.98450584
1667646040.3446765,21317.47,21314.73,2.1332147,20.18,59.8634344
1667646050.3951044,21317.47,21314.73,2.1332147,20.18,59.8634344
1667646060.6033516,21317.47,21314.73,2.1332147,20.18,59.8634344
1667646070.3832555,21317.47,21314.73,2.1332147,20.18,59.8634344
1667646080.3764114,21315.83,21315.83,2.76147144,21.43,61.07850212
1667646090.60458,21315.83,21315.83,2.76147144,21.43,61.07850212
1667646100.4103818,21315.83,21326.52,3.61423497,32.12,67.89784782
1667646110.7958124,21315.83,21326.52,3.61423497,32.12,67.89784782
1667646120.813235,21315.83,21326.52,3.61423497,32.12,67.89784782
1667646131.0840082,21366.52,21366.52,10.31852483,72.7,80.61004465
1667646140.7885888,21366.52,21366.52,10.31852483,72.7,80.61004465
1667646150.7821772,21366.52,21366.52,10.31852483,72.7,80.61004465
1667646160.7987509,21366.52,21366.52,10.31852483,72.7,80.61004465
1667646170.7913513,21366.52,21366.12,10.286616,72.3,80.27417476
1667646180.7835732,21366.52,21366.12,10.286616,72.3,80.27417476
1667646190.789651,21375.17,21375.17,14.17701438,77.55,82.24718576
1667646200.8093336,21375.17,21375.17,14.17701438,77.55,82.24718576
1667646210.8265705,21375.17,21375.17,14.17701438,77.55,82.24718576
1667646220.802194,21375.17,21363.59,13.25325369,65.97,73.32193623
1667646230.9961045,21375.17,21363.59,13.25325369,65.97,73.32193623
1667646240.8268995,21375.17,21363.59,13.25325369,65.97,73.32193623
1667646250.8159144,21375.17,21363.59,13.25325369,65.97,73.32193623
1667646260.8654432,21366.34,21366.34,15.24963469,66.67,75.26146453
1667646270.8596785,21366.34,21366.34,15.24963469,66.67,75.26146453
1667646280.8378506,21366.34,21366.34,15.24963469,66.67,75.26146453
1667646292.4009144,21366.34,21363.07,14.98877999,63.4,72.79561178
1667646302.2007942,21366.34,21363.07,14.98877999,63.4,72.79561178
1667646312.172444,21366.34,21363.07,14.98877999,63.4,72.79561178
1667646322.1743026,21364.98,21364.98,16.27583925,64.0,74.21590187
1667646332.1829052,21364.98,21364.98,16.27583925,64.0,74.21590187
1667646342.2128267,21364.98,21372.16,16.84860279,71.18,76.10338872
1667646352.1922853,21364.98,21372.16,16.84860279,71.18,76.10338872
1667646362.1871283,21364.98,21372.16,16.84860279,71.18,76.10338872
1667646372.1912944,21364.98,21372.16,16.84860279,71.18,76.10338872
1667646382.1908429,21379.74,21379.74,19.06587568,72.62,77.81767671
1667646392.2167687,21379.74,21379.74,19.06587568,72.62,77.81767671
1667646402.1928113,21379.74,21382.24,19.26530588,75.12,78.36884307
1667646412.2278402,21379.74,21382.24,19.26530588,75.12,78.36884307
1667646422.2256863,21379.74,21382.24,19.26530588,75.12,78.36884307
1667646432.1556504,21379.74,21382.24,19.26530588,75.12,78.36884307
1667646442.210455,21371.37,21371.37,18.92883017,63.38,71.70102486
1667646452.4551566,21371.37,21371.37,18.92883017,63.38,71.70102486
1667646462.1941905,21371.37,21362.38,18.21167917,54.39,65.72534538
1667646472.683905,21371.37,21362.38,18.21167917,54.39,65.72534538
1667646482.698841,21371.37,21362.38,18.21167917,54.39,65.72534538
1667646492.6551423,21363.12,21363.12,17.96262539,53.24,66.17934598
1667646502.6670558,21363.12,21363.12,17.96262539,53.24,66.17934598
1667646512.6856673,21363.12,21363.12,17.96262539,53.24,66.17934598
1667646522.668037,21363.12,21369.44,18.46678493,59.56,68.19968835
1667646532.6625743,21363.12,21369.44,18.46678493,59.56,68.19968835
1667646542.6571407,21363.12,21369.44,18.46678493,59.56,68.19968835
1667646552.6784222,21375.55,21375.55,19.34143106,57.41,69.50004309
1667646562.8744752,21375.55,21375.55,19.34143106,57.41,69.50004309
1667646572.662049,21375.55,21375.55,19.34143106,57.41,69.50004309
1667646582.6611364,21375.55,21375.55,19.34143106,57.41,69.50004309
1667646592.6901083,21375.55,21385.86,20.1638812,67.72,72.63074432
1667646602.677009,21375.55,21385.86,20.1638812,67.72,72.63074432
1667646612.9791734,21392.74,21392.74,21.78567979,76.91,74.18662205
1667646622.693782,21392.74,21392.74,21.78567979,76.91,74.18662205
1667646632.6794453,21392.74,21392.74,21.78567979,76.91,74.18662205
1667646642.6786993,21392.74,21381.07,20.85473962,65.24,67.20755057
1667646653.401776,21392.74,21381.07,20.85473962,65.24,67.20755057
1667646663.3842363,21392.74,21381.07,20.85473962,65.24,67.20755057
1667646673.40974,21381.12,21381.12,20.77422318,14.61,67.20838408
1667646683.3989725,21381.12,21381.12,20.77422318,14.61,67.20838408
1667646693.3822422,21381.12,21381.12,20.77422318,14.61,67.20838408
1667646703.41195,21381.12,21386.51,21.20419469,20.0,68.87140821
1667646713.3607545,21381.12,21386.51,21.20419469,20.0,68.87140821
1667646723.3815422,21381.12,21386.51,21.20419469,20.0,68.87140821
1667646733.4448223,21387.48,21387.48,21.33096299,12.31,69.12242771
1667646743.5412135,21387.48,21387.48,21.33096299,12.31,69.12242771
1667646753.3991776,21387.48,21387.48,21.33096299,12.31,69.12242771
1667646763.583893,21387.48,21387.48,21.33096299,12.31,69.12242771
1667646773.7875538,21387.48,21388.26,21.39318522,13.09,69.33655719
1667646783.388789,21387.48,21388.26,21.39318522,13.09,69.33655719
1667646793.4259968,21387.48,21388.26,21.39318522,13.09,69.33655719
1667646803.46278,21390.97,21390.97,21.61992557,24.63,70.05797875
1667646813.436426,21390.97,21390.97,21.61992557,24.63,70.05797875
1667646823.435636,21390.97,21384.66,21.11656375,18.32,66.15517447
1667646834.4820504,21390.97,21384.66,21.11656375,18.32,66.15517447
1667646844.4201107,21390.97,21384.66,21.11656375,18.32,66.15517447
1667646854.465375,21383.34,21383.34,20.35742037,18.36,65.35449543
1667646864.472427,21383.34,21383.34,20.35742037,18.36,65.35449543
1667646874.4657016,21383.34,21383.34,20.35742037,18.36,65.35449543
1667646884.4915318,21383.34,21381.23,20.18910128,16.25,64.08444426
1667646894.4957836,21383.34,21381.23,20.18910128,16.25,64.08444426
1667646904.4562602,21383.34,21381.23,20.18910128,16.25,64.08444426
1667646914.424809,21374.25,21374.25,18.27317128,-5.49,60.21353624
1667646924.5588224,21374.25,21374.25,18.27317128,-5.49,60.21353624
1667646934.5105326,21374.25,21374.25,18.27317128,-5.49,60.21353624
1667646944.479246,21374.25,21368.59,17.82166131,-11.15,57.19653398
1667646954.4423535,21374.25,21368.59,17.82166131,-11.15,57.19653398
1667646964.7831037,21374.25,21368.59,17.82166131,-11.15,57.19653398
1667646974.4751134,21382.05,21382.05,18.03373787,10.68,62.93743059
1667646984.4413776,21382.05,21382.05,18.03373787,10.68,62.93743059
1667646994.4677494,21382.05,21382.05,18.03373787,10.68,62.93743059
1667647004.4598854,21382.05,21382.05,18.03373787,10.68,62.93743059
1667647015.5395796,21382.05,21385.61,18.31772647,14.24,64.13125522
1667647025.6281145,21382.05,21385.61,18.31772647,14.24,64.13125522
1667647035.5258229,21387.89,21387.89,18.04869523,24.77,64.85625504
1667647045.5248165,21387.89,21387.89,18.04869523,24.77,64.85625504
1667647055.492967,21387.89,21387.89,18.04869523,24.77,64.85625504
1667647065.52221,21387.89,21393.54,18.49940748,30.42,66.65492587
1667647075.4874792,21387.89,21393.54,18.49940748,30.42,66.65492587
1667647085.5294156,21387.89,21393.54,18.49940748,30.42,66.65492587
1667647095.5006363,21388.97,21388.97,17.59806017,12.32,65.2331153
1667647105.530192,21388.97,21388.97,17.59806017,12.32,65.2331153
1667647115.5051525,21388.97,21388.97,17.59806017,12.32,65.2331153
1667647125.5155957,21388.97,21390.07,17.68580946,13.42,65.61779598
1667647135.5078793,21388.97,21390.07,17.68580946,13.42,65.61779598
1667647145.6226528,21388.97,21390.07,17.68580946,13.42,65.61779598
1667647155.6189027,21386.99,21386.99,16.69401277,-5.75,63.95019201
1667647165.480693,21386.99,21386.99,16.69401277,-5.75,63.95019201
1667647175.4932442,21386.99,21386.99,16.69401277,-5.75,63.95019201
1667647185.5254395,21386.99,21383.65,16.42757402,-9.09,61.93260368
1667647195.9426894,21386.99,21383.65,16.42757402,-9.09,61.93260368
1667647205.9274683,21386.99,21383.65,16.42757402,-9.09,61.93260368
1667647215.9355996,21384.12,21384.12,15.60906532,2.37,62.20183565
1667647226.1326804,21384.12,21384.12,15.60906532,2.37,62.20183565
1667647235.9488363,21384.12,21384.12,15.60906532,2.37,62.20183565
1667647245.9083192,21384.12,21392.52,16.27915079,10.77,65.74720535
1667647255.9329758,21384.12,21392.52,16.27915079,10.77,65.74720535
1667647266.012926,21384.12,21392.52,16.27915079,10.77,65.74720535
1667647275.9256475,21393.87,21393.87,16.09131238,6.39,66.22820392
1667647285.9782188,21393.87,21393.87,16.09131238,6.39,66.22820392
1667647295.986627,21393.87,21393.87,16.09131238,6.39,66.22820392
1667647305.9533184,21393.87,21396.03,16.26362008,8.55,67.02605771
1667647315.944921,21393.87,21396.03,16.26362008,8.55,67.02605771
1667647325.981097,21393.87,21396.03,16.26362008,8.55,67.02605771
1667647336.0138838,21395.85,21395.85,15.95629217,4.88,66.9610126
1667647346.2665522,21395.85,21395.85,15.95629217,4.88,66.9610126
1667647355.9382372,21395.85,21395.85,15.95629217,4.88,66.9610126
1667647365.9587932,21395.85,21400.54,16.33042323,9.57,68.6938524
1667647376.373669,21395.85,21400.54,16.33042323,9.57,68.6938524
1667647386.44018,21395.85,21400.54,16.33042323,9.57,68.6938524
1667647396.3541455,21414.44,21414.44,18.13343083,30.22,72.91842704
1667647406.3931887,21414.44,21414.44,18.13343083,30.22,72.91842704
1667647416.4154346,21414.44,21414.44,18.13343083,30.22,72.91842704
1667647426.3538656,21414.44,21418.79,18.48043938,34.57,74.09251929
1667647436.410463,21414.44,21418.79,18.48043938,34.57,74.09251929
1667647446.6024733,21414.44,21418.79,18.48043938,34.57,74.09251929
1667647456.4128385,21415.18,21415.18,18.61525981,40.93,73.12561193
1667647466.4106758,21415.18,21415.18,18.61525981,40.93,73.12561193
1667647476.485215,21415.18,21415.18,18.61525981,40.93,73.12561193
1667647486.4396975,21415.18,21408.55,18.08637092,34.3,68.09882678
1667647496.3902872,21415.18,21408.55,18.08637092,34.3,68.09882678
1667647506.446549,21415.18,21408.55,18.08637092,34.3,68.09882678
1667647516.541916,21407.65,21407.65,17.66991227,26.72,67.46923999
1667647526.4502387,21407.65,21407.65,17.66991227,26.72,67.46923999
1667647536.719401,21407.65,21407.65,17.66991227,26.72,67.46923999
1667647546.4476943,21407.65,21402.05,17.22318862,21.12,63.53330746
1667647557.2642694,21407.65,21402.05,17.22318862,21.12,63.53330746
1667647567.1690395,21407.65,21402.05,17.22318862,21.12,63.53330746
1667647577.1733482,21393.87,21393.87,15.3367615,5.98,58.48407845
1667647587.1955492,21393.87,21393.87,15.3367615,5.98,58.48407845
1667647597.2098086,21393.87,21393.87,15.3367615,5.98,58.48407845
1667647607.185886,21393.87,21390.36,15.0567615,2.47,56.43831314
1667647617.1657023,21393.87,21390.36,15.0567615,2.47,56.43831314
1667647627.2123623,21393.87,21390.36,15.0567615,2.47,56.43831314
1667647637.1878188,21393.82,21393.82,14.03910165,5.57,58.31533584
1667647647.177581,21393.82,21393.82,14.03910165,5.57,58.31533584
1667647657.2422323,21393.82,21393.82,14.03910165,5.57,58.31533584
1667647667.2055914,21393.82,21386.87,13.48468569,-1.38,54.30197514
1667647677.2143488,21393.82,21386.87,13.48468569,-1.38,54.30197514
1667647687.2114851,21393.82,21386.87,13.48468569,-1.38,54.30197514
1667647697.2816458,21395.33,21395.33,13.12487923,9.12,58.9983574
1667647707.1728327,21395.33,21395.33,13.12487923,9.12,58.9983574
1667647717.449115,21395.33,21395.33,13.12487923,9.12,58.9983574
1667647727.2412822,21395.33,21394.62,13.06824105,8.41,58.57233419
1667647737.9474258,21395.33,21394.62,13.06824105,8.41,58.57233419
1667647747.9370542,21395.33,21394.62,13.06824105,8.41,58.57233419
1667647757.9720974,21396.05,21396.05,12.32766355,11.17,59.14780904
1667647767.9345949,21396.05,21396.05,12.32766355,11.17,59.14780904
1667647777.9608233,21396.05,21396.05,12.32766355,11.17,59.14780904
1667647788.1102507,21396.05,21396.19,12.33883164,11.31,59.2482173
1667647797.9401,21396.05,21396.19,12.33883164,11.31,59.2482173
1667647807.9555492,21396.05,21396.19,12.33883164,11.31,59.2482173
1667647817.9554665,21396.42,21396.42,11.52488303,2.55,59.41391586
1667647827.9658058,21396.42,21396.42,11.52488303,2.55,59.41391586
1667647837.9653044,21396.42,21396.42,11.52488303,2.55,59.41391586
1667647847.947791,21396.42,21406.42,12.32260382,12.55,64.11323191
1667647857.9731245,21396.42,21406.42,12.32260382,12.55,64.11323191
1667647868.0866065,21396.42,21406.42,12.32260382,12.55,64.11323191
1667647878.122255,21402.1,21402.1,11.50375068,6.25,62.24703169
1667647888.0448737,21402.1,21402.1,11.50375068,6.25,62.24703169
1667647897.960848,21402.1,21402.1,11.50375068,6.25,62.24703169
1667647907.981117,21402.1,21400.9,11.40802419,5.05,61.47803533
1667647918.6823378,21402.1,21400.9,11.40802419,5.05,61.47803533
1667647928.688762,21402.1,21400.9,11.40802419,5.05,61.47803533
1667647938.7145264,21395.98,21395.98,10.2160132,-17.82,57.71080495
1667647948.6874287,21395.98,21395.98,10.2160132,-17.82,57.71080495
1667647958.726305,21395.98,21395.98,10.2160132,-17.82,57.71080495
1667647968.7032063,21395.98,21382.85,9.16860579,-30.95,49.14095415
1667647978.7053552,21395.98,21382.85,9.16860579,-30.95,49.14095415
1667647988.673143,21395.98,21382.85,9.16860579,-30.95,49.14095415
1667647998.7023747,21381.51,21381.51,7.38767136,-33.67,48.4081373
1667648008.7487574,21381.51,21381.51,7.38767136,-33.67,48.4081373
1667648018.7252283,21381.51,21381.51,7.38767136,-33.67,48.4081373
1667648028.6902466,21381.51,21380.0,7.26721552,-35.18,47.54636164
1667648038.7278695,21381.51,21380.0,7.26721552,-35.18,47.54636164
1667648049.148852,21381.51,21380.0,7.26721552,-35.18,47.54636164
1667648058.7227695,21380.09,21380.09,5.79180196,-27.56,47.59684293
1667648068.7439566,21380.09,21380.09,5.79180196,-27.56,47.59684293
1667648078.6971393,21380.09,21380.09,5.79180196,-27.56,47.59684293
1667648088.7297208,21380.09,21377.64,5.59636036,-30.01,46.16007084
1667648099.8525736,21380.09,21377.64,5.59636036,-30.01,46.16007084
1667648109.8503149,21380.09,21377.64,5.59636036,-30.01,46.16007084
1667648119.981949,21372.86,21372.86,3.61238504,-22.41,43.5482835
1667648129.8529255,21372.86,21372.86,3.61238504,-22.41,43.5482835
1667648139.8527708,21372.86,21372.86,3.61238504,-22.41,43.5482835
1667648149.8694515,21372.86,21369.66,3.35711438,-25.61,41.87103808
1667648159.876002,21372.86,21369.66,3.35711438,-25.61,41.87103808
1667648170.0536888,21372.86,21369.66,3.35711438,-25.61,41.87103808
1667648179.8769612,21373.01,21373.01,2.26552416,-19.81,43.63020756
1667648189.902271,21373.01,21373.01,2.26552416,-19.81,43.63020756
1667648199.8829374,21373.01,21373.01,2.26552416,-19.81,43.63020756
1667648210.115095,21373.01,21378.08,2.6699686,-14.74,47.24283549
1667648219.8609295,21373.01,21378.08,2.6699686,-14.74,47.24283549
1667648229.8525257,21373.01,21378.08,2.6699686,-14.74,47.24283549
1667648239.8435724,21381.47,21381.47,2.32791178,-13.59,49.44367358
1667648249.8588428,21381.47,21381.47,2.32791178,-13.59,49.44367358
1667648259.858013,21381.47,21381.47,2.32791178,-13.59,49.44367358
1667648269.8770573,21381.47,21380.69,2.26568956,-14.37,48.92622986
1667648280.2336535,21381.47,21380.69,2.26568956,-14.37,48.92622986
1667648290.4706964,21381.47,21380.69,2.26568956,-14.37,48.92622986
1667648300.240507,21386.64,21386.64,2.59611007,-10.13,52.63792331
1667648310.328483,21386.64,21386.64,2.59611007,-10.13,52.63792331
1667648320.312136,21386.64,21386.64,2.59611007,-10.13,52.63792331
1667648330.2882133,21386.64,21386.22,2.5626058,-10.55,52.34856128
1667648340.3134463,21386.64,21386.22,2.5626058,-10.55,52.34856128
1667648350.3097808,21386.64,21386.22,2.5626058,-10.55,52.34856128
1667648360.324119,21382.9,21382.9,1.91189956,-13.52,50.17768807
1667648370.4699073,21382.9,21382.9,1.91189956,-13.52,50.17768807
1667648380.2899144,21382.9,21382.9,1.91189956,-13.52,50.17768807
1667648390.3183858,21382.9,21383.57,1.96534686,-12.85,50.62215781
1667648400.294415,21382.9,21383.57,1.96534686,-12.85,50.62215781
1667648410.2866342,21382.9,21383.57,1.96534686,-12.85,50.62215781
1667648420.2955585,21382.81,21382.81,1.58819954,-18.63,50.11737282
1667648430.3041558,21382.81,21382.81,1.58819954,-18.63,50.11737282
1667648440.3055332,21382.81,21382.81,1.58819954,-18.63,50.11737282
1667648450.3219707,21382.81,21383.96,1.67993744,-17.48,50.93474031
1667648461.1539276,21382.81,21383.96,1.67993744,-17.48,50.93474031
1667648471.1094818,21396.27,21396.27,3.22916466,-0.34,58.23873992
1667648481.1336896,21396.27,21396.27,3.22916466,-0.34,58.23873992
1667648491.1328542,21396.27,21396.27,3.22916466,-0.34,58.23873992
1667648501.1400733,21396.27,21398.13,3.37754073,1.52,59.24350752
1667648511.1511102,21396.27,21398.13,3.37754073,1.52,59.24350752
1667648521.115256,21396.27,21398.13,3.37754073,1.52,59.24350752
1667648531.1646254,21400.69,21400.69,4.20795323,19.19,60.56132754
1667648541.238209,21400.69,21400.69,4.20795323,19.19,60.56132754
1667648551.1955993,21400.69,21400.69,4.20795323,19.19,60.56132754
1667648561.3709493,21400.69,21400.69,4.20795323,19.19,60.56132754
1667648571.1779258,21400.69,21409.38,4.90117261,27.88,64.64253479
1667648581.1231923,21400.69,21409.38,4.90117261,27.88,64.64253479
1667648591.164372,21400.69,21409.38,4.90117261,27.88,64.64253479
1667648601.3502755,21413.83,21413.83,6.60122472,33.74,66.12630377
1667648611.1838326,21413.83,21413.83,6.60122472,33.74,66.12630377
1667648621.2040842,21413.83,21419.11,7.0224213,39.02,68.43258959
1667648631.2049124,21413.83,21419.11,7.0224213,39.02,68.43258959
1667648641.8995545,21413.83,21419.11,7.0224213,39.02,68.43258959
1667648651.719556,21419.17,21419.17,8.28910234,45.17,68.45509361
1667648661.8673408,21419.17,21419.17,8.28910234,45.17,68.45509361
1667648671.741797,21419.17,21419.17,8.28910234,45.17,68.45509361
1667648681.7123384,21419.17,21405.72,7.21616787,31.72,58.72876034
1667648691.7405896,21419.17,21405.72,7.21616787,31.72,58.72876034
1667648701.71682,21419.17,21405.72,7.21616787,31.72,58.72876034
1667648711.9416566,21406.42,21406.42,7.31444148,33.41,58.99142387
1667648721.897026,21406.42,21406.42,7.31444148,33.41,58.99142387
1667648731.7433712,21406.42,21406.42,7.31444148,33.41,58.99142387
1667648741.943181,21406.42,21413.09,7.84652125,40.08,61.84196962
1667648751.7603824,21406.42,21413.09,7.84652125,40.08,61.84196962
1667648761.7409856,21406.42,21413.09,7.84652125,40.08,61.84196962
1667648771.7792728,21409.13,21409.13,7.71679816,28.36,60.19944532
1667648781.7764158,21409.13,21409.13,7.71679816,28.36,60.19944532
1667648791.7775493,21409.13,21409.13,7.71679816,28.36,60.19944532
1667648801.7648406,21409.13,21406.2,7.48306597,25.43,58.20312925
1667648811.9799938,21409.13,21406.2,7.48306597,25.43,58.20312925
1667648822.2872183,21409.13,21406.2,7.48306597,25.43,58.20312925
1667648832.416657,21411.62,21411.62,8.18768763,24.98,61.02553359
1667648842.334698,21411.62,21411.62,8.18768763,24.98,61.02553359
1667648852.335789,21411.62,21411.62,8.18768763,24.98,61.02553359
1667648862.2940512,21411.62,21406.17,7.75292979,19.53,57.28834923
1667648872.3456466,21411.62,21406.17,7.75292979,19.53,57.28834923
1667648882.342567,21411.62,21406.17,7.75292979,19.53,57.28834923
1667648892.3437278,21405.81,21405.81,7.44913301,23.12,57.03789964
1667648902.3549335,21405.81,21405.81,7.44913301,23.12,57.03789964
1667648912.5930262,21405.81,21405.81,7.44913301,23.12,57.03789964
1667648922.361113,21405.81,21406.21,7.48104184,23.52,57.31410994
1667648932.330083,21405.81,21406.21,7.48104184,23.52,57.31410994
1667648942.3203578,21405.81,21406.21,7.48104184,23.52,57.31410994
1667648952.3444316,21397.81,21397.81,5.99282529,15.0,52.0236164
1667648962.3161795,21397.81,21397.81,5.99282529,15.0,52.0236164
1667648972.367282,21397.81,21397.81,5.99282529,15.0,52.0236164
1667648982.3602693,21397.81,21389.41,5.32273982,6.6,47.31968318
1667648992.3622491,21397.81,21389.41,5.32273982,6.6,47.31968318
1667649002.7839775,21397.81,21389.41,5.32273982,6.6,47.31968318
1667649012.7603965,21397.81,21389.41,5.32273982,6.6,47.31968318
1667649022.7710805,21393.55,21393.55,4.71398381,-2.79,49.50404396
1667649032.7902656,21393.55,21393.55,4.71398381,-2.79,49.50404396
1667649042.7251651,21393.55,21400.05,5.23250233,3.71,53.23218725
1667649052.7525494,21393.55,21400.05,5.23250233,3.71,53.23218725
1667649062.7444024,21393.55,21400.05,5.23250233,3.71,53.23218725
1667649072.8579545,21401.93,21401.93,5.07606264,2.04,54.21152574
1667649082.8024576,21401.93,21401.93,5.07606264,2.04,54.21152574
1667649092.7661362,21401.93,21401.93,5.07606264,2.04,54.21152574
1667649102.8311987,21401.93,21398.12,4.77213101,-1.77,51.84221969
1667649112.7793095,21401.93,21398.12,4.77213101,-1.77,51.84221969
1667649122.7457614,21401.93,21398.12,4.77213101,-1.77,51.84221969
1667649132.7955096,21390.04,21390.04,3.09735001,-24.49,47.44473862
1667649142.7968266,21390.04,21390.04,3.09735001,-24.49,47.44473862
1667649152.7980962,21390.04,21390.04,3.09735001,-24.49,47.44473862
1667649162.7788928,21390.04,21387.33,2.88116768,-27.2,46.03433039
1667649172.7726214,21390.04,21387.33,2.88116768,-27.2,46.03433039
1667649183.2338605,21390.04,21387.33,2.88116768,-27.2,46.03433039
1667649193.2576678,21390.04,21387.33,2.88116768,-27.2,46.03433039
1667649203.2409706,21393.12,21393.12,2.6773606,-26.02,49.22216027
1667649213.1922672,21393.12,21393.12,2.6773606,-26.02,49.22216027
1667649223.426084,21393.12,21394.89,2.81855719,-24.25,50.25786067
1667649233.2190027,21393.12,21394.89,2.81855719,-24.25,50.25786067
1667649243.3323016,21393.12,21394.89,2.81855719,-24.25,50.25786067
1667649253.2228758,21393.12,21394.89,2.81855719,-24.25,50.25786067
1667649263.5024676,21391.3,21391.3,1.92241014,-14.01,48.1529079
1667649273.247188,21391.3,21391.3,1.92241014,-14.01,48.1529079
1667649283.2327387,21391.3,21391.77,1.95990302,-13.54,48.43646357
1667649293.2540567,21391.3,21391.77,1.95990302,-13.54,48.43646357
1667649303.269296,21391.3,21391.77,1.95990302,-13.54,48.43646357
1667649313.237751,21391.3,21391.77,1.95990302,-13.54,48.43646357
1667649323.2744272,21393.8,21393.8,1.78356989,-15.33,49.68269625
1667649333.277705,21393.8,21393.8,1.78356989,-15.33,49.68269625
1667649343.2936194,21393.8,21390.63,1.5306924,-18.5,47.72234929
1667649353.2575276,21393.8,21390.63,1.5306924,-18.5,47.72234929
1667649364.3530142,21393.8,21390.63,1.5306924,-18.5,47.72234929
1667649374.4026473,21391.92,21391.92,1.15782037,-20.69,48.53596873
1667649384.3740776,21391.92,21391.92,1.15782037,-20.69,48.53596873
1667649394.5369492,21391.92,21391.92,1.15782037,-20.69,48.53596873
1667649404.3744726,21391.92,21391.92,1.15782037,-20.69,48.53596873
1667649414.364427,21391.92,21392.9,1.23599701,-19.71,49.20704572
1667649424.376026,21391.92,21392.9,1.23599701,-19.71,49.20704572
1667649434.571701,21393.69,21393.69,1.01135425,-12.52,49.76491952
1667649444.4273057,21393.69,21393.69,1.01135425,-12.52,49.76491952
1667649454.658506,21393.69,21393.69,1.01135425,-12.52,49.76491952
1667649464.374585,21393.69,21390.8,0.78081294,-15.41,47.77169966
1667649474.3795078,21393.69,21390.8,0.78081294,-15.41,47.77169966
1667649484.3977177,21393.69,21390.8,0.78081294,-15.41,47.77169966
1667649494.581124,21388.39,21388.39,0.0614806,-9.42,46.23050648
1667649504.6185026,21388.39,21388.39,0.0614806,-9.42,46.23050648
1667649514.414967,21388.39,21388.39,0.0614806,-9.42,46.23050648
1667649524.5811105,21388.39,21385.18,-0.19458778,-12.63,44.18575136
1667649534.4393132,21388.39,21385.18,-0.19458778,-12.63,44.18575136
1667649545.1710296,21388.39,21385.18,-0.19458778,-12.63,44.18575136
1667649555.1030142,21384.95,21384.95,-0.83846269,-9.13,44.04616482
1667649565.139851,21384.95,21384.95,-0.83846269,-9.13,44.04616482
1667649575.138185,21384.95,21384.95,-0.83846269,-9.13,44.04616482
1667649585.173208,21384.95,21391.24,-0.33669631,-2.84,48.80896853
1667649595.1677032,21384.95,21391.24,-0.33669631,-2.84,48.80896853
1667649605.202907,21384.95,21391.24,-0.33669631,-2.84,48.80896853
1667649615.1614878,21404.63,21404.63,1.46302071,2.7,56.6619125
1667649625.2036867,21404.63,21404.63,1.46302071,2.7,56.6619125
1667649635.2022605,21404.63,21404.63,1.46302071,2.7,56.6619125
1667649645.4004097,21404.63,21404.63,1.46302071,2.7,56.6619125
1667649655.1488352,21404.63,21399.12,1.02347655,-2.81,53.05511637
1667649665.2043223,21404.63,21399.12,1.02347655,-2.81,53.05511637
1667649675.147593,21409.44,21409.44,2.69946817,19.4,59.08975168
1667649685.1549578,21409.44,21409.44,2.69946817,19.4,59.08975168
1667649695.3887076,21409.44,21409.44,2.69946817,19.4,59.08975168
1667649705.1739163,21409.44,21417.26,3.32328583,27.22,62.74395941
1667649715.1903658,21409.44,21417.26,3.32328583,27.22,62.74395941
1667649725.9129016,21409.44,21417.26,3.32328583,27.22,62.74395941
1667649736.0414343,21407.71,21407.71,3.09163607,14.8,57.83328024
1667649745.927604,21407.71,21407.71,3.09163607,14.8,57.83328024
1667649755.925801,21407.71,21407.71,3.09163607,14.8,57.83328024
1667649765.9098723,21407.71,21402.89,2.70713465,9.98,54.37063934
1667649775.9175155,21407.71,21402.89,2.70713465,9.98,54.37063934
1667649785.9242816,21407.71,21402.89,2.70713465,9.98,54.37063934
1667649795.9125955,21399.97,21399.97,2.37887717,8.0,52.46604576
1667649806.3100066,21399.97,21399.97,2.37887717,8.0,52.46604576
1667649815.9405494,21399.97,21399.97,2.37887717,8.0,52.46604576
1667649825.920493,21399.97,21392.31,1.76782303,0.34,47.74258792
1667649835.938983,21399.97,21392.31,1.76782303,0.34,47.74258792
1667649845.9667504,21399.97,21392.31,1.76782303,0.34,47.74258792
1667649855.927925,21391.0,21391.0,1.00843766,-3.6,47.01866139
1667649865.9575765,21391.0,21391.0,1.00843766,-3.6,47.01866139
1667649875.9427085,21391.0,21391.0,1.00843766,-3.6,47.01866139
1667649886.1608727,21391.0,21384.98,0.52820974,-9.62,43.73662293
1667649895.9540186,21391.0,21384.98,0.52820974,-9.62,43.73662293
1667649907.0385573,21391.0,21384.98,0.52820974,-9.62,43.73662293
1667649917.0311346,21381.88,21381.88,-0.82261143,-9.64,42.28135346
1667649927.082583,21381.88,21381.88,-0.82261143,-9.64,42.28135346
1667649937.0286694,21381.88,21381.88,-0.82261143,-9.64,42.28135346
1667649947.000702,21381.88,21385.52,-0.53224106,-6.0,44.69233514
1667649956.9800866,21381.88,21385.52,-0.53224106,-6.0,44.69233514
1667649967.2875876,21381.88,21385.52,-0.53224106,-6.0,44.69233514
1667649977.2992113,21383.16,21383.16,-1.48861891,-9.95,43.16050703
1667649987.031252,21383.16,21383.16,-1.48861891,-9.95,43.16050703
1667649997.051206,21383.16,21383.16,-1.48861891,-9.95,43.16050703
1667650007.0409334,21383.16,21380.8,-1.67688102,-12.31,41.87442258
1667650016.9874156,21383.16,21380.8,-1.67688102,-12.31,41.87442258
1667650026.9876287,21383.16,21380.8,-1.67688102,-12.31,41.87442258
1667650037.0440216,21379.56,21379.56,-2.526176,-8.83,41.21210943
1667650047.2370584,21379.56,21379.56,-2.526176,-8.83,41.21210943
1667650057.1674974,21379.56,21379.56,-2.526176,-8.83,41.21210943
1667650067.0162032,21379.56,21375.79,-2.82691674,-12.6,39.27000554
1667650077.0205584,21379.56,21375.79,-2.82691674,-12.6,39.27000554
1667650087.4717782,21379.56,21375.79,-2.82691674,-12.6,39.27000554
1667650097.460865,21376.47,21376.47,-3.54804341,-8.48,39.59322048
1667650107.4672933,21376.47,21376.47,-3.54804341,-8.48,39.59322048
1667650117.489066,21376.47,21376.47,-3.54804341,-8.48,39.59322048
1667650127.7899036,21376.47,21373.86,-3.75624854,-11.09,38.23867331
1667650137.486695,21376.47,21373.86,-3.75624854,-11.09,38.23867331
1667650147.4977634,21376.47,21373.86,-3.75624854,-11.09,38.23867331
1667650157.4812818,21373.72,21373.72,-4.59469773,-30.91,38.57278
1667650167.5356286,21373.72,21373.72,-4.59469773,-30.91,38.57278
1667650177.5059364,21373.72,21373.72,-4.59469773,-30.91,38.57278
1667650187.4909575,21373.72,21374.58,-4.52609374,-30.05,39.28675415
1667650197.4852765,21373.72,21374.58,-4.52609374,-30.05,39.28675415
1667650207.6820507,21373.72,21374.58,-4.52609374,-30.05,39.28675415
1667650217.495142,21371.55,21371.55,-5.46235491,-37.89,37.31235618
1667650227.517172,21371.55,21371.55,-5.46235491,-37.89,37.31235618
1667650237.492551,21371.55,21371.55,-5.46235491,-37.89,37.31235618
1667650247.5787635,21371.55,21367.73,-5.76708426,-41.71,35.1203116
1667650257.6698997,21371.55,21367.73,-5.76708426,-41.71,35.1203116
1667650268.2238786,21371.55,21367.73,-5.76708426,-41.71,35.1203116
1667650278.3571663,21365.8,21365.8,-6.72147995,-41.9,34.19874818
1667650288.298601,21365.8,21365.8,-6.72147995,-41.9,34.19874818
1667650298.2207825,21365.8,21365.8,-6.72147995,-41.9,34.19874818
1667650308.204488,21365.8,21369.74,-6.40717795,-37.96,37.78769292
1667650318.255341,21365.8,21369.74,-6.40717795,-37.96,37.78769292
1667650328.2275584,21365.8,21369.74,-6.40717795,-37.96,37.78769292
1667650338.200162,21371.3,21371.3,-6.4513968,-28.68,39.27754646
1667650348.1834056,21371.3,21371.3,-6.4513968,-28.68,39.27754646
1667650358.2295277,21371.3,21371.3,-6.4513968,-28.68,39.27754646
1667650368.2525074,21371.3,21368.13,-6.70427429,-31.85,37.57301562
1667650378.245648,21371.3,21368.13,-6.70427429,-31.85,37.57301562
1667650388.4330924,21371.3,21368.13,-6.70427429,-31.85,37.57301562
1667650398.253812,21364.09,21364.09,-7.5729934,-26.91,35.60386146
1667650408.404074,21364.09,21364.09,-7.5729934,-26.91,35.60386146
1667650418.4352512,21364.09,21364.09,-7.5729934,-26.91,35.60386146
1667650428.3549964,21364.09,21361.25,-7.79954611,-29.75,34.24515856
1667650438.2365048,21364.09,21361.25,-7.79954611,-29.75,34.24515856
1667650449.1639812,21364.09,21361.25,-7.79954611,-29.75,34.24515856
1667650459.1871908,21363.16,21363.16,-8.08138756,-18.44,35.41556312
1667650469.165984,21363.16,21363.16,-8.08138756,-18.44,35.41556312
1667650479.2200963,21363.16,21363.16,-8.08138756,-18.44,35.41556312
1667650489.16864,21363.16,21364.84,-7.94737047,-16.76,36.9631532
1667650499.3356962,21363.16,21364.84,-7.94737047,-16.76,36.9631532
1667650509.2073226,21363.16,21364.84,-7.94737047,-16.76,36.9631532
1667650519.1583006,21364.69,21364.69,-8.09666567,-18.32,36.84952244
1667650529.157158,21364.69,21364.69,-8.09666567,-18.32,36.84952244
1667650539.2717211,21364.69,21364.69,-8.09666567,-18.32,36.84952244
1667650549.1236825,21364.69,21365.74,-8.01290499,-17.27,37.85365377
1667650559.3448188,21364.69,21365.74,-8.01290499,-17.27,37.85365377
1667650569.378149,21364.69,21365.74,-8.01290499,-17.27,37.85365377
1667650579.1808872,21366.05,21366.05,-7.93177351,-14.27,38.18058917
1667650589.229872,21366.05,21366.05,-7.93177351,-14.27,38.18058917
1667650599.1845691,21366.05,21366.05,-7.93177351,-14.27,38.18058917
1667650609.41612,21366.05,21366.69,-7.88071938,-13.63,38.81582879
1667650619.1602185,21366.05,21366.69,-7.88071938,-13.63,38.81582879
1667650630.0046923,21366.05,21366.69,-7.88071938,-13.63,38.81582879
1667650640.0165577,21366.09,21366.09,-7.78799558,-10.73,38.25609758
1667650650.0132058,21366.09,21366.09,-7.78799558,-10.73,38.25609758
1667650660.0066078,21366.09,21366.09,-7.78799558,-10.73,38.25609758
1667650670.0312014,21366.09,21359.98,-8.27540298,-16.84,34.34328785
1667650680.0219302,21366.09,21359.98,-8.27540298,-16.84,34.34328785
1667650690.0049636,21366.09,21359.98,-8.27540298,-16.84,34.34328785
1667650700.0708983,21360.08,21360.08,-8.37174967,-12.52,34.37205479
1667650710.03627,21360.08,21360.08,-8.37174967,-12.52,34.37205479
1667650720.048391,21360.08,21360.08,-8.37174967,-12.52,34.37205479
1667650730.0562105,21360.08,21358.51,-8.49699184,-14.09,33.46595961
1667650740.064017,21360.08,21358.51,-8.49699184,-14.09,33.46595961
1667650750.0837502,21360.08,21358.51,-8.49699184,-14.09,33.46595961
1667650760.062211,21357.78,21357.78,-8.694864,-13.2,33.04217691
1667650770.085141,21357.78,21357.78,-8.694864,-13.2,33.04217691
1667650780.0424335,21357.78,21357.78,-8.694864,-13.2,33.04217691
1667650790.0561924,21357.78,21351.88,-9.16551927,-19.1,29.89337271
1667650800.0404117,21357.78,21351.88,-9.16551927,-19.1,29.89337271
1667650810.7968276,21357.78,21351.88,-9.16551927,-19.1,29.89337271
1667650820.8063734,21344.35,21344.35,-10.60469477,-21.45,26.6391727
1667650830.8360307,21344.35,21344.35,-10.60469477,-21.45,26.6391727
1667650840.8201575,21344.35,21350.67,-10.10053523,-15.13,32.97808467
1667650850.848688,21344.35,21350.67,-10.10053523,-15.13,32.97808467
1667650861.0214312,21344.35,21350.67,-10.10053523,-15.13,32.97808467
1667650871.049478,21339.87,21339.87,-11.8379145,-32.13,25.38737624
1667650880.8569298,21339.87,21339.87,-11.8379145,-32.13,25.38737624
1667650890.8452072,21339.87,21339.87,-11.8379145,-32.13,25.38737624
1667650900.8221283,21339.87,21339.87,-11.8379145,-32.13,25.38737624
1667650910.876965,21339.87,21332.7,-12.40988031,-39.3,22.41564426
1667650920.8600366,21339.87,21332.7,-12.40988031,-39.3,22.41564426
1667650930.859937,21339.87,21332.7,-12.40988031,-39.3,22.41564426
1667650940.886424,21324.78,21324.78,-14.48486982,-39.31,20.17157779
1667650950.880349,21324.78,21324.78,-14.48486982,-39.31,20.17157779
1667650960.834128,21324.78,21324.78,-14.48486982,-39.31,20.17157779
1667650970.8462546,21324.78,21331.37,-13.95917182,-32.72,26.74326615
1667650980.8654704,21324.78,21331.37,-13.95917182,-32.72,26.74326615
1667650991.396111,21334.38,21334.38,-14.15748226,-28.21,29.4659143
1667651001.406398,21334.38,21334.38,-14.15748226,-28.21,29.4659143
1667651011.433519,21334.38,21334.38,-14.15748226,-28.21,29.4659143
1667651021.439535,21334.38,21342.13,-13.53924864,-20.46,35.90057982
1667651031.422613,21334.38,21342.13,-13.53924864,-20.46,35.90057982
1667651041.4050112,21334.38,21342.13,-13.53924864,-20.46,35.90057982
1667651051.7026384,21332.04,21332.04,-14.60542709,-32.34,28.02442285
1667651061.432892,21332.04,21332.04,-14.60542709,-32.34,28.02442285
1667651071.4935737,21332.04,21332.04,-14.60542709,-32.34,28.02442285
1667651081.4689796,21332.04,21325.71,-15.11038435,-38.67,25.75766606
1667651091.4730504,21332.04,21325.71,-15.11038435,-38.67,25.75766606
1667651101.4419503,21332.04,21325.71,-15.11038435,-38.67,25.75766606
1667651111.476244,21330.93,21330.93,-14.78581925,-34.61,27.59155273
1667651121.4430563,21330.93,21330.93,-14.78581925,-34.61,27.59155273
1667651131.4742918,21330.93,21330.93,-14.78581925,-34.61,27.59155273
1667651141.4900324,21330.93,21337.93,-14.22741469,-27.61,34.2632575
1667651151.4672184,21330.93,21337.93,-14.22741469,-27.61,34.2632575
1667651161.4901085,21330.93,21337.93,-14.22741469,-27.61,34.2632575
1667651172.0708914,21336.72,21336.72,-13.88578941,-28.91,33.17587192
1667651182.057718,21336.72,21336.72,-13.88578941,-28.91,33.17587192
1667651192.0906088,21336.72,21336.72,-13.88578941,-28.91,33.17587192
1667651202.1059592,21336.72,21337.9,-13.79165835,-27.73,34.31693621
1667651212.1457598,21336.72,21337.9,-13.79165835,-27.73,34.31693621
1667651222.0472443,21336.72,21337.9,-13.79165835,-27.73,34.31693621
1667651232.092118,21336.72,21337.9,-13.79165835,-27.73,34.31693621
1667651242.2283978,21338.06,21338.06,-13.17390079,-22.64,34.60671921
1667651252.0767767,21338.06,21338.06,-13.17390079,-22.64,34.60671921
1667651262.1011117,21338.06,21338.06,-13.17390079,-22.64,34.60671921
1667651272.092213,21338.06,21317.43,-14.8195988,-43.27,26.26658975
1667651282.0563834,21338.06,21317.43,-14.8195988,-43.27,26.26658975
1667651292.040414,21311.61,21311.61,-16.27864925,-46.61,24.5838983
1667651302.059204,21311.61,21311.61,-16.27864925,-46.61,24.5838983
1667651312.0840025,21311.61,21311.61,-16.27864925,-46.61,24.5838983
1667651322.081064,21311.61,21315.47,-15.97072902,-42.75,27.60526409
1667651332.144549,21311.61,21315.47,-15.97072902,-42.75,27.60526409
1667651342.2672305,21311.61,21315.47,-15.97072902,-42.75,27.60526409
1667651352.6965213,21313.95,21313.95,-16.57360775,-30.83,26.32942065
1667651362.6617951,21313.95,21313.95,-16.57360775,-30.83,26.32942065
1667651372.6929774,21313.95,21313.95,-16.57360775,-30.83,26.32942065
1667651382.6991951,21313.95,21314.03,-16.56722598,-30.75,26.40293667
1667651392.7014625,21313.95,21314.03,-16.56722598,-30.75,26.40293667
1667651402.7732298,21313.95,21314.03,-16.56722598,-30.75,26.40293667
1667651412.6579046,21312.77,21312.77,-16.96891788,-26.5,26.37041121
1667651422.6704352,21312.77,21312.77,-16.96891788,-26.5,26.37041121
1667651432.676168,21312.77,21312.77,-16.96891788,-26.5,26.37041121
1667651442.7189023,21312.77,21310.39,-17.15877543,-28.88,25.16882029
1667651452.6803918,21312.77,21310.39,-17.15877543,-28.88,25.16882029
1667651462.708189,21312.77,21310.39,-17.15877543,-28.88,25.16882029
1667651472.7192278,21306.42,21306.42,-17.82665206,-18.36,23.93149782
1667651482.741467,21306.42,21306.42,-17.82665206,-18.36,23.93149782
1667651492.7106876,21306.42,21306.42,-17.82665206,-18.36,23.93149782
1667651502.7186005,21306.42,21302.09,-18.17206517,-22.69,22.64112464
1667651512.7076166,21306.42,21302.09,-18.17206517,-22.69,22.64112464
1667651522.704955,21306.42,21302.09,-18.17206517,-22.69,22.64112464
1667651533.46519,21311.5,21311.5,-17.22301973,-21.84,28.33547471
1667651543.4705956,21311.5,21311.5,-17.22301973,-21.84,28.33547471
1667651553.4755752,21311.5,21311.5,-17.22301973,-21.84,28.33547471
1667651563.747964,21311.5,21303.34,-17.8739599,-30.0,25.52132544
1667651573.500481,21311.5,21303.34,-17.8739599,-30.0,25.52132544
1667651583.4868686,21311.5,21303.34,-17.8739599,-30.0,25.52132544
1667651593.449199,21305.43,21305.43,-17.72938242,-26.61,26.18746657
1667651603.4820592,21305.43,21305.43,-17.72938242,-26.61,26.18746657
1667651613.4714687,21305.43,21305.43,-17.72938242,-26.61,26.18746657
1667651623.4551442,21305.43,21294.51,-18.60049353,-37.53,22.8339187
1667651633.4656074,21305.43,21294.51,-18.60049353,-37.53,22.8339187
1667651643.4801264,21305.43,21294.51,-18.60049353,-37.53,22.8339187
1667651653.493431,21292.95,21292.95,-19.31012483,-38.22,22.43776642
1667651663.4737892,21292.95,21292.95,-19.31012483,-38.22,22.43776642
1667651673.6650498,21292.95,21292.95,-19.31012483,-38.22,22.43776642
1667651683.516081,21292.95,21301.11,-18.65918466,-30.06,29.56276169
1667651693.4488356,21292.95,21301.11,-18.65918466,-30.06,29.56276169
1667651703.5869422,21292.95,21301.11,-18.65918466,-30.06,29.56276169
1667651714.0705454,21303.39,21303.39,-18.07147178,-33.33,31.32544707
1667651724.4212663,21303.39,21303.39,-18.07147178,-33.33,31.32544707
1667651734.1171036,21303.39,21303.39,-18.07147178,-33.33,31.32544707
1667651744.2251997,21303.39,21307.62,-17.73403588,-29.1,34.5956114
1667651754.0994167,21303.39,21307.62,-17.73403588,-29.1,34.5956114
1667651764.1500807,21303.39,21307.62,-17.73403588,-29.1,34.5956114
1667651774.0916228,21310.51,21310.51,-16.50041852,-27.89,36.82561666
1667651784.112565,21310.51,21310.51,-16.50041852,-27.89,36.82561666
1667651794.1958234,21310.51,21310.51,-16.50041852,-27.89,36.82561666
1667651804.084214,21310.51,21313.97,-16.22440713,-24.43,39.09686219
1667651814.0820277,21310.51,21313.97,-16.22440713,-24.43,39.09686219
1667651824.1134336,21310.51,21313.97,-16.22440713,-24.43,39.09686219
1667651834.1162078,21320.34,21320.34,-14.17815017,8.22,43.18260988
1667651844.1044593,21320.34,21320.34,-14.17815017,8.22,43.18260988
1667651854.096887,21320.34,21320.34,-14.17815017,8.22,43.18260988
1667651864.1272995,21320.34,21309.1,-15.07478835,-3.02,38.30009786
1667651874.1325767,21320.34,21309.1,-15.07478835,-3.02,38.30009786
1667651884.483191,21320.34,21309.1,-15.07478835,-3.02,38.30009786
1667651894.7241442,21306.52,21306.52,-14.80763179,-7.43,37.53244298
1667651904.8126836,21306.52,21306.52,-14.80763179,-7.43,37.53244298
1667651914.6924038,21306.52,21306.52,-14.80763179,-7.43,37.53244298
1667651924.7501028,21306.52,21302.4,-15.13629276,-11.55,35.79276205
1667651934.7473462,21306.52,21302.4,-15.13629276,-11.55,35.79276205
1667651944.748668,21306.52,21302.4,-15.13629276,-11.55,35.79276205
1667651954.736127,21303.0,21303.0,-14.72279578,-9.12,36.01150834
1667651964.7352402,21303.0,21303.0,-14.72279578,-9.12,36.01150834
1667651974.7220168,21303.0,21303.0,-14.72279578,-9.12,36.01150834
1667651984.759097,21303.0,21302.15,-14.79060204,-9.97,35.6788422
1667651994.77865,21303.0,21302.15,-14.79060204,-9.97,35.6788422
1667652004.7615983,21303.0,21302.15,-14.79060204,-9.97,35.6788422
1667652014.777908,21306.38,21306.38,-13.79074424,-0.72,38.29914374
1667652024.7420087,21306.38,21306.38,-13.79074424,-0.72,38.29914374
1667652034.7536955,21306.38,21306.38,-13.79074424,-0.72,38.29914374
1667652044.896402,21306.38,21313.55,-13.21877842,6.45,42.95787612
1667652054.772699,21306.38,21313.55,-13.21877842,6.45,42.95787612
1667652064.7202196,21306.38,21313.55,-13.21877842,6.45,42.95787612
1667652075.5795324,21317.86,21317.86,-11.49175186,6.36,45.43446055
1667652085.4699757,21317.86,21317.86,-11.49175186,6.36,45.43446055
1667652095.769702,21317.86,21317.86,-11.49175186,6.36,45.43446055
1667652105.5074775,21317.86,21315.3,-11.69596838,3.8,44.20675707
1667652115.6266549,21317.86,21315.3,-11.69596838,3.8,44.20675707
1667652125.5568273,21317.86,21315.3,-11.69596838,3.8,44.20675707
1667652135.799683,21318.52,21318.52,-10.18378181,13.09,45.82236862
1667652145.535337,21318.52,21318.52,-10.18378181,13.09,45.82236862
1667652155.5421357,21318.52,21318.52,-10.18378181,13.09,45.82236862
1667652165.56338,21318.52,21322.17,-9.89261371,16.74,48.02303831
1667652175.729371,21318.52,21322.17,-9.89261371,16.74,48.02303831
1667652186.0699575,21318.52,21322.17,-9.89261371,16.74,48.02303831
1667652195.9208586,21318.09,21318.09,-9.14499998,25.16,45.59494464
1667652205.8747864,21318.09,21318.09,-9.14499998,25.16,45.59494464
1667652215.9043126,21318.09,21318.09,-9.14499998,25.16,45.59494464
1667652225.9121904,21318.09,21318.88,-9.08198004,25.95,46.1239955
1667652236.1419606,21318.09,21318.88,-9.08198004,25.95,46.1239955
1667652245.908559,21318.09,21318.88,-9.08198004,25.95,46.1239955
1667652256.9907725,21313.95,21313.95,-8.78528898,10.56,43.36343401
1667652267.2166748,21313.95,21313.95,-8.78528898,10.56,43.36343401
1667652277.0032067,21313.95,21313.95,-8.78528898,10.56,43.36343401
1667652286.9817364,21313.95,21321.98,-8.14471918,18.59,48.61642297
1667652297.0360825,21313.95,21321.98,-8.14471918,18.59,48.61642297
1667652307.1912465,21313.95,21321.98,-8.14471918,18.59,48.61642297
1667652317.2292275,21321.75,21321.75,-7.0789258,10.58,48.50707868
1667652327.0504837,21321.75,21321.75,-7.0789258,10.58,48.50707868
1667652337.0002153,21321.75,21321.75,-7.0789258,10.58,48.50707868
1667652347.0692608,21321.75,21320.68,-7.16428193,9.51,47.83668077
1667652357.0447426,21321.75,21320.68,-7.16428193,9.51,47.83668077
1667652367.078189,21321.75,21320.68,-7.16428193,9.51,47.83668077
1667652377.0385196,21314.65,21314.65,-7.14089804,-5.69,44.56117986
1667652387.0491562,21314.65,21314.65,-7.14089804,-5.69,44.56117986
1667652397.0630069,21314.65,21314.65,-7.14089804,-5.69,44.56117986
1667652407.01315,21314.65,21318.41,-6.84095502,-1.93,47.0268406
1667652417.1461234,21314.65,21318.41,-6.84095502,-1.93,47.0268406
1667652427.2930408,21314.65,21318.41,-6.84095502,-1.93,47.0268406
1667652437.8603983,21323.99,21323.99,-5.34916331,18.16,50.32838147
1667652447.8887303,21323.99,21323.99,-5.34916331,18.16,50.32838147
1667652457.997348,21323.99,21323.99,-5.34916331,18.16,50.32838147
1667652467.9068415,21323.99,21325.61,-5.21993254,19.78,51.27128782
1667652478.0874605,21323.99,21325.61,-5.21993254,19.78,51.27128782
1667652487.932341,21323.99,21325.61,-5.21993254,19.78,51.27128782
1667652497.9392197,21324.61,21324.61,-4.34864919,21.61,50.69352554
1667652507.93065,21324.61,21324.61,-4.34864919,21.61,50.69352554
1667652517.921283,21324.61,21324.61,-4.34864919,21.61,50.69352554
1667652528.0719182,21324.61,21329.78,-3.93622754,26.78,53.74690171
1667652537.9483118,21324.61,21329.78,-3.93622754,26.78,53.74690171
1667652547.8741338,21324.61,21329.78,-3.93622754,26.78,53.74690171
1667652557.925048,21341.37,21341.37,-1.18472773,34.99,59.38526298
1667652567.9242656,21341.37,21341.37,-1.18472773,34.99,59.38526298
1667652577.9481096,21341.37,21341.37,-1.18472773,34.99,59.38526298
1667652587.8976438,21341.37,21340.65,-1.24216362,34.27,58.9048696
1667652597.9098032,21341.37,21340.65,-1.24216362,34.27,58.9048696
1667652607.9481063,21341.37,21340.65,-1.24216362,34.27,58.9048696
1667652618.936432,21336.65,21336.65,-0.36459577,18.79,56.33930947
1667652628.8646688,21336.65,21336.65,-0.36459577,18.79,56.33930947
1667652638.877138,21336.65,21336.65,-0.36459577,18.79,56.33930947
1667652648.9731722,21336.65,21335.87,-0.42681799,18.01,55.83530506
1667652658.819204,21336.65,21335.87,-0.42681799,18.01,55.83530506
1667652668.8610525,21336.65,21335.87,-0.42681799,18.01,55.83530506
1667652678.874538,21348.87,21348.87,2.21339475,30.35,61.93889614
1667652688.9438305,21348.87,21348.87,2.21339475,30.35,61.93889614
1667652698.8174188,21348.87,21348.87,2.21339475,30.35,61.93889614
1667652708.8528435,21348.87,21343.18,1.75949162,24.66,58.40617525
1667652718.8745816,21348.87,21343.18,1.75949162,24.66,58.40617525
1667652728.8212795,21348.87,21343.18,1.75949162,24.66,58.40617525
1667652738.8320727,21339.04,21339.04,2.11138331,20.95,55.94890598
1667652748.88882,21339.04,21339.04,2.11138331,20.95,55.94890598
1667652758.8603954,21339.04,21339.04,2.11138331,20.95,55.94890598
1667652768.9011552,21339.04,21326.4,1.10306422,8.31,49.16426058
1667652778.8708422,21339.04,21326.4,1.10306422,8.31,49.16426058
1667652788.869868,21339.04,21326.4,1.10306422,8.31,49.16426058
1667652799.4888208,21316.04,21316.04,-0.6376937,2.09,44.71952976
1667652809.670498,21316.04,21316.04,-0.6376937,2.09,44.71952976
1667652819.462628,21316.04,21316.04,-0.6376937,2.09,44.71952976
1667652829.4763167,21316.04,21318.02,-0.47974498,4.07,45.72936603
1667652839.4653118,21316.04,21318.02,-0.47974498,4.07,45.72936603
1667652849.444043,21316.04,21318.02,-0.47974498,4.07,45.72936603
1667652859.468745,21322.72,21322.72,-0.35812694,1.57,47.98699102
1667652869.487102,21322.72,21322.72,-0.35812694,1.57,47.98699102
1667652879.4439986,21322.72,21322.72,-0.35812694,1.57,47.98699102
1667652889.4775014,21322.72,21323.6,-0.28792751,2.45,48.39206218
1667652899.4788122,21322.72,21323.6,-0.28792751,2.45,48.39206218
1667652909.460481,21322.72,21323.6,-0.28792751,2.45,48.39206218
1667652919.494908,21321.07,21321.07,-0.8307563,6.84,47.25419541
1667652929.4624815,21321.07,21321.07,-0.8307563,6.84,47.25419541
1667652939.5159805,21321.07,21321.07,-0.8307563,6.84,47.25419541
1667652949.501611,21321.07,21321.23,-0.81799276,7.0,47.33817543
1667652959.4712417,21321.07,21321.23,-0.81799276,7.0,47.33817543
1667652969.6352167,21321.07,21321.23,-0.81799276,7.0,47.33817543
1667652980.5892446,21320.5,21320.5,-1.1690351,-2.98,46.98725458
1667652990.620217,21320.5,21320.5,-1.1690351,-2.98,46.98725458
1667653000.803135,21320.5,21320.23,-1.19057356,-3.25,46.85224064
1667653010.643892,21320.5,21320.23,-1.19057356,-3.25,46.85224064
1667653020.632065,21320.5,21320.23,-1.19057356,-3.25,46.85224064
1667653030.6216905,21317.23,21317.23,-1.82397228,-7.38,45.38899355
1667653040.646361,21317.23,21317.23,-1.82397228,-7.38,45.38899355
1667653050.606463,21317.23,21317.23,-1.82397228,-7.38,45.38899355
1667653060.6427016,21317.23,21311.82,-2.25553923,-12.79,42.81709356
1667653070.6119046,21317.23,21311.82,-2.25553923,-12.79,42.81709356
1667653080.636028,21317.23,21311.82,-2.25553923,-12.79,42.81709356
1667653090.6382515,21317.0,21317.0,-2.21685995,-24.37,45.39078381
1667653100.6356723,21317.0,21317.0,-2.21685995,-24.37,45.39078381
1667653110.648993,21317.0,21317.0,-2.21685995,-24.37,45.39078381
1667653120.6749034,21317.0,21310.1,-2.7672873,-31.27,41.85698938
1667653130.6698782,21317.0,21310.1,-2.7672873,-31.27,41.85698938
1667653140.6278212,21317.0,21310.1,-2.7672873,-31.27,41.85698938
1667653150.6539598,21307.29,21307.29,-3.84093777,-30.05,40.72997557
1667653161.4715874,21307.29,21307.29,-3.84093777,-30.05,40.72997557
1667653171.201475,21307.29,21307.29,-3.84093777,-30.05,40.72997557
1667653181.214242,21307.29,21307.29,-3.84093777,-30.05,40.72997557
1667653191.270096,21307.29,21312.04,-3.46202039,-25.3,43.77050299
1667653201.204501,21307.29,21312.04,-3.46202039,-25.3,43.77050299
1667653211.378527,21307.29,21312.04,-3.46202039,-25.3,43.77050299
1667653221.2068615,21309.71,21309.71,-4.03330046,-38.38,42.43471899
1667653231.231072,21309.71,21309.71,-4.03330046,-38.38,42.43471899
1667653241.2376175,21309.71,21309.71,-4.03330046,-38.38,42.43471899
1667653251.3277986,21309.71,21298.24,-4.94828621,-49.85,37.41604895
1667653261.2162588,21309.71,21298.24,-4.94828621,-49.85,37.41604895
1667653271.2247498,21295.16,21295.16,-6.40112096,-44.01,36.26436146
1667653281.250621,21295.16,21295.16,-6.40112096,-44.01,36.26436146
1667653291.223709,21295.16,21295.16,-6.40112096,-44.01,36.26436146
1667653301.2447765,21295.16,21298.33,-6.14824347,-40.84,38.36708726
1667653311.2712083,21295.16,21298.33,-6.14824347,-40.84,38.36708726
1667653321.52579,21295.16,21298.33,-6.14824347,-40.84,38.36708726
1667653331.2875755,21304.06,21304.06,-6.01519407,-11.98,41.83695992
1667653341.8534603,21304.06,21304.06,-6.01519407,-11.98,41.83695992
1667653351.8141325,21304.06,21304.06,-6.01519407,-11.98,41.83695992
1667653361.8545527,21304.06,21310.57,-5.49587783,-5.47,45.58232214
1667653371.9013486,21304.06,21310.57,-5.49587783,-5.47,45.58232214
1667653381.8599534,21304.06,21310.57,-5.49587783,-5.47,45.58232214
1667653391.8503225,21310.02,21310.02,-5.4017438,-13.42,45.31382048
1667653401.84483,21310.02,21310.02,-5.4017438,-13.42,45.31382048
1667653411.8197098,21310.02,21310.02,-5.4017438,-13.42,45.31382048
1667653421.8573716,21310.02,21310.02,-5.4017438,-13.42,45.31382048
1667653431.8928363,21310.02,21310.05,-5.39935064,-13.39,45.33138493
1667653441.8554187,21310.02,21310.05,-5.39935064,-13.39,45.33138493
1667653451.849409,21309.93,21309.93,-5.23798624,-11.14,45.28812904
1667653461.8857846,21309.93,21309.93,-5.23798624,-11.14,45.28812904
1667653471.853278,21309.93,21309.93,-5.23798624,-11.14,45.28812904
1667653482.0465147,21309.93,21307.13,-5.46134806,-13.94,43.7873834
1667653491.8336964,21309.93,21307.13,-5.46134806,-13.94,43.7873834
1667653501.8747344,21309.93,21307.13,-5.46134806,-13.94,43.7873834
1667653512.029391,21313.35,21313.35,-4.51109156,-7.15,47.36884733
1667653522.604299,21313.35,21313.35,-4.51109156,-7.15,47.36884733
1667653532.5883372,21313.35,21313.35,-4.51109156,-7.15,47.36884733
1667653542.633397,21313.35,21315.86,-4.31086364,-4.64,48.89014601
1667653552.589584,21313.35,21315.86,-4.31086364,-4.64,48.89014601
1667653562.6158128,21313.35,21315.86,-4.31086364,-4.64,48.89014601
1667653572.5926487,21317.54,21317.54,-3.52350217,-0.07,49.86742121
1667653582.6318777,21317.54,21317.54,-3.52350217,-0.07,49.86742121
1667653592.6331136,21317.54,21317.54,-3.52350217,-0.07,49.86742121
1667653602.622644,21317.54,21320.69,-3.27222012,3.08,51.73180835
1667653612.6278012,21317.54,21320.69,-3.27222012,3.08,51.73180835
1667653622.628829,21317.54,21320.69,-3.27222012,3.08,51.73180835
1667653632.6548142,21316.37,21316.37,-3.1079245,0.16,49.14033931
1667653642.862543,21316.37,21316.37,-3.1079245,0.16,49.14033931
1667653652.8322754,21316.37,21316.37,-3.1079245,0.16,49.14033931
1667653662.6780243,21316.37,21322.39,-2.62769658,6.18,52.86752859
1667653672.6593926,21316.37,21322.39,-2.62769658,6.18,52.86752859
1667653682.6847904,21316.37,21322.39,-2.62769658,6.18,52.86752859
1667653692.731114,21318.64,21318.64,-2.34039664,11.88,50.56235968
1667653703.225211,21318.64,21318.64,-2.34039664,11.88,50.56235968
1667653713.209981,21318.64,21318.64,-2.34039664,11.88,50.56235968
1667653723.208672,21318.64,21318.66,-2.3388012,11.9,50.57604335
1667653733.200283,21318.64,21318.66,-2.3388012,11.9,50.57604335
1667653743.2187636,21318.64,21318.66,-2.3388012,11.9,50.57604335
1667653753.2418191,21319.14,21319.14,-1.85873023,8.55,50.92038922
1667653763.4241552,21319.14,21319.14,-1.85873023,8.55,50.92038922
1667653773.291688,21319.14,21319.14,-1.85873023,8.55,50.92038922
1667653783.227882,21319.14,21317.8,-1.96562482,7.21,49.95211178
1667653793.244101,21319.14,21317.8,-1.96562482,7.21,49.95211178
1667653803.3037744,21319.14,21317.8,-1.96562482,7.21,49.95211178
1667653813.28712,21313.91,21313.91,-2.15082537,18.75,47.26555413
1667653823.272579,21313.91,21313.91,-2.15082537,18.75,47.26555413
1667653833.4649785,21313.91,21313.91,-2.15082537,18.75,47.26555413
1667653843.27738,21313.91,21318.77,-1.76313306,23.61,50.79090483
1667653853.2517304,21313.91,21318.77,-1.76313306,23.61,50.79090483
1667653863.4662015,21313.91,21318.77,-1.76313306,23.61,50.79090483
1667653873.5080853,21317.37,21317.37,-1.60208375,13.3,49.82140386
1667653883.6915753,21317.37,21317.37,-1.60208375,13.3,49.82140386
1667653893.6598904,21317.37,21317.37,-1.60208375,13.3,49.82140386
1667653903.6519504,21317.37,21317.99,-1.55262506,13.92,50.29468488
1667653913.684387,21317.37,21317.99,-1.55262506,13.92,50.29468488
1667653923.7217522,21317.37,21317.99,-1.55262506,13.92,50.29468488
1667653933.6768012,21321.32,21321.32,-0.79676715,12.0,52.69127821
1667653943.6363542,21321.32,21321.32,-0.79676715,12.0,52.69127821
1667653953.8909397,21321.32,21321.32,-0.79676715,12.0,52.69127821
1667653963.6725893,21321.32,21322.22,-0.72497228,12.9,53.34600975
1667653973.6762722,21321.32,21322.22,-0.72497228,12.9,53.34600975
1667653983.7091,21321.32,21322.22,-0.72497228,12.9,53.34600975
1667653993.984398,21323.48,21323.48,-0.12845045,14.15,54.25877494
1667654003.7375348,21323.48,21323.48,-0.12845045,14.15,54.25877494
1667654013.7037258,21323.48,21323.48,-0.12845045,14.15,54.25877494
1667654023.7284153,21323.48,21318.32,-0.54007438,8.99,50.06540758
1667654033.7093997,21323.48,21318.32,-0.54007438,8.99,50.06540758
1667654043.9042478,21323.48,21318.32,-0.54007438,8.99,50.06540758
1667654053.7255485,21323.48,21318.32,-0.54007438,8.99,50.06540758
1667654064.624279,21318.71,21318.71,-0.3820499,5.16,50.36404983
1667654074.6273978,21318.71,21318.71,-0.3820499,5.16,50.36404983
1667654084.624147,21318.71,21315.19,-0.66284762,1.64,47.6039834
1667654094.7957108,21318.71,21315.19,-0.66284762,1.64,47.6039834
1667654104.575646,21318.71,21315.19,-0.66284762,1.64,47.6039834
1667654114.622218,21314.77,21314.77,-0.86541001,-2.78,47.36535093
1667654124.803639,21314.77,21314.77,-0.86541001,-2.78,47.36535093
1667654134.6154342,21314.77,21314.77,-0.86541001,-2.78,47.36535093
1667654144.6446104,21314.77,21321.21,-0.35167782,3.66,52.39319823
1667654154.6248646,21314.77,21321.21,-0.35167782,3.66,52.39319823
1667654164.6301346,21314.77,21321.21,-0.35167782,3.66,52.39319823
1667654174.6654773,21322.6,21322.6,0.14887641,5.75,53.35543208
1667654184.7987156,21322.6,21322.6,0.14887641,5.75,53.35543208
1667654194.6808968,21322.6,21322.6,0.14887641,5.75,53.35543208
1667654204.688831,21322.6,21319.19,-0.12314638,2.34,50.65233126
1667654214.6564777,21322.6,21319.19,-0.12314638,2.34,50.65233126
1667654224.6988134,21322.6,21319.19,-0.12314638,2.34,50.65233126
1667654234.8813584,21316.25,21316.25,-0.41129036,-3.08,48.50302321
1667654245.0606575,21316.25,21316.25,-0.41129036,-3.08,48.50302321
1667654255.2585006,21316.25,21316.25,-0.41129036,-3.08,48.50302321
1667654265.0504148,21316.25,21313.63,-0.62029321,-5.7,46.63055119
1667654275.2267773,21316.25,21313.63,-0.62029321,-5.7,46.63055119
1667654285.0909486,21316.25,21313.63,-0.62029321,-5.7,46.63055119
1667654295.171682,21316.25,21313.63,-0.62029321,-5.7,46.63055119
1667654305.086028,21307.09,21307.09,-1.74336401,-11.53,42.50775745
1667654315.0861342,21307.09,21307.09,-1.74336401,-11.53,42.50775745
1667654325.089038,21307.09,21307.61,-1.70188253,-11.01,42.82992233
1667654335.08891,21307.09,21307.61,-1.70188253,-11.01,42.82992233
1667654345.0736537,21307.09,21307.61,-1.70188253,-11.01,42.82992233
1667654355.0724611,21306.29,21306.29,-2.29653652,-8.39,41.98729749
1667654365.112244,21306.29,21306.29,-2.29653652,-8.39,41.98729749
1667654375.259976,21306.29,21306.29,-2.29653652,-8.39,41.98729749
1667654385.0661557,21306.29,21306.74,-2.26063908,-7.94,42.28005635
1667654395.0849,21306.29,21306.74,-2.26063908,-7.94,42.28005635
1667654405.093945,21306.29,21306.74,-2.26063908,-7.94,42.28005635
1667654415.0664556,21309.0,21309.0,-2.31692011,-8.13,44.18238085
1667654425.7116995,21309.0,21309.0,-2.31692011,-8.13,44.18238085
1667654435.6713,21309.0,21309.0,-2.31692011,-8.13,44.18238085
1667654445.7201345,21309.0,21309.85,-2.24911384,-7.28,44.94346324
1667654455.7019076,21309.0,21309.85,-2.24911384,-7.28,44.94346324
1667654465.7177134,21309.0,21309.85,-2.24911384,-7.28,44.94346324
1667654475.6764843,21311.41,21311.41,-2.14626281,-9.91,46.29922772
1667654485.7539537,21311.41,21311.41,-2.14626281,-9.91,46.29922772
1667654495.737265,21311.41,21311.41,-2.14626281,-9.91,46.29922772
1667654505.7337682,21311.41,21310.33,-2.23241666,-10.99,45.44459806
1667654515.7400746,21311.41,21310.33,-2.23241666,-10.99,45.44459806
1667654525.9035175,21311.41,21310.33,-2.23241666,-10.99,45.44459806
1667654535.895634,21307.54,21307.54,-2.6419019,-15.45,43.39933948
1667654545.7089145,21307.54,21307.54,-2.6419019,-15.45,43.39933948
1667654555.716882,21307.54,21307.54,-2.6419019,-15.45,43.39933948
1667654565.751377,21307.54,21306.84,-2.69774236,-16.15,42.88535124
1667654575.7696016,21307.54,21306.84,-2.69774236,-16.15,42.88535124
1667654585.7492285,21307.54,21306.84,-2.69774236,-16.15,42.88535124
1667654595.7652357,21307.0,21307.0,-2.84060364,-11.71,42.97708083
1667654606.3381195,21307.0,21307.0,-2.84060364,-11.71,42.97708083
1667654616.299014,21307.0,21307.0,-2.84060364,-11.71,42.97708083
1667654626.2772634,21307.0,21283.16,-4.74237002,-35.55,29.94287868
1667654636.3577075,21307.0,21283.16,-4.74237002,-35.55,29.94287868
1667654646.314418,21307.0,21283.16,-4.74237002,-35.55,29.94287868
1667654656.4809833,21277.07,21277.07,-7.18863943,-37.21,27.78987315
1667654666.6047215,21277.07,21277.07,-7.18863943,-37.21,27.78987315
1667654676.3403792,21277.07,21277.07,-7.18863943,-37.21,27.78987315
1667654686.3273578,21277.07,21279.63,-6.98442291,-34.65,30.06625816
1667654696.3472369,21277.07,21279.63,-6.98442291,-34.65,30.06625816
1667654706.3660786,21277.07,21279.63,-6.98442291,-34.65,30.06625816
1667654716.3537323,21280.55,21280.55,-8.15013118,-42.04,30.85404283
1667654726.6238525,21280.55,21280.55,-8.15013118,-42.04,30.85404283
1667654736.336524,21280.55,21280.55,-8.15013118,-42.04,30.85404283
1667654746.345508,21280.55,21277.47,-8.39582919,-45.12,29.65658066
1667654756.3444946,21280.55,21277.47,-8.39582919,-45.12,29.65658066
1667654766.3769743,21280.55,21277.47,-8.39582919,-45.12,29.65658066
1667654776.351614,21271.33,21271.33,-10.30432739,-45.46,27.51571362
1667654787.1603217,21271.33,21271.33,-10.30432739,-45.46,27.51571362
1667654797.170285,21271.33,21271.33,-10.30432739,-45.46,27.51571362
1667654807.1402674,21271.33,21274.67,-10.03788864,-42.12,30.22580907
1667654817.1581855,21271.33,21274.67,-10.03788864,-42.12,30.22580907
1667654827.160306,21271.33,21274.67,-10.03788864,-42.12,30.22580907
1667654837.3097255,21272.63,21272.63,-11.14276793,-35.01,28.44266406
1667654847.3448286,21272.63,21272.63,-11.14276793,-35.01,28.44266406
1667654857.1973622,21272.63,21272.63,-11.14276793,-35.01,28.44266406
1667654867.2018473,21272.63,21267.45,-11.55598731,-40.19,26.58481763
1667654877.190815,21272.63,21267.45,-11.55598731,-40.19,26.58481763
1667654887.2178714,21272.63,21267.45,-11.55598731,-40.19,26.58481763
1667654897.316428,21259.89,21259.89,-13.52347902,-47.14,24.26009124
1667654907.2279236,21259.89,21259.89,-13.52347902,-47.14,24.26009124
1667654917.303928,21259.89,21259.89,-13.52347902,-47.14,24.26009124
1667654927.2232604,21259.89,21268.03,-12.87413429,-39.0,30.98181242
1667654937.2199495,21259.89,21268.03,-12.87413429,-39.0,30.98181242
1667654947.219973,21259.89,21268.03,-12.87413429,-39.0,30.98181242
1667654957.2215247,21262.62,21262.62,-14.0843064,-46.38,26.45067649
1667654967.9843185,21262.62,21262.62,-14.0843064,-46.38,26.45067649
1667654978.0006454,21262.62,21262.62,-14.0843064,-46.38,26.45067649
1667654987.9984138,21262.62,21255.12,-14.682597,-53.88,24.0895418
1667654997.9498324,21262.62,21255.12,-14.682597,-53.88,24.0895418
1667655008.018942,21262.62,21255.12,-14.682597,-53.88,24.0895418
1667655018.013672,21252.21,21252.21,-16.00601918,-59.02,23.28995371
1667655028.0218294,21252.21,21252.21,-16.00601918,-59.02,23.28995371
1667655038.0084438,21252.21,21252.21,-16.00601918,-59.02,23.28995371
1667655048.0262587,21252.21,21276.39,-14.07713029,-34.84,40.96881421
1667655057.9936683,21252.21,21276.39,-14.07713029,-34.84,40.96881421
1667655068.0530045,21252.21,21276.39,-14.07713029,-34.84,40.96881421
1667655078.2822306,21266.8,21266.8,-14.6155064,-41.27,35.03033919
1667655087.988557,21266.8,21266.8,-14.6155064,-41.27,35.03033919
1667655097.9733636,21266.8,21266.8,-14.6155064,-41.27,35.03033919
1667655108.0122848,21266.8,21278.1,-13.7140819,-29.97,42.38516316
1667655117.9931445,21266.8,21278.1,-13.7140819,-29.97,42.38516316
1667655128.1326983,21266.8,21278.1,-13.7140819,-29.97,42.38516316
1667655138.0370288,21270.4,21270.4,-13.76247748,-37.04,37.56932366
1667655148.4469085,21270.4,21270.4,-13.76247748,-37.04,37.56932366
1667655158.4540071,21270.4,21270.4,-13.76247748,-37.04,37.56932366
1667655168.48359,21270.4,21275.65,-13.34367406,-31.79,41.17943129
1667655178.4123807,21270.4,21275.65,-13.34367406,-31.79,41.17943129
1667655188.3932788,21270.4,21275.65,-13.34367406,-31.79,41.17943129
1667655198.3961918,21281.56,21281.56,-11.58532132,4.49,44.77480523
1667655208.402598,21281.56,21281.56,-11.58532132,4.49,44.77480523
1667655218.462482,21281.56,21281.56,-11.58532132,4.49,44.77480523
1667655228.400892,21281.56,21274.87,-12.11899653,-2.2,41.66846734
1667655238.66281,21281.56,21274.87,-12.11899653,-2.2,41.66846734
1667655248.4621296,21281.56,21274.87,-12.11899653,-2.2,41.66846734
1667655258.4167273,21280.3,21280.3,-10.64162485,-0.26,44.20798822
1667655268.412778,21280.3,21280.3,-10.64162485,-0.26,44.20798822
1667655278.427802,21280.3,21280.3,-10.64162485,-0.26,44.20798822
1667655288.447821,21280.3,21282.02,-10.50441687,1.46,45.31292196
1667655298.4684153,21280.3,21282.02,-10.50441687,1.46,45.31292196
1667655308.4275117,21280.3,21282.02,-10.50441687,1.46,45.31292196
1667655318.473276,21285.83,21285.83,-8.84385159,14.05,47.62238458
1667655329.2527325,21285.83,21285.83,-8.84385159,14.05,47.62238458
1667655339.254426,21285.83,21285.83,-8.84385159,14.05,47.62238458
1667655349.301445,21285.83,21274.7,-9.73171484,2.92,42.16409499
1667655359.2711153,21285.83,21274.7,-9.73171484,2.92,42.16409499
1667655369.2814493,21285.83,21274.7,-9.73171484,2.92,42.16409499
1667655379.2956188,21275.36,21275.36,-9.2454669,2.73,42.54085312
1667655389.3473797,21275.36,21275.36,-9.2454669,2.73,42.54085312
1667655399.3463864,21275.36,21275.36,-9.2454669,2.73,42.54085312
1667655409.320951,21275.36,21275.58,-9.22791705,2.95,42.6803381
1667655419.4969366,21275.36,21275.58,-9.22791705,2.95,42.6803381
1667655429.2732852,21275.36,21275.58,-9.22791705,2.95,42.6803381
1667655439.3335056,21282.84,21282.84,-7.77401134,22.44,46.97119177
1667655449.340193,21282.84,21282.84,-7.77401134,22.44,46.97119177
1667655459.301899,21282.84,21282.84,-7.77401134,22.44,46.97119177
1667655469.3287675,21282.84,21275.88,-8.32922501,15.48,43.5066403
1667655479.3032444,21282.84,21275.88,-8.32922501,15.48,43.5066403
1667655489.355117,21282.84,21275.88,-8.32922501,15.48,43.5066403
1667655499.4074109,21280.5,21280.5,-7.23267677,17.88,45.68149655
1667655509.9092104,21280.5,21280.5,-7.23267677,17.88,45.68149655
1667655519.888361,21280.5,21280.5,-7.23267677,17.88,45.68149655
1667655529.9236083,21280.5,21278.04,-7.42891608,15.42,44.39540914
1667655539.936676,21280.5,21278.04,-7.42891608,15.42,44.39540914
1667655549.918043,21280.5,21278.04,-7.42891608,15.42,44.39540914
1667655559.9781027,21278.14,21278.14,-6.99844882,25.94,44.57442655
1667655569.9099023,21278.14,21278.14,-6.99844882,25.94,44.57442655
1667655579.888846,21278.14,21278.14,-6.99844882,25.94,44.57442655
1667655589.964924,21278.14,21280.5,-6.81018671,28.3,46.11635738
1667655599.9054644,21278.14,21280.5,-6.81018671,28.3,46.11635738
1667655609.891524,21278.14,21280.5,-6.81018671,28.3,46.11635738
1667655619.8869622,21276.02,21276.02,-6.84112254,9.22,43.34081154
1667655629.9151788,21276.02,21276.02,-6.84112254,9.22,43.34081154
1667655640.1885626,21276.02,21276.02,-6.84112254,9.22,43.34081154
1667655649.9427316,21276.02,21275.08,-6.91610829,8.28,42.81926809
1667655660.1577072,21276.02,21275.08,-6.91610829,8.28,42.81926809
1667655669.957623,21276.02,21275.08,-6.91610829,8.28,42.81926809
1667655679.9772308,21273.47,21273.47,-6.95410169,3.07,42.30282539
1667655690.573021,21273.47,21273.47,-6.95410169,3.07,42.30282539
1667655700.5566351,21273.47,21273.47,-6.95410169,3.07,42.30282539
1667655710.502457,21273.47,21276.1,-6.74430112,5.7,44.21490828
1667655720.6122875,21273.47,21276.1,-6.74430112,5.7,44.21490828
1667655730.5527298,21276.06,21276.06,-6.35036726,-5.49,44.18677674
1667655740.5908368,21276.06,21276.06,-6.35036726,-5.49,44.18677674
1667655750.6948843,21276.06,21276.06,-6.35036726,-5.49,44.18677674
1667655760.5218143,21276.06,21277.34,-6.248259,-4.21,45.14015361
1667655770.5979488,21276.06,21277.34,-6.248259,-4.21,45.14015361
1667655780.531253,21276.06,21277.34,-6.248259,-4.21,45.14015361
1667655790.5913289,21273.39,21273.39,-6.29995353,-6.6,42.61010788
1667655800.558778,21273.39,21273.39,-6.29995353,-6.6,42.61010788
1667655810.578612,21273.39,21273.39,-6.29995353,-6.6,42.61010788
1667655820.5332754,21273.39,21267.56,-6.76502476,-12.43,39.3735858
1667655830.6101775,21273.39,21267.56,-6.76502476,-12.43,39.3735858
1667655840.558989,21273.39,21267.56,-6.76502476,-12.43,39.3735858
1667655850.5717578,21266.36,21266.36,-7.14863983,-20.4,39.24769216
1667655860.6043584,21266.36,21266.36,-7.14863983,-20.4,39.24769216
1667655871.53751,21266.36,21266.36,-7.14863983,-20.4,39.24769216
1667655881.503295,21266.36,21266.72,-7.11992188,-20.04,39.53735678
1667655891.516955,21266.36,21266.72,-7.11992188,-20.04,39.53735678
1667655901.5408523,21266.36,21266.72,-7.11992188,-20.04,39.53735678
1667655911.5368364,21275.65,21275.65,-5.88701625,0.73,45.93479624
1667655921.4933264,21275.65,21275.65,-5.88701625,0.73,45.93479624
1667655931.5487506,21275.65,21275.65,-5.88701625,0.73,45.93479624
1667655941.577274,21275.65,21271.51,-6.21727266,-3.41,43.63359317
1667655951.5423794,21275.65,21271.51,-6.21727266,-3.41,43.63359317
1667655961.5632226,21275.65,21271.51,-6.21727266,-3.41,43.63359317
1667655971.5769987,21275.65,21271.51,-6.21727266,-3.41,43.63359317
1667655981.5106187,21270.09,21270.09,-6.20119693,-11.8,42.89649895
1667655991.508025,21270.09,21270.09,-6.20119693,-11.8,42.89649895
1667656001.522371,21270.09,21273.35,-5.94113995,-8.54,45.18583105
1667656011.543178,21270.09,21273.35,-5.94113995,-8.54,45.18583105
1667656021.5368798,21270.09,21273.35,-5.94113995,-8.54,45.18583105
1667656031.7934873,21270.09,21273.35,-5.94113995,-8.54,45.18583105
1667656041.5987976,21273.22,21273.22,-5.54606953,-7.91,45.14870242
1667656052.056528,21273.22,21273.22,-5.54606953,-7.91,45.14870242
1667656062.0665154,21273.22,21273.0,-5.56361939,-8.13,45.01950323
1667656072.063806,21273.22,21273.0,-5.56361939,-8.13,45.01950323
1667656082.2745693,21273.22,21273.0,-5.56361939,-8.13,45.01950323
1667656092.1492045,21273.88,21273.88,-5.11316385,-3.52,45.540788
1667656102.0586512,21273.88,21273.88,-5.11316385,-3.52,45.540788
1667656112.0899005,21273.88,21273.88,-5.11316385,-3.52,45.540788
1667656122.056218,21273.88,21275.05,-5.01983051,-2.35,46.42895036
1667656132.3513062,21273.88,21275.05,-5.01983051,-2.35,46.42895036
1667656142.055682,21273.88,21275.05,-5.01983051,-2.35,46.42895036
1667656152.0792942,21275.51,21275.51,-4.52655186,-0.51,46.77025904
1667656162.112198,21275.51,21275.51,-4.52655186,-0.51,46.77025904
1667656172.0545902,21275.51,21275.51,-4.52655186,-0.51,46.77025904
1667656182.1686745,21275.51,21275.51,-4.52655186,-0.51,46.77025904
1667656192.0707033,21275.51,21282.36,-3.98011311,6.34,51.7047156
1667656202.1184938,21275.51,21282.36,-3.98011311,6.34,51.7047156
1667656212.0695536,21288.3,21288.3,-2.30921887,16.23,55.29812416
1667656222.058823,21288.3,21288.3,-2.30921887,16.23,55.29812416
1667656232.590702,21288.3,21288.3,-2.30921887,16.23,55.29812416
1667656242.5769396,21288.3,21288.3,-2.30921887,16.23,55.29812416
1667656252.625109,21288.3,21284.98,-2.57406218,12.91,52.92772534
1667656262.5934942,21288.3,21284.98,-2.57406218,12.91,52.92772534
1667656272.599624,21288.3,21284.98,-2.57406218,12.91,52.92772534
1667656282.6326432,21284.09,21284.09,-1.94018088,8.03,52.32643519
1667656292.747586,21284.09,21284.09,-1.94018088,8.03,52.32643519
1667656302.6217265,21284.09,21283.49,-1.98804413,7.43,51.89837919
1667656312.6330907,21284.09,21283.49,-1.98804413,7.43,51.89837919
1667656322.6193078,21284.09,21283.49,-1.98804413,7.43,51.89837919
1667656332.6006544,21279.39,21279.39,-2.03021906,5.28,49.15084543
1667656342.6095407,21279.39,21279.39,-2.03021906,5.28,49.15084543
1667656352.8285367,21279.39,21279.39,-2.03021906,5.28,49.15084543
1667656362.6412964,21279.39,21279.39,-2.03021906,5.28,49.15084543
1667656372.6249878,21279.39,21277.87,-2.15147263,3.76,48.13347096
1667656382.607828,21279.39,21277.87,-2.15147263,3.76,48.13347096
1667656392.6004884,21279.39,21277.87,-2.15147263,3.76,48.13347096
1667656402.6427994,21275.04,21275.04,-2.37170483,10.11,46.32676324
1667656413.1738467,21275.04,21275.04,-2.37170483,10.11,46.32676324
1667656423.198563,21275.04,21273.8,-2.47062221,8.87,45.52988142
1667656433.199955,21275.04,21273.8,-2.47062221,8.87,45.52988142
1667656443.181158,21275.04,21273.8,-2.47062221,8.87,45.52988142
1667656453.3911138,21275.71,21275.71,-2.31132285,0.01,46.86063947
1667656463.2306454,21275.71,21275.71,-2.31132285,0.01,46.86063947
1667656473.213416,21275.71,21275.71,-2.31132285,0.01,46.86063947
1667656483.3392465,21275.71,21272.98,-2.52910063,-2.72,44.91780402
1667656493.220822,21275.71,21272.98,-2.52910063,-2.72,44.91780402
1667656503.2214782,21275.71,21272.98,-2.52910063,-2.72,44.91780402
1667656513.2188263,21274.74,21274.74,-2.42103505,4.65,46.23747593
1667656523.2128415,21274.74,21274.74,-2.42103505,4.65,46.23747593
1667656533.2311845,21274.74,21274.74,-2.42103505,4.65,46.23747593
1667656543.2246702,21274.74,21275.4,-2.36838548,5.31,46.79732773
1667656553.202317,21274.74,21275.4,-2.36838548,5.31,46.79732773
1667656563.2101476,21274.74,21275.4,-2.36838548,5.31,46.79732773
1667656573.4125812,21276.56,21276.56,-2.11774787,2.68,47.7535617
1667656583.4482026,21276.56,21276.56,-2.11774787,2.68,47.7535617
1667656594.1638448,21276.56,21276.56,-2.11774787,2.68,47.7535617
1667656604.1371946,21276.56,21277.6,-2.03478491,3.72,48.64476236
1667656614.185819,21276.56,21277.6,-2.03478491,3.72,48.64476236
1667656624.3074017,21276.56,21277.6,-2.03478491,3.72,48.64476236
1667656634.1647377,21277.59,21277.59,-1.82414155,3.71,48.63633791
1667656644.1474223,21277.59,21277.59,-1.82414155,3.71,48.63633791
1667656654.17721,21277.59,21277.59,-1.82414155,3.71,48.63633791
1667656664.1170914,21277.59,21276.93,-1.87679112,3.05,48.07579125
1667656674.28606,21277.59,21276.93,-1.87679112,3.05,48.07579125
1667656684.2628224,21277.59,21276.93,-1.87679112,3.05,48.07579125
1667656694.1242592,21277.75,21277.75,-1.61507664,2.24,48.78111222
1667656704.1689787,21277.75,21277.75,-1.61507664,2.24,48.78111222
1667656714.164105,21277.75,21277.75,-1.61507664,2.24,48.78111222
1667656724.1814373,21277.75,21279.12,-1.5057889,3.61,50.07861248
1667656734.1711102,21277.75,21279.12,-1.5057889,3.61,50.07861248
1667656744.211419,21277.75,21279.12,-1.5057889,3.61,50.07861248
1667656754.3613262,21277.36,21277.36,-1.49800521,-10.94,48.42283839
1667656764.2423687,21277.36,21277.36,-1.49800521,-10.94,48.42283839
1667656775.1008348,21277.36,21277.36,-1.49800521,-10.94,48.42283839
1667656785.0466197,21277.36,21270.37,-2.05561205,-17.93,42.41061377
1667656795.0980964,21277.36,21270.37,-2.05561205,-17.93,42.41061377
1667656805.11249,21277.36,21270.37,-2.05561205,-17.93,42.41061377
1667656815.092814,21271.94,21271.94,-2.16120049,-12.15,43.77741124
1667656825.1325772,21271.94,21271.94,-2.16120049,-12.15,43.77741124
1667656835.4296172,21271.94,21271.94,-2.16120049,-12.15,43.77741124
1667656845.0864277,21271.94,21276.18,-1.82296687,-7.91,48.03397803
1667656855.0932984,21271.94,21276.18,-1.82296687,-7.91,48.03397803
1667656865.1050348,21271.94,21276.18,-1.82296687,-7.91,48.03397803
1667656875.1097984,21274.49,21274.49,-1.96758808,-4.9,46.46782611
1667656885.1370924,21274.49,21274.49,-1.96758808,-4.9,46.46782611
1667656895.1225605,21274.49,21274.49,-1.96758808,-4.9,46.46782611
1667656905.1105256,21274.49,21276.57,-1.80166216,-2.82,48.58621533
1667656915.0935986,21274.49,21276.57,-1.80166216,-2.82,48.58621533
1667656925.1292598,21274.49,21276.57,-1.80166216,-2.82,48.58621533
1667656935.0803602,21290.54,21290.54,0.35789411,15.06,59.38176964
1667656945.1257398,21290.54,21290.54,0.35789411,15.06,59.38176964
1667656956.0093873,21290.54,21290.54,0.35789411,15.06,59.38176964
1667656966.0394566,21290.54,21290.0,0.31481718,14.52,58.86722745
1667656976.2710893,21290.54,21290.0,0.31481718,14.52,58.86722745
1667656986.0159943,21290.54,21290.0,0.31481718,14.52,58.86722745
1667656996.251391,21304.43,21304.43,3.17806411,29.34,66.49524975
1667657006.0598197,21304.43,21304.43,3.17806411,29.34,66.49524975
1667657016.050844,21304.43,21304.43,3.17806411,29.34,66.49524975
1667657026.029067,21304.43,21307.01,3.38387608,31.92,67.99087397
1667657036.28013,21304.43,21307.01,3.38387608,31.92,67.99087397
1667657046.0618248,21304.43,21307.01,3.38387608,31.92,67.99087397
1667657056.0654118,21308.43,21308.43,5.00621411,34.39,68.60331364
1667657066.026044,21308.43,21308.43,5.00621411,34.39,68.60331364
1667663418.98016,21309.89,21309.89,-1.31183458,-20.27,47.05166566
1667663428.9511108,21309.89,21309.89,-1.31183458,-20.27,47.05166566
1667663438.9456851,21309.89,21309.89,-1.31183458,-20.27,47.05166566
1667663449.221678,21309.89,21315.97,-0.82682034,-14.19,51.04349704
1667663458.9238186,21309.89,21315.97,-0.82682034,-14.19,51.04349704
1667663468.9642184,21309.89,21315.97,-0.82682034,-14.19,51.04349704
1667663478.9413824,21313.47,21313.47,-0.94343614,2.67,49.47731315
1667663489.0726593,21313.47,21313.47,-0.94343614,2.67,49.47731315
1667663498.9932897,21313.47,21313.47,-0.94343614,2.67,49.47731315
1667663509.0747294,21313.47,21307.89,-1.38856435,-2.91,45.94431794
1667663518.9808767,21313.47,21307.89,-1.38856435,-2.91,45.94431794
1667663528.9936814,21313.47,21307.89,-1.38856435,-2.91,45.94431794
1667663538.9762745,21312.49,21312.49,-0.95336915,5.81,48.77414009
1667663549.013018,21312.49,21312.49,-0.95336915,5.81,48.77414009
1667663558.9960809,21312.49,21312.49,-0.95336915,5.81,48.77414009
1667663569.0154629,21312.49,21301.69,-1.81490761,-4.99,42.1191344
1667663579.2624784,21312.49,21301.69,-1.81490761,-4.99,42.1191344
1667663588.971423,21312.49,21301.69,-1.81490761,-4.99,42.1191344
1667663599.0043142,21308.3,21308.3,-1.55665234,-6.82,46.01546911
1667663609.0768404,21308.3,21308.3,-1.55665234,-6.82,46.01546911
1667663619.1298146,21308.3,21308.3,-1.55665234,-6.82,46.01546911
1667663629.1038034,21308.3,21310.2,-1.40508539,-4.92,47.48210559
1667663639.01604,21308.3,21310.2,-1.40508539,-4.92,47.48210559
1667663649.0307052,21308.3,21310.2,-1.40508539,-4.92,47.48210559
1667663659.0215623,21314.96,21314.96,-0.83931637,0.27,50.87231856
1667663668.9617443,21314.96,21314.96,-0.83931637,0.27,50.87231856
1667663679.0172186,21314.96,21314.96,-0.83931637,0.27,50.87231856
1667663688.9702168,21314.96,21311.32,-1.12968674,-3.37,48.29774843
1667663698.9924448,21314.96,21311.32,-1.12968674,-3.37,48.29774843
1667663709.108841,21314.96,21311.32,-1.12968674,-3.37,48.29774843
1667663719.0717409,21307.26,21307.26,-1.71810846,-0.75,45.69670147
1667663729.3719144,21307.26,21307.26,-1.71810846,-0.75,45.69670147
1667663739.3360715,21307.26,21307.26,-1.71810846,-0.75,45.69670147
1667663749.3608513,21307.26,21310.93,-1.42534493,2.92,48.40086417
1667663759.4033408,21307.26,21310.93,-1.42534493,2.92,48.40086417
1667663769.3787718,21307.26,21310.93,-1.42534493,2.92,48.40086417
1667663779.3876534,21307.53,21307.53,-1.86825223,2.09,45.90413689
1667663789.3811462,21307.53,21307.53,-1.86825223,2.09,45.90413689
1667663799.6393485,21307.53,21307.53,-1.86825223,2.09,45.90413689
1667663809.4216328,21307.53,21305.31,-2.04534625,-0.13,44.39367921
1667663819.4172125,21307.53,21305.31,-2.04534625,-0.13,44.39367921
1667663829.4194298,21307.53,21305.31,-2.04534625,-0.13,44.39367921
1667663839.395259,21304.08,21304.08,-2.42359416,-1.6,43.56273571
1667663849.3974838,21304.08,21304.08,-2.42359416,-1.6,43.56273571
1667663859.4488866,21304.08,21304.08,-2.42359416,-1.6,43.56273571
1667663869.3876455,21304.08,21305.38,-2.31989046,-0.3,44.5655264
1667663879.396978,21304.08,21305.38,-2.31989046,-0.3,44.5655264
1667663889.3856096,21304.08,21305.38,-2.31989046,-0.3,44.5655264
1667663899.408812,21304.68,21304.68,-2.53007198,-1.61,44.051922
1667663909.4334471,21304.68,21304.68,-2.53007198,-1.61,44.051922
1667663919.9850607,21304.68,21303.64,-2.61303495,-2.65,43.30052719
1667663930.098435,21304.68,21303.64,-2.61303495,-2.65,43.30052719
1667663939.9836109,21304.68,21303.64,-2.61303495,-2.65,43.30052719
1667663949.9956777,21304.68,21303.64,-2.61303495,-2.65,43.30052719
1667663960.2052612,21303.08,21303.08,-2.89584134,-5.85,42.90645062
1667663970.0117996,21303.08,21303.08,-2.89584134,-5.85,42.90645062
1667663980.0096092,21303.08,21302.33,-2.9556704,-6.6,42.35054085
1667663990.0493207,21303.08,21302.33,-2.9556704,-6.6,42.35054085
1667664000.1416051,21303.08,21302.33,-2.9556704,-6.6,42.35054085
1667664010.0268824,21299.22,21299.22,-3.59507175,-14.25,40.19124429
1667664019.9702983,21299.22,21299.22,-3.59507175,-14.25,40.19124429
1667664029.9722874,21299.22,21299.22,-3.59507175,-14.25,40.19124429
1667664040.0110197,21299.22,21303.13,-3.28316292,-10.34,44.05338589
1667664050.0259657,21299.22,21303.13,-3.28316292,-10.34,44.05338589
1667664060.0065002,21299.22,21303.13,-3.28316292,-10.34,44.05338589
1667664070.0124724,21313.0,21313.0,-1.84557568,-0.35,51.77812667
1667664080.0072234,21313.0,21313.0,-1.84557568,-0.35,51.77812667
1667664090.049899,21313.0,21313.0,-1.84557568,-0.35,51.77812667
1667664101.138553,21313.0,21320.12,-1.27759847,6.77,56.5718073
1667664111.1131864,21313.0,21320.12,-1.27759847,6.77,56.5718073
1667664121.1106322,21313.0,21320.12,-1.27759847,6.77,56.5718073
1667664131.147734,21315.57,21315.57,-1.08767098,7.62,53.71859067
1667664141.1211438,21315.57,21315.57,-1.08767098,7.62,53.71859067
1667664151.145735,21315.57,21315.57,-1.08767098,7.62,53.71859067
1667664161.1338494,21315.57,21315.57,-1.08767098,7.62,53.71859067
1667664171.2553558,21315.57,21313.56,-1.24801286,5.61,52.13260104
1667664181.1488423,21315.57,21313.56,-1.24801286,5.61,52.13260104
1667664191.137805,21310.36,21310.36,-1.30984872,-3.74,49.60961934
1667664201.125227,21310.36,21310.36,-1.30984872,-3.74,49.60961934
1667664211.1290822,21310.36,21310.36,-1.30984872,-3.74,49.60961934
1667664221.169309,21310.36,21308.65,-1.44625897,-5.45,48.26539611
1667664231.1495192,21310.36,21308.65,-1.44625897,-5.45,48.26539611
1667664241.1761231,21310.36,21308.65,-1.44625897,-5.45,48.26539611
1667664251.1524165,21310.36,21308.65,-1.44625897,-5.45,48.26539611
1667664261.1835675,21308.37,21308.37,-1.42468154,1.1,48.0521993
1667664271.1877398,21308.37,21308.37,-1.42468154,1.1,48.0521993
1667664281.8721278,21308.37,21308.37,-1.42468154,1.1,48.0521993
1667664291.8285117,21308.37,21313.37,-1.02582114,6.1,52.11944709
1667664301.846649,21308.37,21313.37,-1.02582114,6.1,52.11944709
1667664311.85085,21314.95,21314.95,-0.50238631,7.42,53.32758578
1667664321.8339064,21314.95,21314.95,-0.50238631,7.42,53.32758578
1667664332.1435037,21314.95,21314.95,-0.50238631,7.42,53.32758578
1667664341.8171413,21314.95,21319.49,-0.14022106,11.96,56.56879445
1667664351.828977,21314.95,21319.49,-0.14022106,11.96,56.56879445
1667664361.8043692,21314.95,21319.49,-0.14022106,11.96,56.56879445
1667664371.8265145,21321.49,21321.49,0.85646839,16.67,57.5846007
1667664381.8983366,21321.49,21321.49,0.85646839,16.67,57.5846007
1667664391.839784,21321.49,21321.49,0.85646839,16.67,57.5846007
1667664402.0814264,21321.49,21322.99,0.97612651,18.17,58.8016044
1667664411.8473015,21321.49,21322.99,0.97612651,18.17,58.8016044
1667664421.9408154,21321.49,21322.99,0.97612651,18.17,58.8016044
1667664431.8770635,21330.93,21330.93,2.69946778,25.49,63.39907513
1667664441.8885036,21330.93,21330.93,2.69946778,25.49,63.39907513
1667664451.8375626,21330.93,21330.93,2.69946778,25.49,63.39907513
1667664462.6548052,21330.93,21336.33,3.13023702,30.89,66.13319996
1667664472.626695,21330.93,21336.33,3.13023702,30.89,66.13319996
1667664482.6419291,21330.93,21336.33,3.13023702,30.89,66.13319996
1667664492.6183484,21332.96,21332.96,3.87607011,29.88,64.48588345
1667664502.6330104,21332.96,21332.96,3.87607011,29.88,64.48588345
1667664512.6524312,21332.96,21332.96,3.87607011,29.88,64.48588345
1667664522.6287775,21332.96,21330.93,3.71413279,27.85,62.58755596
1667664532.6064217,21332.96,21330.93,3.71413279,27.85,62.58755596
1667664542.6621108,21332.96,21330.93,3.71413279,27.85,62.58755596
1667664552.631364,21328.63,21328.63,4.08640913,29.41,60.40322043
1667664562.6053443,21328.63,21328.63,4.08640913,29.41,60.40322043
1667664572.671276,21328.63,21328.63,4.08640913,29.41,60.40322043
1667664582.65605,21328.63,21328.63,4.08640913,29.41,60.40322043
1667664592.6411254,21328.63,21326.12,3.88618121,26.9,58.09305561
1667664602.6607192,21328.63,21326.12,3.88618121,26.9,58.09305561
1667664612.696604,21328.63,21326.12,3.88618121,26.9,58.09305561
1667664622.663784,21318.43,21318.43,2.97461179,4.34,51.99995364
1667664632.7583988,21318.43,21318.43,2.97461179,4.34,51.99995364
1667664643.834658,21318.43,21308.05,2.1465776,-6.04,45.12063912
1667664653.8815048,21318.43,21308.05,2.1465776,-6.04,45.12063912
1667664664.240537,21318.43,21308.05,2.1465776,-6.04,45.12063912
1667664673.9989507,21304.82,21304.82,0.81029791,-9.65,43.31866082
1667664683.8329215,21304.82,21304.82,0.81029791,-9.65,43.31866082
1667664693.8213284,21304.82,21304.82,0.81029791,-9.65,43.31866082
1667664703.8516948,21304.82,21314.38,1.57291899,-0.09,49.65671671
1667664713.8378472,21304.82,21314.38,1.57291899,-0.09,49.65671671
1667664723.8099134,21304.82,21314.38,1.57291899,-0.09,49.65671671
1667664733.8565266,21311.39,21311.39,0.81166921,1.03,47.84791377
1667664743.8776236,21311.39,21311.39,0.81166921,1.03,47.84791377
1667664753.8987586,21311.39,21311.39,0.81166921,1.03,47.84791377
1667664763.8944733,21311.39,21308.26,0.5619826,-2.1,45.87319178
1667664773.8541894,21311.39,21308.26,0.5619826,-2.1,45.87319178
1667664783.8623557,21311.39,21308.26,0.5619826,-2.1,45.87319178
1667664793.8879788,21306.06,21306.06,-0.33404925,-2.31,44.66614707
1667664803.8880212,21306.06,21306.06,-0.33404925,-2.31,44.66614707
1667664813.8744,21306.06,21306.06,-0.33404925,-2.31,44.66614707
1667664824.4564562,21306.06,21305.78,-0.35638543,-2.59,44.45762412
1667664834.4634123,21306.06,21305.78,-0.35638543,-2.59,44.45762412
1667664844.2968893,21306.06,21305.78,-0.35638543,-2.59,44.45762412
1667664854.2642784,21305.55,21305.55,-0.94685782,-8.45,44.31432674
1667664864.2472942,21305.55,21305.55,-0.94685782,-8.45,44.31432674
1667664874.404842,21305.55,21305.55,-0.94685782,-8.45,44.31432674
1667664884.2578654,21305.55,21309.95,-0.59586067,-4.05,47.6463885
1667664894.2697604,21305.55,21309.95,-0.59586067,-4.05,47.6463885
1667664904.2435098,21305.55,21309.95,-0.59586067,-4.05,47.6463885
1667664914.2888625,21309.45,21309.45,-0.83299964,-12.98,47.28796484
1667664924.2482276,21309.45,21309.45,-0.83299964,-12.98,47.28796484
1667664934.2803743,21309.45,21309.45,-0.83299964,-12.98,47.28796484
1667664944.2656276,21309.45,21312.2,-0.61362642,-10.23,49.34217078
1667664954.285342,21309.45,21312.2,-0.61362642,-10.23,49.34217078
1667664964.2557354,21309.45,21312.2,-0.61362642,-10.23,49.34217078
1667664974.4515867,21314.8,21314.8,-0.22176035,-14.85,51.14231675
1667664984.5101206,21314.8,21314.8,-0.22176035,-14.85,51.14231675
1667664994.2355933,21314.8,21314.8,-0.22176035,-14.85,51.14231675
1667665004.887199,21314.8,21320.05,0.19704307,-9.6,54.64691784
1667665014.8933234,21314.8,21320.05,0.19704307,-9.6,54.64691784
1667665024.9196868,21314.8,21320.05,0.19704307,-9.6,54.64691784
1667665034.8987107,21315.68,21315.68,0.04968472,-17.06,51.76705619
1667665044.9000995,21315.68,21315.68,0.04968472,-17.06,51.76705619
1667665054.9420376,21315.68,21315.68,0.04968472,-17.06,51.76705619
1667665064.9363074,21315.68,21314.67,-0.03088508,-18.07,50.96161722
1667665074.9253504,21315.68,21314.67,-0.03088508,-18.07,50.96161722
1667665084.9310343,21315.68,21314.67,-0.03088508,-18.07,50.96161722
1667665094.9099276,21317.12,21317.12,0.45531258,-12.45,52.72380047
1667665104.9644575,21317.12,21317.12,0.45531258,-12.45,52.72380047
1667665114.9253676,21317.12,21317.12,0.45531258,-12.45,52.72380047
1667665125.0853806,21317.12,21317.12,0.45531258,-12.45,52.72380047
1667665134.9287007,21317.12,21318.31,0.55024136,-11.26,53.69824785
1667665145.185254,21317.12,21318.31,0.55024136,-11.26,53.69824785
1667665154.9429028,21321.92,21321.92,1.2529445,3.49,56.30136861
1667665164.8916469,21321.92,21321.92,1.2529445,3.49,56.30136861
1667665175.1599522,21321.92,21321.92,1.2529445,3.49,56.30136861
1667665185.460184,21321.92,21318.98,1.01841459,0.55,53.81781652
1667665195.4675212,21321.92,21318.98,1.01841459,0.55,53.81781652
1667665205.491104,21321.92,21318.98,1.01841459,0.55,53.81781652
1667665215.505441,21326.45,21326.45,2.30582855,21.19,59.08720161
1667665225.478233,21326.45,21326.45,2.30582855,21.19,59.08720161
1667665235.4918432,21326.45,21326.45,2.30582855,21.19,59.08720161
1667665245.471849,21326.45,21324.8,2.17420462,19.54,57.55623149
1667665255.519914,21326.45,21324.8,2.17420462,19.54,57.55623149
1667665265.5194695,21326.45,21324.8,2.17420462,19.54,57.55623149
1667665275.5224538,21321.95,21321.95,2.14145691,11.3,55.09068942
1667665285.4847417,21321.95,21321.95,2.14145691,11.3,55.09068942
1667665295.5232298,21321.95,21321.95,2.14145691,11.3,55.09068942
1667665305.8527706,21321.95,21320.16,1.99866488,9.51,53.53942226
1667665315.5431015,21321.95,21320.16,1.99866488,9.51,53.53942226
1667665325.699217,21321.95,21320.16,1.99866488,9.51,53.53942226
1667665335.5699756,21332.91,21332.91,3.81885223,27.17,61.8574415
1667665345.666504,21332.91,21332.91,3.81885223,27.17,61.8574415
1667665355.5689676,21332.91,21332.91,3.81885223,27.17,61.8574415
1667665366.3661053,21332.91,21330.37,3.61623115,24.63,59.61556648
1667665376.3516672,21332.91,21330.37,3.61623115,24.63,59.61556648
1667665386.362743,21332.91,21330.37,3.61623115,24.63,59.61556648
1667665396.378387,21328.87,21328.87,3.78723946,23.32,58.22760487
1667665406.309814,21328.87,21328.87,3.78723946,23.32,58.22760487
1667665416.3445203,21328.87,21328.87,3.78723946,23.32,58.22760487
1667665426.363765,21328.87,21324.51,3.4394332,18.96,54.81502266
1667665436.370854,21328.87,21324.51,3.4394332,18.96,54.81502266
1667665446.345091,21328.87,21324.51,3.4394332,18.96,54.81502266
1667665457.221582,21326.59,21326.59,3.66065586,17.14,56.39504917
1667665467.2237902,21326.59,21326.59,3.66065586,17.14,56.39504917
1667665477.236162,21326.59,21326.59,3.66065586,17.14,56.39504917
1667665487.1873393,21326.59,21328.79,3.83615443,19.34,57.82454357
1667665497.5559516,21326.59,21328.79,3.83615443,19.34,57.82454357
1667665507.2104385,21326.59,21328.79,3.83615443,19.34,57.82454357
1667665517.20427,21324.16,21324.16,3.41474419,9.36,54.37506685
1667665527.1892953,21324.16,21324.16,3.41474419,9.36,54.37506685
1667665537.1929598,21324.16,21324.16,3.41474419,9.36,54.37506685
1667665547.6000514,21324.16,21329.0,3.80084106,14.2,57.93468199
1667665557.6365674,21324.16,21329.0,3.80084106,14.2,57.93468199
1667665567.639098,21324.16,21329.0,3.80084106,14.2,57.93468199
1667665577.657231,21335.51,21335.51,4.83884364,19.83,61.82234629
1667665587.5933945,21335.51,21335.51,4.83884364,19.83,61.82234629
1667665597.5899038,21335.51,21335.51,4.83884364,19.83,61.82234629
1667665607.6573129,21335.51,21335.52,4.83964136,19.84,61.82813776
1667665617.5776503,21335.51,21335.52,4.83964136,19.84,61.82813776
1667665627.8288302,21335.51,21335.52,4.83964136,19.84,61.82813776
1667665637.6316907,21334.59,21334.59,5.10064948,16.74,61.18893877
1667665647.6134949,21334.59,21334.59,5.10064948,16.74,61.18893877
1667665657.8580463,21334.59,21334.59,5.10064948,16.74,61.18893877
1667665667.6119,21334.59,21332.49,4.93312812,14.64,59.14767919
1667665677.6027474,21334.59,21332.49,4.93312812,14.64,59.14767919
1667665687.6474843,21334.59,21332.49,4.93312812,14.64,59.14767919
1667665697.661129,21329.59,21329.59,4.66115027,8.61,56.47554393
1667665707.9058242,21329.59,21329.59,4.66115027,8.61,56.47554393
1667665717.667682,21329.59,21329.59,4.66115027,8.61,56.47554393
1667665728.5817728,21329.59,21335.15,5.10468304,14.17,60.41761733
1667665738.57539,21329.59,21335.15,5.10468304,14.17,60.41761733
1667665748.5518894,21329.59,21335.15,5.10468304,14.17,60.41761733
1667665758.5641215,21335.14,21335.14,5.29577275,7.99,60.41244314
1667665768.5173094,21335.14,21335.14,5.29577275,7.99,60.41244314
1667665778.517557,21335.14,21335.14,5.29577275,7.99,60.41244314
1667665788.539398,21335.14,21337.75,5.50397788,10.6,62.05990022
1667665798.6072886,21335.14,21337.75,5.50397788,10.6,62.05990022
1667665808.6025188,21335.14,21337.75,5.50397788,10.6,62.05990022
1667665818.5942729,21339.98,21339.98,6.07120565,18.03,63.3626002
1667665828.6041737,21339.98,21339.98,6.07120565,18.03,63.3626002
1667665838.561888,21339.98,21339.98,6.07120565,18.03,63.3626002
1667665848.918343,21339.98,21341.07,6.15815722,19.12,64.01302574
1667665858.598034,21339.98,21341.07,6.15815722,19.12,64.01302574
1667665868.6193318,21339.98,21341.07,6.15815722,19.12,64.01302574
1667665878.5862095,21340.4,21340.4,6.36642573,7.49,63.61598796
1667665888.6045697,21340.4,21340.4,6.36642573,7.49,63.61598796
1667665898.5941277,21340.4,21340.4,6.36642573,7.49,63.61598796
1667665909.6854217,21340.4,21335.86,6.00426049,2.95,58.8758657
1667665919.6750102,21340.4,21335.86,6.00426049,2.95,58.8758657
1667665929.715984,21340.4,21335.86,6.00426049,2.95,58.8758657
1667665939.7319608,21340.51,21340.51,6.51447174,12.39,63.68682384
1667665949.688562,21340.51,21340.51,6.51447174,12.39,63.68682384
1667665959.705747,21340.51,21340.51,6.51447174,12.39,63.68682384
1667665969.688544,21340.51,21341.47,6.59105293,13.35,64.33934598
1667665979.7290587,21340.51,21341.47,6.59105293,13.35,64.33934598
1667665989.6923416,21340.51,21341.47,6.59105293,13.35,64.33934598
1667665999.7114272,21340.85,21340.85,6.63374985,14.84,63.56292244
1667666009.86174,21340.85,21340.85,6.63374985,14.84,63.56292244
1667666019.6987646,21340.85,21340.85,6.63374985,14.84,63.56292244
1667666029.7327263,21340.85,21341.64,6.69676979,15.63,64.46266168
1667666039.9715583,21340.85,21341.64,6.69676979,15.63,64.46266168
1667666049.6756814,21340.85,21341.64,6.69676979,15.63,64.46266168
1667666059.699885,21335.96,21335.96,5.85848678,10.83,57.75959901
1667666069.6707566,21335.96,21335.96,5.85848678,10.83,57.75959901
1667666079.745196,21335.96,21335.96,5.85848678,10.83,57.75959901
1667666090.1129887,21335.96,21328.98,5.30167766,3.85,51.00514042
1667666100.0535908,21335.96,21328.98,5.30167766,3.85,51.00514042
1667666110.0679753,21335.96,21328.98,5.30167766,3.85,51.00514042
1667666120.096102,21328.13,21328.13,4.40343217,-6.73,50.29062768
1667666130.092742,21328.13,21328.13,4.40343217,-6.73,50.29062768
1667666140.0938914,21328.13,21328.13,4.40343217,-6.73,50.29062768
1667666150.0570602,21328.13,21327.55,4.35716436,-7.31,49.76680677
1667666160.1044042,21328.13,21327.55,4.35716436,-7.31,49.76680677
1667666170.0846417,21328.13,21327.55,4.35716436,-7.31,49.76680677
1667666180.0805998,21316.96,21316.96,2.16460679,-17.63,41.74910007
1667666190.1149063,21316.96,21316.96,2.16460679,-17.63,41.74910007
1667666200.1180155,21316.96,21316.96,2.16460679,-17.63,41.74910007
1667666210.0987337,21316.96,21317.19,2.18295437,-17.4,41.90670127
1667666220.1335306,21316.96,21317.19,2.18295437,-17.4,41.90670127
1667666230.11896,21316.96,21317.19,2.18295437,-17.4,41.90670127
1667666240.1026018,21315.71,21315.71,0.85099694,-14.9,41.14101571
1667666250.11561,21315.71,21315.71,0.85099694,-14.9,41.14101571
1667666260.5422757,21315.71,21316.32,0.89965791,-14.29,41.74147317
1667666270.5435667,21315.71,21316.32,0.89965791,-14.29,41.74147317
1667666280.5032766,21315.71,21316.32,0.89965791,-14.29,41.74147317
1667666290.482068,21315.71,21316.32,0.89965791,-14.29,41.74147317
1667666300.4979787,21318.21,21318.21,0.28364773,-16.91,43.5265056
1667666310.4698474,21318.21,21318.21,0.28364773,-16.91,43.5265056
1667666320.5136445,21318.21,21319.8,0.41048534,-15.32,45.05182191
1667666330.5094268,21318.21,21319.8,0.41048534,-15.32,45.05182191
1667666340.613154,21318.21,21319.8,0.41048534,-15.32,45.05182191
1667666350.4749374,21321.25,21321.25,0.10940414,-18.73,46.37272769
1667666360.5221014,21321.25,21321.25,0.10940414,-18.73,46.37272769
1667666370.5511007,21321.25,21321.25,0.10940414,-18.73,46.37272769
1667666380.5110989,21321.25,21325.51,0.4492332,-14.47,50.16321331
1667666390.5169168,21321.25,21325.51,0.4492332,-14.47,50.16321331
1667666400.547542,21321.25,21325.51,0.4492332,-14.47,50.16321331
1667666410.6604846,21325.19,21325.19,0.29857772,-15.21,49.93894739
1667666420.7680757,21325.19,21325.19,0.29857772,-15.21,49.93894739
1667666430.5483603,21325.19,21325.19,0.29857772,-15.21,49.93894739
1667666440.5530105,21325.19,21325.19,0.29857772,-15.21,49.93894739
1667666451.1595526,21325.19,21319.39,-0.16410034,-21.01,45.12736957
1667666461.1977232,21325.19,21319.39,-0.16410034,-21.01,45.12736957
1667666471.1704683,21321.12,21321.12,-0.33758062,-19.39,46.46226621
1667666481.1511052,21321.12,21321.12,-0.33758062,-19.39,46.46226621
1667666491.1336234,21321.12,21321.12,-0.33758062,-19.39,46.46226621
1667666501.1568077,21321.12,21321.12,-0.33758062,-19.39,46.46226621
1667666511.171657,21321.12,21322.14,-0.2562131,-18.37,47.44928407
1667666521.362614,21321.12,21322.14,-0.2562131,-18.37,47.44928407
1667666531.1617916,21321.71,21321.71,-0.49437139,-19.73,47.03766027
1667666541.213058,21321.71,21321.71,-0.49437139,-19.73,47.03766027
1667666551.2032435,21321.71,21321.71,-0.49437139,-19.73,47.03766027
1667666561.1872532,21321.71,21321.71,-0.49437139,-19.73,47.03766027
1667666571.1776545,21321.71,21323.42,-0.35796114,-18.02,48.75664389
1667666581.4351935,21321.71,21323.42,-0.35796114,-18.02,48.75664389
1667666591.190134,21321.56,21321.56,-0.66965838,-13.69,46.89965396
1667666601.1994205,21321.56,21321.56,-0.66965838,-13.69,46.89965396
1667666611.1729238,21321.56,21321.56,-0.66965838,-13.69,46.89965396
1667666621.178679,21321.56,21320.93,-0.71991479,-14.32,46.28542334
1667666631.8145986,21321.56,21320.93,-0.71991479,-14.32,46.28542334
1667666641.797829,21321.56,21320.93,-0.71991479,-14.32,46.28542334
1667666651.7869322,21320.04,21320.04,-1.04304217,-7.7,45.60870856
1667666661.822968,21320.04,21320.04,-1.04304217,-7.7,45.60870856
1667666671.7911618,21320.04,21320.04,-1.04304217,-7.7,45.60870856
1667666681.8228042,21320.04,21317.04,-1.28235841,-10.7,42.67224515
1667666691.9719603,21320.04,21317.04,-1.28235841,-10.7,42.67224515
1667666701.782732,21320.04,21317.04,-1.28235841,-10.7,42.67224515
1667666711.795141,21319.39,21319.39,-1.35142667,2.16,45.18682972
1667666721.8248093,21319.39,21319.39,-1.35142667,2.16,45.18682972
1667666731.7985792,21319.39,21319.39,-1.35142667,2.16,45.18682972
1667666741.9698608,21319.39,21319.39,-1.35142667,2.16,45.18682972
1667666751.9787052,21319.39,21321.99,-1.14401926,4.76,48.18168676
1667666761.8121016,21319.39,21321.99,-1.14401926,4.76,48.18168676
1667666771.815067,21317.89,21317.89,-1.73016817,2.82,43.72873233
1667666781.802168,21317.89,21317.89,-1.73016817,2.82,43.72873233
1667666791.8230426,21317.89,21317.89,-1.73016817,2.82,43.72873233
1667666801.7733734,21317.89,21318.27,-1.69985477,3.2,44.22523618
1667666812.553619,21317.89,21318.27,-1.69985477,3.2,44.22523618
1667666822.5410466,21317.89,21318.27,-1.69985477,3.2,44.22523618
1667666832.5268214,21319.09,21319.09,-1.69130214,0.88,45.26734412
1667666842.535632,21319.09,21319.09,-1.69130214,0.88,45.26734412
1667666852.5789742,21319.09,21319.09,-1.69130214,0.88,45.26734412
1667666862.5888174,21319.09,21318.82,-1.7128406,0.61,44.96940557
1667666872.5428743,21319.09,21318.82,-1.7128406,0.61,44.96940557
1667666882.626458,21319.09,21318.82,-1.7128406,0.61,44.96940557
1667666892.593929,21319.09,21318.82,-1.7128406,0.61,44.96940557
1667666902.5951304,21317.0,21317.0,-2.01202444,-4.25,43.05905189
1667666912.6053429,21317.0,21317.0,-2.01202444,-4.25,43.05905189
1667666922.5563865,21317.0,21317.0,-2.01202444,-4.25,43.05905189
1667666932.6027615,21317.0,21318.67,-1.87880507,-2.58,45.3530463
1667666942.6459098,21317.0,21318.67,-1.87880507,-2.58,45.3530463
1667666952.647079,21319.53,21319.53,-1.75210251,-5.01,46.46374842
1667666962.828627,21319.53,21319.53,-1.75210251,-5.01,46.46374842
1667666972.6021974,21319.53,21319.53,-1.75210251,-5.01,46.46374842
1667666982.6240666,21319.53,21317.59,-1.90686035,-6.95,44.2774847
1667666993.2792728,21319.53,21317.59,-1.90686035,-6.95,44.2774847
1667667003.206811,21319.53,21317.59,-1.90686035,-6.95,44.2774847
1667667013.1569211,21314.57,21314.57,-2.38777465,-6.55,41.2556095
1667667023.4633462,21314.57,21314.57,-2.38777465,-6.55,41.2556095
1667667033.2186222,21314.57,21314.57,-2.38777465,-6.55,41.2556095
1667667043.2121978,21314.57,21314.71,-2.37660656,-6.41,41.45508453
1667667053.2078826,21314.57,21314.71,-2.37660656,-6.41,41.45508453
1667667063.2343256,21314.57,21314.71,-2.37660656,-6.41,41.45508453
1667667073.263138,21313.78,21313.78,-2.66027616,-7.93,40.47737451
1667667083.2563891,21313.78,21313.78,-2.66027616,-7.93,40.47737451
1667667093.2221558,21313.78,21313.78,-2.66027616,-7.93,40.47737451
1667667103.1805544,21313.78,21313.78,-2.66027616,-7.93,40.47737451
1667667113.2091243,21313.78,21316.32,-2.45765508,-5.39,44.12678498
1667667123.312145,21313.78,21316.32,-2.45765508,-5.39,44.12678498
1667667133.2327938,21316.1,21316.1,-2.52155375,-5.46,43.92270203
1667667143.2525778,21316.1,21316.1,-2.52155375,-5.46,43.92270203
1667667153.200163,21316.1,21316.1,-2.52155375,-5.46,43.92270203
1667667163.1961875,21316.1,21319.02,-2.28861927,-2.54,47.89241253
1667667174.2503705,21316.1,21319.02,-2.28861927,-2.54,47.89241253
1667667184.251346,21316.1,21319.02,-2.28861927,-2.54,47.89241253
1667667194.2367294,21319.57,21319.57,-1.94478374,0.15,48.56541145
1667667204.2428198,21319.57,21319.57,-1.94478374,0.15,48.56541145
1667667214.194064,21319.57,21319.57,-1.94478374,0.15,48.56541145
1667667224.2528162,21319.57,21322.04,-1.7477467,2.62,51.60359066
1667667234.399859,21319.57,21322.04,-1.7477467,2.62,51.60359066
1667667244.2479258,21319.57,21322.04,-1.7477467,2.62,51.60359066
1667667254.268333,21319.57,21322.04,-1.7477467,2.62,51.60359066
1667667264.1971474,21321.17,21321.17,-1.4589039,2.91,50.4813794
1667667274.2809558,21321.17,21321.17,-1.4589039,2.91,50.4813794
1667667284.288643,21321.17,21319.14,-1.62084122,0.88,47.96899955
1667667294.2130623,21321.17,21319.14,-1.62084122,0.88,47.96899955
1667667304.240415,21321.17,21319.14,-1.62084122,0.88,47.96899955
1667667314.3841934,21316.36,21316.36,-1.84215588,-0.69,44.85597318
1667667324.255184,21316.36,21316.36,-1.84215588,-0.69,44.85597318
1667667334.2636003,21316.36,21316.36,-1.84215588,-0.69,44.85597318
1667667344.2522511,21316.36,21317.03,-1.78870859,-0.02,45.61264507
1667667354.685614,21316.36,21317.03,-1.78870859,-0.02,45.61264507
1667667364.671004,21316.36,21317.03,-1.78870859,-0.02,45.61264507
1667667374.6861029,21314.98,21314.98,-2.08239071,-4.11,43.54689839
1667667384.6488814,21314.98,21314.98,-2.08239071,-4.11,43.54689839
1667667394.6100216,21314.98,21314.98,-2.08239071,-4.11,43.54689839
1667667404.681018,21314.98,21310.64,-2.42860153,-8.45,39.04986838
1667667414.677811,21314.98,21310.64,-2.42860153,-8.45,39.04986838
1667667424.6806462,21314.98,21310.64,-2.42860153,-8.45,39.04986838
1667667434.8264215,21318.11,21318.11,-1.69192334,1.11,47.67433971
1667667444.6665802,21318.11,21318.11,-1.69192334,1.11,47.67433971
1667667454.6290188,21318.11,21318.11,-1.69192334,1.11,47.67433971
1667667464.6824317,21318.11,21321.61,-1.41272106,4.61,51.90730042
1667667474.7048583,21318.11,21321.61,-1.41272106,4.61,51.90730042
1667667484.6561604,21318.11,21321.61,-1.41272106,4.61,51.90730042
1667667494.6720607,21319.02,21319.02,-1.43432898,-0.51,48.84416098
1667667504.8815608,21319.02,21319.02,-1.43432898,-0.51,48.84416098
1667667514.658852,21319.02,21319.02,-1.43432898,-0.51,48.84416098
1667667524.6691904,21319.02,21319.6,-1.38806118,0.07,49.61804441
1667667535.624472,21319.02,21319.6,-1.38806118,0.07,49.61804441
1667667545.6168685,21319.02,21319.6,-1.38806118,0.07,49.61804441
1667667555.5162785,21321.0,21321.0,-0.99314122,6.43,51.39296727
1667667565.4571676,21321.0,21321.0,-0.99314122,6.43,51.39296727
1667667575.4521012,21321.0,21321.0,-0.99314122,6.43,51.39296727
1667667585.5007362,21321.0,21319.56,-1.10801301,4.99,49.46276855
1667667595.458333,21321.0,21319.56,-1.10801301,4.99,49.46276855
1667667605.5388732,21321.0,21319.56,-1.10801301,4.99,49.46276855
1667667615.498594,21324.73,21324.73,-0.23263035,10.95,55.85517461
1667667625.5204492,21324.73,21324.73,-0.23263035,10.95,55.85517461
1667667635.5311084,21324.73,21324.73,-0.23263035,10.95,55.85517461
1667667645.4953952,21324.73,21323.39,-0.33952494,9.61,53.93942989
1667667655.6804545,21324.73,21323.39,-0.33952494,9.61,53.93942989
1667667665.5092795,21324.73,21323.39,-0.33952494,9.61,53.93942989
1667667675.5149505,21323.48,21323.48,-0.00577761,8.28,53.99790428
1667667685.509206,21323.48,21323.48,-0.00577761,8.28,53.99790428
1667667695.6856418,21323.48,21323.48,-0.00577761,8.28,53.99790428
1667667705.7552035,21323.48,21313.87,-0.7723873,-1.33,42.67986726
1667667716.0843334,21323.48,21313.87,-0.7723873,-1.33,42.67986726
1667667726.0504017,21323.48,21313.87,-0.7723873,-1.33,42.67986726
1667667736.10856,21306.32,21306.32,-2.21438378,-13.86,36.64542028
1667667746.1607575,21306.32,21306.32,-2.21438378,-13.86,36.64542028
1667667756.3370464,21306.32,21306.32,-2.21438378,-13.86,36.64542028
1667667766.1376572,21306.32,21298.36,-2.84936953,-21.82,31.57636176
1667667776.1393187,21306.32,21298.36,-2.84936953,-21.82,31.57636176
1667667786.131254,21306.32,21298.36,-2.84936953,-21.82,31.57636176
1667667796.112973,21290.21,21290.21,-5.17428471,-31.62,28.26309984
1667667806.1396008,21290.21,21290.21,-5.17428471,-31.62,28.26309984
1667667816.098301,21290.21,21290.21,-5.17428471,-31.62,28.26309984
1667667826.1669972,21290.21,21285.81,-5.52528186,-36.02,25.82109314
1667667836.121932,21290.21,21285.81,-5.52528186,-36.02,25.82109314
1667667846.1184306,21290.21,21285.81,-5.52528186,-36.02,25.82109314
1667667856.505834,21285.63,21285.63,-7.02427799,-31.39,25.75016081
1667667866.1624796,21285.63,21285.63,-7.02427799,-31.39,25.75016081
1667667876.0877745,21285.63,21285.63,-7.02427799,-31.39,25.75016081
1667667886.130083,21285.63,21286.67,-6.94131502,-30.35,26.99797522
1667667896.6088133,21285.63,21286.67,-6.94131502,-30.35,26.99797522
1667667906.584118,21285.63,21286.67,-6.94131502,-30.35,26.99797522
1667667916.615801,21288.17,21288.17,-7.78899544,-26.4,28.78263012
1667667926.6553712,21288.17,21288.17,-7.78899544,-26.4,28.78263012
1667667936.5882158,21288.17,21288.17,-7.78899544,-26.4,28.78263012
1667667946.6010516,21288.17,21289.12,-7.71321196,-25.45,29.91299321
1667667956.600727,21288.17,21289.12,-7.71321196,-25.45,29.91299321
1667667966.616003,21288.17,21289.12,-7.71321196,-25.45,29.91299321
1667667976.6586657,21294.87,21294.87,-7.45311052,-23.25,36.15842253
1667667986.596239,21294.87,21294.87,-7.45311052,-23.25,36.15842253
1667667996.6183045,21294.87,21294.87,-7.45311052,-23.25,36.15842253
1667668006.659659,21294.87,21296.45,-7.32707064,-21.67,37.65326042
1667668016.8636208,21294.87,21296.45,-7.32707064,-21.67,37.65326042
1667668026.6217487,21294.87,21296.45,-7.32707064,-21.67,37.65326042
1667668036.6608765,21287.92,21287.92,-8.52372376,-31.1,32.48969358
1667668046.6457868,21287.92,21287.92,-8.52372376,-31.1,32.48969358
1667668056.6322355,21287.92,21287.92,-8.52372376,-31.1,32.48969358
1667668066.61649,21287.92,21289.52,-8.39608843,-29.5,34.1483496
1667668077.225334,21287.92,21289.52,-8.39608843,-29.5,34.1483496
1667668087.270353,21287.92,21289.52,-8.39608843,-29.5,34.1483496
1667668097.2962544,21292.04,21292.04,-8.24797693,-28.96,36.60161754
1667668107.2623897,21292.04,21292.04,-8.24797693,-28.96,36.60161754
1667668117.2567575,21292.04,21292.04,-8.24797693,-28.96,36.60161754
1667668127.252705,21292.04,21287.03,-8.64763505,-33.97,33.89783275
1667668137.435515,21292.04,21287.03,-8.64763505,-33.97,33.89783275
1667668147.267209,21292.04,21287.03,-8.64763505,-33.97,33.89783275
1667668157.2706425,21289.76,21289.76,-8.51836221,-34.97,35.32481896
1667668167.29937,21289.76,21289.76,-8.51836221,-34.97,35.32481896
1667668177.270507,21289.76,21289.76,-8.51836221,-34.97,35.32481896
1667668187.2559223,21289.76,21284.98,-8.89967275,-39.75,32.73139527
1667668197.263312,21289.76,21284.98,-8.89967275,-39.75,32.73139527
1667668207.630011,21289.76,21284.98,-8.89967275,-39.75,32.73139527
1667668217.3059213,21286.51,21286.51,-8.94943143,-37.59,33.5176743
1667668227.3120885,21286.51,21286.51,-8.94943143,-37.59,33.5176743
1667668237.2603872,21286.51,21286.51,-8.94943143,-37.59,33.5176743
1667668247.346604,21286.51,21284.7,-9.0938189,-39.4,32.52234708
1667668257.8189409,21286.51,21284.7,-9.0938189,-39.4,32.52234708
1667668267.8696098,21286.51,21284.7,-9.0938189,-39.4,32.52234708
1667668277.855404,21287.47,21287.47,-8.79029729,-18.85,34.99326658
1667668287.8455646,21287.47,21287.47,-8.79029729,-18.85,34.99326658
1667668297.842165,21287.47,21287.47,-8.79029729,-18.85,34.99326658
1667668307.8505783,21287.47,21294.02,-8.26779017,-12.3,41.39007862
1667668317.8866358,21287.47,21294.02,-8.26779017,-12.3,41.39007862
1667668327.873932,21287.47,21294.02,-8.26779017,-12.3,41.39007862
1667668337.8598263,21289.46,21289.46,-8.40100792,0.06,36.76088125
1667668348.0083585,21289.46,21289.46,-8.40100792,0.06,36.76088125
1667668357.8921368,21289.46,21289.46,-8.40100792,0.06,36.76088125
1667668368.071442,21289.46,21280.47,-9.11815891,-8.93,31.48164072
1667668377.830245,21289.46,21280.47,-9.11815891,-8.93,31.48164072
1667668387.8797798,21289.46,21280.47,-9.11815891,-8.93,31.48164072
1667668397.8279512,21272.81,21272.81,-10.41242883,-12.82,28.01657615
1667668407.8785694,21272.81,21272.81,-10.41242883,-12.82,28.01657615
1667668417.8955667,21272.81,21272.81,-10.41242883,-12.82,28.01657615
1667668427.8763034,21272.81,21277.72,-10.02074792,-7.91,32.51655902
1667668438.4330602,21272.81,21277.72,-10.02074792,-7.91,32.51655902
1667668448.466931,21272.81,21277.72,-10.02074792,-7.91,32.51655902
1667668458.4674876,21282.88,21282.88,-9.54508257,-4.63,37.34812061
1667668468.479384,21282.88,21282.88,-9.54508257,-4.63,37.34812061
1667668478.5473087,21282.88,21282.88,-9.54508257,-4.63,37.34812061
1667668488.4785628,21282.88,21290.22,-8.95955551,2.71,43.44387878
1667668498.4490848,21282.88,21290.22,-8.95955551,2.71,43.44387878
1667668508.476714,21282.88,21290.22,-8.95955551,2.71,43.44387878
1667668518.4946594,21295.86,21295.86,-7.4337681,0.72,47.39172582
1667668528.4740596,21295.86,21295.86,-7.4337681,0.72,47.39172582
1667668538.6829784,21295.86,21295.86,-7.4337681,0.72,47.39172582
1667668548.445012,21295.86,21298.13,-7.25268548,2.99,48.88469513
1667668558.770175,21295.86,21298.13,-7.25268548,2.99,48.88469513
1667668568.5354433,21295.86,21298.13,-7.25268548,2.99,48.88469513
1667668578.7244475,21297.94,21297.94,-6.23060515,10.03,48.75226942
1667668588.761763,21297.94,21297.94,-6.23060515,10.03,48.75226942
1667668598.5275643,21297.94,21297.94,-6.23060515,10.03,48.75226942
1667668608.5131302,21297.94,21295.18,-6.45077609,7.27,46.96688113
1667668619.2367013,21297.94,21295.18,-6.45077609,7.27,46.96688113
1667668629.263522,21297.94,21295.18,-6.45077609,7.27,46.96688113
1667668639.2372737,21307.98,21307.98,-3.95392141,15.94,55.02911621
1667668649.3895206,21307.98,21307.98,-3.95392141,15.94,55.02911621
1667668659.287096,21307.98,21307.98,-3.95392141,15.94,55.02911621
1667668669.3007588,21307.98,21311.07,-3.70742568,19.03,56.78694616
1667668679.2408876,21307.98,21311.07,-3.70742568,19.03,56.78694616
1667668689.259544,21307.98,21311.07,-3.70742568,19.03,56.78694616
1667668699.2743402,21312.52,21312.52,-2.09483159,22.77,57.50254985
1667668709.4999309,21312.52,21312.52,-2.09483159,22.77,57.50254985
1667668719.458431,21312.52,21312.52,-2.09483159,22.77,57.50254985
1667668729.2566268,21312.52,21309.39,-2.3445182,19.64,55.20635992
1667668739.2994542,21312.52,21309.39,-2.3445182,19.64,55.20635992
1667668749.2710943,21312.52,21309.39,-2.3445182,19.64,55.20635992
1667668759.2771487,21304.08,21304.08,-2.10750399,17.57,51.70374125
1667668769.2378592,21304.08,21304.08,-2.10750399,17.57,51.70374125
1667668779.2525294,21304.08,21304.08,-2.10750399,17.57,51.70374125
1667668789.275874,21304.08,21315.83,-1.17018205,29.32,58.04677631
1667668800.061154,21304.08,21315.83,-1.17018205,29.32,58.04677631
1667668810.0141306,21304.08,21315.83,-1.17018205,29.32,58.04677631
1667668820.029622,21328.02,21328.02,1.81829833,39.64,63.07760292
1667668830.041513,21328.02,21328.02,1.81829833,39.64,63.07760292
1667668840.0788443,21328.02,21328.02,1.81829833,39.64,63.07760292
1667668850.0592546,21328.02,21328.51,1.85738665,40.13,63.26827731
1667668860.0442002,21328.02,21328.51,1.85738665,40.13,63.26827731
1667668870.0153377,21328.02,21328.51,1.85738665,40.13,63.26827731
1667668880.0461168,21328.33,21328.33,3.42093255,38.87,63.19846294
1667668890.0950024,21328.33,21328.33,3.42093255,38.87,63.19846294
1667668900.035416,21328.33,21328.33,3.42093255,38.87,63.19846294
1667668910.2366395,21328.33,21328.67,3.44805506,39.21,63.34020043
1667668920.0187647,21328.33,21328.67,3.44805506,39.21,63.34020043
1667668930.0540707,21328.33,21328.67,3.44805506,39.21,63.34020043
1667668940.0284767,21326.79,21326.79,4.40049959,52.91,62.11077722
1667668950.0832214,21326.79,21326.79,4.40049959,52.91,62.11077722
1667668960.1109755,21326.79,21326.79,4.40049959,52.91,62.11077722
1667668970.0972805,21326.79,21332.7,4.87195258,58.82,64.626844
1667668981.3893373,21326.79,21332.7,4.87195258,58.82,64.626844
1667668991.1969886,21332.49,21332.49,6.01983391,50.79,64.54318011
1667669001.188559,21332.49,21332.49,6.01983391,50.79,64.54318011
1667669011.2323642,21332.49,21332.49,6.01983391,50.79,64.54318011
1667669021.22762,21332.49,21332.43,6.01504758,50.73,64.49624311
1667669031.191647,21332.49,21332.43,6.01504758,50.73,64.49624311
1667669041.1615,21332.49,21332.43,6.01504758,50.73,64.49624311
1667669051.239218,21330.88,21330.88,6.63610032,34.31,63.3069288
1667669061.2069085,21330.88,21330.88,6.63610032,34.31,63.3069288
1667669071.251886,21330.88,21330.88,6.63610032,34.31,63.3069288
1667669081.2388177,21330.88,21330.88,6.63610032,34.31,63.3069288
1667669091.4758563,21330.88,21328.08,6.4127385,31.51,61.11453896
1667669101.3259623,21330.88,21328.08,6.4127385,31.51,61.11453896
1667669111.2685966,21326.25,21326.25,6.48942091,27.89,59.7618936
1667669121.2537892,21326.25,21326.25,6.48942091,27.89,59.7618936
1667669131.246421,21326.25,21326.25,6.48942091,27.89,59.7618936
1667669141.265418,21326.25,21326.25,6.48942091,27.89,59.7618936
1667669151.2563288,21326.25,21325.02,6.39130125,26.66,58.81957024
1667669162.3411608,21326.25,21325.02,6.39130125,26.66,58.81957024
1667669172.2639606,21318.64,21318.64,5.56588769,10.66,54.33093153
1667669182.240009,21318.64,21318.64,5.56588769,10.66,54.33093153
1667669192.232204,21318.64,21318.64,5.56588769,10.66,54.33093153
1667669202.222433,21318.64,21321.14,5.76531789,13.16,55.8636254
1667669212.1976798,21318.64,21321.14,5.76531789,13.16,55.8636254
1667669222.2658148,21318.64,21321.14,5.76531789,13.16,55.8636254
1667669232.21901,21317.04,21317.04,4.96413226,4.26,53.23773201
1667669242.257837,21317.04,21317.04,4.96413226,4.26,53.23773201
1667669252.248194,21317.04,21317.04,4.96413226,4.26,53.23773201
1667669262.190513,21317.04,21317.04,4.96413226,4.26,53.23773201
1667669272.2402318,21317.04,21305.06,4.00846274,-7.72,45.85902008
1667669282.216563,21317.04,21305.06,4.00846274,-7.72,45.85902008
1667669292.4000456,21301.47,21301.47,2.34696028,-2.61,44.0268943
1667669302.2019262,21301.47,21301.47,2.34696028,-2.61,44.0268943
1667669312.2563944,21301.47,21301.47,2.34696028,-2.61,44.0268943
1667669322.2643113,21301.47,21305.27,2.65009419,1.19,46.46494429
1667669332.2594683,21301.47,21305.27,2.65009419,1.19,46.46494429
1667669343.0722203,21301.47,21305.27,2.65009419,1.19,46.46494429
1667669353.070792,21305.43,21305.43,1.83712662,-22.59,46.58376571
1667669363.1086338,21305.43,21305.43,1.83712662,-22.59,46.58376571
1667669373.1059222,21305.43,21305.43,1.83712662,-22.59,46.58376571
1667669383.0823674,21305.43,21303.17,1.65684172,-24.85,45.33782762
1667669393.0283394,21305.43,21303.17,1.65684172,-24.85,45.33782762
1667669403.078767,21305.43,21303.17,1.65684172,-24.85,45.33782762
1667669413.0977354,21305.43,21303.17,1.65684172,-24.85,45.33782762
1667669423.10858,21298.2,21298.2,0.1768698,-30.13,42.78066421
1667669433.1029043,21298.2,21298.2,0.1768698,-30.13,42.78066421
1667669443.0647497,21298.2,21298.73,0.219149,-29.6,43.05509024
1667669453.4006186,21298.2,21298.73,0.219149,-29.6,43.05509024
1667669463.1217177,21298.2,21298.73,0.219149,-29.6,43.05509024
1667669473.108443,21300.64,21300.64,-0.39474548,-26.15,44.27127287
1667669483.1121137,21300.64,21300.64,-0.39474548,-26.15,44.27127287
1667669493.122589,21300.64,21300.64,-0.39474548,-26.15,44.27127287
1667669503.1309664,21300.64,21306.01,0.03363059,-20.78,47.88126
1667669513.108894,21300.64,21306.01,0.03363059,-20.78,47.88126
1667669524.0470853,21300.64,21306.01,0.03363059,-20.78,47.88126
1667669534.074549,21303.66,21303.66,-0.51686902,-28.83,46.39505551
1667669544.0498302,21303.66,21303.66,-0.51686902,-28.83,46.39505551
1667669554.0191429,21303.66,21303.66,-0.51686902,-28.83,46.39505551
1667669564.022585,21303.66,21306.31,-0.30547301,-26.18,48.15977866
1667669574.0535614,21303.66,21306.31,-0.30547301,-26.18,48.15977866
1667669584.0964828,21303.66,21306.31,-0.30547301,-26.18,48.15977866
1667669594.0909057,21306.07,21306.07,-0.5022241,-24.81,47.99851488
1667669604.1073987,21306.07,21306.07,-0.5022241,-24.81,47.99851488
1667669614.383328,21306.07,21306.07,-0.5022241,-24.81,47.99851488
1667669624.0373328,21306.07,21310.73,-0.13048621,-20.15,51.17448357
1667669634.027349,21306.07,21310.73,-0.13048621,-20.15,51.17448357
1667669644.0550828,21306.07,21310.73,-0.13048621,-20.15,51.17448357
1667669654.0965006,21308.93,21308.93,-0.23135387,-17.32,49.9948092
1667669664.141286,21308.93,21308.93,-0.23135387,-17.32,49.9948092
1667669674.1076176,21308.93,21308.93,-0.23135387,-17.32,49.9948092
1667669684.0850632,21308.93,21306.03,-0.4626929,-20.22,47.98332862
1667669694.0774908,21308.93,21306.03,-0.4626929,-20.22,47.98332862
1667669704.6709754,21308.93,21306.03,-0.4626929,-20.22,47.98332862
1667669714.7113743,21309.57,21309.57,-0.15527778,-9.91,50.49535682
1667669724.7570844,21309.57,21309.57,-0.15527778,-9.91,50.49535682
1667669734.7113786,21309.57,21309.57,-0.15527778,-9.91,50.49535682
1667669744.7337077,21309.57,21310.12,-0.11140313,-9.36,50.90930969
1667669754.705489,21309.57,21310.12,-0.11140313,-9.36,50.90930969
1667669764.7426608,21309.57,21310.12,-0.11140313,-9.36,50.90930969
1667669774.8925729,21316.22,21316.22,0.86972409,-0.63,55.03583667
1667669784.7446923,21316.22,21316.22,0.86972409,-0.63,55.03583667
1667669794.7606149,21316.22,21316.22,0.86972409,-0.63,55.03583667
1667669804.684981,21316.22,21321.22,1.26858449,4.37,58.1983448
1667669814.7603614,21316.22,21321.22,1.26858449,4.37,58.1983448
1667669824.734167,21316.22,21321.22,1.26858449,4.37,58.1983448
1667669834.7735057,21320.81,21320.81,1.88360914,19.34,57.95802572
1667669844.7508774,21320.81,21320.81,1.88360914,19.34,57.95802572
1667669854.7256258,21320.81,21320.81,1.88360914,19.34,57.95802572
1667669864.705057,21320.81,21321.18,1.91312481,19.71,58.19161917
1667669874.762554,21320.81,21321.18,1.91312481,19.71,58.19161917
1667669885.5702746,21320.81,21321.18,1.91312481,19.71,58.19161917
1667669895.5911446,21320.67,21320.67,2.34860266,14.68,57.83201249
1667669905.5469248,21320.67,21320.67,2.34860266,14.68,57.83201249
1667669915.6166973,21320.67,21320.67,2.34860266,14.68,57.83201249
1667669925.7688856,21320.67,21316.06,1.98085338,10.07,53.81133643
1667669936.1780565,21320.67,21316.06,1.98085338,10.07,53.81133643
1667669945.6011276,21320.67,21316.06,1.98085338,10.07,53.81133643
1667669955.6051302,21313.71,21313.71,1.71226612,14.46,51.96742711
1667669965.622302,21313.71,21313.71,1.71226612,14.46,51.96742711
1667669975.5587146,21313.71,21313.71,1.71226612,14.46,51.96742711
1667669985.5964725,21313.71,21317.22,1.99226612,17.97,54.47656617
1667669995.5831974,21313.71,21317.22,1.99226612,17.97,54.47656617
1667670005.6285138,21313.71,21317.22,1.99226612,17.97,54.47656617
1667670015.5892973,21320.32,21320.32,2.51494495,19.68,56.52181413
1667670025.587867,21320.32,21320.32,2.51494495,19.68,56.52181413
1667670035.589459,21320.32,21320.32,2.51494495,19.68,56.52181413
1667670045.5597978,21320.32,21319.67,2.4630931,19.03,56.08486546
1667670055.5977807,21320.32,21319.67,2.4630931,19.03,56.08486546
1667670066.1282942,21320.32,21319.67,2.4630931,19.03,56.08486546
1667670076.1382046,21320.12,21320.12,2.71636954,15.7,56.39396274
1667670086.169283,21320.12,21320.12,2.71636954,15.7,56.39396274
1667670096.1720576,21320.12,21320.12,2.71636954,15.7,56.39396274
1667670106.176783,21320.12,21317.4,2.49938948,12.98,53.98087375
1667670116.1706612,21320.12,21317.4,2.49938948,12.98,53.98087375
1667670126.4665956,21320.12,21317.4,2.49938948,12.98,53.98087375
1667670136.2233436,21321.55,21321.55,3.01978725,15.48,57.43972023
1667670146.20088,21321.55,21321.55,3.01978725,15.48,57.43972023
1667670156.1715157,21321.55,21321.55,3.01978725,15.48,57.43972023
1667670166.205011,21321.55,21321.08,2.98229437,15.01,57.08923526
1667670176.1688511,21321.55,21321.08,2.98229437,15.01,57.08923526
1667670186.1672678,21321.55,21321.08,2.98229437,15.01,57.08923526
1667670196.1604075,21320.82,21320.82,3.08107712,11.89,56.86735887
1667670206.1952868,21320.82,21320.82,3.08107712,11.89,56.86735887
1667670216.2366028,21320.82,21320.82,3.08107712,11.89,56.86735887
1667670226.1679068,21320.82,21320.73,3.07389763,11.8,56.77079072
1667670236.2282088,21320.82,21320.73,3.07389763,11.8,56.77079072
1667670246.954749,21320.82,21320.73,3.07389763,11.8,56.77079072
1667670257.2528057,21329.11,21329.11,4.30835168,20.36,62.72848118
1667670267.095517,21329.11,21329.11,4.30835168,20.36,62.72848118
1667670277.0203817,21329.11,21329.11,4.30835168,20.36,62.72848118
1667670287.036682,21329.11,21327.64,4.19108672,18.89,61.14430295
1667670296.9951088,21329.11,21327.64,4.19108672,18.89,61.14430295
1667670307.0196826,21329.11,21327.64,4.19108672,18.89,61.14430295
1667670317.266597,21323.15,21323.15,3.85827733,6.73,56.76552488
1667670326.997864,21323.15,21323.15,3.85827733,6.73,56.76552488
1667670336.9845698,21323.15,21323.15,3.85827733,6.73,56.76552488
1667670347.0106668,21323.15,21327.27,4.1869383,10.85,59.6229022
1667670357.0294075,21323.15,21327.27,4.1869383,10.85,59.6229022
1667670366.998143,21323.15,21327.27,4.1869383,10.85,59.6229022
1667670377.035114,21329.65,21329.65,4.75303917,8.84,61.10774432
1667670387.007745,21329.65,21329.65,4.75303917,8.84,61.10774432
1667670397.027865,21329.65,21329.65,4.75303917,8.84,61.10774432
1667670407.0169957,21329.65,21330.57,4.82642948,9.76,61.69416019
1667670416.977171,21329.65,21330.57,4.82642948,9.76,61.69416019
1667670427.355988,21329.65,21330.57,4.82642948,9.76,61.69416019
1667670437.4027562,21329.69,21329.69,4.9993055,9.04,61.13361376
1667670447.3759823,21329.69,21329.69,4.9993055,9.04,61.13361376
1667670457.3679032,21329.69,21329.69,4.9993055,9.04,61.13361376
1667670467.3672724,21329.69,21331.47,5.1412998,10.82,62.33426015
1667670477.396211,21329.69,21331.47,5.1412998,10.82,62.33426015
1667670487.397542,21329.69,21331.47,5.1412998,10.82,62.33426015
1667670497.372713,21331.65,21331.65,5.40984757,17.94,62.45155675
1667670507.561793,21331.65,21331.65,5.40984757,17.94,62.45155675
1667670517.3633325,21331.65,21331.65,5.40984757,17.94,62.45155675
1667670527.387262,21331.65,21327.58,5.0851752,13.87,58.04960995
1667670537.3590784,21331.65,21327.58,5.0851752,13.87,58.04960995
1667670547.3599415,21331.65,21327.58,5.0851752,13.87,58.04960995
1667670557.416118,21322.3,21322.3,4.24223779,2.77,53.16868708
1667670567.4328177,21322.3,21322.3,4.24223779,2.77,53.16868708
1667670577.430236,21322.3,21322.3,4.24223779,2.77,53.16868708
1667670587.4303455,21322.3,21313.85,3.56816371,-5.68,46.4620676
1667670597.4528675,21322.3,21313.85,3.56816371,-5.68,46.4620676
1667670608.2647183,21322.3,21313.85,3.56816371,-5.68,46.4620676
1667670618.2364798,21308.55,21308.55,1.90286038,-11.46,43.05565616
1667670628.2309923,21308.55,21308.55,1.90286038,-11.46,43.05565616
1667670638.2627916,21308.55,21308.55,1.90286038,-11.46,43.05565616
1667670648.236936,21308.55,21305.05,1.6236581,-14.96,40.92196337
1667670658.2369633,21308.55,21305.05,1.6236581,-14.96,40.92196337
1667670668.2928371,21308.55,21305.05,1.6236581,-14.96,40.92196337
1667670678.2613044,21305.09,21305.09,0.39394746,-15.73,41.07202687
1667670688.2472034,21305.09,21305.09,0.39394746,-15.73,41.07202687
1667670698.5000942,21305.09,21305.09,0.39394746,-15.73,41.07202687
1667670708.2958078,21305.09,21305.19,0.40192467,-15.63,41.16075266
1667670718.2771242,21305.09,21305.19,0.40192467,-15.63,41.16075266
1667670728.2887895,21305.09,21305.19,0.40192467,-15.63,41.16075266
1667670738.291346,21310.99,21310.99,0.31149552,-9.91,45.91657916
1667670748.2439945,21310.99,21310.99,0.31149552,-9.91,45.91657916
1667670758.301541,21310.99,21310.99,0.31149552,-9.91,45.91657916
1667670768.5154872,21310.99,21315.0,0.63138156,-5.9,48.91565184
1667670778.2894452,21310.99,21315.0,0.63138156,-5.9,48.91565184
1667670789.4555123,21310.99,21315.0,0.63138156,-5.9,48.91565184
1667670799.4425175,21313.65,21313.65,0.15349961,-15.49,47.98914131
1667670809.4533985,21313.65,21313.65,0.15349961,-15.49,47.98914131
1667670819.4190383,21313.65,21313.65,0.15349961,-15.49,47.98914131
1667670829.413533,21313.65,21315.59,0.30825745,-13.55,49.50133108
1667670839.4261975,21313.65,21315.59,0.30825745,-13.55,49.50133108
1667670849.404353,21313.65,21315.59,0.30825745,-13.55,49.50133108
1667670859.4229012,21313.42,21313.42,-0.15070464,-9.73,47.85292349
1667670869.4261656,21313.42,21313.42,-0.15070464,-9.73,47.85292349
1667670879.7112985,21313.42,21313.42,-0.15070464,-9.73,47.85292349
1667670889.6510642,21313.42,21314.56,-0.05976447,-8.59,48.82523619
1667670899.5058465,21313.42,21314.56,-0.05976447,-8.59,48.82523619
1667670909.4765005,21313.42,21314.56,-0.05976447,-8.59,48.82523619
1667670919.4592,21319.08,21319.08,0.44820571,-10.57,52.37372019
1667670929.7801182,21319.08,21319.08,0.44820571,-10.57,52.37372019
1667670939.5047462,21319.08,21319.08,0.44820571,-10.57,52.37372019
1667670949.4822414,21319.08,21320.18,0.535955,-9.47,53.217297
1667670959.4990103,21319.08,21320.18,0.535955,-9.47,53.217297
1667670969.9283009,21319.08,21320.18,0.535955,-9.47,53.217297
1667670979.9345047,21323.3,21323.3,1.13953695,-6.39,55.4929719
1667670989.9189074,21323.3,21323.3,1.13953695,-6.39,55.4929719
1667670999.9001596,21323.3,21323.3,1.13953695,-6.39,55.4929719
1667671009.990297,21323.3,21318.19,0.73190163,-11.5,51.20495391
1667671019.9597816,21323.3,21318.19,0.73190163,-11.5,51.20495391
1667671029.882059,21323.3,21318.19,0.73190163,-11.5,51.20495391
1667671039.9549563,21327.35,21327.35,2.02196192,-4.3,58.28042853
1667671050.37283,21327.35,21327.35,2.02196192,-4.3,58.28042853
1667671059.9324586,21327.35,21327.35,2.02196192,-4.3,58.28042853
1667671069.9277575,21327.35,21327.96,2.07062289,-3.69,58.69998386
1667671079.9667895,21327.35,21327.96,2.07062289,-3.69,58.69998386
1667671089.9774914,21327.35,21327.96,2.07062289,-3.69,58.69998386
1667671099.937738,21329.49,21329.49,2.73782328,6.92,59.71759291
1667671109.959377,21329.49,21329.49,2.73782328,6.92,59.71759291
1667671119.9804127,21329.49,21329.49,2.73782328,6.92,59.71759291
1667671129.9486632,21329.49,21322.84,2.20733895,0.27,53.55414093
1667671139.9432042,21329.49,21322.84,2.20733895,0.27,53.55414093
1667671150.5237672,21329.49,21322.84,2.20733895,0.27,53.55414093
1667671160.5037105,21320.49,21320.49,1.80360403,11.94,51.67235976
1667671170.4872477,21320.49,21320.49,1.80360403,11.94,51.67235976
1667671180.5055158,21320.49,21320.49,1.80360403,11.94,51.67235976
1667671190.4914217,21320.49,21318.73,1.66320517,10.18,50.29375929
1667671200.502618,21320.49,21318.73,1.66320517,10.18,50.29375929
1667671210.7092977,21319.29,21319.29,1.50459693,14.6,50.74042855
1667671220.4541435,21319.29,21319.29,1.50459693,14.6,50.74042855
1667671230.480801,21319.29,21319.29,1.50459693,14.6,50.74042855
1667671240.4920309,21319.29,21319.29,1.50459693,14.6,50.74042855
1667671250.4925456,21319.29,21328.92,2.27280206,24.23,57.6979743
1667671260.480216,21319.29,21328.92,2.27280206,24.23,57.6979743
1667671270.504538,21319.29,21328.92,2.27280206,24.23,57.6979743
1667671280.506485,21326.26,21326.26,2.31348165,14.8,55.9806002
1667671290.5055175,21326.26,21326.26,2.31348165,14.8,55.9806002
1667671300.536275,21326.26,21321.95,1.96966398,10.49,52.27723398
1667671310.514398,21326.26,21321.95,1.96966398,10.49,52.27723398
1667671320.5072155,21326.26,21321.95,1.96966398,10.49,52.27723398
1667671331.6086504,21322.95,21322.95,1.97113466,10.4,53.06274595
1667671341.620961,21322.95,21322.95,1.97113466,10.4,53.06274595
1667671351.606648,21322.95,21322.95,1.97113466,10.4,53.06274595
1667671361.6090336,21322.95,21324.54,2.09797227,11.99,54.25483068
1667671371.8538618,21322.95,21324.54,2.09797227,11.99,54.25483068
1667671381.65046,21322.95,21324.54,2.09797227,11.99,54.25483068
1667671391.624556,21323.49,21323.49,2.0105347,10.86,53.47451099
1667671401.598144,21323.49,21323.49,2.0105347,10.86,53.47451099
1667671411.619337,21323.49,21323.49,2.0105347,10.86,53.47451099
1667671421.672147,21323.49,21323.97,2.0488253,11.34,53.86196755
1667671431.5941558,21323.49,21323.97,2.0488253,11.34,53.86196755
1667671441.661762,21323.49,21323.97,2.0488253,11.34,53.86196755
1667671451.6259706,21323.49,21323.97,2.0488253,11.34,53.86196755
1667671461.658887,21319.52,21319.52,1.42353279,0.9,50.00157407
1667671471.6886182,21319.52,21319.52,1.42353279,0.9,50.00157407
1667671481.68367,21319.52,21319.53,1.42433051,0.91,50.01038099
1667671491.6816978,21319.52,21319.53,1.42433051,0.91,50.01038099
1667671501.631243,21319.52,21319.53,1.42433051,0.91,50.01038099
1667671512.4549124,21316.95,21316.95,0.83222981,-5.63,47.83571763
1667671522.4409935,21316.95,21316.95,0.83222981,-5.63,47.83571763
1667671532.5067754,21316.95,21316.95,0.83222981,-5.63,47.83571763
1667671542.3853054,21316.95,21320.98,1.15371129,-1.6,51.3913447
1667671552.443796,21316.95,21320.98,1.15371129,-1.6,51.3913447
1667671562.3903918,21316.95,21320.98,1.15371129,-1.6,51.3913447
1667671572.4142802,21316.95,21320.98,1.15371129,-1.6,51.3913447
1667671582.396284,21321.64,21321.64,1.182472,-5.71,51.92859241
1667671592.5875618,21321.64,21321.64,1.182472,-5.71,51.92859241
1667671602.4349766,21321.64,21314.88,0.64321274,-12.47,46.29044018
1667671612.47238,21321.64,21314.88,0.64321274,-12.47,46.29044018
1667671622.4710417,21321.64,21314.88,0.64321274,-12.47,46.29044018
1667671632.4709563,21321.64,21314.88,0.64321274,-12.47,46.29044018
1667671642.4712226,21320.54,21320.54,1.02989708,-8.92,50.88122932
1667671652.438039,21320.54,21320.54,1.02989708,-8.92,50.88122932
1667671662.4815698,21320.54,21321.34,1.09371474,-8.12,51.65185553
1667671672.4561238,21320.54,21321.34,1.09371474,-8.12,51.65185553
1667671682.4559536,21320.54,21321.34,1.09371474,-8.12,51.65185553
1667671693.0734613,21320.54,21321.34,1.09371474,-8.12,51.65185553
1667671703.0781195,21320.83,21320.83,0.97336645,1.31,51.1633528
1667671713.08805,21320.83,21320.83,0.97336645,1.31,51.1633528
1667671723.2531042,21320.83,21325.36,1.33473397,5.84,55.32996272
1667671733.069726,21320.83,21325.36,1.33473397,5.84,55.32996272
1667671743.0953517,21320.83,21325.36,1.33473397,5.84,55.32996272
1667671753.0547009,21319.92,21319.92,0.77121886,0.63,50.22231633
1667671763.0686655,21319.92,21319.92,0.77121886,0.63,50.22231633
1667671773.102147,21319.92,21319.92,0.77121886,0.63,50.22231633
1667671783.0916667,21319.92,21316.94,0.53349806,-2.35,47.16310548
1667671793.079667,21319.92,21316.94,0.53349806,-2.35,47.16310548
1667671803.1181748,21319.92,21316.94,0.53349806,-2.35,47.16310548
1667671813.0783496,21315.72,21315.72,0.03086605,-10.54,46.15480925
1667671823.1062534,21315.72,21315.72,0.03086605,-10.54,46.15480925
1667671833.0856936,21315.72,21315.72,0.03086605,-10.54,46.15480925
1667671843.1041734,21315.72,21313.9,-0.11431914,-12.36,44.32315152
1667671853.294977,21315.72,21313.9,-0.11431914,-12.36,44.32315152
1667671863.071624,21315.72,21313.9,-0.11431914,-12.36,44.32315152
1667671874.3273644,21308.31,21308.31,-1.29704178,-13.89,39.72821091
1667671884.291037,21308.31,21308.31,-1.29704178,-13.89,39.72821091
1667671894.293233,21308.31,21308.31,-1.29704178,-13.89,39.72821091
1667671904.335237,21308.31,21306.81,-1.4166999,-15.39,38.57280426
1667671914.4537244,21308.31,21306.81,-1.4166999,-15.39,38.57280426
1667671924.272286,21308.31,21306.81,-1.4166999,-15.39,38.57280426
1667671934.332121,21305.31,21305.31,-2.28423552,-18.18,37.48270322
1667671944.313186,21305.31,21305.31,-2.28423552,-18.18,37.48270322
1667671954.3304243,21305.31,21305.31,-2.28423552,-18.18,37.48270322
1667671964.3269262,21305.31,21303.45,-2.43261158,-20.04,36.11958155
1667671974.315682,21305.31,21303.45,-2.43261158,-20.04,36.11958155
1667671984.311997,21305.31,21303.45,-2.43261158,-20.04,36.11958155
1667671994.3700614,21304.45,21304.45,-2.89981826,-15.07,36.88913657
1667672004.3317845,21304.45,21304.45,-2.89981826,-15.07,36.88913657
1667672014.370677,21304.45,21304.45,-2.89981826,-15.07,36.88913657
1667672024.3812397,21304.45,21308.3,-2.59269575,-11.22,41.2986203
1667672034.3366282,21304.45,21308.3,-2.59269575,-11.22,41.2986203
1667672044.34253,21304.45,21308.3,-2.59269575,-11.22,41.2986203
1667672054.772399,21306.73,21306.73,-3.03988448,-10.22,39.34482398
1667672064.7092228,21306.73,21306.73,-3.03988448,-10.22,39.34482398
1667672074.7310476,21306.73,21306.73,-3.03988448,-10.22,39.34482398
1667672084.7329524,21306.73,21316.31,-2.27566796,-0.64,50.23028184
1667672094.6928475,21306.73,21316.31,-2.27566796,-0.64,50.23028184
1667672104.9202538,21306.73,21316.31,-2.27566796,-0.64,50.23028184
1667672114.7364838,21306.73,21316.31,-2.27566796,-0.64,50.23028184
1667672124.7157383,21316.62,21316.62,-1.90682886,-5.01,50.57216897
1667672134.7763062,21316.62,21316.62,-1.90682886,-5.01,50.57216897
1667672144.7089076,21316.62,21310.32,-2.40939296,-11.31,44.76060601
1667672155.0623796,21316.62,21310.32,-2.40939296,-11.31,44.76060601
1667672164.7480128,21316.62,21310.32,-2.40939296,-11.31,44.76060601
1667672174.8212097,21316.62,21310.32,-2.40939296,-11.31,44.76060601
1667672184.7294323,21312.12,21312.12,-2.1511517,-8.98,46.22732018
1667672194.816562,21312.12,21312.12,-2.1511517,-8.98,46.22732018
1667672204.763929,21312.12,21314.5,-1.96129415,-6.6,48.66667142
1667672214.7640934,21312.12,21314.5,-1.96129415,-6.6,48.66667142
1667672224.7782855,21312.12,21314.5,-1.96129415,-6.6,48.66667142
1667672235.408927,21314.17,21314.17,-1.80014194,-6.66,48.32448479
1667672245.4512942,21314.17,21314.17,-1.80014194,-6.66,48.32448479
1667672255.4616878,21314.17,21314.17,-1.80014194,-6.66,48.32448479
1667672265.4811697,21314.17,21314.6,-1.76583994,-6.23,48.80338394
1667672275.4470718,21314.17,21314.6,-1.76583994,-6.23,48.80338394
1667672285.4628365,21314.17,21314.6,-1.76583994,-6.23,48.80338394
1667672295.4462054,21313.4,21313.4,-1.74159292,-6.52,47.52836585
1667672305.4387095,21313.4,21313.4,-1.74159292,-6.52,47.52836585
1667672315.4505618,21313.4,21313.4,-1.74159292,-6.52,47.52836585
1667672325.4866283,21313.4,21320.21,-1.19834506,0.29,54.64503292
1667672335.4368105,21313.4,21320.21,-1.19834506,0.29,54.64503292
1667672345.4603276,21313.4,21320.21,-1.19834506,0.29,54.64503292
1667672355.4836302,21324.99,21324.99,0.01064188,9.86,58.58746865
1667672365.4843073,21324.99,21324.99,0.01064188,9.86,58.58746865
1667672375.4563289,21324.99,21324.99,0.01064188,9.86,58.58746865
1667672385.4400463,21324.99,21325.42,0.04494388,10.29,58.93329246
1667672395.7040994,21324.99,21325.42,0.04494388,10.29,58.93329246
1667672405.4734244,21324.99,21325.42,0.04494388,10.29,58.93329246
1667672416.5015304,21319.78,21319.78,-0.07689764,11.46,53.16242569
1667672426.6338222,21319.78,21319.78,-0.07689764,11.46,53.16242569
1667672436.514938,21319.78,21319.78,-0.07689764,11.46,53.16242569
1667672446.536223,21319.78,21309.7,-0.8810002,1.38,44.5655426
1667672456.5573385,21319.78,21309.7,-0.8810002,1.38,44.5655426
1667672466.5094087,21319.78,21309.7,-0.8810002,1.38,44.5655426
1667672476.5004778,21304.84,21304.84,-1.93156463,-0.47,41.3422063
1667672486.6823611,21304.84,21304.84,-1.93156463,-0.47,41.3422063
1667672496.5349047,21304.84,21304.84,-1.93156463,-0.47,41.3422063
1667672506.4988067,21304.84,21298.86,-2.40860167,-6.45,37.72642866
1667672516.5390792,21304.84,21298.86,-2.40860167,-6.45,37.72642866
1667672526.5067482,21304.84,21298.86,-2.40860167,-6.45,37.72642866
1667672536.4851713,21299.61,21299.61,-3.16822257,-5.91,38.14484048
1667672546.5585015,21299.61,21299.61,-3.16822257,-5.91,38.14484048
1667672556.537336,21299.61,21299.61,-3.16822257,-5.91,38.14484048
1667672566.580423,21299.61,21302.23,-2.95921972,-3.29,40.62229873
1667672576.5212278,21299.61,21302.23,-2.95921972,-3.29,40.62229873
1667672586.5923982,21299.61,21302.23,-2.95921972,-3.29,40.62229873
1667672597.3771882,21301.17,21301.17,-3.56777698,-5.56,39.66085422
1667672607.40539,21301.17,21301.17,-3.56777698,-5.56,39.66085422
1667672617.4278002,21301.17,21301.17,-3.56777698,-5.56,39.66085422
1667672627.385104,21301.17,21305.24,-3.24310461,-1.49,43.50743855
1667672637.4184666,21301.17,21305.24,-3.24310461,-1.49,43.50743855
1667672647.6456895,21301.17,21305.24,-3.24310461,-1.49,43.50743855
1667672657.3886414,21301.49,21301.49,-3.84417336,-14.36,40.13449074
1667672667.3848174,21301.49,21301.49,-3.84417336,-14.36,40.13449074
1667672677.396448,21301.49,21301.49,-3.84417336,-14.36,40.13449074
1667672687.393147,21301.49,21299.34,-4.01568333,-16.51,38.67226116
1667672697.4241223,21301.49,21299.34,-4.01568333,-16.51,38.67226116
1667672707.3710911,21301.49,21299.34,-4.01568333,-16.51,38.67226116
1667672717.4291325,21299.92,21299.92,-4.24888356,-13.05,39.0191402
1667672727.4414427,21299.92,21299.92,-4.24888356,-13.05,39.0191402
1667672737.4148357,21299.92,21299.92,-4.24888356,-13.05,39.0191402
1667672747.4881735,21299.92,21290.16,-5.02745906,-22.81,33.07519966
1667672757.4425418,21299.92,21290.16,-5.02745906,-22.81,33.07519966
1667672767.4331698,21299.92,21290.16,-5.02745906,-22.81,33.07519966
1667672778.5955882,21294.69,21294.69,-5.14708195,-19.48,35.54942636
1667672788.622645,21294.69,21294.69,-5.14708195,-19.48,35.54942636
1667672798.605415,21294.69,21294.69,-5.14708195,-19.48,35.54942636
1667672808.930104,21294.69,21288.49,-5.64166884,-25.68,31.96864601
1667672818.583614,21294.69,21288.49,-5.64166884,-25.68,31.96864601
1667672828.5783255,21294.69,21288.49,-5.64166884,-25.68,31.96864601
1667672838.6237922,21290.15,21290.15,-6.12328974,-23.25,32.82644986
1667672848.6470823,21290.15,21290.15,-6.12328974,-23.25,32.82644986
1667672858.648076,21290.15,21290.15,-6.12328974,-23.25,32.82644986
1667672868.6783142,21290.15,21290.33,-6.10893077,-23.07,32.93294772
1667672878.6257665,21290.15,21290.33,-6.10893077,-23.07,32.93294772
1667672888.63047,21290.15,21290.33,-6.10893077,-23.07,32.93294772
1667672898.8140297,21291.82,21291.82,-6.26895056,-33.17,34.9853055
1667672908.6554973,21291.82,21291.82,-6.26895056,-33.17,34.9853055
1667672918.6485498,21291.82,21291.82,-6.26895056,-33.17,34.9853055
1667672928.677925,21291.82,21296.23,-5.91715569,-28.76,39.45760945
1667672938.6861567,21291.82,21296.23,-5.91715569,-28.76,39.45760945
1667672948.6593258,21291.82,21296.23,-5.91715569,-28.76,39.45760945
1667672959.0157492,21297.13,21297.13,-5.73787,-22.66,40.40986449
1667672969.2775433,21297.13,21297.13,-5.73787,-22.66,40.40986449
1667672979.04045,21297.13,21297.13,-5.73787,-22.66,40.40986449
1667672989.0207536,21297.13,21296.71,-5.77137427,-23.08,40.09294197
1667672999.0240831,21297.13,21296.71,-5.77137427,-23.08,40.09294197
1667673009.017207,21297.13,21296.71,-5.77137427,-23.08,40.09294197
1667673019.0853128,21292.14,21292.14,-6.29366354,-12.7,36.94057831
1667673029.08804,21292.14,21292.14,-6.29366354,-12.7,36.94057831
1667673039.0488725,21292.14,21292.14,-6.29366354,-12.7,36.94057831
1667673049.035521,21292.14,21297.74,-5.84693989,-7.1,42.86847608
1667673059.005205,21292.14,21297.74,-5.84693989,-7.1,42.86847608
1667673069.0282984,21292.14,21297.74,-5.84693989,-7.1,42.86847608
1667673079.035635,21303.6,21303.6,-4.72550506,3.99,47.98514915
1667673089.061196,21303.6,21303.6,-4.72550506,3.99,47.98514915
1667673099.0752604,21303.6,21303.6,-4.72550506,3.99,47.98514915
1667673109.072732,21303.6,21302.22,-4.83559053,2.61,46.91945886
1667673119.0360093,21303.6,21302.22,-4.83559053,2.61,46.91945886
1667673129.3540208,21303.6,21302.22,-4.83559053,2.61,46.91945886
1667673139.9125483,21304.56,21304.56,-4.02357515,3.62,48.79422475
1667673149.9170463,21304.56,21304.56,-4.02357515,3.62,48.79422475
1667673160.2075086,21304.56,21304.56,-4.02357515,3.62,48.79422475
1667673169.9219854,21304.56,21307.6,-3.78106803,6.66,51.37363594
1667673179.9446826,21304.56,21307.6,-3.78106803,6.66,51.37363594
1667673189.9125524,21304.56,21307.6,-3.78106803,6.66,51.37363594
1667673199.9402642,21303.52,21303.52,-3.58182611,1.48,47.87025767
1667673209.921573,21303.52,21303.52,-3.58182611,1.48,47.87025767
1667673219.9406087,21303.52,21303.52,-3.58182611,1.48,47.87025767
1667673229.8839345,21303.52,21304.07,-3.53795147,2.03,48.36061393
1667673239.9436743,21303.52,21304.07,-3.53795147,2.03,48.36061393
1667673249.9587555,21303.52,21304.07,-3.53795147,2.03,48.36061393
1667673259.964865,21301.35,21301.35,-3.43190371,0.71,45.9693133
1667673269.9063592,21301.35,21301.35,-3.43190371,0.71,45.9693133
1667673279.9059706,21301.35,21301.35,-3.43190371,0.71,45.9693133
1667673289.9401057,21301.35,21294.45,-3.98233106,-6.19,40.62505748
1667673299.9681208,21301.35,21294.45,-3.98233106,-6.19,40.62505748
1667673309.9742036,21301.35,21294.45,-3.98233106,-6.19,40.62505748
1667673320.878998,21298.03,21298.03,-3.66840721,2.42,43.23281159
1667673330.816411,21298.03,21298.03,-3.66840721,2.42,43.23281159
1667673340.7792308,21298.03,21298.03,-3.66840721,2.42,43.23281159
1667673350.8585036,21298.03,21304.58,-3.14590009,8.97,49.60649089
1667673360.7989774,21298.03,21304.58,-3.14590009,8.97,49.60649089
1667673370.819657,21301.39,21301.39,-3.03272354,10.57,46.77281061
1667673380.8139162,21301.39,21301.39,-3.03272354,10.57,46.77281061
1667673390.7804642,21301.39,21301.39,-3.03272354,10.57,46.77281061
1667673400.86573,21301.39,21301.39,-3.03272354,10.57,46.77281061
1667673410.7869182,21301.39,21291.46,-3.82486029,0.64,39.53452864
1667673420.8391843,21301.39,21291.46,-3.82486029,0.64,39.53452864
1667673430.8465493,21301.39,21291.46,-3.82486029,0.64,39.53452864
1667673440.8699677,21290.98,21290.98,-4.23301712,-2.0,39.20552948
1667673450.8973465,21290.98,21290.98,-4.23301712,-2.0,39.20552948
1667673460.877848,21290.98,21290.98,-4.23301712,-2.0,39.20552948
1667673470.8404207,21290.98,21290.33,-4.28486898,-2.65,38.78592919
1667673480.954666,21290.98,21290.33,-4.28486898,-2.65,38.78592919
1667673490.876547,21292.19,21292.19,-4.31036018,-4.94,40.34075478
1667673501.4316103,21292.19,21292.19,-4.31036018,-4.94,40.34075478
1667673511.6955264,21292.19,21292.19,-4.31036018,-4.94,40.34075478
1667673521.4860444,21292.19,21297.01,-3.92585876,-0.12,44.89987668
1667673531.481016,21292.19,21297.01,-3.92585876,-0.12,44.89987668
1667673541.4870048,21292.19,21297.01,-3.92585876,-0.12,44.89987668
1667673551.4929843,21307.73,21307.73,-2.24193666,15.59,53.21964359
1667673561.5183332,21307.73,21307.73,-2.24193666,15.59,53.21964359
1667673571.4873824,21307.73,21307.73,-2.24193666,15.59,53.21964359
1667673581.5217967,21307.73,21300.01,-2.85777711,7.87,47.64079257
1667673591.517877,21307.73,21300.01,-2.85777711,7.87,47.64079257
1667673601.453184,21307.73,21300.01,-2.85777711,7.87,47.64079257
1667673611.5020597,21307.99,21307.99,-1.53031565,4.39,53.40341415
1667673621.5125103,21307.99,21307.99,-1.53031565,4.39,53.40341415
1667673631.7129045,21307.99,21307.99,-1.53031565,4.39,53.40341415
1667673641.8936076,21307.99,21303.56,-1.88370596,-0.04,49.81280244
1667673651.9223332,21307.99,21303.56,-1.88370596,-0.04,49.81280244
1667673661.872267,21307.99,21303.56,-1.88370596,-0.04,49.81280244
1667673672.025647,21307.99,21303.56,-1.88370596,-0.04,49.81280244
1667673682.4665525,21303.28,21303.28,-1.63740552,-1.28,49.60201099
1667673692.5069735,21303.28,21303.28,-1.63740552,-1.28,49.60201099
1667673702.6016748,21303.28,21303.28,-1.63740552,-1.28,49.60201099
1667673712.5037122,21303.28,21302.43,-1.70521178,-2.13,48.92516492
1667673722.4838712,21303.28,21302.43,-1.70521178,-2.13,48.92516492
1667673732.460031,21299.1,21299.1,-2.02688622,-5.28,46.51838922
1667673742.5069144,21299.1,21299.1,-2.02688622,-5.28,46.51838922
1667673752.452943,21299.1,21299.1,-2.02688622,-5.28,46.51838922
1667673762.467636,21299.1,21296.16,-2.26141613,-8.22,44.32708222
1667673772.5017116,21299.1,21296.16,-2.26141613,-8.22,44.32708222
1667673782.4644673,21299.1,21296.16,-2.26141613,-8.22,44.32708222
1667673792.5104191,21299.1,21296.16,-2.26141613,-8.22,44.32708222
1667673802.5195067,21290.9,21290.9,-3.17873626,-11.4,40.95293516
1667673812.5099008,21290.9,21290.9,-3.17873626,-11.4,40.95293516
1667673822.516608,21290.9,21296.53,-2.72961945,-5.77,45.71587442
1667673832.5115812,21290.9,21296.53,-2.72961945,-5.77,45.71587442
1667673842.5705202,21290.9,21296.53,-2.72961945,-5.77,45.71587442
1667673852.5138593,21296.17,21296.17,-2.8478404,-1.86,45.49360785
1667673863.574289,21296.17,21296.17,-2.8478404,-1.86,45.49360785
1667673873.2702186,21296.17,21296.17,-2.8478404,-1.86,45.49360785
1667673883.2770162,21296.17,21292.6,-3.13262673,-5.43,42.90512711
1667673893.301763,21296.17,21292.6,-3.13262673,-5.43,42.90512711
1667673903.3281772,21296.17,21292.6,-3.13262673,-5.43,42.90512711
1667673913.2864215,21292.05,21292.05,-3.38080579,-10.91,42.53077217
1667673923.3079488,21292.05,21292.05,-3.38080579,-10.91,42.53077217
1667673933.2885883,21292.05,21292.05,-3.38080579,-10.91,42.53077217
1667673943.327356,21292.05,21282.88,-4.11231576,-20.08,37.04865497
1667673953.3131597,21292.05,21282.88,-4.11231576,-20.08,37.04865497
1667673963.3446214,21292.05,21282.88,-4.11231576,-20.08,37.04865497
1667673973.3955483,21284.34,21284.34,-4.66346124,-7.4,38.12361647
1667673983.303278,21284.34,21284.34,-4.66346124,-7.4,38.12361647
1667673993.301527,21284.34,21284.34,-4.66346124,-7.4,38.12361647
1667674003.35944,21284.34,21286.92,-4.45764927,-4.82,40.44761885
1667674013.3499155,21284.34,21286.92,-4.45764927,-4.82,40.44761885
1667674023.4440217,21284.34,21286.92,-4.45764927,-4.82,40.44761885
1667674033.366704,21279.54,21279.54,-5.72995174,-13.31,35.21613682
1667674043.7820067,21279.54,21279.54,-5.72995174,-13.31,35.21613682
1667674054.1259916,21279.54,21279.54,-5.72995174,-13.31,35.21613682
1667674063.7451448,21279.54,21280.48,-5.65496599,-12.37,35.89197231
1667674073.8394573,21279.54,21280.48,-5.65496599,-12.37,35.89197231
1667674083.800902,21279.54,21280.48,-5.65496599,-12.37,35.89197231
1667674093.7997382,21276.96,21276.96,-6.60181499,-30.77,33.8623474
1667674103.767004,21276.96,21276.96,-6.60181499,-30.77,33.8623474
1667674113.7494664,21276.96,21276.96,-6.60181499,-30.77,33.8623474
1667674123.76371,21276.96,21266.6,-7.42825374,-41.13,29.03550121
1667674133.8360207,21276.96,21266.6,-7.42825374,-41.13,29.03550121
1667674143.7924893,21276.96,21266.6,-7.42825374,-41.13,29.03550121
1667674153.7616873,21267.38,21267.38,-8.47103368,-40.61,30.04955727
1667674164.8007226,21267.38,21267.38,-8.47103368,-40.61,30.04955727
1667674176.3877847,21267.38,21267.38,-8.47103368,-40.61,30.04955727
1667674188.623765,21267.38,21279.31,-7.51935277,-28.68,40.37319541
1667674198.6669126,21267.38,21279.31,-7.51935277,-28.68,40.37319541
1667674211.1172094,21267.38,21279.31,-7.51935277,-28.68,40.37319541
1667674221.094887,21271.38,21271.38,-8.60541573,-31.9,33.88746555
1667674231.0763948,21271.38,21271.38,-8.60541573,-31.9,33.88746555
1667674241.061263,21271.38,21266.78,-8.9723673,-36.5,31.73133528
1667674251.114151,21271.38,21266.78,-8.9723673,-36.5,31.73133528
1667674261.126585,21271.38,21266.78,-8.9723673,-36.5,31.73133528
1667674271.3203192,21275.0,21275.0,-8.33673336,-23.65,37.31583391
1667674281.09594,21275.0,21275.0,-8.33673336,-23.65,37.31583391
1667674291.1093447,21275.0,21275.0,-8.33673336,-23.65,37.31583391
1667674301.120952,21275.0,21270.34,-8.70847125,-28.31,34.87787376
1667674311.2576494,21275.0,21270.34,-8.70847125,-28.31,34.87787376
1667674321.1337874,21275.0,21270.34,-8.70847125,-28.31,34.87787376
1667674331.131807,21275.0,21270.34,-8.70847125,-28.31,34.87787376
1667674341.1576886,21269.97,21269.97,-8.98228219,-20.93,34.6975099
1667674351.1236725,21269.97,21269.97,-8.98228219,-20.93,34.6975099
1667674361.0935383,21269.97,21268.59,-9.09236766,-22.31,33.99290145
1667674371.1177058,21269.97,21268.59,-9.09236766,-22.31,33.99290145
1667674381.136984,21269.97,21268.59,-9.09236766,-22.31,33.99290145
1667674391.160437,21268.42,21268.42,-9.29105627,-26.77,33.90807671
1667674401.1850762,21268.42,21268.42,-9.29105627,-26.77,33.90807671
1667674411.562979,21268.42,21268.42,-9.29105627,-26.77,33.90807671
1667674421.5235937,21268.42,21278.1,-8.51886254,-17.09,42.67924276
1667674431.5733423,21268.42,21278.1,-8.51886254,-17.09,42.67924276
1667674441.672463,21268.42,21278.1,-8.51886254,-17.09,42.67924276
1667674451.5534148,21275.22,21275.22,-8.36895317,-17.25,40.32292644
1667674461.538669,21275.22,21275.22,-8.36895317,-17.25,40.32292644
1667674471.8887131,21275.22,21275.22,-8.36895317,-17.25,40.32292644
1667674481.5554354,21275.22,21275.22,-8.36895317,-17.25,40.32292644
1667674492.200313,21275.22,21281.7,-7.85203009,-10.77,45.72871414
1667674502.683694,21275.22,21281.7,-7.85203009,-10.77,45.72871414
1667674512.763135,21283.56,21283.56,-6.79716842,-0.05,47.10405944
1667674522.6454024,21283.56,21283.56,-6.79716842,-0.05,47.10405944
1667674533.4413364,21283.56,21283.56,-6.79716842,-0.05,47.10405944
1667674542.7867155,21283.56,21280.75,-7.02132797,-2.86,45.23883495
1667674552.685159,21283.56,21280.75,-7.02132797,-2.86,45.23883495
1667674562.8112023,21283.56,21280.75,-7.02132797,-2.86,45.23883495
1667674572.697763,21283.56,21280.75,-7.02132797,-2.86,45.23883495
1667674582.750674,21281.35,21281.35,-6.3219094,1.22,45.62459453
1667674593.512485,21281.35,21281.35,-6.3219094,1.22,45.62459453
1667674603.5012815,21281.35,21280.92,-6.35621139,0.79,45.3262917
1667674613.4681382,21281.35,21280.92,-6.35621139,0.79,45.3262917
1667674623.5178845,21281.35,21280.92,-6.35621139,0.79,45.3262917
1667674633.57491,21284.58,21284.58,-5.25137509,7.62,48.1854798
1667674643.562925,21284.58,21284.58,-5.25137509,7.62,48.1854798
1667674653.5448875,21284.58,21284.58,-5.25137509,7.62,48.1854798
1667674663.539334,21284.58,21284.33,-5.27131811,7.37,47.99987467
1667674673.5606067,21284.58,21284.33,-5.27131811,7.37,47.99987467
1667674683.5354753,21284.58,21284.33,-5.27131811,7.37,47.99987467
1667674693.726392,21282.4,21282.4,-4.89471097,16.13,46.61374123
1667674703.5448654,21282.4,21282.4,-4.89471097,16.13,46.61374123
1667674713.508945,21282.4,21282.4,-4.89471097,16.13,46.61374123
1667674723.5676162,21282.4,21280.03,-5.0837708,13.76,44.89908086
1667674733.8664322,21282.4,21280.03,-5.0837708,13.76,44.89908086
1667674743.5657976,21282.4,21280.03,-5.0837708,13.76,44.89908086
1667674753.5194128,21279.96,21279.96,-4.7262872,8.58,44.8140095
1667674763.60492,21279.96,21279.96,-4.7262872,8.58,44.8140095
1667674774.9374185,21279.96,21279.96,-4.7262872,8.58,44.8140095
1667674784.8048463,21279.96,21290.96,-3.84879432,19.58,53.43696586
1667674794.7792222,21279.96,21290.96,-3.84879432,19.58,53.43696586
1667674804.7790549,21279.96,21290.96,-3.84879432,19.58,53.43696586
1667674814.8040547,21291.79,21291.79,-2.71011256,16.56,53.85455663
1667674824.8845882,21291.79,21291.79,-2.71011256,16.56,53.85455663
1667674834.7658346,21291.79,21291.79,-2.71011256,16.56,53.85455663
1667674844.9741006,21291.79,21289.66,-2.88002709,14.43,52.19247104
1667674854.8181298,21291.79,21289.66,-2.88002709,14.43,52.19247104
1667674864.910683,21291.79,21289.66,-2.88002709,14.43,52.19247104
1667674874.8305378,21288.01,21288.01,-2.42207288,18.03,50.97381153
1667674885.053021,21288.01,21288.01,-2.42207288,18.03,50.97381153
1667674894.8259692,21288.01,21288.01,-2.42207288,18.03,50.97381153
1667674904.8079274,21288.01,21289.27,-2.32156006,19.29,51.89747482
1667674914.8231206,21288.01,21289.27,-2.32156006,19.29,51.89747482
1667674924.8230195,21288.01,21289.27,-2.32156006,19.29,51.89747482
1667674934.793733,21287.64,21287.64,-1.98485485,19.22,50.68799844
1667674944.8103075,21287.64,21287.64,-1.98485485,19.22,50.68799844
1667674955.5889585,21287.64,21287.64,-1.98485485,19.22,50.68799844
1667674965.583768,21287.64,21285.37,-2.16593747,16.95,48.87728024
1667674975.6546571,21287.64,21285.37,-2.16593747,16.95,48.87728024
1667674985.7646532,21287.64,21285.37,-2.16593747,16.95,48.87728024
1667674995.6116772,21288.31,21288.31,-1.52402054,13.09,51.24315756
1667675005.8503845,21288.31,21288.31,-1.52402054,13.09,51.24315756
1667675015.6119268,21288.31,21288.31,-1.52402054,13.09,51.24315756
1667675025.5934372,21288.31,21292.4,-1.19775273,17.18,54.47853631
1667675035.6096165,21288.31,21292.4,-1.19775273,17.18,54.47853631
1667675045.8503058,21288.31,21292.4,-1.19775273,17.18,54.47853631
1667675055.5743334,21290.99,21290.99,-0.78612364,7.43,53.41279446
1667675065.5700717,21290.99,21290.99,-0.78612364,7.43,53.41279446
1667675075.6020205,21290.99,21290.99,-0.78612364,7.43,53.41279446
1667675085.5619533,21290.99,21295.18,-0.45187862,11.62,56.65996191
1667675095.6011398,21290.99,21295.18,-0.45187862,11.62,56.65996191
1667675105.5953968,21290.99,21295.18,-0.45187862,11.62,56.65996191
1667675116.1346989,21292.83,21292.83,-0.14461833,11.48,54.93397863
1667675125.9159615,21292.83,21292.83,-0.14461833,11.48,54.93397863
1667675136.6661294,21292.83,21292.83,-0.14461833,11.48,54.93397863
1667675146.9587045,21292.83,21297.55,0.23190589,16.2,58.57615538
1667675156.6549776,21292.83,21297.55,0.23190589,16.2,58.57615538
1667675166.6829152,21292.83,21297.55,0.23190589,16.2,58.57615538
1667675176.6606128,21292.49,21292.49,0.235321,7.4,54.64673122
1667675186.6576543,21292.49,21292.49,0.235321,7.4,54.64673122
1667675196.692664,21292.49,21292.49,0.235321,7.4,54.64673122
1667675206.991994,21292.49,21307.47,1.43030675,22.38,65.17795348
1667675216.7342656,21292.49,21307.47,1.43030675,22.38,65.17795348
1667675226.7386684,21292.49,21307.47,1.43030675,22.38,65.17795348
1667675236.680906,21309.03,21309.03,2.92049313,26.63,65.72388183
1667675246.689211,21309.03,21309.03,2.92049313,26.63,65.72388183
1667675256.7261229,21309.03,21309.03,2.92049313,26.63,65.72388183
1667675266.7249277,21309.03,21310.27,3.01941051,27.87,66.65465308
1667675276.7242842,21309.03,21310.27,3.01941051,27.87,66.65465308
1667675286.7601345,21309.03,21310.27,3.01941051,27.87,66.65465308
1667675296.7200162,21308.74,21308.74,3.91763494,28.1,65.37687133
1667675306.7321427,21308.74,21308.74,3.91763494,28.1,65.37687133
1667675317.4014735,21308.74,21308.74,3.91763494,28.1,65.37687133
1667675327.4089985,21308.74,21306.82,3.76447255,26.18,63.28804703
1667675337.44165,21308.74,21306.82,3.76447255,26.18,63.28804703
1667675347.4582117,21308.74,21306.82,3.76447255,26.18,63.28804703
1667675357.4172516,21310.23,21310.23,4.90528759,17.66,65.96695245
1667675367.663019,21310.23,21310.23,4.90528759,17.66,65.96695245
1667675377.4051447,21310.23,21310.23,4.90528759,17.66,65.96695245
1667675387.3870034,21310.23,21318.99,5.60409101,26.42,71.14609796
1667675397.4270723,21310.23,21318.99,5.60409101,26.42,71.14609796
1667675407.4946988,21310.23,21318.99,5.60409101,26.42,71.14609796
1667675417.3935213,21322.12,21322.12,7.15461501,34.11,72.50945835
1667675427.4941976,21322.12,21322.12,7.15461501,34.11,72.50945835
1667675437.884393,21322.12,21322.12,7.15461501,34.11,72.50945835
1667675449.1723022,21322.12,21319.76,6.96635291,31.75,69.83027629
1667675459.2890167,21322.12,21319.76,6.96635291,31.75,69.83027629
1667675469.017935,21322.12,21319.76,6.96635291,31.75,69.83027629
1667675478.9921618,21319.73,21319.73,7.71806085,32.09,69.45983727
1667675488.998057,21319.73,21319.73,7.71806085,32.09,69.45983727
1667675499.6631255,21319.73,21319.73,7.71806085,32.09,69.45983727
1667675509.625147,21319.73,21319.97,7.73720615,32.33,69.58056012
1667675519.6016588,21319.73,21319.97,7.73720615,32.33,69.58056012
1667675529.6653209,21319.73,21319.97,7.73720615,32.33,69.58056012
1667675539.6140563,21315.73,21315.73,7.69235044,27.78,65.43300486
1667675549.9914784,21315.73,21315.73,7.69235044,27.78,65.43300486
1667675559.966107,21315.73,21315.73,7.69235044,27.78,65.43300486
1667675569.9710886,21315.73,21314.0,7.55434474,26.05,63.56205535
1667675579.9653249,21315.73,21314.0,7.55434474,26.05,63.56205535
1667675590.0786698,21315.73,21314.0,7.55434474,26.05,63.56205535
1667675599.9598002,21311.6,21311.6,7.25071573,20.61,61.13693119
1667675610.2269816,21311.6,21311.6,7.25071573,20.61,61.13693119
1667675620.0473003,21311.6,21311.6,7.25071573,20.61,61.13693119
1667675630.0098207,21311.6,21311.18,7.21721146,20.19,60.70046481
1667675639.9989543,21311.6,21311.18,7.21721146,20.19,60.70046481
1667675650.0367005,21311.6,21311.18,7.21721146,20.19,60.70046481
1667675659.999121,21308.84,21308.84,6.69003883,16.63,58.37844331
1667675670.0542822,21308.84,21308.84,6.69003883,16.63,58.37844331
1667675680.6492698,21308.84,21310.08,6.78895621,17.87,59.26765296
1667675690.612364,21308.84,21310.08,6.78895621,17.87,59.26765296
1667675700.6320467,21308.84,21310.08,6.78895621,17.87,59.26765296
1667675710.6344686,21308.84,21310.08,6.78895621,17.87,59.26765296
1667675720.6060517,21311.74,21311.74,6.75697211,19.25,60.4002228
1667675730.7893882,21311.74,21311.74,6.75697211,19.25,60.4002228
1667675740.614961,21311.74,21314.3,6.96118864,21.81,62.14817265
1667675750.7176368,21311.74,21314.3,6.96118864,21.81,62.14817265
1667675760.864148,21311.74,21314.3,6.96118864,21.81,62.14817265
1667675770.89699,21310.0,21310.0,6.30519093,0.47,58.56212659
1667675780.625437,21310.0,21310.0,6.30519093,0.47,58.56212659
1667675790.6157155,21310.0,21310.0,6.30519093,0.47,58.56212659
1667675800.6055713,21310.0,21310.56,6.3498633,1.03,58.9946343
1667675810.6132946,21310.0,21310.56,6.3498633,1.03,58.9946343
1667675820.6404562,21310.0,21310.56,6.3498633,1.03,58.9946343
1667675830.713658,21311.56,21311.56,6.17416126,2.29,59.77662786
1667675840.6940272,21311.56,21311.56,6.17416126,2.29,59.77662786
1667675850.651196,21311.56,21311.56,6.17416126,2.29,59.77662786
1667675861.3870623,21311.56,21312.1,6.21723818,2.83,60.19979304
1667675871.427039,21311.56,21312.1,6.21723818,2.83,60.19979304
1667675881.3971589,21311.56,21312.1,6.21723818,2.83,60.19979304
1667675891.4090216,21312.27,21312.27,6.03900974,1.14,60.33117506
1667675901.7490249,21312.27,21312.27,6.03900974,1.14,60.33117506
1667675911.7312248,21312.27,21312.27,6.03900974,1.14,60.33117506
1667675921.7343743,21312.27,21308.86,5.76698695,-2.27,56.3154125
1667675931.7442584,21312.27,21308.86,5.76698695,-2.27,56.3154125
1667675941.8275971,21312.27,21308.86,5.76698695,-2.27,56.3154125
1667675951.768655,21312.1,21312.1,5.79712673,-10.02,60.11553245
1667675961.776595,21312.1,21312.1,5.79712673,-10.02,60.11553245
1667675971.7552214,21312.1,21312.1,5.79712673,-10.02,60.11553245
1667675981.7855248,21312.1,21314.97,6.0260726,-7.15,62.53932192
1667675991.777576,21312.1,21314.97,6.0260726,-7.15,62.53932192
1667676001.780558,21312.1,21314.97,6.0260726,-7.15,62.53932192
1667676011.8750916,21314.12,21314.12,5.80075783,-5.02,61.89173317
1667676021.7970662,21314.12,21314.12,5.80075783,-5.02,61.89173317
1667676031.7941358,21314.12,21314.12,5.80075783,-5.02,61.89173317
1667676042.474238,21314.12,21314.12,5.80075783,-5.02,61.89173317
1667676052.5310044,21314.12,21313.8,5.77523077,-5.34,61.60774608
1667676062.472466,21314.12,21313.8,5.77523077,-5.34,61.60774608
1667676072.4800546,21314.12,21313.8,5.77523077,-5.34,61.60774608
1667676082.4822154,21314.2,21314.2,5.68405901,-1.53,61.69589557
1667676092.485252,21314.2,21314.2,5.68405901,-1.53,61.69589557
1667676102.4851425,21314.2,21314.2,5.68405901,-1.53,61.69589557
1667676112.4832623,21314.2,21314.24,5.6872499,-1.49,61.75609288
1667676122.5624628,21314.2,21314.24,5.6872499,-1.49,61.75609288
1667676132.906963,21321.76,21321.76,6.52651051,10.16,67.99083158
1667676142.5537925,21321.76,21321.76,6.52651051,10.16,67.99083158
1667676152.5486388,21321.76,21321.76,6.52651051,10.16,67.99083158
1667676162.5358684,21321.76,21325.13,6.79534242,13.53,70.24853955
1667676172.5562675,21321.76,21325.13,6.79534242,13.53,70.24853955
1667676182.5206983,21321.76,21325.13,6.79534242,13.53,70.24853955
1667676192.5491776,21333.04,21333.04,8.24837909,24.2,74.48920636
1667676202.4957738,21333.04,21333.04,8.24837909,24.2,74.48920636
1667676212.5678413,21333.04,21333.04,8.24837909,24.2,74.48920636
1667676223.1937177,21333.04,21337.01,8.56507425,28.17,76.30711591
1667676233.2027872,21333.04,21337.01,8.56507425,28.17,76.30711591
1667676243.2535665,21333.04,21337.01,8.56507425,28.17,76.30711591
1667676253.2184148,21335.46,21335.46,9.16677553,23.72,75.629066
1667676263.2453945,21335.46,21335.46,9.16677553,23.72,75.629066
1667676273.2430542,21335.46,21335.46,9.16677553,23.72,75.629066
1667676283.255688,21335.46,21335.9,9.20187525,24.16,75.84043365
1667676293.4421458,21335.46,21335.9,9.20187525,24.16,75.84043365
1667676303.2144854,21335.46,21335.9,9.20187525,24.16,75.84043365
1667676313.219489,21334.61,21334.61,9.51044534,24.61,74.37209384
1667676323.2294216,21334.61,21334.61,9.51044534,24.61,74.37209384
1667676333.282339,21334.61,21334.61,9.51044534,24.61,74.37209384
1667676343.258607,21334.61,21333.33,9.40833707,23.33,72.42012921
1667676353.2704184,21334.61,21333.33,9.40833707,23.33,72.42012921
1667676363.3450148,21334.61,21333.33,9.40833707,23.33,72.42012921
1667676373.2794125,21328.77,21328.77,8.90073651,17.77,66.22489387
1667676383.284562,21328.77,21328.77,8.90073651,17.77,66.22489387
1667676393.303275,21328.77,21328.77,8.90073651,17.77,66.22489387
1667676403.8278294,21328.77,21325.14,8.61116386,14.14,61.70211552
1667676413.8346956,21328.77,21325.14,8.61116386,14.14,61.70211552
1667676423.8068762,21328.77,21325.14,8.61116386,14.14,61.70211552
1667676433.8231995,21327.46,21327.46,8.49954871,15.19,64.51821327
1667676443.844805,21327.46,21327.46,8.49954871,15.19,64.51821327
1667676453.8470514,21327.46,21327.46,8.49954871,15.19,64.51821327
1667676463.9222455,21327.46,21329.24,8.64154301,16.97,65.80763078
1667676473.8487089,21327.46,21329.24,8.64154301,16.97,65.80763078
1667676484.0317347,21327.46,21329.24,8.64154301,16.97,65.80763078
1667676493.8444448,21330.78,21330.78,8.66296898,18.66,66.56222646
1667676503.8424118,21330.78,21330.78,8.66296898,18.66,66.56222646
1667676513.8197703,21330.78,21330.78,8.66296898,18.66,66.56222646
1667676523.8992758,21330.78,21339.47,9.35618835,27.35,72.01716007
1667676533.8480446,21330.78,21339.47,9.35618835,27.35,72.01716007
1667676543.845322,21330.78,21339.47,9.35618835,27.35,72.01716007
1667676553.8715203,21338.0,21338.0,9.4890614,24.46,71.15093323
1667676563.9065597,21338.0,21338.0,9.4890614,24.46,71.15093323
1667676573.9114192,21338.0,21338.0,9.4890614,24.46,71.15093323
1667676584.482509,21338.0,21338.37,9.51857707,24.83,71.46219077
1667676594.36722,21338.0,21338.37,9.51857707,24.83,71.46219077
1667676604.4038718,21338.0,21338.37,9.51857707,24.83,71.46219077
1667676614.359974,21335.14,21335.14,9.16510437,20.53,67.33539766
1667676624.369838,21335.14,21335.14,9.16510437,20.53,67.33539766
1667676634.347744,21335.14,21335.14,9.16510437,20.53,67.33539766
1667676644.5283167,21335.14,21336.42,9.26721263,21.81,68.15839508
1667676654.3620682,21335.14,21336.42,9.26721263,21.81,68.15839508
1667676664.3992677,21335.14,21336.42,9.26721263,21.81,68.15839508
1667676674.4330173,21331.7,21331.7,8.54611654,10.58,62.89246934
1667676684.402333,21331.7,21331.7,8.54611654,10.58,62.89246934
1667676694.3998148,21331.7,21331.7,8.54611654,10.58,62.89246934
1667676704.4254746,21331.7,21328.49,8.29004817,7.37,59.04294974
1667676714.436504,21331.7,21328.49,8.29004817,7.37,59.04294974
1667676724.4510524,21331.7,21328.49,8.29004817,7.37,59.04294974
1667676734.4246163,21331.0,21331.0,8.03230783,-1.62,62.01081383
1667676744.4292924,21331.0,21331.0,8.03230783,-1.62,62.01081383
1667676754.4546092,21331.0,21331.0,8.03230783,-1.62,62.01081383
1667676765.2862422,21331.0,21328.25,7.81293461,-4.37,58.53893594
1667676775.2800572,21331.0,21328.25,7.81293461,-4.37,58.53893594
1667676785.281943,21331.0,21328.25,7.81293461,-4.37,58.53893594
1667676795.258502,21330.92,21330.92,7.51091282,-4.54,61.48612976
1667676805.5119357,21330.92,21330.92,7.51091282,-4.54,61.48612976
1667676815.257342,21330.92,21330.92,7.51091282,-4.54,61.48612976
1667676825.5361571,21330.92,21331.87,7.58669629,-3.59,62.28238216
1667676835.2976456,21330.92,21331.87,7.58669629,-3.59,62.28238216
1667682149.0409186,21353.39,21353.39,2.48647321,-3.51,54.54699343
1667682158.9612386,21353.39,21353.39,2.48647321,-3.51,54.54699343
1667682168.95951,21353.39,21356.46,2.73137349,-0.44,57.73150446
1667682178.934288,21353.39,21356.46,2.73137349,-0.44,57.73150446
1667682188.9439745,21353.39,21356.46,2.73137349,-0.44,57.73150446
1667682198.9956284,21355.1,21355.1,2.6147903,0.44,56.41219926
1667682208.994928,21355.1,21355.1,2.6147903,0.44,56.41219926
1667682219.0112443,21355.1,21355.1,2.6147903,0.44,56.41219926
1667682230.0206587,21355.1,21356.45,2.72248261,1.79,57.81960297
1667682239.8336215,21355.1,21356.45,2.72248261,1.79,57.81960297
1667682249.7406151,21355.1,21356.45,2.72248261,1.79,57.81960297
1667682259.5143795,21355.22,21355.22,2.59561482,2.9,56.54109373
1667682269.7100134,21355.22,21355.22,2.59561482,2.9,56.54109373
1667682279.5515108,21355.22,21355.22,2.59561482,2.9,56.54109373
1667682289.5098994,21355.22,21356.86,2.72644103,4.54,58.3536583
1667682299.5000362,21355.22,21356.86,2.72644103,4.54,58.3536583
1667682309.5218766,21355.22,21356.86,2.72644103,4.54,58.3536583
1667682319.5450313,21354.88,21354.88,2.49544845,6.08,56.03548469
1667682330.1255283,21354.88,21354.88,2.49544845,6.08,56.03548469
1667682340.2647808,21354.88,21354.88,2.49544845,6.08,56.03548469
1667682350.1109557,21354.88,21350.71,2.16279887,1.91,50.11618353
1667682360.1072297,21354.88,21350.71,2.16279887,1.91,50.11618353
1667682370.123801,21354.88,21350.71,2.16279887,1.91,50.11618353
1667682380.1246462,21351.54,21351.54,1.94748595,3.07,51.17624133
1667682390.1096835,21351.54,21351.54,1.94748595,3.07,51.17624133
1667682400.3250558,21351.54,21351.54,1.94748595,3.07,51.17624133
1667682410.1488907,21351.54,21349.36,1.77358281,0.89,48.2462497
1667682420.1404705,21351.54,21349.36,1.77358281,0.89,48.2462497
1667682430.1309345,21351.54,21349.36,1.77358281,0.89,48.2462497
1667682440.135812,21348.01,21348.01,1.14890711,-1.6,46.79664598
1667682450.347878,21348.01,21348.01,1.14890711,-1.6,46.79664598
1667682460.1601098,21348.01,21348.01,1.14890711,-1.6,46.79664598
1667682470.1374862,21348.01,21347.34,1.09545982,-2.27,45.84369462
1667682480.2010815,21348.01,21347.34,1.09545982,-2.27,45.84369462
1667682490.1697726,21348.01,21347.34,1.09545982,-2.27,45.84369462
1667682500.136664,21343.13,21343.13,0.08842085,-9.72,41.16782437
1667682511.0737028,21343.13,21343.13,0.08842085,-9.72,41.16782437
1667682521.048548,21343.13,21340.74,-0.10223442,-12.11,38.76019789
1667682531.084738,21343.13,21340.74,-0.10223442,-12.11,38.76019789
1667682541.0903475,21343.13,21340.74,-0.10223442,-12.11,38.76019789
1667682551.0798404,21343.13,21340.74,-0.10223442,-12.11,38.76019789
1667682561.2983878,21340.98,21340.98,-0.74238392,-11.44,38.98917315
1667682571.0836046,21340.98,21340.98,-0.74238392,-11.44,38.98917315
1667682581.0350645,21340.98,21340.98,-0.74238392,-11.44,38.98917315
1667682591.066529,21340.98,21340.01,-0.81976284,-12.41,38.01178731
1667682601.0503032,21340.98,21340.01,-0.81976284,-12.41,38.01178731
1667682611.104558,21340.21,21340.21,-1.35931433,-11.8,38.20927914
1667682621.0886958,21340.21,21340.21,-1.35931433,-11.8,38.20927914
1667682631.102277,21340.21,21340.21,-1.35931433,-11.8,38.20927914
1667682641.0799866,21340.21,21341.36,-1.26757644,-10.65,40.13527071
1667682651.129682,21340.21,21341.36,-1.26757644,-10.65,40.13527071
1667682661.106099,21340.21,21341.36,-1.26757644,-10.65,40.13527071
1667682671.1345098,21340.42,21340.42,-1.71918358,-13.36,38.83381586
1667682681.096325,21340.42,21340.42,-1.71918358,-13.36,38.83381586
1667682691.5432277,21340.42,21340.42,-1.71918358,-13.36,38.83381586
1667682701.5630453,21340.42,21341.27,-1.65137731,-12.51,40.03400089
1667682711.557562,21340.42,21341.27,-1.65137731,-12.51,40.03400089
1667682721.8950262,21340.42,21341.27,-1.65137731,-12.51,40.03400089
1667682731.5597897,21340.65,21340.65,-1.99277685,-14.45,39.09573159
1667682741.5672474,21340.65,21340.65,-1.99277685,-14.45,39.09573159
1667682751.569604,21340.65,21340.65,-1.99277685,-14.45,39.09573159
1667682761.5991127,21340.65,21340.06,-2.03984238,-15.04,38.38062236
1667682771.5641296,21340.65,21340.06,-2.03984238,-15.04,38.38062236
1667682781.6019564,21340.65,21340.06,-2.03984238,-15.04,38.38062236
1667682791.624087,21339.31,21339.31,-2.38822147,-15.91,37.50849103
1667682801.6082425,21339.31,21339.31,-2.38822147,-15.91,37.50849103
1667682811.586915,21339.31,21339.31,-2.38822147,-15.91,37.50849103
1667682821.581251,21339.31,21339.31,-2.38822147,-15.91,37.50849103
1667682831.6124222,21339.31,21337.9,-2.5007001,-17.32,35.85877987
1667682841.5899138,21339.31,21337.9,-2.5007001,-17.32,35.85877987
1667682851.5897925,21339.31,21337.9,-2.5007001,-17.32,35.85877987
1667682861.6378045,21337.2,21337.2,-2.9186109,-17.68,35.64731795
1667682872.5082653,21337.2,21337.2,-2.9186109,-17.68,35.64731795
1667682882.5263915,21337.2,21328.79,-3.58949409,-26.09,27.51904028
1667682892.5267797,21337.2,21328.79,-3.58949409,-26.09,27.51904028
1667682902.5411248,21337.2,21328.79,-3.58949409,-26.09,27.51904028
1667682912.6688244,21326.71,21326.71,-4.61816651,-24.99,26.11850726
1667682922.5073757,21326.71,21326.71,-4.61816651,-24.99,26.11850726
1667682932.5208142,21326.71,21326.71,-4.61816651,-24.99,26.11850726
1667682942.535972,21326.71,21327.8,-4.53121494,-23.9,28.18125319
1667682952.7303882,21326.71,21327.8,-4.53121494,-23.9,28.18125319
1667682962.5435913,21326.71,21327.8,-4.53121494,-23.9,28.18125319
1667682972.5433908,21327.73,21327.73,-5.14348188,-19.52,28.15860492
1667682982.5553954,21327.73,21327.73,-5.14348188,-19.52,28.15860492
1667682992.5363405,21327.73,21327.73,-5.14348188,-19.52,28.15860492
1667683002.51651,21327.73,21329.8,-4.97835368,-17.45,32.04034717
1667683012.5800688,21327.73,21329.8,-4.97835368,-17.45,32.04034717
1667683022.575877,21327.73,21329.8,-4.97835368,-17.45,32.04034717
1667683032.5624723,21330.68,21330.68,-5.08582373,-12.45,33.6965378
1667683042.5568302,21330.68,21330.68,-5.08582373,-12.45,33.6965378
1667683053.032191,21330.68,21330.68,-5.08582373,-12.45,33.6965378
1667683062.97727,21330.68,21331.7,-5.00445621,-11.43,35.35664141
1667683073.247227,21330.68,21331.7,-5.00445621,-11.43,35.35664141
1667683083.0282946,21330.68,21331.7,-5.00445621,-11.43,35.35664141
1667683093.0240176,21333.97,21333.97,-4.71260768,-7.01,39.05575441
1667683103.0068402,21333.97,21333.97,-4.71260768,-7.01,39.05575441
1667683113.0092578,21333.97,21333.97,-4.71260768,-7.01,39.05575441
1667683123.034034,21333.97,21333.97,-4.71260768,-7.01,39.05575441
1667683132.9854703,21333.97,21329.8,-5.04525726,-11.18,35.08403875
1667683143.0730631,21333.97,21329.8,-5.04525726,-11.18,35.08403875
1667683152.9764483,21333.97,21329.8,-5.04525726,-11.18,35.08403875
1667683163.001836,21329.97,21329.97,-5.13757031,-10.24,35.23009488
1667683173.0590897,21329.97,21329.97,-5.13757031,-10.24,35.23009488
1667683182.9870152,21329.97,21329.1,-5.20697202,-11.11,34.43991263
1667683193.0076387,21329.97,21329.1,-5.20697202,-11.11,34.43991263
1667683203.0697925,21329.97,21329.1,-5.20697202,-11.11,34.43991263
1667683213.0782285,21331.71,21331.71,-4.91600172,-9.2,38.07182924
1667683223.0511873,21331.71,21331.71,-4.91600172,-9.2,38.07182924
1667683233.8830705,21331.71,21331.71,-4.91600172,-9.2,38.07182924
1667683243.9042134,21331.71,21330.23,-5.0340644,-10.68,36.60087606
1667683253.9011767,21331.71,21330.23,-5.0340644,-10.68,36.60087606
1667683264.161807,21331.71,21330.23,-5.0340644,-10.68,36.60087606
1667683273.926184,21331.46,21331.46,-4.78243451,-9.19,38.09386281
1667683283.865198,21331.46,21331.46,-4.78243451,-9.19,38.09386281
1667683293.8563786,21331.46,21331.46,-4.78243451,-9.19,38.09386281
1667683303.8842869,21331.46,21331.11,-4.81035473,-9.54,37.7216208
1667683313.9106407,21331.46,21331.11,-4.81035473,-9.54,37.7216208
1667683323.908284,21331.46,21331.11,-4.81035473,-9.54,37.7216208
1667683333.9092743,21332.62,21332.62,-4.50598128,-6.69,39.64112725
1667683343.9083557,21332.62,21332.62,-4.50598128,-6.69,39.64112725
1667683353.911315,21332.62,21332.62,-4.50598128,-6.69,39.64112725
1667683363.936386,21332.62,21337.16,-4.14381604,-2.15,47.0236646
1667683373.9244862,21332.62,21337.16,-4.14381604,-2.15,47.0236646
1667683383.9200113,21332.62,21337.16,-4.14381604,-2.15,47.0236646
1667683393.908049,21339.03,21339.03,-3.42637507,2.37,49.62220447
1667683403.9119463,21339.03,21339.03,-3.42637507,2.37,49.62220447
1667683414.5876143,21339.03,21339.03,-3.42637507,2.37,49.62220447
1667683424.7181604,21339.03,21338.31,-3.48381097,1.65,48.61211868
1667683434.624405,21339.03,21338.31,-3.48381097,1.65,48.61211868
1667683444.5714035,21339.03,21338.31,-3.48381097,1.65,48.61211868
1667683454.897806,21333.43,21333.43,-3.69748472,6.72,42.78130848
1667683464.5841997,21333.43,21333.43,-3.69748472,6.72,42.78130848
1667683474.5718536,21333.43,21333.43,-3.69748472,6.72,42.78130848
1667683484.5468018,21333.43,21334.91,-3.57942204,8.2,44.93835788
1667683494.6083405,21333.43,21334.91,-3.57942204,8.2,44.93835788
1667683504.5920124,21333.43,21334.91,-3.57942204,8.2,44.93835788
1667683514.5629208,21335.08,21335.08,-3.28451072,8.1,45.17575858
1667683524.579293,21335.08,21335.08,-3.28451072,8.1,45.17575858
1667683534.6207097,21335.08,21335.08,-3.28451072,8.1,45.17575858
1667683544.5986445,21335.08,21332.63,-3.47995232,5.65,42.34234727
1667683554.661838,21335.08,21332.63,-3.47995232,5.65,42.34234727
1667683564.62626,21335.08,21332.63,-3.47995232,5.65,42.34234727
1667683574.6224587,21331.78,21331.78,-3.49314565,0.93,41.44060364
1667683584.6600032,21331.78,21331.78,-3.49314565,0.93,41.44060364
1667683595.3377464,21331.78,21331.78,-3.49314565,0.93,41.44060364
1667683605.3412976,21331.78,21331.29,-3.53223397,0.44,40.89985952
1667683615.321123,21331.78,21331.29,-3.53223397,0.44,40.89985952
1667683625.3400571,21331.78,21331.29,-3.53223397,0.44,40.89985952
1667683635.3314054,21331.19,21331.19,-3.52474888,-2.78,41.0881044
1667683645.3806188,21331.19,21331.19,-3.52474888,-2.78,41.0881044
1667683655.5054736,21331.19,21331.19,-3.52474888,-2.78,41.0881044
1667683665.3485682,21331.19,21331.09,-3.53272609,-2.88,40.92366838
1667683675.34788,21331.19,21331.09,-3.53272609,-2.88,40.92366838
1667683685.3066275,21331.19,21331.09,-3.53272609,-2.88,40.92366838
1667683695.3454003,21332.16,21332.16,-3.32934718,2.19,42.68586889
1667683705.3892243,21332.16,21332.16,-3.32934718,2.19,42.68586889
1667683715.4962032,21332.16,21332.16,-3.32934718,2.19,42.68586889
1667683725.3343608,21332.16,21330.3,-3.47772324,0.33,40.26888002
1667683735.3871338,21332.16,21330.3,-3.47772324,0.33,40.26888002
1667683745.3305013,21332.16,21330.3,-3.47772324,0.33,40.26888002
1667683755.553133,21329.52,21329.52,-3.5945506,-2.19,39.9337313
1667683765.3492537,21329.52,21329.52,-3.5945506,-2.19,39.9337313
1667683776.1327677,21329.52,21329.52,-3.5945506,-2.19,39.9337313
1667683785.8158023,21329.52,21331.08,-3.47010616,-0.63,42.4942535
1667683795.863021,21329.52,21331.08,-3.47010616,-0.63,42.4942535
1667683805.8298116,21329.52,21331.08,-3.47010616,-0.63,42.4942535
1667683815.8025167,21329.41,21329.41,-3.56316913,-2.83,39.74454846
1667683825.822302,21329.41,21329.41,-3.56316913,-2.83,39.74454846
1667683835.8152416,21329.41,21329.41,-3.56316913,-2.83,39.74454846
1667683845.8500235,21329.41,21325.78,-3.85274178,-6.46,35.74372398
1667683855.8111854,21329.41,21325.78,-3.85274178,-6.46,35.74372398
1667683865.8127816,21329.41,21325.78,-3.85274178,-6.46,35.74372398
1667683875.8202336,21324.11,21324.11,-4.24032284,-8.29,34.16167149
1667683885.8588693,21324.11,21324.11,-4.24032284,-8.29,34.16167149
1667683895.9423862,21324.11,21324.11,-4.24032284,-8.29,34.16167149
1667683906.097208,21324.11,21325.44,-4.13422597,-6.96,36.56957226
1667683915.914487,21324.11,21325.44,-4.13422597,-6.96,36.56957226
1667683925.855297,21324.11,21325.44,-4.13422597,-6.96,36.56957226
1667683935.872902,21325.59,21325.59,-4.16174497,-12.86,37.0386539
1667683945.8637006,21325.59,21325.59,-4.16174497,-12.86,37.0386539
1667683956.4648955,21325.59,21325.59,-4.16174497,-12.86,37.0386539
1667683966.452841,21325.59,21326.93,-4.05485039,-11.52,39.19099389
1667683976.5005188,21325.59,21326.93,-4.05485039,-11.52,39.19099389
1667683986.4815705,21325.59,21326.93,-4.05485039,-11.52,39.19099389
1667683996.4265113,21327.72,21327.72,-3.82227842,-5.71,40.81663851
1667684006.4803464,21327.72,21327.72,-3.82227842,-5.71,40.81663851
1667684016.4987931,21327.72,21327.72,-3.82227842,-5.71,40.81663851
1667684026.4922402,21327.72,21329.65,-3.66831831,-3.78,43.69162889
1667684036.475401,21327.72,21329.65,-3.66831831,-3.78,43.69162889
1667684046.494063,21327.72,21329.65,-3.66831831,-3.78,43.69162889
1667684056.4869256,21333.33,21333.33,-2.89596088,-1.75,49.0045358
1667684066.774505,21333.33,21333.33,-2.89596088,-1.75,49.0045358
1667684076.483837,21333.33,21333.33,-2.89596088,-1.75,49.0045358
1667684086.4867463,21333.33,21333.47,-2.88479279,-1.61,49.20090804
1667684096.5038235,21333.33,21333.47,-2.88479279,-1.61,49.20090804
1667684106.5261176,21333.33,21333.47,-2.88479279,-1.61,49.20090804
1667684116.49986,21332.94,21332.94,-2.56575309,1.16,48.55172427
1667684126.4666617,21332.94,21332.94,-2.56575309,1.16,48.55172427
1667684137.5778575,21332.94,21332.94,-2.56575309,1.16,48.55172427
1667684147.5439694,21332.94,21334.02,-2.47959925,2.24,50.10444047
1667684157.5494463,21332.94,21334.02,-2.47959925,2.24,50.10444047
1667684167.819814,21332.94,21334.02,-2.47959925,2.24,50.10444047
1667684177.597159,21332.47,21332.47,-2.33431484,1.78,47.9996543
1667684187.6071527,21332.47,21332.47,-2.33431484,1.78,47.9996543
1667684197.626048,21332.47,21332.47,-2.33431484,1.78,47.9996543
1667684207.6083508,21332.47,21333.91,-2.21944304,3.22,50.1643374
1667684217.6627083,21332.47,21333.91,-2.21944304,3.22,50.1643374
1667684227.60814,21332.47,21333.91,-2.21944304,3.22,50.1643374
1667684237.5803828,21335.73,21335.73,-1.63684749,3.98,52.71823481
1667684247.6074812,21335.73,21335.73,-1.63684749,3.98,52.71823481
1667684257.847536,21335.73,21335.73,-1.63684749,3.98,52.71823481
1667684267.5804894,21335.73,21336.39,-1.58419791,4.64,53.62233497
1667684277.622976,21335.73,21336.39,-1.58419791,4.64,53.62233497
1667684287.6448886,21335.73,21336.39,-1.58419791,4.64,53.62233497
1667684297.6586585,21334.88,21334.88,-1.35627695,6.14,51.48085325
1667684307.622026,21334.88,21334.88,-1.35627695,6.14,51.48085325
1667684318.2483675,21334.88,21334.88,-1.35627695,6.14,51.48085325
1667684328.2775686,21334.88,21335.81,-1.28208892,7.07,52.89151204
1667684338.259205,21334.88,21335.81,-1.28208892,7.07,52.89151204
1667684348.195348,21334.88,21335.81,-1.28208892,7.07,52.89151204
1667684358.2688434,21337.46,21337.46,-0.73210829,8.05,55.25042539
1667684368.270316,21337.46,21337.46,-0.73210829,8.05,55.25042539
1667684378.270259,21337.46,21337.46,-0.73210829,8.05,55.25042539
1667684388.23263,21337.46,21341.43,-0.41541313,12.02,60.29202708
1667684398.2360277,21337.46,21341.43,-0.41541313,12.02,60.29202708
1667684408.2514951,21337.46,21341.43,-0.41541313,12.02,60.29202708
1667684418.4374278,21344.03,21344.03,0.59169688,19.92,62.63873666
1667684428.295565,21344.03,21344.03,0.59169688,19.92,62.63873666
1667684438.2619898,21344.03,21344.03,0.59169688,19.92,62.63873666
1667684448.2893853,21344.03,21345.49,0.70816411,21.38,64.46255663
1667684458.3097537,21344.03,21345.49,0.70816411,21.38,64.46255663
1667684468.286978,21344.03,21345.49,0.70816411,21.38,64.46255663
1667684478.3085766,21346.07,21346.07,1.51299452,20.15,64.38205559
1667684488.243776,21346.07,21346.07,1.51299452,20.15,64.38205559
1667684498.9909072,21346.07,21346.07,1.51299452,20.15,64.38205559
1667684508.9540029,21346.07,21345.64,1.47869253,19.72,63.61873121
1667684518.9375803,21346.07,21345.64,1.47869253,19.72,63.61873121
1667684528.949865,21346.07,21345.64,1.47869253,19.72,63.61873121
1667684538.9182189,21344.76,21344.76,1.83526537,16.35,61.87627443
1667684549.0100062,21344.76,21344.76,1.83526537,16.35,61.87627443
1667684558.9577138,21344.76,21344.76,1.83526537,16.35,61.87627443
1667684569.0185935,21344.76,21344.36,1.80335654,15.95,61.43938404
1667684579.0155728,21344.76,21344.36,1.80335654,15.95,61.43938404
1667684588.9665508,21344.76,21344.36,1.80335654,15.95,61.43938404
1667684598.9509535,21347.07,21347.07,2.50151354,13.74,64.21754014
1667684609.1462605,21347.07,21347.07,2.50151354,13.74,64.21754014
1667684618.987707,21347.07,21347.07,2.50151354,13.74,64.21754014
1667684629.0273972,21347.07,21350.93,2.80943377,17.6,67.7784561
1667684638.9671063,21347.07,21350.93,2.80943377,17.6,67.7784561
1667684649.0123785,21347.07,21350.93,2.80943377,17.6,67.7784561
1667684659.0300689,21352.52,21352.52,3.58470897,19.95,69.08202841
1667684669.0558996,21352.52,21352.52,3.58470897,19.95,69.08202841
1667684679.8248448,21352.52,21352.52,3.58470897,19.95,69.08202841
1667684689.8610644,21352.52,21346.81,3.1292104,14.24,60.24014252
1667684699.87474,21352.52,21346.81,3.1292104,14.24,60.24014252
1667684709.8348317,21352.52,21346.81,3.1292104,14.24,60.24014252
1667684719.881732,21346.92,21346.92,3.26079916,15.06,60.15555797
1667684729.8519485,21346.92,21346.92,3.26079916,15.06,60.15555797
1667684739.8103807,21346.92,21346.92,3.26079916,15.06,60.15555797
1667684749.8733282,21346.92,21346.74,3.24644019,14.88,59.9758846
1667684759.9163787,21346.92,21346.74,3.24644019,14.88,59.9758846
1667684769.8606412,21346.92,21346.74,3.24644019,14.88,59.9758846
1667684779.8600075,21346.81,21346.81,3.34118555,11.71,60.04594979
1667684789.886027,21346.81,21346.81,3.34118555,11.71,60.04594979
1667684800.049903,21346.81,21346.81,3.34118555,11.71,60.04594979
1667684809.845498,21346.81,21346.56,3.32124253,11.46,59.64436557
1667684819.8851695,21346.81,21346.56,3.32124253,11.46,59.64436557
1667684829.8956735,21346.81,21346.56,3.32124253,11.46,59.64436557
1667684839.9191658,21346.04,21346.04,3.26411598,11.16,58.82604046
1667684849.8884678,21346.04,21346.04,3.26411598,11.16,58.82604046
1667684860.27503,21346.04,21346.04,3.26411598,11.16,58.82604046
1667684870.27954,21346.04,21346.36,3.28964304,11.48,59.19704514
1667684880.3411548,21346.04,21346.36,3.28964304,11.48,59.19704514
1667684890.3175704,21346.04,21346.36,3.28964304,11.48,59.19704514
1667684900.2871635,21345.98,21345.98,3.20617879,8.99,58.72592092
1667684910.3326042,21345.98,21345.98,3.20617879,8.99,58.72592092
1667684920.2974837,21345.98,21346.38,3.23808762,9.39,59.22416885
1667684930.309888,21345.98,21346.38,3.23808762,9.39,59.22416885
1667684940.309013,21345.98,21346.38,3.23808762,9.39,59.22416885
1667684950.3152714,21345.98,21346.38,3.23808762,9.39,59.22416885
1667684960.489207,21344.67,21344.67,2.94342977,0.16,56.46498552
1667684970.2976398,21344.67,21344.67,2.94342977,0.16,56.46498552
1667684980.3042011,21344.67,21344.33,2.91630726,-0.18,55.86418658
1667684990.3137195,21344.67,21344.33,2.91630726,-0.18,55.86418658
1667685000.3038516,21344.67,21344.33,2.91630726,-0.18,55.86418658
1667685010.283255,21344.67,21344.33,2.91630726,-0.18,55.86418658
1667685020.2807243,21343.42,21343.42,2.60857515,-3.35,54.3173273
1667685030.274269,21343.42,21343.42,2.60857515,-3.35,54.3173273
1667685041.1180096,21343.42,21340.15,2.34772045,-6.62,49.06031818
1667685051.121004,21343.42,21340.15,2.34772045,-6.62,49.06031818
1667685061.1438909,21343.42,21340.15,2.34772045,-6.62,49.06031818
1667685071.0776012,21338.17,21338.17,1.6524686,-6.17,46.34440971
1667685081.1195722,21338.17,21338.17,1.6524686,-6.17,46.34440971
1667685091.1333325,21338.17,21338.17,1.6524686,-6.17,46.34440971
1667685101.0790153,21338.17,21336.97,1.55674211,-7.37,44.72831055
1667685111.119172,21338.17,21336.97,1.55674211,-7.37,44.72831055
1667685121.534951,21338.17,21336.97,1.55674211,-7.37,44.72831055
1667685131.0968976,21336.07,21336.07,0.91581184,-11.0,43.58831797
1667685141.106462,21336.07,21336.07,0.91581184,-11.0,43.58831797
1667685151.0942204,21336.07,21336.07,0.91581184,-11.0,43.58831797
1667685161.3219194,21336.07,21335.12,0.84002837,-11.95,42.36101533
1667685171.1742334,21336.07,21335.12,0.84002837,-11.95,42.36101533
1667685181.1283386,21336.07,21335.12,0.84002837,-11.95,42.36101533
1667685191.1921308,21334.84,21334.84,0.28621148,-17.09,42.01141266
1667685201.0874257,21334.84,21334.84,0.28621148,-17.09,42.01141266
1667685211.1623695,21334.84,21334.84,0.28621148,-17.09,42.01141266
1667685221.9949024,21334.84,21332.47,0.09715165,-19.46,39.07956357
1667685232.0201876,21334.84,21332.47,0.09715165,-19.46,39.07956357
1667685242.00332,21334.84,21332.47,0.09715165,-19.46,39.07956357
1667685252.0123851,21331.52,21331.52,-0.57383751,-14.81,37.97594778
1667685262.0239944,21331.52,21331.52,-0.57383751,-14.81,37.97594778
1667685271.9817436,21331.52,21331.52,-0.57383751,-14.81,37.97594778
1667685282.2172627,21331.52,21332.31,-0.51081757,-14.02,39.13624978
1667685292.0191755,21331.52,21332.31,-0.51081757,-14.02,39.13624978
1667685301.99109,21331.52,21332.31,-0.51081757,-14.02,39.13624978
1667685311.98396,21331.52,21332.31,-0.51081757,-14.02,39.13624978
1667685321.9890356,21329.69,21329.69,-1.3223204,-17.12,35.94871314
1667685332.0571406,21329.69,21329.69,-1.3223204,-17.12,35.94871314
1667685342.0570414,21329.69,21328.23,-1.43878764,-18.58,34.37222922
1667685352.035876,21329.69,21328.23,-1.43878764,-18.58,34.37222922
1667685362.0866375,21329.69,21328.23,-1.43878764,-18.58,34.37222922
1667685372.0500448,21327.79,21327.79,-2.0774475,-18.25,34.43851472
1667685382.0558872,21327.79,21327.79,-2.0774475,-18.25,34.43851472
1667685392.0628474,21327.79,21327.79,-2.0774475,-18.25,34.43851472
1667685403.144819,21327.79,21327.27,-2.11892898,-18.77,33.40587323
1667685413.160658,21327.79,21327.27,-2.11892898,-18.77,33.40587323
1667685423.1721704,21327.79,21327.27,-2.11892898,-18.77,33.40587323
1667685433.3980162,21327.15,21327.15,-2.58711988,-18.83,33.28032172
1667685443.3562803,21327.15,21327.15,-2.58711988,-18.83,33.28032172
1667685453.14161,21327.15,21327.15,-2.58711988,-18.83,33.28032172
1667685463.2200122,21327.15,21326.88,-2.60865834,-19.1,32.97997931
1667685473.1778245,21327.15,21326.88,-2.60865834,-19.1,32.97997931
1667685483.1523986,21327.15,21326.88,-2.60865834,-19.1,32.97997931
1667685493.1638727,21325.11,21325.11,-3.17207398,-19.57,31.09705767
1667685503.2462826,21325.11,21325.11,-3.17207398,-19.57,31.09705767
1667685513.2082083,21325.11,21325.11,-3.17207398,-19.57,31.09705767
1667685523.3569825,21325.11,21327.04,-3.01811386,-17.64,34.81052986
1667685533.1769989,21325.11,21327.04,-3.01811386,-17.64,34.81052986
1667685543.2243629,21325.11,21327.04,-3.01811386,-17.64,34.81052986
1667685553.2588303,21327.7,21327.7,-3.13434427,-15.72,36.19963228
1667685563.226539,21327.7,21327.7,-3.13434427,-15.72,36.19963228
1667685573.2001083,21327.7,21327.7,-3.13434427,-15.72,36.19963228
1667685584.0391235,21327.7,21333.21,-2.69480011,-10.21,46.45731595
1667685594.0229986,21327.7,21333.21,-2.69480011,-10.21,46.45731595
1667685604.3302858,21327.7,21333.21,-2.69480011,-10.21,46.45731595
1667685614.0437958,21335.18,21335.18,-2.16307684,-2.99,49.35604676
1667685624.0190065,21335.18,21335.18,-2.16307684,-2.99,49.35604676
1667685634.0425894,21335.18,21335.18,-2.16307684,-2.99,49.35604676
1667685644.0731936,21335.18,21333.5,-2.29709393,-4.67,47.03081172
1667685654.0573206,21335.18,21333.5,-2.29709393,-4.67,47.03081172
1667685664.0531764,21335.18,21333.5,-2.29709393,-4.67,47.03081172
1667685674.082124,21334.54,21334.54,-1.91402797,-1.53,48.38772603
1667685684.0687916,21334.54,21334.54,-1.91402797,-1.53,48.38772603
1667685694.0998929,21334.54,21334.54,-1.91402797,-1.53,48.38772603
1667685704.056049,21334.54,21334.54,-1.91402797,-1.53,48.38772603
1667685714.0537767,21334.54,21337.53,-1.67550946,1.46,52.85957702
1667685724.0425622,21334.54,21337.53,-1.67550946,1.46,52.85957702
1667685734.0560322,21337.1,21337.1,-1.30676329,2.25,52.17381712
1667685744.0826993,21337.1,21337.1,-1.30676329,2.25,52.17381712
1667685754.0884943,21337.1,21337.1,-1.30676329,2.25,52.17381712
1667685764.7936325,21337.1,21329.33,-1.92659235,-5.52,41.96829155
1667685774.7372186,21337.1,21329.33,-1.92659235,-5.52,41.96829155
1667685784.6932752,21337.1,21329.33,-1.92659235,-5.52,41.96829155
1667685795.0362475,21327.76,21327.76,-2.33676142,-4.24,40.54884248
1667685804.755381,21327.76,21327.76,-2.33676142,-4.24,40.54884248
1667685814.7004704,21327.76,21327.76,-2.33676142,-4.24,40.54884248
1667685824.7913504,21327.76,21329.54,-2.19476712,-2.46,43.14757453
1667685834.7281137,21327.76,21329.54,-2.19476712,-2.46,43.14757453
1667685844.7620244,21327.76,21329.54,-2.19476712,-2.46,43.14757453
1667685854.71591,21330.1,21330.1,-2.14501588,0.41,44.04674536
1667685864.7123325,21330.1,21330.1,-2.14501588,0.41,44.04674536
1667685874.7321727,21330.1,21330.1,-2.14501588,0.41,44.04674536
1667685884.7247033,21330.1,21334.0,-1.83390477,4.31,49.0442597
1667685894.7260828,21330.1,21334.0,-1.83390477,4.31,49.0442597
1667685904.756861,21330.1,21334.0,-1.83390477,4.31,49.0442597
1667685914.7268996,21327.69,21327.69,-2.51080706,0.38,41.63698132
1667685924.7325313,21327.69,21327.69,-2.51080706,0.38,41.63698132
1667685934.779286,21327.69,21327.69,-2.51080706,0.38,41.63698132
1667685945.925636,21327.69,21327.78,-2.50362757,0.47,41.7699759
1667685955.973277,21327.69,21327.78,-2.50362757,0.47,41.7699759
1667685965.9785695,21327.69,21327.78,-2.50362757,0.47,41.7699759
1667685975.985082,21326.44,21326.44,-2.73366905,-0.71,40.18388312
1667685986.1505332,21326.44,21326.44,-2.73366905,-0.71,40.18388312
1667685995.938464,21326.44,21326.44,-2.73366905,-0.71,40.18388312
1667686005.9580486,21326.44,21326.42,-2.73526449,-0.73,40.1623825
1667686015.989816,21326.44,21326.42,-2.73526449,-0.73,40.1623825
1667686025.946557,21326.44,21326.42,-2.73526449,-0.73,40.1623825
1667686035.9715717,21325.84,21325.84,-2.91282963,0.19,39.52549208
1667686046.0658636,21325.84,21325.84,-2.91282963,0.19,39.52549208
1667686055.9495504,21325.84,21325.84,-2.91282963,0.19,39.52549208
1667686065.9805715,21325.84,21325.04,-2.97664729,-0.61,38.64881887
1667686075.9470322,21325.84,21325.04,-2.97664729,-0.61,38.64881887
1667686085.988732,21325.84,21325.04,-2.97664729,-0.61,38.64881887
1667686095.9344428,21323.72,21323.72,-3.25166017,-3.98,37.22382637
1667686105.970879,21323.72,21323.72,-3.25166017,-3.98,37.22382637
1667686115.9909482,21323.72,21323.72,-3.25166017,-3.98,37.22382637
1667686126.8155172,21323.72,21324.15,-3.21735818,-3.55,37.68987701
1667686136.839672,21323.72,21324.15,-3.21735818,-3.55,37.68987701
1667686146.9133992,21323.72,21324.15,-3.21735818,-3.55,37.68987701
1667686156.8592927,21327.3,21327.3,-2.91242435,-8.05,42.82803484
1667686166.8611217,21327.3,21327.3,-2.91242435,-8.05,42.82803484
1667686177.0670283,21327.3,21327.3,-2.91242435,-8.05,42.82803484
1667686186.8996544,21327.3,21332.66,-2.484846,-2.69,50.57963853
1667686196.8695617,21327.3,21332.66,-2.484846,-2.69,50.57963853
1667686206.9040904,21327.3,21332.66,-2.484846,-2.69,50.57963853
1667686216.882273,21329.69,21329.69,-2.47746829,-5.37,46.56520524
1667686226.8628387,21329.69,21329.69,-2.47746829,-5.37,46.56520524
1667686236.8477993,21329.69,21329.69,-2.47746829,-5.37,46.56520524
1667686246.8914497,21329.69,21329.82,-2.46709792,-5.24,46.76902876
1667686256.8956828,21329.69,21329.82,-2.46709792,-5.24,46.76902876
1667686266.8757288,21329.69,21329.82,-2.46709792,-5.24,46.76902876
1667686276.906785,21332.19,21332.19,-1.90442506,-5.25,50.23003579
1667686286.880409,21332.19,21332.19,-1.90442506,-5.25,50.23003579
1667686296.9032524,21332.19,21332.19,-1.90442506,-5.25,50.23003579
1667686307.376664,21332.19,21335.3,-1.65633389,-2.14,54.41822285
1667686317.3212447,21332.19,21335.3,-1.65633389,-2.14,54.41822285
1667686327.3007915,21332.19,21335.3,-1.65633389,-2.14,54.41822285
1667686337.501827,21334.64,21334.64,-1.27754208,7.19,53.64343683
1667686347.3406675,21334.64,21334.64,-1.27754208,7.19,53.64343683
1667686357.3330517,21334.64,21334.64,-1.27754208,7.19,53.64343683
1667686367.3177142,21334.64,21335.04,-1.24563324,7.59,54.18650757
1667686377.3354352,21334.64,21335.04,-1.24563324,7.59,54.18650757
1667686387.3477924,21334.64,21335.04,-1.24563324,7.59,54.18650757
1667686397.28782,21333.89,21333.89,-1.04279926,3.17,52.5271676
1667686407.3475308,21333.89,21333.89,-1.04279926,3.17,52.5271676
1667686417.37264,21333.89,21333.89,-1.04279926,3.17,52.5271676
1667686427.2828326,21333.89,21336.64,-0.82342604,5.92,56.23543762
1667686437.3278315,21333.89,21336.64,-0.82342604,5.92,56.23543762
1667686447.316434,21333.89,21336.64,-0.82342604,5.92,56.23543762
1667686457.3154073,21336.3,21336.3,-0.37807674,8.85,55.56135296
1667686467.4554322,21336.3,21336.3,-0.37807674,8.85,55.56135296
1667686477.5824013,21336.3,21336.3,-0.37807674,8.85,55.56135296
1667686488.4029348,21336.3,21338.98,-0.16428756,11.53,59.14053306
1667686498.5966446,21336.3,21338.98,-0.16428756,11.53,59.14053306
1667686508.3712926,21336.3,21338.98,-0.16428756,11.53,59.14053306
1667686518.398985,21342.41,21342.41,0.82512715,15.22,62.78596644
1667686528.3953087,21342.41,21342.41,0.82512715,15.22,62.78596644
1667686538.4387703,21342.41,21342.41,0.82512715,15.22,62.78596644
1667686548.3905976,21342.41,21338.6,0.52119552,11.41,56.73124304
1667686558.4425344,21342.41,21338.6,0.52119552,11.41,56.73124304
1667686568.4438756,21342.41,21338.6,0.52119552,11.41,56.73124304
1667686578.4307384,21335.91,21335.91,0.45767702,9.78,53.11485496
1667686588.4420283,21335.91,21335.91,0.45767702,9.78,53.11485496
1667686598.4408576,21335.91,21335.91,0.45767702,9.78,53.11485496
1667686608.423175,21335.91,21339.02,0.70576818,12.89,56.56241026
1667686618.468706,21335.91,21339.02,0.70576818,12.89,56.56241026
1667686628.4579751,21335.91,21339.02,0.70576818,12.89,56.56241026
1667686638.6640248,21337.95,21337.95,0.85919922,13.44,55.43496992
1667686648.4485474,21337.95,21337.95,0.85919922,13.44,55.43496992
1667686658.6272168,21337.95,21337.95,0.85919922,13.44,55.43496992
1667686668.9004192,21337.95,21336.35,0.7315639,11.84,53.21089554
1667686678.9292104,21337.95,21336.35,0.7315639,11.84,53.21089554
1667686688.9221516,21337.95,21336.35,0.7315639,11.84,53.21089554
1667686698.951489,21336.07,21336.07,0.78058473,9.12,52.82371396
1667686708.9500606,21336.07,21336.07,0.78058473,9.12,52.82371396
1667686719.025483,21336.07,21336.07,0.78058473,9.12,52.82371396
1667686728.895295,21336.07,21335.06,0.70001493,8.11,51.43117805
1667686738.9441495,21336.07,21335.06,0.70001493,8.11,51.43117805
1667686748.9428208,21336.07,21335.06,0.70001493,8.11,51.43117805
1667686758.9372003,21336.43,21336.43,0.86848624,6.74,53.30270994
1667686768.9030838,21336.43,21336.43,0.86848624,6.74,53.30270994
1667686778.9501038,21336.43,21336.43,0.86848624,6.74,53.30270994
1667686788.98138,21336.43,21341.03,1.23543781,11.34,58.77196592
1667686798.9529204,21336.43,21341.03,1.23543781,11.34,58.77196592
1667686808.962511,21336.43,21341.03,1.23543781,11.34,58.77196592
1667686819.1091747,21334.42,21334.42,0.67132339,2.23,50.29577053
1667686828.9733,21334.42,21334.42,0.67132339,2.23,50.29577053
1667686838.9762268,21334.42,21334.42,0.67132339,2.23,50.29577053
1667686850.037933,21334.42,21334.83,0.70402994,2.64,50.90742997
1667686859.7706654,21334.42,21334.83,0.70402994,2.64,50.90742997
1667686869.7247949,21334.42,21334.83,0.70402994,2.64,50.90742997
1667686879.6562874,21331.68,21331.68,0.21903029,-2.41,46.52146922
1667686889.680935,21331.68,21331.68,0.21903029,-2.41,46.52146922
1667686899.6989312,21331.68,21331.68,0.21903029,-2.41,46.52146922
1667686909.695683,21331.68,21327.98,-0.07612641,-6.11,41.98660983
1667686919.6942418,21331.68,21327.98,-0.07612641,-6.11,41.98660983
1667686929.6668506,21331.68,21327.98,-0.07612641,-6.11,41.98660983
1667686939.6971204,21325.37,21325.37,-0.92850869,-7.77,39.75592467
1667686949.7112956,21325.37,21325.37,-0.92850869,-7.77,39.75592467
1667686959.7343645,21325.37,21325.37,-0.92850869,-7.77,39.75592467
1667686969.7099402,21325.37,21321.36,-1.24839473,-11.78,35.55190922
1667686979.98594,21325.37,21321.36,-1.24839473,-11.78,35.55190922
1667686989.7469535,21325.37,21321.36,-1.24839473,-11.78,35.55190922
1667686999.715541,21322.57,21322.57,-1.69210423,-14.29,36.52732055
1667687009.748526,21322.57,21322.57,-1.69210423,-14.29,36.52732055
1667687019.7274182,21322.57,21322.57,-1.69210423,-14.29,36.52732055
1667687030.277217,21322.57,21320.71,-1.8404803,-16.15,34.80641403
1667687040.4779575,21322.57,21320.71,-1.8404803,-16.15,34.80641403
1667687050.3074365,21322.57,21320.71,-1.8404803,-16.15,34.80641403
1667687060.3178806,21320.88,21320.88,-2.3724856,-21.53,34.90980299
1667687070.267952,21320.88,21320.88,-2.3724856,-21.53,34.90980299
1667687080.334901,21320.88,21323.52,-2.16188731,-18.89,38.90369819
1667687090.54924,21320.88,21323.52,-2.16188731,-18.89,38.90369819
1667687100.341502,21320.88,21323.52,-2.16188731,-18.89,38.90369819
1667687110.3675706,21323.05,21323.05,-2.55298416,-12.86,38.22505224
1667687120.3277287,21323.05,21323.05,-2.55298416,-12.86,38.22505224
1667687130.3600726,21323.05,21323.05,-2.55298416,-12.86,38.22505224
1667687140.6480207,21323.05,21327.07,-2.23230039,-8.84,44.63459629
1667687150.5496738,21323.05,21327.07,-2.23230039,-8.84,44.63459629
1667687160.3666196,21323.05,21327.07,-2.23230039,-8.84,44.63459629
1667687170.4457908,21323.05,21327.07,-2.23230039,-8.84,44.63459629
1667687180.3327816,21322.61,21322.61,-2.76763528,-15.34,37.94525446
1667687190.3090658,21322.61,21322.61,-2.76763528,-15.34,37.94525446
1667687200.3183072,21322.61,21322.13,-2.80592588,-15.82,37.4082367
1667687210.986344,21322.61,21322.13,-2.80592588,-15.82,37.4082367
1667687221.0014436,21322.61,21322.13,-2.80592588,-15.82,37.4082367
1667687230.9728396,21323.27,21323.27,-2.88461712,-12.96,39.34342701
1667687240.9882753,21323.27,21323.27,-2.88461712,-12.96,39.34342701
1667687251.023757,21323.27,21323.27,-2.88461712,-12.96,39.34342701
1667687261.017738,21323.27,21325.07,-2.74102737,-11.16,42.57575223
1667687271.0227883,21323.27,21325.07,-2.74102737,-11.16,42.57575223
1667687281.05201,21323.27,21325.07,-2.74102737,-11.16,42.57575223
1667687291.018226,21322.82,21322.82,-2.99825962,-13.61,38.47767707
1667687301.045185,21322.82,21322.82,-2.99825962,-13.61,38.47767707
1667687311.020125,21322.82,21322.82,-2.99825962,-13.61,38.47767707
1667687320.9946432,21322.82,21322.82,-2.99825962,-13.61,38.47767707
1667687331.0662496,21322.82,21323.3,-2.95996902,-13.13,39.47010264
1667687341.0532434,21322.82,21323.3,-2.95996902,-13.13,39.47010264
1667687351.0547216,21324.89,21324.89,-2.73238244,-10.35,42.54042191
1667687361.042731,21324.89,21324.89,-2.73238244,-10.35,42.54042191
1667687370.9904814,21324.89,21324.89,-2.73238244,-10.35,42.54042191
1667687381.0740983,21324.89,21325.83,-2.65739668,-9.41,44.33800022
1667687391.9381485,21324.89,21325.83,-2.65739668,-9.41,44.33800022
1667687401.91582,21324.89,21325.83,-2.65739668,-9.41,44.33800022
1667687411.947744,21323.91,21323.91,-2.80395832,-8.14,41.64786046
1667687421.9034493,21323.91,21323.91,-2.80395832,-8.14,41.64786046
1667687431.911954,21323.91,21323.91,-2.80395832,-8.14,41.64786046
1667687441.866264,21323.91,21320.85,-3.04806089,-11.2,37.1520811
1667687451.9452353,21323.91,21320.85,-3.04806089,-11.2,37.1520811
1667687461.933874,21323.91,21320.85,-3.04806089,-11.2,37.1520811
1667687471.9357245,21319.53,21319.53,-3.31823065,-5.08,35.59918973
1667687481.9198198,21319.53,21319.53,-3.31823065,-5.08,35.59918973
1667687491.9420524,21319.53,21319.53,-3.31823065,-5.08,35.59918973
1667687501.9552245,21319.53,21322.06,-3.11640729,-2.55,40.37853978
1667687511.9524567,21319.53,21322.06,-3.11640729,-2.55,40.37853978
1667687521.9503667,21319.53,21322.06,-3.11640729,-2.55,40.37853978
1667687531.9677074,21322.19,21322.19,-3.01852091,-1.66,40.92306565
1667687541.931696,21322.19,21322.19,-3.01852091,-1.66,40.92306565
1667687551.9851062,21322.19,21322.19,-3.01852091,-1.66,40.92306565
1667687561.959345,21322.19,21332.52,-2.19447532,8.67,55.93470773
1667687572.5996337,21322.19,21332.52,-2.19447532,8.67,55.93470773
1667687582.5692997,21322.19,21332.52,-2.19447532,8.67,55.93470773
1667687592.6338606,21336.8,21336.8,-0.89024885,15.23,60.20564479
1667687602.5321448,21336.8,21336.8,-0.89024885,15.23,60.20564479
1667687612.540139,21336.8,21336.8,-0.89024885,15.23,60.20564479
1667687622.5714262,21336.8,21338.19,-0.77936566,16.62,61.51039009
1667687632.743649,21336.8,21338.19,-0.77936566,16.62,61.51039009
1667687642.5793233,21336.8,21338.19,-0.77936566,16.62,61.51039009
1667687652.6051424,21337.64,21337.64,-0.04398129,15.3,61.0474516
1667687662.626528,21337.64,21337.64,-0.04398129,15.3,61.0474516
1667687672.78073,21337.64,21337.64,-0.04398129,15.3,61.0474516
1667687682.8028474,21337.64,21338.57,0.03020675,16.23,61.95699674
1667687692.5827274,21337.64,21338.57,0.03020675,16.23,61.95699674
1667687702.6015255,21337.64,21338.57,0.03020675,16.23,61.95699674
1667687712.6137793,21335.2,21335.2,0.25962572,11.76,57.66669123
1667687722.6142378,21335.2,21335.2,0.25962572,11.76,57.66669123
1667687732.628135,21335.2,21335.2,0.25962572,11.76,57.66669123
1667687742.628966,21335.2,21326.97,-0.3968985,3.53,47.23633845
1667687753.1624763,21335.2,21326.97,-0.3968985,3.53,47.23633845
1667687763.181068,21335.2,21326.97,-0.3968985,3.53,47.23633845
1667687773.252204,21325.26,21325.26,-0.75810863,2.79,45.5254394
1667687783.218007,21325.26,21325.26,-0.75810863,2.79,45.5254394
1667687793.1939783,21325.26,21325.26,-0.75810863,2.79,45.5254394
1667687803.2340856,21325.26,21324.11,-0.84984652,1.64,44.36173391
1667687813.2425852,21325.26,21324.11,-0.84984652,1.64,44.36173391
1667687823.1902344,21325.26,21324.11,-0.84984652,1.64,44.36173391
1667687833.2485654,21321.84,21321.84,-1.37271584,-0.98,42.19039396
1667687843.2276666,21321.84,21321.84,-1.37271584,-0.98,42.19039396
1667687853.1926618,21321.84,21321.84,-1.37271584,-0.98,42.19039396
1667687863.423541,21321.84,21324.16,-1.18764461,1.34,44.96196574
1667687873.22163,21321.84,21324.16,-1.18764461,1.34,44.96196574
1667687883.183073,21321.84,21324.16,-1.18764461,1.34,44.96196574
1667687893.2215607,21325.63,21325.63,-1.12596482,0.74,46.70054128
1667687903.2745228,21325.63,21325.63,-1.12596482,0.74,46.70054128
1667687913.253106,21325.63,21325.63,-1.12596482,0.74,46.70054128
1667687923.254687,21325.63,21321.14,-1.48414146,-3.75,42.30478291
1667687933.9071689,21325.63,21321.14,-1.48414146,-3.75,42.30478291
1667687943.9669156,21325.63,21321.14,-1.48414146,-3.75,42.30478291
1667687953.9397953,21318.33,21318.33,-2.13750907,-4.88,39.90090807
1667687963.9557204,21318.33,21318.33,-2.13750907,-4.88,39.90090807
1667687973.9598837,21318.33,21318.33,-2.13750907,-4.88,39.90090807
1667687983.9731174,21318.33,21321.37,-1.89500195,-1.84,43.33339089
1667687993.9690275,21318.33,21321.37,-1.89500195,-1.84,43.33339089
1667688003.9538913,21318.33,21321.37,-1.89500195,-1.84,43.33339089
1667688013.9650717,21316.26,21316.26,-2.76373975,-3.66,38.18708016
1667688023.9807296,21316.26,21316.26,-2.76373975,-3.66,38.18708016
1667688033.9674582,21316.26,21316.26,-2.76373975,-3.66,38.18708016
1667688043.9497783,21316.26,21307.36,-3.47371126,-12.56,31.94709827
1667688053.9871984,21316.26,21307.36,-3.47371126,-12.56,31.94709827
1667688063.9811344,21316.26,21307.36,-3.47371126,-12.56,31.94709827
1667688073.9310102,21304.09,21304.09,-4.86606965,-18.74,30.40769114
1667688083.936247,21304.09,21304.09,-4.86606965,-18.74,30.40769114
1667688093.9335375,21304.09,21304.09,-4.86606965,-18.74,30.40769114
1667688103.9893265,21304.09,21301.78,-5.05034316,-21.05,28.90570008
1667688114.6968834,21304.09,21301.78,-5.05034316,-21.05,28.90570008
1667688124.7073786,21304.09,21301.78,-5.05034316,-21.05,28.90570008
1667688134.6599,21301.65,21301.65,-6.02017126,-35.15,28.83862958
1667688144.7434194,21301.65,21301.65,-6.02017126,-35.15,28.83862958
1667688154.657072,21301.65,21301.65,-6.02017126,-35.15,28.83862958
1667688164.7097478,21301.65,21302.8,-5.92843337,-34.0,30.37762078
1667688174.6631553,21301.65,21302.8,-5.92843337,-34.0,30.37762078
1667688184.6964338,21301.65,21302.8,-5.92843337,-34.0,30.37762078
1667688194.6957276,21304.26,21304.26,-6.38112983,-32.78,32.31056223
1667688204.7083027,21304.26,21304.26,-6.38112983,-32.78,32.31056223
1667688214.6636086,21304.26,21304.26,-6.38112983,-32.78,32.31056223
1667688224.6961832,21304.26,21307.01,-6.16175661,-30.03,35.78754617
1667688234.7125995,21304.26,21307.01,-6.16175661,-30.03,35.78754617
1667688244.695837,21304.26,21307.01,-6.16175661,-30.03,35.78754617
1667688254.733024,21304.73,21304.73,-6.64039639,-30.47,32.93124378
1667688264.7513692,21304.73,21304.73,-6.64039639,-30.47,32.93124378
1667688274.7066612,21304.73,21304.73,-6.64039639,-30.47,32.93124378
1667688284.7173855,21304.73,21298.5,-7.13737645,-36.7,29.11963182
1667688295.7057154,21304.73,21298.5,-7.13737645,-36.7,29.11963182
1667688305.6968331,21304.73,21298.5,-7.13737645,-36.7,29.11963182
1667688315.716229,21296.18,21296.18,-8.00587547,-29.08,27.91637188
1667688325.689562,21296.18,21296.18,-8.00587547,-29.08,27.91637188
1667688335.775745,21296.18,21296.18,-8.00587547,-29.08,27.91637188
1667688345.738937,21296.18,21292.11,-8.33054784,-33.15,25.89485155
1667688355.7181597,21296.18,21292.11,-8.33054784,-33.15,25.89485155
1667688365.7392478,21296.18,21292.11,-8.33054784,-33.15,25.89485155
1667688375.7146776,21292.77,21292.77,-8.93213564,-29.66,26.20254062
1667688385.7387693,21292.77,21292.77,-8.93213564,-29.66,26.20254062
1667688395.7389116,21292.77,21292.77,-8.93213564,-29.66,26.20254062
1667688405.7269511,21292.77,21300.65,-8.30353166,-21.78,35.98303265
1667688415.7286994,21292.77,21300.65,-8.30353166,-21.78,35.98303265
1667688425.7434478,21292.77,21300.65,-8.30353166,-21.78,35.98303265
1667688435.7761447,21302.69,21302.69,-7.94122408,-22.94,38.10738147
1667688445.7511551,21302.69,21302.69,-7.94122408,-22.94,38.10738147
1667688455.9394417,21302.69,21302.69,-7.94122408,-22.94,38.10738147
1667688465.749971,21302.69,21302.43,-7.96196482,-23.2,37.93045811
1667688476.1953151,21302.69,21302.43,-7.96196482,-23.2,37.93045811
1667688486.2229304,21302.69,21302.43,-7.96196482,-23.2,37.93045811
1667688496.2309628,21303.54,21303.54,-7.57358244,-15.62,39.01512381
1667688506.2036555,21303.54,21303.54,-7.57358244,-15.62,39.01512381
1667688516.2223551,21303.54,21303.54,-7.57358244,-15.62,39.01512381
1667688526.147635,21303.54,21293.62,-8.36492148,-25.54,32.9427203
1667688536.2216609,21303.54,21293.62,-8.36492148,-25.54,32.9427203
1667688546.2215302,21303.54,21293.62,-8.36492148,-25.54,32.9427203
1667688556.1901996,21294.48,21294.48,-8.57560159,-22.27,33.80463714
1667688566.20606,21294.48,21294.48,-8.57560159,-22.27,33.80463714
1667688576.1695054,21294.48,21294.48,-8.57560159,-22.27,33.80463714
1667688586.2216916,21294.48,21300.59,-8.08819419,-16.16,39.94897131
1667688596.2703576,21294.48,21300.59,-8.08819419,-16.16,39.94897131
1667688606.2171533,21294.48,21300.59,-8.08819419,-16.16,39.94897131
1667688616.1864913,21300.81,21300.81,-7.75873707,-2.93,40.14900361
1667688626.427014,21300.81,21300.81,-7.75873707,-2.93,40.14900361
1667688636.2605417,21300.81,21300.81,-7.75873707,-2.93,40.14900361
1667688646.257532,21300.81,21305.23,-7.40614448,1.49,44.17257346
1667688657.1807938,21300.81,21305.23,-7.40614448,1.49,44.17257346
1667688667.1383564,21300.81,21305.23,-7.40614448,1.49,44.17257346
1667688677.180256,21305.66,21305.66,-6.74033856,4.01,44.53531965
1667688687.1673756,21305.66,21305.66,-6.74033856,4.01,44.53531965
1667688697.1528528,21305.66,21305.66,-6.74033856,4.01,44.53531965
1667688707.1548877,21305.66,21310.56,-6.34945537,8.91,48.63137225
1667688717.19984,21305.66,21310.56,-6.34945537,8.91,48.63137225
1667688727.1691892,21305.66,21310.56,-6.34945537,8.91,48.63137225
1667688737.203153,21307.7,21307.7,-5.88037807,4.2,46.31743141
1667688747.1648748,21307.7,21307.7,-5.88037807,4.2,46.31743141
1667688757.1251874,21307.7,21307.7,-5.88037807,4.2,46.31743141
1667688767.194867,21307.7,21309.87,-5.70727266,6.37,48.22319031
1667688777.1798234,21307.7,21309.87,-5.70727266,6.37,48.22319031
1667688787.1972048,21307.7,21309.87,-5.70727266,6.37,48.22319031
1667688797.210153,21306.61,21306.61,-5.47169522,1.88,45.65247342
1667688807.203787,21306.61,21306.61,-5.47169522,1.88,45.65247342
1667688817.2111866,21306.61,21306.61,-5.47169522,1.88,45.65247342
1667688827.1483798,21306.61,21313.84,-4.89494308,9.11,51.73800705
1667688837.9153416,21306.61,21313.84,-4.89494308,9.11,51.73800705
1667688847.868817,21306.61,21313.84,-4.89494308,9.11,51.73800705
1667688857.877524,21313.25,21313.25,-3.98123741,17.07,51.21236741
1667688867.8469603,21313.25,21313.25,-3.98123741,17.07,51.21236741
1667688877.9000611,21313.25,21313.25,-3.98123741,17.07,51.21236741
1667688887.8929365,21313.25,21312.92,-4.00756219,16.74,50.93667535
1667688897.9067962,21313.25,21312.92,-4.00756219,16.74,50.93667535
1667688907.9424574,21313.25,21312.92,-4.00756219,16.74,50.93667535
1667688917.9217372,21312.88,21312.88,-3.28605492,20.11,50.9034597
1667688927.9010785,21312.88,21312.88,-3.28605492,20.11,50.9034597
1667688937.8701158,21312.88,21312.88,-3.28605492,20.11,50.9034597
1667688947.9521084,21312.88,21311.41,-3.40331988,18.64,49.62279507
1667688957.8642838,21312.88,21311.41,-3.40331988,18.64,49.62279507
1667688967.9261858,21312.88,21311.41,-3.40331988,18.64,49.62279507
1667688977.950456,21311.93,21311.93,-2.81511791,9.25,50.06838742
1667688987.945035,21311.93,21311.93,-2.81511791,9.25,50.06838742
1667688997.892912,21311.93,21311.93,-2.81511791,9.25,50.06838742
1667689007.888909,21311.93,21310.23,-2.95073045,7.55,48.53400747
1667689018.3750236,21311.93,21310.23,-2.95073045,7.55,48.53400747
1667689028.365668,21311.93,21310.23,-2.95073045,7.55,48.53400747
1667689038.414215,21309.67,21309.67,-2.67417376,6.13,48.04895097
1667689048.3903823,21309.67,21309.67,-2.67417376,6.13,48.04895097
1667689058.4220424,21309.67,21309.67,-2.67417376,6.13,48.04895097
1667689068.4242752,21309.67,21308.05,-2.80340453,4.51,46.59808946
1667689078.4308136,21309.67,21308.05,-2.80340453,4.51,46.59808946
1667689088.4262955,21309.67,21308.05,-2.80340453,4.51,46.59808946
1667689098.4442005,21310.95,21310.95,-2.21107967,17.16,49.2963125
1667689108.4461236,21310.95,21310.95,-2.21107967,17.16,49.2963125
1667689118.4257903,21310.95,21310.95,-2.21107967,17.16,49.2963125
1667689128.4514096,21310.95,21309.01,-2.36583751,15.22,47.43725007
1667689138.4455853,21310.95,21309.01,-2.36583751,15.22,47.43725007
1667689148.413037,21310.95,21309.01,-2.36583751,15.22,47.43725007
1667689158.4635477,21306.58,21306.58,-2.48693789,5.77,45.26197668
1667689168.4310462,21306.58,21306.58,-2.48693789,5.77,45.26197668
1667689178.4726202,21306.58,21306.58,-2.48693789,5.77,45.26197668
1667689188.4059763,21306.58,21301.47,-2.89457321,0.66,41.06997153
1667689198.8856592,21306.58,21301.47,-2.89457321,0.66,41.06997153
1667689208.8980525,21306.58,21301.47,-2.89457321,0.66,41.06997153
1667689218.8370886,21296.17,21296.17,-3.85951987,-9.49,37.43340518
1667689228.8612268,21296.17,21296.17,-3.85951987,-9.49,37.43340518
1667689238.865601,21296.17,21296.17,-3.85951987,-9.49,37.43340518
1667689248.9078248,21296.17,21310.37,-2.72675634,4.71,50.05276214
1667689258.8774774,21296.17,21310.37,-2.72675634,4.71,50.05276214
1667689268.8580642,21296.17,21310.37,-2.72675634,4.71,50.05276214
1667689278.8893335,21304.98,21304.98,-3.04364784,-2.72,45.81046877
1667689288.8882964,21304.98,21304.98,-3.04364784,-2.72,45.81046877
1667689298.8653858,21304.98,21304.98,-3.04364784,-2.72,45.81046877
1667689308.9326253,21304.98,21305.97,-2.96467349,-1.73,46.70583355
1667689318.932063,21304.98,21305.97,-2.96467349,-1.73,46.70583355
1667689328.906803,21304.98,21305.97,-2.96467349,-1.73,46.70583355
1667689338.9390144,21303.83,21303.83,-3.08293382,-1.96,44.93356119
1667689348.894057,21303.83,21303.83,-3.08293382,-1.96,44.93356119
1667689358.927188,21303.83,21303.83,-3.08293382,-1.96,44.93356119
1667689368.9280634,21303.83,21306.88,-2.83962897,1.09,47.78815804
1667689379.5964992,21303.83,21306.88,-2.83962897,1.09,47.78815804
1667689389.600824,21303.83,21306.88,-2.83962897,1.09,47.78815804
1667689399.6454334,21303.94,21303.94,-2.94373137,-10.12,45.12832871
1667689409.6480007,21303.94,21303.94,-2.94373137,-10.12,45.12832871
1667689419.555236,21303.94,21303.94,-2.94373137,-10.12,45.12832871
1667689429.572484,21303.94,21306.52,-2.7379194,-7.54,47.59150613
1667689439.5885377,21303.94,21306.52,-2.7379194,-7.54,47.59150613
1667689449.6344357,21303.94,21306.52,-2.7379194,-7.54,47.59150613
1667689459.5977964,21305.74,21305.74,-2.6016699,-7.14,46.82953172
1667689469.6198587,21305.74,21305.74,-2.6016699,-7.14,46.82953172
1667689479.6455605,21305.74,21305.74,-2.6016699,-7.14,46.82953172
1667689489.5882552,21305.74,21306.08,-2.57454739,-6.8,47.1899644
1667689499.625441,21305.74,21306.08,-2.57454739,-6.8,47.1899644
1667689509.791222,21305.74,21306.08,-2.57454739,-6.8,47.1899644
1667689519.6503005,21303.49,21303.49,-2.79864307,-8.44,45.08649769
1667689529.649323,21303.49,21303.49,-2.79864307,-8.44,45.08649769
1667689539.6606371,21303.49,21303.49,-2.79864307,-8.44,45.08649769
1667689549.6761298,21303.49,21300.21,-3.0602955,-11.72,42.01967514
1667689560.3243763,21303.49,21300.21,-3.0602955,-11.72,42.01967514
1667689570.371096,21303.49,21300.21,-3.0602955,-11.72,42.01967514
1667689580.345651,21288.77,21288.77,-4.84373054,-20.9,34.82095469
1667689590.3888645,21288.77,21288.77,-4.84373054,-20.9,34.82095469
1667689600.394558,21288.77,21289.96,-4.74880176,-19.71,36.08897834
1667689610.3479838,21288.77,21289.96,-4.74880176,-19.71,36.08897834
1667689620.3991122,21288.77,21289.96,-4.74880176,-19.71,36.08897834
1667689630.3123305,21288.77,21289.96,-4.74880176,-19.71,36.08897834
1667689640.367705,21282.67,21282.67,-6.28500188,-28.28,31.16757461
1667689650.32783,21282.67,21282.67,-6.28500188,-28.28,31.16757461
1667689660.4127803,21282.67,21282.67,-6.28500188,-28.28,31.16757461
1667689670.3755794,21282.67,21267.0,-7.53503037,-43.95,24.70718989
1667689680.4103873,21282.67,21267.0,-7.53503037,-43.95,24.70718989
1667689690.4165876,21282.67,21267.0,-7.53503037,-43.95,24.70718989
1667689700.3909414,21249.79,21249.79,-11.60933084,-57.34,20.1256011
1667689710.423829,21249.79,21249.79,-11.60933084,-57.34,20.1256011
1667689720.421725,21249.79,21249.79,-11.60933084,-57.34,20.1256011
1667689730.3988194,21249.79,21267.96,-10.15987215,-39.17,34.03385473
1667689740.7886596,21249.79,21267.96,-10.15987215,-39.17,34.03385473
1667689750.9005268,21261.59,21261.59,-11.9254529,-35.36,29.74515349
1667689760.8172278,21261.59,21261.59,-11.9254529,-35.36,29.74515349
1667689770.8311012,21261.59,21261.59,-11.9254529,-35.36,29.74515349
1667689780.7840347,21261.59,21256.54,-12.3283019,-40.41,28.18093739
1667689790.7585154,21261.59,21256.54,-12.3283019,-40.41,28.18093739
1667689800.7895582,21261.59,21256.54,-12.3283019,-40.41,28.18093739
1667689810.820411,21261.59,21256.54,-12.3283019,-40.41,28.18093739
1667689820.8146763,21245.51,21245.51,-14.95852102,-59.47,25.25127465
1667689830.8240788,21245.51,21245.51,-14.95852102,-59.47,25.25127465
1667689840.8125796,21245.51,21266.75,-13.26416204,-38.23,38.11337567
1667689850.780831,21245.51,21266.75,-13.26416204,-38.23,38.11337567
1667689860.8642602,21245.51,21266.75,-13.26416204,-38.23,38.11337567
1667689870.8504746,21251.21,21251.21,-15.4448711,-52.62,28.71453552
1667689880.851909,21251.21,21251.21,-15.4448711,-52.62,28.71453552
1667689890.8433602,21251.21,21251.21,-15.4448711,-52.62,28.71453552
1667689900.840757,21251.21,21251.0,-15.46162324,-52.83,28.64672259
1667689910.8675349,21251.21,21251.0,-15.46162324,-52.83,28.64672259
1667689921.4446485,21251.21,21251.0,-15.46162324,-52.83,28.64672259
1667689931.3907914,21247.79,21247.79,-16.43725057,-56.92,27.69411765
1667689941.4283547,21247.79,21247.79,-16.43725057,-56.92,27.69411765
1667689951.406535,21247.79,21247.79,-16.43725057,-56.92,27.69411765
1667689961.4258697,21247.79,21238.91,-17.14562664,-65.8,25.24273221
1667689971.419084,21247.79,21238.91,-17.14562664,-65.8,25.24273221
1667689981.4306738,21247.79,21238.91,-17.14562664,-65.8,25.24273221
1667689991.4407096,21247.79,21238.91,-17.14562664,-65.8,25.24273221
1667690001.4101565,21254.99,21254.99,-15.85946442,-50.75,32.68647449
1667690011.4044063,21254.99,21254.99,-15.85946442,-50.75,32.68647449
1667690021.4872696,21254.99,21263.27,-15.19895159,-42.47,38.35484138
1667690031.4344711,21254.99,21263.27,-15.19895159,-42.47,38.35484138
1667690041.4112437,21254.99,21263.27,-15.19895159,-42.47,38.35484138
1667690051.6590514,21270.84,21270.84,-13.42419931,-31.61,42.76149995
1667690061.4741635,21270.84,21270.84,-13.42419931,-31.61,42.76149995
1667690071.4713342,21270.84,21270.84,-13.42419931,-31.61,42.76149995
1667690081.4564488,21270.84,21271.37,-13.38192011,-31.08,43.06835188
1667690091.4687734,21270.84,21271.37,-13.38192011,-31.08,43.06835188
1667690102.418445,21270.84,21271.37,-13.38192011,-31.08,43.06835188
1667690112.420259,21272.63,21272.63,-12.10082385,-15.37,43.78480701
1667690122.42355,21272.63,21272.63,-12.10082385,-15.37,43.78480701
1667690132.374985,21272.63,21272.63,-12.10082385,-15.37,43.78480701
1667690142.4108596,21272.63,21272.52,-12.10959878,-15.48,43.73306396
1667690152.4462163,21272.63,21272.52,-12.10959878,-15.48,43.73306396
1667690162.459932,21272.63,21272.52,-12.10959878,-15.48,43.73306396
1667690172.4911728,21288.56,21288.56,-8.78605974,5.89,52.00789523
1667690182.4383276,21288.56,21288.56,-8.78605974,5.89,52.00789523
1667690192.4474242,21288.56,21288.56,-8.78605974,5.89,52.00789523
1667690202.423191,21288.56,21287.76,-8.8498774,5.09,51.59968192
1667690212.4625218,21288.56,21287.76,-8.8498774,5.09,51.59968192
1667690222.430388,21288.56,21287.76,-8.8498774,5.09,51.59968192
1667690232.459979,21285.74,21285.74,-7.48315543,35.95,50.59690751
1667690242.4512832,21285.74,21285.74,-7.48315543,35.95,50.59690751
1667690252.4355335,21285.74,21285.74,-7.48315543,35.95,50.59690751
1667690262.4819036,21285.74,21285.67,-7.48873948,35.88,50.56023871
1667690272.4851558,21285.74,21285.67,-7.48873948,35.88,50.56023871
1667690282.9123027,21285.74,21285.67,-7.48873948,35.88,50.56023871
1667690292.9719255,21288.0,21288.0,-5.9503368,26.41,51.76929092
1667690302.9064212,21288.0,21288.0,-5.9503368,26.41,51.76929092
1667690312.870661,21288.0,21288.0,-5.9503368,26.41,51.76929092
1667690322.9018755,21288.0,21290.59,-5.74372711,29.0,53.09266982
1667690332.9028566,21288.0,21290.59,-5.74372711,29.0,53.09266982
1667690342.874837,21288.0,21290.59,-5.74372711,29.0,53.09266982
1667690352.8867805,21288.0,21290.59,-5.74372711,29.0,53.09266982
1667690362.8955169,21294.94,21294.94,-3.77179416,47.98,55.15911653
1667690372.8900392,21294.94,21294.94,-3.77179416,47.98,55.15911653
1667690382.9038467,21294.94,21293.78,-3.86432977,46.82,54.46999746
1667690392.8913124,21294.94,21293.78,-3.86432977,46.82,54.46999746
1667690402.8862598,21294.94,21293.78,-3.86432977,46.82,54.46999746
1667690412.8700335,21294.14,21294.14,-2.62301138,42.94,54.62716908
1667690422.9460356,21294.14,21294.14,-2.62301138,42.94,54.62716908
1667690432.928078,21294.14,21294.14,-2.62301138,42.94,54.62716908
1667690442.927281,21294.14,21295.26,-2.53366665,44.06,55.20008071
1667690452.930947,21294.14,21295.26,-2.53366665,44.06,55.20008071
1667690463.8766,21294.14,21295.26,-2.53366665,44.06,55.20008071
1667690473.8098366,21293.51,21293.51,-1.67713525,44.88,54.2984203
1667690483.867723,21293.51,21293.51,-1.67713525,44.88,54.2984203
1667690493.8745267,21293.51,21293.51,-1.67713525,44.88,54.2984203
1667690503.8442209,21293.51,21292.3,-1.77365946,43.67,53.49669656
1667690513.8663857,21293.51,21292.3,-1.77365946,43.67,53.49669656
1667690523.8903306,21293.51,21292.3,-1.77365946,43.67,53.49669656
1667690533.8419816,21291.38,21291.38,-1.21440141,36.57,52.88773159
1667690543.895604,21291.38,21291.38,-1.21440141,36.57,52.88773159
1667690553.8824017,21291.38,21291.38,-1.21440141,36.57,52.88773159
1667690563.8826993,21291.38,21285.85,-1.65554101,31.04,49.38066477
1667690574.028489,21291.38,21285.85,-1.65554101,31.04,49.38066477
1667690583.8190992,21291.38,21285.85,-1.65554101,31.04,49.38066477
1667690593.8966117,21285.0,21285.0,-1.53666565,14.16,48.8518995
1667690603.895766,21285.0,21285.0,-1.53666565,14.16,48.8518995
1667690613.8356478,21285.0,21285.0,-1.53666565,14.16,48.8518995
1667690623.87018,21285.0,21285.72,-1.47922975,14.88,49.3137711
1667690633.9166906,21285.0,21285.72,-1.47922975,14.88,49.3137711
1667690644.4847744,21285.0,21285.72,-1.47922975,14.88,49.3137711
1667690654.4969249,21291.82,21291.82,-0.40375794,19.19,52.95752932
1667690664.4737928,21291.82,21291.82,-0.40375794,19.19,52.95752932
1667690674.4976034,21291.82,21291.82,-0.40375794,19.19,52.95752932
1667690684.527112,21291.82,21288.36,-0.67976933,15.73,50.71909771
1667690694.5307305,21291.82,21288.36,-0.67976933,15.73,50.71909771
1667690704.5348313,21291.82,21288.36,-0.67976933,15.73,50.71909771
1667690714.546814,21286.95,21286.95,-0.7130412,-1.61,49.89730627
1667690724.5439374,21286.95,21286.95,-0.7130412,-1.61,49.89730627
1667690734.53421,21286.95,21286.95,-0.7130412,-1.61,49.89730627
1667690745.0203624,21286.95,21286.48,-0.75053408,-2.08,49.5966228
1667690754.5478146,21286.95,21286.48,-0.75053408,-2.08,49.5966228
1667690764.502794,21286.95,21286.48,-0.75053408,-2.08,49.5966228
1667690774.5368505,21284.77,21284.77,-0.9035294,-0.97,48.52615483
1667690784.541891,21284.77,21284.77,-0.9035294,-0.97,48.52615483
1667690794.571921,21284.77,21284.77,-0.9035294,-0.97,48.52615483
1667690804.5462294,21284.77,21281.91,-1.13167755,-3.83,46.71507809
1667690814.5542915,21284.77,21281.91,-1.13167755,-3.83,46.71507809
1667690825.3032458,21284.77,21281.91,-1.13167755,-3.83,46.71507809
1667690835.0718782,21283.22,21283.22,-1.1666042,-3.66,47.60599739
1667690845.1258876,21283.22,21283.22,-1.1666042,-3.66,47.60599739
1667690855.0504153,21283.22,21283.22,-1.1666042,-3.66,47.60599739
1667690865.083164,21283.22,21274.93,-1.82791474,-11.95,42.51715651
1667690875.109547,21283.22,21274.93,-1.82791474,-11.95,42.51715651
1667690885.1238976,21283.22,21274.93,-1.82791474,-11.95,42.51715651
1667690895.0849867,21275.04,21275.04,-2.37701859,-19.9,42.57706041
1667690905.1112666,21275.04,21275.04,-2.37701859,-19.9,42.57706041
1667690915.145933,21275.04,21275.04,-2.37701859,-19.9,42.57706041
1667690925.1231606,21275.04,21273.0,-2.53975363,-21.94,41.41176297
1667690935.1203682,21275.04,21273.0,-2.53975363,-21.94,41.41176297
1667690945.1115737,21275.04,21273.0,-2.53975363,-21.94,41.41176297
1667690955.080752,21267.5,21267.5,-3.85288773,-25.76,38.56600298
1667690965.0876193,21267.5,21267.5,-3.85288773,-25.76,38.56600298
1667690975.0843222,21267.5,21267.5,-3.85288773,-25.76,38.56600298
1667690985.3550508,21267.5,21264.27,-4.11055155,-28.99,36.95969987
1667690995.1508448,21267.5,21264.27,-4.11055155,-28.99,36.95969987
1667691005.9383454,21267.5,21264.27,-4.11055155,-28.99,36.95969987
1667691016.0073671,21264.23,21264.23,-4.95629708,-29.28,36.94064593
1667691025.9755716,21264.23,21264.23,-4.95629708,-29.28,36.94064593
1667691035.940449,21264.23,21264.23,-4.95629708,-29.28,36.94064593
1667691045.992391,21264.23,21269.04,-4.57259337,-24.47,40.88711167
1667691055.9828906,21264.23,21269.04,-4.57259337,-24.47,40.88711167
1667691065.94586,21264.23,21269.04,-4.57259337,-24.47,40.88711167
1667691075.9542449,21264.87,21264.87,-5.51504113,-25.93,37.57893173
1667691085.9581122,21264.87,21264.87,-5.51504113,-25.93,37.57893173
1667691095.9811096,21264.87,21264.87,-5.51504113,-25.93,37.57893173
1667691105.9824936,21264.87,21265.4,-5.47276193,-25.4,38.06356659
1667691116.0047376,21264.87,21265.4,-5.47276193,-25.4,38.06356659
1667691125.9745,21264.87,21265.4,-5.47276193,-25.4,38.06356659
1667691135.955598,21265.09,21265.09,-5.81441834,-20.46,37.97381652
1667691145.9863555,21265.09,21265.09,-5.81441834,-20.46,37.97381652
1667691155.9603114,21265.09,21265.09,-5.81441834,-20.46,37.97381652
1667691165.9865243,21265.09,21267.89,-5.59105652,-17.66,40.38454523
1667691175.9576633,21265.09,21267.89,-5.59105652,-17.66,40.38454523
1667691186.5641272,21265.09,21267.89,-5.59105652,-17.66,40.38454523
1667691196.5617185,21269.48,21269.48,-5.41463021,-22.98,41.7899456
1667691206.584503,21269.48,21269.48,-5.41463021,-22.98,41.7899456
1667691216.5779054,21269.48,21269.48,-5.41463021,-22.98,41.7899456
1667691226.590917,21269.48,21275.19,-4.95913163,-17.27,46.65367471
1667691236.5593665,21269.48,21275.19,-4.95913163,-17.27,46.65367471
1667691246.6374962,21269.48,21275.19,-4.95913163,-17.27,46.65367471
1667691256.6010988,21276.96,21276.96,-4.30595438,-9.23,48.04609238
1667691266.5779395,21276.96,21276.96,-4.30595438,-9.23,48.04609238
1667691276.7083914,21276.96,21276.96,-4.30595438,-9.23,48.04609238
1667691286.602433,21276.96,21266.13,-5.169886,-20.06,41.00911177
1667691296.607588,21276.96,21266.13,-5.169886,-20.06,41.00911177
1667691306.8008769,21276.96,21266.13,-5.169886,-20.06,41.00911177
1667691316.6722035,21269.22,21269.22,-4.95903208,-15.55,43.03303864
1667691326.6431043,21269.22,21269.22,-4.95903208,-15.55,43.03303864
1667691336.660138,21269.22,21269.22,-4.95903208,-15.55,43.03303864
1667691346.6181898,21269.22,21270.11,-4.88803493,-14.66,43.76839985
1667691356.6381688,21269.22,21270.11,-4.88803493,-14.66,43.76839985
1667691367.113609,21269.22,21270.11,-4.88803493,-14.66,43.76839985
1667691377.0902011,21266.88,21266.88,-5.24372948,-15.67,41.58208134
1667691387.0867484,21266.88,21266.88,-5.24372948,-15.67,41.58208134
1667691397.1269798,21266.88,21266.88,-5.24372948,-15.67,41.58208134
1667691407.070314,21266.88,21270.44,-4.95974088,-12.11,44.61916921
1667691417.1317089,21266.88,21270.44,-4.95974088,-12.11,44.61916921
1667691427.0992634,21266.88,21270.44,-4.95974088,-12.11,44.61916921
1667691437.1064231,21273.68,21273.68,-4.25638701,-1.36,47.12117376
1667691447.1139555,21273.68,21273.68,-4.25638701,-1.36,47.12117376
1667691457.1056845,21273.68,21273.68,-4.25638701,-1.36,47.12117376
1667691467.1695278,21273.68,21278.71,-3.85513345,3.67,50.83476745
1667691477.1483977,21273.68,21278.71,-3.85513345,3.67,50.83476745
1667691487.1234865,21273.68,21278.71,-3.85513345,3.67,50.83476745
1667691497.1527078,21280.28,21280.28,-2.88752442,12.78,51.8236555
1667691507.1642804,21280.28,21280.28,-2.88752442,12.78,51.8236555
1667691517.1374457,21280.28,21280.28,-2.88752442,12.78,51.8236555
1667691527.158018,21280.28,21282.04,-2.74712556,14.54,53.07347907
1667691537.1325643,21280.28,21282.04,-2.74712556,14.54,53.07347907
1667691547.5603256,21280.28,21282.04,-2.74712556,14.54,53.07347907
1667691557.5770192,21282.2,21282.2,-1.96198692,17.97,53.17948862
1667691567.5512865,21282.2,21282.2,-1.96198692,17.97,53.17948862
1667691577.540207,21282.2,21282.2,-1.96198692,17.97,53.17948862
1667691587.5546722,21282.2,21282.52,-1.93645986,18.29,53.41036032
1667691597.54393,21282.2,21282.52,-1.93645986,18.29,53.41036032
1667691607.6226337,21282.2,21282.52,-1.93645986,18.29,53.41036032
1667691617.5939205,21281.82,21281.82,-1.43749007,17.69,52.84482067
1667691627.582451,21281.82,21281.82,-1.43749007,17.69,52.84482067
1667691637.602006,21281.82,21281.82,-1.43749007,17.69,52.84482067
1667691647.5701213,21281.82,21280.65,-1.5308234,16.52,51.91564638
1667691657.6072726,21281.82,21280.65,-1.5308234,16.52,51.91564638
1667691667.5562274,21281.82,21280.65,-1.5308234,16.52,51.91564638
1667691677.6069531,21282.16,21282.16,-0.88899018,16.45,53.10153444
1667691687.5844955,21282.16,21282.16,-0.88899018,16.45,53.10153444
1667691697.5666325,21282.16,21282.16,-0.88899018,16.45,53.10153444
1667691707.6062975,21282.16,21290.76,-0.2029503,25.05,59.15814242
1667691717.573872,21282.16,21290.76,-0.2029503,25.05,59.15814242
1667691728.11506,21282.16,21290.76,-0.2029503,25.05,59.15814242
1667691738.1048164,21288.6,21288.6,0.49789673,19.12,57.5054642
1667691748.1407366,21288.6,21288.6,0.49789673,19.12,57.5054642
1667691758.1526382,21288.6,21288.6,0.49789673,19.12,57.5054642
1667691768.112573,21288.6,21292.04,0.77231268,22.56,60.04158676
1667691778.112776,21288.6,21292.04,0.77231268,22.56,60.04158676
1667691788.1544886,21288.6,21292.04,0.77231268,22.56,60.04158676
1667691798.1287022,21292.5,21292.5,1.66888245,16.34,60.33030651
1667691808.141006,21292.5,21292.5,1.66888245,16.34,60.33030651
1667691818.1703243,21292.5,21292.5,1.66888245,16.34,60.33030651
1667691828.1207182,21292.5,21291.16,1.56198786,15.0,58.99309205
1667691838.139115,21292.5,21291.16,1.56198786,15.0,58.99309205
1667691848.1485531,21292.5,21291.16,1.56198786,15.0,58.99309205
1667691858.147584,21288.0,21288.0,1.68742358,19.74,56.06272503
1667691868.1212835,21288.0,21288.0,1.68742358,19.74,56.06272503
1667691878.178631,21288.0,21288.0,1.68742358,19.74,56.06272503
1667691888.2104306,21288.0,21289.69,1.82223839,21.43,57.28477198
1667691898.1655786,21288.0,21289.69,1.82223839,21.43,57.28477198
1667691909.0737753,21288.0,21289.69,1.82223839,21.43,57.28477198
1667691919.0344555,21287.86,21287.86,1.94417717,21.67,55.93017109
1667691929.0887566,21287.86,21287.86,1.94417717,21.67,55.93017109
1667691939.0527022,21287.86,21287.86,1.94417717,21.67,55.93017109
1667691949.072827,21287.86,21288.97,2.03272418,22.78,56.80225671
1667691959.116418,21287.86,21288.97,2.03272418,22.78,56.80225671
1667691969.051621,21287.86,21288.97,2.03272418,22.78,56.80225671
1667691979.0925095,21287.41,21287.41,2.06831834,13.73,55.47613145
1667691989.0969815,21287.41,21287.41,2.06831834,13.73,55.47613145
1667691999.1075766,21287.41,21287.41,2.06831834,13.73,55.47613145
1667692009.110316,21287.41,21288.45,2.1512813,14.77,56.35790829
1667692019.0967271,21287.41,21288.45,2.1512813,14.77,56.35790829
1667692029.1272695,21287.41,21288.45,2.1512813,14.77,56.35790829
1667692039.133808,21285.45,21285.45,1.89306366,4.54,53.4411897
1667692049.116717,21285.45,21285.45,1.89306366,4.54,53.4411897
1667692059.1379807,21285.45,21285.45,1.89306366,4.54,53.4411897
1667692069.1414585,21285.45,21282.0,1.61784998,1.09,49.96682598
1667692079.1553538,21285.45,21282.0,1.61784998,1.09,49.96682598
1667692089.5565777,21285.45,21282.0,1.61784998,1.09,49.96682598
1667692099.4693227,21284.98,21284.98,1.73419384,2.77,52.90015209
1667692109.4981766,21284.98,21284.98,1.73419384,2.77,52.90015209
1667692119.5264494,21284.98,21284.98,1.73419384,2.77,52.90015209
1667692129.503278,21284.98,21284.55,1.69989185,2.34,52.47675023
1667692139.5090294,21284.98,21284.55,1.69989185,2.34,52.47675023
1667692149.520108,21284.98,21284.55,1.69989185,2.34,52.47675023
1667692159.537898,21286.25,21286.25,1.85573996,5.22,54.107747
1667692169.5429907,21286.25,21286.25,1.85573996,5.22,54.107747
1667692179.5159216,21286.25,21286.25,1.85573996,5.22,54.107747
1667692189.716031,21286.25,21283.61,1.64514167,2.58,51.17071841
1667692199.5511258,21286.25,21283.61,1.64514167,2.58,51.17071841
1667692209.5541832,21286.25,21283.61,1.64514167,2.58,51.17071841
1667692219.559786,21282.81,21282.81,1.36415904,0.65,50.34264129
1667692229.5556946,21282.81,21282.81,1.36415904,0.65,50.34264129
1667692239.5515122,21282.81,21282.81,1.36415904,0.65,50.34264129
1667692249.5618286,21282.81,21277.15,0.91264907,-5.01,44.81676792
1667692259.561181,21282.81,21277.15,0.91264907,-5.01,44.81676792
1667692270.4703102,21275.65,21275.65,0.16631417,-13.89,43.54991252
1667692280.4828367,21275.65,21275.65,0.16631417,-13.89,43.54991252
1667692290.4661126,21275.65,21275.65,0.16631417,-13.89,43.54991252
1667692300.4463792,21275.65,21274.37,0.0642059,-15.17,42.44725779
1667692310.4527094,21275.65,21274.37,0.0642059,-15.17,42.44725779
1667692320.6884377,21275.65,21274.37,0.0642059,-15.17,42.44725779
1667692330.4598377,21275.65,21274.37,0.0642059,-15.17,42.44725779
1667692340.4301405,21268.84,21268.84,-1.2602983,-23.66,38.23723912
1667692350.5111036,21268.84,21268.84,-1.2602983,-23.66,38.23723912
1667692360.441652,21268.84,21274.74,-0.78964303,-17.76,44.42844468
1667692370.4836826,21268.84,21274.74,-0.78964303,-17.76,44.42844468
1667692380.4690602,21268.84,21274.74,-0.78964303,-17.76,44.42844468
1667692390.4287243,21276.29,21276.29,-0.91425491,-11.71,45.89779396
1667692400.5414996,21276.29,21276.29,-0.91425491,-11.71,45.89779396
1667692410.487165,21276.29,21276.29,-0.91425491,-11.71,45.89779396
1667692420.539608,21276.29,21284.15,-0.28724637,-3.85,52.72412846
1667692430.4819973,21276.29,21284.15,-0.28724637,-3.85,52.72412846
1667692440.522082,21276.29,21284.15,-0.28724637,-3.85,52.72412846
1667692451.6376998,21284.14,21284.14,0.07048167,-3.72,52.57483162
1667692461.6641555,21284.14,21284.14,0.07048167,-3.72,52.57483162
1667692471.6230094,21284.14,21284.14,0.07048167,-3.72,52.57483162
1667692481.6700854,21284.14,21284.56,0.10398594,-3.3,52.94740664
1667692491.6129336,21284.14,21284.56,0.10398594,-3.3,52.94740664
1667692501.6234744,21284.14,21284.56,0.10398594,-3.3,52.94740664
1667692511.6539958,21280.06,21280.06,-0.28618377,-7.35,49.21094307
1667692521.648104,21280.06,21280.06,-0.28618377,-7.35,49.21094307
1667692531.6283364,21280.06,21280.06,-0.28618377,-7.35,49.21094307
1667692541.6726282,21280.06,21279.3,-0.34681055,-8.11,48.58731633
1667692551.673,21280.06,21279.3,-0.34681055,-8.11,48.58731633
1667692561.631822,21280.06,21279.3,-0.34681055,-8.11,48.58731633
1667692571.880056,21280.06,21279.3,-0.34681055,-8.11,48.58731633
1667692581.6675177,21278.45,21278.45,-0.53495682,-7.0,47.90830167
1667692591.6556334,21278.45,21278.45,-0.53495682,-7.0,47.90830167
1667692601.6717913,21278.45,21271.21,-1.11250667,-14.24,42.46467459
1667692611.6421952,21278.45,21271.21,-1.11250667,-14.24,42.46467459
1667692621.699528,21278.45,21271.21,-1.11250667,-14.24,42.46467459
1667692632.2215605,21289.43,21289.43,0.95365237,5.36,56.28694923
1667692642.2681236,21289.43,21289.43,0.95365237,5.36,56.28694923
1667692652.253059,21289.43,21289.43,0.95365237,5.36,56.28694923
1667692662.2553384,21289.43,21290.14,1.01029055,6.07,56.85652197
1667692672.224532,21289.43,21290.14,1.01029055,6.07,56.85652197
1667692682.277747,21289.43,21290.14,1.01029055,6.07,56.85652197
1667692692.2258132,21289.54,21289.54,1.37088205,3.29,56.28441159
1667692702.20425,21289.54,21289.54,1.37088205,3.29,56.28441159
1667692712.263868,21289.54,21289.54,1.37088205,3.29,56.28441159
1667692722.2809222,21289.54,21289.54,1.37088205,3.29,56.28441159
1667692732.210362,21289.54,21288.43,1.28233504,2.18,55.38529481
1667692742.2383711,21289.54,21288.43,1.28233504,2.18,55.38529481
1667692752.2629092,21300.5,21300.5,3.2079887,17.69,63.06474547
1667692762.2515955,21300.5,21300.5,3.2079887,17.69,63.06474547
1667692772.2189355,21300.5,21300.5,3.2079887,17.69,63.06474547
1667692782.2538636,21300.5,21300.57,3.21357275,17.76,63.10384049
1667692792.453945,21300.5,21300.57,3.21357275,17.76,63.10384049
1667692802.3061123,21300.5,21300.57,3.21357275,17.76,63.10384049
1667692813.152525,21299.37,21299.37,3.82664946,23.72,62.36105963
1667692823.1687005,21299.37,21299.37,3.82664946,23.72,62.36105963
1667692833.160745,21299.37,21299.37,3.82664946,23.72,62.36105963
1667692843.17825,21299.37,21304.92,4.2693845,29.27,65.51935736
1667692853.1876664,21299.37,21304.92,4.2693845,29.27,65.51935736
1667692863.1483946,21299.37,21304.92,4.2693845,29.27,65.51935736
1667692873.1966925,21303.05,21303.05,4.82286258,33.74,64.54075428
1667692883.1809452,21303.05,21303.05,4.82286258,33.74,64.54075428
1667692893.186131,21303.05,21303.05,4.82286258,33.74,64.54075428
1667692903.1930332,21303.05,21304.03,4.90103922,34.72,65.1132187
1667692913.194939,21303.05,21304.03,4.90103922,34.72,65.1132187
1667692923.1840556,21303.05,21304.03,4.90103922,34.72,65.1132187
1667692933.198274,21307.15,21307.15,5.93424782,30.86,66.81867744
1667692943.2002676,21307.15,21307.15,5.93424782,30.86,66.81867744
1667692953.2158437,21307.15,21307.15,5.93424782,30.86,66.81867744
1667692963.1967611,21307.15,21307.33,5.9486068,31.04,66.91915279
1667692973.1952343,21307.15,21307.33,5.9486068,31.04,66.91915279
1667692983.430072,21307.15,21307.33,5.9486068,31.04,66.91915279
1667692993.7997358,21306.75,21306.75,6.46953257,21.65,66.13003971
1667693003.8542912,21306.75,21306.75,6.46953257,21.65,66.13003971
1667693013.8515058,21306.75,21306.75,6.46953257,21.65,66.13003971
1667693023.8475995,21306.75,21302.47,6.12810807,17.37,61.43989702
1667693033.8359494,21306.75,21302.47,6.12810807,17.37,61.43989702
1667693043.8523996,21306.75,21302.47,6.12810807,17.37,61.43989702
1667693053.812431,21303.1,21303.1,6.31308105,23.04,62.04331702
1667693063.8398771,21303.1,21303.1,6.31308105,23.04,62.04331702
1667693073.8810875,21303.1,21303.1,6.31308105,23.04,62.04331702
1667693083.8694654,21303.1,21300.48,6.1040782,20.42,59.24605318
1667693093.8559675,21303.1,21300.48,6.1040782,20.42,59.24605318
1667693103.8751576,21303.1,21300.48,6.1040782,20.42,59.24605318
1667693113.8971658,21297.71,21297.71,5.59408585,19.26,56.49906996
1667693123.9005637,21297.71,21297.71,5.59408585,19.26,56.49906996
1667693133.9094522,21297.71,21297.71,5.59408585,19.26,56.49906996
1667693143.8406663,21297.71,21303.65,6.067932,25.2,60.88242179
1667693153.9040666,21297.71,21303.65,6.067932,25.2,60.88242179
1667693163.876724,21297.71,21303.65,6.067932,25.2,60.88242179
1667693174.511814,21305.63,21305.63,6.37848379,15.8,62.11057697
1667693184.2532413,21305.63,21305.63,6.37848379,15.8,62.11057697
1667693194.29658,21305.63,21305.63,6.37848379,15.8,62.11057697
1667693204.2446072,21305.63,21312.25,6.90657496,22.42,65.95882702
1667693214.263545,21305.63,21312.25,6.90657496,22.42,65.95882702
1667693224.6464388,21305.63,21312.25,6.90657496,22.42,65.95882702
1667693234.257194,21312.35,21312.35,7.37346354,23.5,66.01217512
1667693244.2928655,21312.35,21312.35,7.37346354,23.5,66.01217512
1667693254.492677,21312.35,21312.35,7.37346354,23.5,66.01217512
1667693264.2814832,21312.35,21319.96,7.98052907,31.11,69.80304324
1667693274.3032436,21312.35,21319.96,7.98052907,31.11,69.80304324
1667693284.316091,21312.35,21319.96,7.98052907,31.11,69.80304324
1667693294.3150065,21312.35,21319.96,7.98052907,31.11,69.80304324
1667693304.3131468,21334.04,21334.04,10.76936063,34.51,74.40544007
1667693314.2925498,21334.04,21334.04,10.76936063,34.51,74.40544007
1667693324.3160968,21334.04,21323.89,9.95967402,24.36,65.84476526
1667693334.2971966,21334.04,21323.89,9.95967402,24.36,65.84476526
1667693344.3397007,21334.04,21323.89,9.95967402,24.36,65.84476526
1667693354.920716,21326.4,21326.4,10.78954054,27.03,67.59374884
1667693364.8671684,21326.4,21326.4,10.78954054,27.03,67.59374884
1667693375.0020747,21326.4,21326.4,10.78954054,27.03,67.59374884
1667693384.878862,21326.4,21324.03,10.60048071,24.66,65.84017248
1667693394.8935375,21326.4,21324.03,10.60048071,24.66,65.84017248
1667693404.8844442,21326.4,21324.03,10.60048071,24.66,65.84017248
1667693414.974337,21319.0,21319.0,10.18506322,16.53,61.99422085
1667693424.891195,21319.0,21319.0,10.18506322,16.53,61.99422085
1667693434.9347944,21319.0,21319.0,10.18506322,16.53,61.99422085
1667693444.8917358,21319.0,21322.71,10.48101764,20.24,63.88634904
1667693454.8713734,21319.0,21322.71,10.48101764,20.24,63.88634904
1667693464.8701112,21319.0,21322.71,10.48101764,20.24,63.88634904
1667693474.8979778,21320.88,21320.88,10.20909808,13.73,63.11439672
1667693484.9425426,21320.88,21320.88,10.20909808,13.73,63.11439672
1667693494.9303367,21320.88,21320.88,10.20909808,13.73,63.11439672
1667693504.8948946,21320.88,21321.17,10.23223198,14.02,63.2553731
1667693514.9073431,21320.88,21321.17,10.23223198,14.02,63.2553731
1667693524.8804474,21320.88,21321.17,10.23223198,14.02,63.2553731
1667693535.6571214,21322.09,21322.09,10.23949159,14.61,63.68715705
1667693545.6447997,21322.09,21322.09,10.23949159,14.61,63.68715705
1667693555.649048,21322.09,21322.09,10.23949159,14.61,63.68715705
1667693565.604328,21322.09,21315.62,9.72336624,8.14,58.3921568
1667693575.6186595,21322.09,21315.62,9.72336624,8.14,58.3921568
1667693585.65326,21322.09,21315.62,9.72336624,8.14,58.3921568
1667693595.8965018,21310.38,21310.38,8.47474429,6.72,54.6587587
1667693605.7399814,21310.38,21310.38,8.47474429,6.72,54.6587587
1667693615.669537,21310.38,21310.38,8.47474429,6.72,54.6587587
1667693625.6924336,21310.38,21310.37,8.47394657,6.71,54.65167919
1667693635.6658669,21310.38,21310.37,8.47394657,6.71,54.65167919
1667693645.6821916,21310.38,21310.37,8.47394657,6.71,54.65167919
1667693655.672316,21310.39,21310.39,7.66756241,11.96,54.66584005
1667693665.7091126,21310.39,21310.39,7.66756241,11.96,54.66584005
1667693675.642639,21310.39,21310.39,7.66756241,11.96,54.66584005
1667693685.6908534,21310.39,21317.32,8.22038292,18.89,58.6626759
1667693695.6837244,21310.39,21317.32,8.22038292,18.89,58.6626759
1667693705.6857514,21310.39,21317.32,8.22038292,18.89,58.6626759
1667693716.2809043,21311.8,21311.8,7.19328015,6.17,55.38418657
1667693726.3057406,21311.8,21311.8,7.19328015,6.17,55.38418657
1667693736.3729403,21311.8,21311.8,7.19328015,6.17,55.38418657
1667693746.3320198,21311.8,21310.37,7.07920608,4.74,54.26490404
1667693756.3571255,21311.8,21310.37,7.07920608,4.74,54.26490404
1667693766.3780005,21311.8,21310.37,7.07920608,4.74,54.26490404
1667693776.3177738,21305.07,21305.07,5.706307,-7.25,50.43919923
1667693786.346544,21305.07,21305.07,5.706307,-7.25,50.43919923
1667693796.6268206,21305.07,21305.07,5.706307,-7.25,50.43919923
1667693806.390662,21305.07,21305.64,5.75177708,-6.68,50.84922479
1667693816.3722908,21305.07,21305.64,5.75177708,-6.68,50.84922479
1667693826.3413477,21305.07,21305.64,5.75177708,-6.68,50.84922479
1667693836.350907,21299.74,21299.74,4.12970503,-35.15,46.87137241
1667693846.3260984,21299.74,21299.74,4.12970503,-35.15,46.87137241
1667693856.4041886,21299.74,21299.74,4.12970503,-35.15,46.87137241
1667693866.4045117,21299.74,21299.37,4.10018936,-35.52,46.62713266
1667693876.3947427,21299.74,21299.37,4.10018936,-35.52,46.62713266
1667693886.3651826,21299.74,21299.37,4.10018936,-35.52,46.62713266
1667693896.916709,21296.76,21296.76,2.71802581,-29.17,44.97399539
1667693906.8985283,21296.76,21296.76,2.71802581,-29.17,44.97399539
1667693916.9300685,21296.76,21296.76,2.71802581,-29.17,44.97399539
1667693926.9313831,21296.76,21296.91,2.72999162,-29.02,45.09447725
1667693936.949553,21296.76,21296.91,2.72999162,-29.02,45.09447725
1667693946.914991,21296.76,21296.91,2.72999162,-29.02,45.09447725
1667693957.049586,21292.91,21292.91,1.24582604,-26.77,42.55926844
1667693966.916504,21292.91,21292.91,1.24582604,-26.77,42.55926844
1667693976.916793,21292.91,21292.91,1.24582604,-26.77,42.55926844
1667693986.9513168,21292.91,21293.11,1.26178045,-26.57,42.68654628
1667693996.952498,21292.91,21293.11,1.26178045,-26.57,42.68654628
1667694006.948911,21292.91,21293.11,1.26178045,-26.57,42.68654628
1667694016.9174943,21301.76,21301.76,1.54613607,-17.95,49.24777754
1667694026.9348493,21301.76,21301.76,1.54613607,-17.95,49.24777754
1667694036.9354773,21301.76,21301.76,1.54613607,-17.95,49.24777754
1667694046.930719,21301.76,21301.34,1.5126318,-18.37,48.95298745
1667694056.966849,21301.76,21301.34,1.5126318,-18.37,48.95298745
1667694066.995838,21301.76,21301.34,1.5126318,-18.37,48.95298745
1667694077.5699997,21314.99,21314.99,3.05381646,-7.12,57.35081244
1667694087.5871823,21314.99,21314.99,3.05381646,-7.12,57.35081244
1667694097.5616424,21314.99,21314.99,3.05381646,-7.12,57.35081244
1667694107.629209,21314.99,21312.67,2.86874524,-9.44,55.74150265
1667694117.586183,21314.99,21312.67,2.86874524,-9.44,55.74150265
1667694127.5833118,21314.99,21312.67,2.86874524,-9.44,55.74150265
1667694137.5671854,21309.99,21309.99,2.76059198,-1.37,53.8482644
1667694147.7619145,21309.99,21309.99,2.76059198,-1.37,53.8482644
1667694157.5426648,21309.99,21309.99,2.76059198,-1.37,53.8482644
1667694167.5859282,21309.99,21312.7,2.97677432,1.34,55.60022731
1667694177.6213143,21309.99,21312.7,2.97677432,1.34,55.60022731
1667694187.597978,21309.99,21312.7,2.97677432,1.34,55.60022731
1667694197.9109118,21312.77,21312.77,3.09181589,2.38,55.67461326
1667694207.6012454,21312.77,21312.77,3.09181589,2.38,55.67461326
1667694217.5890205,21312.77,21312.77,3.09181589,2.38,55.67461326
1667694227.6402686,21312.77,21313.81,3.17477885,3.42,56.3165327
1667694237.8307056,21312.77,21313.81,3.17477885,3.42,56.3165327
1667694247.5747893,21312.77,21313.81,3.17477885,3.42,56.3165327
1667694258.623839,21313.04,21313.04,3.26310376,0.48,55.71477159
1667694268.67591,21313.04,21313.04,3.26310376,0.48,55.71477159
1667694278.6584115,21313.04,21313.04,3.26310376,0.48,55.71477159
1667694288.5992754,21313.04,21313.27,3.28145134,0.71,55.90643913
1667694298.674062,21313.04,21313.27,3.28145134,0.71,55.90643913
1667694308.5894628,21313.04,21313.27,3.28145134,0.71,55.90643913
1667694318.6518495,21309.14,21309.14,2.75567902,3.2,52.65384041
1667694328.6487966,21309.14,21309.14,2.75567902,3.2,52.65384041
1667694338.728391,21309.14,21309.14,2.75567902,3.2,52.65384041
1667694348.6297712,21309.14,21305.86,2.4940266,-0.08,50.1579971
1667694358.6186962,21309.14,21305.86,2.4940266,-0.08,50.1579971
1667694368.6580682,21309.14,21305.86,2.4940266,-0.08,50.1579971
1667694378.6257095,21304.35,21304.35,1.9272167,3.95,49.05748081
1667694388.648422,21304.35,21304.35,1.9272167,3.95,49.05748081
1667694398.6840737,21304.35,21304.35,1.9272167,3.95,49.05748081
1667694408.665458,21304.35,21304.94,1.97428223,4.54,49.50266008
1667694418.639331,21304.35,21304.94,1.97428223,4.54,49.50266008
1667694428.6398215,21304.35,21304.94,1.97428223,4.54,49.50266008
1667694439.4722998,21309.78,21309.78,2.28877012,13.02,52.99290982
1667694449.5197344,21309.78,21309.78,2.28877012,13.02,52.99290982
1667694459.471289,21309.78,21309.78,2.28877012,13.02,52.99290982
1667694469.4451518,21309.78,21308.1,2.15475302,11.34,51.65823289
1667694479.45372,21309.78,21308.1,2.15475302,11.34,51.65823289
1667694489.4781938,21309.78,21308.1,2.15475302,11.34,51.65823289
1667694499.7120097,21309.57,21309.57,2.22555367,16.29,52.72474749
1667694509.495797,21309.57,21309.57,2.22555367,16.29,52.72474749
1667694519.4844308,21309.57,21309.57,2.22555367,16.29,52.72474749
1667694529.4643378,21309.57,21307.12,2.03011207,13.84,50.71134445
1667694539.4960356,21309.57,21307.12,2.03011207,13.84,50.71134445
1667694549.4694183,21309.57,21307.12,2.03011207,13.84,50.71134445
1667694559.5066147,21304.46,21304.46,1.39205065,2.71,48.69254026
1667694569.5009048,21304.46,21304.46,1.39205065,2.71,48.69254026
1667694579.5195525,21304.46,21304.46,1.39205065,2.71,48.69254026
1667694589.5288684,21304.46,21307.36,1.62338968,5.61,50.98357538
1667694599.5530455,21304.46,21307.36,1.62338968,5.61,50.98357538
1667694609.6419191,21304.46,21307.36,1.62338968,5.61,50.98357538
1667694619.9023976,21308.18,21308.18,1.52035774,-6.36,51.63886367
1667694629.8720267,21308.18,21308.18,1.52035774,-6.36,51.63886367
1667694639.8954296,21308.18,21308.18,1.52035774,-6.36,51.63886367
1667694649.8930595,21308.18,21311.3,1.76924663,-3.24,53.98753826
1667694660.214717,21308.18,21311.3,1.76924663,-3.24,53.98753826
1667694669.8827138,21308.18,21311.3,1.76924663,-3.24,53.98753826
1667694679.9148424,21320.11,21320.11,3.10687912,9.05,59.53325625
1667694689.909061,21320.11,21320.11,3.10687912,9.05,59.53325625
1667694699.9153357,21320.11,21320.11,3.10687912,9.05,59.53325625
1667694709.9188638,21320.11,21312.64,2.51098168,1.58,53.62929217
1667694719.937107,21320.11,21312.64,2.51098168,1.58,53.62929217
1667694729.936159,21320.11,21312.64,2.51098168,1.58,53.62929217
1667694739.930588,21321.86,21321.86,3.85380063,9.84,60.32830591
1667694749.9309118,21321.86,21321.86,3.85380063,9.84,60.32830591
1667694759.9321835,21321.86,21321.86,3.85380063,9.84,60.32830591
1667694769.917849,21321.86,21322.33,3.89129351,10.31,60.76225649
1667694779.9532137,21321.86,21322.33,3.89129351,10.31,60.76225649
1667694789.9889772,21321.86,21322.33,3.89129351,10.31,60.76225649
1667694800.5731018,21327.85,21327.85,5.09371511,14.23,63.87763655
1667694810.5708096,21327.85,21327.85,5.09371511,14.23,63.87763655
1667694820.8860636,21327.85,21327.48,5.06419944,13.86,63.5189365
1667694830.5468185,21327.85,21327.48,5.06419944,13.86,63.5189365
1667694840.5886097,21327.85,21327.48,5.06419944,13.86,63.5189365
1667694850.5745354,21331.26,21331.26,6.11478416,22.12,65.66462862
1667694860.5744138,21331.26,21331.26,6.11478416,22.12,65.66462862
1667694870.5393496,21331.26,21331.26,6.11478416,22.12,65.66462862
1667694880.6073143,21331.26,21331.26,6.11478416,22.12,65.66462862
1667694890.5972826,21331.26,21337.67,6.62612319,28.53,68.79017623
1667694900.6172004,21331.26,21337.67,6.62612319,28.53,68.79017623
1667694910.5826392,21338.76,21338.76,7.69217828,33.86,69.26591994
1667694920.6082497,21338.76,21338.76,7.69217828,33.86,69.26591994
1667694930.626033,21338.76,21338.76,7.69217828,33.86,69.26591994
1667694940.603219,21338.76,21337.24,7.57092472,32.34,67.7157713
1667694950.5668776,21338.76,21337.24,7.57092472,32.34,67.7157713
1667694960.5834248,21338.76,21337.24,7.57092472,32.34,67.7157713
1667694970.6132946,21339.34,21339.34,8.45361228,29.56,69.53206046
1667694981.7148714,21339.34,21339.34,8.45361228,29.56,69.53206046
1667694991.5144093,21339.34,21339.34,8.45361228,29.56,69.53206046
1667695001.5510142,21339.34,21348.72,9.20187439,38.94,73.52494845
1667695011.5925548,21339.34,21348.72,9.20187439,38.94,73.52494845
1667695021.5354166,21339.34,21348.72,9.20187439,38.94,73.52494845
1667695031.573732,21342.71,21342.71,9.36257068,32.35,71.11538678
1667695041.6026912,21342.71,21342.71,9.36257068,32.35,71.11538678
1667695051.5481846,21342.71,21342.71,9.36257068,32.35,71.11538678
1667695061.5871031,21342.71,21342.71,9.36257068,32.35,71.11538678
1667695071.601783,21342.71,21347.86,9.7733969,37.5,73.36694817
1667695081.5730689,21342.71,21347.86,9.7733969,37.5,73.36694817
1667695091.6222456,21347.35,21347.35,10.47906975,42.89,72.7314099
1667695101.5896077,21347.35,21347.35,10.47906975,42.89,72.7314099
1667695111.5459728,21347.35,21347.35,10.47906975,42.89,72.7314099
1667695121.5877955,21347.35,21347.35,10.47906975,42.89,72.7314099
1667695131.6532023,21347.35,21353.39,10.96089311,48.93,75.56811219
1667695141.7721314,21347.35,21353.39,10.96089311,48.93,75.56811219
1667695151.5711906,21353.83,21353.83,11.79156606,46.43,75.74333001
1667695162.238057,21353.83,21353.83,11.79156606,46.43,75.74333001
1667695172.4734747,21353.83,21353.83,11.79156606,46.43,75.74333001
1667695182.3086092,21353.83,21353.07,11.73093928,45.67,75.2813019
1667695192.2212636,21353.83,21353.07,11.73093928,45.67,75.2813019
1667695202.3190708,21353.83,21353.07,11.73093928,45.67,75.2813019
1667695212.229922,21353.83,21353.07,11.73093928,45.67,75.2813019
1667695222.2983077,21362.41,21362.41,13.52839147,42.29,78.66937197
1667695232.2776868,21362.41,21362.41,13.52839147,42.29,78.66937197
1667695242.2842631,21362.41,21349.08,12.46502965,28.96,65.45820941
1667695252.3169675,21362.41,21349.08,12.46502965,28.96,65.45820941
1667695262.2614658,21362.41,21349.08,12.46502965,28.96,65.45820941
1667695272.33762,21352.51,21352.51,12.83620238,30.03,68.37295157
1667695282.321082,21352.51,21352.51,12.83620238,30.03,68.37295157
1667695292.3348355,21352.51,21352.51,12.83620238,30.03,68.37295157
1667695302.3334556,21352.51,21346.39,12.34799725,23.91,62.91631771
1667695312.3403132,21352.51,21346.39,12.34799725,23.91,62.91631771
1667695322.3422554,21352.51,21346.39,12.34799725,23.91,62.91631771
1667695332.5295775,21346.73,21346.73,11.91177757,18.88,63.19651317
1667695343.4969378,21346.73,21346.73,11.91177757,18.88,63.19651317
1667695353.2830808,21346.73,21346.73,11.91177757,18.88,63.19651317
1667695363.4230556,21346.73,21345.83,11.8399827,17.98,62.40426662
1667695373.2910886,21346.73,21345.83,11.8399827,17.98,62.40426662
1667695383.265411,21346.73,21345.83,11.8399827,17.98,62.40426662
1667695393.255341,21338.83,21338.83,10.32642907,7.57,56.83298075
1667695403.2780654,21338.83,21338.83,10.32642907,7.57,56.83298075
1667695413.3094614,21338.83,21338.83,10.32642907,7.57,56.83298075
1667695423.2833226,21338.83,21343.18,10.67343762,11.92,59.37282274
1667695433.265746,21338.83,21343.18,10.67343762,11.92,59.37282274
1667695443.2856836,21338.83,21343.18,10.67343762,11.92,59.37282274
1667695453.2574902,21344.37,21344.37,10.21293625,5.61,59.99456962
1667695463.2355633,21344.37,21344.37,10.21293625,5.61,59.99456962
1667695473.2638075,21344.37,21344.37,10.21293625,5.61,59.99456962
1667695483.2864535,21344.37,21344.42,10.21692485,5.66,60.02225325
1667695493.4225228,21344.37,21344.42,10.21692485,5.66,60.02225325
1667695503.3232214,21344.37,21344.42,10.21692485,5.66,60.02225325
1667695513.285288,21346.64,21346.64,9.95209698,7.3,61.2335616
1667695524.046717,21346.64,21346.64,9.95209698,7.3,61.2335616
1667695533.961897,21346.64,21346.64,9.95209698,7.3,61.2335616
1667695544.0515184,21346.64,21357.99,10.85751009,18.65,66.69667036
1667695554.0688896,21346.64,21357.99,10.85751009,18.65,66.69667036
1667695564.0236988,21346.64,21357.99,10.85751009,18.65,66.69667036
1667695574.0193694,21360.8,21360.8,11.52476528,18.6,67.81943335
1667695584.0156093,21360.8,21360.8,11.52476528,18.6,67.81943335
1667695593.9954176,21360.8,21360.8,11.52476528,18.6,67.81943335
1667695604.043151,21360.8,21360.52,11.50242909,18.32,67.574965
1667695613.9773262,21360.8,21360.52,11.50242909,18.32,67.574965
1667695623.9745257,21360.8,21360.52,11.50242909,18.32,67.574965
1667695634.0105724,21354.66,21354.66,10.87261794,6.76,62.83464915
1667695644.016617,21354.66,21354.66,10.87261794,6.76,62.83464915
1667695654.0287328,21354.66,21354.66,10.87261794,6.76,62.83464915
1667695664.0362322,21354.66,21349.95,10.49689145,2.05,59.2377522
1667695674.0310466,21354.66,21349.95,10.49689145,2.05,59.2377522
1667695684.0915396,21354.66,21349.95,10.49689145,2.05,59.2377522
1667695694.0504572,21349.33,21349.33,9.9068586,-3.94,58.76036715
1667695704.5278237,21349.33,21349.33,9.9068586,-3.94,58.76036715
1667695714.7422872,21349.33,21349.33,9.9068586,-3.94,58.76036715
1667695724.5304573,21349.33,21337.78,8.98549108,-15.49,51.09797797
1667695734.5327234,21349.33,21337.78,8.98549108,-15.49,51.09797797
1667695744.5691328,21349.33,21337.78,8.98549108,-15.49,51.09797797
1667695754.5605338,21336.19,21336.19,7.46308501,-26.22,50.20333645
1667695764.601895,21336.19,21336.19,7.46308501,-26.22,50.20333645
1667695774.5345006,21336.19,21336.19,7.46308501,-26.22,50.20333645
1667695784.5743272,21336.19,21328.39,6.84086279,-34.02,45.92496916
1667695794.6328282,21336.19,21328.39,6.84086279,-34.02,45.92496916
1667695804.550571,21336.19,21328.39,6.84086279,-34.02,45.92496916
1667695814.566341,21325.31,21325.31,4.75724255,-27.8,44.42959246
1667695824.5751982,21325.31,21325.31,4.75724255,-27.8,44.42959246
1667695834.5937543,21325.31,21325.31,4.75724255,-27.8,44.42959246
1667695844.5823731,21325.31,21326.13,4.82265565,-26.98,44.94358578
1667695854.579572,21325.31,21326.13,4.82265565,-26.98,44.94358578
1667695864.5962703,21325.31,21326.13,4.82265565,-26.98,44.94358578
1667695874.8106017,21324.34,21324.34,3.13271472,-22.39,43.94010613
1667695885.3145096,21324.34,21324.34,3.13271472,-22.39,43.94010613
1667695895.3427017,21324.34,21324.34,3.13271472,-22.39,43.94010613
1667695905.5264778,21324.34,21326.35,3.2930566,-20.38,45.26159323
1667695915.3035555,21324.34,21326.35,3.2930566,-20.38,45.26159323
1667695925.3260314,21324.34,21326.35,3.2930566,-20.38,45.26159323
1667695935.6128387,21326.84,21326.84,2.1944376,-12.48,45.60770027
1667695945.3369713,21326.84,21326.84,2.1944376,-12.48,45.60770027
1667695955.3861911,21326.84,21326.84,2.1944376,-12.48,45.60770027
1667695965.374717,21326.84,21326.2,2.14338347,-13.12,45.16691742
1667695975.4095862,21326.84,21326.2,2.14338347,-13.12,45.16691742
1667695985.3717468,21326.84,21326.2,2.14338347,-13.12,45.16691742
1667695995.3492205,21327.01,21327.01,1.31126336,-17.36,45.7492104
1667696005.3486156,21327.01,21327.01,1.31126336,-17.36,45.7492104
1667696015.3730626,21327.01,21327.01,1.31126336,-17.36,45.7492104
1667696025.3417275,21327.01,21323.32,1.01690439,-21.05,43.47874716
1667696035.4290342,21327.01,21323.32,1.01690439,-21.05,43.47874716
1667696045.370771,21327.01,21323.32,1.01690439,-21.05,43.47874716
1667696055.3672757,21327.69,21327.69,0.71924181,-18.46,46.24836608
1667696066.3439178,21327.69,21327.69,0.71924181,-18.46,46.24836608
1667696076.378062,21327.69,21327.69,0.71924181,-18.46,46.24836608
1667696086.420733,21327.69,21328.04,0.74716204,-18.11,46.51973691
1667696096.611019,21327.69,21328.04,0.74716204,-18.11,46.51973691
1667696106.413749,21327.69,21328.04,0.74716204,-18.11,46.51973691
1667696116.4035027,21326.87,21326.87,0.08816888,-33.93,45.7030124
1667696126.3760278,21326.87,21326.87,0.08816888,-33.93,45.7030124
1667696136.357665,21326.87,21326.87,0.08816888,-33.93,45.7030124
1667696146.34573,21326.87,21326.87,0.08816888,-33.93,45.7030124
1667696156.4025664,21326.87,21326.87,0.08816888,-33.93,45.7030124
1667696166.4082663,21326.87,21326.87,0.08816888,-33.93,45.7030124
1667696176.386279,21327.73,21327.73,-0.23506083,-26.93,46.41728523
1667696186.437809,21327.73,21327.73,-0.23506083,-26.93,46.41728523
1667696196.4305062,21327.73,21327.73,-0.23506083,-26.93,46.41728523
1667696206.4616296,21327.73,21328.31,-0.18879302,-26.35,46.92394102
1667696216.4059052,21327.73,21328.31,-0.18879302,-26.35,46.92394102
1667696226.523429,21327.73,21328.31,-0.18879302,-26.35,46.92394102
1667696236.4656692,21321.66,21321.66,-1.3968196,-28.3,42.19894965
1667696246.803401,21321.66,21321.66,-1.3968196,-28.3,42.19894965
1667696256.9896903,21321.66,21321.66,-1.3968196,-28.3,42.19894965
1667696266.7860427,21321.66,21321.74,-1.39043783,-28.22,42.27339078
1667696276.832506,21321.66,21321.74,-1.39043783,-28.22,42.27339078
1667696286.834671,21321.66,21321.74,-1.39043783,-28.22,42.27339078
1667696296.8250475,21324.34,21324.34,-1.50086088,-11.68,44.65090272
1667696306.8356893,21324.34,21324.34,-1.50086088,-11.68,44.65090272
1667696316.8065045,21324.34,21324.34,-1.50086088,-11.68,44.65090272
1667696326.8095288,21324.34,21329.6,-1.08125974,-6.42,49.02297953
1667696336.8402176,21324.34,21329.6,-1.08125974,-6.42,49.02297953
1667696346.831144,21324.34,21329.6,-1.08125974,-6.42,49.02297953
1667696356.8067372,21325.89,21325.89,-1.5751049,0.58,45.98484544
1667696366.8338263,21325.89,21325.89,-1.5751049,0.58,45.98484544
1667696376.8210845,21325.89,21325.89,-1.5751049,0.58,45.98484544
1667696386.841996,21325.89,21325.09,-1.63892256,-0.22,45.27448236
1667696396.9292722,21325.89,21325.09,-1.63892256,-0.22,45.27448236
1667696406.8344328,21325.89,21325.09,-1.63892256,-0.22,45.27448236
1667696417.0402153,21325.88,21325.88,-1.72673383,1.43,46.05712662
1667696427.4376209,21325.88,21325.88,-1.72673383,1.43,46.05712662
1667696437.5062945,21325.88,21325.88,-1.72673383,1.43,46.05712662
1667696447.441856,21325.88,21324.36,-1.84798739,-0.09,44.65368007
1667696457.471001,21325.88,21324.36,-1.84798739,-0.09,44.65368007
1667696467.49044,21325.88,21324.36,-1.84798739,-0.09,44.65368007
1667696477.4807026,21321.58,21321.58,-2.4201419,-4.66,42.624176
1667696487.4735403,21321.58,21321.58,-2.4201419,-4.66,42.624176
1667696497.4886785,21321.58,21321.58,-2.4201419,-4.66,42.624176
1667696507.4737134,21321.58,21332.46,-1.55222168,6.22,52.32869801
1667696517.468108,21321.58,21332.46,-1.55222168,6.22,52.32869801
1667696527.5572755,21321.58,21332.46,-1.55222168,6.22,52.32869801
1667696537.4729145,21329.38,21329.38,-1.49194891,2.83,49.89114627
1667696547.5328577,21329.38,21329.38,-1.49194891,2.83,49.89114627
1667696557.509174,21329.38,21329.38,-1.49194891,2.83,49.89114627
1667696567.5180986,21329.38,21323.82,-1.93548168,-2.73,45.53933146
1667696577.8527915,21329.38,21323.82,-1.93548168,-2.73,45.53933146
1667696587.508946,21329.38,21323.82,-1.93548168,-2.73,45.53933146
1667696597.5498755,21321.46,21321.46,-2.41517774,-6.24,43.9851553
1667696608.156356,21321.46,21321.46,-2.41517774,-6.24,43.9851553
1667696618.16321,21321.46,21321.46,-2.41517774,-6.24,43.9851553
1667696628.164867,21321.46,21323.83,-2.22611792,-3.87,46.04945568
1667696638.1847792,21321.46,21323.83,-2.22611792,-3.87,46.04945568
1667696648.1250224,21321.46,21323.83,-2.22611792,-3.87,46.04945568
1667696658.1489706,21322.86,21322.86,-2.39995346,-4.01,45.22324763
1667696668.1270907,21322.86,21322.86,-2.39995346,-4.01,45.22324763
1667696678.1238372,21322.86,21322.86,-2.39995346,-4.01,45.22324763
1667696688.2807915,21322.86,21322.55,-2.42468281,-4.32,44.98613922
1667696698.2030582,21322.86,21322.55,-2.42468281,-4.32,44.98613922
1667696708.1680522,21322.86,21322.55,-2.42468281,-4.32,44.98613922
1667696718.1570334,21327.67,21327.67,-1.80763929,-0.05,49.40342925
1667696728.1885452,21327.67,21327.67,-1.80763929,-0.05,49.40342925
1667696738.3814242,21327.67,21327.67,-1.80763929,-0.05,49.40342925
1667696748.196694,21327.67,21325.24,-2.00148544,-2.48,47.39910828
1667696758.1746554,21327.67,21325.24,-2.00148544,-2.48,47.39910828
1667696768.1724114,21327.67,21325.24,-2.00148544,-2.48,47.39910828
1667696778.2068734,21323.97,21323.97,-2.13620309,2.31,46.50760596
1667696788.9900875,21323.97,21323.97,-2.13620309,2.31,46.50760596
1667696798.9630656,21323.97,21323.97,-2.13620309,2.31,46.50760596
1667696809.004032,21323.97,21325.91,-1.98144526,4.25,48.23672469
1667696818.980602,21323.97,21325.91,-1.98144526,4.25,48.23672469
1667696828.9600365,21323.97,21325.91,-1.98144526,4.25,48.23672469
1667696838.9816222,21331.35,21331.35,-1.06477763,6.49,52.53871514
1667696848.9971735,21331.35,21331.35,-1.06477763,6.49,52.53871514
1667696859.010371,21331.35,21331.35,-1.06477763,6.49,52.53871514
1667696868.9816444,21331.35,21329.42,-1.21873775,4.56,50.92177364
1667696879.0073102,21331.35,21329.42,-1.21873775,4.56,50.92177364
1667696889.0308726,21331.35,21329.42,-1.21873775,4.56,50.92177364
1667696899.198007,21331.43,21331.43,-0.66314477,6.01,52.60110179
1667696908.9896717,21331.43,21331.43,-0.66314477,6.01,52.60110179
1667696919.0016956,21331.43,21331.43,-0.66314477,6.01,52.60110179
1667696929.0267806,21331.43,21338.09,-0.13186272,12.67,57.59807188
1667696938.9807966,21331.43,21338.09,-0.13186272,12.67,57.59807188
1667696949.0419445,21331.43,21338.09,-0.13186272,12.67,57.59807188
1667696959.0075426,21338.49,21338.49,0.65210127,13.3,57.86486136
1667696969.4753556,21338.49,21338.49,0.65210127,13.3,57.86486136
1667696979.4559414,21338.49,21338.49,0.65210127,13.3,57.86486136
1667696989.3943024,21338.49,21337.51,0.57392463,12.32,56.91993438
1667696999.432288,21338.49,21337.51,0.57392463,12.32,56.91993438
1667697009.4550786,21338.49,21337.51,0.57392463,12.32,56.91993438
1667697019.4036648,21344.1,21344.1,1.97273092,23.01,61.56180335
1667697029.4146087,21344.1,21344.1,1.97273092,23.01,61.56180335
1667697039.464072,21344.1,21344.1,1.97273092,23.01,61.56180335
1667697049.4919634,21344.1,21339.36,1.59461127,18.27,57.25766413
1667697059.4675684,21344.1,21339.36,1.59461127,18.27,57.25766413
1667697069.468068,21344.1,21339.36,1.59461127,18.27,57.25766413
1667697079.4833117,21339.67,21339.67,2.06307258,9.61,57.54049386
1667697089.6545987,21339.67,21339.67,2.06307258,9.61,57.54049386
1667697099.4517334,21339.67,21339.67,2.06307258,9.61,57.54049386
1667697109.46967,21339.67,21339.96,2.08620649,9.9,57.75074169
1667697119.658396,21339.67,21339.96,2.08620649,9.9,57.75074169
1667697129.4412804,21339.67,21339.96,2.08620649,9.9,57.75074169
1667697139.5352342,21337.78,21337.78,2.12003994,16.61,55.73295234
1667697150.043429,21337.78,21337.78,2.12003994,16.61,55.73295234
1667697160.065907,21337.78,21337.78,2.12003994,16.61,55.73295234
1667697170.0788054,21337.78,21333.59,1.78579492,12.42,51.84468731
1667697180.0303388,21337.78,21333.59,1.78579492,12.42,51.84468731
1667697190.0451908,21337.78,21333.59,1.78579492,12.42,51.84468731
1667697200.013492,21332.33,21332.33,1.56581487,9.47,50.69921074
1667697210.068844,21332.33,21332.33,1.56581487,9.47,50.69921074
1667697220.228402,21332.33,21332.33,1.56581487,9.47,50.69921074
1667697230.0725458,21332.33,21329.56,1.34484621,6.7,48.35069281
1667697240.0994146,21332.33,21329.56,1.34484621,6.7,48.35069281
1667697250.0391593,21332.33,21329.56,1.34484621,6.7,48.35069281
1667697260.06401,21326.65,21326.65,0.57268285,-0.38,46.10695384
1667697270.0666308,21326.65,21326.65,0.57268285,-0.38,46.10695384
1667697280.044883,21326.65,21326.65,0.57268285,-0.38,46.10695384
1667697290.0822833,21326.65,21327.14,0.61177117,0.11,46.55668275
1667697300.0551703,21326.65,21327.14,0.61177117,0.11,46.55668275
1667697310.086459,21326.65,21327.14,0.61177117,0.11,46.55668275
1667697320.096243,21327.2,21327.2,0.2442125,3.71,46.63159918
1667697331.3079238,21327.2,21327.2,0.2442125,3.71,46.63159918
1667697341.1934798,21327.2,21325.39,0.09982504,1.9,45.15403695
1667697351.27749,21327.2,21325.39,0.09982504,1.9,45.15403695
1667697361.2644005,21327.2,21325.39,0.09982504,1.9,45.15403695
1667697371.224043,21327.84,21327.84,0.01642835,-3.51,47.20405646
1667697381.5074778,21327.84,21327.84,0.01642835,-3.51,47.20405646
1667697391.2161655,21327.84,21327.84,0.01642835,-3.51,47.20405646
1667697401.2552395,21327.84,21327.93,0.02360784,-3.42,47.29660713
1667697411.2475884,21327.84,21327.93,0.02360784,-3.42,47.29660713
1667697421.331179,21327.84,21327.93,0.02360784,-3.42,47.29660713
1667697431.2931714,21327.35,21327.35,-0.30043701,-4.08,46.85136177
1667697441.273152,21327.35,21327.35,-0.30043701,-4.08,46.85136177
1667697451.3264148,21327.35,21327.35,-0.30043701,-4.08,46.85136177
1667697461.282858,21327.35,21325.57,-0.44243132,-5.86,45.11702841
1667697471.3125412,21327.35,21325.57,-0.44243132,-5.86,45.11702841
1667697481.293597,21327.35,21325.57,-0.44243132,-5.86,45.11702841
1667697491.3027928,21318.52,21318.52,-1.74828254,-19.97,39.62840017
1667697501.3065295,21318.52,21318.52,-1.74828254,-19.97,39.62840017
1667697511.6979966,21318.52,21318.52,-1.74828254,-19.97,39.62840017
1667697521.688344,21318.52,21318.47,-1.75227114,-20.02,39.57165386
1667697531.6859255,21318.52,21318.47,-1.75227114,-20.02,39.57165386
1667697541.8259156,21318.52,21318.47,-1.75227114,-20.02,39.57165386
1667697551.684553,21318.52,21318.47,-1.75227114,-20.02,39.57165386
1667697561.6960847,21321.33,21321.33,-1.88198259,-21.89,42.70923757
1667697571.732641,21321.33,21321.33,-1.88198259,-21.89,42.70923757
1667697581.7188632,21321.33,21321.25,-1.88836435,-21.97,42.64434364
1667697591.6925309,21321.33,21321.25,-1.88836435,-21.97,42.64434364
1667697601.680098,21321.33,21321.25,-1.88836435,-21.97,42.64434364
1667697611.7435386,21320.46,21320.46,-2.27091558,-19.21,42.00427472
1667697621.7027144,21320.46,21320.46,-2.27091558,-19.21,42.00427472
1667697631.6688132,21320.46,21320.46,-2.27091558,-19.21,42.00427472
1667697641.7248218,21320.46,21320.46,-2.27091558,-19.21,42.00427472
1667697651.7392232,21320.46,21319.58,-2.34111502,-20.09,41.27254126
1667697661.7451112,21320.46,21319.58,-2.34111502,-20.09,41.27254126
1667697671.693858,21313.99,21313.99,-3.39228077,-23.79,37.13747944
1667697681.7455149,21313.99,21313.99,-3.39228077,-23.79,37.13747944
1667697692.5840886,21313.99,21313.99,-3.39228077,-23.79,37.13747944
1667697702.4817572,21313.99,21308.03,-3.86772236,-29.75,33.32719283
1667697712.5294132,21313.99,21308.03,-3.86772236,-29.75,33.32719283
1667697722.42121,21313.99,21308.03,-3.86772236,-29.75,33.32719283
1667697732.50871,21304.64,21304.64,-5.13025247,-28.95,31.45922566
1667697742.4986331,21304.64,21304.64,-5.13025247,-28.95,31.45922566
1667697752.4820397,21304.64,21304.64,-5.13025247,-28.95,31.45922566
1667697762.48791,21304.64,21305.8,-5.03771686,-27.79,32.3568884
1667697772.4513104,21304.64,21305.8,-5.03771686,-27.79,32.3568884
1667697782.448682,21304.64,21305.8,-5.03771686,-27.79,32.3568884
1667697792.4706216,21304.02,21304.02,-5.9848459,-22.63,31.1215607
1667697802.5929792,21304.02,21304.02,-5.9848459,-22.63,31.1215607
1667697812.5135195,21304.02,21304.02,-5.9848459,-22.63,31.1215607
1667697822.4687808,21304.02,21312.98,-5.27008806,-13.67,40.9805837
1667697832.4921029,21304.02,21312.98,-5.27008806,-13.67,40.9805837
1667697842.5344036,21304.02,21312.98,-5.27008806,-13.67,40.9805837
1667697852.5118475,21307.41,21307.41,-6.06822726,-20.17,35.2160353
1667697862.4906466,21307.41,21307.41,-6.06822726,-20.17,35.2160353
1667697873.3127148,21307.41,21307.41,-6.06822726,-20.17,35.2160353
1667697883.1405053,21307.41,21308.15,-6.00919592,-19.43,36.10887222
1667697893.1942985,21307.41,21308.15,-6.00919592,-19.43,36.10887222
1667697903.1523478,21307.41,21308.15,-6.00919592,-19.43,36.10887222
1667697913.1039248,21305.22,21305.22,-6.58585807,-22.62,33.81746274
1667697923.137116,21305.22,21305.22,-6.58585807,-22.62,33.81746274
1667697933.2018454,21305.22,21305.22,-6.58585807,-22.62,33.81746274
1667697943.1831837,21305.22,21308.28,-6.34175551,-19.56,37.54947151
1667697953.1503794,21305.22,21308.28,-6.34175551,-19.56,37.54947151
1667697963.1537864,21305.22,21308.28,-6.34175551,-19.56,37.54947151
1667697973.126618,21305.22,21308.28,-6.34175551,-19.56,37.54947151
1667697983.1938462,21303.99,21303.99,-7.00078336,-22.89,33.58142238
1667697993.1790843,21303.99,21303.99,-7.00078336,-22.89,33.58142238
1667698003.216827,21303.99,21306.3,-6.81650986,-20.58,36.50467955
1667698013.2390215,21303.99,21306.3,-6.81650986,-20.58,36.50467955
1667698023.1912773,21303.99,21306.3,-6.81650986,-20.58,36.50467955
1667698033.3855855,21303.19,21303.19,-7.19044808,-15.09,32.95890843
1667698043.2601435,21303.19,21303.19,-7.19044808,-15.09,32.95890843
1667698053.6356714,21303.19,21303.19,-7.19044808,-15.09,32.95890843
1667698063.6722343,21303.19,21305.2,-7.0301062,-13.08,35.27139955
1667698073.7077944,21303.19,21305.2,-7.0301062,-13.08,35.27139955
1667698083.6562076,21303.19,21305.2,-7.0301062,-13.08,35.27139955
1667698093.6628263,21311.31,21311.31,-6.11716489,-10.29,42.624546
1667698103.7109644,21311.31,21311.31,-6.11716489,-10.29,42.624546
1667698113.6981602,21311.31,21311.31,-6.11716489,-10.29,42.624546
1667698123.8364897,21311.31,21317.2,-5.64730734,-4.4,48.66224456
1667698133.7002926,21311.31,21317.2,-5.64730734,-4.4,48.66224456
1667698143.6994004,21311.31,21317.2,-5.64730734,-4.4,48.66224456
1667698153.738064,21311.31,21317.2,-5.64730734,-4.4,48.66224456
1667698163.7709105,21317.84,21317.84,-4.80739047,-2.78,49.27639206
1667698173.7218237,21317.84,21317.84,-4.80739047,-2.78,49.27639206
1667698183.7134094,21317.84,21317.25,-4.85445599,-3.37,48.70599579
1667698193.731667,21317.84,21317.25,-4.85445599,-3.37,48.70599579
1667698203.7546422,21317.84,21317.25,-4.85445599,-3.37,48.70599579
1667698213.7560484,21317.67,21317.67,-4.1279574,3.23,49.11193489
1667698223.7334802,21317.67,21317.67,-4.1279574,3.23,49.11193489
1667698234.5679147,21317.67,21317.67,-4.1279574,3.23,49.11193489
1667698244.5644217,21317.67,21309.01,-4.81878362,-5.43,41.69564043
1667698254.55078,21317.67,21309.01,-4.81878362,-5.43,41.69564043
1667698264.6958766,21317.67,21309.01,-4.81878362,-5.43,41.69564043
1667698274.527553,21315.29,21315.29,-3.81959815,9.88,46.76040773
1667698284.5540357,21315.29,21315.29,-3.81959815,9.88,46.76040773
1667698294.5379746,21315.29,21315.29,-3.81959815,9.88,46.76040773
1667698304.5735872,21315.29,21311.96,-4.08523918,6.55,43.69604141
1667698314.5803795,21315.29,21311.96,-4.08523918,6.55,43.69604141
1667698324.591098,21315.29,21311.96,-4.08523918,6.55,43.69604141
1667698334.5491104,21316.0,21316.0,-3.34098635,11.98,47.47020414
1667698344.594271,21316.0,21316.0,-3.34098635,11.98,47.47020414
1667698354.5790558,21316.0,21316.0,-3.34098635,11.98,47.47020414
1667698364.5756955,21316.0,21309.34,-3.8722684,5.32,41.15889086
1667698374.652109,21316.0,21309.34,-3.8722684,5.32,41.15889086
1667698384.5742877,21316.0,21309.34,-3.8722684,5.32,41.15889086
1667698394.594456,21311.16,21311.16,-3.65650075,3.75,42.71067843
1667698404.6890628,21311.16,21311.16,-3.65650075,3.75,42.71067843
1667698415.1709783,21311.16,21311.16,-3.65650075,3.75,42.71067843
1667698425.325605,21311.16,21310.5,-3.70915033,3.09,42.09093151
1667698435.1538465,21311.16,21310.5,-3.70915033,3.09,42.09093151
1667698445.1257555,21311.16,21310.5,-3.70915033,3.09,42.09093151
1667698455.3712158,21308.34,21308.34,-3.9581738,3.12,40.18271774
1667698465.275902,21308.34,21308.34,-3.9581738,3.12,40.18271774
1667698475.1305912,21308.34,21308.34,-3.9581738,3.12,40.18271774
1667698485.1474743,21308.34,21306.08,-4.1384587,0.86,38.2298174
1667698495.1460607,21308.34,21306.08,-4.1384587,0.86,38.2298174
1667698505.1548586,21308.34,21306.08,-4.1384587,0.86,38.2298174
1667698515.3466744,21313.78,21313.78,-3.20415943,10.56,46.73255066
1667698525.4098966,21313.78,21313.78,-3.20415943,10.56,46.73255066
1667698535.1735554,21313.78,21313.78,-3.20415943,10.56,46.73255066
1667698545.2154644,21313.78,21319.92,-2.71435886,16.7,52.98937197
1667698555.188406,21313.78,21319.92,-2.71435886,16.7,52.98937197
1667698565.2278512,21313.78,21319.92,-2.71435886,16.7,52.98937197
1667698575.230162,21323.86,21323.86,-1.49195614,19.96,56.28437905
1667698585.2317312,21323.86,21323.86,-1.49195614,19.96,56.28437905
1667698596.4158251,21323.86,21323.86,-1.49195614,19.96,56.28437905
1667698606.2913308,21323.86,21325.92,-1.32762566,22.02,57.94412882
1667698616.337456,21323.86,21325.92,-1.32762566,22.02,57.94412882
1667698626.4009278,21323.86,21325.92,-1.32762566,22.02,57.94412882
1667698636.313229,21325.6,21325.6,-0.51750813,14.51,57.69462091
1667698646.3303802,21325.6,21325.6,-0.51750813,14.51,57.69462091
1667698656.5636785,21325.6,21325.6,-0.51750813,14.51,57.69462091
1667698666.343403,21325.6,21321.8,-0.82064204,10.71,53.6259638
1667698676.3182104,21325.6,21321.8,-0.82064204,10.71,53.6259638
1667698686.5436196,21325.6,21321.8,-0.82064204,10.71,53.6259638
1667698696.3247676,21325.37,21325.37,0.08594716,8.02,57.34026593
1667698706.3475327,21325.37,21325.37,0.08594716,8.02,57.34026593
1667698716.331967,21325.37,21325.37,0.08594716,8.02,57.34026593
1667698726.342246,21325.37,21322.37,-0.15336908,5.02,53.99673104
1667698736.5121672,21325.37,21322.37,-0.15336908,5.02,53.99673104
1667698746.3648443,21325.37,21322.37,-0.15336908,5.02,53.99673104
1667698756.496672,21321.3,21321.3,0.02178966,3.63,52.85855799
1667698766.3166478,21321.3,21321.3,0.02178966,3.63,52.85855799
1667698776.9834712,21321.3,21321.3,0.02178966,3.63,52.85855799
1667698787.008005,21321.3,21316.26,-0.38026162,-1.41,47.75268433
1667698797.0209932,21321.3,21316.26,-0.38026162,-1.41,47.75268433
1667698807.1725743,21321.3,21316.26,-0.38026162,-1.41,47.75268433
1667698817.0292337,21324.64,21324.64,0.69779915,8.46,55.97787294
1667698827.0617948,21324.64,21324.64,0.69779915,8.46,55.97787294
1667698837.0381413,21324.64,21324.64,0.69779915,8.46,55.97787294
1667698847.1957843,21324.64,21324.16,0.65950855,7.98,55.41042335
1667698856.9922378,21324.64,21324.16,0.65950855,7.98,55.41042335
1667698867.0283196,21324.64,21324.16,0.65950855,7.98,55.41042335
1667698877.0479133,21323.69,21323.69,0.87644141,7.69,54.86583356
1667698887.0563004,21323.69,21323.69,0.87644141,7.69,54.86583356
1667698897.0240078,21323.69,21323.69,0.87644141,7.69,54.86583356
1667698907.0577354,21323.69,21322.83,0.80783742,6.83,53.82343285
1667698917.00836,21323.69,21322.83,0.80783742,6.83,53.82343285
1667698927.0604434,21323.69,21322.83,0.80783742,6.83,53.82343285
1667698937.009051,21328.38,21328.38,1.72877995,17.22,59.17742941
1667698947.072055,21328.38,21328.38,1.72877995,17.22,59.17742941
1667698958.162302,21328.38,21328.38,1.72877995,17.22,59.17742941
1667698968.132722,21328.38,21330.15,1.86997654,18.99,60.70315155
1667698978.1400547,21328.38,21330.15,1.86997654,18.99,60.70315155
1667698988.1496491,21328.38,21330.15,1.86997654,18.99,60.70315155
1667698998.1930747,21331.86,21331.86,2.57568421,23.52,62.07261621
1667699008.6056404,21331.86,21331.86,2.57568421,23.52,62.07261621
1667699018.1959548,21331.86,21331.86,2.57568421,23.52,62.07261621
1667699028.1403034,21331.86,21329.78,2.40975828,21.44,59.3626833
1667699038.1990502,21331.86,21329.78,2.40975828,21.44,59.3626833
1667699048.1421888,21331.86,21329.78,2.40975828,21.44,59.3626833
1667699058.1478918,21325.57,21325.57,2.06439041,11.79,54.47678581
1667699068.1835678,21325.57,21325.57,2.06439041,11.79,54.47678581
1667699078.1779535,21325.57,21325.57,2.06439041,11.79,54.47678581
1667699088.1617143,21325.57,21315.35,1.24911975,1.57,45.02776918
1667699098.2121167,21325.57,21315.35,1.24911975,1.57,45.02776918
1667699108.2076263,21325.57,21315.35,1.24911975,1.57,45.02776918
1667699118.2171586,21313.79,21313.79,0.40752465,-10.07,43.85479506
1667699128.2043653,21313.79,21313.79,0.40752465,-10.07,43.85479506
1667699139.0349786,21313.79,21313.79,0.40752465,-10.07,43.85479506
1667699149.0174954,21313.79,21315.81,0.56866425,-8.05,45.82284296
1667699159.0452418,21313.79,21315.81,0.56866425,-8.05,45.82284296
1667699169.290337,21313.79,21315.81,0.56866425,-8.05,45.82284296
1667699179.0336025,21315.91,21315.91,0.16718267,-9.69,45.95068913
1667699188.98591,21315.91,21315.91,0.16718267,-9.69,45.95068913
1667699199.0088775,21315.91,21315.91,0.16718267,-9.69,45.95068913
1667699209.0155892,21315.91,21315.19,0.10974677,-10.41,45.35082395
1667699218.988738,21315.91,21315.19,0.10974677,-10.41,45.35082395
1667699229.00708,21315.91,21315.19,0.10974677,-10.41,45.35082395
1667699239.0481129,21315.34,21315.34,-0.26297499,-9.63,45.47450077
1667699249.0571284,21315.34,21315.34,-0.26297499,-9.63,45.47450077
1667699259.05323,21315.34,21315.34,-0.26297499,-9.63,45.47450077
1667699269.0571492,21315.34,21314.71,-0.3132314,-10.26,44.92041011
1667699279.049249,21315.34,21314.71,-0.3132314,-10.26,44.92041011
1667699289.0349896,21315.34,21314.71,-0.3132314,-10.26,44.92041011
1667699299.007217,21309.29,21309.29,-1.36364683,-12.01,40.61130338
1667699309.0225444,21309.29,21309.29,-1.36364683,-12.01,40.61130338
1667699319.4999409,21309.29,21309.29,-1.36364683,-12.01,40.61130338
1667699329.8193014,21309.29,21304.96,-1.70905993,-16.34,37.54966298
1667699339.480116,21309.29,21304.96,-1.70905993,-16.34,37.54966298
1667699349.6912484,21309.29,21304.96,-1.70905993,-16.34,37.54966298
1667699359.4810698,21305.04,21305.04,-2.48687463,-19.6,37.60203758
1667699369.493802,21305.04,21305.04,-2.48687463,-19.6,37.60203758
1667699379.532081,21305.04,21305.04,-2.48687463,-19.6,37.60203758
1667699389.5405378,21305.04,21307.46,-2.2938262,-17.18,40.31408092
1667699399.5059998,21305.04,21307.46,-2.2938262,-17.18,40.31408092
1667699409.4927433,21305.04,21307.46,-2.2938262,-17.18,40.31408092
1667699419.5252984,21301.71,21301.71,-3.54367021,-21.98,35.38932077
1667699429.5387807,21301.71,21301.71,-3.54367021,-21.98,35.38932077
1667699439.5031326,21301.71,21301.71,-3.54367021,-21.98,35.38932077
1667699449.4986277,21301.71,21294.11,-4.14993802,-29.58,30.91760364
1667699459.5400476,21301.71,21294.11,-4.14993802,-29.58,30.91760364
1667699469.508921,21301.71,21294.11,-4.14993802,-29.58,30.91760364
1667699479.5710468,21288.96,21288.96,-5.92550867,-39.42,28.47910731
1667699489.8391814,21288.96,21288.96,-5.92550867,-39.42,28.47910731
1667699500.3121805,21288.96,21288.96,-5.92550867,-39.42,28.47910731
1667699510.2806396,21288.96,21270.08,-7.43160554,-58.3,21.71683975
1667699520.7155514,21288.96,21270.08,-7.43160554,-58.3,21.71683975
1667699530.3234196,21288.96,21270.08,-7.43160554,-58.3,21.71683975
1667699540.2932534,21260.23,21260.23,-10.98857004,-71.63,19.32309956
1667699550.2554083,21260.23,21260.23,-10.98857004,-71.63,19.32309956
1667699560.306509,21260.23,21260.23,-10.98857004,-71.63,19.32309956
1667699570.312857,21260.23,21260.15,-10.99495181,-71.71,19.30448824
1667699580.3434625,21260.23,21260.15,-10.99495181,-71.71,19.30448824
1667699590.3441482,21260.23,21260.15,-10.99495181,-71.71,19.30448824
1667699600.3812826,21243.82,21243.82,-15.4349616,-81.12,17.08445415
1667699610.3540027,21243.82,21243.82,-15.4349616,-81.12,17.08445415
1667699620.3614094,21243.82,21243.82,-15.4349616,-81.12,17.08445415
1667699630.3611245,21243.82,21236.65,-16.00692741,-88.29,14.98380895
1667699640.3458452,21243.82,21236.65,-16.00692741,-88.29,14.98380895
1667699650.3817265,21243.82,21236.65,-16.00692741,-88.29,14.98380895
1667699660.366458,21234.93,21234.93,-18.94735759,-78.86,15.40284952
1667699670.344741,21234.93,21234.93,-18.94735759,-78.86,15.40284952
1667699682.143916,21234.93,21236.28,-18.83966528,-77.51,16.58081577
1667699692.2099965,21234.93,21236.28,-18.83966528,-77.51,16.58081577
1667699702.1378517,21234.93,21236.28,-18.83966528,-77.51,16.58081577
1667699712.1501122,21252.13,21252.13,-18.41290587,-64.21,28.46167598
1667699722.181611,21252.13,21252.13,-18.41290587,-64.21,28.46167598
1667699732.2029812,21252.13,21252.13,-18.41290587,-64.21,28.46167598
1667699742.174991,21252.13,21233.2,-19.92299134,-83.14,24.13493797
1667699752.1820517,21252.13,21233.2,-19.92299134,-83.14,24.13493797
1667699762.1554236,21252.13,21233.2,-19.92299134,-83.14,24.13493797
1667699772.1541436,21236.67,21236.67,-21.12280146,-78.67,25.20170384
1667699782.25677,21236.67,21236.67,-21.12280146,-78.67,25.20170384
1667699792.243973,21236.67,21236.67,-21.12280146,-78.67,25.20170384
1667699802.198517,21236.67,21239.45,-20.90103508,-75.89,26.98249321
1667699812.19071,21236.67,21239.45,-20.90103508,-75.89,26.98249321
1667699822.2002883,21236.67,21239.45,-20.90103508,-75.89,26.98249321
1667699832.1646276,21237.6,21237.6,-21.8562645,-72.55,25.80702588
1667699842.185264,21237.6,21237.6,-21.8562645,-72.55,25.80702588
1667699852.2178092,21237.6,21237.6,-21.8562645,-72.55,25.80702588
1667699863.1546042,21237.6,21248.22,-21.00908501,-61.93,32.52254696
1667699873.215243,21237.6,21248.22,-21.00908501,-61.93,32.52254696
1667699883.234451,21237.6,21248.22,-21.00908501,-61.93,32.52254696
1667699893.1614618,21247.53,21247.53,-20.77341358,-57.51,32.4092308
1667699903.2301512,21247.53,21247.53,-20.77341358,-57.51,32.4092308
1667699913.2566276,21247.53,21247.53,-20.77341358,-57.51,32.4092308
1667699923.1905782,21247.53,21243.59,-21.08771557,-61.45,31.29123414
1667699933.2048502,21247.53,21243.59,-21.08771557,-61.45,31.29123414
1667699943.2563176,21247.53,21243.59,-21.08771557,-61.45,31.29123414
1667699953.2440605,21244.58,21244.58,-20.75642202,-57.13,31.55325718
1667699963.1967962,21244.58,21244.58,-20.75642202,-57.13,31.55325718
1667699973.2198367,21244.58,21244.58,-20.75642202,-57.13,31.55325718
1667699983.229071,21244.58,21200.0,-24.31266133,-101.71,22.16037433
1667699993.2471626,21244.58,21200.0,-24.31266133,-101.71,22.16037433
1667700003.246894,21244.58,21200.0,-24.31266133,-101.71,22.16037433
1667700013.2082868,21197.33,21197.33,-27.03532294,-91.63,21.77219876
1667700023.2609916,21197.33,21197.33,-27.03532294,-91.63,21.77219876
1667700033.265031,21197.33,21197.33,-27.03532294,-91.63,21.77219876
1667700043.8683407,21197.33,21217.63,-25.41594972,-71.33,31.58458292
1667700053.8170354,21197.33,21217.63,-25.41594972,-71.33,31.58458292
1667700063.854678,21197.33,21217.63,-25.41594972,-71.33,31.58458292
1667700073.831182,21197.33,21217.63,-25.41594972,-71.33,31.58458292
1667700083.8853428,21222.03,21222.03,-25.20184041,-38.2,33.39539879
1667700093.856997,21222.03,21222.03,-25.20184041,-38.2,33.39539879
1667700103.8274474,21222.03,21229.5,-24.60594297,-30.73,36.46975003
1667700113.8835294,21222.03,21229.5,-24.60594297,-30.73,36.46975003
1667700123.8695908,21222.03,21229.5,-24.60594297,-30.73,36.46975003
1667700133.829224,21231.76,21231.76,-23.64643124,-10.75,37.34472321
1667700143.909858,21231.76,21231.76,-23.64643124,-10.75,37.34472321
1667700153.860229,21231.76,21231.76,-23.64643124,-10.75,37.34472321
1667700163.8757048,21231.76,21230.45,-23.75093266,-12.06,37.02639644
1667700173.8879075,21231.76,21230.45,-23.75093266,-12.06,37.02639644
1667700183.8898754,21231.76,21230.45,-23.75093266,-12.06,37.02639644
1667700193.8421438,21233.52,21233.52,-22.47700323,-0.51,38.1490886
1667700203.8892546,21233.52,21233.52,-22.47700323,-0.51,38.1490886
1667700213.931142,21233.52,21233.52,-22.47700323,-0.51,38.1490886
1667700224.6193326,21233.52,21242.87,-21.73113428,8.84,41.84045112
1667700234.6335702,21233.52,21242.87,-21.73113428,8.84,41.84045112
1667700244.61816,21233.52,21242.87,-21.73113428,8.84,41.84045112
1667700254.5667057,21241.15,21241.15,-20.3772895,-11.42,41.17668293
1667700264.6262548,21241.15,21241.15,-20.3772895,-11.42,41.17668293
1667700274.5894146,21241.15,21241.15,-20.3772895,-11.42,41.17668293
1667700284.5780797,21241.15,21234.05,-20.94367127,-18.52,39.18844643
1667700294.6122987,21241.15,21234.05,-20.94367127,-18.52,39.18844643
1667700304.591151,21241.15,21234.05,-20.94367127,-18.52,39.18844643
1667700314.630588,21239.09,21239.09,-19.26807268,3.24,40.57933984
1667700324.6220336,21239.09,21239.09,-19.26807268,3.24,40.57933984
1667700334.6453338,21239.09,21239.09,-19.26807268,3.24,40.57933984
1667700344.6429398,21239.09,21242.14,-19.02476784,6.29,41.92271131
1667700354.6356175,21239.09,21242.14,-19.02476784,6.29,41.92271131
1667700364.6367064,21239.09,21242.14,-19.02476784,6.29,41.92271131
1667700374.594547,21242.76,21242.76,-17.50048858,5.16,42.23461276
1667700384.6532106,21242.76,21242.76,-17.50048858,5.16,42.23461276
1667700394.614381,21242.76,21242.76,-17.50048858,5.16,42.23461276
1667700405.332573,21242.76,21239.11,-17.79165668,1.51,41.05317525
1667700415.3191605,21242.76,21239.11,-17.79165668,1.51,41.05317525
1667700425.3457837,21242.76,21239.11,-17.79165668,1.51,41.05317525
1667700435.3171103,21237.87,21237.87,-16.86870393,-10.68,40.6667103
1667700445.3311212,21237.87,21237.87,-16.86870393,-10.68,40.6667103
1667700455.3678312,21237.87,21237.87,-16.86870393,-10.68,40.6667103
1667700465.3754046,21237.87,21238.54,-16.81525664,-10.01,40.98995181
1667700475.3641458,21237.87,21238.54,-16.81525664,-10.01,40.98995181
1667700485.3668416,21237.87,21238.54,-16.81525664,-10.01,40.98995181
1667700495.382758,21234.61,21234.61,-16.33669921,-10.51,39.61096449
1667700505.36919,21234.61,21234.61,-16.33669921,-10.51,39.61096449
1667700515.3795152,21234.61,21234.61,-16.33669921,-10.51,39.61096449
1667700525.386229,21234.61,21235.14,-16.29442001,-9.98,39.88420925
1667700535.3457968,21234.61,21235.14,-16.29442001,-9.98,39.88420925
1667700545.3949494,21234.61,21235.14,-16.29442001,-9.98,39.88420925
1667700555.3938017,21233.48,21233.48,-15.63427308,36.15,39.20772615
1667700565.4199932,21233.48,21233.48,-15.63427308,36.15,39.20772615
1667700575.4265237,21233.48,21233.48,-15.63427308,36.15,39.20772615
1667700585.8469434,21233.48,21227.72,-16.09376026,30.39,37.24646307
1667700595.8220203,21233.48,21227.72,-16.09376026,30.39,37.24646307
1667700605.86091,21233.48,21227.72,-16.09376026,30.39,37.24646307
1667700616.0315113,21219.89,21219.89,-16.826678,-2.14,34.94068224
1667700625.8838816,21219.89,21219.89,-16.826678,-2.14,34.94068224
1667700635.85236,21219.89,21219.89,-16.826678,-2.14,34.94068224
1667700645.843874,21219.89,21226.17,-16.32570934,4.14,38.31960742
1667700655.8655052,21219.89,21226.17,-16.32570934,4.14,38.31960742
1667700665.8657165,21219.89,21226.17,-16.32570934,4.14,38.31960742
1667700675.8653944,21231.81,21231.81,-15.02035751,0.05,41.06836851
1667700685.8972178,21231.81,21231.81,-15.02035751,0.05,41.06836851
1667700695.8806746,21231.81,21231.81,-15.02035751,0.05,41.06836851
1667700705.8739357,21231.81,21240.37,-14.33750851,8.61,45.06949948
1667700715.910392,21231.81,21240.37,-14.33750851,8.61,45.06949948
1667700725.921988,21231.81,21240.37,-14.33750851,8.61,45.06949948
1667700735.9126413,21236.5,21236.5,-13.51598086,2.32,43.32999829
1667700745.925667,21236.5,21236.5,-13.51598086,2.32,43.32999829
1667700755.8997653,21236.5,21236.5,-13.51598086,2.32,43.32999829
1667700766.8088582,21236.5,21235.23,-13.61729141,1.05,42.85043728
1667700776.764477,21236.5,21235.23,-13.61729141,1.05,42.85043728
1667700786.8430336,21236.5,21235.23,-13.61729141,1.05,42.85043728
1667700796.8134732,21231.33,21231.33,-13.14999753,-9.82,41.41696749
1667700806.8145697,21231.33,21231.33,-13.14999753,-9.82,41.41696749
1667700816.8267128,21231.33,21231.33,-13.14999753,-9.82,41.41696749
1667700826.8253393,21231.33,21226.23,-13.55683513,-14.92,39.58563584
1667700836.8535016,21231.33,21226.23,-13.55683513,-14.92,39.58563584
1667700846.8918695,21231.33,21226.23,-13.55683513,-14.92,39.58563584
1667700856.8308983,21206.6,21206.6,-15.9110386,-32.49,33.81792125
1667700866.8545983,21206.6,21206.6,-15.9110386,-32.49,33.81792125
1667700876.8518152,21206.6,21206.6,-15.9110386,-32.49,33.81792125
1667700886.8696797,21206.6,21222.2,-14.66659416,-16.89,41.07345489
1667700897.023105,21206.6,21222.2,-14.66659416,-16.89,41.07345489
1667700906.8671317,21206.6,21222.2,-14.66659416,-16.89,41.07345489
1667700916.8593714,21219.77,21219.77,-14.52055015,-23.5,40.03241687
1667700926.8802547,21219.77,21219.77,-14.52055015,-23.5,40.03241687
1667700936.880161,21219.77,21219.77,-14.52055015,-23.5,40.03241687
1667700947.5221264,21219.77,21222.76,-14.28203163,-20.51,41.40500665
1667700957.5091145,21219.77,21222.76,-14.28203163,-20.51,41.40500665
1667700967.520877,21219.77,21222.76,-14.28203163,-20.51,41.40500665
1667700977.4966931,21228.43,21228.43,-12.86332894,-9.44,43.84250222
1667700987.5014472,21228.43,21228.43,-12.86332894,-9.44,43.84250222
1667700997.5253284,21228.43,21228.43,-12.86332894,-9.44,43.84250222
1667701007.5620365,21228.43,21233.2,-12.48281612,-4.67,45.8820988
1667701017.506744,21228.43,21233.2,-12.48281612,-4.67,45.8820988
1667701027.559369,21228.43,21233.2,-12.48281612,-4.67,45.8820988
1667701037.5798278,21233.91,21233.91,-11.18430887,-0.7,46.173398
1667701047.5425177,21233.91,21233.91,-11.18430887,-0.7,46.173398
1667701057.5790486,21233.91,21233.91,-11.18430887,-0.7,46.173398
1667701067.5759556,21233.91,21234.85,-11.10932311,0.24,46.58229556
1667701077.562289,21233.91,21234.85,-11.10932311,0.24,46.58229556
1667701087.595038,21233.91,21234.85,-11.10932311,0.24,46.58229556
1667701097.5991142,21234.31,21234.31,-10.08030986,-0.07,46.40319164
1667701107.5912335,21234.31,21234.31,-10.08030986,-0.07,46.40319164
1667701117.574975,21234.31,21234.31,-10.08030986,-0.07,46.40319164
1667701128.2890365,21234.31,21236.6,-9.8976318,2.22,47.44837076
1667701138.2343445,21234.31,21236.6,-9.8976318,2.22,47.44837076
1667701148.285527,21234.31,21236.6,-9.8976318,2.22,47.44837076
1667701158.293752,21239.77,21239.77,-8.30051409,20.11,48.82968864
1667701168.2645872,21239.77,21239.77,-8.30051409,20.11,48.82968864
1667701178.32326,21239.77,21239.77,-8.30051409,20.11,48.82968864
1667701188.3327956,21239.77,21237.76,-8.46085597,18.1,47.96872054
1667701198.3149257,21239.77,21237.76,-8.46085597,18.1,47.96872054
1667701208.3349898,21239.77,21237.76,-8.46085597,18.1,47.96872054
1667701218.3226256,21232.99,21232.99,-8.11117935,1.18,46.04216656
1667701228.3270032,21232.99,21232.99,-8.11117935,1.18,46.04216656
1667701238.2993844,21232.99,21232.99,-8.11117935,1.18,46.04216656
1667701248.342453,21232.99,21236.02,-7.86946995,4.21,47.48499725
1667701258.3104708,21232.99,21236.02,-7.86946995,4.21,47.48499725
1667701268.2944467,21232.99,21236.02,-7.86946995,4.21,47.48499725
1667701278.3433423,21236.57,21236.57,-6.97322372,0.07,47.75736843
1667701288.322904,21236.57,21236.57,-6.97322372,0.07,47.75736843
1667701298.3001406,21236.57,21236.57,-6.97322372,0.07,47.75736843
1667701308.7808516,21236.57,21235.18,-7.08410692,-1.32,47.10929069
1667701318.7837615,21236.57,21235.18,-7.08410692,-1.32,47.10929069
1667701328.8251271,21236.57,21235.18,-7.08410692,-1.32,47.10929069
1667701338.7849233,21233.44,21233.44,-6.61619113,1.18,46.33892256
1667701348.7813456,21233.44,21233.44,-6.61619113,1.18,46.33892256
1667701358.7966323,21233.44,21233.44,-6.61619113,1.18,46.33892256
1667701368.7916594,21233.44,21238.71,-6.19579227,6.45,49.01548211
1667701378.8085,21233.44,21238.71,-6.19579227,6.45,49.01548211
1667701388.8384666,21233.44,21238.71,-6.19579227,6.45,49.01548211
1667701398.8391626,21237.87,21237.87,-5.45858215,30.73,48.60355609
1667701408.8812482,21237.87,21237.87,-5.45858215,30.73,48.60355609
1667701418.8340268,21237.87,21237.87,-5.45858215,30.73,48.60355609
1667701428.8734274,21237.87,21237.92,-5.45459354,30.78,48.63016116
1667701438.862403,21237.87,21237.92,-5.45459354,30.78,48.63016116
1667701448.8862774,21237.87,21237.92,-5.45459354,30.78,48.63016116
1667701458.8845823,21237.08,21237.08,-4.90568228,17.33,48.24370742
1667701469.0387783,21237.08,21237.08,-4.90568228,17.33,48.24370742
1667701478.8195372,21237.08,21237.08,-4.90568228,17.33,48.24370742
1667701489.6819012,21237.08,21236.59,-4.9447706,16.84,47.96606648
1667701499.7118556,21237.08,21236.59,-4.9447706,16.84,47.96606648
1667701509.749648,21237.08,21236.59,-4.9447706,16.84,47.96606648
1667701519.7307642,21232.32,21232.32,-5.03969518,3.89,45.87131499
1667701529.725907,21232.32,21232.32,-5.03969518,3.89,45.87131499
1667701539.7159708,21232.32,21232.32,-5.03969518,3.89,45.87131499
1667701549.9410288,21232.32,21231.54,-5.1019174,3.11,45.42785257
1667701559.7929354,21232.32,21231.54,-5.1019174,3.11,45.42785257
1667701569.7657237,21232.32,21231.54,-5.1019174,3.11,45.42785257
1667701579.774255,21231.66,21231.66,-4.90543964,-2.26,45.60868966
1667701589.7677865,21231.66,21231.66,-4.90543964,-2.26,45.60868966
1667701599.7675445,21231.66,21231.66,-4.90543964,-2.26,45.60868966
1667701609.784113,21231.66,21235.17,-4.62543964,1.25,47.78607917
1667701619.7522476,21231.66,21235.17,-4.62543964,1.25,47.78607917
1667701629.7525935,21231.66,21235.17,-4.62543964,1.25,47.78607917
1667701639.7574844,21232.53,21232.53,-4.52886661,-0.93,46.1651389
1667701649.7959826,21232.53,21232.53,-4.52886661,-0.93,46.1651389
1667701659.7996976,21232.53,21232.53,-4.52886661,-0.93,46.1651389
1667701670.7641022,21232.53,21240.73,-3.87473555,7.27,51.22958303
1667701680.7401683,21232.53,21240.73,-3.87473555,7.27,51.22958303
1667701690.7546043,21232.53,21240.73,-3.87473555,7.27,51.22958303
1667701700.7681072,21243.35,21243.35,-2.72799291,3.58,52.66652046
1667701710.797231,21243.35,21243.35,-2.72799291,3.58,52.66652046
1667701720.783332,21243.35,21245.53,-2.55408978,5.76,53.87230369
1667701730.7503002,21243.35,21245.53,-2.55408978,5.76,53.87230369
1667701740.755088,21243.35,21245.53,-2.55408978,5.76,53.87230369
1667701750.759509,21250.35,21250.35,-0.951421,17.36,56.33185613
1667701760.7660425,21250.35,21250.35,-0.951421,17.36,56.33185613
1667701770.7802532,21250.35,21250.35,-0.951421,17.36,56.33185613
1667701780.8016076,21250.35,21244.03,-1.45558055,11.04,52.38749495
1667701790.7848847,21250.35,21244.03,-1.45558055,11.04,52.38749495
1667701800.7696936,21250.35,21244.03,-1.45558055,11.04,52.38749495
1667701810.7795618,21244.62,21244.62,-0.75183595,8.58,52.69963868
1667701820.763342,21244.62,21244.62,-0.75183595,8.58,52.69963868
1667701830.7793324,21244.62,21244.62,-0.75183595,8.58,52.69963868
1667701840.7976546,21244.62,21246.14,-0.63058239,10.1,53.60836082
1667701851.7926536,21244.62,21246.14,-0.63058239,10.1,53.60836082
1667701861.8136013,21244.62,21246.14,-0.63058239,10.1,53.60836082
1667701871.8061812,21248.51,21248.51,0.23609081,14.76,54.916595
1667701881.80707,21248.51,21248.51,0.23609081,14.76,54.916595
1667701891.8182883,21248.51,21248.51,0.23609081,14.76,54.916595
1667701901.835247,21248.51,21248.51,0.23609081,14.76,54.916595
1667701911.8750384,21248.51,21243.86,-0.13484936,10.11,51.91826887
1667701921.846603,21248.51,21243.86,-0.13484936,10.11,51.91826887
1667701931.8599584,21241.37,21241.37,-0.20440951,3.5,50.40673214
1667701941.8841352,21241.37,21241.37,-0.20440951,3.5,50.40673214
1667701951.853671,21241.37,21241.37,-0.20440951,3.5,50.40673214
1667701961.8998165,21241.37,21237.75,-0.49318444,-0.12,48.20926244
1667701971.8799868,21241.37,21237.75,-0.49318444,-0.12,48.20926244
1667701981.8425906,21241.37,21237.75,-0.49318444,-0.12,48.20926244
1667701991.851142,21241.37,21237.75,-0.49318444,-0.12,48.20926244
1667702001.914696,21234.32,21234.32,-1.05013595,-2.31,46.26520124
1667702011.9010267,21234.32,21234.32,-1.05013595,-2.31,46.26520124
1667702021.8600678,21234.32,21239.6,-0.62893937,2.97,49.57095189
1667702032.4908867,21234.32,21239.6,-0.62893937,2.97,49.57095189
1667702042.48164,21234.32,21239.6,-0.62893937,2.97,49.57095189
1667702052.4575765,21240.74,21240.74,-0.40073078,8.87,50.245499
1667702062.5046933,21240.74,21240.74,-0.40073078,8.87,50.245499
1667702072.5212982,21240.74,21240.74,-0.40073078,8.87,50.245499
1667702082.739575,21240.74,21246.38,0.04918375,14.51,53.55547594
1667702092.5241976,21240.74,21246.38,0.04918375,14.51,53.55547594
1667702102.5560985,21240.74,21246.38,0.04918375,14.51,53.55547594
1667702112.5261538,21261.94,21261.94,2.7082672,31.1,60.75785283
1667702122.5358586,21261.94,21261.94,2.7082672,31.1,60.75785283
1667702132.494484,21261.94,21261.94,2.7082672,31.1,60.75785283
1667702142.530376,21261.94,21261.94,2.7082672,31.1,60.75785283
1667702152.564608,21261.94,21268.67,3.2451333,37.83,63.40145047
1667702163.6892765,21261.94,21268.67,3.2451333,37.83,63.40145047
1667702172.7117093,21275.62,21275.62,5.6783488,43.09,65.79942843
1667702182.5485525,21275.62,21275.62,5.6783488,43.09,65.79942843
1667702192.557192,21275.62,21275.62,5.6783488,43.09,65.79942843
1667702202.563853,21275.62,21275.13,5.63926048,42.6,65.62977598
1667702213.136862,21275.62,21275.13,5.63926048,42.6,65.62977598
1667702223.02468,21275.62,21275.13,5.63926048,42.6,65.62977598
1667702233.0206535,21271.8,21271.8,6.59000215,28.79,63.54784501
1667702243.034102,21271.8,21271.8,6.59000215,28.79,63.54784501
1667702253.0225277,21271.8,21271.8,6.59000215,28.79,63.54784501
1667702263.0300696,21271.8,21272.46,6.64265172,29.45,63.80091064
1667702273.0092,21271.8,21272.46,6.64265172,29.45,63.80091064
1667702283.0321162,21271.8,21272.46,6.64265172,29.45,63.80091064
1667702293.060493,21266.62,21266.62,6.71224674,16.27,60.17647326
1667702303.033845,21266.62,21266.62,6.71224674,16.27,60.17647326
1667702313.066568,21266.62,21266.62,6.71224674,16.27,60.17647326
1667702323.0554988,21266.62,21266.33,6.68911284,15.98,60.05218192
1667702333.0453973,21266.62,21266.33,6.68911284,15.98,60.05218192
1667702343.1264043,21266.62,21266.33,6.68911284,15.98,60.05218192
1667702353.050271,21267.76,21267.76,7.24018,22.42,60.65766135
1667702363.0613978,21267.76,21267.76,7.24018,22.42,60.65766135
1667702373.052807,21267.76,21267.76,7.24018,22.42,60.65766135
1667702383.074364,21267.76,21265.67,7.07345635,20.33,59.24431708
1667702393.6052094,21267.76,21265.67,7.07345635,20.33,59.24431708
1667702403.627985,21267.76,21265.67,7.07345635,20.33,59.24431708
1667702413.6294937,21263.77,21263.77,6.99759841,15.91,57.96674706
1667702423.565281,21263.77,21263.77,6.99759841,15.91,57.96674706
1667702433.557983,21263.77,21263.77,6.99759841,15.91,57.96674706
1667702443.617141,21263.77,21266.59,7.22255567,18.73,59.53128504
1667702453.5842454,21263.77,21266.59,7.22255567,18.73,59.53128504
1667702463.6033554,21263.77,21266.59,7.22255567,18.73,59.53128504
1667702473.607255,21267.74,21267.74,7.43276617,26.37,60.09029436
1667702483.6176467,21267.74,21267.74,7.43276617,26.37,60.09029436
1667702493.641892,21267.74,21267.74,7.43276617,26.37,60.09029436
1667702503.579232,21267.74,21264.83,7.20062942,23.46,58.14045627
1667702513.582231,21267.74,21264.83,7.20062942,23.46,58.14045627
1667702523.605996,21267.74,21264.83,7.20062942,23.46,58.14045627
1667702533.703267,21267.33,21267.33,7.40942841,32.24,59.89779486
1667702543.6134896,21267.33,21267.33,7.40942841,32.24,59.89779486
1667702553.5972252,21267.33,21267.33,7.40942841,32.24,59.89779486
1667702563.5931978,21267.33,21264.76,7.20441416,29.67,57.96543843
1667702574.2515745,21267.33,21264.76,7.20441416,29.67,57.96543843
1667702584.255636,21267.33,21264.76,7.20441416,29.67,57.96543843
1667702594.267716,21264.03,21264.03,6.88333434,23.29,57.41961476
1667702604.2484047,21264.03,21264.03,6.88333434,23.29,57.41961476
1667702614.2289765,21264.03,21264.03,6.88333434,23.29,57.41961476
1667702624.2482848,21264.03,21262.76,6.7820238,22.02,56.42417721
1667702634.263335,21264.03,21262.76,6.7820238,22.02,56.42417721
1667702644.216762,21264.03,21262.76,6.7820238,22.02,56.42417721
1667702654.271232,21265.52,21265.52,6.80958826,3.58,58.28307749
1667702664.2257905,21265.52,21265.52,6.80958826,3.58,58.28307749
1667702674.2282014,21265.52,21265.52,6.80958826,3.58,58.28307749
1667702684.270558,21265.52,21267.15,6.93961675,5.21,59.25644961
1667702694.2163174,21265.52,21267.15,6.93961675,5.21,59.25644961
1667702704.2930422,21265.52,21267.15,6.93961675,5.21,59.25644961
1667702714.2827115,21264.49,21264.49,6.43548024,-10.42,57.41630545
1667702724.289204,21264.49,21264.49,6.43548024,-10.42,57.41630545
1667702734.5225422,21264.49,21264.49,6.43548024,-10.42,57.41630545
1667702744.279021,21264.49,21267.98,6.7138848,-6.93,59.60824239
1667702755.0059545,21264.49,21267.98,6.7138848,-6.93,59.60824239
1667702765.061386,21264.49,21267.98,6.7138848,-6.93,59.60824239
1667702775.0513902,21267.82,21267.82,6.63740724,-3.98,59.32734212
1667702785.0479903,21267.82,21267.82,6.63740724,-3.98,59.32734212
1667702795.0000134,21267.82,21267.82,6.63740724,-3.98,59.32734212
1667702805.0520782,21267.82,21266.02,6.4938175,-5.78,57.70073712
1667702815.215433,21267.82,21266.02,6.4938175,-5.78,57.70073712
1667702825.0290926,21267.82,21266.02,6.4938175,-5.78,57.70073712
1667702835.028205,21265.03,21265.03,6.08369781,-1.21,56.84355883
1667702845.0746014,21265.03,21265.03,6.08369781,-1.21,56.84355883
1667702855.0302851,21265.03,21265.03,6.08369781,-1.21,56.84355883
1667702865.0858872,21265.03,21262.66,5.89463798,-3.58,54.7468098
1667702875.071817,21265.03,21262.66,5.89463798,-3.58,54.7468098
1667702885.0299363,21265.03,21262.66,5.89463798,-3.58,54.7468098
1667702895.033648,21262.33,21262.33,5.37324486,-5.43,54.46706325
1667702905.045225,21262.33,21262.33,5.37324486,-5.43,54.46706325
1667702915.0311234,21262.33,21262.33,5.37324486,-5.43,54.46706325
1667702925.0733333,21262.33,21261.38,5.29746138,-6.38,53.61767114
1667702935.6093812,21262.33,21261.38,5.29746138,-6.38,53.61767114
1667702945.6439016,21262.33,21261.38,5.29746138,-6.38,53.61767114
1667702955.694952,21259.92,21259.92,4.55389025,-4.85,52.35468689
1667702965.675944,21259.92,21259.92,4.55389025,-4.85,52.35468689
1667702975.654469,21259.92,21259.92,4.55389025,-4.85,52.35468689
1667702985.647762,21259.92,21251.0,3.8423233,-13.77,45.39834998
1667702995.6864407,21259.92,21251.0,3.8423233,-13.77,45.39834998
1667703005.67579,21259.92,21251.0,3.8423233,-13.77,45.39834998
1667703015.6255913,21249.05,21249.05,2.52623539,-17.99,44.09309088
1667703025.632437,21249.05,21249.05,2.52623539,-17.99,44.09309088
1667703035.6617885,21249.05,21249.05,2.52623539,-17.99,44.09309088
1667703045.6528833,21249.05,21252.44,2.79666274,-14.6,46.87732695
1667703055.6642375,21249.05,21252.44,2.79666274,-14.6,46.87732695
1667703065.6558416,21249.05,21252.44,2.79666274,-14.6,46.87732695
1667703075.629876,21250.49,21250.49,1.74092798,-16.56,45.30356841
1667703085.6435628,21250.49,21250.49,1.74092798,-16.56,45.30356841
1667703095.6381123,21250.49,21250.49,1.74092798,-16.56,45.30356841
1667703105.6448896,21250.49,21248.21,1.55904763,-18.84,43.55011875
1667703116.2038958,21250.49,21248.21,1.55904763,-18.84,43.55011875
1667703126.214895,21250.49,21248.21,1.55904763,-18.84,43.55011875
1667703136.2052302,21234.45,21234.45,-1.20194409,-29.58,35.5617906
1667703146.311026,21234.45,21234.45,-1.20194409,-29.58,35.5617906
1667703156.2366126,21234.45,21234.45,-1.20194409,-29.58,35.5617906
1667703166.2297287,21234.45,21224.1,-2.02758512,-39.93,30.96900918
1667703176.239965,21234.45,21224.1,-2.02758512,-39.93,30.96900918
1667703186.202726,21234.45,21224.1,-2.02758512,-39.93,30.96900918
1667703196.2741578,21224.56,21224.56,-3.9107487,-40.96,31.1477966
1667703206.2295296,21224.56,21224.56,-3.9107487,-40.96,31.1477966
1667703216.2450612,21224.56,21224.56,-3.9107487,-40.96,31.1477966
1667703226.262296,21224.56,21231.85,-3.32921024,-33.67,37.32327146
1667703236.2431045,21224.56,21231.85,-3.32921024,-33.67,37.32327146
1667703246.272696,21224.56,21231.85,-3.32921024,-33.67,37.32327146
1667703256.2754314,21233.09,21233.09,-4.11093891,-31.4,38.47688567
1667703266.253304,21233.09,21233.09,-4.11093891,-31.4,38.47688567
1667703276.244657,21233.09,21233.09,-4.11093891,-31.4,38.47688567
1667703286.2291808,21233.09,21240.84,-3.49270529,-23.65,43.89430641
1667703297.0381331,21233.09,21240.84,-3.49270529,-23.65,43.89430641
1667703307.064427,21233.09,21240.84,-3.49270529,-23.65,43.89430641
1667703317.099363,21243.23,21243.23,-3.37501437,-25.13,45.44089716
1667703327.093434,21243.23,21243.23,-3.37501437,-25.13,45.44089716
1667703337.0844595,21243.23,21243.23,-3.37501437,-25.13,45.44089716
1667703347.0972688,21243.23,21241.34,-3.52578361,-27.02,44.39861224
1667703357.0825877,21243.23,21241.34,-3.52578361,-27.02,44.39861224
1667703367.0336692,21243.23,21241.34,-3.52578361,-27.02,44.39861224
1667703377.100629,21242.58,21242.58,-3.4856041,-22.45,45.07696263
1667703387.0578308,21242.58,21242.58,-3.4856041,-22.45,45.07696263
1667703397.0849466,21242.58,21242.58,-3.4856041,-22.45,45.07696263
1667703407.0700598,21242.58,21235.26,-4.06953572,-29.77,41.08620968
1667703417.0977702,21242.58,21235.26,-4.06953572,-29.77,41.08620968
1667703427.0754073,21242.58,21235.26,-4.06953572,-29.77,41.08620968
1667703437.0835087,21240.73,21240.73,-3.75342241,-21.6,43.99691808
1667703447.0715575,21240.73,21240.73,-3.75342241,-21.6,43.99691808
1667703457.0514083,21240.73,21240.73,-3.75342241,-21.6,43.99691808
1667703467.053927,21240.73,21240.94,-3.73667028,-21.39,44.16047203
1667703477.4605694,21240.73,21240.94,-3.73667028,-21.39,44.16047203
1667703487.4350815,21240.73,21240.94,-3.73667028,-21.39,44.16047203
1667703497.437911,21241.09,21241.09,-3.75396298,-18.35,44.27671261
1667703507.4623454,21241.09,21241.09,-3.75396298,-18.35,44.27671261
1667703517.452402,21241.09,21241.09,-3.75396298,-18.35,44.27671261
1667703527.445626,21241.09,21240.93,-3.76672651,-18.51,44.17108741
1667703537.4438112,21241.09,21240.93,-3.76672651,-18.51,44.17108741
1667703547.4860432,21241.09,21240.93,-3.76672651,-18.51,44.17108741
1667703557.426318,21238.82,21238.82,-4.08948959,-10.59,42.97313347
1667703567.42898,21238.82,21238.82,-4.08948959,-10.59,42.97313347
1667703577.4242537,21238.82,21238.82,-4.08948959,-10.59,42.97313347
1667703587.480694,21238.82,21237.04,-4.23148389,-12.37,41.69450078
1667703597.434069,21238.82,21237.04,-4.23148389,-12.37,41.69450078
1667703607.4373186,21238.82,21237.04,-4.23148389,-12.37,41.69450078
1667703617.494651,21238.22,21238.22,-4.19153408,-11.81,42.50958428
1667703627.431142,21238.22,21238.22,-4.19153408,-11.81,42.50958428
1667703637.4326246,21238.22,21238.22,-4.19153408,-11.81,42.50958428
1667703647.4737144,21238.22,21239.9,-4.05751698,-10.13,43.98635748
1667703658.076829,21238.22,21239.9,-4.05751698,-10.13,43.98635748
1667703668.0405266,21238.22,21239.9,-4.05751698,-10.13,43.98635748
1667703678.0098166,21241.34,21241.34,-3.74302968,6.55,45.30026055
1667703688.0353572,21241.34,21241.34,-3.74302968,6.55,45.30026055
1667703698.0224626,21241.34,21241.34,-3.74302968,6.55,45.30026055
1667703708.0748086,21241.34,21240.9,-3.7781294,6.11,44.96743676
1667703718.0941527,21241.34,21240.9,-3.7781294,6.11,44.96743676
1667703728.0669744,21241.34,21240.9,-3.7781294,6.11,44.96743676
1667703738.0466242,21241.65,21241.65,-3.52515759,17.09,45.53772388
1667703748.0846946,21241.65,21241.65,-3.52515759,17.09,45.53772388
1667703758.0475438,21241.65,21241.65,-3.52515759,17.09,45.53772388
1667703768.079931,21241.65,21238.16,-3.80356214,13.6,42.81655203
1667703778.061334,21241.65,21238.16,-3.80356214,13.6,42.81655203
1667703788.077957,21241.65,21238.16,-3.80356214,13.6,42.81655203
1667703798.0776775,21237.78,21237.78,-3.88011911,3.82,42.5392133
1667703808.0857744,21237.78,21237.78,-3.88011911,3.82,42.5392133
1667703818.1086254,21237.78,21237.78,-3.88011911,3.82,42.5392133
1667703828.0455823,21237.78,21241.52,-3.58177153,7.56,46.22246181
1667703838.8883862,21237.78,21241.52,-3.58177153,7.56,46.22246181
1667703848.897843,21237.78,21241.52,-3.58177153,7.56,46.22246181
1667703859.082998,21242.54,21242.54,-3.19987149,-0.69,47.14707211
1667703868.8898003,21242.54,21242.54,-3.19987149,-0.69,47.14707211
1667703878.904814,21242.54,21242.54,-3.19987149,-0.69,47.14707211
1667703888.9155784,21242.54,21243.93,-3.0889883,0.7,48.44785222
1667703898.9179225,21242.54,21243.93,-3.0889883,0.7,48.44785222
1667703908.9043064,21242.54,21243.93,-3.0889883,0.7,48.44785222
1667703918.8999338,21245.19,21245.19,-2.50714237,2.61,49.5354315
1667703928.9128008,21245.19,21245.19,-2.50714237,2.61,49.5354315
1667703938.9016345,21245.19,21245.19,-2.50714237,2.61,49.5354315
1667703948.9058664,21245.19,21244.79,-2.5390512,2.21,49.17816424
1667703958.9125562,21245.19,21244.79,-2.5390512,2.21,49.17816424
1667703968.9719138,21245.19,21244.79,-2.5390512,2.21,49.17816424
1667703978.8776236,21246.01,21246.01,-2.0632107,5.28,50.31375062
1667703988.9232745,21246.01,21246.01,-2.0632107,5.28,50.31375062
1667703998.9156969,21246.01,21246.01,-2.0632107,5.28,50.31375062
1667704008.8792,21246.01,21242.07,-2.37751269,1.34,46.66677824
1667704019.276758,21246.01,21242.07,-2.37751269,1.34,46.66677824
1667704029.2972383,21246.01,21242.07,-2.37751269,1.34,46.66677824
1667704039.307331,21243.09,21243.09,-2.09941485,2.0,47.53251942
1667704049.3192434,21243.09,21243.09,-2.09941485,2.0,47.53251942
1667704059.2549107,21243.09,21243.09,-2.09941485,2.0,47.53251942
1667704069.2903886,21243.09,21241.78,-2.20391627,0.69,46.30644206
1667704079.2553265,21243.09,21241.78,-2.20391627,0.69,46.30644206
1667704089.2593677,21243.09,21241.78,-2.20391627,0.69,46.30644206
1667704099.2745757,21241.71,21241.71,-2.14206147,3.45,46.24270427
1667704109.2906094,21241.71,21241.71,-2.14206147,3.45,46.24270427
1667704119.280543,21241.71,21241.71,-2.14206147,3.45,46.24270427
1667704129.3315682,21241.71,21240.32,-2.25294466,2.06,44.92049094
1667704139.3189795,21241.71,21240.32,-2.25294466,2.06,44.92049094
1667704149.313553,21241.71,21240.32,-2.25294466,2.06,44.92049094
1667704159.3190591,21244.3,21244.3,-1.73009607,5.72,49.07786415
1667704169.347441,21244.3,21244.3,-1.73009607,5.72,49.07786415
1667704179.310482,21244.3,21244.3,-1.73009607,5.72,49.07786415
1667704189.2844322,21244.3,21246.48,-1.55619294,7.9,51.36806797
1667704199.7493188,21244.3,21246.48,-1.55619294,7.9,51.36806797
1667704209.7317383,21244.3,21246.48,-1.55619294,7.9,51.36806797
1667704219.677081,21246.01,21246.01,-1.27218863,4.27,50.88479348
1667704229.683966,21246.01,21246.01,-1.27218863,4.27,50.88479348
1667704239.6726754,21246.01,21246.01,-1.27218863,4.27,50.88479348
1667704249.738306,21246.01,21245.86,-1.28415444,4.12,50.71456769
1667704259.7270532,21246.01,21245.86,-1.28415444,4.12,50.71456769
1667704269.727805,21246.01,21245.86,-1.28415444,4.12,50.71456769
1667704279.7429032,21238.8,21238.8,-2.02877901,-2.85,43.81566297
1667704289.7484553,21238.8,21238.8,-2.02877901,-2.85,43.81566297
1667704299.7089376,21238.8,21238.8,-2.02877901,-2.85,43.81566297
1667704309.766605,21238.8,21240.5,-1.89316648,-1.15,45.73007555
1667704319.7645197,21238.8,21240.5,-1.89316648,-1.15,45.73007555
1667704329.7456276,21238.8,21240.5,-1.89316648,-1.15,45.73007555
1667704339.6943011,21239.63,21239.63,-2.03047706,1.84,44.7669348
1667704349.749164,21239.63,21239.63,-2.03047706,1.84,44.7669348
1667704359.7711012,21239.63,21239.63,-2.03047706,1.84,44.7669348
1667704369.706686,21239.63,21235.02,-2.39822634,-2.77,40.65014241
1667704380.4126277,21239.63,21235.02,-2.39822634,-2.77,40.65014241
1667704390.4575346,21235.13,21235.13,-2.69667387,-7.41,40.73953663
1667704400.429,21235.13,21235.13,-2.69667387,-7.41,40.73953663
1667704410.4128487,21235.13,21235.13,-2.69667387,-7.41,40.73953663
1667704420.439216,21235.13,21234.31,-2.76208698,-8.23,40.03278145
1667704430.3968797,21235.13,21234.31,-2.76208698,-8.23,40.03278145
1667704440.4797328,21235.13,21234.31,-2.76208698,-8.23,40.03278145
1667704450.4460614,21235.13,21234.31,-2.76208698,-8.23,40.03278145
1667704460.4017084,21233.38,21233.38,-3.15402826,-12.56,39.2603217
1667704470.440031,21233.38,21233.38,-3.15402826,-12.56,39.2603217
1667704480.4487133,21233.38,21233.38,-3.15402826,-12.56,39.2603217
1667704490.3989832,21233.38,21226.74,-3.68371486,-19.2,34.18803238
1667704500.4439626,21233.38,21226.74,-3.68371486,-19.2,34.18803238
1667704510.4359124,21218.48,21218.48,-5.48011292,-27.03,29.53968269
1667704520.4218535,21218.48,21218.48,-5.48011292,-27.03,29.53968269
1667704530.4645388,21218.48,21218.48,-5.48011292,-27.03,29.53968269
1667704540.443846,21218.48,21214.12,-5.82791918,-31.39,27.30865716
1667704550.423814,21218.48,21214.12,-5.82791918,-31.39,27.30865716
1667704561.0107105,21218.48,21214.12,-5.82791918,-31.39,27.30865716
1667704571.0396223,21213.94,21213.94,-6.9437608,-29.56,27.22662968
1667704581.1483526,21213.94,21213.94,-6.9437608,-29.56,27.22662968
1667704591.0656948,21213.94,21213.94,-6.9437608,-29.56,27.22662968
1667704601.0603418,21213.94,21226.25,-5.9617665,-17.25,40.40940881
1667704611.0416763,21213.94,21226.25,-5.9617665,-17.25,40.40940881
1667704621.0775218,21213.94,21226.25,-5.9617665,-17.25,40.40940881
1667704631.1065154,21230.59,21230.59,-5.35483614,-11.12,44.02345704
1667704641.0718534,21230.59,21230.59,-5.35483614,-11.12,44.02345704
1667704651.259206,21230.59,21230.59,-5.35483614,-11.12,44.02345704
1667704661.1049876,21230.59,21238.47,-4.72623215,-3.24,49.85615647
1667704671.1073277,21230.59,21238.47,-4.72623215,-3.24,49.85615647
1667704681.0829923,21230.59,21238.47,-4.72623215,-3.24,49.85615647
1667704691.2366867,21240.39,21240.39,-3.6983153,-3.4,51.07555969
1667704701.10251,21240.39,21240.39,-3.6983153,-3.4,51.07555969
1667704711.0680933,21240.39,21240.39,-3.6983153,-3.4,51.07555969
1667704721.1005666,21240.39,21236.21,-4.03176259,-7.58,48.28061539
1667704731.1118543,21240.39,21236.21,-4.03176259,-7.58,48.28061539
1667704741.709565,21240.39,21236.21,-4.03176259,-7.58,48.28061539
1667704751.7601829,21240.39,21236.21,-4.03176259,-7.58,48.28061539
1667704761.6982777,21238.71,21238.71,-3.25672255,-7.36,49.93416924
1667704771.8299532,21238.71,21238.71,-3.25672255,-7.36,49.93416924
1667704781.7093625,21238.71,21238.38,-3.28304734,-7.69,49.6946976
1667704791.716214,21238.71,21238.38,-3.28304734,-7.69,49.6946976
1667704801.7115054,21238.71,21238.38,-3.28304734,-7.69,49.6946976
1667704811.722124,21239.45,21239.45,-2.67169468,0.65,50.49014414
1667704821.7297986,21239.45,21239.45,-2.67169468,0.65,50.49014414
1667704831.6957624,21239.45,21239.45,-2.67169468,0.65,50.49014414
1667704841.7058723,21239.45,21236.82,-2.88149525,-1.98,48.5073553
1667704851.757727,21239.45,21236.82,-2.88149525,-1.98,48.5073553
1667704861.7448394,21239.45,21236.82,-2.88149525,-1.98,48.5073553
1667704871.75498,21238.65,21238.65,-2.31098272,-0.98,49.87526175
1667704881.750271,21238.65,21238.65,-2.31098272,-0.98,49.87526175
1667704891.7680068,21238.65,21238.65,-2.31098272,-0.98,49.87526175
1667704901.7402463,21238.65,21236.55,-2.47850409,-3.08,48.19564766
1667704911.6920831,21238.65,21236.55,-2.47850409,-3.08,48.19564766
1667704922.523764,21238.65,21236.55,-2.47850409,-3.08,48.19564766
1667704932.571548,21236.68,21236.68,-2.23052216,1.55,48.29633214
1667704942.5312612,21236.68,21236.68,-2.23052216,1.55,48.29633214
1667704952.5015807,21236.68,21236.68,-2.23052216,1.55,48.29633214
1667704962.507204,21236.68,21240.77,-1.90425435,5.64,51.71407879
1667704972.5097988,21236.68,21240.77,-1.90425435,5.64,51.71407879
1667704982.533451,21236.68,21240.77,-1.90425435,5.64,51.71407879
1667704992.5468416,21240.91,21240.91,-1.40557927,7.53,51.79257348
1667705002.4879107,21240.91,21240.91,-1.40557927,7.53,51.79257348
1667705012.5551023,21240.91,21240.91,-1.40557927,7.53,51.79257348
1667705022.516794,21240.91,21238.98,-1.55953938,5.6,50.12647134
1667705032.5298333,21240.91,21238.98,-1.55953938,5.6,50.12647134
1667705042.524779,21240.91,21238.98,-1.55953938,5.6,50.12647134
1667705052.52332,21240.1,21240.1,-1.11310367,21.73,51.05334583
1667705062.533841,21240.1,21240.1,-1.11310367,21.73,51.05334583
1667705072.53466,21240.1,21240.1,-1.11310367,21.73,51.05334583
1667705082.5624926,21240.1,21240.1,-1.11310367,21.73,51.05334583
1667705092.57488,21240.1,21238.13,-1.27025467,19.76,49.27857238
1667705103.1520314,21240.1,21238.13,-1.27025467,19.76,49.27857238
1667705113.1503253,21234.6,21234.6,-1.59111307,20.66,46.35814282
1667705123.1667712,21234.6,21234.6,-1.59111307,20.66,46.35814282
1667705133.1784234,21234.6,21234.6,-1.59111307,20.66,46.35814282
1667705143.1700883,21234.6,21234.76,-1.57834954,20.82,46.49112552
1667705153.1196675,21234.6,21234.76,-1.57834954,20.82,46.49112552
1667705163.1428273,21234.6,21234.76,-1.57834954,20.82,46.49112552
1667705173.1957946,21238.91,21238.91,-1.03682418,8.01,50.20944065
1667705183.125306,21238.91,21238.91,-1.03682418,8.01,50.20944065
1667705193.3625712,21238.91,21238.91,-1.03682418,8.01,50.20944065
1667705203.143757,21238.91,21238.14,-1.09824868,7.24,49.51328174
1667705213.1317215,21238.91,21238.14,-1.09824868,7.24,49.51328174
1667705223.133026,21238.91,21238.14,-1.09824868,7.24,49.51328174
1667705233.1301134,21238.76,21238.76,-0.87131386,-2.04,50.07324917
1667705243.1496458,21238.76,21238.76,-0.87131386,-2.04,50.07324917
1667705253.1723228,21238.76,21238.76,-0.87131386,-2.04,50.07324917
1667705263.1731703,21238.76,21237.39,-0.98060161,-3.41,48.76137298
1667705273.1421027,21238.76,21237.39,-0.98060161,-3.41,48.76137298
1667705283.7565987,21238.76,21237.39,-0.98060161,-3.41,48.76137298
1667705293.7656977,21238.27,21238.27,-0.79160373,-0.07,49.59600663
1667705303.76604,21238.27,21238.27,-0.79160373,-0.07,49.59600663
1667705313.7992272,21238.27,21238.27,-0.79160373,-0.07,49.59600663
1667705323.773816,21238.27,21237.84,-0.82590572,-0.5,49.15327264
1667705333.7501588,21238.27,21237.84,-0.82590572,-0.5,49.15327264
1667705343.7790222,21238.27,21237.84,-0.82590572,-0.5,49.15327264
1667705353.8168244,21238.06,21238.06,-0.71919302,-0.89,49.37879566
1667705363.746551,21238.06,21238.06,-0.71919302,-0.89,49.37879566
1667705373.8623765,21238.06,21238.06,-0.71919302,-0.89,49.37879566
1667705384.037531,21238.06,21240.95,-0.48865171,2.0,52.46424676
1667705393.785282,21238.06,21240.95,-0.48865171,2.0,52.46424676
1667705403.8226514,21238.06,21240.95,-0.48865171,2.0,52.46424676
1667705413.8181388,21239.08,21239.08,-0.49695041,0.43,50.51249061
1667705423.8228292,21239.08,21239.08,-0.49695041,0.43,50.51249061
1667705433.8191938,21239.08,21239.08,-0.49695041,0.43,50.51249061
1667705443.8458595,21239.08,21236.22,-0.72509856,-2.43,47.31290386
1667705453.8301706,21239.08,21236.22,-0.72509856,-2.43,47.31290386
1667705464.2333844,21239.08,21236.22,-0.72509856,-2.43,47.31290386
1667705474.2325542,21229.3,21229.3,-1.78314902,-7.38,41.16172186
1667705484.213423,21229.3,21229.3,-1.78314902,-7.38,41.16172186
1667705494.1920292,21229.3,21229.3,-1.78314902,-7.38,41.16172186
1667705504.206997,21229.3,21231.75,-1.58770742,-4.93,43.96522681
1667705514.2187886,21229.3,21231.75,-1.58770742,-4.93,43.96522681
1667705524.458303,21229.3,21231.75,-1.58770742,-4.93,43.96522681
1667705534.2736802,21228.43,21228.43,-2.22100861,-12.73,40.32383821
1667705544.2327373,21228.43,21228.43,-2.22100861,-12.73,40.32383821
1667705554.1983335,21228.43,21228.43,-2.22100861,-12.73,40.32383821
1667705564.2187655,21228.43,21229.24,-2.15639322,-11.92,41.10250968
1667705574.2768698,21228.43,21229.24,-2.15639322,-11.92,41.10250968
1667705584.266155,21228.43,21229.24,-2.15639322,-11.92,41.10250968
1667705594.2315953,21231.32,21231.32,-2.11771286,-9.18,43.6812947
1667705604.219923,21231.32,21231.32,-2.11771286,-9.18,43.6812947
1667705614.5932555,21231.32,21231.32,-2.11771286,-9.18,43.6812947
1667705624.224951,21231.32,21235.78,-1.76192939,-4.72,48.85257773
1667705634.1987362,21231.32,21235.78,-1.76192939,-4.72,48.85257773
1667705645.0334976,21231.32,21235.78,-1.76192939,-4.72,48.85257773
1667705655.010669,21243.5,21243.5,-0.47147808,8.38,55.86699484
1667705665.0408342,21243.5,21243.5,-0.47147808,8.38,55.86699484
1667705675.022835,21243.5,21243.5,-0.47147808,8.38,55.86699484
1667705685.0190496,21243.5,21245.18,-0.33746099,10.06,57.24125651
1667705695.0149214,21243.5,21245.18,-0.33746099,10.06,57.24125651
1667705705.0306726,21243.5,21245.18,-0.33746099,10.06,57.24125651
1667705715.2296922,21245.63,21245.63,0.36353825,6.88,57.59494975
1667705725.0471115,21245.63,21245.63,0.36353825,6.88,57.59494975
1667705735.0238576,21245.63,21245.63,0.36353825,6.88,57.59494975
1667705745.0435042,21245.63,21251.42,0.82541859,12.67,61.95552822
1667705755.0399172,21245.63,21251.42,0.82541859,12.67,61.95552822
1667705765.0817523,21245.63,21251.42,0.82541859,12.67,61.95552822
1667705775.2608871,21249.21,21249.21,1.38656423,10.45,60.40127626
1667705785.016488,21249.21,21249.21,1.38656423,10.45,60.40127626
1667705795.0612173,21249.21,21249.21,1.38656423,10.45,60.40127626
1667705805.0269215,21249.21,21247.18,1.22462691,8.42,58.05511011
1667705815.0504577,21249.21,21247.18,1.22462691,8.42,58.05511011
1667705826.024424,21249.21,21247.18,1.22462691,8.42,58.05511011
1667705835.8559036,21244.08,21244.08,1.26522273,5.81,54.75255837
1667705845.8988516,21244.08,21244.08,1.26522273,5.81,54.75255837
1667705855.8171585,21244.08,21244.08,1.26522273,5.81,54.75255837
1667705865.8178763,21244.08,21246.79,1.48140507,8.52,57.19706122
1667705875.9981484,21244.08,21246.79,1.48140507,8.52,57.19706122
1667705885.8307862,21244.08,21246.79,1.48140507,8.52,57.19706122
1667705895.8517752,21250.78,21250.78,2.3748285,12.72,60.2094259
1667705905.8289926,21250.78,21250.78,2.3748285,12.72,60.2094259
1667705915.854873,21250.78,21250.78,2.3748285,12.72,60.2094259
1667705925.8505943,21250.78,21252.17,2.48571169,14.11,61.23108894
1667705935.9274228,21250.78,21252.17,2.48571169,14.11,61.23108894
1667705945.857056,21250.78,21252.17,2.48571169,14.11,61.23108894
1667705955.8835871,21249.88,21249.88,2.69525249,10.8,59.20902793
1667705965.9031146,21249.88,21249.88,2.69525249,10.8,59.20902793
1667705975.8955767,21249.88,21249.88,2.69525249,10.8,59.20902793
1667705985.9218717,21249.88,21251.06,2.78938355,11.98,60.27321404
1667705995.9279194,21249.88,21251.06,2.78938355,11.98,60.27321404
1667706006.255882,21249.88,21251.06,2.78938355,11.98,60.27321404
1667706016.238447,21252.32,21252.32,3.27892204,23.34,61.2635068
1667706026.2713804,21252.32,21252.32,3.27892204,23.34,61.2635068
1667706036.2570057,21252.32,21252.32,3.27892204,23.34,61.2635068
1667706046.2795825,21252.32,21245.43,2.72929241,16.45,53.59484365
1667706056.2596028,21252.32,21245.43,2.72929241,16.45,53.59484365
1667706066.26762,21252.32,21245.43,2.72929241,16.45,53.59484365
1667706076.259633,21246.28,21246.28,2.71251801,17.18,54.4503016
1667706086.2910209,21246.28,21246.28,2.71251801,17.18,54.4503016
1667706096.4282432,21246.28,21246.28,2.71251801,17.18,54.4503016
1667706106.2581227,21246.28,21248.61,2.89838695,19.51,56.49998483
1667706116.2168832,21246.28,21248.61,2.89838695,19.51,56.49998483
1667706126.28556,21246.28,21248.61,2.89838695,19.51,56.49998483
1667706136.282264,21246.87,21246.87,2.72276334,15.55,54.87842262
1667706146.261026,21246.87,21246.87,2.72276334,15.55,54.87842262
1667706156.2532997,21246.87,21246.87,2.72276334,15.55,54.87842262
1667706166.2628002,21246.87,21248.33,2.83923058,17.01,56.33326556
1667706176.2506986,21246.87,21248.33,2.83923058,17.01,56.33326556
1667706187.060088,21246.87,21248.33,2.83923058,17.01,56.33326556
1667706197.0466175,21249.18,21249.18,2.92009852,5.68,57.14404811
1667706207.2599905,21249.18,21249.18,2.92009852,5.68,57.14404811
1667706217.0194962,21249.18,21249.18,2.92009852,5.68,57.14404811
1667706227.060944,21249.18,21251.11,3.07405863,7.61,58.89466814
1667706237.0600226,21249.18,21251.11,3.07405863,7.61,58.89466814
1667706247.039518,21249.18,21251.11,3.07405863,7.61,58.89466814
1667706257.2471972,21248.83,21248.83,2.87349337,3.2,56.83411061
1667706267.0267255,21248.83,21248.83,2.87349337,3.2,56.83411061
1667706277.089266,21248.83,21248.83,2.87349337,3.2,56.83411061
1667706287.0662854,21248.83,21252.86,3.19497485,7.23,60.631655
1667706297.2705858,21248.83,21252.86,3.19497485,7.23,60.631655
1667706307.0806892,21248.83,21252.86,3.19497485,7.23,60.631655
1667706317.0829415,21246.89,21246.89,2.55338731,-2.32,54.34016138
1667706327.043646,21246.89,21246.89,2.55338731,-2.32,54.34016138
1667706337.105896,21246.89,21246.89,2.55338731,-2.32,54.34016138
1667706347.03802,21246.89,21243.47,2.2805668,-5.74,50.1180318
1667706357.096675,21246.89,21243.47,2.2805668,-5.74,50.1180318
1667706368.0586474,21246.89,21243.47,2.2805668,-5.74,50.1180318
1667706378.050793,21245.12,21245.12,2.1632808,0.36,52.09875757
1667706388.063641,21245.12,21245.12,2.1632808,0.36,52.09875757
1667706398.0672326,21245.12,21245.12,2.1632808,0.36,52.09875757
1667706408.054412,21245.12,21242.09,1.9215714,-2.67,48.32200399
1667706418.1809566,21245.12,21242.09,1.9215714,-2.67,48.32200399
1667706428.0794673,21245.12,21242.09,1.9215714,-2.67,48.32200399
1667706438.0679977,21242.34,21242.34,1.53953913,-8.34,48.64165234
1667706448.1699464,21242.34,21242.34,1.53953913,-8.34,48.64165234
1667706458.0547583,21242.34,21242.34,1.53953913,-8.34,48.64165234
1667706468.0567117,21242.34,21242.17,1.52597787,-8.51,48.41637933
1667706478.0712802,21242.34,21242.17,1.52597787,-8.51,48.41637933
1667706488.039753,21242.34,21242.17,1.52597787,-8.51,48.41637933
1667706498.0506065,21240.42,21240.42,0.94689055,-9.75,46.32286248
1667706508.1179304,21240.42,21240.42,0.94689055,-9.75,46.32286248
1667706518.0964296,21240.42,21240.42,0.94689055,-9.75,46.32286248
1667706528.050667,21240.42,21242.82,1.13834354,-7.35,49.54388333
1667706538.0546522,21240.42,21242.82,1.13834354,-7.35,49.54388333
1667706548.650273,21240.42,21242.82,1.13834354,-7.35,49.54388333
1667706558.6620977,21241.03,21241.03,0.6780041,-10.97,47.17989552
1667706568.6904058,21241.03,21241.03,0.6780041,-10.97,47.17989552
1667706578.872394,21241.03,21241.03,0.6780041,-10.97,47.17989552
1667706588.683051,21241.03,21242.32,0.78091009,-9.68,49.03317268
1667706598.7420835,21241.03,21242.32,0.78091009,-9.68,49.03317268
1667706609.2969418,21241.03,21242.32,0.78091009,-9.68,49.03317268
1667706618.91472,21243.59,21243.59,0.73841383,-2.69,50.80754129
1667706628.7566986,21243.59,21243.59,0.73841383,-2.69,50.80754129
1667706638.7423272,21243.59,21243.59,0.73841383,-2.69,50.80754129
1667706648.695819,21243.59,21242.64,0.66263035,-3.64,49.4568189
1667706658.6984625,21243.59,21242.64,0.66263035,-3.64,49.4568189
1667706668.7048392,21243.59,21242.64,0.66263035,-3.64,49.4568189
1667706678.744208,21239.58,21239.58,0.09609076,-7.68,45.46599502
1667706688.7501495,21239.58,21239.58,0.09609076,-7.68,45.46599502
1667706698.7343128,21239.58,21239.58,0.09609076,-7.68,45.46599502
1667706708.758083,21239.58,21240.84,0.19660358,-6.42,47.34994352
1667706718.738805,21239.58,21240.84,0.19660358,-6.42,47.34994352
1667706729.7915213,21239.58,21240.84,0.19660358,-6.42,47.34994352
1667706739.7349727,21234.38,21234.38,-0.89271084,-14.07,39.61578743
1667706749.7561986,21234.38,21234.38,-0.89271084,-14.07,39.61578743
1667706759.7272413,21234.38,21234.38,-0.89271084,-14.07,39.61578743
1667706769.7436807,21234.38,21236.3,-0.73954845,-12.15,42.5549252
1667706779.7457051,21234.38,21236.3,-0.73954845,-12.15,42.5549252
1667706789.7433393,21234.38,21236.3,-0.73954845,-12.15,42.5549252
1667706800.044245,21236.17,21236.17,-1.04717637,-12.34,42.51959563
1667706809.7456803,21236.17,21236.17,-1.04717637,-12.34,42.51959563
1667706819.7928717,21236.17,21236.17,-1.04717637,-12.34,42.51959563
1667706829.7594476,21236.17,21234.65,-1.16842993,-13.86,40.86372582
1667706839.7651415,21236.17,21234.65,-1.16842993,-13.86,40.86372582
1667706849.7848308,21236.17,21234.65,-1.16842993,-13.86,40.86372582
1667706859.7784517,21238.56,21238.56,-0.96832336,-8.03,45.86418996
1667706869.7518067,21238.56,21238.56,-0.96832336,-8.03,45.86418996
1667706879.8423383,21238.56,21238.56,-0.96832336,-8.03,45.86418996
1667706889.7538176,21238.56,21237.93,-1.01857977,-8.66,45.05308524
1667706899.7497416,21238.56,21237.93,-1.01857977,-8.66,45.05308524
1667706910.509844,21232.33,21232.33,-1.91994605,-12.79,39.06616029
1667706920.788467,21232.33,21232.33,-1.91994605,-12.79,39.06616029
1667706930.5696452,21232.33,21232.33,-1.91994605,-12.79,39.06616029
1667706940.5199063,21232.33,21232.74,-1.8872395,-12.38,39.69797782
1667706950.493488,21232.33,21232.74,-1.8872395,-12.38,39.69797782
1667706960.5119152,21232.33,21232.74,-1.8872395,-12.38,39.69797782
1667706970.4994698,21232.3,21232.3,-2.2751381,-9.86,39.21715546
1667706980.518406,21232.3,21232.3,-2.2751381,-9.86,39.21715546
1667706990.8318615,21232.3,21232.3,-2.2751381,-9.86,39.21715546
1667707000.5751274,21232.3,21232.04,-2.29587884,-10.12,38.78565668
1667707010.5547397,21232.3,21232.04,-2.29587884,-10.12,38.78565668
1667707020.597627,21232.3,21232.04,-2.29587884,-10.12,38.78565668
1667707030.5819814,21232.3,21232.04,-2.29587884,-10.12,38.78565668
1667707040.5700278,21231.52,21231.52,-2.60730569,-8.9,38.2213043
1667707050.6067097,21231.52,21231.52,-2.60730569,-8.9,38.2213043
1667707060.590196,21231.52,21231.46,-2.61209201,-8.96,38.15492206
1667707070.6214764,21231.52,21231.46,-2.61209201,-8.96,38.15492206
1667707080.569675,21231.52,21231.46,-2.61209201,-8.96,38.15492206
1667707091.1641972,21231.52,21231.46,-2.61209201,-8.96,38.15492206
1667707101.1468403,21231.38,21231.38,-2.84292666,-9.65,38.35814034
1667707111.1906128,21231.38,21231.38,-2.84292666,-9.65,38.35814034
1667707121.1784344,21231.38,21231.1,-2.86526284,-9.93,37.82817309
1667707131.1971629,21231.38,21231.1,-2.86526284,-9.93,37.82817309
1667707141.182835,21231.38,21231.1,-2.86526284,-9.93,37.82817309
1667707151.168126,21230.45,21230.45,-3.0768722,-12.41,36.9996282
1667707161.1822083,21230.45,21230.45,-3.0768722,-12.41,36.9996282
1667707171.2794778,21230.45,21230.45,-3.0768722,-12.41,36.9996282
1667707181.4338205,21230.45,21237.31,-2.52963574,-5.55,48.47633773
1667707191.17437,21230.45,21237.31,-2.52963574,-5.55,48.47633773
1667707201.20233,21230.45,21237.31,-2.52963574,-5.55,48.47633773
1667707211.1840296,21230.45,21237.31,-2.52963574,-5.55,48.47633773
1667707221.147467,21234.44,21234.44,-2.65617842,-5.14,44.21132706
1667707231.2124572,21234.44,21234.44,-2.65617842,-5.14,44.21132706
1667707241.1487715,21234.44,21234.14,-2.68011004,-5.44,43.67850832
1667707251.1366663,21234.44,21234.14,-2.68011004,-5.44,43.67850832
1667707261.2038636,21234.44,21234.14,-2.68011004,-5.44,43.67850832
1667707271.5389128,21234.44,21234.14,-2.68011004,-5.44,43.67850832
1667707281.5196755,21234.91,21234.91,-2.42329734,0.53,45.09313925
1667707291.525498,21234.91,21234.91,-2.42329734,0.53,45.09313925
1667707301.5599225,21234.91,21234.91,-2.42329734,0.53,45.09313925
1667707311.7559834,21234.91,21228.61,-2.92586144,-5.77,37.38145286
1667707321.521392,21234.91,21228.61,-2.92586144,-5.77,37.38145286
1667707331.574555,21228.98,21228.98,-3.05655197,-7.71,37.70186743
1667707341.5528502,21228.98,21228.98,-3.05655197,-7.71,37.70186743
1667707351.6005428,21228.98,21228.98,-3.05655197,-7.71,37.70186743
1667707361.592275,21228.98,21229.16,-3.042193,-7.53,37.90302486
1667707371.6979208,21228.98,21229.16,-3.042193,-7.53,37.90302486
1667707381.590424,21228.98,21229.16,-3.042193,-7.53,37.90302486
1667707391.5335748,21230.27,21230.27,-3.00558603,-8.2,39.59244965
1667707401.5296445,21230.27,21230.27,-3.00558603,-8.2,39.59244965
1667707411.5487125,21230.27,21230.27,-3.00558603,-8.2,39.59244965
1667707421.582743,21230.27,21231.9,-2.87555754,-6.57,42.52469215
1667707431.6065755,21230.27,21231.9,-2.87555754,-6.57,42.52469215
1667707441.5977268,21230.27,21231.9,-2.87555754,-6.57,42.52469215
1667707452.4029486,21233.41,21233.41,-2.57377484,1.08,45.04385733
1667707462.4020402,21233.41,21233.41,-2.57377484,1.08,45.04385733
1667707472.404421,21233.41,21233.41,-2.57377484,1.08,45.04385733
1667707482.3857472,21233.41,21234.27,-2.50517085,1.94,46.48257874
1667707492.3625226,21233.41,21234.27,-2.50517085,1.94,46.48257874
1667707502.4299746,21233.41,21234.27,-2.50517085,1.94,46.48257874
1667707512.397399,21234.89,21234.89,-2.19316238,2.86,47.47393234
1667707522.3999424,21234.89,21234.89,-2.19316238,2.86,47.47393234
1667707532.6067212,21234.89,21234.89,-2.19316238,2.86,47.47393234
1667707542.353311,21234.89,21239.44,-1.83019942,7.41,54.18168331
1667707552.3930607,21234.89,21239.44,-1.83019942,7.41,54.18168331
1667707562.3654706,21234.89,21239.44,-1.83019942,7.41,54.18168331
1667707572.3760157,21245.5,21245.5,-0.46261168,13.79,60.84185442
1667707582.389504,21245.5,21245.5,-0.46261168,13.79,60.84185442
1667707592.3646097,21245.5,21245.5,-0.46261168,13.79,60.84185442
1667707602.3633118,21245.5,21246.25,-0.40278262,14.54,61.58608607
1667707612.3566947,21245.5,21246.25,-0.40278262,14.54,61.58608607
1667707622.3850825,21245.5,21246.25,-0.40278262,14.54,61.58608607
1667707633.2344532,21244.48,21244.48,0.12199067,13.46,59.22257903
1667707643.2844586,21244.48,21244.48,0.12199067,13.46,59.22257903
1667707653.2302394,21244.48,21244.48,0.12199067,13.46,59.22257903
1667707663.2434278,21244.48,21235.7,-0.57840819,4.68,47.84692404
1667707673.196018,21244.48,21235.7,-0.57840819,4.68,47.84692404
1667707683.2804856,21244.48,21235.7,-0.57840819,4.68,47.84692404
1667707693.4199572,21241.41,21241.41,0.17713913,10.66,54.67717671
1667707703.4673696,21241.41,21241.41,0.17713913,10.66,54.67717671
1667707713.2642033,21241.41,21241.41,0.17713913,10.66,54.67717671
1667707723.2968311,21241.41,21241.88,0.21463201,11.13,55.24352688
1667707733.2601132,21241.41,21241.88,0.21463201,11.13,55.24352688
1667707743.2958252,21241.41,21241.88,0.21463201,11.13,55.24352688
1667707753.3050983,21242.54,21242.54,0.53421856,8.66,56.06656045
1667707763.2803469,21242.54,21242.54,0.53421856,8.66,56.06656045
1667707773.2762966,21242.54,21242.54,0.53421856,8.66,56.06656045
1667707783.2373402,21242.54,21240.82,0.39701059,6.94,53.59292143
1667707793.248915,21242.54,21240.82,0.39701059,6.94,53.59292143
1667707803.2496784,21242.54,21240.82,0.39701059,6.94,53.59292143
1667707813.560512,21242.89,21242.89,0.82299584,7.64,56.49452345
1667707823.5873497,21242.89,21242.89,0.82299584,7.64,56.49452345
1667707833.6044176,21242.89,21242.89,0.82299584,7.64,56.49452345
1667707843.6123445,21242.89,21242.91,0.82459128,7.66,56.52058747
1667707853.7996402,21242.89,21242.91,0.82459128,7.66,56.52058747
1667707863.5881715,21242.89,21242.91,0.82459128,7.66,56.52058747
1667707873.6277332,21235.78,21235.78,0.01290485,6.06,46.57011605
1667707883.623633,21235.78,21235.78,0.01290485,6.06,46.57011605
1667707893.5560088,21235.78,21235.78,0.01290485,6.06,46.57011605
1667707903.5729802,21235.78,21235.01,-0.04851965,5.29,45.63513379
1667707913.562938,21235.78,21235.01,-0.04851965,5.29,45.63513379
1667707923.5746274,21235.78,21235.01,-0.04851965,5.29,45.63513379
1667707933.608462,21235.78,21235.01,-0.04851965,5.29,45.63513379
1667707943.6299152,21234.06,21234.06,-0.42070098,3.7,44.53206707
1667707953.6430168,21234.06,21234.06,-0.42070098,3.7,44.53206707
1667707963.6324902,21234.06,21236.22,-0.24839328,5.86,47.63153488
1667707973.6220436,21234.06,21236.22,-0.24839328,5.86,47.63153488
1667707983.6272285,21234.06,21236.22,-0.24839328,5.86,47.63153488
1667707994.1941905,21236.83,21236.83,-0.2565531,3.42,48.4450979
1667708004.190125,21236.83,21236.83,-0.2565531,3.42,48.4450979
1667708014.4644115,21236.83,21236.83,-0.2565531,3.42,48.4450979
1667708024.186862,21236.83,21234.16,-0.46954456,0.75,45.13954125
1667708034.1849587,21236.83,21234.16,-0.46954456,0.75,45.13954125
1667708044.191918,21236.83,21234.16,-0.46954456,0.75,45.13954125
1667708054.218049,21233.91,21233.91,-0.7109256,-0.98,44.85298173
1667708064.2449713,21233.91,21233.91,-0.7109256,-0.98,44.85298173
1667708074.2480922,21233.91,21233.91,-0.7109256,-0.98,44.85298173
1667708084.2275703,21233.91,21233.79,-0.72049825,-1.1,44.70627431
1667708094.4163675,21233.91,21233.79,-0.72049825,-1.1,44.70627431
1667708104.253242,21233.91,21233.79,-0.72049825,-1.1,44.70627431
1667708114.2327752,21233.4,21233.4,-0.94841008,-12.1,44.2360335
1667708124.2419105,21233.4,21233.4,-0.94841008,-12.1,44.2360335
1667708134.3562922,21233.4,21233.4,-0.94841008,-12.1,44.2360335
1667708144.223035,21233.4,21227.04,-1.45576051,-18.46,37.33860625
1667708154.2584157,21233.4,21227.04,-1.45576051,-18.46,37.33860625
1667708164.2373085,21233.4,21227.04,-1.45576051,-18.46,37.33860625
1667708175.0624716,21224.36,21224.36,-2.39372775,-20.62,35.34418105
1667708185.0451868,21224.36,21224.36,-2.39372775,-20.62,35.34418105
1667708195.013848,21224.36,21224.36,-2.39372775,-20.62,35.34418105
1667708205.2397957,21224.36,21224.09,-2.41526621,-20.89,34.91679859
1667708215.031505,21224.36,21224.09,-2.41526621,-20.89,34.91679859
1667708225.02845,21224.36,21224.09,-2.41526621,-20.89,34.91679859
1667708235.0263464,21221.48,21221.48,-3.31657394,-19.93,32.72428312
1667708245.0825737,21221.48,21221.48,-3.31657394,-19.93,32.72428312
1667708255.0693731,21221.48,21221.48,-3.31657394,-19.93,32.72428312
1667708265.0596864,21221.48,21220.15,-3.42267081,-21.26,31.67450687
1667708275.089781,21221.48,21220.15,-3.42267081,-21.26,31.67450687
1667708285.101901,21221.48,21220.15,-3.42267081,-21.26,31.67450687
1667708295.2277818,21221.48,21220.15,-3.42267081,-21.26,31.67450687
1667708305.039598,21217.49,21217.49,-4.38584367,-24.47,29.76482952
1667708315.0792103,21217.49,21217.49,-4.38584367,-24.47,29.76482952
1667708325.0606394,21217.49,21217.88,-4.35473256,-24.08,30.42713399
1667708335.0421796,21217.49,21217.88,-4.35473256,-24.08,30.42713399
1667708345.070449,21217.49,21217.88,-4.35473256,-24.08,30.42713399
1667708355.7407496,21216.32,21216.32,-5.0569877,-26.57,28.9104145
1667708365.9627054,21216.32,21216.32,-5.0569877,-26.57,28.9104145
1667708375.705692,21216.32,21216.32,-5.0569877,-26.57,28.9104145
1667708385.6790695,21216.32,21218.52,-4.88148912,-24.37,32.23601189
1667708395.7023923,21216.32,21218.52,-4.88148912,-24.37,32.23601189
1667708405.6885068,21216.32,21218.52,-4.88148912,-24.37,32.23601189
1667708415.6984625,21219.4,21219.4,-5.04978716,-16.38,33.68388371
1667708425.7220352,21219.4,21219.4,-5.04978716,-16.38,33.68388371
1667708435.7185838,21219.4,21219.4,-5.04978716,-16.38,33.68388371
1667708445.7375565,21219.4,21219.3,-5.05776437,-16.48,33.59603787
1667708455.747287,21219.4,21219.3,-5.05776437,-16.48,33.59603787
1667708465.7610078,21219.4,21219.3,-5.05776437,-16.48,33.59603787
1667708475.8636672,21218.73,21218.73,-5.27380959,-15.33,33.10393762
1667708485.7317753,21218.73,21218.73,-5.27380959,-15.33,33.10393762
1667708495.7595942,21218.73,21218.73,-5.27380959,-15.33,33.10393762
1667708505.7657268,21218.73,21219.79,-5.18925118,-14.27,35.01038651
1667708515.7185776,21218.73,21219.79,-5.18925118,-14.27,35.01038651
1667708525.764324,21218.73,21219.79,-5.18925118,-14.27,35.01038651
1667708536.3842432,21221.05,21221.05,-5.0193897,-15.78,37.13982395
1667708546.3976834,21221.05,21221.05,-5.0193897,-15.78,37.13982395
1667708556.6761987,21221.05,21221.05,-5.0193897,-15.78,37.13982395
1667708566.387689,21221.05,21223.22,-4.84628429,-13.61,40.74103728
1667708576.4268432,21221.05,21223.22,-4.84628429,-13.61,40.74103728
1667708586.3562686,21221.05,21223.22,-4.84628429,-13.61,40.74103728
1667708596.389677,21225.26,21225.26,-4.35275338,-8.65,43.83980088
1667708606.3957117,21225.26,21225.26,-4.35275338,-8.65,43.83980088
1667708616.359082,21225.26,21225.26,-4.35275338,-8.65,43.83980088
1667708626.7018957,21225.26,21224.31,-4.42853685,-9.6,42.48909669
1667708636.4036465,21225.26,21224.31,-4.42853685,-9.6,42.48909669
1667708646.355327,21225.26,21224.31,-4.42853685,-9.6,42.48909669
1667708656.3639514,21226.63,21226.63,-3.82878054,-6.77,45.87264666
1667708666.410695,21226.63,21226.63,-3.82878054,-6.77,45.87264666
1667708676.4049628,21226.63,21226.63,-3.82878054,-6.77,45.87264666
1667708686.4310098,21226.63,21224.44,-4.0034814,-8.96,43.11267184
1667708696.436435,21226.63,21224.44,-4.0034814,-8.96,43.11267184
1667708706.414107,21226.63,21224.44,-4.0034814,-8.96,43.11267184
1667708717.4316783,21223.41,21223.41,-3.89606436,-0.56,41.95495118
1667708727.46272,21223.41,21223.41,-3.89606436,-0.56,41.95495118
1667708737.47059,21223.41,21223.41,-3.89606436,-0.56,41.95495118
1667708747.7417717,21223.41,21221.66,-4.0356655,-2.31,39.99006903
1667708757.4355435,21223.41,21221.66,-4.0356655,-2.31,39.99006903
1667708767.42528,21223.41,21221.66,-4.0356655,-2.31,39.99006903
1667708777.638897,21218.59,21218.59,-4.36171039,-2.89,36.92798594
1667708787.4990444,21218.59,21218.59,-4.36171039,-2.89,36.92798594
1667708797.4646082,21218.59,21218.59,-4.36171039,-2.89,36.92798594
1667708807.4723988,21218.59,21219.59,-4.28193831,-1.89,38.33935145
1667708817.502637,21218.59,21219.59,-4.28193831,-1.89,38.33935145
1667708827.4310305,21218.59,21219.59,-4.28193831,-1.89,38.33935145
1667708837.4765878,21221.64,21221.64,-3.98848909,4.15,41.54691728
1667708847.478685,21221.64,21221.64,-3.98848909,4.15,41.54691728
1667708857.7742925,21221.64,21221.64,-3.98848909,4.15,41.54691728
1667708867.4718063,21221.64,21222.65,-3.90791928,5.16,43.09767526
1667708877.581002,21221.64,21222.65,-3.90791928,5.16,43.09767526
1667708887.4896429,21221.64,21222.65,-3.90791928,5.16,43.09767526
1667708898.2608075,21223.95,21223.95,-3.49283673,7.1,44.97825809
1667708908.4256926,21223.95,21223.95,-3.49283673,7.1,44.97825809
1667708918.3335729,21223.95,21223.95,-3.49283673,7.1,44.97825809
1667708928.3129845,21223.95,21224.53,-3.44656893,7.68,45.83486797
1667708938.2797732,21223.95,21224.53,-3.44656893,7.68,45.83486797
1667708948.307417,21223.95,21224.53,-3.44656893,7.68,45.83486797
1667708958.3044846,21226.8,21226.8,-2.84808202,7.4,49.02164315
1667708968.3349762,21226.8,21226.8,-2.84808202,7.4,49.02164315
1667708978.330644,21226.8,21226.8,-2.84808202,7.4,49.02164315
1667708988.2891982,21226.8,21229.29,-2.64944954,9.89,52.26557319
1667708998.31944,21226.8,21229.29,-2.64944954,9.89,52.26557319
1667709008.33258,21226.8,21229.29,-2.64944954,9.89,52.26557319
1667709018.2848828,21228.45,21228.45,-2.17036303,9.72,51.10608253
1667709028.3230238,21228.45,21228.45,-2.17036303,9.72,51.10608253
1667709038.3652244,21228.45,21228.45,-2.17036303,9.72,51.10608253
1667709048.3396275,21228.45,21229.88,-2.05628896,11.15,53.04100046
1667709058.3155425,21228.45,21229.88,-2.05628896,11.15,53.04100046
1667709068.3419456,21228.45,21229.88,-2.05628896,11.15,53.04100046
1667709078.9397087,21227.54,21227.54,-1.89016681,6.49,49.87624943
1667709088.9643705,21227.54,21227.54,-1.89016681,6.49,49.87624943
1667709098.9720123,21227.54,21227.54,-1.89016681,6.49,49.87624943
1667709108.9061136,21227.54,21229.3,-1.74976795,8.25,52.26864666
1667709118.9145274,21227.54,21229.3,-1.74976795,8.25,52.26864666
1667709128.894986,21227.54,21229.3,-1.74976795,8.25,52.26864666
1667709138.9491844,21230.14,21230.14,-1.24747094,5.53,53.36694796
1667709148.9597044,21230.14,21230.14,-1.24747094,5.53,53.36694796
1667709158.9359956,21230.14,21230.14,-1.24747094,5.53,53.36694796
1667709168.9322188,21230.14,21236.24,-0.76086125,11.63,60.28028592
1667709178.906758,21230.14,21236.24,-0.76086125,11.63,60.28028592
1667709188.919967,21230.14,21236.24,-0.76086125,11.63,60.28028592
1667709198.9575474,21235.25,21235.25,-0.14672964,8.93,59.30106114
1667709208.9819896,21235.25,21235.25,-0.14672964,8.93,59.30106114
1667709218.958808,21235.25,21235.25,-0.14672964,8.93,59.30106114
1667709229.2355466,21235.25,21237.46,0.02956665,11.14,61.57823087
1667709238.946782,21235.25,21237.46,0.02956665,11.14,61.57823087
1667709248.9179158,21235.25,21237.46,0.02956665,11.14,61.57823087
1667709259.950422,21238.72,21238.72,0.88911797,15.31,62.75855034
1667709269.7943926,21238.72,21238.72,0.88911797,15.31,62.75855034
1667709279.723646,21238.72,21238.72,0.88911797,15.31,62.75855034
1667709289.7576032,21238.72,21250.0,1.78894703,26.59,71.31481823
1667709299.7380018,21238.72,21250.0,1.78894703,26.59,71.31481823
1667709339.985288,21250.17,21250.17,3.09164936,31.21,71.41373985
1667709349.8071053,21250.17,21246.45,2.79489722,27.49,66.04637272
1667709359.8228369,21250.17,21246.45,2.79489722,27.49,66.04637272
1667709369.785915,21250.17,21246.45,2.79489722,27.49,66.04637272
1667709379.8269143,21243.39,21243.39,3.14248065,22.09,62.14991755
1667709389.901074,21243.39,21243.39,3.14248065,22.09,62.14991755
1667709399.761127,21243.39,21243.39,3.14248065,22.09,62.14991755
1667709409.780015,21243.39,21243.87,3.18077125,22.57,62.7667737
1667709419.7701535,21243.39,21243.87,3.18077125,22.57,62.7667737
1667709429.7426703,21243.39,21243.87,3.18077125,22.57,62.7667737
1667709440.6257834,21245.36,21245.36,3.82850664,21.4,63.7676427
1667709450.6235769,21245.36,21245.36,3.82850664,21.4,63.7676427
1667709460.6562452,21245.36,21245.36,3.82850664,21.4,63.7676427
1667709470.629334,21245.36,21247.65,4.01118471,23.69,65.61791616
1667709480.6298845,21245.36,21247.65,4.01118471,23.69,65.61791616
1667709490.6210177,21249.86,21249.86,4.82652805,23.73,67.04133859
1667709500.6056366,21249.86,21249.86,4.82652805,23.73,67.04133859
1667709510.637742,21249.86,21249.86,4.82652805,23.73,67.04133859
1667709520.5937867,21249.86,21245.61,4.48749671,19.48,61.50359367
1667709530.6020677,21249.86,21245.61,4.48749671,19.48,61.50359367
1667709540.6412606,21249.86,21245.61,4.48749671,19.48,61.50359367
1667709550.7969189,21242.45,21242.45,4.21845677,13.3,57.94479937
1667709560.6497967,21242.45,21242.45,4.21845677,13.3,57.94479937
1667709570.6564732,21242.45,21242.45,4.21845677,13.3,57.94479937
1667709580.7084253,21242.45,21242.45,4.21845677,13.3,57.94479937
1667709590.6318672,21242.45,21243.61,4.31099239,14.46,58.88529157
1667709600.6611116,21242.45,21243.61,4.31099239,14.46,58.88529157
1667709610.6637874,21245.06,21245.06,4.52605141,17.52,60.00336157
1667709621.252846,21245.06,21245.06,4.52605141,17.52,60.00336157
1667709631.2657182,21245.06,21245.06,4.52605141,17.52,60.00336157
1667709641.2849555,21245.06,21243.49,4.40080925,15.95,58.15916885
1667709651.2635314,21245.06,21243.49,4.40080925,15.95,58.15916885
1667709661.2940862,21245.06,21243.49,4.40080925,15.95,58.15916885
1667709671.2754157,21243.13,21243.13,4.27951215,13.36,57.7521619
1667709681.3072157,21243.13,21243.13,4.27951215,13.36,57.7521619
1667709691.266418,21243.13,21243.13,4.27951215,13.36,57.7521619
1667709701.2763677,21243.13,21238.83,3.93649221,9.06,52.98271041
1667709711.3284378,21243.13,21238.83,3.93649221,9.06,52.98271041
1667709721.3036132,21243.13,21238.83,3.93649221,9.06,52.98271041
1667709731.411492,21240.0,21240.0,3.74038083,4.75,54.16789334
1667709741.303233,21240.0,21240.0,3.74038083,4.75,54.16789334
1667709751.3029375,21240.0,21240.0,3.74038083,4.75,54.16789334
1667709761.417727,21240.0,21238.69,3.63587941,3.44,52.70783351
1667709771.2666276,21240.0,21238.69,3.63587941,3.44,52.70783351
1667709781.308465,21240.0,21238.69,3.63587941,3.44,52.70783351
1667709791.36777,21240.0,21238.69,3.63587941,3.44,52.70783351
1667709802.1117425,21233.63,21233.63,2.54550364,-5.1,47.73768586
1667709812.1317115,21233.63,21233.63,2.54550364,-5.1,47.73768586
1667709822.129177,21233.63,21234.72,2.6324552,-4.01,48.85646796
1667709832.0582263,21233.63,21234.72,2.6324552,-4.01,48.85646796
1667709842.1518967,21233.63,21234.72,2.6324552,-4.01,48.85646796
1667709852.0778625,21234.76,21234.76,2.13819908,-15.41,48.89661375
1667709862.0828278,21234.76,21234.76,2.13819908,-15.41,48.89661375
1667709872.1203322,21234.76,21234.76,2.13819908,-15.41,48.89661375
1667709882.148296,21234.76,21234.76,2.13819908,-15.41,48.89661375
1667709892.1484845,21234.76,21236.48,2.27540706,-13.69,50.68905842
1667709902.2474098,21234.76,21236.48,2.27540706,-13.69,50.68905842
1667709912.1155844,21239.53,21239.53,2.39839353,-4.42,53.57645085
1667709922.0991287,21239.53,21239.53,2.39839353,-4.42,53.57645085
1667709932.322065,21239.53,21239.53,2.39839353,-4.42,53.57645085
1667709942.1269984,21239.53,21241.05,2.5196471,-2.9,54.99091244
1667709952.1072936,21239.53,21241.05,2.5196471,-2.9,54.99091244
1667709962.1308558,21239.53,21241.05,2.5196471,-2.9,54.99091244
1667709972.2583857,21240.54,21240.54,2.39431893,-5.06,54.55505766
1667709982.9396164,21240.54,21240.54,2.39431893,-5.06,54.55505766
1667709992.960462,21240.54,21240.54,2.39431893,-5.06,54.55505766
1667710003.00221,21240.54,21240.54,2.39431893,-5.06,54.55505766
1667710012.9723232,21240.54,21240.49,2.39033033,-5.11,54.50547744
1667710022.9526303,21240.54,21240.49,2.39033033,-5.11,54.50547744
1667710032.9415345,21239.92,21239.92,2.2602531,-10.04,53.84108521
1667710042.9359996,21239.92,21239.92,2.2602531,-10.04,53.84108521
1667710052.9658432,21239.92,21239.92,2.2602531,-10.04,53.84108521
1667710062.9741435,21239.92,21242.26,2.44691976,-7.7,56.33761035
1667710072.954036,21239.92,21242.26,2.44691976,-7.7,56.33761035
1667710082.9719536,21239.92,21242.26,2.44691976,-7.7,56.33761035
1667710093.3176813,21239.92,21242.26,2.44691976,-7.7,56.33761035
1667710103.13042,21238.77,21238.77,1.98376589,-3.68,52.42912187
1667710112.994345,21238.77,21238.77,1.98376589,-3.68,52.42912187
1667710122.9681218,21238.77,21237.95,1.91835279,-4.5,51.39416062
1667710132.993957,21238.77,21237.95,1.91835279,-4.5,51.39416062
1667710142.9990542,21238.77,21237.95,1.91835279,-4.5,51.39416062
1667710152.9530714,21240.2,21240.2,1.9853018,-4.86,54.08829423
1667710163.618536,21240.2,21240.2,1.9853018,-4.86,54.08829423
1667710173.5894911,21240.2,21240.2,1.9853018,-4.86,54.08829423
1667710183.63213,21240.2,21239.93,1.96376334,-5.13,53.7696882
1667710193.6229734,21240.2,21239.93,1.96376334,-5.13,53.7696882
1667710203.5854611,21240.2,21239.93,1.96376334,-5.13,53.7696882
1667710213.6376967,21237.26,21237.26,1.4680142,-5.87,50.35128196
1667710223.5883577,21237.26,21237.26,1.4680142,-5.87,50.35128196
1667710233.5906565,21237.26,21237.26,1.4680142,-5.87,50.35128196
1667710243.635844,21237.26,21237.46,1.48396861,-5.67,50.60538473
1667710253.8375902,21237.26,21237.46,1.48396861,-5.67,50.60538473
1667710263.6528826,21237.26,21237.46,1.48396861,-5.67,50.60538473
1667710273.6759248,21231.21,21231.21,0.39827582,-9.19,43.46227669
1667710283.652733,21231.21,21231.21,0.39827582,-9.19,43.46227669
1667710293.6165094,21231.21,21231.21,0.39827582,-9.19,43.46227669
1667710303.662726,21231.21,21231.87,0.45092539,-8.53,44.35767098
1667710313.658717,21231.21,21231.87,0.45092539,-8.53,44.35767098
1667710323.6630864,21231.21,21231.87,0.45092539,-8.53,44.35767098
1667710333.6210756,21231.51,21231.51,-0.02259639,-2.12,43.87282055
1667710344.7563274,21231.51,21231.51,-0.02259639,-2.12,43.87282055
1667710354.7213452,21231.51,21231.51,-0.02259639,-2.12,43.87282055
1667710364.869868,21231.51,21234.84,0.24304464,1.21,48.35564526
1667710374.7107224,21231.51,21234.84,0.24304464,1.21,48.35564526
1667710384.9447992,21231.51,21234.84,0.24304464,1.21,48.35564526
1667710394.7196088,21234.79,21234.79,0.10823466,0.03,48.29184548
1667710404.7155504,21234.79,21234.79,0.10823466,0.03,48.29184548
1667710414.9733086,21234.79,21234.79,0.10823466,0.03,48.29184548
1667710424.804231,21234.79,21235.17,0.13854805,0.41,48.77338794
1667710434.6851697,21234.79,21235.17,0.13854805,0.41,48.77338794
1667710444.6807208,21234.79,21235.17,0.13854805,0.41,48.77338794
1667710454.7307966,21231.94,21231.94,-0.41400213,-7.59,45.0149667
1667710464.6918702,21231.94,21231.94,-0.41400213,-7.59,45.0149667
1667710474.7282946,21231.94,21231.94,-0.41400213,-7.59,45.0149667
1667710484.775047,21231.94,21227.9,-0.73628133,-11.63,40.78966346
1667710494.7852366,21231.94,21227.9,-0.73628133,-11.63,40.78966346
1667710504.7516403,21231.94,21227.9,-0.73628133,-11.63,40.78966346
1667710514.7391453,21221.83,21221.83,-2.07011114,-18.3,35.75494814
1667710525.5539172,21221.83,21221.83,-2.07011114,-18.3,35.75494814
1667710535.5554094,21221.83,21221.83,-2.07011114,-18.3,35.75494814
1667710545.5760863,21221.83,21224.36,-1.86828778,-15.77,39.13049594
1667710555.5808246,21221.83,21224.36,-1.86828778,-15.77,39.13049594
1667710565.595092,21221.83,21224.36,-1.86828778,-15.77,39.13049594
1667710575.5783927,21220.86,21220.86,-2.84866819,-19.41,35.00413077
1667710585.6078193,21220.86,21220.86,-2.84866819,-19.41,35.00413077
1667710595.5860958,21220.86,21220.86,-2.84866819,-19.41,35.00413077
1667710605.5970538,21220.86,21221.16,-2.82473657,-19.11,35.45190881
1667710615.5848897,21220.86,21221.16,-2.82473657,-19.11,35.45190881
1667710625.6166146,21220.86,21221.16,-2.82473657,-19.11,35.45190881
1667710635.6014774,21220.24,21220.24,-3.42302626,-18.53,34.47975209
1667710645.6297808,21220.24,21220.24,-3.42302626,-18.53,34.47975209
1667710655.592281,21220.24,21220.24,-3.42302626,-18.53,34.47975209
1667710665.615504,21220.24,21216.2,-3.74530547,-22.57,31.3709265
1667710675.6144676,21220.24,21216.2,-3.74530547,-22.57,31.3709265
1667710685.6368785,21220.24,21216.2,-3.74530547,-22.57,31.3709265
1667710695.5936038,21216.0,21216.0,-4.42526508,-23.66,31.23152289
1667710706.333742,21216.0,21216.0,-4.42526508,-23.66,31.23152289
1667710716.351289,21216.0,21216.0,-4.42526508,-23.66,31.23152289
1667710726.3096478,21216.0,21218.22,-4.24817106,-21.44,34.70021752
1667710736.3036275,21216.0,21218.22,-4.24817106,-21.44,34.70021752
1667710746.2899346,21216.0,21218.22,-4.24817106,-21.44,34.70021752
1667710756.3005435,21220.28,21220.28,-4.26355137,-16.58,37.82010895
1667710766.3396635,21220.28,21220.28,-4.26355137,-16.58,37.82010895
1667710776.3000622,21220.28,21220.28,-4.26355137,-16.58,37.82010895
1667710786.2610266,21220.28,21228.69,-3.59266818,-8.17,47.83670343
1667710796.3418489,21220.28,21228.69,-3.59266818,-8.17,47.83670343
1667710806.4252987,21220.28,21228.69,-3.59266818,-8.17,47.83670343
1667710816.3391871,21228.62,21228.62,-3.25849003,-2.57,47.83513478
1667710826.301458,21228.62,21228.62,-3.25849003,-2.57,47.83513478
1667710836.2882624,21228.62,21228.62,-3.25849003,-2.57,47.83513478
1667710846.278079,21228.62,21231.26,-3.04789174,0.07,50.58146767
1667710856.410703,21228.62,21231.26,-3.04789174,0.07,50.58146767
1667710866.296482,21228.62,21231.26,-3.04789174,0.07,50.58146767
1667710876.3086495,21229.97,21229.97,-2.70869688,-1.54,49.2765915
1667710886.927907,21229.97,21229.97,-2.70869688,-1.54,49.2765915
1667710896.9378786,21229.97,21229.97,-2.70869688,-1.54,49.2765915
1667710907.022873,21229.97,21225.15,-3.09319831,-6.36,44.54388511
1667710916.9432695,21229.97,21225.15,-3.09319831,-6.36,44.54388511
1667710926.954153,21229.97,21225.15,-3.09319831,-6.36,44.54388511
1667710937.0682642,21228.41,21228.41,-2.55197872,-6.63,47.63843089
1667710946.9277887,21228.41,21228.41,-2.55197872,-6.63,47.63843089
1667710956.9587722,21228.41,21228.41,-2.55197872,-6.63,47.63843089
1667710966.9684544,21228.41,21225.61,-2.77534055,-9.43,44.76206551
1667710976.9721384,21228.41,21225.61,-2.77534055,-9.43,44.76206551
1667710987.1633675,21228.41,21225.61,-2.77534055,-9.43,44.76206551
1667710996.8993232,21222.92,21222.92,-3.07930822,-9.02,42.31194651
1667711006.9598007,21222.92,21222.92,-3.07930822,-9.02,42.31194651
1667711017.336192,21222.92,21222.92,-3.07930822,-9.02,42.31194651
1667711026.965976,21222.92,21221.71,-3.17583244,-10.23,41.21395701
1667711036.9748435,21222.92,21221.71,-3.17583244,-10.23,41.21395701
1667711046.978176,21222.92,21221.71,-3.17583244,-10.23,41.21395701
1667711056.9340937,21225.77,21225.77,-2.71073598,3.95,45.70687468
1667711067.5646074,21225.77,21225.77,-2.71073598,3.95,45.70687468
1667711077.5760894,21225.77,21225.77,-2.71073598,3.95,45.70687468
1667711087.547381,21225.77,21223.57,-2.88623455,1.75,43.57507987
1667711097.5022323,21225.77,21223.57,-2.88623455,1.75,43.57507987
1667711107.5762615,21225.77,21223.57,-2.88623455,1.75,43.57507987
1667711117.5058556,21225.75,21225.75,-2.5911208,4.89,45.77354304
1667711127.5622833,21225.75,21225.75,-2.5911208,4.89,45.77354304
1667711137.510347,21225.75,21225.75,-2.5911208,4.89,45.77354304
1667711147.5412755,21225.75,21225.91,-2.57835727,5.05,45.97752856
1667711157.5414832,21225.75,21225.91,-2.57835727,5.05,45.97752856
1667711167.555278,21225.75,21225.91,-2.57835727,5.05,45.97752856
1667711177.6985023,21225.1,21225.1,-2.53913755,4.37,45.01008835
1667711187.5041497,21225.1,21225.1,-2.53913755,4.37,45.01008835
1667711197.5564363,21225.1,21225.1,-2.53913755,4.37,45.01008835
1667711207.557267,21225.1,21229.21,-2.2112743,8.48,50.20750945
1667711217.524673,21225.1,21229.21,-2.2112743,8.48,50.20750945
1667711227.5733018,21225.1,21229.21,-2.2112743,8.48,50.20750945
1667711237.5590174,21229.88,21229.88,-1.75313653,13.88,50.96305606
1667711248.2211285,21229.88,21229.88,-1.75313653,13.88,50.96305606
1667711258.2081003,21229.88,21229.88,-1.75313653,13.88,50.96305606
1667711268.163679,21229.88,21239.66,-0.97296559,23.66,60.40719587
1667711278.1576507,21229.88,21239.66,-0.97296559,23.66,60.40719587
1667711288.1553805,21229.88,21239.66,-0.97296559,23.66,60.40719587
1667711298.1962652,21239.06,21239.06,-0.10976226,18.35,59.86589673
1667711308.20187,21239.06,21239.06,-0.10976226,18.35,59.86589673
1667711318.157777,21239.06,21239.06,-0.10976226,18.35,59.86589673
1667711328.1931095,21239.06,21235.64,-0.38258278,14.93,55.79439829
1667711338.5311878,21239.06,21235.64,-0.38258278,14.93,55.79439829
1667711348.1716547,21239.06,21235.64,-0.38258278,14.93,55.79439829
1667711358.1545548,21237.44,21237.44,0.36753002,9.71,57.86569519
1667711368.1627884,21237.44,21237.44,0.36753002,9.71,57.86569519
1667711378.2170155,21237.44,21237.44,0.36753002,9.71,57.86569519
1667711388.2056,21237.44,21237.84,0.39943885,10.11,58.23673318
1667711398.1945062,21237.44,21237.84,0.39943885,10.11,58.23673318
1667711408.2190552,21237.44,21237.84,0.39943885,10.11,58.23673318
1667711418.2476027,21240.34,21240.34,1.24910489,10.37,60.41007642
1667711429.0313654,21240.34,21240.34,1.24910489,10.37,60.41007642
1667711439.2666368,21240.34,21240.34,1.24910489,10.37,60.41007642
1667711449.0830612,21240.34,21232.68,0.63805076,2.71,51.5417982
1667711459.047508,21240.34,21232.68,0.63805076,2.71,51.5417982
1667711469.2706573,21240.34,21232.68,0.63805076,2.71,51.5417982
1667711479.0567682,21238.36,21238.36,1.50012973,9.95,57.78134551
1667711489.0256507,21238.36,21238.36,1.50012973,9.95,57.78134551
1667711499.343258,21238.36,21238.36,1.50012973,9.95,57.78134551
1667711509.0851097,21238.36,21238.75,1.53124085,10.34,58.30748737
1667711519.0822198,21238.36,21238.75,1.53124085,10.34,58.30748737
1667711529.070927,21238.36,21238.75,1.53124085,10.34,58.30748737
1667711539.0528755,21234.91,21234.91,1.27887983,12.0,53.50997026
1667711549.0937364,21234.91,21234.91,1.27887983,12.0,53.50997026
1667711559.0902948,21234.91,21234.91,1.27887983,12.0,53.50997026
1667711569.1349916,21234.91,21234.81,1.27090262,11.9,53.38677915
1667711579.0995834,21234.91,21234.81,1.27090262,11.9,53.38677915
1667711589.0904462,21234.91,21234.81,1.27090262,11.9,53.38677915
1667711599.109515,21234.38,21234.38,1.23166289,8.61,52.8634575
1667711609.7187724,21234.38,21234.38,1.23166289,8.61,52.8634575
1667711619.7178934,21234.38,21234.38,1.23166289,8.61,52.8634575
1667711629.7350533,21234.38,21226.32,0.58869993,0.55,44.13110856
1667711639.7104528,21234.38,21226.32,0.58869993,0.55,44.13110856
1667711649.705193,21234.38,21226.32,0.58869993,0.55,44.13110856
1667711660.023139,21226.11,21226.11,0.06871072,0.67,43.91510266
1667711669.7451167,21226.11,21226.11,0.06871072,0.67,43.91510266
1667711679.7645051,21226.11,21226.11,0.06871072,0.67,43.91510266
1667711689.740293,21226.11,21221.9,-0.26712973,-3.54,40.19818638
1667711699.7128935,21226.11,21221.9,-0.26712973,-3.54,40.19818638
1667711709.7051003,21226.11,21221.9,-0.26712973,-3.54,40.19818638
1667711719.7145383,21223.91,21223.91,-0.63708248,-1.19,41.86399012
1667711729.6845503,21223.91,21223.91,-0.63708248,-1.19,41.86399012
1667711739.7175214,21223.91,21223.91,-0.63708248,-1.19,41.86399012
1667711749.6895938,21223.91,21224.02,-0.62830755,-1.08,41.96808214
1667711759.7660184,21223.91,21224.02,-0.62830755,-1.08,41.96808214
1667711769.746973,21223.91,21224.02,-0.62830755,-1.08,41.96808214
1667711779.6926315,21215.11,21215.11,-2.35616645,-14.77,35.37055728
1667711790.5759778,21215.11,21215.11,-2.35616645,-14.77,35.37055728
1667711800.5795786,21215.11,21215.41,-2.33223483,-14.47,35.75099102
1667711810.6179717,21215.11,21215.41,-2.33223483,-14.47,35.75099102
1667711820.8654892,21215.11,21215.41,-2.33223483,-14.47,35.75099102
1667711830.5601404,21215.11,21215.41,-2.33223483,-14.47,35.75099102
1667711840.5736003,21215.52,21215.52,-3.0257224,-23.68,35.88936363
1667711850.598618,21215.52,21215.52,-3.0257224,-23.68,35.88936363
1667711860.5585806,21215.52,21212.74,-3.24748878,-26.46,33.90213625
1667711870.6075592,21215.52,21212.74,-3.24748878,-26.46,33.90213625
1667711880.598708,21215.52,21212.74,-3.24748878,-26.46,33.90213625
1667711890.595052,21215.52,21212.74,-3.24748878,-26.46,33.90213625
1667711900.61662,21211.21,21211.21,-4.15071923,-26.23,32.89955749
1667711910.6218772,21211.21,21211.21,-4.15071923,-26.23,32.89955749
1667711920.5778563,21211.21,21206.46,-4.52963661,-30.98,29.93935926
1667711930.5829434,21211.21,21206.46,-4.52963661,-30.98,29.93935926
1667711940.6000834,21211.21,21206.46,-4.52963661,-30.98,29.93935926
1667711950.625394,21211.21,21206.46,-4.52963661,-30.98,29.93935926
1667711960.6102388,21206.2,21206.2,-5.42367861,-34.15,29.79262913
1667711971.245144,21206.2,21206.2,-5.42367861,-34.15,29.79262913
1667711981.4755156,21206.2,21204.93,-5.52498915,-35.42,29.04386291
1667711991.5587575,21206.2,21204.93,-5.52498915,-35.42,29.04386291
1667712001.3241656,21206.2,21204.93,-5.52498915,-35.42,29.04386291
1667712011.3154025,21206.82,21206.82,-5.95843596,-32.13,30.66526029
1667712021.251643,21206.82,21206.82,-5.95843596,-32.13,30.66526029
1667712031.2844229,21206.82,21206.82,-5.95843596,-32.13,30.66526029
1667712041.2439787,21206.82,21206.82,-5.95843596,-32.13,30.66526029
1667712051.3209772,21206.82,21206.78,-5.96162684,-32.17,30.63880133
1667712061.279505,21206.82,21206.78,-5.96162684,-32.17,30.63880133
1667712071.3107045,21204.87,21204.87,-6.57710081,-30.04,29.39082919
1667712081.3245273,21204.87,21204.87,-6.57710081,-30.04,29.39082919
1667712091.303978,21204.87,21204.87,-6.57710081,-30.04,29.39082919
1667712101.3068562,21204.87,21205.26,-6.5459897,-29.65,29.6484958
1667712111.306897,21204.87,21205.26,-6.5459897,-29.65,29.6484958
1667712121.3685746,21204.87,21205.26,-6.5459897,-29.65,29.6484958
1667712131.3134506,21205.1,21205.1,-6.91877121,-29.28,30.17747059
1667712141.6019473,21205.1,21205.1,-6.91877121,-29.28,30.17747059
1667712152.5975752,21205.1,21205.1,-6.91877121,-29.28,30.17747059
1667712162.5302494,21205.1,21211.16,-6.43535241,-23.22,38.86023967
1667712172.6252017,21205.1,21211.16,-6.43535241,-23.22,38.86023967
1667712182.6301005,21205.1,21211.16,-6.43535241,-23.22,38.86023967
1667712192.5762165,21207.81,21207.81,-6.69952316,-18.69,34.34698845
1667712202.5811658,21207.81,21207.81,-6.69952316,-18.69,34.34698845
1667712212.590656,21207.81,21207.81,-6.69952316,-18.69,34.34698845
1667712222.5924022,21207.81,21207.48,-6.72584795,-19.02,34.08010568
1667712232.5795338,21207.81,21207.48,-6.72584795,-19.02,34.08010568
1667712242.5864308,21207.81,21207.48,-6.72584795,-19.02,34.08010568
1667712252.5558178,21203.78,21203.78,-7.19046424,-20.53,31.34897205
1667712262.5673847,21203.78,21203.78,-7.19046424,-20.53,31.34897205
1667712272.614113,21203.78,21203.78,-7.19046424,-20.53,31.34897205
1667712282.6045854,21203.78,21208.51,-6.8131423,-15.8,38.17050268
1667712292.8276238,21203.78,21208.51,-6.8131423,-15.8,38.17050268
1667712302.8754094,21203.78,21208.51,-6.8131423,-15.8,38.17050268
1667712312.6042688,21208.66,21208.66,-6.55082426,-5.77,38.36897615
1667712322.6278536,21208.66,21208.66,-6.55082426,-5.77,38.36897615
1667712333.2821944,21208.66,21208.66,-6.55082426,-5.77,38.36897615
1667712343.019302,21208.66,21207.72,-6.62581002,-6.71,37.57280832
1667712352.9632676,21208.66,21207.72,-6.62581002,-6.71,37.57280832
1667712362.9621174,21208.66,21207.72,-6.62581002,-6.71,37.57280832
1667712372.9977927,21206.65,21206.65,-6.57033282,-8.87,36.7666257
1667712382.982016,21206.65,21206.65,-6.57033282,-8.87,36.7666257
1667712393.0076554,21206.65,21206.65,-6.57033282,-8.87,36.7666257
1667712403.0382078,21206.65,21200.52,-7.05933567,-15.0,32.13562814
1667712412.988405,21206.65,21200.52,-7.05933567,-15.0,32.13562814
1667712423.0350578,21206.65,21200.52,-7.05933567,-15.0,32.13562814
1667712433.1660244,21194.29,21194.29,-8.17354186,-16.92,29.16874825
1667712442.990555,21194.29,21194.29,-8.17354186,-16.92,29.16874825
1667712453.0326676,21194.29,21194.29,-8.17354186,-16.92,29.16874825
1667712463.2573464,21194.29,21192.47,-8.31872705,-18.74,27.57627972
1667712473.0448527,21194.29,21192.47,-8.31872705,-18.74,27.57627972
1667712483.063248,21194.29,21192.47,-8.31872705,-18.74,27.57627972
1667712493.0520356,21180.08,21180.08,-10.52523917,-26.12,22.36866037
1667712503.0480409,21180.08,21180.08,-10.52523917,-26.12,22.36866037
1667712514.1982558,21180.08,21180.08,-10.52523917,-26.12,22.36866037
1667712524.1914663,21180.08,21192.44,-9.53925626,-13.76,35.46201188
1667712534.18066,21180.08,21192.44,-9.53925626,-13.76,35.46201188
1667712544.2077737,21180.08,21192.44,-9.53925626,-13.76,35.46201188
1667712554.1818314,21181.89,21181.89,-11.10442332,-24.93,24.60942928
1667712564.1654508,21181.89,21181.89,-11.10442332,-24.93,24.60942928
1667712574.2115197,21181.89,21181.89,-11.10442332,-24.93,24.60942928
1667712584.1579833,21181.89,21185.35,-10.82841192,-21.47,28.83627448
1667712594.3434746,21181.89,21185.35,-10.82841192,-21.47,28.83627448
1667712604.1653228,21181.89,21185.35,-10.82841192,-21.47,28.83627448
1667712614.208453,21188.92,21188.92,-10.52327495,-16.71,32.94073749
1667712624.2840488,21188.92,21188.92,-10.52327495,-16.71,32.94073749
1667712634.1919968,21188.92,21188.92,-10.52327495,-16.71,32.94073749
1667712644.2151177,21188.92,21186.9,-10.68441455,-18.73,31.89266938
1667712654.1978278,21188.92,21186.9,-10.68441455,-18.73,31.89266938
1667712664.1748936,21188.92,21186.9,-10.68441455,-18.73,31.89266938
1667712674.2511165,21184.8,21184.8,-10.99732058,-19.67,30.87153628
1667712684.275219,21184.8,21184.8,-10.99732058,-19.67,30.87153628
1667712694.621122,21184.8,21184.8,-10.99732058,-19.67,30.87153628
1667712704.632811,21184.8,21189.45,-10.6263804,-15.02,35.7751151
1667712714.6104708,21184.8,21189.45,-10.6263804,-15.02,35.7751151
1667712724.6246834,21184.8,21189.45,-10.6263804,-15.02,35.7751151
1667712734.6347313,21189.3,21189.3,-10.34976915,-18.51,35.62781847
1667712744.642334,21189.3,21189.3,-10.34976915,-18.51,35.62781847
1667712754.6724513,21189.3,21189.3,-10.34976915,-18.51,35.62781847
1667712764.6446788,21189.3,21188.55,-10.40959821,-19.26,35.19320522
1667712774.6536949,21189.3,21188.55,-10.40959821,-19.26,35.19320522
1667712784.6620896,21189.3,21188.55,-10.40959821,-19.26,35.19320522
1667712794.641809,21184.49,21184.49,-10.72694906,-19.29,33.40481358
1667712804.679283,21184.49,21184.49,-10.72694906,-19.29,33.40481358
1667712814.8399415,21184.49,21184.49,-10.72694906,-19.29,33.40481358
1667712824.655099,21184.49,21183.0,-10.84580946,-20.78,32.24898984
1667712834.630706,21184.49,21183.0,-10.84580946,-20.78,32.24898984
1667712844.6621249,21184.49,21183.0,-10.84580946,-20.78,32.24898984
1667712854.6465242,21180.81,21180.81,-11.07793269,-27.86,31.15389699
1667712864.675058,21180.81,21180.81,-11.07793269,-27.86,31.15389699
1667712875.508568,21180.81,21180.81,-11.07793269,-27.86,31.15389699
1667712885.5120533,21180.81,21175.22,-11.52385862,-33.45,28.49413555
1667712895.4782562,21180.81,21175.22,-11.52385862,-33.45,28.49413555
1667712905.510876,21180.81,21175.22,-11.52385862,-33.45,28.49413555
1667712915.495046,21177.82,21177.82,-11.41935133,-28.74,29.67240493
1667712925.5392127,21177.82,21177.82,-11.41935133,-28.74,29.67240493
1667712935.550902,21177.82,21177.82,-11.41935133,-28.74,29.67240493
1667712945.5216107,21177.82,21181.0,-11.16567612,-25.56,33.30503056
1667712955.5186758,21177.82,21181.0,-11.16567612,-25.56,33.30503056
1667712965.5419073,21177.82,21181.0,-11.16567612,-25.56,33.30503056
1667712975.7259226,21188.25,21188.25,-9.89542526,-5.28,40.3316986
1667712985.523888,21188.25,21188.25,-9.89542526,-5.28,40.3316986
1667712995.548167,21188.25,21188.25,-9.89542526,-5.28,40.3316986
1667713005.534974,21188.25,21187.76,-9.93451358,-5.77,40.02477659
1667713015.5404308,21188.25,21187.76,-9.93451358,-5.77,40.02477659
1667713025.4972332,21188.25,21187.76,-9.93451358,-5.77,40.02477659
1667713035.5084937,21189.31,21189.31,-9.09072319,9.23,41.30535865
1667713045.5004988,21189.31,21189.31,-9.09072319,9.23,41.30535865
1667713056.2310236,21189.31,21189.31,-9.09072319,9.23,41.30535865
1667713066.2084842,21189.31,21187.69,-9.21995396,7.61,40.22503486
1667713076.2083738,21189.31,21187.69,-9.21995396,7.61,40.22503486
1667713086.1684115,21189.31,21187.69,-9.21995396,7.61,40.22503486
1667713096.1981838,21189.7,21189.7,-8.40165343,7.82,41.766397
1667713106.1874878,21189.7,21189.7,-8.40165343,7.82,41.766397
1667713116.3169954,21189.7,21189.7,-8.40165343,7.82,41.766397
1667713126.1903577,21189.7,21194.47,-8.02114061,12.59,46.28455767
1667713136.2237487,21189.7,21194.47,-8.02114061,12.59,46.28455767
1667713146.226731,21189.7,21194.47,-8.02114061,12.59,46.28455767
1667713156.2387805,21195.22,21195.22,-6.97571776,5.86,46.93194481
1667713166.225222,21195.22,21195.22,-6.97571776,5.86,46.93194481
1667713176.2966452,21195.22,21195.22,-6.97571776,5.86,46.93194481
1667713186.2317402,21195.22,21192.51,-7.1919001,3.15,44.82951428
1667713196.2238874,21195.22,21192.51,-7.1919001,3.15,44.82951428
1667713206.2401185,21195.22,21192.51,-7.1919001,3.15,44.82951428
1667713216.2390826,21188.19,21188.19,-7.11781184,3.39,41.8415505
1667713226.2488935,21188.19,21188.19,-7.11781184,3.39,41.8415505
1667713237.1087618,21188.19,21188.19,-7.11781184,3.39,41.8415505
1667713247.3318963,21188.19,21186.02,-7.29091725,1.22,40.38543207
1667713257.10399,21188.19,21186.02,-7.29091725,1.22,40.38543207
1667713267.1205091,21188.19,21186.02,-7.29091725,1.22,40.38543207
1667713277.3371935,21189.25,21189.25,-6.55880877,-0.05,42.84813105
1667713287.1076677,21189.25,21189.25,-6.55880877,-0.05,42.84813105
1667713297.107268,21189.25,21189.25,-6.55880877,-0.05,42.84813105
1667713307.107129,21189.25,21187.66,-6.68564638,-1.64,41.68274982
1667713317.1144216,21189.25,21187.66,-6.68564638,-1.64,41.68274982
1667713327.428511,21189.25,21187.66,-6.68564638,-1.64,41.68274982
1667713337.0915358,21188.93,21188.93,-6.11939855,5.11,42.64992555
1667713347.149274,21188.93,21188.93,-6.11939855,5.11,42.64992555
1667713357.1076872,21188.93,21188.93,-6.11939855,5.11,42.64992555
1667713367.124406,21188.93,21187.45,-6.23746123,3.63,41.50613748
1667713377.1556876,21188.93,21187.45,-6.23746123,3.63,41.50613748
1667713387.1745522,21188.93,21187.45,-6.23746123,3.63,41.50613748
1667713397.137912,21186.41,21186.41,-6.1007027,5.6,40.87225473
1667713407.1437857,21186.41,21186.41,-6.1007027,5.6,40.87225473
1667713418.587314,21186.41,21186.41,-6.1007027,5.6,40.87225473
1667713428.508572,21186.41,21183.81,-6.30811011,3.0,38.82263887
1667713438.4877305,21186.41,21183.81,-6.30811011,3.0,38.82263887
1667713448.8626916,21186.41,21183.81,-6.30811011,3.0,38.82263887
1667713458.5480924,21176.28,21176.28,-7.27040974,-1.54,34.13154706
1667713468.534094,21176.28,21176.28,-7.27040974,-1.54,34.13154706
1667713478.76257,21176.28,21176.28,-7.27040974,-1.54,34.13154706
1667713488.572562,21176.28,21176.92,-7.2193556,-0.9,34.85208866
1667713498.7326193,21176.28,21176.92,-7.2193556,-0.9,34.85208866
1667713508.5433583,21176.28,21176.92,-7.2193556,-0.9,34.85208866
1667713518.8737748,21178.7,21178.7,-7.13986239,-9.55,36.79016756
1667713528.531376,21178.7,21178.7,-7.13986239,-9.55,36.79016756
1667713538.5767,21178.7,21178.7,-7.13986239,-9.55,36.79016756
1667713548.5464735,21178.7,21177.49,-7.23638661,-10.76,35.92335705
1667713558.543643,21178.7,21177.49,-7.23638661,-10.76,35.92335705
1667713568.5446255,21178.7,21177.49,-7.23638661,-10.76,35.92335705
1667713578.584494,21177.37,21177.37,-7.28422673,-11.94,35.84767908
1667713588.6966565,21177.37,21177.37,-7.28422673,-11.94,35.84767908
1667713599.2651274,21177.37,21177.37,-7.28422673,-11.94,35.84767908
1667713609.2331588,21177.37,21175.35,-7.44536633,-13.96,34.52902283
1667713619.2285252,21177.37,21175.35,-7.44536633,-13.96,34.52902283
1667713629.2149098,21177.37,21175.35,-7.44536633,-13.96,34.52902283
1667713639.2363126,21167.31,21167.31,-8.59356117,-21.84,30.0835656
1667713649.2405858,21167.31,21167.31,-8.59356117,-21.84,30.0835656
1667713659.228305,21167.31,21167.31,-8.59356117,-21.84,30.0835656
1667713669.4367993,21167.31,21147.71,-10.15709394,-41.44,22.53632676
1667713679.3447037,21167.31,21147.71,-10.15709394,-41.44,22.53632676
1667713689.25003,21167.31,21147.71,-10.15709394,-41.44,22.53632676
1667713699.2763138,21146.59,21146.59,-11.88360287,-48.63,22.23334256
1667713709.2596235,21146.59,21146.59,-11.88360287,-48.63,22.23334256
1667713719.233663,21146.59,21146.59,-11.88360287,-48.63,22.23334256
1667713729.2297487,21146.59,21158.96,-10.89682225,-36.26,33.41980653
1667713739.2654452,21146.59,21158.96,-10.89682225,-36.26,33.41980653
1667713749.257157,21146.59,21158.96,-10.89682225,-36.26,33.41980653
1667713759.2230434,21157.3,21157.3,-11.51561347,-30.89,32.10927267
1667713769.2581978,21157.3,21157.3,-11.51561347,-30.89,32.10927267
1667713779.857589,21157.3,21157.3,-11.51561347,-30.89,32.10927267
1667713789.8673098,21157.3,21154.17,-11.76530008,-34.02,30.87521866
1667713799.9259405,21157.3,21154.17,-11.76530008,-34.02,30.87521866
1667713809.879254,21157.3,21154.17,-11.76530008,-34.02,30.87521866
1667713819.8684587,21156.85,21156.85,-11.87155068,-32.4,32.28189816
1667713830.0105162,21156.85,21156.85,-11.87155068,-32.4,32.28189816
1667713839.8780882,21156.85,21156.85,-11.87155068,-32.4,32.28189816
1667713849.835494,21156.85,21158.69,-11.72477005,-30.56,33.91482511
1667713859.871884,21156.85,21158.69,-11.72477005,-30.56,33.91482511
1667713870.23872,21156.85,21158.69,-11.72477005,-30.56,33.91482511
1667713879.840644,21159.52,21159.52,-11.56644328,-30.03,34.62592045
1667713889.8769348,21159.52,21159.52,-11.56644328,-30.03,34.62592045
1667713899.8877957,21159.52,21159.52,-11.56644328,-30.03,34.62592045
1667713909.8932447,21159.52,21149.96,-12.32906436,-39.59,30.54856073
1667713919.8791437,21159.52,21149.96,-12.32906436,-39.59,30.54856073
1667713929.9052448,21159.52,21149.96,-12.32906436,-39.59,30.54856073
1667713939.9507203,21149.22,21149.22,-12.81849498,-36.86,30.27262898
1667713950.1234486,21149.22,21149.22,-12.81849498,-36.86,30.27262898
1667713960.4711084,21149.22,21149.22,-12.81849498,-36.86,30.27262898
1667713970.450414,21149.22,21149.75,-12.77621577,-36.33,30.7550518
1667713980.4621837,21149.22,21149.75,-12.77621577,-36.33,30.7550518
1667713990.4552207,21149.22,21149.75,-12.77621577,-36.33,30.7550518
1667714000.4292517,21151.02,21151.02,-12.75517019,-25.26,31.88432614
1667714010.400626,21151.02,21151.02,-12.75517019,-25.26,31.88432614
1667714020.4342475,21151.02,21150.31,-12.81180837,-25.97,31.57430983
1667714030.4408858,21151.02,21150.31,-12.81180837,-25.97,31.57430983
1667714040.432649,21151.02,21150.31,-12.81180837,-25.97,31.57430983
1667714050.461702,21151.02,21150.31,-12.81180837,-25.97,31.57430983
1667714060.722836,21151.36,21151.36,-12.62463453,-27.16,32.20309881
1667714070.4453304,21151.36,21151.36,-12.62463453,-27.16,32.20309881
1667714080.445465,21151.36,21159.57,-11.96970576,-18.95,39.55867851
1667714090.424929,21151.36,21159.57,-11.96970576,-18.95,39.55867851
1667714100.425714,21151.36,21159.57,-11.96970576,-18.95,39.55867851
1667714110.461319,21165.76,21165.76,-10.36412251,-11.61,44.12894404
1667714120.622202,21165.76,21165.76,-10.36412251,-11.61,44.12894404
1667714130.4386575,21165.76,21165.76,-10.36412251,-11.61,44.12894404
1667714141.0350914,21165.76,21171.23,-9.92776924,-6.14,47.87951423
1667714151.0478,21165.76,21171.23,-9.92776924,-6.14,47.87951423
1667714161.0799148,21165.76,21171.23,-9.92776924,-6.14,47.87951423
1667714171.1265645,21165.76,21171.23,-9.92776924,-6.14,47.87951423
1667714181.0555725,21162.5,21162.5,-9.83579084,-5.78,42.31424058
1667714191.045999,21162.5,21162.5,-9.83579084,-5.78,42.31424058
1667714201.0271451,21162.5,21163.85,-9.72809853,-4.43,43.35310552
1667714211.0468752,21162.5,21163.85,-9.72809853,-4.43,43.35310552
1667714221.202736,21162.5,21163.85,-9.72809853,-4.43,43.35310552
1667714231.0575254,21151.14,21151.14,-10.67555817,4.57,36.63765919
1667714241.0504177,21151.14,21151.14,-10.67555817,4.57,36.63765919
1667714251.092501,21151.14,21151.14,-10.67555817,4.57,36.63765919
1667714261.075901,21151.14,21149.23,-10.82792284,2.66,35.77218543
1667714271.2562375,21151.14,21149.23,-10.82792284,2.66,35.77218543
1667714281.1092167,21151.14,21149.23,-10.82792284,2.66,35.77218543
1667714291.0774,21151.14,21149.23,-10.82792284,2.66,35.77218543
1667714301.1061337,21151.26,21151.26,-10.55870796,-6.04,36.92934636
1667714311.077103,21151.26,21151.26,-10.55870796,-6.04,36.92934636
1667714321.6001425,21151.26,21158.02,-10.0194487,0.72,42.1857631
1667714331.6504583,21151.26,21158.02,-10.0194487,0.72,42.1857631
1667714341.596352,21151.26,21158.02,-10.0194487,0.72,42.1857631
1667714351.6351984,21151.26,21158.02,-10.0194487,0.72,42.1857631
1667714361.6501122,21153.75,21153.75,-9.94759383,-2.41,39.04201699
1667714371.6798434,21153.75,21153.75,-9.94759383,-2.41,39.04201699
1667714381.6385005,21153.75,21154.01,-9.92685309,-2.15,39.1837241
1667714391.64112,21153.75,21154.01,-9.92685309,-2.15,39.1837241
1667714401.6806889,21153.75,21154.01,-9.92685309,-2.15,39.1837241
1667714411.6271734,21154.86,21154.86,-9.33777432,-4.66,40.0195051
1667714421.6474223,21154.86,21154.86,-9.33777432,-4.66,40.0195051
1667714431.6567996,21154.86,21154.86,-9.33777432,-4.66,40.0195051
1667714441.65808,21154.86,21154.86,-9.33777432,-4.66,40.0195051
1667714451.6347528,21154.86,21154.89,-9.33538116,-4.63,40.03708338
1667714461.6244416,21154.86,21154.89,-9.33538116,-4.63,40.03708338
1667714471.6852868,21147.28,21147.28,-9.96211777,-1.94,36.25377601
1667714481.6588032,21147.28,21147.28,-9.96211777,-1.94,36.25377601
1667714491.6751451,21147.28,21147.28,-9.96211777,-1.94,36.25377601
1667714502.0410564,21147.28,21147.28,-9.96211777,-1.94,36.25377601
1667714512.317778,21147.28,21162.98,-8.70969611,13.76,47.72724789
1667714522.0262558,21147.28,21162.98,-8.70969611,13.76,47.72724789
1667714532.0082762,21164.98,21164.98,-7.35338746,13.96,48.91696171
1667714542.1384938,21164.98,21164.98,-7.35338746,13.96,48.91696171
1667714552.0304213,21164.98,21164.98,-7.35338746,13.96,48.91696171
1667714562.0306685,21164.98,21171.49,-6.83407122,20.47,52.63699649
1667714572.0667076,21164.98,21171.49,-6.83407122,20.47,52.63699649
1667714582.0277967,21164.98,21171.49,-6.83407122,20.47,52.63699649
1667714592.0719836,21164.98,21171.49,-6.83407122,20.47,52.63699649
1667714602.0828931,21169.25,21169.25,-5.70270956,17.89,51.41969675
1667714612.1395218,21169.25,21169.25,-5.70270956,17.89,51.41969675
1667714622.0456123,21169.25,21176.51,-5.12356426,25.15,55.41897508
1667714632.0314982,21169.25,21176.51,-5.12356426,25.15,55.41897508
1667714642.049259,21169.25,21176.51,-5.12356426,25.15,55.41897508
1667714652.0436337,21177.61,21177.61,-3.4640283,11.85,55.9894247
1667714662.0543833,21177.61,21177.61,-3.4640283,11.85,55.9894247
1667714672.038041,21177.61,21177.61,-3.4640283,11.85,55.9894247
1667714682.9343252,21177.61,21176.22,-3.57491149,10.46,55.13487075
1667714692.9692855,21177.61,21176.22,-3.57491149,10.46,55.13487075
1667714703.1173425,21177.61,21176.22,-3.57491149,10.46,55.13487075
1667714712.9814672,21181.06,21181.06,-1.65746112,18.56,57.69855326
1667714722.9437747,21181.06,21181.06,-1.65746112,18.56,57.69855326
1667714732.985087,21181.06,21181.06,-1.65746112,18.56,57.69855326
1667714742.9498365,21181.06,21181.15,-1.65028163,18.65,57.76302505
1667714752.9337318,21181.06,21181.15,-1.65028163,18.65,57.76302505
1667714762.973518,21181.06,21181.15,-1.65028163,18.65,57.76302505
1667714772.9405131,21179.19,21179.19,-0.68855135,27.46,56.36714691
1667714782.9629354,21179.19,21179.19,-0.68855135,27.46,56.36714691
1667714793.0194695,21179.19,21179.19,-0.68855135,27.46,56.36714691
1667714802.9908302,21179.19,21174.39,-1.07145733,22.66,53.04507233
1667714813.001742,21179.19,21174.39,-1.07145733,22.66,53.04507233
1667714823.2069106,21179.19,21174.39,-1.07145733,22.66,53.04507233
1667714832.9941032,21174.6,21174.6,-0.50632797,23.94,53.16873321
1667714842.9832623,21174.6,21174.6,-0.50632797,23.94,53.16873321
1667714852.9555387,21174.6,21174.6,-0.50632797,23.94,53.16873321
1667714863.928725,21174.6,21175.11,-0.46564421,24.45,53.48007562
1667714873.652995,21174.6,21175.11,-0.46564421,24.45,53.48007562
1667714883.678921,21174.6,21175.11,-0.46564421,24.45,53.48007562
1667714893.6717255,21175.37,21175.37,0.06293133,21.34,53.6372114
1667714903.6954997,21175.37,21175.37,0.06293133,21.34,53.6372114
1667714913.682212,21175.37,21175.37,0.06293133,21.34,53.6372114
1667714923.6384304,21175.37,21174.62,0.00310227,20.59,53.08022899
1667714933.6597917,21175.37,21174.62,0.00310227,20.59,53.08022899
1667714943.6583152,21175.37,21174.62,0.00310227,20.59,53.08022899
1667714953.7018218,21173.05,21173.05,0.17093142,17.64,51.91684075
1667714963.7219326,21173.05,21173.05,0.17093142,17.64,51.91684075
1667714973.7091072,21173.05,21173.05,0.17093142,17.64,51.91684075
1667714983.715784,21173.05,21165.61,-0.42257285,10.2,46.83503598
1667714993.722989,21173.05,21165.61,-0.42257285,10.2,46.83503598
1667715003.7091713,21173.05,21165.61,-0.42257285,10.2,46.83503598
1667715013.6870055,21168.59,21168.59,-0.27125362,21.85,48.74618101
1667715023.6714728,21168.59,21168.59,-0.27125362,21.85,48.74618101
1667715033.7334151,21168.59,21168.59,-0.27125362,21.85,48.74618101
1667715044.3201864,21168.59,21176.62,0.36931618,29.88,54.17280831
1667715054.318208,21168.59,21176.62,0.36931618,29.88,54.17280831
1667715064.368466,21168.59,21176.62,0.36931618,29.88,54.17280831
1667715074.3287606,21176.53,21176.53,0.78656222,11.96,54.11836185
1667715084.3290925,21176.53,21176.53,0.78656222,11.96,54.11836185
1667715094.5740042,21176.53,21176.53,0.78656222,11.96,54.11836185
1667715104.384509,21176.53,21173.76,0.56559356,9.19,52.06796036
1667715114.3267398,21176.53,21173.76,0.56559356,9.19,52.06796036
1667715124.4408853,21176.53,21173.76,0.56559356,9.19,52.06796036
1667715134.515536,21176.13,21176.13,1.06035562,6.88,53.80591957
1667715144.3573596,21176.13,21176.13,1.06035562,6.88,53.80591957
1667715154.373992,21176.13,21176.13,1.06035562,6.88,53.80591957
1667715164.3815186,21176.13,21174.54,0.93351801,5.29,52.5344671
1667715174.3281405,21176.13,21174.54,0.93351801,5.29,52.5344671
1667715184.518485,21176.13,21174.54,0.93351801,5.29,52.5344671
1667715194.362713,21168.31,21168.31,0.17545248,-8.74,48.08253672
1667715204.3322425,21168.31,21168.31,0.17545248,-8.74,48.08253672
1667715214.3375106,21168.31,21168.31,0.17545248,-8.74,48.08253672
1667715224.924103,21168.31,21172.25,0.48975447,-4.8,50.91550196
1667715234.9096713,21168.31,21172.25,0.48975447,-4.8,50.91550196
1667715244.9526482,21168.31,21172.25,0.48975447,-4.8,50.91550196
1667715254.897477,21180.24,21180.24,1.67321458,-1.03,55.74879917
1667715264.9250605,21180.24,21180.24,1.67321458,-1.03,55.74879917
1667715274.8976262,21180.24,21180.24,1.67321458,-1.03,55.74879917
1667715284.9334478,21180.24,21177.15,1.42671886,-4.12,53.54357573
1667715294.9059749,21180.24,21177.15,1.42671886,-4.12,53.54357573
1667715304.9503255,21180.24,21177.15,1.42671886,-4.12,53.54357573
1667715314.9516811,21176.18,21176.18,1.48993144,-3.46,52.88685895
1667715324.9263215,21176.18,21176.18,1.48993144,-3.46,52.88685895
1667715335.0927584,21176.18,21176.18,1.48993144,-3.46,52.88685895
1667715345.1783164,21176.18,21173.28,1.25859241,-6.36,50.87772287
1667715354.9924526,21176.18,21173.28,1.25859241,-6.36,50.87772287
1667715364.9523945,21176.18,21173.28,1.25859241,-6.36,50.87772287
1667715374.957807,21173.63,21173.63,1.22262786,-0.57,51.11206754
1667715384.969638,21173.63,21173.63,1.22262786,-0.57,51.11206754
1667715394.957016,21173.63,21173.63,1.22262786,-0.57,51.11206754
1667715405.3505847,21173.63,21174.69,1.30718627,0.49,51.83562962
1667715415.3347368,21173.63,21174.69,1.30718627,0.49,51.83562962
1667715425.327688,21173.63,21174.69,1.30718627,0.49,51.83562962
1667715435.3311212,21174.33,21174.33,1.25759635,-1.04,51.5923055
1667715445.3400254,21174.33,21174.33,1.25759635,-1.04,51.5923055
1667715455.3404882,21174.33,21174.33,1.25759635,-1.04,51.5923055
1667715465.3331337,21174.33,21177.52,1.51206928,2.15,53.8186813
1667715475.3503523,21174.33,21177.52,1.51206928,2.15,53.8186813
1667715485.2919185,21174.33,21177.52,1.51206928,2.15,53.8186813
1667715495.3284478,21178.84,21178.84,1.82811856,5.16,54.71023693
1667715505.5321603,21178.84,21178.84,1.82811856,5.16,54.71023693
1667715515.31857,21178.84,21178.84,1.82811856,5.16,54.71023693
1667715525.326824,21178.84,21177.66,1.73398751,3.98,53.81184921
1667715535.3947775,21178.84,21177.66,1.73398751,3.98,53.81184921
1667715545.3607495,21178.84,21177.66,1.73398751,3.98,53.81184921
1667715555.3649049,21176.87,21176.87,1.73079353,8.28,53.17222671
1667715565.3671095,21176.87,21176.87,1.73079353,8.28,53.17222671
1667715575.5607913,21176.87,21176.87,1.73079353,8.28,53.17222671
1667715586.0203185,21176.87,21179.42,1.93421233,10.83,55.03030304
1667715596.057738,21176.87,21179.42,1.93421233,10.83,55.03030304
1667715606.0221474,21176.87,21179.42,1.93421233,10.83,55.03030304
1667715616.0406318,21181.87,21181.87,2.42718387,5.34,56.71216702
1667715626.001645,21181.87,21181.87,2.42718387,5.34,56.71216702
1667715636.0407622,21181.87,21181.87,2.42718387,5.34,56.71216702
1667715646.0005047,21181.87,21179.57,2.24370809,3.04,54.77398068
1667715656.060336,21181.87,21179.57,2.24370809,3.04,54.77398068
1667715666.2067451,21181.87,21179.57,2.24370809,3.04,54.77398068
1667715676.047475,21179.56,21179.56,2.31710873,3.32,54.72369592
1667715686.0745685,21179.56,21179.56,2.31710873,3.32,54.72369592
1667715696.023002,21179.56,21179.56,2.31710873,3.32,54.72369592
1667715706.0469291,21179.56,21177.92,2.18628252,1.68,53.30161748
1667715716.032812,21179.56,21177.92,2.18628252,1.68,53.30161748
1667715726.078866,21179.56,21177.92,2.18628252,1.68,53.30161748
1667715736.0118268,21176.73,21176.73,1.97566358,8.42,52.26803774
1667715746.066844,21176.73,21176.73,1.97566358,8.42,52.26803774
1667715756.0703714,21176.73,21176.73,1.97566358,8.42,52.26803774
1667715766.9561918,21176.73,21169.81,1.42364078,1.5,46.60946718
1667715776.9127946,21176.73,21169.81,1.42364078,1.5,46.60946718
1667715786.9129996,21176.73,21169.81,1.42364078,1.5,46.60946718
1667715796.928003,21167.97,21167.97,0.62541394,-12.56,45.30461679
1667715806.932797,21167.97,21167.97,0.62541394,-12.56,45.30461679
1667715816.9242043,21167.97,21167.97,0.62541394,-12.56,45.30461679
1667715827.1699812,21167.97,21171.67,0.92057064,-8.86,48.42929438
1667715836.9412403,21167.97,21171.67,0.92057064,-8.86,48.42929438
1667715846.927039,21167.97,21171.67,0.92057064,-8.86,48.42929438
1667715856.9188037,21171.86,21171.86,0.68734878,-4.32,48.57354349
1667715866.936451,21171.86,21171.86,0.68734878,-4.32,48.57354349
1667715876.985011,21171.86,21171.86,0.68734878,-4.32,48.57354349
1667715886.9248965,21171.86,21169.32,0.48472769,-6.86,46.63893105
1667715896.934159,21171.86,21169.32,0.48472769,-6.86,46.63893105
1667715907.118559,21171.86,21169.32,0.48472769,-6.86,46.63893105
1667715916.9444785,21168.01,21168.01,-0.12998695,-5.62,45.82519034
1667715926.9489138,21168.01,21168.01,-0.12998695,-5.62,45.82519034
1667715937.0212607,21168.01,21168.01,-0.12998695,-5.62,45.82519034
1667715947.8731008,21168.01,21173.1,0.27605294,-0.53,49.9545317
1667715957.7331886,21168.01,21173.1,0.27605294,-0.53,49.9545317
1667715967.7497735,21168.01,21173.1,0.27605294,-0.53,49.9545317
1667715977.7364745,21173.99,21173.99,0.30167977,-0.34,50.6637871
1667715987.9803765,21173.99,21173.99,0.30167977,-0.34,50.6637871
1667715997.7608013,21173.99,21173.99,0.30167977,-0.34,50.6637871
1667716007.7544022,21173.99,21172.9,0.21472821,-1.43,49.79494866
1667716017.755729,21173.99,21172.9,0.21472821,-1.43,49.79494866
1667716027.8251915,21173.99,21172.9,0.21472821,-1.43,49.79494866
1667716037.7953408,21177.9,21177.9,0.87229715,-0.35,53.55116062
1667716047.8050358,21177.9,21177.9,0.87229715,-0.35,53.55116062
1667716057.795199,21177.9,21177.9,0.87229715,-0.35,53.55116062
1667716067.7907605,21177.9,21174.59,0.60825157,-3.66,50.83867584
1667716077.806491,21177.9,21174.59,0.60825157,-3.66,50.83867584
1667716087.750072,21177.9,21174.59,0.60825157,-3.66,50.83867584
1667716097.8021634,21172.38,21172.38,0.28472738,-4.49,49.17559884
1667716107.7597146,21172.38,21172.38,0.28472738,-4.49,49.17559884
1667716117.7897828,21172.38,21172.38,0.28472738,-4.49,49.17559884
1667716128.6683872,21172.38,21172.5,0.29430003,-4.37,49.27263511
1667716138.680997,21172.38,21172.5,0.29430003,-4.37,49.27263511
1667716148.6790676,21172.38,21172.5,0.29430003,-4.37,49.27263511
1667716158.6641538,21177.88,21177.88,0.94362683,-3.38,53.27241576
1667716168.651467,21177.88,21177.88,0.94362683,-3.38,53.27241576
1667716179.0051122,21177.88,21177.88,0.94362683,-3.38,53.27241576
1667716188.626014,21177.88,21177.58,0.91969521,-3.68,53.02136103
1667716198.6816528,21177.88,21177.58,0.91969521,-3.68,53.02136103
1667716208.681472,21177.88,21177.58,0.91969521,-3.68,53.02136103
1667716218.641256,21177.32,21177.32,1.00710178,-1.8,52.79617442
1667716228.6481764,21177.32,21177.32,1.00710178,-1.8,52.79617442
1667716238.6848426,21177.32,21177.32,1.00710178,-1.8,52.79617442
1667716248.688708,21177.32,21177.08,0.98795648,-2.04,52.60644396
1667716258.7223115,21177.32,21177.08,0.98795648,-2.04,52.60644396
1667716268.7095711,21177.32,21177.08,0.98795648,-2.04,52.60644396
1667716278.6484604,21179.83,21179.83,1.46871612,3.11,54.64340107
1667716288.6772249,21179.83,21179.83,1.46871612,3.11,54.64340107
1667716298.6810484,21179.83,21179.83,1.46871612,3.11,54.64340107
1667716309.083012,21179.83,21185.5,1.92102381,8.78,58.71719387
1667716319.0250983,21179.83,21185.5,1.92102381,8.78,58.71719387
1667716329.0714192,21179.83,21185.5,1.92102381,8.78,58.71719387
1667716339.3575125,21186.93,21186.93,2.61157671,18.95,59.65096786
1667716349.1179063,21186.93,21186.93,2.61157671,18.95,59.65096786
1667716359.0527048,21186.93,21186.93,2.61157671,18.95,59.65096786
1667716369.0899897,21186.93,21185.97,2.53499551,17.99,58.88073375
1667716379.0950563,21186.93,21185.97,2.53499551,17.99,58.88073375
1667716389.0798085,21186.93,21185.97,2.53499551,17.99,58.88073375
1667716399.1064878,21187.75,21187.75,3.14189192,15.4,60.2252063
1667716409.0558677,21187.75,21187.75,3.14189192,15.4,60.2252063
1667716419.1119015,21187.75,21187.75,3.14189192,15.4,60.2252063
1667716429.1083102,21187.75,21182.18,2.69756143,9.83,54.97063657
1667716439.1126688,21187.75,21182.18,2.69756143,9.83,54.97063657
1667716449.050637,21187.75,21182.18,2.69756143,9.83,54.97063657
1667716459.0659966,21181.96,21181.96,2.71467119,14.6,54.75163444
1667716469.0821202,21181.96,21181.96,2.71467119,14.6,54.75163444
1667716479.21706,21181.96,21181.96,2.71467119,14.6,54.75163444
1667716489.9953778,21181.96,21185.21,2.97393045,17.85,57.26904747
1667716500.1617763,21181.96,21185.21,2.97393045,17.85,57.26904747
1667716509.959818,21181.96,21185.21,2.97393045,17.85,57.26904747
1667716519.9838865,21181.95,21181.95,2.7387486,8.87,54.60715695
1667716530.0132272,21181.95,21181.95,2.7387486,8.87,54.60715695
1667716539.9744003,21181.95,21181.95,2.7387486,8.87,54.60715695
1667716549.9926324,21181.95,21180.92,2.65658336,7.84,53.58285365
1667716560.2193837,21181.95,21180.92,2.65658336,7.84,53.58285365
1667716570.0296066,21181.95,21180.92,2.65658336,7.84,53.58285365
1667716580.0113764,21182.55,21182.55,2.76184476,4.65,55.22209252
1667716590.04714,21182.55,21182.55,2.76184476,4.65,55.22209252
1667716600.011027,21182.55,21182.55,2.76184476,4.65,55.22209252
1667716610.0233796,21182.55,21171.38,1.87079063,-6.52,45.05093339
1667716620.0036623,21182.55,21171.38,1.87079063,-6.52,45.05093339
1667716629.9912207,21182.55,21171.38,1.87079063,-6.52,45.05093339
1667716640.0215435,21169.2,21169.2,0.8237771,-3.18,43.48768775
1667716650.0175998,21169.2,21169.2,0.8237771,-3.18,43.48768775
1667716660.330604,21169.2,21169.2,0.8237771,-3.18,43.48768775
1667716670.9504912,21169.2,21170.38,0.91790815,-2.0,44.60810516
1667716680.893145,21169.2,21170.38,0.91790815,-2.0,44.60810516
1667716691.43474,21170.34,21170.34,0.30934293,-7.54,44.60671567
1667716700.894992,21170.34,21170.34,0.30934293,-7.54,44.60671567
1667716710.851401,21170.34,21170.34,0.30934293,-7.54,44.60671567
1667716720.901781,21170.34,21170.37,0.31173609,-7.51,44.63071564
1667716730.914098,21170.34,21170.37,0.31173609,-7.51,44.63071564
1667716740.8718767,21170.34,21170.37,0.31173609,-7.51,44.63071564
1667716750.8470342,21169.77,21169.77,-0.26717995,-7.24,44.15557086
1667716761.159853,21169.77,21169.77,-0.26717995,-7.24,44.15557086
1667716770.8601315,21169.77,21169.77,-0.26717995,-7.24,44.15557086
1667716780.8930826,21169.77,21169.77,-0.26717995,-7.24,44.15557086
1667716790.9228446,21169.77,21170.44,-0.21373266,-6.57,44.86149067
1667716800.9436955,21169.77,21170.44,-0.21373266,-6.57,44.86149067
1667716810.899893,21171.5,21171.5,-0.43564507,-8.56,45.94258074
1667716821.0402308,21171.5,21171.5,-0.43564507,-8.56,45.94258074
1667716830.9458551,21171.5,21171.5,-0.43564507,-8.56,45.94258074
1667716840.893938,21171.5,21169.14,-0.62390718,-10.92,43.87975803
1667716851.249173,21171.5,21169.14,-0.62390718,-10.92,43.87975803
1667716861.254387,21171.5,21169.14,-0.62390718,-10.92,43.87975803
1667716871.2558856,21165.93,21165.93,-1.48959308,-20.44,41.54985001
1667716881.260076,21165.93,21165.93,-1.48959308,-20.44,41.54985001
1667716891.285714,21165.93,21165.93,-1.48959308,-20.44,41.54985001
1667716901.262557,21165.93,21164.6,-1.59568995,-21.77,40.34640081
1667716911.23353,21165.93,21164.6,-1.59568995,-21.77,40.34640081
1667716921.3010335,21165.93,21164.6,-1.59568995,-21.77,40.34640081
1667716931.3022425,21161.98,21161.98,-2.46689086,-25.08,38.4401439
1667716941.2445564,21161.98,21161.98,-2.46689086,-25.08,38.4401439
1667716951.3392556,21161.98,21161.98,-2.46689086,-25.08,38.4401439
1667716961.3191934,21161.98,21167.85,-1.99862875,-19.21,44.68373265
1667716971.2679017,21161.98,21167.85,-1.99862875,-19.21,44.68373265
1667716981.2774837,21161.98,21167.85,-1.99862875,-19.21,44.68373265
1667716991.32589,21166.34,21166.34,-2.33277664,-15.94,43.24094351
1667717001.2968483,21166.34,21166.34,-2.33277664,-15.94,43.24094351
1667717011.7177176,21166.34,21166.34,-2.33277664,-15.94,43.24094351
1667717021.291128,21166.34,21166.01,-2.35910142,-16.27,42.97016777
1667717032.1335526,21166.34,21166.01,-2.35910142,-16.27,42.97016777
1667717042.106751,21166.34,21166.01,-2.35910142,-16.27,42.97016777
1667717052.072261,21164.75,21164.75,-2.71713103,-18.0,41.96676189
1667717062.0983694,21164.75,21164.75,-2.71713103,-18.0,41.96676189
1667717072.1173244,21164.75,21164.75,-2.71713103,-18.0,41.96676189
1667717082.354626,21164.75,21159.99,-3.09684613,-22.76,38.32575574
1667717092.153725,21164.75,21159.99,-3.09684613,-22.76,38.32575574
1667717102.1517644,21164.75,21159.99,-3.09684613,-22.76,38.32575574
1667717112.1551995,21162.81,21162.81,-3.20466535,-19.74,40.70923499
1667717122.1566682,21162.81,21162.81,-3.20466535,-19.74,40.70923499
1667717132.1599183,21162.81,21162.81,-3.20466535,-19.74,40.70923499
1667717142.171515,21162.81,21164.14,-3.09856849,-18.41,42.25581813
1667717152.1923988,21162.81,21164.14,-3.09856849,-18.41,42.25581813
1667717162.1784716,21162.81,21164.14,-3.09856849,-18.41,42.25581813
1667717172.3918903,21163.05,21163.05,-3.37521998,-6.15,41.0289602
1667717182.1763718,21163.05,21163.05,-3.37521998,-6.15,41.0289602
1667717192.1840518,21163.05,21163.05,-3.37521998,-6.15,41.0289602
1667717202.2185457,21163.05,21161.64,-3.48769861,-7.56,39.65334158
1667717212.73407,21163.05,21161.64,-3.48769861,-7.56,39.65334158
1667717222.751093,21163.05,21161.64,-3.48769861,-7.56,39.65334158
1667717232.7388122,21154.04,21154.04,-4.75501638,-16.59,34.34793604
1667717242.7006884,21154.04,21154.04,-4.75501638,-16.59,34.34793604
1667717252.7244935,21154.04,21154.04,-4.75501638,-16.59,34.34793604
1667717262.7884595,21154.04,21152.45,-4.88185399,-18.18,33.11162912
1667717272.7384093,21154.04,21152.45,-4.88185399,-18.18,33.11162912
1667717282.7468183,21154.04,21152.45,-4.88185399,-18.18,33.11162912
1667717292.693323,21149.26,21149.26,-5.87445766,-20.51,31.20732729
1667717302.695488,21149.26,21149.26,-5.87445766,-20.51,31.20732729
1667717312.7258224,21149.26,21149.26,-5.87445766,-20.51,31.20732729
1667717322.7429924,21149.26,21148.43,-5.94066848,-21.34,30.71240036
1667717332.7168362,21149.26,21148.43,-5.94066848,-21.34,30.71240036
1667717342.7431197,21149.26,21148.43,-5.94066848,-21.34,30.71240036
1667717352.7663262,21156.35,21156.35,-5.38355978,-15.15,39.53122341
1667717362.848076,21156.35,21156.35,-5.38355978,-15.15,39.53122341
1667717372.7536106,21156.35,21156.35,-5.38355978,-15.15,39.53122341
1667717382.7616973,21156.35,21156.13,-5.40110963,-15.37,39.37202696
1667717393.5949652,21156.35,21156.13,-5.40110963,-15.37,39.37202696
1667717403.68732,21156.35,21156.13,-5.40110963,-15.37,39.37202696
1667717413.4913774,21161.12,21161.12,-4.7064244,-4.3,44.40511775
1667717423.4975524,21161.12,21161.12,-4.7064244,-4.3,44.40511775
1667717433.4801085,21161.12,21161.12,-4.7064244,-4.3,44.40511775
1667717443.4883626,21161.12,21160.79,-4.73274919,-4.63,44.14004934
1667717453.448846,21161.12,21160.79,-4.73274919,-4.63,44.14004934
1667717463.4883,21161.12,21160.79,-4.73274919,-4.63,44.14004934
1667717473.458819,21162.86,21162.86,-4.17442261,0.72,46.11142479
1667717483.6649628,21162.86,21162.86,-4.17442261,0.72,46.11142479
1667717493.504743,21162.86,21162.86,-4.17442261,0.72,46.11142479
1667717503.5247211,21162.86,21166.92,-3.85054797,4.78,49.96989582
1667717513.4627192,21162.86,21166.92,-3.85054797,4.78,49.96989582
1667717523.53544,21162.86,21166.92,-3.85054797,4.78,49.96989582
1667717533.4695728,21169.38,21169.38,-2.91188772,2.74,52.06510077
1667717543.4823909,21169.38,21169.38,-2.91188772,2.74,52.06510077
1667717553.5007591,21169.38,21169.38,-2.91188772,2.74,52.06510077
1667717563.4647355,21169.38,21167.81,-3.03712988,1.17,50.62426148
1667717574.2005982,21169.38,21167.81,-3.03712988,1.17,50.62426148
1667717584.2241602,21169.38,21167.81,-3.03712988,1.17,50.62426148
1667717594.2184536,21169.75,21169.75,-2.22973099,5.0,52.38568112
1667717604.2444153,21169.75,21169.75,-2.22973099,5.0,52.38568112
1667717614.2366362,21169.75,21169.75,-2.22973099,5.0,52.38568112
1667717624.2184317,21169.75,21169.98,-2.21138341,5.23,52.5979046
1667717634.2473035,21169.75,21169.98,-2.21138341,5.23,52.5979046
1667717644.5394845,21169.75,21169.98,-2.21138341,5.23,52.5979046
1667717654.3652575,21169.47,21169.47,-1.70485829,7.35,52.05330783
1667717664.249015,21169.47,21169.47,-1.70485829,7.35,52.05330783
1667717674.2431445,21169.47,21169.47,-1.70485829,7.35,52.05330783
1667717684.253179,21169.47,21168.6,-1.77426,6.48,51.13249798
1667717694.4056425,21169.47,21168.6,-1.77426,6.48,51.13249798
1667717704.2409065,21169.47,21168.6,-1.77426,6.48,51.13249798
1667717714.4548588,21168.33,21168.33,-1.44598282,5.66,50.85331725
1667717724.3075602,21168.33,21168.33,-1.44598282,5.66,50.85331725
1667717734.3072095,21168.33,21168.33,-1.44598282,5.66,50.85331725
1667717744.2427142,21168.33,21161.62,-1.98125347,-1.05,44.36968725
1667717754.9995844,21168.33,21161.62,-1.98125347,-1.05,44.36968725
1667717765.1734922,21168.33,21161.62,-1.98125347,-1.05,44.36968725
1667717775.0001454,21165.11,21165.11,-1.62786482,11.39,47.57162301
1667717784.93636,21165.11,21165.11,-1.62786482,11.39,47.57162301
1667717794.9664483,21165.11,21165.11,-1.62786482,11.39,47.57162301
1667717804.9647229,21165.11,21166.33,-1.53054288,12.61,48.92136148
1667717814.9644709,21165.11,21166.33,-1.53054288,12.61,48.92136148
1667717824.9869351,21165.11,21166.33,-1.53054288,12.61,48.92136148
1667717834.9914243,21165.89,21165.89,-1.43820043,16.63,48.4637678
1667717844.9993737,21165.89,21165.89,-1.43820043,16.63,48.4637678
1667717855.021587,21165.89,21165.89,-1.43820043,16.63,48.4637678
1667717864.9728508,21165.89,21163.78,-1.60651952,14.52,46.18558929
1667717875.03284,21165.89,21163.78,-1.60651952,14.52,46.18558929
1667717885.004745,21165.89,21163.78,-1.60651952,14.52,46.18558929
1667717894.9774325,21162.95,21162.95,-1.72194368,6.6,45.35320443
1667717905.1312647,21162.95,21162.95,-1.72194368,6.6,45.35320443
1667717914.979421,21162.95,21162.95,-1.72194368,6.6,45.35320443
1667717924.9867935,21162.95,21163.33,-1.69163029,6.98,45.83452061
1667717935.7080371,21162.95,21163.33,-1.69163029,6.98,45.83452061
1667717945.7349882,21162.95,21163.33,-1.69163029,6.98,45.83452061
1667717955.722537,21167.97,21167.97,-1.03123815,6.85,51.09421357
1667717965.7776594,21167.97,21167.97,-1.03123815,6.85,51.09421357
1667717975.7623155,21167.97,21167.97,-1.03123815,6.85,51.09421357
1667717985.7405565,21167.97,21170.71,-0.81266265,9.59,53.93862223
1667717995.7442763,21167.97,21170.71,-0.81266265,9.59,53.93862223
1667718005.7861822,21167.97,21170.71,-0.81266265,9.59,53.93862223
1667718015.7547095,21171.47,21171.47,-0.29731384,8.61,54.66989847
1667718025.8841314,21171.47,21171.47,-0.29731384,8.61,54.66989847
1667718035.757194,21171.47,21171.47,-0.29731384,8.61,54.66989847
1667718046.056079,21171.47,21178.28,0.24593403,15.42,60.69194732
1667718055.8596675,21171.47,21178.28,0.24593403,15.42,60.69194732
1667718066.072683,21171.47,21178.28,0.24593403,15.42,60.69194732
1667718075.8571196,21179.09,21179.09,1.13952022,9.95,61.30340754
1667718085.875557,21179.09,21179.09,1.13952022,9.95,61.30340754
1667718095.881114,21179.09,21179.09,1.13952022,9.95,61.30340754
1667718105.8343797,21179.09,21175.71,0.8698906,6.57,57.29803621
1667718116.3616197,21179.09,21175.71,0.8698906,6.57,57.29803621
1667718126.3587272,21179.09,21175.71,0.8698906,6.57,57.29803621
1667718136.3305547,21176.46,21176.46,1.40422945,6.71,58.14095334
1667718146.3660362,21176.46,21176.46,1.40422945,6.71,58.14095334
1667718156.404379,21176.46,21176.46,1.40422945,6.71,58.14095334
1667718166.398697,21176.46,21177.37,1.47682204,7.62,58.93041362
1667718176.5155616,21176.46,21177.37,1.47682204,7.62,58.93041362
1667718186.3610885,21176.46,21177.37,1.47682204,7.62,58.93041362
1667718196.3584087,21177.67,21177.67,1.93104238,7.75,59.18418886
1667718206.401543,21177.67,21177.67,1.93104238,7.75,59.18418886
1667718216.4053693,21177.67,21177.67,1.93104238,7.75,59.18418886
1667718226.5554576,21177.67,21178.28,1.97970335,8.36,59.72908494
1667718236.3793888,21177.67,21178.28,1.97970335,8.36,59.72908494
1667718246.4205706,21177.67,21178.28,1.97970335,8.36,59.72908494
1667718256.4375608,21181.99,21181.99,2.85684294,13.66,62.75332867
1667718266.3695211,21181.99,21181.99,2.85684294,13.66,62.75332867
1667718276.3615725,21181.99,21181.99,2.85684294,13.66,62.75332867
1667718286.4370527,21181.99,21184.71,3.073823,16.38,64.83818554
1667718297.3234408,21181.99,21184.71,3.073823,16.38,64.83818554
1667718307.3249476,21181.99,21184.71,3.073823,16.38,64.83818554
1667718317.3199022,21183.88,21183.88,3.58314428,19.05,63.82498018
1667718327.3281865,21183.88,21183.88,3.58314428,19.05,63.82498018
1667718337.4918146,21183.88,21183.88,3.58314428,19.05,63.82498018
1667718347.2966263,21183.88,21178.71,3.17072263,13.88,57.31144039
1667718357.314472,21183.88,21178.71,3.17072263,13.88,57.31144039
1667718367.3127403,21183.88,21178.71,3.17072263,13.88,57.31144039
1667718377.5342803,21176.41,21176.41,2.90037371,10.77,54.82245605
1667718387.5312977,21176.41,21176.41,2.90037371,10.77,54.82245605
1667718397.3232815,21176.41,21176.41,2.90037371,10.77,54.82245605
1667718407.32411,21176.41,21173.47,2.66584379,7.83,51.72983901
1667718417.3394785,21176.41,21173.47,2.66584379,7.83,51.72983901
1667718427.3126912,21176.41,21173.47,2.66584379,7.83,51.72983901
1667718437.3424196,21172.81,21172.81,2.31991645,9.86,51.04722173
1667718447.3426158,21172.81,21172.81,2.31991645,9.86,51.04722173
1667718457.336144,21172.81,21172.81,2.31991645,9.86,51.04722173
1667718467.338481,21172.81,21175.35,2.52253753,12.4,53.52334978
1667718478.0976837,21172.81,21175.35,2.52253753,12.4,53.52334978
1667718488.086883,21172.81,21175.35,2.52253753,12.4,53.52334978
1667718498.0509028,21174.1,21174.1,2.21606048,6.13,52.34664302
1667718508.0432985,21174.1,21174.1,2.21606048,6.13,52.34664302
1667718518.0356898,21174.1,21174.1,2.21606048,6.13,52.34664302
1667718528.2708662,21174.1,21174.51,2.24876703,6.54,52.769038
1667718538.0698972,21174.1,21174.51,2.24876703,6.54,52.769038
1667718548.3633623,21174.1,21174.51,2.24876703,6.54,52.769038
1667718558.0765998,21175.18,21175.18,2.18148473,3.71,53.44340668
1667718568.0490973,21175.18,21175.18,2.18148473,3.71,53.44340668
1667718578.0662322,21175.18,21175.18,2.18148473,3.71,53.44340668
1667718588.0567417,21175.18,21173.99,2.08655596,2.52,52.02264935
1667718598.0570903,21175.18,21173.99,2.08655596,2.52,52.02264935
1667718608.0671017,21175.18,21173.99,2.08655596,2.52,52.02264935
1667718618.086939,21174.49,21174.49,1.96449568,-4.6,52.61030051
1667718628.1249394,21174.49,21174.49,1.96449568,-4.6,52.61030051
1667718638.1084716,21174.49,21174.49,1.96449568,-4.6,52.61030051
1667718648.0988855,21174.49,21172.95,1.84164668,-6.14,50.71027894
1667718659.239416,21174.49,21172.95,1.84164668,-6.14,50.71027894
1667718669.0623915,21174.49,21172.95,1.84164668,-6.14,50.71027894
1667718679.028796,21180.17,21180.17,2.57751651,3.71,58.40927527
1667718688.9941564,21180.17,21180.17,2.57751651,3.71,58.40927527
1667718699.020689,21180.17,21180.17,2.57751651,3.71,58.40927527
1667718709.0285368,21180.17,21177.99,2.40361338,1.53,55.78831835
1667718719.020817,21180.17,21177.99,2.40361338,1.53,55.78831835
1667718729.0535624,21180.17,21177.99,2.40361338,1.53,55.78831835
1667718739.3080337,21178.27,21178.27,2.41961002,0.6,56.05755989
1667718749.0257742,21178.27,21178.27,2.41961002,0.6,56.05755989
1667718759.286854,21178.27,21178.27,2.41961002,0.6,56.05755989
1667718769.053954,21178.27,21175.76,2.2193821,-1.91,52.93546846
1667718779.0631318,21178.27,21175.76,2.2193821,-1.91,52.93546846
1667718789.048681,21178.27,21175.76,2.2193821,-1.91,52.93546846
1667718799.036276,21174.32,21174.32,1.8555622,-7.67,51.23544302
1667718809.066832,21174.32,21174.32,1.8555622,-7.67,51.23544302
1667718819.0549853,21174.32,21174.32,1.8555622,-7.67,51.23544302
1667718829.0325313,21174.32,21173.29,1.77339696,-8.7,49.99856849
1667718839.6822474,21174.32,21173.29,1.77339696,-8.7,49.99856849
1667718849.6742575,21174.32,21173.29,1.77339696,-8.7,49.99856849
1667718859.652931,21173.52,21173.52,1.52628138,-10.95,50.26955696
1667718869.6164365,21173.52,21173.52,1.52628138,-10.95,50.26955696
1667718879.6561434,21173.52,21173.52,1.52628138,-10.95,50.26955696
1667718889.6924667,21173.52,21174.49,1.6036603,-9.98,51.46432315
1667718899.6631258,21173.52,21174.49,1.6036603,-9.98,51.46432315
1667718909.666787,21173.52,21174.49,1.6036603,-9.98,51.46432315
1667718919.664374,21174.39,21174.39,1.39986902,-2.02,51.38002819
1667718929.7929716,21174.39,21174.39,1.39986902,-2.02,51.38002819
1667718939.6615112,21174.39,21174.39,1.39986902,-2.02,51.38002819
1667718949.6691067,21174.39,21174.21,1.38551004,-2.2,51.1450605
1667718959.759487,21174.39,21174.21,1.38551004,-2.2,51.1450605
1667718969.6425867,21174.39,21174.21,1.38551004,-2.2,51.1450605
1667718979.6353662,21174.19,21174.19,1.19334399,0.9,51.15166399
1667718989.6487825,21174.19,21174.19,1.19334399,0.9,51.15166399
1667718999.696334,21174.19,21174.19,1.19334399,0.9,51.15166399
1667719009.671718,21174.19,21169.92,0.85271721,-3.37,45.50279322
1667719020.279546,21174.19,21169.92,0.85271721,-3.37,45.50279322
1667719030.2358513,21174.19,21169.92,0.85271721,-3.37,45.50279322
1667719040.266469,21171.63,21171.63,0.70229893,-2.47,47.62090027
1667719050.2593615,21171.63,21171.63,0.70229893,-2.47,47.62090027
1667719060.2556105,21171.63,21171.63,0.70229893,-2.47,47.62090027
1667719070.264756,21171.63,21170.09,0.57944992,-4.01,45.56387424
1667719080.2504191,21171.63,21170.09,0.57944992,-4.01,45.56387424
1667719090.4532216,21169.42,21169.42,0.20458582,-5.76,44.65057416
1667719100.2684393,21169.42,21169.42,0.20458582,-5.76,44.65057416
1667719110.2776182,21169.42,21169.42,0.20458582,-5.76,44.65057416
1667719120.2855031,21169.42,21167.94,0.08652314,-7.24,42.77653001
1667719130.289337,21169.42,21167.94,0.08652314,-7.24,42.77653001
1667719140.2762969,21169.42,21167.94,0.08652314,-7.24,42.77653001
1667719150.2637534,21169.42,21167.94,0.08652314,-7.24,42.77653001
1667719160.2823668,21167.89,21167.89,-0.33307018,-6.6,42.8795527
1667719170.2643118,21167.89,21167.89,-0.33307018,-6.6,42.8795527
1667719180.294652,21167.89,21164.2,-0.62742915,-10.29,38.41848888
1667719190.2664084,21167.89,21164.2,-0.62742915,-10.29,38.41848888
1667719201.2529902,21167.89,21164.2,-0.62742915,-10.29,38.41848888
1667719210.9912035,21162.41,21162.41,-1.43420259,-17.1,36.936373
1667719220.9903266,21162.41,21162.41,-1.43420259,-17.1,36.936373
1667719231.1516442,21162.41,21162.41,-1.43420259,-17.1,36.936373
1667719241.0058908,21162.41,21162.41,-1.43420259,-17.1,36.936373
1667719250.9800563,21162.41,21161.39,-1.51557011,-18.12,35.62529378
1667719261.0526583,21162.41,21161.39,-1.51557011,-18.12,35.62529378
1667719271.018777,21162.24,21162.24,-1.90816518,-15.6,36.94867825
1667719281.1721375,21162.24,21162.24,-1.90816518,-15.6,36.94867825
1667719291.0152328,21162.24,21162.24,-1.90816518,-15.6,36.94867825
1667719301.020534,21162.24,21162.45,-1.89141305,-15.39,37.17532296
1667719311.0531511,21162.24,21162.45,-1.89141305,-15.39,37.17532296
1667719321.022406,21162.24,21162.45,-1.89141305,-15.39,37.17532296
1667719331.2003,21161.39,21161.39,-2.39729089,-12.93,36.05885767
1667719341.0210304,21161.39,21161.39,-2.39729089,-12.93,36.05885767
1667719351.05731,21161.39,21161.39,-2.39729089,-12.93,36.05885767
1667719361.0423636,21161.39,21161.3,-2.40447037,-13.02,35.96010865
1667719371.0001884,21161.39,21161.3,-2.40447037,-13.02,35.96010865
1667719382.281563,21161.39,21161.3,-2.40447037,-13.02,35.96010865
1667719392.3983796,21161.09,21161.09,-2.70305579,-12.43,35.96676952
1667719402.3436415,21161.09,21161.09,-2.70305579,-12.43,35.96676952
1667719412.5072584,21161.09,21161.09,-2.70305579,-12.43,35.96676952
1667719422.339749,21161.09,21161.33,-2.68391049,-12.19,36.24389172
1667719432.292703,21161.09,21161.33,-2.68391049,-12.19,36.24389172
1667719442.3264687,21161.09,21161.33,-2.68391049,-12.19,36.24389172
1667719452.3101668,21161.09,21161.33,-2.68391049,-12.19,36.24389172
1667719462.3456774,21161.21,21161.21,-2.91609746,-12.79,36.10479887
1667719472.4301045,21161.21,21161.21,-2.91609746,-12.79,36.10479887
1667719482.3148868,21161.21,21158.27,-3.15062738,-15.73,32.7851098
1667719492.2968268,21161.21,21158.27,-3.15062738,-15.73,32.7851098
1667719502.3383598,21161.21,21158.27,-3.15062738,-15.73,32.7851098
1667719512.3530693,21170.72,21170.72,-1.71292124,-2.93,51.86918784
1667719522.3568275,21170.72,21170.72,-1.71292124,-2.93,51.86918784
1667719532.52237,21170.72,21170.72,-1.71292124,-2.93,51.86918784
1667719542.336522,21170.72,21175.18,-1.35713777,1.53,57.20216502
1667719552.488246,21170.72,21175.18,-1.35713777,1.53,57.20216502
1667719562.9869795,21170.72,21175.18,-1.35713777,1.53,57.20216502
1667719573.044912,21170.72,21175.18,-1.35713777,1.53,57.20216502
1667719583.0030446,21179.09,21179.09,-0.16190748,7.46,60.99137821
1667719593.02814,21179.09,21179.09,-0.16190748,7.46,60.99137821
1667719602.986417,21179.09,21178.91,-0.17626646,7.28,60.72483109
1667719613.0142884,21179.09,21178.91,-0.17626646,7.28,60.72483109
1667719623.0411088,21179.09,21178.91,-0.17626646,7.28,60.72483109
1667719632.9878783,21180.02,21180.02,0.70473127,9.83,61.41617665
1667719643.0269468,21180.02,21180.02,0.70473127,9.83,61.41617665
1667719653.150999,21180.02,21180.02,0.70473127,9.83,61.41617665
1667719663.2069442,21180.02,21179.25,0.64330677,9.06,60.26287022
1667719673.0825715,21180.02,21179.25,0.64330677,9.06,60.26287022
1667719683.0498571,21180.02,21179.25,0.64330677,9.06,60.26287022
1667719693.001548,21180.65,21180.65,1.35674305,13.07,62.32176937
1667719703.040839,21180.65,21180.65,1.35674305,13.07,62.32176937
1667719713.076615,21180.65,21180.65,1.35674305,13.07,62.32176937
1667719723.0186818,21180.65,21184.93,1.69816755,17.35,66.22586338
1667719733.063423,21180.65,21184.93,1.69816755,17.35,66.22586338
1667719743.4281237,21180.65,21184.93,1.69816755,17.35,66.22586338
1667719753.4332583,21183.61,21183.61,2.23930025,21.59,65.11092893
1667719763.4584816,21183.61,21183.61,2.23930025,21.59,65.11092893
1667719773.4275262,21183.61,21183.61,2.23930025,21.59,65.11092893
1667719783.4295876,21183.61,21183.4,2.22254811,21.38,64.74474469
1667719793.4104326,21183.61,21183.4,2.22254811,21.38,64.74474469
1667719803.4489925,21183.61,21183.4,2.22254811,21.38,64.74474469
1667719813.45716,21186.96,21186.96,3.19627281,24.24,67.95759075
1667719823.5630994,21186.96,21186.96,3.19627281,24.24,67.95759075
1667719833.5709183,21186.96,21186.96,3.19627281,24.24,67.95759075
1667719843.4753273,21186.96,21189.27,3.38054631,26.55,69.84888888
1667719853.553172,21186.96,21189.27,3.38054631,26.55,69.84888888
1667719863.4563613,21186.96,21189.27,3.38054631,26.55,69.84888888
1667719873.421257,21192.98,21192.98,4.53396007,31.59,72.42584113
1667719883.4666092,21192.98,21192.98,4.53396007,31.59,72.42584113
1667719893.477422,21192.98,21192.98,4.53396007,31.59,72.42584113
1667719903.4115107,21192.98,21187.98,4.13509968,26.59,64.6226081
1667719913.4915776,21192.98,21187.98,4.13509968,26.59,64.6226081
1667719924.180861,21192.98,21187.98,4.13509968,26.59,64.6226081
1667719934.187598,21189.25,21189.25,4.64180744,27.52,66.4981626
1667719944.1645217,21189.25,21189.25,4.64180744,27.52,66.4981626
1667719954.1797094,21189.25,21189.25,4.64180744,27.52,66.4981626
1667719964.121554,21189.25,21191.05,4.78539719,29.32,67.91932019
1667719974.1223354,21189.25,21191.05,4.78539719,29.32,67.91932019
1667719984.368259,21189.25,21191.05,4.78539719,29.32,67.91932019
1667719994.1786814,21192.59,21192.59,5.37867898,31.38,69.0428455
1667720004.1627746,21192.59,21192.59,5.37867898,31.38,69.0428455
1667720014.145435,21192.59,21192.59,5.37867898,31.38,69.0428455
1667720024.1910431,21192.59,21193.31,5.43611487,32.1,69.5792661
1667720034.179783,21192.59,21193.31,5.43611487,32.1,69.5792661
1667720044.1775615,21192.59,21193.31,5.43611487,32.1,69.5792661
1667720054.1753125,21193.13,21193.13,5.77584182,22.41,69.2142498
1667720064.1896684,21193.13,21193.13,5.77584182,22.41,69.2142498
1667720074.4090228,21193.13,21193.13,5.77584182,22.41,69.2142498
1667720084.1864336,21193.13,21193.31,5.79020079,22.59,69.53650295
1667720094.196359,21193.13,21193.31,5.79020079,22.59,69.53650295
1667720105.1526558,21193.13,21193.31,5.79020079,22.59,69.53650295
1667720115.1654172,21192.6,21192.6,5.84826186,13.51,67.60122822
1667720125.1537883,21192.6,21192.6,5.84826186,13.51,67.60122822
1667720135.1967225,21192.6,21192.6,5.84826186,13.51,67.60122822
1667720145.333086,21192.6,21195.43,6.07401684,16.34,69.83916958
1667720155.1594107,21192.6,21195.43,6.07401684,16.34,69.83916958
1667720165.1768515,21192.6,21195.43,6.07401684,16.34,69.83916958
1667720175.168283,21195.27,21195.27,6.30016651,14.58,69.72092089
1667720185.1479187,21195.27,21195.27,6.30016651,14.58,69.72092089
1667720195.096531,21195.27,21195.27,6.30016651,14.58,69.72092089
1667720205.1252532,21195.27,21190.37,5.90928332,9.68,61.73792538
1667720215.1151798,21195.27,21190.37,5.90928332,9.68,61.73792538
1667720225.1775858,21195.27,21190.37,5.90928332,9.68,61.73792538
1667720235.1242635,21196.2,21196.2,6.54701956,15.68,70.44621448
1667720245.145231,21196.2,21196.2,6.54701956,15.68,70.44621448
1667720255.1388688,21196.2,21196.2,6.54701956,15.68,70.44621448
1667720265.1464186,21196.2,21193.33,6.31807369,12.81,65.25168141
1667720275.1471424,21196.2,21193.33,6.31807369,12.81,65.25168141
1667720285.7320514,21196.2,21193.33,6.31807369,12.81,65.25168141
1667720295.770462,21195.99,21195.99,6.54104814,12.38,69.43402569
1667720305.996451,21195.99,21195.99,6.54104814,12.38,69.43402569
1667720315.8261125,21195.99,21195.99,6.54104814,12.38,69.43402569
1667720325.7369792,21195.99,21195.87,6.53147549,12.26,69.32834891
1667720335.7340603,21195.99,21195.87,6.53147549,12.26,69.32834891
1667720345.7335804,21195.99,21195.87,6.53147549,12.26,69.32834891
1667720355.8082798,21202.11,21202.11,7.37759084,15.11,74.00225846
1667720365.936473,21202.11,21202.11,7.37759084,15.11,74.00225846
1667720375.8095274,21202.11,21202.11,7.37759084,15.11,74.00225846
1667720385.7696135,21202.11,21205.17,7.6216934,18.17,75.93861485
1667720395.9377732,21202.11,21205.17,7.6216934,18.17,75.93861485
1667720405.826136,21202.11,21205.17,7.6216934,18.17,75.93861485
1667720415.7870376,21204.04,21204.04,7.83925938,11.3,75.25809657
1667720425.7671754,21204.04,21204.04,7.83925938,11.3,75.25809657
1667720435.779597,21204.04,21204.04,7.83925938,11.3,75.25809657
1667720445.7797282,21204.04,21200.27,7.53851864,7.53,68.31602118
1667720455.7824802,21204.04,21200.27,7.53851864,7.53,68.31602118
1667720466.5306814,21204.04,21200.27,7.53851864,7.53,68.31602118
1667720476.5370462,21198.89,21198.89,7.26298838,9.64,66.08463705
1667720486.5374565,21198.89,21198.89,7.26298838,9.64,66.08463705
1667720496.5671172,21198.89,21198.89,7.26298838,9.64,66.08463705
1667720506.543234,21198.89,21189.81,6.5386579,0.56,53.66440894
1667720516.4889865,21198.89,21189.81,6.5386579,0.56,53.66440894
1667720526.496778,21198.89,21189.81,6.5386579,0.56,53.66440894
1667720536.4850936,21191.18,21191.18,6.01427616,-1.41,55.15196823
1667720546.4965353,21191.18,21191.18,6.01427616,-1.41,55.15196823
1667720556.4846706,21191.18,21191.18,6.01427616,-1.41,55.15196823
1667720566.7415524,21191.18,21193.24,6.17860665,0.65,57.45691057
1667720576.530626,21191.18,21193.24,6.17860665,0.65,57.45691057
1667720586.5761244,21191.18,21193.24,6.17860665,0.65,57.45691057
1667720596.5244837,21194.81,21194.81,5.90742808,1.46,58.92424263
1667720606.5060208,21194.81,21194.81,5.90742808,1.46,58.92424263
1667720616.558711,21194.81,21194.81,5.90742808,1.46,58.92424263
1667720626.5426743,21194.81,21191.72,5.66093235,-1.63,54.91407768
1667720636.5503056,21194.81,21191.72,5.66093235,-1.63,54.91407768
1667720647.228858,21194.81,21191.72,5.66093235,-1.63,54.91407768
1667720657.1230853,21193.13,21193.13,5.29265693,1.35,56.67586281
1667720667.1197891,21193.13,21193.13,5.29265693,1.35,56.67586281
1667720677.1340442,21193.13,21193.13,5.29265693,1.35,56.67586281
1667720687.0885584,21193.13,21192.25,5.2224575,0.47,55.47953472
1667720697.109233,21193.13,21192.25,5.2224575,0.47,55.47953472
1667720707.116658,21193.13,21192.25,5.2224575,0.47,55.47953472
1667720717.188939,21192.17,21192.17,4.74707438,-3.1,55.32844452
1667720727.1379576,21192.17,21192.17,4.74707438,-3.1,55.32844452
1667720737.1336713,21192.17,21192.17,4.74707438,-3.1,55.32844452
1667720747.3759463,21192.17,21189.54,4.53727381,-5.73,51.81766613
1667720757.131467,21192.17,21189.54,4.53727381,-5.73,51.81766613
1667720767.1592586,21192.17,21189.54,4.53727381,-5.73,51.81766613
1667720777.099595,21190.24,21190.24,3.98454642,-5.96,52.67997661
1667720787.1407104,21190.24,21190.24,3.98454642,-5.96,52.67997661
1667720797.1314003,21190.24,21190.24,3.98454642,-5.96,52.67997661
1667720807.379841,21190.24,21192.47,4.16243816,-3.73,55.2325541
1667720817.1616404,21190.24,21192.47,4.16243816,-3.73,55.2325541
1667720827.7081168,21190.24,21192.47,4.16243816,-3.73,55.2325541
1667720837.7278194,21193.94,21193.94,4.04018107,-1.45,56.67871797
1667720847.734134,21193.94,21193.94,4.04018107,-1.45,56.67871797
1667720857.7062254,21193.94,21193.94,4.04018107,-1.45,56.67871797
1667720867.6942067,21193.94,21192.15,3.89738905,-3.24,54.26119468
1667720877.71344,21193.94,21192.15,3.89738905,-3.24,54.26119468
1667720887.678728,21193.94,21192.15,3.89738905,-3.24,54.26119468
1667720897.71356,21192.98,21192.98,3.63238536,-9.13,55.28664191
1667720907.9541192,21192.98,21192.98,3.63238536,-9.13,55.28664191
1667720917.711127,21192.98,21192.98,3.63238536,-9.13,55.28664191
1667720927.6978018,21192.98,21198.32,4.05836827,-3.79,60.67530421
1667720937.7249415,21192.98,21198.32,4.05836827,-3.79,60.67530421
1667720947.7154696,21192.98,21198.32,4.05836827,-3.79,60.67530421
1667720957.7438352,21199.23,21199.23,4.27080266,-4.81,61.1676836
1667720967.7522123,21199.23,21199.23,4.27080266,-4.81,61.1676836
1667720977.7730076,21199.23,21199.23,4.27080266,-4.81,61.1676836
1667720987.7664304,21199.23,21197.91,4.16550352,-6.13,59.34400509
1667720997.6950128,21199.23,21197.91,4.16550352,-6.13,59.34400509
1667721008.485895,21199.23,21197.91,4.16550352,-6.13,59.34400509
1667721018.4677837,21198.21,21198.21,4.15625573,-0.68,59.74886355
1667721028.4426925,21198.21,21198.21,4.15625573,-0.68,59.74886355
1667721038.4279168,21198.21,21198.21,4.15625573,-0.68,59.74886355
1667721048.4555798,21198.21,21195.91,3.97277995,-2.98,56.56284101
1667721058.4391031,21198.21,21195.91,3.97277995,-2.98,56.56284101
1667721068.4763591,21198.21,21195.91,3.97277995,-2.98,56.56284101
1667721078.430942,21194.5,21194.5,3.53503654,2.45,54.7215054
1667721088.439273,21194.5,21194.5,3.53503654,2.45,54.7215054
1667721098.594038,21194.5,21194.5,3.53503654,2.45,54.7215054
1667721108.4731767,21194.5,21193.31,3.44010776,1.26,53.27455605
1667721118.4442666,21194.5,21193.31,3.44010776,1.26,53.27455605
1667721128.456144,21194.5,21193.31,3.44010776,1.26,53.27455605
1667721138.5127518,21196.12,21196.12,3.52346639,1.32,56.20801144
1667721148.5120192,21196.12,21196.12,3.52346639,1.32,56.20801144
1667721158.5109663,21196.12,21196.12,3.52346639,1.32,56.20801144
1667721168.4584224,21196.12,21194.39,3.38546069,-0.41,53.96155922
1667721178.4550598,21196.12,21194.39,3.38546069,-0.41,53.96155922
1667721189.1156416,21196.12,21194.39,3.38546069,-0.41,53.96155922
1667721199.080984,21195.56,21195.56,3.30200393,2.43,55.3958808
1667721209.0702877,21195.56,21195.56,3.30200393,2.43,55.3958808
1667721219.0907807,21195.56,21195.56,3.30200393,2.43,55.3958808
1667721229.1158934,21195.56,21197.0,3.41687573,3.87,57.20535697
1667721239.1338005,21195.56,21197.0,3.41687573,3.87,57.20535697
1667721249.12842,21195.56,21197.0,3.41687573,3.87,57.20535697
1667721259.4000494,21200.18,21200.18,3.73895853,7.57,60.4079006
1667721269.1423705,21200.18,21200.18,3.73895853,7.57,60.4079006
1667721279.1317086,21200.18,21200.18,3.73895853,7.57,60.4079006
1667721289.1190536,21200.18,21198.62,3.61451409,6.01,58.11047104
1667721299.1310792,21200.18,21198.62,3.61451409,6.01,58.11047104
1667721309.1019258,21200.18,21198.62,3.61451409,6.01,58.11047104
1667721319.1635077,21194.82,21194.82,2.99224207,5.24,53.18345468
1667721329.1448936,21194.82,21194.82,2.99224207,5.24,53.18345468
1667721339.1458805,21194.82,21194.82,2.99224207,5.24,53.18345468
1667721349.1677785,21194.82,21197.64,3.21719933,8.06,56.15447152
1667721359.1427915,21194.82,21197.64,3.21719933,8.06,56.15447152
1667721369.8799376,21194.82,21197.64,3.21719933,8.06,56.15447152
1667721379.8400755,21197.14,21197.14,3.03606643,2.98,55.65551086
1667721389.8353684,21197.14,21197.14,3.03606643,2.98,55.65551086
1667721399.97061,21197.14,21197.14,3.03606643,2.98,55.65551086
1667721409.8526146,21197.14,21191.78,2.60848808,-2.38,49.19270427
1667721420.0012734,21197.14,21191.78,2.60848808,-2.38,49.19270427
1667721429.7846994,21197.14,21191.78,2.60848808,-2.38,49.19270427
1667721439.7917929,21190.79,21190.79,1.99315208,-1.79,48.15978139
1667721449.7871032,21190.79,21190.79,1.99315208,-1.79,48.15978139
1667721459.8165374,21190.79,21190.79,1.99315208,-1.79,48.15978139
1667721469.8230567,21190.79,21190.1,1.93810935,-2.48,47.41254325
1667721479.8179822,21190.79,21190.1,1.93810935,-2.48,47.41254325
1667721489.8179457,21190.79,21190.1,1.93810935,-2.48,47.41254325
1667721499.8216722,21192.07,21192.07,1.7126786,-7.66,49.65814078
1667721509.8066566,21192.07,21192.07,1.7126786,-7.66,49.65814078
1667721519.8085554,21192.07,21192.07,1.7126786,-7.66,49.65814078
1667721529.834674,21192.07,21194.1,1.87461592,-5.63,51.98636305
1667721539.8371112,21192.07,21194.1,1.87461592,-5.63,51.98636305
1667721550.7324953,21192.07,21194.1,1.87461592,-5.63,51.98636305
1667721560.7127335,21193.35,21193.35,1.5931112,-4.86,51.15170258
1667721570.738706,21193.35,21193.35,1.5931112,-4.86,51.15170258
1667721580.7136104,21193.35,21194.37,1.67447872,-3.84,52.36453077
1667721590.7043552,21193.35,21194.37,1.67447872,-3.84,52.36453077
1667746531.881176,21223.22,21223.22,2.24310301,-12.06,46.0912728
1667746542.4552038,21223.22,21225.47,2.42259019,-9.81,47.76707955
1667746552.577491,21223.22,21225.47,2.42259019,-9.81,47.76707955
1667746561.737522,21223.22,21225.47,2.42259019,-9.81,47.76707955
1667746572.072677,21223.22,21225.47,2.42259019,-9.81,47.76707955
1667746581.7359278,21223.92,21223.92,1.60724155,-6.8,46.64823395
1667746591.9746242,21223.92,21223.92,1.60724155,-6.8,46.64823395
1667746601.8131332,21223.92,21224.56,1.65829569,-6.16,47.10714004
1667746611.881047,21223.92,21224.56,1.65829569,-6.16,47.10714004
1667746621.7505813,21223.92,21224.56,1.65829569,-6.16,47.10714004
1667746632.4387898,21225.31,21225.31,1.16045643,-10.1,47.74546381
1667746641.8457034,21225.31,21225.31,1.16045643,-10.1,47.74546381
1667746651.7007442,21225.31,21225.31,1.16045643,-10.1,47.74546381
1667746661.8457725,21225.31,21222.35,0.92433107,-13.06,45.47317466
1667746671.7383983,21225.31,21222.35,0.92433107,-13.06,45.47317466
1667746682.608296,21225.31,21222.35,0.92433107,-13.06,45.47317466
1667746692.7887485,21221.94,21221.94,0.32764034,-32.68,45.14368786
1667746702.552034,21221.94,21221.94,0.32764034,-32.68,45.14368786
1667746712.8172526,21221.94,21221.94,0.32764034,-32.68,45.14368786
1667746722.6594057,21221.94,21225.81,0.63635829,-28.81,48.4512064
1667746732.7623682,21221.94,21225.81,0.63635829,-28.81,48.4512064
1667746742.8004358,21221.94,21225.81,0.63635829,-28.81,48.4512064
1667746752.650932,21225.28,21225.28,0.30918967,-20.74,48.00726041
1667746762.6402645,21225.28,21225.28,0.30918967,-20.74,48.00726041
1667746772.7909017,21225.28,21225.28,0.30918967,-20.74,48.00726041
1667746782.8142104,21225.28,21225.4,0.31876232,-20.62,48.11621195
1667746792.949964,21225.28,21225.4,0.31876232,-20.62,48.11621195
1667746802.8879642,21225.28,21225.4,0.31876232,-20.62,48.11621195
1667746812.7888186,21226.2,21226.2,0.19034313,-8.53,48.8554389
1667746823.5290446,21226.2,21226.2,0.19034313,-8.53,48.8554389
1667746833.140879,21226.2,21226.2,0.19034313,-8.53,48.8554389
1667746842.9637878,21226.2,21225.05,0.09860524,-9.68,47.80698756
1667746852.9274025,21226.2,21225.05,0.09860524,-9.68,47.80698756
1667746863.450548,21226.2,21225.05,0.09860524,-9.68,47.80698756
1667746873.4051847,21226.23,21226.23,0.10679914,-7.38,48.86483735
1667746883.403707,21226.23,21226.23,0.10679914,-7.38,48.86483735
1667746893.6457524,21226.23,21226.23,0.10679914,-7.38,48.86483735
1667746903.3797507,21226.23,21228.93,0.32218375,-4.68,51.45156074
1667746913.4058414,21226.23,21228.93,0.32218375,-4.68,51.45156074
1667746923.374226,21226.23,21228.93,0.32218375,-4.68,51.45156074
1667746933.3625283,21229.47,21229.47,0.45314218,-4.64,51.94333945
1667746943.3625836,21229.47,21229.47,0.45314218,-4.64,51.94333945
1667746953.6554368,21229.47,21229.47,0.45314218,-4.64,51.94333945
1667746963.6036737,21229.47,21233.83,0.80094845,-0.28,55.83347801
1667746973.6672914,21229.47,21233.83,0.80094845,-0.28,55.83347801
1667746983.535611,21229.47,21233.83,0.80094845,-0.28,55.83347801
1667746993.440351,21229.47,21233.83,0.80094845,-0.28,55.83347801
1667747003.3870492,21230.64,21230.64,0.64896649,4.79,53.09142649
1667747013.3593922,21230.64,21230.64,0.64896649,4.79,53.09142649
1667747023.611635,21230.64,21234.34,0.94412319,8.49,56.50864948
1667747033.44134,21230.64,21234.34,0.94412319,8.49,56.50864948
1667747043.82401,21230.64,21234.34,0.94412319,8.49,56.50864948
1667747053.8316677,21233.62,21233.62,1.14238938,10.75,55.92117542
1667747063.909255,21233.62,21233.62,1.14238938,10.75,55.92117542
1667747073.8397954,21233.62,21233.62,1.14238938,10.75,55.92117542
1667747083.9884028,21233.62,21239.2,1.58751758,16.33,60.64084047
1667747093.8630471,21233.62,21239.2,1.58751758,16.33,60.64084047
1667747104.1118257,21233.62,21239.2,1.58751758,16.33,60.64084047
1667747113.8264534,21236.65,21236.65,1.75300138,12.18,58.65756502
1667747124.081642,21236.65,21236.65,1.75300138,12.18,58.65756502
1667747133.8917918,21236.65,21236.65,1.75300138,12.18,58.65756502
1667747143.986138,21236.65,21234.27,1.56314383,9.8,55.93539746
1667747154.0058172,21236.65,21234.27,1.56314383,9.8,55.93539746
1667747163.8892803,21236.65,21234.27,1.56314383,9.8,55.93539746
1667747174.1028576,21236.65,21234.27,1.56314383,9.8,55.93539746
1667747183.9052882,21239.15,21239.15,2.4160813,14.63,60.78554755
1667747194.0389087,21239.15,21239.15,2.4160813,14.63,60.78554755
1667747203.907545,21239.15,21232.63,1.89596734,8.11,53.10797362
1667747214.1867962,21239.15,21232.63,1.89596734,8.11,53.10797362
1667747225.2736151,21239.15,21232.63,1.89596734,8.11,53.10797362
1667747235.2189002,21239.15,21232.63,1.89596734,8.11,53.10797362
1667747245.252584,21232.86,21232.86,1.89651061,10.2,53.3017783
1667747255.0062196,21232.86,21232.86,1.89651061,10.2,53.3017783
1667747264.8760726,21232.86,21232.4,1.85981545,9.74,52.79329194
1667747275.0345604,21232.86,21232.4,1.85981545,9.74,52.79329194
1667747284.8921828,21232.86,21232.4,1.85981545,9.74,52.79329194
1667747295.01499,21234.11,21234.11,1.95585248,8.83,54.63851744
1667747304.89828,21234.11,21234.11,1.95585248,8.83,54.63851744
1667747314.9409578,21234.11,21234.11,1.95585248,8.83,54.63851744
1667747324.869197,21234.11,21235.31,2.05157898,10.03,55.82515887
1667747335.013514,21234.11,21235.31,2.05157898,10.03,55.82515887
1667747344.9704802,21234.11,21235.31,2.05157898,10.03,55.82515887
1667747354.8608432,21238.39,21238.39,2.55508818,12.55,58.60457807
1667747365.2172391,21238.39,21238.39,2.55508818,12.55,58.60457807
1667747374.9004512,21238.39,21238.39,2.55508818,12.55,58.60457807
1667747385.0591128,21238.39,21238.71,2.58061525,12.87,58.89395817
1667747394.9549334,21238.39,21238.71,2.58061525,12.87,58.89395817
1667747406.0887892,21238.39,21238.71,2.58061525,12.87,58.89395817
1667747415.9970863,21239.13,21239.13,2.90031689,12.21,58.74368013
1667747425.9841912,21239.13,21239.13,2.90031689,12.21,58.74368013
1667747436.2574914,21239.13,21239.13,2.90031689,12.21,58.74368013
1667747446.2158887,21239.13,21236.1,2.65860749,9.18,55.03913601
1667747456.1782174,21239.13,21236.1,2.65860749,9.18,55.03913601
1667747465.9953835,21239.13,21236.1,2.65860749,9.18,55.03913601
1667747476.2137804,21234.89,21234.89,2.42336716,5.42,53.68710592
1667747486.0107737,21234.89,21234.89,2.42336716,5.42,53.68710592
1667747496.2252405,21234.89,21234.89,2.42336716,5.42,53.68710592
1667747506.0232236,21234.89,21238.2,2.68741274,8.73,56.81246869
1667747516.1027496,21234.89,21238.2,2.68741274,8.73,56.81246869
1667747526.125661,21234.89,21238.2,2.68741274,8.73,56.81246869
1667747536.091953,21280.84,21280.84,8.78267609,50.74,76.89686128
1667747546.2230337,21280.84,21280.84,8.78267609,50.74,76.89686128
1667747556.04705,21280.84,21280.84,8.78267609,50.74,76.89686128
1667747566.4796047,21280.84,21283.95,9.03076726,53.85,77.71103685
1667747576.0423355,21280.84,21283.95,9.03076726,53.85,77.71103685
1667747586.7424028,21280.84,21283.95,9.03076726,53.85,77.71103685
1667747596.8759308,21280.12,21280.12,10.74182462,47.06,76.13521005
1667747606.714791,21280.12,21280.12,10.74182462,47.06,76.13521005
1667747616.722273,21280.12,21280.12,10.74182462,47.06,76.13521005
1667747626.9588006,21280.12,21281.46,10.8487192,48.4,77.07457832
1667747636.728667,21280.12,21281.46,10.8487192,48.4,77.07457832
1667747646.878918,21280.12,21281.46,10.8487192,48.4,77.07457832
1667747656.7401462,21275.79,21275.79,11.59082202,39.79,72.16603522
1667747666.9555063,21275.79,21275.79,11.59082202,39.79,72.16603522
1667747676.7726593,21275.79,21275.79,11.59082202,39.79,72.16603522
1667747686.7455325,21275.79,21281.27,12.02797302,45.27,74.5060904
1667747696.7921188,21275.79,21281.27,12.02797302,45.27,74.5060904
1667747706.7743,21275.79,21281.27,12.02797302,45.27,74.5060904
1667747716.77911,21272.22,21272.22,11.89274685,33.07,68.95932365
1667747726.7711298,21272.22,21272.22,11.89274685,33.07,68.95932365
1667747737.104519,21272.22,21272.22,11.89274685,33.07,68.95932365
1667747746.7705247,21272.22,21267.83,11.54254742,28.68,65.19962519
1667747757.6181102,21272.22,21267.83,11.54254742,28.68,65.19962519
1667747767.903963,21272.22,21267.83,11.54254742,28.68,65.19962519
1667747777.7096937,21262.08,21262.08,10.66620581,28.67,60.65478616
1667747788.347052,21262.08,21262.08,10.66620581,28.67,60.65478616
1667747797.7554655,21262.08,21262.08,10.66620581,28.67,60.65478616
1667747807.7242908,21262.08,21267.24,11.07782974,33.83,62.98619801
1667747818.060835,21262.08,21267.24,11.07782974,33.83,62.98619801
1667747827.707746,21262.08,21267.24,11.07782974,33.83,62.98619801
1667747837.8423696,21252.36,21252.36,8.93170279,19.02,54.28744402
1667747847.724034,21252.36,21252.36,8.93170279,19.02,54.28744402
1667747857.9473188,21252.36,21252.36,8.93170279,19.02,54.28744402
1667747867.7235196,21252.36,21250.8,8.80725835,17.46,53.29044866
1667747877.7891755,21252.36,21250.8,8.80725835,17.46,53.29044866
1667747887.7420592,21252.36,21250.8,8.80725835,17.46,53.29044866
1667747897.7209475,21252.33,21252.33,8.04423033,13.94,54.26791935
1667747907.755838,21252.33,21252.33,8.04423033,13.94,54.26791935
1667747917.706149,21252.33,21252.33,8.04423033,13.94,54.26791935
1667747927.8872302,21252.33,21260.73,8.7143158,22.34,58.74229065
1667747937.733495,21252.33,21260.73,8.7143158,22.34,58.74229065
1667747948.7119255,21252.33,21260.73,8.7143158,22.34,58.74229065
1667747958.989456,21267.18,21267.18,9.35835295,26.95,61.62524091
1667747968.6828666,21267.18,21267.18,9.35835295,26.95,61.62524091
1667747979.186562,21267.18,21267.18,9.35835295,26.95,61.62524091
1667747988.6535103,21267.18,21270.07,9.58889426,29.84,62.87693633
1667747998.937157,21267.18,21270.07,9.58889426,29.84,62.87693633
1667748008.8493783,21267.18,21270.07,9.58889426,29.84,62.87693633
1667748018.7126136,21269.54,21269.54,9.73174731,34.65,62.40805507
1667748029.0045388,21269.54,21269.54,9.73174731,34.65,62.40805507
1667748038.7225282,21269.54,21269.54,9.73174731,34.65,62.40805507
1667748048.865224,21269.54,21268.94,9.68388406,34.05,61.96116202
1667748058.6791873,21269.54,21268.94,9.68388406,34.05,61.96116202
1667748069.0580368,21269.54,21268.94,9.68388406,34.05,61.96116202
1667748078.7286308,21268.9,21268.9,9.66305304,-11.94,61.90092391
1667748088.6751108,21268.9,21268.9,9.66305304,-11.94,61.90092391
1667748098.9171712,21268.9,21268.9,9.66305304,-11.94,61.90092391
1667748108.7378745,21268.9,21260.46,8.98977669,-20.38,55.84851787
1667748118.8570263,21268.9,21260.46,8.98977669,-20.38,55.84851787
1667748129.8459558,21268.9,21260.46,8.98977669,-20.38,55.84851787
1667748139.5209885,21257.33,21257.33,7.86979843,-23.61,53.8942884
1667748149.68283,21257.33,21257.33,7.86979843,-23.61,53.8942884
1667748159.8284752,21257.33,21257.33,7.86979843,-23.61,53.8942884
1667748169.5831268,21257.33,21262.5,8.28222009,-18.44,56.59591544
1667748179.6168694,21257.33,21262.5,8.28222009,-18.44,56.59591544
1667748189.5397887,21257.33,21262.5,8.28222009,-18.44,56.59591544
1667748199.7272773,21261.74,21261.74,7.77771754,-14.94,56.04809781
1667748209.563086,21261.74,21261.74,7.77771754,-14.94,56.04809781
1667748219.663944,21261.74,21261.74,7.77771754,-14.94,56.04809781
1667748229.5083158,21261.74,21262.3,7.82238991,-14.38,56.42892484
1667748239.825075,21261.74,21262.3,7.82238991,-14.38,56.42892484
1667748249.504189,21261.74,21262.3,7.82238991,-14.38,56.42892484
1667748259.581565,21261.62,21261.62,7.26747864,-11.55,55.9671598
1667748269.604928,21261.62,21261.62,7.26747864,-11.55,55.9671598
1667748279.5596943,21261.62,21261.62,7.26747864,-11.55,55.9671598
1667748289.6039495,21261.62,21259.47,7.09596866,-13.7,54.44999979
1667748299.539785,21261.62,21259.47,7.09596866,-13.7,54.44999979
1667748309.9935508,21261.62,21259.47,7.09596866,-13.7,54.44999979
1667748320.081015,21261.26,21261.26,6.74150798,0.12,55.70725798
1667748330.0685434,21261.26,21261.26,6.74150798,0.12,55.70725798
1667748340.0272295,21261.26,21261.26,6.74150798,0.12,55.70725798
1667748350.2171676,21261.26,21271.7,7.5743285,10.56,61.31740612
1667748360.0103889,21261.26,21271.7,7.5743285,10.56,61.31740612
1667748370.3393393,21261.26,21271.7,7.5743285,10.56,61.31740612
1667748380.0341554,21271.34,21271.34,7.74006388,18.5,60.93732762
1667748390.1840649,21271.34,21271.34,7.74006388,18.5,60.93732762
1667748400.0558808,21271.34,21271.34,7.74006388,18.5,60.93732762
1667748410.2079852,21271.34,21271.41,7.74564793,18.57,60.99244834
1667748420.139865,21271.34,21271.41,7.74564793,18.57,60.99244834
1667748430.2961168,21271.34,21271.41,7.74564793,18.57,60.99244834
1667748440.122932,21270.83,21270.83,7.69148797,18.5,60.53872132
1667748450.0520191,21270.83,21270.83,7.69148797,18.5,60.53872132
1667748460.1237686,21270.83,21270.83,7.69148797,18.5,60.53872132
1667748470.0340064,21270.83,21268.73,7.5239666,16.4,58.83220788
1667748480.1573818,21270.83,21268.73,7.5239666,16.4,58.83220788
1667748491.4064202,21270.75,21270.75,7.53583924,3.57,60.27399631
1667748501.2705646,21270.75,21270.75,7.53583924,3.57,60.27399631
1667748511.7124724,21270.75,21270.75,7.53583924,3.57,60.27399631
1667748521.2776291,21270.75,21270.75,7.53583924,3.57,60.27399631
1667748531.5790403,21270.75,21269.77,7.4576626,2.59,59.65514795
1667748541.3047009,21270.75,21269.77,7.4576626,2.59,59.65514795
1667748551.3411293,21270.75,21269.77,7.4576626,2.59,59.65514795
1667748561.4701955,21270.31,21270.31,7.32206376,0.04,60.01860628
1667748571.2690032,21270.31,21270.31,7.32206376,0.04,60.01860628
1667748581.3030484,21270.31,21270.69,7.35237715,0.42,60.25624302
1667748591.2881603,21270.31,21270.69,7.35237715,0.42,60.25624302
1667748601.300661,21270.31,21270.69,7.35237715,0.42,60.25624302
1667748611.3077035,21270.31,21270.69,7.35237715,0.42,60.25624302
1667748621.2852166,21270.46,21270.46,7.12045359,1.02,60.10884938
1667748631.283208,21270.46,21270.46,7.12045359,1.02,60.10884938
1667748641.3320394,21270.46,21271.38,7.1938439,1.94,60.72314144
1667748651.307027,21270.46,21271.38,7.1938439,1.94,60.72314144
1667748661.3206182,21270.46,21271.38,7.1938439,1.94,60.72314144
1667748671.707566,21270.46,21271.38,7.1938439,1.94,60.72314144
1667748681.691538,21268.72,21268.72,6.65494488,11.39,58.35643132
1667748691.7200415,21268.72,21268.72,6.65494488,11.39,58.35643132
1667748701.7411177,21268.72,21259.07,5.88514431,1.74,49.85567987
1667748711.69487,21268.72,21259.07,5.88514431,1.74,49.85567987
1667748721.730683,21268.72,21259.07,5.88514431,1.74,49.85567987
1667748731.681773,21263.05,21263.05,5.44850101,0.4,53.01526354
1667748741.684946,21263.05,21263.05,5.44850101,0.4,53.01526354
1667748751.7333105,21263.05,21263.05,5.44850101,0.4,53.01526354
1667748761.7526631,21263.05,21267.38,5.79391411,4.73,56.21919063
1667748771.719234,21263.05,21267.38,5.79391411,4.73,56.21919063
1667748781.703734,21263.05,21267.38,5.79391411,4.73,56.21919063
1667748791.7485814,21264.88,21264.88,5.06413067,3.26,54.4564335
1667748801.6913977,21264.88,21264.88,5.06413067,3.26,54.4564335
1667748811.7309327,21264.88,21264.88,5.06413067,3.26,54.4564335
1667748821.7491958,21264.88,21264.04,4.99712212,2.42,53.73256037
1667748831.7424502,21264.88,21264.04,4.99712212,2.42,53.73256037
1667748841.7189271,21264.88,21264.04,4.99712212,2.42,53.73256037
1667748852.720469,21265.58,21265.58,4.67126157,4.32,55.06383776
1667748862.710258,21265.58,21265.58,4.67126157,4.32,55.06383776
1667748872.7345953,21265.58,21265.58,4.67126157,4.32,55.06383776
1667748882.693991,21265.58,21265.29,4.64812767,4.03,54.81820802
1667748892.691797,21265.58,21265.29,4.64812767,4.03,54.81820802
1667748902.726869,21265.58,21265.29,4.64812767,4.03,54.81820802
1667748912.710868,21266.26,21266.26,4.45084143,-5.73,55.47178409
1667748922.7355423,21266.26,21266.26,4.45084143,-5.73,55.47178409
1667748932.7177582,21266.26,21266.26,4.45084143,-5.73,55.47178409
1667748942.7149966,21266.26,21272.03,4.91112633,0.04,60.1780772
1667748952.7182016,21266.26,21272.03,4.91112633,0.04,60.1780772
1667748962.724064,21266.26,21272.03,4.91112633,0.04,60.1780772
1667748972.7522883,21274.59,21274.59,5.32747591,3.76,61.92206628
1667748982.7402997,21274.59,21274.59,5.32747591,3.76,61.92206628
1667748992.9308898,21274.59,21274.59,5.32747591,3.76,61.92206628
1667749002.7037244,21274.59,21275.75,5.42001153,4.92,62.71880167
1667749012.739993,21274.59,21275.75,5.42001153,4.92,62.71880167
1667749022.7665963,21274.59,21275.75,5.42001153,4.92,62.71880167
1667749033.7937326,21277.96,21277.96,5.87609782,8.03,64.17380117
1667749043.821756,21277.96,21277.96,5.87609782,8.03,64.17380117
1667749053.777572,21277.96,21277.96,5.87609782,8.03,64.17380117
1667749063.8043373,21277.96,21279.56,6.00373315,9.63,65.21280626
1667749073.827373,21277.96,21279.56,6.00373315,9.63,65.21280626
1667749083.808368,21277.96,21279.56,6.00373315,9.63,65.21280626
1667749093.8471725,21281.37,21281.37,6.57739706,11.06,65.96710892
1667749103.8190002,21281.37,21281.37,6.57739706,11.06,65.96710892
1667749113.8182857,21281.37,21281.37,6.57739706,11.06,65.96710892
1667749123.853447,21281.37,21282.66,6.68030304,12.35,67.09608393
1667749133.9463637,21281.37,21282.66,6.68030304,12.35,67.09608393
1667749143.8503785,21281.37,21282.66,6.68030304,12.35,67.09608393
1667749153.8650446,21280.03,21280.03,6.56755269,9.56,64.0120951
1667749163.8271463,21280.03,21280.03,6.56755269,9.56,64.0120951
1667749173.882429,21280.03,21280.03,6.56755269,9.56,64.0120951
1667749183.8787718,21280.03,21273.34,6.03387748,2.87,57.00264781
1667749193.876196,21280.03,21273.34,6.03387748,2.87,57.00264781
1667749203.8627834,21280.03,21273.34,6.03387748,2.87,57.00264781
1667749214.2472737,21280.03,21273.34,6.03387748,2.87,57.00264781
1667749224.28751,21273.08,21273.08,5.60115086,3.88,56.65396212
1667749234.2803617,21273.08,21273.08,5.60115086,3.88,56.65396212
1667749244.2485013,21273.08,21275.42,5.78781753,6.22,58.4186538
1667749254.27306,21273.08,21275.42,5.78781753,6.22,58.4186538
1667749264.27334,21273.08,21275.42,5.78781753,6.22,58.4186538
1667749274.3036726,21278.57,21278.57,5.99173509,16.22,60.60607735
1667749284.2991323,21278.57,21278.57,5.99173509,16.22,60.60607735
1667749294.2236807,21278.57,21278.57,5.99173509,16.22,60.60607735
1667749304.253051,21278.57,21277.6,5.91435618,15.25,59.76422711
1667749314.2508993,21278.57,21277.6,5.91435618,15.25,59.76422711
1667749324.268364,21278.57,21277.6,5.91435618,15.25,59.76422711
1667749334.3056595,21279.17,21279.17,6.0049115,14.84,61.02122102
1667749344.250234,21279.17,21279.17,6.0049115,14.84,61.02122102
1667749354.3181229,21279.17,21279.17,6.0049115,14.84,61.02122102
1667749364.2528195,21279.17,21280.71,6.1277605,16.38,62.12449106
1667749374.2724967,21279.17,21280.71,6.1277605,16.38,62.12449106
1667749384.3225749,21279.17,21280.71,6.1277605,16.38,62.12449106
1667749394.9613936,21277.51,21277.51,5.67464143,12.79,59.16356604
1667749405.0182986,21277.51,21277.51,5.67464143,12.79,59.16356604
1667749415.0048473,21277.51,21277.51,5.67464143,12.79,59.16356604
1667749424.9876368,21277.51,21282.58,6.07908588,17.86,62.88039101
1667749434.995636,21277.51,21282.58,6.07908588,17.86,62.88039101
1667749445.038652,21277.51,21282.58,6.07908588,17.86,62.88039101
1667749455.026769,21276.94,21276.94,5.42550713,10.12,58.3474298
1667749465.036233,21276.94,21276.94,5.42550713,10.12,58.3474298
1667749475.06301,21276.94,21276.94,5.42550713,10.12,58.3474298
1667749485.022637,21276.94,21278.68,5.56431055,11.86,60.1397298
1667749495.1952004,21276.94,21278.68,5.56431055,11.86,60.1397298
1667749505.0347283,21276.94,21278.68,5.56431055,11.86,60.1397298
1667749515.0679383,21275.25,21275.25,4.91333482,0.66,56.36650682
1667749525.0237274,21275.25,21275.25,4.91333482,0.66,56.36650682
1667749535.0772638,21275.25,21275.25,4.91333482,0.66,56.36650682
1667749545.053498,21275.25,21276.94,5.04814964,2.35,57.90556565
1667749555.0757816,21275.25,21276.94,5.04814964,2.35,57.90556565
1667749565.0678706,21275.25,21276.94,5.04814964,2.35,57.90556565
1667749577.1948116,21281.1,21281.1,5.38866251,3.68,61.26841301
1667749587.2515464,21281.1,21281.1,5.38866251,3.68,61.26841301
1667749597.1160097,21281.1,21281.1,5.38866251,3.68,61.26841301
1667749607.093699,21281.1,21279.38,5.25145453,1.96,59.16386511
1667749617.074358,21281.1,21279.38,5.25145453,1.96,59.16386511
1667749627.15108,21281.1,21279.38,5.25145453,1.96,59.16386511
1667749637.096198,21279.54,21279.54,5.15601084,-2.37,59.29046988
1667749647.0910003,21279.54,21279.54,5.15601084,-2.37,59.29046988
1667749657.1271403,21279.54,21279.54,5.15601084,-2.37,59.29046988
1667749667.123757,21279.54,21279.7,5.16877438,-2.21,59.49563895
1667749677.1161494,21279.54,21279.7,5.16877438,-2.21,59.49563895
1667749687.0952022,21279.54,21279.7,5.16877438,-2.21,59.49563895
1667749697.142769,21279.13,21279.13,4.91139188,-0.12,58.77112645
1667749707.082954,21279.13,21279.13,4.91139188,-0.12,58.77112645
1667749717.1070907,21279.13,21279.13,4.91139188,-0.12,58.77112645
1667749727.178584,21279.13,21279.83,4.96723233,0.58,59.42460506
1667749737.178733,21279.13,21279.83,4.96723233,0.58,59.42460506
1667749747.1149323,21279.13,21279.83,4.96723233,0.58,59.42460506
1667749757.876832,21285.45,21285.45,5.53661148,12.92,64.0467341
1667749767.9272902,21285.45,21285.45,5.53661148,12.92,64.0467341
1667749777.926948,21285.45,21285.45,5.53661148,12.92,64.0467341
1667749787.9684837,21285.45,21280.51,5.14253741,7.98,58.1072413
1667749797.9367788,21285.45,21280.51,5.14253741,7.98,58.1072413
1667749807.9054766,21285.45,21280.51,5.14253741,7.98,58.1072413
1667749817.9282217,21279.07,21279.07,4.76138628,1.04,56.40559681
1667749827.9425704,21279.07,21279.07,4.76138628,1.04,56.40559681
1667749837.9562907,21279.07,21279.07,4.76138628,1.04,56.40559681
1667749847.9403272,21279.07,21277.93,4.67044611,-0.1,55.08529704
1667749857.9705052,21279.07,21277.93,4.67044611,-0.1,55.08529704
1667749867.9829855,21279.07,21277.93,4.67044611,-0.1,55.08529704
1667749877.9686575,21272.75,21272.75,3.55634152,-6.42,49.78970182
1667749887.9221735,21272.75,21272.75,3.55634152,-6.42,49.78970182
1667749897.9729738,21272.75,21272.75,3.55634152,-6.42,49.78970182
1667749907.9254966,21272.75,21263.9,2.85035861,-15.27,42.30654509
1667749917.9351013,21272.75,21263.9,2.85035861,-15.27,42.30654509
1667749927.9551125,21272.75,21263.9,2.85035861,-15.27,42.30654509
1667749938.4217544,21264.7,21264.7,1.78991683,-12.81,43.08669181
1667749948.634634,21264.7,21264.7,1.78991683,-12.81,43.08669181
1667749958.421771,21264.7,21264.7,1.78991683,-12.81,43.08669181
1667749968.457018,21264.7,21256.37,1.1254154,-21.14,37.17827678
1667749978.6380403,21264.7,21256.37,1.1254154,-21.14,37.17827678
1667749988.4233372,21264.7,21256.37,1.1254154,-21.14,37.17827678
1667749998.4402668,21260.26,21260.26,0.35276594,-17.51,39.6132648
1667750008.4026744,21260.26,21260.26,0.35276594,-17.51,39.6132648
1667750018.7764444,21260.26,21260.26,0.35276594,-17.51,39.6132648
1667750028.4724848,21260.26,21265.22,0.74843545,-12.55,44.51651322
1667750038.434806,21260.26,21265.22,0.74843545,-12.55,44.51651322
1667750048.478028,21260.26,21265.22,0.74843545,-12.55,44.51651322
1667750058.4303224,21266.62,21266.62,0.34805921,-8.63,45.83809739
1667750068.4481783,21266.62,21266.62,0.34805921,-8.63,45.83809739
1667750078.4213006,21266.62,21266.62,0.34805921,-8.63,45.83809739
1667750088.4357786,21266.62,21267.09,0.38555209,-8.16,46.29517924
1667750098.6491635,21266.62,21267.09,0.38555209,-8.16,46.29517924
1667750108.4900064,21266.62,21267.09,0.38555209,-8.16,46.29517924
1667750119.5156455,21271.05,21271.05,0.56726919,-10.05,49.89329029
1667750129.4477398,21271.05,21271.05,0.56726919,-10.05,49.89329029
1667750139.4132314,21271.05,21271.05,0.56726919,-10.05,49.89329029
1667750149.647913,21271.05,21261.03,-0.23204705,-20.07,42.19072333
1667750159.445804,21271.05,21261.03,-0.23204705,-20.07,42.19072333
1667750169.4146898,21271.05,21261.03,-0.23204705,-20.07,42.19072333
1667750179.3816311,21261.3,21261.3,-0.92260673,-18.93,42.36696832
1667750189.4252713,21261.3,21261.3,-0.92260673,-18.93,42.36696832
1667750199.389505,21261.3,21261.3,-0.92260673,-18.93,42.36696832
1667750209.3955176,21261.3,21255.06,-1.4203845,-25.17,38.37694274
1667750219.5922165,21261.3,21255.06,-1.4203845,-25.17,38.37694274
1667750229.4400694,21261.3,21255.06,-1.4203845,-25.17,38.37694274
1667750239.4435978,21259.33,21259.33,-1.74848844,-19.8,41.02052475
1667750249.3989503,21259.33,21259.33,-1.74848844,-19.8,41.02052475
1667750259.4767694,21259.33,21259.33,-1.74848844,-19.8,41.02052475
1667750269.4499118,21259.33,21258.89,-1.78358816,-20.24,40.70933456
1667750279.5993526,21259.33,21258.89,-1.78358816,-20.24,40.70933456
1667750289.740136,21259.33,21258.89,-1.78358816,-20.24,40.70933456
1667750300.3583412,21256.23,21256.23,-2.69072069,-28.47,38.92419061
1667750310.2872045,21256.23,21256.23,-2.69072069,-28.47,38.92419061
1667750320.3592255,21256.23,21253.45,-2.91248707,-31.25,37.09346007
1667750330.3134732,21256.23,21253.45,-2.91248707,-31.25,37.09346007
1667750340.3642962,21256.23,21253.45,-2.91248707,-31.25,37.09346007
1667750350.3472362,21256.23,21253.45,-2.91248707,-31.25,37.09346007
1667750360.327381,21250.18,21250.18,-4.12135839,-29.67,35.68713185
1667750370.3575263,21250.18,21250.18,-4.12135839,-29.67,35.68713185
1667750380.3720784,21250.18,21250.18,-4.12135839,-29.67,35.68713185
1667750390.3174982,21250.18,21242.17,-4.76033275,-37.68,30.91217448
1667750400.3831856,21250.18,21242.17,-4.76033275,-37.68,30.91217448
1667750410.3785856,21250.18,21242.17,-4.76033275,-37.68,30.91217448
1667750420.3773398,21241.85,21241.85,-5.97838225,-30.9,31.24766879
1667750430.3731737,21241.85,21241.85,-5.97838225,-30.9,31.24766879
1667750440.3796384,21241.85,21237.48,-6.32698624,-35.27,28.74375932
1667750450.3777597,21241.85,21237.48,-6.32698624,-35.27,28.74375932
1667750460.346598,21241.85,21237.48,-6.32698624,-35.27,28.74375932
1667750470.3422403,21241.85,21237.48,-6.32698624,-35.27,28.74375932
1667750481.135595,21235.03,21235.03,-7.81228668,-29.04,28.29944843
1667750491.1364238,21235.03,21235.03,-7.81228668,-29.04,28.29944843
1667750501.148234,21235.03,21222.27,-8.83017842,-41.8,23.08314514
1667750511.3435347,21235.03,21222.27,-8.83017842,-41.8,23.08314514
1667750521.125693,21235.03,21222.27,-8.83017842,-41.8,23.08314514
1667750531.1545928,21211.81,21211.81,-11.92375278,-49.3,20.27999787
1667750541.1416516,21211.81,21211.81,-11.92375278,-49.3,20.27999787
1667750551.1791909,21211.81,21211.81,-11.92375278,-49.3,20.27999787
1667750561.128358,21211.81,21211.81,-11.92375278,-49.3,20.27999787
1667750571.3519475,21211.81,21207.51,-12.26677272,-53.6,19.25015263
1667750581.1818385,21211.81,21207.51,-12.26677272,-53.6,19.25015263
1667750591.1956356,21185.54,21185.54,-17.3133327,-81.11,15.28448384
1667750601.1530871,21185.54,21185.54,-17.3133327,-81.11,15.28448384
1667750611.186055,21185.54,21185.54,-17.3133327,-81.11,15.28448384
1667750621.1960952,21185.54,21199.7,-16.18376005,-66.95,25.88242157
1667750631.2143946,21185.54,21199.7,-16.18376005,-66.95,25.88242157
1667750641.2122862,21185.54,21199.7,-16.18376005,-66.95,25.88242157
1667750651.2274067,21181.43,21181.43,-20.27654147,-89.62,14.67519243
1667750662.3638957,21181.43,21181.43,-20.27654147,-89.62,14.67519243
1667750672.3885672,21181.43,21181.43,-20.27654147,-89.62,14.67519243
1667750682.3235936,21181.43,21168.98,-21.26970386,-102.07,12.9869627
1667750692.3698204,21181.43,21168.98,-21.26970386,-102.07,12.9869627
1667750702.3596225,21181.43,21168.98,-21.26970386,-102.07,12.9869627
1667750712.3439777,21192.83,21192.83,-20.44078999,-68.47,24.18728714
1667750722.3967752,21192.83,21192.83,-20.44078999,-68.47,24.18728714
1667750732.3926835,21192.83,21192.83,-20.44078999,-68.47,24.18728714
1667750742.405608,21192.83,21185.98,-20.98722873,-75.32,22.65577465
1667750752.4110396,21192.83,21185.98,-20.98722873,-75.32,22.65577465
1667750762.388729,21192.83,21185.98,-20.98722873,-75.32,22.65577465
1667750772.3883166,21167.12,21167.12,-24.67755283,-92.21,19.27993863
1667750782.405468,21167.12,21167.12,-24.67755283,-92.21,19.27993863
1667750792.416394,21167.12,21167.12,-24.67755283,-92.21,19.27993863
1667750802.385722,21167.12,21170.33,-24.42148445,-89.0,20.90333844
1667750812.4229054,21167.12,21170.33,-24.42148445,-89.0,20.90333844
1667750822.3614058,21167.12,21170.33,-24.42148445,-89.0,20.90333844
1667750832.4118876,21167.12,21170.33,-24.42148445,-89.0,20.90333844
1667750843.1475894,21187.09,21187.09,-23.35273184,-69.14,30.65984166
1667750853.1466963,21187.09,21187.09,-23.35273184,-69.14,30.65984166
1667750863.1639688,21187.09,21193.44,-22.84617913,-62.79,33.98245499
1667750873.1530185,21187.09,21193.44,-22.84617913,-62.79,33.98245499
1667750883.1741128,21187.09,21193.44,-22.84617913,-62.79,33.98245499
1667750893.150929,21206.68,21206.68,-20.52746239,-42.5,39.97914264
1667750903.1335788,21206.68,21206.68,-20.52746239,-42.5,39.97914264
1667750913.155623,21206.68,21206.68,-20.52746239,-42.5,39.97914264
1667750923.143789,21206.68,21221.74,-19.32609487,-27.44,45.98889767
1667750933.1412747,21206.68,21221.74,-19.32609487,-27.44,45.98889767
1667750943.152831,21206.68,21221.74,-19.32609487,-27.44,45.98889767
1667750953.1510675,21217.54,21217.54,-17.76916943,-23.56,44.43736205
1667750963.1569543,21217.54,21217.54,-17.76916943,-23.56,44.43736205
1667750973.1778896,21217.54,21217.54,-17.76916943,-23.56,44.43736205
1667750983.1920865,21217.54,21242.83,-15.75173353,1.73,53.16223471
1667750993.1727698,21217.54,21242.83,-15.75173353,1.73,53.16223471
1667751003.189036,21217.54,21242.83,-15.75173353,1.73,53.16223471
1667751013.1677282,21243.93,21243.93,-12.40246087,9.72,53.49739348
1667751024.2833946,21243.93,21243.93,-12.40246087,9.72,53.49739348
1667751034.2804277,21243.93,21243.93,-12.40246087,9.72,53.49739348
1667751044.463822,21243.93,21228.0,-13.6732301,-6.21,48.36528072
1667751054.250822,21243.93,21228.0,-13.6732301,-6.21,48.36528072
1667751064.293663,21243.93,21228.0,-13.6732301,-6.21,48.36528072
1667751074.2977686,21233.41,21233.41,-11.13247021,20.93,50.00071669
1667751084.256725,21233.41,21233.41,-11.13247021,20.93,50.00071669
1667751094.254182,21233.41,21233.41,-11.13247021,20.93,50.00071669
1667751104.2836614,21233.41,21221.57,-12.07697163,9.09,46.30120669
1667751114.261364,21233.41,21221.57,-12.07697163,9.09,46.30120669
1667751124.3109832,21233.41,21221.57,-12.07697163,9.09,46.30120669
1667751134.324596,21223.96,21223.96,-10.70022829,38.42,47.00321416
1667751144.2837625,21223.96,21223.96,-10.70022829,38.42,47.00321416
1667751154.2893915,21223.96,21223.96,-10.70022829,38.42,47.00321416
1667751164.3412957,21223.96,21213.75,-11.51470123,28.21,43.93838655
1667751174.323167,21223.96,21213.75,-11.51470123,28.21,43.93838655
1667751184.2898686,21223.96,21213.75,-11.51470123,28.21,43.93838655
1667751194.291332,21216.05,21216.05,-10.8010691,34.6,44.64674756
1667751205.3513613,21216.05,21216.05,-10.8010691,34.6,44.64674756
1667751215.356552,21216.05,21216.05,-10.8010691,34.6,44.64674756
1667751225.399273,21216.05,21218.01,-10.64471582,36.56,45.3884014
1667751235.361421,21216.05,21218.01,-10.64471582,36.56,45.3884014
1667751245.371424,21216.05,21218.01,-10.64471582,36.56,45.3884014
1667751255.3480482,21214.72,21214.72,-10.45012745,20.93,44.25526094
1667751265.3224003,21214.72,21214.72,-10.45012745,20.93,44.25526094
1667751275.3170333,21214.72,21214.72,-10.45012745,20.93,44.25526094
1667751285.36162,21214.72,21217.85,-10.20044084,24.06,45.51578185
1667751295.3800268,21214.72,21217.85,-10.20044084,24.06,45.51578185
1667751305.4754703,21214.72,21217.85,-10.20044084,24.06,45.51578185
1667751315.3885107,21215.37,21215.37,-9.84669873,47.18,44.52180601
1667751325.3812647,21215.37,21215.37,-9.84669873,47.18,44.52180601
1667751335.378651,21215.37,21215.37,-9.84669873,47.18,44.52180601
1667751345.3294013,21215.37,21214.16,-9.94322295,45.97,44.09908575
1667751355.3774548,21215.37,21214.16,-9.94322295,45.97,44.09908575
1667751365.377639,21215.37,21214.16,-9.94322295,45.97,44.09908575
1667751375.3436155,21219.95,21219.95,-8.60193057,32.86,46.48692882
1667751386.3088005,21219.95,21219.95,-8.60193057,32.86,46.48692882
1667751396.318941,21219.95,21219.95,-8.60193057,32.86,46.48692882
1667751406.297111,21219.95,21234.49,-7.44204453,47.4,52.16598011
1667751416.315003,21219.95,21234.49,-7.44204453,47.4,52.16598011
1667751426.3100877,21219.95,21234.49,-7.44204453,47.4,52.16598011
1667751436.283988,21238.97,21238.97,-5.23475533,32.29,53.71460369
1667751446.3040178,21238.97,21238.97,-5.23475533,32.29,53.71460369
1667751456.4066973,21238.97,21238.97,-5.23475533,32.29,53.71460369
1667751466.2835455,21238.97,21236.3,-5.44774678,29.62,52.67305031
1667751477.003222,21238.97,21236.3,-5.44774678,29.62,52.67305031
1667751486.3329904,21238.97,21236.3,-5.44774678,29.62,52.67305031
1667751496.3419323,21234.23,21234.23,-4.34017374,16.69,51.8558204
1667751506.3124506,21234.23,21234.23,-4.34017374,16.69,51.8558204
1667751516.352735,21234.23,21234.23,-4.34017374,16.69,51.8558204
1667751526.340134,21234.23,21227.24,-4.89778057,9.7,49.08628174
1667751536.3606267,21234.23,21227.24,-4.89778057,9.7,49.08628174
1667751546.358565,21234.23,21227.24,-4.89778057,9.7,49.08628174
1667751556.3215823,21227.9,21227.9,-4.22967259,-15.24,49.36168193
1667751566.914516,21227.9,21227.9,-4.22967259,-15.24,49.36168193
1667751576.9572656,21227.9,21227.9,-4.22967259,-15.24,49.36168193
1667751586.925604,21227.9,21212.96,-5.42146746,-30.18,43.9252327
1667751597.0020385,21227.9,21212.96,-5.42146746,-30.18,43.9252327
1667751606.94004,21227.9,21212.96,-5.42146746,-30.18,43.9252327
1667751617.210698,21201.0,21201.0,-7.5173298,-32.59,40.51819669
1667751627.0700452,21201.0,21201.0,-7.5173298,-32.59,40.51819669
1667751636.9774294,21201.0,21201.0,-7.5173298,-32.59,40.51819669
1667751646.9661708,21201.0,21206.83,-7.05225857,-26.76,42.91245587
1667751657.1517148,21201.0,21206.83,-7.05225857,-26.76,42.91245587
1667751666.9764009,21201.0,21206.83,-7.05225857,-26.76,42.91245587
1667751676.9813604,21200.78,21200.78,-8.33677105,-23.18,40.44404422
1667751687.0068674,21200.78,21200.78,-8.33677105,-23.18,40.44404422
1667751696.9667735,21200.78,21200.78,-8.33677105,-23.18,40.44404422
1667751706.9714332,21200.78,21197.42,-8.60480523,-26.54,39.31820343
1667751716.9779315,21200.78,21197.42,-8.60480523,-26.54,39.31820343
1667751727.1943195,21200.78,21197.42,-8.60480523,-26.54,39.31820343
1667751736.9812644,21198.46,21198.46,-9.15986388,-17.04,39.63270592
1667751747.4452045,21198.46,21198.46,-9.15986388,-17.04,39.63270592
1667751757.409601,21198.46,21198.46,-9.15986388,-17.04,39.63270592
1667751767.3997622,21198.46,21208.59,-8.35177271,-6.91,44.30576673
1667751777.4088712,21198.46,21208.59,-8.35177271,-6.91,44.30576673
1667751787.7364695,21198.46,21208.59,-8.35177271,-6.91,44.30576673
1667751797.4284985,21214.47,21214.47,-7.292139,0.3,46.70067727
1667751807.404276,21214.47,21214.47,-7.292139,0.3,46.70067727
1667751817.4414527,21214.47,21214.47,-7.292139,0.3,46.70067727
1667751827.4603806,21214.47,21223.71,-6.55504498,9.54,50.31621632
1667751837.4430022,21214.47,21223.71,-6.55504498,9.54,50.31621632
1667751847.4752648,21214.47,21223.71,-6.55504498,9.54,50.31621632
1667751857.4640002,21227.98,21227.98,-4.88641837,12.61,51.84771145
1667751867.536494,21227.98,21227.98,-4.88641837,12.61,51.84771145
1667751877.4731274,21227.98,21227.98,-4.88641837,12.61,51.84771145
1667751887.41614,21227.98,21229.43,-4.77074885,14.06,52.3768296
1667751897.443428,21227.98,21229.43,-4.77074885,14.06,52.3768296
1667751907.4695537,21227.98,21229.43,-4.77074885,14.06,52.3768296
1667751917.450806,21221.26,21221.26,-4.68960831,0.45,49.3004724
